0.000000000000000000e+00 0.000000000000000000e+00 0.000000000000000000e+00 1.658382430902629028e-03 3.412843560257974602e-03 0.000000000000000000e+00 0.000000000000000000e+00 1.088799968650283750e-01 2.240901657976976380e-02 5.823045379768233831e-02 0.000000000000000000e+00 1.391049133328163268e-01 9.778779106479973740e-04 1.132616932607572249e-02 1.235295101040932986e-01 9.156991040139939031e-02 4.196302075819886152e-02 1.013464701906341761e-02 4.042499721077994802e-03 9.808455219000982925e-03 1.218202637205376311e-02 0.000000000000000000e+00 1.088847886369467277e-01 7.511722995962710758e-02 1.767682580053573649e-01
0.000000000000000000e+00 1.901545503402279902e-02 0.000000000000000000e+00 6.970987150585857689e-03 1.166149151268611184e-02 2.110520868514975321e-02 0.000000000000000000e+00 5.226436718857842278e-02 1.266556783041248024e-01 1.398100866784053598e-01 0.000000000000000000e+00 1.471362023580610398e-02 1.290543165479406951e-01 0.000000000000000000e+00 1.802902862728850975e-01 3.008715311194183270e-02 3.932462335002334664e-02 3.859753915032424626e-02 0.000000000000000000e+00 9.662762309064632914e-04 0.000000000000000000e+00 0.000000000000000000e+00 8.242777678923966919e-04 1.886586327787267703e-01 0.000000000000000000e+00
5.002037694319134975e-02 8.603258078565403921e-02 0.000000000000000000e+00 0.000000000000000000e+00 2.310349519410461253e-02 0.000000000000000000e+00 2.167117014609161174e-01 1.808695165144335870e-01 1.028859416507173392e-02 5.973027813979369695e-03 0.000000000000000000e+00 4.845235751581040279e-02 0.000000000000000000e+00 0.000000000000000000e+00 4.850433518491976265e-03 0.000000000000000000e+00 8.249258550787862132e-02 7.769340723499053303e-02 1.049832772713991426e-02 1.111500320440114986e-01 0.000000000000000000e+00 4.795539833537718066e-02 0.000000000000000000e+00 2.309153141010528154e-02 2.081663382884370653e-02
1.252395347545909865e-01 0.000000000000000000e+00 0.000000000000000000e+00 0.000000000000000000e+00 2.295011322133124476e-01 0.000000000000000000e+00 4.502195785198181283e-03 0.000000000000000000e+00 0.000000000000000000e+00 1.183841501119069495e-01 1.039409713393305151e-01 6.894000511587873581e-02 0.000000000000000000e+00 0.000000000000000000e+00 1.556119924480992567e-01 0.000000000000000000e+00 0.000000000000000000e+00 0.000000000000000000e+00 0.000000000000000000e+00 3.655792626419060009e-03 0.000000000000000000e+00 0.000000000000000000e+00 0.000000000000000000e+00 1.902242256052639191e-01 0.000000000000000000e+00
0.000000000000000000e+00 6.093097676602381337e-03 4.850333439132583496e-02 0.000000000000000000e+00 0.000000000000000000e+00 0.000000000000000000e+00 2.211283083992995890e-01 1.620072907178530253e-01 2.003329114620702560e-03 7.724826331962609052e-03 0.000000000000000000e+00 2.793640736158671187e-02 0.000000000000000000e+00 0.000000000000000000e+00 9.707350797281424915e-02 3.877934469565760128e-02 2.522574787378919700e-02 7.641263317013731460e-02 0.000000000000000000e+00 0.000000000000000000e+00 0.000000000000000000e+00 1.118255255354271283e-01 0.000000000000000000e+00 1.730193331213447649e-01 2.267313637578967020e-03
0.000000000000000000e+00 0.000000000000000000e+00 4.746390727709074581e-02 0.000000000000000000e+00 2.791331274462260231e-02 3.559901140838481193e-02 1.525359741342029729e-01 1.510073207098368286e-01 0.000000000000000000e+00 0.000000000000000000e+00 2.272699956849648546e-03 8.779082267822856112e-02 0.000000000000000000e+00 0.000000000000000000e+00 9.799272225854724176e-04 1.047177114167757994e-01 4.627918770777453283e-02 0.000000000000000000e+00 0.000000000000000000e+00 5.140529812003042515e-03 0.000000000000000000e+00 5.314891175992248612e-02 8.080782989187015874e-02 1.901233529170282821e-01 1.421950036282419380e-02
7.901128634498116908e-04 7.032281524816257068e-02 1.292109476454462169e-01 0.000000000000000000e+00 1.603335519526833397e-01 0.000000000000000000e+00 4.079606183322449613e-03 1.756113890563664182e-01 0.000000000000000000e+00 3.965280535768589409e-02 0.000000000000000000e+00 0.000000000000000000e+00 0.000000000000000000e+00 0.000000000000000000e+00 1.162488155478230145e-01 0.000000000000000000e+00 1.159048254712876230e-01 0.000000000000000000e+00 1.754717514873145243e-03 0.000000000000000000e+00 0.000000000000000000e+00 0.000000000000000000e+00 0.000000000000000000e+00 1.308943362575322733e-01 5.519607690136728306e-02
1.031645085788074762e-01 4.990306102154920716e-03 0.000000000000000000e+00 0.000000000000000000e+00 1.016001206418356683e-03 4.463107213592788433e-03 5.385625178291487958e-02 1.243686670376518560e-01 4.450314919229042543e-02 4.330798834786152296e-02 0.000000000000000000e+00 2.656098499277598831e-04 0.000000000000000000e+00 0.000000000000000000e+00 1.250296662097427070e-01 0.000000000000000000e+00 1.343785237694089252e-01 1.032146869516905457e-02 3.151978472234781559e-02 0.000000000000000000e+00 0.000000000000000000e+00 1.488623875248898110e-01 1.309204919901505934e-02 1.548942251423131578e-01 1.966305425493509139e-03
9.637704201134934812e-02 8.850826559444907593e-02 7.045412542655303534e-02 0.000000000000000000e+00 1.496676205813339822e-01 0.000000000000000000e+00 1.907224293441244223e-01 1.497008686333890781e-01 2.558104413074838504e-03 6.910553205926291478e-03 0.000000000000000000e+00 2.188325112165861661e-02 0.000000000000000000e+00 0.000000000000000000e+00 0.000000000000000000e+00 3.389692156218269969e-02 8.591866413993304134e-04 1.777744677228290313e-02 7.644945307919489164e-04 0.000000000000000000e+00 7.569687559887174240e-03 0.000000000000000000e+00 0.000000000000000000e+00 1.614143384195337871e-01 9.356641820635586788e-04
5.929188161379138518e-03 0.000000000000000000e+00 4.521180167532066335e-02 4.443364466432746587e-03 1.394955363365487921e-01 6.220485231807139012e-03 1.491859429633660694e-01 3.838122222776560455e-02 0.000000000000000000e+00 1.326814741618304559e-02 0.000000000000000000e+00 1.063688429168456739e-01 0.000000000000000000e+00 0.000000000000000000e+00 5.672094576112225034e-02 9.749243790854519864e-02 0.000000000000000000e+00 1.981070727491432079e-02 8.673408620259663582e-03 7.300411471316962941e-02 0.000000000000000000e+00 2.352994687079933145e-02 1.792903584582941912e-01 3.129770083965216498e-02 1.675848157594562148e-03
0.000000000000000000e+00 0.000000000000000000e+00 1.345901749375290335e-01 1.165398309571043928e-02 9.813194901621358213e-02 8.831644102006892122e-03 9.946422539629319604e-02 1.703965754124339427e-01 4.549641250789597524e-02 9.885892549448275363e-03 8.112254019987058182e-03 1.850939326695894838e-01 0.000000000000000000e+00 1.242718695351235545e-04 1.006538357636366232e-01 0.000000000000000000e+00 3.317868922442919477e-02 3.928967121249759588e-03 0.000000000000000000e+00 0.000000000000000000e+00 0.000000000000000000e+00 5.504798017476981997e-02 0.000000000000000000e+00 0.000000000000000000e+00 3.540921213927159666e-02
1.090177537243147005e-02 0.000000000000000000e+00 1.117300587116952099e-01 4.057644725629144453e-03 5.108301969076670113e-02 0.000000000000000000e+00 1.332080282981197017e-01 1.392512000838599939e-01 1.641586214674953812e-03 1.724833461055912814e-02 0.000000000000000000e+00 0.000000000000000000e+00 0.000000000000000000e+00 0.000000000000000000e+00 6.912092497917143863e-02 0.000000000000000000e+00 6.127033489113102582e-02 0.000000000000000000e+00 1.281776456053125846e-01 1.050229183428696977e-01 0.000000000000000000e+00 1.245433283395320639e-01 0.000000000000000000e+00 1.472399529467021545e-02 2.801920483957663285e-02
4.337950965224632305e-02 0.000000000000000000e+00 0.000000000000000000e+00 1.801655887224846431e-01 7.784856189119097880e-02 0.000000000000000000e+00 1.460790914024250389e-02 1.648962591086691742e-01 3.220036120907163874e-02 5.090913807893712034e-02 0.000000000000000000e+00 0.000000000000000000e+00 0.000000000000000000e+00 0.000000000000000000e+00 0.000000000000000000e+00 5.504001737959598323e-02 0.000000000000000000e+00 1.640832165039237886e-02 6.425984989036018225e-02 1.666674351621754910e-02 0.000000000000000000e+00 1.573788812542747662e-01 2.307940506510083520e-02 2.545247537914820113e-02 7.770697806206770808e-02
0.000000000000000000e+00 0.000000000000000000e+00 0.000000000000000000e+00 1.179249783610672592e-01 1.288469843929672676e-01 0.000000000000000000e+00 1.161447140308402015e-01 9.418245023950444494e-02 0.000000000000000000e+00 2.692731857665358469e-02 0.000000000000000000e+00 3.547937628338564825e-02 0.000000000000000000e+00 0.000000000000000000e+00 2.097632855663560808e-02 1.103323524205735151e-01 0.000000000000000000e+00 7.041881282844535128e-02 1.490684224000212062e-02 0.000000000000000000e+00 1.497190629578843898e-02 0.000000000000000000e+00 2.103838096995447500e-03 5.299140058320119667e-02 1.937926970939398974e-01
0.000000000000000000e+00 0.000000000000000000e+00 8.930086930677011425e-02 0.000000000000000000e+00 3.534272854378903150e-02 0.000000000000000000e+00 1.247906595042804073e-01 0.000000000000000000e+00 0.000000000000000000e+00 4.646047091462748857e-02 0.000000000000000000e+00 3.413096838777243680e-02 4.118515508573096506e-02 0.000000000000000000e+00 0.000000000000000000e+00 5.458205887674894008e-02 3.850706253474941998e-02 7.550882410501592867e-02 3.856361802028199920e-02 3.240283381658692202e-02 0.000000000000000000e+00 6.001874175928126331e-02 1.208074780677511201e-01 9.164477440788286466e-02 1.167537566687310291e-01
0.000000000000000000e+00 0.000000000000000000e+00 1.666150811419064570e-01 4.984101260822709246e-03 9.012789784348662625e-02 3.506916330509895607e-03 3.564451851620359379e-02 0.000000000000000000e+00 0.000000000000000000e+00 0.000000000000000000e+00 0.000000000000000000e+00 0.000000000000000000e+00 0.000000000000000000e+00 0.000000000000000000e+00 4.929416975710873908e-03 0.000000000000000000e+00 1.556921275814109884e-01 1.559603843287187541e-01 0.000000000000000000e+00 9.666626100658340381e-03 0.000000000000000000e+00 1.363457719825312588e-02 0.000000000000000000e+00 1.868665499291044529e-01 1.723718027932142349e-01
0.000000000000000000e+00 0.000000000000000000e+00 3.933160226207415427e-03 0.000000000000000000e+00 2.712484049704704248e-01 1.173007915462239842e-01 0.000000000000000000e+00 0.000000000000000000e+00 2.730512440891264079e-03 0.000000000000000000e+00 0.000000000000000000e+00 0.000000000000000000e+00 1.263828039859110630e-01 0.000000000000000000e+00 6.628050781144025072e-02 0.000000000000000000e+00 1.572333634983055506e-01 3.560546532261039954e-02 1.747567819804888289e-01 4.790407342787595182e-03 0.000000000000000000e+00 3.973780087466310951e-02 0.000000000000000000e+00 0.000000000000000000e+00 0.000000000000000000e+00
0.000000000000000000e+00 9.475654226419549797e-02 6.723999600294737478e-02 0.000000000000000000e+00 3.091060932386015259e-02 0.000000000000000000e+00 2.008439507149763215e-02 1.495595348728399332e-01 2.038829637198977859e-03 6.072189427051604554e-03 0.000000000000000000e+00 4.286035298792190834e-02 1.093922396047268264e-01 0.000000000000000000e+00 1.253218018482382679e-01 0.000000000000000000e+00 6.788307979610755383e-02 0.000000000000000000e+00 1.399734822320987393e-01 1.044519169715710759e-02 0.000000000000000000e+00 1.256572773939147736e-01 0.000000000000000000e+00 0.000000000000000000e+00 7.804477840243652202e-03
1.264226310984516433e-01 4.306644450290769005e-02 6.985073178098359474e-03 0.000000000000000000e+00 1.173098168530657959e-01 6.424570867502485405e-02 5.020924184869655915e-02 2.134711496878465703e-02 1.022673499163788066e-02 0.000000000000000000e+00 0.000000000000000000e+00 0.000000000000000000e+00 0.000000000000000000e+00 0.000000000000000000e+00 1.743216253878530075e-01 0.000000000000000000e+00 0.000000000000000000e+00 0.000000000000000000e+00 2.235937394110521469e-03 0.000000000000000000e+00 1.181976679143678932e-01 5.816791019408801798e-03 1.282192077664921943e-02 7.187338347938193595e-02 1.749199079115610345e-01
0.000000000000000000e+00 0.000000000000000000e+00 1.049541997375512958e-01 1.158888168909442962e-01 1.252518518621245636e-01 0.000000000000000000e+00 0.000000000000000000e+00 1.391374158334139077e-01 0.000000000000000000e+00 6.234860784662821231e-02 0.000000000000000000e+00 9.656626675663734782e-03 0.000000000000000000e+00 0.000000000000000000e+00 3.759570873483616960e-02 3.112721362354546606e-02 2.761655234164915249e-02 8.806720727808720062e-02 0.000000000000000000e+00 4.218726990894133833e-02 1.141450942088622668e-02 9.597345723039304392e-04 0.000000000000000000e+00 3.990194759101273886e-02 1.638923376824117928e-01
1.446003138594607051e-01 1.147209377496997106e-02 0.000000000000000000e+00 0.000000000000000000e+00 5.627762845172319672e-02 0.000000000000000000e+00 0.000000000000000000e+00 1.772216441027636424e-01 0.000000000000000000e+00 9.078709186964997735e-02 0.000000000000000000e+00 0.000000000000000000e+00 0.000000000000000000e+00 0.000000000000000000e+00 1.214100967154831678e-01 0.000000000000000000e+00 1.644956527230477805e-01 0.000000000000000000e+00 2.704774961337849670e-02 9.620646926955041429e-04 9.243959469501336623e-03 1.489294423568936765e-01 2.776820965104480430e-03 0.000000000000000000e+00 4.477544140532800643e-02
1.665953807970580380e-03 1.217954975295548886e-01 1.086466434860938191e-01 7.800216881029302385e-02 1.321922698496863155e-02 7.453026069128117909e-03 2.634344053650219952e-02 3.354573654144843344e-03 3.107602964856433572e-03 2.099381811131156503e-02 1.781352415356971669e-02 1.056387834124809799e-02 1.020747363058563048e-02 0.000000000000000000e+00 7.710683032743649579e-02 0.000000000000000000e+00 0.000000000000000000e+00 1.054615354120645165e-01 0.000000000000000000e+00 0.000000000000000000e+00 0.000000000000000000e+00 9.578761412884252702e-02 4.984151313307187692e-02 9.199448857202691121e-02 1.566411903463301725e-01
4.415834936728459982e-03 6.441664432072500765e-03 6.868203976710729464e-02 0.000000000000000000e+00 0.000000000000000000e+00 0.000000000000000000e+00 1.776550675270803514e-01 1.039950796284455636e-02 0.000000000000000000e+00 2.515335613608162164e-03 0.000000000000000000e+00 0.000000000000000000e+00 2.798002969320997207e-02 0.000000000000000000e+00 2.650586306126744285e-01 1.179855104395883814e-01 0.000000000000000000e+00 4.398649739048281215e-02 2.127555436364411343e-02 5.537768533944423949e-02 8.993421307465777892e-02 1.828684588863212224e-02 0.000000000000000000e+00 2.007829810644524982e-02 6.992728485177958364e-02
7.557324390602863928e-02 5.500859034079495606e-03 1.106622816178343127e-02 1.168699933668283135e-03 1.137828859178536406e-02 0.000000000000000000e+00 1.925953384391519974e-01 8.697964570628007389e-03 1.439964730270352870e-02 1.644125119530465487e-02 0.000000000000000000e+00 2.538251617755730299e-02 0.000000000000000000e+00 0.000000000000000000e+00 1.095979718593167590e-01 0.000000000000000000e+00 0.000000000000000000e+00 3.117657529249466888e-02 1.352002496086489591e-01 1.420470325025291469e-02 0.000000000000000000e+00 0.000000000000000000e+00 1.417137889566000841e-01 5.376591732562504417e-02 1.521367563943707979e-01
0.000000000000000000e+00 6.573890298524905085e-02 1.201955018353497717e-01 0.000000000000000000e+00 2.755638551705892961e-02 8.202483883574550327e-02 0.000000000000000000e+00 1.034231243105906695e-01 1.186356682753654870e-02 1.213503370961859992e-02 1.915719777708333946e-02 4.636527500447431421e-03 4.196869410648303329e-03 0.000000000000000000e+00 1.268549756564698872e-01 0.000000000000000000e+00 1.418321113932769217e-01 0.000000000000000000e+00 6.358868191578248563e-02 0.000000000000000000e+00 0.000000000000000000e+00 0.000000000000000000e+00 5.863469750687067689e-02 0.000000000000000000e+00 1.581615848182718886e-01
1.939834756494285273e-02 2.343912667598211860e-02 3.115330798113147281e-02 0.000000000000000000e+00 3.116462573287358956e-02 1.553886987177051371e-02 1.520908834356970718e-01 3.463331101395436800e-03 0.000000000000000000e+00 1.832068140071161505e-02 7.179134891073087922e-03 9.922276102723259772e-02 0.000000000000000000e+00 0.000000000000000000e+00 1.416586591872859568e-01 7.630393451958175643e-02 3.006670575111312655e-03 2.307956430643733244e-03 1.177877789000927704e-02 0.000000000000000000e+00 0.000000000000000000e+00 0.000000000000000000e+00 1.892195043052056769e-01 4.940404510648755548e-02 1.253493823028644094e-01
0.000000000000000000e+00 0.000000000000000000e+00 0.000000000000000000e+00 0.000000000000000000e+00 9.487785601264064894e-03 0.000000000000000000e+00 9.720660073811535073e-02 1.543528831094727605e-01 0.000000000000000000e+00 1.416694072525085668e-01 2.505915757993238974e-03 1.031392008800163622e-02 0.000000000000000000e+00 0.000000000000000000e+00 5.785988653465391068e-02 0.000000000000000000e+00 1.739820583333078485e-01 0.000000000000000000e+00 0.000000000000000000e+00 0.000000000000000000e+00 0.000000000000000000e+00 1.469940246295224351e-01 0.000000000000000000e+00 1.687676601919882169e-01 3.685985776317209084e-02
0.000000000000000000e+00 1.287643876504521862e-02 2.164675307379550218e-01 0.000000000000000000e+00 1.853784090304068377e-02 2.837237519257720421e-03 1.588875766974549297e-01 4.947759958717689449e-02 5.381671123397855716e-04 6.623944724650120824e-03 0.000000000000000000e+00 6.047277362831773515e-03 0.000000000000000000e+00 0.000000000000000000e+00 0.000000000000000000e+00 0.000000000000000000e+00 0.000000000000000000e+00 3.069905168991611880e-03 4.201219139210069647e-02 4.034623672936601610e-03 0.000000000000000000e+00 1.778786250333173110e-03 1.940845552986870670e-01 1.735403768565196569e-01 1.091859479506790548e-01
0.000000000000000000e+00 0.000000000000000000e+00 0.000000000000000000e+00 0.000000000000000000e+00 2.681378181298191277e-01 1.068371191158353078e-01 0.000000000000000000e+00 0.000000000000000000e+00 2.273826064323018759e-02 0.000000000000000000e+00 0.000000000000000000e+00 1.903654488858904856e-02 0.000000000000000000e+00 0.000000000000000000e+00 5.516483032222466859e-02 0.000000000000000000e+00 1.495977935931034619e-01 1.550283558031595732e-01 7.808706957144388380e-03 0.000000000000000000e+00 0.000000000000000000e+00 1.798706439347611691e-04 1.936474290790546685e-02 1.961059569950539538e-01 0.000000000000000000e+00
0.000000000000000000e+00 1.064691223042064788e-01 6.972731529701113595e-02 0.000000000000000000e+00 5.049248114404263727e-04 0.000000000000000000e+00 3.804453831932893410e-02 0.000000000000000000e+00 2.389466437122012704e-02 6.435907767361518338e-03 0.000000000000000000e+00 0.000000000000000000e+00 0.000000000000000000e+00 9.977656629805422769e-04 1.143454740670211967e-02 0.000000000000000000e+00 1.683365414145585881e-01 0.000000000000000000e+00 5.484418791768090780e-03 0.000000000000000000e+00 1.476086347951495736e-01 0.000000000000000000e+00 0.000000000000000000e+00 2.297286263405496631e-01 1.913329927177229162e-01
0.000000000000000000e+00 0.000000000000000000e+00 6.832780731089695614e-04 0.000000000000000000e+00 0.000000000000000000e+00 0.000000000000000000e+00 2.076837768022410380e-02 2.858938594200852688e-03 1.417103798614549950e-02 7.198274487533203037e-02 0.000000000000000000e+00 2.088608368858199393e-01 0.000000000000000000e+00 0.000000000000000000e+00 1.526862017664792071e-01 2.323747709238701414e-02 2.397221191704824311e-02 1.074607962173396679e-02 1.649621000999101639e-01 0.000000000000000000e+00 1.108391657505880257e-01 1.349447333752565661e-02 1.084046942913269350e-03 0.000000000000000000e+00 1.796530293765831177e-01
0.000000000000000000e+00 0.000000000000000000e+00 2.462212045481854475e-02 1.410152589169227921e-02 1.547372773931821599e-01 8.765690782920802782e-02 1.555592097433896870e-01 3.548842860515314356e-03 9.795781801241834098e-04 4.253786003818813694e-02 0.000000000000000000e+00 1.028781796414275466e-02 5.503548066640581021e-02 0.000000000000000000e+00 4.662447313651023328e-02 1.050833080811731934e-01 0.000000000000000000e+00 6.505358551151732907e-03 0.000000000000000000e+00 8.335097663246349847e-03 9.782309721324210228e-02 0.000000000000000000e+00 4.707781409238664255e-02 1.375032335663749772e-01 1.980996674247906698e-03
0.000000000000000000e+00 2.391124850762357465e-02 0.000000000000000000e+00 3.326675085473563415e-03 0.000000000000000000e+00 0.000000000000000000e+00 1.244354074993153647e-01 1.390977618276336980e-01 0.000000000000000000e+00 1.638432639564775181e-02 0.000000000000000000e+00 6.023558867904912906e-02 0.000000000000000000e+00 0.000000000000000000e+00 2.825558246314813574e-02 5.554649811666486497e-02 0.000000000000000000e+00 0.000000000000000000e+00 0.000000000000000000e+00 1.140538638119223958e-01 2.511085204345403846e-02 2.096750556893706152e-02 2.192435323347543055e-02 2.092748207774952074e-01 1.574755159901598256e-01
0.000000000000000000e+00 0.000000000000000000e+00 8.213003167973396967e-02 1.495387776543466787e-02 3.318473860798279440e-02 3.975947914817597184e-03 1.733054729072978084e-01 0.000000000000000000e+00 5.627835714666912931e-02 4.534767942567591997e-02 0.000000000000000000e+00 0.000000000000000000e+00 0.000000000000000000e+00 0.000000000000000000e+00 1.017505653667075960e-01 0.000000000000000000e+00 0.000000000000000000e+00 8.658152325714427167e-02 1.258573618957663058e-02 1.238116119341454296e-02 1.217533420386771315e-01 0.000000000000000000e+00 7.265304316072591917e-02 1.831185233461419815e-01 0.000000000000000000e+00
1.097936729762826052e-01 1.490113238492484643e-02 0.000000000000000000e+00 0.000000000000000000e+00 2.473681218681306540e-02 0.000000000000000000e+00 2.675360830851851723e-01 1.893039450914421884e-01 0.000000000000000000e+00 0.000000000000000000e+00 0.000000000000000000e+00 1.776005234469478153e-02 0.000000000000000000e+00 0.000000000000000000e+00 6.590602166380780773e-03 0.000000000000000000e+00 0.000000000000000000e+00 0.000000000000000000e+00 0.000000000000000000e+00 0.000000000000000000e+00 0.000000000000000000e+00 0.000000000000000000e+00 0.000000000000000000e+00 2.140081399145936092e-01 1.553695598496830643e-01
0.000000000000000000e+00 0.000000000000000000e+00 0.000000000000000000e+00 1.973581287008144974e-02 1.646073179343882920e-01 0.000000000000000000e+00 1.696135522476470425e-01 0.000000000000000000e+00 3.636521540706187487e-03 0.000000000000000000e+00 1.079515122631763274e-01 0.000000000000000000e+00 1.417253568817443757e-02 0.000000000000000000e+00 1.497941202850421039e-01 2.727514938486868060e-02 0.000000000000000000e+00 4.599017322610866182e-02 4.142261079601858298e-02 0.000000000000000000e+00 2.262504493841063433e-02 2.786492846402744555e-02 0.000000000000000000e+00 5.442849483093123442e-02 1.508822255304187732e-01
7.583294536590634571e-02 0.000000000000000000e+00 5.400677118787425290e-02 0.000000000000000000e+00 6.305369893324771699e-04 1.238548852245392046e-02 9.510736769390089503e-04 0.000000000000000000e+00 0.000000000000000000e+00 1.001009591451777342e-01 1.655231601694063734e-02 7.049510326956244348e-03 2.936014446554968682e-02 0.000000000000000000e+00 2.052375526464750022e-01 0.000000000000000000e+00 1.630989927213464807e-01 8.919412518041347493e-03 1.487409906242129600e-03 0.000000000000000000e+00 0.000000000000000000e+00 6.089737291134897021e-03 1.627826578311249855e-02 1.883780701643906208e-01 1.136408132721266617e-01
4.396265066664051951e-02 3.481035832143387215e-02 0.000000000000000000e+00 0.000000000000000000e+00 0.000000000000000000e+00 0.000000000000000000e+00 1.623825098261508504e-01 0.000000000000000000e+00 0.000000000000000000e+00 6.068994750028942897e-03 0.000000000000000000e+00 6.638032587609386803e-02 3.774557314490477322e-02 0.000000000000000000e+00 0.000000000000000000e+00 0.000000000000000000e+00 0.000000000000000000e+00 0.000000000000000000e+00 0.000000000000000000e+00 1.413275049966945373e-03 0.000000000000000000e+00 3.055183809482877808e-02 1.841503214214437745e-01 2.049894398034906584e-01 2.275447130450171107e-01
0.000000000000000000e+00 8.969467179660587037e-04 7.163032202179361527e-03 0.000000000000000000e+00 3.978266307311027067e-02 0.000000000000000000e+00 3.601763564652294553e-02 0.000000000000000000e+00 2.923441811782691302e-02 0.000000000000000000e+00 5.551767466737577393e-03 8.786282073573343024e-03 2.513455204225418030e-02 2.361475882794869356e-03 1.304992922635833108e-01 0.000000000000000000e+00 1.802594416916891984e-01 1.127288696028440340e-01 5.685396430062798073e-02 1.424218133325787401e-02 9.038298232447436464e-03 0.000000000000000000e+00 3.654044008564943848e-03 1.744624275595791918e-01 1.633327077844405617e-01
4.126320629505384071e-04 3.683189605835240910e-02 1.557443623269543220e-01 1.551448650118411078e-02 1.059954886385563663e-02 6.837851247301611479e-02 6.938986638688586506e-02 0.000000000000000000e+00 1.217520931471422346e-01 1.199578730351980732e-01 0.000000000000000000e+00 6.643109362506190337e-03 0.000000000000000000e+00 0.000000000000000000e+00 0.000000000000000000e+00 0.000000000000000000e+00 1.809516576228210535e-02 4.873957428331815271e-03 1.425855644951279366e-01 9.954487385313034661e-03 0.000000000000000000e+00 2.817986372743801898e-02 1.460520457245609860e-01 0.000000000000000000e+00 4.503453525890076248e-02
1.397627092042785790e-02 1.032930610342268005e-02 0.000000000000000000e+00 0.000000000000000000e+00 2.511051369214555296e-01 0.000000000000000000e+00 6.798874184013009581e-02 1.684740611274663374e-02 0.000000000000000000e+00 0.000000000000000000e+00 0.000000000000000000e+00 2.530608739460355264e-02 0.000000000000000000e+00 1.838111459206249673e-02 2.373626910654687561e-01 0.000000000000000000e+00 0.000000000000000000e+00 1.350080018176238669e-02 6.885946829315654771e-02 9.308309136167369768e-02 0.000000000000000000e+00 0.000000000000000000e+00 0.000000000000000000e+00 1.276217742462615670e-02 1.704977077884635428e-01
0.000000000000000000e+00 0.000000000000000000e+00 1.445084162447121158e-02 0.000000000000000000e+00 8.383551427286255187e-02 0.000000000000000000e+00 0.000000000000000000e+00 4.074408738974932831e-02 1.656602914248050257e-02 0.000000000000000000e+00 2.105395322581484971e-02 1.057032031815583750e-01 0.000000000000000000e+00 0.000000000000000000e+00 1.863987166796696182e-02 0.000000000000000000e+00 1.491246882773588911e-01 2.651845398108161889e-01 0.000000000000000000e+00 9.719894073132981415e-04 0.000000000000000000e+00 6.555694047420240408e-03 5.078688620532897935e-02 1.964598781051015708e-01 2.992282364175696471e-02
1.106565989197848404e-01 0.000000000000000000e+00 0.000000000000000000e+00 2.138837359513174122e-02 0.000000000000000000e+00 4.334123458979638639e-03 1.368958491845426867e-02 0.000000000000000000e+00 6.510256067948934529e-03 1.326473559247420657e-02 0.000000000000000000e+00 2.493200166357693592e-01 0.000000000000000000e+00 0.000000000000000000e+00 0.000000000000000000e+00 0.000000000000000000e+00 0.000000000000000000e+00 1.479730373932960918e-02 0.000000000000000000e+00 0.000000000000000000e+00 0.000000000000000000e+00 0.000000000000000000e+00 1.421167926466965492e-01 2.420935051714049047e-01 1.818287092540260275e-01
0.000000000000000000e+00 7.804962290063004182e-02 5.748612304448108556e-02 2.017876370693923518e-02 4.819058328844100930e-02 0.000000000000000000e+00 2.911008132887531793e-03 1.470760729986040627e-01 0.000000000000000000e+00 5.902096143968943442e-02 0.000000000000000000e+00 9.203593386332677151e-02 0.000000000000000000e+00 0.000000000000000000e+00 6.153797679017183322e-04 0.000000000000000000e+00 1.597973509113657653e-01 7.598199281016758400e-02 0.000000000000000000e+00 0.000000000000000000e+00 0.000000000000000000e+00 0.000000000000000000e+00 4.670381091711989924e-03 1.040456549645880635e-01 1.499401710792656883e-01
0.000000000000000000e+00 0.000000000000000000e+00 0.000000000000000000e+00 3.815970327741280421e-03 1.771948465844753462e-01 0.000000000000000000e+00 0.000000000000000000e+00 3.510389124669398980e-02 0.000000000000000000e+00 0.000000000000000000e+00 0.000000000000000000e+00 7.000274011091392468e-02 0.000000000000000000e+00 0.000000000000000000e+00 0.000000000000000000e+00 1.079469762632404295e-01 1.532133588927638290e-01 0.000000000000000000e+00 1.722992463127509533e-01 5.440786236362587375e-02 0.000000000000000000e+00 0.000000000000000000e+00 1.550407156083159210e-01 5.868207286644221143e-02 1.229231942303625306e-02
0.000000000000000000e+00 0.000000000000000000e+00 1.480801751258143395e-01 1.775868387660369668e-02 1.123580768305457722e-01 0.000000000000000000e+00 6.315939583654420209e-02 1.391674637925773284e-01 0.000000000000000000e+00 4.779612387704922777e-03 0.000000000000000000e+00 1.415171786510455165e-01 0.000000000000000000e+00 4.984278040680618568e-03 0.000000000000000000e+00 0.000000000000000000e+00 2.453165837034784399e-02 2.074778348348024770e-02 0.000000000000000000e+00 2.380098017451953273e-03 0.000000000000000000e+00 3.373946181983730752e-02 1.818955068894370598e-03 1.785707192435442847e-01 1.064064594549276460e-01
1.360347021499604472e-02 1.174996103058720542e-01 1.014313160940285771e-02 3.075824236689978820e-03 4.555860383420743537e-02 1.475880139551621374e-02 1.460284113659879313e-01 1.530481492579466307e-01 0.000000000000000000e+00 9.471691120377732920e-03 0.000000000000000000e+00 7.877966424930726852e-02 0.000000000000000000e+00 9.831077494117872184e-03 4.816918656986617781e-03 0.000000000000000000e+00 5.256517577847880790e-02 3.459455956375907110e-02 5.804126016934698512e-02 0.000000000000000000e+00 0.000000000000000000e+00 1.603338227779572620e-02 9.429317825876698186e-03 4.102548989345342761e-02 1.816954607498806329e-01
0.000000000000000000e+00 0.000000000000000000e+00 4.603040659511445365e-02 1.121088978645354006e-01 1.025435793842319546e-02 0.000000000000000000e+00 1.588474405010870810e-02 2.823478423666907905e-02 0.000000000000000000e+00 0.000000000000000000e+00 0.000000000000000000e+00 1.279930956962987976e-01 0.000000000000000000e+00 8.082404732568345893e-03 1.612724511138826922e-01 8.971978716203744819e-02 0.000000000000000000e+00 0.000000000000000000e+00 8.201530474922028848e-04 0.000000000000000000e+00 1.721080780353242273e-02 4.214216455821155616e-02 9.228952307478180406e-03 1.850775564585676047e-01 1.459394364350799778e-01
2.464242460454407757e-02 4.924170858027127062e-02 1.192365369305220801e-01 0.000000000000000000e+00 0.000000000000000000e+00 0.000000000000000000e+00 0.000000000000000000e+00 2.843113214668326755e-02 2.062544499505105603e-03 4.784490368773267749e-02 0.000000000000000000e+00 6.530856271326634932e-02 4.032609367789451171e-02 0.000000000000000000e+00 1.605731700590292965e-01 0.000000000000000000e+00 1.955028986996504986e-02 0.000000000000000000e+00 1.504590210743531331e-01 2.042905398746642232e-01 0.000000000000000000e+00 0.000000000000000000e+00 6.413848032791782949e-02 0.000000000000000000e+00 2.389459195365102248e-02
1.140476849888738542e-01 8.325747771436431410e-02 3.667576565951993252e-03 0.000000000000000000e+00 0.000000000000000000e+00 0.000000000000000000e+00 2.107923673296325032e-02 1.444087059811464784e-02 6.111669457607269568e-02 1.299735216209922661e-01 0.000000000000000000e+00 1.485278552889554744e-02 1.532268213449716754e-01 7.546676249873857274e-04 1.405193500352729108e-01 7.463745741633483286e-04 6.558937844834079878e-02 0.000000000000000000e+00 1.507521255444883579e-01 0.000000000000000000e+00 0.000000000000000000e+00 0.000000000000000000e+00 2.363272453836500094e-03 4.361216164771038878e-02 0.000000000000000000e+00
