1.086355030153103585e-01 1.436175857860031713e-01 3.303524724438202959e-04 5.732759180332674259e-02 1.203596736853117938e-01 1.403715132192709381e-01 1.469740545232643301e-03 1.139715746003447296e-03 1.646402104368003324e-04 0.000000000000000000e+00 2.232917745353351583e-03 3.608644578270415321e-02 1.523024034059526632e-01 5.481934992583781599e-03 1.197172606725299855e-02 8.308258674360100536e-04 8.795786822351056924e-03 9.914068162587585161e-04 4.265539072653273811e-02 1.652348452902345777e-01
4.721044079879404610e-04 7.939264384170645339e-02 1.926512599135809340e-03 1.383601827328985179e-01 6.086030898840784353e-02 5.530202300888418035e-03 2.834091789340722079e-03 1.318678398276355024e-01 2.721125488473892864e-02 1.737522704030899793e-03 2.068132209518869918e-02 1.530483218687884450e-01 7.196413563360545829e-02 1.835441971154477478e-02 1.209407532992886605e-03 3.320480070665854789e-04 9.668403387432436547e-02 1.831609179637172513e-02 2.982665588444402202e-02 1.393908995189021005e-01
4.614000148616998094e-03 1.332655399292381193e-01 5.107668639087462742e-03 1.436376721015656180e-02 1.418305075476403165e-01 6.826105212700531166e-02 1.957718731831470729e-02 5.978217595785012550e-03 9.887039109606085563e-02 1.010780262585773948e-04 1.224599164286586982e-03 0.000000000000000000e+00 2.827729774114479469e-02 1.997455255053962736e-02 4.902920296486350292e-04 0.000000000000000000e+00 0.000000000000000000e+00 1.528412571487652305e-01 1.673209164005983740e-01 1.379016753268527129e-01
1.081048901618202329e-01 1.358360184772065271e-01 4.966032758323536776e-04 5.986250934597842945e-03 1.560809239935897347e-02 4.602766667792616145e-02 3.067032584837557207e-03 1.029658526618655728e-01 1.166036865344682594e-01 2.667739375920208725e-02 5.806276546489924639e-02 1.211250577963373645e-03 1.506192126549460719e-01 1.785694967758737726e-03 0.000000000000000000e+00 1.293280286724802705e-03 2.796794329209189439e-02 4.587283708692838947e-03 1.772984236365144350e-01 1.580065794329287357e-02
4.762272704164882665e-04 4.748398555846206764e-02 0.000000000000000000e+00 1.112288492814402646e-01 3.431528685510001203e-02 1.159956874753741429e-01 1.841356586821770239e-02 3.745591369805253285e-02 4.138878042225384128e-03 1.297157030475168393e-01 3.089946111743383742e-03 4.527686348716109671e-02 4.453997207913397427e-02 3.852288599138399550e-02 0.000000000000000000e+00 5.143797174082047688e-03 8.684705908876806310e-03 2.791782635917149785e-02 1.678829876869968041e-01 1.597169181046449726e-01
1.080616930618234495e-01 9.945506303960793826e-02 2.413271794291240932e-02 1.333360318006435381e-04 2.735182713284605716e-01 4.386257664652333521e-02 5.943511543686906540e-03 2.809130061827109018e-02 6.174887259633267400e-02 3.239508035666691381e-04 4.079433188381489592e-03 1.089676768699983783e-01 2.165052892766873658e-03 2.025565909247656685e-02 1.290127864465255014e-01 4.819166670892864428e-03 0.000000000000000000e+00 2.206374622548986503e-02 2.452345771429151680e-02 3.884172728619119525e-02
7.579060104076870696e-02 1.407531105532324779e-02 1.864287102504677551e-03 1.580607222980390802e-01 2.506883029889245967e-02 1.284304660494774430e-01 2.711651992411080042e-02 1.477643388386695733e-02 1.810525259898513456e-02 1.620532848080449340e-04 1.150578322137118387e-03 5.443229819375627887e-02 6.824762026990167929e-02 8.362181240630525703e-02 1.035800544456392212e-02 1.064314287572115311e-02 1.271069603688089744e-01 8.761540573213995320e-03 8.853480237203516234e-02 8.369276163678009139e-02
3.431659642703606145e-03 1.082798896757834473e-01 5.795908334175873394e-03 3.794216111784921158e-02 1.471845527573211743e-01 1.660061725711516750e-02 1.905130988968222090e-03 2.673860907190703587e-02 1.454966376791102557e-02 1.162703844543538922e-02 3.902756404561572023e-03 9.799841200999197255e-02 1.217412487469894493e-02 5.005776906409646620e-02 0.000000000000000000e+00 0.000000000000000000e+00 1.303415289305243918e-01 1.521866370301232785e-01 1.518349137418956996e-01 2.744862688493757835e-02
2.543763939942535190e-02 1.379893095365656956e-02 0.000000000000000000e+00 1.503108644662913551e-01 1.661176870462759136e-01 8.059330136011585988e-02 1.804491949259216452e-02 1.045747555020593855e-01 1.090435427705704480e-01 1.434316065547938788e-05 4.825830257691406978e-03 6.381746307253179269e-03 7.678290727591800813e-02 1.206447987932244073e-02 5.968475876789540446e-02 5.139903681322111062e-03 1.346440559909583001e-01 4.862708170189784774e-04 6.224966763637322827e-03 2.582909610734014302e-02
1.619287964248184927e-02 1.140471922103028363e-01 5.043686608546322191e-03 1.413204138280523547e-01 1.357364935273645823e-01 3.276167433716863087e-02 7.150301339850652360e-03 2.266740119974400627e-02 3.029289356636993141e-02 0.000000000000000000e+00 7.915876204312742581e-03 9.845944857117065740e-02 2.088032079402409730e-02 1.302060135059746881e-01 1.732780588986909979e-03 3.008527622628901291e-02 2.629816061651776230e-03 0.000000000000000000e+00 1.597660725335646181e-01 4.311145925414437696e-02
5.577189942053772942e-02 6.162457709260486111e-02 0.000000000000000000e+00 1.015176643510500194e-02 5.375467228872041897e-02 4.029822430631101876e-02 1.152007458745863203e-02 4.967166339947271794e-04 4.671266748992507212e-02 0.000000000000000000e+00 4.861600164937226413e-04 1.425756079290044775e-01 3.455459847677627011e-02 9.194369769034990703e-02 0.000000000000000000e+00 1.936766951560757411e-03 2.180293848861372501e-03 1.255424574258011683e-01 1.672594285940996461e-01 1.531903908123952163e-01
8.963398229470268333e-03 1.169759523202547752e-01 5.440851135493017868e-03 1.116674655881958467e-01 1.210113123131693023e-02 9.160467855196005593e-02 9.135609090149441561e-04 6.173184633059072834e-02 1.580509457345062874e-01 1.540805781227349951e-02 5.100913087634938690e-03 9.535166478932825818e-02 1.838092131496674815e-03 6.997406735050677729e-02 6.740129668929794454e-03 7.418376681267082641e-03 2.964591925505089681e-02 1.100498669414568809e-01 4.332904682228811560e-02 4.769403542896420711e-02
1.846409280158771080e-02 9.587945816130065413e-02 0.000000000000000000e+00 1.262454080927679356e-01 6.248104290453617565e-02 1.568351486127966266e-01 2.825246377549133284e-02 3.430763419888367867e-03 3.837113067402909972e-02 0.000000000000000000e+00 2.002852307801122542e-02 1.182301522535638277e-01 1.532993387888655634e-01 9.262797041207242177e-03 7.184597960344967643e-03 1.023069452872523745e-02 1.101566387842201761e-02 4.964792526715771032e-04 3.134581855049610455e-02 1.089464262252944071e-01
1.581908691781543433e-02 1.946465261647859716e-03 1.064674648891288933e-01 1.691542224760230473e-01 1.085443733427606666e-01 1.620853621143567014e-01 6.206441222618377246e-02 4.865105502128186377e-02 2.056397198512125313e-03 9.174784626810736842e-04 1.069953644572415111e-02 1.220757090165551367e-01 2.714659642380373196e-03 4.049247882198531850e-02 5.122535824816953215e-02 1.654332710591607802e-02 3.813985610198580151e-02 5.677091221839593999e-03 2.492988420445407458e-03 3.223267706460709869e-02
1.582513865668722444e-02 1.084280763618815369e-01 3.259458339107774646e-03 1.910973538367751259e-02 1.195724229832091090e-01 3.591074104154642205e-02 3.330445798970799870e-02 3.021198323417995449e-02 2.067078840283537999e-01 1.960553719195866351e-02 7.083292411247793779e-04 2.300079421722384804e-02 1.180712209823444984e-02 3.075133941421823603e-03 1.324219050392547170e-01 1.547716645893730623e-04 0.000000000000000000e+00 7.009259435884904188e-02 8.036385021060334088e-03 1.587675292079317735e-01
7.172319769041733684e-02 1.333940006958355406e-01 1.980493964600003529e-02 1.756846434338594359e-02 1.374615545763178681e-01 2.542041438155445143e-01 2.083443837389113359e-02 5.542998055445638034e-02 1.118329124579208215e-03 1.455292510799612027e-02 0.000000000000000000e+00 4.896441453250281566e-03 1.725114140034566396e-02 4.948476540037693132e-06 5.253369016467825288e-03 0.000000000000000000e+00 1.162549358313437432e-03 5.172067210448570013e-02 1.620484976956171608e-01 3.157040656655559635e-02
1.492982091757406038e-01 3.106937606336424365e-02 1.257723275825077536e-02 4.279317500686666211e-04 8.871761907683790860e-02 1.577173308943724261e-01 4.772531572767439376e-03 1.272348859008363697e-01 2.979393230092288250e-02 1.107624220802089807e-04 1.095707728903727324e-03 5.269945808745695251e-03 1.150777319577130364e-01 1.854651328598886165e-02 3.138488083300354503e-02 4.779118550891572220e-04 2.590498765861292893e-02 1.665806511938440568e-03 4.439703021030909358e-02 1.544596722344539486e-01
5.737795329007622756e-03 1.136579431456701678e-01 0.000000000000000000e+00 7.114225077748332141e-03 1.328570888756256674e-01 1.472673148571908286e-01 6.018833360825513257e-04 1.325874017786723702e-01 4.675450201511534287e-02 3.060128160844984707e-02 8.203822995572176069e-04 0.000000000000000000e+00 0.000000000000000000e+00 1.445288225400967810e-02 0.000000000000000000e+00 4.627095901462476013e-02 6.658128228605765531e-04 2.997600417802026053e-03 1.595878077699819653e-01 1.580251193976011659e-01
1.135943228767822694e-01 4.023814532817678730e-02 1.941824782052922055e-02 9.868798316632058920e-02 7.123287848338455408e-02 1.815193160843702261e-02 4.896572097261600760e-03 2.560783627778260782e-02 2.724136975536466544e-03 2.242534774835172606e-03 1.187519342394330150e-02 1.333443063607253343e-01 1.682726558564832595e-02 6.653654885507818972e-02 1.589774264365179379e-01 1.971736583572345977e-02 1.103062206377322385e-01 1.777905030415199853e-03 5.509319037359466584e-03 7.833385938781028957e-02
1.786097219379940981e-02 4.143519810374229895e-02 9.912261262615747193e-02 5.984414744206506716e-03 1.409368742497239535e-01 1.382180149248757317e-01 4.619931977485686875e-02 7.701311692673108722e-02 3.641972075417972826e-02 1.659131620471179748e-04 0.000000000000000000e+00 4.545756513565805197e-04 4.026276045874108145e-02 0.000000000000000000e+00 5.893383913316665654e-03 1.921467634102014960e-02 7.998927197554500830e-04 6.576280667798009918e-03 1.633883946906453943e-01 1.600538780970464925e-01
4.408261934928289424e-03 3.500268153538459159e-02 0.000000000000000000e+00 3.804931603384925642e-02 2.103407008388627833e-02 1.164343310085737410e-01 2.034667076422857612e-03 1.238675860640348764e-01 2.480399363392662981e-02 0.000000000000000000e+00 2.855752344036802982e-03 1.510365844177183614e-01 6.496669066670285320e-02 1.334751824453456193e-01 4.759700557106251451e-02 2.138721102836514589e-03 3.776877139353543300e-02 1.949292197174140552e-03 2.326016983667546483e-03 1.902510755069135862e-01
1.549321099653687937e-02 1.274136339420882946e-01 9.542206097215064076e-02 1.725590129891767244e-01 9.583522368021518342e-03 8.575416602485839979e-02 1.316967458202785660e-03 6.283779852497541063e-02 8.622336449233970745e-02 0.000000000000000000e+00 4.242911448585534422e-03 1.257659896489753126e-01 5.623240642003096354e-03 0.000000000000000000e+00 0.000000000000000000e+00 1.508616252458933049e-02 1.370134819179696754e-02 4.405235171524381037e-03 1.327347363131435309e-01 4.183663829103149989e-02
1.337896459855233110e-02 1.196273317638819611e-01 0.000000000000000000e+00 1.207261748573353888e-01 1.250291075941986907e-01 1.345707385250047572e-01 1.395896596737543002e-02 9.460044193396740381e-03 4.929309526018587490e-02 5.842143806254232160e-04 4.664143571534455981e-03 2.033318338978548027e-03 1.419156603431229458e-01 0.000000000000000000e+00 6.527178357025226240e-04 6.084711547646146773e-02 2.822740859336634808e-02 0.000000000000000000e+00 1.659082864070630103e-01 9.122712293213994586e-03
5.300052570910772191e-03 1.020483644157002961e-01 1.048223954795474977e-01 1.244306660160743316e-02 2.089835305001227703e-02 1.487216424339942444e-01 9.660881720019053043e-02 1.645701141307147064e-01 3.089570483976403041e-03 4.758218875015156075e-04 6.469345671123346827e-04 2.455863860506804844e-02 6.307190210357099813e-02 2.552579793788692462e-03 0.000000000000000000e+00 2.723747001671587235e-03 3.907494169167019527e-02 4.252244128261049318e-04 1.614011357802266067e-01 4.656669778990984998e-02
5.323052715615531755e-02 1.297863323059488538e-01 4.930573557757863407e-02 1.310001029048076804e-01 1.161587752451394458e-02 4.451324181522841456e-02 7.935532585532104055e-02 4.991356524648789261e-02 8.524940027321068967e-03 1.265935513639589172e-02 2.078370679122302188e-03 9.110424610480917507e-02 0.000000000000000000e+00 7.496880803325857261e-03 0.000000000000000000e+00 1.415594512700971315e-02 2.436305298590195692e-03 1.383858378725024985e-01 6.045851884724905839e-03 1.683915586801564279e-01
4.153514340856286069e-02 4.104249679310714716e-02 2.637729045291163990e-02 6.798019741937635918e-02 5.272964243471411905e-02 5.186529255801883634e-03 0.000000000000000000e+00 3.423198149488650838e-02 1.093853549495872879e-01 4.258852318083259508e-02 1.008869788194463081e-02 1.347777603423581105e-01 1.692925039089756070e-02 8.275063002280267158e-03 1.195580689301711380e-01 1.985101626504972086e-02 1.421260284882407410e-01 3.486889219812496638e-02 1.222738858955842688e-02 8.024067452159404368e-02
4.384175836983770190e-03 5.521561495541860154e-02 2.313978530744862077e-03 1.388417203048103177e-01 1.623923797524247370e-01 5.569523555053321889e-02 7.475465705935163338e-03 1.435818108330500498e-01 9.782215442068559197e-03 4.845413886101710040e-03 1.074766226822454832e-02 1.318109280986288767e-01 5.844736938151621347e-02 4.688655811796615079e-03 1.373190472139064200e-01 8.937097907003650754e-03 1.543762966257642387e-02 1.933955175891457698e-02 6.852408635090165290e-03 2.189163846427154281e-02
8.735736056792876847e-02 1.611974923152703909e-01 2.201737674566750600e-03 1.418366333185883954e-01 4.214954791411378715e-02 1.524659558204771170e-01 1.087713262673804630e-02 1.154265822464178998e-01 1.922675370019534535e-02 4.170213628562155321e-03 1.528493765263555342e-03 2.146678440103585474e-03 2.946794881775302924e-02 6.609525715966469046e-03 1.818970546673757092e-03 7.807407640944775268e-03 1.369514187236463287e-02 2.538770105775760288e-02 1.718198818168906739e-01 2.808840513423481629e-03
3.069648731322876037e-02 4.189426027627392302e-02 1.756845935196944992e-03 4.394488355639992322e-02 2.464030660599721700e-01 1.337815861001677431e-01 6.753785386488211223e-03 4.155309938007971382e-02 5.670150607002025223e-02 0.000000000000000000e+00 0.000000000000000000e+00 1.020173396346018418e-01 2.019744409697252219e-02 2.468789907138596584e-02 6.505978587248993942e-04 1.656797561341823502e-04 4.950886230693418624e-04 2.280847772608083149e-02 6.775140509406238354e-02 1.577405480611403510e-01
1.115626977962064052e-02 9.355076642692557176e-02 1.259668959117855695e-03 4.236196864038331567e-02 5.076483754704937124e-02 2.642842662433055392e-02 3.979121969879081955e-03 9.561653682123093245e-02 1.774031098135356865e-01 1.212448901037688990e-03 6.298684094480883761e-03 1.113364734876275408e-01 2.694879742913712170e-03 2.022765542063140534e-02 1.297932492782730984e-01 0.000000000000000000e+00 1.507095813307300636e-01 6.565103087754561861e-02 4.005465376942132609e-03 5.549824907744924443e-03
3.303628397694872445e-04 3.621938554261478621e-03 3.302481141488420712e-04 7.213067701784995657e-03 1.981658519465032409e-01 1.097532636314215854e-01 2.513666101725622187e-02 5.855330110016738338e-02 1.140895707910163093e-01 1.645955411273256389e-04 5.184028396811979356e-02 1.128555710351897105e-02 9.913659403656661928e-02 1.607997827929002338e-02 1.947284922588428478e-03 3.800782545588793707e-03 7.378299924596591619e-02 8.128026828258092321e-03 5.786580053606817098e-02 1.587738312965785159e-01
2.283808511757847489e-03 1.441082013410113494e-01 9.709305846051441901e-04 2.635043090836434662e-02 2.807259932840012323e-02 2.231035321274573921e-02 1.458414917758316500e-03 1.310353907208078317e-01 1.995523723870577804e-01 4.382028078473824279e-03 0.000000000000000000e+00 1.056636099488116182e-01 3.126987805818879848e-03 3.892921987983563158e-03 0.000000000000000000e+00 4.734306330962639864e-03 1.313336594721981609e-01 1.894766967080860690e-02 1.665463745964696207e-01 5.229940195964697357e-03
0.000000000000000000e+00 1.107889949622283682e-01 9.545483684355061125e-04 4.683366305756765657e-02 1.368950565444303491e-01 4.354855129021643900e-02 4.337309423259744917e-02 1.610476732768134373e-03 2.358461678185326885e-02 1.144028569976818233e-01 6.408052911509268691e-04 1.139368457020686343e-01 1.919551927769273325e-03 6.449824589771580366e-03 0.000000000000000000e+00 1.895616590562968287e-02 1.820893834303824238e-03 3.433812954978739812e-03 1.690335119574462586e-01 1.618167288691021721e-01
8.780345507496839508e-02 1.591149366204949456e-01 1.207526732752395027e-01 1.166085939285023826e-01 1.693941362223749456e-02 1.601261051570003202e-01 3.801919568519918774e-02 7.916785424374069707e-03 4.886701323574536154e-02 0.000000000000000000e+00 9.479654343888499826e-03 1.262988974338878634e-01 5.175924472698346240e-02 1.146701922399650771e-03 3.327887545843416115e-04 8.079694015608076792e-04 0.000000000000000000e+00 1.492716805528623673e-03 4.308890213977187300e-02 9.444952447633126261e-03
4.083907067583250096e-03 4.521145711312230669e-02 2.910939844596980436e-02 3.967891752652865506e-02 8.468288140221816307e-02 1.943111545422766817e-01 5.075146535609241852e-03 2.176552949365367570e-02 8.779556663840545894e-02 0.000000000000000000e+00 4.803929855162543286e-04 8.093181944257250154e-03 1.313189470541639703e-01 3.835456024580158330e-03 7.534402074679566290e-03 0.000000000000000000e+00 1.316125584423537831e-01 2.405476153696339478e-02 1.795488864415965835e-01 1.807454730521762662e-03
8.341626923596299689e-03 1.691102881991746743e-01 1.131002573524188537e-01 9.228279675272260674e-03 6.533917109669231359e-03 1.989466409986227757e-02 7.185510500618922389e-04 1.123388370545085890e-01 1.593099579300239765e-01 6.554053743701859650e-04 4.565912926611641895e-04 6.068431653415195214e-03 7.618434582125866057e-03 2.319520366404913964e-02 1.186323789927601624e-01 6.247590142616832104e-04 1.356647333502046804e-01 3.457979084707484690e-02 2.792705725202188419e-02 4.600083458246706503e-02
3.821947531907436690e-02 1.102186097003351045e-01 2.940009712489928886e-02 4.035131231908341276e-02 1.301436554068007845e-01 4.684051766359174224e-02 3.653381185943138654e-02 1.071273329725321889e-02 4.714757329862994534e-02 7.853031169762015110e-04 6.803297213403048521e-03 1.391004179677403363e-01 9.498724635862685478e-03 2.893287428909501260e-02 1.362964634489488014e-01 1.665639063195080470e-04 1.379832838742587608e-01 5.072500661255823287e-03 1.847587203251320823e-02 2.731691286452730960e-02
1.427621071930784170e-02 3.124686693583312441e-02 2.180755738128505299e-03 4.912041592988822128e-04 5.058245526690843125e-02 7.829525088912389630e-02 5.256407062114307020e-03 1.563289404872379718e-01 1.661391525644203421e-02 0.000000000000000000e+00 4.445598380958030137e-03 1.345059560184289904e-01 3.183018151335888224e-02 9.628494584468370214e-04 0.000000000000000000e+00 2.809610351644153264e-02 2.326642567703151709e-03 1.720540058274575360e-02 2.683018565066080385e-01 1.570534049409137989e-01
1.179345656582501400e-01 1.318037107600333879e-01 5.261519402580045780e-03 3.192744417247071753e-02 1.099436629779822761e-01 1.892948431191967748e-02 2.864592975959801696e-02 1.131001166466591087e-02 9.640984346543209071e-02 0.000000000000000000e+00 5.246223835443965255e-03 6.137531041904310120e-02 2.383203715223538438e-02 1.045135186444834906e-02 2.543412220771606395e-03 6.376204764472951205e-04 3.046985370627209103e-02 8.589123891991803927e-02 1.686226690854512045e-01 5.876411014703671054e-02
1.534357897847081313e-02 1.134454660525008873e-01 1.482283417962739457e-02 2.087727017542045579e-02 1.354428674512074826e-01 9.716786097755748808e-02 2.756796884986039212e-02 1.925096707269516316e-02 2.704363046128485312e-02 1.301998116972836184e-01 1.095376506041258191e-02 1.186616739580439138e-02 5.475689081147357140e-02 1.167447639925610174e-02 6.569407364947057798e-04 0.000000000000000000e+00 3.836321259256862681e-03 4.033714240659452138e-02 1.337772226072422854e-01 1.309788174275565154e-01
