9.912188581378737415e-03 3.372094071811072152e-02 7.526691620444794784e-04 0.000000000000000000e+00 4.296859147365727355e-03 7.435543174100994746e-02 0.000000000000000000e+00 1.327307881900767761e-01 6.953467775923628802e-02 5.148151081852529037e-02 0.000000000000000000e+00 4.725523041186965000e-03 0.000000000000000000e+00 4.976556286967485834e-04 1.215124689098755900e-01 4.113206931611805388e-03 1.175887227201441176e-01 1.154218122806707119e-03 0.000000000000000000e+00 6.505221903125893131e-04 1.578141530509135082e-01 2.373041626319026196e-02 2.047546016927665781e-03 4.133961798658161713e-02 1.480408830200044268e-01
1.389118780876572382e-02 0.000000000000000000e+00 1.143929761357704300e-01 0.000000000000000000e+00 3.818907732999982617e-03 5.097397667277826783e-02 1.739031623973488760e-01 1.110848258901072153e-02 1.196689513680615491e-01 1.532943576205473592e-02 6.151335458019191980e-03 7.150075222293134081e-03 3.695213692457761240e-02 6.045202869349028049e-03 7.317803471445022412e-02 0.000000000000000000e+00 3.789675865511153013e-02 4.020241618310776283e-02 9.702403023430911794e-03 3.345341328395099465e-04 0.000000000000000000e+00 0.000000000000000000e+00 0.000000000000000000e+00 1.348429396784992795e-01 1.444570826715314005e-01
1.569676810342501491e-02 0.000000000000000000e+00 5.750237340501615675e-03 3.837372731479859241e-03 6.426523873993923719e-02 1.636373462770018426e-04 1.358492445939226412e-01 1.182015381970470125e-01 1.133491224661925811e-01 1.654515075439308457e-04 0.000000000000000000e+00 1.273243469311579057e-01 0.000000000000000000e+00 1.208286861273849891e-02 1.528938892856539777e-01 1.244202881545449467e-02 5.885323674953588796e-02 0.000000000000000000e+00 2.054098687879912094e-02 1.067914307659397072e-01 2.539451886424502411e-02 1.230512898032464809e-02 0.000000000000000000e+00 1.409295308982195204e-02 0.000000000000000000e+00
5.531368330742904987e-02 1.204323017990959832e-03 1.764621210634158624e-02 4.987286483240406521e-04 0.000000000000000000e+00 0.000000000000000000e+00 1.491972206670420242e-01 0.000000000000000000e+00 1.815864767749540976e-01 3.918194556413476248e-02 0.000000000000000000e+00 2.726326206447557063e-02 0.000000000000000000e+00 0.000000000000000000e+00 1.244940298677534030e-01 0.000000000000000000e+00 0.000000000000000000e+00 1.486233488575409729e-03 0.000000000000000000e+00 1.321936840285162099e-03 7.838534881537811971e-02 1.471477723106933170e-03 1.488932240933034945e-01 1.483522514591355257e-01 2.370364556176979623e-02
1.368832074789678652e-02 0.000000000000000000e+00 1.548472850770603315e-02 1.694385700254857701e-04 3.126121368888535972e-03 1.256449183251511122e-02 6.826840038772347130e-02 2.650892824663186320e-01 1.715968100551610014e-03 1.575048743260849815e-01 0.000000000000000000e+00 7.271769527155231769e-03 0.000000000000000000e+00 8.494062379992022363e-03 7.304160675234588895e-02 2.870956223325395532e-03 1.977320914955616182e-01 3.550349974566698735e-02 8.570354324572038163e-03 0.000000000000000000e+00 0.000000000000000000e+00 1.853807275641561727e-03 0.000000000000000000e+00 1.270502259680286461e-01 0.000000000000000000e+00
0.000000000000000000e+00 0.000000000000000000e+00 5.062950770572455239e-02 0.000000000000000000e+00 0.000000000000000000e+00 1.652455094965241610e-04 1.356086203999166961e-01 2.177241412925324734e-02 1.707315989122591138e-01 0.000000000000000000e+00 0.000000000000000000e+00 1.315674890564373645e-02 2.642587417587414795e-03 0.000000000000000000e+00 1.319360018327000450e-01 1.020361950869876216e-01 3.260645239097646059e-02 1.672320513352861665e-02 0.000000000000000000e+00 2.601359572089492669e-03 0.000000000000000000e+00 0.000000000000000000e+00 5.351895413956194586e-04 1.647633810946411703e-01 1.540914923677997317e-01
2.462986659770008413e-02 0.000000000000000000e+00 1.090366208261290132e-01 3.434297586290390586e-02 1.427028759263670177e-01 1.867393826408951865e-02 1.907570488128421671e-01 4.001097291952881302e-02 4.411153702339905280e-02 1.318238898213759322e-02 0.000000000000000000e+00 4.055219247932901477e-02 1.050460022325260256e-01 0.000000000000000000e+00 1.854536335676236491e-02 0.000000000000000000e+00 0.000000000000000000e+00 1.237820735544211889e-02 0.000000000000000000e+00 0.000000000000000000e+00 0.000000000000000000e+00 0.000000000000000000e+00 3.625063475110694260e-03 1.348045620371148556e-01 6.760038384861781491e-02
7.213583549390564786e-02 0.000000000000000000e+00 1.479298366281095066e-03 3.098811605765635930e-03 5.725314595592651684e-02 3.373856174780725213e-03 3.512224942086228374e-02 8.998725471286166122e-02 2.545771928674197548e-01 1.968141600352571463e-02 0.000000000000000000e+00 3.144491353368280423e-02 1.643002301443149645e-04 7.574184228383283070e-03 6.051196766608310518e-02 0.000000000000000000e+00 1.063339382576537762e-01 3.785880246414467104e-02 5.525654541192293046e-02 2.508671955724431097e-03 6.208295117040549087e-03 1.206076989108133685e-01 4.653702933419358312e-03 1.737849394145025983e-02 1.278942474820803261e-02
6.143532111456678768e-02 0.000000000000000000e+00 1.574284221503667244e-02 5.927030948157598240e-04 1.933040465054644830e-01 0.000000000000000000e+00 1.049362979017793851e-01 1.441271853748482268e-01 3.371478038531988686e-02 9.057093347359396890e-03 0.000000000000000000e+00 7.232992092021449382e-02 0.000000000000000000e+00 0.000000000000000000e+00 1.029284469534858942e-01 1.139228673513391701e-02 0.000000000000000000e+00 0.000000000000000000e+00 3.981357214869819458e-03 0.000000000000000000e+00 9.161421665781427359e-02 1.009497910277304400e-02 8.459197203575243365e-03 1.296670796884132337e-01 6.622245584529541651e-03
1.143993541300653526e-02 0.000000000000000000e+00 1.667310053439157586e-03 0.000000000000000000e+00 1.240325635117362074e-01 1.341175248406193954e-01 1.474644904304673043e-01 9.188269138968330196e-02 2.000666145077155487e-03 5.343578334853253502e-03 0.000000000000000000e+00 4.545874510665429136e-02 0.000000000000000000e+00 0.000000000000000000e+00 6.079653874272009095e-02 9.829688048767093456e-02 0.000000000000000000e+00 5.074156436081313920e-02 6.436962111047537551e-03 2.168488627662175025e-02 4.618839537591117907e-03 8.286360084945681125e-04 4.224076383026210968e-02 6.998340712742777414e-02 8.096401629181426696e-02
0.000000000000000000e+00 0.000000000000000000e+00 1.350932474934217753e-01 9.899169113760857702e-03 1.820906728809746451e-03 0.000000000000000000e+00 8.006818876605810431e-02 1.327761201583113615e-01 1.514784981167091593e-01 1.673536122711553745e-04 0.000000000000000000e+00 1.106509330162054466e-01 0.000000000000000000e+00 0.000000000000000000e+00 3.853441988280541242e-02 0.000000000000000000e+00 1.508953901085094973e-01 0.000000000000000000e+00 2.612343261822692476e-03 0.000000000000000000e+00 0.000000000000000000e+00 0.000000000000000000e+00 1.166819356159299248e-03 1.751678894076683091e-01 9.668720977487148954e-03
2.873272546845844280e-03 0.000000000000000000e+00 7.590214439437910354e-02 0.000000000000000000e+00 1.189045941368784476e-03 0.000000000000000000e+00 1.357936862100494468e-01 1.840456361579746458e-01 1.130649625456603274e-01 4.749471091265763945e-02 0.000000000000000000e+00 8.654837036241454576e-03 0.000000000000000000e+00 0.000000000000000000e+00 1.139211187888738014e-01 1.528240865082137318e-04 3.459389101059331950e-02 2.679055319891838777e-03 1.173808290797839354e-01 1.305182282296604365e-02 1.665844486691992084e-04 7.029627939312969084e-04 0.000000000000000000e+00 1.097455522203696771e-01 3.858706368323549379e-02
0.000000000000000000e+00 9.924630933499035967e-02 1.281670536548551176e-01 5.109221938731102128e-03 6.122432668442977753e-03 5.355862487216395129e-03 1.373211762680007220e-01 7.432105381716622161e-02 2.157471947707695348e-01 7.702117017290098511e-02 0.000000000000000000e+00 0.000000000000000000e+00 0.000000000000000000e+00 0.000000000000000000e+00 0.000000000000000000e+00 1.488862246490740664e-03 5.851190848710881992e-02 2.358185855664865493e-02 9.272831630112719423e-03 1.515576379933961625e-02 0.000000000000000000e+00 0.000000000000000000e+00 0.000000000000000000e+00 1.408659065385840879e-03 1.421686411018402152e-01
1.326844329986923837e-03 4.271569336124968370e-03 0.000000000000000000e+00 0.000000000000000000e+00 1.029075385476433679e-01 0.000000000000000000e+00 3.360357691770071015e-02 7.873202453978321580e-02 4.559140713229962658e-03 7.317553773125431982e-02 4.053239491592549801e-03 5.538139908143770856e-02 0.000000000000000000e+00 6.588991757453263945e-03 6.523905589086027856e-02 0.000000000000000000e+00 1.569585848851414930e-02 1.293849605708706219e-01 2.946317254967587007e-02 0.000000000000000000e+00 0.000000000000000000e+00 1.022099868819035910e-02 1.205796651303673445e-02 1.119456757923073809e-01 2.613924490603376505e-01
6.127680218245993259e-03 0.000000000000000000e+00 7.652358287971657014e-02 0.000000000000000000e+00 1.965963722368093899e-02 8.015026855463696157e-03 5.671372673176173357e-02 9.867250337170788838e-03 1.015830604660282188e-01 8.353291248868198460e-02 0.000000000000000000e+00 1.716868551542709590e-03 0.000000000000000000e+00 0.000000000000000000e+00 1.120562273861045177e-01 1.623989716158762836e-02 9.901255048591116673e-03 2.031212123082378959e-02 1.034927971447412859e-02 1.258490441698116302e-01 0.000000000000000000e+00 9.966407434310582680e-02 1.187531023851375739e-01 1.224766802576058577e-01 6.585725504652967808e-04
0.000000000000000000e+00 4.427279969013912624e-03 1.457498991005673483e-01 0.000000000000000000e+00 5.051788053613917584e-02 1.001990719712812783e-02 1.412588527457250831e-01 5.111659039548933740e-03 1.527294012603458706e-01 7.223390325458889372e-02 0.000000000000000000e+00 0.000000000000000000e+00 4.400329347718751711e-04 0.000000000000000000e+00 2.038662541038752662e-01 0.000000000000000000e+00 9.917747947808450409e-04 3.905815349615265886e-02 0.000000000000000000e+00 1.680288449260466596e-02 0.000000000000000000e+00 0.000000000000000000e+00 9.986647276590200802e-04 1.518521142692094705e-01 3.941338077888677238e-03
1.308481130087007227e-01 1.967878349690171513e-03 1.814663587676425098e-03 4.988270145474619490e-04 1.422760616530040767e-01 2.964306872321295638e-02 2.100417899535838781e-02 0.000000000000000000e+00 1.732469825011656236e-02 1.282807115255722996e-01 0.000000000000000000e+00 6.210813406380599234e-03 0.000000000000000000e+00 0.000000000000000000e+00 1.474127424056621005e-01 0.000000000000000000e+00 1.440869054024236096e-01 1.488490329907728865e-02 1.246464046348129961e-01 2.289131660739794280e-02 5.777032216610936306e-03 5.235371774479352647e-02 0.000000000000000000e+00 1.936559616264826736e-03 6.141403558697113886e-03
8.203054055143162160e-03 1.454383509486580160e-03 6.432448014728466001e-02 0.000000000000000000e+00 1.100371625319022939e-01 0.000000000000000000e+00 4.319142541051085304e-02 1.540101353135445161e-01 1.124138864899276585e-01 2.863392074745206919e-02 0.000000000000000000e+00 1.214140048801105182e-01 1.029043305464420353e-03 0.000000000000000000e+00 1.321603104481883506e-01 6.713206110059326878e-04 4.726860794305023927e-03 0.000000000000000000e+00 1.184638127514887618e-01 1.827818652544672268e-02 1.116415132762445944e-02 0.000000000000000000e+00 2.372124005734484523e-02 7.893301243684522350e-03 3.820931985008460541e-02
3.897339896707581464e-02 4.974089729590991035e-04 0.000000000000000000e+00 0.000000000000000000e+00 4.635645576873671792e-02 2.145230907629500361e-01 1.754762388473460055e-01 9.061085405884428123e-02 5.016636469991093972e-02 3.055917208804122265e-02 0.000000000000000000e+00 2.920157431049423893e-02 0.000000000000000000e+00 0.000000000000000000e+00 1.132191867446607353e-01 0.000000000000000000e+00 0.000000000000000000e+00 4.585824870998474363e-03 1.317697454681150855e-03 2.116388616736722319e-03 0.000000000000000000e+00 6.380545495136562446e-03 0.000000000000000000e+00 4.771585951767690764e-02 1.482999388237510874e-01
1.652756587961001029e-04 0.000000000000000000e+00 1.234334055534210967e-01 6.871105849567101312e-03 0.000000000000000000e+00 3.187257188283026260e-02 1.877117375770765914e-02 1.420618822016695565e-02 2.427191528755601527e-02 1.376793310038011975e-01 0.000000000000000000e+00 0.000000000000000000e+00 1.827762110656637202e-03 0.000000000000000000e+00 1.923498331513264492e-01 8.345917888094600903e-03 1.542108873379418876e-01 2.267365267201448820e-03 0.000000000000000000e+00 0.000000000000000000e+00 0.000000000000000000e+00 0.000000000000000000e+00 0.000000000000000000e+00 6.242887999402173954e-02 2.212983870369107653e-01
4.559974087134683468e-02 8.665976850897098155e-03 7.207610859843507738e-03 1.034682719885695601e-01 1.100694661402296104e-01 4.640155873817749035e-03 1.449187629037857090e-02 1.244376619444281101e-01 0.000000000000000000e+00 1.141009263364195225e-01 0.000000000000000000e+00 2.333230941428415806e-02 0.000000000000000000e+00 8.294252085294426908e-04 1.275808385678006973e-01 0.000000000000000000e+00 4.389916214570073298e-03 7.318058802287960574e-03 1.078386562893856870e-01 9.397482773263758984e-03 4.472153248323082995e-03 1.046779467272061226e-01 4.863010201058596410e-02 1.489480725374101554e-02 1.395661633409148866e-02
0.000000000000000000e+00 0.000000000000000000e+00 1.136202159772422560e-01 8.307726669617499556e-04 0.000000000000000000e+00 0.000000000000000000e+00 7.578616861308387631e-02 5.667558082924339241e-02 3.119705081243636519e-02 1.118541516611147729e-01 2.277923805171955252e-02 1.113726044379990815e-01 4.993285165663190715e-04 1.737894399713857049e-02 1.272009058349914123e-01 0.000000000000000000e+00 0.000000000000000000e+00 1.165477258541609690e-01 0.000000000000000000e+00 0.000000000000000000e+00 0.000000000000000000e+00 0.000000000000000000e+00 3.096624076958972779e-02 3.892685324113453332e-02 1.443642187366174778e-01
1.281726883833018971e-01 0.000000000000000000e+00 1.319094750240961192e-02 0.000000000000000000e+00 5.435203970491873059e-03 0.000000000000000000e+00 1.677561077410389678e-01 2.553035530962981248e-02 1.396519128555428757e-01 3.477479413836046061e-03 0.000000000000000000e+00 9.145729668206920016e-02 1.117960637616540777e-02 0.000000000000000000e+00 1.810461467798004653e-01 2.711562170816812778e-03 1.299055206019830710e-02 3.879075340536917733e-03 0.000000000000000000e+00 0.000000000000000000e+00 0.000000000000000000e+00 0.000000000000000000e+00 1.484629365273701374e-01 2.589200627028030027e-02 3.916612261651136739e-02
1.011282711099792614e-03 0.000000000000000000e+00 1.306968032179173511e-01 1.009679553509464913e-03 1.868813351082335428e-01 2.166507849065148292e-03 1.246588096782506178e-01 1.668023429183617540e-02 3.318702882913340292e-03 1.242790801912077234e-03 0.000000000000000000e+00 4.650003208476616995e-02 0.000000000000000000e+00 0.000000000000000000e+00 1.284956053923369257e-01 0.000000000000000000e+00 8.987139137975509381e-03 2.068683488467677051e-02 1.186080699873068439e-01 7.230943012193876210e-03 0.000000000000000000e+00 3.149980807089432233e-02 1.197866457511605198e-01 4.903336427331125152e-02 1.505411310640254524e-03
6.877686086420729816e-02 3.061015532950842576e-03 9.140914359724079674e-02 1.137028754316184026e-01 6.911872168093625719e-04 2.287821390072087777e-02 9.755598897310938100e-03 1.574547860945864075e-01 1.627468846006126929e-02 9.264814656544993754e-02 0.000000000000000000e+00 4.119103869686362857e-02 2.712349208623128071e-03 3.987082760534070916e-03 1.228273814537695630e-01 0.000000000000000000e+00 7.271025989653250379e-03 8.288928130556536380e-04 4.221671703650595880e-02 5.157155222053682805e-03 1.692827613650512179e-03 1.536929375109261173e-03 2.479451267360588667e-03 4.162770410793530801e-02 1.498189278939294211e-01
