1.378658866879991229e-01 8.426530731687262299e-02 2.921722197359462661e-02 1.299067556677584168e-02 0.000000000000000000e+00 3.079170365072411535e-03 2.408275378752488399e-02 0.000000000000000000e+00 7.149851228876946685e-02 0.000000000000000000e+00 4.537133828621418147e-02 2.054629393189729980e-01 6.235581492111743479e-02 0.000000000000000000e+00 0.000000000000000000e+00 8.178804667087688496e-03 0.000000000000000000e+00 0.000000000000000000e+00 1.122698415797180466e-01 2.033617332402805622e-01
6.228435272643984000e-02 0.000000000000000000e+00 1.692085774719981545e-04 2.645966943996020393e-01 4.111230112641198198e-02 2.627962357594241030e-02 3.920772805960810563e-03 0.000000000000000000e+00 8.332099545023896603e-03 1.424721887577133639e-02 2.844961363027571563e-02 2.517611947646670179e-01 0.000000000000000000e+00 9.172078522517338600e-03 6.926049683778685850e-02 4.137813490308201434e-05 0.000000000000000000e+00 3.107763253755202112e-03 8.267473643190674515e-02 1.345904667915637787e-01
3.256726029706051573e-03 2.809928766073866574e-02 2.846289106792210255e-02 1.392632868932839330e-01 7.945870104006194992e-03 1.307136052372270263e-01 5.447562755869012063e-02 4.183998000067370342e-04 3.176995887657808881e-02 1.361402641199842336e-06 1.201227659307696760e-01 1.529248807331974906e-03 1.370694820473329807e-02 6.390498508061046024e-02 6.050946153258271280e-03 0.000000000000000000e+00 1.092960849198300896e-03 4.823161948806720112e-02 2.483547010735064897e-01 7.259880978172419952e-02
1.157800740427304270e-01 2.992396302802283886e-02 2.485542332886455513e-02 4.058491881622907499e-02 0.000000000000000000e+00 3.729070763722337756e-02 0.000000000000000000e+00 1.091378335306024535e-03 7.192550398070562956e-02 0.000000000000000000e+00 1.184905089467563205e-01 1.362915879401686570e-01 1.909721538594219906e-02 2.411411575343740284e-04 2.447243639737678098e-02 8.992152910879559063e-04 2.599101463775442197e-02 7.943652962453343069e-02 1.511573073897219677e-01 1.224710740600420261e-01
2.446277412168754162e-02 0.000000000000000000e+00 2.025560819955046776e-02 2.700071718236979335e-01 6.958336537025008872e-02 9.878501278146685841e-03 4.330617493527542244e-02 9.292758052971318572e-02 9.997927203313702882e-03 1.302858068578014043e-05 3.874615234820203737e-03 9.541578926374501279e-02 2.554046373909580302e-03 1.491554882514686299e-03 8.117330896233795889e-02 2.141171280963220097e-02 4.498301090576422440e-02 6.800815384692018850e-02 1.751840234476092465e-04 1.404804916545874804e-01
1.289574076590901119e-01 1.025055804853418767e-01 9.908535699918046002e-02 1.489247858033869616e-02 6.932346068748592577e-03 2.165547957789908662e-01 5.194087380334588486e-03 9.654746857154465622e-02 4.875889498276477635e-02 1.876066024125016760e-02 4.993267831048082799e-03 3.926294488608247230e-02 5.028824382410960851e-03 1.327994751179042239e-03 3.138203865146009519e-02 1.094779769339664921e-01 0.000000000000000000e+00 2.838663578049452352e-02 4.195124003577348215e-02 0.000000000000000000e+00
1.275595177350066500e-01 1.035599712113541154e-01 9.516779827631767497e-02 2.035166004909050655e-02 3.143313639510166013e-02 1.511742969818992421e-01 0.000000000000000000e+00 0.000000000000000000e+00 6.164668418889671792e-02 5.578390812392405862e-03 8.292503329010371405e-02 1.819466673797716649e-01 8.004717022230049134e-03 5.677190715413282796e-02 2.025916880730353059e-02 1.014371658462310914e-02 8.317923906831403008e-03 2.508820521880325213e-02 7.025239740033181399e-03 3.045965246108356655e-03
1.188769109646067856e-01 1.162869398039621804e-02 1.760189247184441516e-02 1.172245546341534606e-01 2.361285722069423471e-02 4.101496466082639458e-02 0.000000000000000000e+00 2.452281057241687250e-03 1.397596542554328247e-01 1.303030346378054437e-03 1.282897719016340143e-01 8.972156906852474245e-02 8.293406546229237101e-04 6.242889538157941551e-03 1.300897043860063662e-01 8.752328454799306046e-03 1.036425984168876492e-03 6.429191364933412381e-03 1.414582005088407812e-01 1.367573854673750401e-02
6.703961667062349750e-02 8.876149279168518702e-02 1.300288079732345170e-01 2.196984146300314522e-01 6.443527411527555197e-03 1.118935101483689298e-01 1.321811832371058357e-03 1.155441023588368032e-01 8.572196473095054781e-02 2.940039148273617189e-02 1.528262732801319301e-02 4.009223970964873734e-02 2.074211464380382522e-03 0.000000000000000000e+00 5.523930622969547982e-02 5.056644610454450557e-04 1.188139956994983641e-02 9.923710757564309978e-04 1.807854013114474148e-02 0.000000000000000000e+00
5.579633069552461522e-02 4.813118503259214420e-02 1.722881728126036960e-02 7.112671932590426682e-02 1.064344553694060586e-01 1.209842503836504324e-01 7.722095642531886205e-03 4.762542627749177110e-03 1.006980702194964269e-03 0.000000000000000000e+00 7.096433758733352269e-03 2.776201745303714941e-02 5.172545681363904108e-02 8.892231513974058199e-02 2.642793240291639589e-02 7.823901139197649013e-02 7.117492571470436513e-03 5.237354504740426853e-02 1.438416138549434564e-01 8.330080450532496850e-02
1.483606051889828185e-02 6.140130048307208648e-03 0.000000000000000000e+00 1.376101736818969579e-01 2.907937402477363265e-03 5.892418490938256155e-03 0.000000000000000000e+00 9.883934802901102323e-02 1.560090037579014155e-01 1.878749844415955952e-02 3.087729359209601121e-02 1.701509015685280790e-01 2.388010603018122374e-02 1.976105348866653583e-03 3.836950846343038790e-02 1.145386322537727619e-03 9.960730352178434610e-02 1.049596453896178422e-01 5.160391487072300831e-02 3.640726451864459423e-02
7.703755145351712068e-04 9.593708871265279811e-03 1.016336739595987415e-01 4.687241883281236671e-02 6.169347791624280389e-03 3.649492935788722914e-02 4.092576708450519282e-03 9.358212117328817969e-03 1.062322720406441434e-01 3.074925682104948793e-02 1.328043134688996207e-01 2.622572849132846495e-01 0.000000000000000000e+00 7.119879168909489658e-03 4.312283786090257559e-02 3.765993442661862058e-03 9.807408450889535875e-04 1.022020420264186519e-01 5.212658361430038551e-02 4.365355264433776195e-02
1.062209574073796625e-01 9.070293033670252802e-02 1.388025577578374647e-03 7.384841245967080359e-02 7.121155413798524458e-02 1.562466153770480370e-01 0.000000000000000000e+00 1.103658146992608433e-02 4.209757526200114466e-03 3.057491571362321026e-02 2.381221801967813023e-02 1.572385535777771903e-01 0.000000000000000000e+00 4.084191451843766085e-02 3.346165255438701691e-02 8.215317709359651506e-04 4.588171144722082845e-02 6.736147091793678182e-03 1.251885099115344069e-01 2.057801110212102366e-02
2.380656703158180384e-02 3.765723660805127965e-02 2.701481348634537233e-02 2.588806838323287063e-01 1.688400469534861656e-02 4.909675640536702995e-02 9.602096563813094371e-03 1.039140981980406090e-03 2.285897141556391017e-03 0.000000000000000000e+00 1.276714388406615663e-01 1.363515901936812602e-01 3.957531271338368684e-03 0.000000000000000000e+00 1.619709509661131364e-01 9.214882360925826313e-03 0.000000000000000000e+00 2.284611393897946572e-03 1.322817982270091119e-01 0.000000000000000000e+00
5.576418007122815879e-02 3.332429303492036310e-02 1.240637692280156107e-03 1.517893308596228452e-01 7.013148698941702557e-03 8.629756494197327737e-03 0.000000000000000000e+00 1.370841854251086088e-02 1.138742368260476923e-01 0.000000000000000000e+00 1.192189797709402449e-01 1.983267195810207439e-01 1.042634570740911962e-03 0.000000000000000000e+00 1.585454143018723561e-01 3.272011496123488229e-04 0.000000000000000000e+00 8.666392110305527058e-03 1.285286562957586032e-01 0.000000000000000000e+00
2.510910880107038168e-02 4.213996058598605370e-03 1.383576390755726637e-01 2.737594455819312156e-01 6.946873539084957340e-03 1.391410107426272469e-01 0.000000000000000000e+00 3.415796807553928005e-02 0.000000000000000000e+00 0.000000000000000000e+00 0.000000000000000000e+00 4.415208139658294978e-02 1.265396607336845627e-02 0.000000000000000000e+00 1.629829965576673478e-01 1.952748768060127982e-02 1.326544399589536100e-02 4.551889755028363377e-02 3.677382987884634385e-02 4.343925499233008275e-02
1.212755887463859289e-01 0.000000000000000000e+00 3.017488207978784396e-03 0.000000000000000000e+00 4.306979221939461443e-03 1.625547031606963955e-01 5.297320086593080256e-03 3.467749148903251366e-02 1.118080682807248427e-01 0.000000000000000000e+00 1.104962662143089552e-01 2.396273674112172347e-01 0.000000000000000000e+00 0.000000000000000000e+00 1.360840438508850551e-02 3.532216282901309064e-03 1.383373405890819460e-02 2.204857599915997779e-02 7.281863510464683942e-02 8.109716135041812601e-02
1.349655145104941834e-01 9.063232375912699465e-03 2.834996172550134121e-03 2.282313931077243480e-02 1.002920131856425631e-02 3.594869505045822367e-02 1.777251909533610194e-03 2.463052036907183856e-02 1.068854669057951873e-01 1.945369690180009459e-03 5.506131582336448033e-02 1.530497754479956118e-01 5.598564687552810837e-02 0.000000000000000000e+00 1.638354062861035465e-01 9.980871187770034431e-03 1.580471492095359429e-03 0.000000000000000000e+00 8.972664431401154717e-02 1.198764809597985953e-01
3.572493928515102501e-02 5.468068631989015521e-02 0.000000000000000000e+00 1.713591590276863363e-01 9.877254835480124562e-04 0.000000000000000000e+00 0.000000000000000000e+00 0.000000000000000000e+00 9.974108697942682400e-02 1.100616117987749804e-01 1.246937333865852093e-01 1.077534526847801905e-01 3.800238299487221361e-02 2.067008615166449851e-03 1.896884266301486766e-01 6.709960910251049938e-03 0.000000000000000000e+00 5.338838997950432624e-02 0.000000000000000000e+00 5.141435904214598784e-03
8.563750087101244801e-03 1.233755921017275388e-02 1.707172034199931632e-02 1.422661601616734099e-02 7.655158829896130390e-02 4.171181893307646105e-02 3.579747361759802460e-02 4.583013870184858563e-02 1.123702275227042996e-01 5.081430156804472463e-04 1.668873935530593156e-02 1.429039660697610514e-01 5.390585075720285765e-03 2.728581058856341043e-02 6.787190261616109221e-02 9.085351067040588202e-02 0.000000000000000000e+00 2.960454404595029912e-02 1.281337834243062856e-01 1.262981224085158449e-01
6.375808724580159237e-02 2.123302299141369490e-02 1.717793003207435110e-02 1.112381869730655198e-01 1.666463011573320616e-03 0.000000000000000000e+00 0.000000000000000000e+00 0.000000000000000000e+00 2.987772187492694631e-02 6.779093925641163643e-02 1.084177520408661499e-01 1.971613723269631802e-01 3.306186283016071645e-04 5.045771434839860410e-03 1.745551275320621487e-01 1.009566293481832001e-02 5.241093777662085389e-03 0.000000000000000000e+00 1.038566932251687273e-02 1.760245806167026750e-01
1.340514004092151386e-02 1.947867621511452374e-02 0.000000000000000000e+00 1.854016032799692126e-01 9.680573367839727383e-02 1.464427276288701209e-02 0.000000000000000000e+00 0.000000000000000000e+00 2.093746037519623668e-02 1.542655364922819634e-02 0.000000000000000000e+00 1.732247659522703487e-01 0.000000000000000000e+00 0.000000000000000000e+00 1.680928305126326572e-02 0.000000000000000000e+00 1.910407938899236560e-02 9.454763049034141387e-02 2.837591101820387957e-02 3.018388900972148181e-01
1.260941163331428805e-01 2.132406411016372905e-02 1.487621530268794061e-02 3.132269466631007471e-02 5.372362414288302246e-02 2.369193881245477539e-03 0.000000000000000000e+00 2.435614926822963003e-02 1.471333328409146768e-01 5.392865132759469549e-02 1.481917412681157675e-01 1.621029317850572193e-01 3.573188337948732078e-03 1.322028414876634615e-03 0.000000000000000000e+00 0.000000000000000000e+00 0.000000000000000000e+00 6.610794421073348803e-02 1.384668723691333259e-01 5.107251740962738366e-03
5.276269769408686167e-03 8.873091122089708793e-02 5.014608618570004939e-04 1.097373943605619018e-01 2.136099373445214666e-02 1.496157832647859731e-01 2.399943124541466244e-02 6.700434336903463017e-02 1.092849212078198240e-01 0.000000000000000000e+00 6.163757387468603820e-03 2.034715644272378984e-02 8.423639701886984077e-02 4.223690983008142330e-02 5.570899054893684033e-03 2.453631134648187606e-02 1.593591319728055247e-02 1.777525297168789167e-02 1.692229217947617270e-01 3.846297192151866551e-02
1.095973353938152345e-01 5.433126317635590674e-02 1.243434850038000437e-02 2.480984659395847267e-02 4.486055397540726630e-02 1.413110137648580789e-01 1.525852670340564375e-03 2.091180646384677502e-02 3.293798020419497902e-02 4.387664533123733501e-02 9.913204024254007596e-02 4.621782747110969591e-02 0.000000000000000000e+00 2.920217684980271067e-02 1.459293879088972845e-01 8.456619623600701574e-02 0.000000000000000000e+00 1.504476875690026645e-02 8.931368026768243817e-02 3.997276192665827864e-03
5.152523561889110065e-02 9.631600533009865295e-02 1.390104002720872825e-02 1.055416934563669640e-01 4.403544017723096983e-03 5.682642731785124586e-03 2.042277747856553749e-02 5.373329467981750179e-02 7.558717610886084293e-02 2.093169048399871543e-02 1.244405756437159116e-01 9.207514152059387280e-02 4.682683372390437915e-02 8.487179607758120817e-03 2.190799640302578885e-02 1.082191080964629501e-02 1.907769928485370100e-03 1.888498723675139865e-02 1.241680215690674494e-01 1.024344836237351536e-01
4.886265084689440930e-02 3.985606698412735155e-02 0.000000000000000000e+00 2.105300132409080316e-01 8.782749136295961781e-03 5.511052690907198431e-03 0.000000000000000000e+00 9.864522528589664795e-04 1.162936177570079782e-03 1.668672515159429605e-03 7.710192488317893500e-02 1.947449270400880283e-01 0.000000000000000000e+00 0.000000000000000000e+00 1.590099184168359547e-01 0.000000000000000000e+00 9.419246377734319386e-02 4.182033930546355527e-02 3.487127147281267325e-02 8.089856125955621757e-02
0.000000000000000000e+00 1.132635498652630468e-01 0.000000000000000000e+00 1.587503227687807328e-01 9.487234014531624807e-03 1.589625569813852557e-01 1.428163951013537887e-02 6.440562559321771560e-03 1.148184978696830949e-01 0.000000000000000000e+00 8.874102217419460939e-03 4.689146397971463015e-02 3.716313139088769316e-03 0.000000000000000000e+00 1.942975356785523605e-02 3.233929249223093088e-03 1.042323435495184081e-01 9.871891052690132465e-03 1.663542840051979999e-01 6.139155567019126403e-02
1.377791583792710613e-02 1.058810605023570023e-01 6.172035727652616308e-04 8.513119348610501125e-02 5.286809473938529347e-02 6.001581124461539962e-02 2.356783493848459490e-02 7.992628358863079763e-02 9.422199409144832449e-02 5.086168743451990361e-03 6.470412083644880123e-03 2.291717006566539316e-01 9.682158452385299097e-04 4.452305706987839951e-03 1.462053939270458423e-02 1.110640476989792520e-02 1.961938163160095727e-02 1.770589903329036208e-01 1.249148585930964089e-02 2.947002975887334265e-03
1.290353872832951942e-01 0.000000000000000000e+00 1.733342616651175781e-03 2.008102695608753648e-03 1.364156776295290807e-01 6.053513884146203422e-02 0.000000000000000000e+00 2.953538186321340644e-02 9.019320433471773868e-02 1.693706978137152989e-04 1.325770032892060503e-02 1.928591797742233716e-01 5.906192680642815759e-03 1.549501495185117914e-02 1.691353593941886391e-01 8.329274277118221825e-03 1.858384072656271008e-02 2.023115502196652128e-03 1.033331208516031219e-01 2.145159555040156499e-02
9.085933264205357796e-02 4.600722798962564308e-02 2.051263540829188943e-03 0.000000000000000000e+00 1.223191988335244201e-01 9.695542856729128314e-03 0.000000000000000000e+00 2.297341289043575586e-03 1.066303442068291946e-01 0.000000000000000000e+00 9.510712588033366777e-02 1.922001166577099185e-01 0.000000000000000000e+00 0.000000000000000000e+00 1.588932634111610287e-01 5.830021333449999718e-03 0.000000000000000000e+00 3.036598575416236956e-02 1.323953926848807638e-01 5.347842919667537658e-03
2.003949654105435275e-03 0.000000000000000000e+00 5.225567039681387749e-02 2.683566487960298286e-01 1.507421934458081335e-03 2.330332314601315027e-02 5.410531504882105415e-03 3.096051581418810678e-02 7.155954808024266034e-02 2.248697294184158826e-03 1.199091024867803001e-02 1.673839310610806819e-01 0.000000000000000000e+00 0.000000000000000000e+00 2.107763331804105300e-01 1.076894345374965756e-01 0.000000000000000000e+00 2.521042630450897118e-02 1.934265804690766741e-02 0.000000000000000000e+00
7.917649417943500856e-02 2.237651171215492701e-02 0.000000000000000000e+00 1.157213819051995107e-01 1.951449260594785573e-02 1.331014560894315801e-01 0.000000000000000000e+00 1.911222319938874403e-03 3.523402031992978189e-02 0.000000000000000000e+00 2.077440232716251060e-03 5.644606824153009655e-02 3.783765081304766870e-03 9.685608459963414643e-03 0.000000000000000000e+00 2.600704909515954774e-02 2.035609605263684341e-02 9.239045620046157370e-02 2.479808700944403643e-01 1.342370674097494998e-01
1.176378057274926614e-02 2.687983963715935218e-02 0.000000000000000000e+00 1.000752862194123106e-02 1.183547183157816624e-01 1.547065940777135884e-01 0.000000000000000000e+00 0.000000000000000000e+00 0.000000000000000000e+00 6.226766172258864189e-03 0.000000000000000000e+00 2.003045971392478086e-01 4.940901418448801624e-02 1.476656217124545749e-02 8.317701408459598003e-03 0.000000000000000000e+00 9.193081115112575197e-02 1.156995969620482900e-01 1.091861498281898324e-01 8.244633975759138589e-02
2.072790752189201599e-02 4.443058059631060236e-02 9.252375379013475301e-03 2.638115919425726985e-01 2.993000789928756261e-02 1.492547666150063346e-01 0.000000000000000000e+00 0.000000000000000000e+00 6.788415357731699198e-03 1.689574144620427506e-03 5.674911739959351969e-02 1.397246917450091219e-01 2.426787484645348200e-02 4.298000658384511924e-02 6.798426338409573055e-02 3.674708988217401627e-03 2.638874691644208306e-02 0.000000000000000000e+00 0.000000000000000000e+00 1.123453706799088930e-01
