5.776619446788563983e-02 6.456197205160481810e-03 0.000000000000000000e+00 4.130490792696778907e-02 0.000000000000000000e+00 0.000000000000000000e+00 3.214853436525814956e-02 3.009763136345743745e-02 0.000000000000000000e+00 0.000000000000000000e+00 0.000000000000000000e+00 2.105846218891774257e-02 0.000000000000000000e+00 2.657255586266580802e-02 2.114698164654044421e-01 5.776765253317236656e-03 0.000000000000000000e+00 0.000000000000000000e+00 1.667853804454099559e-02 1.132729107907965022e-01 1.191968881624414466e-02 2.601425737138920655e-02 4.156603243264100911e-02 1.517054088989034655e-01 2.061920985464499589e-01
1.647143391349407612e-02 2.484021493493036026e-01 0.000000000000000000e+00 2.406624434580986391e-02 2.317639110835704661e-02 7.428245467039883143e-02 0.000000000000000000e+00 0.000000000000000000e+00 0.000000000000000000e+00 1.203038264245511781e-02 0.000000000000000000e+00 3.510122688072512404e-02 4.708779074773659923e-02 1.305766593361032402e-02 5.036954153882267082e-02 9.956426249401939543e-02 8.440134235607926749e-02 4.435754237365693159e-03 0.000000000000000000e+00 0.000000000000000000e+00 0.000000000000000000e+00 0.000000000000000000e+00 3.495981451468897858e-03 1.770649666015765844e-01 8.699241172877678063e-02
0.000000000000000000e+00 1.289510200256930583e-01 0.000000000000000000e+00 0.000000000000000000e+00 1.101725465670508677e-02 0.000000000000000000e+00 0.000000000000000000e+00 1.604377962749027955e-02 0.000000000000000000e+00 1.669174350899983728e-02 0.000000000000000000e+00 0.000000000000000000e+00 7.728558245793977488e-02 0.000000000000000000e+00 1.693416005850947315e-01 0.000000000000000000e+00 0.000000000000000000e+00 9.602369419408836315e-02 2.204336652661711971e-02 1.276985501545848112e-01 0.000000000000000000e+00 1.963180099769730805e-03 2.004546035607412957e-02 3.128947678069430305e-01 0.000000000000000000e+00
0.000000000000000000e+00 3.760863752980433961e-02 0.000000000000000000e+00 0.000000000000000000e+00 1.713573271066792525e-01 0.000000000000000000e+00 0.000000000000000000e+00 1.747812634171171109e-01 0.000000000000000000e+00 1.250929027489350136e-02 0.000000000000000000e+00 0.000000000000000000e+00 0.000000000000000000e+00 0.000000000000000000e+00 1.296806308041006661e-01 0.000000000000000000e+00 0.000000000000000000e+00 0.000000000000000000e+00 7.534038464811107505e-02 1.436801078468629561e-02 0.000000000000000000e+00 0.000000000000000000e+00 0.000000000000000000e+00 3.843544554346077780e-01 0.000000000000000000e+00
0.000000000000000000e+00 0.000000000000000000e+00 0.000000000000000000e+00 0.000000000000000000e+00 0.000000000000000000e+00 9.315242201998374244e-03 1.614827439312378210e-01 0.000000000000000000e+00 0.000000000000000000e+00 0.000000000000000000e+00 0.000000000000000000e+00 0.000000000000000000e+00 8.015321736899502780e-02 4.580154738404408621e-02 1.709936642509528870e-01 1.260893473865314363e-01 0.000000000000000000e+00 0.000000000000000000e+00 4.179323889025893246e-02 0.000000000000000000e+00 0.000000000000000000e+00 0.000000000000000000e+00 1.671377539130515510e-02 3.476572231946762903e-01 0.000000000000000000e+00
0.000000000000000000e+00 1.365145385616916840e-01 1.121358859397427431e-02 0.000000000000000000e+00 1.436319216580908831e-01 0.000000000000000000e+00 5.693924680475015432e-02 3.064794564325024756e-02 0.000000000000000000e+00 0.000000000000000000e+00 0.000000000000000000e+00 0.000000000000000000e+00 0.000000000000000000e+00 0.000000000000000000e+00 1.962955786695817217e-01 4.242180485972180809e-02 0.000000000000000000e+00 0.000000000000000000e+00 0.000000000000000000e+00 8.557818463253638597e-02 0.000000000000000000e+00 1.433826266313247520e-03 9.971333196355140760e-02 1.956100323465382318e-01 0.000000000000000000e+00
0.000000000000000000e+00 3.196698169411489598e-02 2.298051189324678504e-03 0.000000000000000000e+00 1.797100297254967394e-01 0.000000000000000000e+00 0.000000000000000000e+00 0.000000000000000000e+00 0.000000000000000000e+00 0.000000000000000000e+00 0.000000000000000000e+00 0.000000000000000000e+00 0.000000000000000000e+00 1.649208452132969738e-01 1.857733444950598334e-01 0.000000000000000000e+00 0.000000000000000000e+00 0.000000000000000000e+00 2.421650821473015358e-01 0.000000000000000000e+00 0.000000000000000000e+00 0.000000000000000000e+00 0.000000000000000000e+00 1.617675082378567386e-01 3.139815729754857204e-02
6.066815019091786887e-03 3.476207120983959651e-05 0.000000000000000000e+00 9.539404205557358704e-04 0.000000000000000000e+00 1.603284795173782334e-02 6.771853019894165382e-02 2.704216988260490367e-02 0.000000000000000000e+00 1.498140518512970365e-01 0.000000000000000000e+00 3.199238107096304129e-02 0.000000000000000000e+00 0.000000000000000000e+00 1.641551234134541182e-01 1.890059389230853426e-01 2.069109691301030535e-02 0.000000000000000000e+00 1.435144841762972245e-01 1.200984687538212831e-01 0.000000000000000000e+00 0.000000000000000000e+00 2.780566637529587742e-02 2.803025619652137548e-02 7.043466782112513605e-03
4.364447351868286362e-02 1.142426040551565158e-01 2.819993003712114796e-02 0.000000000000000000e+00 2.547235894455474048e-02 0.000000000000000000e+00 3.628882723927182724e-02 1.015738447991350324e-01 0.000000000000000000e+00 0.000000000000000000e+00 4.206465579123657567e-02 3.354710645550622317e-02 0.000000000000000000e+00 0.000000000000000000e+00 1.668420366108870900e-01 2.129660636866564580e-02 1.222746463286482482e-01 0.000000000000000000e+00 1.195962706957526961e-02 0.000000000000000000e+00 0.000000000000000000e+00 0.000000000000000000e+00 8.271763190600940618e-02 1.698756508755493999e-01 0.000000000000000000e+00
0.000000000000000000e+00 0.000000000000000000e+00 4.277197468287408100e-02 0.000000000000000000e+00 0.000000000000000000e+00 0.000000000000000000e+00 8.325490880267359672e-02 6.353560939831447152e-02 0.000000000000000000e+00 0.000000000000000000e+00 2.099360273012812819e-02 0.000000000000000000e+00 0.000000000000000000e+00 4.276913652562582338e-03 1.538439587515064433e-01 1.388397330539263563e-01 0.000000000000000000e+00 0.000000000000000000e+00 1.975621619410523333e-01 1.394852443403154230e-01 2.442958662725374860e-02 0.000000000000000000e+00 1.705164026924687465e-02 1.139546657501459559e-01 0.000000000000000000e+00
0.000000000000000000e+00 1.315010875532114480e-02 1.095734946272975269e-01 4.059748925142273729e-02 1.803486465629240351e-02 5.960441842051534406e-02 5.295886685765587021e-02 1.283458753718040857e-01 4.732672243634263726e-02 0.000000000000000000e+00 0.000000000000000000e+00 1.051290585528370097e-01 5.352988988780555540e-02 0.000000000000000000e+00 1.734048636092029305e-01 0.000000000000000000e+00 1.410284287226502321e-02 0.000000000000000000e+00 1.343073274724643218e-02 0.000000000000000000e+00 0.000000000000000000e+00 9.674253958123275876e-03 3.962429724840273865e-02 1.158489001770943855e-02 1.099273307297558427e-01
0.000000000000000000e+00 1.104910960481463728e-02 9.742235869789915570e-02 0.000000000000000000e+00 1.593254006830958913e-01 0.000000000000000000e+00 0.000000000000000000e+00 0.000000000000000000e+00 0.000000000000000000e+00 0.000000000000000000e+00 0.000000000000000000e+00 0.000000000000000000e+00 0.000000000000000000e+00 1.522169854881197382e-01 1.849877648643796224e-01 0.000000000000000000e+00 0.000000000000000000e+00 0.000000000000000000e+00 0.000000000000000000e+00 6.972341838847997096e-03 4.100714682421976315e-02 0.000000000000000000e+00 2.417155103797644783e-02 4.304473629313834010e-02 2.798026046675084477e-01
0.000000000000000000e+00 1.292560875661764586e-01 9.580913789907259670e-02 3.131500048371296113e-02 0.000000000000000000e+00 0.000000000000000000e+00 7.566667159890576311e-02 0.000000000000000000e+00 2.886809914067996197e-02 6.964802666968265832e-02 0.000000000000000000e+00 0.000000000000000000e+00 0.000000000000000000e+00 0.000000000000000000e+00 4.624157980255633182e-02 1.906436089711763954e-02 0.000000000000000000e+00 9.082376819396350762e-03 1.999760963366424005e-01 0.000000000000000000e+00 3.061499478286626441e-02 0.000000000000000000e+00 2.097347166216038603e-02 1.448435948945435078e-02 2.289997368515757636e-01
0.000000000000000000e+00 2.392892646275027180e-01 0.000000000000000000e+00 0.000000000000000000e+00 0.000000000000000000e+00 1.928935044728397746e-03 0.000000000000000000e+00 0.000000000000000000e+00 2.893429124030664004e-02 0.000000000000000000e+00 0.000000000000000000e+00 1.192384469430433740e-02 8.559888850321594259e-03 2.595672793706840786e-02 1.748389207474895096e-02 1.237672926221925207e-01 0.000000000000000000e+00 0.000000000000000000e+00 2.493701529733392819e-01 0.000000000000000000e+00 0.000000000000000000e+00 0.000000000000000000e+00 9.413438931872683546e-02 6.490856454978569112e-02 1.337427560669745830e-01
0.000000000000000000e+00 1.670581687732264897e-01 5.821309946409127661e-02 0.000000000000000000e+00 2.489917939421513182e-01 0.000000000000000000e+00 0.000000000000000000e+00 1.194456756289385274e-01 0.000000000000000000e+00 0.000000000000000000e+00 0.000000000000000000e+00 6.237734010091752768e-02 0.000000000000000000e+00 3.451320413811968801e-02 1.210717951581727521e-02 0.000000000000000000e+00 0.000000000000000000e+00 0.000000000000000000e+00 0.000000000000000000e+00 1.156083035866067865e-01 0.000000000000000000e+00 0.000000000000000000e+00 3.539882268322430692e-02 1.462864121669068262e-01 0.000000000000000000e+00
0.000000000000000000e+00 2.719545163860231235e-03 0.000000000000000000e+00 0.000000000000000000e+00 0.000000000000000000e+00 0.000000000000000000e+00 1.792235383162012752e-01 3.429079921719502821e-01 0.000000000000000000e+00 0.000000000000000000e+00 0.000000000000000000e+00 0.000000000000000000e+00 0.000000000000000000e+00 2.735109678325475325e-04 1.683910279276839561e-01 0.000000000000000000e+00 0.000000000000000000e+00 0.000000000000000000e+00 2.505168300406503401e-01 3.369153064169394529e-02 0.000000000000000000e+00 0.000000000000000000e+00 2.227602477012746718e-02 0.000000000000000000e+00 0.000000000000000000e+00
0.000000000000000000e+00 0.000000000000000000e+00 0.000000000000000000e+00 4.646740000387876261e-03 1.950914050131583866e-01 1.328462861741383227e-01 2.006523032694484780e-03 0.000000000000000000e+00 0.000000000000000000e+00 0.000000000000000000e+00 0.000000000000000000e+00 0.000000000000000000e+00 0.000000000000000000e+00 1.986968594684985490e-01 0.000000000000000000e+00 0.000000000000000000e+00 3.154915431061783293e-02 1.157962485513750611e-01 2.436467439772447285e-01 7.572003947188479800e-02 0.000000000000000000e+00 0.000000000000000000e+00 0.000000000000000000e+00 0.000000000000000000e+00 0.000000000000000000e+00
0.000000000000000000e+00 2.792670235261808173e-02 0.000000000000000000e+00 0.000000000000000000e+00 1.731200894534328655e-02 0.000000000000000000e+00 2.157374827472247625e-01 1.772775801060399725e-01 9.600367125661946055e-02 6.249334405531733333e-02 0.000000000000000000e+00 0.000000000000000000e+00 0.000000000000000000e+00 0.000000000000000000e+00 1.627052504022962198e-01 0.000000000000000000e+00 0.000000000000000000e+00 0.000000000000000000e+00 2.196234353837613340e-01 0.000000000000000000e+00 0.000000000000000000e+00 0.000000000000000000e+00 0.000000000000000000e+00 0.000000000000000000e+00 2.092052475077962881e-02
0.000000000000000000e+00 4.770040632514795098e-02 0.000000000000000000e+00 0.000000000000000000e+00 0.000000000000000000e+00 0.000000000000000000e+00 8.912244338702668064e-03 1.723028952535010649e-01 0.000000000000000000e+00 6.176391959167008838e-02 0.000000000000000000e+00 0.000000000000000000e+00 1.081718976366360420e-02 0.000000000000000000e+00 1.870314416893792131e-01 1.059590473325242727e-01 0.000000000000000000e+00 0.000000000000000000e+00 0.000000000000000000e+00 1.381112777964999157e-02 6.554409483402964809e-02 0.000000000000000000e+00 2.593214915466380069e-02 1.556615681466232970e-01 1.445639157904444472e-01
0.000000000000000000e+00 5.101648938594426780e-02 8.813668120049139576e-02 0.000000000000000000e+00 0.000000000000000000e+00 0.000000000000000000e+00 1.652116113560650121e-02 4.005712969033976140e-02 1.842529340474879235e-02 6.421617623792602765e-03 0.000000000000000000e+00 8.734064458395761343e-02 2.527620965285649890e-02 4.224369952055535143e-02 2.536460486735591102e-01 0.000000000000000000e+00 0.000000000000000000e+00 0.000000000000000000e+00 1.172340274252369613e-02 3.287363298921271160e-02 5.154165483992777241e-02 9.144033744828576615e-02 2.183765341783668740e-02 2.217861903177473573e-02 1.393197246585867466e-01
0.000000000000000000e+00 8.405183723617733194e-02 0.000000000000000000e+00 0.000000000000000000e+00 2.217897674688867546e-02 0.000000000000000000e+00 1.428994353513118043e-01 1.674284362922004998e-01 0.000000000000000000e+00 0.000000000000000000e+00 0.000000000000000000e+00 6.740408008507878246e-02 0.000000000000000000e+00 2.966242499722922601e-02 1.800841646847166355e-01 1.220430173942997493e-01 9.037550266188387402e-03 8.918335932178327041e-02 0.000000000000000000e+00 1.083824227980688913e-02 0.000000000000000000e+00 3.842614432369798050e-02 3.676233102062060470e-02 0.000000000000000000e+00 0.000000000000000000e+00
0.000000000000000000e+00 1.195471899963517909e-01 1.242378534755976677e-01 0.000000000000000000e+00 4.215240183778733163e-02 0.000000000000000000e+00 1.413434797376530716e-01 0.000000000000000000e+00 9.582330953785802088e-03 1.366073616529746848e-01 0.000000000000000000e+00 8.121127823272814017e-02 3.922595483988171338e-04 2.553241417737206129e-02 1.746593566428432109e-01 0.000000000000000000e+00 1.104863343076340799e-02 7.815899651356477936e-04 0.000000000000000000e+00 1.695274516885134780e-02 0.000000000000000000e+00 0.000000000000000000e+00 1.953988422665140987e-02 3.500996358061570553e-03 9.291022459504398590e-02
3.644533299655616874e-03 1.476800632719114242e-02 1.115185904968278574e-01 2.504342680806725344e-03 2.465186553002830881e-03 0.000000000000000000e+00 8.519934372413345836e-02 0.000000000000000000e+00 1.118624193869510904e-02 0.000000000000000000e+00 0.000000000000000000e+00 7.464025892241904492e-02 1.950861802809023340e-02 1.649152418024493194e-01 1.390621708431110382e-01 4.201869468960486159e-02 0.000000000000000000e+00 0.000000000000000000e+00 1.888719373807699609e-01 1.131147379905660943e-01 8.662736022881058900e-03 0.000000000000000000e+00 7.593924329397300828e-04 1.715996686685586012e-02 0.000000000000000000e+00
0.000000000000000000e+00 2.562724912888661097e-02 0.000000000000000000e+00 0.000000000000000000e+00 1.669711335341743930e-01 0.000000000000000000e+00 3.201532625108226456e-03 0.000000000000000000e+00 0.000000000000000000e+00 0.000000000000000000e+00 0.000000000000000000e+00 6.523054242288757465e-02 0.000000000000000000e+00 0.000000000000000000e+00 1.485167183908026600e-01 4.051163313011341138e-02 0.000000000000000000e+00 0.000000000000000000e+00 2.173077444048438778e-01 0.000000000000000000e+00 1.437982981630572289e-02 2.849567068155864011e-02 1.278302082358697411e-01 1.619277376294492310e-01 0.000000000000000000e+00
0.000000000000000000e+00 7.103321491029392608e-03 0.000000000000000000e+00 0.000000000000000000e+00 1.579666836887189674e-01 0.000000000000000000e+00 0.000000000000000000e+00 7.917899427617124120e-02 0.000000000000000000e+00 8.236288101487874991e-02 0.000000000000000000e+00 0.000000000000000000e+00 1.826309985578231446e-02 1.545910258587328279e-01 2.411694646145351451e-01 3.138721115379806970e-02 0.000000000000000000e+00 0.000000000000000000e+00 0.000000000000000000e+00 0.000000000000000000e+00 0.000000000000000000e+00 0.000000000000000000e+00 2.279773180463533222e-01 0.000000000000000000e+00 0.000000000000000000e+00
0.000000000000000000e+00 0.000000000000000000e+00 0.000000000000000000e+00 2.867321395295429828e-02 1.294218027719712949e-01 0.000000000000000000e+00 0.000000000000000000e+00 0.000000000000000000e+00 0.000000000000000000e+00 0.000000000000000000e+00 2.454973044701421955e-02 9.859017526930907222e-06 9.732366443890229368e-02 1.249610163869902812e-01 1.822165483801853891e-01 2.323854684861772959e-03 0.000000000000000000e+00 3.401015267686354621e-02 7.517521647372772675e-03 0.000000000000000000e+00 0.000000000000000000e+00 0.000000000000000000e+00 0.000000000000000000e+00 3.552775932577569851e-01 1.371504233760018239e-02
0.000000000000000000e+00 1.319161950059849486e-01 0.000000000000000000e+00 2.011233209449005133e-02 1.625349382398775522e-01 0.000000000000000000e+00 4.366682195413235795e-02 1.448496149283807766e-01 0.000000000000000000e+00 0.000000000000000000e+00 0.000000000000000000e+00 1.224575500212818219e-01 0.000000000000000000e+00 1.952476760104382772e-02 1.523360904240060043e-01 0.000000000000000000e+00 0.000000000000000000e+00 0.000000000000000000e+00 0.000000000000000000e+00 0.000000000000000000e+00 0.000000000000000000e+00 1.235378948454853368e-02 0.000000000000000000e+00 1.902479002462540425e-01 0.000000000000000000e+00
0.000000000000000000e+00 0.000000000000000000e+00 0.000000000000000000e+00 3.613391060934803296e-03 0.000000000000000000e+00 0.000000000000000000e+00 1.480215802890214316e-01 1.279426834616488873e-01 1.942314273096442875e-02 0.000000000000000000e+00 1.540492544180034444e-05 0.000000000000000000e+00 4.271306215811108975e-02 9.475304232505871692e-04 1.724264902076365347e-01 0.000000000000000000e+00 0.000000000000000000e+00 1.038402302443470690e-02 0.000000000000000000e+00 1.338694085436336906e-03 1.367287601772733396e-02 0.000000000000000000e+00 1.346733843927231944e-01 1.777032201079727092e-01 1.471245171146960684e-01
0.000000000000000000e+00 0.000000000000000000e+00 5.455343514877367128e-02 0.000000000000000000e+00 1.381349222967591106e-01 0.000000000000000000e+00 0.000000000000000000e+00 1.796117674595640035e-01 0.000000000000000000e+00 0.000000000000000000e+00 0.000000000000000000e+00 5.070835393175224942e-02 0.000000000000000000e+00 1.657882712211546372e-01 0.000000000000000000e+00 0.000000000000000000e+00 2.427133989400241318e-02 1.198145685021669612e-04 1.308213710644384568e-02 0.000000000000000000e+00 0.000000000000000000e+00 0.000000000000000000e+00 0.000000000000000000e+00 3.737299583730479546e-01 0.000000000000000000e+00
0.000000000000000000e+00 8.153693825585457688e-02 0.000000000000000000e+00 0.000000000000000000e+00 2.753995175625906927e-02 4.799091652033442984e-02 4.259109533343308912e-02 0.000000000000000000e+00 1.788784111284413836e-02 2.137081818520205345e-01 0.000000000000000000e+00 9.055875166053367576e-04 6.058843098580990461e-02 0.000000000000000000e+00 2.387642397261388050e-01 0.000000000000000000e+00 0.000000000000000000e+00 0.000000000000000000e+00 0.000000000000000000e+00 0.000000000000000000e+00 0.000000000000000000e+00 5.270026422530224054e-03 0.000000000000000000e+00 2.632167905181699852e-01 0.000000000000000000e+00
0.000000000000000000e+00 0.000000000000000000e+00 0.000000000000000000e+00 2.672548391042442115e-02 1.749658831860434471e-01 0.000000000000000000e+00 0.000000000000000000e+00 1.380919959149311538e-01 0.000000000000000000e+00 0.000000000000000000e+00 0.000000000000000000e+00 0.000000000000000000e+00 0.000000000000000000e+00 9.983132938966704506e-02 2.507363250460443727e-01 2.508309456233998036e-02 0.000000000000000000e+00 9.879484016340386518e-03 2.262760592166720430e-01 0.000000000000000000e+00 0.000000000000000000e+00 0.000000000000000000e+00 0.000000000000000000e+00 0.000000000000000000e+00 4.841034475753725613e-02
0.000000000000000000e+00 8.619550077390893128e-02 0.000000000000000000e+00 0.000000000000000000e+00 1.111287326412840372e-02 2.334123574529554240e-02 4.801543051638892945e-02 2.172843318448780814e-01 0.000000000000000000e+00 2.064387183559817165e-02 0.000000000000000000e+00 3.663660742737332582e-02 0.000000000000000000e+00 0.000000000000000000e+00 7.607772811713182405e-03 1.514311558496904131e-01 0.000000000000000000e+00 1.909689747695758263e-02 0.000000000000000000e+00 1.180420615628572784e-01 0.000000000000000000e+00 7.760868827218996187e-03 0.000000000000000000e+00 1.709064937184580080e-01 8.192489834553313977e-02
0.000000000000000000e+00 0.000000000000000000e+00 0.000000000000000000e+00 1.705826752874657496e-03 0.000000000000000000e+00 0.000000000000000000e+00 1.502602367890498725e-01 0.000000000000000000e+00 0.000000000000000000e+00 1.644768341171403206e-02 0.000000000000000000e+00 0.000000000000000000e+00 0.000000000000000000e+00 2.028875625116394882e-02 1.597332289720782839e-01 1.323426997863133558e-01 0.000000000000000000e+00 0.000000000000000000e+00 2.860471281064588256e-01 2.259696646226243624e-02 0.000000000000000000e+00 6.666533591585592500e-02 0.000000000000000000e+00 1.439121375522286472e-01 0.000000000000000000e+00
0.000000000000000000e+00 0.000000000000000000e+00 0.000000000000000000e+00 0.000000000000000000e+00 2.348720676831350315e-02 0.000000000000000000e+00 1.457830115678448168e-01 1.223238598137846821e-02 0.000000000000000000e+00 6.874093127114648191e-03 0.000000000000000000e+00 3.852234339688018899e-02 0.000000000000000000e+00 3.987115595798650103e-02 1.455942582528916285e-01 4.508457371395564045e-02 0.000000000000000000e+00 0.000000000000000000e+00 0.000000000000000000e+00 4.260044719491308529e-02 2.013821908347869505e-02 0.000000000000000000e+00 1.268535602791362460e-01 3.529587446761066616e-01 0.000000000000000000e+00
0.000000000000000000e+00 0.000000000000000000e+00 1.063137325499379782e-01 0.000000000000000000e+00 2.021172732539379679e-01 0.000000000000000000e+00 9.872633265173050635e-03 1.713203186940267242e-01 0.000000000000000000e+00 0.000000000000000000e+00 0.000000000000000000e+00 5.202032990917400401e-02 0.000000000000000000e+00 1.921133848545923672e-01 2.711173566831005799e-02 0.000000000000000000e+00 0.000000000000000000e+00 0.000000000000000000e+00 0.000000000000000000e+00 0.000000000000000000e+00 2.505313387721333235e-03 0.000000000000000000e+00 8.505578919186816689e-03 2.171263769988144576e-01 1.099332249912511605e-02
0.000000000000000000e+00 3.184252133916307126e-02 0.000000000000000000e+00 0.000000000000000000e+00 2.136770900773630327e-02 0.000000000000000000e+00 2.106949306537524158e-02 0.000000000000000000e+00 0.000000000000000000e+00 1.091763530880063976e-01 7.657610158349392737e-02 0.000000000000000000e+00 0.000000000000000000e+00 0.000000000000000000e+00 1.907309534023980679e-01 1.131284039714895717e-01 0.000000000000000000e+00 0.000000000000000000e+00 7.471936550038178748e-02 6.987385027031703735e-03 0.000000000000000000e+00 0.000000000000000000e+00 0.000000000000000000e+00 1.693908269124057009e-01 1.850108871025181179e-01
0.000000000000000000e+00 0.000000000000000000e+00 0.000000000000000000e+00 3.457823826317963506e-02 1.717334847538566633e-01 0.000000000000000000e+00 0.000000000000000000e+00 1.081263173589822324e-01 0.000000000000000000e+00 0.000000000000000000e+00 0.000000000000000000e+00 0.000000000000000000e+00 0.000000000000000000e+00 6.118395190311425036e-02 3.608540170534961233e-01 0.000000000000000000e+00 0.000000000000000000e+00 0.000000000000000000e+00 0.000000000000000000e+00 0.000000000000000000e+00 0.000000000000000000e+00 0.000000000000000000e+00 7.613900715380443607e-02 1.873849835135666109e-01 0.000000000000000000e+00
4.345124599214707922e-03 3.753031035680352151e-02 0.000000000000000000e+00 0.000000000000000000e+00 1.509541820153553759e-01 7.299134712939493730e-02 0.000000000000000000e+00 1.595703415469178210e-02 0.000000000000000000e+00 1.044399227021291787e-01 0.000000000000000000e+00 7.718881802880998844e-02 8.130523583903773166e-02 2.846333624517234651e-02 1.854219979653145833e-01 0.000000000000000000e+00 0.000000000000000000e+00 0.000000000000000000e+00 6.941986638514946462e-02 0.000000000000000000e+00 0.000000000000000000e+00 0.000000000000000000e+00 0.000000000000000000e+00 1.719828245789263577e-01 0.000000000000000000e+00
0.000000000000000000e+00 0.000000000000000000e+00 0.000000000000000000e+00 0.000000000000000000e+00 5.758627099140277428e-02 0.000000000000000000e+00 1.455502731828350188e-02 0.000000000000000000e+00 3.625241549210662939e-02 0.000000000000000000e+00 0.000000000000000000e+00 2.066665645341126886e-02 0.000000000000000000e+00 0.000000000000000000e+00 5.518863137500697874e-02 5.088363609039818838e-03 0.000000000000000000e+00 0.000000000000000000e+00 1.653906085980360319e-01 0.000000000000000000e+00 3.021028960483689366e-02 0.000000000000000000e+00 9.335867425978910950e-02 2.162073528904487618e-01 3.054957094076382607e-01
0.000000000000000000e+00 7.463681293332805056e-02 0.000000000000000000e+00 0.000000000000000000e+00 0.000000000000000000e+00 0.000000000000000000e+00 1.967952261073125514e-02 1.852574348808278260e-01 0.000000000000000000e+00 1.381634930599692224e-01 0.000000000000000000e+00 0.000000000000000000e+00 0.000000000000000000e+00 1.857137450813131085e-01 0.000000000000000000e+00 1.965349378953582665e-02 0.000000000000000000e+00 1.360989675101373642e-01 1.375072811200258316e-01 0.000000000000000000e+00 7.738746553618491841e-02 2.590178347794646826e-02 0.000000000000000000e+00 0.000000000000000000e+00 0.000000000000000000e+00
0.000000000000000000e+00 1.571548701962783290e-01 0.000000000000000000e+00 0.000000000000000000e+00 4.169998930820756344e-02 2.772638363776178810e-02 4.101738274152978009e-02 6.809937326572869376e-02 0.000000000000000000e+00 1.247995507348170913e-01 0.000000000000000000e+00 0.000000000000000000e+00 2.690041029280344775e-02 4.437150936992115269e-02 3.158818216438405990e-01 7.985034488115142284e-03 0.000000000000000000e+00 4.107330903317561559e-03 1.957650016943783544e-02 0.000000000000000000e+00 0.000000000000000000e+00 0.000000000000000000e+00 0.000000000000000000e+00 7.804132369345909148e-02 4.263851955478178968e-02
0.000000000000000000e+00 0.000000000000000000e+00 0.000000000000000000e+00 0.000000000000000000e+00 7.067100530975464756e-02 0.000000000000000000e+00 0.000000000000000000e+00 7.509386945209058084e-02 0.000000000000000000e+00 0.000000000000000000e+00 0.000000000000000000e+00 9.034546890434393129e-02 1.522754400551912767e-02 0.000000000000000000e+00 2.724781545348505252e-01 2.176888319591005830e-02 0.000000000000000000e+00 5.034426218698048044e-02 0.000000000000000000e+00 7.847720809779859530e-02 2.101817907900658741e-02 0.000000000000000000e+00 8.795421684163983594e-03 1.972519927018751007e-01 9.852801084770641815e-02
0.000000000000000000e+00 9.394006829976617179e-02 0.000000000000000000e+00 0.000000000000000000e+00 8.536122759172528815e-03 0.000000000000000000e+00 5.626402354794198674e-02 1.816463883732362949e-01 0.000000000000000000e+00 5.582251921052257260e-02 0.000000000000000000e+00 0.000000000000000000e+00 0.000000000000000000e+00 0.000000000000000000e+00 0.000000000000000000e+00 0.000000000000000000e+00 0.000000000000000000e+00 8.076775789932887084e-02 2.339437646151227845e-01 0.000000000000000000e+00 0.000000000000000000e+00 0.000000000000000000e+00 1.403337919164225900e-01 0.000000000000000000e+00 1.487455633784861564e-01
0.000000000000000000e+00 0.000000000000000000e+00 0.000000000000000000e+00 0.000000000000000000e+00 0.000000000000000000e+00 3.028278831004429465e-03 8.068351346345183084e-02 1.349709310570531839e-01 1.079483330849137848e-02 1.338283469467630576e-02 0.000000000000000000e+00 9.329614212214581981e-02 0.000000000000000000e+00 1.565357803607267673e-01 2.146978900939290613e-02 0.000000000000000000e+00 0.000000000000000000e+00 0.000000000000000000e+00 9.357645262223150684e-02 0.000000000000000000e+00 0.000000000000000000e+00 6.039973776963916512e-03 2.067371973895405779e-02 1.577150689720686338e-01 2.078326820428394173e-01
0.000000000000000000e+00 1.711269588296292568e-02 0.000000000000000000e+00 0.000000000000000000e+00 4.161482169676022783e-04 0.000000000000000000e+00 1.052615363147449412e-01 1.374112665375293030e-01 0.000000000000000000e+00 0.000000000000000000e+00 0.000000000000000000e+00 3.001786940917923648e-03 0.000000000000000000e+00 1.466327480943353523e-01 0.000000000000000000e+00 7.693416017113098582e-02 8.664025921596775481e-02 0.000000000000000000e+00 2.056574627240375930e-01 0.000000000000000000e+00 0.000000000000000000e+00 7.176597148357624634e-02 0.000000000000000000e+00 1.491659644178293942e-01 0.000000000000000000e+00
0.000000000000000000e+00 0.000000000000000000e+00 0.000000000000000000e+00 0.000000000000000000e+00 4.509604831995574908e-02 0.000000000000000000e+00 0.000000000000000000e+00 1.631874710766320902e-01 0.000000000000000000e+00 7.131873591486834717e-03 0.000000000000000000e+00 1.994270203813482134e-02 0.000000000000000000e+00 1.802605492536837606e-01 0.000000000000000000e+00 0.000000000000000000e+00 0.000000000000000000e+00 0.000000000000000000e+00 2.599107123656586027e-01 0.000000000000000000e+00 1.093619324568467638e-01 0.000000000000000000e+00 0.000000000000000000e+00 2.151087108976014739e-01 0.000000000000000000e+00
0.000000000000000000e+00 6.989753772866313941e-02 0.000000000000000000e+00 0.000000000000000000e+00 1.692467013848090658e-06 0.000000000000000000e+00 1.274857735860572827e-01 0.000000000000000000e+00 0.000000000000000000e+00 0.000000000000000000e+00 0.000000000000000000e+00 1.110988024158119369e-01 4.498472927923771042e-02 1.558121385037426476e-01 1.016802832761276448e-01 2.387391481077074870e-02 0.000000000000000000e+00 1.151582266600663373e-01 2.053335343285073444e-01 3.803253492966270077e-02 0.000000000000000000e+00 4.690922889836478954e-03 0.000000000000000000e+00 0.000000000000000000e+00 1.949909124502068047e-03
0.000000000000000000e+00 0.000000000000000000e+00 1.366717812572983970e-01 2.064721212372499226e-01 2.316094919796193863e-02 0.000000000000000000e+00 0.000000000000000000e+00 1.831523729721232785e-01 0.000000000000000000e+00 0.000000000000000000e+00 0.000000000000000000e+00 1.227907713778148219e-03 0.000000000000000000e+00 1.719128982901593772e-01 2.731053341389747327e-02 0.000000000000000000e+00 0.000000000000000000e+00 4.694094906413263241e-02 0.000000000000000000e+00 0.000000000000000000e+00 0.000000000000000000e+00 0.000000000000000000e+00 0.000000000000000000e+00 2.031504868533988428e-01 0.000000000000000000e+00
0.000000000000000000e+00 3.113940718640527752e-02 0.000000000000000000e+00 0.000000000000000000e+00 1.687480383076891410e-01 0.000000000000000000e+00 0.000000000000000000e+00 1.689831243459432586e-01 0.000000000000000000e+00 0.000000000000000000e+00 0.000000000000000000e+00 0.000000000000000000e+00 0.000000000000000000e+00 1.849094883601986039e-01 0.000000000000000000e+00 2.025820161770614664e-02 0.000000000000000000e+00 0.000000000000000000e+00 2.157284206214038214e-01 1.722044463013531340e-02 0.000000000000000000e+00 0.000000000000000000e+00 0.000000000000000000e+00 1.930128749305184133e-01 0.000000000000000000e+00
0.000000000000000000e+00 0.000000000000000000e+00 0.000000000000000000e+00 0.000000000000000000e+00 2.917422781469944382e-02 0.000000000000000000e+00 0.000000000000000000e+00 1.435994253854714631e-01 0.000000000000000000e+00 1.045376614592182646e-01 1.766665396800326873e-02 0.000000000000000000e+00 0.000000000000000000e+00 1.261120890085459245e-01 1.914443807556346910e-01 0.000000000000000000e+00 0.000000000000000000e+00 0.000000000000000000e+00 1.761300354919549116e-01 0.000000000000000000e+00 0.000000000000000000e+00 0.000000000000000000e+00 4.353562001211460503e-02 1.677999061043574658e-01 0.000000000000000000e+00
