1.318957172035476744e-01 1.441622037776661980e-01 0.000000000000000000e+00 0.000000000000000000e+00 1.817822212124872439e-01 0.000000000000000000e+00 0.000000000000000000e+00 0.000000000000000000e+00 9.620626359208171718e-02 1.304379634301588431e-01 0.000000000000000000e+00 5.247211930229202931e-02 7.013105364651634789e-03 0.000000000000000000e+00 4.252735157656769432e-02 0.000000000000000000e+00 0.000000000000000000e+00 2.759776192889841929e-03 7.350540080787534847e-02 1.372378775397819495e-01
2.486776152613708740e-02 1.332076289838633187e-01 3.775651627213227196e-02 1.407559069551751196e-01 1.261284452623348366e-02 1.443648697528592817e-01 1.142874430865627698e-02 3.094288234235934021e-02 1.130070576765074969e-01 1.583978718772569017e-03 0.000000000000000000e+00 1.367506963887435145e-01 0.000000000000000000e+00 5.455288873648828606e-03 1.058676691376555026e-02 8.835438475709340989e-03 1.381887487467051701e-01 0.000000000000000000e+00 0.000000000000000000e+00 4.965486953873129300e-02
0.000000000000000000e+00 1.365308058813219372e-01 3.591011846921041833e-02 9.454049830534844157e-02 1.012204504483638912e-01 4.160788397086142426e-02 9.815721138416978742e-02 9.086270109530353301e-02 1.386423251561762771e-01 0.000000000000000000e+00 0.000000000000000000e+00 0.000000000000000000e+00 0.000000000000000000e+00 1.010125145886848997e-03 5.387303642364633938e-02 0.000000000000000000e+00 0.000000000000000000e+00 4.060474809596023691e-04 2.213471993180868638e-02 1.851040763069429218e-01
1.811334741588120079e-01 6.007900805837321223e-02 0.000000000000000000e+00 0.000000000000000000e+00 0.000000000000000000e+00 0.000000000000000000e+00 1.199112145831114917e-01 6.252648764427992450e-04 6.460290425821493820e-02 0.000000000000000000e+00 0.000000000000000000e+00 1.757059268538569557e-02 1.802021231174812388e-01 0.000000000000000000e+00 3.772726226668601107e-02 6.633638332851202191e-02 1.344899917295878239e-03 0.000000000000000000e+00 2.143878881341795273e-01 5.607898461550525626e-02
0.000000000000000000e+00 0.000000000000000000e+00 0.000000000000000000e+00 6.696364583257768260e-03 9.996395446721775824e-02 1.604213848633508632e-01 0.000000000000000000e+00 1.411919469121486748e-01 0.000000000000000000e+00 0.000000000000000000e+00 0.000000000000000000e+00 3.719143447110238171e-02 6.028234769641481472e-02 1.656303997279009316e-02 5.328504703512515137e-03 0.000000000000000000e+00 2.105056622864726057e-02 2.681930368679688939e-02 2.676788058405335513e-01 1.568123465742273515e-01
1.192907672262377844e-01 1.146417079595632438e-01 0.000000000000000000e+00 0.000000000000000000e+00 1.792867376457264739e-01 1.874310215313106653e-01 0.000000000000000000e+00 6.591253780477582258e-02 0.000000000000000000e+00 0.000000000000000000e+00 0.000000000000000000e+00 1.511144677355407417e-01 0.000000000000000000e+00 0.000000000000000000e+00 0.000000000000000000e+00 0.000000000000000000e+00 9.024280737391866813e-02 0.000000000000000000e+00 9.207995272292643363e-02 0.000000000000000000e+00
3.890965648733290747e-03 0.000000000000000000e+00 0.000000000000000000e+00 1.345434875269232999e-01 1.659022466250825723e-01 1.729897347592686818e-01 3.775380596348714823e-03 1.486713741262088787e-02 0.000000000000000000e+00 5.875174267857926312e-03 8.505256750239163430e-03 1.352025407049920191e-01 2.796285080027246517e-01 0.000000000000000000e+00 0.000000000000000000e+00 1.116266620425448823e-02 0.000000000000000000e+00 7.718123136535549704e-03 0.000000000000000000e+00 5.593877836441879525e-02
5.208691491222131216e-03 1.162114802984900025e-01 0.000000000000000000e+00 8.622503351926210508e-03 1.568121705199921057e-01 1.318756568980523208e-02 0.000000000000000000e+00 0.000000000000000000e+00 4.012779181377595233e-02 0.000000000000000000e+00 5.607352932343443244e-03 2.120575442719766501e-01 0.000000000000000000e+00 1.520636854766335977e-01 1.312035459905755951e-02 0.000000000000000000e+00 1.286700611792866433e-01 1.110642595455917266e-02 9.976149254565476465e-02 3.744287987527659956e-02
2.031609056190812959e-02 1.973445171644649596e-02 0.000000000000000000e+00 1.874078827915402756e-02 1.672994445836884780e-01 5.242869665702310639e-02 6.477259117118215614e-02 0.000000000000000000e+00 1.214785579563942702e-01 0.000000000000000000e+00 1.020595172511510815e-02 5.237094358667421928e-02 6.720508960277836452e-02 1.364743950475707547e-02 0.000000000000000000e+00 0.000000000000000000e+00 1.395567305873874620e-01 1.510998138043964933e-01 6.720554208335212387e-02 3.393786817974251552e-02
6.637189753614027889e-03 1.314216247510863744e-01 0.000000000000000000e+00 7.595112254644822980e-02 2.077296147676966631e-01 4.621836246805913206e-02 6.563196311285731006e-03 1.772577530949145247e-02 9.946421949905306925e-02 2.536536242328935042e-02 0.000000000000000000e+00 4.972168896388496490e-02 0.000000000000000000e+00 1.720487888078795768e-01 1.510542375075374089e-01 7.477753301537508682e-03 0.000000000000000000e+00 0.000000000000000000e+00 0.000000000000000000e+00 2.621063589136612190e-03
8.040790787237092618e-02 8.303449052563217914e-02 0.000000000000000000e+00 0.000000000000000000e+00 7.285844419160941721e-03 1.288906921670469330e-01 5.973052664378687010e-03 0.000000000000000000e+00 2.181420572594255577e-02 0.000000000000000000e+00 0.000000000000000000e+00 4.402182848144745031e-02 1.688408086790445517e-01 1.181958693973682653e-03 5.741397764298412920e-02 0.000000000000000000e+00 0.000000000000000000e+00 1.140356619032450169e-01 1.605871652997343801e-01 1.265124059250386512e-01
1.460729879719339236e-02 6.849563315359150084e-02 0.000000000000000000e+00 0.000000000000000000e+00 0.000000000000000000e+00 6.549882152461770912e-02 4.382343455848493330e-02 1.218214677080911301e-01 3.007896870266670280e-03 1.659565241241570338e-03 0.000000000000000000e+00 1.712956849422303807e-01 1.652709506433544528e-01 1.336572722308080642e-02 1.472407041548067300e-02 8.583419190985206934e-03 3.581538043553550432e-02 1.268774084595592211e-01 0.000000000000000000e+00 1.451532408362869453e-01
0.000000000000000000e+00 1.699477377322520522e-01 1.160367941550465298e-01 1.276185924978592845e-01 1.134317403087061193e-01 1.750529031991012729e-01 0.000000000000000000e+00 3.050626100968634354e-03 1.051881488344148657e-01 0.000000000000000000e+00 1.112570619578814868e-02 1.405256200623196394e-01 1.184244842368479406e-02 0.000000000000000000e+00 2.397511123088296239e-02 0.000000000000000000e+00 0.000000000000000000e+00 0.000000000000000000e+00 0.000000000000000000e+00 2.204571258975599433e-03
1.247109584943877220e-01 0.000000000000000000e+00 0.000000000000000000e+00 0.000000000000000000e+00 5.987864552884500195e-03 1.500699501425276638e-01 0.000000000000000000e+00 2.943957744727993334e-03 0.000000000000000000e+00 0.000000000000000000e+00 0.000000000000000000e+00 1.955338974469922608e-01 2.690313394987272066e-01 1.712303196601438690e-02 5.785422681825907326e-02 4.033036885555799089e-03 1.671264921344827459e-01 0.000000000000000000e+00 0.000000000000000000e+00 5.585244315440496266e-03
7.049912668151073723e-03 1.225685687861446937e-01 1.286256311699755239e-01 0.000000000000000000e+00 1.181778051967593141e-01 1.738360516402151154e-02 0.000000000000000000e+00 2.710710118938390936e-02 8.062339254852703141e-02 0.000000000000000000e+00 0.000000000000000000e+00 0.000000000000000000e+00 0.000000000000000000e+00 9.161417623866092985e-02 1.591217765015611740e-01 1.120880984249186590e-03 5.094226813056557807e-02 1.862148073814347965e-02 1.787604042021975759e-02 1.591673602636368978e-01
3.930014931142554457e-02 0.000000000000000000e+00 0.000000000000000000e+00 0.000000000000000000e+00 2.236222574500627280e-01 7.745266144686799303e-02 0.000000000000000000e+00 1.821666535462866943e-01 0.000000000000000000e+00 0.000000000000000000e+00 0.000000000000000000e+00 1.029670879665346428e-01 0.000000000000000000e+00 0.000000000000000000e+00 5.274899725138225935e-03 0.000000000000000000e+00 1.526882551763730778e-01 7.802156283305802624e-03 1.882633867532042815e-01 2.046249234080103549e-02
1.098606655573624163e-01 8.568943059711337309e-03 0.000000000000000000e+00 1.069746498852821096e-02 1.989964983204881299e-01 1.995581111544271202e-01 1.529053098096520152e-02 1.323028741797607211e-01 1.658212104262991524e-02 0.000000000000000000e+00 0.000000000000000000e+00 1.069565672616925034e-01 0.000000000000000000e+00 0.000000000000000000e+00 6.153063075413793548e-03 0.000000000000000000e+00 0.000000000000000000e+00 0.000000000000000000e+00 6.119982832097230208e-02 1.338333320580483432e-01
2.774773455839713021e-02 8.455891300257392662e-02 0.000000000000000000e+00 0.000000000000000000e+00 1.643831450607272926e-01 7.096217801088310073e-02 0.000000000000000000e+00 1.007282108997882043e-02 2.832494650321903604e-03 0.000000000000000000e+00 5.425815889446085859e-03 2.537843975334793667e-01 0.000000000000000000e+00 0.000000000000000000e+00 4.921476042829268233e-02 0.000000000000000000e+00 2.448165935250939604e-02 1.101255921099731326e-02 1.462247329393106254e-01 1.492987882730825167e-01
1.129797664765900753e-02 1.394675527135074422e-01 0.000000000000000000e+00 5.499639564622643001e-02 1.595734084431411348e-01 0.000000000000000000e+00 7.098150536946139580e-03 0.000000000000000000e+00 0.000000000000000000e+00 0.000000000000000000e+00 0.000000000000000000e+00 2.461566786010512542e-01 4.138824640488139237e-03 1.484936672260999020e-02 1.439053991210896832e-01 0.000000000000000000e+00 1.348083580882111221e-01 2.752184568745038792e-02 1.457093290820221654e-02 4.161511024341710274e-02
0.000000000000000000e+00 1.355449295344266294e-02 0.000000000000000000e+00 0.000000000000000000e+00 1.858445348170764955e-01 1.120421131831524780e-01 2.207507405066815379e-02 5.008200296048605227e-02 2.356005043921995373e-03 0.000000000000000000e+00 0.000000000000000000e+00 1.481024911290667878e-01 5.085549016444902704e-02 1.244900303399959322e-02 6.107094712457697416e-02 1.969884785413367895e-02 0.000000000000000000e+00 1.525586184105464926e-01 1.895191356986795873e-03 1.674151879174927415e-01
1.045445296517259585e-02 1.847829704082216973e-01 0.000000000000000000e+00 3.308947326185904952e-02 1.590206511273267384e-02 1.028471373284915898e-02 0.000000000000000000e+00 1.388582813497133694e-01 2.330138552606732250e-02 0.000000000000000000e+00 3.326010580921450605e-03 1.616933373603093582e-01 1.675729827535784033e-01 3.889517693843003339e-03 6.730954705047632880e-02 0.000000000000000000e+00 0.000000000000000000e+00 0.000000000000000000e+00 0.000000000000000000e+00 1.795352622042556134e-01
6.324348413038548278e-02 6.095716203943353506e-02 0.000000000000000000e+00 5.294928134513045975e-02 1.109358112705513127e-01 4.803660137130580376e-02 0.000000000000000000e+00 0.000000000000000000e+00 2.266655981869994119e-01 0.000000000000000000e+00 2.962333557721267760e-03 1.620849187499427968e-01 1.441854558091096826e-02 7.341043699587717838e-03 1.244160528492539372e-02 0.000000000000000000e+00 0.000000000000000000e+00 0.000000000000000000e+00 2.125711114088182363e-01 2.539250337428751447e-02
9.475643331614104492e-02 1.173277696836499961e-01 0.000000000000000000e+00 6.752138501378847357e-02 1.950403240946357170e-02 3.000739740329434399e-02 0.000000000000000000e+00 1.296693715852168249e-01 4.299820535147016315e-02 0.000000000000000000e+00 0.000000000000000000e+00 1.038344265533605038e-01 9.075027853801705124e-02 1.403205988901111423e-01 0.000000000000000000e+00 0.000000000000000000e+00 0.000000000000000000e+00 0.000000000000000000e+00 1.633101012554869225e-01 0.000000000000000000e+00
5.308379762511680061e-02 2.629408260668935834e-02 4.328661131073352486e-02 0.000000000000000000e+00 3.460237761251303001e-02 1.575435622122001167e-01 1.389559749888275297e-01 1.386668460755137444e-01 1.278637375486466922e-02 0.000000000000000000e+00 0.000000000000000000e+00 0.000000000000000000e+00 2.548175457220864734e-02 9.551133343064652920e-03 0.000000000000000000e+00 0.000000000000000000e+00 0.000000000000000000e+00 0.000000000000000000e+00 1.619358500028651449e-01 1.978116358954028209e-01
5.156080065650989891e-02 1.328260526957674159e-01 1.685479989900763934e-02 1.355561323969576293e-01 0.000000000000000000e+00 0.000000000000000000e+00 1.234876329651996563e-01 1.065739441919140718e-01 7.940847072548402885e-02 0.000000000000000000e+00 0.000000000000000000e+00 0.000000000000000000e+00 0.000000000000000000e+00 0.000000000000000000e+00 5.941664855268570522e-02 0.000000000000000000e+00 0.000000000000000000e+00 1.015525960427969415e-01 2.519634813490031697e-02 1.675665737387765364e-01
6.000229086441070817e-04 1.427655749440069344e-01 7.291337657439040006e-03 9.972975739466263811e-02 0.000000000000000000e+00 1.426413687689883636e-01 8.593501938947633104e-03 2.763825183821970455e-02 2.210025548942788909e-01 1.791220132299964699e-02 5.772938126009025291e-03 5.256779353267558921e-03 2.792642755424545528e-02 0.000000000000000000e+00 5.955547072464946468e-02 3.354210856056138307e-02 1.564696784945137364e-01 1.754210625654912051e-02 4.468957809243888010e-03 2.129096145277325006e-02
1.993427980793841328e-02 6.601107141247972154e-02 0.000000000000000000e+00 5.530577727966080187e-02 1.726133489612551308e-01 7.797922856007449485e-03 0.000000000000000000e+00 1.666898673478864334e-02 2.902148208175102384e-02 0.000000000000000000e+00 0.000000000000000000e+00 1.441849303962884632e-01 9.639081518869876963e-02 0.000000000000000000e+00 1.456758232897856220e-01 0.000000000000000000e+00 4.920936184119070744e-02 0.000000000000000000e+00 6.077868703686736124e-02 1.364075131132880814e-01
0.000000000000000000e+00 0.000000000000000000e+00 5.621011190783596623e-02 0.000000000000000000e+00 1.599471201124449959e-01 2.082705857175677910e-01 9.477013535471873196e-02 4.334203871194222679e-02 0.000000000000000000e+00 0.000000000000000000e+00 0.000000000000000000e+00 3.999242451474896431e-02 8.262627735045895150e-02 0.000000000000000000e+00 2.388662451288998262e-02 0.000000000000000000e+00 0.000000000000000000e+00 0.000000000000000000e+00 2.473241061216663872e-01 4.363057569572611344e-02
3.705826317649076052e-03 1.686722685341245642e-01 0.000000000000000000e+00 5.505800593780807439e-02 1.915244040204047982e-01 0.000000000000000000e+00 2.940325314495550665e-02 1.064842185009065162e-01 4.452115962520360876e-02 0.000000000000000000e+00 0.000000000000000000e+00 1.095554353388154684e-01 0.000000000000000000e+00 0.000000000000000000e+00 0.000000000000000000e+00 0.000000000000000000e+00 1.610929467232096596e-02 7.756260646787481450e-02 4.347900897432062373e-02 1.539245184656158338e-01
3.075359914797244198e-03 1.407189723794276780e-02 1.137487909168534844e-01 5.298582556513421055e-02 1.700626719809550103e-01 0.000000000000000000e+00 0.000000000000000000e+00 1.020195349776141513e-02 6.795215775484027276e-02 0.000000000000000000e+00 0.000000000000000000e+00 1.912954017399816908e-01 1.479290749876146886e-02 5.033266622338829904e-02 1.521191793084898380e-01 3.385621286826440320e-03 1.453007825081501503e-01 0.000000000000000000e+00 0.000000000000000000e+00 1.067478456611771487e-02
