0.000000000000000000e+00 1.411416672971748942e-01 8.805495758925574457e-02 1.449635382794580707e-01 0.000000000000000000e+00 0.000000000000000000e+00 2.969313846877294841e-02 1.522565744186038343e-02 0.000000000000000000e+00 8.286041821943227956e-03 0.000000000000000000e+00 0.000000000000000000e+00 0.000000000000000000e+00 0.000000000000000000e+00 1.891207427865592150e-01 5.043071968842043756e-02 7.451517589962894372e-02 2.299464785294265401e-02 0.000000000000000000e+00 2.606073344870890249e-02 5.475575846096343915e-03 2.225061043705909517e-03 3.177723601658252045e-02 2.708496016568981771e-03 1.673266105023207551e-01
5.419492607611541696e-02 1.215842106051737148e-01 2.431895356023917702e-03 9.761303092179526852e-03 5.092745793918681749e-03 3.882079511256227022e-02 1.077689273214358923e-01 4.659589183002476459e-02 7.065205645365602027e-02 7.858209900658550892e-03 0.000000000000000000e+00 2.390726333987211460e-02 7.970953662525807242e-04 0.000000000000000000e+00 1.879070163052178333e-01 8.935130503079977138e-02 0.000000000000000000e+00 9.322656215759284049e-03 0.000000000000000000e+00 4.388214791822516933e-03 2.953547005842162201e-03 0.000000000000000000e+00 4.664745106215232445e-03 1.700670480425557074e-01 4.188014725391410453e-02
5.026966119424371160e-02 9.916462383789190205e-02 3.151407578318228975e-03 0.000000000000000000e+00 0.000000000000000000e+00 1.532725797818574459e-02 1.041555682278078737e-01 1.177510226712175506e-01 1.296114544291161047e-02 1.187487193822520798e-01 0.000000000000000000e+00 9.248271359321760809e-02 9.505041713494751660e-03 1.732207487020671552e-03 6.909634088255475759e-02 1.627503956908086247e-01 0.000000000000000000e+00 1.904863325134766028e-02 3.929241273600157271e-03 5.043255022713319033e-03 0.000000000000000000e+00 7.972538726661644592e-02 1.355950680513752504e-02 2.159787070065977491e-02 0.000000000000000000e+00
6.798847681797242151e-04 1.143335639801497106e-01 1.903046658763085652e-02 0.000000000000000000e+00 1.280696818155239725e-01 8.702036324433021219e-02 0.000000000000000000e+00 0.000000000000000000e+00 0.000000000000000000e+00 1.189691913738174850e-03 4.357607227574028519e-03 1.232358255281313653e-01 6.833068580034950060e-03 0.000000000000000000e+00 1.004868617522731433e-01 3.411090740870739019e-02 0.000000000000000000e+00 1.118476546141727590e-01 8.691400569109378194e-02 1.963153449689523239e-02 0.000000000000000000e+00 1.373042102236001014e-03 1.659834965211627600e-02 1.442874906372123289e-01 0.000000000000000000e+00
1.208527804927344296e-01 0.000000000000000000e+00 0.000000000000000000e+00 0.000000000000000000e+00 5.725493283309482373e-02 0.000000000000000000e+00 1.363127527257788733e-02 0.000000000000000000e+00 2.839281266381163057e-02 8.343267627932077213e-02 3.668494453751036666e-02 3.955668532160346029e-02 4.393753238638996826e-03 8.728565780643772476e-03 2.088042646622394194e-01 1.189262087088054781e-01 2.517307551823780645e-02 3.045904472562275395e-02 5.113067921110335534e-02 0.000000000000000000e+00 0.000000000000000000e+00 0.000000000000000000e+00 7.435452172577960983e-03 1.651428485814770974e-01 0.000000000000000000e+00
7.757367394306370623e-02 1.095638062298401189e-01 5.064903375972659022e-02 1.267149009727894238e-01 1.448118164493372197e-02 0.000000000000000000e+00 4.007615983860929321e-02 4.039750087445653087e-02 2.344062447030813290e-02 0.000000000000000000e+00 0.000000000000000000e+00 9.977315993779198311e-03 5.167552012602594919e-03 0.000000000000000000e+00 2.063885777135022193e-01 1.210982621303159229e-01 0.000000000000000000e+00 9.250667320214324418e-03 0.000000000000000000e+00 0.000000000000000000e+00 0.000000000000000000e+00 0.000000000000000000e+00 8.224300940144686420e-03 1.568700397678230232e-02 1.413094381789312126e-01
8.280049537178525709e-02 4.766786939116880034e-02 0.000000000000000000e+00 1.097100666039940373e-02 1.464669345975248282e-01 2.255240029437041369e-02 3.999852850293812018e-02 5.684307359975207530e-02 0.000000000000000000e+00 1.195364735001078621e-01 1.138663157551513330e-02 1.120602458865414958e-01 3.471009506901262445e-03 6.355339946438796038e-03 4.478113623197881032e-02 1.398143271790372733e-01 6.672483346763372070e-02 0.000000000000000000e+00 5.334757253665452226e-03 0.000000000000000000e+00 1.824345794525383119e-02 8.516813915454864506e-03 1.242021180506073380e-02 1.006853264708900677e-03 4.304760010376283696e-02
0.000000000000000000e+00 1.175356559844267512e-01 1.565132583068893149e-02 1.201581285640680339e-03 9.666726819025490969e-02 0.000000000000000000e+00 3.876579820055077452e-03 3.826512194658308191e-02 0.000000000000000000e+00 1.417168826425074524e-01 0.000000000000000000e+00 1.388205636017576794e-01 0.000000000000000000e+00 3.639794300408697586e-02 1.963371513972439752e-01 1.168102828786477115e-01 1.071532422717063129e-02 0.000000000000000000e+00 2.001173273415149390e-02 6.038129897781198061e-03 0.000000000000000000e+00 0.000000000000000000e+00 3.948759616500276126e-02 0.000000000000000000e+00 2.046686039400074514e-02
9.863819856717105650e-02 0.000000000000000000e+00 0.000000000000000000e+00 0.000000000000000000e+00 8.017264090316006397e-02 0.000000000000000000e+00 5.665927583323891216e-03 6.817465061287573957e-02 0.000000000000000000e+00 7.186223809034699740e-03 0.000000000000000000e+00 0.000000000000000000e+00 5.826450162841124644e-03 0.000000000000000000e+00 2.115262354598462513e-01 2.575831136141189942e-02 0.000000000000000000e+00 5.860940860037655575e-02 5.013413661606680666e-04 2.216068766533078882e-02 0.000000000000000000e+00 8.787754114636888575e-03 1.070615571885155104e-01 1.706691546568937512e-01 1.292614579484210602e-01
6.189358807034908705e-02 8.551678660527033127e-02 2.168849840071300841e-02 9.185918533849860013e-02 1.205194517395339338e-01 0.000000000000000000e+00 0.000000000000000000e+00 1.427016609328004559e-01 8.074436311850277659e-02 1.152907053672906218e-01 0.000000000000000000e+00 0.000000000000000000e+00 8.958824444530819053e-03 0.000000000000000000e+00 1.558572317610254776e-01 3.747254401384197964e-02 1.492972721877491860e-02 0.000000000000000000e+00 2.090653383052411968e-02 2.984260256428398345e-02 0.000000000000000000e+00 0.000000000000000000e+00 1.181829659405988359e-02 0.000000000000000000e+00 0.000000000000000000e+00
0.000000000000000000e+00 6.730289493766597464e-04 3.082351733252131423e-02 7.343754592581532015e-02 5.458178569637742172e-02 0.000000000000000000e+00 3.011766695051266030e-03 0.000000000000000000e+00 0.000000000000000000e+00 1.507890006419592907e-02 1.702642117237780292e-02 1.146078737013453419e-01 1.145783307413853896e-01 1.835453060573537416e-03 1.503157021964499906e-01 1.153413344918092776e-01 8.129485102197754609e-02 1.149779696077471262e-02 4.496447913752445874e-02 0.000000000000000000e+00 0.000000000000000000e+00 1.825087988035352512e-03 2.491796776535696797e-02 5.273625965935618484e-03 1.389145311331159982e-01
0.000000000000000000e+00 2.864367048894204959e-02 1.214423159312578715e-01 0.000000000000000000e+00 2.421526338644131304e-01 3.613603335978782943e-03 3.979486515358701681e-02 1.358030051177011033e-01 1.508165382232768380e-02 7.174670223672532064e-03 0.000000000000000000e+00 0.000000000000000000e+00 0.000000000000000000e+00 0.000000000000000000e+00 1.465603568542387658e-01 0.000000000000000000e+00 8.101396387053046155e-03 3.178137703054898650e-02 0.000000000000000000e+00 8.409122053912889555e-03 0.000000000000000000e+00 0.000000000000000000e+00 1.122404186254080671e-02 1.661975862026815187e-01 3.401970167114387600e-02
4.422160277003854556e-02 2.715127645991806046e-02 1.855858428616982345e-02 1.751099698541880301e-02 6.805486155067304310e-02 5.733242076135205284e-03 5.031795576258920287e-03 0.000000000000000000e+00 7.687994228320454634e-03 6.454734735611636354e-02 0.000000000000000000e+00 6.603322541669924550e-02 1.383774902802323466e-02 3.033239100031420374e-02 1.572652158608180972e-01 0.000000000000000000e+00 1.374695792307445152e-01 1.227358895446664239e-01 1.524728076924369014e-01 0.000000000000000000e+00 0.000000000000000000e+00 0.000000000000000000e+00 3.000596283602956563e-02 1.657582883930192735e-02 1.477364926191664617e-02
2.734518532366102955e-02 1.239695095535121687e-02 0.000000000000000000e+00 2.984366591641381475e-02 4.024406039837478272e-02 0.000000000000000000e+00 0.000000000000000000e+00 1.397517175596031946e-01 0.000000000000000000e+00 2.101472233789637017e-02 1.428524905279876349e-02 1.266070543042606966e-01 0.000000000000000000e+00 0.000000000000000000e+00 1.836917423333312427e-01 0.000000000000000000e+00 6.740219994395041381e-02 1.107363749179950257e-01 1.890054099587180902e-01 0.000000000000000000e+00 0.000000000000000000e+00 2.664545586856280519e-03 2.483384093624546596e-02 0.000000000000000000e+00 1.017728047454362524e-02
0.000000000000000000e+00 4.607700237796307115e-03 8.437148405481710578e-02 9.007603837154533333e-02 2.778590506593567322e-02 0.000000000000000000e+00 1.529031901645817176e-02 5.703180192821732247e-02 2.605212362156928882e-04 7.439614321570827901e-03 0.000000000000000000e+00 1.192235333949380749e-01 8.793684598542804431e-02 0.000000000000000000e+00 3.882766474811492896e-02 1.464379498647993272e-01 7.331607452558107710e-03 1.895878077075481127e-03 8.786983538590951992e-02 3.531410926852639187e-02 0.000000000000000000e+00 5.204112948934824920e-04 7.381913244132787266e-03 1.622989385433802612e-01 1.809792850768712075e-02
0.000000000000000000e+00 0.000000000000000000e+00 0.000000000000000000e+00 0.000000000000000000e+00 1.477294708313570126e-01 6.086792490998808175e-03 1.669021570045994551e-01 1.231169272795624645e-02 9.528254414733334371e-03 1.481721375081703276e-02 0.000000000000000000e+00 1.330097870674526173e-01 4.307660559437692660e-02 4.254280580055566641e-02 3.386648779484652261e-02 0.000000000000000000e+00 0.000000000000000000e+00 3.327209051630772296e-02 1.480650122509097333e-01 1.396180176055909555e-03 0.000000000000000000e+00 2.867101817177677460e-03 3.219658297441879702e-02 8.468855904282633629e-02 8.764320574461034741e-02
3.346565130535835569e-02 6.757036960079808308e-02 1.158436312645739624e-01 1.237916763102617085e-01 1.947908477280767547e-01 5.830552480794284724e-03 0.000000000000000000e+00 0.000000000000000000e+00 1.657255935884490577e-02 1.378322635599482093e-01 0.000000000000000000e+00 1.925822600551163914e-03 0.000000000000000000e+00 0.000000000000000000e+00 4.369015172408342862e-02 3.592200803291900613e-02 1.207087256961360822e-01 1.099610884074735812e-02 2.926214400340450272e-02 1.295261858489564835e-03 1.881645690618204483e-02 0.000000000000000000e+00 3.795989281099828444e-02 2.280002215332286881e-03 1.445873702499979275e-03
7.291091996313671386e-02 2.173965942956909356e-02 4.067035326690086883e-02 0.000000000000000000e+00 0.000000000000000000e+00 0.000000000000000000e+00 1.195477073121667538e-01 1.385797590899990606e-01 0.000000000000000000e+00 1.689874629806155035e-02 1.312172607086162061e-02 9.775058480507806125e-02 3.203138898158951198e-02 0.000000000000000000e+00 1.314535330007196301e-01 0.000000000000000000e+00 8.341093960920337169e-02 0.000000000000000000e+00 1.679097498011387080e-01 0.000000000000000000e+00 0.000000000000000000e+00 0.000000000000000000e+00 0.000000000000000000e+00 0.000000000000000000e+00 6.397493237157501900e-02
3.934111865357679122e-02 1.447755558191934633e-01 2.375011617086971241e-02 5.958988606642515173e-02 0.000000000000000000e+00 0.000000000000000000e+00 8.569748847215305151e-03 0.000000000000000000e+00 0.000000000000000000e+00 2.471009164016243001e-02 8.581143928309527616e-03 6.971420050745735786e-02 0.000000000000000000e+00 1.504741850891686689e-02 2.952382579502705884e-01 0.000000000000000000e+00 7.342302303108269590e-03 7.342075430315389561e-02 1.326957173181506772e-02 0.000000000000000000e+00 0.000000000000000000e+00 1.893341410065109420e-02 5.579574610600856674e-03 4.557286363772963811e-02 1.465639812205440373e-01
2.921887539889993571e-03 1.068900794226775863e-01 1.125907356593657677e-01 1.357663392197494545e-01 1.418719922812038819e-02 0.000000000000000000e+00 0.000000000000000000e+00 0.000000000000000000e+00 1.495160353976375707e-02 5.609631181260916338e-02 0.000000000000000000e+00 5.899451484746192492e-02 3.624518460237632217e-02 0.000000000000000000e+00 2.011642319622472252e-01 1.562925741963019574e-02 0.000000000000000000e+00 4.718090952472311916e-02 0.000000000000000000e+00 0.000000000000000000e+00 6.380902875300282703e-03 3.450086854459741455e-03 0.000000000000000000e+00 3.654788296279295329e-02 1.510028725288320994e-01
1.129075024315798620e-01 9.993617670611670833e-02 3.383176514043131911e-02 2.929869355460159881e-03 1.603009701610323690e-02 1.132461074693187908e-01 1.259901331996526042e-01 8.754730384799690873e-03 1.298256260334721031e-02 2.910874915565356963e-02 3.809508372597156765e-03 1.570298796029509850e-02 8.637423803459092636e-03 0.000000000000000000e+00 2.097034138935544856e-01 1.229706867608079852e-02 2.749208091496641373e-02 1.206336879453691752e-01 2.199440422918492316e-03 3.476405516722144359e-03 1.470422540620186860e-02 6.958191975391960632e-03 1.798523202124210213e-02 6.826396287381663154e-04 0.000000000000000000e+00
6.190017600685727983e-02 5.174873874552963354e-02 1.172023131368856580e-02 5.849284393536817450e-02 3.376281916669612165e-02 0.000000000000000000e+00 3.019474089515526705e-02 1.637269730138987342e-02 2.451865535430967045e-03 1.164566368019321757e-01 0.000000000000000000e+00 0.000000000000000000e+00 0.000000000000000000e+00 1.843148809077649244e-03 1.915375581665640370e-01 1.162306896358959035e-01 1.649080237388255918e-02 7.456758495466736525e-02 0.000000000000000000e+00 1.798277083915913533e-03 0.000000000000000000e+00 0.000000000000000000e+00 4.945691086709998012e-03 6.719302412897561194e-02 1.422924740582629799e-01
0.000000000000000000e+00 4.784011501743553468e-02 1.725622203874384308e-02 9.999428686025918500e-02 7.522920467348701012e-02 0.000000000000000000e+00 3.823370367552018315e-03 1.618188535303245051e-02 5.447937657964530000e-03 9.282322216957145100e-02 1.090270362002636502e-02 6.703307414143004107e-03 2.523290044784053804e-02 1.136833833608963396e-02 1.802854189598946111e-01 1.577853150983653946e-02 6.595173839772741978e-03 7.947932521897514702e-02 1.443778225790763037e-01 1.959701486262440794e-03 2.753882790733782823e-02 5.345480129351146657e-03 1.089149295739023221e-01 1.218951927909163457e-02 4.731775560353753546e-03
2.824205553365944418e-03 0.000000000000000000e+00 0.000000000000000000e+00 4.939604508315695308e-02 1.382226940777488977e-01 7.949701222821141389e-02 1.011265514861574072e-03 0.000000000000000000e+00 8.059500924978028891e-03 1.262939027836963990e-01 2.084103107883036182e-02 9.013804131645655748e-02 7.033412102044477206e-03 0.000000000000000000e+00 1.163539474801637275e-01 1.062697510757965869e-01 0.000000000000000000e+00 2.041855658615990624e-02 1.438521007928076911e-01 1.153624529652969716e-02 0.000000000000000000e+00 0.000000000000000000e+00 0.000000000000000000e+00 4.111790196811673098e-02 3.713438613707506497e-02
0.000000000000000000e+00 0.000000000000000000e+00 4.583289036504379493e-02 1.263768802214296390e-02 1.738102983255706002e-01 0.000000000000000000e+00 0.000000000000000000e+00 8.566896856798490723e-02 0.000000000000000000e+00 6.046519193560074418e-02 6.123324738233935222e-03 8.578057635215348420e-02 5.738325093226014431e-03 0.000000000000000000e+00 1.358111473127371904e-01 0.000000000000000000e+00 1.111625565742863260e-02 3.035876264559998327e-03 1.516541381945704647e-02 0.000000000000000000e+00 3.784000631606989490e-02 8.518513331484730416e-03 1.677867848326889955e-01 2.016512415827830321e-02 1.245036149073388415e-01
1.214320560967167319e-02 1.221885227191505940e-01 0.000000000000000000e+00 0.000000000000000000e+00 1.033390313343502363e-02 0.000000000000000000e+00 9.698673733685503947e-04 0.000000000000000000e+00 0.000000000000000000e+00 8.541026957899558458e-04 7.543047791538313833e-03 1.124690245906250913e-01 8.718138050594521904e-03 3.066188989028116943e-02 1.646750529821196518e-01 1.935034938946079142e-01 2.162899936323705447e-03 8.647085640083122804e-02 1.240594260365047302e-01 1.314720976143875231e-02 0.000000000000000000e+00 0.000000000000000000e+00 6.268018877594297433e-02 3.325760991316110277e-02 1.416156044461505496e-02
1.046717232067807812e-02 1.246144422797221402e-01 1.039983853942259145e-02 0.000000000000000000e+00 4.388897566645971055e-02 0.000000000000000000e+00 1.667920049543606398e-01 0.000000000000000000e+00 1.530042485244757604e-02 4.796186395279418598e-03 1.327648145215234825e-02 0.000000000000000000e+00 0.000000000000000000e+00 0.000000000000000000e+00 3.496115346798456258e-01 0.000000000000000000e+00 0.000000000000000000e+00 0.000000000000000000e+00 0.000000000000000000e+00 0.000000000000000000e+00 0.000000000000000000e+00 2.109536573244849555e-02 1.650309931055290308e-02 1.793718513994386754e-01 4.388262241719165235e-02
0.000000000000000000e+00 1.745265200006564446e-02 9.360952653762723286e-02 3.087862321009446701e-03 4.220320419493003156e-02 0.000000000000000000e+00 5.292272301976366777e-02 1.745202756269526034e-02 0.000000000000000000e+00 7.462438188441309489e-03 1.557546073736687693e-03 1.191810686597481739e-01 3.318301355932404967e-02 4.481138895355684520e-02 1.724517226271242154e-01 0.000000000000000000e+00 1.212603643345740861e-02 2.817401501277144379e-02 1.436063916126027046e-03 6.514960741482454841e-04 2.914546384886525579e-02 0.000000000000000000e+00 1.720737956896675191e-01 2.383415395761720457e-02 1.271838013693243619e-01
0.000000000000000000e+00 0.000000000000000000e+00 8.653072892539659389e-02 9.188827379019483266e-02 1.423958273183399403e-01 0.000000000000000000e+00 0.000000000000000000e+00 1.904877944097518178e-03 0.000000000000000000e+00 8.805808041840810368e-03 1.622374604477867105e-02 3.924894098297496831e-02 0.000000000000000000e+00 0.000000000000000000e+00 2.356309461891295809e-01 1.086681632043239309e-01 2.417601514193098641e-02 5.919880826338698443e-02 3.546542152241066725e-02 0.000000000000000000e+00 0.000000000000000000e+00 0.000000000000000000e+00 0.000000000000000000e+00 1.498624426311944702e-01 0.000000000000000000e+00
2.211037699717294941e-02 0.000000000000000000e+00 2.411403091070732363e-02 0.000000000000000000e+00 1.269297730544104719e-01 5.639563462377125518e-03 9.778008511053750892e-03 0.000000000000000000e+00 3.225558191125726254e-02 8.312326103078118700e-02 0.000000000000000000e+00 0.000000000000000000e+00 0.000000000000000000e+00 0.000000000000000000e+00 2.235243372256165151e-01 1.091020650972440720e-01 4.120332678857186598e-02 0.000000000000000000e+00 5.170083687806344662e-03 1.418994277884687120e-02 0.000000000000000000e+00 0.000000000000000000e+00 1.906742022390381028e-02 1.556403401325236746e-01 1.281518881877268257e-01
4.509679472812740814e-02 9.655952656208414975e-02 8.128516463110995426e-04 6.510580943105836668e-03 4.202168759701418316e-02 0.000000000000000000e+00 3.551886354352034453e-03 0.000000000000000000e+00 7.690957065579992827e-03 0.000000000000000000e+00 3.011921895433274446e-02 3.578286090848013801e-02 0.000000000000000000e+00 7.209890115981465800e-03 1.836971898578448892e-01 4.414164979640543968e-02 2.318223334085722787e-02 1.134273925442025183e-01 1.757586388446831516e-01 0.000000000000000000e+00 0.000000000000000000e+00 0.000000000000000000e+00 4.649291073410592029e-02 0.000000000000000000e+00 1.379437300065317340e-01
0.000000000000000000e+00 0.000000000000000000e+00 1.257530654573591269e-02 1.880622911238250330e-02 3.910932606314374699e-02 0.000000000000000000e+00 3.153797674690494296e-02 1.109959225544684125e-01 2.247754165857483027e-02 1.211033869496636606e-01 7.941436767548196510e-03 5.590345866910949313e-02 0.000000000000000000e+00 0.000000000000000000e+00 1.682730572318764661e-01 1.422907597087303966e-01 2.619897663603171570e-02 7.197522077822492148e-02 1.235812147952128522e-02 0.000000000000000000e+00 1.771837751926746279e-02 1.725802311134872662e-03 0.000000000000000000e+00 1.390090992676811799e-01 0.000000000000000000e+00
0.000000000000000000e+00 2.371014557183191707e-02 0.000000000000000000e+00 1.381783078752096550e-01 2.139954717245535695e-02 0.000000000000000000e+00 1.012216159880000715e-02 0.000000000000000000e+00 0.000000000000000000e+00 0.000000000000000000e+00 1.556386367988083462e-02 0.000000000000000000e+00 0.000000000000000000e+00 0.000000000000000000e+00 3.111770365798360860e-01 1.301234631022631927e-01 0.000000000000000000e+00 1.147404481702642004e-01 1.546123291780718001e-01 2.354617732191482612e-02 7.642567458031376999e-03 0.000000000000000000e+00 0.000000000000000000e+00 4.713205722191585872e-02 2.051895069524943722e-03
2.835877252461586895e-03 5.363420920354597388e-02 4.886483230758503077e-02 1.619144508703369567e-01 1.664056059100476881e-01 0.000000000000000000e+00 1.200090467070760170e-01 1.047991498298999763e-01 0.000000000000000000e+00 0.000000000000000000e+00 1.763204778596510656e-04 7.557845769468297947e-02 1.385623127076045409e-02 0.000000000000000000e+00 8.647894955325393165e-03 1.547771751771985678e-02 0.000000000000000000e+00 1.046122869497576177e-03 1.769411354179957208e-01 1.924853417294579341e-03 0.000000000000000000e+00 1.729938759479392229e-03 4.615815553843118091e-02 0.000000000000000000e+00 0.000000000000000000e+00
8.201780469389295669e-02 0.000000000000000000e+00 9.960798011345037284e-02 7.839704593861417797e-03 2.347160709248707344e-01 0.000000000000000000e+00 1.812907690340635411e-02 4.256689619543851943e-02 2.500819635680422842e-03 2.263704025553276919e-02 0.000000000000000000e+00 8.136953818545662742e-02 0.000000000000000000e+00 5.863663569010314422e-03 1.550303191369816480e-01 1.232030217421919505e-03 6.259911367331357120e-03 0.000000000000000000e+00 0.000000000000000000e+00 9.938549420516721786e-03 0.000000000000000000e+00 0.000000000000000000e+00 1.131993575836379206e-03 1.465618293970294972e-01 8.259677181428196069e-02
