0.000000000000000000e+00 2.493270550839764548e-03 2.252401163921984029e-02 1.818020161316174772e-04 2.314130974796112933e-02 0.000000000000000000e+00 1.556664009523456849e-01 0.000000000000000000e+00 0.000000000000000000e+00 0.000000000000000000e+00 0.000000000000000000e+00 1.560606488091647592e-01 0.000000000000000000e+00 0.000000000000000000e+00 1.074548842519767317e-01 1.367597474801087731e-01 3.491739925792961691e-02 0.000000000000000000e+00 0.000000000000000000e+00 8.675462181556937991e-03 0.000000000000000000e+00 2.030656190570757566e-02 1.471733852832639022e-01 4.726345018324126096e-02 1.373816657405524666e-01
0.000000000000000000e+00 4.767822302646744156e-03 1.317820489637747117e-01 1.214664714423686759e-01 1.298849690989390959e-01 3.176276052397264404e-02 0.000000000000000000e+00 0.000000000000000000e+00 1.133562689192793918e-02 2.095384977597241835e-02 4.606134930737554312e-02 3.119361349394568772e-01 0.000000000000000000e+00 1.134992016825923716e-03 6.833472733837635260e-02 9.700457995035083325e-02 1.315076602930085291e-03 0.000000000000000000e+00 0.000000000000000000e+00 0.000000000000000000e+00 0.000000000000000000e+00 0.000000000000000000e+00 0.000000000000000000e+00 2.112150542838555842e-02 1.138085416696653579e-03
0.000000000000000000e+00 0.000000000000000000e+00 0.000000000000000000e+00 0.000000000000000000e+00 0.000000000000000000e+00 8.038218916520040169e-03 0.000000000000000000e+00 2.503267939661951366e-02 6.563308061795224135e-02 0.000000000000000000e+00 0.000000000000000000e+00 2.585962329837911966e-01 0.000000000000000000e+00 0.000000000000000000e+00 1.665886733989446478e-01 1.029079886682394696e-01 0.000000000000000000e+00 5.546551254406562048e-02 0.000000000000000000e+00 9.162357141016332085e-02 0.000000000000000000e+00 9.287361818585769535e-02 8.999814237582151946e-03 3.950823788419870197e-02 8.473237175606534999e-02
4.662504658071522923e-02 1.882334461622128807e-02 0.000000000000000000e+00 4.128322817347108986e-02 2.008932223180645293e-01 0.000000000000000000e+00 4.689664254559303830e-03 0.000000000000000000e+00 5.396659076927182858e-02 1.597129506127361875e-01 0.000000000000000000e+00 2.072116814022456899e-01 0.000000000000000000e+00 0.000000000000000000e+00 2.276443001249571149e-02 2.734732529059781536e-02 0.000000000000000000e+00 0.000000000000000000e+00 1.092955293222458019e-01 3.532968971981307552e-03 9.289219220656133591e-02 0.000000000000000000e+00 0.000000000000000000e+00 1.096182546883277091e-02 0.000000000000000000e+00
1.032461024416805873e-01 0.000000000000000000e+00 0.000000000000000000e+00 0.000000000000000000e+00 4.965560104844370104e-02 0.000000000000000000e+00 9.764454742241517049e-02 0.000000000000000000e+00 8.851258689946834559e-04 2.213245329795187656e-03 2.160642976423570935e-02 1.058540002078291048e-01 0.000000000000000000e+00 3.703645399399795729e-02 3.047441065884520239e-01 1.705713274925182987e-02 5.733327433537319801e-02 0.000000000000000000e+00 1.081378138576463699e-02 2.717878218071583321e-02 0.000000000000000000e+00 0.000000000000000000e+00 1.436162482297696080e-02 1.432795204500833253e-01 7.090271409989950396e-03
3.003928358045509714e-02 0.000000000000000000e+00 0.000000000000000000e+00 0.000000000000000000e+00 1.326208953377452371e-01 0.000000000000000000e+00 1.649262732323002190e-01 1.687152650688813205e-01 0.000000000000000000e+00 0.000000000000000000e+00 0.000000000000000000e+00 3.446813045305837098e-01 0.000000000000000000e+00 0.000000000000000000e+00 4.982261674851763862e-03 0.000000000000000000e+00 0.000000000000000000e+00 0.000000000000000000e+00 0.000000000000000000e+00 0.000000000000000000e+00 0.000000000000000000e+00 0.000000000000000000e+00 2.500021444430320164e-02 1.290345021308794415e-01 0.000000000000000000e+00
0.000000000000000000e+00 1.150881875497588025e-01 1.313241611336119219e-01 0.000000000000000000e+00 1.672518754706920907e-01 0.000000000000000000e+00 9.398186911389547205e-02 5.520780252099506680e-02 1.735117059200886810e-02 4.817586503121761704e-03 0.000000000000000000e+00 0.000000000000000000e+00 0.000000000000000000e+00 0.000000000000000000e+00 2.246700948008804877e-01 0.000000000000000000e+00 2.255819040931162159e-02 0.000000000000000000e+00 0.000000000000000000e+00 2.155264774959175442e-03 0.000000000000000000e+00 0.000000000000000000e+00 0.000000000000000000e+00 1.611775214172613546e-01 4.416275713503383001e-03
0.000000000000000000e+00 1.251016758824593234e-01 1.425044606133024985e-02 0.000000000000000000e+00 5.248580367946616143e-02 1.134937493676546269e-02 3.157661021942709256e-02 1.170537213879131039e-01 1.520726459048113129e-03 1.110788015142357421e-01 1.413277712794723008e-02 3.929290503914396882e-02 1.629240089290183869e-03 0.000000000000000000e+00 1.643546319718603432e-01 0.000000000000000000e+00 0.000000000000000000e+00 0.000000000000000000e+00 0.000000000000000000e+00 0.000000000000000000e+00 0.000000000000000000e+00 1.857005360309819386e-01 5.479401324256145435e-03 1.249933482758747993e-01 0.000000000000000000e+00
0.000000000000000000e+00 0.000000000000000000e+00 8.722204443451196665e-02 0.000000000000000000e+00 1.076530619999871985e-01 5.783390797964486386e-03 0.000000000000000000e+00 8.501759589735244371e-02 1.272056215476025792e-02 0.000000000000000000e+00 0.000000000000000000e+00 2.678334858058689649e-01 1.290867756074881231e-02 0.000000000000000000e+00 1.324701314608802694e-01 0.000000000000000000e+00 1.029058423729541441e-02 8.323596574640614032e-02 0.000000000000000000e+00 0.000000000000000000e+00 0.000000000000000000e+00 1.274054605227112891e-01 1.181962041575736373e-02 1.821892215940171603e-02 3.742049680635369663e-02
0.000000000000000000e+00 0.000000000000000000e+00 1.098116422140354154e-01 0.000000000000000000e+00 0.000000000000000000e+00 0.000000000000000000e+00 2.945158834943726878e-01 0.000000000000000000e+00 0.000000000000000000e+00 0.000000000000000000e+00 0.000000000000000000e+00 3.323214211317420119e-01 0.000000000000000000e+00 0.000000000000000000e+00 1.058976613863437180e-02 0.000000000000000000e+00 0.000000000000000000e+00 2.137711047463872194e-02 4.845408921005444486e-02 2.886589062871244143e-02 0.000000000000000000e+00 0.000000000000000000e+00 0.000000000000000000e+00 0.000000000000000000e+00 1.540641967078098806e-01
0.000000000000000000e+00 7.305604116159421235e-02 1.674124758701500681e-01 4.755970919404994141e-02 1.934542883076069142e-01 0.000000000000000000e+00 1.184282568887524978e-02 1.417422692058938893e-01 3.021011594436135914e-02 0.000000000000000000e+00 0.000000000000000000e+00 1.648515331051632893e-01 2.726113357471565864e-03 0.000000000000000000e+00 0.000000000000000000e+00 9.987122516859572863e-02 2.050097600001952666e-02 0.000000000000000000e+00 2.811017493974935465e-03 1.295434423135789943e-02 0.000000000000000000e+00 2.818992143711806370e-02 2.817143833767323229e-03 0.000000000000000000e+00 0.000000000000000000e+00
0.000000000000000000e+00 0.000000000000000000e+00 0.000000000000000000e+00 1.608209651214653410e-02 9.944856378406759234e-02 0.000000000000000000e+00 1.520452571336903536e-01 1.027537335816154779e-01 0.000000000000000000e+00 0.000000000000000000e+00 0.000000000000000000e+00 4.757796650048843473e-02 0.000000000000000000e+00 0.000000000000000000e+00 1.941160895558450422e-02 0.000000000000000000e+00 7.529969050650513196e-02 3.858062375841410374e-02 0.000000000000000000e+00 0.000000000000000000e+00 0.000000000000000000e+00 1.533969996813292214e-01 1.466970205927013715e-01 1.487064389934572850e-01 0.000000000000000000e+00
0.000000000000000000e+00 0.000000000000000000e+00 3.341153801594252959e-02 1.775965021930338977e-02 0.000000000000000000e+00 0.000000000000000000e+00 1.760832890919187266e-01 9.364129531298513720e-02 1.278294261382661445e-01 5.944537977655277305e-02 0.000000000000000000e+00 4.175406465422531327e-02 0.000000000000000000e+00 0.000000000000000000e+00 3.822013962961386818e-02 0.000000000000000000e+00 1.072611638849167437e-01 1.221957762675939391e-01 0.000000000000000000e+00 3.668425338200622353e-03 0.000000000000000000e+00 1.447949607080166179e-01 0.000000000000000000e+00 3.393489096246425640e-02 0.000000000000000000e+00
0.000000000000000000e+00 0.000000000000000000e+00 0.000000000000000000e+00 0.000000000000000000e+00 1.529047709792427101e-01 0.000000000000000000e+00 1.764620113538654111e-01 0.000000000000000000e+00 0.000000000000000000e+00 0.000000000000000000e+00 0.000000000000000000e+00 2.005341283724607904e-01 3.154384689731432739e-02 0.000000000000000000e+00 0.000000000000000000e+00 8.151564737551280498e-03 0.000000000000000000e+00 1.746780649824185849e-01 0.000000000000000000e+00 0.000000000000000000e+00 0.000000000000000000e+00 0.000000000000000000e+00 9.284239552403138196e-02 0.000000000000000000e+00 1.628832171531153783e-01
0.000000000000000000e+00 0.000000000000000000e+00 1.652132548012151814e-01 0.000000000000000000e+00 2.687657454129805390e-01 0.000000000000000000e+00 1.524232718827604142e-03 1.340060314943816167e-01 0.000000000000000000e+00 0.000000000000000000e+00 0.000000000000000000e+00 2.549585227935565745e-01 0.000000000000000000e+00 0.000000000000000000e+00 3.545734677673727502e-04 1.246404508092152225e-01 0.000000000000000000e+00 0.000000000000000000e+00 2.464709271810881785e-03 8.012597852746598803e-03 0.000000000000000000e+00 1.445757656948270901e-02 0.000000000000000000e+00 2.560230480801562250e-02 0.000000000000000000e+00
0.000000000000000000e+00 0.000000000000000000e+00 1.264587893093580273e-01 9.708076631385240476e-03 2.007165682435769483e-01 0.000000000000000000e+00 1.731446327836558829e-01 6.699682842450052633e-02 8.193142349835151605e-02 0.000000000000000000e+00 0.000000000000000000e+00 4.232780030257566467e-02 0.000000000000000000e+00 0.000000000000000000e+00 0.000000000000000000e+00 0.000000000000000000e+00 3.903034576043324581e-04 1.447612507239774970e-01 1.052248501285210375e-03 0.000000000000000000e+00 0.000000000000000000e+00 0.000000000000000000e+00 0.000000000000000000e+00 0.000000000000000000e+00 1.525120781237291057e-01
6.722553359367025583e-02 4.509595961991365309e-02 1.584281817054874475e-01 0.000000000000000000e+00 9.912811055074327582e-02 0.000000000000000000e+00 0.000000000000000000e+00 1.315249924959586980e-01 1.918209199321888568e-03 4.142726041854297159e-03 0.000000000000000000e+00 1.441733182590766993e-01 1.091660573765131440e-02 0.000000000000000000e+00 0.000000000000000000e+00 0.000000000000000000e+00 0.000000000000000000e+00 0.000000000000000000e+00 8.164856234056389050e-02 6.410271649015282514e-02 0.000000000000000000e+00 1.426340722094207314e-01 0.000000000000000000e+00 4.906101175618507448e-02 0.000000000000000000e+00
0.000000000000000000e+00 9.937135991949348768e-02 6.252426805066033100e-02 0.000000000000000000e+00 1.760557884542113816e-01 0.000000000000000000e+00 2.041837855852331185e-01 1.435301466320108021e-01 6.181772448869632744e-03 2.247389780932683781e-02 0.000000000000000000e+00 0.000000000000000000e+00 0.000000000000000000e+00 0.000000000000000000e+00 1.141738723240064285e-01 0.000000000000000000e+00 0.000000000000000000e+00 0.000000000000000000e+00 8.945724055952634923e-02 1.361384369077885213e-03 0.000000000000000000e+00 1.755925263712066267e-02 0.000000000000000000e+00 0.000000000000000000e+00 6.312723121046326380e-02
1.944323224952531834e-02 1.438215616863943447e-01 0.000000000000000000e+00 0.000000000000000000e+00 3.602892693784816303e-02 0.000000000000000000e+00 1.968900301783635398e-01 5.730171785550588343e-02 1.275024275489138569e-02 0.000000000000000000e+00 0.000000000000000000e+00 0.000000000000000000e+00 0.000000000000000000e+00 0.000000000000000000e+00 1.254467161885166604e-01 0.000000000000000000e+00 0.000000000000000000e+00 0.000000000000000000e+00 1.780418511210913116e-02 1.595328873312781490e-02 0.000000000000000000e+00 2.406131203205139069e-02 1.621657366749779672e-01 2.161933254117484951e-02 1.667137170555135217e-01
0.000000000000000000e+00 0.000000000000000000e+00 5.628157598042080045e-02 1.023373087315311708e-01 1.201198539399822712e-01 0.000000000000000000e+00 0.000000000000000000e+00 1.281488995638484230e-01 2.309282023622244440e-02 0.000000000000000000e+00 0.000000000000000000e+00 1.735725671326422692e-01 1.087140502142247139e-01 0.000000000000000000e+00 0.000000000000000000e+00 1.044135688622626311e-02 7.512250059836972881e-03 5.631171181029261119e-02 0.000000000000000000e+00 2.015344185466451735e-02 0.000000000000000000e+00 0.000000000000000000e+00 2.020386694892814528e-02 3.607564200146702593e-02 1.370346546397123721e-01
6.808120776137809027e-02 6.215195497036899233e-03 0.000000000000000000e+00 5.777824570026279805e-02 7.517093800937671433e-02 0.000000000000000000e+00 0.000000000000000000e+00 4.943458561647107868e-02 8.801419461883872725e-03 1.366246799650704374e-03 8.645335625168745416e-03 3.163515959360906349e-01 0.000000000000000000e+00 7.747260982782234670e-03 2.663004124500117226e-02 0.000000000000000000e+00 9.033951175722762517e-02 1.361826128633441546e-01 1.872340642979325107e-02 3.073015569321336724e-03 0.000000000000000000e+00 0.000000000000000000e+00 0.000000000000000000e+00 0.000000000000000000e+00 1.254593807452107079e-01
1.377162446739095504e-03 1.464855125475286735e-01 1.274687781054702207e-01 1.668212685645181215e-01 3.303827994484249964e-02 0.000000000000000000e+00 2.651472759880851501e-02 0.000000000000000000e+00 0.000000000000000000e+00 1.724358854458227508e-01 3.075647518563199689e-03 1.884103299874103493e-02 0.000000000000000000e+00 0.000000000000000000e+00 1.485475863935533103e-01 0.000000000000000000e+00 2.822422679287587069e-02 4.043071699326515720e-04 0.000000000000000000e+00 0.000000000000000000e+00 0.000000000000000000e+00 4.681604777397417073e-03 1.890954476967136519e-02 1.989528937749926452e-02 8.327914554803604597e-02
0.000000000000000000e+00 0.000000000000000000e+00 4.210054259547879596e-02 0.000000000000000000e+00 2.972990832121589003e-02 0.000000000000000000e+00 2.952434676889194032e-01 0.000000000000000000e+00 8.528435611954635065e-02 0.000000000000000000e+00 0.000000000000000000e+00 1.856364598364194096e-01 0.000000000000000000e+00 0.000000000000000000e+00 1.533059071192451328e-01 0.000000000000000000e+00 0.000000000000000000e+00 4.745132466247448805e-02 0.000000000000000000e+00 0.000000000000000000e+00 0.000000000000000000e+00 1.459118552423336324e-01 1.533617841436681929e-02 0.000000000000000000e+00 0.000000000000000000e+00
0.000000000000000000e+00 8.485222839543471451e-02 1.311917854523015625e-01 3.058490785051015681e-02 1.808530463327718829e-01 0.000000000000000000e+00 0.000000000000000000e+00 0.000000000000000000e+00 0.000000000000000000e+00 0.000000000000000000e+00 0.000000000000000000e+00 2.535034822155273759e-01 0.000000000000000000e+00 0.000000000000000000e+00 8.460129598011265073e-02 0.000000000000000000e+00 0.000000000000000000e+00 1.537912312917874280e-01 0.000000000000000000e+00 2.929529584431312186e-02 0.000000000000000000e+00 0.000000000000000000e+00 0.000000000000000000e+00 1.827362286261533658e-02 3.305310377462588461e-02
0.000000000000000000e+00 4.905919089817775691e-02 1.622389295082715399e-01 0.000000000000000000e+00 8.779451638324253446e-03 0.000000000000000000e+00 0.000000000000000000e+00 0.000000000000000000e+00 6.479321861713699220e-03 0.000000000000000000e+00 0.000000000000000000e+00 2.022569128593538212e-01 3.775932659139126599e-03 0.000000000000000000e+00 2.345003776621853164e-01 1.126905257469381361e-01 1.155852292412336280e-02 0.000000000000000000e+00 1.394898611359183908e-02 1.819823270035807281e-04 0.000000000000000000e+00 2.454863897006287227e-03 5.288401693020178262e-02 0.000000000000000000e+00 1.391909849739694505e-01
9.550745316232863921e-03 8.706708140422734707e-03 0.000000000000000000e+00 0.000000000000000000e+00 1.144271539157238754e-01 0.000000000000000000e+00 3.267295125140093903e-01 0.000000000000000000e+00 1.497466724952049811e-03 0.000000000000000000e+00 0.000000000000000000e+00 1.737802153282836937e-01 0.000000000000000000e+00 0.000000000000000000e+00 1.244908869956067032e-01 3.010054938092978846e-02 0.000000000000000000e+00 0.000000000000000000e+00 0.000000000000000000e+00 0.000000000000000000e+00 0.000000000000000000e+00 0.000000000000000000e+00 0.000000000000000000e+00 2.819598427859854387e-02 1.825207774052403920e-01
0.000000000000000000e+00 0.000000000000000000e+00 1.021471019409876668e-01 5.844905587428150112e-02 2.326371958961419295e-02 0.000000000000000000e+00 1.101616546197897589e-01 1.298574647403102911e-01 0.000000000000000000e+00 2.110204613789746705e-02 4.713610719460827742e-03 1.445950181419799474e-01 1.124699346695618059e-02 2.875462004987420269e-03 1.127608357620668300e-01 0.000000000000000000e+00 1.107348130791477175e-01 0.000000000000000000e+00 0.000000000000000000e+00 0.000000000000000000e+00 0.000000000000000000e+00 8.562960673607386552e-02 0.000000000000000000e+00 3.026437885490324692e-02 5.219823833154312726e-02
0.000000000000000000e+00 0.000000000000000000e+00 1.010077925237031216e-01 0.000000000000000000e+00 1.130567743285654098e-01 0.000000000000000000e+00 2.064086181602737269e-01 0.000000000000000000e+00 2.711500450145085117e-02 0.000000000000000000e+00 0.000000000000000000e+00 0.000000000000000000e+00 0.000000000000000000e+00 0.000000000000000000e+00 7.172051547811085503e-02 9.276374135263597276e-02 8.050459902054099559e-02 0.000000000000000000e+00 0.000000000000000000e+00 1.029258941569904662e-01 0.000000000000000000e+00 0.000000000000000000e+00 1.653765392711303295e-01 3.619128830897948290e-02 2.929232897618734479e-03
6.122063596656257892e-03 0.000000000000000000e+00 0.000000000000000000e+00 0.000000000000000000e+00 7.166737374238577041e-03 1.309148257485781841e-01 0.000000000000000000e+00 2.759083346681063045e-02 1.161823070267209435e-01 0.000000000000000000e+00 0.000000000000000000e+00 2.499061920791799674e-01 1.469308121150021684e-01 3.357786066652795887e-03 5.905182228658847204e-03 2.758891020715038486e-02 0.000000000000000000e+00 0.000000000000000000e+00 0.000000000000000000e+00 0.000000000000000000e+00 0.000000000000000000e+00 0.000000000000000000e+00 1.380013023443941167e-01 0.000000000000000000e+00 1.403330477459571457e-01
0.000000000000000000e+00 0.000000000000000000e+00 8.102941593801397599e-03 2.725943206827594750e-02 1.413371277227032097e-01 1.797058117179207298e-02 2.276971298046991943e-01 0.000000000000000000e+00 7.877193879061962500e-02 1.510778142488016784e-01 0.000000000000000000e+00 1.754321576420960621e-02 0.000000000000000000e+00 0.000000000000000000e+00 1.070273910558182107e-01 0.000000000000000000e+00 5.994786216835040066e-02 0.000000000000000000e+00 0.000000000000000000e+00 0.000000000000000000e+00 0.000000000000000000e+00 2.140123791823403052e-02 1.242894102387387817e-01 0.000000000000000000e+00 1.757391745395588817e-02
0.000000000000000000e+00 1.522607445946250471e-01 5.320668793559992643e-02 7.171006966584919477e-03 0.000000000000000000e+00 0.000000000000000000e+00 1.375394560785690506e-03 0.000000000000000000e+00 0.000000000000000000e+00 0.000000000000000000e+00 0.000000000000000000e+00 1.754673430170800297e-01 0.000000000000000000e+00 1.230925617700440698e-02 8.746624411159302503e-02 0.000000000000000000e+00 2.786964350232959409e-02 2.229677163853600319e-01 0.000000000000000000e+00 0.000000000000000000e+00 0.000000000000000000e+00 1.144119486954292275e-01 1.454940140536081783e-01 0.000000000000000000e+00 0.000000000000000000e+00
0.000000000000000000e+00 1.994233058120623361e-02 1.173269402519916960e-01 0.000000000000000000e+00 0.000000000000000000e+00 3.404479589719942856e-02 1.874711136107466702e-01 0.000000000000000000e+00 0.000000000000000000e+00 6.964643541817598649e-02 0.000000000000000000e+00 8.120133269137991272e-02 0.000000000000000000e+00 0.000000000000000000e+00 0.000000000000000000e+00 1.303496629733690848e-01 0.000000000000000000e+00 0.000000000000000000e+00 0.000000000000000000e+00 2.960453362042328104e-02 0.000000000000000000e+00 7.423671479282678565e-02 7.358824059107689497e-02 1.163913413677881564e-01 6.619655820381591116e-02
0.000000000000000000e+00 0.000000000000000000e+00 0.000000000000000000e+00 0.000000000000000000e+00 6.435824630179770578e-02 7.304227373947053126e-02 0.000000000000000000e+00 1.870869161141862913e-01 1.221183545302599940e-02 0.000000000000000000e+00 0.000000000000000000e+00 1.818148533606817885e-01 0.000000000000000000e+00 0.000000000000000000e+00 4.181648095314658559e-02 2.597365236410349026e-02 8.896692087621566047e-02 3.568726061804611271e-04 0.000000000000000000e+00 0.000000000000000000e+00 0.000000000000000000e+00 2.298122961476528701e-03 7.606146513971888401e-02 9.193490830220639454e-02 1.540774518277896465e-01
0.000000000000000000e+00 0.000000000000000000e+00 5.266278258420899888e-02 5.807652301362787109e-03 2.858576866985577114e-01 0.000000000000000000e+00 1.416471523458903981e-01 2.732332924881318917e-02 5.857816081557303727e-04 0.000000000000000000e+00 0.000000000000000000e+00 3.277192896193506511e-01 4.350271676207842497e-02 0.000000000000000000e+00 5.855241110721721032e-04 0.000000000000000000e+00 2.637299251370026770e-02 3.240445045288398163e-02 0.000000000000000000e+00 0.000000000000000000e+00 0.000000000000000000e+00 2.330998823889892171e-02 0.000000000000000000e+00 3.222065351502675229e-02 0.000000000000000000e+00
0.000000000000000000e+00 0.000000000000000000e+00 1.622317283222573514e-01 0.000000000000000000e+00 6.128430883009256674e-03 1.264858327865830447e-02 7.146393255218588033e-04 0.000000000000000000e+00 7.145966209027157035e-04 0.000000000000000000e+00 0.000000000000000000e+00 2.144897943683322372e-01 1.492536922869377742e-03 2.837947988786773332e-03 1.049601249022550087e-01 0.000000000000000000e+00 2.946656650762240204e-02 1.627332501476450310e-01 0.000000000000000000e+00 0.000000000000000000e+00 2.894683386185023521e-03 0.000000000000000000e+00 0.000000000000000000e+00 1.595642135732215361e-01 1.391229037727330919e-01
0.000000000000000000e+00 0.000000000000000000e+00 1.983760590927196102e-02 0.000000000000000000e+00 2.694932268768258643e-01 0.000000000000000000e+00 1.095347373478021136e-01 0.000000000000000000e+00 2.411948948212232560e-02 0.000000000000000000e+00 0.000000000000000000e+00 1.672144864951199406e-01 0.000000000000000000e+00 0.000000000000000000e+00 1.507639456146189216e-01 1.336440237314653057e-01 0.000000000000000000e+00 0.000000000000000000e+00 4.555222513001689483e-02 8.938046325805453635e-03 0.000000000000000000e+00 0.000000000000000000e+00 0.000000000000000000e+00 7.618124969810722603e-03 6.328408811714048010e-02
0.000000000000000000e+00 8.777595048347394679e-03 3.121368160357321578e-02 8.168112707500844311e-03 2.362578080583785933e-01 0.000000000000000000e+00 0.000000000000000000e+00 1.476307040324226596e-04 0.000000000000000000e+00 1.223365322641952607e-01 7.721087362800229271e-04 1.822976111610773442e-01 7.663085234926962641e-02 0.000000000000000000e+00 5.405775540302161508e-02 0.000000000000000000e+00 6.225474162870663075e-02 0.000000000000000000e+00 0.000000000000000000e+00 1.788608023004887096e-02 0.000000000000000000e+00 0.000000000000000000e+00 1.353908095788526611e-01 3.756362656019729407e-02 2.624505396651811290e-02
1.649409448216567486e-01 8.124436740626042597e-02 0.000000000000000000e+00 0.000000000000000000e+00 2.129573087091795602e-01 1.192295731177353720e-02 0.000000000000000000e+00 0.000000000000000000e+00 0.000000000000000000e+00 0.000000000000000000e+00 0.000000000000000000e+00 1.874275119130030254e-01 0.000000000000000000e+00 0.000000000000000000e+00 1.023029292425846337e-01 0.000000000000000000e+00 6.915124992776864113e-03 1.595623724651558939e-01 0.000000000000000000e+00 1.907109747144872594e-02 0.000000000000000000e+00 0.000000000000000000e+00 0.000000000000000000e+00 5.365538566616064042e-02 0.000000000000000000e+00
0.000000000000000000e+00 0.000000000000000000e+00 1.706872403825191505e-03 0.000000000000000000e+00 4.718198655675458209e-02 0.000000000000000000e+00 1.499998370585752805e-01 0.000000000000000000e+00 1.141149189815288123e-02 0.000000000000000000e+00 0.000000000000000000e+00 1.777221753105166224e-01 0.000000000000000000e+00 0.000000000000000000e+00 2.698850271720799540e-02 1.306917426399634707e-01 2.920478042233071517e-02 1.571873585055403033e-01 0.000000000000000000e+00 0.000000000000000000e+00 0.000000000000000000e+00 0.000000000000000000e+00 0.000000000000000000e+00 1.356577485537114325e-01 1.322475039334215507e-01
0.000000000000000000e+00 4.195143538518762011e-02 1.628166566906584165e-02 0.000000000000000000e+00 2.850139919634590152e-02 5.408515790261262529e-02 1.589020528137142022e-02 1.683114449883008762e-02 7.785861990544984401e-02 0.000000000000000000e+00 0.000000000000000000e+00 1.573945947524657829e-01 0.000000000000000000e+00 0.000000000000000000e+00 1.933207315342296700e-02 0.000000000000000000e+00 5.814917106165436167e-02 1.167485043569817249e-01 1.394037719062518610e-01 3.683026866627764351e-02 0.000000000000000000e+00 1.554663757811505231e-01 1.171300238561440469e-03 0.000000000000000000e+00 6.410431224437047881e-02
3.026718784027973216e-02 2.200961116384863789e-02 0.000000000000000000e+00 0.000000000000000000e+00 1.982755855089019525e-01 0.000000000000000000e+00 2.814823901800071471e-01 1.104160463921928731e-03 0.000000000000000000e+00 1.300516550232116708e-01 0.000000000000000000e+00 0.000000000000000000e+00 1.927966307374043287e-02 0.000000000000000000e+00 1.756548281984051108e-01 0.000000000000000000e+00 3.628918010943768969e-03 2.828329560833017092e-02 0.000000000000000000e+00 5.412116933394981767e-03 2.041639696375964833e-02 0.000000000000000000e+00 0.000000000000000000e+00 0.000000000000000000e+00 8.413419103125469034e-02
1.661857778276204858e-02 0.000000000000000000e+00 7.984917966495597152e-02 0.000000000000000000e+00 2.904410427906243403e-02 0.000000000000000000e+00 7.651182933840830480e-02 1.037186840972826587e-03 9.602188170084818841e-03 0.000000000000000000e+00 1.397429147057836340e-03 3.715852833864839444e-01 0.000000000000000000e+00 0.000000000000000000e+00 1.495858802008853961e-01 0.000000000000000000e+00 1.221978278385949836e-02 8.066977857728636903e-02 2.819484433503955181e-02 9.484899311637985664e-02 0.000000000000000000e+00 1.203023481319397646e-02 3.330596773313484332e-03 0.000000000000000000e+00 3.347411079025357922e-02
1.743197522895171322e-03 1.467441131338783067e-01 0.000000000000000000e+00 6.059113861621562985e-02 0.000000000000000000e+00 5.700001366842193454e-03 1.117028355482210245e-01 1.772240018476665306e-03 0.000000000000000000e+00 9.911239279743962183e-02 0.000000000000000000e+00 7.330336072710250117e-02 0.000000000000000000e+00 0.000000000000000000e+00 5.062699762192285347e-02 0.000000000000000000e+00 3.187796116346069270e-02 0.000000000000000000e+00 0.000000000000000000e+00 0.000000000000000000e+00 0.000000000000000000e+00 0.000000000000000000e+00 2.795014955725191874e-01 1.352721835112276061e-01 2.052082399798663137e-03
0.000000000000000000e+00 0.000000000000000000e+00 5.796967311061657080e-02 0.000000000000000000e+00 0.000000000000000000e+00 0.000000000000000000e+00 0.000000000000000000e+00 1.050284049444134976e-01 3.055720636352346128e-02 0.000000000000000000e+00 0.000000000000000000e+00 1.745841329903795591e-01 8.886673154258524499e-02 4.349404777379182151e-03 1.424761595954528171e-01 0.000000000000000000e+00 0.000000000000000000e+00 2.146572148196562377e-02 6.714064539029515610e-02 0.000000000000000000e+00 0.000000000000000000e+00 0.000000000000000000e+00 1.474464404002234219e-01 1.157855222396671907e-02 1.485369271791987522e-01
0.000000000000000000e+00 0.000000000000000000e+00 1.391949980183563029e-01 0.000000000000000000e+00 1.717337852291228595e-01 8.204767792283267080e-02 0.000000000000000000e+00 0.000000000000000000e+00 0.000000000000000000e+00 1.656386062656036440e-01 0.000000000000000000e+00 1.233166606189046582e-01 0.000000000000000000e+00 3.672399376723548686e-02 0.000000000000000000e+00 0.000000000000000000e+00 0.000000000000000000e+00 0.000000000000000000e+00 0.000000000000000000e+00 3.230096802028280256e-02 0.000000000000000000e+00 0.000000000000000000e+00 1.671553677695030438e-01 0.000000000000000000e+00 8.188794238815855220e-02
0.000000000000000000e+00 0.000000000000000000e+00 1.225708955290648501e-02 2.294219506012665569e-02 9.946871240242333156e-02 0.000000000000000000e+00 1.255757269892608663e-01 1.229225589462977219e-01 6.053044928339264968e-02 0.000000000000000000e+00 0.000000000000000000e+00 3.371413283636039426e-01 0.000000000000000000e+00 0.000000000000000000e+00 2.598939655063925176e-03 0.000000000000000000e+00 3.685778489583353690e-02 0.000000000000000000e+00 0.000000000000000000e+00 1.332716113693317023e-02 0.000000000000000000e+00 2.923578545086406161e-03 5.109604507281959029e-02 1.123584300962516686e-01 0.000000000000000000e+00
0.000000000000000000e+00 0.000000000000000000e+00 0.000000000000000000e+00 0.000000000000000000e+00 1.078331077313220143e-02 0.000000000000000000e+00 1.789959919048529080e-01 1.646435297544266430e-01 0.000000000000000000e+00 0.000000000000000000e+00 0.000000000000000000e+00 2.695390101927776505e-01 3.763729673021483368e-02 0.000000000000000000e+00 1.195541017971159525e-01 0.000000000000000000e+00 5.476813779276498879e-03 2.283761592305743465e-02 0.000000000000000000e+00 0.000000000000000000e+00 0.000000000000000000e+00 1.088430424079571135e-01 8.179933433407341392e-04 8.087129339384789561e-02 0.000000000000000000e+00
0.000000000000000000e+00 0.000000000000000000e+00 0.000000000000000000e+00 0.000000000000000000e+00 2.910045865591999181e-01 0.000000000000000000e+00 1.929490699352738869e-01 0.000000000000000000e+00 0.000000000000000000e+00 0.000000000000000000e+00 0.000000000000000000e+00 1.584741846516270480e-01 4.852331949856628773e-02 0.000000000000000000e+00 1.072281421097998483e-01 0.000000000000000000e+00 3.334326550311184773e-02 0.000000000000000000e+00 0.000000000000000000e+00 0.000000000000000000e+00 0.000000000000000000e+00 0.000000000000000000e+00 1.684774317424210521e-01 0.000000000000000000e+00 0.000000000000000000e+00
0.000000000000000000e+00 2.356979489613892764e-03 1.674585125065875812e-01 0.000000000000000000e+00 1.505079251446843347e-01 7.843206868568762535e-02 2.559568260170894810e-02 8.829034090531387435e-03 4.907939684755563414e-02 7.766357709715372183e-03 0.000000000000000000e+00 5.639594423304092330e-02 1.507857075634081757e-02 0.000000000000000000e+00 3.640060935054636321e-02 0.000000000000000000e+00 1.660009481718166535e-02 1.236046209376603644e-01 5.595502260510044901e-02 0.000000000000000000e+00 6.701324291644235320e-02 1.389259373076023041e-01 0.000000000000000000e+00 0.000000000000000000e+00 0.000000000000000000e+00
3.037830251675633156e-02 8.199547619028410561e-02 0.000000000000000000e+00 0.000000000000000000e+00 1.816803578471681002e-01 2.224791926798011521e-02 2.432601777194950687e-01 3.905355971888895428e-03 0.000000000000000000e+00 0.000000000000000000e+00 1.735807809961611688e-03 2.472002005761283344e-02 0.000000000000000000e+00 0.000000000000000000e+00 1.371650055033271920e-01 1.665925154658620721e-03 5.294913406176797455e-02 1.389235679598087303e-01 0.000000000000000000e+00 0.000000000000000000e+00 0.000000000000000000e+00 4.932536893630428548e-02 3.734512051940707972e-03 2.631306895104546309e-02 0.000000000000000000e+00
