2.190124364227560849e-02 8.900606858713580594e-02 0.000000000000000000e+00 2.281657183322009785e-03 1.977834729515701682e-03 7.407206767573873418e-02 1.555603163241575876e-03 0.000000000000000000e+00 1.428616634263550622e-01 5.330463564049677319e-03 0.000000000000000000e+00 1.820121039012335962e-02 1.313986276923232444e-01 3.065621498246387175e-02 1.305938901602967696e-02 0.000000000000000000e+00 6.050415393889126831e-02 1.487833485644981801e-01 2.823356701238486158e-02 2.301768864316512953e-01
3.239103615245571624e-03 0.000000000000000000e+00 2.000116008479232640e-03 1.619007768502321587e-01 8.642317126102617986e-03 3.578643484671142905e-02 8.472707658583319978e-02 1.887838836813634028e-02 2.475330810020103800e-01 1.872623260194502745e-02 4.321453843361450393e-03 1.429303311420805356e-01 0.000000000000000000e+00 7.886778775126901397e-02 2.726749986325140152e-03 0.000000000000000000e+00 5.106471492693054717e-06 1.411709061638614926e-01 3.828142536118047615e-03 4.471599510079571349e-02
2.283913843406127492e-02 5.978627025503980424e-02 1.695585228709446321e-02 1.020313183383542415e-03 1.756323720707129721e-01 3.828051058766854947e-02 8.670801898392233031e-02 1.848349607611958142e-02 1.868646347383094708e-01 4.239673160076225938e-03 0.000000000000000000e+00 0.000000000000000000e+00 6.772175353100685045e-03 5.128913714042015754e-04 2.981133290083463894e-02 1.023248334019871177e-02 2.550685381462212617e-02 1.232192532520490769e-01 1.408992604298550111e-01 5.223546976154735955e-02
0.000000000000000000e+00 5.193781692017941654e-02 0.000000000000000000e+00 1.201803406814668379e-01 1.201422703630440278e-02 5.346563414487491561e-02 2.600050794859557965e-03 0.000000000000000000e+00 2.364476641534495882e-01 2.525484902158032369e-02 4.640486584072808784e-02 3.755446608846184364e-03 3.213651043800357533e-04 1.186219615330025151e-01 3.294873267772972791e-02 0.000000000000000000e+00 0.000000000000000000e+00 2.680554425861220017e-04 5.317417725397264455e-02 2.426048127860397363e-01
2.275418083201083061e-02 4.417347802970205154e-04 1.818876717108068586e-01 1.190752353462101870e-01 3.569941353083683471e-03 1.798688091076379725e-01 4.057262472674872181e-03 3.279665960680626380e-02 1.712909669213585062e-01 1.325778792686842580e-02 0.000000000000000000e+00 5.040124816122056733e-02 0.000000000000000000e+00 1.892040341461593157e-03 0.000000000000000000e+00 1.574702689021786222e-04 1.846546180671743489e-02 4.919441634230982408e-02 1.695676149143903085e-03 1.491934368724899818e-01
1.998773681938154911e-01 7.247001422325645426e-02 4.634024500966461152e-02 9.726714698170739123e-03 1.197932701313190046e-01 1.201561917142434793e-01 3.830353650682635693e-03 8.213271000177621226e-03 1.053130604699090700e-01 3.160525504580401213e-02 4.138035126209222737e-03 6.438380268141842555e-02 6.203686126997736555e-02 0.000000000000000000e+00 1.052607405023990722e-01 1.350382273687416278e-03 7.803786890032360368e-03 1.986531724308536820e-02 0.000000000000000000e+00 1.783532987614758550e-02
8.772467978961667745e-02 1.122391379122127976e-02 3.966103490107658613e-02 4.092577400076918143e-02 5.855202840279274262e-02 1.446096017798131905e-01 7.048721715450968761e-02 8.526023992957075526e-02 1.824025241723281621e-01 0.000000000000000000e+00 1.716338575716585277e-03 1.565057110322291278e-01 0.000000000000000000e+00 4.462495097584063576e-03 4.550540071793356470e-03 1.136156799718298152e-02 1.552157110612413949e-03 1.511259721383182179e-03 2.641899045808720689e-02 7.107392601371285978e-02
2.234203299613940832e-02 1.536838574707346250e-01 1.117111341233325977e-01 2.606645571057930599e-02 1.871863734886987721e-02 1.360112930132562938e-02 8.847188616330657618e-02 1.229788581409538145e-01 1.595424191379712364e-01 0.000000000000000000e+00 2.752814755077373585e-03 4.038481122105778975e-02 3.265514926558760883e-03 4.729806531149398363e-02 1.157330205748959354e-02 1.211025329098595286e-03 1.838556795907837424e-02 3.630149038060684341e-02 9.795276940246021302e-02 2.375822826386543227e-02
3.775058032052130454e-03 4.017962011634268471e-02 9.817720593000406337e-02 1.652147502916115895e-01 1.371693228975616741e-01 3.235306182107798578e-02 3.455453849963434354e-02 1.242808390390236495e-01 1.578129162209317704e-01 2.683998710096223948e-03 5.495304118515310747e-03 5.169094125566641579e-02 0.000000000000000000e+00 0.000000000000000000e+00 7.744375573424012657e-03 1.876381335091638130e-03 9.329155657727368489e-02 1.060607151198043017e-02 1.839975463321807600e-02 1.469430343649428747e-02
1.048425809016926558e-01 1.485411917691883688e-01 7.980405606073366631e-02 7.299882431935697524e-02 1.396597904370244225e-01 4.179843545525547405e-03 4.489563026285917080e-02 1.446068489020777004e-01 1.367612408820793532e-02 1.835750779025477081e-03 4.036390247990751141e-03 0.000000000000000000e+00 0.000000000000000000e+00 3.839511935055304331e-02 7.960534270987701042e-03 1.890854770787606240e-03 0.000000000000000000e+00 1.096636738209147595e-02 1.727845127762471272e-04 1.815373083991213277e-01
9.415754709571068359e-02 7.784594721949462948e-02 1.434774028565259955e-03 6.652025335667338668e-02 8.848451790375246387e-03 1.691297469062101599e-01 8.178750201702379014e-03 1.019936014419882062e-02 1.570871789642169225e-01 4.654092340504702098e-04 4.286397709609415449e-03 1.121794945989527115e-01 6.235527146465796172e-02 2.510665356726704198e-03 1.376144292257605595e-02 0.000000000000000000e+00 3.912860182537915288e-02 1.325382874929827703e-01 3.937241968791708319e-02 0.000000000000000000e+00
0.000000000000000000e+00 2.075529800474745779e-02 9.191255024048014186e-03 2.554023334722770044e-02 0.000000000000000000e+00 1.383905073912558847e-01 2.919037044182537857e-02 3.164186747783186149e-02 6.148081625002290926e-03 1.338365638061163598e-01 2.808066443275096524e-02 1.642592612364172089e-01 4.018205096142471455e-02 2.706049157175087136e-02 8.397558755499526933e-03 3.794952756142501568e-04 1.187434277356303304e-03 1.205638681232058945e-01 6.854110067798656336e-02 1.466538975699387681e-01
3.331453250666087992e-04 1.096514261469149071e-01 2.732755782352326926e-03 1.225300968470570684e-01 3.868775752718698648e-03 1.452387484066511858e-01 3.341269028837623445e-02 1.470590949404909815e-02 2.842704506764024974e-01 1.353626050018279930e-02 1.501686395209623614e-03 1.610527744508382653e-01 5.019300280570931482e-04 1.561946521946154694e-02 4.358929442310122138e-02 9.114599400248036458e-04 2.981536583605197497e-03 1.324990536810956646e-02 1.567324809898680560e-02 1.463844027283446418e-02
2.859450516328482499e-03 5.039087237193036299e-04 2.292363382789559118e-02 1.723430720140535222e-01 7.162256222116679741e-03 1.492311984125856694e-01 3.988937816411677537e-03 2.840132251002152122e-02 1.940972392959526213e-02 3.374951264374781434e-02 2.850570851426466323e-02 1.346734449651800780e-01 1.287939029371344690e-01 6.641871208709669572e-02 3.416698961183848790e-03 3.012824495345035186e-02 1.026276142352711002e-01 2.312003472885820754e-02 2.791353449808061521e-02 1.382908750300423581e-02
2.786401917370703168e-02 6.867084191272053439e-02 0.000000000000000000e+00 9.587572028676226432e-02 1.069514297165270189e-01 1.191428017888563756e-01 8.146232408085245930e-03 2.867169428354698554e-02 1.578131732884691663e-01 4.167644542080046512e-03 1.197777974522235608e-03 6.047405277218996511e-02 0.000000000000000000e+00 1.653331817494185091e-02 3.359755082993082925e-02 6.774063002352555740e-04 7.386026358722304341e-02 0.000000000000000000e+00 4.849030207665360609e-02 1.478657708835485474e-01
2.725064435649768996e-03 1.217913988840091128e-03 9.734600820096390907e-04 1.446047165951635793e-01 4.788407697006992481e-02 1.387392900352031055e-01 3.458322239015901300e-02 1.001187235231642547e-01 1.370163819892602219e-01 6.292132176897673353e-03 7.004057979291636662e-03 1.482433331831498578e-02 1.492856161881271349e-01 1.029251087832281156e-02 4.629232426998474564e-02 1.957126135647851897e-03 4.337905317117429944e-03 2.559344768951317753e-02 8.203901957377007087e-03 1.180537940798858237e-01
5.287368217113644353e-02 2.372965693012850982e-03 1.006707750157379488e-03 5.223044356696141845e-03 2.240183626710651188e-02 2.372525551346001405e-01 9.445053745340110940e-02 1.142087010255857932e-01 4.537063923465335484e-03 7.848070955888918065e-02 2.108677263918568370e-02 6.625508559786962882e-03 6.222093937645635509e-02 0.000000000000000000e+00 4.297236562292909567e-02 0.000000000000000000e+00 1.319252113265222430e-03 9.794593623381264713e-02 1.885705542527760584e-02 1.361643666952355725e-01
2.540672828835994958e-03 8.980256244597309423e-02 1.405613725208075364e-02 7.152160403110924269e-02 2.319932222622998752e-02 4.284008338611692245e-03 0.000000000000000000e+00 1.733290098371778262e-02 9.131639829462813440e-02 8.733210957510282799e-03 7.781621850241419655e-03 1.775340545454661412e-01 1.222537373706969188e-01 1.116037615467445343e-01 2.117296003898403237e-02 3.475791508917483452e-03 1.062161948782740358e-03 3.840212971688360816e-03 5.864763629566658622e-03 2.226241172302147464e-01
3.688576921214303805e-02 1.581253839640290367e-03 0.000000000000000000e+00 3.039718867318588202e-01 4.618786747614550721e-03 0.000000000000000000e+00 2.686303648678989645e-02 1.277240613906691254e-02 1.595262427582277431e-01 1.313579343451733335e-02 0.000000000000000000e+00 3.181366009723422816e-02 1.347115309151102058e-01 1.548476197999355264e-01 6.188761603937697336e-02 3.767435053394119215e-02 0.000000000000000000e+00 3.038693156002192364e-03 1.667135410854119620e-02 0.000000000000000000e+00
9.412487503908386136e-03 9.237467017794039753e-03 0.000000000000000000e+00 1.680018068470582118e-02 1.972774065623075501e-01 1.397877942880569047e-01 2.078246019190242710e-02 2.682671105303452343e-03 1.534171112550779814e-01 1.221186795769947375e-01 1.971218382397083892e-03 4.033024234103221688e-03 2.107928855065408467e-03 1.850604694730546796e-03 0.000000000000000000e+00 1.653011881574459503e-03 8.407178975607443316e-02 8.524963918203692318e-04 3.155528417816235581e-02 2.003883834400209674e-01
3.579736923054331783e-03 1.450900739959664898e-01 1.423574031967716341e-02 5.090915144980814183e-02 1.470323975376841954e-03 3.041092905632669999e-02 6.705585250533031838e-02 6.747115758041252308e-04 3.110042449772224549e-01 0.000000000000000000e+00 9.399635515786295553e-03 3.566076559269755475e-02 0.000000000000000000e+00 1.099612566092326160e-01 1.458237150629696681e-03 3.393269993186591449e-02 4.483272355501686200e-03 0.000000000000000000e+00 7.971666240480139790e-03 1.727017018252396396e-01
1.147421210520622320e-01 2.813196832133426847e-02 5.718691141003014178e-02 5.469632534752238984e-02 1.259557216681874391e-03 5.328732180459375828e-03 7.460345297542381529e-03 6.172294387652631220e-02 1.621236847518992552e-01 0.000000000000000000e+00 0.000000000000000000e+00 1.341205311003730027e-01 1.627091698215008334e-02 8.572522884961468470e-02 1.830399891824157146e-02 0.000000000000000000e+00 1.016016671816560944e-03 2.937125440312180445e-03 3.671961570207269571e-02 2.122539768813609118e-01
2.420342319167638739e-03 1.680512985049332220e-01 1.402088661056965797e-03 3.754832888984930422e-02 2.345206450721600087e-03 5.323038371475635050e-02 9.062652393953857244e-02 0.000000000000000000e+00 1.586796847025548629e-01 1.286130592115971617e-02 1.575574027153624993e-03 1.225904838383049117e-01 2.550635825953012636e-02 3.310388200617211257e-02 0.000000000000000000e+00 5.713349837018052990e-02 4.663175561776461420e-02 1.027450757053963333e-02 1.532866213673008959e-01 2.273215583931528783e-02
3.974008933594035640e-03 9.446091867585708346e-02 3.763242631148445289e-02 6.472771665744082685e-03 2.115653210282536847e-02 1.932234351702875885e-01 2.405746639020470146e-02 9.859148580151130825e-02 3.613797347858722919e-02 7.073983819056772759e-02 2.351152337779664758e-02 4.486752201953821823e-02 1.068964833534661041e-01 1.181192931165455469e-03 7.031130621154948676e-03 7.877946885548999184e-04 4.854557444641570212e-04 0.000000000000000000e+00 1.083941390007287231e-01 1.203979015424674059e-01
1.202828905621493444e-01 1.636947710669787656e-02 2.202054905772782983e-02 1.568103939849856132e-01 1.100982859547354475e-01 0.000000000000000000e+00 4.062728565436750372e-02 3.632880844448861755e-03 1.484141919166616641e-01 5.797713187998628642e-02 0.000000000000000000e+00 6.150666270823805168e-03 1.888955093367366070e-02 1.243763959301124183e-01 0.000000000000000000e+00 3.914018846215202088e-03 1.222425933837690756e-02 2.110317235607316738e-02 0.000000000000000000e+00 1.371088493629644134e-01
3.450604987435154647e-02 7.873898813718387124e-02 1.634286630691241242e-04 1.378299532382958742e-02 2.073142663326090276e-02 4.786514204725785329e-03 2.143193878818344320e-02 4.013365345681875127e-03 1.437303073400528763e-01 2.549298481641027164e-03 7.926819169982922365e-04 1.867046456904646878e-01 2.802465517025270764e-03 1.085142221946468338e-01 1.108855849819188194e-02 3.430338324154180024e-02 1.215212615939379459e-01 2.622931298616361373e-02 1.236818783380727593e-01 5.992727723097678039e-02
1.832382567661414163e-01 7.730818111577029972e-02 4.592956588156756406e-03 3.905267748183149142e-03 1.759899426600673375e-02 7.049989096821987489e-02 1.181037019197305653e-03 4.493174443142965852e-02 2.352088369452713101e-01 8.102829172456478546e-03 1.088298340165156589e-03 1.414167295857588491e-01 5.076832644591826836e-03 0.000000000000000000e+00 1.091050207633793845e-01 2.485998883805411348e-03 1.425912289377798516e-03 5.001661484425098947e-02 4.281659762783750905e-02 0.000000000000000000e+00
2.413073146072156061e-02 8.663438209489418562e-02 1.268961204403899201e-01 1.941756951529898523e-01 9.574798299095732546e-02 1.394371954310353601e-01 0.000000000000000000e+00 2.012479097615338733e-02 5.573938359706719081e-02 5.332935290117000321e-03 8.928921098059632716e-03 4.392623706901715996e-02 0.000000000000000000e+00 1.140667543413549645e-02 6.689816121578531435e-03 1.787786794683597288e-02 0.000000000000000000e+00 7.351120724610718700e-03 1.226962897882742931e-01 3.290385438316239392e-02
8.824806349022476862e-03 1.017958263831605786e-01 1.186434102573713945e-03 1.898663433600530567e-02 9.669492057813630637e-03 3.201689031173175076e-02 3.400935048752707062e-03 5.119584547137574770e-02 9.531881576708783887e-02 6.970407151025231028e-03 0.000000000000000000e+00 1.573254954972103103e-01 1.410699173890344327e-01 9.427682578286387949e-02 1.675030570276486372e-02 3.772655478532593865e-02 8.929027577528933501e-03 1.216873389445368358e-03 1.250102216012985781e-02 2.008378907371474453e-01
1.204902347550704383e-01 9.258382989280635605e-03 9.889151981760993526e-02 1.358768527266912725e-02 7.294114815290492215e-02 2.349410111549115471e-02 6.821655352008638984e-02 1.363227324171129295e-01 5.860812918671308436e-02 5.115960657133431996e-03 2.597503184913872373e-02 2.205690548072722912e-01 0.000000000000000000e+00 4.062028114208196539e-02 3.122557068645284099e-03 0.000000000000000000e+00 2.810133161368063431e-02 4.381893651601208306e-03 2.012498217180272789e-02 5.017841981170507309e-02
1.272372404522208456e-01 1.645386112421125605e-02 6.719587277174041140e-02 5.130701081578444706e-02 1.199408833331039731e-01 3.146652566937170603e-02 3.570818768112117569e-02 1.271704093874967238e-02 1.429541611715012539e-01 3.883661438269477191e-03 3.090818149636620320e-03 5.557873649534495614e-02 4.651038297696191010e-02 2.933639985495421418e-03 6.482187789733957761e-02 3.726884267899707032e-02 0.000000000000000000e+00 4.168577156580720311e-02 9.878861234275990166e-03 1.293666236200670394e-01
3.979415565419489910e-03 2.746060866141628032e-02 4.637794472494924901e-03 2.443615725347270118e-01 0.000000000000000000e+00 1.304551252351595081e-01 8.988702325252147587e-03 1.626296769448554516e-02 3.175903238151739916e-01 0.000000000000000000e+00 0.000000000000000000e+00 3.232596350092781234e-02 3.513684618219908851e-03 1.719623858046470319e-02 9.687485897399043117e-03 0.000000000000000000e+00 7.607854808743803529e-03 1.693202635833826442e-04 0.000000000000000000e+00 1.757629420265323650e-01
0.000000000000000000e+00 2.900564545086218096e-02 0.000000000000000000e+00 3.811726610393577352e-03 1.028877268029869396e-01 3.716935707356380791e-02 6.514538094743428653e-03 2.710246605848400450e-03 1.482796373432165582e-01 4.470466092678731379e-02 0.000000000000000000e+00 3.067087384526929333e-02 1.104700666373509277e-01 1.269878085106522503e-01 2.843181335070669308e-02 6.698343764707254122e-02 9.465257845743729748e-03 1.507835035969295155e-03 1.529701126511414377e-01 9.742925556769174711e-02
1.891116165905974353e-02 1.215672712143210654e-01 4.729015717633917176e-02 5.641676190520407419e-02 1.657188226444841761e-02 1.832063736083827943e-01 3.007366799836655447e-02 1.077877356768344209e-02 4.979864440407333337e-02 1.048897510585570930e-01 2.021083249336745255e-02 1.368970289642839899e-01 5.047246161777708441e-03 1.155819631290903871e-03 1.105805262090516893e-03 0.000000000000000000e+00 9.736432040139365515e-03 2.382434359650695971e-02 4.011098507520182571e-02 1.224070619189055881e-01
2.089639072034613857e-03 1.580270651918451730e-01 4.762563544001659210e-02 2.453697334642465366e-01 2.599580451174591036e-02 1.778214646912349151e-01 5.813846977597496996e-03 0.000000000000000000e+00 2.873576100081840501e-01 3.672695752475290537e-03 6.712098470299987431e-04 1.703303958324318317e-04 5.650210403996068498e-03 0.000000000000000000e+00 1.707732832473254567e-02 5.088664371192622984e-04 2.063140792286518449e-02 0.000000000000000000e+00 1.517151559044045001e-03 0.000000000000000000e+00
1.604522579573656460e-01 1.146604172280309836e-01 6.073410343007104584e-02 6.088880716431033062e-03 5.022598651632886185e-02 3.656491475730257179e-02 2.262582637968871616e-02 2.132635302376157532e-02 8.657434316595333246e-02 9.348413232888616673e-04 1.994898307722285311e-03 1.812381174665888828e-01 3.058844071840837874e-04 5.583653768714814947e-03 1.704876957997359180e-02 5.240351926382882941e-02 1.566860577171825392e-02 5.849227362084734837e-03 8.263373233135593368e-03 1.514560263408262775e-01
4.459966070438536184e-02 4.029382611891992733e-02 1.941175043068427142e-02 6.228269235287169081e-02 1.418190632317299117e-02 1.174377492645277132e-01 1.270377308567900987e-01 5.825896293855579999e-02 1.558089557185790563e-01 8.344679336254544853e-04 5.372146064374298813e-03 1.120460038621483578e-01 5.361601367865385936e-02 5.994806112545526811e-03 4.732913503039234450e-03 8.802042161771026635e-03 1.497956092445883701e-02 1.237541121002800754e-01 2.404139158321185604e-02 6.513307367404574943e-03
0.000000000000000000e+00 1.314671797703444722e-01 5.419651419930959302e-04 5.698883353405269359e-02 2.203726869958751861e-02 2.411490774584768796e-03 6.524887713687152176e-04 0.000000000000000000e+00 2.859098342286898187e-01 4.638500391627665455e-03 7.090859556896185120e-03 1.376185983079915853e-01 3.912044619374311326e-03 1.859547394388220238e-03 1.215573047351899486e-03 1.475578923556545652e-03 2.588960044022781126e-01 5.595521287206705469e-02 1.042980086662217976e-02 1.689921869722514278e-02
7.645624002488134174e-02 1.740859624512070547e-01 1.664515064426563080e-04 8.433478835803113680e-03 1.384453506712869930e-01 0.000000000000000000e+00 2.532602166148921127e-03 1.381564330827992348e-01 1.799003966113547626e-01 3.282509846124225233e-03 1.012005702559727691e-03 1.432539466573473919e-01 1.832983802754069812e-04 4.156476676043023739e-03 1.230827480022796561e-03 4.745338674738084836e-03 6.085506225143498754e-04 7.600539037151814517e-03 6.869509937553342459e-03 1.088800816357456958e-01
0.000000000000000000e+00 0.000000000000000000e+00 2.548917568353506122e-02 2.130384792125194215e-01 1.405206516696268226e-01 1.480635521827252526e-02 0.000000000000000000e+00 0.000000000000000000e+00 1.366148972453435639e-01 0.000000000000000000e+00 0.000000000000000000e+00 9.586302480683185634e-02 1.697264686533827768e-02 3.499032780258246739e-02 0.000000000000000000e+00 5.212453542710390872e-04 8.025917626260464094e-03 1.223110272465786214e-01 7.358536250723733164e-03 1.834877150181160321e-01
