2.276417133441636237e-02 2.836011266388191454e-02 7.259845088456133577e-02 0.000000000000000000e+00 9.652013463934373816e-02 6.165554239701780820e-02 1.331681798912889014e-01 2.421003783571635051e-02 1.551339499406835694e-02 0.000000000000000000e+00 0.000000000000000000e+00 2.775366100935795083e-02 0.000000000000000000e+00 0.000000000000000000e+00 1.614089324231661182e-01 0.000000000000000000e+00 2.701193710096584655e-02 1.170066640470978497e-01 3.336090906808337943e-03 1.267612389976279647e-02 2.363062917107290606e-02 0.000000000000000000e+00 0.000000000000000000e+00 3.025072824293208520e-02 1.421352085585413649e-01
8.096146550214522453e-02 2.431555870275315875e-02 0.000000000000000000e+00 7.640184705752876013e-04 1.517929473918281091e-01 0.000000000000000000e+00 0.000000000000000000e+00 1.590786675542377460e-01 0.000000000000000000e+00 0.000000000000000000e+00 0.000000000000000000e+00 1.551657573510212551e-01 3.986337704780440125e-03 0.000000000000000000e+00 2.015445210638530660e-01 3.653910941396647932e-02 2.289542902802966379e-02 1.324569842101078199e-02 0.000000000000000000e+00 0.000000000000000000e+00 0.000000000000000000e+00 0.000000000000000000e+00 1.144306173932689531e-03 1.440012859874854612e-01 4.564897234380522854e-03
1.136674418796214912e-02 7.574930634155586928e-02 1.098731589604086123e-01 1.672600612918519886e-02 2.982450099343536554e-02 5.241883667350901886e-04 2.162556266037684305e-01 3.753422070515066711e-02 0.000000000000000000e+00 1.901108947232779331e-02 0.000000000000000000e+00 1.184053206110174733e-03 0.000000000000000000e+00 2.341641946854956802e-02 1.428760112197352827e-01 0.000000000000000000e+00 7.579607524199801979e-03 3.294714281053243848e-02 4.562408473096954409e-02 1.127105119965516045e-01 0.000000000000000000e+00 9.037774878099311127e-02 0.000000000000000000e+00 2.641957850182940701e-02 0.000000000000000000e+00
0.000000000000000000e+00 0.000000000000000000e+00 3.613637370375939045e-02 0.000000000000000000e+00 5.347077435844152515e-02 1.628615124255826732e-02 1.732768004922386612e-02 0.000000000000000000e+00 7.417907360888285027e-03 1.309321737452291343e-02 0.000000000000000000e+00 1.252314261324913858e-01 0.000000000000000000e+00 3.132720631832991171e-03 9.800574308352339586e-03 0.000000000000000000e+00 1.558918016579779187e-01 2.132757116110284568e-01 3.033121423667507061e-02 6.934089959622398436e-02 0.000000000000000000e+00 8.003216954759773474e-03 0.000000000000000000e+00 1.401132809723692196e-01 1.011470498088946623e-01
0.000000000000000000e+00 6.784561531859141514e-02 1.083316763717918213e-01 1.970310206018253268e-02 0.000000000000000000e+00 3.940042308528659588e-03 4.590021729641682174e-02 0.000000000000000000e+00 1.237973850721256529e-03 1.169228168333724810e-01 0.000000000000000000e+00 5.582753595655878115e-02 1.030418689304580943e-01 3.138049938155509921e-02 1.477894266826102754e-01 0.000000000000000000e+00 1.314955493607685398e-02 0.000000000000000000e+00 2.935895849427677326e-02 0.000000000000000000e+00 0.000000000000000000e+00 9.616579754231620314e-02 4.630514733899477285e-03 1.477115380381893439e-01 7.062861264454158364e-03
8.101264184289187764e-02 0.000000000000000000e+00 3.881524238076397570e-02 5.801581029649272719e-03 3.578912579403856556e-03 1.487166543983545544e-02 1.470112401959259296e-01 0.000000000000000000e+00 1.135065843469190427e-01 3.338212768528278640e-02 0.000000000000000000e+00 1.824683265999331450e-02 3.809724367089162289e-02 4.617956620980873811e-02 1.245125814950246712e-01 9.570382178459346800e-02 4.530288047612482036e-03 2.281467220515693076e-03 3.785000949287661235e-03 5.172542482353176957e-03 0.000000000000000000e+00 1.235817778748224821e-01 9.406332937539874615e-04 9.898824881067046222e-02 0.000000000000000000e+00
0.000000000000000000e+00 1.100188890512016904e-01 1.139567664765393923e-01 0.000000000000000000e+00 1.585832157415306143e-01 0.000000000000000000e+00 1.370747825315906387e-01 2.954285135790027730e-02 0.000000000000000000e+00 8.313807081194905801e-02 0.000000000000000000e+00 0.000000000000000000e+00 0.000000000000000000e+00 0.000000000000000000e+00 1.548521877942990177e-01 6.911141950286617264e-02 0.000000000000000000e+00 5.939817270198069661e-03 8.914436108391110558e-02 2.687408727689340540e-02 0.000000000000000000e+00 3.850141968180913763e-04 0.000000000000000000e+00 7.843935432994624327e-03 1.353460147130792178e-02
5.911817189107315684e-02 7.862322439167201971e-02 7.606696906815614556e-02 1.025972051901203469e-02 5.360415498086010255e-02 9.888028570582566099e-04 5.153414981110900073e-02 1.037135372549984058e-01 1.513722512158164127e-02 9.398995788989623901e-03 5.506703497320073089e-04 1.716189128664791230e-02 1.019272919202255691e-02 0.000000000000000000e+00 1.728474145044843202e-01 0.000000000000000000e+00 1.136816369042090713e-01 0.000000000000000000e+00 2.837421637130793303e-02 0.000000000000000000e+00 1.886139913415434827e-02 1.280960481731749645e-01 1.042554682271059751e-03 4.606793258957813525e-02 4.678555127907331468e-03
0.000000000000000000e+00 7.209903429542205769e-03 9.735949176425480467e-02 0.000000000000000000e+00 1.217541735128353092e-01 0.000000000000000000e+00 7.062038119437023288e-03 1.396757793737617159e-01 8.298407435294817558e-02 4.100457922184796294e-02 0.000000000000000000e+00 0.000000000000000000e+00 0.000000000000000000e+00 0.000000000000000000e+00 1.430329176646124856e-01 0.000000000000000000e+00 2.256278379671061429e-01 0.000000000000000000e+00 7.357224939815166760e-04 0.000000000000000000e+00 0.000000000000000000e+00 2.094371181701942808e-02 4.656153166128419035e-02 6.604823862136892376e-02 0.000000000000000000e+00
3.528343317356094720e-03 0.000000000000000000e+00 0.000000000000000000e+00 1.896781131247038746e-02 6.907792786110535099e-02 5.632316149938750016e-02 2.272672155112733516e-01 1.639520989979076360e-02 1.197253138756685514e-01 2.950958093321642134e-03 0.000000000000000000e+00 1.390233386584222297e-01 0.000000000000000000e+00 0.000000000000000000e+00 1.886668002245705730e-02 0.000000000000000000e+00 0.000000000000000000e+00 3.073823713883035158e-02 2.147658142801915984e-02 0.000000000000000000e+00 9.920591284824965134e-03 9.165352368708931663e-02 1.615004594199868360e-01 0.000000000000000000e+00 1.258464698999632765e-02
0.000000000000000000e+00 0.000000000000000000e+00 1.740594340866160050e-01 2.410146464393058460e-03 8.810049153874199845e-02 0.000000000000000000e+00 9.080360204983001227e-02 1.831517460668451169e-01 2.935011693930770875e-03 0.000000000000000000e+00 0.000000000000000000e+00 1.292330348240589843e-01 0.000000000000000000e+00 0.000000000000000000e+00 2.668428399976486287e-01 0.000000000000000000e+00 0.000000000000000000e+00 0.000000000000000000e+00 0.000000000000000000e+00 2.119956186297211262e-02 0.000000000000000000e+00 2.343473191248476514e-02 1.782939950247857883e-02 0.000000000000000000e+00 0.000000000000000000e+00
0.000000000000000000e+00 0.000000000000000000e+00 3.854406876135032384e-02 0.000000000000000000e+00 2.241107133026069287e-01 2.236772945866125160e-03 2.521034783509792931e-02 1.471620616274539883e-01 3.138437789565972063e-03 0.000000000000000000e+00 0.000000000000000000e+00 1.453695626745149516e-01 0.000000000000000000e+00 0.000000000000000000e+00 1.738193567187058253e-01 0.000000000000000000e+00 5.823129370659066439e-02 0.000000000000000000e+00 1.457237816074923031e-01 2.175184007812860573e-02 0.000000000000000000e+00 7.210615083931555362e-03 0.000000000000000000e+00 7.491147868694779388e-03 0.000000000000000000e+00
3.809177597882217980e-04 1.349524480746345676e-03 1.638312823723961087e-01 0.000000000000000000e+00 1.190820822900440085e-01 2.161600071525491325e-03 1.495386853354254975e-01 9.917447357405240194e-02 1.188467379235330634e-02 9.488705030207308933e-03 0.000000000000000000e+00 5.580504246523323997e-02 0.000000000000000000e+00 1.378080846571684906e-02 0.000000000000000000e+00 0.000000000000000000e+00 8.671782009221317561e-03 7.940610973453676724e-02 2.755945792073455011e-02 1.216557386895515029e-03 1.646415015754310214e-04 9.065406002471479430e-02 5.812433857918451220e-03 1.580245426112216953e-02 1.442347076657922722e-01
1.040131687809621799e-02 5.834739774419172263e-03 9.856933685628090080e-02 0.000000000000000000e+00 1.590447337110599269e-01 3.247452609825536487e-03 2.343967363122941711e-02 5.773914768052113011e-02 0.000000000000000000e+00 1.236387739925294132e-01 0.000000000000000000e+00 6.152765971810197909e-02 9.344696109762134703e-03 3.368981214953233744e-02 1.325172150482373246e-01 0.000000000000000000e+00 0.000000000000000000e+00 0.000000000000000000e+00 1.290426157479941660e-02 9.434987565512704955e-02 8.652343810015174566e-03 0.000000000000000000e+00 1.440086230184188000e-02 0.000000000000000000e+00 1.506980984986210081e-01
0.000000000000000000e+00 5.158925694301075802e-03 1.571410446528887228e-01 2.644579532535393587e-03 1.239891623267758841e-01 4.900001365253000424e-02 1.057993347096818637e-01 1.259542752581174485e-01 0.000000000000000000e+00 3.692439948316712968e-03 0.000000000000000000e+00 1.465613411669470234e-01 2.905752456945136925e-02 1.416742528018510123e-03 1.147567691538276848e-02 0.000000000000000000e+00 0.000000000000000000e+00 1.441965729647034199e-02 5.525487633740203911e-04 5.415772930177699396e-02 0.000000000000000000e+00 8.758740893601436872e-03 7.931233262095832223e-03 1.522890295277345707e-01 0.000000000000000000e+00
1.410703709552567527e-02 0.000000000000000000e+00 9.065767672402164079e-02 0.000000000000000000e+00 1.475592842514683867e-01 0.000000000000000000e+00 1.200343310060548452e-01 2.512151842030182700e-02 0.000000000000000000e+00 0.000000000000000000e+00 0.000000000000000000e+00 3.882688725245862088e-02 0.000000000000000000e+00 0.000000000000000000e+00 2.249149685048584466e-02 0.000000000000000000e+00 1.660570094839304012e-01 1.371433626952158202e-01 0.000000000000000000e+00 5.841998453828459170e-02 1.083338516290737949e-02 0.000000000000000000e+00 2.189093445948427433e-02 1.390218248856178174e-01 7.835267174242805874e-03
3.406707643000485460e-03 0.000000000000000000e+00 3.201712077416873914e-02 2.123341928416757046e-03 1.819100389780372862e-01 0.000000000000000000e+00 3.723226259687929807e-02 0.000000000000000000e+00 2.340695039411970491e-03 9.807987316597575889e-02 0.000000000000000000e+00 1.501903766752969438e-01 0.000000000000000000e+00 0.000000000000000000e+00 1.860384217522891848e-01 0.000000000000000000e+00 3.007895912650499458e-03 8.289800848684969470e-02 1.513966004009856536e-01 6.718223667683781257e-03 0.000000000000000000e+00 2.683587173307411256e-02 2.347376917781536509e-02 0.000000000000000000e+00 1.233079206746451328e-02
3.283648385243968099e-02 9.712810267453174948e-04 9.905386243325832452e-02 1.226976462608119281e-02 1.355871671651192462e-02 9.831780899264039135e-04 2.344500158414895841e-01 1.241628534845843901e-01 8.708726190809888690e-03 4.385000696569078468e-03 0.000000000000000000e+00 9.212347434361847776e-02 0.000000000000000000e+00 0.000000000000000000e+00 2.886064628227602916e-02 0.000000000000000000e+00 2.025187383330174715e-02 7.023277488695820435e-03 1.458587773904399254e-01 1.520849368696355246e-03 0.000000000000000000e+00 4.472053463871127413e-03 4.207039433569926407e-02 1.216037551371121524e-02 1.142783950212742372e-01
1.021191769367125850e-02 0.000000000000000000e+00 0.000000000000000000e+00 2.150422421243638419e-03 5.375420623650616764e-02 0.000000000000000000e+00 1.893145050466069623e-01 1.181596012438504151e-01 0.000000000000000000e+00 1.190432891844525193e-01 0.000000000000000000e+00 2.647309712896062442e-02 0.000000000000000000e+00 7.715929538428282705e-03 1.777739820029068663e-01 0.000000000000000000e+00 0.000000000000000000e+00 4.163020131078003921e-02 7.394997985857112988e-02 0.000000000000000000e+00 0.000000000000000000e+00 0.000000000000000000e+00 2.802788446214344795e-02 2.584551008792890171e-04 1.515365287709992681e-01
0.000000000000000000e+00 0.000000000000000000e+00 1.254126122896113971e-01 1.448871414845927762e-02 1.247063421163357722e-01 2.280544868373712147e-02 3.223229368160283707e-03 5.045676121366386019e-02 1.076214183281184490e-02 3.016762387817684826e-02 0.000000000000000000e+00 1.501655003506313091e-01 1.141424675293722379e-01 3.356568760033385064e-03 1.129115957287232103e-01 0.000000000000000000e+00 0.000000000000000000e+00 1.964247134043708640e-02 0.000000000000000000e+00 5.693336700555480176e-03 5.177644815561223933e-03 0.000000000000000000e+00 5.074251107283903051e-02 7.772174245452845298e-03 1.483728559254377521e-01
1.797104350337584699e-02 4.235228098119516588e-03 0.000000000000000000e+00 0.000000000000000000e+00 1.047952620756199688e-01 0.000000000000000000e+00 1.276732897097933306e-01 7.137152986894629292e-02 4.021485365303063136e-02 2.377819164176174851e-02 0.000000000000000000e+00 0.000000000000000000e+00 0.000000000000000000e+00 0.000000000000000000e+00 1.343861866377315251e-01 5.257658872117003737e-03 1.243297811648211432e-01 5.278164871860119983e-02 3.674335167299004872e-03 6.143085491610297995e-03 0.000000000000000000e+00 2.106184743286430294e-01 3.247796042112871540e-02 2.513681019158122212e-02 1.515466045581949882e-02
0.000000000000000000e+00 2.207063445343619701e-02 1.138696029616988736e-01 2.034361585520569685e-02 1.283852213232491990e-01 4.942026134301175620e-03 1.002355097931329209e-01 6.308216587610072749e-03 8.646873001876527465e-02 7.219890917443998191e-02 0.000000000000000000e+00 4.368408040126171843e-02 0.000000000000000000e+00 2.199123350574988187e-03 4.297800846641200434e-02 2.368445453204140287e-03 7.932597696979844931e-03 1.436230439290412386e-01 2.636428187764978601e-02 4.494948696101636748e-03 0.000000000000000000e+00 1.738679452606716239e-04 1.735732004304142706e-02 1.223129621860403332e-02 1.417705196200292339e-01
1.066633445488958942e-01 1.006614296992479167e-02 7.151467023822215274e-02 1.069270224089714262e-02 9.305991738624720677e-02 0.000000000000000000e+00 1.408238983732358618e-01 6.692567037970798341e-03 1.134323735825699397e-01 8.659387442537993390e-03 0.000000000000000000e+00 1.083886572425451361e-02 4.933271681191784110e-04 0.000000000000000000e+00 1.745107109991359817e-01 0.000000000000000000e+00 7.530710055184856172e-03 0.000000000000000000e+00 0.000000000000000000e+00 0.000000000000000000e+00 0.000000000000000000e+00 1.263432676374039720e-01 0.000000000000000000e+00 1.186781145953996475e-01 0.000000000000000000e+00
8.466365779653081680e-02 0.000000000000000000e+00 0.000000000000000000e+00 4.378705251508831220e-02 2.778185481503477883e-01 0.000000000000000000e+00 2.675210879142659801e-02 5.455818640082817561e-04 5.642182214758558086e-03 1.030414482638537105e-01 0.000000000000000000e+00 5.112150831054664002e-02 0.000000000000000000e+00 0.000000000000000000e+00 3.660803648546385319e-02 1.002820330595597352e-02 0.000000000000000000e+00 1.489117198874151116e-01 1.389560879293587625e-01 4.031904608677753382e-02 0.000000000000000000e+00 0.000000000000000000e+00 0.000000000000000000e+00 3.168237593937518054e-02 1.224424590928640437e-04
5.111986471438388635e-02 0.000000000000000000e+00 0.000000000000000000e+00 1.160049191311942479e-02 5.372424368506301812e-02 5.100169681648033387e-02 1.066234634631136984e-02 0.000000000000000000e+00 6.250884382430472661e-03 1.693529677401534386e-02 6.734498299949092910e-04 7.332118278176419368e-02 6.357807466913980611e-03 1.416172519938937438e-03 2.561374964223097073e-01 1.668324015978754290e-04 2.636953637409285983e-02 1.194105097093586948e-01 2.286419918809817764e-02 5.501453833898152686e-03 1.612653485327037589e-02 1.122283126564517231e-01 1.132848114809242510e-02 0.000000000000000000e+00 1.468032061824141588e-01
1.140712030287375708e-02 1.206692811234331281e-02 1.250441182751274062e-02 0.000000000000000000e+00 4.408821395627551126e-02 0.000000000000000000e+00 1.396267190115515477e-01 1.405631179637515937e-01 0.000000000000000000e+00 5.483314724859851379e-03 1.301556261920820473e-03 2.134217373964428233e-01 0.000000000000000000e+00 0.000000000000000000e+00 8.531003013769883347e-02 9.083483399080556631e-02 2.424517027265897171e-02 1.678442422739449477e-02 3.288623303808113629e-02 9.170465213020367878e-03 0.000000000000000000e+00 4.220679333824153140e-02 0.000000000000000000e+00 4.465877518466076362e-02 7.344015503990634908e-02
7.333340523491059353e-04 3.710378455471461528e-02 3.439574413785838336e-02 1.230223803669269755e-02 6.485926475376802523e-03 3.183878052882176297e-03 1.303913401867163591e-01 1.376478563948027312e-01 1.027250171622304531e-01 2.882250036555032702e-02 0.000000000000000000e+00 1.751109498294627087e-01 0.000000000000000000e+00 0.000000000000000000e+00 8.450969104408367905e-02 0.000000000000000000e+00 5.853848085007545138e-02 0.000000000000000000e+00 0.000000000000000000e+00 2.841478685325162651e-03 1.010664245930048208e-02 1.723206391938684676e-02 0.000000000000000000e+00 1.420153298129192276e-01 1.585374398027289064e-02
0.000000000000000000e+00 0.000000000000000000e+00 1.478666206732494881e-01 0.000000000000000000e+00 7.607769080529998285e-02 0.000000000000000000e+00 1.407587027921648470e-01 1.014280731068217464e-02 0.000000000000000000e+00 2.953834721518118142e-02 0.000000000000000000e+00 4.774513398464166197e-02 0.000000000000000000e+00 9.406324807455601275e-03 1.426239248083157052e-01 3.303227318161362867e-03 3.103423541129967170e-02 2.603121800323070223e-02 1.223874680438565531e-03 0.000000000000000000e+00 0.000000000000000000e+00 0.000000000000000000e+00 1.566847463164836862e-01 1.391625778281741499e-01 3.840056804522119782e-02
0.000000000000000000e+00 0.000000000000000000e+00 5.776636556360024294e-02 3.027603614118570818e-02 1.611133937802440297e-01 0.000000000000000000e+00 0.000000000000000000e+00 3.345066161989583911e-03 1.417939008708968100e-02 9.625974607152679163e-02 3.214978320660850288e-06 5.978190223556131139e-02 0.000000000000000000e+00 0.000000000000000000e+00 7.330625202779030014e-02 0.000000000000000000e+00 2.964942852150621866e-02 1.326219822360201472e-01 0.000000000000000000e+00 3.328596837907766681e-03 8.851532781493767765e-02 1.586440275741684419e-02 4.382453439213210983e-02 1.407621884825671355e-01 4.940217191020374737e-02
0.000000000000000000e+00 1.720743192715746064e-02 0.000000000000000000e+00 0.000000000000000000e+00 1.615198715153433884e-01 0.000000000000000000e+00 2.251313337095364048e-02 0.000000000000000000e+00 0.000000000000000000e+00 1.625333880873664760e-01 0.000000000000000000e+00 0.000000000000000000e+00 0.000000000000000000e+00 0.000000000000000000e+00 1.452119677883754456e-01 0.000000000000000000e+00 2.854712446930678382e-01 0.000000000000000000e+00 2.186418398901259635e-02 3.622222175519253934e-02 0.000000000000000000e+00 0.000000000000000000e+00 0.000000000000000000e+00 1.474565568735305421e-01 0.000000000000000000e+00
0.000000000000000000e+00 4.609401717169367245e-03 8.069349054876852334e-02 8.877276941507773788e-04 3.219983683254605544e-02 3.150712921612497212e-03 0.000000000000000000e+00 3.198665182788974770e-03 1.408716630706447750e-03 2.193668798633214082e-02 1.664853635445275384e-03 1.702106214030122133e-01 4.949564862134605073e-04 5.826738464374804638e-02 1.123150739509118368e-01 0.000000000000000000e+00 1.139497984174025202e-01 1.707906443156581230e-02 1.974322307595498538e-01 1.570720807315052411e-02 3.563612041516784983e-04 6.000746740323789630e-03 4.941448025760954849e-02 0.000000000000000000e+00 1.090219804828406608e-01
0.000000000000000000e+00 1.434397768852969414e-02 3.291140068422494791e-02 1.709804212784237810e-03 2.320614366755895802e-02 4.828703818134110967e-03 1.438742523988390531e-01 1.117677605677949298e-01 8.856355019306087761e-03 1.225472071546863766e-02 0.000000000000000000e+00 1.087370734603826800e-01 5.251117041419582632e-04 2.822703282727089327e-03 1.341252832201668063e-02 1.001091747846681174e-01 0.000000000000000000e+00 0.000000000000000000e+00 1.364206619239659996e-02 8.616230679813928137e-03 8.572543750765292125e-03 1.312521590106398850e-01 4.718371055331515435e-02 1.603759544591886188e-01 5.099762502730328939e-02
0.000000000000000000e+00 8.828908243669881042e-03 1.798344408416969187e-01 1.160607080891258441e-01 1.986936264049020059e-02 8.402897456459612613e-03 0.000000000000000000e+00 1.663813345938580310e-02 3.223736807072576788e-02 9.027471372969698982e-02 9.049334333074423534e-04 2.616778040399286506e-02 0.000000000000000000e+00 1.175750204530901996e-02 5.006482469464214324e-02 0.000000000000000000e+00 6.578761536558912215e-02 2.670201557747847385e-02 0.000000000000000000e+00 0.000000000000000000e+00 6.093328618157863724e-03 1.663473816658836771e-02 2.731812105629771985e-03 1.672080659677729897e-01 1.538008510902808545e-01
0.000000000000000000e+00 1.026241654868590043e-02 2.902555992163386930e-02 2.558482020566337639e-03 2.203641133122665186e-01 0.000000000000000000e+00 1.348259907633699295e-01 1.673217392901806544e-01 8.623721341472479190e-04 3.024733635283674560e-03 0.000000000000000000e+00 1.457524694222142592e-01 0.000000000000000000e+00 0.000000000000000000e+00 1.175684654581903195e-02 0.000000000000000000e+00 0.000000000000000000e+00 8.923858701186968001e-02 8.108516834063713569e-03 2.712965345113409893e-02 0.000000000000000000e+00 3.945803576231385855e-03 1.602729094596847675e-02 1.297954245865652334e-01 0.000000000000000000e+00
2.655124686628742604e-03 0.000000000000000000e+00 1.369639394492176698e-01 0.000000000000000000e+00 2.661748917834652270e-02 0.000000000000000000e+00 2.240615597807577367e-03 1.148677682437592752e-02 2.960284371808142526e-03 1.086307172964618983e-01 0.000000000000000000e+00 5.033755417557268103e-02 0.000000000000000000e+00 2.302243632342300741e-03 2.221128864594941743e-01 1.207681975124286732e-02 1.347509833236422983e-01 4.799778278358660219e-04 0.000000000000000000e+00 8.143613514829469921e-03 0.000000000000000000e+00 0.000000000000000000e+00 0.000000000000000000e+00 1.377190499466526552e-01 1.405219239637410800e-01
0.000000000000000000e+00 1.021669307513279057e-01 4.553681232697587983e-02 5.281503927741092175e-03 8.650878743907172708e-02 0.000000000000000000e+00 6.951394927234352816e-02 0.000000000000000000e+00 0.000000000000000000e+00 1.418793689338699628e-02 0.000000000000000000e+00 1.952985922381159367e-01 9.687966389362505371e-02 0.000000000000000000e+00 1.514856846358609288e-01 5.525755241038086962e-02 1.113706477223617118e-02 6.862136316007644288e-02 4.734163037306758637e-02 0.000000000000000000e+00 0.000000000000000000e+00 1.688651250035414983e-02 0.000000000000000000e+00 0.000000000000000000e+00 3.389601540543576985e-02
5.951588344481367754e-03 1.090911403028579441e-03 1.514441200785133779e-01 1.025350631729192857e-01 1.561628491954902553e-01 9.558777733615982813e-05 1.105765019019131412e-03 1.669729923104543989e-01 0.000000000000000000e+00 2.896145615163543945e-03 0.000000000000000000e+00 7.069770010233512869e-02 0.000000000000000000e+00 0.000000000000000000e+00 9.257568506534519237e-02 0.000000000000000000e+00 8.546744831039472523e-02 2.382694420795828608e-03 3.734430999726820379e-03 9.655261297880426974e-03 0.000000000000000000e+00 0.000000000000000000e+00 0.000000000000000000e+00 1.472317568871158167e-01 0.000000000000000000e+00
1.063195110483577122e-01 7.673546536268033291e-03 3.325328038754987031e-02 1.393742248090937969e-02 1.618184104556779912e-01 7.974192348770876501e-03 1.457470551007488402e-01 1.614003387464648664e-01 9.469651146131493127e-03 4.721729033630857678e-03 0.000000000000000000e+00 1.469040612170048610e-01 0.000000000000000000e+00 5.849648849660213541e-03 7.871021459791027047e-03 0.000000000000000000e+00 2.383440636998013229e-02 0.000000000000000000e+00 0.000000000000000000e+00 1.032829898056557977e-02 0.000000000000000000e+00 5.049366257864828893e-03 0.000000000000000000e+00 1.478480595806234421e-01 0.000000000000000000e+00
9.427516184428266430e-03 2.689493505288886518e-03 7.129493205409202783e-02 3.620471977125733730e-03 4.852873547724833106e-03 0.000000000000000000e+00 6.220042873784489834e-02 1.287997269903909565e-02 1.951558556702914782e-02 3.912120068048738353e-02 0.000000000000000000e+00 1.138128134041731798e-01 4.454883658165863236e-02 4.014530127951034845e-03 2.540224855267515097e-02 0.000000000000000000e+00 5.226447728745627769e-02 1.207532417881063136e-01 9.103018444542173085e-03 0.000000000000000000e+00 1.031197973148195203e-02 1.111120370127497980e-01 8.814921040597955421e-03 1.275775106179731777e-01 1.466819104575740884e-01
0.000000000000000000e+00 1.293659684640227105e-02 1.153402402928547094e-01 9.504900330278580681e-03 1.526470839485894598e-02 6.638544539387215837e-02 2.592255303262233287e-02 4.334989623710715223e-02 3.872655036584055077e-02 1.409284393034133387e-01 0.000000000000000000e+00 4.857500900700719576e-02 0.000000000000000000e+00 0.000000000000000000e+00 4.026422534538574155e-02 8.592135048115168627e-04 1.120966135279972790e-02 1.305261058849234435e-01 1.407568846361870463e-01 2.766155842597343983e-02 2.641737383034474702e-03 1.176559896696242058e-01 1.078984888961086012e-02 0.000000000000000000e+00 7.004357033923752814e-04
