0.000000000000000000e+00 9.635384996756866938e-02 0.000000000000000000e+00 7.861823972959133822e-03 9.665169298085388161e-02 8.731003390027372579e-02 0.000000000000000000e+00 3.672664181179314570e-03 3.325780696863783747e-02 0.000000000000000000e+00 4.491180207166273718e-03 7.007786759522449671e-02 1.232797180855288721e-01 0.000000000000000000e+00 0.000000000000000000e+00 0.000000000000000000e+00 1.079676588892573494e-02 9.637489293813392144e-02 1.594559374622572245e-01 2.104157658512909312e-01
1.392576616645358444e-02 2.446535586896326012e-02 1.046189412485329373e-02 9.866432512473483074e-02 2.134001566331041599e-01 2.241171411852071332e-02 2.957018888838537987e-03 1.823101510574978434e-01 0.000000000000000000e+00 8.174662507852327453e-02 0.000000000000000000e+00 1.394186013303004845e-01 9.017682080648922391e-03 3.199362759826613473e-02 0.000000000000000000e+00 2.014320419598144424e-02 1.183711680967145657e-01 2.729933510570039731e-03 0.000000000000000000e+00 2.798277612602897632e-02
2.040973380757316914e-03 0.000000000000000000e+00 0.000000000000000000e+00 4.250769593011819586e-02 2.611698870894597624e-01 2.157738078116565039e-01 1.307238157268068302e-01 1.186099199418357876e-02 8.129148672124698882e-03 2.891882219626141365e-02 4.589457654482552440e-02 5.369664943715748984e-02 0.000000000000000000e+00 3.223248786335819981e-03 0.000000000000000000e+00 3.373739036822825336e-03 0.000000000000000000e+00 1.673871570133705564e-02 1.462686587923631501e-02 1.613210618129166107e-01
4.244447318338069597e-02 5.333703029508472804e-02 9.262840216155542733e-03 1.386189229844724535e-01 4.576689855784636662e-02 1.261068378706068195e-03 9.181197280155017557e-03 0.000000000000000000e+00 1.335621239539661054e-01 1.385710627747313850e-01 0.000000000000000000e+00 1.623915244417875048e-01 1.910257679222107652e-02 1.899115964476042612e-02 0.000000000000000000e+00 4.217489895941948369e-02 6.477325484804954958e-02 1.794443733367310080e-04 1.159987125526858731e-01 4.382810763240884561e-03
0.000000000000000000e+00 1.019599943775506001e-01 1.229346714226604853e-02 2.843798807245869961e-02 2.472821269916170711e-02 1.250084560534255873e-01 0.000000000000000000e+00 1.481250832316920174e-01 1.443310677174120815e-01 0.000000000000000000e+00 3.421481475891933154e-03 6.334415377732675878e-02 3.935710755841104365e-03 3.249078814022398481e-02 0.000000000000000000e+00 0.000000000000000000e+00 0.000000000000000000e+00 1.256270430040485643e-02 1.530423298611787997e-01 1.463185623951657466e-01
1.062606721136430312e-03 7.897102851413220770e-02 4.224725934178925543e-03 1.037098652913093499e-01 4.727155246490868240e-02 0.000000000000000000e+00 6.869010546652924362e-03 3.509465667006213957e-02 1.773781030245710488e-01 8.954088262715967361e-02 0.000000000000000000e+00 2.350727718385547949e-01 3.833276429057658891e-02 1.267902329496289546e-02 2.966768480868603019e-03 1.275069379990789176e-01 4.131924734043323881e-03 4.519011736149165535e-06 2.494786816018342707e-02 1.023499039588378692e-02
1.626909323435074550e-02 3.266651554254417639e-02 0.000000000000000000e+00 2.122843649217406037e-01 3.524221267237581667e-02 1.443002284160977977e-01 0.000000000000000000e+00 7.887523635759532969e-02 6.369637429617402979e-02 0.000000000000000000e+00 0.000000000000000000e+00 3.219702780317270502e-02 0.000000000000000000e+00 7.447291714218183534e-02 2.586001605568335332e-02 2.065325041578541625e-03 1.169801557972715844e-01 4.200107683125908764e-02 2.974254565444205828e-02 9.334691023353232364e-02
6.464810518042558374e-04 1.154614040820397536e-01 6.083294181163966148e-03 1.515999517931248229e-02 1.585274366371161592e-01 2.762560335081037932e-02 0.000000000000000000e+00 3.767047772894326161e-03 2.931425931400353027e-02 3.412027483889435125e-04 0.000000000000000000e+00 1.515625434927665993e-01 2.491419020698078246e-02 1.485118746502378240e-01 2.886409876726836899e-03 0.000000000000000000e+00 1.254558878903586361e-01 4.323303447688660317e-02 1.440869159286505830e-01 2.422419159858368171e-03
2.259948093641715727e-02 1.102030804829976923e-01 0.000000000000000000e+00 1.240411202375875238e-01 0.000000000000000000e+00 1.530882206650015231e-01 8.053263861917263344e-02 1.368590937221295656e-01 1.559346620747239370e-02 0.000000000000000000e+00 3.511637376310059030e-04 1.707012215362712412e-03 1.962355915239109849e-01 8.760693546844647642e-03 3.101435957557440067e-03 2.021873903656681154e-02 5.478193720043314507e-02 1.241792637428661833e-02 5.011078915973385395e-02 9.397610376894275155e-03
0.000000000000000000e+00 1.268018527471648782e-01 6.459432303389329999e-02 6.823507492029988464e-02 1.582481413463348863e-01 4.312320652431789192e-02 0.000000000000000000e+00 1.604525939302784421e-01 2.495499675641852863e-02 0.000000000000000000e+00 0.000000000000000000e+00 2.920960288728746135e-01 1.754973889714473226e-02 2.456005649111257620e-03 0.000000000000000000e+00 2.007683928683179006e-02 9.302208106480355093e-03 0.000000000000000000e+00 0.000000000000000000e+00 1.210898992884948747e-02
1.572670316857681340e-03 6.784504039725777758e-02 0.000000000000000000e+00 8.980368492809331915e-02 2.436611036637127692e-02 4.014882798295112132e-02 1.733336858934854396e-02 0.000000000000000000e+00 1.254384923363214277e-01 0.000000000000000000e+00 0.000000000000000000e+00 1.126946598948339456e-01 1.290289102926172882e-01 1.545653038658702239e-01 8.601925904029972259e-02 1.141722032343159693e-01 3.619873026189197093e-03 2.434688856439321761e-03 3.095690687223319124e-02 0.000000000000000000e+00
3.828358742242659717e-03 6.299397570602377483e-02 1.093513297056499800e-01 0.000000000000000000e+00 1.459658371253050313e-02 1.424964917280389584e-02 0.000000000000000000e+00 9.866385330652445440e-02 1.006553124299685992e-01 3.582044965442366530e-02 0.000000000000000000e+00 9.813332358348958451e-02 0.000000000000000000e+00 1.187364541399132806e-01 6.317634941055501330e-02 1.641090753026356319e-01 1.347605140810778125e-02 3.714472592694702258e-03 4.119558825568268856e-02 5.729917287675392878e-02
0.000000000000000000e+00 7.406352483906253337e-02 8.625002910042363358e-02 8.301145734187397041e-02 7.102249489666798143e-02 1.442528668824010762e-01 1.368886776837661100e-02 1.218513919792602734e-01 9.155309706732993325e-02 0.000000000000000000e+00 3.149748199497647699e-02 1.257334516022238780e-01 0.000000000000000000e+00 6.779620434962660425e-02 0.000000000000000000e+00 0.000000000000000000e+00 5.861674051459426354e-02 2.492869947771171948e-02 0.000000000000000000e+00 5.733692185471065891e-03
7.310393218637021781e-03 8.437399383555256940e-03 0.000000000000000000e+00 1.164809044359722476e-02 1.969727946733614565e-01 1.411287135159317030e-01 2.220767267342567408e-02 1.189073281401610144e-01 0.000000000000000000e+00 0.000000000000000000e+00 0.000000000000000000e+00 1.543311690001762937e-01 7.656634994450912945e-02 1.727965165351768445e-02 5.413235513758926643e-02 1.567349126796760070e-02 1.266698241676376957e-01 7.051762790580195540e-03 4.315990819926472655e-03 3.736701316942640794e-02
5.625091531989627296e-03 1.304643748466577935e-01 4.355575461467194737e-03 6.007879937927022157e-02 1.259228601241004983e-02 0.000000000000000000e+00 0.000000000000000000e+00 2.727461417195497714e-02 1.693729431326750634e-01 0.000000000000000000e+00 0.000000000000000000e+00 1.280091190217114150e-01 1.067193681584032751e-02 1.492419290743644822e-01 1.304108934303423450e-01 2.051348281893107528e-03 0.000000000000000000e+00 0.000000000000000000e+00 1.216433539187495444e-02 1.576867534475483723e-01
5.274229236383918369e-04 0.000000000000000000e+00 5.114318495375290777e-03 0.000000000000000000e+00 1.444654179955842666e-01 1.399070026968490255e-01 1.840105962201742107e-02 1.183754032220195873e-01 7.591711294213164540e-02 7.240426718405025552e-02 5.059506899889168924e-05 6.040469023261445941e-02 2.214730128809607942e-02 0.000000000000000000e+00 2.579139149748966436e-02 0.000000000000000000e+00 0.000000000000000000e+00 2.741964598144464721e-02 1.317452379452191402e-01 1.573291329044711750e-01
1.119202910081786989e-01 5.278033171315893446e-02 9.961425098468151829e-02 2.608897787782258129e-02 1.007558068555875104e-02 1.628759712580425678e-01 2.188365023157869821e-02 1.625096376080324700e-01 6.081221919530813841e-02 0.000000000000000000e+00 0.000000000000000000e+00 3.262071826990888684e-02 0.000000000000000000e+00 1.671461267344495627e-02 0.000000000000000000e+00 6.839851644049137463e-04 4.372290875496653503e-03 2.203237900810000108e-02 5.499352955092013523e-02 1.600215738953620903e-01
3.265900377608875992e-04 1.302479305295300149e-01 0.000000000000000000e+00 2.281636731507405078e-02 5.009356323994671985e-04 8.883359324933216838e-02 6.227101274044759618e-03 1.058476935565853955e-01 1.517983311348329867e-01 2.738783040276287009e-02 1.938124486384290969e-03 1.496176649930473779e-01 0.000000000000000000e+00 3.928116372155911716e-03 0.000000000000000000e+00 1.110897198598389223e-02 0.000000000000000000e+00 1.755894147730891353e-03 1.520727847547298506e-01 1.455920701276453288e-01
0.000000000000000000e+00 1.058713272169728853e-01 0.000000000000000000e+00 1.530103864755957277e-01 1.588201347430651666e-01 1.934873932606834546e-01 0.000000000000000000e+00 0.000000000000000000e+00 1.425179665249600575e-02 0.000000000000000000e+00 7.192800665411042300e-03 1.390165245865846409e-02 4.698463659655388526e-04 1.297077172517430328e-02 1.468026132293358821e-01 0.000000000000000000e+00 5.638204746805545314e-02 0.000000000000000000e+00 0.000000000000000000e+00 1.368392297385860046e-01
0.000000000000000000e+00 8.455341697591317596e-02 0.000000000000000000e+00 0.000000000000000000e+00 1.829069644365949321e-01 1.257194999539384961e-01 6.998848677551882877e-03 1.023455326875562232e-01 1.181126315321079229e-01 0.000000000000000000e+00 0.000000000000000000e+00 5.681172048111927941e-02 2.827374703196031472e-03 0.000000000000000000e+00 0.000000000000000000e+00 5.906507320324366067e-03 4.788848254940458564e-03 0.000000000000000000e+00 1.585709629940075804e-01 1.504576919827495529e-01
1.507839808883863590e-02 1.535291498120754383e-01 0.000000000000000000e+00 1.061208031181856276e-01 3.837721660390598644e-02 3.120098847917293639e-02 1.970834958373335333e-02 2.644232400273989229e-05 8.477896846183190227e-02 2.004217469119121131e-03 1.431807764380187836e-03 1.366970775401503968e-01 1.039749570269681879e-02 1.373308372841003933e-01 3.459352518656347991e-02 1.267313392931779248e-02 2.060780691648021398e-02 0.000000000000000000e+00 1.984993394726681029e-02 1.755938477881781590e-01
0.000000000000000000e+00 9.429431084920554540e-02 0.000000000000000000e+00 1.425303003151773273e-01 4.255395921163440676e-02 0.000000000000000000e+00 1.890462605960708739e-02 6.396529467251936552e-02 1.363028454321872640e-01 0.000000000000000000e+00 0.000000000000000000e+00 1.273992959068513120e-01 3.852673479538886586e-02 4.442865258353183300e-02 5.910077138844792126e-03 2.608392579161857711e-02 0.000000000000000000e+00 0.000000000000000000e+00 1.307322579838835486e-01 1.283677192595500671e-01
0.000000000000000000e+00 2.329355767178114059e-02 4.757699890941018833e-02 3.799952984534871875e-02 2.034522945959060525e-01 0.000000000000000000e+00 2.769497863800318271e-03 0.000000000000000000e+00 1.176813057094909520e-01 4.680269723965854202e-03 4.741069798731712553e-02 1.060884145475733398e-01 5.456898312105698014e-03 5.356199377939344086e-02 0.000000000000000000e+00 4.416383490298774091e-03 0.000000000000000000e+00 0.000000000000000000e+00 1.818133771582644276e-01 1.637987804053440966e-01
0.000000000000000000e+00 1.018871076352237254e-01 8.490769775892794899e-03 2.577065153956648383e-02 1.563719443590703417e-01 1.344127070975109639e-01 0.000000000000000000e+00 1.534956022417406640e-01 3.067219042088935657e-02 0.000000000000000000e+00 2.312993509019553931e-02 3.329657623129635754e-03 5.158596519575726902e-02 8.942950602673634813e-03 1.534902724861653307e-02 8.839771129280273032e-02 2.242446211351667874e-03 0.000000000000000000e+00 1.170432290076859061e-01 7.887810465789295289e-02
4.519599247545630361e-02 3.160910959119220265e-02 3.928052268740601927e-02 7.637008539511964955e-02 3.996402148980723185e-02 0.000000000000000000e+00 1.174562040968952920e-01 4.211017218305453634e-03 3.352657160522549279e-02 1.206863093784207724e-01 1.953569226460320492e-04 0.000000000000000000e+00 1.674384365823876342e-01 1.832649921725253150e-02 3.347200465638022759e-02 6.022632957179396146e-02 1.590766305108297363e-02 1.165302866397546940e-02 1.312481462571822230e-02 1.713560327709345021e-01
1.430084445091439442e-02 1.316425466391043242e-01 0.000000000000000000e+00 3.624576492363693666e-03 9.984473458199032755e-04 1.150132150152898131e-01 9.898909352915145898e-03 7.761580820467714296e-03 1.543004181471108460e-01 4.059914511163851408e-02 0.000000000000000000e+00 1.653130100405340169e-02 1.337004115780963676e-01 1.335500701287435990e-03 1.954471359534936878e-02 3.640908641082620661e-02 1.137640645502727837e-01 2.193928563263019410e-02 1.432726397898240744e-01 3.536331336203586695e-02
0.000000000000000000e+00 1.348453490220000439e-01 2.571309803158827734e-02 0.000000000000000000e+00 1.114547241481901943e-02 6.608068996704837515e-03 8.009785802691857595e-03 1.281691793644955668e-01 1.559576579792782136e-01 6.416441613761283969e-02 0.000000000000000000e+00 1.344545891718870734e-01 0.000000000000000000e+00 0.000000000000000000e+00 1.250189382084042899e-01 0.000000000000000000e+00 2.092172821208410083e-03 1.176061824688132661e-02 5.452606053564462707e-02 1.375345932667834670e-01
9.343351841631161725e-02 5.029183129467854757e-02 0.000000000000000000e+00 5.462961142701449301e-03 1.654668817487089660e-01 1.666494975927099442e-01 2.281244910330956777e-02 2.689476957560603745e-02 6.025993475045930865e-03 6.946680522565431247e-03 0.000000000000000000e+00 1.536190101335464537e-03 0.000000000000000000e+00 3.895920109453886171e-02 1.232329899671311992e-02 0.000000000000000000e+00 4.810760633499131661e-02 0.000000000000000000e+00 1.817393138132794572e-01 1.733498067875043069e-01
0.000000000000000000e+00 4.019840703724195802e-02 1.259814547983273587e-02 2.930917699481850464e-02 1.001484078951203754e-01 1.221948746830676530e-01 2.716642116420752567e-02 1.030637176967568874e-01 4.260946648684001137e-02 0.000000000000000000e+00 7.171435851169662189e-04 1.774909066889722442e-01 8.401245824724266897e-02 8.438336922420485104e-04 2.158166930644627238e-02 0.000000000000000000e+00 1.963130546757850536e-02 3.454861511589240458e-02 3.552118265742761766e-02 1.483642678011956595e-01
0.000000000000000000e+00 5.396874693240960585e-03 0.000000000000000000e+00 3.234739467809118890e-02 7.876282761629688212e-02 0.000000000000000000e+00 1.850631630383613732e-03 8.681331953260552556e-03 4.198063313486708609e-02 6.226314797559443122e-03 6.696508937278963791e-02 7.077809599752110659e-02 2.197738133031911234e-01 2.060987488166882708e-01 1.689981705835123804e-01 1.075799279859327579e-02 5.047696345773278193e-02 0.000000000000000000e+00 0.000000000000000000e+00 3.090511716627173180e-02
0.000000000000000000e+00 2.257287222882401259e-02 0.000000000000000000e+00 2.848961743154667173e-02 7.955800773574171758e-02 1.334301193393254703e-01 1.203535422255467592e-02 5.388919962348867609e-02 1.219721440144271446e-01 2.849358142334411336e-06 0.000000000000000000e+00 7.995631529049307407e-02 1.452836490152070170e-01 4.117708625910540716e-03 9.092656539186998177e-02 2.184550969640443666e-02 3.727641408612979157e-02 1.857290932628316571e-02 0.000000000000000000e+00 1.500707646136513751e-01
1.456118158068394133e-02 0.000000000000000000e+00 0.000000000000000000e+00 4.591974069687410759e-02 0.000000000000000000e+00 1.308346749936160069e-01 0.000000000000000000e+00 5.675626628523110229e-02 1.856746136592150875e-01 1.046890481494302388e-02 3.019860842256514612e-03 1.493985044982263644e-01 5.144779977962375683e-02 1.876246043709791462e-03 0.000000000000000000e+00 2.268745463497980411e-02 1.913572594692049267e-02 2.471229390083676952e-02 1.334267558461990355e-01 1.500799764766839739e-01
5.023467762370168073e-03 8.264467141839791642e-02 0.000000000000000000e+00 2.262823199454781428e-02 1.437716110571246875e-01 1.033314380767397511e-01 0.000000000000000000e+00 1.296507722647076638e-03 1.026644263609785140e-01 4.726689685259389227e-03 0.000000000000000000e+00 6.676865610250320993e-02 1.213488062958443942e-01 3.327182681709534885e-03 0.000000000000000000e+00 0.000000000000000000e+00 0.000000000000000000e+00 9.843759465762959293e-02 9.244686668294829768e-02 1.515838495012996889e-01
8.365256826981835869e-02 3.816976234402016249e-02 1.556225509590450362e-02 3.209640203020728416e-03 7.849529584264290649e-02 1.592663942685985379e-01 1.414893620908256461e-02 8.530878161741202448e-03 1.974339973355430655e-01 0.000000000000000000e+00 0.000000000000000000e+00 1.412599822267086580e-01 1.095796571563244504e-01 6.415251073325756170e-02 0.000000000000000000e+00 0.000000000000000000e+00 5.779194693918063980e-02 2.107017772810779871e-02 7.675997486048721612e-03 0.000000000000000000e+00
0.000000000000000000e+00 8.580551980660705569e-02 0.000000000000000000e+00 0.000000000000000000e+00 1.716483344310623105e-01 2.472675589949242247e-01 0.000000000000000000e+00 4.639863065309222240e-02 1.119043101919384442e-01 0.000000000000000000e+00 1.222887915241879266e-02 0.000000000000000000e+00 1.097094490842720482e-01 1.167923403979295727e-02 1.282333554702359130e-02 0.000000000000000000e+00 4.588402858411046170e-02 0.000000000000000000e+00 1.293658222683499170e-01 1.528489724640808879e-02
0.000000000000000000e+00 6.026132874330835526e-02 8.971518309133150876e-03 0.000000000000000000e+00 2.236370409921546384e-02 1.150903491061275319e-02 2.423267050494153085e-02 2.588514507953160182e-01 3.109032254768023459e-02 1.760690540164260368e-02 0.000000000000000000e+00 1.313200292169601768e-01 1.237852336951964227e-01 1.352462234606612579e-01 0.000000000000000000e+00 9.519796249618739381e-02 1.754013744670727439e-04 0.000000000000000000e+00 3.315144822993616042e-02 4.623676621474152870e-02
1.276353668042782760e-02 4.634804244180034533e-02 1.979087374875776809e-02 7.205878828170282635e-02 1.508589218628556827e-01 1.087780940162511034e-02 4.252395737857015030e-03 0.000000000000000000e+00 1.563182672947969684e-03 3.014833017245109256e-02 0.000000000000000000e+00 1.526507632155053584e-01 2.459684960562724156e-03 2.009177471457233577e-01 1.496028008182965496e-01 0.000000000000000000e+00 0.000000000000000000e+00 7.995970032473562195e-02 3.329595710607887935e-03 6.241782682414304118e-02
6.537716001791632481e-02 0.000000000000000000e+00 0.000000000000000000e+00 1.194284707860267941e-01 6.681968334122448394e-02 8.611533932515681722e-02 0.000000000000000000e+00 0.000000000000000000e+00 1.189121118640556751e-01 3.306256504738726981e-02 0.000000000000000000e+00 1.681434999182681855e-01 0.000000000000000000e+00 0.000000000000000000e+00 0.000000000000000000e+00 0.000000000000000000e+00 0.000000000000000000e+00 2.389309415299784370e-02 1.629174521746282189e-01 1.553306233723384389e-01
0.000000000000000000e+00 2.081406673200188358e-03 0.000000000000000000e+00 1.661749871915566557e-01 2.339101463323145502e-01 1.844043411102988181e-02 4.426572542654053782e-02 1.399171742210047475e-01 2.279451642966028729e-02 0.000000000000000000e+00 0.000000000000000000e+00 7.785855652059974971e-03 1.441850112374392506e-02 5.237491542511803211e-02 1.034865546392845503e-01 0.000000000000000000e+00 7.743057534915234741e-02 5.016377331634876841e-02 0.000000000000000000e+00 6.675543410898536478e-02
9.909725174783567264e-04 1.349054988038033698e-01 4.111997522946851669e-02 1.382361049683357990e-01 1.672176552334102562e-01 1.027111328404141238e-01 5.790682842032622568e-03 0.000000000000000000e+00 3.647880747147765057e-02 1.304812808737007557e-01 0.000000000000000000e+00 7.837099000101042934e-02 4.460943916689172339e-02 0.000000000000000000e+00 0.000000000000000000e+00 0.000000000000000000e+00 7.037791688672585810e-02 0.000000000000000000e+00 3.968386955591886311e-02 9.025673609331784364e-03
3.147654854762813644e-03 5.762660826664837976e-02 0.000000000000000000e+00 2.073891921016256593e-02 0.000000000000000000e+00 6.335177256152609536e-03 6.268704541705641224e-03 1.782213293224098327e-02 1.007614229478355633e-01 1.913811591595981259e-03 0.000000000000000000e+00 1.281117465879023365e-01 1.018798734685415486e-01 1.118243215191117718e-01 1.295623831655243197e-01 1.740553569697881470e-02 1.148457072865304851e-01 0.000000000000000000e+00 3.386639132697303461e-02 1.478896093473332229e-01
8.312879471030770739e-02 1.236675605991077592e-01 2.003952654674167472e-02 6.397817237866939774e-03 5.076787132942026798e-02 1.451557003986594929e-01 7.044522720399247311e-03 1.678728326431414841e-01 4.928867475006525056e-02 0.000000000000000000e+00 1.831084012078645906e-02 2.507613002281989731e-02 2.786506591219880050e-02 0.000000000000000000e+00 1.011764798665408527e-02 6.115915284158908449e-02 1.465102504854806087e-01 5.759761169476138726e-02 0.000000000000000000e+00 0.000000000000000000e+00
7.253036715726600414e-03 9.500187259487180569e-02 0.000000000000000000e+00 5.167583355692634967e-02 2.847082041271899525e-02 0.000000000000000000e+00 0.000000000000000000e+00 2.289679047510534693e-01 9.325777454502609531e-03 2.192695320196219599e-02 0.000000000000000000e+00 1.849709251677606192e-01 7.181912085639825674e-04 0.000000000000000000e+00 1.415151764435530063e-02 5.214044612691380413e-03 0.000000000000000000e+00 6.900112275706743459e-02 1.287449003188974039e-01 1.545770996029017241e-01
2.149769558417898713e-02 1.097673780252609033e-01 0.000000000000000000e+00 3.582130880942980405e-02 9.650296358636780694e-04 3.790589321538627432e-02 7.415321039190714801e-03 1.426398143224710292e-02 2.339777916500387217e-02 2.014272654057555276e-02 0.000000000000000000e+00 2.653864867551870566e-01 1.340294682552097272e-01 4.049755373333620290e-02 1.710660807583837956e-02 0.000000000000000000e+00 1.261458218968568024e-01 9.495075165051726496e-02 0.000000000000000000e+00 5.070619618591772071e-02
0.000000000000000000e+00 1.176015452549116491e-01 4.745612292031959126e-03 3.944350158381349641e-02 1.611983187110497540e-01 1.372046674190561810e-01 5.474281105650407805e-03 1.700161422725545921e-02 4.251611414696408048e-02 0.000000000000000000e+00 0.000000000000000000e+00 5.348464654648962466e-03 0.000000000000000000e+00 2.226189617556063871e-02 1.574412393340805794e-02 8.210578542628928223e-02 5.047296068670988067e-02 1.529564661938566938e-01 1.459040295772599527e-01 2.061861153353828399e-05
