1.216490224732898716e-02 1.275184154789261171e-01 1.511777176747325091e-01 0.000000000000000000e+00 3.406882046446376572e-02 2.145675737781012893e-01 1.129197558722132150e-01 0.000000000000000000e+00 0.000000000000000000e+00 0.000000000000000000e+00 1.800091905492750763e-02 3.115073099517140856e-02 0.000000000000000000e+00 0.000000000000000000e+00 1.643742302097256081e-01 3.164953086311416558e-02 1.956464706713212723e-02 3.831646660744480321e-02 3.765522846440758076e-02 6.871061222310654616e-03
1.567337242658045915e-01 1.745807573337171403e-02 6.591118090192048251e-02 9.190781978588570544e-02 2.249032007397677377e-02 2.712760246057825675e-02 0.000000000000000000e+00 1.205698003240878446e-01 9.101517520077862661e-03 1.102163545027016979e-03 4.793210860242623668e-03 1.737410683216002727e-01 5.627564790428945217e-03 1.588112834956214095e-02 4.608081576336701263e-02 1.725337261347224815e-02 3.368955422077656026e-02 2.175191183299240646e-02 1.471215966762090890e-02 1.540670089692066091e-01
7.341325787102871703e-02 9.337789691440508133e-03 3.780626311295263997e-02 1.852946152734457896e-01 1.335752809637570128e-02 1.400422969273472807e-03 5.992073536175625964e-02 0.000000000000000000e+00 3.061082693054474179e-03 1.234036351431793896e-02 1.317929298765290469e-01 1.318988372715157453e-01 5.423417975651738387e-02 0.000000000000000000e+00 5.590427314898306632e-02 0.000000000000000000e+00 0.000000000000000000e+00 1.740536748951133309e-03 1.495263178701344287e-01 7.897086674372365278e-02
0.000000000000000000e+00 0.000000000000000000e+00 2.863572292164682630e-03 0.000000000000000000e+00 0.000000000000000000e+00 5.117264938105628436e-02 5.676107266678268991e-04 3.290588970246598882e-02 0.000000000000000000e+00 8.522946999671458801e-02 1.179536754710548835e-01 1.622105081259104520e-01 9.031871226512512563e-02 0.000000000000000000e+00 5.950723270505605539e-02 0.000000000000000000e+00 3.608934723815188789e-02 8.673102823094971936e-02 1.935186019262202239e-01 8.093170193846235816e-02
0.000000000000000000e+00 1.169637400219128605e-02 0.000000000000000000e+00 1.505201630463016416e-01 3.250281869909174559e-02 1.439705309963661695e-01 9.896462520911118027e-03 3.988481649700152676e-02 0.000000000000000000e+00 4.525848200823150841e-02 1.517032074945234843e-01 3.714107511208748422e-03 0.000000000000000000e+00 0.000000000000000000e+00 2.425681760852836377e-01 0.000000000000000000e+00 0.000000000000000000e+00 1.570922180302555121e-02 1.525756393358635998e-01 0.000000000000000000e+00
8.132018867834182874e-02 0.000000000000000000e+00 0.000000000000000000e+00 1.583631302009455219e-02 2.203199185808866756e-01 2.128773166050321533e-02 6.232044740736779971e-05 7.030877802035435942e-03 4.358030510115867145e-02 9.463645396625142148e-03 1.146159710055508069e-01 2.482520697235165164e-01 1.612026308961859306e-02 0.000000000000000000e+00 0.000000000000000000e+00 0.000000000000000000e+00 0.000000000000000000e+00 3.406561668824482220e-02 1.356160099983721723e-01 5.242876880764418129e-02
1.712978251639709140e-02 7.801506327689933240e-02 0.000000000000000000e+00 1.363849641172280303e-01 3.973492878398132699e-02 1.296781176626072563e-01 0.000000000000000000e+00 3.170378811086486948e-02 2.061459945057846424e-02 0.000000000000000000e+00 2.306688274676970893e-02 2.132802485172106410e-01 1.325285086213384179e-02 0.000000000000000000e+00 1.867592562649593099e-02 0.000000000000000000e+00 0.000000000000000000e+00 1.357848851303332383e-01 3.154767693915943444e-02 1.111302862593407520e-01
1.035308897348594243e-01 2.475556544019785060e-02 1.105163514945305125e-01 1.323577475416812255e-01 6.191272204616591474e-02 0.000000000000000000e+00 0.000000000000000000e+00 1.829932011471709086e-01 5.318865007562039587e-02 0.000000000000000000e+00 1.025484303373733544e-02 9.715150030277466819e-02 1.208691580854473653e-02 4.509050236194759448e-02 0.000000000000000000e+00 2.886766418038304305e-02 0.000000000000000000e+00 4.513626310927473795e-02 9.209680490563118549e-02 6.037881748049034081e-05
4.610680827460405390e-02 1.441649673121683968e-03 0.000000000000000000e+00 1.753441697477265138e-01 3.465831221251378796e-02 2.479687590034966149e-03 7.247555089078603144e-03 1.556189087984747033e-01 7.352114560202945535e-03 7.353034394018928555e-02 1.562986096163545280e-01 1.862893172518867088e-02 2.929302423348714018e-02 0.000000000000000000e+00 1.793852241327386970e-03 1.962541923106138689e-02 6.486934676074210260e-02 1.539830994361084462e-02 1.412667514140825142e-01 4.904620494819894594e-02
4.491956707760506873e-02 1.000455404177449797e-01 6.485040390768739837e-02 6.149985483408658415e-02 1.184546461853847460e-01 3.135412804059667120e-03 0.000000000000000000e+00 4.802769214051478067e-03 0.000000000000000000e+00 3.427013270594009980e-02 1.140442448280252520e-02 1.067782820793199694e-01 2.276282614964692322e-02 4.215304697530233152e-02 1.287324535338860432e-01 8.785269695397565637e-02 0.000000000000000000e+00 0.000000000000000000e+00 2.595985617010094018e-02 1.423780865084055824e-01
3.048934830005452581e-02 2.564714985632052593e-02 0.000000000000000000e+00 1.235133361293263843e-01 7.358928347579662792e-03 1.378131839388620217e-01 1.528236086549510271e-02 0.000000000000000000e+00 9.448755363421196263e-02 0.000000000000000000e+00 1.604395018970573572e-01 2.862869850728610999e-02 1.433197309819891387e-02 0.000000000000000000e+00 1.685256179740041160e-01 2.666094286132988933e-02 4.080003915457434266e-02 1.175553282177907999e-01 8.466037217908275667e-03 0.000000000000000000e+00
4.005529018237682232e-02 9.951458021829633072e-02 3.784654472314023799e-02 0.000000000000000000e+00 4.145945475218636850e-03 1.733692464782836395e-01 0.000000000000000000e+00 1.305224486756599300e-01 1.147077158986272161e-01 2.221936701681186815e-02 1.114904682345109754e-01 3.941168088508768819e-02 1.290225693407398046e-02 8.140850532217257934e-03 1.780751260743127506e-01 0.000000000000000000e+00 0.000000000000000000e+00 0.000000000000000000e+00 0.000000000000000000e+00 2.759847867138265354e-02
5.156000874996095884e-02 3.408564932921485935e-02 0.000000000000000000e+00 1.020832064904355768e-01 2.432840069604036773e-02 1.261090316264023847e-01 0.000000000000000000e+00 1.177261757026629441e-01 3.870240804766502535e-02 1.602680911658254173e-02 8.185028701662755424e-02 1.931874605874987771e-01 3.722305532740065982e-05 0.000000000000000000e+00 4.169190142741850680e-02 0.000000000000000000e+00 4.428187902746278520e-02 0.000000000000000000e+00 0.000000000000000000e+00 1.283295591267003544e-01
3.394135297637373289e-02 7.693843880800195489e-02 0.000000000000000000e+00 1.436654753878144619e-01 0.000000000000000000e+00 6.081400625463491416e-02 0.000000000000000000e+00 0.000000000000000000e+00 2.173096995544785900e-02 0.000000000000000000e+00 1.517540808026194843e-01 1.206351497144908802e-01 0.000000000000000000e+00 0.000000000000000000e+00 2.081512053186226618e-01 0.000000000000000000e+00 4.938345294133575369e-02 0.000000000000000000e+00 1.329858678406583283e-01 0.000000000000000000e+00
6.318548635051920992e-02 1.122338775965835145e-01 1.278840639877047887e-02 3.728173048857365193e-03 3.357862904847840405e-03 1.862151910076412925e-02 0.000000000000000000e+00 1.191509369491595971e-01 7.444463146967529588e-02 0.000000000000000000e+00 5.006122493330105935e-03 1.583433726105847039e-01 1.556507928020819248e-02 7.183720229249059008e-02 1.810782971907360095e-01 9.947374826320765431e-03 4.394248630787215767e-03 3.291134652639896019e-02 3.657548949936058336e-02 7.683057283060547304e-02
5.159108694414908658e-02 0.000000000000000000e+00 1.308526092732251178e-01 1.516716527437870221e-01 0.000000000000000000e+00 3.422517268878497946e-03 0.000000000000000000e+00 0.000000000000000000e+00 3.958943789401304925e-02 0.000000000000000000e+00 1.518242235938496720e-01 4.031365175187466565e-02 0.000000000000000000e+00 0.000000000000000000e+00 2.115440802215939609e-01 0.000000000000000000e+00 0.000000000000000000e+00 5.350645217413988602e-02 1.008751685317009761e-01 6.480911960278797068e-02
3.287747977580893904e-02 0.000000000000000000e+00 0.000000000000000000e+00 0.000000000000000000e+00 1.662240636254407877e-01 1.427629845814346043e-01 2.919964720450609480e-02 7.084053936964231080e-02 0.000000000000000000e+00 0.000000000000000000e+00 1.534113019445443871e-01 2.208897217174926944e-03 0.000000000000000000e+00 0.000000000000000000e+00 1.945687466119748188e-01 5.334273178118817058e-03 0.000000000000000000e+00 0.000000000000000000e+00 1.038183307368623250e-02 1.921902334176679994e-01
2.657781536369181741e-02 1.182005943656583707e-01 0.000000000000000000e+00 5.893452164619995826e-02 1.565334992480413301e-01 4.866159665722085553e-02 0.000000000000000000e+00 4.770985814896913993e-03 1.778615564463961740e-02 1.403288063053582599e-02 6.504572924253076982e-02 2.006802599616523963e-01 0.000000000000000000e+00 0.000000000000000000e+00 1.751946404112537659e-01 0.000000000000000000e+00 0.000000000000000000e+00 0.000000000000000000e+00 8.914077777702548999e-02 2.444054323665289727e-02
7.032638452850491217e-02 1.066826739048084838e-01 0.000000000000000000e+00 1.420192522339347174e-01 1.611996825537020256e-02 7.634255937916534229e-02 0.000000000000000000e+00 3.335490623502300467e-02 4.123094875710951734e-02 0.000000000000000000e+00 1.495030463779862540e-01 5.190944243682382719e-02 0.000000000000000000e+00 5.445215656315460957e-03 1.872054242066704677e-01 0.000000000000000000e+00 5.228059622077109621e-03 2.697444893306926578e-02 0.000000000000000000e+00 8.765766947314133917e-02
0.000000000000000000e+00 6.390000896191468105e-02 9.430562748075708990e-02 0.000000000000000000e+00 3.080622241470157632e-02 1.016986820369734507e-01 1.586570676310103010e-03 1.002101858909714427e-01 0.000000000000000000e+00 2.105735983541073136e-02 1.551622078868887256e-01 1.334479874380045325e-02 1.633676396484597462e-02 1.898329899244926428e-02 1.461560213229768160e-02 2.003284106924009284e-03 0.000000000000000000e+00 3.906335945270993787e-02 1.596132058929426722e-01 1.673128215301022126e-01
5.460271240798361767e-04 1.235996082686602882e-01 1.423617054396316556e-02 8.516268623335664784e-03 0.000000000000000000e+00 4.979393184394782790e-02 3.463334976866445925e-02 1.232410736763559361e-01 0.000000000000000000e+00 0.000000000000000000e+00 1.390526576247496926e-01 1.600562951903521103e-01 7.418451433492667495e-03 8.407733040213605236e-02 1.720217184317389680e-01 0.000000000000000000e+00 0.000000000000000000e+00 0.000000000000000000e+00 2.131544576912407576e-02 6.149167129939926008e-02
0.000000000000000000e+00 8.540758912792173474e-02 0.000000000000000000e+00 5.233605038931506137e-02 1.433709735850433320e-01 2.563332228142978925e-02 7.165013692638902421e-03 5.237752563568514154e-04 4.140100288680131219e-02 0.000000000000000000e+00 7.574170854982035551e-03 1.678235158626594503e-01 7.004247909194767771e-04 1.150978799723456972e-02 7.986934184247103038e-03 0.000000000000000000e+00 0.000000000000000000e+00 9.463916342013245497e-02 2.272610698239854038e-02 3.312021686879193516e-01
6.222144111322244764e-02 7.965618884862283103e-03 2.165485612041741052e-03 0.000000000000000000e+00 1.367101031673870759e-01 2.122221135839715694e-02 0.000000000000000000e+00 5.920706121703998631e-04 9.180905411665793436e-02 6.116570285685591496e-02 1.231451334807748682e-01 1.349486704674238702e-01 5.696932920112130622e-03 0.000000000000000000e+00 7.112218613244263021e-02 0.000000000000000000e+00 0.000000000000000000e+00 0.000000000000000000e+00 2.812353892776515707e-01 0.000000000000000000e+00
0.000000000000000000e+00 1.641952482290565674e-01 2.444452373266619172e-03 0.000000000000000000e+00 6.006057911963041951e-03 1.303220152051560166e-01 2.245835240327358120e-03 1.245299928922147248e-01 1.023685494473876439e-01 1.970152800471841950e-02 1.333553988458636708e-01 2.286092195800171201e-02 1.541254656211545754e-02 0.000000000000000000e+00 3.290814538839349768e-02 5.880863556145728491e-03 5.162751343951913104e-03 2.555518549871080985e-02 2.041377438244867948e-01 2.912763718240138876e-03
2.084994133159695506e-01 6.234911611076288801e-02 5.970888429081644064e-03 1.002778348623255267e-01 1.729477403702515959e-02 0.000000000000000000e+00 6.297294177387586546e-03 0.000000000000000000e+00 0.000000000000000000e+00 4.045477602181414556e-03 6.340953506751988156e-02 0.000000000000000000e+00 0.000000000000000000e+00 0.000000000000000000e+00 6.909729337890978262e-02 5.669817322608478039e-02 6.126493455644188568e-02 3.313309510193537116e-02 1.206743041315514881e-01 1.909878660028229702e-01
5.773367688467330450e-02 5.012686082128164217e-03 1.447594348226125850e-02 0.000000000000000000e+00 5.970443818667064279e-02 6.242276255810381286e-02 1.830318619763168352e-03 3.225038396000137059e-02 5.946357592131719383e-02 5.113708876506931067e-02 1.210530205420510541e-01 6.842417276918130731e-02 5.673975690206718714e-02 8.558038729789203825e-02 1.326740062256805477e-02 2.765250486703682044e-03 7.389267779586263310e-03 6.867673958207796969e-02 1.111217831644421977e-01 1.209513463934420441e-01
3.606139440544209318e-02 3.629116274384903973e-02 0.000000000000000000e+00 1.412161593517206881e-02 1.632152025837972087e-01 3.185948464980424555e-02 0.000000000000000000e+00 5.929568938331555546e-04 4.391743983418480018e-02 0.000000000000000000e+00 0.000000000000000000e+00 1.926843217241997197e-01 0.000000000000000000e+00 0.000000000000000000e+00 1.637335325835736766e-01 0.000000000000000000e+00 0.000000000000000000e+00 1.625507332941958649e-01 6.453441088086130095e-02 9.043774447108683667e-02
0.000000000000000000e+00 9.889031224297203937e-02 0.000000000000000000e+00 0.000000000000000000e+00 1.498531699609353673e-01 1.337120935340430916e-01 0.000000000000000000e+00 2.444530589872042151e-02 0.000000000000000000e+00 8.826163069111049933e-03 0.000000000000000000e+00 5.673283575939135071e-02 0.000000000000000000e+00 0.000000000000000000e+00 3.123803145511450108e-02 1.560238954735331494e-02 0.000000000000000000e+00 1.428774060693015213e-01 1.528769418966211269e-01 1.849453505664361563e-01
1.926836401342054902e-02 1.025032233367507567e-01 2.900184226441370611e-02 0.000000000000000000e+00 5.018120637570152448e-02 3.274906554840367051e-02 0.000000000000000000e+00 9.337271435379600193e-02 0.000000000000000000e+00 4.607742956635063440e-03 0.000000000000000000e+00 1.955625797580106684e-01 1.445510024955667071e-02 1.156491906994593782e-02 0.000000000000000000e+00 5.574149886858097147e-02 0.000000000000000000e+00 1.647230878411494182e-01 1.572901702143702021e-02 2.105396383421981044e-01
1.934005895634533304e-02 1.182235497048125389e-01 2.275989856418099162e-03 0.000000000000000000e+00 1.949216160608656934e-01 5.055631980124223636e-03 0.000000000000000000e+00 0.000000000000000000e+00 8.763693875864952965e-02 1.234467431781474146e-02 0.000000000000000000e+00 1.460379885490588336e-01 2.009518430639636172e-02 3.067728195082502010e-02 1.719585500277387713e-01 3.070927721858562279e-03 1.000508292451980086e-01 6.683838208508273253e-03 4.289266881392287539e-02 3.873427154146311113e-02
8.922960847235261728e-02 6.659973781556867423e-02 0.000000000000000000e+00 1.028361121411779516e-01 1.522773763558384064e-01 6.051903971470435489e-02 0.000000000000000000e+00 0.000000000000000000e+00 0.000000000000000000e+00 1.804327431952117144e-02 3.714526186936752128e-02 1.714328749750145819e-01 0.000000000000000000e+00 0.000000000000000000e+00 1.996632109624135731e-01 0.000000000000000000e+00 3.235760208091688350e-02 6.989590129312436839e-02 0.000000000000000000e+00 0.000000000000000000e+00
9.852395091128079985e-02 0.000000000000000000e+00 0.000000000000000000e+00 0.000000000000000000e+00 0.000000000000000000e+00 1.396185495102424123e-01 1.396159428525316736e-02 1.687008958040725828e-02 0.000000000000000000e+00 0.000000000000000000e+00 0.000000000000000000e+00 1.304636015021006512e-01 2.239428862233731540e-02 0.000000000000000000e+00 8.196006230150498784e-02 0.000000000000000000e+00 3.290780663161470970e-02 2.378425181670478991e-02 1.798172876402257259e-01 2.596985171983281493e-01
9.604948586433173507e-02 1.290007762550986377e-02 6.079025618154635172e-03 6.274895870613410309e-02 1.061390328373329472e-01 6.804539530164997740e-02 1.017028325978662799e-03 3.096846449891493130e-02 4.922927478483527658e-02 2.118500910013419031e-02 0.000000000000000000e+00 1.678065286055720473e-01 0.000000000000000000e+00 0.000000000000000000e+00 0.000000000000000000e+00 7.583429899834499832e-02 2.740969855521805873e-02 1.250190415236389907e-01 1.495686796542495811e-01 0.000000000000000000e+00
9.209819265699107846e-03 1.190254819567360262e-01 1.186426822267225428e-01 1.469347357318063693e-02 1.656219501679687400e-01 1.339698164806890357e-01 1.926748627309827176e-03 3.570515862510817429e-02 2.906088061198485589e-02 2.342528104932193114e-02 2.003054475491116912e-02 2.350898321061191953e-01 8.614900904941864487e-03 0.000000000000000000e+00 2.183142809010049298e-02 0.000000000000000000e+00 3.135496532339206773e-03 5.106015384608032781e-02 6.840771265406179504e-03 2.115579915380702038e-03
2.308708223051282940e-02 1.142982889879925884e-01 0.000000000000000000e+00 1.577160622995687211e-01 1.487053994776793842e-01 9.095605694864476731e-02 0.000000000000000000e+00 3.951787172184090778e-03 3.179909198859431907e-02 0.000000000000000000e+00 1.267018564805632297e-01 5.395176234857649439e-02 0.000000000000000000e+00 0.000000000000000000e+00 8.426091168613633609e-02 0.000000000000000000e+00 2.724541094370420274e-02 0.000000000000000000e+00 1.373262894358429353e-01 0.000000000000000000e+00
1.316572152330093733e-02 5.736715081816796957e-02 0.000000000000000000e+00 1.692968362289553122e-02 1.419461475088348301e-01 0.000000000000000000e+00 0.000000000000000000e+00 3.483121871918243382e-03 1.076592150907485085e-01 1.705671118817595616e-02 1.216095472848570253e-01 1.573496408323731000e-01 0.000000000000000000e+00 2.152880520869230110e-02 1.936137419071392307e-01 0.000000000000000000e+00 7.832845654171957661e-03 3.706850749618692542e-02 1.018321468988927780e-01 1.557013093644743105e-03
9.271641819420488317e-02 1.113563618842005193e-01 1.120568219737565624e-01 6.410648773095153907e-02 0.000000000000000000e+00 1.966342544534218501e-02 0.000000000000000000e+00 5.119240986258671161e-02 1.911750609788434932e-02 2.794186252801714523e-02 1.261467765615136294e-01 5.029426070012415345e-02 1.194394894213566122e-01 0.000000000000000000e+00 1.867004385660138432e-01 0.000000000000000000e+00 0.000000000000000000e+00 0.000000000000000000e+00 0.000000000000000000e+00 1.926774103404784930e-02
4.895606909596638551e-02 1.172421359400832308e-01 7.645238541682609912e-02 1.468145420304854121e-01 5.761471904367728575e-02 2.403735878973453297e-02 0.000000000000000000e+00 1.066907926339806939e-01 0.000000000000000000e+00 0.000000000000000000e+00 1.456717709480244080e-02 1.528292341459200343e-01 0.000000000000000000e+00 0.000000000000000000e+00 1.297356170432883288e-02 2.479512332053096166e-02 3.382530333888088964e-02 0.000000000000000000e+00 3.108450171518761102e-02 1.521170957295955861e-01
8.999932988295567329e-03 6.054963899198536476e-02 0.000000000000000000e+00 5.868141073644842290e-03 8.596707429285017910e-02 6.697812205826984833e-02 2.376780356921649046e-02 1.216447385684787802e-01 0.000000000000000000e+00 0.000000000000000000e+00 4.097077548347635018e-02 1.999405676621956451e-01 5.161722231198928590e-03 0.000000000000000000e+00 2.153582890102962236e-02 7.397426530065925876e-02 5.003386473966720677e-02 8.693894678346378302e-02 1.347666956184880860e-01 1.290188173708002768e-02
2.263924663502866683e-02 1.049633374585057372e-01 1.324903022248991868e-01 6.283391051022220453e-02 1.208811976007906075e-01 2.632251575675350827e-02 0.000000000000000000e+00 0.000000000000000000e+00 0.000000000000000000e+00 0.000000000000000000e+00 1.843021582896959415e-02 5.547592876963391290e-02 0.000000000000000000e+00 1.479600946504584964e-03 2.687458265565399046e-02 0.000000000000000000e+00 1.429398661475082474e-02 1.073631057827488175e-02 2.332973170343400349e-01 1.692815473856723041e-01
1.516295066972147831e-01 1.666117383964316884e-02 3.225970084733012500e-02 2.070237853930226996e-02 2.861587717831245992e-02 1.869815867548212075e-04 3.277806974903636067e-02 0.000000000000000000e+00 0.000000000000000000e+00 1.341409917142310539e-02 1.699726631884735523e-02 2.129158720915777514e-01 3.503198543552253630e-02 3.949679721244839237e-03 1.665916134361960232e-01 9.081006533885079349e-03 2.258221270406121986e-02 2.378948532676028807e-02 0.000000000000000000e+00 2.128130908228878237e-01
6.965473229451991932e-02 1.092827242791248876e-01 3.082135500364533397e-03 1.583794342672764921e-01 2.293520787413002790e-02 0.000000000000000000e+00 0.000000000000000000e+00 8.548738670858416211e-02 1.655665190482748933e-02 5.762132508037278583e-02 4.325898045814223492e-02 1.719150103465824919e-01 5.382079582241054705e-02 0.000000000000000000e+00 0.000000000000000000e+00 0.000000000000000000e+00 2.181653581980384435e-02 1.356062318360422465e-02 1.351200412175397048e-01 3.750841524271668337e-02
0.000000000000000000e+00 7.933882833334876539e-02 0.000000000000000000e+00 7.652051594121486375e-03 2.898486227211498692e-02 9.381305659151871479e-02 0.000000000000000000e+00 6.796276044083640611e-02 0.000000000000000000e+00 0.000000000000000000e+00 1.192540534360245347e-01 1.642470468671497763e-01 0.000000000000000000e+00 0.000000000000000000e+00 2.926390054726837886e-02 0.000000000000000000e+00 1.202888467176050150e-02 1.100110294029460339e-01 1.509044355358580836e-01 1.365390903070523576e-01
1.474278210875297201e-01 1.722589811891831468e-01 0.000000000000000000e+00 8.442502838465616721e-02 0.000000000000000000e+00 0.000000000000000000e+00 0.000000000000000000e+00 0.000000000000000000e+00 0.000000000000000000e+00 0.000000000000000000e+00 2.546846581986545940e-02 6.279046900419328614e-02 2.178519042099391623e-01 0.000000000000000000e+00 1.730276530290164039e-01 0.000000000000000000e+00 2.501750281786460552e-03 0.000000000000000000e+00 6.111603882079170991e-02 5.313188817303859252e-02
1.992473367646654669e-01 0.000000000000000000e+00 0.000000000000000000e+00 0.000000000000000000e+00 1.085626697278729569e-01 1.568185787873463410e-01 0.000000000000000000e+00 0.000000000000000000e+00 1.090523796348648322e-02 8.583063745229255193e-02 0.000000000000000000e+00 0.000000000000000000e+00 0.000000000000000000e+00 0.000000000000000000e+00 2.126470981520687531e-01 0.000000000000000000e+00 5.567681941182171107e-02 0.000000000000000000e+00 1.703116217404457844e-01 0.000000000000000000e+00
