0.000000000000000000e+00 1.684199974998008831e-01 0.000000000000000000e+00 0.000000000000000000e+00 1.706879319593693212e-02 0.000000000000000000e+00 0.000000000000000000e+00 0.000000000000000000e+00 0.000000000000000000e+00 4.798448802843823663e-02 0.000000000000000000e+00 1.257170714547698465e-01 0.000000000000000000e+00 0.000000000000000000e+00 2.828052191409080596e-01 1.104822208969494512e-01 0.000000000000000000e+00 5.095137374000186653e-02 6.631214504677546140e-03 1.133115866912091235e-02 0.000000000000000000e+00 1.055827681228506745e-02 0.000000000000000000e+00 0.000000000000000000e+00 1.680501860571112505e-01
0.000000000000000000e+00 2.946039473137058717e-01 0.000000000000000000e+00 0.000000000000000000e+00 1.631868357064609476e-01 2.834316913970048868e-02 0.000000000000000000e+00 9.920726054327357046e-02 0.000000000000000000e+00 0.000000000000000000e+00 0.000000000000000000e+00 2.083187996938966335e-02 0.000000000000000000e+00 2.228437762220268278e-02 0.000000000000000000e+00 6.483985222441290830e-02 1.022315778124388425e-01 0.000000000000000000e+00 0.000000000000000000e+00 0.000000000000000000e+00 0.000000000000000000e+00 0.000000000000000000e+00 0.000000000000000000e+00 2.044710996684150905e-01 0.000000000000000000e+00
8.438167554998054348e-03 1.248911798826947764e-02 4.305412345763851012e-02 1.174561798832035875e-01 0.000000000000000000e+00 0.000000000000000000e+00 5.971080626625661913e-02 3.228234459059909495e-02 0.000000000000000000e+00 3.258132285712341761e-03 1.022863302159500859e-01 3.694440573616561592e-03 0.000000000000000000e+00 1.820422707509320726e-01 1.817779582244736514e-01 2.145230571364364208e-02 0.000000000000000000e+00 6.245866163756316758e-03 0.000000000000000000e+00 0.000000000000000000e+00 5.260958008466652680e-02 0.000000000000000000e+00 1.247116534165631091e-01 4.849072282972017450e-02 0.000000000000000000e+00
0.000000000000000000e+00 3.776951705899845441e-02 2.382404929623999426e-02 0.000000000000000000e+00 1.738601909767881204e-01 0.000000000000000000e+00 0.000000000000000000e+00 1.910785309433875589e-01 0.000000000000000000e+00 0.000000000000000000e+00 0.000000000000000000e+00 0.000000000000000000e+00 0.000000000000000000e+00 0.000000000000000000e+00 1.325392407696165675e-01 0.000000000000000000e+00 0.000000000000000000e+00 0.000000000000000000e+00 5.864687403471822297e-02 0.000000000000000000e+00 0.000000000000000000e+00 0.000000000000000000e+00 0.000000000000000000e+00 3.822815969202511543e-01 0.000000000000000000e+00
0.000000000000000000e+00 0.000000000000000000e+00 0.000000000000000000e+00 0.000000000000000000e+00 0.000000000000000000e+00 9.785245498272790443e-02 1.323563374418271765e-01 0.000000000000000000e+00 0.000000000000000000e+00 9.547518736985097232e-02 4.136740381786934567e-02 0.000000000000000000e+00 1.422603567266409949e-02 1.121652306354330025e-01 2.081632095504059865e-01 7.479458557747997727e-02 0.000000000000000000e+00 0.000000000000000000e+00 3.998334887946444760e-02 0.000000000000000000e+00 0.000000000000000000e+00 0.000000000000000000e+00 0.000000000000000000e+00 1.599741726056878588e-01 2.364203346658926008e-02
0.000000000000000000e+00 1.690701911110371325e-01 1.314053440742889434e-01 0.000000000000000000e+00 1.945751990928857450e-02 1.780495434065226812e-02 0.000000000000000000e+00 0.000000000000000000e+00 0.000000000000000000e+00 0.000000000000000000e+00 5.943014195942700195e-02 1.051893206583531526e-01 6.730954234650884938e-02 0.000000000000000000e+00 3.254505748749933480e-02 6.916238663579603319e-02 0.000000000000000000e+00 0.000000000000000000e+00 0.000000000000000000e+00 0.000000000000000000e+00 0.000000000000000000e+00 0.000000000000000000e+00 0.000000000000000000e+00 1.693198077039229088e-01 1.593057337732260437e-01
8.536827377806224110e-03 1.846634838698899828e-01 0.000000000000000000e+00 0.000000000000000000e+00 1.754774232400997946e-01 0.000000000000000000e+00 1.710406024830318436e-02 9.720812688581444150e-03 0.000000000000000000e+00 0.000000000000000000e+00 0.000000000000000000e+00 0.000000000000000000e+00 0.000000000000000000e+00 0.000000000000000000e+00 2.020689293466719771e-01 0.000000000000000000e+00 0.000000000000000000e+00 5.164644602363123276e-03 2.413892657719417800e-01 0.000000000000000000e+00 0.000000000000000000e+00 0.000000000000000000e+00 0.000000000000000000e+00 1.558745528543425962e-01 0.000000000000000000e+00
0.000000000000000000e+00 1.073830990267974766e-01 0.000000000000000000e+00 0.000000000000000000e+00 0.000000000000000000e+00 3.534445919927130947e-02 8.405823369608785012e-02 0.000000000000000000e+00 3.097154730263930802e-02 1.212540926275010728e-01 0.000000000000000000e+00 0.000000000000000000e+00 1.704021509734498369e-02 2.298191811474916899e-02 2.171168818775986442e-01 1.169585737813291365e-01 1.210623041882763623e-01 1.780611919293462533e-02 7.993743932853382417e-02 0.000000000000000000e+00 0.000000000000000000e+00 1.003924660229988698e-02 1.857860430312676791e-03 1.618800953432363715e-02 0.000000000000000000e+00
4.299881558000100829e-02 0.000000000000000000e+00 1.307666305533977114e-01 3.018432458724399844e-02 2.122999359103016070e-01 1.475051035763045790e-02 1.069300440376093342e-01 1.586749488746910103e-02 7.730217239361659998e-02 1.770018784478778751e-02 0.000000000000000000e+00 1.592602694943804145e-02 3.686392067291164969e-03 0.000000000000000000e+00 2.182348002056338221e-01 1.574647766226023107e-02 1.882173358807224389e-03 0.000000000000000000e+00 0.000000000000000000e+00 0.000000000000000000e+00 0.000000000000000000e+00 0.000000000000000000e+00 1.218301565619011630e-02 6.627139997421743756e-02 1.726959797410433650e-02
0.000000000000000000e+00 1.200566877612341439e-02 0.000000000000000000e+00 0.000000000000000000e+00 1.107254406743935909e-01 0.000000000000000000e+00 2.038397335137527855e-01 8.858456097282739472e-02 1.614728107217525133e-02 0.000000000000000000e+00 0.000000000000000000e+00 3.693801609935009472e-02 0.000000000000000000e+00 5.881203502286908025e-02 1.585927763555991798e-01 2.343927236665344430e-02 3.938799279003832939e-04 0.000000000000000000e+00 6.643981787787933690e-02 4.665246226123232615e-02 0.000000000000000000e+00 3.961787113734148436e-03 3.018748662675852998e-02 3.755558717356959064e-02 1.057241941651816119e-01
0.000000000000000000e+00 3.939184163823049312e-02 1.151050098907182573e-01 1.084650804610382824e-01 1.149359041516455175e-02 6.604808040165052047e-03 3.474480424322164834e-02 2.217766752295713059e-02 5.424037297262437191e-02 0.000000000000000000e+00 6.361191816914175956e-02 1.144995266596936095e-01 0.000000000000000000e+00 0.000000000000000000e+00 1.053539150797132840e-01 4.265054956593195001e-02 7.199341148574645022e-02 0.000000000000000000e+00 1.860143797841200958e-02 1.647123934542100987e-02 0.000000000000000000e+00 1.007228143367367573e-02 0.000000000000000000e+00 3.375554671691115283e-03 1.611469904264554442e-01
0.000000000000000000e+00 1.875475560870429326e-01 1.254757415705958223e-01 0.000000000000000000e+00 3.250942414706042144e-02 0.000000000000000000e+00 7.654742786511024681e-03 1.688171900429824290e-01 0.000000000000000000e+00 0.000000000000000000e+00 0.000000000000000000e+00 7.555670969725820918e-02 0.000000000000000000e+00 0.000000000000000000e+00 0.000000000000000000e+00 0.000000000000000000e+00 0.000000000000000000e+00 2.489186723590030084e-02 2.113360778601599543e-01 1.218286170202408369e-01 0.000000000000000000e+00 0.000000000000000000e+00 0.000000000000000000e+00 4.438207355224798450e-02 0.000000000000000000e+00
0.000000000000000000e+00 1.523816159267654957e-01 1.388035852665757963e-01 0.000000000000000000e+00 0.000000000000000000e+00 7.308950210459289575e-03 1.847440001391675579e-01 0.000000000000000000e+00 0.000000000000000000e+00 0.000000000000000000e+00 0.000000000000000000e+00 1.195302793567586813e-01 0.000000000000000000e+00 0.000000000000000000e+00 0.000000000000000000e+00 6.102084792675792346e-02 1.923595836612382315e-02 0.000000000000000000e+00 2.124239883034471366e-01 0.000000000000000000e+00 0.000000000000000000e+00 7.781909372368614290e-03 0.000000000000000000e+00 9.676886513157557934e-02 0.000000000000000000e+00
0.000000000000000000e+00 7.995972016268343419e-02 0.000000000000000000e+00 0.000000000000000000e+00 3.113471816925934554e-01 0.000000000000000000e+00 1.410802302595759276e-02 0.000000000000000000e+00 0.000000000000000000e+00 0.000000000000000000e+00 0.000000000000000000e+00 1.782232510240202780e-02 0.000000000000000000e+00 1.603008160121697501e-01 1.584067526982337881e-01 1.290960396425842698e-02 0.000000000000000000e+00 0.000000000000000000e+00 2.179031198047376161e-01 8.331533302800996424e-03 0.000000000000000000e+00 0.000000000000000000e+00 0.000000000000000000e+00 0.000000000000000000e+00 1.891092423416313936e-02
0.000000000000000000e+00 0.000000000000000000e+00 8.607385850773009717e-02 0.000000000000000000e+00 1.369409726002269179e-01 1.031497970949358106e-01 3.051962654672009390e-02 2.866123807389589495e-02 0.000000000000000000e+00 3.451564340534416485e-03 1.260269677958180887e-02 0.000000000000000000e+00 1.406633723028384792e-03 6.415160096623849506e-02 4.102914191830835111e-02 4.634777655589895212e-02 1.102293352975389044e-02 0.000000000000000000e+00 2.766356053896358580e-02 7.573930363287588452e-02 8.783064219821778984e-03 3.103949183739435069e-02 1.290003666460452780e-01 3.691767259341535018e-02 1.254986998946307775e-01
0.000000000000000000e+00 7.833575920618850164e-02 1.238158066405504742e-01 5.419997119786081063e-02 1.823990987015750298e-01 0.000000000000000000e+00 1.171302788633972886e-01 0.000000000000000000e+00 0.000000000000000000e+00 0.000000000000000000e+00 0.000000000000000000e+00 1.508656608241554578e-02 0.000000000000000000e+00 0.000000000000000000e+00 5.564237296121366666e-02 0.000000000000000000e+00 3.013730247742936116e-02 0.000000000000000000e+00 1.944494437382691121e-01 0.000000000000000000e+00 0.000000000000000000e+00 1.237207158921126843e-02 0.000000000000000000e+00 0.000000000000000000e+00 1.364313285418889687e-01
0.000000000000000000e+00 0.000000000000000000e+00 7.161481839747387002e-03 0.000000000000000000e+00 2.418590707671974815e-01 5.315580003856499453e-02 2.459985590512692166e-03 0.000000000000000000e+00 0.000000000000000000e+00 9.668482454687099548e-02 0.000000000000000000e+00 0.000000000000000000e+00 0.000000000000000000e+00 1.755693382492249099e-01 1.869048616368744475e-02 0.000000000000000000e+00 2.548059430865902766e-02 6.787693154321128297e-02 2.374776267250089390e-01 0.000000000000000000e+00 0.000000000000000000e+00 0.000000000000000000e+00 7.358386022731480680e-02 0.000000000000000000e+00 0.000000000000000000e+00
1.075049286871957721e-01 1.476618419042213630e-02 0.000000000000000000e+00 0.000000000000000000e+00 1.677465068882976265e-02 0.000000000000000000e+00 2.259681345920195594e-01 1.832854974224206457e-01 0.000000000000000000e+00 0.000000000000000000e+00 0.000000000000000000e+00 2.763060960946255376e-02 0.000000000000000000e+00 0.000000000000000000e+00 1.912940834442519999e-01 0.000000000000000000e+00 0.000000000000000000e+00 0.000000000000000000e+00 2.327759113653976586e-01 0.000000000000000000e+00 0.000000000000000000e+00 0.000000000000000000e+00 0.000000000000000000e+00 0.000000000000000000e+00 0.000000000000000000e+00
0.000000000000000000e+00 1.919246281506546692e-01 0.000000000000000000e+00 0.000000000000000000e+00 0.000000000000000000e+00 0.000000000000000000e+00 1.565343128311276755e-01 2.001506548102936489e-01 0.000000000000000000e+00 0.000000000000000000e+00 0.000000000000000000e+00 0.000000000000000000e+00 0.000000000000000000e+00 0.000000000000000000e+00 1.326894302308326556e-01 0.000000000000000000e+00 0.000000000000000000e+00 0.000000000000000000e+00 0.000000000000000000e+00 0.000000000000000000e+00 0.000000000000000000e+00 1.167412954534611342e-03 0.000000000000000000e+00 1.475957690487314511e-01 1.699377919738252751e-01
0.000000000000000000e+00 2.833789185558556814e-02 2.586083345206950657e-02 0.000000000000000000e+00 0.000000000000000000e+00 1.048532886073470088e-01 0.000000000000000000e+00 9.518907333586618461e-03 4.248900371482598748e-02 0.000000000000000000e+00 0.000000000000000000e+00 1.472982296476040565e-01 0.000000000000000000e+00 1.825358098030445131e-01 8.011670088067943118e-02 0.000000000000000000e+00 0.000000000000000000e+00 0.000000000000000000e+00 0.000000000000000000e+00 0.000000000000000000e+00 0.000000000000000000e+00 7.419595035528023241e-02 0.000000000000000000e+00 1.068248448812922496e-01 1.979685394686848676e-01
0.000000000000000000e+00 1.276465104925879890e-01 0.000000000000000000e+00 0.000000000000000000e+00 1.301494622083921859e-01 1.894686263161473594e-01 1.314410873608978236e-01 0.000000000000000000e+00 0.000000000000000000e+00 0.000000000000000000e+00 1.230751259776464296e-02 0.000000000000000000e+00 0.000000000000000000e+00 0.000000000000000000e+00 1.805339933457510426e-01 1.821630927293088273e-02 0.000000000000000000e+00 0.000000000000000000e+00 0.000000000000000000e+00 2.473143790947561829e-02 1.772333883021197029e-02 6.388113945110242622e-03 2.193648016166186224e-02 0.000000000000000000e+00 1.394571275590684722e-01
1.832057476276195349e-02 0.000000000000000000e+00 1.295053665474277804e-01 1.037718133909772827e-01 1.994383126190538147e-01 2.648471281962900756e-02 3.836121631041952001e-02 0.000000000000000000e+00 0.000000000000000000e+00 1.212836074453908786e-01 0.000000000000000000e+00 5.623670882142947636e-02 0.000000000000000000e+00 2.998172774319641729e-02 2.166403128199402561e-01 0.000000000000000000e+00 1.833601165178290818e-02 0.000000000000000000e+00 0.000000000000000000e+00 4.708450540882984543e-03 0.000000000000000000e+00 0.000000000000000000e+00 2.156426923304344614e-02 9.495645018904709869e-03 5.871270275159436516e-03
1.568056018313176633e-02 1.243677075513401759e-01 6.797229461537847989e-03 0.000000000000000000e+00 8.204608269722374336e-02 3.858759939936532574e-02 7.548964150391139494e-02 0.000000000000000000e+00 3.934989436266588675e-02 7.468245331553369226e-02 0.000000000000000000e+00 1.800962723899549381e-02 0.000000000000000000e+00 5.330228493193590877e-02 3.111298807061227967e-01 5.856887990871791376e-04 2.475210253677916777e-02 0.000000000000000000e+00 1.540898893283401856e-03 0.000000000000000000e+00 1.231497240917866880e-02 0.000000000000000000e+00 1.213633760099077086e-01 0.000000000000000000e+00 0.000000000000000000e+00
0.000000000000000000e+00 2.232778992519245109e-01 0.000000000000000000e+00 0.000000000000000000e+00 1.599607516490398063e-01 3.894260625657908204e-02 0.000000000000000000e+00 4.058969761212342930e-02 0.000000000000000000e+00 0.000000000000000000e+00 0.000000000000000000e+00 0.000000000000000000e+00 0.000000000000000000e+00 0.000000000000000000e+00 1.662405662949699436e-01 0.000000000000000000e+00 2.215042665585730333e-02 0.000000000000000000e+00 2.034629697902895773e-01 1.990135965684450281e-02 0.000000000000000000e+00 0.000000000000000000e+00 1.190502670693731752e-01 0.000000000000000000e+00 6.423455762998504445e-03
0.000000000000000000e+00 2.419399204618787602e-01 1.058454972296818397e-01 2.406118925239113943e-02 0.000000000000000000e+00 5.605109945433357777e-02 0.000000000000000000e+00 0.000000000000000000e+00 1.797368370520641134e-02 0.000000000000000000e+00 0.000000000000000000e+00 0.000000000000000000e+00 2.063187340471726167e-02 2.414754606865055896e-03 1.527940023783564416e-01 8.696735474284580936e-02 6.438247835406296637e-02 0.000000000000000000e+00 1.649607307614511797e-02 0.000000000000000000e+00 0.000000000000000000e+00 2.773020032378017107e-03 5.158203382436706702e-02 0.000000000000000000e+00 1.560870194767706720e-01
