0.000000000000000000e+00 3.020247391185445704e-02 0.000000000000000000e+00 0.000000000000000000e+00 4.430557258652072922e-02 1.116463517460494353e-01 0.000000000000000000e+00 0.000000000000000000e+00 0.000000000000000000e+00 0.000000000000000000e+00 1.444002798034256796e-01 2.369708555381468684e-01 6.045328951094140063e-02 8.490223171644281641e-02 6.585424189591296273e-02 1.982741574187628711e-02 0.000000000000000000e+00 1.648274437371323453e-01 2.758834053167101910e-02 9.021503280025962648e-03
1.459641435408067234e-01 0.000000000000000000e+00 0.000000000000000000e+00 2.664469676234407225e-01 0.000000000000000000e+00 0.000000000000000000e+00 0.000000000000000000e+00 1.688343386356015718e-01 0.000000000000000000e+00 0.000000000000000000e+00 1.781411906088968544e-01 2.051677731318430065e-01 0.000000000000000000e+00 0.000000000000000000e+00 0.000000000000000000e+00 0.000000000000000000e+00 0.000000000000000000e+00 2.439980197438685813e-02 1.104578448502433786e-02 0.000000000000000000e+00
0.000000000000000000e+00 1.420142971926021402e-01 1.932700760443796517e-02 6.606841004266993458e-03 1.901151022289886972e-01 0.000000000000000000e+00 0.000000000000000000e+00 3.346432498719945862e-03 3.940835314947565594e-03 0.000000000000000000e+00 1.731320959039319707e-01 0.000000000000000000e+00 0.000000000000000000e+00 9.358422939301996868e-02 5.978714200702044124e-02 0.000000000000000000e+00 0.000000000000000000e+00 4.020582403951542330e-03 3.041254344481126304e-01 0.000000000000000000e+00
1.409927483659327851e-01 0.000000000000000000e+00 6.418417584621963733e-03 0.000000000000000000e+00 0.000000000000000000e+00 0.000000000000000000e+00 0.000000000000000000e+00 0.000000000000000000e+00 0.000000000000000000e+00 0.000000000000000000e+00 7.613475762241211919e-02 0.000000000000000000e+00 0.000000000000000000e+00 1.262318448194613973e-01 0.000000000000000000e+00 0.000000000000000000e+00 0.000000000000000000e+00 1.281832582632816409e-01 2.112395332660272351e-01 3.107994400782628230e-01
0.000000000000000000e+00 0.000000000000000000e+00 0.000000000000000000e+00 2.962873313867812608e-01 0.000000000000000000e+00 0.000000000000000000e+00 0.000000000000000000e+00 0.000000000000000000e+00 0.000000000000000000e+00 0.000000000000000000e+00 1.304631129601440676e-01 2.132382061832789610e-01 0.000000000000000000e+00 0.000000000000000000e+00 0.000000000000000000e+00 1.462516399323241234e-01 0.000000000000000000e+00 0.000000000000000000e+00 2.137597095374716982e-01 0.000000000000000000e+00
1.450466595016960125e-01 6.041341771325207249e-02 0.000000000000000000e+00 1.634717204598980234e-01 2.431971484814569179e-02 3.151891788158576319e-02 0.000000000000000000e+00 1.746588135822828569e-01 5.002315676539854927e-02 2.068687275099435202e-02 1.292880954035721675e-01 2.005726310931744694e-01 0.000000000000000000e+00 0.000000000000000000e+00 0.000000000000000000e+00 0.000000000000000000e+00 0.000000000000000000e+00 0.000000000000000000e+00 0.000000000000000000e+00 0.000000000000000000e+00
6.818286339487368564e-02 6.393368713287576888e-02 0.000000000000000000e+00 0.000000000000000000e+00 3.144935062014273530e-01 2.879041790403955026e-01 0.000000000000000000e+00 4.213450905835390732e-03 0.000000000000000000e+00 0.000000000000000000e+00 0.000000000000000000e+00 1.943183681985463096e-01 0.000000000000000000e+00 1.458620095401928080e-02 0.000000000000000000e+00 0.000000000000000000e+00 0.000000000000000000e+00 0.000000000000000000e+00 5.236774417202665066e-02 0.000000000000000000e+00
0.000000000000000000e+00 0.000000000000000000e+00 9.486437141038679688e-02 6.833421405727090059e-02 1.044946265345841202e-01 1.276504790409547230e-01 0.000000000000000000e+00 1.270972895019561455e-01 0.000000000000000000e+00 0.000000000000000000e+00 0.000000000000000000e+00 1.326325990044449066e-01 6.006994483612231733e-03 9.920351286522618994e-02 1.720540707585323584e-02 0.000000000000000000e+00 0.000000000000000000e+00 0.000000000000000000e+00 1.164273651624427031e-01 1.060831408632679912e-01
0.000000000000000000e+00 1.281979345829607486e-01 1.332170601367713147e-01 2.334374560424653244e-01 2.801733783022163082e-02 4.576033634323543875e-02 7.290787664847940119e-04 1.919513573972164155e-01 0.000000000000000000e+00 0.000000000000000000e+00 0.000000000000000000e+00 0.000000000000000000e+00 1.463789305682677566e-01 0.000000000000000000e+00 0.000000000000000000e+00 0.000000000000000000e+00 1.512825971996363192e-02 4.882989605568978375e-02 2.835235255672332103e-02 0.000000000000000000e+00
9.497449668526927735e-02 1.220483841927907376e-01 1.351645679582912790e-02 2.245702978057025762e-02 1.409398174243784441e-01 0.000000000000000000e+00 1.305693785580674775e-02 0.000000000000000000e+00 9.696360017724077462e-02 2.293268706024366443e-02 8.191678576399047396e-02 1.908165165117174100e-01 0.000000000000000000e+00 0.000000000000000000e+00 0.000000000000000000e+00 1.403112192684680959e-01 0.000000000000000000e+00 3.074269311098125346e-02 0.000000000000000000e+00 2.932337537271369546e-02
2.572609865095808190e-02 1.164908919984643590e-02 0.000000000000000000e+00 1.168244803846149593e-01 0.000000000000000000e+00 1.073761972394556979e-01 0.000000000000000000e+00 8.612794267456978792e-02 0.000000000000000000e+00 0.000000000000000000e+00 1.202638020736553487e-01 1.054090850215697872e-01 8.097416943679481205e-04 1.050642244835526262e-01 7.772151579816234668e-02 0.000000000000000000e+00 5.940484020024382195e-02 1.263166015685218135e-01 5.730638101048133454e-02 0.000000000000000000e+00
2.473232688259136697e-02 3.851395990938535213e-02 1.197131783733827448e-01 0.000000000000000000e+00 0.000000000000000000e+00 5.585983522284956870e-02 1.402220303054530631e-02 8.016797929896743446e-02 0.000000000000000000e+00 1.505767007924180062e-03 3.159199370832842940e-02 2.954129311406511471e-01 0.000000000000000000e+00 2.656403742802815673e-03 6.763932277648749755e-03 0.000000000000000000e+00 0.000000000000000000e+00 2.167465728155679450e-01 0.000000000000000000e+00 1.123129165893550496e-01
1.440619173320317747e-01 0.000000000000000000e+00 0.000000000000000000e+00 0.000000000000000000e+00 6.164294980342129374e-03 2.367218891832200689e-01 0.000000000000000000e+00 0.000000000000000000e+00 3.993573886221287589e-02 1.852269670042673219e-02 3.044081025590512045e-03 2.081937488170715334e-01 0.000000000000000000e+00 1.586337438445473702e-01 7.198301570620255219e-02 2.398428882011472297e-03 1.464901196852856288e-02 0.000000000000000000e+00 3.490424331689616355e-02 6.078718938091830920e-02
1.426888291103512452e-01 6.471688175431167603e-03 0.000000000000000000e+00 1.653455183520523286e-01 0.000000000000000000e+00 1.844984253395897944e-01 0.000000000000000000e+00 0.000000000000000000e+00 0.000000000000000000e+00 0.000000000000000000e+00 0.000000000000000000e+00 2.524133948034801289e-01 0.000000000000000000e+00 1.659071519199823708e-01 2.626217551067495243e-02 4.240701001198548398e-02 0.000000000000000000e+00 1.400580677645260098e-02 0.000000000000000000e+00 0.000000000000000000e+00
1.430890580828960146e-01 9.412855363537359077e-02 0.000000000000000000e+00 9.182470217938423773e-02 0.000000000000000000e+00 3.455342209969339967e-02 0.000000000000000000e+00 1.364070228408847821e-03 0.000000000000000000e+00 0.000000000000000000e+00 2.228336462704791909e-01 1.954365716336235181e-01 0.000000000000000000e+00 0.000000000000000000e+00 1.595037270385259998e-01 2.314697612774886063e-03 2.337273400614647140e-02 3.157881721269371889e-02 0.000000000000000000e+00 0.000000000000000000e+00
