1.064479345523535597e-02 0.000000000000000000e+00 2.282356050291039704e-03 1.619501105210567615e-02 0.000000000000000000e+00 4.617093170200790159e-02 3.068988238278554798e-02 6.628888158426605483e-03 0.000000000000000000e+00 0.000000000000000000e+00 0.000000000000000000e+00 0.000000000000000000e+00 0.000000000000000000e+00 9.252086026748980452e-02 1.869599215011537863e-01 1.023497636142960306e-02 1.375632179072324747e-02 1.176638613516220039e-01 2.463020955075324175e-02 0.000000000000000000e+00 8.334329981545264554e-02 2.214417340350110022e-02 5.441887850623378098e-02 4.594564798919025667e-02 2.357699866615984574e-01
9.885191487656865006e-02 7.414884912065440592e-03 0.000000000000000000e+00 1.363533234760063995e-01 1.550152113371754403e-01 0.000000000000000000e+00 0.000000000000000000e+00 4.949593527654772007e-02 0.000000000000000000e+00 0.000000000000000000e+00 0.000000000000000000e+00 0.000000000000000000e+00 0.000000000000000000e+00 0.000000000000000000e+00 1.583893418349485716e-02 1.145357209050157643e-01 1.879791171803263036e-02 3.496548904368754207e-02 0.000000000000000000e+00 0.000000000000000000e+00 1.482710244343803663e-01 0.000000000000000000e+00 3.687174311495694783e-03 1.752303998850300304e-01 4.154207564049956780e-02
1.852798168713877883e-02 0.000000000000000000e+00 8.081753010360522666e-04 1.052603705864453565e-01 1.720791177379829215e-02 3.991597523409769893e-03 3.568885289238547982e-03 8.216490164406244079e-02 1.627307955572197817e-02 8.664585024904415678e-02 8.307398560954028233e-02 0.000000000000000000e+00 0.000000000000000000e+00 4.630797633024156396e-02 4.594753243109200858e-02 1.026303638732160850e-01 5.216528910049433171e-02 6.717851813967978813e-02 7.950231514353470197e-02 1.652125557195671668e-02 0.000000000000000000e+00 0.000000000000000000e+00 9.830044724171103920e-02 5.099433996202259317e-02 2.292922298661551408e-02
3.443585060901142164e-02 7.996981241828762799e-02 4.780776851451153803e-02 0.000000000000000000e+00 4.084601377574954839e-02 0.000000000000000000e+00 5.464597230685036035e-03 1.443546618673740844e-01 0.000000000000000000e+00 0.000000000000000000e+00 5.344185290839059688e-02 0.000000000000000000e+00 2.043150480408793238e-04 0.000000000000000000e+00 0.000000000000000000e+00 0.000000000000000000e+00 2.029264758062490973e-02 1.277876238443992063e-01 4.687559229705612340e-02 0.000000000000000000e+00 0.000000000000000000e+00 6.171822542775786541e-02 1.620402787744424367e-01 1.747607597036686389e-01 0.000000000000000000e+00
0.000000000000000000e+00 0.000000000000000000e+00 0.000000000000000000e+00 0.000000000000000000e+00 8.503088612908597799e-02 5.389849216072298277e-02 1.644576207520040412e-01 3.571424276931057205e-04 0.000000000000000000e+00 7.007525210288712003e-02 0.000000000000000000e+00 2.239344856393590127e-02 1.648095291327374493e-02 5.009113504190174787e-02 1.624609232384408852e-01 0.000000000000000000e+00 0.000000000000000000e+00 1.846212343477078577e-02 5.428019797065434388e-02 0.000000000000000000e+00 2.552702975142165376e-02 4.988109823446845031e-02 0.000000000000000000e+00 1.650312498253644067e-01 6.157244745337484698e-02
0.000000000000000000e+00 0.000000000000000000e+00 7.491515177599623876e-02 1.380785674465086765e-01 0.000000000000000000e+00 3.479794428154817792e-02 1.273807289988121705e-01 6.821873438266264425e-03 0.000000000000000000e+00 1.146246544984200200e-03 0.000000000000000000e+00 2.964798402223091031e-02 0.000000000000000000e+00 0.000000000000000000e+00 9.589237924292892679e-02 1.449330243840876997e-01 2.522422602638567032e-02 4.016914989024459454e-03 1.326084276812574125e-01 0.000000000000000000e+00 0.000000000000000000e+00 0.000000000000000000e+00 5.479319358651483368e-02 4.933200601639356475e-02 8.041133156506086177e-02
4.305983661695222953e-02 0.000000000000000000e+00 0.000000000000000000e+00 0.000000000000000000e+00 1.637052272402572395e-01 0.000000000000000000e+00 1.840991062954103197e-01 9.173628287343210674e-02 0.000000000000000000e+00 0.000000000000000000e+00 0.000000000000000000e+00 0.000000000000000000e+00 3.070037654090487095e-02 8.179291461456869236e-04 1.744508952034808380e-01 4.566453053311413102e-02 0.000000000000000000e+00 6.469689324287128396e-02 0.000000000000000000e+00 0.000000000000000000e+00 0.000000000000000000e+00 0.000000000000000000e+00 0.000000000000000000e+00 1.785689858328058377e-01 2.249993647462554536e-02
1.001818063526287578e-01 7.858048095246124298e-02 2.708526620230962065e-02 8.003691298432780502e-03 0.000000000000000000e+00 2.739598045468190704e-02 6.928932477839364057e-02 8.574161047980587147e-02 1.824490755304737297e-02 0.000000000000000000e+00 0.000000000000000000e+00 0.000000000000000000e+00 0.000000000000000000e+00 0.000000000000000000e+00 1.156107531228714735e-01 9.715777286397485335e-02 0.000000000000000000e+00 1.056486526911582999e-02 4.545173057945229786e-03 3.358317365804664324e-03 0.000000000000000000e+00 1.061831332731063976e-01 1.127186267262449693e-01 4.748418425431393669e-02 8.785410599486137562e-02
4.269386121091010844e-02 0.000000000000000000e+00 1.263463829833456620e-01 2.602386652872447706e-02 1.468781651063874594e-01 0.000000000000000000e+00 2.059366582441094287e-02 0.000000000000000000e+00 0.000000000000000000e+00 1.524776670303605412e-02 0.000000000000000000e+00 7.164599305678842275e-03 9.371996353835150562e-02 7.162933628437123321e-03 1.613478459896582895e-01 1.231531069350460389e-02 0.000000000000000000e+00 4.685344920442515750e-03 0.000000000000000000e+00 0.000000000000000000e+00 2.460594126574296159e-03 4.367105187127606064e-02 0.000000000000000000e+00 1.514596331806069007e-01 1.382290143886552580e-01
3.113850982926814198e-03 5.670255445865234750e-02 6.858936390798352212e-02 0.000000000000000000e+00 8.833273738982159312e-03 6.836626135342339927e-02 2.184986763180925828e-01 1.009539108044445743e-01 1.503630447946040574e-02 0.000000000000000000e+00 0.000000000000000000e+00 0.000000000000000000e+00 0.000000000000000000e+00 1.181733063665615924e-02 1.380491284961856413e-01 0.000000000000000000e+00 0.000000000000000000e+00 2.545810424300577399e-02 1.139239438453339276e-01 1.650324794869493031e-02 1.911662952388813383e-02 0.000000000000000000e+00 0.000000000000000000e+00 2.007286452764048268e-02 1.149645547346291319e-01
1.105750530423849423e-02 2.345515180222794774e-02 8.649326346746939731e-02 1.242479742817158561e-01 0.000000000000000000e+00 0.000000000000000000e+00 1.566005750734796309e-01 1.103545443431777073e-01 0.000000000000000000e+00 0.000000000000000000e+00 0.000000000000000000e+00 0.000000000000000000e+00 2.206385112008356093e-03 0.000000000000000000e+00 1.837536609302312940e-01 0.000000000000000000e+00 3.015424866560699815e-02 1.101252227128345640e-01 3.436222871118427974e-02 7.033459180698796442e-02 2.380240401914763756e-02 0.000000000000000000e+00 0.000000000000000000e+00 0.000000000000000000e+00 3.305224376968995958e-02
9.934487520020647555e-02 0.000000000000000000e+00 2.512989960515908672e-02 1.307477297109166658e-01 1.442396108437846436e-01 0.000000000000000000e+00 1.506833690595071884e-02 0.000000000000000000e+00 0.000000000000000000e+00 0.000000000000000000e+00 0.000000000000000000e+00 0.000000000000000000e+00 0.000000000000000000e+00 0.000000000000000000e+00 2.191957682752097500e-02 6.394752300176612114e-02 4.726712541844232257e-02 1.339867604580291527e-01 1.836846400131415535e-01 6.566811149563113459e-02 0.000000000000000000e+00 1.037763308586634771e-02 1.994049376631261764e-02 0.000000000000000000e+00 3.867768366727202672e-02
4.685609059451777136e-02 2.800647027050024579e-02 1.688705121024652173e-02 1.609385613458241132e-02 3.523661579772565007e-03 1.035947056291225063e-02 6.302034477913719124e-02 0.000000000000000000e+00 0.000000000000000000e+00 0.000000000000000000e+00 0.000000000000000000e+00 0.000000000000000000e+00 2.000648208439568740e-02 0.000000000000000000e+00 2.541563890265307463e-02 7.471724584976126293e-02 5.248935310320259479e-02 1.742264804071359720e-03 1.641398708856285915e-01 3.340776143837302474e-03 3.516726450482745431e-02 1.077183047631037616e-01 1.439828027725724435e-01 1.649683052307101237e-03 1.848833680019704440e-01
8.803367954565628761e-02 2.199365078514357169e-02 0.000000000000000000e+00 0.000000000000000000e+00 4.493973202068119246e-03 2.769978724274153523e-02 0.000000000000000000e+00 6.087369508241715493e-02 0.000000000000000000e+00 2.113929768899107733e-02 5.294522192249715570e-02 0.000000000000000000e+00 1.148233496363436010e-02 1.118627696008980404e-01 1.138104522234142067e-02 1.528225951809147713e-02 8.519483913054964538e-03 1.375250567369824262e-01 1.976095138605599155e-01 0.000000000000000000e+00 0.000000000000000000e+00 0.000000000000000000e+00 1.734666702369538904e-01 7.898972328424605852e-03 4.779258814954399220e-02
3.354953412648053329e-02 2.536762391742123507e-02 1.891197307532455629e-01 0.000000000000000000e+00 2.779963574076897356e-02 9.875204927699732238e-02 2.673389992441691735e-03 5.161296515095792348e-02 1.395099725236425073e-03 3.770651472541863142e-02 0.000000000000000000e+00 1.364117326354630233e-02 0.000000000000000000e+00 2.007520471212121196e-02 4.718925132668514572e-02 1.270998007456203630e-02 1.141628470301433995e-01 0.000000000000000000e+00 0.000000000000000000e+00 1.759820082437906635e-02 2.092954966110129045e-02 0.000000000000000000e+00 1.344327015072201148e-01 4.264603713231329002e-02 1.086385110589598163e-01
6.917430889978844200e-02 1.589286982795928838e-02 7.159721939625565690e-02 1.033746780756283484e-01 3.488917769366754740e-02 0.000000000000000000e+00 1.969929114095998468e-01 1.315378996980925419e-01 0.000000000000000000e+00 0.000000000000000000e+00 0.000000000000000000e+00 3.239715959424532138e-02 5.771567537839584344e-02 0.000000000000000000e+00 9.465781482824761617e-02 0.000000000000000000e+00 0.000000000000000000e+00 0.000000000000000000e+00 0.000000000000000000e+00 0.000000000000000000e+00 0.000000000000000000e+00 0.000000000000000000e+00 1.539875651994366233e-02 1.763715286781759040e-01 0.000000000000000000e+00
1.081072981324818910e-01 0.000000000000000000e+00 1.238066538909671048e-02 0.000000000000000000e+00 1.356026233377611023e-01 1.056710424793789148e-02 6.056756007788588296e-03 2.319732978796165690e-02 0.000000000000000000e+00 1.409113007343797824e-02 0.000000000000000000e+00 0.000000000000000000e+00 0.000000000000000000e+00 1.186571162308646954e-01 1.555295302895356446e-01 1.662162663174300212e-02 6.919228560743138912e-02 1.158605652462460223e-01 4.369464895997831472e-02 1.411312198061131715e-02 3.847617785982087452e-02 1.517427043116775093e-02 8.629224734894401505e-02 1.638550243719115104e-02 0.000000000000000000e+00
1.424694823915087505e-01 3.189289560891178654e-02 0.000000000000000000e+00 0.000000000000000000e+00 0.000000000000000000e+00 0.000000000000000000e+00 1.630721086223872740e-01 1.800191826237344528e-01 2.210357210404167647e-03 2.603052823375539768e-02 0.000000000000000000e+00 0.000000000000000000e+00 0.000000000000000000e+00 0.000000000000000000e+00 3.331753049915704007e-02 0.000000000000000000e+00 9.634844135661399522e-02 0.000000000000000000e+00 1.987639667091500584e-01 0.000000000000000000e+00 4.742156008850814154e-03 0.000000000000000000e+00 0.000000000000000000e+00 1.160673752723532098e-01 5.065975463172928302e-03
9.024636165204125149e-02 4.167722913692000625e-02 1.603835860173292299e-02 1.244826713481888697e-01 0.000000000000000000e+00 1.122073207743448132e-02 3.709400681042847314e-02 5.948888038937950179e-02 3.728030234408261697e-03 1.088068012288141186e-02 5.880945560655488451e-03 1.723343336186061855e-03 1.704575092903517705e-02 3.014364914012309174e-02 1.522115478390671239e-01 0.000000000000000000e+00 2.097975136474346334e-03 1.043662382946088790e-01 2.745255388976017633e-02 0.000000000000000000e+00 2.209472872052346826e-02 1.210262851939881458e-02 0.000000000000000000e+00 1.346627325134335668e-02 2.165574150094088102e-01
8.431699524444122296e-02 0.000000000000000000e+00 1.696370184215219637e-02 1.214422837545265088e-01 0.000000000000000000e+00 0.000000000000000000e+00 6.095785780321705954e-03 2.062390664191116746e-02 7.196417191791692862e-03 1.495973689563725832e-02 0.000000000000000000e+00 0.000000000000000000e+00 4.879347185929271830e-02 6.996754508550986906e-02 2.592323378170414139e-01 0.000000000000000000e+00 9.666621172222975705e-03 1.264532344662301355e-01 0.000000000000000000e+00 0.000000000000000000e+00 2.271492798802947702e-02 7.422556041398789203e-03 0.000000000000000000e+00 4.532078691719693825e-02 1.388296913022959156e-01
4.012963529197659945e-02 0.000000000000000000e+00 0.000000000000000000e+00 0.000000000000000000e+00 1.455497935675456600e-01 1.736938924014403696e-01 0.000000000000000000e+00 4.435829733138476477e-02 0.000000000000000000e+00 2.633570689632219394e-03 0.000000000000000000e+00 0.000000000000000000e+00 4.650896329495659773e-03 7.532123359238749368e-04 1.836147399843025829e-01 1.437490882019513416e-01 3.923282050671180604e-02 3.647314783257175896e-02 0.000000000000000000e+00 3.850468940361978943e-03 1.514063357702439454e-03 0.000000000000000000e+00 0.000000000000000000e+00 0.000000000000000000e+00 1.797963732289988015e-01
0.000000000000000000e+00 2.495416242946416410e-02 1.235260572537702668e-02 4.098887462360559925e-02 1.619193307438477614e-01 5.582857912460157529e-02 2.936872740489166172e-03 1.330877363368099253e-02 0.000000000000000000e+00 1.397245285898002232e-01 0.000000000000000000e+00 0.000000000000000000e+00 1.335484378347109174e-02 5.493716241998547120e-03 1.649003467501561626e-01 1.213575753697453997e-02 5.963818823671467734e-02 1.249980051228217204e-01 0.000000000000000000e+00 9.181795335963360838e-02 0.000000000000000000e+00 0.000000000000000000e+00 0.000000000000000000e+00 0.000000000000000000e+00 7.564746135736316601e-02
0.000000000000000000e+00 0.000000000000000000e+00 3.513580369043975415e-02 1.381003754750517081e-03 8.010978677030278217e-02 2.687588415288389224e-02 2.944663198831487527e-02 1.941730020225055850e-02 0.000000000000000000e+00 0.000000000000000000e+00 0.000000000000000000e+00 5.926308721095236570e-02 1.886371685420425463e-03 1.290276656388395782e-01 1.172961998336204265e-01 8.051820418375503496e-02 3.263701862625921490e-02 4.974518537765099807e-02 1.684822680594027511e-01 3.897346726162238296e-03 0.000000000000000000e+00 0.000000000000000000e+00 1.376860156542287217e-01 2.144273395837231408e-02 5.751492486393457171e-03
6.647463853885562934e-02 1.335174836192660509e-02 2.685090452737926014e-02 0.000000000000000000e+00 4.495478826447520462e-03 0.000000000000000000e+00 0.000000000000000000e+00 1.437794397400593734e-02 2.207615030708545006e-02 0.000000000000000000e+00 3.453469624961729573e-02 3.177462164056404914e-02 1.699658657716276305e-02 1.125190902082240235e-01 0.000000000000000000e+00 0.000000000000000000e+00 0.000000000000000000e+00 1.093499297902854189e-01 1.520947046508440981e-01 3.614786141681662623e-02 9.248830347095517157e-02 7.374571748390164848e-03 0.000000000000000000e+00 4.450230764640084741e-02 2.145904620650390116e-01
6.183629210172539303e-02 1.650404933745818967e-02 4.562183188175232551e-02 3.041202440367838777e-03 0.000000000000000000e+00 0.000000000000000000e+00 0.000000000000000000e+00 5.366637991739924701e-02 0.000000000000000000e+00 2.281361892799169122e-02 0.000000000000000000e+00 0.000000000000000000e+00 3.373569550936501849e-02 1.726383098636775359e-01 2.274685518584303734e-01 0.000000000000000000e+00 1.001325389512741117e-02 3.791668166674002499e-02 0.000000000000000000e+00 2.109714835976481476e-02 1.794634907441974500e-02 3.568703674575620950e-03 4.042749700532133339e-02 8.051438729536193606e-02 1.511900471905216203e-01
0.000000000000000000e+00 5.666118247164571298e-02 0.000000000000000000e+00 1.533930386693269825e-03 8.053617015762678816e-04 0.000000000000000000e+00 1.234021775840705437e-01 1.075051318779725873e-01 2.866151182602951798e-03 8.702737338857603755e-03 0.000000000000000000e+00 0.000000000000000000e+00 0.000000000000000000e+00 0.000000000000000000e+00 7.678545715864398824e-02 4.857394918184677196e-02 6.804734198099059161e-02 1.254172141284094488e-01 1.388437450995383682e-01 0.000000000000000000e+00 0.000000000000000000e+00 1.378667800741282569e-02 7.973000534752850560e-03 9.287762999903032002e-02 1.262183113659558764e-01
0.000000000000000000e+00 4.736809482642163199e-02 1.147295952135061609e-01 0.000000000000000000e+00 1.993221249965288280e-02 1.324205854923441242e-02 0.000000000000000000e+00 1.463571457278432519e-01 2.662801485560889470e-02 1.549912427377755919e-02 0.000000000000000000e+00 0.000000000000000000e+00 0.000000000000000000e+00 1.281331911491848108e-01 1.184899733230408009e-02 0.000000000000000000e+00 0.000000000000000000e+00 0.000000000000000000e+00 0.000000000000000000e+00 0.000000000000000000e+00 0.000000000000000000e+00 2.868871101663573314e-02 1.590437176581568357e-01 1.739544868805906752e-01 1.145746500170829602e-01
3.809037615774682473e-02 0.000000000000000000e+00 0.000000000000000000e+00 0.000000000000000000e+00 5.998759473772776862e-04 0.000000000000000000e+00 2.647705726942206628e-01 3.052671366078039961e-02 0.000000000000000000e+00 0.000000000000000000e+00 0.000000000000000000e+00 1.152385373254200245e-03 2.552034227889025259e-02 9.084033377481569305e-02 1.812621346850888659e-01 9.225295282842370728e-03 0.000000000000000000e+00 4.320296661745013506e-02 0.000000000000000000e+00 0.000000000000000000e+00 3.837073684199803630e-02 1.071103524451360034e-01 8.149877180726247672e-02 2.269951233554674472e-02 6.512963009758998556e-02
1.973357463455221311e-02 0.000000000000000000e+00 6.961614168801377733e-02 0.000000000000000000e+00 3.587531252736344545e-01 0.000000000000000000e+00 0.000000000000000000e+00 1.565466385909312919e-01 0.000000000000000000e+00 2.863635447860466560e-02 0.000000000000000000e+00 2.566452833698656955e-02 0.000000000000000000e+00 0.000000000000000000e+00 2.317230194865728572e-03 1.157634914553237054e-01 0.000000000000000000e+00 7.006296009128778644e-04 4.400580660104973577e-03 0.000000000000000000e+00 0.000000000000000000e+00 0.000000000000000000e+00 0.000000000000000000e+00 1.999233078850503886e-01 1.794439720101949007e-02
2.967483703064015613e-02 0.000000000000000000e+00 1.199889748271172445e-02 0.000000000000000000e+00 0.000000000000000000e+00 0.000000000000000000e+00 0.000000000000000000e+00 0.000000000000000000e+00 1.929447281791488167e-02 0.000000000000000000e+00 0.000000000000000000e+00 1.977510729872623829e-02 1.054118317522511651e-02 1.178228612190742042e-01 6.419557073418555304e-02 0.000000000000000000e+00 8.518277510592340424e-03 1.374215975185876515e-01 2.467838057470605334e-02 3.941058883677058672e-02 0.000000000000000000e+00 6.808032396368476902e-02 1.426803336875620554e-01 1.768916112685530451e-01 1.290159568810655133e-01
