1.168538294015599235e-02 1.223728401830348200e-01 1.341985947229844094e-02 1.463980217284681883e-02 2.363054605329509977e-02 6.444275396046748872e-02 2.213647566796824763e-03 7.352593318104651277e-03 5.935776812972891336e-02 0.000000000000000000e+00 0.000000000000000000e+00 1.671581284544979840e-01 1.032939615609698575e-01 9.148388381814438752e-02 0.000000000000000000e+00 7.159499107752645940e-03 0.000000000000000000e+00 1.106608855311556339e-01 1.250923542503813990e-01 7.603609348036903526e-02
0.000000000000000000e+00 2.235845296687037631e-02 2.733758246997928382e-02 3.765245188933838416e-01 1.390016515039487754e-01 1.588394845341698780e-01 1.724453103608335159e-04 0.000000000000000000e+00 1.643501461878474068e-01 0.000000000000000000e+00 0.000000000000000000e+00 0.000000000000000000e+00 6.438969751495804417e-02 1.064186048236151656e-02 0.000000000000000000e+00 2.576707976639215289e-02 6.407887338730026798e-03 2.561762813457904315e-03 0.000000000000000000e+00 1.647430217539913892e-03
2.689781094736988509e-02 2.438557418879193708e-02 1.267074324655096673e-01 4.705740220394114687e-02 1.336182543828834390e-02 1.263520063961255935e-01 4.345805755734346090e-03 1.121456867080912814e-02 1.432451032509095834e-01 0.000000000000000000e+00 0.000000000000000000e+00 3.411444057644318073e-02 0.000000000000000000e+00 1.462786238116717263e-01 5.174538552347520380e-03 0.000000000000000000e+00 0.000000000000000000e+00 0.000000000000000000e+00 1.470568768548282945e-01 1.438079908872298140e-01
2.192686562807992512e-02 5.382151066711758636e-02 0.000000000000000000e+00 1.232624292361592655e-01 0.000000000000000000e+00 1.217842413205900802e-02 3.367758980696105263e-03 2.796879911548986672e-02 1.543889303296014370e-01 1.840906490925347735e-02 0.000000000000000000e+00 1.035405474401531467e-01 1.351181842470900174e-01 3.638317478624169404e-02 0.000000000000000000e+00 0.000000000000000000e+00 0.000000000000000000e+00 0.000000000000000000e+00 1.571466869834257374e-01 1.524876235446326889e-01
1.376135774109169541e-01 3.626413398495430956e-02 1.231637200658186049e-01 1.476980010087096951e-01 1.609964434602498620e-02 3.346297878333704540e-02 9.243564978994318893e-03 9.917557698751562623e-02 3.984506773738776680e-03 3.299545593960262480e-02 0.000000000000000000e+00 1.433351872051614462e-01 0.000000000000000000e+00 0.000000000000000000e+00 0.000000000000000000e+00 0.000000000000000000e+00 3.178800696610000615e-02 4.360707751074122118e-02 1.415685680383841627e-01 0.000000000000000000e+00
1.316451941177100848e-01 1.478155233218171882e-01 2.566159409707376854e-02 0.000000000000000000e+00 1.005396717688422231e-01 8.812243850800265121e-02 5.112621054528345733e-03 7.220301547046957362e-03 2.314231349122990444e-01 0.000000000000000000e+00 0.000000000000000000e+00 1.169741107315536016e-01 0.000000000000000000e+00 1.660136738224119932e-02 1.945927728158276804e-03 1.193906207801323158e-02 9.348086106805489348e-02 0.000000000000000000e+00 2.151819168465851986e-02 0.000000000000000000e+00
3.524256980080211349e-04 7.085663871036875297e-03 5.730350479630545724e-03 1.258782475648442256e-01 1.563376287182861035e-01 1.706344744090046439e-01 1.403414749759394941e-03 4.350038511093659577e-02 2.924308907456179552e-01 8.897631971400145681e-03 1.970472087530228747e-03 1.444661075094970937e-01 0.000000000000000000e+00 0.000000000000000000e+00 0.000000000000000000e+00 0.000000000000000000e+00 0.000000000000000000e+00 8.594032252574644939e-03 0.000000000000000000e+00 3.271827483187362412e-02
9.100841198014374134e-03 8.900087243981780194e-04 0.000000000000000000e+00 0.000000000000000000e+00 2.652099645244985759e-01 0.000000000000000000e+00 5.677173077740606255e-02 6.970509764680023201e-02 4.509115122566714068e-02 0.000000000000000000e+00 0.000000000000000000e+00 2.506433311336350375e-02 8.092516908988477142e-02 3.781937725248342430e-02 1.772450581932479355e-02 9.998191611269885860e-04 1.332385382092621251e-01 8.342327921236658561e-02 1.327925610345546958e-01 4.124362301084858601e-02
7.006406922847703556e-02 0.000000000000000000e+00 0.000000000000000000e+00 1.719722831721965939e-01 1.868144057087426368e-01 7.370112917446861034e-02 0.000000000000000000e+00 1.026369382175495526e-03 1.776682841606182506e-01 1.870696843002492716e-03 0.000000000000000000e+00 0.000000000000000000e+00 0.000000000000000000e+00 2.074121459812975244e-04 1.277411381477736863e-01 0.000000000000000000e+00 4.803605316682341142e-02 1.159065879135352389e-01 2.499157095620502950e-02 0.000000000000000000e+00
4.733214480811341607e-03 0.000000000000000000e+00 0.000000000000000000e+00 2.121537205303830609e-01 1.933590724566236763e-01 2.507289905769198579e-02 4.428062809616292034e-02 1.656394026479017234e-01 1.184705700624669004e-02 0.000000000000000000e+00 0.000000000000000000e+00 1.443849795906544838e-02 6.682588792596018401e-02 5.324915213005135955e-02 0.000000000000000000e+00 9.090681176597524560e-02 0.000000000000000000e+00 0.000000000000000000e+00 0.000000000000000000e+00 1.174936559431263711e-01
3.637265095215416744e-02 2.423810132588113866e-03 0.000000000000000000e+00 1.187774203479210200e-01 3.949423886208636159e-02 4.426613815353992731e-02 0.000000000000000000e+00 1.115968301123843598e-01 1.383911727993832053e-01 0.000000000000000000e+00 7.951766051770274568e-03 7.520914560366157020e-02 1.373442815502867211e-02 4.597747319601662441e-02 5.485996856989398124e-02 0.000000000000000000e+00 1.269211521069864290e-01 1.597889092205191097e-01 2.423489573606628714e-02 0.000000000000000000e+00
1.349570046003845114e-01 1.619257520645524251e-02 1.414670350795482756e-03 9.983146648050110136e-03 2.278735179782852283e-02 1.483123761167296495e-01 0.000000000000000000e+00 2.939585493304024133e-02 1.289226676598795307e-01 1.249697268810685651e-02 5.273229963647374507e-04 1.240127892932081227e-01 0.000000000000000000e+00 2.240887774214212272e-02 0.000000000000000000e+00 2.783236811447884710e-03 6.003185950338573579e-02 1.198743493692349532e-01 1.180236745462131670e-01 4.787526973673324887e-02
0.000000000000000000e+00 7.209553469105778323e-02 4.508435563844631622e-02 1.517354232752340382e-01 0.000000000000000000e+00 1.710077238169379343e-01 0.000000000000000000e+00 2.240204190982881052e-02 2.925457440731426551e-01 1.948837971299411873e-02 5.285092004910958707e-03 1.514943824509874526e-01 0.000000000000000000e+00 9.809735996792825347e-03 3.042572507826172071e-02 0.000000000000000000e+00 8.075273950985839555e-03 0.000000000000000000e+00 0.000000000000000000e+00 2.055058740041945664e-02
4.700590348225869991e-02 1.354193681514526300e-02 1.307734240774075241e-01 1.532001349783698452e-01 1.407905476147922608e-01 1.894397518978964412e-01 0.000000000000000000e+00 4.774091051032925553e-02 1.992216437758921339e-03 0.000000000000000000e+00 0.000000000000000000e+00 2.243569834690589959e-01 0.000000000000000000e+00 0.000000000000000000e+00 0.000000000000000000e+00 8.266861102454644075e-03 3.965284932037975441e-02 6.658764486634412847e-04 2.572603845484825076e-03 0.000000000000000000e+00
0.000000000000000000e+00 8.643497817326285804e-02 1.204495187146018137e-01 1.813988972128044441e-01 2.226908774824130910e-02 1.402577831613012749e-01 0.000000000000000000e+00 7.881487077282605183e-03 1.853154954817359534e-01 2.389774064170198126e-03 1.683149272321323147e-03 6.900606362535982455e-04 0.000000000000000000e+00 1.482693677619529860e-01 9.169005809105748583e-03 6.282204632412713430e-02 4.269735911123546598e-03 2.740700923203382225e-03 0.000000000000000000e+00 2.395891172851175727e-02
0.000000000000000000e+00 0.000000000000000000e+00 0.000000000000000000e+00 2.227156172657409339e-01 1.769971316061149658e-01 1.585915629806325111e-01 0.000000000000000000e+00 1.545105994227946311e-01 1.631015933140601559e-01 3.427306948950981894e-04 0.000000000000000000e+00 4.417141746545196618e-02 8.215815822048671765e-03 0.000000000000000000e+00 0.000000000000000000e+00 0.000000000000000000e+00 0.000000000000000000e+00 6.561333271741096561e-03 0.000000000000000000e+00 6.479219815651988956e-02
1.629196164841290873e-01 0.000000000000000000e+00 0.000000000000000000e+00 1.031670332922304681e-03 1.633559876769137831e-01 1.544975486667099218e-01 6.892013972268333510e-02 1.082263581357333776e-01 1.423786372321541038e-01 0.000000000000000000e+00 0.000000000000000000e+00 1.159621615693080809e-02 0.000000000000000000e+00 1.023211772653637467e-03 6.569539608793473207e-03 0.000000000000000000e+00 1.273749430558307819e-02 0.000000000000000000e+00 4.174383994688575517e-02 1.249997399579073770e-01
1.020686061953373497e-02 9.734650363833896591e-02 0.000000000000000000e+00 6.327432021238043464e-03 0.000000000000000000e+00 1.017053605375809605e-02 8.071338281366255418e-02 1.601300245237838871e-01 1.295764369634847257e-01 0.000000000000000000e+00 0.000000000000000000e+00 1.677769930652371344e-01 1.773557535584976096e-04 0.000000000000000000e+00 1.384236141790007313e-03 0.000000000000000000e+00 2.878795191946383752e-02 2.196169334105977852e-02 1.493561691989865325e-01 1.360844239461041494e-01
0.000000000000000000e+00 1.822773312254620569e-03 1.033221737052971052e-02 3.097944493718033931e-01 2.363828026384389921e-02 3.270363698031749505e-02 0.000000000000000000e+00 0.000000000000000000e+00 1.751580035640092348e-01 2.793155577385077540e-03 0.000000000000000000e+00 3.427403450584696337e-02 1.298264868184510201e-01 1.544505998502768984e-01 0.000000000000000000e+00 6.905602049718244373e-02 0.000000000000000000e+00 3.672534246193652485e-02 0.000000000000000000e+00 1.942499942616280825e-02
2.383183121634106089e-02 6.024367040613729657e-02 1.066570326436460867e-02 3.377911572561040614e-03 2.491671322355868134e-01 1.277918171444527018e-01 2.576365031096312583e-02 9.399609153019820862e-02 2.756334161338730437e-02 0.000000000000000000e+00 0.000000000000000000e+00 3.549337400312769651e-04 1.036369914036503886e-01 0.000000000000000000e+00 0.000000000000000000e+00 1.781476892100687908e-04 0.000000000000000000e+00 0.000000000000000000e+00 1.193736413865196383e-01 1.540551364865964112e-01
1.407568543815975858e-03 4.691099076170160420e-02 0.000000000000000000e+00 2.944296777528150333e-01 0.000000000000000000e+00 4.076835934439024950e-02 0.000000000000000000e+00 2.589695377136923549e-01 1.671586704123365352e-01 1.378121867132209733e-03 0.000000000000000000e+00 3.473066076645627692e-02 9.579485083790556521e-02 1.103105943782261775e-02 4.705665011818305384e-03 1.734100874471706036e-02 0.000000000000000000e+00 0.000000000000000000e+00 0.000000000000000000e+00 2.537382880539613625e-02
8.598701623107529377e-03 0.000000000000000000e+00 4.675466541784917968e-02 1.676444816337157029e-01 2.569468182462055546e-03 9.664586148010211042e-03 8.912348112333065564e-02 2.010022227836130715e-02 2.722773963687684651e-01 0.000000000000000000e+00 0.000000000000000000e+00 1.387625443747428633e-01 6.448719086833675125e-03 5.289420534272065710e-02 3.590082696220978087e-02 0.000000000000000000e+00 0.000000000000000000e+00 0.000000000000000000e+00 4.962762310443401791e-03 1.442979391474445428e-01
0.000000000000000000e+00 1.804774632613846816e-03 5.617440975307556872e-02 2.491272989070062935e-02 1.373829750172041175e-01 1.366323170464001091e-01 3.087516308498528678e-02 3.698888255839195751e-03 2.883709530989725378e-01 1.232962751946397933e-03 4.703827967212984885e-03 1.725890309425258742e-02 0.000000000000000000e+00 0.000000000000000000e+00 3.067184049363073668e-03 8.327192955087645010e-03 0.000000000000000000e+00 3.873580738463488007e-03 1.424145664078526330e-01 1.392695712560299559e-01
5.852510924485195866e-03 1.055039397066006718e-01 3.486989093582424509e-02 6.606418942115730233e-03 1.135528940857513103e-01 2.399690153490207922e-01 7.068931478700832272e-02 8.355071906565755824e-02 0.000000000000000000e+00 0.000000000000000000e+00 0.000000000000000000e+00 3.737397102208270261e-02 5.163239169717154242e-02 0.000000000000000000e+00 0.000000000000000000e+00 8.125893312965464660e-03 0.000000000000000000e+00 0.000000000000000000e+00 6.135714223398825579e-02 1.809158979373281240e-01
1.020707718685925219e-02 2.312185157066454916e-02 1.102151413006555170e-01 1.194224603807296364e-01 3.100770735178310922e-01 1.406233985757784632e-01 1.815937107174701165e-02 8.559818185321486526e-04 4.946800977291002099e-02 0.000000000000000000e+00 0.000000000000000000e+00 0.000000000000000000e+00 5.327935506401337970e-04 0.000000000000000000e+00 0.000000000000000000e+00 0.000000000000000000e+00 1.171195549596272395e-01 5.327302617355702402e-02 3.407990782030379667e-02 1.284435230016435156e-02
1.316867736438916137e-01 1.810112322951462974e-02 3.612325472878646394e-03 0.000000000000000000e+00 7.405211705421319013e-02 0.000000000000000000e+00 1.145179244931127382e-01 0.000000000000000000e+00 2.144261849644058526e-01 0.000000000000000000e+00 0.000000000000000000e+00 1.908057229222337448e-02 0.000000000000000000e+00 1.741778849955410990e-01 1.795222997343383364e-02 5.063013595302286521e-03 6.088798651235304005e-02 2.444936820887258500e-02 1.003034715557985929e-01 4.168902400845873879e-02
1.115558685741264017e-01 0.000000000000000000e+00 1.015505281057035511e-02 3.288748553150154241e-01 4.516942807600838466e-02 2.086908731840136921e-01 0.000000000000000000e+00 1.164523026185372429e-01 0.000000000000000000e+00 0.000000000000000000e+00 0.000000000000000000e+00 1.260777402219044607e-01 0.000000000000000000e+00 0.000000000000000000e+00 0.000000000000000000e+00 0.000000000000000000e+00 0.000000000000000000e+00 4.368366972350536115e-02 1.094538399327966462e-03 8.245671076990659931e-03
7.397282600287265197e-02 9.400113960659539636e-02 8.099788255870227910e-03 9.936904865621691563e-02 3.928256223933644653e-02 1.337728670000436770e-01 1.490347634792507474e-02 6.591223613229594928e-03 4.662106760175814546e-02 2.067953316841547769e-03 0.000000000000000000e+00 1.006480142388279375e-01 0.000000000000000000e+00 0.000000000000000000e+00 0.000000000000000000e+00 8.409491850660995305e-02 0.000000000000000000e+00 5.749538477918331864e-02 1.174039769029306818e-01 1.216757529317585296e-01
9.222177407395476534e-02 6.203908858838786539e-02 0.000000000000000000e+00 9.873825407169969925e-02 1.639996462375312714e-01 2.339624332387817141e-02 5.270559788808386326e-02 9.844019260980690911e-02 1.703992967957619967e-02 0.000000000000000000e+00 0.000000000000000000e+00 1.551454465117907688e-01 0.000000000000000000e+00 1.379897548275172380e-02 2.721681353241337756e-04 0.000000000000000000e+00 3.965914003354095024e-02 1.530503018135765114e-01 2.949324155009730095e-02 0.000000000000000000e+00
5.605795351772519322e-03 1.125948071391714295e-01 1.080363771231263731e-01 8.299460712093614800e-02 1.673810053345611282e-01 1.144510895311054779e-02 1.570671182603954399e-02 1.256225503835259327e-01 4.490274251413943485e-02 2.648323475100939836e-02 0.000000000000000000e+00 9.231074460796256931e-02 0.000000000000000000e+00 6.716391363638249401e-02 8.610890242754103445e-04 0.000000000000000000e+00 6.799478157613975116e-02 1.925521662798718820e-03 1.869685402193418944e-02 5.027415497311445852e-02
9.058498170018469686e-03 3.371578658241346227e-02 0.000000000000000000e+00 1.669499495713171536e-02 1.026155419555428022e-01 1.414928266923045352e-01 2.635257954202949518e-02 3.416353972080927049e-03 1.192464263208369568e-01 1.943219513327327196e-03 4.983195045544027042e-03 2.800591697330124252e-01 1.231493039603855956e-02 1.496491731068025008e-02 1.642494399042370226e-02 0.000000000000000000e+00 0.000000000000000000e+00 1.056664341025185909e-02 7.133690720231933291e-02 1.348130652060439971e-01
0.000000000000000000e+00 1.366096090617207638e-02 4.637078249663453312e-03 2.741227855454891338e-01 0.000000000000000000e+00 8.823650168044980258e-02 7.600322399052030636e-03 1.590809258414064425e-02 3.171574471068988599e-01 0.000000000000000000e+00 0.000000000000000000e+00 1.073947355006017734e-01 0.000000000000000000e+00 0.000000000000000000e+00 7.923497866560708439e-03 0.000000000000000000e+00 5.416551927928270165e-03 0.000000000000000000e+00 0.000000000000000000e+00 1.579420262330434033e-01
0.000000000000000000e+00 7.537149482150647464e-03 0.000000000000000000e+00 1.526704997826117682e-01 1.535186316191662625e-01 1.490938543385308956e-01 0.000000000000000000e+00 1.714900784664290592e-02 1.651876514668586815e-01 2.793846872768175268e-02 0.000000000000000000e+00 6.216656967826380414e-02 0.000000000000000000e+00 0.000000000000000000e+00 0.000000000000000000e+00 2.958393382299433997e-03 0.000000000000000000e+00 1.096684790043929020e-01 1.521112946714009706e-01 0.000000000000000000e+00
3.964074538291969749e-03 4.139324914431086189e-02 1.047520890631650076e-01 3.442043323437039837e-02 1.445074434991994172e-01 1.551024443094675409e-01 1.071708105294264836e-02 7.981411208467667495e-02 4.545385146423225331e-02 1.751662002086651945e-04 0.000000000000000000e+00 1.434246205649573891e-01 0.000000000000000000e+00 0.000000000000000000e+00 2.870654641411640035e-02 0.000000000000000000e+00 6.616088057135198486e-02 1.059165415102954477e-01 3.549146634841313791e-02 0.000000000000000000e+00
6.134543311918084357e-03 1.662021939072938770e-01 2.462896010509882730e-02 1.554159718592949824e-01 1.222565936830334182e-01 2.592036033326454783e-02 0.000000000000000000e+00 7.645138859656592546e-03 3.059774109142270881e-01 5.191456901558951518e-04 0.000000000000000000e+00 2.707942337354325366e-02 0.000000000000000000e+00 0.000000000000000000e+00 1.174781500621617687e-03 2.013349682310170818e-03 5.089398895813519686e-04 0.000000000000000000e+00 0.000000000000000000e+00 1.545231868900001637e-01
4.104392286033274433e-03 0.000000000000000000e+00 3.316629562557391053e-02 3.601035182152042408e-03 2.741633133848081494e-01 1.102243535474528996e-01 7.258881018422483344e-02 2.583131091573496324e-02 1.818444703707267351e-01 0.000000000000000000e+00 0.000000000000000000e+00 1.398860885158418887e-01 0.000000000000000000e+00 0.000000000000000000e+00 0.000000000000000000e+00 0.000000000000000000e+00 0.000000000000000000e+00 0.000000000000000000e+00 0.000000000000000000e+00 1.545899299874514965e-01
4.774741726136453451e-02 7.652845304575320827e-03 1.880472190654108172e-02 2.161437613879719014e-02 8.078071665646988087e-02 1.773969085549709501e-01 2.061371495913727758e-01 2.504411387474557004e-03 1.598151636695141764e-01 0.000000000000000000e+00 0.000000000000000000e+00 2.708660307326654464e-03 0.000000000000000000e+00 0.000000000000000000e+00 0.000000000000000000e+00 3.731239473557816568e-03 2.322456191911185033e-02 1.942276924978043884e-02 6.427776173839408469e-02 1.641812968407487527e-01
8.479844179939241555e-02 4.670220160783265795e-02 0.000000000000000000e+00 1.808903855699307850e-04 1.545987160951178829e-01 9.024931797655459621e-04 4.590860774247187623e-03 1.210776189600684671e-01 1.712030208084474592e-01 0.000000000000000000e+00 4.285551228117287503e-03 1.570263401046955720e-01 0.000000000000000000e+00 0.000000000000000000e+00 0.000000000000000000e+00 3.622733292333188415e-02 1.461015026181007592e-01 3.176074267493973757e-02 1.505588557602467042e-02 2.548840126434855080e-02
0.000000000000000000e+00 4.165803138887478468e-02 0.000000000000000000e+00 1.491825379669109441e-01 2.693780477159954945e-01 1.094879884477134024e-01 5.322391027379549944e-02 0.000000000000000000e+00 8.920307246055567130e-03 0.000000000000000000e+00 0.000000000000000000e+00 0.000000000000000000e+00 0.000000000000000000e+00 1.658180915532050242e-02 1.664838061509629069e-02 0.000000000000000000e+00 0.000000000000000000e+00 1.273678643251561771e-01 0.000000000000000000e+00 2.075511228650812889e-01
3.213530393060540918e-02 0.000000000000000000e+00 7.509534855211255980e-03 1.438111712967664879e-01 1.707216208231535914e-01 5.273547954717296843e-02 0.000000000000000000e+00 4.911420899559163812e-03 1.913600598919782125e-01 0.000000000000000000e+00 0.000000000000000000e+00 3.411701679969242861e-03 1.093930618153495238e-01 1.308104221854139160e-01 0.000000000000000000e+00 1.878567522231638226e-02 0.000000000000000000e+00 0.000000000000000000e+00 0.000000000000000000e+00 1.344145478525037851e-01
4.603773636109062366e-03 1.275846831835009410e-01 1.384097688148829830e-01 5.763931307317102237e-02 3.296372850456498471e-02 1.387378586140733672e-01 1.431586899720007494e-02 2.992880233047973820e-02 3.717160383841153475e-03 0.000000000000000000e+00 0.000000000000000000e+00 5.382554868769102129e-03 0.000000000000000000e+00 2.173234168926404045e-02 1.004401233794826737e-01 0.000000000000000000e+00 1.264110049649774525e-01 1.680068641186340320e-02 3.833736333499512816e-02 1.429949678128248358e-01
4.982535287170282955e-03 1.250885386143337774e-01 9.304164012378715598e-02 2.375708157075679186e-02 1.011599862872874546e-02 0.000000000000000000e+00 6.954803414927231532e-04 0.000000000000000000e+00 2.894876517819612860e-01 1.219309287041948492e-01 0.000000000000000000e+00 1.945202135742544677e-02 0.000000000000000000e+00 5.068738701881797537e-02 0.000000000000000000e+00 1.083008199399137887e-02 1.273880743672156646e-01 1.873885825489743709e-02 6.321260273438392141e-02 4.059111922084249202e-02
0.000000000000000000e+00 7.052343860486988414e-02 4.349244805277467651e-02 1.350201067776291286e-01 0.000000000000000000e+00 7.005834367436118704e-02 0.000000000000000000e+00 1.345764335289367612e-02 1.241889256345669740e-01 2.786054415721969310e-02 0.000000000000000000e+00 1.143833580856340737e-01 0.000000000000000000e+00 1.217148913009060002e-01 4.972143009055869818e-03 9.771717402398207714e-03 1.233007196760460417e-01 2.920085694904655388e-02 3.577961698029571286e-02 7.627524634230223310e-02
1.202884832401010864e-02 1.510003198389301034e-02 1.079623431740870665e-01 1.596729311252681194e-01 1.896134849218497447e-03 2.013884974229496888e-02 8.036352931814885747e-02 3.627062197154824752e-02 1.852264986252715739e-01 6.857182509154173544e-03 0.000000000000000000e+00 5.481613356523537539e-02 0.000000000000000000e+00 0.000000000000000000e+00 2.059529599943517308e-02 1.729685504535815482e-04 2.854830479286057376e-01 0.000000000000000000e+00 2.453013613530737914e-03 1.096256871984471574e-02
0.000000000000000000e+00 6.638177012244035960e-03 0.000000000000000000e+00 4.524532829480768653e-02 1.768981127615710247e-01 3.164253773815960125e-02 1.371952891168868593e-01 0.000000000000000000e+00 1.644948709377415386e-01 1.397251467238687372e-02 0.000000000000000000e+00 0.000000000000000000e+00 0.000000000000000000e+00 1.699938799274416656e-01 0.000000000000000000e+00 0.000000000000000000e+00 1.762694070221601517e-03 0.000000000000000000e+00 2.353643656777895943e-01 1.679222979074953756e-02
