0.000000000000000000e+00 7.169573043674723825e-03 2.907936960988551089e-02 4.817190187007307700e-04 1.916055825090830778e-01 3.843888462065118104e-03 7.784289609409879296e-02 3.421301823710245354e-02 1.261745502264391937e-02 3.480901519807497874e-02 0.000000000000000000e+00 2.945595294398267727e-02 0.000000000000000000e+00 0.000000000000000000e+00 1.436635214023934681e-01 1.087763477445437277e-01 6.427767308020813745e-03 0.000000000000000000e+00 0.000000000000000000e+00 6.650309897736583938e-03 0.000000000000000000e+00 1.500362210569662069e-01 6.365639484714830099e-03 2.977119889083694806e-02 1.271905240754754030e-01
0.000000000000000000e+00 1.771106025367192027e-01 1.454869899304701009e-01 2.401012976531460407e-03 1.265843040227818683e-01 0.000000000000000000e+00 2.753265260922514723e-02 0.000000000000000000e+00 5.843260180358520080e-03 8.251964607391595874e-03 8.043913311589625387e-03 5.946522203120956085e-02 0.000000000000000000e+00 3.720219004927209660e-05 1.635998758357342653e-01 0.000000000000000000e+00 6.908429409271866183e-03 1.161311211784130243e-01 0.000000000000000000e+00 0.000000000000000000e+00 0.000000000000000000e+00 0.000000000000000000e+00 1.448117872704849426e-03 0.000000000000000000e+00 1.511553313075495730e-01
4.058431882380780786e-02 7.614301625996400258e-02 0.000000000000000000e+00 1.110175403037936687e-01 1.959803792206940218e-02 1.136062383766168055e-01 2.369650818757518540e-01 0.000000000000000000e+00 1.678554772297371003e-02 6.688349212697231039e-02 0.000000000000000000e+00 0.000000000000000000e+00 0.000000000000000000e+00 1.073848237157879436e-02 7.630615884846600472e-02 9.579128479094183024e-02 3.634115220003944144e-03 1.168585957964993031e-02 1.052933955210348790e-03 2.565323876744983900e-03 0.000000000000000000e+00 9.102147426496294547e-02 0.000000000000000000e+00 0.000000000000000000e+00 2.562109368049161895e-02
1.012132056302605526e-01 4.315647367411590968e-02 0.000000000000000000e+00 1.184181512537745007e-01 3.183614429018995912e-02 1.684536342644477047e-02 3.238057110768561425e-02 1.146406400027106046e-02 8.944427601865144462e-02 1.209709795459192327e-01 0.000000000000000000e+00 1.413709796728387647e-01 0.000000000000000000e+00 0.000000000000000000e+00 1.137079580772197562e-02 6.251377124830501120e-02 0.000000000000000000e+00 4.474484378821928093e-02 1.148640315555465030e-01 1.204113071746686862e-03 1.497186981458372866e-03 2.408473869265509784e-02 1.208586386350037935e-02 6.532822164305846467e-03 1.400162420638927790e-02
0.000000000000000000e+00 8.360789944188108669e-02 6.662261737564523223e-02 0.000000000000000000e+00 7.935028149929808372e-02 0.000000000000000000e+00 3.774758484361596944e-02 1.301016515173373245e-01 1.700447105052661561e-03 1.725418990713585010e-01 6.250598956991844715e-03 9.625904584088322211e-03 0.000000000000000000e+00 0.000000000000000000e+00 8.313528646333977201e-02 8.143491047856216136e-02 0.000000000000000000e+00 0.000000000000000000e+00 9.540191282219208369e-02 3.976296758299915218e-02 0.000000000000000000e+00 3.142130787952720355e-02 8.129473037811062175e-02 0.000000000000000000e+00 0.000000000000000000e+00
2.938583974465933113e-02 0.000000000000000000e+00 0.000000000000000000e+00 1.586985993238124171e-02 1.368223030456718059e-01 0.000000000000000000e+00 1.665716900045898230e-01 1.654974187519633044e-01 0.000000000000000000e+00 0.000000000000000000e+00 0.000000000000000000e+00 2.973712494429210929e-01 0.000000000000000000e+00 0.000000000000000000e+00 1.997797979537569921e-03 2.374682367804918388e-03 0.000000000000000000e+00 6.211373263255318654e-03 0.000000000000000000e+00 3.771400864444575222e-03 0.000000000000000000e+00 3.249409984796328144e-02 1.000237827018680553e-01 4.160850205293958187e-02 0.000000000000000000e+00
7.982196507479692726e-02 1.242563962859585536e-01 0.000000000000000000e+00 9.139470266978857657e-03 1.525001565718188956e-01 1.320520873536620565e-01 1.666196417036305277e-01 0.000000000000000000e+00 0.000000000000000000e+00 9.795417889372523557e-02 0.000000000000000000e+00 0.000000000000000000e+00 0.000000000000000000e+00 0.000000000000000000e+00 5.185069208889062087e-02 0.000000000000000000e+00 0.000000000000000000e+00 0.000000000000000000e+00 1.277577209512023408e-03 0.000000000000000000e+00 0.000000000000000000e+00 1.197491694084777854e-02 1.504827424947953116e-02 8.910395397337508155e-03 1.485942479633614588e-01
1.899786170483442997e-03 1.078336851105562016e-01 2.303555972865408211e-02 2.081075704179516719e-02 8.931267412403093992e-03 2.993691585112410059e-03 9.408819994733521805e-03 1.203266561444256838e-01 1.286607919164800273e-01 5.266443201672263430e-02 0.000000000000000000e+00 8.600135306193534834e-02 3.296355414893792357e-02 0.000000000000000000e+00 6.626801979445816337e-02 7.960210541355327435e-03 0.000000000000000000e+00 0.000000000000000000e+00 0.000000000000000000e+00 0.000000000000000000e+00 6.970173845825630536e-03 2.241702668287136324e-01 2.250979671878684460e-02 2.346019497443735738e-02 5.313098296418353877e-02
4.801684039083951860e-02 0.000000000000000000e+00 4.278528409858753379e-02 0.000000000000000000e+00 1.811902906995656592e-01 1.292454712308029885e-01 1.626802540447651584e-03 0.000000000000000000e+00 3.588571621810346737e-03 1.530227689718343699e-02 0.000000000000000000e+00 1.696289617723132637e-01 1.127130155469636130e-01 0.000000000000000000e+00 0.000000000000000000e+00 0.000000000000000000e+00 0.000000000000000000e+00 0.000000000000000000e+00 0.000000000000000000e+00 0.000000000000000000e+00 0.000000000000000000e+00 0.000000000000000000e+00 1.888109338207042964e-01 1.070915513807818159e-01 0.000000000000000000e+00
4.957955075462447056e-03 7.905809689166225229e-02 1.014308994142666502e-02 0.000000000000000000e+00 0.000000000000000000e+00 6.592360043400170844e-03 1.974690642173933253e-01 1.365196793491209593e-01 4.099923609680220481e-03 0.000000000000000000e+00 0.000000000000000000e+00 1.324567621674452578e-01 3.251478846615028437e-03 0.000000000000000000e+00 2.326291320751532887e-01 0.000000000000000000e+00 0.000000000000000000e+00 0.000000000000000000e+00 1.118419669912053133e-01 7.466885083466984555e-03 0.000000000000000000e+00 3.085871291441133132e-02 0.000000000000000000e+00 0.000000000000000000e+00 4.265489279355677565e-02
0.000000000000000000e+00 3.047259338364608633e-02 1.570595062240982831e-01 4.744375909992548765e-04 2.185495422975183843e-01 0.000000000000000000e+00 5.768449740248166729e-02 6.298407851419472042e-03 2.412543464070784904e-02 0.000000000000000000e+00 0.000000000000000000e+00 1.475185538585681855e-01 0.000000000000000000e+00 0.000000000000000000e+00 0.000000000000000000e+00 1.142712786710025630e-01 0.000000000000000000e+00 0.000000000000000000e+00 1.238176854301801556e-02 2.101445065955255976e-03 0.000000000000000000e+00 1.217811153275206310e-01 1.264486835215579592e-02 0.000000000000000000e+00 9.463655079090844968e-02
0.000000000000000000e+00 0.000000000000000000e+00 0.000000000000000000e+00 0.000000000000000000e+00 2.233493159538951223e-01 1.146581000656502099e-02 1.728299846888261548e-01 1.377276922842433082e-01 0.000000000000000000e+00 2.978864070019208304e-02 0.000000000000000000e+00 0.000000000000000000e+00 0.000000000000000000e+00 0.000000000000000000e+00 9.177655218270690252e-02 0.000000000000000000e+00 0.000000000000000000e+00 0.000000000000000000e+00 0.000000000000000000e+00 0.000000000000000000e+00 0.000000000000000000e+00 1.220746330201469450e-02 1.619713870242156795e-01 6.721455469166818554e-03 1.521616983881740048e-01
0.000000000000000000e+00 6.309971471957503963e-02 1.165033123638846008e-01 1.268120388453081726e-01 4.256225563595693318e-02 1.112275788924614595e-01 2.268137755675034561e-01 0.000000000000000000e+00 1.236592021501652138e-03 1.565888487291432207e-02 1.775037823305623905e-04 0.000000000000000000e+00 0.000000000000000000e+00 0.000000000000000000e+00 0.000000000000000000e+00 5.758728657742658366e-03 0.000000000000000000e+00 0.000000000000000000e+00 0.000000000000000000e+00 0.000000000000000000e+00 0.000000000000000000e+00 0.000000000000000000e+00 5.344662902096385115e-02 3.613390112141688648e-02 2.005690844984404086e-01
0.000000000000000000e+00 7.025512002678463604e-03 0.000000000000000000e+00 0.000000000000000000e+00 1.683433020569227445e-01 0.000000000000000000e+00 1.569869816222403125e-01 0.000000000000000000e+00 0.000000000000000000e+00 1.529217875169513671e-02 1.959777171263025249e-03 2.978071770657587103e-01 0.000000000000000000e+00 0.000000000000000000e+00 0.000000000000000000e+00 1.574591477276150731e-02 0.000000000000000000e+00 0.000000000000000000e+00 1.196450564012169065e-01 0.000000000000000000e+00 0.000000000000000000e+00 0.000000000000000000e+00 1.767575152143066597e-01 0.000000000000000000e+00 4.043658494115644902e-02
0.000000000000000000e+00 1.957623593978551416e-02 1.478006340801899521e-01 3.964740132730589645e-02 1.520401200503922190e-01 1.439062617598322324e-01 8.448991051690654674e-03 0.000000000000000000e+00 1.036604274451000118e-02 3.104055784277525917e-02 0.000000000000000000e+00 1.402601538900639933e-01 0.000000000000000000e+00 0.000000000000000000e+00 2.212140928172789955e-03 0.000000000000000000e+00 0.000000000000000000e+00 1.644410672344718272e-01 0.000000000000000000e+00 1.234931719854038233e-02 0.000000000000000000e+00 1.150400863078604313e-01 0.000000000000000000e+00 9.209105352075168047e-03 3.661884292333846165e-03
2.786043144510255958e-03 3.521436947591346373e-02 1.212434737287810954e-01 1.069054571628470307e-03 1.316938565431631791e-01 1.206456576808688647e-01 1.800586602687925808e-01 0.000000000000000000e+00 7.794308110514702737e-02 3.735014024699068354e-03 0.000000000000000000e+00 2.989591710233004823e-02 0.000000000000000000e+00 0.000000000000000000e+00 7.276705808378361277e-03 0.000000000000000000e+00 0.000000000000000000e+00 3.365413021875650335e-02 0.000000000000000000e+00 0.000000000000000000e+00 0.000000000000000000e+00 2.945260655727385130e-02 1.220616526048136086e-01 0.000000000000000000e+00 1.032697771649436352e-01
0.000000000000000000e+00 6.705849974539566070e-03 1.736345391000846186e-02 0.000000000000000000e+00 2.773653235615397561e-01 1.029941586400720879e-02 3.998029144657725548e-02 1.357219995098689347e-01 9.928370968965212484e-02 1.294057092279493615e-01 0.000000000000000000e+00 1.087395390281865361e-02 0.000000000000000000e+00 0.000000000000000000e+00 5.568861067604642667e-02 0.000000000000000000e+00 1.224227859121734515e-03 5.682541827766609405e-02 0.000000000000000000e+00 0.000000000000000000e+00 0.000000000000000000e+00 1.265496543860764045e-01 1.851600469967896101e-03 0.000000000000000000e+00 3.086078124416001545e-02
1.638812204050873545e-03 3.670233920143724238e-02 1.536987647581012084e-01 6.456964369000051107e-02 1.079616484231724488e-01 0.000000000000000000e+00 1.249755987360192944e-01 1.345845843223097138e-01 2.371384643960766994e-02 7.228827640518314945e-02 0.000000000000000000e+00 3.766997706432442805e-02 0.000000000000000000e+00 8.021994524855918449e-03 7.458222683158960420e-02 0.000000000000000000e+00 0.000000000000000000e+00 1.299995117388973512e-02 7.127071635849104025e-02 3.601975425832388330e-03 0.000000000000000000e+00 1.021468115433225160e-02 3.774654841446545284e-02 0.000000000000000000e+00 2.375841487233705182e-02
3.938075188837709267e-02 2.341587810449878015e-01 2.449044767190125538e-02 9.755036077282753029e-03 9.109870082912004466e-03 0.000000000000000000e+00 7.745196498112431882e-02 7.712402006982893576e-02 0.000000000000000000e+00 0.000000000000000000e+00 1.055807849337112372e-02 8.436729132050537622e-03 0.000000000000000000e+00 0.000000000000000000e+00 1.287871031490558371e-01 1.169642296122842123e-01 0.000000000000000000e+00 3.564497046490526511e-02 3.422708735374509897e-02 1.364663304202341602e-02 2.038574843658694929e-02 4.605795928656524277e-03 4.522753435184845641e-03 1.140746712557115863e-02 1.393425320101508713e-01
1.763299620274816283e-04 1.547461107620389520e-01 3.586205378214316758e-02 0.000000000000000000e+00 4.585196553128599931e-03 0.000000000000000000e+00 3.452216846546336121e-02 1.156689050793684170e-01 1.078156665667847139e-02 2.780228683209194293e-02 1.769710462229216047e-02 1.378670261990910251e-01 0.000000000000000000e+00 0.000000000000000000e+00 1.245121703946840269e-01 1.151739402758352598e-01 0.000000000000000000e+00 0.000000000000000000e+00 6.499586129965825333e-03 1.760161105812079602e-02 0.000000000000000000e+00 1.178869452003689956e-02 0.000000000000000000e+00 5.216962129925821479e-02 1.325456274077754792e-01
3.479805218209904016e-02 0.000000000000000000e+00 0.000000000000000000e+00 1.245262142351775611e-02 6.561412993647648684e-02 1.301635074721547818e-02 1.563403257726792700e-03 0.000000000000000000e+00 1.101433941563319946e-02 1.023553398867324028e-02 0.000000000000000000e+00 2.984176942359634266e-01 2.885897702469148590e-02 8.564668096307747475e-03 0.000000000000000000e+00 2.422031072642735205e-01 0.000000000000000000e+00 5.169906877550776124e-03 1.273757061643161215e-01 3.426593715576122141e-03 0.000000000000000000e+00 9.977173647462110606e-02 1.679818242331669251e-02 0.000000000000000000e+00 2.071899677204116358e-02
0.000000000000000000e+00 3.648325783155238755e-02 7.364751601053562413e-02 7.185236444622798702e-02 1.090935170938625021e-01 0.000000000000000000e+00 6.131195857767600399e-02 4.216476023711734911e-02 0.000000000000000000e+00 1.173486757192593322e-01 1.992957860960341970e-02 1.047294645069693324e-02 2.930583977209087754e-02 0.000000000000000000e+00 2.446954355747965049e-01 3.823699126695809941e-03 4.807461434488279062e-02 8.343569628742195099e-02 0.000000000000000000e+00 3.917449950342271822e-03 0.000000000000000000e+00 0.000000000000000000e+00 0.000000000000000000e+00 5.861321467400637357e-03 3.858136849983764133e-02
0.000000000000000000e+00 8.849605751483115290e-02 2.877395906628567313e-02 0.000000000000000000e+00 9.111836061273009130e-03 0.000000000000000000e+00 1.650799043950101075e-01 0.000000000000000000e+00 7.039448515396639445e-04 3.095827714961177368e-02 1.909590701925363912e-02 2.831238693750198765e-01 6.444393383319702018e-03 0.000000000000000000e+00 1.331679265558898817e-01 0.000000000000000000e+00 1.440722177527888406e-02 0.000000000000000000e+00 0.000000000000000000e+00 0.000000000000000000e+00 0.000000000000000000e+00 1.383966954724579201e-01 7.482681509840639900e-02 0.000000000000000000e+00 7.413192281822309285e-03
2.705451027019345738e-03 1.093577353870073127e-01 1.235329680492693177e-01 1.225140911775845776e-01 7.995968452801652249e-02 2.252812492692672641e-02 1.540322832687840982e-01 0.000000000000000000e+00 0.000000000000000000e+00 1.072145035199093405e-01 5.580408864941581448e-02 6.409257575254533046e-02 1.242715051385818829e-02 0.000000000000000000e+00 7.248314918337805945e-02 0.000000000000000000e+00 7.741836627839874044e-03 1.352236111032142050e-02 0.000000000000000000e+00 0.000000000000000000e+00 0.000000000000000000e+00 2.845631012613460478e-02 7.201033152658550644e-03 0.000000000000000000e+00 1.642665299933090961e-02
0.000000000000000000e+00 1.053782866451376862e-03 3.996725925809982427e-02 4.810297601549381324e-02 2.941360175692306900e-01 1.172814564093464795e-02 8.168053913434541319e-03 1.498736503459119629e-01 7.522522169003974246e-03 1.705190083588105018e-02 6.275752906497909789e-02 1.453278958142490140e-01 0.000000000000000000e+00 0.000000000000000000e+00 3.630866818000014207e-02 1.725607105459460444e-02 0.000000000000000000e+00 1.405238192102184307e-02 1.093199178504189184e-01 9.630814377103880802e-04 0.000000000000000000e+00 4.759619993145569779e-03 3.165052606943864061e-02 0.000000000000000000e+00 0.000000000000000000e+00
