4.574954224895701888e-02 6.571644888747305013e-02 0.000000000000000000e+00 2.650599356484927525e-03 4.553963275568320181e-03 0.000000000000000000e+00 5.942415882945171340e-02 4.723273718368554280e-02 0.000000000000000000e+00 0.000000000000000000e+00 0.000000000000000000e+00 5.373772182006827242e-02 2.506072013096035181e-02 8.381045555133304070e-03 2.508966719646232857e-01 0.000000000000000000e+00 0.000000000000000000e+00 1.301053171663967521e-02 2.087127463360250249e-02 7.426664349154071809e-02 9.993472247287267518e-02 0.000000000000000000e+00 5.138395628299760771e-04 1.010173812214769234e-01 1.269819976486316615e-01
1.416661744379663912e-01 1.361692953489207769e-01 0.000000000000000000e+00 2.021862328775148737e-03 9.121395162677761043e-04 0.000000000000000000e+00 5.290562525843717223e-02 1.016418323545872637e-01 3.255582972096843219e-02 1.200512986466358845e-01 7.282299281057821871e-02 4.387927753842642276e-02 0.000000000000000000e+00 1.678744184436903710e-03 8.830500498675737664e-03 0.000000000000000000e+00 0.000000000000000000e+00 5.224022888472115364e-03 0.000000000000000000e+00 0.000000000000000000e+00 0.000000000000000000e+00 1.303176716407901566e-02 8.013863085837777400e-02 1.682134869505586550e-01 1.825651949383633177e-02
5.659457030942839639e-02 4.650136746128305520e-02 6.975774641233553619e-02 4.994529297786312605e-02 1.096475560439364866e-01 2.744903172639496375e-02 7.129799052747437527e-02 2.273088722620280819e-02 4.499336857790002704e-03 1.559580349428899308e-03 0.000000000000000000e+00 1.178009190187598587e-01 1.089975884357417997e-02 1.140876271118407325e-03 6.606208928204157504e-02 3.063542717824756061e-03 0.000000000000000000e+00 1.332709791422388365e-02 1.382929862703112262e-03 8.657509575034240401e-02 2.340531821614369457e-02 0.000000000000000000e+00 1.297619422020140911e-01 3.384038367344936044e-02 5.275668635566705539e-02
7.634714033716745452e-02 0.000000000000000000e+00 0.000000000000000000e+00 0.000000000000000000e+00 1.399683228861086093e-01 6.629695119069131670e-02 1.462898973595667951e-02 0.000000000000000000e+00 1.921338580815859856e-02 8.793775844783495443e-02 3.045713492932504082e-02 1.543856446486727985e-01 1.369211501335262926e-02 2.181359351919703177e-02 0.000000000000000000e+00 0.000000000000000000e+00 1.000196958845273737e-01 3.718434882858463915e-03 6.801455203371659097e-02 1.804120291498617287e-02 0.000000000000000000e+00 2.605121980210384908e-02 0.000000000000000000e+00 1.451448824798076409e-01 1.426897548553477009e-02
0.000000000000000000e+00 2.685526783890808053e-02 7.782203675127696493e-03 0.000000000000000000e+00 0.000000000000000000e+00 0.000000000000000000e+00 1.101979573172789523e-01 2.667780471798286354e-02 0.000000000000000000e+00 0.000000000000000000e+00 0.000000000000000000e+00 1.489403198173531451e-01 1.597526913709395105e-02 1.133443825630032070e-01 1.727465291440899720e-01 0.000000000000000000e+00 0.000000000000000000e+00 1.019051787597571174e-02 0.000000000000000000e+00 5.472163127341205663e-02 3.105312509613990593e-02 0.000000000000000000e+00 1.028336386918676515e-01 1.652718010969095874e-01 1.340955175485705232e-02
0.000000000000000000e+00 1.312470224093488791e-01 1.724188665276655402e-02 3.029163982463817847e-03 1.071191118099591028e-01 2.080716044304452284e-03 4.003392922895376849e-02 1.109558682836374148e-02 7.634903145991438211e-02 1.394855762586308667e-01 0.000000000000000000e+00 2.957331780955600731e-02 0.000000000000000000e+00 0.000000000000000000e+00 1.094568750630274534e-01 0.000000000000000000e+00 4.889254987225399515e-03 0.000000000000000000e+00 1.704630466527494751e-03 9.729757283838449608e-03 0.000000000000000000e+00 7.526092127117593733e-02 4.094075361811760905e-02 1.696418269611549290e-02 1.837982821297105829e-01
3.336081163391500792e-02 1.073012667932608105e-01 3.199010657828489645e-02 0.000000000000000000e+00 1.470893259219431259e-01 7.236546304695086473e-02 4.040694448575736508e-02 5.714219645573918524e-03 2.633330197235534201e-02 1.554223572463708791e-01 5.162524826556283853e-04 1.500540342652885717e-01 0.000000000000000000e+00 0.000000000000000000e+00 4.442892872378694825e-03 0.000000000000000000e+00 0.000000000000000000e+00 0.000000000000000000e+00 1.101220642232593749e-01 1.165030755343317466e-03 2.038514849182394058e-03 0.000000000000000000e+00 5.828080673969333880e-02 4.464083683635268474e-02 8.755769651433703907e-03
3.254067410109106467e-02 1.022860848977800718e-01 1.602414494066238190e-02 6.624218690728256309e-02 6.734894549998251753e-03 2.440434932311162305e-02 9.919403661299395700e-03 0.000000000000000000e+00 2.325951656657560939e-03 5.552560395814689492e-02 9.498402550304563610e-03 5.333749658621173700e-02 0.000000000000000000e+00 0.000000000000000000e+00 1.613327700218787075e-01 0.000000000000000000e+00 0.000000000000000000e+00 0.000000000000000000e+00 1.916048974516825973e-02 0.000000000000000000e+00 0.000000000000000000e+00 1.067823413539130267e-01 1.487684702199971731e-01 1.790412255078155934e-01 6.075510018680940587e-03
9.510050883973709956e-02 0.000000000000000000e+00 3.287867412412023155e-02 4.626055459759068934e-03 9.716590803725330683e-02 2.790081058447041115e-02 1.421307862614972807e-02 7.627631182711192004e-02 1.035340612147154612e-05 0.000000000000000000e+00 1.948114021511607868e-02 1.147608858064887299e-01 2.252995636932921160e-03 3.716156327802498660e-03 1.450007847747231959e-01 8.505385353483746469e-03 0.000000000000000000e+00 2.830981515603032267e-03 0.000000000000000000e+00 0.000000000000000000e+00 8.776936484420202675e-03 7.784946718106915999e-03 2.099686340088048886e-01 1.263425865707485107e-01 2.406865683046076950e-03
4.877920330002567112e-02 5.673938009429638912e-02 0.000000000000000000e+00 0.000000000000000000e+00 7.783745343178029297e-02 0.000000000000000000e+00 4.147228501899288128e-02 1.145271657036857765e-01 2.614151480946818457e-02 1.217701795063025755e-01 0.000000000000000000e+00 0.000000000000000000e+00 6.605508031880888940e-03 0.000000000000000000e+00 1.675955495408492091e-01 0.000000000000000000e+00 0.000000000000000000e+00 0.000000000000000000e+00 1.304906762489144723e-01 7.180408214321787851e-03 8.205170971519001877e-03 2.141281402937079276e-02 4.692053775123070612e-03 3.836092693624725686e-02 1.281897103872216837e-01
0.000000000000000000e+00 1.711803137076078549e-02 1.079914854328631879e-01 1.136420139826809991e-02 4.892373360461658299e-02 1.634893011603978652e-01 8.935533510263991494e-03 0.000000000000000000e+00 2.495578532913493922e-02 2.574398414089472398e-02 0.000000000000000000e+00 2.564930033044900415e-01 0.000000000000000000e+00 1.902744257688029558e-02 1.306851726234871669e-01 0.000000000000000000e+00 2.364669149606817358e-02 9.221405239056004385e-03 2.860101713641973516e-03 4.089747434139484605e-02 0.000000000000000000e+00 1.231621066425624828e-02 9.633044209352510656e-02 0.000000000000000000e+00 0.000000000000000000e+00
5.500795850211449844e-02 0.000000000000000000e+00 2.801162555783366301e-02 1.530260525990552976e-02 1.351965315804927736e-01 7.132953675601664059e-04 0.000000000000000000e+00 3.026451176529218121e-02 4.075244199232778974e-02 6.770265189570182605e-04 0.000000000000000000e+00 1.493619700858207222e-01 0.000000000000000000e+00 5.890025573399237935e-02 7.032629920240603127e-02 0.000000000000000000e+00 5.247248472490497612e-03 3.129135870059689822e-02 0.000000000000000000e+00 1.819156128898126706e-03 9.159006059925116003e-03 0.000000000000000000e+00 1.142923196572123712e-01 2.989747924162716383e-02 2.237789101725470575e-01
3.542723638422394516e-02 1.924601697031336212e-01 5.967365053074720482e-03 9.527526734769932101e-03 5.081306890828832939e-02 0.000000000000000000e+00 0.000000000000000000e+00 1.254661490203627140e-02 1.853623708656581409e-02 2.805482443226739800e-02 0.000000000000000000e+00 7.440327797704630874e-02 0.000000000000000000e+00 0.000000000000000000e+00 1.055575734535603022e-01 0.000000000000000000e+00 1.095094865839626175e-01 2.126909547878055515e-02 1.677452660841019794e-01 8.494556130673581659e-03 9.106136828096743352e-02 6.576208978153247342e-02 2.864243025014715383e-03 0.000000000000000000e+00 0.000000000000000000e+00
0.000000000000000000e+00 4.112310064425185596e-02 0.000000000000000000e+00 9.683317067857478977e-02 1.401561465650001115e-01 7.929252116993435254e-03 7.833051555070778826e-02 0.000000000000000000e+00 2.695997395506044038e-03 1.335196514703135273e-01 2.396658822707134050e-03 2.087846570708152411e-02 0.000000000000000000e+00 0.000000000000000000e+00 1.476327416352289090e-01 0.000000000000000000e+00 0.000000000000000000e+00 3.742644141092377197e-02 1.572323712396387074e-01 2.096459104731110759e-02 0.000000000000000000e+00 2.075790380963060244e-03 1.445644353837054197e-02 9.634866179642752326e-02 0.000000000000000000e+00
0.000000000000000000e+00 1.652645438908053807e-02 1.122251886878863625e-01 0.000000000000000000e+00 1.917789427343635222e-01 1.242607733650881452e-01 0.000000000000000000e+00 0.000000000000000000e+00 0.000000000000000000e+00 3.124272325138220327e-02 0.000000000000000000e+00 1.466873521463675500e-01 5.196232225172369573e-02 3.341157854324660476e-03 1.082302649357065609e-05 4.953138072920770796e-02 7.616685732772859874e-02 0.000000000000000000e+00 0.000000000000000000e+00 5.877549943168310087e-02 1.338106146458808814e-02 8.040070767806520302e-02 3.828163280983182259e-02 5.427122852185209921e-03 0.000000000000000000e+00
0.000000000000000000e+00 0.000000000000000000e+00 5.299722650386218823e-04 1.496632457901936504e-02 1.069947198772134012e-01 0.000000000000000000e+00 7.832459938644363573e-02 1.256970757470339817e-01 4.909665001524263044e-03 0.000000000000000000e+00 0.000000000000000000e+00 1.877006391167738431e-01 2.544908644025987293e-02 0.000000000000000000e+00 1.053452710020249816e-01 0.000000000000000000e+00 1.167925570079512976e-02 0.000000000000000000e+00 1.526256693663922692e-01 0.000000000000000000e+00 2.744186090152574142e-02 3.648780641878531655e-02 1.208224632162882284e-01 0.000000000000000000e+00 1.025590980881440793e-03
1.736036649794970438e-02 8.923350032404990528e-02 4.758559263318634137e-03 7.724799153387812423e-02 2.403644301175441311e-01 5.730431595460037941e-02 1.165622377236007721e-02 0.000000000000000000e+00 2.779203247449167115e-03 1.553754401083011771e-01 0.000000000000000000e+00 2.535011502820665175e-02 0.000000000000000000e+00 2.760952764718745123e-02 9.517631374444451842e-02 0.000000000000000000e+00 0.000000000000000000e+00 1.878089486126800420e-02 0.000000000000000000e+00 0.000000000000000000e+00 0.000000000000000000e+00 6.879283133571716113e-02 2.246066472299459212e-03 1.014591288088250026e-01 4.505091282600444044e-03
5.444233769476092798e-03 1.758096991258953704e-02 7.426686147949924932e-02 0.000000000000000000e+00 7.408974195047987599e-02 0.000000000000000000e+00 1.408169406483672781e-01 1.085889294536316052e-01 7.685043591284587174e-03 1.231952130079237706e-01 1.793047345735101496e-04 4.701018161415071450e-02 0.000000000000000000e+00 0.000000000000000000e+00 9.433660382462094596e-02 0.000000000000000000e+00 0.000000000000000000e+00 2.300969918978190004e-02 1.558546423843774897e-01 0.000000000000000000e+00 0.000000000000000000e+00 1.031812622823686659e-01 9.902233061437842529e-03 0.000000000000000000e+00 1.485813909543689561e-02
1.714340366095753326e-02 1.580570838933891831e-01 0.000000000000000000e+00 7.387400810646507082e-03 0.000000000000000000e+00 6.278172869703026182e-02 1.909269084974805908e-02 3.048942265726614555e-03 0.000000000000000000e+00 5.496094073921811013e-02 0.000000000000000000e+00 1.478730797307490907e-01 0.000000000000000000e+00 0.000000000000000000e+00 1.208268648369645593e-01 0.000000000000000000e+00 0.000000000000000000e+00 0.000000000000000000e+00 2.032621603003610319e-02 3.013390855409397995e-02 8.668533667020694722e-03 1.248801086264117594e-01 5.984096213756143201e-02 2.446396907965790041e-02 1.405141664207881780e-01
4.243793622591178309e-03 1.257814701843464611e-01 1.013230533223632122e-02 0.000000000000000000e+00 1.307862449056107212e-01 9.454437055589915914e-03 4.624046675831611913e-02 3.165119802529368920e-02 5.310440264469850485e-02 2.947190106318123975e-02 8.311607777910526296e-03 0.000000000000000000e+00 6.608576923688208073e-03 0.000000000000000000e+00 1.341022357501087947e-01 0.000000000000000000e+00 2.657387723935500379e-02 2.665208419047233185e-02 1.936118494451720526e-04 3.699033937864441499e-03 9.708444290645061939e-03 0.000000000000000000e+00 1.632076982265638909e-01 4.576080733238565429e-02 1.343158028896967449e-01
1.411089165403940915e-01 1.477708428588636602e-01 0.000000000000000000e+00 0.000000000000000000e+00 5.483826758902234089e-02 1.591003530936316024e-01 2.179524888205117486e-03 0.000000000000000000e+00 9.334293409181979029e-02 4.033193299621534028e-02 2.891835069733009449e-03 0.000000000000000000e+00 1.145467807489728741e-02 3.429896278140248233e-03 1.709831441157840526e-01 0.000000000000000000e+00 1.406508907283371369e-03 6.933744047976739700e-04 0.000000000000000000e+00 1.273143916390252761e-02 0.000000000000000000e+00 1.029285964572915907e-01 1.036522196252796443e-02 3.096351275904878075e-02 1.347902074844160338e-02
0.000000000000000000e+00 8.077155772763368324e-02 1.073202109150763056e-01 8.778754313919345798e-02 3.966554434622315134e-02 0.000000000000000000e+00 4.795143130458594943e-02 2.649332414495294760e-02 0.000000000000000000e+00 1.524057410315298733e-01 7.045325442209994515e-02 0.000000000000000000e+00 1.035015129633555693e-02 9.419684866333159073e-03 2.017014085359526698e-01 0.000000000000000000e+00 0.000000000000000000e+00 0.000000000000000000e+00 0.000000000000000000e+00 3.267835088008344546e-02 3.507138486963021912e-03 0.000000000000000000e+00 2.640761502423196599e-02 2.656408725776573596e-02 7.652295662103913987e-02
1.284847789630662040e-01 4.580596201850950511e-02 9.891412413166548318e-03 0.000000000000000000e+00 1.589329595561918620e-02 0.000000000000000000e+00 5.594444169377630477e-02 1.460455431605759899e-02 6.185538891980186735e-03 2.152951272738038921e-02 2.256918184641300198e-03 1.317197063937216861e-01 3.532745666389168482e-02 0.000000000000000000e+00 1.314569797344115054e-01 0.000000000000000000e+00 0.000000000000000000e+00 0.000000000000000000e+00 1.345525939607734034e-01 0.000000000000000000e+00 4.068139691019278387e-03 8.831451706195800333e-02 1.422423062025630069e-01 2.599126204679628321e-02 5.730623080667821174e-03
0.000000000000000000e+00 1.500319303280578109e-01 1.411155334766864798e-02 1.443508864389494162e-01 1.112534282706237054e-01 2.441138239312720670e-02 4.926570579292824381e-02 2.725234689244883379e-02 0.000000000000000000e+00 2.831119791939033792e-02 0.000000000000000000e+00 6.176302163604379530e-02 0.000000000000000000e+00 0.000000000000000000e+00 7.488373246176802112e-02 1.457171056987981161e-02 0.000000000000000000e+00 4.275985570787597251e-02 1.639684990324683234e-01 1.446252426982042039e-02 0.000000000000000000e+00 0.000000000000000000e+00 0.000000000000000000e+00 7.860222493894952756e-02 0.000000000000000000e+00
2.880977228829717518e-02 1.350938000273308251e-02 8.647534021124612599e-03 5.055911105733650046e-02 1.495113021462744496e-01 4.736729429430186142e-03 0.000000000000000000e+00 9.659879014547873011e-02 2.107322651265051972e-02 1.135179725513060511e-01 4.508016162892373307e-03 0.000000000000000000e+00 1.360149873574434572e-02 0.000000000000000000e+00 1.139726117164064217e-01 0.000000000000000000e+00 1.226608417731332723e-02 4.454193546220965548e-03 1.552614709899541867e-01 1.620797502512864646e-03 0.000000000000000000e+00 1.965012586488406807e-02 1.248245784816396642e-01 5.989428903410270316e-02 2.982515633697821900e-03
3.674425609988875296e-02 1.963398393989729540e-01 1.934029691457726449e-02 9.639785334374346244e-04 6.771609137665942496e-03 9.800675542431748835e-03 0.000000000000000000e+00 1.435428820012712992e-02 4.630671353303956322e-02 2.089900220989217294e-01 1.474506257719080445e-03 1.584372337420903720e-01 1.271770947090511417e-01 0.000000000000000000e+00 9.386487909092600113e-02 0.000000000000000000e+00 5.756050713990219780e-03 0.000000000000000000e+00 4.704333897268813715e-03 0.000000000000000000e+00 0.000000000000000000e+00 0.000000000000000000e+00 8.076210633694996116e-03 1.748033639375376480e-02 4.341767510244298744e-02
5.661012612000250813e-03 1.623906158162470859e-01 1.089758473924971605e-01 1.487345474652068331e-02 0.000000000000000000e+00 0.000000000000000000e+00 4.969254094461403315e-02 5.338416097497036134e-02 1.343446708466779563e-02 1.486299837442233429e-01 9.879803141210863685e-03 1.399464120445254867e-01 0.000000000000000000e+00 6.309101100743122296e-03 7.162539720941023778e-03 0.000000000000000000e+00 0.000000000000000000e+00 8.055407369295275889e-04 0.000000000000000000e+00 2.771083607517642669e-03 1.073014849435115735e-02 2.867978916586205133e-03 1.412428827154468547e-01 3.072184693688158330e-02 9.052057926912605856e-02
1.401388543407284214e-02 1.197604337875631392e-01 6.849267942813848722e-03 5.360575102590135407e-03 9.497918845590215542e-02 2.544937816484166455e-03 1.147971225593555078e-01 2.844698829837776985e-02 6.884264434775363983e-02 3.749815433200145293e-02 9.691675653351761871e-03 1.245733447597069561e-02 3.938766703853480849e-02 3.540297996740583014e-02 1.423229254673714361e-01 0.000000000000000000e+00 0.000000000000000000e+00 7.326917476693452572e-03 0.000000000000000000e+00 0.000000000000000000e+00 2.285259428307246168e-02 0.000000000000000000e+00 2.297512300427581866e-01 0.000000000000000000e+00 7.713477517926779423e-03
0.000000000000000000e+00 0.000000000000000000e+00 4.688088337579788406e-02 7.812708732847431850e-03 0.000000000000000000e+00 3.091672080397379896e-02 1.397361963243003713e-01 0.000000000000000000e+00 8.961595119578899538e-02 0.000000000000000000e+00 0.000000000000000000e+00 2.324606721214800276e-01 6.083561526415357835e-03 0.000000000000000000e+00 1.315905666217890291e-01 0.000000000000000000e+00 0.000000000000000000e+00 0.000000000000000000e+00 3.332904685051148869e-02 0.000000000000000000e+00 3.074094384019538696e-03 0.000000000000000000e+00 1.309767660825000013e-01 1.475228319805761412e-01 0.000000000000000000e+00
0.000000000000000000e+00 1.016222710294049578e-02 4.191581543750149720e-03 0.000000000000000000e+00 1.556288167495787633e-01 3.669783152538996784e-02 3.499839822582906552e-03 0.000000000000000000e+00 0.000000000000000000e+00 2.436139757483259463e-02 0.000000000000000000e+00 2.417343323203073602e-02 0.000000000000000000e+00 0.000000000000000000e+00 1.790838431202525227e-01 0.000000000000000000e+00 0.000000000000000000e+00 0.000000000000000000e+00 6.656662781447270083e-02 0.000000000000000000e+00 1.588775591674504092e-02 1.294207420539638109e-01 6.282018321341480138e-02 1.484035227794896494e-01 1.391021975505558894e-01
1.348797422581847483e-01 7.253447807298892339e-03 0.000000000000000000e+00 7.077822501741743745e-03 1.410673471076545060e-01 0.000000000000000000e+00 0.000000000000000000e+00 1.089230609816429184e-02 2.747358005434829414e-02 1.691138914169384305e-02 1.970281330015211801e-02 1.771269487553268906e-01 0.000000000000000000e+00 7.033590296395463015e-03 4.639429007050699383e-02 0.000000000000000000e+00 0.000000000000000000e+00 2.322419296797311253e-02 1.551465997991147427e-01 0.000000000000000000e+00 0.000000000000000000e+00 0.000000000000000000e+00 0.000000000000000000e+00 0.000000000000000000e+00 2.258159298414443017e-01
5.913298658335500863e-02 1.024919142700551483e-01 3.025256907773823251e-02 0.000000000000000000e+00 8.326765271198847962e-03 1.563480658029344494e-01 1.306895049791202967e-01 5.063678904092498018e-02 1.144959559478557487e-02 1.565564765142284098e-01 0.000000000000000000e+00 6.721472191392480200e-02 0.000000000000000000e+00 0.000000000000000000e+00 1.179457874258455080e-01 0.000000000000000000e+00 0.000000000000000000e+00 0.000000000000000000e+00 0.000000000000000000e+00 0.000000000000000000e+00 4.983470374754100408e-03 1.844563062765959896e-02 0.000000000000000000e+00 8.552572252347510895e-02 0.000000000000000000e+00
9.206037597488087032e-03 0.000000000000000000e+00 1.100015714107747782e-02 1.327390168729403533e-02 6.243453738573572463e-03 0.000000000000000000e+00 2.774536157616177418e-02 1.314027763190723508e-01 1.740952586650850549e-03 0.000000000000000000e+00 1.630934720554146067e-02 2.471141222530083836e-01 0.000000000000000000e+00 0.000000000000000000e+00 0.000000000000000000e+00 0.000000000000000000e+00 0.000000000000000000e+00 9.236638284212958863e-03 1.555181789902327361e-01 0.000000000000000000e+00 2.770494541185203330e-02 5.884010749266656987e-02 2.100225213760350818e-01 1.916720495889047762e-02 5.547429338124208742e-02
6.432759328824309841e-02 2.060468228086024742e-02 8.355053377469455478e-02 1.218194656557431560e-01 1.446133251754686266e-01 0.000000000000000000e+00 1.371449979464165470e-01 0.000000000000000000e+00 0.000000000000000000e+00 1.654220450715234575e-02 0.000000000000000000e+00 1.182234101848016750e-01 0.000000000000000000e+00 0.000000000000000000e+00 2.438555645014074333e-02 0.000000000000000000e+00 0.000000000000000000e+00 0.000000000000000000e+00 0.000000000000000000e+00 0.000000000000000000e+00 0.000000000000000000e+00 9.827895358132829329e-02 0.000000000000000000e+00 1.705092771551507957e-01 0.000000000000000000e+00
0.000000000000000000e+00 1.247096672004268103e-01 3.579291931686037764e-02 9.257782924810972758e-02 0.000000000000000000e+00 2.824663569642568359e-02 1.446699195048714304e-01 0.000000000000000000e+00 5.825552441963452455e-02 4.525429944009760203e-03 0.000000000000000000e+00 1.410484741827918165e-01 0.000000000000000000e+00 2.724540886434680814e-02 1.433145988791195702e-01 0.000000000000000000e+00 0.000000000000000000e+00 0.000000000000000000e+00 0.000000000000000000e+00 1.343843925586615112e-02 1.170323251667088060e-02 0.000000000000000000e+00 2.151639714232448514e-02 1.479634769465346111e-01 4.992046882007353421e-03
8.468102933194790460e-03 1.458387135661459999e-01 0.000000000000000000e+00 9.650432199502827213e-02 1.592224591016958846e-01 1.561397424520320210e-01 1.487768281809854088e-03 0.000000000000000000e+00 0.000000000000000000e+00 4.817357322018188392e-02 0.000000000000000000e+00 1.998011688148802062e-02 0.000000000000000000e+00 9.770775536581795262e-03 1.441176611028794630e-01 4.893422509246598802e-04 3.324495291488433878e-03 0.000000000000000000e+00 7.161967297536385273e-03 2.173586384384298617e-02 0.000000000000000000e+00 3.013454369366558999e-02 9.889158584280006992e-02 2.144193128440090995e-02 2.711703542430288563e-02
0.000000000000000000e+00 1.238054751439087442e-01 2.965375632042133516e-02 0.000000000000000000e+00 1.750901856885865929e-02 0.000000000000000000e+00 0.000000000000000000e+00 0.000000000000000000e+00 0.000000000000000000e+00 3.154499105283734006e-02 0.000000000000000000e+00 9.870088140506493024e-02 3.047725257274567709e-02 2.334585858100357569e-02 2.821911765553721807e-01 0.000000000000000000e+00 5.931513871193452685e-03 0.000000000000000000e+00 0.000000000000000000e+00 0.000000000000000000e+00 0.000000000000000000e+00 1.336504132368531994e-01 4.092187891835464414e-02 1.630939895068498902e-01 1.917379426653626276e-02
6.497875678402785515e-03 1.357802397011380890e-01 0.000000000000000000e+00 9.081646091259761022e-02 1.547028123431752611e-01 4.910391439221147014e-02 5.144192708437260453e-02 1.600670450240615494e-02 2.649910947957889035e-02 3.608326205424930433e-02 0.000000000000000000e+00 0.000000000000000000e+00 0.000000000000000000e+00 2.622720660858769877e-03 2.335961278692718635e-01 0.000000000000000000e+00 0.000000000000000000e+00 0.000000000000000000e+00 1.473592523757541739e-01 2.293027955723120435e-03 0.000000000000000000e+00 3.720325777940015205e-02 9.993307210859704581e-03 0.000000000000000000e+00 0.000000000000000000e+00
8.953627512486826701e-02 8.091707676649759207e-02 0.000000000000000000e+00 1.414046948455756902e-01 3.424293979669064403e-02 4.361392506906420358e-02 3.211162455347673500e-02 0.000000000000000000e+00 0.000000000000000000e+00 0.000000000000000000e+00 0.000000000000000000e+00 1.023498482404581744e-01 8.498440094733066344e-03 0.000000000000000000e+00 9.216822038449551391e-02 0.000000000000000000e+00 2.624467481908467244e-03 0.000000000000000000e+00 3.155808948299251848e-02 1.130854375148558806e-02 5.930200234080748589e-02 0.000000000000000000e+00 2.881147793649670857e-02 1.285715923154752971e-01 1.129807818149740073e-01
8.892998682400576893e-02 2.190093329207076431e-02 0.000000000000000000e+00 2.996462088951607448e-03 9.735586306663523634e-03 1.244912425112087717e-01 6.360949738074112014e-02 1.090126398874883759e-02 0.000000000000000000e+00 1.273974008375713118e-01 0.000000000000000000e+00 1.391500933655881733e-01 9.143636805685700919e-02 0.000000000000000000e+00 2.010708451579482428e-02 0.000000000000000000e+00 5.132820377954904097e-03 0.000000000000000000e+00 1.379773839189629703e-01 0.000000000000000000e+00 0.000000000000000000e+00 3.463714031655101139e-02 1.065493921155229867e-02 1.036825419734828529e-01 7.259255033294278840e-03
0.000000000000000000e+00 7.881838426917450735e-02 0.000000000000000000e+00 0.000000000000000000e+00 1.063097436171306642e-01 3.598475214883194856e-03 0.000000000000000000e+00 1.672202948682979459e-02 0.000000000000000000e+00 1.524553833588740692e-01 4.180846884730014291e-03 1.115124333312506877e-01 0.000000000000000000e+00 1.268339271501249532e-02 1.640591879978201828e-01 0.000000000000000000e+00 9.941902061950808056e-03 1.003186197785157184e-02 0.000000000000000000e+00 7.568586797829306156e-02 4.566364061072498287e-02 0.000000000000000000e+00 1.867488180641846962e-01 1.064082875450237352e-02 1.094720367678693462e-02
0.000000000000000000e+00 0.000000000000000000e+00 3.644970907372713405e-03 0.000000000000000000e+00 4.264565184495050509e-02 1.632376246674501971e-02 0.000000000000000000e+00 9.313399226946750264e-02 2.876787368364801950e-02 0.000000000000000000e+00 0.000000000000000000e+00 1.505476425624512615e-01 1.425464574018678043e-01 3.072300634558924534e-02 2.077408438170574023e-01 4.323503980408192372e-03 0.000000000000000000e+00 0.000000000000000000e+00 0.000000000000000000e+00 1.876568313511414732e-02 9.365033057894758817e-02 8.314375944053697953e-02 6.365007042125168935e-02 2.039245114459190683e-02 0.000000000000000000e+00
0.000000000000000000e+00 1.464892319851791511e-02 0.000000000000000000e+00 0.000000000000000000e+00 4.686869085672449795e-03 8.065724740249226310e-02 3.537746271159747380e-02 5.004695338395990373e-02 4.173948426355984613e-03 1.514393891711111606e-01 0.000000000000000000e+00 7.829023210078200901e-02 0.000000000000000000e+00 5.034620294607195651e-02 3.221817376987429898e-02 0.000000000000000000e+00 0.000000000000000000e+00 0.000000000000000000e+00 1.599084736395649242e-01 0.000000000000000000e+00 8.552664817233894892e-03 3.290369953041844247e-03 1.824723606436980672e-01 1.134287744529689085e-01 3.046195429705703464e-02
6.936751273775128117e-03 0.000000000000000000e+00 9.035295518500559286e-02 2.120889816555224586e-02 3.010173473081405315e-02 0.000000000000000000e+00 3.354686768654610574e-02 2.872466713036496422e-02 0.000000000000000000e+00 0.000000000000000000e+00 2.050481130933440657e-02 1.237568769784785222e-01 0.000000000000000000e+00 1.783510322527364061e-03 2.267849462871439625e-01 0.000000000000000000e+00 4.010917505255402055e-02 9.896753234860186307e-03 7.181401594349796913e-02 8.304105655397960722e-03 9.504797775348709440e-03 0.000000000000000000e+00 1.034080409712506560e-01 4.956210538205871319e-02 1.236989869154894589e-01
9.049007135981401717e-02 1.226286165187900207e-01 7.313034676454957528e-02 9.724168424106708133e-03 1.944436865053242314e-01 0.000000000000000000e+00 3.952913780373511904e-02 1.619095245152802481e-02 3.324492979618835341e-03 1.535304065360568529e-02 0.000000000000000000e+00 1.746077619848185603e-01 0.000000000000000000e+00 0.000000000000000000e+00 0.000000000000000000e+00 0.000000000000000000e+00 3.039746978251447584e-03 0.000000000000000000e+00 1.598854928570984935e-01 3.420731674677215256e-02 0.000000000000000000e+00 5.840753896747296822e-03 3.653174332762954002e-02 2.107267074761032602e-02 0.000000000000000000e+00
0.000000000000000000e+00 1.096375877683966327e-01 2.179465007609196134e-02 1.432886157091181334e-01 6.503199522042033172e-03 3.663647070643052256e-02 3.915378196189855942e-02 3.087729237468512730e-02 6.210778008345228807e-02 0.000000000000000000e+00 4.310092724535754920e-03 1.214153989085255819e-01 1.013058554281200813e-02 0.000000000000000000e+00 6.711579523965827132e-02 0.000000000000000000e+00 0.000000000000000000e+00 0.000000000000000000e+00 4.136432748584111668e-02 0.000000000000000000e+00 6.284953128668903898e-03 1.933954192602582028e-02 1.349312192699153867e-01 1.311783163108159456e-01 1.393039126108590493e-02
0.000000000000000000e+00 6.322696348154925594e-02 0.000000000000000000e+00 0.000000000000000000e+00 5.627552780831499013e-02 0.000000000000000000e+00 0.000000000000000000e+00 1.334480588177780437e-03 0.000000000000000000e+00 0.000000000000000000e+00 0.000000000000000000e+00 2.451676889581702046e-01 2.503885368967285682e-02 2.251287847937548728e-02 1.398162283116780591e-01 0.000000000000000000e+00 0.000000000000000000e+00 0.000000000000000000e+00 1.692623489984554919e-01 1.733467691198621163e-03 1.107977199253314671e-01 9.987506115932894002e-02 0.000000000000000000e+00 2.750962171182047902e-02 3.744915919692635292e-02
7.591399287989139544e-02 0.000000000000000000e+00 1.593532754134958235e-02 0.000000000000000000e+00 6.700070128796416224e-02 0.000000000000000000e+00 3.819798022024945006e-02 4.931885662130997168e-03 8.165909875747764946e-03 0.000000000000000000e+00 0.000000000000000000e+00 0.000000000000000000e+00 0.000000000000000000e+00 3.092381126654986448e-02 2.094221619457407035e-01 0.000000000000000000e+00 1.192015582627452552e-01 8.924539874872017275e-02 3.864623545070515476e-02 1.104973825295470918e-02 0.000000000000000000e+00 1.236334621172708627e-02 0.000000000000000000e+00 1.507888384332563003e-01 1.282131139602675773e-01
4.204641405434603185e-02 8.225700977760269650e-02 2.514260078227750425e-02 1.728584068720189978e-02 2.506763048838978603e-01 1.058537830183149328e-02 0.000000000000000000e+00 3.450687365826589359e-02 4.573090485563427281e-03 1.154984314039159653e-02 0.000000000000000000e+00 9.544991164999182265e-02 1.950330177240729851e-02 0.000000000000000000e+00 1.475682500267332109e-01 0.000000000000000000e+00 0.000000000000000000e+00 1.277681728345278836e-02 1.547708053891843072e-01 1.245345011888923659e-02 0.000000000000000000e+00 0.000000000000000000e+00 0.000000000000000000e+00 3.169319222371385497e-02 4.716091576424920329e-02
1.361532916899203631e-02 5.015028474094771621e-02 1.238611962210975359e-02 0.000000000000000000e+00 1.241789769413316341e-01 0.000000000000000000e+00 8.351531391710693975e-02 1.015382910097204217e-01 1.003219862763679408e-02 1.482285616215222868e-01 0.000000000000000000e+00 2.019147182730362741e-03 1.272496680355325073e-02 0.000000000000000000e+00 1.996594483706006784e-01 0.000000000000000000e+00 0.000000000000000000e+00 0.000000000000000000e+00 1.181974491064886803e-03 3.703368361036343814e-02 0.000000000000000000e+00 0.000000000000000000e+00 1.744626543129778051e-01 2.927304957934195526e-02 0.000000000000000000e+00
