0.000000000000000000e+00 1.053147865763929131e-01 0.000000000000000000e+00 1.099389592473098672e-03 1.513311404814008665e-01 0.000000000000000000e+00 0.000000000000000000e+00 0.000000000000000000e+00 1.483804885197388332e-02 0.000000000000000000e+00 0.000000000000000000e+00 2.511770676945765390e-01 0.000000000000000000e+00 0.000000000000000000e+00 0.000000000000000000e+00 4.523604731237592519e-02 0.000000000000000000e+00 1.758133581527751566e-01 2.190099700234574842e-01 3.618019131457413801e-02
1.346756299392591061e-01 0.000000000000000000e+00 0.000000000000000000e+00 4.254960667644647199e-02 0.000000000000000000e+00 0.000000000000000000e+00 5.730130995873717638e-03 0.000000000000000000e+00 2.764799533726501890e-01 6.996678587539986380e-03 9.104259703227351314e-03 1.532309194757437154e-01 1.223394532381665879e-02 0.000000000000000000e+00 0.000000000000000000e+00 0.000000000000000000e+00 1.194962633828931808e-01 5.247529645558507427e-02 1.547564304768447585e-01 3.227088561011969697e-02
1.962731127502562178e-02 0.000000000000000000e+00 0.000000000000000000e+00 2.488200748977949794e-01 0.000000000000000000e+00 1.547115890365609037e-01 0.000000000000000000e+00 7.296251089440639916e-03 3.241026582458680916e-01 0.000000000000000000e+00 0.000000000000000000e+00 0.000000000000000000e+00 0.000000000000000000e+00 1.469813365231114645e-02 1.634908478987681935e-01 0.000000000000000000e+00 0.000000000000000000e+00 4.022367810590162657e-02 0.000000000000000000e+00 2.702945579832858117e-02
0.000000000000000000e+00 2.455454753575408641e-02 0.000000000000000000e+00 0.000000000000000000e+00 0.000000000000000000e+00 0.000000000000000000e+00 0.000000000000000000e+00 0.000000000000000000e+00 3.209162690129505058e-01 0.000000000000000000e+00 0.000000000000000000e+00 1.826603037463668811e-01 0.000000000000000000e+00 0.000000000000000000e+00 3.271006213001336621e-02 0.000000000000000000e+00 7.228731794043699588e-02 1.781874088126500499e-01 1.736681904751270766e-01 1.501590034670103289e-02
0.000000000000000000e+00 2.022562468060897650e-02 4.580382897900671380e-02 1.700891114836692863e-01 0.000000000000000000e+00 1.339009644391002951e-01 4.769327441157648895e-03 3.417319281931740366e-02 0.000000000000000000e+00 1.384443604435065499e-02 0.000000000000000000e+00 5.998298120683346474e-02 0.000000000000000000e+00 0.000000000000000000e+00 8.411980422243497003e-04 0.000000000000000000e+00 6.449279593533414900e-02 1.322286368986224092e-01 1.652864737931145911e-01 1.543614282366599366e-01
1.288072918633646480e-01 7.327748832916076982e-02 6.077333306941431340e-03 0.000000000000000000e+00 4.845050354403420551e-02 1.336920126687068389e-01 9.422144097301774629e-03 7.724863643521621970e-02 1.708257376427242402e-01 1.157887457666634534e-01 0.000000000000000000e+00 8.024171521568561338e-02 0.000000000000000000e+00 0.000000000000000000e+00 0.000000000000000000e+00 1.021512458071069523e-01 0.000000000000000000e+00 3.262262556586464999e-03 3.975048299006047475e-02 1.100439977644659777e-02
1.493251812484725216e-01 9.088252580923997237e-02 0.000000000000000000e+00 2.523660799551077569e-02 1.643525285655444423e-01 2.324244453825030990e-02 0.000000000000000000e+00 0.000000000000000000e+00 1.617139962361365535e-01 0.000000000000000000e+00 0.000000000000000000e+00 1.721893004689087348e-01 0.000000000000000000e+00 0.000000000000000000e+00 0.000000000000000000e+00 0.000000000000000000e+00 0.000000000000000000e+00 1.644322082969113530e-01 4.862520684102530910e-02 0.000000000000000000e+00
1.994259259366808548e-02 0.000000000000000000e+00 4.718259920670716395e-02 2.177806352589492858e-02 1.319487217089889974e-01 0.000000000000000000e+00 0.000000000000000000e+00 1.330688260339032147e-01 2.706886315229136142e-01 0.000000000000000000e+00 0.000000000000000000e+00 1.746660920431651887e-01 0.000000000000000000e+00 0.000000000000000000e+00 0.000000000000000000e+00 0.000000000000000000e+00 0.000000000000000000e+00 1.481350718617832326e-03 1.611216375484890995e-01 3.812148509765189708e-02
0.000000000000000000e+00 0.000000000000000000e+00 0.000000000000000000e+00 3.299085562827965834e-01 1.157043451411819864e-02 2.720775659037878713e-02 0.000000000000000000e+00 0.000000000000000000e+00 6.278236061921107537e-03 6.833017136971025925e-03 0.000000000000000000e+00 2.409667020026487194e-01 3.514517035857324390e-02 0.000000000000000000e+00 0.000000000000000000e+00 1.212831577393701753e-02 0.000000000000000000e+00 1.391514022182803734e-01 1.908104090603749414e-01 0.000000000000000000e+00
1.022440475558564627e-01 0.000000000000000000e+00 0.000000000000000000e+00 2.796481017816664083e-02 1.597986417137843007e-01 0.000000000000000000e+00 7.864997885858937554e-02 1.489631792562992330e-01 1.982019316664069830e-01 0.000000000000000000e+00 0.000000000000000000e+00 3.676630397591607036e-02 0.000000000000000000e+00 5.733368594163860965e-02 0.000000000000000000e+00 0.000000000000000000e+00 0.000000000000000000e+00 0.000000000000000000e+00 0.000000000000000000e+00 1.900774208533422549e-01
0.000000000000000000e+00 0.000000000000000000e+00 0.000000000000000000e+00 0.000000000000000000e+00 0.000000000000000000e+00 9.337228168718528232e-03 1.828634794203130853e-02 0.000000000000000000e+00 1.906723715144877374e-01 0.000000000000000000e+00 0.000000000000000000e+00 3.285934886226823948e-01 0.000000000000000000e+00 0.000000000000000000e+00 1.059251278147328029e-01 0.000000000000000000e+00 0.000000000000000000e+00 1.775525599648497821e-01 1.696328759724975710e-01 0.000000000000000000e+00
8.744443498317104602e-02 1.086894920066128201e-02 0.000000000000000000e+00 0.000000000000000000e+00 0.000000000000000000e+00 1.795956769410295695e-01 0.000000000000000000e+00 3.244864750555723903e-02 2.112074092902685440e-02 6.979633866363893664e-03 0.000000000000000000e+00 2.272710715381359714e-01 0.000000000000000000e+00 0.000000000000000000e+00 3.302259446599995624e-02 0.000000000000000000e+00 3.075646198972387460e-02 1.561082498271660901e-01 8.502936875650171644e-02 1.293541699966624936e-01
6.121408662613868346e-02 0.000000000000000000e+00 0.000000000000000000e+00 0.000000000000000000e+00 2.693973462623058812e-02 2.213650017700790826e-02 0.000000000000000000e+00 0.000000000000000000e+00 3.784330729678846428e-01 2.422716738082623250e-02 0.000000000000000000e+00 2.242675097775958248e-01 6.512375440954108752e-02 1.871939653360717160e-02 1.331122067006327014e-01 3.585626344901164664e-03 0.000000000000000000e+00 4.224094445563411626e-02 0.000000000000000000e+00 0.000000000000000000e+00
5.197991798033774202e-02 1.335608591182091964e-01 9.652101193109441368e-03 1.432282493623992237e-01 0.000000000000000000e+00 1.613194180232768726e-01 0.000000000000000000e+00 3.289193029062933982e-02 2.494838032720512674e-02 0.000000000000000000e+00 0.000000000000000000e+00 1.964256547178245271e-01 0.000000000000000000e+00 0.000000000000000000e+00 1.375824461956859923e-01 6.807169347561941967e-03 0.000000000000000000e+00 1.013950741180668635e-01 7.741970894716532097e-07 2.080251286044955438e-04
2.503999907436968778e-02 2.918674466125506690e-03 8.698501489213721072e-02 2.583894624164242287e-02 1.228191528273172781e-02 2.097953387779996279e-02 0.000000000000000000e+00 1.764280842052618273e-02 3.368480783984083016e-01 1.554608361756237567e-01 0.000000000000000000e+00 1.654019838457816971e-01 0.000000000000000000e+00 8.842291369117415839e-03 0.000000000000000000e+00 0.000000000000000000e+00 1.125449009889166602e-01 0.000000000000000000e+00 2.921501696681931895e-02 0.000000000000000000e+00
0.000000000000000000e+00 0.000000000000000000e+00 0.000000000000000000e+00 1.661576921591533321e-02 4.715082484906189114e-02 0.000000000000000000e+00 0.000000000000000000e+00 5.583672421361631638e-02 2.000877186032314070e-01 0.000000000000000000e+00 0.000000000000000000e+00 0.000000000000000000e+00 0.000000000000000000e+00 0.000000000000000000e+00 1.173249351948986441e-02 0.000000000000000000e+00 2.861825759442708506e-02 1.106441817447499365e-01 2.326804647003296034e-01 2.966335655591785803e-01
1.270920000668467609e-01 0.000000000000000000e+00 0.000000000000000000e+00 0.000000000000000000e+00 2.833868686340245135e-01 2.030142710838911402e-01 0.000000000000000000e+00 0.000000000000000000e+00 3.730584118597601861e-02 0.000000000000000000e+00 0.000000000000000000e+00 3.670094055977398545e-03 0.000000000000000000e+00 0.000000000000000000e+00 0.000000000000000000e+00 0.000000000000000000e+00 7.577651471805181186e-06 1.947038676439089289e-01 1.508194796779034619e-01 0.000000000000000000e+00
1.547501357183157233e-01 0.000000000000000000e+00 6.057539861060637354e-02 0.000000000000000000e+00 2.954634122767417492e-02 0.000000000000000000e+00 8.324858404434479220e-02 3.618771699978237666e-02 2.002676907355798175e-01 0.000000000000000000e+00 0.000000000000000000e+00 3.032913917803599108e-03 0.000000000000000000e+00 0.000000000000000000e+00 1.890398880021716965e-01 0.000000000000000000e+00 0.000000000000000000e+00 1.841437551024808494e-01 2.644885816418416150e-02 3.275871747705633857e-02
1.438148069886892311e-01 0.000000000000000000e+00 0.000000000000000000e+00 0.000000000000000000e+00 0.000000000000000000e+00 0.000000000000000000e+00 9.825214749987501439e-02 1.184458594586390925e-02 2.323043419732380988e-01 0.000000000000000000e+00 0.000000000000000000e+00 1.579281737707289579e-01 1.971834204191509621e-02 0.000000000000000000e+00 1.784550849417520790e-01 0.000000000000000000e+00 6.887132733834249246e-03 0.000000000000000000e+00 0.000000000000000000e+00 1.507953841041033416e-01
1.126847328095196554e-01 7.491648832720360605e-03 0.000000000000000000e+00 0.000000000000000000e+00 6.346536078438107242e-02 1.470819760238830931e-01 0.000000000000000000e+00 1.749606835028571505e-01 1.588063056374334203e-01 0.000000000000000000e+00 0.000000000000000000e+00 1.312077144489523679e-02 0.000000000000000000e+00 0.000000000000000000e+00 0.000000000000000000e+00 0.000000000000000000e+00 0.000000000000000000e+00 0.000000000000000000e+00 1.690825631453160005e-01 1.533059578189940597e-01
0.000000000000000000e+00 1.151041977875344596e-01 0.000000000000000000e+00 5.724543852471737637e-02 0.000000000000000000e+00 1.995952366428074276e-01 0.000000000000000000e+00 5.559238370193739925e-02 0.000000000000000000e+00 0.000000000000000000e+00 0.000000000000000000e+00 2.120133870116420738e-01 9.701817510186656890e-02 0.000000000000000000e+00 1.915392565520753765e-01 0.000000000000000000e+00 0.000000000000000000e+00 0.000000000000000000e+00 0.000000000000000000e+00 7.189192467741907511e-02
0.000000000000000000e+00 0.000000000000000000e+00 0.000000000000000000e+00 1.492928278049739099e-01 1.171465560233472536e-01 0.000000000000000000e+00 0.000000000000000000e+00 0.000000000000000000e+00 2.511789178722342863e-01 0.000000000000000000e+00 0.000000000000000000e+00 1.601186678319247159e-01 0.000000000000000000e+00 0.000000000000000000e+00 0.000000000000000000e+00 0.000000000000000000e+00 0.000000000000000000e+00 2.240103707194563993e-03 1.634791099764121569e-01 1.565438167839129646e-01
0.000000000000000000e+00 0.000000000000000000e+00 0.000000000000000000e+00 1.501395442400851044e-01 1.357252562691466102e-01 1.768184222510812698e-01 0.000000000000000000e+00 0.000000000000000000e+00 1.974481779895852773e-01 9.646851088058505663e-02 5.249856691179747778e-03 0.000000000000000000e+00 0.000000000000000000e+00 0.000000000000000000e+00 0.000000000000000000e+00 0.000000000000000000e+00 0.000000000000000000e+00 1.891687686268192226e-01 4.898146305151762636e-02 0.000000000000000000e+00
9.898119541124207610e-02 0.000000000000000000e+00 0.000000000000000000e+00 5.270914849401962810e-02 0.000000000000000000e+00 0.000000000000000000e+00 0.000000000000000000e+00 1.215106451474760318e-01 2.237989579209412327e-02 0.000000000000000000e+00 0.000000000000000000e+00 6.600046076943730938e-03 0.000000000000000000e+00 0.000000000000000000e+00 0.000000000000000000e+00 1.721869450577072011e-02 1.334444490181032061e-01 2.798393482560382894e-01 2.568621674686957235e-01 1.045440982961650007e-02
1.248290229406307933e-01 1.008692848011812516e-03 7.750718990475183312e-02 1.575579769960906984e-01 1.163389146805606997e-02 1.631120082052483766e-01 1.533557199473676094e-02 0.000000000000000000e+00 1.981938876598469679e-01 3.422909229955323901e-02 0.000000000000000000e+00 0.000000000000000000e+00 0.000000000000000000e+00 0.000000000000000000e+00 4.361274212241927212e-03 0.000000000000000000e+00 1.163819545209232031e-01 4.587617020474466650e-02 4.997326674516373857e-02 0.000000000000000000e+00
1.119459586113633331e-01 8.778357214063933767e-02 0.000000000000000000e+00 0.000000000000000000e+00 1.988587623269173245e-03 0.000000000000000000e+00 1.846196848440626037e-02 1.187427712560347546e-03 1.530874138564611853e-01 1.323552454169091841e-01 0.000000000000000000e+00 1.462040384437100771e-01 0.000000000000000000e+00 0.000000000000000000e+00 9.846651222031171935e-02 3.835342158702239224e-04 1.090343988293821925e-01 1.079771362733428497e-01 1.489196679715390839e-02 1.623223937462009783e-02
1.418854332546582164e-01 0.000000000000000000e+00 0.000000000000000000e+00 6.407802595656515721e-02 6.680063165897860700e-02 0.000000000000000000e+00 0.000000000000000000e+00 1.892932379817942601e-01 1.171373208648249370e-01 3.288306073637009552e-02 0.000000000000000000e+00 1.832538751088252094e-01 0.000000000000000000e+00 2.160371918117728505e-04 1.512890566536207182e-01 0.000000000000000000e+00 0.000000000000000000e+00 1.110479036708259502e-02 2.736579548688100431e-03 3.932195067678042472e-02
3.491787452128235214e-02 0.000000000000000000e+00 0.000000000000000000e+00 2.635595132848499514e-02 0.000000000000000000e+00 1.972060927823555132e-01 0.000000000000000000e+00 0.000000000000000000e+00 4.053772480911087966e-02 0.000000000000000000e+00 0.000000000000000000e+00 4.764582684311886515e-03 4.188331990563711610e-02 0.000000000000000000e+00 2.152943943630248325e-01 0.000000000000000000e+00 1.551327741680862404e-01 1.843788066180282459e-01 9.952847881967798183e-02 0.000000000000000000e+00
0.000000000000000000e+00 0.000000000000000000e+00 0.000000000000000000e+00 2.446186005766851079e-01 3.738853138032887519e-02 8.451982656812427608e-02 0.000000000000000000e+00 4.736698551959290376e-02 2.434056763105901799e-02 1.452362758689465239e-01 0.000000000000000000e+00 2.094851013071962753e-01 1.423299340732990352e-02 0.000000000000000000e+00 0.000000000000000000e+00 0.000000000000000000e+00 1.800409534303002497e-04 1.512491316791108875e-01 4.138194510819592081e-02 0.000000000000000000e+00
1.524582807734418122e-01 0.000000000000000000e+00 0.000000000000000000e+00 9.085056212648977628e-03 0.000000000000000000e+00 1.881693757462850058e-01 0.000000000000000000e+00 0.000000000000000000e+00 1.443442602176622236e-01 0.000000000000000000e+00 0.000000000000000000e+00 2.790426987205727252e-02 0.000000000000000000e+00 9.939939995152226315e-02 1.942609048343364730e-01 1.489170541396802050e-01 3.178885846354237432e-02 0.000000000000000000e+00 0.000000000000000000e+00 3.672539788823313799e-03
