1.320616928470035034e-01 1.662883380292799751e-01 0.000000000000000000e+00 1.129293693884108746e-01 2.787031068357637403e-03 0.000000000000000000e+00 0.000000000000000000e+00 0.000000000000000000e+00 0.000000000000000000e+00 0.000000000000000000e+00 1.709589818171490250e-01 1.677841428955622327e-01 0.000000000000000000e+00 2.078877065405462798e-02 7.758670812625095316e-03 0.000000000000000000e+00 0.000000000000000000e+00 3.355566743563707498e-03 1.678153143808972791e-01 4.747212136309600372e-02
0.000000000000000000e+00 6.076811119488561945e-03 2.266093555312675284e-02 1.424463076320496013e-01 0.000000000000000000e+00 7.430230228818290872e-02 0.000000000000000000e+00 1.199901437867420539e-01 0.000000000000000000e+00 0.000000000000000000e+00 2.199754399421973219e-02 2.467018020055308791e-01 0.000000000000000000e+00 0.000000000000000000e+00 4.495780268726205786e-03 0.000000000000000000e+00 1.770015597792455944e-03 2.319766432074526000e-02 1.402165812892010033e-01 1.961441121441946100e-01
1.370913435210053925e-02 1.377819992418259920e-01 7.429925151283091334e-02 8.990715063658302753e-02 5.906793165108674588e-03 0.000000000000000000e+00 2.717542986291978518e-02 1.114876739343231282e-01 2.780913812784644584e-02 0.000000000000000000e+00 0.000000000000000000e+00 0.000000000000000000e+00 0.000000000000000000e+00 1.340434980965641773e-02 1.862240209689434252e-03 0.000000000000000000e+00 0.000000000000000000e+00 1.023280745635572753e-01 2.251901246710162896e-01 1.691386399125419659e-01
1.378184607863641997e-01 8.911055752442050004e-02 1.426813154441891884e-01 0.000000000000000000e+00 1.177624548790903898e-02 0.000000000000000000e+00 0.000000000000000000e+00 0.000000000000000000e+00 4.993731737477186822e-02 0.000000000000000000e+00 9.977323040699724588e-02 1.208895396224420049e-01 2.784267220692056982e-02 0.000000000000000000e+00 6.393692433321533468e-03 2.569834178687127602e-02 0.000000000000000000e+00 0.000000000000000000e+00 1.716299009993013103e-01 1.164487259264911090e-01
6.044693054061880261e-02 0.000000000000000000e+00 0.000000000000000000e+00 1.710672189679015853e-01 9.941137019611875555e-03 8.584661713268959896e-03 2.882488777015610251e-02 3.674635281831396122e-02 2.219693725481199325e-04 0.000000000000000000e+00 1.886850317164269486e-02 1.389255853873908597e-01 1.254872949492152334e-01 1.346720679540548415e-01 5.141720724248983326e-02 0.000000000000000000e+00 1.935819365646370555e-02 0.000000000000000000e+00 1.820999951752630408e-01 1.333799426106037703e-02
2.429297170426187591e-01 1.619848171669397707e-01 0.000000000000000000e+00 5.488002872468769611e-02 4.127423258715248039e-02 1.644111197007672442e-01 0.000000000000000000e+00 0.000000000000000000e+00 0.000000000000000000e+00 0.000000000000000000e+00 0.000000000000000000e+00 1.888784670574500668e-01 0.000000000000000000e+00 0.000000000000000000e+00 0.000000000000000000e+00 5.316444131973032533e-02 0.000000000000000000e+00 0.000000000000000000e+00 8.347426695171641930e-02 9.002909448937170336e-03
5.923729194165863743e-02 0.000000000000000000e+00 0.000000000000000000e+00 1.395594848597255522e-01 1.641856156931286448e-01 1.374743854036013513e-01 0.000000000000000000e+00 0.000000000000000000e+00 1.724478864264139197e-02 0.000000000000000000e+00 4.419629143970159151e-03 1.558399407320331664e-01 1.374176428383240296e-03 8.462189113840364041e-02 0.000000000000000000e+00 0.000000000000000000e+00 0.000000000000000000e+00 7.184108100864097790e-02 1.628795383500262484e-01 1.322176657786840615e-03
1.506249961452959529e-01 0.000000000000000000e+00 1.723327377029768848e-01 1.008432207632659477e-01 0.000000000000000000e+00 1.055399252121595605e-01 0.000000000000000000e+00 0.000000000000000000e+00 0.000000000000000000e+00 0.000000000000000000e+00 1.712544846028026813e-01 1.971927668428379854e-01 0.000000000000000000e+00 0.000000000000000000e+00 0.000000000000000000e+00 0.000000000000000000e+00 0.000000000000000000e+00 0.000000000000000000e+00 6.917081541629881147e-02 3.304105331436220372e-02
7.904240037453298673e-02 1.345358307656367436e-01 2.158732635380161691e-01 1.952044262379296902e-01 0.000000000000000000e+00 7.519023254654622068e-02 0.000000000000000000e+00 1.673214046428616042e-01 8.760706348544278557e-03 0.000000000000000000e+00 0.000000000000000000e+00 1.031622196246496925e-01 0.000000000000000000e+00 0.000000000000000000e+00 0.000000000000000000e+00 0.000000000000000000e+00 0.000000000000000000e+00 2.090951592128263009e-02 0.000000000000000000e+00 0.000000000000000000e+00
1.768390363443909652e-01 1.101896850828287672e-01 1.685089701879158644e-02 4.192668257014225269e-02 1.308254182308081770e-01 6.517542961160993631e-02 0.000000000000000000e+00 1.079188888308281295e-02 0.000000000000000000e+00 2.574073515877746757e-02 2.300457115189790194e-02 2.873168582481495092e-01 0.000000000000000000e+00 0.000000000000000000e+00 5.579739747684876044e-02 1.996968879724539750e-02 0.000000000000000000e+00 0.000000000000000000e+00 0.000000000000000000e+00 3.557171142542649156e-02
5.499740785870891463e-02 0.000000000000000000e+00 0.000000000000000000e+00 1.337507673156637933e-01 0.000000000000000000e+00 1.613341942449975919e-01 0.000000000000000000e+00 0.000000000000000000e+00 3.782538495741202128e-02 5.222541529680813088e-02 1.971758676222441428e-02 1.668777832433311625e-01 0.000000000000000000e+00 0.000000000000000000e+00 1.357866683304050637e-01 0.000000000000000000e+00 0.000000000000000000e+00 1.120700311324459159e-01 1.254147608580030993e-01 0.000000000000000000e+00
3.779373096385037212e-02 0.000000000000000000e+00 0.000000000000000000e+00 8.959363410633211511e-02 0.000000000000000000e+00 1.453354150460298977e-01 0.000000000000000000e+00 0.000000000000000000e+00 3.414470071521973765e-02 1.587866254022521004e-02 0.000000000000000000e+00 1.783500119953776997e-01 4.195314883469113132e-02 2.365275055412496136e-02 0.000000000000000000e+00 0.000000000000000000e+00 7.831906220473093538e-02 1.069142128445797202e-01 8.554774776438243966e-02 1.625169224304558457e-01
5.935688633901816530e-02 6.416390533709287469e-02 0.000000000000000000e+00 2.245275677480149112e-01 0.000000000000000000e+00 1.568837560723207736e-01 0.000000000000000000e+00 8.640740996296492060e-02 0.000000000000000000e+00 1.179698120044234133e-02 4.293336427470372495e-03 1.713274430912088142e-01 0.000000000000000000e+00 4.935357478307154239e-02 3.948834660519909279e-02 0.000000000000000000e+00 3.347795286344569022e-04 1.942967135172416621e-02 3.568008142628278229e-03 1.090683334102094254e-01
3.689550070414929911e-02 0.000000000000000000e+00 1.774593717833615816e-02 2.982554639248389261e-01 0.000000000000000000e+00 5.508524346173165886e-02 0.000000000000000000e+00 0.000000000000000000e+00 0.000000000000000000e+00 0.000000000000000000e+00 1.657333471803919267e-01 1.679705077115076217e-01 0.000000000000000000e+00 0.000000000000000000e+00 2.334335761984680790e-01 0.000000000000000000e+00 2.488042364057642050e-02 0.000000000000000000e+00 0.000000000000000000e+00 0.000000000000000000e+00
0.000000000000000000e+00 1.159038840906632083e-02 0.000000000000000000e+00 0.000000000000000000e+00 0.000000000000000000e+00 7.602542035571764611e-02 0.000000000000000000e+00 9.205196277182008113e-02 8.090319754161348631e-02 9.810299034629555923e-03 6.852306672202439219e-02 1.636994797805168267e-01 2.655180676842898435e-02 5.713518386218842393e-02 1.758331025291197947e-01 0.000000000000000000e+00 6.257617531130322923e-03 6.033823116091883987e-02 1.712802435328251716e-01 0.000000000000000000e+00
