2.583648677603249898e-04 3.060786238751528332e-02 3.000762969701387811e-02 5.447804437390641602e-02 2.096629900419409373e-02 0.000000000000000000e+00 5.079931680557973200e-02 0.000000000000000000e+00 0.000000000000000000e+00 1.330446553699717038e-02 0.000000000000000000e+00 3.585406078445585063e-04 8.269427676258499921e-03 1.529705029532973382e-01 2.514570719789869235e-01 1.061542608638011906e-02 6.241051171548842036e-03 6.954332141898131835e-03 4.538906888081500370e-03 5.468365343817695873e-02 2.655047179163393459e-02 7.016655551892492758e-03 3.183254067639356734e-03 1.530020068386704346e-01 1.137367161347239836e-01
9.749892036329485881e-03 5.355388640328213185e-02 1.158500831329224712e-01 0.000000000000000000e+00 1.576941727488635758e-01 0.000000000000000000e+00 3.094573102405042114e-03 1.152757239891490093e-01 1.240766169881651546e-02 0.000000000000000000e+00 7.374198208755656202e-03 0.000000000000000000e+00 0.000000000000000000e+00 6.176846523392563737e-02 4.750136495348768195e-02 5.795276651289600622e-03 7.623774407046456265e-03 1.063526017147429018e-02 0.000000000000000000e+00 8.421444826813079959e-03 6.304299907160140770e-02 2.197949338835911409e-03 3.289062114832094763e-02 1.460126437370722896e-01 1.391100091396088034e-01
6.679643938601817488e-02 1.169373595604840388e-01 1.637086847504920506e-02 1.046037722440757989e-01 5.252048897082697669e-03 3.732935364158947080e-03 1.176848125998553596e-01 3.894964790712063946e-02 1.023839432046527199e-02 3.910693786607170701e-03 1.477192631130794416e-02 6.475250354358692839e-02 1.368500129556096158e-02 1.983110612718765042e-02 1.056852349721938839e-01 0.000000000000000000e+00 0.000000000000000000e+00 7.397594090265345590e-02 8.368649271875971962e-02 5.237914338947155524e-02 1.126055374687895232e-03 1.340684701408075908e-03 5.820499465833720715e-02 5.294911878319424371e-03 2.078903158560798173e-02
0.000000000000000000e+00 3.028961508322114589e-03 6.564033764886875733e-02 0.000000000000000000e+00 1.384031273747561297e-01 0.000000000000000000e+00 2.146555188058965960e-02 1.177557260834317804e-01 0.000000000000000000e+00 3.015199097756926516e-02 3.196029164646874143e-02 0.000000000000000000e+00 5.482190149684741665e-03 5.155913435528904076e-02 5.508521847317202069e-02 0.000000000000000000e+00 0.000000000000000000e+00 0.000000000000000000e+00 1.975625774058580031e-01 2.834783533264423078e-03 8.222033015337778042e-03 2.603654094279652872e-02 8.205458701133372390e-02 1.412456587686269638e-01 2.151128922463023743e-02
0.000000000000000000e+00 8.100082881004010832e-03 0.000000000000000000e+00 0.000000000000000000e+00 0.000000000000000000e+00 0.000000000000000000e+00 1.191016799708362328e-01 0.000000000000000000e+00 4.877931595570342456e-03 2.754535193888876798e-02 0.000000000000000000e+00 5.070884327347533610e-02 3.480261815275816073e-02 1.094973399760198890e-01 1.819863349349548909e-01 0.000000000000000000e+00 1.282496855083149409e-02 0.000000000000000000e+00 9.292736209252900823e-03 1.778440671054864943e-03 0.000000000000000000e+00 7.149951162976038443e-02 9.567822388236242592e-02 2.675424330967807740e-01 4.763503236449644247e-03
3.694940165684398176e-02 7.927761239364942980e-02 2.239992058637034142e-02 9.102363475153739392e-02 2.944980838532367667e-02 0.000000000000000000e+00 1.315873738942948401e-01 9.367084877190830217e-02 2.242719565441648587e-03 0.000000000000000000e+00 6.195815507803368455e-02 3.301609551862962066e-02 5.997232275182341234e-03 9.984590824510539142e-02 4.307801698511638799e-02 0.000000000000000000e+00 0.000000000000000000e+00 0.000000000000000000e+00 4.365878242951062860e-02 4.795087729193858034e-03 1.481568658794251737e-03 1.644106332176607831e-03 3.339754001597089461e-02 1.708984851982830178e-01 1.362770152863375557e-02
2.968444933887116714e-03 9.493561341070975990e-02 3.075967912362852219e-02 6.664811978765546562e-03 1.518932762337129039e-01 0.000000000000000000e+00 3.825159226903478149e-02 5.607171801646082532e-02 0.000000000000000000e+00 3.218809335268241981e-03 4.640275147177195039e-03 9.218588801234479935e-02 7.662038120287514853e-02 1.606940276138222375e-03 2.278995623158808492e-01 5.113903390898813040e-04 0.000000000000000000e+00 0.000000000000000000e+00 6.525594053514229519e-03 0.000000000000000000e+00 2.370448691635296951e-02 1.154392213130284173e-02 5.236665726956898914e-03 1.537636951686600084e-01 1.099725340823922565e-02
3.631643989707886155e-02 4.958776212972029751e-02 8.037230114312483853e-02 1.112128638654802798e-01 3.048832630020930842e-02 6.479643880532961857e-03 1.451834864861678842e-01 1.244217958762146650e-02 1.514409023543722508e-03 3.689172957676752074e-02 5.313870199538267905e-03 7.226905042793978912e-03 1.544478261491813670e-04 4.467809943953885213e-03 1.402161544623370948e-01 3.648102108712322073e-02 9.337016745776788307e-02 4.066398063005591951e-02 4.526948494679847168e-02 1.870198561503426046e-02 0.000000000000000000e+00 0.000000000000000000e+00 4.650244202096176158e-03 1.489221929676175400e-02 7.810256739934276493e-02
0.000000000000000000e+00 4.101195246764625241e-02 1.053604203751833113e-01 8.239323254970712732e-03 9.049761835319540537e-02 3.529613692721696172e-02 1.266291298183559455e-01 2.341048856246196255e-02 2.367223065357763369e-03 5.952660198418702718e-03 3.228878783524186851e-04 2.105690775152932806e-02 7.432734857554446593e-03 1.153839649835124853e-02 2.896285274473696658e-01 0.000000000000000000e+00 1.560218987729323874e-02 4.893841824864940578e-04 1.955519503749298879e-02 0.000000000000000000e+00 7.928121903491075137e-03 0.000000000000000000e+00 9.816699426228423994e-03 1.729366408276248879e-01 4.927361289418811727e-03
3.754706668100352140e-02 1.528096601826090320e-02 1.244467920937909408e-02 6.073385022343499168e-02 7.865842598889566384e-02 0.000000000000000000e+00 1.331622635829320944e-01 4.528702927249901762e-03 0.000000000000000000e+00 0.000000000000000000e+00 7.185513189357255713e-03 8.987562118960211455e-02 2.076132587484116887e-02 5.563624887477567477e-02 1.710924845556572593e-01 1.976131147222580375e-02 7.668506073081762277e-03 4.975512002782036397e-03 1.372218082179307852e-01 5.320296555486879117e-03 3.634728992878510142e-03 0.000000000000000000e+00 9.883213443706104218e-02 5.613805405250840187e-03 3.006474852791260477e-02
6.977581874457823054e-03 4.221613481204590859e-03 8.978603053982567306e-02 4.129407959523881400e-02 2.278277653675082892e-02 4.974562537108091591e-04 2.532078009859444270e-02 1.020154465251845027e-01 4.181751096653467392e-02 1.673352282879621636e-02 2.380586219388769464e-02 9.141393970206496133e-02 1.512799517915509179e-02 6.652572030099395024e-03 1.268626677392287461e-01 2.787168719975564521e-02 5.690216007511311042e-02 4.968845130115995615e-03 2.325268850711977378e-02 1.955616776497364970e-02 0.000000000000000000e+00 4.713226680660372622e-04 4.466559185743582995e-03 1.529257056513326496e-01 9.427502827304516664e-02
3.656900165652822443e-02 1.096371861605039411e-01 8.118945512793562802e-02 0.000000000000000000e+00 2.594784107227375847e-01 0.000000000000000000e+00 8.645242933035155244e-03 2.050945004549161246e-02 1.930914447427510561e-02 1.349285311189255508e-02 0.000000000000000000e+00 4.290911884979786012e-02 0.000000000000000000e+00 6.531528518957090829e-03 4.338354017124940870e-02 0.000000000000000000e+00 0.000000000000000000e+00 3.510503440438475509e-02 1.777465126119961991e-01 5.982229139680743032e-03 0.000000000000000000e+00 0.000000000000000000e+00 0.000000000000000000e+00 1.395112920715342042e-01 0.000000000000000000e+00
1.736690368938733492e-02 1.331038765826885184e-01 1.713682932796032482e-02 9.973402103373751881e-02 5.819415080925895156e-02 0.000000000000000000e+00 0.000000000000000000e+00 1.343520843652530050e-01 2.693743427911472494e-03 8.209005774871394601e-03 2.728602288864579502e-03 2.034379966058598097e-02 1.676178625836779708e-03 0.000000000000000000e+00 4.312564613954615947e-03 1.071309174752217291e-01 2.272875337914070926e-02 2.158336831100848147e-02 2.052125716591672588e-01 6.298287492388512931e-02 0.000000000000000000e+00 1.732060194690495606e-03 7.683717944046851434e-02 1.940514416107281832e-03 0.000000000000000000e+00
0.000000000000000000e+00 3.775162973996623681e-03 0.000000000000000000e+00 0.000000000000000000e+00 1.490195685867003184e-01 3.419491522440303022e-03 1.353100295400303920e-03 6.984923146525873986e-04 2.351387862712357377e-02 0.000000000000000000e+00 0.000000000000000000e+00 3.886052906033391624e-02 6.310970658181720705e-02 1.393742719553613396e-01 2.355205235180269641e-01 0.000000000000000000e+00 0.000000000000000000e+00 0.000000000000000000e+00 1.742359777154680600e-01 0.000000000000000000e+00 0.000000000000000000e+00 4.865510106930866045e-03 7.559508833116382678e-03 1.471118178463350079e-01 7.582460062296431103e-03
1.294084458655571888e-02 1.394528236223626094e-01 1.060129496522138198e-01 1.359013765849359789e-01 7.946472499414250837e-03 8.818372614308259139e-02 2.431449911022290702e-02 0.000000000000000000e+00 2.589071100282777649e-02 3.490926980790482609e-02 0.000000000000000000e+00 6.506730339727501145e-02 0.000000000000000000e+00 4.933682411003426083e-02 8.964704384165462017e-03 6.471682899553632407e-03 1.191436244468689967e-02 7.684842965956714678e-02 0.000000000000000000e+00 6.989536062334270527e-04 2.664458877590035555e-03 4.537904894822998407e-03 2.958439021948992831e-02 1.515538371057808913e-03 1.668427741260027630e-01
1.145088767427809677e-02 3.607856733373036168e-02 1.158044935281784676e-01 9.280045013134922624e-03 1.970448525624489411e-01 0.000000000000000000e+00 0.000000000000000000e+00 1.344429902254725695e-01 1.663162112999887589e-03 1.107496759698790856e-02 2.430313946440621625e-02 2.410746983646209693e-02 0.000000000000000000e+00 3.176294571614663581e-02 1.882864537255150503e-02 7.059772385536323969e-03 2.815301565427372893e-02 4.757543859880650899e-02 1.675789686645630938e-01 6.559378418193425458e-03 0.000000000000000000e+00 1.107337118327559114e-02 0.000000000000000000e+00 1.042566456961071739e-02 1.057322240889429638e-01
0.000000000000000000e+00 7.333058144231188562e-03 7.348070303295099748e-02 6.049419676432018361e-03 1.614318567224385659e-01 9.509846406234179206e-02 2.144374725434472842e-02 0.000000000000000000e+00 0.000000000000000000e+00 2.183983064850016781e-02 0.000000000000000000e+00 7.187838096325651661e-04 4.797126102230995365e-02 9.797799782282116954e-02 2.123457334881490854e-01 0.000000000000000000e+00 0.000000000000000000e+00 2.396722832826449906e-02 1.793927888341160237e-01 1.011879333034941021e-02 0.000000000000000000e+00 4.903610556245446492e-03 0.000000000000000000e+00 0.000000000000000000e+00 3.592672326687240680e-02
1.290197945249691933e-02 4.695052272665933835e-02 6.583182436396249615e-02 1.044530386187435614e-02 3.195339910808556866e-02 8.014323170976536161e-04 1.322932147650409708e-02 1.123239689108667533e-01 0.000000000000000000e+00 8.770259755738085694e-02 3.261353078051990040e-02 2.057487142976834743e-02 1.310642274117341903e-02 7.691256636632387567e-02 6.850046888926729360e-02 3.344811758137808660e-03 1.190222036645481041e-01 7.779689062270539468e-02 1.713634264994982614e-01 7.641964940801118655e-03 0.000000000000000000e+00 0.000000000000000000e+00 1.147850766967300692e-02 1.550398486265557561e-02 0.000000000000000000e+00
3.003457556599281597e-02 2.701826063897014990e-02 2.753101377635299232e-02 0.000000000000000000e+00 5.246355515665159647e-02 0.000000000000000000e+00 9.091727003922345229e-02 7.570435008359614748e-02 0.000000000000000000e+00 3.003166351603262299e-02 6.080338337933558109e-03 8.728116895759426008e-02 0.000000000000000000e+00 1.454877988994308646e-01 1.416326042812715291e-01 0.000000000000000000e+00 8.037548020065822529e-03 0.000000000000000000e+00 2.008471688914018755e-02 0.000000000000000000e+00 1.074106994728442430e-03 0.000000000000000000e+00 0.000000000000000000e+00 1.434230554737828400e-01 1.131979733692326656e-01
0.000000000000000000e+00 2.546067911119912278e-02 8.116502491173245570e-02 1.978907818558474710e-02 2.104108979142095895e-02 5.342497949920328899e-03 6.692102412189895877e-02 6.315817927401520641e-03 7.770282430101240097e-03 1.711072624833624711e-02 6.867399125673708579e-04 1.794502592939658039e-02 5.114369805688475691e-03 1.175815680974107019e-01 1.046971810885620330e-01 3.459816007599235410e-02 5.212187571263907082e-02 9.702226816037584634e-02 3.283745973977893889e-02 5.652763710317347534e-02 0.000000000000000000e+00 2.411999857430294214e-02 0.000000000000000000e+00 2.428232685289619455e-02 1.815491682696204201e-01
7.148523654113833788e-03 1.843491644843986074e-02 6.919983646250164877e-02 1.010988347181623545e-02 1.215150951970243309e-01 1.212884663370756705e-01 7.369813772327548501e-03 0.000000000000000000e+00 2.296060535152648906e-06 0.000000000000000000e+00 1.972747276635493548e-03 9.803468514353476382e-02 1.533886754992148417e-02 1.676971921629636514e-02 2.265350770474509889e-01 5.392080680293924455e-02 1.119204827246316758e-01 2.581089467222147382e-02 4.501351654554020670e-02 8.483099020448372617e-04 0.000000000000000000e+00 5.090561966952590655e-04 2.780944667157159156e-02 1.618933590771909348e-02 4.258222938963217817e-03
9.223317261123245396e-04 7.168794747339674034e-02 2.839046774979294904e-02 1.688711979463755619e-04 0.000000000000000000e+00 3.013621865816412324e-02 1.408073409845810864e-01 0.000000000000000000e+00 0.000000000000000000e+00 1.138579698842981380e-01 0.000000000000000000e+00 1.034852656857787739e-01 3.252140058871922507e-02 2.387354371061174013e-02 1.818127453708958396e-01 2.716238144806489658e-04 1.000271891334811591e-01 4.126012813832381776e-02 3.901528533772310233e-03 1.004258003055671575e-02 0.000000000000000000e+00 0.000000000000000000e+00 3.549881105337401171e-02 8.118671963079426845e-02 1.473166349197740205e-04
1.840704505442412528e-02 1.485171445466302309e-01 1.080605765260408690e-01 1.285543884153329541e-01 6.145668712259633182e-02 6.318355079653511543e-03 1.213537845239201080e-01 5.451877645382174724e-03 8.359854222939474069e-03 8.766972490833516672e-04 3.256600350947372411e-03 2.477154389301853849e-03 0.000000000000000000e+00 2.404918426191972151e-03 2.282042293626284357e-01 7.019153263338494264e-02 0.000000000000000000e+00 0.000000000000000000e+00 3.317524993789497390e-02 1.761829701813278628e-03 1.185563535174503046e-02 1.249099620375394978e-03 1.565763927881233877e-02 2.240970056090114265e-02 0.000000000000000000e+00
2.000815637451873116e-02 1.111701323911219313e-01 0.000000000000000000e+00 0.000000000000000000e+00 2.491361787439893838e-01 0.000000000000000000e+00 0.000000000000000000e+00 1.370624001670958381e-01 0.000000000000000000e+00 5.392839914434315041e-02 3.112028124125299292e-02 0.000000000000000000e+00 0.000000000000000000e+00 3.408645853605363901e-02 2.980355002875223827e-02 1.049008034998373182e-02 0.000000000000000000e+00 0.000000000000000000e+00 1.788660217904524119e-01 0.000000000000000000e+00 0.000000000000000000e+00 0.000000000000000000e+00 0.000000000000000000e+00 1.443283412324359583e-01 0.000000000000000000e+00
9.649684938455409255e-04 7.093509447725875050e-02 2.100773020658249987e-02 3.506814996582720994e-04 1.596998051508518590e-01 0.000000000000000000e+00 0.000000000000000000e+00 5.144452223333251945e-02 0.000000000000000000e+00 1.364150261651944467e-02 0.000000000000000000e+00 1.634106059432193989e-02 7.555832845438498202e-02 1.058214386288207215e-01 1.733144864949611730e-01 3.984185113035526582e-02 3.105943951836705880e-02 0.000000000000000000e+00 3.269836005678207480e-02 0.000000000000000000e+00 0.000000000000000000e+00 0.000000000000000000e+00 0.000000000000000000e+00 1.466017300768305276e-01 6.071900036712733761e-02
0.000000000000000000e+00 8.461859357729921427e-02 1.823136341413925934e-03 0.000000000000000000e+00 3.639613333677496100e-03 0.000000000000000000e+00 1.230095604326127551e-01 1.005417070028884613e-01 6.475904808685177191e-03 1.794616554252051119e-02 0.000000000000000000e+00 9.787206702151123039e-02 3.792831813669367280e-02 7.399657158751453412e-02 7.426375307549105964e-02 7.153076315156726983e-02 7.743155858443648287e-02 1.537936992492486147e-04 1.317949917672340925e-02 0.000000000000000000e+00 7.405292917110375440e-03 0.000000000000000000e+00 3.852555305259031115e-02 1.611603389034566292e-01 8.497809654558164880e-03
1.581055955487534193e-03 1.612395678589305381e-01 1.082239994476797834e-01 1.195802788262648880e-02 4.867887256538631913e-03 0.000000000000000000e+00 2.611541333163073728e-02 2.541945122966925152e-02 3.254283791882491700e-02 1.834174191376029828e-02 4.040333581607060548e-02 0.000000000000000000e+00 0.000000000000000000e+00 1.648820767452571778e-02 2.028739938343373517e-01 0.000000000000000000e+00 5.158965281720814811e-03 0.000000000000000000e+00 1.528166665859823428e-02 9.371573405587856065e-03 0.000000000000000000e+00 1.069551385409929197e-03 2.266919347381513711e-02 1.400391667486310943e-01 1.563543629261551215e-01
2.551887986026898578e-02 1.034523851534668686e-02 2.034573136993250968e-03 0.000000000000000000e+00 8.323199736150072026e-02 0.000000000000000000e+00 2.610721734996140353e-01 1.548034111166061294e-02 3.021924814474236110e-02 6.679286914916238681e-04 3.233949242153111997e-02 2.779307283738365400e-02 3.809677740506860200e-02 2.867092331942020303e-02 1.520870629293539222e-01 8.680153704632966039e-03 0.000000000000000000e+00 4.590296423116900677e-03 4.996765782888478022e-04 5.615949400509169520e-02 1.924693576317382249e-02 0.000000000000000000e+00 7.525680497974701275e-03 1.566713054460444898e-01 3.906874834730079266e-02
0.000000000000000000e+00 1.539449848770089654e-02 2.465337274009962026e-02 0.000000000000000000e+00 1.476402670279091667e-01 0.000000000000000000e+00 1.487528863101061395e-02 1.088245811328513862e-01 0.000000000000000000e+00 0.000000000000000000e+00 1.187144847470377514e-03 8.501076345925691335e-02 2.677630839547709071e-02 4.035258105861941509e-03 5.847198801154218639e-02 8.918135651008295139e-02 3.799213119640129470e-03 1.729135200811239559e-02 1.752529001387591601e-01 1.193010750623373258e-02 0.000000000000000000e+00 2.262063876725725620e-02 0.000000000000000000e+00 1.537637367401056832e-01 3.929122437062848583e-02
0.000000000000000000e+00 2.586844230870931349e-02 1.079594339216392584e-01 5.194949120802308182e-03 1.198741470944483627e-02 1.854069650948774123e-03 1.566512843254103116e-01 0.000000000000000000e+00 3.774002045284494296e-03 4.546364876195946314e-03 0.000000000000000000e+00 5.012078439907770994e-02 2.234521686244438608e-03 6.936056496764787804e-02 2.022269969941667966e-01 0.000000000000000000e+00 1.488231029990743845e-02 5.466014323466381226e-03 1.701082775014491899e-01 0.000000000000000000e+00 2.138572560245441227e-03 0.000000000000000000e+00 0.000000000000000000e+00 1.499962268907960583e-01 1.562976941856353622e-02
1.800333800575047369e-02 1.679879215963471506e-01 1.266016582252287720e-02 0.000000000000000000e+00 1.565175659220681970e-01 8.038244908386192600e-03 2.314250521306664837e-02 1.170844587467213954e-01 0.000000000000000000e+00 1.466783460304318769e-02 2.598794069029254292e-03 3.947824749018053608e-02 0.000000000000000000e+00 6.936913192332896938e-02 5.567877718457326514e-02 4.592542669427425450e-02 2.497147214316453728e-02 2.577363377749628936e-03 2.215092417723838747e-01 5.281411836076233164e-03 0.000000000000000000e+00 2.501257647849695551e-03 0.000000000000000000e+00 0.000000000000000000e+00 1.200684104348375206e-02
0.000000000000000000e+00 3.050601466913434312e-02 5.657332046267778136e-02 5.183978399165654199e-04 5.541423438109971400e-02 1.015615373318098508e-01 1.245795923150757045e-01 4.036040196777216510e-02 2.732230783901381296e-03 0.000000000000000000e+00 6.451801959173829835e-03 2.670604610763428755e-02 3.729786344945206205e-03 1.314047345627017971e-01 6.615565692450948998e-02 8.753647735433288954e-04 7.555184971191453158e-03 1.088993603090263615e-03 1.580976527310933577e-01 1.037939023252391381e-02 1.059379136694028195e-02 4.979070224731427415e-03 1.533772224071537453e-02 1.426748749699477958e-01 1.724199235870711895e-03
0.000000000000000000e+00 0.000000000000000000e+00 0.000000000000000000e+00 0.000000000000000000e+00 3.496727666231658638e-04 4.527158728511278089e-03 6.712642276817244735e-02 0.000000000000000000e+00 3.299558041197785379e-03 0.000000000000000000e+00 0.000000000000000000e+00 1.622748616333523700e-02 0.000000000000000000e+00 1.086119611921806810e-01 1.803697958297858228e-01 1.036559856125294082e-01 4.919243190522994830e-02 1.818887786128825165e-02 1.826255638132032733e-01 0.000000000000000000e+00 6.971004432519783923e-04 1.098260656947600174e-02 4.814147574788277262e-02 1.450230310185382787e-01 6.098087153879352962e-02
8.452440043322935470e-02 2.127528275169184371e-02 7.114682592240129111e-02 5.720048374531951779e-02 1.803418386553423403e-01 0.000000000000000000e+00 0.000000000000000000e+00 0.000000000000000000e+00 0.000000000000000000e+00 0.000000000000000000e+00 4.028951294327880878e-02 8.319124719765263673e-03 0.000000000000000000e+00 1.155832940762529792e-01 1.369575723559940117e-01 1.530824953166387906e-03 0.000000000000000000e+00 8.569244708837125968e-02 1.178562782143600940e-01 0.000000000000000000e+00 1.047125879271123888e-03 1.116328400031807097e-02 5.008923444483181359e-04 6.657081191678927701e-02 0.000000000000000000e+00
2.123811294668841165e-03 0.000000000000000000e+00 7.977927078653867382e-03 0.000000000000000000e+00 1.337281514674044935e-01 0.000000000000000000e+00 0.000000000000000000e+00 1.213965337146235973e-01 0.000000000000000000e+00 0.000000000000000000e+00 0.000000000000000000e+00 1.234407341933281971e-01 0.000000000000000000e+00 1.525614957293497387e-01 4.412347268293628777e-02 0.000000000000000000e+00 0.000000000000000000e+00 0.000000000000000000e+00 9.427276364195043973e-03 1.907111890109977961e-02 1.395950735979525036e-02 2.025445160686070722e-02 1.132024008794948848e-02 3.245573156296687745e-01 1.605796388946575254e-02
6.232979893580143510e-03 9.853933179363176705e-04 0.000000000000000000e+00 0.000000000000000000e+00 1.793214307706812449e-01 3.479130147245876065e-03 0.000000000000000000e+00 0.000000000000000000e+00 2.049723851822382852e-03 1.647839909773935949e-02 0.000000000000000000e+00 3.241269769591226865e-03 6.317207326406333590e-02 0.000000000000000000e+00 1.551682438005076159e-01 4.053974510221133865e-02 1.013200415132172461e-01 4.819012618076529836e-02 6.728861491128798611e-02 1.092178016765542152e-02 0.000000000000000000e+00 0.000000000000000000e+00 0.000000000000000000e+00 1.528404981718481104e-01 1.487705500398470160e-01
4.405384064057437342e-03 2.615892314147351405e-02 5.482929676320928009e-02 5.765731658884813704e-02 1.632290628307042080e-01 0.000000000000000000e+00 3.709905363933987000e-03 1.051419309357590065e-01 0.000000000000000000e+00 9.430614717405411476e-03 4.420759186770276995e-03 9.496187198152435116e-02 4.638923440740297388e-02 0.000000000000000000e+00 6.772281375474156762e-02 0.000000000000000000e+00 2.637466238302139249e-02 0.000000000000000000e+00 1.675496877767504722e-01 6.971771922992480060e-03 0.000000000000000000e+00 2.009835371582367747e-02 0.000000000000000000e+00 1.409484104655817915e-01 0.000000000000000000e+00
1.024313958096531411e-02 2.906448149922886883e-03 6.642860279387055372e-04 7.886723150661188383e-03 1.612248147027344480e-01 2.454650499451671575e-02 4.056008245676094581e-02 4.412460724985169981e-03 7.572304728835857306e-03 9.525598859045887601e-02 0.000000000000000000e+00 0.000000000000000000e+00 0.000000000000000000e+00 4.254635726747962865e-02 2.070936252985522141e-01 0.000000000000000000e+00 3.607660682906306971e-03 8.474940830847063275e-03 1.727108451855895455e-01 6.130267090631942584e-02 0.000000000000000000e+00 0.000000000000000000e+00 1.558482722084549021e-02 1.312857600735803099e-01 2.120559426099848273e-03
0.000000000000000000e+00 1.401211744400565964e-02 1.707854283796740309e-04 0.000000000000000000e+00 8.478743051928099017e-02 7.609844588809321075e-02 2.400922646104352784e-02 1.489464149969081490e-02 1.291379064081193094e-02 0.000000000000000000e+00 6.592605583512939002e-03 1.726987249774541197e-04 0.000000000000000000e+00 4.931374166603051321e-03 1.135731440949502569e-01 5.510838034118305077e-03 1.444506546293771246e-02 0.000000000000000000e+00 1.552248629222688636e-01 4.175310866580387963e-03 3.118878419144723371e-02 0.000000000000000000e+00 1.363498867374078605e-02 2.038406866946136098e-01 2.198232027029436153e-01
2.794376255303781045e-02 8.723912805257183489e-02 0.000000000000000000e+00 9.145705712976136270e-02 1.095551335743540494e-01 8.688649429369945526e-03 0.000000000000000000e+00 2.492450251391907512e-02 0.000000000000000000e+00 1.022238426828228075e-01 1.000412071080733489e-02 3.272198174946667343e-02 0.000000000000000000e+00 2.126138092645962763e-02 1.466008717380544724e-01 1.973531600526589116e-02 6.473448121310450970e-03 5.309402474649430048e-02 1.184893353474193584e-01 2.037472702426865179e-02 8.877094491565103163e-03 2.577098706314244134e-02 0.000000000000000000e+00 4.534661516181941188e-02 3.921802097808952531e-02
0.000000000000000000e+00 9.380916723744049668e-02 5.348979309275461724e-02 2.546037191411561207e-02 1.909328970600470202e-02 0.000000000000000000e+00 6.788841585805488639e-03 4.646955726206652981e-02 0.000000000000000000e+00 1.118515794403008440e-01 3.020648377841502353e-03 1.330374106383208979e-02 1.143383470440114714e-02 2.565624583789890764e-02 2.377809499574558560e-01 1.143261544972175719e-01 0.000000000000000000e+00 0.000000000000000000e+00 1.512443411987672917e-02 3.021167462923629934e-02 0.000000000000000000e+00 1.574109348084126378e-02 6.700490763549861450e-02 2.856822185896560912e-03 1.065768932715150802e-01
3.318004188759277138e-03 8.411546628816528792e-04 1.140377336863164781e-01 8.725575977104471290e-03 2.335558299472659527e-01 0.000000000000000000e+00 8.439778883110886712e-03 1.436412658405633938e-02 1.495192354185014222e-03 0.000000000000000000e+00 2.514151172689169881e-03 9.764352972033972511e-02 1.043338344398059975e-03 8.925050913092199417e-03 1.662819854401957897e-01 4.668634878421063644e-02 3.217773322748932602e-02 1.092690876415343230e-02 4.740764371005883743e-02 0.000000000000000000e+00 2.920714070718867864e-03 1.673517658066440820e-04 0.000000000000000000e+00 1.656561959177826615e-01 3.287165188538448968e-02
1.163574860934536888e-02 0.000000000000000000e+00 3.400097503714748660e-03 1.042212678737189369e-01 4.732076089875603131e-02 0.000000000000000000e+00 9.833395292616754768e-02 1.210945026272712693e-01 0.000000000000000000e+00 3.357973854943972769e-02 0.000000000000000000e+00 1.244330967915469564e-02 0.000000000000000000e+00 1.197425684935926327e-01 3.542481566802005433e-02 0.000000000000000000e+00 3.005138654224334942e-03 6.317221459607907756e-03 1.805274030047473444e-01 0.000000000000000000e+00 3.468821096399268833e-02 0.000000000000000000e+00 1.776665374174580050e-02 1.655118995442721730e-01 4.986709802228750203e-03
0.000000000000000000e+00 1.284125026409046284e-03 7.332163661451226999e-02 1.395690290939958708e-02 1.786430703136295678e-02 0.000000000000000000e+00 9.115638239051057634e-02 0.000000000000000000e+00 4.859207475322318767e-03 0.000000000000000000e+00 1.505191815714839419e-02 1.205732911081316833e-01 1.013603268324187942e-02 1.301811755124203940e-01 2.048610892709327169e-01 7.616527063225836782e-04 2.816890048421114186e-03 0.000000000000000000e+00 9.897895856553549920e-02 3.117032674605494562e-04 2.451728623861641840e-03 8.762634556898355603e-03 9.102049010278426625e-03 1.621559750058363530e-02 1.773527175412463186e-01
9.773062623355255329e-03 1.108926431873741292e-01 5.827812347889084477e-02 5.791211242693617908e-03 4.240731419574817612e-02 8.879458703578989309e-02 1.699112082769222154e-01 3.706079657228120595e-03 0.000000000000000000e+00 0.000000000000000000e+00 9.580344806357348267e-03 0.000000000000000000e+00 0.000000000000000000e+00 7.087609948216377909e-02 7.205579524187528950e-02 1.825777215275616039e-02 0.000000000000000000e+00 0.000000000000000000e+00 1.859635571005465449e-01 1.614777152149925220e-03 0.000000000000000000e+00 2.796172754016486815e-03 0.000000000000000000e+00 1.493012516121322852e-01 0.000000000000000000e+00
0.000000000000000000e+00 2.669297976150717955e-01 6.984260973435671427e-03 2.518964123546768921e-02 1.307685372432988019e-02 0.000000000000000000e+00 6.816310674440766160e-02 1.316123014954913295e-01 0.000000000000000000e+00 0.000000000000000000e+00 2.426594226671390311e-02 0.000000000000000000e+00 0.000000000000000000e+00 6.995999752502203572e-02 5.450904346518767318e-02 0.000000000000000000e+00 0.000000000000000000e+00 0.000000000000000000e+00 1.884815942434161784e-01 0.000000000000000000e+00 0.000000000000000000e+00 2.397677979821147363e-03 0.000000000000000000e+00 1.484297827316349849e-01 0.000000000000000000e+00
2.062196366156297204e-03 7.986867270113025274e-02 8.378561934703153066e-03 0.000000000000000000e+00 4.398193323442845665e-02 0.000000000000000000e+00 1.347420443338699925e-01 7.294652596878912175e-03 1.212261699965925220e-02 9.463617904040941275e-02 0.000000000000000000e+00 1.587534453958949071e-02 0.000000000000000000e+00 1.285057128800246584e-01 1.425875926395030746e-01 0.000000000000000000e+00 2.583438959220519388e-03 3.176381732543992475e-02 1.833689314875745213e-01 3.807096037751428984e-03 2.849691194373439010e-04 3.266511199223970374e-02 1.669985395991452001e-02 3.601926785189854541e-02 2.275200600017061522e-02
0.000000000000000000e+00 3.677997124246077526e-02 0.000000000000000000e+00 1.527192879688180592e-02 1.488164501849446320e-01 6.631592450613289780e-02 8.792944933309887467e-02 9.642533564856297160e-03 0.000000000000000000e+00 1.219239253055843424e-03 0.000000000000000000e+00 1.188588189451663529e-02 7.186307993466898442e-03 3.155212367634240012e-02 2.734283453541400122e-01 7.778079344070809413e-03 5.149615273950457553e-03 0.000000000000000000e+00 6.768385590354206172e-02 1.514086096024889853e-03 0.000000000000000000e+00 0.000000000000000000e+00 5.064971288304783575e-02 1.385822511144416957e-01 3.861424358502506260e-02
7.354506577578761098e-03 1.034620082002789612e-02 1.149971051769266422e-01 1.062762556683616993e-01 1.480425416834553753e-01 1.597470100393047748e-03 0.000000000000000000e+00 0.000000000000000000e+00 0.000000000000000000e+00 0.000000000000000000e+00 3.654704317207969899e-03 4.078512674239094526e-03 5.747589360319853985e-02 1.313452950014146747e-01 1.510114853342931496e-01 6.765357259785836908e-02 0.000000000000000000e+00 4.242284655190283783e-03 1.724730220651803647e-01 3.919326235480217568e-04 0.000000000000000000e+00 0.000000000000000000e+00 0.000000000000000000e+00 1.905921710112615935e-02 0.000000000000000000e+00
7.818056206740586767e-02 4.311252139915749265e-02 2.870609503826472564e-02 5.318912672883135788e-03 2.490505287398751127e-03 2.766761026775330611e-03 1.256653210771967455e-01 1.042303564971949759e-02 0.000000000000000000e+00 0.000000000000000000e+00 1.765684140339377622e-02 0.000000000000000000e+00 1.693694214855151340e-04 1.141162429555042518e-01 2.370707347297265899e-01 1.307828591415574095e-02 2.678538595145320885e-03 0.000000000000000000e+00 1.590875038453356538e-01 2.160218355601160704e-03 1.824485572355204503e-03 0.000000000000000000e+00 7.518841219818378843e-03 1.479752237686768890e-01 0.000000000000000000e+00
