0.000000000000000000e+00 9.238415978118420802e-02 0.000000000000000000e+00 1.014373433347289938e-01 5.322509882396122410e-02 1.101085116880507891e-01 0.000000000000000000e+00 0.000000000000000000e+00 1.103565511085770855e-02 0.000000000000000000e+00 0.000000000000000000e+00 2.126868870442593512e-02 1.402056571363109183e-01 0.000000000000000000e+00 3.647587325177245599e-02 0.000000000000000000e+00 0.000000000000000000e+00 1.117387507229822829e-01 1.617649224869569247e-01 1.603553389587684674e-01
2.063883853154212071e-03 0.000000000000000000e+00 1.057018591408409036e-01 1.523844643195898796e-01 0.000000000000000000e+00 1.500219152947513956e-01 6.326830762930362416e-03 2.297349434779663024e-01 6.803165111638655171e-02 0.000000000000000000e+00 0.000000000000000000e+00 0.000000000000000000e+00 0.000000000000000000e+00 2.785364593311229556e-02 0.000000000000000000e+00 0.000000000000000000e+00 2.053288803118594186e-02 3.189696765645932963e-02 3.955295547016116769e-02 1.658979949434616075e-01
0.000000000000000000e+00 1.229983098275972964e-01 0.000000000000000000e+00 9.415810998477122662e-02 1.542577009976508484e-01 1.514602152843178007e-01 1.565928700981877031e-01 3.845346310288385444e-02 2.855140307331638025e-02 0.000000000000000000e+00 0.000000000000000000e+00 0.000000000000000000e+00 4.402793529157027902e-02 1.057664889670702733e-02 7.193765681366488807e-03 0.000000000000000000e+00 0.000000000000000000e+00 6.066401045180075738e-03 1.842604940158203142e-02 1.672371273148690329e-01
0.000000000000000000e+00 7.887484815223441692e-02 7.199968447241776332e-04 8.770841756549026258e-02 0.000000000000000000e+00 1.583509520515444247e-01 5.865934540273217389e-03 5.810737481220731165e-02 1.296439880188355598e-01 1.743127473919565268e-02 0.000000000000000000e+00 2.276520489217645493e-02 1.610316322752364249e-01 4.712121224617510373e-02 0.000000000000000000e+00 8.897814847805486649e-02 0.000000000000000000e+00 0.000000000000000000e+00 9.131329486532922812e-02 5.208772051852302021e-02
0.000000000000000000e+00 7.284075730644469504e-02 0.000000000000000000e+00 8.645116174443853024e-03 1.449087443967257693e-01 2.134685639683504832e-02 1.469468327673130112e-02 5.777589059103485636e-02 8.469605474764886968e-03 0.000000000000000000e+00 0.000000000000000000e+00 7.167658237130818122e-02 3.349581664374124551e-02 2.251752952387179041e-01 1.223258711598937572e-02 0.000000000000000000e+00 0.000000000000000000e+00 3.935678560839786684e-03 1.582939215666969157e-01 1.665084648857261540e-01
1.015067286856967954e-01 1.787038583440043737e-01 0.000000000000000000e+00 0.000000000000000000e+00 1.404207469909852513e-01 1.347723613545670218e-01 0.000000000000000000e+00 1.710468871377408828e-02 0.000000000000000000e+00 0.000000000000000000e+00 0.000000000000000000e+00 3.432388512116857360e-02 1.632027095335616268e-02 0.000000000000000000e+00 0.000000000000000000e+00 0.000000000000000000e+00 9.355094299171104466e-02 1.650269551986449923e-01 1.145964257231217864e-01 3.673135922969980073e-03
1.013442495458255661e-02 9.670919632736477145e-02 0.000000000000000000e+00 1.076834599160781530e-02 1.384396470118330891e-01 1.527748280630056577e-01 0.000000000000000000e+00 7.074065516346282612e-02 3.726888920537327343e-02 4.627435587171750513e-03 0.000000000000000000e+00 2.239139403176950566e-02 4.019870403974821343e-02 8.156516603479081751e-02 0.000000000000000000e+00 0.000000000000000000e+00 1.523606331378583312e-01 4.831953952857875878e-02 1.337011409228525405e-01 0.000000000000000000e+00
3.313943882046396176e-03 1.347285810594625044e-01 0.000000000000000000e+00 0.000000000000000000e+00 1.412748940176765666e-01 1.655502550108097770e-01 3.573329115569205770e-03 1.612944508581225928e-02 3.931243647847387779e-02 0.000000000000000000e+00 0.000000000000000000e+00 1.698507927486589131e-01 2.499194735093471231e-02 2.541688307426234056e-02 3.813053822786711261e-02 2.280885846802296977e-03 1.478216450238411250e-01 0.000000000000000000e+00 8.762442307778266215e-02 0.000000000000000000e+00
1.300750606778723660e-03 0.000000000000000000e+00 0.000000000000000000e+00 1.809258448434164224e-01 1.446046639286382440e-01 1.926649105382557126e-01 0.000000000000000000e+00 8.095658571477168386e-02 9.848985264425641484e-02 1.216759186557678056e-02 0.000000000000000000e+00 0.000000000000000000e+00 3.809773576518101640e-02 0.000000000000000000e+00 4.235247676049031657e-02 0.000000000000000000e+00 4.807574567691559608e-02 1.852937876915483270e-02 1.418344628865643720e-01 0.000000000000000000e+00
1.580536342863658739e-02 1.249872415540567022e-01 5.463146046915084986e-02 6.878465902235052221e-02 1.381757170316497141e-01 1.484370360208729089e-01 3.687243188447632269e-02 8.364009356963953562e-03 2.932068138994345721e-02 0.000000000000000000e+00 0.000000000000000000e+00 0.000000000000000000e+00 5.830297379375056453e-03 4.008695253042309642e-02 4.713490590166707905e-02 1.279567755328689729e-02 0.000000000000000000e+00 2.711260933887180320e-03 0.000000000000000000e+00 2.660623055432597139e-01
1.012174222596805284e-02 0.000000000000000000e+00 0.000000000000000000e+00 2.053947255282295020e-02 3.006438046958557000e-02 1.202046709863457685e-01 4.961128133662528333e-02 0.000000000000000000e+00 5.161267057172869849e-02 0.000000000000000000e+00 0.000000000000000000e+00 4.990222648848283149e-02 1.848346993425643292e-01 1.100784589648035397e-02 1.918852717056205096e-02 0.000000000000000000e+00 4.665880283286449187e-02 1.185569469312436341e-01 1.663072298433956875e-01 1.213895033513301136e-01
2.093469811810331691e-02 8.575360355092928599e-02 0.000000000000000000e+00 8.669966259727268643e-03 0.000000000000000000e+00 2.828345010372101953e-02 0.000000000000000000e+00 5.822589761904264916e-02 1.497587755408620880e-01 0.000000000000000000e+00 0.000000000000000000e+00 1.081275433374328104e-01 5.157333440858068163e-02 1.752625072990586161e-02 5.116169398253642836e-02 1.129322802010251092e-01 0.000000000000000000e+00 1.210971753720453681e-01 1.516883468028147391e-03 1.844384473080600551e-01
1.421259305148986525e-02 8.794500877672509209e-02 0.000000000000000000e+00 1.648660019038995783e-01 1.353562168210572896e-02 1.062814560079198001e-01 0.000000000000000000e+00 1.380755500210617548e-01 7.473198750357260001e-02 0.000000000000000000e+00 0.000000000000000000e+00 4.384487092575601458e-02 1.759683396967180735e-02 0.000000000000000000e+00 1.032695405205956603e-02 0.000000000000000000e+00 1.149751207798093283e-01 1.348819070851096646e-01 0.000000000000000000e+00 7.872609424081920826e-02
4.843058766061032749e-02 5.797316565013821421e-02 0.000000000000000000e+00 1.100510423638013414e-03 1.126807094777402141e-03 1.727476814331151411e-01 0.000000000000000000e+00 1.087783525311731073e-02 0.000000000000000000e+00 0.000000000000000000e+00 0.000000000000000000e+00 2.019632592382958891e-01 2.753129807751114599e-01 0.000000000000000000e+00 6.613786763052641182e-02 8.358124419617217471e-03 1.355628244334051713e-01 6.745767489979997283e-03 0.000000000000000000e+00 1.366258849766746435e-02
7.636242166273835529e-03 1.173993886600532832e-01 6.310364579920811623e-03 3.482230946166542038e-03 0.000000000000000000e+00 0.000000000000000000e+00 0.000000000000000000e+00 1.000211698217142245e-02 1.595291436998554080e-01 6.760386849779230663e-03 0.000000000000000000e+00 1.208949177956643306e-01 1.454718872301339130e-02 1.029549139173138173e-01 1.452617005271769068e-01 3.107449284486746288e-02 5.859646505448361936e-02 0.000000000000000000e+00 4.700914567978102532e-02 1.685413015734788800e-01
0.000000000000000000e+00 0.000000000000000000e+00 0.000000000000000000e+00 4.207838191934921068e-04 9.155603456133461215e-02 6.730437308264686919e-03 0.000000000000000000e+00 2.060857826355553396e-02 1.470327458584144431e-01 0.000000000000000000e+00 0.000000000000000000e+00 2.525274621864194435e-02 4.943525066359710785e-02 5.500874402050683065e-02 7.622496639312045449e-03 0.000000000000000000e+00 2.909093084112859655e-03 5.945433706167738142e-02 2.800216651107982901e-01 2.539470873905906867e-01
8.585143475151661707e-02 1.252511092108113053e-02 2.578528032279779267e-02 2.877119316939558396e-03 1.698101693813656443e-01 1.626426503808478807e-01 0.000000000000000000e+00 1.488221875287498996e-01 5.968172803842684143e-03 0.000000000000000000e+00 0.000000000000000000e+00 7.577341846877513887e-02 0.000000000000000000e+00 5.535554755513486663e-02 0.000000000000000000e+00 0.000000000000000000e+00 0.000000000000000000e+00 0.000000000000000000e+00 5.265265573121813425e-02 2.019362528377306176e-01
5.547853024295789498e-03 1.072358070848886957e-01 4.596928598389232387e-03 1.174889863880973669e-02 1.519736817685740822e-02 7.379536295490279722e-03 0.000000000000000000e+00 1.533016145211419518e-02 0.000000000000000000e+00 1.109715533099081899e-02 3.215192476482801182e-02 1.164927776126276487e-01 1.435681688826029034e-01 1.186314479050775694e-01 3.359821685303514271e-02 0.000000000000000000e+00 1.520463867078490454e-02 1.779021813298455393e-02 1.806891652018502714e-01 1.637397333743728645e-01
0.000000000000000000e+00 1.655388028738823680e-01 6.494641962863786748e-03 9.007578765397213083e-02 1.392615398292091633e-01 0.000000000000000000e+00 9.052941088270162126e-03 0.000000000000000000e+00 1.712570976384341151e-02 1.292614940523295064e-01 0.000000000000000000e+00 2.955481555013090081e-02 5.051201347063160501e-04 5.944773452447614515e-02 1.499871255275486703e-01 0.000000000000000000e+00 0.000000000000000000e+00 1.676446861496249524e-02 0.000000000000000000e+00 1.869298184238048499e-01
0.000000000000000000e+00 9.372207856384205671e-02 0.000000000000000000e+00 2.270916598184860146e-03 1.074121745169626940e-01 8.022299480837938312e-02 6.489164291175845978e-03 5.915947029204948748e-02 8.173014262892848436e-02 0.000000000000000000e+00 0.000000000000000000e+00 1.113167940612219825e-01 0.000000000000000000e+00 1.239919721510263917e-01 0.000000000000000000e+00 0.000000000000000000e+00 1.398817547241719937e-02 0.000000000000000000e+00 1.525776670647549238e-01 1.671184495510567303e-01
6.073954795071448420e-02 9.578859212652734989e-02 0.000000000000000000e+00 1.206001542494383322e-01 0.000000000000000000e+00 1.468569797573852087e-01 8.648605266375411493e-02 3.543948750815800047e-02 0.000000000000000000e+00 0.000000000000000000e+00 1.446189476013672124e-03 1.398325828384448244e-01 9.221613867893814487e-02 2.579072599111515915e-02 0.000000000000000000e+00 3.225533927392840172e-02 0.000000000000000000e+00 0.000000000000000000e+00 0.000000000000000000e+00 1.625482094855824067e-01
1.116108031991125231e-02 4.109069342241071510e-02 4.856043272506468944e-02 9.299420841159228290e-02 0.000000000000000000e+00 1.530247404317526712e-02 1.032411109425744600e-02 1.261699397705410286e-01 1.218037969224406020e-01 0.000000000000000000e+00 2.094731604795473535e-03 1.090756061535843591e-01 0.000000000000000000e+00 9.803643861302367701e-02 6.168261939705299221e-03 7.973320963234685477e-03 0.000000000000000000e+00 0.000000000000000000e+00 1.896650112360025453e-01 1.195798927802607242e-01
0.000000000000000000e+00 1.081020134691151324e-01 1.028928341055565868e-02 9.746389563037055614e-02 4.037549420534599504e-02 1.401105124295805859e-01 0.000000000000000000e+00 1.053589174817527382e-02 1.999846165541580567e-01 2.467722044107125909e-02 0.000000000000000000e+00 0.000000000000000000e+00 0.000000000000000000e+00 0.000000000000000000e+00 0.000000000000000000e+00 0.000000000000000000e+00 0.000000000000000000e+00 3.431848878114082679e-02 1.844475222236321987e-01 1.496950611068544046e-01
0.000000000000000000e+00 1.202593552994982024e-01 3.736751202197167998e-02 0.000000000000000000e+00 5.687571364926233969e-02 1.499460233434609657e-01 8.558183916974363217e-03 5.326189358252955697e-02 0.000000000000000000e+00 1.084472083291201797e-03 0.000000000000000000e+00 1.697106423192398447e-02 0.000000000000000000e+00 1.253458650914784922e-01 0.000000000000000000e+00 0.000000000000000000e+00 1.075275739574071965e-01 0.000000000000000000e+00 1.707207569322177210e-01 1.520815858899843276e-01
5.880876565707213177e-02 3.645727611238037263e-02 1.484547585900848066e-01 7.247926583712623397e-03 2.545081370475242577e-02 0.000000000000000000e+00 1.935699774281104957e-01 9.063063553142519657e-02 8.175951221071361616e-03 0.000000000000000000e+00 0.000000000000000000e+00 0.000000000000000000e+00 8.302578192001656976e-02 1.399796574007095007e-01 2.350588087979225277e-02 0.000000000000000000e+00 0.000000000000000000e+00 7.506588036348545503e-03 0.000000000000000000e+00 1.771859869345238370e-01
0.000000000000000000e+00 1.408814194848484747e-01 2.073481041141414863e-02 8.722731722424072187e-02 0.000000000000000000e+00 1.282760868494034479e-01 1.121215119410698402e-02 4.792355950246319357e-02 2.088095779046315326e-01 5.863845685360314849e-03 8.731651020477121730e-03 0.000000000000000000e+00 0.000000000000000000e+00 4.027828844986143519e-02 0.000000000000000000e+00 0.000000000000000000e+00 1.474078105762244018e-01 3.193475343858815513e-02 1.017480400006496276e-02 1.105439242583150794e-01
0.000000000000000000e+00 0.000000000000000000e+00 5.496264740838265571e-03 2.499312785513306823e-01 2.178044020233554923e-01 1.527505436752149559e-01 0.000000000000000000e+00 3.978545976885717065e-04 0.000000000000000000e+00 0.000000000000000000e+00 0.000000000000000000e+00 0.000000000000000000e+00 0.000000000000000000e+00 0.000000000000000000e+00 1.773099788067664384e-01 2.006362794976635638e-02 4.463230396221257168e-02 8.679551404782298585e-02 1.266099602003792693e-02 3.215723562496596022e-02
1.019792191338672778e-02 1.004988053626140049e-01 1.898811002428692218e-02 3.045040200352328724e-02 1.626069628529330444e-02 4.422127848470849333e-04 1.041092964018538580e-03 7.182804726457703293e-02 1.712245165861184804e-01 0.000000000000000000e+00 1.315089268636038949e-03 2.635402956422494211e-02 0.000000000000000000e+00 1.513341496149410437e-01 3.291895684893014762e-02 4.039055171266487157e-04 7.812987055442890266e-03 0.000000000000000000e+00 1.833442560454416892e-01 1.755848208965911095e-01
0.000000000000000000e+00 9.337191670286695833e-02 0.000000000000000000e+00 9.822416694870224341e-02 7.953920274966765069e-02 1.415300390723701618e-01 0.000000000000000000e+00 2.074831601711694118e-01 0.000000000000000000e+00 0.000000000000000000e+00 0.000000000000000000e+00 1.397989259815797247e-01 0.000000000000000000e+00 0.000000000000000000e+00 0.000000000000000000e+00 0.000000000000000000e+00 2.869098387517431820e-02 2.571757020037118702e-02 1.357005500613000550e-02 1.720739792919683819e-01
5.363914988492343716e-02 0.000000000000000000e+00 0.000000000000000000e+00 2.770132135664360104e-02 3.746791871255842829e-03 0.000000000000000000e+00 1.716683505998595205e-02 0.000000000000000000e+00 4.793612745219583832e-02 0.000000000000000000e+00 0.000000000000000000e+00 7.737735068808768157e-02 1.347590864877524219e-01 2.183608193239757606e-02 1.728495176316618975e-01 2.383014152047435719e-02 2.708840092705238137e-02 1.714574769578789404e-01 7.347136904923620704e-02 1.471403491804539887e-01
0.000000000000000000e+00 1.673947554520660227e-02 0.000000000000000000e+00 1.305029712762122672e-02 2.545922468377999071e-01 0.000000000000000000e+00 0.000000000000000000e+00 1.590946083078703666e-01 3.078749302563685633e-02 0.000000000000000000e+00 0.000000000000000000e+00 3.496253605793338964e-02 0.000000000000000000e+00 0.000000000000000000e+00 4.281510418034582127e-02 0.000000000000000000e+00 3.814699982432449843e-02 1.103277124510653601e-01 5.312050485023671331e-02 2.463630217919591803e-01
0.000000000000000000e+00 3.425561816038973084e-03 0.000000000000000000e+00 8.461707503046904388e-02 0.000000000000000000e+00 1.765165577168135158e-01 1.136869592265419247e-02 9.068719364807424979e-03 1.825737332807400026e-01 3.980395738511681783e-03 0.000000000000000000e+00 3.362303952181623645e-02 7.472089568041459517e-02 0.000000000000000000e+00 0.000000000000000000e+00 0.000000000000000000e+00 0.000000000000000000e+00 0.000000000000000000e+00 2.415688026470899918e-01 1.785365232806443436e-01
0.000000000000000000e+00 1.326121421946623857e-01 0.000000000000000000e+00 1.409388985468987797e-02 2.119617071831401689e-01 4.172934995244781398e-02 6.631154296736425924e-02 3.242132686830077187e-03 1.620866388500793176e-01 0.000000000000000000e+00 3.086699953369348784e-03 1.341066679956335050e-01 0.000000000000000000e+00 0.000000000000000000e+00 2.414468090225615690e-02 0.000000000000000000e+00 0.000000000000000000e+00 0.000000000000000000e+00 3.326733880453187908e-02 1.733572086549951541e-01
1.396477470828348146e-02 1.548867747471933398e-01 1.226094417723820607e-02 5.467422747983333164e-02 1.530857362555479440e-01 1.812200715566830156e-01 1.094025834136834983e-02 1.228480727057065652e-01 0.000000000000000000e+00 0.000000000000000000e+00 0.000000000000000000e+00 2.786061866993946867e-02 2.893855840366429261e-02 1.511094071093689248e-02 9.133609594000235976e-02 0.000000000000000000e+00 9.754905133087410363e-02 0.000000000000000000e+00 6.204360873485087122e-03 2.911951409924367143e-02
5.209073283626898705e-03 1.290064550665001308e-01 0.000000000000000000e+00 0.000000000000000000e+00 1.497549039769128509e-01 1.653265467317745485e-01 0.000000000000000000e+00 1.005644482976708193e-01 5.171872884898190414e-02 0.000000000000000000e+00 4.782665787380462334e-04 1.554820711646488253e-02 3.219910544343594378e-03 4.177027260596028087e-03 3.401202185451535510e-03 0.000000000000000000e+00 4.266318416184666090e-02 1.921606789572507493e-04 1.542167280827666243e-01 1.745231571853680663e-01
3.238301312501680202e-03 0.000000000000000000e+00 0.000000000000000000e+00 1.337884232666213535e-01 1.109331392887637040e-02 8.825615382096009542e-02 5.142318788394273366e-03 3.889899151175248843e-02 2.043986665001262248e-01 1.536908050146622295e-01 0.000000000000000000e+00 0.000000000000000000e+00 0.000000000000000000e+00 3.627809199673113355e-02 1.084487910805684019e-01 2.423268421381265594e-02 1.576863930064751618e-01 3.422471816341973727e-02 0.000000000000000000e+00 6.223473950980320732e-04
1.301715484091713060e-02 0.000000000000000000e+00 8.169938657838692010e-04 1.871083087336216158e-02 9.397417510899855331e-03 2.919342628906605383e-02 1.896847125288567137e-02 2.164557151106916849e-02 2.410727135933671827e-01 0.000000000000000000e+00 0.000000000000000000e+00 6.475760187503244725e-02 5.518305021508192881e-02 1.515276024031651236e-01 1.688159672922524834e-01 1.733791274179178428e-03 0.000000000000000000e+00 3.210955219873991122e-03 6.657550013271302386e-03 1.952909019697923743e-01
1.670630200497579335e-02 3.949615372874764122e-03 1.585963668817941263e-02 0.000000000000000000e+00 1.362603989173556129e-01 7.808033503506729700e-02 4.744367659081052090e-03 1.031919116201185926e-01 1.281651654872789647e-01 0.000000000000000000e+00 0.000000000000000000e+00 1.646722935469701471e-02 3.255173066728082182e-02 0.000000000000000000e+00 0.000000000000000000e+00 0.000000000000000000e+00 0.000000000000000000e+00 1.372700651565274543e-01 1.572440983911347623e-01 1.695091436454283229e-01
0.000000000000000000e+00 3.348350518446328861e-02 0.000000000000000000e+00 1.215384279093300879e-01 2.206292950783741991e-01 2.528504026342579328e-02 4.218599376625316311e-02 5.942885430138342140e-02 0.000000000000000000e+00 1.595905009296713362e-01 0.000000000000000000e+00 6.007550317839665567e-03 2.087156613964877858e-04 2.011262166758488734e-02 1.830513587248526128e-02 0.000000000000000000e+00 6.716619398510733155e-03 5.136221917994024388e-02 0.000000000000000000e+00 2.351455204693414791e-01
0.000000000000000000e+00 1.403818729258728415e-01 2.234314458089967440e-02 6.361654032805268144e-02 1.502829874891415673e-01 4.413246263172003470e-02 5.722863162898280710e-03 1.439930466220802618e-02 6.254025969142394670e-02 0.000000000000000000e+00 0.000000000000000000e+00 2.411701687300954119e-02 5.376446160949673730e-02 1.473585989998967283e-01 4.507115821385014598e-03 0.000000000000000000e+00 0.000000000000000000e+00 3.776566828358323205e-03 1.492619949907680044e-01 1.137948094048685521e-01
