2.279029925216538924e-02 2.582678383124908938e-02 3.923407584146459265e-02 2.667983791408590211e-03 1.320551441190554766e-02 1.219803670966598530e-01 1.657248634085094763e-01 2.116145106905752832e-02 2.539404004180864649e-02 5.612706481997025050e-03 0.000000000000000000e+00 2.977545644926104379e-02 0.000000000000000000e+00 0.000000000000000000e+00 1.086773700451208052e-01 0.000000000000000000e+00 2.133827159104747725e-02 5.664348907140565048e-02 5.945088695300567404e-03 1.457007784407772424e-03 1.311496865235192710e-02 0.000000000000000000e+00 1.337828592407888095e-01 3.215689353439016296e-02 1.535105097097000937e-01
1.122177006870923449e-01 2.670119399349636310e-02 0.000000000000000000e+00 0.000000000000000000e+00 8.892023482408984922e-03 1.023211425421277215e-01 1.547268970126567389e-01 2.102742120365364356e-02 1.000238906528563149e-01 4.221379462614572448e-02 0.000000000000000000e+00 0.000000000000000000e+00 0.000000000000000000e+00 0.000000000000000000e+00 9.096631935733682801e-04 2.402498243036091732e-02 1.231347944096039017e-02 1.589140156731962961e-01 0.000000000000000000e+00 0.000000000000000000e+00 2.002032960956112370e-02 1.987229869377117597e-02 9.743976460779858392e-03 1.293067073236868758e-01 5.677048297367226493e-02
0.000000000000000000e+00 0.000000000000000000e+00 1.187076652863987558e-01 3.602101191628975080e-04 9.555422620718440063e-02 3.242858639350539030e-02 1.203517359255800862e-01 6.948097826008835243e-02 8.017402306389380395e-02 1.536997962810211261e-02 7.287726066503102951e-03 2.997931120781409040e-02 6.957432601020385092e-04 6.332080753859378047e-03 1.179374603230113755e-01 0.000000000000000000e+00 2.800736075542049897e-02 6.682316910180668978e-02 1.223498653055067435e-03 1.069799449410442499e-01 0.000000000000000000e+00 1.385500768624465043e-02 1.540965400581797594e-03 5.928518239699785870e-03 8.098180872694145382e-02
1.136885702075770416e-01 1.252299190409588737e-02 4.073018523520736608e-03 1.506422181486824670e-02 1.202728222938013233e-03 3.221725212085287116e-02 7.801877194236156443e-02 3.644278125615447225e-03 7.536222512492309067e-02 1.324475257934939199e-01 0.000000000000000000e+00 2.957235058569414321e-02 3.853801787414950532e-03 5.374168980665491001e-03 1.368311948627510266e-01 0.000000000000000000e+00 1.507543024769369688e-01 2.770409198727224673e-02 1.139177457806555549e-01 2.931176628312256137e-03 0.000000000000000000e+00 2.816417821569426258e-02 7.065775237610190038e-03 1.067501267196559016e-02 1.491461700478033392e-02
8.041520780438084215e-02 0.000000000000000000e+00 3.368018821473352416e-03 5.123515807484747830e-03 2.166484024812658296e-02 7.042270212598239140e-03 4.206807155828967693e-02 1.717951259775409578e-01 6.413048457897869981e-02 9.697795134576644993e-02 0.000000000000000000e+00 0.000000000000000000e+00 0.000000000000000000e+00 0.000000000000000000e+00 1.122063991471897691e-02 0.000000000000000000e+00 1.095196597856331056e-01 1.681661292326504242e-02 2.697549091373167493e-02 1.125521595312342082e-01 1.383547543605086021e-02 9.162813791779778061e-02 0.000000000000000000e+00 1.248663372229288082e-01 0.000000000000000000e+00
5.102089221170594963e-02 6.471906053047464351e-03 3.053883272650092032e-02 7.502686939280134304e-03 9.626783615872323494e-03 7.821864919999302335e-02 1.560940365863566492e-01 1.274179851986984302e-01 2.544651247882953604e-02 0.000000000000000000e+00 9.626653125317838344e-03 3.133131062721165871e-02 2.484037620164436001e-03 0.000000000000000000e+00 5.333175173047041001e-02 7.401253248721817446e-02 0.000000000000000000e+00 1.023220519831178135e-02 0.000000000000000000e+00 1.103732749228097422e-02 0.000000000000000000e+00 0.000000000000000000e+00 1.566550201728005021e-01 1.176414195291968362e-01 4.130945700674300974e-02
9.516064954119531072e-02 6.302338781795364941e-02 3.610601103178825988e-02 0.000000000000000000e+00 1.700198906877843086e-01 0.000000000000000000e+00 5.511302194831127488e-02 2.477917966167144520e-02 0.000000000000000000e+00 3.593280407575648924e-03 0.000000000000000000e+00 0.000000000000000000e+00 0.000000000000000000e+00 0.000000000000000000e+00 9.644806945245401608e-02 1.021815698537342255e-02 1.074859615837811533e-01 1.824074097589337140e-02 1.256816306604563172e-01 0.000000000000000000e+00 5.482883728378026324e-03 0.000000000000000000e+00 1.086153491866394816e-01 2.068396759017408770e-02 5.934781874057026146e-02
0.000000000000000000e+00 1.601040568684868742e-02 1.197603144434698508e-01 0.000000000000000000e+00 1.214051603028679788e-02 4.036162819507401606e-02 2.073598591827529453e-02 4.555807126516515232e-02 1.063512865356990994e-01 4.327066271837749778e-02 0.000000000000000000e+00 7.948047569285562886e-02 0.000000000000000000e+00 0.000000000000000000e+00 1.013855253552440328e-01 0.000000000000000000e+00 4.672586762755517875e-02 5.350528978392892106e-03 2.148093277188452537e-03 0.000000000000000000e+00 3.881376000227897832e-02 1.300012561227310293e-01 1.395554234177289431e-02 9.682569284619348127e-02 8.112438696259097193e-02
1.997525698108258349e-02 0.000000000000000000e+00 8.170663404107757211e-02 1.864979364694432928e-02 2.425751197919727986e-01 0.000000000000000000e+00 4.950831109689024512e-03 1.397293534649369506e-01 2.632652592933484859e-02 7.965809009642251318e-03 0.000000000000000000e+00 1.250041368088247173e-01 0.000000000000000000e+00 0.000000000000000000e+00 6.165324589740490274e-02 3.987498640769011199e-02 0.000000000000000000e+00 2.963519051049640779e-02 0.000000000000000000e+00 9.797459278801411153e-02 0.000000000000000000e+00 0.000000000000000000e+00 1.692439583404624706e-02 5.431207700135026305e-04 8.651100700882975725e-02
4.897477925490594658e-02 0.000000000000000000e+00 5.406242090253794708e-02 0.000000000000000000e+00 4.901425479022506609e-02 1.462483439414296107e-02 1.527067794792059952e-01 1.403744535942783589e-01 0.000000000000000000e+00 2.111884631677352856e-03 0.000000000000000000e+00 0.000000000000000000e+00 1.154265526244440711e-02 0.000000000000000000e+00 4.336424849168241807e-02 7.685430865270329037e-02 2.973333324202526856e-02 5.684286933901019911e-02 1.303760024677921847e-01 3.471721031684146114e-02 8.536044705591940354e-04 1.961727412067544932e-02 1.587962898635954245e-02 1.171209980777807892e-02 1.066373577951548468e-01
0.000000000000000000e+00 1.513853248496243881e-03 1.245353027696401577e-01 5.630533365713071003e-02 5.709256782118528328e-02 9.099172815972611517e-02 8.836117507388792369e-02 1.012869966550172633e-02 4.598694422586978997e-02 1.311990949458987921e-01 0.000000000000000000e+00 1.845942346106698995e-01 1.098862397846632520e-03 8.293044842991179749e-03 2.958714787224863557e-02 1.806429655335346557e-03 1.782695243528595666e-02 2.311254199794659028e-02 0.000000000000000000e+00 4.056849587884296324e-03 9.382970516647675188e-03 6.571955221743672193e-02 6.697729403899294574e-04 1.600407391359202295e-03 4.613653396662109607e-02
0.000000000000000000e+00 3.075261830777378108e-02 1.009806702882978802e-01 6.134406688962974752e-02 1.238609214560277560e-01 0.000000000000000000e+00 1.425816554651696544e-01 1.349879655042464655e-01 1.946777331223347243e-02 8.428241730522144370e-02 3.225753174571696223e-04 1.197526601274790780e-03 0.000000000000000000e+00 0.000000000000000000e+00 5.166425939701084491e-02 0.000000000000000000e+00 5.804243181029723059e-03 2.316786738401306611e-02 1.183416671739140752e-01 0.000000000000000000e+00 0.000000000000000000e+00 2.721944724888908460e-03 6.848650540459635559e-04 3.300354291768303056e-02 6.483341972008231646e-02
0.000000000000000000e+00 1.511899820618526182e-03 1.916586736600545404e-01 1.204122427271473242e-02 4.197907359916032595e-03 1.284098399978106722e-02 1.481302116889800513e-01 1.074196435874136407e-01 8.306067169214132601e-03 3.057361637719295880e-02 0.000000000000000000e+00 3.233100987667519161e-02 1.490926659759411049e-02 0.000000000000000000e+00 1.053715144406301013e-01 3.781768022165547197e-03 0.000000000000000000e+00 2.103913783939356796e-03 8.232653945334622581e-02 0.000000000000000000e+00 1.122106068354234432e-01 3.237579888140908885e-03 0.000000000000000000e+00 1.317486590053091634e-02 1.138727072656684214e-01
0.000000000000000000e+00 1.614638362836635574e-02 7.709089159395859925e-02 1.134861837364256748e-01 1.024508499172870485e-01 0.000000000000000000e+00 4.130416659532296433e-03 1.350204111337877447e-02 0.000000000000000000e+00 1.742549179337704590e-01 0.000000000000000000e+00 2.342040242001951905e-02 0.000000000000000000e+00 3.668903198934174523e-03 8.762047495910503525e-02 2.121835039616608255e-04 5.976944282194847358e-02 2.677429994746032688e-02 3.414875165508483856e-02 0.000000000000000000e+00 0.000000000000000000e+00 2.592792256182200120e-02 2.125394235152986214e-02 6.355956115912914095e-02 1.525824308382857653e-01
0.000000000000000000e+00 1.456617502173349898e-01 1.045281904492636332e-01 7.162571454274138660e-03 8.457447836746489686e-03 0.000000000000000000e+00 1.194547995449008054e-01 2.142739140505552087e-01 3.062095628203238482e-02 6.427530066927888974e-02 0.000000000000000000e+00 2.220928743423004545e-02 3.835437430188321731e-03 3.407170914611043315e-03 2.744776137615878575e-02 0.000000000000000000e+00 0.000000000000000000e+00 1.823012737674506792e-02 1.032031217152616295e-02 1.198873772041412870e-02 0.000000000000000000e+00 1.352286974439521061e-01 1.484782326078476098e-03 5.937341663898038774e-02 1.203933866272897078e-02
0.000000000000000000e+00 0.000000000000000000e+00 9.974536064777668465e-02 0.000000000000000000e+00 8.782831474768357238e-02 4.791823651389529731e-03 1.476866631951606335e-01 2.531628529982750675e-01 0.000000000000000000e+00 1.276816890777520037e-02 0.000000000000000000e+00 7.149734554510413752e-03 0.000000000000000000e+00 0.000000000000000000e+00 2.367888829994425903e-02 0.000000000000000000e+00 2.851280554147818738e-02 5.161993539184923929e-02 1.195365660064665186e-01 8.544479080332019472e-03 1.175848317873434516e-02 7.572764111872411219e-02 3.582907571072287828e-02 4.656818319017388963e-03 2.700238865015992806e-02
7.792113847761016066e-02 0.000000000000000000e+00 9.145809326689199534e-03 6.879173503097594112e-04 9.445586169246107666e-02 9.994722661497007499e-02 2.128872875395385056e-02 1.347572027629569957e-01 0.000000000000000000e+00 8.653188353703250568e-02 0.000000000000000000e+00 0.000000000000000000e+00 7.315864553119745366e-03 0.000000000000000000e+00 4.436452380758533487e-02 0.000000000000000000e+00 1.657463671345269784e-01 7.390086892568266397e-03 1.210779364961213772e-01 3.527898033279169149e-02 0.000000000000000000e+00 2.705373454018052473e-02 5.321812317767534578e-02 0.000000000000000000e+00 1.381861454944703638e-02
1.594161860624335875e-02 1.810247006182454793e-02 1.175416112913038186e-01 4.525372470454650659e-02 1.625994190800874456e-02 1.005798738370715893e-02 1.473978163519962525e-01 1.352310457307706326e-01 0.000000000000000000e+00 2.810778074114157407e-02 0.000000000000000000e+00 1.633951863681791516e-01 4.920624571656792611e-04 0.000000000000000000e+00 3.429302568669815449e-02 1.934514066954912126e-03 1.583095867277669114e-02 1.541730516110635489e-02 1.178392519199870786e-01 1.338965907492635846e-03 0.000000000000000000e+00 0.000000000000000000e+00 0.000000000000000000e+00 3.455539721301356844e-04 1.152191790079666045e-01
5.699225370102510568e-02 9.494579893415608374e-03 0.000000000000000000e+00 3.624394583642645898e-03 0.000000000000000000e+00 3.402178217809899430e-02 1.283831082611273933e-01 1.308613569927031262e-01 4.213017176933103042e-03 1.047182459087622926e-02 0.000000000000000000e+00 1.335594960832256206e-01 0.000000000000000000e+00 4.397779714444337990e-02 1.222016083277124993e-01 4.023787184866379346e-02 0.000000000000000000e+00 1.706085548196456872e-02 2.710588357045797762e-03 6.688654519270347681e-03 9.916932052360907107e-03 0.000000000000000000e+00 4.075233953294114114e-02 5.412226569805306947e-02 1.507092735764968550e-01
0.000000000000000000e+00 0.000000000000000000e+00 1.047081941729991611e-02 0.000000000000000000e+00 0.000000000000000000e+00 0.000000000000000000e+00 8.780765446094702942e-02 1.361779027230671235e-01 1.502242815719116373e-02 2.031081764452911387e-01 0.000000000000000000e+00 1.130069516038360693e-02 0.000000000000000000e+00 0.000000000000000000e+00 1.209528270011032552e-01 8.051155773181111960e-03 7.051202674517102753e-02 1.410610782245353551e-02 1.489392552338058770e-02 0.000000000000000000e+00 1.312266812427705098e-01 0.000000000000000000e+00 0.000000000000000000e+00 8.879007386366887661e-03 1.674905921413930299e-01
9.506340946353294963e-02 1.480253393532238691e-02 0.000000000000000000e+00 2.170876742220674213e-02 3.068726860531580808e-02 2.722357281440343155e-03 1.049196196855217353e-02 1.439684713008685668e-01 7.026618328954821815e-03 1.624824858052191789e-01 2.327165793417067946e-02 6.361816751193692665e-02 0.000000000000000000e+00 0.000000000000000000e+00 1.477130570701829827e-02 7.883353313695724840e-03 8.626538122988294463e-03 1.651646005269949771e-02 1.191406428243218796e-01 3.308785377129561805e-03 4.328111307919421669e-03 1.087428636633757384e-01 3.275118139555857621e-02 5.645287606771082906e-02 5.163418261006148119e-02
0.000000000000000000e+00 4.651012799091329072e-03 1.123032379437074041e-01 6.718245695819302643e-02 3.452564444678202444e-04 1.759643304301868397e-02 1.547514784227130846e-01 1.513099762293892113e-02 4.873991943958190520e-03 8.786518448811444712e-04 0.000000000000000000e+00 2.538463945272433769e-02 1.220260642863604719e-03 0.000000000000000000e+00 2.379438046873370849e-01 0.000000000000000000e+00 6.256176851019897012e-02 2.797464381912273187e-02 6.832676020257724518e-03 0.000000000000000000e+00 1.135469042124296821e-02 9.276189502311566262e-04 6.997239507615937715e-02 2.941715335581213814e-02 1.486968320410802791e-01
0.000000000000000000e+00 0.000000000000000000e+00 1.542580210311116362e-01 3.639234031769037793e-03 1.000358058747960639e-02 3.249845526203337664e-02 1.511637512546888384e-01 4.561294830376921156e-02 2.145594719452447244e-02 3.006837985323823625e-02 0.000000000000000000e+00 2.954561253933950249e-02 0.000000000000000000e+00 0.000000000000000000e+00 1.050577554819126236e-01 0.000000000000000000e+00 1.402402520519154504e-02 1.707111457931565768e-01 1.430437359942207109e-01 0.000000000000000000e+00 0.000000000000000000e+00 1.508066896843957699e-02 4.952519860071837032e-02 9.937487723523923122e-03 1.437405217488280096e-02
3.051286605209684727e-03 3.854914282799112857e-02 1.371205880088757489e-01 3.876779385687516982e-02 3.068953410399424472e-02 2.435475504688381504e-02 0.000000000000000000e+00 6.942946759516430144e-02 4.715012611299165997e-03 0.000000000000000000e+00 0.000000000000000000e+00 2.093045055452931735e-01 0.000000000000000000e+00 6.074184507524245553e-03 8.358307385780956722e-02 0.000000000000000000e+00 5.670681540196673533e-04 9.104216421115691191e-04 1.322039095883022763e-01 0.000000000000000000e+00 0.000000000000000000e+00 1.711064363573988611e-02 5.282022328549462742e-03 4.963473370290261838e-02 1.486518563814542837e-01
1.050985532279919005e-01 6.326638460518507539e-04 3.016063862660497627e-02 6.704400201070792945e-03 1.331959581365661782e-01 1.110886525660117197e-01 0.000000000000000000e+00 1.540018581517876850e-01 5.357791481428782893e-02 1.678823638142920571e-02 0.000000000000000000e+00 4.926287374320643953e-02 1.525105312839491849e-03 6.163921604035363551e-03 1.097247587810131625e-01 9.139199148538706269e-03 1.739322299181851952e-02 3.288726094629223790e-03 2.050665876000783497e-02 0.000000000000000000e+00 0.000000000000000000e+00 0.000000000000000000e+00 1.846533065365460252e-03 0.000000000000000000e+00 1.699001245467436083e-01
