0.000000000000000000e+00 6.430194290371972488e-02 2.263734466640817192e-02 0.000000000000000000e+00 1.062196451350713028e-01 2.473205716610405933e-02 0.000000000000000000e+00 0.000000000000000000e+00 7.764599608190887736e-02 7.142725905743072499e-03 0.000000000000000000e+00 2.414809696207633471e-01 4.982250501050752671e-03 0.000000000000000000e+00 0.000000000000000000e+00 0.000000000000000000e+00 9.545464836032174771e-02 1.346580518465781695e-01 1.676097033874281717e-01 5.313466442490265979e-02
1.384336954490406335e-01 0.000000000000000000e+00 1.239277642752578332e-02 5.265850175232347080e-02 0.000000000000000000e+00 9.554451244384315478e-02 1.460545125561213756e-02 1.767505411482416522e-01 0.000000000000000000e+00 1.447455036205410467e-02 1.430550048036581708e-02 3.402408165334596113e-01 0.000000000000000000e+00 0.000000000000000000e+00 3.969883206389699520e-02 0.000000000000000000e+00 6.127166279351393442e-03 3.436791621976661819e-03 3.021899660404703779e-03 8.830896452190377388e-02
1.376476164819007697e-01 5.915210382152453518e-03 2.011425314837010370e-01 6.651142718679395327e-02 3.160420221050481981e-02 5.559033424700159098e-02 0.000000000000000000e+00 4.141521073501616690e-02 3.974380744795792675e-02 0.000000000000000000e+00 0.000000000000000000e+00 0.000000000000000000e+00 5.577139453486587573e-02 1.122749528173387495e-01 1.274621402849004069e-02 0.000000000000000000e+00 0.000000000000000000e+00 0.000000000000000000e+00 2.396370984442766916e-01 0.000000000000000000e+00
0.000000000000000000e+00 5.507350742188888565e-02 0.000000000000000000e+00 0.000000000000000000e+00 0.000000000000000000e+00 0.000000000000000000e+00 0.000000000000000000e+00 0.000000000000000000e+00 1.937411781422358203e-01 6.650921618250313534e-03 1.354136220275061440e-02 5.507264999362902064e-02 3.047799016431436761e-02 1.153024829447585886e-01 5.557782086027536483e-02 7.472571021882000453e-02 0.000000000000000000e+00 1.485890479775522355e-01 2.003382317436963045e-01 5.090909671182839574e-02
0.000000000000000000e+00 1.268729147462275275e-01 0.000000000000000000e+00 1.858822838513578268e-01 3.752286556001969281e-02 0.000000000000000000e+00 0.000000000000000000e+00 0.000000000000000000e+00 1.281286269480431950e-02 0.000000000000000000e+00 0.000000000000000000e+00 3.062135008303442096e-01 0.000000000000000000e+00 0.000000000000000000e+00 0.000000000000000000e+00 0.000000000000000000e+00 0.000000000000000000e+00 0.000000000000000000e+00 1.607235366946244484e-02 3.146232186477839754e-01
4.468013386620786620e-02 1.854955020914091923e-01 2.058131499517352192e-01 1.374663291273336141e-01 0.000000000000000000e+00 1.649713704199118336e-01 8.260522687367734956e-03 0.000000000000000000e+00 0.000000000000000000e+00 0.000000000000000000e+00 0.000000000000000000e+00 3.481023185354529398e-02 0.000000000000000000e+00 2.083075877501153889e-02 0.000000000000000000e+00 2.128904668298717967e-02 1.340524346159884840e-02 1.509195310360552100e-01 0.000000000000000000e+00 1.205818004683632989e-02
7.206257614257587270e-04 1.154622667606295811e-01 0.000000000000000000e+00 2.125167471782011819e-01 8.360966417406362136e-03 1.650491087599531281e-01 0.000000000000000000e+00 1.630214682309548760e-02 0.000000000000000000e+00 1.249422465784833826e-02 1.800865120966722854e-02 2.133453078521069801e-01 0.000000000000000000e+00 7.791190240271662903e-02 0.000000000000000000e+00 0.000000000000000000e+00 0.000000000000000000e+00 6.009881557584612066e-02 2.692859075978472350e-02 7.280064584131840100e-02
1.230165992128949976e-01 0.000000000000000000e+00 6.784397042091327990e-02 3.624922595037843864e-02 3.738427467272045085e-02 1.253772177963050245e-02 0.000000000000000000e+00 5.080736321608767675e-02 3.446331098939920540e-02 0.000000000000000000e+00 0.000000000000000000e+00 5.770276921050204733e-02 9.185073539886426386e-02 5.953436764718510882e-02 6.772897888757152020e-03 1.036022944727530148e-01 0.000000000000000000e+00 5.201554217433449617e-02 1.715627533484953837e-01 9.465617361708383859e-02
0.000000000000000000e+00 1.252009492944345381e-01 9.714412935146946038e-02 1.330360323039163628e-01 2.761603091514255870e-02 1.930843205373652949e-02 0.000000000000000000e+00 0.000000000000000000e+00 0.000000000000000000e+00 8.187674329222237313e-02 0.000000000000000000e+00 1.736320396036853675e-01 3.125840399482784481e-03 0.000000000000000000e+00 3.668606880607368746e-03 3.075486642549960653e-02 0.000000000000000000e+00 0.000000000000000000e+00 1.786305628929243383e-01 1.260057665868788424e-01
1.273570862102532120e-01 5.688948563128731067e-02 2.674858938451800047e-02 5.495704658331358738e-02 0.000000000000000000e+00 2.845358602522853053e-02 0.000000000000000000e+00 1.302727974991543802e-01 4.206399046674160619e-02 1.673668982039002925e-02 0.000000000000000000e+00 3.558503481726572187e-02 0.000000000000000000e+00 7.217577257761977061e-02 4.280078310657455150e-04 2.012928002987462439e-01 6.963979376984371153e-03 1.330645021163576712e-02 0.000000000000000000e+00 1.867686832657956542e-01
0.000000000000000000e+00 1.040633419250382719e-01 0.000000000000000000e+00 0.000000000000000000e+00 0.000000000000000000e+00 9.561155031532780901e-02 0.000000000000000000e+00 0.000000000000000000e+00 9.491977264674748838e-02 0.000000000000000000e+00 0.000000000000000000e+00 2.663954011539161337e-01 0.000000000000000000e+00 2.698960208988532630e-02 0.000000000000000000e+00 0.000000000000000000e+00 0.000000000000000000e+00 1.441954343130909810e-01 6.654616118639870848e-02 2.012787363695953402e-01
5.618350276157956652e-02 4.750398461700140740e-02 1.010585516040330839e-01 0.000000000000000000e+00 0.000000000000000000e+00 1.683941383963214744e-01 0.000000000000000000e+00 0.000000000000000000e+00 2.517701617963060291e-03 9.099054129202741037e-03 1.569389602709065626e-03 2.574890154863254121e-01 5.227987662068341729e-02 0.000000000000000000e+00 0.000000000000000000e+00 0.000000000000000000e+00 0.000000000000000000e+00 1.146154032377466186e-01 1.693077114838989136e-02 1.723586107780442633e-01
3.513869137531918513e-02 0.000000000000000000e+00 9.969686399730979393e-04 0.000000000000000000e+00 1.299264824212117975e-02 1.590994978340627697e-01 0.000000000000000000e+00 7.270690918440407546e-02 0.000000000000000000e+00 4.379267952557238872e-03 4.815681124928915778e-03 2.300607220807255604e-01 2.617806352779119584e-03 1.522795679639679933e-01 7.234419592873944649e-02 0.000000000000000000e+00 9.675390515957827536e-03 2.420931262410265516e-02 1.232831985320241158e-01 9.540014164833682253e-02
8.416995945728329015e-03 1.430295127369525521e-01 5.482318689147992058e-02 1.431869112566606372e-01 0.000000000000000000e+00 1.878984179815735081e-02 0.000000000000000000e+00 1.372425961975789199e-01 0.000000000000000000e+00 0.000000000000000000e+00 0.000000000000000000e+00 2.856251444747920365e-01 0.000000000000000000e+00 0.000000000000000000e+00 5.891868471489570018e-04 0.000000000000000000e+00 0.000000000000000000e+00 2.736340849410909618e-02 1.809332153573919855e-01 0.000000000000000000e+00
4.261230012161586200e-02 1.207769454333709469e-01 1.646173724774088742e-02 1.276453342951290038e-01 8.267071730852428024e-03 1.222833038663187627e-01 0.000000000000000000e+00 3.961870880372280607e-02 5.459514711347146498e-02 0.000000000000000000e+00 0.000000000000000000e+00 1.952466007681842586e-01 3.372238569626269389e-02 0.000000000000000000e+00 1.805478956833605486e-01 0.000000000000000000e+00 9.222856029959690741e-03 1.661107667414939495e-02 0.000000000000000000e+00 3.238863653586144392e-02
9.941937871142489391e-02 1.317685476357630669e-01 1.458028742937053646e-01 4.068871363710926947e-02 1.203483801080420038e-02 1.504733426851472267e-01 0.000000000000000000e+00 0.000000000000000000e+00 4.647578094953756789e-02 0.000000000000000000e+00 0.000000000000000000e+00 8.247884815950037168e-03 0.000000000000000000e+00 0.000000000000000000e+00 0.000000000000000000e+00 0.000000000000000000e+00 0.000000000000000000e+00 0.000000000000000000e+00 3.232661737587378958e-01 4.182246550182060207e-02
8.420438827190253328e-02 0.000000000000000000e+00 0.000000000000000000e+00 0.000000000000000000e+00 9.572583947136406590e-02 1.156853106160598416e-01 0.000000000000000000e+00 4.442800460026515366e-03 2.323008158690528790e-02 0.000000000000000000e+00 8.555564279277342015e-04 2.212021931884703696e-01 0.000000000000000000e+00 3.179725089262881721e-02 0.000000000000000000e+00 0.000000000000000000e+00 0.000000000000000000e+00 1.285840616684614524e-01 7.106432250023646258e-02 2.232081949160168999e-01
1.327165464781924487e-01 0.000000000000000000e+00 1.279389649228968029e-01 0.000000000000000000e+00 0.000000000000000000e+00 2.238560944499300501e-02 0.000000000000000000e+00 1.646349982065839213e-01 0.000000000000000000e+00 6.761609283688408724e-03 6.429491274572991799e-03 2.976360521709267570e-01 0.000000000000000000e+00 1.004724254599590784e-02 1.897181602165940728e-01 0.000000000000000000e+00 0.000000000000000000e+00 0.000000000000000000e+00 0.000000000000000000e+00 4.173132545555550965e-02
0.000000000000000000e+00 1.309482609927938024e-01 0.000000000000000000e+00 1.807247510572144722e-01 5.976513225788324807e-02 0.000000000000000000e+00 3.473692960799534823e-02 0.000000000000000000e+00 0.000000000000000000e+00 0.000000000000000000e+00 0.000000000000000000e+00 6.653648707230945536e-02 0.000000000000000000e+00 0.000000000000000000e+00 2.711669219573704659e-01 1.360356483376157222e-01 0.000000000000000000e+00 1.148671932275060897e-01 0.000000000000000000e+00 5.218675489311360403e-03
1.312791531115028998e-01 0.000000000000000000e+00 0.000000000000000000e+00 0.000000000000000000e+00 1.139893656040362330e-01 5.233800445141072177e-02 0.000000000000000000e+00 1.203974963674257076e-01 8.665924385728278334e-02 0.000000000000000000e+00 0.000000000000000000e+00 3.500921392351171585e-02 0.000000000000000000e+00 1.026417568621405992e-02 2.266622075500165836e-03 0.000000000000000000e+00 0.000000000000000000e+00 6.637321918335636894e-02 2.134963116465181734e-02 3.600738745751074776e-01
0.000000000000000000e+00 3.907999596754545973e-02 0.000000000000000000e+00 0.000000000000000000e+00 0.000000000000000000e+00 1.464857508143489230e-02 0.000000000000000000e+00 1.080496965020501660e-01 0.000000000000000000e+00 9.689890578874020555e-02 0.000000000000000000e+00 4.629076612604651197e-01 8.030399929025674663e-03 0.000000000000000000e+00 2.219830040516208303e-01 0.000000000000000000e+00 0.000000000000000000e+00 0.000000000000000000e+00 0.000000000000000000e+00 4.840176141911770730e-02
0.000000000000000000e+00 5.111519753347522343e-02 0.000000000000000000e+00 1.458299300282982769e-01 1.965410678323166460e-02 2.169119312267228650e-02 3.516186253819060525e-03 1.134157950528843495e-01 5.847090955466132528e-03 0.000000000000000000e+00 0.000000000000000000e+00 2.708285355089272706e-01 1.011762402505566802e-02 1.569304603214547204e-03 0.000000000000000000e+00 0.000000000000000000e+00 0.000000000000000000e+00 1.895554983623982948e-02 2.104737366121716413e-01 1.269857496845439304e-01
0.000000000000000000e+00 1.091627164633846153e-01 9.138122614199196969e-02 1.045843506406606421e-01 0.000000000000000000e+00 1.775314426969380466e-01 0.000000000000000000e+00 1.540408429778341790e-02 1.280546007049280510e-01 0.000000000000000000e+00 4.584988843196055597e-02 6.918689726808915919e-02 0.000000000000000000e+00 6.150305913265085959e-03 0.000000000000000000e+00 2.022375736481836148e-02 0.000000000000000000e+00 0.000000000000000000e+00 2.324707300761799655e-01 0.000000000000000000e+00
0.000000000000000000e+00 0.000000000000000000e+00 4.181340691887934502e-02 0.000000000000000000e+00 1.170706698100988513e-01 1.123267611445628728e-01 0.000000000000000000e+00 3.921099444500961845e-02 7.819864363767330129e-02 0.000000000000000000e+00 0.000000000000000000e+00 1.035405769171039020e-01 8.224487428888541812e-03 2.145757868256101264e-02 0.000000000000000000e+00 0.000000000000000000e+00 0.000000000000000000e+00 1.411639799859403799e-01 2.055249035719227124e-01 1.314679974573593479e-01
4.346250163520469501e-02 0.000000000000000000e+00 3.083866099950687348e-02 1.081780467862359860e-02 0.000000000000000000e+00 0.000000000000000000e+00 3.587859534382401711e-02 1.131421165145173741e-02 4.686159049740094840e-02 0.000000000000000000e+00 0.000000000000000000e+00 0.000000000000000000e+00 1.093757138701219184e-01 1.492190620027447345e-01 4.355898992227563021e-02 6.051738821200063762e-02 6.389623803911066713e-03 1.939645073501935213e-01 4.760884784021837679e-02 2.101925021925221959e-01
2.661834796267569317e-03 4.472234051385687303e-02 5.685404897710640698e-02 0.000000000000000000e+00 6.640952409790844280e-02 0.000000000000000000e+00 6.464344087304963078e-03 0.000000000000000000e+00 2.547610906840462874e-01 2.696988880399322011e-03 4.794296020651735504e-03 0.000000000000000000e+00 0.000000000000000000e+00 1.133244739745490615e-01 1.864600289336743391e-02 8.446813793733548570e-02 4.381186602864138580e-02 5.495655078627807028e-02 2.059330411678177430e-01 3.949545915446923960e-02
3.675998352669111041e-02 0.000000000000000000e+00 0.000000000000000000e+00 8.003144694222948455e-03 5.093525880435924996e-02 3.349423090831752520e-03 0.000000000000000000e+00 0.000000000000000000e+00 0.000000000000000000e+00 0.000000000000000000e+00 2.942585705000866358e-02 3.774201386764780008e-01 2.695689715517018623e-02 0.000000000000000000e+00 1.730470223409961150e-01 2.519348968552961518e-02 6.510675484190291649e-03 1.009187995275367782e-02 1.367084818632375853e-01 1.155977476755308681e-01
1.285807417416578446e-01 1.448234355342628010e-01 1.298025323798041863e-01 0.000000000000000000e+00 0.000000000000000000e+00 1.101642674469806987e-01 7.135047819280118664e-02 6.215965516675572844e-02 0.000000000000000000e+00 2.841060309342302581e-02 0.000000000000000000e+00 5.858757588586567533e-02 1.167434669452656337e-02 0.000000000000000000e+00 2.033731916666741205e-02 5.436315592466640575e-03 0.000000000000000000e+00 0.000000000000000000e+00 2.286727291047882527e-01 0.000000000000000000e+00
0.000000000000000000e+00 0.000000000000000000e+00 0.000000000000000000e+00 1.527181142747530418e-01 7.888939164657698955e-02 1.452734877140361425e-01 5.986817541171568675e-03 1.163256313520179969e-01 0.000000000000000000e+00 0.000000000000000000e+00 0.000000000000000000e+00 2.284361239742830618e-01 4.927883959931454033e-02 0.000000000000000000e+00 0.000000000000000000e+00 0.000000000000000000e+00 0.000000000000000000e+00 1.641396505853185139e-01 5.469790211160134585e-02 4.254041200926891517e-03
1.475504718911148094e-01 0.000000000000000000e+00 1.453498971922413119e-01 0.000000000000000000e+00 0.000000000000000000e+00 0.000000000000000000e+00 0.000000000000000000e+00 2.413578068220825074e-02 1.202525901778819656e-01 0.000000000000000000e+00 0.000000000000000000e+00 1.954334889565065569e-01 0.000000000000000000e+00 1.319075133060208238e-01 2.068325644674457731e-01 0.000000000000000000e+00 0.000000000000000000e+00 0.000000000000000000e+00 1.249387158631643825e-02 1.604382174026409633e-02
2.655153413589131373e-02 0.000000000000000000e+00 0.000000000000000000e+00 0.000000000000000000e+00 1.587970336907476299e-01 0.000000000000000000e+00 0.000000000000000000e+00 0.000000000000000000e+00 1.629469099496828541e-02 4.798925848414901940e-02 0.000000000000000000e+00 3.797496022186244713e-01 0.000000000000000000e+00 1.313816698067418465e-01 2.356429327983933786e-01 0.000000000000000000e+00 0.000000000000000000e+00 2.533044318700253500e-04 0.000000000000000000e+00 3.339973438613864833e-03
0.000000000000000000e+00 0.000000000000000000e+00 0.000000000000000000e+00 0.000000000000000000e+00 0.000000000000000000e+00 1.540600399661460652e-02 1.675382216114128242e-02 1.465896396617494823e-01 1.277310565012999555e-01 0.000000000000000000e+00 0.000000000000000000e+00 2.035353882324656416e-01 0.000000000000000000e+00 0.000000000000000000e+00 0.000000000000000000e+00 1.479505905961281918e-02 0.000000000000000000e+00 1.378744341613704627e-01 2.156701229681652621e-01 1.216444732575804877e-01
0.000000000000000000e+00 0.000000000000000000e+00 0.000000000000000000e+00 0.000000000000000000e+00 1.007117846560442870e-01 3.773684669850636136e-02 0.000000000000000000e+00 0.000000000000000000e+00 1.192668246487010031e-01 1.103056417348714652e-01 0.000000000000000000e+00 1.573976315811080606e-01 0.000000000000000000e+00 0.000000000000000000e+00 0.000000000000000000e+00 0.000000000000000000e+00 7.393375685161050932e-03 1.140895549614626414e-01 3.530983400341450862e-01 0.000000000000000000e+00
7.846827304796567815e-02 0.000000000000000000e+00 0.000000000000000000e+00 0.000000000000000000e+00 3.870479445954427139e-02 2.626519007296875263e-01 0.000000000000000000e+00 2.247005783253840094e-02 1.676799558524501906e-03 2.038216365137375877e-03 7.310335794038351834e-03 3.151570935555143005e-01 5.683503062126534291e-03 1.087290199091822673e-01 8.952330177935056976e-03 2.300919559611021639e-02 4.308512393673066820e-03 1.592698589507158743e-02 1.049129816229509432e-01 0.000000000000000000e+00
0.000000000000000000e+00 1.149595649483313997e-01 0.000000000000000000e+00 2.096733204527767569e-01 3.134672470658963345e-02 5.591440463911651060e-02 0.000000000000000000e+00 7.058593827039686894e-03 1.589713558467234500e-01 0.000000000000000000e+00 5.300325183620538394e-02 0.000000000000000000e+00 0.000000000000000000e+00 0.000000000000000000e+00 0.000000000000000000e+00 4.277546434085581495e-02 0.000000000000000000e+00 0.000000000000000000e+00 2.511875850241373498e-01 7.510973437822407450e-02
1.661029696594487019e-03 1.134590153764827164e-01 1.155935125983930181e-02 1.596552028143448376e-02 1.363050132642517828e-02 0.000000000000000000e+00 0.000000000000000000e+00 0.000000000000000000e+00 9.742379044437025903e-02 3.118970987128212233e-02 6.137667613514681195e-03 1.638541381642018568e-01 1.133215895597531296e-02 3.111274349958108656e-02 0.000000000000000000e+00 0.000000000000000000e+00 0.000000000000000000e+00 0.000000000000000000e+00 7.282633516358941184e-02 4.298480383467090382e-01
0.000000000000000000e+00 5.148413378511223354e-02 1.364300623502696097e-01 0.000000000000000000e+00 3.730778732069779668e-02 7.584464539401952754e-02 0.000000000000000000e+00 8.905484975428879998e-03 0.000000000000000000e+00 0.000000000000000000e+00 1.895438433521931618e-03 1.415407765769609305e-01 0.000000000000000000e+00 1.267884766484226600e-01 2.276038481823509374e-01 0.000000000000000000e+00 0.000000000000000000e+00 1.353561728653919320e-02 2.371481655751785447e-02 1.549489124891584024e-01
1.511371251154134537e-02 2.903357818043009880e-02 0.000000000000000000e+00 1.043061787680353986e-01 2.542570977855468720e-02 2.402176651969419735e-02 0.000000000000000000e+00 0.000000000000000000e+00 8.707400053947976504e-02 7.195111321043791072e-03 1.074210547929945261e-03 2.819650970917145782e-01 0.000000000000000000e+00 0.000000000000000000e+00 0.000000000000000000e+00 0.000000000000000000e+00 0.000000000000000000e+00 5.107962056333598122e-02 2.886067595415651721e-01 8.510425463667511958e-02
1.333532039238833899e-01 0.000000000000000000e+00 5.750919775300415704e-02 5.918082782773635003e-02 1.412271243265528914e-02 9.347165469427297368e-02 0.000000000000000000e+00 0.000000000000000000e+00 0.000000000000000000e+00 4.720569507502252876e-03 0.000000000000000000e+00 0.000000000000000000e+00 0.000000000000000000e+00 0.000000000000000000e+00 2.078099598747103899e-02 7.379567335881394297e-02 0.000000000000000000e+00 0.000000000000000000e+00 3.274930564449027304e-01 2.155721080697578229e-01
6.302736592001156879e-02 0.000000000000000000e+00 6.464128620344384776e-03 9.499387790655794417e-02 4.481864795499020289e-03 1.238693445969136098e-03 0.000000000000000000e+00 0.000000000000000000e+00 1.609522161284829833e-01 0.000000000000000000e+00 0.000000000000000000e+00 2.686905182306111306e-01 4.372874858149598809e-03 1.100290889576041597e-01 0.000000000000000000e+00 0.000000000000000000e+00 2.083860613643109122e-02 7.440686004451611824e-02 7.523018504582826282e-02 1.152737199099945903e-01
1.218054873386598541e-01 0.000000000000000000e+00 1.309948789337270388e-02 6.352813937892849705e-02 0.000000000000000000e+00 0.000000000000000000e+00 6.536239899645963740e-03 8.370324154256141014e-02 0.000000000000000000e+00 3.148339456325389280e-02 0.000000000000000000e+00 1.280624195205678773e-01 0.000000000000000000e+00 0.000000000000000000e+00 1.430789214310849988e-01 4.975294986179659706e-02 2.719140081963521138e-02 4.558210273762411391e-02 2.338484669912424541e-02 2.627913683137445555e-01
1.083426088897385398e-01 1.518047307551353420e-01 0.000000000000000000e+00 1.990286393002717660e-02 2.287665401768061019e-02 1.952986723322608364e-02 0.000000000000000000e+00 9.836654014670848101e-02 1.163947730352865584e-01 8.523403406461599330e-02 1.599633916957586208e-02 1.797026177838278171e-01 0.000000000000000000e+00 1.563856904856525745e-02 2.776135424266482077e-02 0.000000000000000000e+00 0.000000000000000000e+00 0.000000000000000000e+00 1.846301021283780833e-02 1.199860374701097465e-01
2.426624499445124983e-02 0.000000000000000000e+00 1.179148970649566974e-01 0.000000000000000000e+00 1.301274611088635014e-01 0.000000000000000000e+00 0.000000000000000000e+00 5.764465693919797358e-03 1.375239827479318444e-01 0.000000000000000000e+00 8.230991880260512053e-03 2.133626675010881213e-01 0.000000000000000000e+00 0.000000000000000000e+00 0.000000000000000000e+00 0.000000000000000000e+00 0.000000000000000000e+00 1.290480188852320409e-01 2.337612701232963108e-01 0.000000000000000000e+00
5.082896720412815456e-02 1.959877714575174179e-01 1.266790620302301329e-01 4.877810354847692681e-02 9.486190835444545388e-03 0.000000000000000000e+00 3.004017805674707390e-03 0.000000000000000000e+00 0.000000000000000000e+00 1.091198007454000224e-01 0.000000000000000000e+00 5.781235126387347656e-02 0.000000000000000000e+00 0.000000000000000000e+00 1.915213176344121027e-01 0.000000000000000000e+00 0.000000000000000000e+00 0.000000000000000000e+00 1.308625256597044199e-02 1.936961649088721482e-01
4.825015434926336472e-02 0.000000000000000000e+00 5.005760986740823842e-02 1.252521293190838325e-01 6.826172830943709816e-03 0.000000000000000000e+00 0.000000000000000000e+00 0.000000000000000000e+00 1.510004163339208616e-01 0.000000000000000000e+00 0.000000000000000000e+00 1.395602332846644367e-01 0.000000000000000000e+00 0.000000000000000000e+00 2.131131826425487763e-01 0.000000000000000000e+00 6.865913007186269339e-03 1.025529278970787050e-01 1.422253955718831564e-01 1.429586489601857024e-02
0.000000000000000000e+00 2.833207499719183828e-02 0.000000000000000000e+00 1.239863503469673944e-01 4.352421036548586447e-02 3.306301278713990460e-02 2.623283354511319124e-02 2.233792501596734981e-01 0.000000000000000000e+00 4.254653945297468681e-02 3.018940852312366682e-02 2.839087047531212438e-01 0.000000000000000000e+00 4.777136512035918409e-03 6.099364030170557199e-02 6.456806627567447665e-02 0.000000000000000000e+00 1.615768680629169410e-02 0.000000000000000000e+00 1.834108517350097403e-02
8.826691084734314408e-02 0.000000000000000000e+00 1.141053993715946818e-01 1.219378780610165108e-01 5.073111984585481661e-03 1.295702263157449685e-01 0.000000000000000000e+00 0.000000000000000000e+00 6.666875431985461176e-02 0.000000000000000000e+00 5.162636103014589008e-03 1.252791934043833988e-01 0.000000000000000000e+00 5.635452860224306713e-03 0.000000000000000000e+00 0.000000000000000000e+00 3.184848729873281711e-03 0.000000000000000000e+00 1.193330047646730535e-01 2.157825832376921160e-01
0.000000000000000000e+00 0.000000000000000000e+00 0.000000000000000000e+00 0.000000000000000000e+00 1.044751779098987005e-01 2.053301776519886046e-01 0.000000000000000000e+00 0.000000000000000000e+00 0.000000000000000000e+00 0.000000000000000000e+00 0.000000000000000000e+00 1.667953775111654935e-01 0.000000000000000000e+00 0.000000000000000000e+00 0.000000000000000000e+00 0.000000000000000000e+00 5.074160604500858873e-02 1.398218174863207486e-01 1.154000378315845760e-01 2.174358055640334131e-01
3.982645395908265135e-02 0.000000000000000000e+00 9.084288927310396264e-03 0.000000000000000000e+00 1.836806425471807294e-02 3.346387534349586079e-02 0.000000000000000000e+00 2.421936632093404582e-02 9.988118039216949129e-02 0.000000000000000000e+00 0.000000000000000000e+00 1.787291160700853476e-01 0.000000000000000000e+00 1.085939419100352965e-01 4.005418983080036299e-02 0.000000000000000000e+00 8.346163380603346948e-02 7.685003663938505536e-02 2.249177890028924154e-01 6.255006354305758798e-02
0.000000000000000000e+00 0.000000000000000000e+00 0.000000000000000000e+00 3.299759722944225083e-03 0.000000000000000000e+00 0.000000000000000000e+00 0.000000000000000000e+00 0.000000000000000000e+00 1.769603754928381978e-03 0.000000000000000000e+00 0.000000000000000000e+00 2.051861451797649949e-01 0.000000000000000000e+00 0.000000000000000000e+00 3.420179499473766788e-02 7.138643401667765787e-02 9.171699497270874302e-02 1.297287907336216184e-01 3.325463534166063218e-01 1.301641232080103794e-01
