1.260374899116448177e-01 1.620703366523689182e-01 7.345662740271803257e-03 2.789017612381737218e-02 1.546523382223622713e-03 1.345764870872221131e-01 0.000000000000000000e+00 0.000000000000000000e+00 3.015363490059359136e-02 0.000000000000000000e+00 0.000000000000000000e+00 3.121310696441510421e-02 1.297716025717358390e-01 1.275852245276191121e-01 1.650748526305231834e-02 0.000000000000000000e+00 4.068317582115449707e-03 2.430461842101432936e-03 7.204397175015284094e-02 1.267595187006656521e-01
1.167912279413296436e-02 7.714286172415499299e-02 1.695335288932535781e-02 1.604150173426779902e-01 1.666047653368103580e-04 6.963678583069551897e-02 3.173055978820478375e-03 2.492911527890672232e-02 1.402824704278581858e-01 3.514125748702458252e-02 6.619031643524260836e-03 1.069729892134184124e-01 0.000000000000000000e+00 1.461619595427576454e-02 0.000000000000000000e+00 1.297858272882091227e-02 4.190328485243676078e-03 6.891638053245442708e-02 1.522143807192465614e-01 9.397246620408229723e-02
1.861801496730887059e-03 2.171013579139623173e-02 4.434084291268087369e-03 7.964726606677016707e-02 2.736635535386547358e-02 1.525910850098110283e-01 1.253101462409930977e-01 9.441470978749554044e-02 1.632357080047612541e-02 1.291610636750167461e-03 0.000000000000000000e+00 3.523201979434731779e-03 6.355854638023934744e-02 3.560511729273921344e-02 1.032571056886700568e-02 4.262353360092837468e-03 4.963316876394201910e-02 5.947140259929949158e-02 5.051259310644450051e-02 1.981571404733840081e-01
5.220207563537544032e-02 1.431277603770345908e-01 0.000000000000000000e+00 9.516305470599736860e-02 4.598279107376924447e-03 0.000000000000000000e+00 0.000000000000000000e+00 0.000000000000000000e+00 1.190575954583170393e-01 1.647706462996541832e-01 6.821838117510763480e-04 1.628854170967987403e-01 6.614496726260356632e-03 3.297925792408593765e-02 5.275986281642503460e-03 1.305709052351365120e-02 2.654426097067343060e-02 1.132473900124899907e-03 1.437727576929985762e-01 2.813666348839520201e-02
0.000000000000000000e+00 1.492457907985330571e-03 0.000000000000000000e+00 5.869975632580668595e-02 8.343064699487655334e-02 2.818759917952438562e-02 4.222929843933076466e-02 1.038455855512312037e-01 1.520351205067409055e-02 1.148605877562659285e-03 3.341353097150301290e-03 1.217559264579587824e-01 3.569436836931822593e-02 4.706276970248155639e-02 2.588246996051977653e-03 0.000000000000000000e+00 1.108405034252321272e-02 1.247066951846101113e-01 1.616444723156336971e-01 1.578846552072804554e-01
1.101993435699126084e-01 5.720033643049050182e-02 0.000000000000000000e+00 4.087999117499024199e-02 1.150568966116416181e-01 7.975226488372096426e-03 9.074275297684761959e-03 6.616153762936584359e-02 2.320274411659318040e-02 1.239940572411804137e-01 2.500050596262067253e-04 1.399184400600831102e-01 1.742613397487333821e-02 5.455965988437735253e-02 9.563093436281529724e-04 1.158567642031646484e-03 4.735893714008079097e-02 3.699391116245196592e-02 1.463218743768031349e-01 1.311752795813119193e-03
1.158636280638064148e-01 1.282015119464719952e-02 1.646051075709644221e-02 6.490388683073830545e-02 1.476737882991816242e-01 1.461657800241091265e-01 2.896838036884270048e-03 1.950305302699194970e-02 4.140009028161455162e-02 4.973109150984400539e-02 0.000000000000000000e+00 1.911828719008203670e-01 7.460622079992461353e-02 0.000000000000000000e+00 7.386674262181241318e-03 1.618232446450258363e-02 6.414479757620382937e-04 1.259614669114189622e-02 1.124940947758024459e-02 6.873608640317321883e-02
6.877895800265593218e-02 1.121550941138534929e-01 7.445205022091110937e-03 1.152166036517971587e-02 1.173701533604182834e-01 1.367685708674103119e-03 1.657321535010039320e-03 4.256379032793157317e-03 2.084529045040223877e-02 1.143423578287569705e-03 0.000000000000000000e+00 1.410801636511660739e-01 8.619353227059825540e-03 6.974672400255613192e-02 1.338841567966591317e-01 3.311211388550445718e-04 1.181872561859238918e-01 3.979282786395180183e-02 1.095043823973274738e-01 3.231284356713498562e-02
1.417338915040555411e-02 5.417052992995319977e-02 6.268194666120070757e-02 2.175966866134995681e-01 1.311633124332781397e-01 4.679488262114776809e-02 5.008236524115501631e-02 7.896952105183365975e-03 9.630584249302240329e-02 8.616664686042849186e-02 4.781121451798974473e-04 4.208260106498407788e-02 7.054399376848013992e-02 1.860446769192916627e-02 3.453413995397852914e-03 4.530928387083112997e-03 1.949287957218186901e-02 9.730053088244337844e-03 6.103743799542347276e-02 3.013558181821989271e-03
7.800478406014518459e-03 1.282608071975599173e-01 5.263922662128533991e-02 2.064796993557331539e-01 1.454798262090231664e-01 3.511788312996365347e-02 9.193929938612996344e-03 3.262414214185035966e-02 9.763268092795003572e-02 6.249936677232720630e-03 0.000000000000000000e+00 1.739569106631572507e-02 0.000000000000000000e+00 3.604223495084173806e-02 0.000000000000000000e+00 8.823132580019059715e-03 3.197554573899805824e-02 1.402756476433782429e-01 2.137740339652793170e-02 2.263173401869332871e-02
7.501309457335306186e-02 3.326154617103074113e-02 0.000000000000000000e+00 1.804867988194871695e-02 4.030729773182324845e-03 1.993524956336513877e-03 2.166405796815525087e-02 6.799970367440481833e-02 1.184135089584592571e-01 1.406601779421890429e-02 4.156387504748616270e-03 1.171320987315864065e-01 3.314140195746415052e-02 6.974802222023804288e-03 1.330919543970089311e-02 1.246191644217323723e-02 2.019626481900151094e-02 1.491933152307383104e-01 1.654050394062750173e-01 1.235387144951985011e-01
1.420720427139418596e-02 1.072054262651137152e-01 1.814557909217514448e-02 1.217651588983856004e-01 6.897108994122969810e-04 7.991492839059788356e-02 2.157976318330055709e-03 5.267521849494005010e-02 2.548844691089368064e-01 2.339842553476754669e-02 3.861028513005321239e-03 9.640853786739743414e-02 0.000000000000000000e+00 1.693842823709094253e-02 3.114286714670875394e-03 1.777550013403550802e-02 9.636424683259406506e-04 1.127381786252172474e-01 3.942976263088768946e-02 3.372653753531594523e-02
7.621451341270107926e-02 7.117909812120906676e-02 6.923959711664864902e-02 1.995495917894529389e-02 2.022863975525690874e-02 2.060437960610412012e-01 1.403861730929693331e-02 4.857241313764597192e-04 7.429925945753640404e-02 4.987003520836956732e-04 3.311252888847036197e-02 1.964495577446648544e-01 8.736932518749848664e-02 1.648226800440376447e-04 7.730671561390265161e-04 9.023592090421875267e-03 3.653210036831571611e-02 0.000000000000000000e+00 5.025598375619438202e-02 3.413611723215562860e-02
9.245703373212479231e-03 1.263123443409581714e-01 2.625106826542052824e-02 1.408266622104584753e-01 0.000000000000000000e+00 7.147411832096716832e-04 1.637794152495720783e-04 5.255687713068941253e-02 0.000000000000000000e+00 8.150455898590121609e-03 1.621318564691262218e-02 8.607700687681771323e-02 1.324878323557890092e-01 5.387597756412366296e-02 3.557611900171131492e-02 3.723473028967835222e-03 8.404984881616653705e-03 1.342644711273867364e-01 3.644730859282110935e-02 1.287080091060649745e-01
1.942347237636611254e-02 1.264081612562696078e-01 3.950076009264059246e-02 1.594092465258624414e-02 1.333691987479363183e-01 3.299871387981651917e-04 1.188229319632962740e-03 1.675157464952692701e-02 1.083942640036295590e-01 1.633436337050921561e-04 4.094116234348279572e-03 3.373576908327264451e-02 3.135264234880306630e-03 1.483101658525881050e-01 1.459395722230691639e-01 6.494564280807348924e-05 1.291748123688228394e-03 1.073254533821376561e-02 3.710390120089689103e-02 1.541220561951430756e-01
5.430278513410790632e-03 1.459776508669799987e-02 4.534421420341432085e-03 1.086550886471884109e-01 1.446886801933950362e-01 1.203087100442745000e-01 1.975120876909082848e-02 1.917836114995921659e-02 7.421557217333889234e-02 1.146243927977453649e-02 0.000000000000000000e+00 2.132405921682678854e-02 3.877006542453998502e-03 1.167828856471464375e-03 6.508371658540609839e-04 2.400280670414779109e-03 4.586563395413089522e-03 4.899101476805255845e-02 2.085434901916387307e-01 1.856363939154028753e-01
1.007019224818903047e-01 4.424748575223910046e-02 8.942686081923263697e-02 3.277877039543869702e-03 4.911945025460067588e-02 1.531362347960464332e-01 2.612538441675488557e-02 1.490076223523374155e-01 3.584107793255119582e-03 1.587811987329743090e-03 2.438586808034229770e-03 2.764431100295248328e-02 7.416302691848701556e-02 1.820194168807999849e-02 1.688229730444461632e-02 1.306657797792147796e-03 3.308344112270877662e-04 2.329469436003597793e-02 6.372513821314332305e-02 1.517977538025729600e-01
2.358227870696718090e-02 6.270130826104881872e-02 2.571161219144467956e-03 0.000000000000000000e+00 4.426836951333520953e-02 1.952922892061575294e-02 2.688609754421203077e-02 1.035560311011684761e-02 1.500509154140686197e-02 0.000000000000000000e+00 8.246086885166209988e-04 1.631662340618953710e-01 1.283665295431038744e-01 5.428736297321534038e-02 3.121097293223157668e-02 0.000000000000000000e+00 9.031782858995102137e-02 1.827699382151463936e-02 1.586811234086345779e-01 1.499692071640897628e-01
1.329188293853776348e-01 1.581336770290551474e-01 3.318024786323472085e-04 1.621400269349068668e-02 1.664966767255303761e-04 9.677160855378142204e-03 5.692361525227477778e-03 1.118155872809708726e-02 2.380472998269203000e-01 0.000000000000000000e+00 1.823260623200830292e-03 1.194642339822132027e-01 0.000000000000000000e+00 2.061065144096338453e-02 1.295488672496596383e-01 1.193322297171073992e-02 3.825126635256980573e-02 4.985840208799683509e-02 1.527867721895454032e-03 5.461903837088592090e-02
2.736793884213958167e-02 9.847131509909917702e-02 6.725392430325004972e-03 3.182582074356989088e-02 1.353828233536417125e-01 9.380760862486249574e-02 1.270142366087704741e-02 2.446393050026140353e-02 2.353729110923021353e-02 1.022096092034887466e-01 2.304408730900838614e-02 1.204166778620564641e-02 3.517684252164469949e-02 8.573438643178239033e-03 0.000000000000000000e+00 3.405300314776591071e-03 2.572586488032826621e-02 2.159689208919650470e-03 1.624631931403970053e-01 1.709167626280461705e-01
3.816818444692638649e-03 1.561503359466537566e-01 1.808635412609967737e-03 6.251583499263502208e-02 6.565544288914821301e-03 2.016504862902595424e-03 6.618673672793495659e-03 1.755396076218854792e-03 2.561591057586345421e-01 6.583989857058697177e-04 1.497663151993392124e-02 1.004067529770731049e-01 1.384276289544950772e-03 1.995848868757192640e-01 8.261392574738716035e-03 7.061649087586949550e-03 1.388984712298504801e-04 0.000000000000000000e+00 2.394531391342775116e-03 1.677257323710688308e-01
1.695401696387545398e-02 1.452826529705787129e-01 2.390064163527823565e-03 1.068208509254182231e-02 0.000000000000000000e+00 6.520144330280147268e-03 1.473543118244566991e-02 2.033816750545769381e-01 9.948755415054878759e-02 1.064487335151669857e-02 1.127800134262164564e-02 1.380810639421060637e-01 1.540338136999333573e-03 2.070860180789999613e-03 0.000000000000000000e+00 4.985780232024788474e-04 8.490311734999297921e-03 3.811575208746345589e-02 1.555480036320423809e-01 1.342985936598832530e-01
1.757863556840095348e-02 1.239368404906778937e-01 3.329127722516155605e-04 1.327774122674106883e-01 7.749214964722892646e-03 1.067918673668612067e-01 0.000000000000000000e+00 1.000970812453219096e-02 1.378323787641025644e-01 9.937275771086899467e-02 0.000000000000000000e+00 2.783725124632630693e-02 1.234259990270556995e-01 3.313241480121961735e-02 1.893689375892406226e-02 5.570126039997483521e-03 0.000000000000000000e+00 9.382899686133713965e-04 1.517811282818432306e-01 1.996168846191071627e-03
6.144356641065277375e-03 8.821670049602042818e-02 1.328678044583047344e-03 2.372334761027590153e-02 1.191273670209757052e-01 1.198833262521592918e-01 9.822939635489615073e-03 3.137959265794613983e-02 0.000000000000000000e+00 0.000000000000000000e+00 0.000000000000000000e+00 8.109720494075509101e-02 1.798982242587039981e-01 1.919823558328061230e-02 8.219339963638872676e-03 2.103911755523599214e-02 6.253221466762332557e-03 7.885560470834906879e-04 1.785184973857543989e-01 1.053612944402697454e-01
6.279216816969615533e-02 1.114264626715783524e-01 6.397772292224394343e-04 3.907851974949288348e-02 0.000000000000000000e+00 0.000000000000000000e+00 9.661772117711796282e-02 1.091364214042210914e-02 5.493299826606433400e-02 5.404812589541273943e-02 5.164464159348336469e-02 5.866459284746161629e-02 1.185701829899000331e-01 0.000000000000000000e+00 3.138265378117125609e-02 4.000291306927672517e-04 1.938215409128076286e-02 1.294941932727726452e-01 1.260606612190387412e-03 1.587515303820402901e-01
7.962906630369435967e-02 1.775550579877957155e-02 0.000000000000000000e+00 9.406830674172173001e-02 1.035269856168480676e-02 7.260997625622862264e-04 8.407110252489798097e-02 3.835177753574197518e-02 1.367214275131977408e-01 3.444192923062397438e-02 0.000000000000000000e+00 1.471995928142733612e-01 5.583113372068298569e-05 5.913332262361926245e-02 5.223484274328683147e-02 3.794083216455355206e-02 1.201695098491269847e-01 4.354600447908660993e-02 3.106670938565775711e-02 1.253544083377069497e-02
4.776386257413894887e-02 1.268013487580635368e-01 2.819993072552741831e-03 1.533264500020272980e-01 1.075733988068085095e-01 7.544158882273437929e-03 1.727049532615164071e-02 1.260009686157925746e-01 3.054312003689705485e-02 0.000000000000000000e+00 1.666957788937663406e-04 1.762261338419285617e-01 2.791543443551756151e-03 0.000000000000000000e+00 9.270452692509190129e-02 5.282752230458881947e-03 3.505790075036833986e-02 3.760328957823089874e-02 2.988863514175149963e-02 6.347262350185717229e-04
0.000000000000000000e+00 1.146588600136505265e-01 0.000000000000000000e+00 2.039804475236518116e-02 1.665652290827305973e-04 2.882849589553005201e-02 7.690013601284133478e-03 3.306693429484584379e-04 1.232439766232241718e-01 5.871726186391900554e-02 0.000000000000000000e+00 1.502896275972076534e-01 0.000000000000000000e+00 1.317723657925728431e-01 1.096739445613094562e-02 2.300467203380371188e-03 7.393907819348134736e-02 7.292246203616889466e-02 1.630792368228064504e-01 4.069548057624745863e-02
4.212701347643044679e-03 1.419262199963573501e-01 2.171230129642045918e-03 9.593236860381920000e-03 1.258333350417664177e-02 1.682050478004067096e-02 2.848616356559432669e-02 1.760708051922926093e-02 1.406032012835219946e-01 5.104588634332592884e-02 6.535187716942398271e-03 1.034706763315417222e-01 4.648374079594824043e-02 7.057654651613842756e-03 0.000000000000000000e+00 0.000000000000000000e+00 8.980677946050047433e-02 1.200484215107750080e-01 5.135049412021736731e-02 1.501974870825478203e-01
6.105723779502835076e-03 3.921216549481974616e-03 0.000000000000000000e+00 1.106048676119439356e-01 4.036781333306353747e-02 1.043464617393490140e-01 5.817560582682240744e-02 5.076953534916911481e-02 1.338738892025217730e-01 7.843667023264954546e-03 3.058602072526961000e-04 9.217698894770386120e-02 3.028900084012788388e-02 9.092136214812120143e-03 1.241585269930190888e-01 3.074828619552242778e-03 3.826416020582096983e-02 1.593603755964301261e-01 5.447309398481156931e-03 2.182203256168029071e-02
0.000000000000000000e+00 6.500813917203479564e-02 8.680816493303757098e-02 5.853619603567412899e-02 1.561724346483811254e-01 1.182141826208272517e-01 4.820727992221049418e-02 9.997520759755731609e-03 2.759348513998735597e-02 0.000000000000000000e+00 1.585652223954997497e-02 4.148614957817967075e-02 6.920747381421125943e-02 1.519196253136681322e-02 5.195015458307508660e-02 1.014632311475297845e-02 5.569276839675468653e-03 1.563627983703441693e-02 6.608110564966200931e-03 1.978103436652795533e-01
0.000000000000000000e+00 1.382982441021374520e-01 0.000000000000000000e+00 1.446089514784168195e-01 0.000000000000000000e+00 2.733126794586593356e-02 9.745845191683246908e-03 6.570777353463054917e-04 1.918589743871059183e-01 6.865513722684703050e-03 0.000000000000000000e+00 1.537247607147129991e-01 0.000000000000000000e+00 1.389855215597950999e-01 3.324690759905732135e-04 1.789260012187294125e-03 1.343540203871491576e-02 3.389132207335573185e-03 1.517367474664793048e-01 1.724083236154398679e-02
1.068994892291921621e-02 8.211781921859169497e-02 3.669225671588983301e-02 1.481938903173040389e-01 7.704921454061373562e-03 1.078243531177326825e-01 0.000000000000000000e+00 8.210353420958074744e-02 6.896473181003608122e-02 5.121475106104400122e-04 0.000000000000000000e+00 1.909482056038012271e-02 6.581111081240882676e-02 1.294912151241609140e-02 1.230805497510396168e-02 1.454669342852884899e-02 9.172045883413405126e-04 9.543666082245041982e-02 6.483978508903698312e-02 1.692929449346072535e-01
4.667536013877553874e-02 5.572696615839956014e-02 1.146389715301472101e-01 3.030927844891044554e-02 4.757650219148143456e-02 2.068680571821602532e-01 2.215503471501820143e-02 1.139456027880267341e-01 2.508585724637716480e-02 2.233026308027775617e-02 7.098294640374326267e-03 5.735489347866339765e-02 6.177452886065807475e-03 2.488696126237831957e-02 2.342252274887158398e-02 4.101796033023127203e-02 2.629164029146630055e-02 5.030730310632245544e-02 3.648094537003877119e-02 4.165013240601346534e-02
1.569731359280899293e-03 1.345336302041703624e-01 1.971224092704940492e-02 1.629306012852144506e-02 5.431607754315886938e-02 1.196973736520155901e-01 2.082464571832043972e-03 0.000000000000000000e+00 1.259139522562725266e-01 8.665137782863589766e-03 2.337558229871735185e-02 4.075424830251879460e-02 1.437517853773215282e-02 1.946516860076362041e-03 3.225383762733768922e-02 1.157318321539934280e-03 8.770516066010845824e-02 2.481308710632547376e-03 1.657838785732586029e-01 1.473833016829133036e-01
9.341623573790720780e-02 1.080066446055316792e-01 5.689406211671104623e-04 9.185044906461728442e-02 1.717577583898990262e-02 1.338671975156148497e-01 2.865904581618409965e-03 1.011807097064725859e-02 1.715718938515427561e-01 3.078587475273254076e-02 3.664930546400782529e-02 8.191580501777677090e-03 3.557749349097348926e-03 2.091776129478553799e-03 7.163221632043620390e-02 2.879414764062132592e-02 1.305493881007739054e-01 3.779759763206216178e-02 1.077734274970666879e-02 9.731908571669507790e-03
9.256279435213267404e-03 1.312248062063517129e-01 1.470450387676937656e-02 1.263731973450752388e-01 8.311719469815204500e-03 3.060563254410888362e-02 3.811970240101653865e-03 2.212792656022082374e-02 5.643536816460874295e-02 6.479123064918697848e-03 1.915451480880796253e-02 1.196882248582217673e-01 8.893023468907487392e-03 4.559996202605105103e-02 1.295120225746636267e-01 8.731316357185755182e-04 2.090803111806485964e-03 6.223153783616466178e-02 2.726695498466343709e-02 1.753592977878113135e-01
1.073985371136333827e-01 1.163223782377166837e-01 5.839885236172514225e-03 6.425688345784799811e-03 0.000000000000000000e+00 5.065456871018224859e-03 2.054157647311896998e-02 0.000000000000000000e+00 1.672434415464178759e-01 4.744733834753202956e-02 0.000000000000000000e+00 1.629907197612249226e-01 2.453708390415462737e-02 3.297483173283314271e-03 0.000000000000000000e+00 1.846192053017607290e-02 0.000000000000000000e+00 2.481299288767620671e-03 1.592773557041066712e-01 1.526698354668924174e-01
2.184613259062612861e-02 2.669511708607609501e-02 0.000000000000000000e+00 4.997184977457883037e-02 1.801559127591586054e-03 3.384968841802075967e-02 6.165959865850388286e-03 4.139108273662075316e-02 8.207442316413304795e-02 8.581328526719660121e-03 1.761319129616370263e-05 2.375494973197040532e-02 2.815786313888992733e-03 1.176241363193304551e-01 1.159689934417202847e-02 7.275375284189603865e-03 1.014177301092286931e-01 4.444411058781561757e-02 2.245394853822595405e-01 1.941367724456311838e-01
2.050387728034252371e-02 1.698773728102443148e-01 5.799357745476211787e-03 5.015270836981841618e-02 1.229344836807943764e-01 1.270202141404835373e-02 6.650398045029946859e-03 0.000000000000000000e+00 1.018359334357557128e-01 0.000000000000000000e+00 5.101847321901495542e-03 7.191488027173444098e-02 1.282089163364534025e-02 0.000000000000000000e+00 1.044221901278229725e-01 7.607725441499960583e-04 2.223307728537946351e-02 1.576215106964556634e-01 2.130318313244646336e-02 1.133654942049542452e-01
5.383040941617482297e-03 1.308643850507023310e-01 0.000000000000000000e+00 1.836701855190675525e-02 0.000000000000000000e+00 0.000000000000000000e+00 1.615360534947758372e-02 4.708881996961921702e-03 1.645768337020466487e-01 6.208216287416028385e-03 0.000000000000000000e+00 1.854589260390188399e-01 1.201452559870821134e-02 1.368546283343481662e-01 1.434960929495923410e-01 0.000000000000000000e+00 4.414215248039570633e-03 0.000000000000000000e+00 1.210160961785669217e-02 1.593980203323072664e-01
8.806173847765166873e-02 9.214523848657879546e-02 7.781703218696431681e-03 1.879820806172288750e-02 3.191275306958839958e-02 1.230906468996260106e-01 7.946711230686173038e-05 1.154451206493753435e-01 9.649798974648546301e-02 0.000000000000000000e+00 1.545949458547549518e-02 2.327262812830189001e-02 4.941345917059514897e-02 2.229249316591608646e-02 8.000981453724991498e-04 7.016539865305516932e-02 3.115040571700658859e-02 4.832263840160520851e-02 1.602474128833001610e-01 5.063105427339993289e-03
4.158943465801624717e-02 1.065659573976803359e-01 1.545928036890873748e-02 3.615580058161905336e-02 3.261724048594915465e-02 3.941828293371174574e-02 0.000000000000000000e+00 7.338653202539792419e-02 1.298952923973299423e-01 0.000000000000000000e+00 0.000000000000000000e+00 3.956823607411380506e-02 0.000000000000000000e+00 1.106249605928183305e-01 0.000000000000000000e+00 0.000000000000000000e+00 1.735555901787818461e-02 1.088424978682027769e-02 2.336582957853902687e-01 1.128208778943659008e-01
1.480212590293449211e-02 1.299336833115366518e-01 9.372059449404539222e-02 1.384621586390518411e-01 6.032664303026091281e-03 4.507562514864094788e-02 1.644963273172666662e-04 1.499340501001957503e-02 8.614466073496789000e-02 2.932054944025590248e-02 3.960119321558051239e-06 1.747984710278517595e-01 3.248442198383470932e-03 5.161515689289102038e-02 1.208889475172980274e-02 1.979740949298764829e-03 1.283786234161658768e-01 3.927849420259778984e-03 5.459000193630554609e-03 5.984989771867128827e-02
2.881670806554038206e-02 1.444416274680055401e-01 9.052884348832876404e-03 3.415398193392184950e-02 1.256895373537316174e-01 1.984254580149237834e-01 2.471226782899186084e-02 6.667157575828648380e-04 2.602191568063461774e-02 7.740181825774642733e-03 1.490701649288187630e-02 5.292276234977961839e-03 4.120293524357599574e-02 5.306592829089171182e-03 1.526331517200799626e-01 1.659604956914243444e-03 8.369272473367857582e-03 2.244266141186987418e-03 3.509188844577589700e-02 1.335717171842098205e-01
1.155708080034916485e-01 7.590979819768949033e-02 1.838259102503721210e-02 1.038832116915692078e-01 1.689867672637556609e-03 2.651281421840459215e-02 1.787717836477161273e-03 2.381844523407022560e-02 1.741085897468199750e-01 3.120721545445195866e-02 4.095237166692185932e-03 3.459652736403292204e-03 1.033567230290535939e-02 1.143950280526851021e-01 2.225725328102935371e-02 6.297794516449385866e-04 1.040949929211062858e-01 7.395545515751755783e-02 1.013935227652298064e-02 8.376651757284400701e-02
1.020481515860546667e-01 7.349613683074729224e-03 0.000000000000000000e+00 1.440454256676064193e-01 9.488021754432106325e-03 4.342697198401347658e-02 5.626326700889505011e-02 0.000000000000000000e+00 1.476210674375696696e-01 7.276641942666645102e-02 1.783088863741702675e-03 1.597780857036965735e-02 6.747930379401627377e-03 2.352761751138035193e-02 1.187339002398418025e-02 1.635428463476068907e-03 9.154865852077513633e-02 4.833868555129307992e-02 3.495177944650874197e-02 1.806066741207568993e-01
4.977918671865902769e-03 5.235447948506207622e-02 1.393509482631231401e-02 2.433726086749341544e-01 9.520292858524838364e-02 1.324780483930878272e-01 1.868475231958094049e-02 1.500082272369390680e-04 6.577241193991861150e-04 5.940913624301699669e-03 3.968381218793272554e-03 4.650836103493447699e-02 7.893295695182309113e-02 1.814347228958822222e-02 3.819118262298014377e-02 3.348835520841974417e-02 9.877856129181289413e-02 1.030789213303833808e-02 2.645985456607404321e-02 7.746650575550627360e-02
2.880203683836788861e-02 1.443226685608766102e-01 0.000000000000000000e+00 1.137929310467940686e-01 3.264668238836631437e-04 5.882916185579898857e-03 7.641633321113382171e-02 9.260703427657005632e-03 9.315536285838926789e-02 8.805653186858964157e-03 2.112135753448841219e-02 1.107219586277328888e-01 1.163007893623621558e-01 4.220582140029248419e-02 1.560975735260788227e-02 7.312558433487677647e-04 1.292267702948083630e-01 5.400048624432352007e-02 3.998794880325788788e-03 2.531793632016855755e-02
0.000000000000000000e+00 4.008294472281118126e-02 9.020340892406733535e-02 2.434694693238632912e-02 7.031613062392373659e-02 1.228198040803175628e-01 8.029128110281757991e-02 2.921373551415235720e-02 4.888158821456948383e-02 3.251582534784928404e-04 0.000000000000000000e+00 8.221040319539835162e-02 7.495748925679339425e-02 9.764939549796564436e-03 5.199730307626473404e-03 2.511694835690134187e-02 1.202417098123666067e-01 2.232131951792589580e-02 1.490162425855956208e-01 4.690219049071663211e-03
