0.000000000000000000e+00 8.125952458197114453e-03 1.442708447856269061e-01 0.000000000000000000e+00 5.229012895544959266e-02 2.877692256793543298e-03 1.519114106019490706e-01 9.457815933502521089e-02 0.000000000000000000e+00 1.020482752866876770e-03 0.000000000000000000e+00 3.096578681837356545e-03 3.703956247235318938e-02 3.443324313578721469e-04 1.321141227960555553e-01 0.000000000000000000e+00 5.595840293453429454e-03 1.792701480090568705e-02 0.000000000000000000e+00 1.380929809986472349e-02 1.179258862529758839e-01 0.000000000000000000e+00 6.923964748695985751e-03 1.568108839232560531e-02 1.944676398842664355e-01
0.000000000000000000e+00 0.000000000000000000e+00 1.874061935305124799e-02 0.000000000000000000e+00 3.127131509279693772e-02 0.000000000000000000e+00 6.993592495009187671e-02 2.017587448755190846e-02 1.420948935012213699e-01 1.358019031173267888e-01 2.969336557950009916e-03 0.000000000000000000e+00 1.005584276559359953e-02 2.691531278325763957e-03 1.356772406173703815e-01 6.526861734145600336e-02 1.092778578861856864e-02 7.626868959020538519e-02 0.000000000000000000e+00 1.884207449320788198e-04 3.964750142104876869e-03 0.000000000000000000e+00 1.096015149895666202e-02 1.640806123067598266e-01 9.892649086568672256e-02
3.787187129538391751e-03 0.000000000000000000e+00 0.000000000000000000e+00 3.169856652946546199e-02 3.714158245906767908e-02 1.159472124967232121e-01 1.548329408594038281e-01 4.529531748666267010e-02 9.219449341608730586e-02 1.139611813187310640e-02 0.000000000000000000e+00 0.000000000000000000e+00 0.000000000000000000e+00 0.000000000000000000e+00 1.845086093766484803e-01 6.846100584477002315e-02 0.000000000000000000e+00 2.422083556835018248e-02 4.476292616485451868e-03 1.202766647084226453e-01 0.000000000000000000e+00 3.342680060093280309e-02 0.000000000000000000e+00 2.960526361756645602e-02 4.273110915800228810e-02
0.000000000000000000e+00 2.227307933068924301e-04 5.931343469242503219e-02 0.000000000000000000e+00 1.325796594990771154e-02 1.930721557152622336e-01 1.704115669844251668e-01 4.211357550080777577e-03 9.452286333421230577e-03 1.153491641697219211e-02 0.000000000000000000e+00 4.704010248677050615e-02 0.000000000000000000e+00 0.000000000000000000e+00 2.629935510511414998e-02 8.895182305082634244e-02 0.000000000000000000e+00 5.221239234489896686e-02 1.018391310867258412e-02 3.565100082958526199e-03 0.000000000000000000e+00 3.208778652032869775e-03 8.706988235628623091e-03 1.469941212394683394e-01 1.513610112578279709e-01
0.000000000000000000e+00 7.327259692747460987e-03 1.989155980126920686e-02 0.000000000000000000e+00 1.094484544403582062e-03 0.000000000000000000e+00 1.474912613030722741e-01 1.427148305354885016e-01 0.000000000000000000e+00 2.305267842976395920e-01 0.000000000000000000e+00 3.624999822153807116e-02 0.000000000000000000e+00 0.000000000000000000e+00 7.876205881540158937e-02 0.000000000000000000e+00 1.102691839334443572e-03 1.761339632752302597e-02 1.130481129762557707e-03 0.000000000000000000e+00 3.229289606804160856e-02 1.215779243513137875e-01 0.000000000000000000e+00 1.579844224044697487e-01 4.239950667994565187e-03
0.000000000000000000e+00 9.042802176406224135e-02 4.556939042728498646e-02 0.000000000000000000e+00 2.097310846835263864e-02 1.214358609870418333e-02 1.844085783404251777e-01 0.000000000000000000e+00 2.063018646583848759e-02 1.418293430834337288e-02 1.378686126433666462e-02 8.770209596636734106e-02 3.778180388497895392e-02 1.321158529164042240e-03 1.699323468110166269e-01 9.378731974596718479e-02 0.000000000000000000e+00 1.698221782011243020e-02 0.000000000000000000e+00 9.088234536829787810e-03 2.203047537165758740e-02 2.589354790537358106e-03 0.000000000000000000e+00 2.409649487527843896e-05 1.566382289111457327e-01
2.061788887010353871e-02 1.918352366091325562e-02 5.048513842426745335e-02 0.000000000000000000e+00 1.365911742264082074e-01 1.148543273667814169e-01 2.674739113409119740e-01 1.673287133107246010e-03 0.000000000000000000e+00 5.323001097840465018e-02 0.000000000000000000e+00 9.195182599339889878e-03 9.087968274934558888e-02 0.000000000000000000e+00 1.131786443548850468e-01 0.000000000000000000e+00 0.000000000000000000e+00 2.773416473930076856e-02 5.968388240904302401e-03 0.000000000000000000e+00 0.000000000000000000e+00 1.623012874976450734e-02 4.319842902499147763e-02 0.000000000000000000e+00 2.950611754057067340e-02
0.000000000000000000e+00 0.000000000000000000e+00 1.073862200276327894e-01 0.000000000000000000e+00 1.771288812505588187e-02 0.000000000000000000e+00 7.217638100124566802e-03 0.000000000000000000e+00 0.000000000000000000e+00 3.095986880231879623e-02 3.548945808293719681e-03 1.030653725705263507e-01 2.176956695390893856e-02 0.000000000000000000e+00 1.121623763325284295e-01 0.000000000000000000e+00 1.256834972637419223e-01 1.770142505854322562e-02 0.000000000000000000e+00 0.000000000000000000e+00 9.026920644307917518e-02 1.276472312171399448e-01 3.988162739594382916e-02 1.403437930185377214e-01 5.465034288262470702e-02
9.600839623060590869e-03 0.000000000000000000e+00 1.037573296738768108e-01 0.000000000000000000e+00 1.275892279815993846e-01 0.000000000000000000e+00 6.308672891993234721e-02 1.342221529640285071e-01 1.421342389201454663e-02 9.952939901127187683e-02 0.000000000000000000e+00 4.880443918346463045e-02 1.752013302698244429e-02 1.997319063527131910e-03 0.000000000000000000e+00 0.000000000000000000e+00 2.098191710574073832e-02 9.509529295322585729e-02 9.452949257501851860e-03 0.000000000000000000e+00 2.067137626318659230e-02 1.227154795074847232e-01 1.408822411464703654e-02 5.014998417331072850e-02 4.652378328514411576e-02
0.000000000000000000e+00 0.000000000000000000e+00 6.660769010631388543e-02 7.581776424593258262e-03 6.643559014256042450e-02 2.050520974418015493e-02 1.523751879882339066e-01 6.887667012240082653e-02 1.050220188401206900e-01 4.204367100873647629e-03 2.600436094386112448e-03 2.423018559692215624e-03 1.962937472170742277e-03 5.268778128195181036e-03 1.441049557305557408e-02 9.562317221494667785e-02 1.714614568139276665e-02 1.302483504269104884e-02 2.468097310707403555e-02 1.147489813844162349e-02 5.440096415845580360e-03 1.479829799599494903e-03 1.793881984084476355e-01 0.000000000000000000e+00 1.334676748947844493e-01
0.000000000000000000e+00 7.691816323516210974e-03 0.000000000000000000e+00 0.000000000000000000e+00 7.881813908958727397e-03 0.000000000000000000e+00 3.812555715809815698e-02 4.146806925749573630e-02 1.935055061205277153e-03 6.694317399756619102e-02 0.000000000000000000e+00 1.436830116656264145e-01 1.255197379718307749e-01 0.000000000000000000e+00 1.419890647533612049e-01 0.000000000000000000e+00 0.000000000000000000e+00 2.609067270776222261e-02 9.920462755976476588e-02 0.000000000000000000e+00 0.000000000000000000e+00 8.281738690805136305e-02 1.073384094730992083e-01 1.582978018611240489e-02 9.348182306755146997e-02
0.000000000000000000e+00 0.000000000000000000e+00 1.400500351452602654e-01 0.000000000000000000e+00 9.500214513445157105e-02 2.010266647437434703e-02 3.163973353954080969e-01 1.374899845864315240e-01 7.325590269782470548e-03 4.967120445459517579e-03 3.122229170644282362e-03 2.797825891901407555e-02 0.000000000000000000e+00 0.000000000000000000e+00 1.944373431796189711e-02 0.000000000000000000e+00 0.000000000000000000e+00 3.724852311939531174e-02 1.271221300703040402e-01 2.470135363431173216e-03 2.087849772283821223e-03 3.574878932298088813e-02 0.000000000000000000e+00 0.000000000000000000e+00 2.344347249281669363e-02
1.871513226237614749e-02 2.312252020879015848e-03 1.353984286714976226e-01 0.000000000000000000e+00 0.000000000000000000e+00 0.000000000000000000e+00 1.493910078570613864e-01 1.648350734830130587e-02 1.521737866771111398e-02 0.000000000000000000e+00 5.008361268700624704e-04 3.819045585933995152e-02 1.171141186096884279e-01 0.000000000000000000e+00 2.052806987546828554e-01 0.000000000000000000e+00 0.000000000000000000e+00 2.417257484739379278e-02 1.258717778011793353e-01 7.578258074195193261e-02 0.000000000000000000e+00 1.864638733853930808e-02 0.000000000000000000e+00 5.775783807034625371e-03 5.114707928549313415e-02
7.539902099678318093e-02 4.472089658926160435e-03 1.403104873097424030e-02 0.000000000000000000e+00 1.346979638331086138e-01 0.000000000000000000e+00 2.081821527899965687e-03 1.105453887293328386e-01 0.000000000000000000e+00 1.010442945666610720e-01 0.000000000000000000e+00 2.096863294151909141e-01 0.000000000000000000e+00 1.823558695209660536e-03 2.567221987306285425e-02 1.138811057985785000e-03 0.000000000000000000e+00 1.109505055327154183e-01 1.838617542452943704e-02 0.000000000000000000e+00 2.886217656727585673e-04 1.073217886545504811e-02 2.278095209386522824e-02 6.666190369710890164e-03 1.496028288629159264e-01
7.513576394602500741e-04 3.357267342086022854e-04 1.142546140000673394e-01 0.000000000000000000e+00 4.295601274934162522e-02 0.000000000000000000e+00 3.853246436876552050e-02 1.553001126807467824e-01 4.627290597794405519e-02 8.504574534349003401e-02 0.000000000000000000e+00 1.186903515378678331e-01 0.000000000000000000e+00 3.308589025042829590e-03 1.393408562419109209e-01 1.413156722233339241e-02 5.425686654963225025e-03 0.000000000000000000e+00 0.000000000000000000e+00 0.000000000000000000e+00 0.000000000000000000e+00 4.150126809427543556e-02 7.449646881981569248e-03 3.833654285604631146e-02 1.483665519915543796e-01
0.000000000000000000e+00 6.060776541439345105e-02 1.520392417896777315e-01 4.861688777058140350e-03 6.162013584679274653e-03 1.122783500174943105e-01 1.506777979163771881e-02 5.403759307185165839e-02 1.451963425853521582e-02 2.060109736826735548e-03 0.000000000000000000e+00 1.593828572858630999e-01 0.000000000000000000e+00 0.000000000000000000e+00 5.004524522896122013e-03 0.000000000000000000e+00 0.000000000000000000e+00 1.618480991184118034e-02 1.622348291486545857e-02 4.624432015517270129e-03 0.000000000000000000e+00 4.504969574352923195e-02 0.000000000000000000e+00 1.505990261256455742e-01 1.812969950376878692e-01
3.622094162723636830e-03 0.000000000000000000e+00 8.542771490121002509e-02 4.154189244273952600e-03 2.774580625198074246e-01 0.000000000000000000e+00 3.635279308940486676e-02 1.466046180166807322e-01 2.532865484669865469e-02 1.123541088745717287e-01 1.235580309494315821e-03 1.416355335993100747e-02 0.000000000000000000e+00 0.000000000000000000e+00 4.826732469201956699e-02 0.000000000000000000e+00 3.948806076111119334e-02 0.000000000000000000e+00 1.240284089273560597e-01 1.483015838485339348e-02 0.000000000000000000e+00 3.944406436979898400e-02 1.191456343069231816e-02 0.000000000000000000e+00 1.532605010937208856e-02
1.132514461511496262e-01 4.596372927252772439e-03 3.874582026946402254e-03 0.000000000000000000e+00 2.482683440218017706e-02 0.000000000000000000e+00 1.469404265893638484e-01 1.568760489664717261e-01 5.110569879813372032e-03 4.938192000719537206e-02 0.000000000000000000e+00 5.131804627854548440e-02 1.295977506875318694e-02 0.000000000000000000e+00 1.440786628005034098e-01 0.000000000000000000e+00 1.403520887991986914e-03 3.517914696087000239e-04 1.231006344061109647e-01 0.000000000000000000e+00 0.000000000000000000e+00 9.930203803547048291e-02 4.282362346348676796e-02 0.000000000000000000e+00 1.980370663915567708e-02
2.919873789728140434e-02 5.296172281873760823e-02 7.342512495578234089e-04 0.000000000000000000e+00 0.000000000000000000e+00 0.000000000000000000e+00 1.798186003890206996e-01 1.178362484547067213e-01 8.639094942972129140e-03 1.995232923505232611e-02 0.000000000000000000e+00 3.958142611785605419e-02 0.000000000000000000e+00 3.398987420446448939e-03 1.341471823082534542e-01 4.626464504288956003e-02 0.000000000000000000e+00 1.545427514721330609e-01 1.327810155544481910e-02 0.000000000000000000e+00 0.000000000000000000e+00 3.592597267506421332e-02 0.000000000000000000e+00 1.357482830314225277e-03 1.623624655902694836e-01
5.402371439671393299e-02 1.488025257318133232e-02 5.922848432611299736e-03 1.256286601526633313e-03 1.442569248193771025e-01 0.000000000000000000e+00 1.344051571145312152e-01 1.399341962495707081e-01 1.524746434687296662e-02 9.342900718371015267e-02 0.000000000000000000e+00 3.952819170440550339e-02 7.439588571643923620e-02 0.000000000000000000e+00 6.073623634021345363e-02 0.000000000000000000e+00 0.000000000000000000e+00 0.000000000000000000e+00 0.000000000000000000e+00 5.634392499827852070e-03 7.163730298740650371e-03 3.527745421766001477e-02 5.914340480559788713e-03 3.210041913542576938e-04 1.676729128327039686e-01
