0.000000000000000000e+00 2.865866850977404415e-02 8.656234231697267079e-02 0.000000000000000000e+00 1.678740157651492518e-03 0.000000000000000000e+00 1.778599554528583204e-01 3.470259610068156947e-02 2.556242918131859665e-02 1.494147585416529629e-03 0.000000000000000000e+00 0.000000000000000000e+00 2.962861841388510567e-02 1.263917666424157170e-02 2.525615735025699138e-01 0.000000000000000000e+00 6.725426605952979087e-02 7.779141657974068813e-02 0.000000000000000000e+00 4.016343658297621619e-03 6.920823263793535185e-03 2.246766773085985894e-02 0.000000000000000000e+00 1.044092556943241289e-02 1.597603092529762403e-01
1.944534093461203553e-02 1.013303200549370425e-01 0.000000000000000000e+00 0.000000000000000000e+00 3.545055707889692691e-03 0.000000000000000000e+00 7.755594904863097848e-03 1.660160216519869503e-01 0.000000000000000000e+00 6.928951516630338370e-02 0.000000000000000000e+00 3.453021029439112821e-02 0.000000000000000000e+00 2.355828578168707704e-03 5.557061772319863520e-04 0.000000000000000000e+00 1.499128638772565247e-01 6.955230939841861026e-02 0.000000000000000000e+00 0.000000000000000000e+00 6.147931595479711256e-03 0.000000000000000000e+00 4.244780347824892233e-03 1.624092953768835890e-01 2.029092259337527127e-01
6.231045168886949204e-02 0.000000000000000000e+00 0.000000000000000000e+00 0.000000000000000000e+00 4.229735948222815983e-02 4.345942192515591523e-02 1.428816708323695228e-01 3.808766738381987038e-02 8.938981996895051241e-02 8.437302028434253906e-03 0.000000000000000000e+00 0.000000000000000000e+00 0.000000000000000000e+00 0.000000000000000000e+00 1.633639152652323623e-01 0.000000000000000000e+00 0.000000000000000000e+00 1.968966937852333066e-01 0.000000000000000000e+00 1.210277064752830201e-01 0.000000000000000000e+00 0.000000000000000000e+00 0.000000000000000000e+00 3.479576294811509429e-02 5.705222821630845376e-02
0.000000000000000000e+00 1.860825376570211407e-03 0.000000000000000000e+00 1.592231151374787212e-03 1.496482446299321756e-01 1.853033022680675851e-02 0.000000000000000000e+00 0.000000000000000000e+00 9.631471330585242296e-02 1.773192051182997594e-02 0.000000000000000000e+00 1.065590780385786140e-01 0.000000000000000000e+00 0.000000000000000000e+00 1.431389182059852327e-01 2.019000543011246693e-02 0.000000000000000000e+00 1.199773994025795515e-02 5.572341377823294278e-02 2.627152782544776508e-02 0.000000000000000000e+00 1.752549563621865480e-01 2.266881366613420282e-02 1.513734151837081987e-01 1.143866366989606566e-03
1.944751906222470155e-04 0.000000000000000000e+00 5.341445072091149937e-02 3.765795044386135992e-03 1.673468913065365715e-01 0.000000000000000000e+00 6.977977215234144534e-03 8.345723364367313435e-02 1.952878125013890746e-04 3.561561843688118567e-02 0.000000000000000000e+00 1.695450403474107193e-01 1.484282125764462348e-02 5.172715568858509555e-02 4.522101959993656689e-02 0.000000000000000000e+00 0.000000000000000000e+00 2.346239498408988957e-03 0.000000000000000000e+00 1.822057572934851141e-02 1.217373225427255401e-01 1.485336820830696070e-01 1.068726625370512717e-02 4.063693002280503730e-02 2.553421760561391113e-02
0.000000000000000000e+00 0.000000000000000000e+00 6.975239978603017810e-02 0.000000000000000000e+00 9.865190545860408333e-02 5.023263129488428347e-02 1.578392264554357716e-01 5.469401452417556320e-02 6.483497436355713239e-02 1.512818040621728699e-02 0.000000000000000000e+00 4.673203856376874701e-03 0.000000000000000000e+00 0.000000000000000000e+00 6.178886875519705446e-02 4.762446271240308900e-03 6.916206822344264649e-02 0.000000000000000000e+00 0.000000000000000000e+00 0.000000000000000000e+00 0.000000000000000000e+00 2.365956300417579317e-02 1.681536728042287432e-01 1.521952523002942925e-01 4.471592496139943293e-03
6.709065519890324014e-02 8.823580870734017145e-03 1.282895386717697872e-01 0.000000000000000000e+00 1.575666290338827435e-01 0.000000000000000000e+00 2.269318846176609228e-01 1.686944951222841271e-01 0.000000000000000000e+00 0.000000000000000000e+00 0.000000000000000000e+00 0.000000000000000000e+00 9.402696912562225756e-03 1.168185865533460065e-02 0.000000000000000000e+00 0.000000000000000000e+00 0.000000000000000000e+00 0.000000000000000000e+00 8.435118684556219132e-03 0.000000000000000000e+00 0.000000000000000000e+00 0.000000000000000000e+00 0.000000000000000000e+00 2.130835422323121842e-01 0.000000000000000000e+00
9.285949169715351087e-03 3.498436916657572497e-03 6.344021508097049495e-04 0.000000000000000000e+00 4.097495964750788415e-03 0.000000000000000000e+00 3.451006320679732980e-02 5.403180369365851582e-02 1.099211499882662424e-01 1.436459565897382495e-01 0.000000000000000000e+00 0.000000000000000000e+00 0.000000000000000000e+00 0.000000000000000000e+00 1.037399992306429347e-01 0.000000000000000000e+00 1.413812581786461908e-01 1.740499454232497314e-02 8.609373672174968489e-03 0.000000000000000000e+00 0.000000000000000000e+00 1.673661108891583704e-01 0.000000000000000000e+00 1.752692266675110189e-01 2.660377913914765621e-02
0.000000000000000000e+00 1.775999769639355005e-02 1.533243303331289775e-01 1.712049066433142183e-02 1.452782799010636228e-01 0.000000000000000000e+00 0.000000000000000000e+00 1.484195707074024706e-01 2.499959987667324177e-02 3.754007372375036539e-02 0.000000000000000000e+00 3.958978610855666547e-02 0.000000000000000000e+00 0.000000000000000000e+00 2.630627317310720720e-02 0.000000000000000000e+00 6.779654724075036450e-03 7.785726901884364171e-02 5.441458904578664072e-04 0.000000000000000000e+00 1.033501918842042637e-03 1.204295030116726423e-01 0.000000000000000000e+00 1.280917195174927081e-01 5.492580373420857809e-02
2.310496788573406651e-03 0.000000000000000000e+00 1.466326720063131431e-02 2.770164180148072981e-03 2.212994097365481375e-03 0.000000000000000000e+00 1.566607743595682112e-01 1.235077110415961632e-01 1.407324363790941057e-01 5.758961247530052386e-04 0.000000000000000000e+00 7.353251764344016783e-02 0.000000000000000000e+00 4.608814624148771869e-03 4.234015994135063160e-03 7.176809217695843957e-02 9.197992179603254465e-03 0.000000000000000000e+00 3.929647457856763615e-02 0.000000000000000000e+00 1.411807487713722699e-02 0.000000000000000000e+00 1.917809059668048322e-01 1.429165790868244246e-01 5.112792700650639621e-03
0.000000000000000000e+00 0.000000000000000000e+00 2.406536656416064218e-03 6.032561801902889230e-03 7.034459843645543553e-02 2.626554951149962305e-03 8.139192615907822614e-02 1.089483994004098039e-01 5.948091131898909298e-03 5.216899164750058750e-03 0.000000000000000000e+00 1.223842140956444002e-01 0.000000000000000000e+00 0.000000000000000000e+00 1.403029500142777553e-01 0.000000000000000000e+00 2.359136754763002317e-02 0.000000000000000000e+00 8.221145975862916011e-02 0.000000000000000000e+00 0.000000000000000000e+00 6.812242278456209776e-02 1.612828495896118097e-01 1.935984486685584857e-02 9.982932364072752418e-02
1.918316822422951127e-03 2.074293169642205462e-02 4.205283207470338069e-02 0.000000000000000000e+00 6.765394069791949572e-02 0.000000000000000000e+00 1.002647914194461504e-01 1.520088664266004974e-01 4.044227531593220376e-02 1.007978229071944008e-03 0.000000000000000000e+00 6.116547519906839758e-02 0.000000000000000000e+00 0.000000000000000000e+00 2.679476664846247233e-02 9.570702303692713714e-04 1.692416093536502630e-01 3.928424612234271440e-04 1.440197516143806034e-01 0.000000000000000000e+00 0.000000000000000000e+00 1.125044862944445251e-01 3.886142155546821499e-03 1.535817220715010242e-02 3.958775115318540622e-02
0.000000000000000000e+00 3.161729552885932625e-03 1.499113533605390680e-01 0.000000000000000000e+00 3.763678449535328568e-03 4.429376708938908072e-03 1.546763076203512555e-01 4.206595220319605394e-02 5.419705148975582226e-02 1.413777276826515966e-02 5.829740001974910435e-02 7.146013134030868019e-02 8.376423112936929802e-03 0.000000000000000000e+00 0.000000000000000000e+00 1.302872683613116520e-02 4.974139699358908276e-03 1.158431495668386102e-01 1.248804800317736274e-01 1.786274269863464496e-03 0.000000000000000000e+00 1.691669741037947483e-01 0.000000000000000000e+00 0.000000000000000000e+00 5.843078865777184133e-03
3.588209199987708181e-02 6.074213698458446210e-04 0.000000000000000000e+00 0.000000000000000000e+00 2.438027716009768808e-01 5.895094745353659377e-02 3.215619053072509004e-02 6.301005734192731932e-03 0.000000000000000000e+00 1.436358878105720716e-01 2.426003630328755697e-02 6.426870889313902879e-02 0.000000000000000000e+00 0.000000000000000000e+00 1.990847960721239557e-03 2.468292421353055280e-03 3.354625767478955356e-03 3.188582621140742708e-03 6.614470562216151484e-02 0.000000000000000000e+00 0.000000000000000000e+00 0.000000000000000000e+00 1.149928868557805739e-01 3.274740901454691738e-02 1.652475880406640008e-01
2.265381825633341548e-02 0.000000000000000000e+00 1.104951742256925495e-01 4.058101451696589576e-03 6.143309588276519434e-02 2.274261020494121668e-03 3.341327691523297838e-02 6.935044887071692421e-02 4.339718485124541454e-03 1.361209507205738724e-02 0.000000000000000000e+00 1.388673214579033421e-01 0.000000000000000000e+00 0.000000000000000000e+00 1.147282137860063285e-02 0.000000000000000000e+00 5.891586238106751722e-02 1.292820776084077508e-03 1.231738964988753245e-02 3.080513554474691856e-02 0.000000000000000000e+00 1.323797530881008766e-01 1.593210464162873319e-01 1.329978591272081845e-01 0.000000000000000000e+00
0.000000000000000000e+00 0.000000000000000000e+00 1.917418517843139381e-01 1.237676036348821793e-03 1.515749438274933969e-01 0.000000000000000000e+00 6.361290303688212078e-02 3.514551161824436970e-02 2.372450944981147405e-02 1.321187655681997919e-01 0.000000000000000000e+00 0.000000000000000000e+00 0.000000000000000000e+00 0.000000000000000000e+00 5.554143539314152639e-02 0.000000000000000000e+00 1.602048281650372136e-02 0.000000000000000000e+00 0.000000000000000000e+00 0.000000000000000000e+00 1.133010315721809640e-03 1.748578894738780642e-01 0.000000000000000000e+00 1.446716328453536982e-01 8.619387834107372637e-03
5.199791672478490043e-03 0.000000000000000000e+00 1.400525584068163798e-01 3.893967593249487297e-02 1.455482081980299762e-02 0.000000000000000000e+00 1.407860801735976441e-01 1.377888068866451876e-01 8.262883962868446813e-03 9.474027062539683297e-02 0.000000000000000000e+00 1.679868289528924086e-02 0.000000000000000000e+00 0.000000000000000000e+00 1.066059447869032589e-02 0.000000000000000000e+00 7.203957966495825628e-03 3.642192368304719447e-03 1.365114356163824594e-01 4.544928491491541378e-02 0.000000000000000000e+00 1.562763798587676056e-01 0.000000000000000000e+00 3.139375308954947541e-02 1.173883033150399310e-02
6.083982236218295203e-02 0.000000000000000000e+00 4.095245586847091716e-03 0.000000000000000000e+00 0.000000000000000000e+00 0.000000000000000000e+00 1.403044243219769838e-01 8.463896624552809389e-02 3.217445475456281317e-03 3.408611146096469750e-03 0.000000000000000000e+00 1.668137340622246126e-02 5.744448560617465734e-03 0.000000000000000000e+00 2.812049217000676116e-01 6.586210902692031044e-04 1.306876983347871057e-01 1.920133039745545306e-02 3.508026605835453445e-03 0.000000000000000000e+00 2.178958079359903568e-03 1.532216493558812287e-01 0.000000000000000000e+00 4.125695214545774259e-02 4.915150518595851753e-02
2.717713104619191508e-02 1.482198950179776653e-01 4.901295922487810403e-02 6.586147535848642376e-02 6.205212029382713851e-02 0.000000000000000000e+00 1.345353685570400797e-02 8.371833895610593379e-02 0.000000000000000000e+00 1.058220223622462763e-01 0.000000000000000000e+00 4.756345294122416717e-02 0.000000000000000000e+00 0.000000000000000000e+00 1.500293030088171997e-01 0.000000000000000000e+00 0.000000000000000000e+00 2.500824628309432709e-02 0.000000000000000000e+00 5.301925006300793955e-03 2.909276120226087295e-02 0.000000000000000000e+00 0.000000000000000000e+00 1.354373910430690248e-02 1.741430933385782753e-01
1.507340501207195997e-03 0.000000000000000000e+00 1.293307636135744565e-01 0.000000000000000000e+00 7.162463194414477562e-03 0.000000000000000000e+00 2.382630334441179082e-02 8.879347855388187993e-02 2.116416955362885460e-02 1.491415228138202320e-01 0.000000000000000000e+00 5.908620395979335103e-03 1.472869270780286129e-02 0.000000000000000000e+00 1.614941710988077872e-01 6.239706883685013647e-04 0.000000000000000000e+00 5.599651081831128439e-03 1.105736910834599108e-02 1.805655873007219053e-02 1.181825076780433637e-02 1.116510580527591417e-01 4.994964345603072203e-02 0.000000000000000000e+00 1.881859723372592275e-01
