1.024893860639660981e-01 8.206593786270359459e-02 1.071720738288529789e-01 4.754289359685545668e-02 4.305985584578635866e-02 1.459154597636263540e-01 1.251750621208362439e-02 6.827886561219106802e-03 8.342745390587599785e-02 0.000000000000000000e+00 0.000000000000000000e+00 5.183776134672195973e-02 1.741949332618725329e-03 7.767436705849397986e-03 6.291477127050053818e-03 3.648519108137223549e-02 2.501917646175614955e-03 9.365308572298379833e-03 8.370882086420497470e-02 1.692816836827390481e-01
2.832252413324385862e-02 2.672311965197085581e-02 2.291593248586299217e-02 1.245286680869960305e-01 2.263146220741273085e-02 1.318490607831336592e-01 1.772369806228678291e-02 1.088134668817020839e-01 1.603317139792370394e-01 7.675426550936546334e-03 4.630170961892611753e-04 1.294791665880090370e-01 2.559345796311114033e-03 4.158745493794464149e-02 9.520127858406015947e-04 5.938528653787386417e-03 3.317469152450228955e-04 1.090127939714253813e-01 1.504351714854182051e-02 4.311734328392322069e-02
5.243006270003257308e-02 1.435440683813222484e-01 3.532637140400503653e-03 1.526045299866788107e-01 1.289257283736112460e-02 1.284957119107489609e-01 1.016770825644508908e-01 6.514551219864457565e-02 4.924973209326244383e-02 5.597184465786075869e-02 8.331338612052437143e-03 1.591800956081588711e-02 2.418925411826218681e-03 4.439879647799047785e-03 5.994616368593996825e-03 8.821671067193124008e-03 9.710732172806900431e-03 2.090977104052060831e-02 5.583998290767640607e-03 1.523273033568613710e-01
1.190891367208793232e-02 9.269802578566820050e-02 1.113881412296167039e-04 1.004221872972181073e-01 4.566032090087910472e-04 6.658173432204028686e-02 1.740414479486548580e-02 9.256189289575275647e-02 1.179496549365282726e-01 8.471083091603523463e-02 2.506233177666376041e-04 9.668523406199475145e-03 9.520098005681919273e-02 7.030877354919518041e-02 1.378772915358931483e-01 1.621517099153575378e-02 5.739806102085788508e-02 2.122376801248530235e-04 9.560957008083265096e-03 1.850200546308982535e-02
6.995725292996027127e-03 6.341475913562306596e-03 1.248807127831339653e-02 8.968196672076355833e-03 1.730257675328605027e-01 1.282484236176985870e-01 3.582137862793778604e-02 5.139619469976680621e-02 9.882487035012309240e-02 0.000000000000000000e+00 5.707753717482751468e-03 0.000000000000000000e+00 6.792037699430313047e-03 1.244947808249961645e-02 8.793345877942755975e-03 1.144172296315991953e-02 8.721213253935448939e-02 4.495155912765177487e-03 1.772428462938173688e-01 1.637554229282126572e-01
1.185243108013459834e-01 1.766623002754976746e-01 1.108232471112306598e-02 1.473987758552463591e-02 1.484997725286829329e-01 1.433312850172384911e-01 8.595562900225442102e-03 2.329705060145992671e-02 1.922902273688050293e-02 9.787392304140025978e-02 0.000000000000000000e+00 4.191348806498968599e-02 1.164128742551920510e-03 3.546813408176561783e-03 9.728651885882495798e-02 2.213769613273752074e-02 2.030146210039879295e-04 1.924775389894846714e-02 6.985540946391774995e-03 4.567961512699614951e-02
1.569522860956928251e-02 2.352390852843389349e-02 3.814361697897263731e-02 9.961119662822748300e-02 3.659120315917349653e-02 1.251040461449613728e-01 8.636196550231442504e-02 8.607273580772201171e-02 1.533280995566573268e-01 6.135970802674574082e-04 1.295639677279473566e-04 9.011404722199375938e-02 4.382516782487886481e-03 6.125882016536560865e-02 9.272298849626804673e-03 8.432168439268162077e-03 1.111569643908343341e-01 1.704314723824271877e-02 1.138277837811023201e-02 2.178209657004301011e-02
1.491487787714414898e-02 1.405969604226839087e-01 1.354096958787624977e-03 3.958730521201758029e-02 1.970172316273567925e-01 7.874738386561472986e-03 1.718574068065515867e-02 3.657543572969854800e-02 2.170258069909378196e-02 3.653217078963808418e-03 5.850058458373247556e-04 7.332691809431914065e-02 1.885400075378520016e-02 9.524119384506235519e-02 1.148219898013471407e-01 4.085917834643126856e-03 1.274458533714810105e-01 1.529516564066764296e-03 7.360606318933045344e-02 1.004135602716474916e-02
1.692022019295797569e-02 1.335736776113267410e-01 3.936195210136551360e-03 1.806770480706910154e-01 1.333122061272584702e-01 1.289647480988017347e-01 4.254388199314141153e-03 8.695813850734245010e-02 4.607080856905961669e-02 3.969977176956880974e-03 0.000000000000000000e+00 9.671972202541878269e-03 1.928354791337527283e-02 6.822179600229301422e-03 1.504525666420215291e-01 2.317960359407818943e-02 1.158317203555064151e-02 0.000000000000000000e+00 1.654766277719693299e-02 2.382188747116067637e-02
2.474878350052737985e-02 1.404832092862777215e-01 1.474269515260989965e-03 1.110530506595881414e-02 1.526846517155017458e-01 1.202068362749687119e-01 4.494249000902253433e-02 5.974054945599334421e-03 4.345037958461384422e-03 1.112868464625610702e-03 0.000000000000000000e+00 5.136494075795785402e-02 1.311807172082932182e-02 1.590834562248920683e-02 1.339531307813706107e-01 9.568193000499316744e-03 6.173491647871069861e-03 1.149406010652664067e-01 6.387511611187394328e-03 1.415082070563248307e-01
9.588171105653218312e-03 8.726127113054689410e-02 0.000000000000000000e+00 3.148554659828694396e-02 0.000000000000000000e+00 5.357705271790578344e-02 6.248262990357244216e-03 1.146935543601119122e-02 9.946295029860216519e-02 4.788815618623549174e-03 9.913842751816488372e-04 5.763988635627700918e-02 1.474415496194727282e-01 3.556688674755225515e-02 2.730502101104777951e-02 8.538224046932936994e-04 3.194248529994583169e-02 1.103497533913267159e-01 1.607650538292474951e-01 1.232627311692683775e-01
1.297265915452739185e-02 2.876352186132013003e-02 0.000000000000000000e+00 1.021211541873386919e-01 8.819203803804836345e-03 6.507673340955992536e-02 1.186219439101263325e-02 1.294375788686600581e-01 2.289306725497698008e-02 1.518475007977508617e-02 3.321808522347763012e-04 1.481048276132880537e-01 7.720044772308540595e-03 3.202660983696530711e-02 2.232978962632658701e-02 1.307782790074641733e-03 1.592331542988151827e-01 1.051877451526960910e-01 4.529051741756672661e-02 8.133648462874829010e-02
1.312663201550068673e-02 5.494145256665472488e-03 3.254171701908135060e-03 2.890809358191643447e-02 3.861453075691368558e-02 1.465459861805021580e-01 5.775339918321820837e-02 1.898452763490316997e-01 4.720202122404011658e-02 1.915672798669856500e-02 1.726935759152250019e-02 1.320838497099957320e-01 5.835324105599222488e-02 2.911543626307927166e-02 4.647164098557444306e-02 4.260391446145373774e-03 8.599562680356691302e-02 3.600953049708940576e-03 1.207350507581756924e-02 6.087501378220201015e-02
1.106334264102128984e-01 1.380212917693167674e-01 8.364823882328228238e-03 8.085983670428144310e-02 8.141313554291379137e-03 2.104918925678837538e-01 1.490035367862883181e-02 1.332220804657539837e-02 3.319938781489259472e-02 7.967153957107168949e-03 0.000000000000000000e+00 1.857518314012587546e-01 1.047319772329656506e-02 9.281016701646827016e-03 2.568022617494391049e-02 8.378387427812701224e-03 8.722484785589525169e-02 3.899587944308290088e-02 3.146556160994964327e-03 5.166368725549747194e-03
6.040114223241037361e-02 1.132271464968485769e-01 4.399862007068883196e-02 8.823658500409321467e-03 1.267233688987925988e-01 2.600977786644639855e-02 6.304349483960801012e-03 1.170977740645991472e-01 1.410783714631768937e-01 1.842404822647161940e-03 1.831517103739956076e-02 5.347142577086852738e-04 1.337661639232310025e-02 1.540338328621514803e-03 1.262156001039962949e-01 1.587051551839478106e-03 6.327508682821995044e-03 0.000000000000000000e+00 3.401608441582858189e-02 1.525803013294806942e-01
1.326415681307947271e-02 2.324300478499743972e-02 4.717242602093989754e-04 2.484797356435842694e-02 5.394217314635086497e-02 1.774107873221481835e-01 0.000000000000000000e+00 1.124350901429595762e-01 1.177611896759406807e-01 3.292507330279464961e-02 8.200240852422152312e-04 2.289176640254084877e-02 3.016488500822540886e-02 1.001572068273041960e-02 0.000000000000000000e+00 4.855389598734272550e-04 7.702924073400281568e-02 1.604608192166147654e-02 1.354407428623373433e-01 1.508048263305475090e-01
9.423979316813199669e-02 1.010359116956849046e-01 3.489585917257857078e-02 7.453909429101361964e-03 1.072530392318052535e-02 1.291554539908910670e-01 5.665864551887207085e-02 1.139172279203187060e-01 2.764846754487271241e-02 6.659362423320604532e-04 1.521211920765030805e-03 3.487929776014447175e-02 1.951680166901031965e-01 1.985511278816536832e-03 5.853203325365458065e-03 2.102359183237655505e-04 1.385428211083411781e-03 2.439005139888632614e-02 3.910357736859994965e-02 1.191069575219480398e-01
4.605869018704057682e-02 4.214363469138305424e-02 4.098353357853960766e-03 1.501774063473445414e-02 2.460945121143913103e-02 7.614529214896402498e-02 1.702926234017753879e-02 7.210963400515746358e-02 1.438931118310965603e-02 0.000000000000000000e+00 4.923176467271571074e-04 1.175575462809260868e-01 1.194903569009776734e-01 1.378174045645649826e-02 4.898599480316369152e-03 1.135469090119673244e-02 2.386018415068776738e-02 9.852506816512331123e-02 1.439963113553688057e-01 1.544418149023597531e-01
4.861751698524703451e-03 1.828666342753541285e-01 4.378211144254359234e-03 1.323150146834302376e-01 1.454708375051086758e-02 0.000000000000000000e+00 2.313493682162076626e-02 1.029388839335780154e-01 1.517616286772305312e-01 4.583491649150899135e-03 1.240522325569773376e-03 2.092190620570373583e-03 1.408379027344676404e-01 1.164962698180650909e-02 1.438887112790940837e-01 7.364494301477046527e-03 1.490772627165640532e-02 7.987030382838607818e-04 2.587451755678437867e-02 2.995796825663558233e-02
2.059068733906679535e-02 9.363900876292994419e-03 6.349734570239256963e-03 1.197965035549513335e-01 3.412823114429598334e-03 1.311104338285484228e-01 8.740705588916033650e-03 1.058018174087037022e-01 4.900756863994359253e-02 1.721830348636653810e-02 2.006985860511378980e-04 4.340274418580845894e-02 1.592000296206461107e-01 0.000000000000000000e+00 1.292418848817453170e-02 1.048974977906258488e-02 1.387767008706776873e-03 4.715528725360806223e-03 1.439993454140530982e-01 1.522874697846782199e-01
1.037869624829369786e-01 8.840086886300053959e-02 8.673652796694100676e-04 5.497669183186650738e-02 0.000000000000000000e+00 1.487881277319956508e-01 2.215218782667912820e-02 5.122944978341514161e-02 1.556402249182637677e-02 9.420939787763775138e-04 0.000000000000000000e+00 1.747566954195686473e-01 1.418665342827575560e-01 8.704857753176104690e-03 1.147342297667822445e-03 3.723956232681307869e-03 3.226029009209429492e-04 0.000000000000000000e+00 6.834666687459655700e-03 1.759355741556018760e-01
6.020001230843211731e-02 1.382697408314286780e-01 8.623405680293130815e-02 3.326643810755467584e-02 2.271927587978325377e-02 7.451584275426903492e-02 2.012598701465294349e-02 1.340805845528578732e-01 1.506852233702091724e-02 3.887290172216403307e-03 5.847079655934028265e-04 1.303649607679854827e-01 6.935420300435901284e-03 2.612832504274376078e-02 3.601201367577829340e-03 3.294839229687257422e-03 1.104883356510901263e-02 1.144513431832018492e-03 1.207220189521776288e-01 1.078074286157104655e-01
9.786132917572556988e-02 4.396828014679405455e-02 2.309412634346027365e-02 2.374150324220446195e-02 8.799827378505865882e-02 7.542506810587447375e-02 3.721491337510828001e-02 1.100936758565131679e-01 7.023633514521217258e-02 3.365591992199764432e-03 0.000000000000000000e+00 2.491515840790544094e-03 1.680242898963812612e-02 1.147392618037961359e-01 3.681717504488443791e-03 1.502691386741099137e-02 4.000158049193968529e-02 1.350153823329014111e-02 1.579640820851227478e-01 6.279186401537222018e-02
8.439400270890412212e-03 8.649509234044946981e-02 9.069241006838833774e-02 1.808937696291953307e-02 1.992828644474225197e-01 2.049085597725439356e-01 2.287298194444951221e-02 5.501939536466705916e-02 1.572046175557587078e-02 6.116032071020844566e-04 2.816984109336751483e-04 5.289247866882750872e-03 6.405840636201452776e-02 3.946261280054774896e-03 1.752908830273193497e-02 1.624604021409666119e-03 8.605965095545559454e-03 1.984272393867300699e-02 1.347957951629095152e-01 4.189406342443589837e-02
5.217482883766454138e-02 1.551484513339609905e-01 9.425984856993276789e-03 3.565030147747980799e-02 1.141222648415328444e-02 3.645079551628826325e-02 9.061249767879292483e-02 1.565106244087486331e-01 2.763048305407416957e-03 8.310304544312354432e-04 4.983948203474547738e-04 5.251870321083759729e-02 6.002095763229604863e-02 2.579566170479180229e-02 2.490021709852369494e-02 1.174908096466210083e-01 8.521362097031750030e-03 1.428675466759883042e-04 1.135516637376628342e-02 1.477760705151879295e-01
3.118178247242305370e-02 1.582767564416833472e-01 2.035996024363367213e-03 1.351596338409639109e-01 4.664445701533243699e-02 1.308155811554523595e-01 1.383784493429388810e-03 1.873162944018281345e-02 1.023983406496603854e-01 3.358421919794508242e-02 4.868794049865435530e-04 1.461857494045021300e-01 6.386815762045411587e-05 2.183991903097948998e-03 3.541328988563503463e-03 8.373014254101408121e-03 1.266788486501742028e-01 1.152326986825158786e-02 2.659878493767952809e-02 1.415208369958671601e-02
5.395441202612478310e-02 1.000237671910196441e-01 6.421709886172515848e-03 1.277568893851048493e-01 1.287130318926664740e-01 2.663977116781179530e-02 4.750687888269987912e-03 1.779338923982053677e-01 2.622058269893876720e-02 2.400094062973642545e-03 1.664594587442803420e-04 1.443875383178104717e-02 5.362542846000020562e-03 1.080083751035533224e-01 1.076931957994033129e-01 6.109061312795575731e-03 1.309789019391008336e-02 2.834777576174923180e-02 1.658588630642612166e-02 4.537522078834921313e-02
4.723226536190714732e-03 4.060520689604060068e-02 9.613994096590209410e-04 3.736771670747706525e-02 6.053911785787195049e-02 9.140341965192040619e-02 1.856135285305215293e-03 6.318258478381029442e-02 1.029571857596414675e-01 3.041567160271021683e-02 1.730929884667013448e-03 1.787764486411001497e-01 5.792525607032255469e-02 0.000000000000000000e+00 2.449828120206956183e-03 0.000000000000000000e+00 1.017289748521014829e-02 3.482875825086903607e-03 1.702994278684213936e-01 1.411506716143580420e-01
4.942836385096811141e-02 1.764067543467965349e-01 4.552426092163349043e-03 1.485264432360691028e-02 1.786464368793304613e-01 2.019448878941143208e-02 1.427910196499814280e-02 2.823326457458128283e-02 8.256798330534047270e-03 1.104160221989674770e-02 1.507747669665631708e-02 1.491811167818939965e-01 0.000000000000000000e+00 4.199242038063109687e-03 8.733481535700414120e-03 1.614243676974515956e-02 1.547722361054012369e-02 1.124535786114175262e-01 1.536179550827445998e-02 1.574817670754218579e-01
2.657670757981556858e-02 1.102276909236978297e-01 9.323049055144770614e-02 8.708930554144940148e-03 3.905150697338516386e-02 9.927405607631193014e-04 7.487679352487528438e-03 2.487704453995815551e-02 1.000467259606509229e-01 2.560093756617609628e-02 1.746306769619006966e-02 6.203594879038351606e-02 3.717884344240138250e-02 8.059991976085724430e-02 1.375233258996401975e-01 7.854005165921674678e-03 1.185725455135620554e-01 8.624637034437995786e-02 1.522887620666440837e-02 4.966426174723657114e-04
3.190247671635035309e-02 1.168416508291564432e-01 3.282729760454125307e-03 1.192378639597772502e-02 1.447482816546143136e-01 1.912859758030447388e-01 0.000000000000000000e+00 2.398925939065696053e-02 1.260445923270981095e-01 1.196725732231504425e-03 5.179611318343502191e-02 1.001853539895005141e-01 0.000000000000000000e+00 0.000000000000000000e+00 2.401939399480695989e-03 1.090383696154389841e-02 5.006212453002151751e-03 6.614292882735816649e-03 2.140769644762590546e-02 1.504690760730915955e-01
2.017374472054208386e-03 2.205941852999126693e-02 1.928008110260245184e-02 5.823463220509945970e-02 3.745986984109370144e-02 1.653116096923594458e-01 3.072060680007322395e-02 2.418582515427892821e-01 5.940245459528384342e-02 9.531019940855876447e-04 2.008869898065073737e-04 6.362864963644661656e-03 0.000000000000000000e+00 2.387944042687192500e-02 1.254036835922089921e-02 4.853460557421147847e-02 6.925951059734975282e-03 1.560620382985391900e-02 1.340162496371583578e-01 1.146360283840647115e-01
1.000282593583641660e-01 1.471813413395491321e-01 3.149552285529624157e-02 2.560475757722666112e-02 1.523857792018237511e-01 1.481739235272720723e-01 1.331071459775402506e-03 7.623228809262897268e-03 1.135060241038523682e-01 1.816923511055896188e-03 6.909156459872381993e-03 1.396709293460005052e-02 0.000000000000000000e+00 2.108998552830913809e-02 2.688589142104760507e-02 7.790956820913378864e-03 1.078692815148301308e-02 3.606274173176159201e-03 3.271542822080664159e-02 1.471014545463130430e-01
9.056573588148962572e-02 2.394221438011652145e-02 1.025140936136786701e-03 2.109814838189416272e-02 1.290863619383720018e-01 6.163243269498050458e-02 3.966895687010376335e-03 1.369129475306614940e-01 2.444759021774003255e-02 4.611049935668934570e-03 1.677104773220637049e-03 9.581517912237236256e-02 5.069407903445316554e-02 8.578993257029020325e-02 3.383446223958305049e-02 6.322623765568439677e-03 1.074986929302860633e-01 1.641930684325631357e-02 3.207683451000192809e-02 7.258326662689752740e-02
1.190455703052520006e-02 2.948969595223855863e-02 2.297717637417325681e-02 4.442431163306631570e-02 2.067305897071247678e-01 1.547314606362744371e-01 2.618320923691368901e-02 1.375297927642354923e-02 1.034202390724343057e-01 8.852229468652361710e-02 5.329615795644888302e-04 3.234465455809908824e-02 1.180932553207151257e-02 5.040484552121162615e-02 8.300478106256152337e-04 5.110599657008332852e-02 2.157872050709083549e-03 1.160204356226563101e-02 1.293192905306980167e-01 7.756448678973799915e-03
1.278024570398050841e-02 9.444154203613512599e-02 6.860283036257169842e-02 1.140386725328885603e-01 2.096882656275619872e-02 2.167566337611244454e-01 2.126479797293126615e-03 2.265613537788650766e-02 1.269333821374398485e-01 6.466692012433995470e-04 2.225098326859009375e-04 1.527541120633290062e-01 7.368922425731411034e-04 7.537050324358734532e-04 1.974979080768774972e-02 1.506321566336970598e-02 1.197902265997618787e-01 1.517112495585688087e-04 4.904305585822303290e-03 5.922113449456463917e-03
4.413334970237854649e-02 7.266878310391328144e-02 1.010519545581497619e-01 2.233103090186886255e-02 5.290511781014612530e-02 8.674212847556804495e-02 8.896711001748868267e-03 7.103078025152906316e-02 3.898574688469642890e-02 1.781437035069421840e-03 1.668667776666437307e-03 7.080689991204716649e-02 5.345381645357875217e-02 5.014974408507772569e-02 1.440548723473651094e-01 3.306900894759195867e-04 2.079188058484285166e-03 1.841207524376646532e-02 6.957323741310594140e-03 1.515596825671590986e-01
4.479268715787533203e-03 4.052905792784274042e-02 5.943300965376966186e-03 1.086873226039221929e-01 8.315386713211740666e-02 1.513639309069159944e-01 3.136611969659457849e-03 1.089114216993548878e-02 6.242734084368511266e-02 2.921057600194550130e-02 6.493110711007831024e-04 2.985089041888627434e-02 1.611302322837513401e-01 4.982128134173643280e-04 3.291741516768904516e-04 0.000000000000000000e+00 6.409855501585979892e-04 0.000000000000000000e+00 1.523437772160579351e-01 1.547349972577624078e-01
0.000000000000000000e+00 5.255766154148490410e-02 1.197009232733098165e-02 1.462615344825595187e-01 1.716468309690406813e-01 2.080433099624676152e-02 2.013264189813815386e-02 5.982954406684681814e-02 9.870138484240841004e-02 3.587619236342850029e-03 4.773507145873354053e-04 1.317468932140996099e-02 7.893184333943737818e-04 4.778434660704035560e-03 7.466164989546830721e-03 5.479091369153041291e-02 9.022005941612202748e-03 2.117771304014845757e-01 7.982638939634625896e-02 3.240596208898505193e-02
1.702460041313981140e-02 1.315745052372598867e-01 2.236995033381975004e-03 1.729564654659080866e-02 1.506557284904501415e-01 2.180201896062591155e-02 3.328310546463926749e-04 2.863836180476971721e-02 1.250987229923651300e-01 4.288412524022178901e-02 9.477419166041204171e-03 2.076512289316032045e-03 7.552545343066257612e-03 5.334396212907589925e-03 7.100567992008259728e-03 5.208460072528433389e-04 7.229697478318731184e-03 1.421831533082559551e-01 1.420634352236629649e-01 1.389178912057185689e-01
1.170943300647760144e-02 7.016049297769580417e-02 0.000000000000000000e+00 2.492649692046356238e-02 4.137915536607752326e-02 1.768018832299712850e-01 4.005104969104065354e-02 1.706794322121010510e-01 5.959697723074037362e-02 9.911502073336572911e-04 1.284975108977772602e-03 4.489187402904716573e-02 7.664226617206597141e-03 1.643797122478503001e-02 1.216932718568618371e-01 1.169689824424886013e-03 3.820163165988249305e-03 2.347621644470992974e-02 3.105966311331010213e-02 1.522058777727867684e-01
9.242147338696761472e-02 1.234773928862714365e-01 3.035527643669130513e-02 9.168536688426918990e-02 8.436772514812831969e-02 1.375480853513392498e-01 0.000000000000000000e+00 2.215822109764337133e-02 5.471797592118909231e-02 0.000000000000000000e+00 0.000000000000000000e+00 1.228774520532650502e-02 1.568754402016950544e-01 9.050881591264997236e-03 2.512431888401145744e-02 2.565660716673943617e-02 1.787873291530150000e-03 1.165870137656246572e-02 8.783308984055626656e-02 3.299382532981399302e-02
5.792364173605690086e-02 8.282975015007661146e-02 3.915558565387002726e-02 5.418730152353339047e-02 2.672794497881481046e-01 4.148830927318437889e-02 6.506113926505769675e-03 3.075411861975691635e-02 3.548342089355453755e-02 0.000000000000000000e+00 0.000000000000000000e+00 4.976580916022969175e-02 1.770754805811213320e-02 1.094325439914156511e-01 1.771181023067870891e-03 8.151477488437166435e-03 2.243471883780317512e-03 1.598626047127584687e-02 1.333184473083262600e-01 4.601556905066832293e-02
1.766895994769243639e-02 1.266882269562913388e-01 6.915128414390553542e-03 6.311347237714190483e-02 0.000000000000000000e+00 1.156529424225495178e-01 2.555538375421696415e-02 5.043265290235194459e-02 2.437315717749429997e-02 1.326719721921097370e-02 9.532652924734065112e-04 2.285518054490493223e-01 1.181063742714394960e-01 5.506073486628296036e-03 1.159368968781495680e-02 4.673781865365552769e-03 1.692540595092598688e-01 5.544946719956352597e-03 8.143347001048240053e-03 4.005535545624639392e-03
4.081470322504589243e-03 1.455493904981448594e-01 6.653432084164479345e-04 1.851734746686844665e-02 1.321476782126674854e-01 1.003820382426500075e-02 3.611377020240517412e-03 9.712280671693278300e-02 6.363055900163136144e-03 1.624051204368515328e-04 6.365466499488943442e-03 7.848467158957687928e-02 2.877446828040180777e-03 1.165460972401820144e-01 1.450804734993890732e-01 0.000000000000000000e+00 1.498479166388655068e-02 5.267133974492507059e-02 3.568810861385759287e-02 1.290425260300134824e-01
9.921230504067079375e-03 1.176344280622103056e-01 6.528781419034640314e-03 6.369973787641236562e-02 2.427809808182346523e-03 3.922425708847835681e-03 3.834131211834740371e-02 2.472026748203027813e-01 1.064548954285763904e-01 1.424569447867096370e-02 1.532633714160166593e-03 6.427768361996410648e-03 1.291395892174062865e-01 2.874513715235207240e-02 1.666640660386928404e-04 1.003219921467926341e-03 1.453706844468190783e-02 8.805061095355060097e-02 8.603136691538609826e-02 3.398695102830766313e-02
1.201729667101043425e-01 1.254750338239497658e-02 1.129904665890183769e-02 6.585827758223887496e-02 4.597337411183535782e-02 1.170932755301266198e-01 3.076604885796995273e-02 2.032174563631383366e-02 9.230123843152088225e-02 5.461726690996267231e-02 1.440145600097464396e-02 2.875443430007871420e-02 0.000000000000000000e+00 2.833261075235032206e-02 7.985253559745948693e-03 7.241597247363623646e-02 8.717597707462512724e-02 6.427499594326550360e-03 2.607417121789245423e-02 1.574818812150005909e-01
2.718150880246622200e-02 7.138609969982484538e-02 3.133826930660383973e-03 1.064194120674249733e-01 1.960720334029677492e-01 1.395767310656417792e-01 2.233469751620281718e-02 3.300022307981220065e-02 0.000000000000000000e+00 4.540780147566606667e-02 1.216572392686070042e-03 1.816724298343257247e-03 1.548058837832158030e-01 3.292885177766068094e-02 9.920964631744430638e-04 4.073918041892577238e-03 1.130528801699657616e-02 4.965810601318436206e-03 1.059967820692435114e-01 3.738573851480152949e-02
6.188335408065366756e-03 1.347299982484135572e-01 1.427911459649756649e-03 5.443088019879587999e-03 3.407920500753634785e-02 1.166328392341632776e-02 1.154943791601396527e-02 4.610772245959459531e-02 1.808331288316617214e-01 1.588195682876458736e-02 2.368180020412025914e-03 2.615224998448702209e-02 1.035680306583487281e-01 2.802474324579050814e-03 6.238347747341779596e-03 2.173463807434649828e-02 1.203261153784626336e-01 3.958000134469202153e-02 1.869107666408645341e-01 4.241512772346989896e-02
1.286905789834261334e-04 4.962954017329484352e-02 7.760731003697650789e-04 9.564110302546077400e-03 1.659654396604514914e-01 1.668970406514673210e-01 8.805429019373040012e-02 8.534075607986996159e-02 1.653275690658391472e-01 4.832444839995250524e-04 0.000000000000000000e+00 2.053242821373058372e-02 1.639661878743147415e-03 4.681193764569106103e-03 1.932767300950214784e-03 4.061738920128642877e-02 1.216589495110744976e-02 5.881427037456638321e-03 1.340486267799846365e-01 4.633385658161976589e-02
