0.000000000000000000e+00 0.000000000000000000e+00 1.398019309907271891e-02 1.738027811112297615e-03 1.407535250818988670e-01 8.931383535808206167e-03 2.414744225459874993e-02 1.614958139236458839e-02 8.894805635304117025e-03 1.903184682865231500e-02 0.000000000000000000e+00 5.888930330221062853e-03 5.502300253805352676e-02 1.722975878783313550e-03 2.838625350006229175e-01 7.049468769831312986e-02 1.621911523101531583e-01 0.000000000000000000e+00 3.633918291949023160e-02 0.000000000000000000e+00 2.561306266199160110e-03 0.000000000000000000e+00 6.113502343411407643e-03 1.466483200893942303e-02 1.275110870670009000e-01
5.986693494011656458e-02 2.209855717926709553e-02 8.007863781890837973e-02 0.000000000000000000e+00 1.041190381147926447e-01 0.000000000000000000e+00 8.420173787369825136e-03 0.000000000000000000e+00 0.000000000000000000e+00 4.661019022184341790e-03 0.000000000000000000e+00 4.453939411580802588e-02 0.000000000000000000e+00 2.954195708211610968e-02 1.704377176956291262e-01 0.000000000000000000e+00 1.710002700333763948e-01 7.876528490114925035e-03 0.000000000000000000e+00 0.000000000000000000e+00 1.235171298532495091e-02 0.000000000000000000e+00 0.000000000000000000e+00 1.636622918548909233e-01 1.213457668801005973e-01
1.252777417348372281e-03 5.182115882082679453e-02 1.153591962682280758e-01 0.000000000000000000e+00 4.359833257997040162e-02 0.000000000000000000e+00 6.942888715914524722e-02 0.000000000000000000e+00 2.670999330870752961e-02 4.004622195093704429e-03 1.348500175193100524e-02 7.929577885062084885e-02 1.545745777680041953e-03 8.407751646402011544e-03 7.713306339507380871e-02 0.000000000000000000e+00 1.453740090776961058e-03 3.151543671175306011e-02 1.042915963315139694e-01 1.110102796182558943e-01 8.735768916245135194e-04 3.633963390719849307e-02 1.472759021824795456e-01 6.791179310225865795e-02 7.285731993111103921e-03
0.000000000000000000e+00 2.676254910431850181e-02 7.881377227815757058e-02 0.000000000000000000e+00 1.393458965356571613e-02 0.000000000000000000e+00 0.000000000000000000e+00 0.000000000000000000e+00 5.477956474983525920e-02 1.627711174610808886e-02 2.014397071601617406e-02 1.384392999835208637e-01 0.000000000000000000e+00 8.661029722657264535e-03 8.532443351342325691e-03 6.179122541893507931e-03 1.744872914257144803e-01 6.619012660064676166e-03 0.000000000000000000e+00 6.929270311326853060e-02 9.357774035319013639e-02 0.000000000000000000e+00 1.164503288327572855e-01 1.665130400802826982e-01 5.364296873069377596e-04
0.000000000000000000e+00 0.000000000000000000e+00 0.000000000000000000e+00 0.000000000000000000e+00 0.000000000000000000e+00 0.000000000000000000e+00 1.357565133050121775e-01 0.000000000000000000e+00 0.000000000000000000e+00 1.419926968338441065e-01 1.045884548249728825e-02 9.515001713957765839e-02 0.000000000000000000e+00 3.360645131402185959e-02 2.109984591482816918e-01 0.000000000000000000e+00 0.000000000000000000e+00 0.000000000000000000e+00 0.000000000000000000e+00 6.497042678128285044e-03 6.642286334409103210e-02 1.049610290638785040e-02 1.219913563723999256e-01 1.666296514757581726e-01 0.000000000000000000e+00
0.000000000000000000e+00 4.722037872943008613e-02 1.294859041216509243e-01 1.383286536214414731e-03 0.000000000000000000e+00 3.708298221910424214e-02 1.390188770477293334e-01 0.000000000000000000e+00 2.141126265216782270e-03 1.323819278779813369e-01 3.524095140351798851e-03 4.722062811239834124e-02 0.000000000000000000e+00 3.368045821686240816e-03 1.269082071631904007e-01 3.435341870895836742e-04 4.738444589792388181e-03 0.000000000000000000e+00 2.906633366610662100e-02 7.576929893985484207e-03 6.207580080823918434e-02 2.365698747626947176e-03 2.742631106255951495e-02 5.224581190414471360e-02 1.444256761055016658e-01
0.000000000000000000e+00 1.440643898443911240e-02 0.000000000000000000e+00 0.000000000000000000e+00 1.040682172279757817e-01 0.000000000000000000e+00 4.342808118217154206e-02 8.822771998638571228e-03 1.395913442463462932e-02 0.000000000000000000e+00 0.000000000000000000e+00 0.000000000000000000e+00 0.000000000000000000e+00 0.000000000000000000e+00 2.662493610386270637e-01 8.365764640486128556e-02 1.093657845753035485e-01 0.000000000000000000e+00 1.583774751775168799e-01 3.443654012632721678e-03 0.000000000000000000e+00 0.000000000000000000e+00 2.463663661035063804e-02 6.019440716616027837e-02 1.093903911966878917e-01
4.397271811218522383e-03 9.121556399068518617e-02 4.425316014467070569e-02 1.524533723593603056e-02 0.000000000000000000e+00 0.000000000000000000e+00 4.090176542116998049e-02 7.408434730076861319e-02 5.007416314026053028e-02 1.741905107974279776e-01 0.000000000000000000e+00 2.094552847943745560e-03 0.000000000000000000e+00 1.740207399450410157e-03 1.354458809097811023e-01 0.000000000000000000e+00 6.811004726220629135e-02 4.716846950217993412e-02 1.189220536741789763e-02 1.045951264737618458e-01 7.008141478623268472e-02 1.336520587471322005e-02 1.296597011972657441e-02 1.528570604011274953e-02 2.289309357433600908e-02
0.000000000000000000e+00 0.000000000000000000e+00 5.401311879859634763e-02 0.000000000000000000e+00 2.630580830735182885e-03 0.000000000000000000e+00 5.680163455855780780e-02 3.782426419965370830e-03 0.000000000000000000e+00 1.306391352991681520e-01 1.315891828152048436e-02 4.966189489176912886e-02 0.000000000000000000e+00 1.786616823657203451e-02 1.423547407827508993e-01 1.745157365424920490e-02 1.044668557652226881e-01 8.786308670627841289e-04 1.091768213272960031e-01 4.864335260137104579e-03 0.000000000000000000e+00 7.564005138269618012e-02 1.203849933415701151e-01 9.622812030213037660e-02 0.000000000000000000e+00
0.000000000000000000e+00 0.000000000000000000e+00 1.498105334725806925e-01 0.000000000000000000e+00 1.353387131259002792e-02 5.912613290374451464e-02 1.460761748216956313e-01 1.245963554452530209e-01 1.917226935995433937e-02 1.214442084946740497e-01 0.000000000000000000e+00 4.618133191304488704e-03 0.000000000000000000e+00 1.067516447991311186e-02 7.070761324115824864e-02 1.877541355470744786e-03 3.313478828945966292e-02 0.000000000000000000e+00 0.000000000000000000e+00 2.776221239603415391e-03 2.270747870626228793e-02 0.000000000000000000e+00 6.645742444970216545e-02 1.747162412012401300e-02 1.358144651165096306e-01
0.000000000000000000e+00 4.394268705140386144e-02 1.281233769721453197e-01 1.564347973878431461e-03 5.207648663898079358e-03 0.000000000000000000e+00 1.015435632144199296e-01 0.000000000000000000e+00 1.727666012992510464e-02 0.000000000000000000e+00 0.000000000000000000e+00 1.290422091772728819e-01 1.176678572690270513e-01 2.972649601554276308e-02 1.762648286065081893e-01 0.000000000000000000e+00 8.091106362351021403e-03 0.000000000000000000e+00 1.415570080057357572e-01 8.182069391464324645e-03 1.440910285481308405e-03 0.000000000000000000e+00 2.269708716799228101e-02 2.000769662485516603e-02 4.766444708809861042e-02
0.000000000000000000e+00 0.000000000000000000e+00 5.052870409624352771e-02 0.000000000000000000e+00 2.045865435725604045e-03 0.000000000000000000e+00 9.246522132162564300e-02 1.754899467471113250e-02 8.484902409490260866e-02 2.607535964847421377e-03 0.000000000000000000e+00 1.415279218778073105e-02 0.000000000000000000e+00 0.000000000000000000e+00 2.738769568790515030e-01 0.000000000000000000e+00 0.000000000000000000e+00 0.000000000000000000e+00 1.193573010528614364e-01 7.768304688474299280e-02 0.000000000000000000e+00 5.579005890056073363e-02 1.363917903252084007e-01 4.646706552929327771e-02 2.623564265244503896e-02
0.000000000000000000e+00 8.421015474979920423e-03 4.247514301069863635e-02 0.000000000000000000e+00 8.981776208397572112e-03 0.000000000000000000e+00 0.000000000000000000e+00 4.298782091478790812e-03 1.129493245171483695e-01 2.237766316803808421e-03 0.000000000000000000e+00 0.000000000000000000e+00 0.000000000000000000e+00 0.000000000000000000e+00 1.889049354407297820e-01 2.097773231333312574e-02 1.339778338138049585e-01 1.010523837682934939e-01 1.618001225917935493e-01 0.000000000000000000e+00 0.000000000000000000e+00 5.629435314330002993e-02 1.315560205718477593e-01 9.418941558004010955e-04 2.513091658158988703e-02
2.055810745457288188e-02 6.657944016306957535e-02 1.188399159295614599e-02 0.000000000000000000e+00 1.417205807387925988e-02 5.392080204833948898e-03 1.410034891141048741e-01 0.000000000000000000e+00 0.000000000000000000e+00 1.330641998230811252e-01 8.901422578729619329e-04 6.120777408824447374e-02 1.267090826810187906e-02 0.000000000000000000e+00 1.965557397212538138e-01 0.000000000000000000e+00 1.093799896165918197e-02 1.073258977304001882e-01 1.350460875471202749e-01 0.000000000000000000e+00 0.000000000000000000e+00 2.289450899914902745e-03 7.512449711317850665e-02 5.298136985756003899e-03 0.000000000000000000e+00
0.000000000000000000e+00 5.213398501654788186e-04 7.118147315100940842e-02 8.706494718028859629e-04 2.333552671790366934e-02 0.000000000000000000e+00 3.162278212227740554e-02 8.423256558530560489e-02 5.722558557405513918e-02 8.463081116069789966e-02 0.000000000000000000e+00 8.519733259004207138e-02 0.000000000000000000e+00 4.584069214445733731e-02 2.863824254628059146e-02 0.000000000000000000e+00 7.508015113685445434e-03 3.680601801083505098e-02 5.331806121263021891e-03 1.135690719423933931e-01 0.000000000000000000e+00 6.408534529250659029e-02 1.359852784231999900e-01 1.176537249122874412e-01 5.763739269831666054e-03
