0.000000000000000000e+00 1.389589652761323048e-02 3.166030456534486229e-03 2.217486438408181396e-02 4.386145768577151549e-02 8.467712593088336237e-02 0.000000000000000000e+00 8.541168364056488755e-04 2.214286606092895696e-03 0.000000000000000000e+00 0.000000000000000000e+00 2.759798986296024825e-01 1.372867846167957484e-01 0.000000000000000000e+00 4.860563612294435676e-03 1.381533171274348104e-01 0.000000000000000000e+00 1.468440242573204324e-01 1.260316333291690016e-01 0.000000000000000000e+00
1.457609769618720824e-02 9.286825285294680876e-02 2.256357772261703351e-02 1.548196186490296555e-01 1.373612261621756647e-01 1.636175092664221911e-03 1.605021584406798874e-02 2.395653004866960256e-01 1.000987429925421501e-01 4.979432923374969150e-03 2.506703571246547690e-02 1.581235223446625371e-01 0.000000000000000000e+00 0.000000000000000000e+00 0.000000000000000000e+00 0.000000000000000000e+00 0.000000000000000000e+00 6.927571835510105535e-04 0.000000000000000000e+00 3.159804433701914050e-02
7.111886864703419187e-02 5.622486044420467455e-02 6.814783963381447485e-02 2.257575496228588982e-02 1.009397559789411980e-01 5.140868192853587787e-02 2.764433437069219873e-02 5.209904169624723566e-03 1.521142517931383387e-01 0.000000000000000000e+00 2.428719620895801456e-02 7.070285981167891143e-02 0.000000000000000000e+00 1.151942330444698757e-02 3.911797498033103143e-02 0.000000000000000000e+00 0.000000000000000000e+00 1.490369226144414305e-01 0.000000000000000000e+00 1.499513711518719872e-01
0.000000000000000000e+00 2.872290990650248552e-02 9.786525182486949942e-03 3.492417925070806506e-02 2.419802439339849634e-02 7.009219745964459514e-02 9.967185674576392596e-02 1.381998229203983686e-01 1.291170249055567654e-01 0.000000000000000000e+00 2.887877756977691533e-03 3.100013241165845007e-02 1.042948393826712006e-01 1.203145694898553539e-02 0.000000000000000000e+00 1.677236741964230424e-03 1.817154452660834155e-02 1.498683514349784807e-01 1.453560200316963702e-01 0.000000000000000000e+00
1.448646838190442362e-02 7.978963826428443762e-02 0.000000000000000000e+00 4.889684114122302278e-02 4.857050811099097865e-02 0.000000000000000000e+00 0.000000000000000000e+00 1.290063913867432466e-01 1.191956388118403133e-02 0.000000000000000000e+00 0.000000000000000000e+00 1.873775682858070946e-01 1.106998941831915106e-01 2.453578587468908598e-02 1.771360416477773744e-02 0.000000000000000000e+00 5.066136944165165919e-03 1.564000530603150418e-01 2.587554501710886967e-02 1.396620013036153074e-01
2.194712524184895194e-02 6.686907358177233973e-02 0.000000000000000000e+00 1.048258651336590186e-01 1.257347979838138174e-01 1.340070110179218676e-01 4.019195073732054202e-02 5.601264458657891077e-02 3.711456115098812902e-02 0.000000000000000000e+00 0.000000000000000000e+00 1.623202908751203155e-01 0.000000000000000000e+00 1.226446070972561121e-02 7.688152445534308412e-04 1.158799330462604860e-01 0.000000000000000000e+00 1.220634706904366040e-01 0.000000000000000000e+00 0.000000000000000000e+00
2.084480466512435293e-02 0.000000000000000000e+00 0.000000000000000000e+00 1.544779922459257604e-01 1.531078519184312647e-01 2.005262071677562513e-02 0.000000000000000000e+00 2.600600096838570074e-01 1.554007606034513433e-01 0.000000000000000000e+00 8.613135845533755053e-03 1.642864869054125043e-01 1.529388217023704361e-03 4.534915392079680307e-02 0.000000000000000000e+00 6.845913134356727261e-04 0.000000000000000000e+00 3.875818374742411639e-03 1.171738558948983745e-02 0.000000000000000000e+00
4.544892885343185945e-03 0.000000000000000000e+00 9.487531445284521497e-03 3.636130223083720858e-02 1.769991421762735218e-01 8.602446755954180901e-03 0.000000000000000000e+00 1.345213727713450713e-01 1.169061832095082271e-01 0.000000000000000000e+00 0.000000000000000000e+00 2.422806823172186930e-01 9.382611404928477283e-02 2.464461204025840055e-02 1.606916662578516041e-03 0.000000000000000000e+00 0.000000000000000000e+00 1.319338154735457680e-01 0.000000000000000000e+00 1.828498798256789418e-02
3.645999643297188897e-02 0.000000000000000000e+00 0.000000000000000000e+00 4.251706840791092540e-02 1.384096560898775141e-01 5.717769280321381015e-02 0.000000000000000000e+00 1.463061816749900157e-01 7.196880259051649520e-02 6.266824800885613389e-02 8.327494385600095472e-02 0.000000000000000000e+00 1.996614491397392466e-04 0.000000000000000000e+00 1.313406002060589217e-01 1.539840015499924913e-03 0.000000000000000000e+00 1.649072946105940574e-01 5.086481855899333687e-02 1.236519529537625020e-02
1.857995647432449798e-02 1.874242676254169121e-03 1.006964013841463446e-01 6.204587575511042591e-02 1.374888888957968014e-01 5.824389923596468011e-02 0.000000000000000000e+00 1.424744903010498609e-01 4.798022091309093323e-02 5.620812666529934748e-02 0.000000000000000000e+00 1.705743887547846449e-01 0.000000000000000000e+00 0.000000000000000000e+00 1.659147264045074954e-01 1.849602863618329471e-02 0.000000000000000000e+00 0.000000000000000000e+00 0.000000000000000000e+00 1.942275390348750450e-02
1.980279683867793017e-02 5.135887011593114060e-03 0.000000000000000000e+00 2.724956266045692327e-02 2.475647867242921490e-02 9.012004970041957719e-02 0.000000000000000000e+00 0.000000000000000000e+00 1.296786006995984120e-01 3.708717434483811606e-03 0.000000000000000000e+00 2.370346384574218701e-01 4.067455661611514561e-02 0.000000000000000000e+00 4.706544151545920263e-02 0.000000000000000000e+00 9.468455555390454625e-05 1.321137091484416715e-01 1.290138069711672664e-01 1.135510697181818796e-01
0.000000000000000000e+00 0.000000000000000000e+00 8.739041630883006770e-03 6.231596340741422761e-03 0.000000000000000000e+00 8.124999296415819083e-02 0.000000000000000000e+00 9.270143528556232249e-02 4.283307078566429837e-02 1.228066999840633777e-02 0.000000000000000000e+00 3.262505549962298468e-01 5.613510655403182448e-02 0.000000000000000000e+00 5.659216155924245636e-03 1.229438489575643834e-01 0.000000000000000000e+00 1.424334180118110027e-01 5.353362947149894720e-04 1.020067120243080272e-01
1.359319370670732498e-03 1.259544414225221565e-01 1.452471050514656491e-02 1.708503001278804251e-02 0.000000000000000000e+00 8.586944924987071964e-04 4.108981152985998614e-02 2.655551371929266644e-02 2.581169341167023346e-01 2.559566199880417697e-02 2.809813586267554883e-03 1.767580744690739059e-01 4.174741918654891783e-03 3.113330859276806570e-02 1.549110668391093792e-01 1.622010930442427737e-02 9.725310074179824293e-02 0.000000000000000000e+00 5.599667379618250909e-03 0.000000000000000000e+00
6.185689130642420264e-02 0.000000000000000000e+00 0.000000000000000000e+00 3.181399461359864927e-02 0.000000000000000000e+00 1.771922596099223188e-02 1.557338811777376781e-03 1.276414557065514987e-01 0.000000000000000000e+00 0.000000000000000000e+00 1.266955303141047151e-02 3.897354925295536399e-01 6.291366154556116141e-02 0.000000000000000000e+00 1.443508209107076112e-01 1.052093700235882771e-02 4.328552125311152347e-03 1.348920764557532959e-01 0.000000000000000000e+00 0.000000000000000000e+00
2.040031160660432316e-02 4.719107095082881315e-02 1.372437247892682212e-02 3.864533082645688067e-02 8.220945606119445248e-02 0.000000000000000000e+00 0.000000000000000000e+00 0.000000000000000000e+00 1.779509418178618907e-01 6.523085443525320068e-04 0.000000000000000000e+00 1.788551168420403903e-01 2.659557854167028234e-03 0.000000000000000000e+00 1.683000035291755125e-01 1.070192848925557716e-01 6.143090370370103866e-03 1.359181724130597291e-01 5.122095022261310320e-04 1.981877231017958180e-02
0.000000000000000000e+00 1.215240736739661154e-01 5.425422225439559265e-02 7.337944539247333309e-02 0.000000000000000000e+00 0.000000000000000000e+00 0.000000000000000000e+00 9.117254100665876659e-02 5.828933399190137227e-03 0.000000000000000000e+00 0.000000000000000000e+00 1.591404251311143714e-01 1.427234840172259267e-01 0.000000000000000000e+00 1.401562294386785729e-02 0.000000000000000000e+00 0.000000000000000000e+00 3.569545031330836893e-02 1.377903235985135089e-01 1.644754782692860462e-01
1.409930545108462885e-01 0.000000000000000000e+00 0.000000000000000000e+00 9.004606900077233300e-03 1.279015954835264479e-01 2.511976794367557983e-02 3.976446159012194705e-03 1.409305724911634472e-01 1.484362545564948954e-01 0.000000000000000000e+00 3.238719642745072069e-02 1.625832902928939783e-01 0.000000000000000000e+00 0.000000000000000000e+00 3.558868486452008983e-02 2.059916163637331987e-02 1.178349438949652644e-03 1.296731633384315685e-01 1.689049921285894901e-02 4.737356743725635623e-03
4.723268603268284370e-03 1.767180969895771891e-01 7.669911967907271089e-02 0.000000000000000000e+00 8.078454652701307082e-02 0.000000000000000000e+00 1.207139805590240825e-02 0.000000000000000000e+00 1.653023534231969072e-01 5.860870838031149478e-03 8.288153989723642812e-02 2.168931977218950535e-01 0.000000000000000000e+00 1.439422308690423494e-02 1.710930148148031085e-02 0.000000000000000000e+00 3.236114952345279031e-03 1.607143280702411081e-03 0.000000000000000000e+00 1.417188254633745537e-01
2.928420659646970015e-03 1.472810185694183732e-02 0.000000000000000000e+00 1.045186942893380488e-01 0.000000000000000000e+00 3.436548981858465399e-04 3.647653832059939705e-02 4.574073484850566494e-03 1.947171612798769824e-01 1.397118051561572344e-02 0.000000000000000000e+00 1.299366717755131295e-01 1.744189504825066975e-02 4.767364623794100205e-03 6.645805791267173600e-03 7.204902084974164345e-02 0.000000000000000000e+00 1.497873531531748181e-01 1.638362472083744470e-01 8.327781624482856471e-02
0.000000000000000000e+00 0.000000000000000000e+00 1.369264346761888684e-01 0.000000000000000000e+00 1.338586166898248497e-01 0.000000000000000000e+00 1.579209293318814544e-02 1.714465204805392939e-01 0.000000000000000000e+00 0.000000000000000000e+00 9.314561246685275353e-02 6.416102559384875836e-02 0.000000000000000000e+00 0.000000000000000000e+00 0.000000000000000000e+00 7.508330865578878577e-02 0.000000000000000000e+00 6.718883112820944574e-03 1.465152931319609053e-01 1.563522122589866004e-01
1.026176142726437091e-02 1.263807901220826424e-01 0.000000000000000000e+00 2.233736200463831700e-02 0.000000000000000000e+00 2.004703563324649121e-03 5.445098186459557815e-02 2.268770196865354735e-02 6.470718649159168390e-02 5.121834492845084644e-03 1.943285515692618056e-03 1.878956270131924011e-01 5.780336979746599629e-02 0.000000000000000000e+00 8.566761035574199179e-04 1.181094849193892460e-01 5.579634807062168467e-02 0.000000000000000000e+00 6.637979985902752247e-03 2.630049066591820806e-01
2.668660863798655303e-02 1.592438637798584689e-01 4.241333996340437146e-03 0.000000000000000000e+00 4.614653195225022764e-02 0.000000000000000000e+00 0.000000000000000000e+00 1.439269868771715921e-01 1.250151293575542388e-01 0.000000000000000000e+00 0.000000000000000000e+00 1.568704912702912069e-01 2.040932317123266351e-02 0.000000000000000000e+00 6.894324552160147534e-04 0.000000000000000000e+00 0.000000000000000000e+00 5.385677541688314862e-02 1.591911518846005347e-01 1.037223712006148241e-01
9.042105814576059664e-02 8.053360676434064003e-02 0.000000000000000000e+00 1.376049446072685201e-01 0.000000000000000000e+00 0.000000000000000000e+00 0.000000000000000000e+00 3.908942155216837966e-02 0.000000000000000000e+00 4.706466057851725615e-02 0.000000000000000000e+00 1.909722700932337258e-01 1.966961675168335255e-01 0.000000000000000000e+00 0.000000000000000000e+00 2.023057084189995580e-02 0.000000000000000000e+00 3.497515254149739100e-02 1.624121473584799746e-01 0.000000000000000000e+00
0.000000000000000000e+00 2.623946193800879428e-02 0.000000000000000000e+00 0.000000000000000000e+00 2.339682529990240456e-01 0.000000000000000000e+00 0.000000000000000000e+00 1.866008798934011836e-01 7.543973332267004533e-03 3.690312133985166471e-02 6.202555927341660974e-02 7.786305748579074038e-02 0.000000000000000000e+00 1.752881761622108287e-04 6.680342212260852695e-03 2.228605848474925558e-02 1.533144593498848157e-02 1.304329542544921672e-01 1.288333959221274472e-01 6.511620875345953963e-02
0.000000000000000000e+00 1.519039704898101917e-01 6.412428320945254279e-02 0.000000000000000000e+00 6.384492547784595406e-02 0.000000000000000000e+00 6.219607822108301487e-02 1.367866533560687659e-01 1.194807983305798960e-01 9.546014306568579785e-03 5.429118999977816835e-03 0.000000000000000000e+00 5.723720750454774561e-03 1.977466956788924424e-02 4.600308805249871125e-02 1.096718879092339893e-02 0.000000000000000000e+00 9.071812039613844081e-02 7.127402989812371692e-02 1.422273401525849523e-01
1.643924685558947885e-02 1.411331069857942322e-01 5.258919903513350341e-02 5.343849381829231943e-02 0.000000000000000000e+00 0.000000000000000000e+00 4.467774971159420988e-02 2.701728297631056375e-02 0.000000000000000000e+00 3.127176334792386696e-03 7.550540574934674898e-02 1.710579614784082936e-01 1.704852827222424344e-02 0.000000000000000000e+00 1.585486460904211581e-01 1.167676307466136987e-01 6.844686903312331705e-02 5.168364439425616325e-02 0.000000000000000000e+00 2.519058518099557848e-03
4.524991310272487993e-02 0.000000000000000000e+00 1.718508619849007943e-03 2.765243012451028184e-03 2.830288039896713959e-01 0.000000000000000000e+00 1.291002748419795287e-01 1.336712996250801790e-02 1.599795896257023148e-02 1.563575824445081336e-02 5.763404488089781015e-03 1.764160998026570726e-01 0.000000000000000000e+00 0.000000000000000000e+00 1.586949064756202621e-01 0.000000000000000000e+00 0.000000000000000000e+00 1.510389127952609933e-01 1.223085702166932512e-03 0.000000000000000000e+00
0.000000000000000000e+00 0.000000000000000000e+00 0.000000000000000000e+00 1.380110155877502243e-01 0.000000000000000000e+00 0.000000000000000000e+00 1.220045216265305960e-01 4.232544346077354858e-02 1.711397299525708182e-01 3.740527439023824674e-02 0.000000000000000000e+00 8.849477089319600365e-02 1.563341933638123793e-01 0.000000000000000000e+00 0.000000000000000000e+00 0.000000000000000000e+00 0.000000000000000000e+00 3.505170045257489236e-02 1.697093130868760069e-01 3.952403718567754076e-02
0.000000000000000000e+00 2.695667909050284815e-03 0.000000000000000000e+00 8.873233080973143283e-02 7.043012722479977290e-03 2.371651618231402150e-02 8.878754128030155734e-02 2.871354516903885240e-02 5.314891321892416254e-02 0.000000000000000000e+00 1.173876610358785995e-02 1.777898629941611908e-01 1.144738451014623015e-01 0.000000000000000000e+00 5.061344411954244761e-03 1.867492149814112545e-01 0.000000000000000000e+00 1.638642655084907307e-01 4.748517360709209045e-02 0.000000000000000000e+00
5.773767156990167876e-02 5.603154747209820180e-02 3.385816681631115266e-02 0.000000000000000000e+00 3.354537723016171036e-02 2.151366474208882620e-02 0.000000000000000000e+00 7.775474275147496728e-02 1.148995858100149980e-01 1.648707458256438302e-02 0.000000000000000000e+00 1.716328455680594389e-01 0.000000000000000000e+00 0.000000000000000000e+00 1.155440175074162398e-02 4.211083190002790425e-03 1.089112557663651504e-01 1.332784355527280862e-01 5.051886460101905063e-02 1.080652825964678043e-01
0.000000000000000000e+00 1.261907261396225666e-01 0.000000000000000000e+00 0.000000000000000000e+00 1.346782067909312042e-01 7.118833082515477716e-03 1.102644903922614800e-01 0.000000000000000000e+00 0.000000000000000000e+00 0.000000000000000000e+00 0.000000000000000000e+00 1.245638131508486623e-01 1.685653169864917145e-01 1.958049213542489494e-02 2.111165012142803693e-02 0.000000000000000000e+00 7.540416261982954733e-03 1.286229610997823292e-01 6.285129165714899678e-03 1.454779646729956466e-01
0.000000000000000000e+00 0.000000000000000000e+00 0.000000000000000000e+00 0.000000000000000000e+00 0.000000000000000000e+00 2.182341155606944399e-03 1.165777540750127517e-01 1.029414546527681815e-02 0.000000000000000000e+00 5.872394938614223375e-02 0.000000000000000000e+00 2.489831551701397749e-01 8.058511427769743385e-02 1.245342807127673354e-02 1.570390897674201272e-02 1.338711818439360934e-01 0.000000000000000000e+00 1.606874594511587817e-01 1.364290744651443787e-01 2.350848766186600103e-02
0.000000000000000000e+00 0.000000000000000000e+00 1.102950718051917342e-02 1.187220981231399720e-02 2.124771579419356959e-01 5.606799545757758935e-02 3.779304552083034147e-02 5.295057853052036710e-03 4.260995349583054405e-03 0.000000000000000000e+00 0.000000000000000000e+00 3.179001522775032895e-01 2.591760667301955950e-02 0.000000000000000000e+00 3.946757567874070033e-02 2.823389676404407245e-02 0.000000000000000000e+00 1.123910033541201808e-01 0.000000000000000000e+00 1.372937961367603765e-01
4.617866621140530314e-02 1.265603667823985978e-01 1.142762511858557151e-01 1.800354643307833160e-04 1.499805491469830554e-01 1.357675976421740538e-01 1.905439101497649612e-02 2.879802868926173778e-02 6.592459237901338032e-02 4.241167170855125734e-03 4.244122853985921387e-03 1.621894607492036788e-01 4.460055764302910813e-02 0.000000000000000000e+00 4.796253446816673392e-03 6.820082684790507166e-02 2.084831545207830369e-03 2.292230122659745170e-02 0.000000000000000000e+00 0.000000000000000000e+00
2.008457138874680525e-01 1.247912186214969743e-01 0.000000000000000000e+00 6.059180638310016770e-02 1.743445637402588413e-02 5.659156387339683847e-02 0.000000000000000000e+00 0.000000000000000000e+00 1.879179543054268209e-01 0.000000000000000000e+00 0.000000000000000000e+00 1.784091513071773272e-01 0.000000000000000000e+00 0.000000000000000000e+00 1.950004638636043328e-02 0.000000000000000000e+00 0.000000000000000000e+00 0.000000000000000000e+00 1.539180888615476750e-01 0.000000000000000000e+00
