0.000000000000000000e+00 3.005345374143889720e-02 1.224957922270876187e-01 0.000000000000000000e+00 4.094980716454352937e-02 9.291133361952749747e-02 4.533029111903935822e-04 9.579997655312270932e-02 2.217955621278228096e-02 1.792389227421157388e-02 0.000000000000000000e+00 1.451663916284080813e-01 0.000000000000000000e+00 0.000000000000000000e+00 1.482566896371553256e-01 0.000000000000000000e+00 1.650862152034278038e-02 7.822240829684685981e-02 1.675151132473403715e-03 2.121943789396443878e-03 9.455401159627699077e-04 0.000000000000000000e+00 0.000000000000000000e+00 2.649086943061527630e-02 1.578452697448946285e-01
0.000000000000000000e+00 0.000000000000000000e+00 0.000000000000000000e+00 0.000000000000000000e+00 1.707809827492612620e-01 1.564027477003900601e-01 1.067594842408250699e-01 1.223387862574118815e-02 0.000000000000000000e+00 0.000000000000000000e+00 0.000000000000000000e+00 0.000000000000000000e+00 1.155107306351732671e-01 0.000000000000000000e+00 0.000000000000000000e+00 0.000000000000000000e+00 1.763293492889630998e-01 5.163970625998530461e-02 0.000000000000000000e+00 0.000000000000000000e+00 0.000000000000000000e+00 0.000000000000000000e+00 3.862873814162453342e-03 1.816662333023671139e-01 2.481401338313127605e-02
3.315989861778410180e-02 8.522916571390926066e-02 0.000000000000000000e+00 0.000000000000000000e+00 1.987904784999806190e-02 1.068310456255470026e-01 7.386455026446681060e-02 1.868376231340403582e-03 6.032027915197481910e-02 9.381824077014097596e-02 0.000000000000000000e+00 5.850849790179536020e-02 4.588677516589521888e-02 3.870185039385598135e-05 1.968119972105651649e-02 0.000000000000000000e+00 1.772317645183894563e-01 6.737212766176147068e-03 0.000000000000000000e+00 1.336735342157314710e-01 1.737362558659110226e-02 1.942692321715843232e-02 0.000000000000000000e+00 6.770883551760148965e-03 3.970027727989092203e-02
0.000000000000000000e+00 1.939719416088744527e-02 0.000000000000000000e+00 0.000000000000000000e+00 2.349681323875231140e-02 7.617717617881004932e-02 1.095006555237678682e-02 0.000000000000000000e+00 1.373976544118211268e-02 2.624859290141200348e-03 0.000000000000000000e+00 9.585125239976392819e-02 0.000000000000000000e+00 4.227961274595080921e-02 4.040338321881984697e-03 8.519089347623085007e-02 1.561233022244203350e-01 1.964046366497950585e-02 7.719414666302178152e-02 2.111655314579099791e-03 3.319210061694170127e-02 0.000000000000000000e+00 1.045386389818750081e-02 1.467267105128766402e-01 1.808097862990158955e-01
2.286085422497793201e-02 0.000000000000000000e+00 4.062905514553670494e-02 0.000000000000000000e+00 3.860317274734528358e-03 1.223332529124311618e-02 2.454850329850244151e-01 1.342183798346576196e-01 4.670889135997373376e-02 7.275436308067684266e-02 0.000000000000000000e+00 6.989320417238917282e-02 0.000000000000000000e+00 1.185901245501067014e-02 3.455214194625094715e-02 0.000000000000000000e+00 0.000000000000000000e+00 0.000000000000000000e+00 3.937495126466961093e-02 6.791553897583747779e-02 0.000000000000000000e+00 1.443778100740742559e-02 1.223036895931614966e-03 1.688685947666753451e-01 1.312551931900294080e-02
7.605673062023765758e-03 0.000000000000000000e+00 7.122518729698835635e-03 0.000000000000000000e+00 1.260466503605114641e-01 1.511303067999114451e-03 1.785184569082099437e-01 5.804167838464048025e-03 2.156742241931961304e-02 7.635453297013572102e-03 0.000000000000000000e+00 0.000000000000000000e+00 0.000000000000000000e+00 2.379345733279734573e-02 1.353047933819325477e-01 9.240766863533647624e-02 4.510447717416428415e-02 5.421297861564897819e-03 0.000000000000000000e+00 2.697924784474695688e-03 0.000000000000000000e+00 0.000000000000000000e+00 1.775156679420435146e-01 1.619430672044459008e-01 0.000000000000000000e+00
1.006627770705776914e-01 8.406870276871736269e-02 2.833969076622351244e-02 0.000000000000000000e+00 1.713253416048736155e-01 0.000000000000000000e+00 2.502433949914736888e-02 1.450922189379652283e-01 0.000000000000000000e+00 4.411778745342556651e-03 0.000000000000000000e+00 0.000000000000000000e+00 0.000000000000000000e+00 0.000000000000000000e+00 0.000000000000000000e+00 0.000000000000000000e+00 1.644693902628336091e-01 0.000000000000000000e+00 1.835620911272859423e-01 2.200035573039868173e-02 0.000000000000000000e+00 0.000000000000000000e+00 0.000000000000000000e+00 1.534858825693239098e-03 6.950845466094127123e-02
8.402944387282103300e-02 1.057890035085409536e-03 4.485839885242637153e-03 1.100840500529444606e-02 1.296231333163227750e-01 1.753431780499277448e-02 4.222988212600028296e-02 1.222869337012269381e-01 2.869314259888068597e-02 7.700721763227677541e-02 0.000000000000000000e+00 0.000000000000000000e+00 2.096021845351716520e-04 0.000000000000000000e+00 1.220551941879788743e-01 0.000000000000000000e+00 1.956009806061738965e-01 0.000000000000000000e+00 0.000000000000000000e+00 0.000000000000000000e+00 0.000000000000000000e+00 1.490167862926772280e-01 0.000000000000000000e+00 0.000000000000000000e+00 1.516123075049125718e-02
0.000000000000000000e+00 0.000000000000000000e+00 1.772908060464463975e-01 0.000000000000000000e+00 1.494784516641828043e-01 0.000000000000000000e+00 7.678458878263966225e-02 1.923770594373458986e-01 2.119911159224834203e-03 0.000000000000000000e+00 0.000000000000000000e+00 3.933150595702791948e-04 0.000000000000000000e+00 0.000000000000000000e+00 0.000000000000000000e+00 0.000000000000000000e+00 1.783337530720556230e-01 2.627986952649083441e-02 0.000000000000000000e+00 3.279506299335926446e-03 1.269927303484925029e-03 1.253341325591882660e-01 4.905711460099558552e-02 1.800156448903890080e-02 0.000000000000000000e+00
0.000000000000000000e+00 0.000000000000000000e+00 6.838974592923013907e-02 9.092074255227990554e-04 1.704428077864770380e-02 5.512972989258707601e-03 1.720188607919520551e-01 9.193554654956069550e-02 1.004451777691515585e-01 1.701228969314350081e-02 0.000000000000000000e+00 1.289779589422971121e-02 0.000000000000000000e+00 0.000000000000000000e+00 3.497855893507595404e-02 9.039830132378158523e-02 0.000000000000000000e+00 0.000000000000000000e+00 2.025281792852817037e-02 5.733528855289526374e-04 6.377085086852444726e-03 8.812202891624648995e-03 1.717501820410975155e-01 5.094643795622141869e-02 1.297451831305923287e-01
0.000000000000000000e+00 1.068151091713412035e-02 1.920116077210027028e-01 8.839356453922166817e-03 0.000000000000000000e+00 6.932659434320917469e-02 7.913079999703515055e-02 2.102594885396073532e-01 0.000000000000000000e+00 3.987211639706091104e-02 0.000000000000000000e+00 0.000000000000000000e+00 0.000000000000000000e+00 0.000000000000000000e+00 1.129228042482637584e-01 0.000000000000000000e+00 1.270416290989636598e-01 0.000000000000000000e+00 3.507504512612859542e-03 0.000000000000000000e+00 0.000000000000000000e+00 0.000000000000000000e+00 0.000000000000000000e+00 1.150815438245294219e-02 1.348984333887350839e-01
5.404228355646543969e-03 0.000000000000000000e+00 1.339436113273223539e-01 3.801640573875527188e-03 1.359984208461890165e-01 0.000000000000000000e+00 1.678094920555708580e-01 1.295959204911946716e-01 1.020437398631740961e-01 1.802834200597621186e-02 0.000000000000000000e+00 7.979910478598693443e-03 0.000000000000000000e+00 0.000000000000000000e+00 3.956209325138503735e-02 0.000000000000000000e+00 0.000000000000000000e+00 2.624666043567656752e-03 1.316473176039584247e-01 4.887569952634677334e-03 0.000000000000000000e+00 0.000000000000000000e+00 5.477284299025425574e-02 1.514168578365461711e-02 4.675851837699754321e-02
0.000000000000000000e+00 0.000000000000000000e+00 1.673776206747984718e-01 1.377080439865188688e-02 0.000000000000000000e+00 1.168506674718610382e-02 1.593084185626462423e-01 6.829520195427274572e-03 3.740541280742389757e-02 3.967240751425243905e-02 0.000000000000000000e+00 9.134899933641089931e-02 3.185739142550730700e-03 0.000000000000000000e+00 0.000000000000000000e+00 2.581705303018594702e-02 1.828792267274231831e-02 3.675026869755482553e-03 1.221933245289600761e-01 4.337070973074802320e-03 0.000000000000000000e+00 0.000000000000000000e+00 1.598293866647130801e-01 4.555567495813706014e-03 1.307206583854065851e-01
5.254417678281000231e-02 9.266420602661499086e-04 0.000000000000000000e+00 0.000000000000000000e+00 1.815866878575473908e-01 0.000000000000000000e+00 6.041371586032870389e-02 1.304104585549213102e-01 0.000000000000000000e+00 1.576835518523221624e-01 0.000000000000000000e+00 0.000000000000000000e+00 0.000000000000000000e+00 1.320141699021511617e-03 6.419251625415653417e-02 0.000000000000000000e+00 0.000000000000000000e+00 7.624156360336030447e-02 6.199298060290481249e-02 0.000000000000000000e+00 1.590409769013426122e-02 0.000000000000000000e+00 1.213757827431040381e-02 2.671502162179964154e-02 1.579308672861167995e-01
0.000000000000000000e+00 0.000000000000000000e+00 3.276234144083919192e-02 0.000000000000000000e+00 5.393783464639057695e-02 9.134996547019504087e-02 1.541324005374234973e-01 5.984240744014069496e-02 9.222978684900457261e-03 8.348263798645419453e-02 0.000000000000000000e+00 0.000000000000000000e+00 0.000000000000000000e+00 0.000000000000000000e+00 2.130760047337662902e-02 5.576212393613114160e-02 0.000000000000000000e+00 0.000000000000000000e+00 0.000000000000000000e+00 4.463914412653453151e-02 2.745008440216146258e-03 1.316800950078028110e-01 1.979802326774587340e-01 1.025962191450247897e-02 5.089560721763406598e-02
4.634120432066855637e-03 1.013646518024335919e-01 1.265084100903501041e-01 7.625780499128664153e-03 5.488417232814173097e-02 0.000000000000000000e+00 6.388447546743664454e-03 7.723718122268789787e-02 3.723724608214008108e-02 0.000000000000000000e+00 0.000000000000000000e+00 0.000000000000000000e+00 0.000000000000000000e+00 0.000000000000000000e+00 1.361955622859826187e-01 0.000000000000000000e+00 6.427202687089799034e-03 2.221871080757035002e-03 1.515168392246152296e-01 8.357607344718633036e-02 1.700828372539225572e-02 0.000000000000000000e+00 2.722617497701806250e-02 1.369420149636370321e-02 1.462537810719023446e-01
3.588413796247067605e-02 0.000000000000000000e+00 3.788163288250205162e-03 3.582856472996897874e-03 1.196327583252137505e-01 0.000000000000000000e+00 0.000000000000000000e+00 1.505799105179027320e-01 0.000000000000000000e+00 1.128344458520575411e-01 0.000000000000000000e+00 4.329784273152217228e-02 0.000000000000000000e+00 0.000000000000000000e+00 1.107825580242993019e-02 0.000000000000000000e+00 2.251752154526449057e-01 0.000000000000000000e+00 1.523080591953590024e-01 8.794433198506153293e-02 2.075345741149277681e-02 3.314056500259786320e-02 0.000000000000000000e+00 0.000000000000000000e+00 0.000000000000000000e+00
2.576684197228189168e-03 9.826943284721957605e-02 9.943527883957978264e-02 0.000000000000000000e+00 0.000000000000000000e+00 0.000000000000000000e+00 7.486108758596975166e-02 1.775166570735782490e-01 1.803127451804734972e-03 6.442213092103985482e-03 0.000000000000000000e+00 5.955571384308974182e-03 0.000000000000000000e+00 0.000000000000000000e+00 5.361832816677958302e-02 1.315883505643370820e-03 6.023155586733015994e-03 0.000000000000000000e+00 1.346786851800382545e-01 5.872615523036430613e-02 1.192569809240000799e-02 2.014473051145924398e-01 1.452085202846534889e-02 0.000000000000000000e+00 5.088388462319042710e-02
8.508736191516808045e-02 5.197022783431694964e-02 1.978804034038372187e-03 0.000000000000000000e+00 2.693033186373307991e-02 1.404708260125795694e-01 3.666887581100767429e-02 2.960535713448219156e-03 1.888818625441649954e-02 1.442801386290682442e-01 0.000000000000000000e+00 3.328876072711160761e-02 0.000000000000000000e+00 0.000000000000000000e+00 1.457652443570855438e-01 1.435565999775957786e-02 1.137449394561815090e-02 0.000000000000000000e+00 0.000000000000000000e+00 1.205709319731156949e-02 0.000000000000000000e+00 8.400501363894050111e-02 2.232176378179739906e-02 0.000000000000000000e+00 1.675966822865987971e-01
2.816428444901510324e-03 0.000000000000000000e+00 1.155024969979577820e-01 2.736816610722642498e-02 7.367271260092011186e-03 3.169065207495225418e-03 1.390155959606393342e-02 1.203436763248696140e-01 1.808022820527429436e-02 1.720579121788587684e-01 0.000000000000000000e+00 1.546219460519420406e-02 4.674495324331855509e-03 7.847111317581364348e-03 1.368619122796598808e-01 0.000000000000000000e+00 6.832131865454230124e-02 0.000000000000000000e+00 0.000000000000000000e+00 0.000000000000000000e+00 9.014387173532313613e-02 0.000000000000000000e+00 0.000000000000000000e+00 4.047066935277645466e-02 1.556116224078510912e-01
9.590751819198388428e-02 3.882735116513187992e-03 1.064293640349579621e-02 0.000000000000000000e+00 5.172420441732109020e-02 0.000000000000000000e+00 5.029209749051093831e-02 1.099013450841340028e-01 3.570086022584492702e-02 1.062174591129278096e-02 0.000000000000000000e+00 1.467173925970619540e-02 0.000000000000000000e+00 0.000000000000000000e+00 1.030420369848147749e-01 1.280303112479419525e-02 1.406530866276546332e-01 3.747172730251032563e-02 1.421168219544039490e-01 7.474531276942537016e-03 0.000000000000000000e+00 1.376192831513741721e-01 1.184401376849589802e-03 0.000000000000000000e+00 3.428989809985304865e-02
0.000000000000000000e+00 1.008213043996189356e-01 1.154903019487365373e-01 0.000000000000000000e+00 1.136133069510291416e-01 0.000000000000000000e+00 5.363310642244017296e-02 3.977690764059804013e-02 1.268702063517777433e-03 5.899059852723609332e-02 1.462317520088032667e-02 6.452326731402413008e-03 3.269725028069641031e-03 0.000000000000000000e+00 1.613894676312429832e-01 0.000000000000000000e+00 1.599963508212959573e-01 0.000000000000000000e+00 0.000000000000000000e+00 0.000000000000000000e+00 0.000000000000000000e+00 0.000000000000000000e+00 0.000000000000000000e+00 1.807032234949810731e-02 1.526044042844338644e-01
0.000000000000000000e+00 1.537366605504713636e-02 6.312762990774287153e-02 4.544719638317748500e-02 0.000000000000000000e+00 0.000000000000000000e+00 2.207418782221069742e-01 1.455925740249968958e-01 3.650740944940041033e-02 1.316193498900563620e-02 0.000000000000000000e+00 1.552329407118780043e-02 0.000000000000000000e+00 5.528735762683197746e-03 1.087430051908472584e-01 4.242206233121602332e-02 0.000000000000000000e+00 1.094559670189849260e-02 1.443221668705509386e-01 0.000000000000000000e+00 2.318083093788868027e-03 0.000000000000000000e+00 0.000000000000000000e+00 2.318489716651422894e-02 1.070598697798357118e-01
3.875490577032589257e-02 6.557033495694272393e-03 0.000000000000000000e+00 0.000000000000000000e+00 6.560968468746051878e-03 0.000000000000000000e+00 2.392032703931124549e-01 1.716747867577604267e-02 8.289460192282551224e-03 1.463261499883543836e-02 4.800329659281740192e-03 3.268872833189878646e-02 3.427238569033671026e-05 1.470823584558268032e-02 1.000897292818721113e-01 0.000000000000000000e+00 0.000000000000000000e+00 3.364240311213497620e-02 1.370784621295579042e-01 9.275901202115759484e-03 0.000000000000000000e+00 0.000000000000000000e+00 1.344764712323283096e-01 4.614496847987038103e-02 1.558947663448941867e-01
1.708735041777420180e-02 0.000000000000000000e+00 3.118536239102059210e-02 0.000000000000000000e+00 1.976694089152436218e-01 0.000000000000000000e+00 0.000000000000000000e+00 1.285576936803225767e-01 1.758613411824884454e-02 1.131064095813466563e-02 0.000000000000000000e+00 0.000000000000000000e+00 1.437884492636754344e-02 0.000000000000000000e+00 2.023585947071423474e-01 0.000000000000000000e+00 0.000000000000000000e+00 1.294226957618758445e-01 3.135295832426990281e-02 2.768270824112032714e-03 9.980343976093472135e-04 5.798083039174895849e-03 2.468485828662205991e-02 0.000000000000000000e+00 1.848410692520816856e-01
0.000000000000000000e+00 0.000000000000000000e+00 1.948965628870577560e-02 0.000000000000000000e+00 4.640952372914806251e-02 1.334019387078851926e-01 1.640048097919644954e-01 2.358920402331675728e-02 3.651944650664467468e-02 0.000000000000000000e+00 0.000000000000000000e+00 7.913003496816335691e-02 4.616868521624648697e-02 0.000000000000000000e+00 7.186095444428776749e-03 6.390572941243684302e-02 1.620059353740292999e-03 1.883529784858040124e-02 0.000000000000000000e+00 6.135615795472585884e-03 0.000000000000000000e+00 0.000000000000000000e+00 1.562350849224544702e-02 1.666916762417383069e-01 1.712887181792823177e-01
6.168260943915091638e-02 9.126080976994412064e-02 4.488188545385981415e-02 1.029703719510232374e-01 0.000000000000000000e+00 6.000576941378088849e-03 1.429631664378214484e-01 1.414635631878600197e-01 0.000000000000000000e+00 2.590737795694564999e-03 0.000000000000000000e+00 1.590742942051559528e-02 0.000000000000000000e+00 1.034769210354308678e-03 2.343646633037475488e-02 0.000000000000000000e+00 0.000000000000000000e+00 0.000000000000000000e+00 1.363600259970640903e-03 0.000000000000000000e+00 0.000000000000000000e+00 1.358175418132861190e-01 5.130763734457593345e-02 1.313248828914804489e-01 4.599395175271003833e-02
0.000000000000000000e+00 1.699959236437841373e-02 1.593139480841727074e-01 9.548876791060716129e-02 1.167140737420336999e-01 0.000000000000000000e+00 1.418239964275538334e-01 6.938353945841065074e-02 2.225924871119840456e-02 1.263345308076903144e-02 0.000000000000000000e+00 0.000000000000000000e+00 0.000000000000000000e+00 0.000000000000000000e+00 0.000000000000000000e+00 0.000000000000000000e+00 0.000000000000000000e+00 1.884983929992953321e-03 0.000000000000000000e+00 1.281284324959386205e-02 0.000000000000000000e+00 0.000000000000000000e+00 7.427924936094514041e-02 5.599738667435905093e-02 2.204089170059850555e-01
0.000000000000000000e+00 0.000000000000000000e+00 0.000000000000000000e+00 0.000000000000000000e+00 6.074027264447648400e-02 7.323325975414007698e-03 5.557872710927019844e-02 1.594435716769778688e-01 8.944578402642859583e-02 0.000000000000000000e+00 0.000000000000000000e+00 0.000000000000000000e+00 0.000000000000000000e+00 0.000000000000000000e+00 1.620640679430758180e-01 0.000000000000000000e+00 0.000000000000000000e+00 2.793124605968203347e-02 0.000000000000000000e+00 2.249705450143957980e-03 8.707473041002918024e-02 1.628965899724086619e-01 1.911721574419423045e-02 1.661347629878989207e-01 0.000000000000000000e+00
0.000000000000000000e+00 0.000000000000000000e+00 1.425488026766117411e-01 0.000000000000000000e+00 2.387688557518349419e-03 4.028790691160758484e-04 2.015934847627947613e-01 0.000000000000000000e+00 3.090624038849007840e-02 0.000000000000000000e+00 0.000000000000000000e+00 0.000000000000000000e+00 0.000000000000000000e+00 0.000000000000000000e+00 9.261229148192193922e-03 9.370615945997368135e-02 9.531794790339666659e-03 0.000000000000000000e+00 6.702008050893237812e-02 0.000000000000000000e+00 0.000000000000000000e+00 2.690705105903837616e-02 5.994097309496872888e-02 1.431041884958344779e-01 2.126894279881894889e-01
8.712000428928966256e-03 0.000000000000000000e+00 1.328124389918854398e-01 0.000000000000000000e+00 0.000000000000000000e+00 0.000000000000000000e+00 1.473702120933069737e-01 1.101235717807737130e-01 5.074927246243460949e-02 0.000000000000000000e+00 0.000000000000000000e+00 8.850955953302434842e-02 0.000000000000000000e+00 9.328494034880108242e-04 2.845209187727703801e-02 0.000000000000000000e+00 9.624958533043839401e-03 7.861220352660066440e-03 1.332140849810124206e-01 6.180811139869389972e-03 1.106179212711213139e-01 9.437727701075834461e-03 0.000000000000000000e+00 0.000000000000000000e+00 1.554012794500980177e-01
0.000000000000000000e+00 0.000000000000000000e+00 1.752470617514330364e-01 7.263545507570045613e-03 0.000000000000000000e+00 1.196515782799821986e-01 1.554800181763469902e-01 1.764779245779507511e-01 1.222429189812819367e-01 3.892470235942699364e-02 0.000000000000000000e+00 0.000000000000000000e+00 0.000000000000000000e+00 0.000000000000000000e+00 6.505762204667597977e-03 0.000000000000000000e+00 3.392483456918505592e-03 0.000000000000000000e+00 1.204174290513399942e-01 2.004583510408784394e-02 1.115956087830959932e-02 0.000000000000000000e+00 0.000000000000000000e+00 2.178379215146392794e-02 2.140738751922046518e-02
0.000000000000000000e+00 1.989168685561671854e-02 0.000000000000000000e+00 0.000000000000000000e+00 1.359760711960506831e-02 0.000000000000000000e+00 2.427884289604454460e-01 1.393009791853564439e-01 5.226277976122138680e-02 0.000000000000000000e+00 0.000000000000000000e+00 8.898316436411446428e-02 0.000000000000000000e+00 0.000000000000000000e+00 0.000000000000000000e+00 6.169780501860655519e-02 0.000000000000000000e+00 6.518723422578502277e-03 6.182220726643452430e-03 0.000000000000000000e+00 2.663032579848609652e-02 1.001087100298070874e-02 1.949524078581629793e-02 1.561498567114205649e-01 1.564903102871083029e-01
9.726694122448542590e-02 0.000000000000000000e+00 0.000000000000000000e+00 0.000000000000000000e+00 0.000000000000000000e+00 1.136441421036257643e-01 2.191156285671971571e-01 0.000000000000000000e+00 0.000000000000000000e+00 2.410136681316932955e-02 0.000000000000000000e+00 0.000000000000000000e+00 0.000000000000000000e+00 0.000000000000000000e+00 1.608686585314751671e-01 0.000000000000000000e+00 0.000000000000000000e+00 0.000000000000000000e+00 6.600074215196725935e-02 8.162504756161151342e-02 2.521164254111798227e-03 0.000000000000000000e+00 3.669773484201037383e-02 1.981585739503462229e-01 0.000000000000000000e+00
0.000000000000000000e+00 8.414171221922804589e-03 1.251680687292130723e-01 0.000000000000000000e+00 1.903317211408865617e-02 8.818723709183826087e-02 2.507574973880356481e-02 3.490309473157973685e-02 0.000000000000000000e+00 6.716584999033144154e-02 0.000000000000000000e+00 3.982645164938150573e-02 0.000000000000000000e+00 1.153810468321807888e-03 9.542844703521786986e-02 2.237166070032161995e-03 1.339347998657612338e-01 0.000000000000000000e+00 0.000000000000000000e+00 1.000930843997963060e-02 0.000000000000000000e+00 0.000000000000000000e+00 0.000000000000000000e+00 1.557479275390949436e-01 1.937147453144332787e-01
9.775572123829953664e-02 0.000000000000000000e+00 3.472396559926815146e-02 2.920831111870028640e-02 3.533442151740844722e-02 0.000000000000000000e+00 1.352359377121280237e-01 1.755348727311514812e-02 1.982369290449574259e-02 1.468824951493741607e-02 0.000000000000000000e+00 9.550463524487634581e-02 0.000000000000000000e+00 1.311770133918596778e-03 1.389502508931357017e-01 2.191826428188301673e-02 0.000000000000000000e+00 2.404476130356433122e-02 6.711456343084090843e-03 4.330781872057221267e-03 2.134430699713375790e-02 0.000000000000000000e+00 1.656850420592166423e-03 3.649448756931090304e-02 2.634086480620911330e-01
3.288253203027678012e-02 1.690194078911847614e-02 7.961551718824868423e-03 1.757362464528691368e-02 4.675533170880488004e-02 0.000000000000000000e+00 8.997483813710936001e-03 1.976348803269077636e-02 0.000000000000000000e+00 1.997933109199018231e-03 0.000000000000000000e+00 0.000000000000000000e+00 0.000000000000000000e+00 0.000000000000000000e+00 1.701616742428041229e-01 8.182460783401995785e-02 2.260338789878499899e-01 0.000000000000000000e+00 6.553267601695703451e-03 0.000000000000000000e+00 0.000000000000000000e+00 2.342961589299846076e-02 1.479361966954923502e-01 1.912268728972267018e-01 0.000000000000000000e+00
0.000000000000000000e+00 8.401075788598620642e-02 0.000000000000000000e+00 0.000000000000000000e+00 1.852514877851776237e-02 1.483795951708466107e-02 4.001439777712727935e-02 1.571709656031702873e-01 2.352158683317544588e-02 4.133759352261573428e-02 0.000000000000000000e+00 0.000000000000000000e+00 0.000000000000000000e+00 0.000000000000000000e+00 3.828097986699956212e-02 0.000000000000000000e+00 3.402737724820040222e-04 3.465169649505899646e-02 1.532441764074749246e-01 6.081650724344634697e-03 0.000000000000000000e+00 9.914038133899333305e-02 1.068261810887142782e-01 1.811167914752814107e-02 1.639045712407266320e-01
0.000000000000000000e+00 4.981452156255242875e-02 2.959487497995201555e-02 0.000000000000000000e+00 1.780647273306897038e-02 0.000000000000000000e+00 1.643599026932127810e-02 0.000000000000000000e+00 0.000000000000000000e+00 6.394914721383523903e-02 0.000000000000000000e+00 2.171109347279000790e-01 0.000000000000000000e+00 0.000000000000000000e+00 1.098976828071127759e-01 0.000000000000000000e+00 0.000000000000000000e+00 5.769964279514140648e-02 2.450215355956324257e-03 0.000000000000000000e+00 5.690883552740983939e-03 0.000000000000000000e+00 7.795455517833847769e-02 1.759290002041298817e-01 1.756660786199500945e-01
8.406222068777645384e-02 1.806552156871333095e-02 3.427737996552877864e-02 1.330279703420058669e-02 2.906884847351474781e-03 7.806203073560248618e-02 1.090956812824453864e-01 3.549288955461427086e-02 6.044458736300530044e-03 1.421197618662341233e-01 0.000000000000000000e+00 1.422795595510593925e-02 0.000000000000000000e+00 0.000000000000000000e+00 1.496788541720875214e-02 0.000000000000000000e+00 5.347375615455535192e-03 1.436979883120764467e-01 1.495782477282207867e-01 4.346600390838772747e-03 0.000000000000000000e+00 2.819612293072147266e-02 0.000000000000000000e+00 5.701543646085935509e-04 1.156380430069962328e-01
9.139985670855662464e-03 1.521933752860982723e-02 1.128292164121409563e-01 7.233185185369823706e-04 1.162978605923190023e-01 0.000000000000000000e+00 2.612549886603591012e-02 0.000000000000000000e+00 0.000000000000000000e+00 1.153959022395470956e-02 7.060818512600050903e-03 6.157569750297952477e-02 0.000000000000000000e+00 2.000388743723648458e-02 2.549282027152361407e-01 0.000000000000000000e+00 0.000000000000000000e+00 1.623841051194176849e-02 1.976916070283108937e-02 4.758408779556309171e-02 3.907176357656108774e-03 0.000000000000000000e+00 2.022243890235031136e-02 1.063939900365784424e-01 1.504413217125739888e-01
0.000000000000000000e+00 0.000000000000000000e+00 1.363724926070651600e-01 0.000000000000000000e+00 1.413596900586702558e-02 0.000000000000000000e+00 9.137251279086475164e-03 2.539275405694556287e-02 0.000000000000000000e+00 8.169417314260635221e-02 0.000000000000000000e+00 3.316257182255535202e-02 1.052685555286051421e-02 0.000000000000000000e+00 1.690959142872797139e-01 0.000000000000000000e+00 1.610732911552449909e-01 3.754128973837393690e-02 0.000000000000000000e+00 1.282836106654768882e-01 6.286640925878828057e-03 4.273798442341876502e-02 1.025907739616577774e-01 3.499359238654583398e-02 6.974834989136616432e-03
9.207958614964133204e-02 1.798728834308946714e-02 0.000000000000000000e+00 1.177349402010214978e-02 1.476279485365007416e-01 1.314299580131176037e-01 1.599920188186942649e-01 1.407801780369146993e-01 8.640017234765446502e-03 2.143487234107661205e-02 0.000000000000000000e+00 2.269827634229167057e-02 0.000000000000000000e+00 0.000000000000000000e+00 0.000000000000000000e+00 0.000000000000000000e+00 0.000000000000000000e+00 1.331784394726670366e-02 1.482157828927160859e-01 6.144561990003539337e-02 0.000000000000000000e+00 0.000000000000000000e+00 3.869252774381602136e-04 1.260443856421274850e-02 9.585751582137046894e-03
0.000000000000000000e+00 4.700775096132168290e-02 0.000000000000000000e+00 0.000000000000000000e+00 0.000000000000000000e+00 0.000000000000000000e+00 9.128357555460583916e-02 7.729427294021471752e-03 5.792380347131477480e-02 6.570683024018469931e-02 0.000000000000000000e+00 7.918765049467495210e-02 9.003454041940802538e-03 1.336608618143453331e-01 1.969988488013116046e-01 0.000000000000000000e+00 0.000000000000000000e+00 4.508680646603414194e-02 6.364885968225468538e-02 0.000000000000000000e+00 0.000000000000000000e+00 0.000000000000000000e+00 8.461273378264013920e-03 2.195042187328916095e-02 1.723504359264369512e-01
2.321198580818397555e-02 0.000000000000000000e+00 0.000000000000000000e+00 9.027465083238350729e-02 1.037019649299020796e-01 0.000000000000000000e+00 1.602233786139040106e-01 1.339380875273606941e-01 1.703842682282309543e-03 0.000000000000000000e+00 0.000000000000000000e+00 0.000000000000000000e+00 0.000000000000000000e+00 0.000000000000000000e+00 4.182412237955360906e-02 0.000000000000000000e+00 1.475308595441793824e-01 0.000000000000000000e+00 1.603543419605059361e-01 2.738860917545564086e-02 2.110939445912860674e-02 0.000000000000000000e+00 2.855195639158211382e-02 3.404883845223424105e-02 2.613796724334401314e-02
0.000000000000000000e+00 0.000000000000000000e+00 4.812522089100976230e-02 4.584119270651837094e-03 1.882314122249326496e-02 1.245352468381028107e-03 8.565958269886531085e-02 1.674841629427026579e-01 2.161171511963863590e-02 0.000000000000000000e+00 0.000000000000000000e+00 0.000000000000000000e+00 0.000000000000000000e+00 0.000000000000000000e+00 3.929832379955365551e-02 1.097370488582207317e-03 2.362293521346222891e-01 5.809773276567001786e-03 6.748613687988884446e-02 0.000000000000000000e+00 1.154838128573884440e-03 3.874212159483714918e-02 9.622025088069269955e-03 1.345109552571708000e-01 1.185158087383924308e-01
0.000000000000000000e+00 9.767666482023283636e-02 0.000000000000000000e+00 0.000000000000000000e+00 3.854656249620301567e-02 0.000000000000000000e+00 1.667984222592665267e-01 5.839361982345029484e-02 0.000000000000000000e+00 0.000000000000000000e+00 0.000000000000000000e+00 1.143208055884749746e-01 3.629609560127176893e-02 0.000000000000000000e+00 2.104556467748606280e-04 0.000000000000000000e+00 6.022554769704439870e-02 5.357124656229087650e-02 4.544168784933040606e-02 9.893089385743334286e-04 1.322749187738179455e-01 3.912865739117446506e-02 0.000000000000000000e+00 6.829356369496399591e-03 1.492966501825969960e-01
1.485111106105554100e-02 2.907766181277781845e-02 6.162733927243224663e-02 3.347901058590133094e-02 3.477101457053292932e-02 0.000000000000000000e+00 2.391115948760132448e-01 1.499430028024018868e-01 2.931308305824340682e-02 9.272015672652931390e-03 0.000000000000000000e+00 0.000000000000000000e+00 0.000000000000000000e+00 5.239069453356823280e-02 3.091852007066590857e-02 1.589162667778857077e-02 0.000000000000000000e+00 3.646711513259642823e-02 0.000000000000000000e+00 0.000000000000000000e+00 0.000000000000000000e+00 0.000000000000000000e+00 5.646167353011607298e-02 5.903758535894361448e-02 1.473869509843097614e-01
0.000000000000000000e+00 1.108223955897946061e-02 1.272829980127437866e-01 0.000000000000000000e+00 1.889963189150139361e-02 0.000000000000000000e+00 2.784068228448376321e-03 3.319165312590788286e-02 6.953201029839448100e-02 1.332072655198474898e-01 0.000000000000000000e+00 2.654778995440386022e-02 5.530869543597173588e-02 1.632982193379857103e-02 1.430964833581630236e-01 0.000000000000000000e+00 3.171324285460305759e-02 4.664409894170578469e-02 1.528445130984590339e-01 8.811053967703465217e-03 0.000000000000000000e+00 0.000000000000000000e+00 9.742134925755990826e-02 0.000000000000000000e+00 2.530308456180864474e-02
0.000000000000000000e+00 7.451580102866239147e-03 0.000000000000000000e+00 0.000000000000000000e+00 1.039936673308901743e-01 2.049575542308887388e-02 2.397910622970238492e-01 2.014159518151634534e-02 0.000000000000000000e+00 0.000000000000000000e+00 0.000000000000000000e+00 1.876374585712476187e-02 0.000000000000000000e+00 1.424957946961172457e-02 1.427147122393526146e-01 6.219069384810358087e-04 7.415656040418545925e-02 0.000000000000000000e+00 1.655444003869468161e-01 1.581443736246372980e-02 0.000000000000000000e+00 8.864752178662614612e-02 2.686809809943913052e-02 6.074537712038301923e-02 0.000000000000000000e+00
