0.000000000000000000e+00 1.421766441730703823e-01 4.618675486130615487e-02 1.675549148721828044e-02 0.000000000000000000e+00 0.000000000000000000e+00 4.752539070849793115e-03 6.859994657952604713e-02 6.510841432496597414e-02 8.073818064623036056e-03 0.000000000000000000e+00 3.455521196807825185e-02 1.052116557415137561e-03 2.407986896432477361e-02 3.633851234939154962e-01 0.000000000000000000e+00 0.000000000000000000e+00 5.923076318763873145e-03 0.000000000000000000e+00 0.000000000000000000e+00 0.000000000000000000e+00 0.000000000000000000e+00 1.462151413223802994e-02 6.549010049521993004e-02 1.392393795084847508e-01
3.105042310172276970e-02 1.355365034913039446e-01 0.000000000000000000e+00 9.662646958995494556e-03 2.204503243819502366e-03 0.000000000000000000e+00 1.267097078490215245e-01 1.432647630853144949e-01 6.814167772655448096e-02 0.000000000000000000e+00 2.608475115786223694e-02 2.087059688857242912e-02 0.000000000000000000e+00 7.609483843362564726e-02 5.250520402860285596e-02 6.654104749109687744e-02 3.629620360026537818e-02 0.000000000000000000e+00 0.000000000000000000e+00 1.010727357197362727e-03 0.000000000000000000e+00 0.000000000000000000e+00 3.957749932809969881e-03 1.579334248865549850e-01 4.213523076667998607e-02
4.511558155265293912e-02 2.242591143165441336e-01 2.682091504526694370e-02 1.088600286105487897e-01 8.536641184424308484e-03 5.572360425797640016e-02 3.596737749065587186e-02 4.114723625109166505e-02 0.000000000000000000e+00 3.329345072214700413e-02 0.000000000000000000e+00 1.095901521461182526e-01 8.629269769458858264e-02 8.846347069957115686e-03 8.904787463026087035e-02 0.000000000000000000e+00 1.615433221611109341e-03 0.000000000000000000e+00 6.536643180193292546e-03 0.000000000000000000e+00 0.000000000000000000e+00 0.000000000000000000e+00 0.000000000000000000e+00 9.105325665264346613e-02 2.729364597331914236e-02
0.000000000000000000e+00 4.939421142671887588e-02 0.000000000000000000e+00 0.000000000000000000e+00 1.838638641368759916e-02 1.006747593265089613e-01 0.000000000000000000e+00 0.000000000000000000e+00 0.000000000000000000e+00 0.000000000000000000e+00 1.278776404334513728e-01 1.376199532927064872e-01 6.727951208836753516e-02 0.000000000000000000e+00 1.337156727971476056e-01 0.000000000000000000e+00 8.545190341546882173e-03 2.158177866994950064e-03 7.273946595751223931e-02 1.727717611699162601e-03 0.000000000000000000e+00 0.000000000000000000e+00 8.223342537978446665e-02 1.976478870638738450e-01 0.000000000000000000e+00
9.125412778074666609e-03 1.891152319122861580e-02 1.536564632240488290e-03 1.017145509074506710e-01 6.380795622809264100e-02 3.678759891324394349e-02 6.021511933248849258e-02 8.124375588371132717e-03 1.332932134624774216e-02 6.563237125658613613e-02 3.059674774433386851e-03 1.206501923564759077e-01 1.056720710485870539e-02 0.000000000000000000e+00 1.555009445257259648e-01 0.000000000000000000e+00 0.000000000000000000e+00 0.000000000000000000e+00 4.522625107966272290e-02 0.000000000000000000e+00 0.000000000000000000e+00 0.000000000000000000e+00 1.506142612655421952e-02 1.479289269594395995e-01 1.228205828988249565e-01
2.058692358240258626e-03 1.204160765244773890e-01 4.530837184804752116e-02 0.000000000000000000e+00 0.000000000000000000e+00 3.989629950152508153e-02 6.947077205604018646e-02 0.000000000000000000e+00 2.979499294350615446e-02 1.258376325392960293e-01 7.188714394647251205e-02 4.766630451453756495e-02 0.000000000000000000e+00 0.000000000000000000e+00 1.532103587361331454e-01 0.000000000000000000e+00 2.730314372517269380e-03 0.000000000000000000e+00 5.898988872005776068e-02 0.000000000000000000e+00 0.000000000000000000e+00 0.000000000000000000e+00 6.780067114835616748e-02 2.010611934241395699e-02 1.448263614483790429e-01
1.636599501973799373e-02 0.000000000000000000e+00 1.438512932514176834e-01 0.000000000000000000e+00 1.537886077960481102e-01 1.100233640122736875e-02 9.226872672284767984e-02 1.616343814828892847e-02 7.047840771298671293e-03 1.215730038613301450e-01 6.906054964412683406e-03 7.060497214972501212e-02 6.572233940409236835e-03 0.000000000000000000e+00 1.469946680513788684e-01 2.604785435360596185e-03 7.121371448707875147e-05 0.000000000000000000e+00 1.907636670235879350e-01 0.000000000000000000e+00 1.953109457869886068e-03 0.000000000000000000e+00 7.273921101581990248e-03 0.000000000000000000e+00 4.194132188990225968e-03
0.000000000000000000e+00 1.583158679636173516e-02 0.000000000000000000e+00 3.380304669102203539e-03 1.118769177638139212e-01 0.000000000000000000e+00 0.000000000000000000e+00 1.255194878368613154e-01 4.154159696282679060e-02 2.196864697997669424e-01 9.712250260960787751e-02 4.453478993945675368e-02 1.570379068135376033e-02 1.430529880826525435e-02 6.732898036465266751e-03 0.000000000000000000e+00 5.119434167921211622e-03 0.000000000000000000e+00 7.384655399966411071e-02 0.000000000000000000e+00 4.568522111850955789e-03 5.478878121204510537e-02 2.570695362049210675e-02 1.352727418907313239e-01 4.461369093413443399e-03
1.211199883734267449e-03 2.783694298911680229e-02 4.015199569624573750e-02 8.417819394974586367e-02 0.000000000000000000e+00 8.638306174231291656e-02 4.706866756380655159e-02 2.147982842701174483e-02 4.876679806470309020e-02 5.948587505922263430e-02 0.000000000000000000e+00 1.506347778766737033e-01 4.464290578071064552e-02 0.000000000000000000e+00 1.417801955326509766e-01 0.000000000000000000e+00 0.000000000000000000e+00 0.000000000000000000e+00 0.000000000000000000e+00 2.146327113113908822e-03 1.173589980602215369e-03 9.214114147300087043e-02 1.485185329899682376e-02 7.851814659694579535e-02 5.754849897140540405e-02
0.000000000000000000e+00 1.096772544064258809e-01 2.045561233974739143e-02 7.045031736364792269e-03 1.151523563687005952e-01 5.677727941887819076e-03 3.320515942477683669e-02 1.274257923444074014e-01 5.237101926803146984e-02 1.269993484745691181e-01 1.699915918262275981e-04 3.774080946510507961e-02 2.343851459038800988e-03 0.000000000000000000e+00 4.583815068663089215e-02 0.000000000000000000e+00 0.000000000000000000e+00 0.000000000000000000e+00 1.396069994512103007e-01 0.000000000000000000e+00 0.000000000000000000e+00 0.000000000000000000e+00 1.085328161554899133e-02 0.000000000000000000e+00 1.654376134257284081e-01
4.124886173278011908e-02 0.000000000000000000e+00 9.899333923449289696e-02 3.559429313659079330e-02 7.323530180439764836e-02 0.000000000000000000e+00 3.765746733993292905e-02 1.403605960857844115e-01 0.000000000000000000e+00 0.000000000000000000e+00 4.417966244122232579e-03 1.603201489722876072e-01 0.000000000000000000e+00 0.000000000000000000e+00 1.681241707103243166e-01 0.000000000000000000e+00 2.593775120495144318e-02 0.000000000000000000e+00 9.167328688313717416e-03 1.042048414910551075e-03 0.000000000000000000e+00 5.208987345337690034e-02 7.749160836296878699e-03 0.000000000000000000e+00 1.440616921414376306e-01
0.000000000000000000e+00 0.000000000000000000e+00 1.287469521125635674e-01 2.232944085112651203e-02 1.691800737538601274e-01 0.000000000000000000e+00 2.505623532122774194e-02 5.039201560934770084e-03 9.141192300637186741e-02 3.728822492540447703e-02 1.167038450895230284e-02 0.000000000000000000e+00 1.258316982158351645e-02 5.754573754485486914e-03 1.730069783298546215e-01 0.000000000000000000e+00 9.330555060465728703e-03 0.000000000000000000e+00 0.000000000000000000e+00 0.000000000000000000e+00 5.036506978768917966e-03 0.000000000000000000e+00 1.317916985881930347e-01 1.717740814262073146e-01 0.000000000000000000e+00
0.000000000000000000e+00 1.386693579136096810e-01 0.000000000000000000e+00 2.567442570776503133e-02 0.000000000000000000e+00 1.367682539176730792e-02 0.000000000000000000e+00 8.874877774712219836e-02 8.443135819080994919e-02 8.212407773502637676e-02 0.000000000000000000e+00 2.050050278612936816e-01 5.861396870979556500e-02 0.000000000000000000e+00 2.066346034003030754e-02 1.650728834879682666e-02 0.000000000000000000e+00 0.000000000000000000e+00 1.695381557978351827e-01 0.000000000000000000e+00 0.000000000000000000e+00 2.411794224120293942e-02 4.967130816956528971e-02 0.000000000000000000e+00 2.255802584537985184e-02
0.000000000000000000e+00 2.693120594126258149e-01 0.000000000000000000e+00 0.000000000000000000e+00 7.496617801207076069e-03 2.772942824894894607e-03 8.887921119730503305e-03 0.000000000000000000e+00 0.000000000000000000e+00 3.324002644034691062e-02 0.000000000000000000e+00 1.405108945072463811e-01 0.000000000000000000e+00 0.000000000000000000e+00 1.642106920311445784e-01 0.000000000000000000e+00 8.778734926125162513e-03 3.724759450820617612e-03 1.898345198783340237e-01 0.000000000000000000e+00 8.857580896604953791e-02 0.000000000000000000e+00 8.265502264147453482e-02 0.000000000000000000e+00 0.000000000000000000e+00
6.665210498546557741e-03 6.004684341078288376e-04 1.298905332918645072e-01 9.706542355741125394e-02 1.514735591792181757e-01 9.532265363887133802e-03 0.000000000000000000e+00 9.912922735416632158e-02 0.000000000000000000e+00 8.414754809695820792e-03 5.058425213815861791e-03 1.416019346159075043e-01 2.461701301301755847e-03 0.000000000000000000e+00 8.762536198531757463e-04 2.119699233707772815e-03 0.000000000000000000e+00 0.000000000000000000e+00 1.569461168710007959e-01 1.962955526298712505e-02 3.642698877259068629e-02 1.016654045436938131e-01 4.947941675511657866e-03 4.327221079612033131e-03 2.116731532112020239e-02
