0.000000000000000000e+00 4.722481367112914968e-02 1.084017515924822102e-02 3.216012512226769371e-02 1.693728975167681575e-02 1.190116770654652406e-01 4.330227736710624137e-02 7.605823023727112386e-02 1.396694174436912961e-01 9.642996507116186533e-04 1.804904133942614132e-03 2.380157381958795948e-01 7.325246427932642114e-03 3.826625352156531315e-04 4.372335133380800265e-02 0.000000000000000000e+00 1.601049578198505269e-02 1.320228362963780377e-01 2.226140223453403760e-02 5.228505759175700041e-02
4.869579659042043776e-03 3.708335668877176666e-02 9.223213560767767882e-02 9.633372617171463703e-02 2.148744779533658805e-02 1.021181300942788917e-01 2.633417719224125878e-03 1.240018583018620973e-01 5.949715038390509039e-03 2.144663893470538651e-02 3.101605375483817116e-03 2.781993083760032071e-01 1.508688331160092794e-02 0.000000000000000000e+00 2.531141999844994245e-02 2.951468324233398437e-03 1.276315753202203647e-02 1.370134707109326722e-01 1.372612602849360153e-02 3.690554331776779631e-03
1.150908869144055269e-01 1.178207117972617478e-03 3.951087364635718496e-02 1.668971798347270927e-02 1.440993342788956244e-01 1.174283586288750736e-01 1.354321920910747934e-01 7.901759872385374917e-02 1.583180018490372779e-02 2.652192616394869265e-02 9.684713670413512207e-03 0.000000000000000000e+00 5.346463261004668482e-03 0.000000000000000000e+00 0.000000000000000000e+00 4.431327529774957072e-03 4.810586360136408918e-03 5.985140218679936043e-03 1.658214299117941604e-01 1.131194433144367545e-01
6.676076622297392191e-04 5.293709042275277638e-02 4.661830009851337248e-02 1.955399922889732543e-03 7.256198757711327003e-03 2.529850281396563150e-02 1.822140209942450795e-02 1.577223698966138676e-01 1.858611766006834920e-01 7.412709994671051739e-02 1.162189805197963964e-02 1.976828732174933656e-01 2.399368239442383616e-02 3.297101042848986276e-04 1.587449356587703961e-02 1.504669264316619258e-02 2.044312638525296391e-02 8.050248518959170207e-02 6.383989022643545008e-02 0.000000000000000000e+00
7.205821562220518506e-02 4.311839657119399122e-02 3.642042585393559864e-03 5.005135341298804635e-02 3.208986328239347985e-02 6.597855302723150926e-03 4.761427591488862077e-02 7.025375146056737907e-02 1.478874038419326908e-01 1.307155491674819557e-02 0.000000000000000000e+00 5.452016161066825656e-02 6.123428634967148509e-02 6.217586646937845081e-03 0.000000000000000000e+00 1.293638056064699057e-03 3.213494008245510835e-04 8.531668847441582770e-02 1.584916311098170938e-01 1.462199454405657684e-01
2.196452631857948867e-01 1.062687707277716193e-01 4.270436777600196410e-02 4.155456990434040765e-02 1.021904336411526976e-02 0.000000000000000000e+00 3.603577936563910795e-03 2.885657842112454574e-02 1.540794313916743312e-02 0.000000000000000000e+00 9.966303375507656361e-04 2.177955884385984475e-01 2.670481301197082102e-02 1.132491113742913318e-03 8.989932147780002603e-03 2.648652020286539066e-02 4.033492990672155054e-02 6.264205290881921795e-02 1.448195981406159016e-01 1.837329336454879324e-03
1.231678135788050188e-01 2.315741043418440351e-02 5.066021247495976383e-03 1.252378395170401608e-02 9.801142019196498745e-02 4.798811525293626701e-02 1.333776742797729807e-02 5.377344960832872861e-02 1.022962309592784919e-01 0.000000000000000000e+00 1.383799202627030919e-02 2.778613129757200317e-01 1.909842001824203078e-02 2.022050948342008893e-05 4.100073872798365784e-03 1.665308100224864932e-02 0.000000000000000000e+00 1.649493200290925998e-01 8.479170647473811828e-03 1.567839626599548328e-02
1.988510521679102416e-01 3.208900291863978939e-03 2.042805462489483137e-02 4.941535330000262731e-04 1.054567059128500572e-01 9.036293479890461933e-04 9.364963927571773317e-03 9.732692694304899417e-02 4.923242673902249178e-02 2.785200239087320950e-02 0.000000000000000000e+00 1.531840322885368311e-01 1.391701613042768682e-02 1.386934613578473703e-02 8.825671858377230616e-03 2.611769329466733305e-03 8.336709001663733043e-04 1.955745898588717724e-01 8.699727408248504601e-02 1.106781353685893678e-02
2.648406374858307960e-02 3.878371587709888296e-02 1.241238536787970803e-01 1.277977588533534270e-01 1.280609033238993000e-01 1.572208437624457722e-01 8.428520891081488220e-03 3.687276561301214978e-02 5.422092946551500259e-02 1.971102197465634392e-02 1.698339021387806826e-04 4.013951502471530507e-03 4.997007890783380576e-03 0.000000000000000000e+00 1.531037518447802559e-01 0.000000000000000000e+00 3.364246728143124865e-02 4.557921541764816536e-02 1.909871979173668631e-03 3.487952299313050453e-02
1.613071572456002967e-01 5.935632610743577647e-02 5.362572636433957096e-03 2.513067679725696640e-02 1.037787205954508879e-01 6.177872349537159857e-02 9.324644044513166752e-02 6.544323983394380317e-02 1.175916155149790698e-01 1.758846672615481041e-02 6.599023602937074268e-03 5.688838415873419957e-02 1.086126442258844062e-02 2.052638090016999095e-02 1.463669615090615328e-01 1.081192867685785769e-03 0.000000000000000000e+00 1.754224271726555553e-02 1.105733680894669009e-03 2.844487674290405513e-02
3.147156984761218662e-03 1.145457233070004133e-01 0.000000000000000000e+00 9.065009172281542071e-02 1.656906117353338856e-02 6.744525298022124860e-02 1.027350063251697559e-01 1.826618650480220027e-02 2.254828312536055410e-02 2.748992763703907855e-03 0.000000000000000000e+00 2.827447710881679233e-01 6.266637611175072606e-03 8.324703585624374218e-04 6.974252701042131519e-02 2.108184728896549381e-03 2.550939431582371301e-03 1.349206253201620243e-01 5.882544137463202594e-02 3.352648189032229713e-03
6.299659267417073716e-02 2.715873431084676361e-03 2.323966139479406029e-02 1.119161921802014955e-03 3.223327416426078479e-02 1.028556267372595645e-01 4.042057348289670483e-03 1.367820752280952679e-01 1.038742465665547787e-01 2.919186279591047886e-02 3.233146079632898823e-02 1.551157293005575866e-01 3.018100888649334363e-03 0.000000000000000000e+00 3.916178897610903681e-02 0.000000000000000000e+00 8.503676116297075038e-02 1.465311733378233117e-01 3.012577280209642605e-02 9.628780473242415719e-03
1.135134215820363807e-01 1.801140139571547408e-02 2.728657130440414330e-02 8.797318521942223968e-02 2.935943783035803098e-02 9.303504929978619054e-02 1.842295053546806616e-02 6.196119460022988384e-02 6.695566824403045847e-02 5.274464748277890580e-02 4.565749458114351511e-02 1.510020041351713693e-01 5.579504518288273297e-03 0.000000000000000000e+00 8.432144930230633939e-02 5.997467565694904884e-02 1.822677528364239274e-03 7.081567857117058995e-02 4.765053926281416150e-03 6.797934286095673462e-03
1.622336403154058249e-01 6.619163624087497783e-03 0.000000000000000000e+00 1.384163693098143799e-01 1.210247701904915568e-01 1.369249235016602728e-01 1.146956260711834256e-02 1.394135752589601984e-01 1.233473220031882679e-02 1.534425246463696005e-02 0.000000000000000000e+00 1.573934490001155720e-02 5.590565881243855263e-03 2.368945557963715066e-03 3.329586124266932512e-02 2.027398066655351772e-02 8.174450146654691635e-03 1.459421278650831558e-02 1.524775947982289770e-01 3.704054547672187142e-03
6.469034514790352949e-03 5.475092836425251089e-03 2.820061727503715351e-02 1.160858573083159559e-03 1.191743244407563428e-02 2.248587018388692182e-01 1.044647341181811906e-01 1.087869223835658400e-01 6.628764958840560606e-02 1.482131025665778083e-02 2.757170749229780841e-03 4.530044194591426737e-02 1.439002249772251135e-02 1.474546090617887169e-02 1.663809750857386249e-01 5.468495261491910890e-03 2.930821004482413172e-02 5.879663680310964931e-03 1.863626563206707354e-03 1.414635794362908705e-01
1.059365586044128671e-01 0.000000000000000000e+00 1.220051368009829190e-01 1.555988811059367226e-02 7.042285474300766235e-02 1.138589808578233109e-01 1.139851874807869432e-02 1.561983625986484298e-02 1.246365450850157007e-02 3.016971002093381607e-02 1.768315183674497998e-02 1.616041486100275870e-01 7.157346296223256188e-03 0.000000000000000000e+00 0.000000000000000000e+00 2.159346104180571210e-03 5.105079981058972122e-03 1.194579304266452369e-01 1.642846000830293640e-01 2.511325800789056262e-02
5.651212829809870719e-02 5.290977389942376485e-02 7.527698446546214617e-02 1.117431339114702549e-01 5.540546066951211601e-02 9.530296443791871908e-02 6.041168679979862233e-02 1.439819792096894424e-01 1.473639339324331055e-01 2.293553395912565252e-04 1.100035234984141162e-03 8.050255873864592751e-03 3.929088772346231960e-03 2.688397799784148011e-04 3.445120640604085877e-02 0.000000000000000000e+00 5.460455388352405265e-03 1.199560374956705755e-01 2.698171085455710813e-02 6.649692308072909864e-04
1.310973883476889701e-01 5.591371391337783721e-03 1.451823770212802012e-01 2.431593115403169608e-02 8.791963843314389015e-02 7.839656645391952089e-03 6.767084398538587842e-02 1.399825525499790975e-03 0.000000000000000000e+00 6.911531447994043176e-03 7.948440921226759132e-03 1.488112165410631071e-01 5.568454082940233266e-03 3.675975878088483251e-02 1.479029939006457073e-01 6.932688287110312306e-03 8.224925811539194470e-03 1.150524985807542012e-02 2.806196753172580591e-02 1.203557403330345194e-01
1.171918507278800758e-01 5.166607240935969236e-02 0.000000000000000000e+00 3.075090510145129380e-02 0.000000000000000000e+00 2.754717373514624455e-04 7.586570285341506792e-02 7.849872162248571275e-03 1.334284854783031327e-01 2.106539826659482514e-02 1.315729062630877078e-02 1.526996074091193090e-01 7.517268790106618713e-03 3.978678428425102415e-02 1.560488430176314445e-01 1.241494620608910547e-02 0.000000000000000000e+00 3.712840544999052028e-02 5.432173732340433298e-03 1.377209217475585112e-01
5.533420987661787777e-02 6.879268310431584099e-03 3.259774901568241595e-02 8.196819051718753565e-03 1.092365516084672222e-01 2.351727402757235880e-02 5.260690187188285863e-03 1.539935549625847666e-01 8.812705145168775456e-02 1.497179790791720909e-03 2.486960006407590035e-03 3.427008846093466954e-02 2.188471751087841741e-02 6.010567497371508555e-02 1.347855910797628089e-03 6.167650707227427878e-04 9.968991207231816740e-03 1.949509759728927996e-02 1.494691713748989570e-01 2.157143296043811109e-01
1.756461108238635549e-02 6.557423695568104227e-02 1.135578237716188682e-01 2.215835129688130747e-02 1.039499687338183223e-02 6.275555243830460705e-02 1.348019194700266800e-02 4.952856220958987143e-02 0.000000000000000000e+00 7.791494975876007111e-03 4.537516016941896789e-03 2.183055637241308466e-01 7.049863278266341182e-02 1.006655415844133622e-01 1.701861868509977893e-01 2.015708507084085221e-02 6.976129726513070374e-03 1.352367932854431180e-02 1.246219727082428352e-03 3.109762363714939012e-02
1.196351155812626077e-01 6.741354511053172620e-03 1.164143634939839023e-02 3.232482536999316952e-02 5.043268706090116987e-02 2.178264906505989265e-02 4.822039546178632022e-03 9.987040716091147297e-02 3.533659381951517742e-02 8.780259222513563458e-03 5.423301718219969772e-03 2.469983578277761271e-01 9.564184300377137756e-04 0.000000000000000000e+00 9.066741825482579550e-03 0.000000000000000000e+00 2.246811365411590170e-02 1.407298282559141800e-01 1.809839229573761976e-01 2.005947644290238027e-03
1.920037586947375974e-01 8.877187985372350654e-02 1.917837929540338812e-02 4.714976328296856256e-02 1.803283886096287286e-02 4.575403986722129807e-02 1.567258293262275420e-02 6.604613250442263606e-02 1.678784702175324661e-02 0.000000000000000000e+00 1.031754068615370334e-02 7.109608554085551646e-02 5.378758614576253233e-02 6.360087400023862504e-03 2.761141932537566207e-03 2.500864385402639268e-03 1.571304223687006781e-03 1.248361716009484118e-01 2.093305537508169667e-01 8.041442019995926130e-03
2.134453924927818755e-02 9.314250435692569829e-02 1.914026729746077377e-02 1.083086616031238847e-01 8.242102177559740284e-02 1.299018429250745343e-01 1.115384894774392940e-02 1.192641735791199475e-01 0.000000000000000000e+00 6.307811446801213362e-02 1.655670312160750085e-04 1.752801671689674726e-02 6.494656110260151397e-03 9.236870710108696994e-03 1.556033620087760505e-03 0.000000000000000000e+00 3.244970044125656053e-03 1.184158110752174392e-01 1.866073329324186569e-01 8.995767557332256734e-03
1.111491899849423454e-01 7.814676711495943673e-02 1.770887264500558417e-02 6.299055488695272376e-02 1.258237082109390538e-02 5.089337949556882110e-03 1.284115215143022230e-02 8.207300591370182696e-02 9.264024048574311110e-02 1.771166759424445958e-02 5.509847366670000794e-03 1.354952996110299068e-01 3.330068907529222175e-04 1.452132141159483657e-02 4.733691800371325059e-02 1.146754402852580637e-02 3.180817139147852635e-02 2.411634613023122542e-02 4.601828235971557914e-03 2.318765573824013160e-01
5.450516912162399474e-02 5.642845376142115871e-02 0.000000000000000000e+00 3.860226051349031212e-02 3.682102854882240983e-02 1.533668046079601256e-02 4.414016595364144910e-03 1.086804081803635219e-01 7.362953837102918786e-02 5.309736940538170580e-02 0.000000000000000000e+00 1.421010195341452786e-01 2.063351080574070406e-02 8.169332132850047612e-02 2.283969591152834253e-02 3.056646215861047108e-02 1.199408950569794997e-02 7.157345292140360193e-02 1.282048248235586607e-01 4.887869805252195721e-02
1.216688943636522885e-01 1.170956543300414633e-02 2.643478359030929439e-03 3.134164471526841491e-03 3.993578404950968302e-02 4.210349771197605291e-03 7.809130155313696864e-02 3.398970430014307958e-02 8.816346047586652579e-03 9.051883075901134487e-03 1.946421021190460066e-02 2.896214878591628628e-01 2.451792155558455560e-02 0.000000000000000000e+00 1.647746514387641859e-01 0.000000000000000000e+00 1.932406643834335249e-03 1.529762323788383949e-01 3.346161848722168514e-02 0.000000000000000000e+00
1.108690947692236584e-01 1.166658576789164625e-01 0.000000000000000000e+00 2.494171291155707418e-02 3.150624757957868477e-02 3.719971697006412698e-02 0.000000000000000000e+00 3.284463419075364416e-04 1.407622984697184665e-01 5.038705120996610394e-03 0.000000000000000000e+00 1.521379595745857016e-01 6.998959047440821146e-03 1.152547780822764378e-02 1.732586120167992419e-02 1.768600018421813760e-02 8.908058117726876807e-03 1.195943386208526277e-01 1.833023762506802434e-01 1.520888935262540258e-02
4.197046197543245934e-03 1.242967833426702057e-01 2.442788052868657619e-02 1.294128092298559296e-01 3.429390755461163981e-02 1.390137936021092202e-02 6.593197695824705440e-03 9.872362556798339184e-03 1.523871046030202125e-01 1.855242257437723225e-02 2.656467166190836296e-03 2.657369444131881253e-01 0.000000000000000000e+00 1.149300304506242591e-02 0.000000000000000000e+00 1.013556018084141308e-02 2.985709854366763120e-03 1.750914088597296803e-02 3.262639368293506620e-02 1.389218871278433964e-01
9.601684495041043835e-03 4.493697899446049381e-03 2.068259761833423499e-02 1.803743181402661377e-01 6.443348139883962877e-02 1.937114531479148215e-03 1.067102151456437303e-02 7.990118467443346750e-02 1.398875829922762992e-01 8.958749184712816449e-03 3.159826464859531638e-03 4.346806982918921536e-02 9.841483348648616403e-02 2.817767018715104654e-03 1.967414092393662828e-01 1.624129183655130537e-02 4.742497994314771176e-02 3.813590766260885334e-02 1.887368431102153660e-02 1.378079775866120418e-02
1.455581296701529137e-01 3.185768635168013257e-02 1.224251855509427001e-02 0.000000000000000000e+00 4.668028389286934393e-02 0.000000000000000000e+00 1.026301994972293741e-01 1.191531847147768788e-02 1.934413196554314596e-02 5.277453512722869895e-03 3.302626806539525617e-03 1.606668349505563642e-01 1.346871327065152744e-02 0.000000000000000000e+00 1.711887452783523167e-01 0.000000000000000000e+00 5.495225332189635457e-03 2.433444670913469804e-02 1.370047425267994709e-02 2.323372114831264434e-01
0.000000000000000000e+00 1.689832700407116819e-02 6.359181755906983917e-03 8.530470492280926159e-03 3.185707005569128614e-02 9.704505451681428793e-03 8.719004220407293448e-02 7.778964439735763792e-02 1.305971111368122717e-01 7.665922817133801956e-03 7.416209925488232921e-03 1.472251130650887863e-01 8.633576456405266455e-03 1.521773476447523324e-02 1.550387880000715993e-02 2.041857130456593492e-02 1.046836164317819888e-02 2.120687608575624328e-01 1.629965502072930894e-01 2.345896766092717481e-02
2.847255378622962768e-03 1.350240298773550639e-02 0.000000000000000000e+00 5.105543965746861534e-02 6.644789497333102035e-02 3.981973789585201151e-02 0.000000000000000000e+00 0.000000000000000000e+00 1.388884327518114803e-01 8.718711089804568812e-03 0.000000000000000000e+00 1.754711189534676474e-01 3.784632893377522234e-02 0.000000000000000000e+00 0.000000000000000000e+00 0.000000000000000000e+00 1.492586458117384392e-02 2.305803705688632133e-01 1.997031650815856429e-01 2.019327714650831149e-02
5.014338558293034848e-02 9.016203634586296423e-02 1.700189755422100782e-02 1.676971901806448631e-02 9.105163222796837721e-03 1.013044091661632895e-01 8.037418348138550273e-02 1.576808110467399146e-02 1.612011417903400634e-01 2.238379390818630646e-02 4.985840870580734736e-04 1.512581110583466337e-01 5.772996634816351252e-02 1.653855941021334180e-04 8.171178468384684632e-03 8.102333573892227551e-04 1.651594298182822509e-02 1.227118936482217773e-02 5.587840619584453355e-02 1.324871913694362080e-01
8.433380483244398707e-02 1.054559685075280723e-01 4.348101385807344454e-02 0.000000000000000000e+00 1.066309024162178098e-01 5.048899605972560073e-02 4.643228985521276678e-03 1.801544874274659327e-02 1.393729850150332572e-01 1.054412763193833813e-01 1.970057407330011098e-02 1.245975967200534801e-01 0.000000000000000000e+00 3.273605722578492444e-03 2.557649262655290259e-03 1.021638536335302619e-03 1.577825324943624890e-04 1.028291743021325991e-02 1.678561272347716127e-01 1.268848375092478283e-02
