1.208879556869210253e-01 1.421203871814429032e-01 4.990323398040240159e-03 4.681366745403494717e-05 1.049389712984089701e-02 5.268102300398581211e-02 6.057311184716217267e-03 4.203936019342330820e-03 1.820812384221630886e-01 5.791898687669513532e-03 0.000000000000000000e+00 2.056169170613150188e-01 0.000000000000000000e+00 0.000000000000000000e+00 5.931275480873934164e-03 0.000000000000000000e+00 1.400970063245281401e-02 1.173516719205388789e-02 1.361458434441461807e-01 9.720631180758206036e-02
1.461162451490191916e-01 0.000000000000000000e+00 1.890877880253036920e-03 2.574182192393916976e-02 0.000000000000000000e+00 1.042278366291928644e-03 0.000000000000000000e+00 8.282264472512851014e-03 1.727578273967147471e-01 1.213409904982803121e-02 0.000000000000000000e+00 1.987618808475990206e-01 0.000000000000000000e+00 8.977295426478347148e-03 5.612629100738207588e-02 1.989502886338379017e-02 5.261455129364383306e-04 6.038510778665963710e-03 4.839492619058774481e-02 2.933145071344077093e-01
1.207413716623548655e-01 1.560143833645402656e-01 0.000000000000000000e+00 1.841272394477210320e-02 1.474241157082215314e-01 3.540204373184443337e-02 0.000000000000000000e+00 3.958716503247587670e-02 1.478296869222562870e-01 0.000000000000000000e+00 0.000000000000000000e+00 1.158603385995045192e-02 2.888298138313058483e-02 0.000000000000000000e+00 1.175770701545056640e-01 0.000000000000000000e+00 5.721483480634973573e-06 2.213342345957918997e-02 0.000000000000000000e+00 1.544032792928880793e-01
4.685649226275422942e-03 6.934993114923175550e-02 5.799403604163189813e-03 4.409912240265808324e-03 2.062558500294265143e-02 1.461457640510275824e-01 6.452347170939205789e-02 7.902423860055864113e-02 1.478153996154824290e-01 1.548500145045534314e-02 0.000000000000000000e+00 1.680995439881090847e-01 1.515092105346613760e-01 0.000000000000000000e+00 1.250494443382645787e-02 8.774147344048540895e-03 0.000000000000000000e+00 6.819849938138228783e-03 8.060664271776601941e-02 1.382130439365534223e-02
2.906141581657535611e-02 4.489682964478235172e-02 1.000475443782121096e-02 6.149688007698317187e-03 6.214997209237498738e-02 1.718625252402583847e-01 3.160162944697096632e-02 2.064321705045519817e-01 2.743690025128079149e-02 0.000000000000000000e+00 0.000000000000000000e+00 1.417316514404032279e-01 2.723294175576574869e-02 0.000000000000000000e+00 4.594310558745091748e-03 0.000000000000000000e+00 6.798937837225360777e-03 7.245205730119534671e-02 2.228088389463543303e-02 1.353133317697153282e-01
1.261513214143935024e-01 1.434050066647821198e-01 0.000000000000000000e+00 2.017620679693667846e-02 1.874248088776295784e-01 2.757408272263137811e-02 1.729984804430741044e-04 6.899917522554670224e-02 5.075071742869674551e-02 0.000000000000000000e+00 0.000000000000000000e+00 1.889763394632815452e-01 0.000000000000000000e+00 0.000000000000000000e+00 2.247413268325256733e-03 0.000000000000000000e+00 1.678628673182843908e-02 1.858342365323248369e-02 1.058118023262322044e-01 4.294041694604039394e-02
1.378783617690702012e-01 2.929421341293802702e-02 2.249629600907923979e-02 0.000000000000000000e+00 1.415174616451595757e-01 1.310789615389472695e-01 2.015921263882277520e-02 5.441331142091981182e-02 1.772724841060685508e-01 0.000000000000000000e+00 0.000000000000000000e+00 1.600042427832159553e-01 4.826897923225960223e-03 8.087864032702547779e-02 0.000000000000000000e+00 4.311407448889689915e-03 0.000000000000000000e+00 3.468778063430962011e-02 1.180728342327861616e-03 0.000000000000000000e+00
1.260608724355933297e-01 1.107371023633605123e-01 8.057207882384202421e-03 8.037531993635532723e-02 9.208699395717991065e-02 3.279914779605679585e-03 0.000000000000000000e+00 1.338690854478137848e-01 7.629722173325902135e-02 0.000000000000000000e+00 0.000000000000000000e+00 9.367521342389661942e-02 6.108361113502867867e-02 7.433247666012077204e-02 6.721004347404606859e-03 0.000000000000000000e+00 5.484757872359905494e-03 2.587070900540601459e-02 0.000000000000000000e+00 1.020685090202315959e-01
7.000175346282398563e-03 7.298871255215784448e-02 1.992481948495624169e-02 1.249301214363788270e-01 2.298864139593676803e-01 5.120419032144462451e-02 4.413758248921002825e-02 3.598489127729274061e-03 3.790517537197476278e-02 7.620311586787852087e-02 0.000000000000000000e+00 9.923036395810557603e-03 6.763577475424809027e-02 0.000000000000000000e+00 0.000000000000000000e+00 1.859264345275821835e-03 4.338683924178222961e-02 2.829964204306925288e-02 8.161092652516813151e-02 9.950572073726555999e-02
1.262484811028483089e-01 5.262990860405394877e-03 0.000000000000000000e+00 1.340773966990366434e-03 1.338911978042362783e-01 7.786151708848375319e-02 1.663635437489888527e-02 1.280956778315196776e-01 2.582810218697236676e-02 0.000000000000000000e+00 0.000000000000000000e+00 1.227932920991096771e-01 6.243558376021629552e-02 6.495358852960762819e-02 0.000000000000000000e+00 1.260689681379362215e-02 1.073373890941337755e-02 4.118205150303042711e-02 0.000000000000000000e+00 1.701297531684738962e-01
7.043306762202958260e-02 8.101639803757847147e-02 8.758719759169495377e-04 1.304215817579527648e-01 2.139199730935009355e-02 0.000000000000000000e+00 3.338768161586714439e-02 0.000000000000000000e+00 1.520514235444281881e-01 4.205090657206984883e-03 1.284018345702201032e-02 1.761999369573372110e-01 3.015340125354074724e-02 1.121751782024219164e-02 1.364090425103283155e-01 0.000000000000000000e+00 0.000000000000000000e+00 1.393968054811993706e-01 0.000000000000000000e+00 0.000000000000000000e+00
2.474697609869155272e-03 3.660197159653090504e-02 0.000000000000000000e+00 0.000000000000000000e+00 0.000000000000000000e+00 8.872744393808373875e-02 0.000000000000000000e+00 6.522018517929203951e-02 1.417525277287969288e-01 0.000000000000000000e+00 0.000000000000000000e+00 1.829784851708463056e-01 1.374125095823180986e-01 1.478941913540218235e-02 3.467951437836673100e-03 1.173727510102876015e-02 1.344282680217187727e-02 1.159624921092505118e-01 6.542966020671811544e-02 1.200025544018548801e-01
7.323200465909214529e-02 3.230340882231078070e-02 2.337635380270673691e-02 0.000000000000000000e+00 1.839600820304146053e-02 1.364188958000837892e-01 2.469780805312884065e-03 5.701481800037176695e-03 3.113943174525374280e-01 3.136500927618973700e-02 0.000000000000000000e+00 2.024181898343721808e-01 1.582033080939904135e-02 0.000000000000000000e+00 1.278172088432212757e-02 5.129350485841286875e-03 3.989687040074262753e-02 1.261368364633808515e-03 8.230264724901281692e-02 5.732261350363925152e-03
6.955520605683505886e-02 2.067384372839251375e-02 0.000000000000000000e+00 4.245378103205815767e-02 1.390226385009841192e-01 1.344002563029560726e-01 1.012721559552777484e-01 4.547531423782298632e-02 7.475701680908783744e-03 0.000000000000000000e+00 0.000000000000000000e+00 2.672697087341046607e-01 7.304659902656062548e-03 5.936292581775803184e-02 1.698951912955679738e-02 0.000000000000000000e+00 4.192772531246000828e-02 2.291955165150288271e-02 2.389701195672611425e-02 0.000000000000000000e+00
7.098963261599972388e-03 1.167744511439483684e-01 1.277658502604158419e-01 0.000000000000000000e+00 2.912572604586365077e-02 8.161827403613250214e-04 0.000000000000000000e+00 0.000000000000000000e+00 1.786736228984259212e-01 3.307833708305011038e-03 0.000000000000000000e+00 1.723424280970725087e-01 1.476672337418352514e-02 1.486126726230880581e-02 1.636396604272139788e-01 0.000000000000000000e+00 1.512971022197807103e-01 0.000000000000000000e+00 1.953018856052020705e-02 0.000000000000000000e+00
1.788478611974924108e-03 0.000000000000000000e+00 0.000000000000000000e+00 1.273428487122364450e-01 2.124202593744866155e-03 6.754728788194785255e-03 0.000000000000000000e+00 9.253753856050647708e-02 0.000000000000000000e+00 0.000000000000000000e+00 0.000000000000000000e+00 9.480834629288514837e-02 3.307840100219861662e-02 0.000000000000000000e+00 2.413187128668011980e-02 0.000000000000000000e+00 1.683140670586428730e-02 1.096777112479165456e-01 2.404642165583212310e-01 2.504602496394766620e-01
1.531738114455255817e-01 0.000000000000000000e+00 1.945873990706278520e-02 0.000000000000000000e+00 8.888354050997118727e-02 1.861100306903328561e-01 6.564093759391731453e-02 1.079136675805004442e-01 1.434765104412139280e-01 0.000000000000000000e+00 0.000000000000000000e+00 9.206786386928896004e-02 0.000000000000000000e+00 5.433107473467704146e-02 0.000000000000000000e+00 3.535409914756972027e-02 1.108780554850455694e-02 0.000000000000000000e+00 2.570271627259880509e-02 1.679920225883695453e-02
0.000000000000000000e+00 8.478302593868096426e-02 0.000000000000000000e+00 1.921111132992349771e-02 0.000000000000000000e+00 1.167235761670254793e-02 0.000000000000000000e+00 9.021316351183715498e-03 1.947119042783662102e-01 0.000000000000000000e+00 5.472358152048218717e-03 1.663643369879354017e-01 1.077566233583057871e-02 0.000000000000000000e+00 1.519182637569626015e-01 0.000000000000000000e+00 8.744255397135230340e-03 1.048642991205522429e-01 3.949466650511784110e-02 1.929664422295608306e-01
0.000000000000000000e+00 8.404468811721295396e-02 0.000000000000000000e+00 7.836461509667035086e-02 0.000000000000000000e+00 2.008579717047500809e-02 0.000000000000000000e+00 0.000000000000000000e+00 3.139814810230944220e-01 6.979289475336004564e-03 0.000000000000000000e+00 1.317590806174208096e-01 0.000000000000000000e+00 0.000000000000000000e+00 1.524978713160377863e-01 0.000000000000000000e+00 0.000000000000000000e+00 8.075509838868995260e-02 1.646679885297995180e-02 1.150652799420828071e-01
3.651744032571678511e-02 8.043335311620065237e-03 0.000000000000000000e+00 2.664713392055115607e-02 7.277196769668856959e-03 2.160606688704630809e-02 2.110667752005499984e-02 2.189359039914426722e-02 1.510009140770544045e-01 7.416802749627184879e-04 1.351626628333966150e-02 1.302358856155426403e-01 0.000000000000000000e+00 1.042401635376168922e-01 6.273389128404916783e-03 6.666029411820587579e-03 6.618120609071066751e-02 7.284038861482088068e-02 1.479679134293567233e-01 1.572447224025674550e-01
2.032383349749971625e-03 7.862916039181419570e-03 1.224124150017814622e-03 2.450674423090754353e-02 0.000000000000000000e+00 2.379085244933368259e-02 8.482525911329172330e-02 1.673477610246430075e-02 0.000000000000000000e+00 7.717052874152980323e-03 0.000000000000000000e+00 2.375212638434341939e-01 1.543826630825214929e-01 1.860526025343672493e-02 2.068496911122909288e-01 2.427142702528817426e-03 0.000000000000000000e+00 0.000000000000000000e+00 7.154818153893963140e-02 1.399716891577488798e-01
0.000000000000000000e+00 2.268225882079807562e-02 1.703077651045447477e-03 1.585866950890501559e-01 3.374322074968501913e-04 0.000000000000000000e+00 1.517496545535256848e-03 0.000000000000000000e+00 1.645959152532637526e-01 0.000000000000000000e+00 3.170686602481828653e-02 2.267619916826555948e-01 6.443071900500095539e-02 0.000000000000000000e+00 1.631450943957193228e-02 0.000000000000000000e+00 0.000000000000000000e+00 3.648024944138111153e-02 4.985145844511880420e-03 2.698976429948707345e-01
1.896314909236937116e-02 3.952685461207197659e-02 7.118503914622695272e-02 1.899885729687630365e-01 1.036199520155582990e-02 1.458968391281839916e-01 0.000000000000000000e+00 1.235125182234880943e-02 2.860250434685926990e-01 0.000000000000000000e+00 0.000000000000000000e+00 4.915276732260118187e-02 1.551001724047236649e-03 2.766447288518552369e-03 1.346927028246617869e-03 1.170917338534855148e-02 0.000000000000000000e+00 7.598084957489951996e-02 7.601318730329005569e-02 7.180900932935584298e-03
9.478424965548561121e-02 9.025899702886895637e-02 1.841438578129151035e-03 0.000000000000000000e+00 2.496111012813125030e-02 1.315937474054592327e-01 8.654907771038905517e-02 3.483053646545679143e-04 2.271742218583893691e-01 6.216087348872445170e-03 0.000000000000000000e+00 2.341962899879991220e-02 0.000000000000000000e+00 1.711787646026173559e-02 6.919602045899832243e-02 0.000000000000000000e+00 1.461151306527015969e-01 5.933618020426049966e-02 7.395691839728811036e-03 1.369223630686934937e-02
7.314327878423780571e-02 3.823023645267173420e-02 0.000000000000000000e+00 1.469711769143832447e-01 1.022174103771109413e-02 0.000000000000000000e+00 1.007644506871536449e-01 9.310805401124214176e-02 1.663252276019405729e-02 0.000000000000000000e+00 0.000000000000000000e+00 0.000000000000000000e+00 1.381457585527448295e-01 3.697306168541428933e-02 4.524008561189116900e-02 0.000000000000000000e+00 1.803382841260906325e-02 3.664460213325683533e-03 1.221281013635398816e-01 1.567432435128812973e-01
2.187904875687245870e-02 1.184074455459951103e-01 0.000000000000000000e+00 1.115209609007553476e-01 8.470296637821528654e-03 3.328792883520385014e-03 1.180877400672272481e-01 8.050378280100472725e-03 6.019597651756865980e-02 2.957905946598421085e-02 0.000000000000000000e+00 1.317751968508036053e-01 9.980911163825635646e-03 1.160090161364127348e-02 1.371109985277674526e-01 1.324324104816754742e-02 1.251213528206100989e-01 3.018463415224984306e-02 6.146306476708906369e-02 0.000000000000000000e+00
5.067845885603646482e-04 2.027715470059142898e-03 2.879360218398748991e-02 1.547219714989353234e-01 5.678345895106056557e-02 6.801768990882797392e-04 9.629962450909343441e-03 1.662141364142553090e-01 0.000000000000000000e+00 0.000000000000000000e+00 0.000000000000000000e+00 2.103152224291455208e-01 0.000000000000000000e+00 0.000000000000000000e+00 2.040163889234647698e-01 2.940916710572715267e-03 0.000000000000000000e+00 3.923773494537934059e-02 1.919213818531805699e-02 1.049397903492637479e-01
1.372274545513416620e-02 1.758834508186246301e-02 1.264548446897642564e-02 2.041675762407107325e-02 2.211689267505835381e-03 1.332198411505600699e-01 2.185521658780146745e-02 1.022821746637866784e-02 0.000000000000000000e+00 2.023015616243768397e-02 0.000000000000000000e+00 1.132688318860643750e-01 1.318681601418220939e-01 0.000000000000000000e+00 4.299263491772906121e-02 0.000000000000000000e+00 3.630576465152745430e-02 1.318175189236476808e-01 2.053265819470131703e-01 8.630205426746832831e-02
0.000000000000000000e+00 1.401890216429361458e-01 0.000000000000000000e+00 1.441734252043265496e-01 1.932919381534178582e-01 1.505491276660795609e-02 5.748008820547502104e-03 6.119228472382858691e-02 1.358250318221734983e-02 0.000000000000000000e+00 0.000000000000000000e+00 2.332425236156150106e-01 1.645662207587498746e-02 0.000000000000000000e+00 0.000000000000000000e+00 0.000000000000000000e+00 1.660747164489960112e-02 1.532425205880586505e-01 3.340669825523336859e-03 3.878097756146303178e-03
1.478284291458462629e-01 0.000000000000000000e+00 1.899891840982251626e-03 7.742077654203967027e-03 4.267902891876089108e-03 3.011860242201162829e-02 2.381602821506135712e-02 0.000000000000000000e+00 2.338417511769014939e-02 1.087242172207202213e-02 1.342579645615339179e-03 2.139425476230508993e-01 1.407533369807378032e-01 0.000000000000000000e+00 2.396829272455320015e-01 0.000000000000000000e+00 0.000000000000000000e+00 2.159105598810474869e-02 0.000000000000000000e+00 1.327580235072155501e-01
0.000000000000000000e+00 4.727649541666310851e-02 0.000000000000000000e+00 1.366278998005564793e-01 3.266454184130767463e-02 0.000000000000000000e+00 2.483953389366174574e-02 0.000000000000000000e+00 1.674167358608515399e-01 8.682344527709229222e-04 0.000000000000000000e+00 1.715090439166294112e-01 2.042418874479162098e-03 0.000000000000000000e+00 1.857586689456545703e-01 0.000000000000000000e+00 2.077203855185828785e-02 1.862185085654687600e-01 0.000000000000000000e+00 2.400587988009840468e-02
0.000000000000000000e+00 1.405658912161937002e-01 0.000000000000000000e+00 1.664065278383037097e-02 0.000000000000000000e+00 2.197889419790535204e-01 9.752862129357844911e-03 0.000000000000000000e+00 1.431176861772987530e-01 0.000000000000000000e+00 0.000000000000000000e+00 8.119589686311082244e-02 1.838713305196957790e-02 5.099227029246580431e-03 6.275733538480832152e-02 0.000000000000000000e+00 7.475016303580077348e-02 0.000000000000000000e+00 1.336212928671220712e-01 9.432291748220761329e-02
0.000000000000000000e+00 0.000000000000000000e+00 0.000000000000000000e+00 0.000000000000000000e+00 1.700221423732728721e-01 1.800154247898906948e-02 8.829029078498832825e-03 5.090039528822951076e-02 1.517732676341854436e-01 0.000000000000000000e+00 0.000000000000000000e+00 1.669773337203507846e-01 0.000000000000000000e+00 8.916587167334691366e-02 1.750241965245916131e-01 0.000000000000000000e+00 0.000000000000000000e+00 3.603660330416792734e-02 2.895286567174069816e-03 1.303743313571930906e-01
1.218953777827927465e-01 9.609925225874865751e-02 0.000000000000000000e+00 3.012964307677833218e-03 1.396989704137840405e-01 1.478675013660129822e-01 1.324341682736945511e-02 0.000000000000000000e+00 1.619595413625255775e-01 0.000000000000000000e+00 0.000000000000000000e+00 2.774890544828745864e-01 2.824921418487216090e-02 0.000000000000000000e+00 0.000000000000000000e+00 1.412363852623219887e-03 4.448558815140451692e-03 4.623784345578364242e-03 0.000000000000000000e+00 0.000000000000000000e+00
3.058269286553979508e-03 1.023085891663170349e-01 7.953195163950023405e-02 1.258938705090149046e-01 1.332041446439569954e-01 1.389658889679949716e-01 0.000000000000000000e+00 3.959664319138905819e-02 2.879203631210340564e-02 0.000000000000000000e+00 0.000000000000000000e+00 3.450331347166809420e-02 1.472490862149108785e-02 5.076822365776485074e-02 5.125341856292419535e-02 0.000000000000000000e+00 0.000000000000000000e+00 0.000000000000000000e+00 1.412163748837668709e-01 5.618236708555432446e-02
