0.000000000000000000e+00 9.558655080654163139e-03 1.276313292206304462e-01 9.240185481400485165e-03 5.198794604467550304e-03 0.000000000000000000e+00 1.066217364713074461e-01 3.975639354420691142e-03 2.884886304188968853e-02 0.000000000000000000e+00 0.000000000000000000e+00 7.535020377328406627e-02 0.000000000000000000e+00 4.423311047505656610e-03 3.558277653427146525e-01 0.000000000000000000e+00 4.349736832790816743e-02 0.000000000000000000e+00 1.540405890592674507e-02 0.000000000000000000e+00 0.000000000000000000e+00 0.000000000000000000e+00 4.274356080068963948e-02 2.526519064886836516e-02 1.464133378983321354e-01
3.937638691223896426e-02 5.214425922334941024e-03 1.614716211876601470e-01 0.000000000000000000e+00 1.131839881102773143e-03 6.747217789800484360e-03 0.000000000000000000e+00 1.773804791749631626e-01 0.000000000000000000e+00 0.000000000000000000e+00 0.000000000000000000e+00 1.206715442468039856e-02 0.000000000000000000e+00 8.840979708468859862e-04 1.196628032748613644e-02 0.000000000000000000e+00 1.970665516860235222e-01 0.000000000000000000e+00 0.000000000000000000e+00 0.000000000000000000e+00 0.000000000000000000e+00 0.000000000000000000e+00 0.000000000000000000e+00 1.861832893144506618e-01 2.005106554084117587e-01
3.207725637282134862e-02 1.090524718335134959e-02 0.000000000000000000e+00 1.385536298822101844e-02 6.013985989640088792e-02 6.806874845263079232e-02 3.907369259963956037e-02 0.000000000000000000e+00 0.000000000000000000e+00 2.245216222280557380e-02 0.000000000000000000e+00 9.681107414265779920e-02 0.000000000000000000e+00 0.000000000000000000e+00 1.130856201255071997e-01 3.386673355854680906e-02 2.539157591035271985e-02 0.000000000000000000e+00 5.583707933697742293e-02 9.653709300356229372e-02 0.000000000000000000e+00 8.064206705566120958e-02 1.570361632767462712e-01 9.103896304543300511e-02 3.181300828684786343e-03
0.000000000000000000e+00 0.000000000000000000e+00 0.000000000000000000e+00 0.000000000000000000e+00 0.000000000000000000e+00 0.000000000000000000e+00 1.313734587010038229e-02 0.000000000000000000e+00 4.562399517781901698e-02 7.701602700475289852e-03 0.000000000000000000e+00 1.344465426605009062e-01 0.000000000000000000e+00 0.000000000000000000e+00 1.497856720351582183e-01 0.000000000000000000e+00 3.868947668264169359e-02 7.484477449314388964e-02 5.737517602603570133e-02 1.693953677349238542e-03 0.000000000000000000e+00 0.000000000000000000e+00 1.337984435685590223e-01 1.545687112862882961e-01 1.883343058219283384e-01
0.000000000000000000e+00 3.841779569790904590e-03 1.386785074585968336e-01 9.031308833375190082e-02 0.000000000000000000e+00 0.000000000000000000e+00 3.103141428813569261e-02 1.070862620079394631e-02 0.000000000000000000e+00 0.000000000000000000e+00 0.000000000000000000e+00 1.042680041094056348e-01 9.871216139929216149e-02 0.000000000000000000e+00 1.698153835447882010e-01 0.000000000000000000e+00 2.581973796356306847e-02 0.000000000000000000e+00 7.821560969373369740e-03 0.000000000000000000e+00 0.000000000000000000e+00 1.206966047997822256e-01 1.883364537441225076e-02 1.794594859883137938e-01 0.000000000000000000e+00
6.282958657872600959e-03 0.000000000000000000e+00 1.407961526546365194e-01 2.771293484490467036e-03 2.747166303153140143e-01 0.000000000000000000e+00 1.574539579577578230e-01 1.007077129644266961e-01 4.088012984285158830e-02 5.002989895563286944e-03 1.506270569698085497e-05 0.000000000000000000e+00 0.000000000000000000e+00 0.000000000000000000e+00 7.969110378181955279e-02 2.677762132972313913e-02 3.388530743805460294e-02 6.737107272370400531e-03 3.470793649306974649e-02 6.794269309063537265e-02 0.000000000000000000e+00 0.000000000000000000e+00 6.908342845474596192e-03 0.000000000000000000e+00 1.472299927024276790e-02
6.310981613932699352e-02 0.000000000000000000e+00 1.557122467445115621e-01 0.000000000000000000e+00 1.564069428091172942e-01 1.716519642531296741e-01 8.895152892156302227e-02 2.168028521850044743e-02 0.000000000000000000e+00 8.445276866888036657e-04 0.000000000000000000e+00 0.000000000000000000e+00 1.181301562243350020e-02 0.000000000000000000e+00 7.176639275383145389e-02 0.000000000000000000e+00 3.891048247459378412e-02 0.000000000000000000e+00 2.142988129285002541e-01 0.000000000000000000e+00 0.000000000000000000e+00 0.000000000000000000e+00 0.000000000000000000e+00 0.000000000000000000e+00 4.853984447803224613e-03
1.061956411821756568e-01 1.361682944222716851e-01 3.041171719365235414e-03 0.000000000000000000e+00 0.000000000000000000e+00 0.000000000000000000e+00 0.000000000000000000e+00 0.000000000000000000e+00 2.990052560297607256e-02 0.000000000000000000e+00 0.000000000000000000e+00 7.528636306868212447e-02 1.238708413901529470e-01 0.000000000000000000e+00 1.987762638890473998e-01 0.000000000000000000e+00 8.877165846251283687e-03 0.000000000000000000e+00 0.000000000000000000e+00 0.000000000000000000e+00 0.000000000000000000e+00 1.307608000735123732e-01 5.858531649849347406e-02 1.218943018006249657e-01 6.643314506446863603e-03
8.483047705217582057e-02 1.273696674025757702e-01 0.000000000000000000e+00 0.000000000000000000e+00 4.322258400385395674e-03 0.000000000000000000e+00 2.294158962267758492e-02 0.000000000000000000e+00 0.000000000000000000e+00 2.836446089933499989e-02 0.000000000000000000e+00 1.679262194645444461e-01 4.096732268056797049e-02 0.000000000000000000e+00 1.499171942772105637e-01 8.198424401322526589e-02 1.279287203020247898e-01 5.691769756818619228e-03 1.893472415852600482e-02 0.000000000000000000e+00 0.000000000000000000e+00 0.000000000000000000e+00 1.228680832480625457e-01 0.000000000000000000e+00 1.595326872187027845e-02
1.986788847655797732e-02 0.000000000000000000e+00 9.503308551000361898e-03 0.000000000000000000e+00 0.000000000000000000e+00 0.000000000000000000e+00 1.376294201095531466e-01 1.227482398734675989e-01 7.370918672447179798e-02 0.000000000000000000e+00 2.522702828712864234e-02 1.448614532870582949e-01 3.187188463685235867e-02 3.475980057958198699e-02 1.348972715043387505e-01 0.000000000000000000e+00 0.000000000000000000e+00 0.000000000000000000e+00 0.000000000000000000e+00 0.000000000000000000e+00 0.000000000000000000e+00 0.000000000000000000e+00 1.016442313259961761e-02 1.103003557414203306e-01 1.444597390959691252e-01
0.000000000000000000e+00 2.146100853891962090e-02 1.517848624397466761e-01 0.000000000000000000e+00 0.000000000000000000e+00 1.384265509454936371e-01 7.036022832191933529e-02 0.000000000000000000e+00 5.713981362696712862e-02 1.682875444660648229e-02 0.000000000000000000e+00 1.557121844827104307e-01 0.000000000000000000e+00 0.000000000000000000e+00 1.249926593608617353e-01 0.000000000000000000e+00 1.252354809479024056e-01 1.650225422175546908e-02 0.000000000000000000e+00 1.910923670556615361e-03 0.000000000000000000e+00 0.000000000000000000e+00 1.196452789965604113e-01 0.000000000000000000e+00 0.000000000000000000e+00
0.000000000000000000e+00 0.000000000000000000e+00 1.325291506387243357e-01 0.000000000000000000e+00 1.638042653367880463e-01 1.233114825358910122e-01 5.800525881840590259e-02 3.063287263158860629e-03 0.000000000000000000e+00 1.658592438111710938e-03 0.000000000000000000e+00 1.037196610847214290e-01 0.000000000000000000e+00 0.000000000000000000e+00 6.836763132990916758e-02 0.000000000000000000e+00 0.000000000000000000e+00 0.000000000000000000e+00 1.717214722833804441e-01 1.441569323477888409e-01 0.000000000000000000e+00 2.966226592312025748e-02 0.000000000000000000e+00 0.000000000000000000e+00 0.000000000000000000e+00
0.000000000000000000e+00 4.479575943329965060e-02 1.428059600256109674e-01 0.000000000000000000e+00 0.000000000000000000e+00 0.000000000000000000e+00 2.479115436875942505e-02 3.643586665867837304e-03 2.036155384948630520e-02 1.597301300743495314e-02 0.000000000000000000e+00 1.391573544454052513e-01 0.000000000000000000e+00 0.000000000000000000e+00 0.000000000000000000e+00 0.000000000000000000e+00 4.235374667955994765e-02 8.322146645933217735e-02 1.762588255284580074e-01 0.000000000000000000e+00 0.000000000000000000e+00 1.063665433070258987e-01 9.464711313668576573e-04 1.557648831486613738e-03 1.977669162669062064e-01
0.000000000000000000e+00 5.135639808332117390e-03 0.000000000000000000e+00 3.778281648443033297e-02 1.332991572550145665e-01 1.244456552519574398e-02 9.005176701727836408e-02 1.957923809125628259e-02 0.000000000000000000e+00 1.849382662159879120e-01 0.000000000000000000e+00 3.181511072068454044e-02 0.000000000000000000e+00 1.257596906110326459e-03 1.588503652518339360e-01 0.000000000000000000e+00 1.897812930962005805e-04 9.352504797329096176e-02 3.664636120713155032e-02 0.000000000000000000e+00 0.000000000000000000e+00 3.618126966116245753e-03 6.023783485413714001e-03 2.680005441578132280e-02 1.580423213830460250e-01
6.717002786712238452e-03 1.158264877609641863e-01 1.403932854412165143e-01 0.000000000000000000e+00 4.824639183177211604e-03 8.112836411042691209e-03 0.000000000000000000e+00 1.150580102331823229e-01 0.000000000000000000e+00 1.331110313765148101e-01 0.000000000000000000e+00 1.400259233993699226e-01 0.000000000000000000e+00 0.000000000000000000e+00 2.127552711110141694e-03 0.000000000000000000e+00 1.676735783048168837e-01 0.000000000000000000e+00 1.689870276919930563e-03 4.128340258445302793e-03 0.000000000000000000e+00 0.000000000000000000e+00 1.284244017149530626e-01 2.891449671897567894e-02 2.972543422599034126e-03
0.000000000000000000e+00 0.000000000000000000e+00 3.343289555593329659e-02 0.000000000000000000e+00 9.113185730154486908e-02 1.336448877907416288e-01 1.135383128929167706e-01 0.000000000000000000e+00 1.431953018961024289e-02 9.069898604133918088e-03 4.020534509565409052e-03 2.657234110073962152e-01 0.000000000000000000e+00 0.000000000000000000e+00 0.000000000000000000e+00 0.000000000000000000e+00 0.000000000000000000e+00 0.000000000000000000e+00 0.000000000000000000e+00 0.000000000000000000e+00 0.000000000000000000e+00 8.927146262470339599e-02 1.772382598336968594e-03 1.563084981063676271e-01 8.776632881874969760e-02
1.125998943245142825e-01 0.000000000000000000e+00 8.793843039660739769e-02 0.000000000000000000e+00 2.135823845577354552e-01 1.762069570391945339e-01 0.000000000000000000e+00 0.000000000000000000e+00 1.575376473609255146e-02 0.000000000000000000e+00 9.386322811501751975e-03 1.692840048847929768e-01 8.233394503530670067e-03 0.000000000000000000e+00 1.626735515385629438e-01 0.000000000000000000e+00 0.000000000000000000e+00 0.000000000000000000e+00 4.434129520746741410e-02 0.000000000000000000e+00 0.000000000000000000e+00 0.000000000000000000e+00 0.000000000000000000e+00 0.000000000000000000e+00 0.000000000000000000e+00
1.140990215687610193e-01 0.000000000000000000e+00 0.000000000000000000e+00 0.000000000000000000e+00 8.981875269280198415e-02 0.000000000000000000e+00 1.553203989673090923e-01 1.833772180273184338e-01 1.151208870509607893e-02 1.055306039533506109e-02 0.000000000000000000e+00 8.027840976099988660e-03 0.000000000000000000e+00 0.000000000000000000e+00 8.616913688051337783e-02 0.000000000000000000e+00 0.000000000000000000e+00 3.039473398473626839e-02 1.399020430046072350e-01 0.000000000000000000e+00 9.943204274108819601e-03 1.439627754740807619e-01 2.878054408115815564e-03 1.404167064111614370e-02 0.000000000000000000e+00
0.000000000000000000e+00 2.726813173295413242e-02 0.000000000000000000e+00 0.000000000000000000e+00 8.594109623495684025e-02 0.000000000000000000e+00 2.462461601944107570e-02 2.082566647688762623e-02 0.000000000000000000e+00 0.000000000000000000e+00 0.000000000000000000e+00 0.000000000000000000e+00 0.000000000000000000e+00 0.000000000000000000e+00 2.002397314322263699e-01 2.725130003086979197e-02 1.196114114255007604e-01 0.000000000000000000e+00 1.786957822677211118e-03 0.000000000000000000e+00 0.000000000000000000e+00 5.294780565069362455e-02 1.156831765618876878e-01 8.849849957059854888e-02 2.353216070413063077e-01
3.043395752545731414e-03 0.000000000000000000e+00 7.367539593943406295e-02 0.000000000000000000e+00 0.000000000000000000e+00 1.056997742957576508e-01 9.936109756421718925e-04 0.000000000000000000e+00 0.000000000000000000e+00 0.000000000000000000e+00 0.000000000000000000e+00 1.530928814722870013e-01 1.860981857085825973e-03 2.107288690674677042e-02 1.340696638443521493e-01 0.000000000000000000e+00 1.287133196274329039e-01 0.000000000000000000e+00 0.000000000000000000e+00 3.713104963004624452e-03 9.369680450377084607e-03 4.055043483664561715e-02 5.258039837615222784e-02 1.021445821676920801e-01 1.694198885348441042e-01
