7.853777797378874714e-02 7.502525875514812204e-02 5.999416812587301390e-02 6.533966221153611476e-02 2.753445135633755814e-02 8.480712471873966263e-02 2.937184293759206519e-02 4.947288096843496796e-02 1.497901909765862218e-02 0.000000000000000000e+00 0.000000000000000000e+00 0.000000000000000000e+00 6.323179235861500769e-02 5.671183218172886654e-03 4.878686425452402609e-02 0.000000000000000000e+00 1.384789786402748635e-02 1.336031106596240192e-01 1.243897156022802375e-01 1.254072498976475381e-01
1.081134184094824785e-01 1.589586988641348772e-02 1.034776559906003951e-02 2.441789986002590104e-02 6.252701808945854145e-02 2.097949748592573271e-01 9.626167180263680428e-03 1.987672093276904653e-03 1.626420357339304346e-01 4.434397034387179554e-02 0.000000000000000000e+00 1.664607275048470281e-01 0.000000000000000000e+00 3.883040777956838635e-02 0.000000000000000000e+00 8.975129648614179820e-03 6.574653254256288080e-04 3.951022817777703755e-02 1.932517219056481897e-02 7.654407731816224858e-02
0.000000000000000000e+00 1.105986816528587852e-01 6.585350434773588890e-03 4.172859104802962432e-03 1.862317844278429391e-01 3.868839656199571028e-03 1.534353869630012690e-01 9.622151471356210628e-02 1.572912487809961790e-01 2.891633418672525171e-02 2.559234127842981849e-02 3.046996994127157063e-02 2.228423309987456052e-03 1.811159148436290375e-02 0.000000000000000000e+00 0.000000000000000000e+00 2.556999182606582103e-03 1.942539732687809106e-02 0.000000000000000000e+00 1.542932775557010194e-01
5.421224911207817021e-02 9.906643675041281252e-03 1.478446718665802836e-02 8.217868115414976582e-02 5.659918662889444618e-02 1.170865332680853452e-02 4.552532904713811612e-02 4.779697923210476929e-02 1.668030742807275479e-01 9.179607018526572682e-02 1.418279942932286312e-02 1.002701574839130333e-01 6.950473982199583366e-03 0.000000000000000000e+00 0.000000000000000000e+00 2.598642628805847635e-03 1.216698661226607581e-02 5.619970829495616466e-02 1.854990353508820244e-01 4.082086238878796652e-02
0.000000000000000000e+00 1.259177757519089613e-01 5.025858486881230013e-03 1.415088752654718174e-01 3.820379430690402922e-02 2.508665084706257140e-02 0.000000000000000000e+00 2.032671475889612916e-02 3.884454586747095040e-02 0.000000000000000000e+00 0.000000000000000000e+00 1.132307560073794739e-01 1.733723790002361653e-02 1.363179695878556086e-01 0.000000000000000000e+00 0.000000000000000000e+00 8.753071086918794499e-03 5.652250668528398594e-03 1.235994852360999680e-01 2.001950142285985057e-01
1.216271103353747975e-02 7.130589416978171113e-02 5.715094048136009491e-02 7.587701535226402949e-02 7.994296330508601778e-02 1.482673203293076170e-01 3.086600147243330483e-02 0.000000000000000000e+00 2.041381601533770185e-01 0.000000000000000000e+00 0.000000000000000000e+00 1.540179912940405904e-01 0.000000000000000000e+00 0.000000000000000000e+00 0.000000000000000000e+00 1.044872823566971032e-01 0.000000000000000000e+00 8.073112010494029600e-03 2.965660242650371495e-02 2.405400561511736313e-02
5.346435755291605377e-03 1.164712722645220022e-01 0.000000000000000000e+00 2.022362501186350872e-02 1.312739456609440247e-01 1.319102905974693651e-01 2.595041436612341434e-02 2.961172228304617682e-02 1.182791315549444472e-01 0.000000000000000000e+00 2.048169422709757159e-02 2.643263213363716488e-02 8.205366103558169380e-03 7.018734931768422225e-02 1.210881790850458217e-01 2.974121865488952784e-03 1.381520990734715626e-01 2.113119532217480612e-02 5.467258916902051694e-03 6.813266460735008419e-03
0.000000000000000000e+00 1.092860470403383272e-01 3.698563784301451239e-03 2.675400196078845869e-02 1.505343915496692650e-02 1.401621904078421965e-01 1.111786687825906950e-01 2.107892336842964454e-01 5.922846495744627654e-02 0.000000000000000000e+00 0.000000000000000000e+00 8.614883474342553693e-02 1.309810446400911377e-01 1.245805221031104013e-02 1.531123048571102034e-02 2.971707033300679569e-03 0.000000000000000000e+00 2.017947816197756053e-02 5.579904295261219754e-02 0.000000000000000000e+00
1.783052787066018857e-02 1.497164992779156656e-01 0.000000000000000000e+00 7.319713444805819869e-02 6.362438582278130694e-02 5.138915079005460657e-02 1.113284060493336010e-02 1.979607249355150589e-01 2.400472708373303874e-03 1.424622273550108995e-02 6.005268744542190291e-03 1.413161602390279326e-01 9.022085914199574896e-02 0.000000000000000000e+00 3.649094823685535439e-03 6.671173684060541578e-03 0.000000000000000000e+00 4.946763740316514543e-04 1.536488499626495197e-01 1.649595783621419717e-02
0.000000000000000000e+00 2.211361516406361860e-01 0.000000000000000000e+00 1.047662338619313599e-01 1.537510660503354498e-01 6.001160821764477127e-02 1.381354668206045272e-02 1.481588258917224468e-02 0.000000000000000000e+00 1.449203621528311614e-01 0.000000000000000000e+00 1.174254719219311877e-01 2.527036589455112017e-02 1.725947276669700199e-03 1.365860309186675281e-01 2.647715186660651050e-03 0.000000000000000000e+00 0.000000000000000000e+00 0.000000000000000000e+00 3.129617606908103970e-03
0.000000000000000000e+00 1.012826650635663406e-01 0.000000000000000000e+00 2.018177205021990522e-02 5.024947455155562986e-02 8.867371133590223886e-02 4.227003463385708287e-02 8.397306537981440860e-03 1.755227943728021878e-01 0.000000000000000000e+00 6.695283998118116593e-04 4.727957490110831773e-02 4.102405549549911160e-04 2.743795189786413583e-02 4.070264381906368856e-02 0.000000000000000000e+00 2.691321330313625748e-02 1.233389785132891908e-01 1.274600515167132742e-01 1.192100585481734587e-01
1.478414289068501197e-02 5.018462767527725847e-03 3.163477954297246042e-02 0.000000000000000000e+00 1.164705305985390127e-01 1.174064600740116898e-01 9.964438902946685939e-02 2.713778109911349490e-02 2.003828352223224474e-01 2.090687525419444425e-03 0.000000000000000000e+00 3.508406526673903819e-02 4.689827015521900316e-03 6.190615721451001377e-03 1.247410683721693059e-01 1.426702939424367685e-03 2.955525927407738791e-03 1.182221492968604376e-01 0.000000000000000000e+00 9.211997671036802060e-02
0.000000000000000000e+00 0.000000000000000000e+00 3.535560234141707503e-02 3.342366568259458326e-02 2.341687237983958864e-02 1.721243410104409954e-01 8.888487182491118174e-03 1.440382189107529583e-02 2.519411961005345035e-01 3.723450025437544803e-02 1.365998315443570608e-02 1.327956968443400887e-01 3.405566110330976448e-02 1.205376350692884992e-02 5.537424725575764567e-02 0.000000000000000000e+00 5.941059138814556474e-03 0.000000000000000000e+00 4.954616119504042654e-02 1.197849409586043967e-01
0.000000000000000000e+00 6.579172791280281374e-02 0.000000000000000000e+00 9.049506398573317276e-03 1.953392968798582374e-01 1.312554750618583066e-01 1.326023496977380423e-01 2.032465937149413315e-01 0.000000000000000000e+00 0.000000000000000000e+00 0.000000000000000000e+00 8.631637731074170983e-02 8.861032474798210753e-03 1.275406842895395604e-02 4.120881213922160391e-02 4.599770696871063880e-02 2.171645740353431164e-02 0.000000000000000000e+00 0.000000000000000000e+00 4.586059560826750287e-02
4.223345241245359503e-03 3.241499684604349021e-03 3.245355195026722751e-03 4.573904924791456252e-03 1.480266793590688246e-01 2.247084096845769832e-02 2.850593077563762495e-03 1.450272744401400471e-01 1.583235745591335397e-01 1.129317164208415609e-02 1.125293582762413799e-02 2.107663810124889639e-02 1.296647370773752576e-02 4.282809363748825426e-02 1.384072046385330101e-01 1.821041973256320176e-03 0.000000000000000000e+00 9.767153166324805957e-02 1.319472705450564290e-02 1.575051143042421053e-01
1.171140200796687118e-02 0.000000000000000000e+00 3.886054470017922266e-04 8.964821468734356005e-04 7.916185351104311485e-02 4.050181584389717961e-03 7.175679757339271936e-02 2.250714619109272785e-01 0.000000000000000000e+00 5.852860095515147881e-02 9.127229291585640947e-02 7.545864240888913721e-02 0.000000000000000000e+00 3.072949294828771372e-03 5.038314061157448363e-03 0.000000000000000000e+00 0.000000000000000000e+00 7.142880471284149269e-02 1.324195247707398715e-01 1.697440866989405051e-01
7.677786571004024951e-02 7.587388416339234387e-02 1.358556927178735871e-02 0.000000000000000000e+00 1.818561887585861889e-02 1.323095117185530134e-01 1.123391300060798230e-02 1.552451857674743974e-01 1.699952125404082526e-01 3.081774667232156303e-02 0.000000000000000000e+00 6.764638222143252999e-02 0.000000000000000000e+00 3.138178312784934820e-03 1.523452864849563632e-02 0.000000000000000000e+00 0.000000000000000000e+00 0.000000000000000000e+00 6.996364179566245955e-02 1.599927613011807026e-01
5.693260878481728451e-04 1.239792824516907366e-01 2.254362068014232473e-02 8.911150898095698131e-03 1.449368084159120135e-02 4.936758187519813684e-02 6.123685843242242244e-02 1.434802060538330759e-01 5.406277065660040904e-02 1.340567124305979058e-04 8.902184622156263626e-04 0.000000000000000000e+00 1.629996212242733056e-01 0.000000000000000000e+00 3.493257033591857380e-02 0.000000000000000000e+00 1.431394033201325612e-02 2.847267399382142489e-02 1.295691463161492973e-01 1.500432946457557204e-01
3.223907233846338288e-02 1.597786720723054776e-01 0.000000000000000000e+00 1.365690542489828192e-02 7.554146179306190853e-03 7.007501908879434568e-03 5.494812245642744647e-02 1.166516514276840222e-01 2.296215555840232930e-02 7.141156554355037635e-03 0.000000000000000000e+00 1.556065471175837600e-01 1.057535443122961357e-03 1.196843954298753253e-03 1.439310708041553477e-01 2.504219455084879739e-03 7.886965735630023511e-02 1.142353856411259215e-02 3.287941569492703470e-02 1.505917876896930296e-01
4.528008199646326414e-03 0.000000000000000000e+00 3.202038727524409573e-02 2.739227991632537697e-03 2.810349241625338945e-01 1.149265412035961886e-01 1.584333164655520737e-02 4.361208774736793220e-02 3.394368146525566371e-02 0.000000000000000000e+00 9.823088460333008476e-03 6.764612205559583646e-02 0.000000000000000000e+00 3.918306167255383027e-03 1.462215990134641541e-01 3.114249418048994651e-03 2.048889205630287022e-03 2.650471183941395525e-02 5.723470922075326456e-02 1.548401349276732342e-01
0.000000000000000000e+00 2.262279671456855212e-01 0.000000000000000000e+00 3.705474855670900375e-02 0.000000000000000000e+00 1.466567562230771705e-03 4.931399770804320917e-03 7.395248802727241721e-02 1.101915527063724665e-03 3.480596464702742296e-03 1.996816009120684632e-02 1.119843739722196779e-01 1.374094352961643117e-01 2.120580896389119008e-01 2.799372148467783698e-03 0.000000000000000000e+00 3.498183427961153256e-03 0.000000000000000000e+00 4.174633267161714269e-03 1.598920691034380615e-01
3.468744383532765285e-04 1.407323044285970770e-01 1.153898851311439475e-02 2.189035096914782735e-02 5.906002718553951189e-03 3.970679834680014564e-02 2.649202333727409056e-02 1.351295773213589957e-01 0.000000000000000000e+00 0.000000000000000000e+00 0.000000000000000000e+00 1.583795926367617957e-01 1.326708708046449858e-01 6.180088681282924074e-02 1.063936221177241154e-01 0.000000000000000000e+00 0.000000000000000000e+00 4.266294040022942761e-03 1.429386902642492026e-02 1.404519444883923496e-01
5.571324405381658474e-04 0.000000000000000000e+00 5.330448650510039021e-02 1.839795009856853847e-02 3.296065063319892491e-02 1.326498686826451390e-01 1.868545437116615054e-02 0.000000000000000000e+00 1.510012976135266805e-01 1.146505434684961904e-02 7.971211705299418660e-04 1.112213581509624155e-01 1.337147634809781882e-01 0.000000000000000000e+00 1.474089446666308582e-03 2.580525163783500137e-02 7.523661381428961396e-03 5.740959543456861450e-03 1.363317547674933461e-01 1.583691457290552496e-01
0.000000000000000000e+00 1.241057770270140442e-01 0.000000000000000000e+00 0.000000000000000000e+00 8.451506874005032532e-03 2.001382325611274215e-01 8.411015372407565707e-03 3.913336587277844308e-02 2.346495448399074646e-01 0.000000000000000000e+00 2.674560482475588433e-03 4.329787127280922653e-03 7.889575947940718342e-03 5.711479803008225054e-02 1.083648461951716019e-02 1.193709812960415742e-02 4.237166146875958467e-02 9.115424308473969034e-03 1.097382261357389976e-01 1.291029412028867895e-01
2.647357087704669404e-03 2.188876782679932409e-01 0.000000000000000000e+00 1.639447372048347118e-02 1.525126751999615893e-01 0.000000000000000000e+00 7.511540154844564832e-02 1.180430315582153694e-01 4.738957354827157825e-02 0.000000000000000000e+00 1.436141684428764165e-02 0.000000000000000000e+00 3.564040094680789774e-03 1.183379680242091087e-01 1.245419939710819615e-02 6.150790794940859396e-03 4.614297412613875202e-03 1.554024958088735635e-02 2.508994276906453130e-02 1.688969041511320657e-01
8.892868199243165322e-03 7.823636159976896098e-02 0.000000000000000000e+00 8.321871568289918378e-03 7.496954425196593330e-02 0.000000000000000000e+00 1.303687884171990559e-02 0.000000000000000000e+00 1.212588737278961631e-01 1.233175080351380098e-01 0.000000000000000000e+00 2.839750123092943390e-01 3.608167921792359428e-02 2.957725841755238887e-03 6.344308811180509808e-03 3.079863582213693447e-03 1.497401886318303343e-01 3.616515646937670109e-02 2.979887970380071943e-02 2.382327920860283915e-02
4.906794798243949152e-02 1.194111929552747753e-02 0.000000000000000000e+00 3.081361517284090731e-02 2.415338962038711679e-01 2.880724525711627140e-02 3.877528245546816438e-02 1.991769366109077261e-02 2.268221842915531250e-02 6.417177379059174624e-02 0.000000000000000000e+00 1.208717686791679485e-01 1.391277687623742321e-01 0.000000000000000000e+00 1.267033337625700917e-01 0.000000000000000000e+00 7.482329138209140029e-02 1.606550790964303421e-02 1.151718208720107009e-02 3.180355168850935131e-03
0.000000000000000000e+00 1.577016886818806696e-01 0.000000000000000000e+00 1.443553783242852544e-02 5.724515000530202083e-03 5.902842217079697779e-02 1.462123254096079098e-03 2.613564224288263960e-01 8.816223562461432406e-02 0.000000000000000000e+00 0.000000000000000000e+00 1.741132093786022447e-02 7.205550597104939297e-04 0.000000000000000000e+00 0.000000000000000000e+00 0.000000000000000000e+00 7.808591419314816519e-03 9.103168988823139018e-02 1.323777519573642591e-01 1.627791457443456269e-01
5.306717547117859729e-02 1.446241296261819020e-01 0.000000000000000000e+00 3.849919231680910131e-02 9.191590459495392607e-03 1.885257341992475563e-02 1.433302096145858129e-02 4.420600830297934103e-02 1.305024369865870337e-01 4.650625780474089248e-03 0.000000000000000000e+00 1.053521550225242076e-01 1.427759004697188583e-01 2.171358269278091807e-02 4.256413863343342513e-02 8.455635320562213467e-03 6.816688906763010425e-02 2.147497227198026833e-03 2.900611877692889709e-03 1.479968363633705486e-01
0.000000000000000000e+00 1.310085284274524475e-01 0.000000000000000000e+00 5.514249249202709396e-03 9.855473796715223667e-02 5.576014362669031756e-03 8.613394898409693079e-02 0.000000000000000000e+00 3.006230834521560896e-02 3.751484679332927480e-02 3.771330679889904180e-03 2.413722492511040096e-01 1.216511671293712959e-01 5.201426784444831281e-02 1.356910059530576085e-01 1.420429806897631630e-06 3.739360999336843738e-02 0.000000000000000000e+00 2.037718412632315897e-03 1.170259617720316621e-02
0.000000000000000000e+00 5.707329002168604060e-02 1.129309340343908619e-01 0.000000000000000000e+00 8.058949917351820869e-02 7.487567251019974779e-02 6.288683056510634486e-03 1.860299122222107970e-01 1.858782640807079833e-01 0.000000000000000000e+00 3.609479647696474218e-03 1.439427010977087015e-02 0.000000000000000000e+00 1.133851711613580344e-02 1.276340747895937135e-02 1.390028648599441266e-02 0.000000000000000000e+00 5.648210436686976199e-02 1.592621987140161940e-02 1.679194598239475145e-01
2.574687456067497118e-03 0.000000000000000000e+00 0.000000000000000000e+00 0.000000000000000000e+00 3.362536707881706721e-02 2.485778692629826703e-01 7.329703705089264665e-02 2.321128719745728097e-01 1.017378586205883312e-01 0.000000000000000000e+00 0.000000000000000000e+00 7.525914558224917894e-02 8.676900856762870262e-03 0.000000000000000000e+00 1.398924337616070934e-01 1.568516566225043249e-02 0.000000000000000000e+00 3.373536099685028183e-02 0.000000000000000000e+00 3.482530169635916079e-02
0.000000000000000000e+00 1.213806809862005426e-01 1.960846122910566910e-02 1.969717706742204685e-02 7.998328353484446263e-02 1.561880027917830482e-01 8.585555245362194027e-03 6.682526699118801310e-03 2.076566427318423530e-02 5.061727643091153920e-04 0.000000000000000000e+00 1.296177875041018834e-01 5.582782636493399675e-02 5.886956941258699285e-04 4.337979830324435043e-02 8.689901506428674913e-03 2.102830709881708081e-03 2.674626919151814382e-03 1.732633050221520365e-01 1.504577033846495604e-01
6.706989474546873331e-02 1.313300286923220761e-01 1.226883868327437593e-01 5.577250493411063659e-02 1.212733629382321300e-02 6.608338730307174169e-02 4.677132938971131221e-02 2.178583786321500737e-01 0.000000000000000000e+00 0.000000000000000000e+00 2.673053828716416992e-03 1.932181833671436227e-02 1.522756311366653403e-02 3.900728277120730451e-03 0.000000000000000000e+00 0.000000000000000000e+00 1.077013567352426565e-01 3.955607234607654357e-03 1.246182443039379750e-01 2.900381346592042012e-03
0.000000000000000000e+00 3.894682721069527703e-02 1.788734107435193885e-02 1.332229801545720300e-02 1.805473801905438380e-01 2.344751166081815719e-01 1.399108977488019712e-01 5.739763667685366527e-02 0.000000000000000000e+00 2.408392058456471085e-03 0.000000000000000000e+00 0.000000000000000000e+00 1.995059670115539903e-05 0.000000000000000000e+00 4.284480213945697502e-02 6.849510608536650384e-04 8.027254514076890158e-04 7.174580340323545580e-02 1.990058777650030586e-01 0.000000000000000000e+00
3.856064449055543377e-03 3.907744365610033022e-02 4.878293542662317378e-02 8.944782514579190102e-02 1.616783732193328993e-01 3.157070757900414838e-03 5.040004692544121714e-03 8.665543354627019967e-03 1.574081287861957973e-02 4.283281561511052826e-02 0.000000000000000000e+00 1.464042900139353176e-01 2.177480816614759535e-02 6.468257208790906265e-02 1.861240240390692469e-01 0.000000000000000000e+00 8.374700649525124163e-02 4.969620718457704728e-02 2.328486026788589847e-02 6.007342549519119161e-03
0.000000000000000000e+00 1.025744626598859982e-01 2.658908722128262760e-03 6.935318977972447507e-02 7.203679700452764526e-03 2.052615427105183160e-02 5.964372163383187958e-02 8.113605128895763283e-03 1.393652611295893295e-01 1.427961855061355700e-01 2.448682759809926376e-02 1.283352789721884102e-01 7.286643464252558211e-02 3.386076715752637384e-02 1.428909606652023490e-01 0.000000000000000000e+00 1.348202835676915855e-03 0.000000000000000000e+00 1.544680288414827449e-02 2.852955671293694317e-02
3.848566613899700051e-03 5.391662001545732136e-02 0.000000000000000000e+00 9.415643320192818022e-03 1.766021579137559139e-01 1.863583609090675997e-01 1.268596297333487999e-02 1.982507794055117338e-03 1.335464468058934484e-01 1.969727272150087471e-02 0.000000000000000000e+00 1.029133807409415152e-02 2.608476288531375378e-02 0.000000000000000000e+00 0.000000000000000000e+00 0.000000000000000000e+00 4.005174140708887484e-03 9.133891249517288660e-03 1.503290158270322308e-01 2.021022787561759237e-01
2.069911298536866728e-02 7.407826040661370272e-03 2.047270891242002760e-02 1.121979929395427594e-01 2.131978415889882461e-01 5.339021842647584393e-02 2.385962845720137615e-01 0.000000000000000000e+00 0.000000000000000000e+00 1.345505953579223535e-02 0.000000000000000000e+00 0.000000000000000000e+00 0.000000000000000000e+00 9.604254628480678527e-03 5.649899275127133469e-02 1.108387141851194593e-02 1.033301108492250403e-01 9.009108275483802830e-02 2.796680369382520837e-03 4.717796222702760889e-02
0.000000000000000000e+00 1.374365776804103711e-01 0.000000000000000000e+00 2.438571593765776965e-02 1.517133194110039385e-01 1.619306046391886245e-01 1.839782502646871917e-02 0.000000000000000000e+00 1.247012456483992532e-01 4.797726156280230097e-06 0.000000000000000000e+00 3.643393721321276646e-02 2.731260997686958333e-02 5.288087016884349296e-03 1.394981789895402002e-01 1.628841915997751024e-04 0.000000000000000000e+00 1.561728995371064726e-04 1.524756677593446658e-02 1.573304768671367204e-01
3.957542954543549762e-03 1.563703489961733029e-01 3.343573178426907221e-03 0.000000000000000000e+00 1.975544563722771152e-02 4.923497563240404606e-02 8.566119986558628704e-03 1.347000754434646286e-01 1.472423067974515942e-01 0.000000000000000000e+00 5.522119162303497711e-03 1.608922259274936650e-01 1.221564759341701480e-02 1.322352363766643923e-03 1.319896533338925648e-01 5.060910031993053667e-04 2.404298036085769814e-03 0.000000000000000000e+00 1.903672742484536357e-02 1.429404965287459361e-01
8.872839872190823457e-03 1.538394366032878879e-01 0.000000000000000000e+00 0.000000000000000000e+00 4.369727741999949316e-02 1.259469989636801124e-01 1.003296359373176960e-01 6.004116129294942254e-03 1.509703555646731143e-01 0.000000000000000000e+00 2.341556891799578127e-02 7.254715951719138689e-02 3.369337095700450087e-04 0.000000000000000000e+00 1.058382505338648083e-01 0.000000000000000000e+00 2.602734532393309944e-02 0.000000000000000000e+00 4.846395096631355565e-02 1.337101305406873109e-01
2.942742934071789634e-02 1.391912373370940703e-01 0.000000000000000000e+00 3.028876302956112418e-02 1.488092582161960609e-01 1.435988145179504516e-01 8.598146623546768993e-03 1.986549152744686297e-02 0.000000000000000000e+00 2.222843005244732467e-02 1.650706953167356290e-04 1.506202978770445067e-01 6.231910592145431440e-04 0.000000000000000000e+00 1.375425814591916922e-02 1.183275158071389263e-02 1.054037819483325950e-01 0.000000000000000000e+00 1.601755245823145712e-01 1.541755346618334591e-02
2.806713026572473652e-02 1.366571111528298854e-01 0.000000000000000000e+00 2.754721003826774567e-02 7.457638287134962796e-02 1.275345069516876928e-01 7.782898056983428292e-02 4.341726598091229239e-02 1.514904179654855410e-01 9.936725256532304151e-02 3.734836367453034638e-03 2.723835197930928737e-02 4.998498995722820692e-02 0.000000000000000000e+00 0.000000000000000000e+00 0.000000000000000000e+00 1.102340781777408629e-01 2.560082441332061157e-02 5.717613550226616735e-03 1.100304719330655150e-02
0.000000000000000000e+00 8.232928544026169027e-02 4.383442735239174645e-03 5.236792337937176689e-02 1.726977325084701753e-01 1.231743032107034536e-01 1.777709541066520571e-01 5.030498217519325903e-03 1.173183746805686080e-02 0.000000000000000000e+00 4.340599927796145248e-04 1.472127969042628416e-02 2.113127820651561697e-02 1.783481445622607173e-02 1.207143092337144979e-02 0.000000000000000000e+00 2.462921287220937866e-02 1.481871624625811790e-01 1.315047843296158203e-01 0.000000000000000000e+00
0.000000000000000000e+00 9.688324271666283460e-02 0.000000000000000000e+00 3.556106355127670610e-03 1.956849812859572449e-02 0.000000000000000000e+00 3.862863725336497522e-02 2.035212527868808241e-01 1.269668541170055620e-01 7.705946434050639504e-02 3.030146435569280351e-03 1.677221306578652038e-01 4.720676367760879080e-03 6.023344041274294319e-02 1.942073549636431917e-02 1.394302313197813906e-02 1.005681139444297711e-02 7.385637234135067342e-02 5.781849474991730686e-02 2.301411331386432613e-02
7.547072028764258145e-02 0.000000000000000000e+00 2.895192892757538633e-02 5.202198921038417301e-03 1.973338128672524547e-02 9.580181917721951323e-02 3.050477129538020291e-02 6.238813480872643785e-02 1.232720832679658346e-01 0.000000000000000000e+00 0.000000000000000000e+00 1.625013713886459821e-02 1.347341995420933414e-01 1.638313839523900320e-02 2.441255566052214464e-03 0.000000000000000000e+00 7.886322434866592512e-02 0.000000000000000000e+00 8.541550523579831411e-02 2.245875018010130286e-01
2.431717693408465535e-03 4.533059396253660139e-02 6.031348264794993835e-02 1.290032111000725956e-01 2.072845848035890226e-01 1.590194642238847156e-01 0.000000000000000000e+00 6.645916850787736418e-02 0.000000000000000000e+00 0.000000000000000000e+00 0.000000000000000000e+00 1.369948266976324033e-02 2.255996497118343581e-03 3.685100006681023971e-03 0.000000000000000000e+00 4.340224715639537378e-02 4.190738953912042514e-02 8.609840318413888860e-02 1.304010178181278790e-01 8.708140189336209536e-03
3.148403913082408866e-03 8.816739370462930991e-02 1.319579910725609054e-02 1.313228822805482532e-01 1.270746514447698879e-02 5.138765995027047735e-03 4.804512395991138163e-02 1.159310191284598605e-02 4.969463407164017438e-02 0.000000000000000000e+00 6.875378168848060231e-03 1.348472980420167000e-01 2.870662258420206628e-02 4.684962470960685882e-02 4.223998723553482931e-06 7.124545738115384275e-02 5.359202075911288082e-02 9.421033824614837016e-03 1.728001234733060609e-01 1.126446469689974667e-01
0.000000000000000000e+00 4.642711679512419309e-02 1.641007087762389599e-02 1.076762866876360136e-01 1.524351018978097050e-01 1.272654508747157742e-01 3.251469448394917611e-02 3.679700537490002837e-02 2.771526295486070792e-03 0.000000000000000000e+00 2.261625997111949699e-02 6.833660773795098564e-02 3.633744041962137100e-02 1.031592727393626681e-02 1.387340786985636898e-01 1.096176812483247703e-03 0.000000000000000000e+00 0.000000000000000000e+00 4.649422139128195353e-02 1.537720344077982693e-01
