3.413525875343766114e-02 1.107989511317464260e-01 6.728883397554836880e-03 0.000000000000000000e+00 2.788900856489939795e-02 1.136656616227363498e-01 2.732941157087264566e-02 7.931049994546778004e-02 2.902031990325111901e-02 3.269712583110437332e-02 0.000000000000000000e+00 1.695879930554921866e-01 0.000000000000000000e+00 0.000000000000000000e+00 3.011644201429052731e-02 0.000000000000000000e+00 1.664739582642169383e-02 0.000000000000000000e+00 3.354713926049161798e-02 1.788709393369595710e-02 2.656984161881865980e-02 9.885487154177237390e-02 8.426351104559415273e-03 1.238446295417045895e-03 1.355493046279701019e-01
9.928705849249966700e-03 2.035312106567820425e-02 8.922604569549415221e-02 4.488148108822974033e-03 5.362159507936897079e-02 1.821192220387918975e-02 1.344255767362113711e-02 2.646410082205891690e-01 3.012132800890203119e-02 9.857091445267501806e-02 5.955128196790889644e-03 6.425909933161749743e-02 3.115151766261358649e-03 1.436301178291065142e-03 4.887198819310491563e-03 0.000000000000000000e+00 1.441060556701687090e-01 1.666092745777727536e-04 5.012231003261547954e-03 8.133099114942293935e-04 0.000000000000000000e+00 1.162187885149069131e-03 2.863050553197829876e-02 1.378508750728182630e-01 0.000000000000000000e+00
0.000000000000000000e+00 8.374803749578801915e-02 1.131985751587443389e-03 4.422600397788216918e-03 1.011043021217274303e-02 5.490909885719812145e-02 1.316039468052258299e-01 1.854069542992598796e-01 9.433638832493643949e-04 2.486489878114090529e-02 1.795572119445867313e-03 7.888318163489588253e-02 0.000000000000000000e+00 1.663304725643645538e-04 1.659893520956969848e-01 3.492875855346296281e-03 0.000000000000000000e+00 4.251136210507322488e-02 2.044335357014520280e-02 9.572961783080742582e-02 2.699709824057123023e-02 3.119100952936858934e-02 0.000000000000000000e+00 3.372128790975194995e-02 1.937642152922570060e-03
3.722124210047693480e-03 0.000000000000000000e+00 6.216001900890734053e-03 9.386805464478366378e-04 7.138352823795428292e-02 3.662625348765449762e-02 6.239012884699142447e-03 3.044246809649738331e-02 9.516051539842096396e-02 5.061483940700320892e-03 1.262023210591239897e-02 1.350336511285688823e-01 0.000000000000000000e+00 6.247339744585527974e-03 1.463317019757956750e-01 5.849659267283690428e-02 0.000000000000000000e+00 1.268336146212454586e-02 7.156297433130837105e-02 1.385644897353991573e-02 8.335853694086103535e-03 1.204574057694387801e-01 8.276399036158978845e-03 1.365089828512472125e-01 1.379898755108396012e-02
2.860815379437487566e-02 7.982268422803162622e-02 5.557815347826905450e-02 0.000000000000000000e+00 1.254207030347854676e-02 2.982686588398004491e-04 1.482556342162959229e-01 1.848093282993686914e-01 8.362476477447221279e-03 1.441215347087498877e-01 0.000000000000000000e+00 3.987468128502720532e-02 1.612332817431517100e-05 0.000000000000000000e+00 1.253868916346537014e-02 0.000000000000000000e+00 2.896053013447462063e-02 0.000000000000000000e+00 1.133013378918131114e-01 0.000000000000000000e+00 0.000000000000000000e+00 7.603209452982544192e-02 0.000000000000000000e+00 2.733345947131189321e-02 3.954478003105253714e-02
0.000000000000000000e+00 6.919557915656232919e-03 3.051232447867738631e-02 0.000000000000000000e+00 1.253717336605798295e-02 2.497095049285030094e-02 1.337921467083444949e-01 3.888967594185438383e-03 1.054766115830725604e-01 1.802449634122529551e-02 0.000000000000000000e+00 1.638887092938460244e-01 0.000000000000000000e+00 0.000000000000000000e+00 2.672404933679698585e-02 8.143355983580873036e-02 1.762488969544154802e-03 0.000000000000000000e+00 2.325051661213605424e-03 3.276555615546171982e-04 1.555587037674175559e-04 3.231558591573235883e-02 1.601140608601356319e-01 4.360282335001677140e-02 1.512282280315140615e-01
6.615849932902526749e-04 1.172789501939358880e-01 2.212255818824129458e-02 6.737071548195620874e-02 1.429674610026132331e-01 4.059940475252199303e-03 4.543384703054274658e-03 1.222698712586938879e-01 4.380023917262956812e-03 3.598387631249186369e-03 0.000000000000000000e+00 2.486080181714960674e-02 3.779435496962049463e-03 0.000000000000000000e+00 1.468289316475422379e-01 1.449974097691215285e-03 8.501418901041091214e-02 1.452317823194702786e-03 1.341910700536979306e-01 2.452804574092973949e-02 5.394544864363417895e-03 2.687582306880945560e-03 3.795180279734047812e-02 1.823771696190738378e-03 4.078465480209655936e-02
6.775271932983023548e-02 7.338231805988863071e-03 2.947423004720330433e-02 0.000000000000000000e+00 1.400128866049907619e-02 2.120669830870041891e-02 9.674212891606015973e-04 9.181771887248117714e-02 1.300122888047140213e-01 1.493253181928895779e-01 3.844096160466125419e-06 5.939674332819704083e-02 0.000000000000000000e+00 0.000000000000000000e+00 1.272149359208807895e-01 0.000000000000000000e+00 1.168446599902140393e-01 4.066017360737752065e-03 0.000000000000000000e+00 4.762771303879673006e-03 8.114951603485680287e-03 1.169115384407834329e-01 3.382977811492459547e-02 1.695884452926920208e-02 0.000000000000000000e+00
9.251857484954364996e-02 1.972194902490480382e-03 3.302303631508076570e-02 6.997932291451037894e-03 1.529133303110403463e-01 6.605630945147060364e-04 1.184518594122411506e-01 1.364411532803507243e-01 2.810351857879739290e-02 1.849863416130994101e-02 0.000000000000000000e+00 7.807492449395216083e-02 3.393553130789544667e-03 1.659222602807530745e-04 5.330893621000416804e-02 0.000000000000000000e+00 0.000000000000000000e+00 2.999332788004985435e-03 0.000000000000000000e+00 0.000000000000000000e+00 1.201515230882210707e-03 1.333868630638784802e-02 1.847906543647567096e-02 1.081378393269984278e-01 1.313194276194039889e-01
0.000000000000000000e+00 0.000000000000000000e+00 1.218138720934197790e-02 3.794831077685187088e-03 0.000000000000000000e+00 1.982145704969117891e-02 2.433420525182986294e-01 1.243049979816869960e-01 1.377479229263102734e-01 0.000000000000000000e+00 0.000000000000000000e+00 1.480380664528613555e-01 9.363356568320300305e-03 0.000000000000000000e+00 0.000000000000000000e+00 2.978487444443229937e-02 0.000000000000000000e+00 0.000000000000000000e+00 2.538004641372455100e-02 1.441246250927550807e-02 0.000000000000000000e+00 2.123522888249282023e-02 1.545096673078617255e-01 2.443330263214205707e-03 5.364031839480293273e-02
0.000000000000000000e+00 5.429887848005642698e-03 1.671546198818953388e-01 1.206815363063687072e-02 3.280060654546036042e-02 1.172148595716435496e-02 1.290363748961920187e-01 3.077412882410841821e-02 7.144643097243008611e-02 0.000000000000000000e+00 6.268342782620787935e-04 1.264115622055401178e-01 7.327470409530011108e-02 0.000000000000000000e+00 8.605876985266547319e-02 1.335182985636053485e-04 4.039675756533407658e-02 0.000000000000000000e+00 0.000000000000000000e+00 0.000000000000000000e+00 0.000000000000000000e+00 3.396409411887019170e-02 1.060688053362419114e-01 6.991182388561779405e-03 6.564208330476767328e-02
6.626210612607344626e-03 7.958600993969224555e-04 1.589029316278209314e-01 9.750787840441346201e-04 1.084710248374114311e-01 0.000000000000000000e+00 1.254820014979930176e-01 1.437814910250733991e-01 3.278206965758341442e-03 1.403169065178927651e-02 0.000000000000000000e+00 1.408426582382076367e-02 0.000000000000000000e+00 0.000000000000000000e+00 2.049470581367660721e-02 0.000000000000000000e+00 1.537342317681861803e-01 0.000000000000000000e+00 1.267718072147512864e-01 1.771366821101465552e-02 0.000000000000000000e+00 3.688206078382778169e-02 2.796809481882729393e-03 1.927897450372850416e-02 4.589898029721672934e-02
3.168886513599820237e-02 5.928931967064408892e-02 1.072608339972416260e-02 5.306330844919174283e-02 2.889028440392070116e-02 7.992799143119519792e-03 6.323303207497010803e-02 1.340589151353788755e-01 6.947398655093902330e-03 8.771025687062342091e-02 0.000000000000000000e+00 4.175401431824685844e-02 0.000000000000000000e+00 9.009250938959163790e-03 7.364616566384871166e-02 0.000000000000000000e+00 2.560926395937438045e-03 6.082773907842470296e-02 4.635356865459204501e-02 0.000000000000000000e+00 3.304287793344394455e-04 1.090827999966869216e-01 0.000000000000000000e+00 3.815756501947347584e-02 1.346772782158315584e-01
0.000000000000000000e+00 1.136269341349368800e-01 7.981666590621054602e-02 9.190403782635024610e-02 1.138293888928808145e-01 2.219091145236336705e-03 3.396232561839996732e-03 1.372232253892683995e-01 8.022037080714042746e-04 3.487050062660067978e-02 0.000000000000000000e+00 1.382685269828687613e-01 0.000000000000000000e+00 0.000000000000000000e+00 9.039438569578908678e-03 0.000000000000000000e+00 4.154781861660507281e-02 0.000000000000000000e+00 4.355287456413567404e-02 3.664485603729107643e-02 3.500267353754068079e-04 1.989569954665955723e-03 3.305216994628976655e-04 4.016665438090199526e-03 1.465714212105307668e-01
0.000000000000000000e+00 2.705263467506125938e-02 1.649291073638615157e-01 1.320078769293463053e-03 2.385807173874854303e-02 6.957286010957774991e-02 4.979124621583404242e-03 6.087180008512414926e-03 7.042246354623110660e-03 2.332430501499885289e-02 0.000000000000000000e+00 1.257576933446749312e-01 0.000000000000000000e+00 0.000000000000000000e+00 1.554947423286257013e-02 0.000000000000000000e+00 9.519054933396560447e-02 6.215887873990055476e-03 5.115670347255726023e-03 7.473899714570424180e-02 8.369780604339942254e-02 1.008998794688395345e-01 1.905006831518861118e-02 1.400031537554481953e-01 5.615211482410674936e-03
0.000000000000000000e+00 0.000000000000000000e+00 4.769078701775262413e-02 9.589572632202025522e-04 2.300869487906339814e-02 1.028716027920130449e-01 1.575205287132592780e-01 2.148764869655058526e-03 1.021792869961009043e-01 4.613088641645896049e-02 0.000000000000000000e+00 2.245102394802775056e-02 1.706939457724184275e-02 0.000000000000000000e+00 5.789599519930194171e-02 1.070480486053022526e-02 8.880676575013107116e-03 2.146444889997454336e-02 1.216935344037894523e-01 0.000000000000000000e+00 0.000000000000000000e+00 1.730244292508574533e-02 8.987677281986929112e-02 6.839158806883825943e-03 1.433122380367587712e-01
5.350540918897496445e-02 0.000000000000000000e+00 2.480904875431457716e-03 0.000000000000000000e+00 3.744175705561406803e-02 0.000000000000000000e+00 1.584140179101150292e-01 1.348392780092798060e-01 1.336653013229442133e-01 2.965487613715036067e-02 1.593916756578960415e-03 3.287043774893274239e-04 0.000000000000000000e+00 4.992719240191457282e-04 7.381644765961663246e-02 0.000000000000000000e+00 3.037457860939230415e-03 0.000000000000000000e+00 1.244230375744789646e-01 0.000000000000000000e+00 0.000000000000000000e+00 1.213886726691765089e-01 5.695737960095394875e-02 0.000000000000000000e+00 6.795356707723738954e-02
3.652987470283237253e-02 9.533337050526104802e-04 6.684350667910024524e-02 0.000000000000000000e+00 7.703141578960703839e-02 0.000000000000000000e+00 6.689934929499127825e-02 1.506005848741236719e-01 4.467344938991746166e-03 1.185047471657862811e-01 0.000000000000000000e+00 5.747153954516313196e-02 0.000000000000000000e+00 0.000000000000000000e+00 4.812359617849289867e-02 3.034784390028570644e-03 1.322525441288285031e-01 2.396666399630557887e-02 1.288633283871143120e-01 3.641663575470734798e-02 2.483230385604330223e-02 0.000000000000000000e+00 9.408433003213177021e-03 0.000000000000000000e+00 1.380001360961790116e-02
6.781737057629137928e-03 1.644576173514518749e-02 3.749812630285358217e-02 7.535641240953068302e-03 1.110751226292736038e-02 2.318646921067795894e-02 5.319647407605183204e-02 1.160925622567249155e-01 2.192570687823852584e-03 6.864252866441797329e-02 2.481967813645417562e-02 1.637601893210281767e-01 1.558768862764361995e-03 6.405715883475085600e-04 1.017223917702006208e-01 0.000000000000000000e+00 1.827204939063497777e-03 1.186234739621818274e-01 1.218460573016402239e-02 0.000000000000000000e+00 4.767672530977640037e-03 9.964642001670085195e-03 4.186490516239117082e-02 2.437932963315465537e-02 1.512071828663972828e-01
3.145235881101105836e-03 9.515012417080333240e-02 5.811144264339355991e-02 2.168955974773914986e-03 1.152241205036532712e-01 6.760232468291691582e-03 4.937531606414694019e-02 9.342270486016943098e-02 5.953805340337205848e-02 3.931719758593318903e-02 5.869226648349338157e-07 4.505171375553394114e-02 4.816050929590385459e-04 3.329572034946303707e-04 4.110684110642735117e-02 1.138505318040825970e-01 1.825959451140083669e-03 6.033408853769299703e-03 7.231858772735670626e-02 1.732403534745017432e-02 1.155304614925404920e-02 4.397914201029693923e-03 0.000000000000000000e+00 1.849402446014476384e-02 1.450154043690542460e-01
9.577897692103645721e-02 4.119246151056320943e-02 0.000000000000000000e+00 9.628028133124824813e-04 1.237460047946454117e-01 9.613855184449753358e-03 3.329963116860080313e-02 1.642834510245704815e-01 9.346018676272944969e-03 9.827903798610539143e-02 0.000000000000000000e+00 1.111297100677160754e-01 4.155952354403324479e-03 3.280976438525888550e-02 2.047378667937660348e-03 1.546797181771456431e-04 0.000000000000000000e+00 4.950065078485033597e-04 1.218238693550622864e-01 2.148061457338278513e-03 0.000000000000000000e+00 9.736794512226244758e-02 1.223495118487929849e-02 2.167164656340021898e-03 3.696327644321926315e-02
0.000000000000000000e+00 1.011684061517950563e-03 3.012015082892460088e-02 6.388773205133285726e-02 4.288821845421532213e-03 0.000000000000000000e+00 3.760884148328061394e-02 1.279654638798898292e-01 1.853532789137469702e-02 4.676630633126091681e-03 4.270711329109499370e-05 1.623487793553158864e-01 1.690768915509924947e-02 0.000000000000000000e+00 1.261479147630644726e-01 0.000000000000000000e+00 1.575130655139363178e-01 4.204835951946472861e-02 1.194399509795020936e-02 1.705372135083070562e-02 1.871059643444736948e-03 0.000000000000000000e+00 1.033038870204345573e-02 3.091201282236418976e-02 1.347856542883267839e-01
0.000000000000000000e+00 3.660535254223216961e-02 1.570437650412634389e-01 0.000000000000000000e+00 1.217744510853579522e-02 0.000000000000000000e+00 1.526908259885670083e-01 2.422220355314885776e-02 1.358129745027996382e-01 1.520535917944247813e-02 0.000000000000000000e+00 2.885584141809275846e-02 6.044774576867379540e-03 0.000000000000000000e+00 1.397196597655382122e-01 0.000000000000000000e+00 1.255137039261999929e-05 0.000000000000000000e+00 1.253123744339717793e-01 9.719526994851726207e-03 0.000000000000000000e+00 0.000000000000000000e+00 1.551178289484654582e-01 1.459516575830705279e-03 0.000000000000000000e+00
0.000000000000000000e+00 1.681991776338618780e-02 1.416699711281013685e-01 3.330010240190521878e-04 1.074586522696579782e-01 3.407591800383790673e-03 0.000000000000000000e+00 0.000000000000000000e+00 1.796327646467502440e-02 2.668762799002486266e-02 0.000000000000000000e+00 1.180852058674789068e-01 0.000000000000000000e+00 0.000000000000000000e+00 1.836293660845679521e-01 0.000000000000000000e+00 1.117931463137366091e-02 2.292737418912779018e-03 1.234271423980813076e-01 0.000000000000000000e+00 0.000000000000000000e+00 6.216766397231943131e-02 1.356922322538366144e-01 4.567831707906600675e-02 3.507981854115096217e-03
1.146020578081712177e-01 0.000000000000000000e+00 3.475411230097653903e-02 0.000000000000000000e+00 1.561093105641979568e-02 1.102415292328296770e-01 0.000000000000000000e+00 3.222521623768345570e-04 5.227680800692418445e-02 2.779387107346045771e-02 2.353848730611841472e-05 2.032053993439183470e-01 0.000000000000000000e+00 1.277319118341735838e-04 1.422187399175603717e-01 0.000000000000000000e+00 0.000000000000000000e+00 1.498438433366048065e-03 2.778506412903280001e-02 0.000000000000000000e+00 1.633971855057905732e-04 1.050962987881598476e-01 2.428441232866941635e-02 3.210839475450545741e-03 1.367845783580378116e-01
