0.000000000000000000e+00 1.268699883623429503e-01 0.000000000000000000e+00 5.625074311067365662e-02 0.000000000000000000e+00 3.140119015807703307e-02 0.000000000000000000e+00 4.536572633052412575e-03 1.110623785797114765e-01 0.000000000000000000e+00 0.000000000000000000e+00 1.297905631649408087e-01 9.861326200624984106e-02 0.000000000000000000e+00 0.000000000000000000e+00 0.000000000000000000e+00 5.424133723651391667e-03 1.355637987309369352e-01 1.512123049381436379e-01 1.492750645922198138e-01
9.832507669444380451e-04 0.000000000000000000e+00 0.000000000000000000e+00 2.304346261377079874e-01 1.995853772157771960e-02 2.152319181648411350e-02 4.576909679702487535e-03 0.000000000000000000e+00 2.464865797570331696e-01 1.296868393066706870e-01 1.831916681914758007e-03 5.386574931905432212e-02 0.000000000000000000e+00 4.534139634178601524e-03 1.547410823767423615e-01 1.243221192344411141e-02 5.747271758600393937e-02 4.619557749010828190e-02 1.527666980243297910e-02 0.000000000000000000e+00
0.000000000000000000e+00 2.996889877389182551e-03 8.813033904593736028e-05 9.934310536904905620e-02 1.361448579804100667e-01 2.314653299682075185e-02 1.310336195548302829e-01 2.126699449825377591e-02 4.654983761498450792e-03 0.000000000000000000e+00 0.000000000000000000e+00 1.328106177688183065e-01 5.818817860535609177e-02 2.113927124272226288e-01 1.637301424603680722e-02 0.000000000000000000e+00 2.517493701435197673e-03 1.540759253305164873e-03 5.054614395480144101e-03 1.534474952250483026e-01
0.000000000000000000e+00 2.169532846256504860e-02 5.849960003358356531e-03 1.076288483623698417e-01 7.933898828972120454e-02 2.326626832832251468e-02 2.557407138056417683e-03 3.903649211960388832e-03 1.288049911659006619e-01 9.373657346701316784e-02 2.357445492475310905e-02 1.153193529189906752e-01 8.346073027411135548e-02 3.555295411132442743e-03 4.597551257605479551e-03 1.016009867179754229e-02 6.196086858544316150e-02 5.369589723132749126e-02 1.473246919846407377e-01 2.956904431093032234e-02
0.000000000000000000e+00 1.367217125954683643e-01 0.000000000000000000e+00 4.667715455880788733e-02 2.528094680197712565e-02 5.413022346205793173e-03 3.563161132008246107e-02 6.205037355104576872e-03 0.000000000000000000e+00 0.000000000000000000e+00 0.000000000000000000e+00 1.749601596461400344e-01 1.567235058857881502e-01 1.054268358197985866e-01 2.506471698774490227e-03 0.000000000000000000e+00 5.938693053660224798e-03 1.109832908941991297e-02 1.427702895054319132e-01 1.446462303233402857e-01
1.200180579597935199e-01 5.436318670181321255e-02 2.387714237887403335e-02 0.000000000000000000e+00 1.534875688599316168e-01 3.547945909279850898e-03 6.573998196770641789e-02 3.522676675157227627e-02 1.985068762497907077e-02 1.986914950551664505e-01 0.000000000000000000e+00 1.767181961672596446e-01 1.348525546313484626e-02 0.000000000000000000e+00 4.357142747389877724e-02 8.423082935783629543e-02 0.000000000000000000e+00 0.000000000000000000e+00 7.191458328754016596e-03 0.000000000000000000e+00
1.001920633037259867e-01 9.670902414203352837e-02 0.000000000000000000e+00 2.448047338926701011e-01 1.395484848115607392e-02 1.386772028736564799e-01 0.000000000000000000e+00 1.631972560267866065e-02 0.000000000000000000e+00 1.059097330041771333e-02 0.000000000000000000e+00 1.244572598792674095e-01 1.236691088547375028e-01 0.000000000000000000e+00 0.000000000000000000e+00 0.000000000000000000e+00 0.000000000000000000e+00 9.013452202423367920e-02 0.000000000000000000e+00 4.049053764542268063e-02
0.000000000000000000e+00 1.504994494465485650e-03 1.562096085705197424e-02 3.911464189955052989e-02 2.097681629821260361e-03 3.935287245375578349e-03 1.233588334301576050e-01 1.281450877186555148e-01 7.950864546025433743e-02 0.000000000000000000e+00 1.585268907868440241e-02 1.714188965972816281e-01 6.878982017943857663e-02 6.940045711860431954e-02 0.000000000000000000e+00 2.932715547337439495e-03 6.579480900673759063e-03 1.573780478894470924e-02 1.935829776424957127e-01 6.241902541120704362e-02
1.855655368503072999e-02 4.296072537002167124e-02 4.494766162543269161e-02 1.529559369190151008e-01 1.378410590157769233e-01 3.632785135113819619e-02 1.144799744911017270e-01 0.000000000000000000e+00 1.180157819494839638e-01 6.522602876031956785e-03 0.000000000000000000e+00 3.549270018076623734e-02 8.216709253258712431e-02 1.594553453453806391e-02 1.309236877642897534e-01 2.617658071824366731e-02 4.937133100620132685e-03 0.000000000000000000e+00 3.174912388592210366e-02 0.000000000000000000e+00
3.664888176786327591e-03 1.586137850912665848e-01 2.121937794749173198e-02 1.081683132548465764e-01 1.372283546364055917e-01 3.471923966867410116e-02 0.000000000000000000e+00 1.280877558862907571e-02 1.388460798944380070e-01 1.033293012375037928e-01 6.214494479909523673e-03 9.156292550053167500e-02 0.000000000000000000e+00 0.000000000000000000e+00 1.180355497099415951e-01 2.156759823498503176e-02 0.000000000000000000e+00 2.966337576185333266e-03 2.741491548286071125e-02 1.364006351954434593e-02
0.000000000000000000e+00 7.956257620795528784e-02 0.000000000000000000e+00 0.000000000000000000e+00 3.563332641476225655e-03 7.909324969848306394e-03 6.499654473891564033e-02 0.000000000000000000e+00 1.171118320669598534e-01 0.000000000000000000e+00 9.804465734813911162e-04 1.368210248545451424e-01 2.386214931912241863e-02 8.954408094985596978e-02 2.414255449188544567e-02 0.000000000000000000e+00 2.155988954061587373e-02 1.225621673046630028e-01 1.616359010505872551e-01 1.457481752900882110e-01
0.000000000000000000e+00 1.473079271112237576e-01 0.000000000000000000e+00 1.222110039565433154e-01 0.000000000000000000e+00 1.206695248715047852e-01 5.332647613985300357e-03 6.037293991000605708e-02 1.380391557202013120e-01 0.000000000000000000e+00 0.000000000000000000e+00 1.185368133497554655e-01 1.763819182372313582e-02 0.000000000000000000e+00 2.897293715742401982e-03 2.935692235127528721e-02 0.000000000000000000e+00 1.150746761569689802e-01 2.893438037199731055e-03 1.196694653818704129e-01
3.247058172782719271e-03 4.007783470925348202e-02 7.830035372727288390e-02 1.115676868656045040e-01 3.011995937575724994e-02 1.431250195472700826e-01 1.210911390985105248e-03 1.257919771225058936e-01 6.455731157434455025e-02 5.228978323065755149e-03 3.141885410752923158e-02 1.569508491758742630e-01 6.518525075492728749e-02 0.000000000000000000e+00 0.000000000000000000e+00 3.919379347963197931e-03 0.000000000000000000e+00 8.217628195028388316e-02 4.248446792558409346e-02 1.463782592899586822e-02
1.440696748852928963e-02 1.474502797224483130e-01 3.989991894242819748e-02 1.558343206583493734e-01 2.407354971672330188e-02 2.392655093717706016e-01 1.647465702581920113e-02 1.246403922412583354e-01 1.049373650145123474e-02 0.000000000000000000e+00 0.000000000000000000e+00 3.307244786493582916e-02 2.842778899977540640e-03 1.114580377113515500e-02 1.372018506195435139e-01 4.319778717563017151e-02 0.000000000000000000e+00 0.000000000000000000e+00 0.000000000000000000e+00 0.000000000000000000e+00
3.563941971982091759e-03 1.547305945963198259e-01 1.006544130614837017e-02 3.035769501775350231e-03 9.846827929774823462e-02 6.927317595749439040e-03 8.474259741474192420e-03 2.438101032772388085e-02 2.283890168584934433e-01 9.642430293171816436e-02 9.202522004439751824e-03 1.462401592304655952e-03 8.394169019985273789e-03 1.669513187995678299e-02 1.396822688068864449e-01 0.000000000000000000e+00 0.000000000000000000e+00 1.457579110051208460e-03 3.729591015802511539e-02 1.513500832992177025e-01
2.507152604323190787e-03 1.366633410306626328e-01 1.051554385540036905e-02 7.256602105992895901e-03 1.390113042301158452e-01 1.256264568041750296e-01 0.000000000000000000e+00 3.839744930136358703e-02 1.159608355319757290e-02 0.000000000000000000e+00 0.000000000000000000e+00 4.257586025975537009e-02 0.000000000000000000e+00 0.000000000000000000e+00 0.000000000000000000e+00 0.000000000000000000e+00 0.000000000000000000e+00 1.595295807579393266e-01 1.789664116216550527e-01 1.473542138754190545e-01
7.981598183380780864e-02 4.378675774908554613e-02 0.000000000000000000e+00 1.610257446452110705e-02 1.348964662349469990e-01 1.721606432230951278e-01 2.378481937191609732e-02 1.619581715547230849e-01 1.657543705152170199e-02 0.000000000000000000e+00 4.516115819636189340e-04 1.664758808900917292e-02 1.903000468623339617e-02 5.072227283616404132e-04 1.172183205267984807e-02 5.207062666262493242e-03 4.961255752682960235e-02 4.905326667218651987e-02 5.699447895160127814e-02 1.416935235612550026e-01
0.000000000000000000e+00 1.689500832784699424e-01 0.000000000000000000e+00 0.000000000000000000e+00 1.050675690974269515e-02 1.808725004011236745e-02 1.599331172683614299e-02 2.274141563111646211e-03 1.341160655237339516e-01 0.000000000000000000e+00 0.000000000000000000e+00 1.469723412307436250e-01 9.595422109894584384e-02 0.000000000000000000e+00 0.000000000000000000e+00 0.000000000000000000e+00 5.867786954754377823e-03 1.210035394272046677e-01 1.364539484301661998e-01 1.438205538161785868e-01
3.583276411889106412e-04 1.675299047043100342e-01 1.809003107617775802e-02 1.099607487166905095e-01 1.265359411959478819e-01 0.000000000000000000e+00 5.736318004999137882e-02 1.004467782969599605e-02 4.581940977418970905e-03 0.000000000000000000e+00 5.168576004605697364e-04 5.758253869856362617e-02 9.881358770979249695e-02 2.102974348731018184e-02 1.432605825301832836e-01 0.000000000000000000e+00 1.725246051606315820e-02 1.090013945857522537e-01 0.000000000000000000e+00 5.807808268045302341e-02
0.000000000000000000e+00 1.141334886057027292e-01 1.792073891996048569e-03 1.118568427591954545e-02 1.641184776379095156e-01 5.305083333129586437e-02 4.369242357269833253e-03 5.557757848969958198e-02 9.163296896952664861e-02 1.058828301486871952e-02 0.000000000000000000e+00 0.000000000000000000e+00 4.929035591004414475e-04 1.338731139088447262e-03 0.000000000000000000e+00 3.409307387055791590e-04 3.635355639683069545e-02 1.365368109642640937e-01 1.533107084229270722e-01 1.651777282048951523e-01
2.659566048578924577e-02 1.156856996191931580e-01 0.000000000000000000e+00 0.000000000000000000e+00 0.000000000000000000e+00 1.601743498509133612e-01 3.103821026651988266e-02 3.312902650020732587e-02 7.510926242886130366e-02 0.000000000000000000e+00 1.518426629622070777e-02 1.272389842606351240e-01 7.007414319248800316e-02 3.216120856033737735e-02 1.734541176570670012e-03 0.000000000000000000e+00 8.654316520405599955e-02 0.000000000000000000e+00 5.201226377786385968e-02 1.733192183803439756e-01
3.514725598265354151e-03 7.196399920348359180e-02 0.000000000000000000e+00 1.668434030849901550e-01 1.495862641096870789e-02 1.220853706977702291e-01 1.162583384127829043e-02 1.257828703765525025e-01 1.654601337557788654e-01 0.000000000000000000e+00 3.054795001399141646e-02 1.240548756959133046e-02 7.008311557754549892e-02 6.297909366058099603e-03 0.000000000000000000e+00 5.405792927969613887e-03 0.000000000000000000e+00 3.659933090880848616e-03 1.404059496331720447e-01 4.895889885170343764e-02
0.000000000000000000e+00 1.418367463962870445e-01 1.209870608475936693e-02 3.664821358442508364e-02 8.261254650625682316e-02 2.755159521138448881e-03 7.075915907843083330e-02 0.000000000000000000e+00 1.565594717962254245e-01 1.019469451953197991e-01 7.335352778796935813e-02 5.083095247608337974e-02 1.021904153352273525e-01 0.000000000000000000e+00 1.299907268212071622e-02 0.000000000000000000e+00 0.000000000000000000e+00 0.000000000000000000e+00 1.554090835557563888e-01 0.000000000000000000e+00
1.547010028628583410e-02 2.834892683033994956e-02 0.000000000000000000e+00 7.021649803322977182e-03 2.863514669000570383e-03 1.781836770018032368e-01 9.614650999958648803e-02 1.010626931423138919e-01 5.379252064613902068e-02 0.000000000000000000e+00 0.000000000000000000e+00 7.026363115813764881e-02 2.057449109641764085e-01 0.000000000000000000e+00 0.000000000000000000e+00 0.000000000000000000e+00 3.135962045877693782e-02 2.706595322517100013e-02 1.575903797945063245e-01 2.508591202043987736e-02
6.936163806277069466e-02 1.504460606754197127e-01 0.000000000000000000e+00 4.912045217427934291e-02 0.000000000000000000e+00 0.000000000000000000e+00 1.374899251858845151e-01 5.010493093376736096e-02 1.224920326347872773e-03 1.473725211716292449e-03 0.000000000000000000e+00 0.000000000000000000e+00 1.533822480417132705e-01 1.233725347963286201e-01 2.726238471554855852e-02 0.000000000000000000e+00 0.000000000000000000e+00 3.108708517658953421e-03 6.966718649896225246e-02 1.639852848596024537e-01
5.335776946650186816e-04 0.000000000000000000e+00 0.000000000000000000e+00 1.296614453628225708e-02 2.325607020535298483e-02 3.988196010350900100e-03 1.144263864791077029e-01 3.652930484045877058e-02 2.119515623553653305e-01 8.650945257339022476e-02 2.751652867526290999e-02 1.550429497068273321e-01 1.365574204487690624e-02 3.954261533040333287e-02 5.272179871090480058e-02 5.787110623088950051e-03 1.208188895959719095e-01 6.970929061400500670e-02 1.766408839970580805e-02 7.380291603979917923e-03
0.000000000000000000e+00 3.796081943843616913e-02 3.001106279337504082e-02 2.049187167652603558e-01 9.151217003569389694e-04 1.378819069019620036e-01 1.200751078418440046e-02 2.945715956949019332e-01 1.751733153010063063e-02 0.000000000000000000e+00 2.706498502373680393e-02 1.425517520026477365e-02 0.000000000000000000e+00 0.000000000000000000e+00 1.617605281900545977e-01 4.496500457741772067e-02 1.238817399750594518e-03 1.188417331300935069e-02 3.047250687188675800e-03 0.000000000000000000e+00
0.000000000000000000e+00 2.839776882044842132e-02 1.617804211305924264e-02 1.206948224479015980e-01 6.136909606925719518e-02 1.257138713808443331e-01 0.000000000000000000e+00 1.047575793300370844e-01 1.251660762513724656e-01 2.198897599334289146e-02 8.164284027518439735e-03 9.919154532143788228e-02 1.036393315634452465e-02 1.057761810269329701e-02 0.000000000000000000e+00 0.000000000000000000e+00 3.467358244901897618e-02 0.000000000000000000e+00 1.902575968408654339e-01 4.250520769585825615e-02
0.000000000000000000e+00 1.444152596996768900e-01 0.000000000000000000e+00 2.409335244988797947e-02 1.335089845847061141e-01 1.142628987058639384e-01 2.191985224856822859e-02 1.152695023388247697e-01 2.575835701539611403e-02 1.600871870772813815e-02 1.996108476186218405e-03 1.424299224208715742e-01 7.087999734530333468e-03 0.000000000000000000e+00 0.000000000000000000e+00 3.057606433913357888e-02 0.000000000000000000e+00 2.443618921076775100e-02 4.931042549488798971e-02 1.489263645729704266e-01
0.000000000000000000e+00 3.614502785913203953e-02 1.073075412022789308e-03 1.051452529115536882e-01 2.669763382493337001e-02 7.530839270162308433e-03 7.823548218275523658e-02 1.210345450730233689e-02 1.179832528141955272e-01 9.798629216761150368e-03 0.000000000000000000e+00 4.434413410248313342e-02 1.396144776414579569e-01 1.743100181448791752e-01 1.448595546669239065e-01 0.000000000000000000e+00 0.000000000000000000e+00 3.646529607325806749e-02 3.202648379086030922e-02 3.366738758131911091e-02
0.000000000000000000e+00 7.650996662385153857e-02 0.000000000000000000e+00 7.235097555357220510e-03 8.544546081724115061e-02 2.649347433406949726e-02 3.596250289843135224e-03 1.384429678424673738e-01 5.648420769598202357e-02 0.000000000000000000e+00 0.000000000000000000e+00 2.039901078278394120e-01 8.790909573353423989e-02 0.000000000000000000e+00 8.051664677768256492e-03 8.764606757220577693e-02 0.000000000000000000e+00 1.461237358316246765e-02 4.035219194735665399e-02 1.632310734993213663e-01
0.000000000000000000e+00 8.328390702241515731e-02 0.000000000000000000e+00 7.661255860621624114e-02 0.000000000000000000e+00 1.322724818606273722e-01 2.886839943418476745e-02 5.611745697034292713e-02 1.161664597658003811e-01 0.000000000000000000e+00 2.121368474698409265e-03 1.008314246711273371e-01 1.453100758118534008e-01 0.000000000000000000e+00 0.000000000000000000e+00 1.363120217328060496e-03 5.484292146808064823e-03 0.000000000000000000e+00 1.401168676998417462e-01 1.114515873187561235e-01
0.000000000000000000e+00 8.889121265441211894e-02 1.452773743651364705e-02 0.000000000000000000e+00 1.626899239666912064e-02 9.950480781520015805e-02 7.497524811250971333e-04 0.000000000000000000e+00 1.908553698591092529e-01 0.000000000000000000e+00 0.000000000000000000e+00 6.442776787247396497e-02 7.628611010379271473e-02 3.854522999371402456e-03 9.250698842662078911e-03 0.000000000000000000e+00 7.423862278103882627e-03 1.163922559842044818e-01 1.642618345356451348e-01 1.473050747407169681e-01
2.144145841441806068e-03 2.110350564614106861e-01 4.435063801577292242e-02 2.085025625212640413e-02 1.275436881706190628e-01 1.450947857499761684e-01 1.117900453998071225e-02 1.373796478864751092e-01 8.725920170792403341e-02 0.000000000000000000e+00 0.000000000000000000e+00 0.000000000000000000e+00 4.680138223368989631e-02 9.413027728157774554e-03 0.000000000000000000e+00 1.107257564837891943e-02 1.076943854862774446e-03 4.728379417186488742e-02 9.544267341103507274e-02 2.073178326283676900e-03
6.219992321037251179e-03 4.184894430504817325e-02 1.183592137708249920e-01 8.881036551117169400e-03 1.069149997766820487e-01 1.202152332357825926e-01 0.000000000000000000e+00 2.819543115614116940e-02 2.038466898054872301e-01 0.000000000000000000e+00 0.000000000000000000e+00 1.508020618815735826e-02 1.543553245400446777e-02 2.102323658995390587e-02 0.000000000000000000e+00 0.000000000000000000e+00 0.000000000000000000e+00 0.000000000000000000e+00 1.961324519834259927e-01 1.178470318623375951e-01
1.122350245738961833e-01 8.866209517545932395e-02 7.008555250081892340e-02 1.318901456705434509e-02 5.185563590606996707e-04 5.207492249521768202e-02 1.022858581067356276e-01 1.545101698240928523e-01 4.265915327840154314e-02 3.319175680973777964e-02 0.000000000000000000e+00 1.438347991513697077e-01 6.808038324893887598e-03 6.745065556590307265e-02 0.000000000000000000e+00 5.348198880138910899e-02 4.113550973115985554e-02 2.848387687389205419e-03 1.137198931422670790e-02 3.656527733193486087e-03
8.333532731313316594e-03 1.333731725328036744e-01 4.356943201017064032e-02 1.664908674870259619e-01 3.430024032359670983e-04 0.000000000000000000e+00 6.474033201968697193e-02 9.486252700685780803e-03 1.446631806682494546e-03 0.000000000000000000e+00 3.039335675297268839e-03 1.450754479913353712e-01 6.376447949077376776e-02 1.272564586900284782e-03 1.391334651558140956e-01 0.000000000000000000e+00 0.000000000000000000e+00 1.357710097613268885e-01 3.300930739018851506e-02 5.115116625675907025e-02
2.003280386934673182e-02 1.193470490648872173e-01 9.613524070646525810e-02 1.236996182899495998e-02 4.669402171770389853e-02 6.318830187476656701e-02 0.000000000000000000e+00 0.000000000000000000e+00 7.155675549729674512e-02 0.000000000000000000e+00 2.504551367010130012e-03 1.483643801720555544e-01 7.699639799312500699e-02 0.000000000000000000e+00 0.000000000000000000e+00 0.000000000000000000e+00 0.000000000000000000e+00 4.372570917411190694e-02 1.497993106525458140e-01 1.492855160816902449e-01
7.360903300428691277e-04 4.428734330240410855e-02 2.953383690179030643e-02 1.357704848844724643e-01 1.647655499272882712e-02 4.371049465455863897e-02 0.000000000000000000e+00 1.256731237461850004e-01 1.155174290729423653e-01 0.000000000000000000e+00 1.280923747009745728e-03 3.902576891782644913e-02 9.848412174338664130e-03 8.451340233275800307e-02 2.121528847650387684e-02 0.000000000000000000e+00 0.000000000000000000e+00 1.564046744266678335e-01 1.567000794733539593e-01 1.930609256641674723e-02
0.000000000000000000e+00 1.534211793439693161e-01 0.000000000000000000e+00 2.852000786975886215e-02 1.322495034673548675e-01 1.653024877562181763e-02 9.848129454451894083e-02 9.083119511689866435e-03 3.250934329080731183e-02 1.234736312854340171e-02 0.000000000000000000e+00 1.566805420203938592e-01 4.845237086168987378e-02 0.000000000000000000e+00 9.367874386263392791e-03 0.000000000000000000e+00 0.000000000000000000e+00 7.351020401452846437e-03 1.481311319018515094e-01 1.468750004960842903e-01
5.341323123927409211e-02 1.555718019042660882e-01 4.016558262431646660e-03 2.315128245449762229e-02 0.000000000000000000e+00 0.000000000000000000e+00 1.640255152236921865e-02 1.005802005483310002e-01 7.106200691753621068e-02 0.000000000000000000e+00 0.000000000000000000e+00 1.812879277054822991e-01 0.000000000000000000e+00 0.000000000000000000e+00 1.273099878311112487e-01 0.000000000000000000e+00 8.455650237288693527e-02 1.434150629372245647e-02 9.638610864623985836e-03 1.586678320834671307e-01
1.049453204053692745e-01 1.153129772613423754e-01 5.681895413367859388e-02 1.820034191341831373e-03 3.534184341265854228e-03 1.448558308445262732e-01 1.424747464819213841e-02 1.230073514483320946e-01 1.373029182519468205e-01 0.000000000000000000e+00 0.000000000000000000e+00 2.236434461127047302e-02 6.966081013467079718e-03 4.047580433971846581e-03 1.835173252366208152e-02 1.870444327121016381e-01 4.040983447477081852e-02 2.230814102244962731e-03 5.360996434132914547e-04 1.620403495910252567e-02
0.000000000000000000e+00 1.250823746176538132e-01 0.000000000000000000e+00 2.139496879520636982e-02 7.700382921386418611e-02 3.023243208078951402e-02 4.981538170653486419e-02 1.902584699423484974e-02 3.903588106386830098e-02 1.311411598025949941e-02 1.320394489121702770e-02 1.350019939653780421e-01 2.800275114624321132e-02 2.578907394656103705e-02 8.795836471124031733e-03 9.034547948313094434e-02 1.161781599315043073e-01 0.000000000000000000e+00 2.079779297124300375e-01 0.000000000000000000e+00
4.754694533050727451e-02 1.421397470324097523e-01 1.076174941722163464e-01 4.367286599040200168e-02 0.000000000000000000e+00 4.176339921784918280e-02 4.727198734722957985e-02 0.000000000000000000e+00 2.562585623916238675e-02 1.409912487049337811e-02 0.000000000000000000e+00 5.591990744978578287e-02 6.967312926231220005e-02 2.415587239269288006e-02 0.000000000000000000e+00 0.000000000000000000e+00 1.250443270649744809e-01 7.503004520798463133e-03 1.771352224018889476e-01 7.083111670727744447e-02
3.722525021839462323e-02 1.703616981793329155e-01 1.820543559713810877e-02 1.238748283793695143e-01 0.000000000000000000e+00 1.086237269863523786e-01 3.219383363559864125e-02 1.022444656744382618e-02 8.087559279881055552e-02 0.000000000000000000e+00 0.000000000000000000e+00 4.410038762280182184e-02 1.742864002887646868e-01 2.988325741856191417e-02 1.404633787272647205e-01 0.000000000000000000e+00 9.563858138685564503e-04 0.000000000000000000e+00 2.872537776629770917e-02 0.000000000000000000e+00
