5.120568255806771246e-02 9.728071257276647843e-02 5.004333262341774738e-04 3.055297696487282132e-03 2.454075711927294207e-02 0.000000000000000000e+00 2.128804372959591448e-02 1.256978031710840882e-01 0.000000000000000000e+00 7.305140964156122893e-03 0.000000000000000000e+00 2.839589061401258385e-02 0.000000000000000000e+00 0.000000000000000000e+00 1.491869511339523890e-01 2.653312135714138223e-02 1.499324155262050625e-03 8.561714832959145538e-02 2.112214006787711471e-02 0.000000000000000000e+00 3.221166268215634038e-02 1.070189935482746546e-01 1.807895462562563674e-03 7.029216866723915491e-02 1.454408328442656773e-01
5.653077415570704339e-02 2.055638480146219048e-03 4.847907859855334067e-02 0.000000000000000000e+00 1.612458529752450187e-01 1.089796659311305232e-01 3.082122549722079129e-03 1.668859800336964204e-03 1.415417953086622015e-02 1.383846894682520812e-02 0.000000000000000000e+00 3.390974411095345337e-02 3.250194860625974652e-02 1.021637258461866385e-02 1.618739943054933739e-01 1.609201648040080790e-03 3.470853132281751657e-02 1.406860305564826491e-03 7.127065443998823087e-03 0.000000000000000000e+00 1.748054931492280806e-02 0.000000000000000000e+00 0.000000000000000000e+00 1.537652193133634826e-01 1.353658720754345457e-01
6.659599761481570061e-03 7.096620428425670646e-02 7.331830068170659687e-02 2.540331775657397526e-03 1.456295100731666570e-01 4.321219873331654665e-02 3.765154724032560019e-02 3.642718751678388021e-03 1.465496281959291838e-02 8.593679787057429548e-03 3.496255710373163267e-03 4.082093835711189667e-02 8.406408801147121496e-03 2.014362162379684795e-03 1.316784704265773209e-01 0.000000000000000000e+00 1.412403275896235155e-01 4.662587983177727408e-02 1.157194997499699785e-02 9.802231493668454865e-02 8.124995146749969038e-04 1.409272012858824724e-02 1.429959925857679330e-03 3.829978026675467939e-02 5.461907846521295989e-02
1.499330549019822420e-02 1.225382228109315325e-01 6.514609616073122403e-03 6.612548794171194295e-03 6.313642503736745237e-02 2.972534080105275478e-02 8.877590663764563239e-02 6.509421261546423886e-03 8.939333476500363473e-02 2.901418866821925228e-03 4.419808368270159056e-03 1.961931871367027583e-02 4.987070889742754171e-02 0.000000000000000000e+00 1.194364827815970059e-01 1.334537104081185734e-02 5.121354243933586708e-02 1.982024635813910141e-02 3.476054100563706574e-04 3.053799822592402017e-03 1.109639375264613731e-01 2.251583993432680619e-02 1.007216192294129418e-02 1.418098453911064427e-01 2.410797312451540449e-03
9.225555626996539971e-02 1.124561678012138133e-01 0.000000000000000000e+00 1.418804028184763449e-02 1.608018296722127025e-02 1.047452383157853033e-03 9.997102800106084930e-02 1.277527857003190326e-01 4.610427626249455346e-03 4.756678404879077782e-02 0.000000000000000000e+00 9.664415307165065416e-02 0.000000000000000000e+00 5.390215025926672334e-04 4.713861445047642929e-02 6.678794006188155073e-03 1.621508719220904893e-01 2.003315766979148831e-05 2.369642999774386471e-03 0.000000000000000000e+00 0.000000000000000000e+00 7.352971610378783787e-03 3.232902245820844320e-04 1.470597716296412061e-01 1.379441034512918565e-02
0.000000000000000000e+00 2.251304335711576399e-02 8.711415745689937706e-02 9.187021055786323553e-03 1.231473271782730118e-02 4.480305912323534479e-02 1.300986698198042801e-01 5.171230640621899896e-03 1.053881320638571512e-01 3.374775154323710817e-04 8.698975093116084832e-07 1.823356697680534114e-02 0.000000000000000000e+00 3.364358258046791961e-04 3.170685706855098929e-02 7.962102828946790445e-02 0.000000000000000000e+00 1.760207495636856301e-02 5.046197772480838506e-02 5.892254099984042294e-03 0.000000000000000000e+00 6.904917403376157996e-03 2.089509019461477379e-01 4.807201477000031670e-02 1.152895772905966898e-01
2.781519772293578746e-02 2.827977558401136363e-02 2.072270600330568605e-02 0.000000000000000000e+00 1.838885409334882759e-01 9.322313992157332460e-03 1.571491122851036981e-01 5.975927405522983918e-04 4.273224341300935376e-03 3.205673589510677282e-03 6.085444213786952300e-03 1.661627365350652752e-02 3.943769132475208501e-03 0.000000000000000000e+00 1.196753835034100044e-01 3.747507395363654931e-02 6.473732460041373149e-02 3.930627790034112168e-02 1.311425363169187730e-01 1.262616227502756303e-02 0.000000000000000000e+00 3.444275709764978849e-02 5.552305102457681663e-02 6.941527886954803293e-03 3.623028124893611090e-02
1.169790702444984537e-01 7.351836755758962838e-03 9.944812998446211916e-03 1.673364920474705564e-04 4.783240087014851288e-02 3.826250680988892150e-02 3.804842880462194765e-02 1.659627842415645812e-03 1.595842401498428998e-03 7.987733465703156926e-03 0.000000000000000000e+00 7.182082720397564568e-02 2.005233164495790615e-03 7.828577974151000943e-03 9.886450865785735564e-02 2.009734249040107112e-03 1.155167688541958448e-01 9.707165934766689985e-02 1.164090986347279949e-01 8.009040520262966645e-03 0.000000000000000000e+00 1.102517281271578331e-01 2.299335692534496683e-02 2.691251818608338120e-02 5.047735147001251865e-02
1.169195952436484325e-02 3.631755654452234992e-03 6.772726825892903812e-02 4.882060186593335099e-03 1.430194597121868805e-01 7.586714684514499814e-04 1.946582616638601812e-02 1.264206801796041446e-01 3.481793603631013617e-02 1.458927689152510069e-03 0.000000000000000000e+00 2.448642177728490577e-01 0.000000000000000000e+00 0.000000000000000000e+00 0.000000000000000000e+00 6.042247666537873402e-02 5.771582066976963183e-04 3.147215282695874083e-02 0.000000000000000000e+00 1.421225679338995046e-02 0.000000000000000000e+00 7.232379573835170938e-02 2.390805742421938523e-02 1.721782955118842176e-02 1.211275101445357383e-01
6.062483925861443523e-03 1.641180300783542587e-02 3.309284332252120792e-03 0.000000000000000000e+00 6.029514397253179711e-03 2.761312033312002256e-02 1.867546608546319375e-01 2.600797245046177625e-02 4.364270989934341399e-02 3.120429081212620047e-03 1.125705280379129744e-02 1.567385649584683016e-01 2.129210078941966983e-02 1.043354853142976213e-02 6.729151984286166344e-02 4.504896511617211691e-03 0.000000000000000000e+00 7.713188332488005823e-04 1.120847786627033049e-01 0.000000000000000000e+00 4.054864649736414882e-03 0.000000000000000000e+00 1.534757858192986324e-01 2.683762018759018944e-02 1.123059701278627254e-01
1.041380909820841666e-02 1.798552432557150652e-02 4.880356016939269015e-02 1.202608468119699230e-03 3.398797179364011767e-02 3.488356365310660984e-02 2.978726198516213480e-02 2.019062687763209241e-01 9.392033922708578966e-03 3.009464121202392803e-02 1.019163487125859411e-03 1.851931503367554299e-01 4.381424271952935948e-03 3.200576351893879169e-03 1.358492035259203645e-01 2.883551892383768092e-02 2.651297806793391498e-02 4.992717355442862024e-04 0.000000000000000000e+00 0.000000000000000000e+00 0.000000000000000000e+00 2.339573882203771493e-02 3.911066045927611562e-02 1.288869919247536688e-01 4.658078688713513694e-03
3.717751055051656851e-03 1.738358051731538068e-02 9.885524701840132933e-02 1.371872638130506965e-02 1.175925198368446278e-01 6.618547463499218839e-04 2.157211663140684924e-02 1.480544015471512709e-01 8.250048171357387758e-03 6.001623715848196372e-02 8.467414939835180747e-04 3.745791104525600379e-02 0.000000000000000000e+00 1.437354719094393642e-02 6.870899278207774630e-02 1.820394589716623109e-03 1.662881654327480821e-03 1.379054342064174946e-03 1.223860911266460849e-01 1.382075902272342054e-02 0.000000000000000000e+00 6.520500306066046893e-03 6.941418807211188931e-03 1.200719838667898276e-01 1.141872407085284535e-01
2.691808067403241370e-03 5.078786995294889278e-02 1.196421200532312296e-01 4.552052461770215823e-03 1.169117296196683226e-01 1.397154911470828561e-03 1.362096348377774269e-01 0.000000000000000000e+00 5.328053344388338289e-03 8.433753737316954883e-04 0.000000000000000000e+00 3.489064348905214236e-03 0.000000000000000000e+00 0.000000000000000000e+00 1.402460046956292561e-01 0.000000000000000000e+00 4.507023129954984553e-02 3.515302193175377787e-02 1.663463943554521068e-02 0.000000000000000000e+00 1.637045183370960293e-03 3.939003300685826880e-02 1.606581354195896205e-01 8.275190405746550570e-02 3.660612199894217739e-02
4.653722030534907178e-04 8.369213767987999930e-03 1.023373784854482715e-01 1.663220782900540380e-03 1.270781176184121730e-01 1.778449117500460405e-02 9.080139108006124102e-03 4.171545659337069084e-02 1.940199107155469917e-03 1.677822394342487141e-04 0.000000000000000000e+00 2.301647191652790858e-01 1.677546869521634953e-04 2.081813048795481177e-03 9.849112487630852508e-03 1.637963944004492203e-02 1.352911417264802615e-03 2.144448926314487976e-03 4.583944498748895868e-02 7.151010213982592068e-02 3.361021466497434167e-04 0.000000000000000000e+00 1.192750567138289586e-01 4.493940554561420136e-02 1.453581182135368910e-01
0.000000000000000000e+00 3.328706701586294642e-02 1.490321129616757889e-01 0.000000000000000000e+00 4.929867828493851752e-03 9.097576269370225011e-02 2.685248242429244189e-02 5.053525600270895868e-02 4.517842799574546542e-03 2.327343743055199088e-02 4.571999973471138103e-03 1.297856038850527527e-01 6.440739140338950543e-03 3.316803908533906640e-04 3.143121771451246049e-02 1.832174972084300163e-02 1.310375194377780272e-02 8.074852319538013135e-02 1.324182445686560572e-01 1.110870153432569514e-02 1.672682917123585722e-04 1.253611586301698333e-01 1.810534138464562140e-02 3.704832018820851391e-02 7.651870281189478672e-03
8.829643262765268785e-02 5.711036702237624191e-02 2.901093167723712077e-02 2.529988517921153823e-03 1.006272025854655638e-01 3.733535178532487037e-02 1.391419832795210421e-01 1.498569326767084098e-01 1.454856401264957274e-03 6.671809182221457440e-04 1.455279049123460455e-02 1.460733165904046782e-01 1.087927545547433435e-02 0.000000000000000000e+00 2.795866668343817071e-02 0.000000000000000000e+00 2.322963952355028110e-03 0.000000000000000000e+00 0.000000000000000000e+00 7.619155680591351574e-04 0.000000000000000000e+00 6.085015082135401820e-03 3.337685563942208102e-04 1.275794192031293184e-01 5.742164092568085437e-02
7.326409387298342575e-03 1.832398666951548516e-02 7.933610658338538513e-02 1.702605078886535806e-03 1.596619542926352997e-01 1.134155008340959406e-03 7.975059246731745766e-02 1.311338221519916525e-01 3.662873368329919600e-03 1.145594422148114161e-02 0.000000000000000000e+00 3.021068774834800158e-02 1.744930014475118592e-03 1.137340136171774950e-02 0.000000000000000000e+00 4.955133508888186211e-02 2.171699213398096094e-03 3.163455167828854026e-02 1.221767359397536862e-01 4.993525219648364995e-03 3.511013733852574956e-03 2.404694905772919444e-02 6.230751775846153466e-03 1.018331907060165825e-01 1.170327792328618305e-01
1.028651003449428669e-01 1.474156538216688829e-02 8.603186475895493665e-03 7.302297282623017999e-03 1.431718267185656812e-01 0.000000000000000000e+00 1.860930086838915448e-02 1.252082392978140224e-01 5.729249165367923842e-03 1.894064912490353234e-02 0.000000000000000000e+00 1.886006914886008065e-02 0.000000000000000000e+00 2.902361895887979690e-03 1.000933948864562856e-01 3.044322798254838012e-03 8.931704054626403433e-02 3.170723252228824273e-04 1.196382768339960823e-01 3.645942216322089363e-04 1.223268209485771710e-02 2.934001743737402277e-03 9.814201453272526979e-03 2.023099048055068596e-03 1.932874683428345008e-01
9.932380522467849915e-02 6.794571533414769937e-02 2.318764753296833486e-02 4.650152385624017198e-02 1.285562501066989938e-01 0.000000000000000000e+00 1.035141706409830990e-02 1.228968930097282669e-01 9.867153564306853017e-04 2.094944483562080628e-03 0.000000000000000000e+00 7.902185650925230842e-02 3.260155780414604834e-04 0.000000000000000000e+00 1.300022467168629459e-01 6.682706077577925050e-03 1.961092972667753415e-03 0.000000000000000000e+00 0.000000000000000000e+00 1.977881627444897598e-03 0.000000000000000000e+00 9.536198738563413102e-02 1.187657180728900023e-02 2.288884892130689519e-02 1.480558804353696578e-01
1.506168337768688803e-02 1.184361771555422771e-02 1.095564286727486181e-01 6.658865365005490165e-03 1.515299239929760178e-01 2.920350056003287453e-02 1.211823443223303820e-01 1.308713889927557716e-01 2.528057456366415798e-03 6.605769396065766172e-03 0.000000000000000000e+00 1.716821896818842841e-01 8.073077788886556458e-03 0.000000000000000000e+00 2.781316386561075160e-02 1.583230366562348975e-03 5.571055587985452966e-03 0.000000000000000000e+00 3.078279011967493747e-02 5.340034600349736517e-03 0.000000000000000000e+00 3.309864935022385508e-03 0.000000000000000000e+00 1.133183298566067636e-02 1.494711802168404713e-01
2.608649307042844659e-02 1.097550479545363333e-01 8.100101751789993976e-02 3.536527294924116625e-03 1.799729548506417143e-01 1.195568922289291965e-03 9.263142515075697622e-03 1.274238876028446488e-01 2.290030826166368494e-02 8.949189618574783511e-02 0.000000000000000000e+00 3.347004709035646813e-02 0.000000000000000000e+00 0.000000000000000000e+00 6.740910974608453621e-02 0.000000000000000000e+00 4.574196209216803595e-03 5.736221828231467812e-02 8.775229474634684695e-03 5.236399108143930531e-03 2.148284255085216709e-03 1.042845592878056810e-01 6.681388569735444063e-04 5.094846553534267131e-02 1.449650797799006963e-02
3.882579631582389057e-02 9.986566991025623563e-02 9.902813640042908150e-02 6.077805527655766229e-04 1.151903265740266413e-01 3.230181499798037963e-03 3.117625127260953768e-02 4.064995693992328948e-04 4.825576891095944253e-03 6.250171681875545115e-02 0.000000000000000000e+00 2.625874444163599566e-02 5.498549024212377734e-02 7.508243099592831760e-03 1.517857530476608707e-01 0.000000000000000000e+00 0.000000000000000000e+00 8.427239718963830742e-03 0.000000000000000000e+00 1.779907583701874134e-06 5.426835215084880454e-02 4.702887325972664005e-04 0.000000000000000000e+00 9.513216237358639027e-02 1.455040104804469769e-01
1.763415930798864582e-03 9.465656391877155101e-03 1.548461973932216684e-01 3.217718636464600261e-03 1.185676267787782318e-02 0.000000000000000000e+00 1.254586146499263033e-01 4.423818226880932812e-03 1.807947091465602132e-02 2.782964469670708152e-02 0.000000000000000000e+00 5.435821683130179216e-02 2.009904932581068823e-02 9.806299908823705187e-04 1.324788154435155296e-01 0.000000000000000000e+00 0.000000000000000000e+00 2.230776758555971795e-03 1.425233089005019105e-01 7.751315116070352923e-03 0.000000000000000000e+00 0.000000000000000000e+00 1.282052458274476892e-01 1.387179569598783087e-02 1.405595465915155107e-01
8.867767719603660004e-02 2.102222297549934810e-02 3.820761595846274700e-02 1.835315883648650989e-02 1.834657323522828898e-01 1.146446712904048044e-02 5.419147295586270764e-03 1.373959420907085449e-01 7.245525698393795455e-02 1.167727515184710345e-03 0.000000000000000000e+00 2.985706293912471568e-02 0.000000000000000000e+00 0.000000000000000000e+00 3.283654619108106187e-02 3.336269257695072851e-04 9.044454564143648845e-03 1.208875207326887136e-01 1.246661846225333159e-01 1.229980202511097784e-02 2.038643280402921507e-03 0.000000000000000000e+00 1.003776259755425129e-03 3.759222516886374238e-02 5.181120895729986880e-02
1.113308762612425784e-01 3.127748208333543632e-03 2.554758526964106408e-02 1.163108750956949079e-02 1.427195712270437795e-02 4.947622987475264363e-03 0.000000000000000000e+00 1.980063538486790120e-01 2.888804203192999950e-02 3.619826149930698012e-02 1.650556963651504097e-04 1.225325866882974596e-01 2.141811410066380220e-02 9.587564313018221178e-04 1.271889882225918089e-01 1.498694165624308607e-03 1.177381721522792191e-01 1.499614270179417709e-03 1.341359091808808253e-02 4.801051951556313860e-04 0.000000000000000000e+00 6.593063857158956579e-04 1.309545066482852493e-03 2.449212012603997797e-03 1.547387239557683480e-01
1.623321087946909616e-02 2.640065066944812314e-02 6.983940257546025765e-02 2.133310667643093655e-02 9.238255575100622410e-03 2.560302354895620247e-03 1.242139869544738040e-01 3.099722091372070221e-02 0.000000000000000000e+00 1.657140499140754859e-03 2.500129024515729530e-03 1.386120278091156344e-01 0.000000000000000000e+00 1.662434670878334996e-04 6.409802366669434259e-02 6.541406088480812564e-02 0.000000000000000000e+00 0.000000000000000000e+00 0.000000000000000000e+00 3.217152648184288827e-03 0.000000000000000000e+00 1.515229711827714818e-04 1.330315841768151541e-01 1.559536196613471037e-01 1.343823585921091746e-01
0.000000000000000000e+00 6.091558047434537937e-02 2.744334892346072391e-02 7.246672605071732311e-03 1.334360351533600553e-01 0.000000000000000000e+00 8.547625177549452238e-03 1.447821565495029661e-01 4.025998759193732436e-03 8.935038270058724696e-03 0.000000000000000000e+00 2.395073055379691451e-02 1.923908291067594504e-03 0.000000000000000000e+00 2.073175675899523868e-02 1.091494829341820016e-02 1.871969616229693101e-01 1.906881007778879781e-03 0.000000000000000000e+00 1.528369215894376937e-03 1.964608289595696881e-03 1.507415405686750864e-01 3.666167565512745696e-02 1.353134860212595048e-01 3.183267780887895360e-02
1.287860145555778241e-02 4.521618860914440249e-03 1.876387679311421475e-01 3.814117592743126832e-03 2.252107515894125750e-02 5.214759885074866062e-03 1.406820059559880376e-01 4.416591635284542600e-02 3.282503684910377528e-02 1.124496176388966873e-01 0.000000000000000000e+00 4.654224872906724542e-02 7.452695321079476874e-03 1.086699488515232431e-02 6.319288606022691046e-02 0.000000000000000000e+00 6.079276460164984887e-03 2.071966332289220530e-02 5.094018201587412198e-02 4.888724265334872454e-04 0.000000000000000000e+00 7.048203784990060214e-03 2.114326994354369035e-02 6.037010053298515894e-02 1.384440888362828692e-01
2.510266707989413162e-02 1.079745226851204359e-01 1.087310287156279531e-01 5.169969190930834985e-02 2.062292654250733881e-01 8.214844999013093396e-03 3.665703517946628052e-03 4.036530412057902362e-02 3.044576823432165995e-03 2.070300523692438291e-02 0.000000000000000000e+00 7.368569070851817282e-02 8.803083329291692613e-03 0.000000000000000000e+00 5.168432278064613583e-03 5.957258165939546823e-03 2.970278635529414492e-03 1.126350186463900144e-01 6.790705393512232527e-03 1.760205847098756521e-03 3.404014281523444659e-04 0.000000000000000000e+00 2.921272216201556589e-03 1.701670252356436153e-01 3.307001760273842184e-02
0.000000000000000000e+00 3.402726291829925864e-02 1.189762466742507740e-01 8.728411508973972499e-03 6.835210871667713253e-03 1.318985626672622077e-02 1.771731565445277060e-02 3.849827317520904124e-02 3.401418077848252170e-04 1.236982884112770992e-01 0.000000000000000000e+00 1.551591025114981148e-01 8.071777495105477698e-04 7.523295521419167547e-04 1.852508083820214313e-01 8.481200767039287491e-04 0.000000000000000000e+00 3.067111719727977272e-03 3.404863940684643188e-03 0.000000000000000000e+00 2.016905582592528733e-03 1.951167384751491610e-02 0.000000000000000000e+00 1.331007492831095262e-01 1.340701500658528222e-01
4.302194665798959004e-03 3.631356566012554354e-02 1.140679795102479271e-01 1.728130511277854373e-02 5.009331495738688494e-03 0.000000000000000000e+00 3.897201363107664907e-03 7.335030914128273273e-03 2.367053623299362683e-02 2.185961866790528396e-02 1.549042603402803675e-03 4.117182692794909421e-02 1.653599059490277784e-04 4.970486340074105249e-04 1.080922978702843207e-01 4.623215196366565333e-03 1.301668510492988429e-01 3.723762296645848069e-02 1.250287343513417637e-01 4.883870805194414841e-03 1.610648434568453711e-04 5.924612868661286239e-03 1.648793610711186408e-01 3.013105264777421206e-03 1.388692220189086113e-01
0.000000000000000000e+00 5.077802980542604760e-03 1.348703236454823762e-01 0.000000000000000000e+00 4.500012690612630734e-02 1.072770997858964320e-01 1.256363604323701977e-01 1.703358717190468080e-02 2.786572977606631765e-02 1.198710822925057318e-01 0.000000000000000000e+00 2.835262981522359768e-02 4.338893226698993695e-03 0.000000000000000000e+00 1.343446387750879024e-02 2.524435895762551160e-02 3.702991558508480358e-02 2.159805797294568359e-03 9.699109913793194787e-03 8.835484007703045886e-03 6.511864211966468920e-04 1.035058205291660149e-01 2.971707537323229828e-03 1.321103296510725833e-01 4.903418168941441058e-02
4.586993290197526746e-02 0.000000000000000000e+00 1.328553716497454969e-02 7.359061827584250336e-03 2.170934956794228488e-01 8.771298424799723248e-04 3.757813845104439159e-03 1.298486815145780127e-02 0.000000000000000000e+00 6.177242313566896209e-02 0.000000000000000000e+00 3.732570912710862776e-02 0.000000000000000000e+00 0.000000000000000000e+00 1.552597582076049587e-01 0.000000000000000000e+00 5.075516383097860434e-02 0.000000000000000000e+00 0.000000000000000000e+00 1.071873398326142132e-03 0.000000000000000000e+00 6.907916315426622378e-02 1.556814477299710460e-02 1.497435324746247132e-01 1.581963924854255243e-01
1.161437477670150126e-01 1.116773737510287634e-02 1.291632313439104902e-02 1.366270417933967756e-03 2.723323924972474372e-02 3.833649695749447028e-02 1.359823202517678464e-01 5.126115480282755071e-02 8.989361398578709500e-03 2.654645199622750803e-03 3.313917701540038292e-04 7.558488345448893808e-02 0.000000000000000000e+00 0.000000000000000000e+00 1.312634390602609169e-01 0.000000000000000000e+00 1.392619507576041415e-01 1.774788055552077928e-02 0.000000000000000000e+00 3.742444143505518211e-02 0.000000000000000000e+00 4.837488166060807606e-04 4.689246308759947857e-02 1.449585045082514845e-01 0.000000000000000000e+00
0.000000000000000000e+00 0.000000000000000000e+00 7.223869064115737842e-03 2.019097965192267682e-02 1.369943831706630921e-01 4.788162446229451974e-02 4.851165062177727194e-02 1.658127485948825489e-02 1.225519282724559303e-02 2.231300915502756887e-02 0.000000000000000000e+00 4.843363791439672661e-02 5.274911820939437272e-03 4.685716148733963873e-03 4.088800451073210801e-02 1.451217067009227639e-02 0.000000000000000000e+00 0.000000000000000000e+00 1.689391591249966298e-04 0.000000000000000000e+00 0.000000000000000000e+00 6.124044094574920827e-02 2.005551159321970478e-01 1.503285098213439641e-01 1.619605692641555850e-01
1.375667064219835388e-02 1.152356057401652811e-01 1.205130693584656465e-01 2.428596182645442433e-04 2.363589879442276609e-02 1.199285909521064647e-02 3.592179388833200565e-02 1.304846390366536102e-02 9.437831102192919749e-03 2.880521027380654117e-02 0.000000000000000000e+00 1.521314940863406906e-01 8.276912570915002931e-02 0.000000000000000000e+00 1.760930166164632327e-01 1.561294494218919496e-04 0.000000000000000000e+00 1.554714060458902867e-04 4.873711499284984899e-02 1.575097162577929763e-03 2.193309432292555108e-03 1.459345938264781754e-03 8.384528305238597018e-03 1.332855026342529914e-03 1.524222494582878340e-01
1.104538938524255885e-03 3.088071231754843313e-02 1.021753409800437995e-01 7.094199095087506957e-02 2.464929408821737306e-02 0.000000000000000000e+00 3.550488527063322755e-03 2.674773295003360363e-02 6.097581944376108398e-02 7.171521063051761180e-02 4.872624032911283820e-03 8.715254385155256356e-02 3.859779098340803630e-03 2.088263503879292729e-02 4.576682220952840024e-02 2.086466882278542948e-02 4.545054316593324234e-02 0.000000000000000000e+00 7.173101055091523660e-03 9.728953804395149702e-03 0.000000000000000000e+00 2.355888871629170656e-02 1.054324262480105939e-01 2.325158851297817186e-01 0.000000000000000000e+00
4.115698404279032226e-03 9.383221851551601378e-02 2.649394557876157824e-02 7.271126241111056619e-03 1.241490317608242265e-02 0.000000000000000000e+00 4.881842865353299560e-02 0.000000000000000000e+00 1.425529839349155836e-02 2.439845658761451153e-03 1.611204838024685485e-04 6.968180420632748284e-02 5.818075631720599251e-03 0.000000000000000000e+00 1.445912393958701803e-01 5.970204159344971034e-02 1.433183731512935877e-01 2.476847173342541439e-02 1.307920157591430377e-01 3.391183845468155600e-02 1.782348074927542691e-03 5.247159530468671097e-03 8.176630566282587498e-03 7.045376845828032510e-03 1.553620399512430639e-01
1.048433474790909925e-01 4.165298407354313046e-03 1.779178870671023829e-02 0.000000000000000000e+00 2.059047351326801986e-02 6.287077128926340380e-03 6.242255544306968967e-02 0.000000000000000000e+00 5.039058887730337062e-03 3.144791789865943044e-02 0.000000000000000000e+00 2.264495933162858632e-01 3.068409537179982854e-02 5.626057129399325736e-03 5.734392670678382931e-02 2.734183989863794937e-03 0.000000000000000000e+00 1.162003669055344524e-01 2.372904594308317735e-03 1.299442184256916193e-03 0.000000000000000000e+00 0.000000000000000000e+00 1.377962214281833533e-02 1.437547353829162766e-01 1.471675548112237608e-01
1.596931641479253832e-03 5.262555096361639512e-02 1.226444139516233850e-01 7.489475223500273622e-03 4.021215406145547955e-02 2.108199155195305402e-02 1.978629982490431871e-02 1.132063154593135785e-04 4.298035726453634103e-02 2.191722371365335542e-01 0.000000000000000000e+00 1.442993847072688955e-02 1.510116769415376786e-02 9.293452304414161202e-03 1.448534435282405053e-01 3.396189463779408302e-04 5.697672674138146327e-03 0.000000000000000000e+00 1.134846025403856568e-01 9.426247234645442410e-03 4.464672133783369190e-02 2.134681726831931807e-04 8.348647996419893483e-03 8.917540604368794435e-03 9.754486056055038101e-02
8.462926101979540219e-03 3.936400287802982456e-02 7.556223639540650405e-02 0.000000000000000000e+00 2.163960678566321238e-01 3.312331462286379272e-04 9.170983321914129641e-03 1.170880315246638909e-01 1.808729249909918737e-03 6.760090574338792520e-03 0.000000000000000000e+00 3.948589855593819496e-03 0.000000000000000000e+00 0.000000000000000000e+00 8.342694715434870179e-02 0.000000000000000000e+00 1.321695947666654686e-03 1.153456956609183320e-01 2.621718553125609863e-03 0.000000000000000000e+00 0.000000000000000000e+00 5.671905965500441404e-03 3.626313515339730890e-03 8.365839296879989950e-02 2.254344393296034421e-01
1.094539260543244685e-01 4.790893208813119634e-03 0.000000000000000000e+00 4.603461965527464068e-03 3.562502441362101323e-03 2.058657815949369030e-01 3.814912924841244550e-03 1.713378158433326727e-04 2.928156943042846058e-02 1.664337962513374666e-02 0.000000000000000000e+00 1.504079783779039003e-01 1.761855764450497713e-02 0.000000000000000000e+00 9.149464173802909772e-02 1.707900636209249443e-04 2.989052371257753388e-02 5.641114025952448548e-03 1.326312586411786121e-02 2.066674671658959902e-03 3.378166870333656341e-02 1.945738230613087462e-03 6.435835345405651123e-03 1.367511827293746984e-01 1.323444038316933524e-01
0.000000000000000000e+00 2.850527992916634164e-03 9.051665989542892476e-02 1.667742981818964073e-03 9.590155051728811719e-03 3.561006794622906344e-03 2.644185714129014021e-03 0.000000000000000000e+00 1.624134364623994187e-02 1.493177523989638322e-01 0.000000000000000000e+00 6.175881259718252192e-02 5.377873490822230457e-02 8.635680718992719274e-03 1.465166769765805788e-01 0.000000000000000000e+00 1.668209360165635521e-04 6.259220493653710159e-03 1.331036430886810892e-03 1.611066132852671980e-03 6.569847924375492310e-02 0.000000000000000000e+00 3.891272520333680530e-03 2.380265547654664138e-01 1.359362698002082037e-01
0.000000000000000000e+00 9.564564815973576259e-03 6.253546247369945466e-02 1.926897915743974038e-03 5.363564747514432823e-02 5.332872556389281482e-02 3.404982246343184974e-03 1.297809264891294431e-02 2.274399380803653059e-02 1.701786577935918143e-01 0.000000000000000000e+00 1.420524270712792136e-01 1.672339857834111501e-02 1.467474574412094140e-03 1.193250108787907576e-01 2.253322043558029456e-03 3.160899467260643025e-02 1.280145280348645997e-01 0.000000000000000000e+00 0.000000000000000000e+00 6.661615339521672133e-03 0.000000000000000000e+00 2.974861322185929496e-03 8.664571329434231015e-03 1.499567714136672836e-01
3.007035390856269141e-03 3.617024357347314867e-03 4.357623897040445449e-02 1.973828377577225082e-03 6.858397991385772885e-02 9.965082429242055895e-02 2.186966716938888722e-01 9.766931136489223966e-03 5.702770728518277189e-03 0.000000000000000000e+00 1.814329741074113822e-02 1.454546464125972549e-01 3.209765289514651676e-02 0.000000000000000000e+00 1.227672837349315371e-02 4.529907076416273166e-03 8.223162306207707634e-03 9.865703757845060984e-03 1.272072813109893508e-01 6.942617845802817426e-03 1.583540824588015178e-02 0.000000000000000000e+00 1.277525150585630265e-02 2.737275216647650292e-02 1.247002858311878348e-01
8.132544892970496389e-03 3.906429202486718516e-02 8.181766476229529461e-02 1.685341377383102284e-04 5.770609303419226704e-02 3.849804889380022133e-02 5.380026073466445680e-02 1.218632979593563537e-01 1.748150760854202262e-02 8.927962633112365709e-03 0.000000000000000000e+00 8.845137665709569552e-02 1.690812437020418801e-04 8.930745422218877572e-02 6.482373877985132815e-02 8.397500042643115184e-03 1.344063990034888127e-02 2.032953093485938278e-03 3.183694377500560693e-03 7.259425919670723162e-03 1.209826409214847034e-02 1.124798424895202473e-02 2.681328494541827465e-02 1.409387727890936970e-01 1.043756230063615231e-01
0.000000000000000000e+00 7.101221040000864175e-03 1.943220791465551101e-02 2.190007346935918947e-02 6.987882947911058622e-03 3.157116313563471111e-02 1.720339840041788249e-01 0.000000000000000000e+00 8.868255768294534130e-03 1.844980543054586253e-02 0.000000000000000000e+00 2.536479217857968149e-01 5.242601531230554196e-02 1.160245593901986644e-02 3.788696240781126018e-02 0.000000000000000000e+00 0.000000000000000000e+00 1.661128893354363312e-02 8.233611782178190674e-02 6.018833136957504881e-02 0.000000000000000000e+00 2.232938261585451153e-02 1.536975085276283959e-01 1.401155778896112994e-02 8.917863787141218357e-03
2.354625768707130709e-02 1.096348404615509267e-02 8.809156608674910405e-02 1.694730927313684368e-04 1.126593197313553903e-02 0.000000000000000000e+00 1.662312154190385416e-01 1.299770745608160305e-01 1.468572311350814681e-02 7.030170298428806488e-03 0.000000000000000000e+00 6.154620363207248535e-03 6.789959357474617541e-02 6.843730769735585293e-03 1.359155177134608039e-01 1.180763515291992274e-03 3.990499729418890001e-02 6.726220427939860400e-03 2.205101570059786117e-02 3.933598255897504531e-03 1.687113149597622823e-04 2.230213242743514859e-02 0.000000000000000000e+00 1.326060468500987188e-01 1.023521555148064616e-01
9.029876604939552492e-03 1.928809121409326421e-02 2.190279016009031784e-02 4.838543907380223204e-04 2.059475008109528521e-02 0.000000000000000000e+00 2.078817565263812485e-03 3.157335273857736230e-03 2.009384887266739070e-02 3.134104747758702930e-02 0.000000000000000000e+00 2.541717163480444741e-01 8.528093250350597676e-02 0.000000000000000000e+00 1.509614479990083469e-01 3.643095749733370886e-02 1.487118230360639365e-02 3.164203691482078609e-04 1.260989262068075989e-01 2.326462602123354709e-03 0.000000000000000000e+00 2.838156887502723755e-03 6.184659180415939123e-02 3.826098129811672180e-05 1.368485328571292237e-01
3.321187366133424718e-02 5.229792833449416201e-02 1.194808008995884019e-01 1.000104346845613786e-03 1.164131110887600962e-01 3.426183510977106293e-04 2.440683621979623449e-02 4.439749306066150675e-02 1.414188566537686632e-02 1.749569232543943947e-02 0.000000000000000000e+00 7.466366004857653838e-02 8.501903140984550314e-03 2.700620891224296116e-03 1.449555191136986942e-01 9.993138031331911825e-04 5.324541554270270649e-02 3.165656582178923758e-03 1.278365247610948607e-01 4.994892366913479156e-06 0.000000000000000000e+00 1.376694757551674177e-02 6.558247068939408730e-02 4.545845944509283032e-02 3.593016956064139927e-02
