0.000000000000000000e+00 8.748375051002722086e-03 6.463283013494319773e-02 3.569331824841445039e-02 3.509912530256612678e-02 0.000000000000000000e+00 9.130353136265594027e-02 1.679027818539797212e-01 0.000000000000000000e+00 0.000000000000000000e+00 0.000000000000000000e+00 1.512340223494637592e-01 7.753916468907775909e-03 0.000000000000000000e+00 1.408424904496404784e-01 0.000000000000000000e+00 1.189053836100850865e-02 0.000000000000000000e+00 0.000000000000000000e+00 7.693664910247845973e-07 0.000000000000000000e+00 0.000000000000000000e+00 2.340892445146723969e-02 4.308792792732978050e-02 2.184014486721292114e-01
0.000000000000000000e+00 0.000000000000000000e+00 1.102879814591961743e-01 1.831240633725287822e-02 1.830734783665719234e-01 0.000000000000000000e+00 2.284136820753287708e-02 1.188775264050394159e-01 9.351137885910725672e-03 0.000000000000000000e+00 7.434166086606687832e-03 0.000000000000000000e+00 0.000000000000000000e+00 3.675359399146197869e-03 1.132990575534414124e-01 0.000000000000000000e+00 1.076957816602131107e-01 0.000000000000000000e+00 0.000000000000000000e+00 0.000000000000000000e+00 0.000000000000000000e+00 0.000000000000000000e+00 2.452698065946134088e-03 1.823863753495710560e-01 1.203126632235714810e-01
0.000000000000000000e+00 1.415672472114060665e-01 0.000000000000000000e+00 1.283179363500015213e-01 6.560125113343842629e-02 0.000000000000000000e+00 5.109784437409371077e-02 1.287912496307560759e-02 0.000000000000000000e+00 8.681246186731633729e-03 0.000000000000000000e+00 0.000000000000000000e+00 1.070225366278770018e-01 0.000000000000000000e+00 3.307404839140560826e-01 0.000000000000000000e+00 0.000000000000000000e+00 0.000000000000000000e+00 0.000000000000000000e+00 0.000000000000000000e+00 0.000000000000000000e+00 0.000000000000000000e+00 2.152084329813952913e-03 1.519402449095059449e-01 0.000000000000000000e+00
0.000000000000000000e+00 1.790155555519155339e-01 2.669953825206968986e-02 8.610508958328084994e-02 1.532177130934232571e-02 0.000000000000000000e+00 8.119163683359593986e-02 0.000000000000000000e+00 0.000000000000000000e+00 0.000000000000000000e+00 0.000000000000000000e+00 1.476171954447420553e-01 0.000000000000000000e+00 0.000000000000000000e+00 1.790862142677982216e-01 0.000000000000000000e+00 0.000000000000000000e+00 0.000000000000000000e+00 2.024240103648878436e-02 0.000000000000000000e+00 0.000000000000000000e+00 0.000000000000000000e+00 0.000000000000000000e+00 1.671201351669170665e-01 9.760046255384936809e-02
0.000000000000000000e+00 4.525019897222828068e-03 9.987749167807537243e-02 2.109857176509278740e-04 0.000000000000000000e+00 0.000000000000000000e+00 5.056394036770731765e-02 0.000000000000000000e+00 0.000000000000000000e+00 0.000000000000000000e+00 0.000000000000000000e+00 6.679356437505561128e-02 5.105257595106230117e-02 0.000000000000000000e+00 4.137724603062516437e-01 0.000000000000000000e+00 0.000000000000000000e+00 0.000000000000000000e+00 6.664594455980124782e-04 2.346325851186723335e-02 0.000000000000000000e+00 0.000000000000000000e+00 1.211204274726207508e-01 1.679538162768879905e-01 0.000000000000000000e+00
0.000000000000000000e+00 2.849824434848040045e-01 1.010715547775908052e-01 0.000000000000000000e+00 7.952998278755281369e-02 0.000000000000000000e+00 4.943379154622175309e-02 1.053243650374872803e-01 8.189026371336944124e-03 2.595900647746894330e-01 6.767152661683179839e-03 1.603979144012708177e-02 0.000000000000000000e+00 0.000000000000000000e+00 6.960144349926093710e-02 0.000000000000000000e+00 0.000000000000000000e+00 0.000000000000000000e+00 0.000000000000000000e+00 7.387464861391928109e-03 0.000000000000000000e+00 0.000000000000000000e+00 5.222124187582910873e-03 6.860794570270982266e-03 0.000000000000000000e+00
4.254263792848394458e-04 1.911931920458988243e-01 0.000000000000000000e+00 0.000000000000000000e+00 2.125270461880871820e-01 0.000000000000000000e+00 7.002861228688324335e-02 0.000000000000000000e+00 0.000000000000000000e+00 0.000000000000000000e+00 0.000000000000000000e+00 0.000000000000000000e+00 0.000000000000000000e+00 0.000000000000000000e+00 2.945225917357100487e-01 2.291075911217365160e-02 0.000000000000000000e+00 0.000000000000000000e+00 1.981050538459340760e-01 0.000000000000000000e+00 0.000000000000000000e+00 0.000000000000000000e+00 0.000000000000000000e+00 2.970922952188856381e-03 7.316395453839392993e-03
3.762115917995292424e-04 1.148891773383890758e-01 0.000000000000000000e+00 0.000000000000000000e+00 5.905151196915762318e-02 0.000000000000000000e+00 1.619532106647314229e-01 0.000000000000000000e+00 0.000000000000000000e+00 1.274630499003468753e-01 0.000000000000000000e+00 1.142335551978882202e-01 0.000000000000000000e+00 4.699717852438811336e-03 2.342537751896804910e-01 1.004095056973511868e-01 3.190221844541862167e-02 0.000000000000000000e+00 1.389199850080191992e-02 0.000000000000000000e+00 0.000000000000000000e+00 0.000000000000000000e+00 0.000000000000000000e+00 3.687606765199610143e-02 0.000000000000000000e+00
2.578899332127716770e-02 1.020222707692895053e-02 0.000000000000000000e+00 1.005967671303883704e-01 6.161799606983081601e-02 0.000000000000000000e+00 1.497137827322225952e-02 1.445210236848457237e-02 1.985271003940218895e-02 4.652036740054102393e-02 0.000000000000000000e+00 0.000000000000000000e+00 7.887047195418582513e-02 0.000000000000000000e+00 1.726525302679704776e-01 3.546361164777145098e-03 1.439307885869364539e-03 0.000000000000000000e+00 0.000000000000000000e+00 0.000000000000000000e+00 3.000173099435384698e-04 0.000000000000000000e+00 9.389507347460358810e-02 2.363804860611361247e-01 1.189132102014384268e-01
0.000000000000000000e+00 1.028319799929395401e-01 1.305833532671972497e-01 2.618764218559523418e-02 0.000000000000000000e+00 0.000000000000000000e+00 8.443326777721633924e-02 0.000000000000000000e+00 0.000000000000000000e+00 1.544928955350145794e-01 0.000000000000000000e+00 1.523636959410777647e-01 1.231133290495692728e-01 8.416622250262129068e-03 1.891449779194886438e-01 0.000000000000000000e+00 0.000000000000000000e+00 0.000000000000000000e+00 2.843223608163906665e-02 0.000000000000000000e+00 0.000000000000000000e+00 0.000000000000000000e+00 0.000000000000000000e+00 0.000000000000000000e+00 0.000000000000000000e+00
0.000000000000000000e+00 3.023226866926210458e-03 1.229032583299589781e-01 0.000000000000000000e+00 1.669350825729571663e-01 0.000000000000000000e+00 5.521606667516237854e-02 0.000000000000000000e+00 0.000000000000000000e+00 0.000000000000000000e+00 5.177612603272314928e-02 2.610825256419652129e-01 0.000000000000000000e+00 0.000000000000000000e+00 1.087661541491082191e-02 0.000000000000000000e+00 3.140022977424956202e-02 5.136117101791601997e-03 1.688014390077552038e-02 1.962520671968008210e-02 0.000000000000000000e+00 9.624260115540669847e-03 5.156088733801017510e-02 1.839757072223395865e-02 1.755626827931145162e-01
0.000000000000000000e+00 3.095455553266420520e-03 1.303711152889502622e-01 0.000000000000000000e+00 2.792601554968196509e-01 0.000000000000000000e+00 3.874832102337090467e-02 0.000000000000000000e+00 2.044322075256666676e-02 1.202601125101264261e-02 0.000000000000000000e+00 1.622640555063025458e-01 0.000000000000000000e+00 0.000000000000000000e+00 6.278609956249382729e-02 0.000000000000000000e+00 3.647712379735433639e-03 0.000000000000000000e+00 0.000000000000000000e+00 0.000000000000000000e+00 8.592228639860042486e-04 0.000000000000000000e+00 0.000000000000000000e+00 0.000000000000000000e+00 2.864986303214956398e-01
4.168921486064221943e-02 1.334863088886815985e-01 0.000000000000000000e+00 1.421065494789095461e-02 0.000000000000000000e+00 0.000000000000000000e+00 7.230912719244834974e-02 0.000000000000000000e+00 7.083613573727355617e-02 7.230326115120398744e-02 1.273135955979796431e-02 2.939665229243149658e-01 0.000000000000000000e+00 0.000000000000000000e+00 0.000000000000000000e+00 1.984493827764131565e-02 0.000000000000000000e+00 0.000000000000000000e+00 1.752926161722448417e-01 3.994109142796885975e-02 0.000000000000000000e+00 0.000000000000000000e+00 3.903182661359311939e-02 0.000000000000000000e+00 1.435694224629801771e-02
0.000000000000000000e+00 8.200504429395769068e-02 0.000000000000000000e+00 0.000000000000000000e+00 8.687918702368942203e-02 0.000000000000000000e+00 1.384598317019016499e-02 0.000000000000000000e+00 0.000000000000000000e+00 2.872660960443741696e-02 0.000000000000000000e+00 1.475968003930351879e-01 1.062607590334775122e-02 0.000000000000000000e+00 1.838398044593234082e-01 7.295839501755996270e-02 0.000000000000000000e+00 1.206590499740916173e-01 2.332963198644984470e-01 0.000000000000000000e+00 0.000000000000000000e+00 0.000000000000000000e+00 1.956673029586897608e-02 0.000000000000000000e+00 0.000000000000000000e+00
0.000000000000000000e+00 1.425041167129627584e-01 1.320721348628762504e-01 2.458734331178075508e-02 1.072537610378084538e-01 0.000000000000000000e+00 0.000000000000000000e+00 0.000000000000000000e+00 0.000000000000000000e+00 1.961896358850619693e-01 0.000000000000000000e+00 1.483839738799581087e-01 0.000000000000000000e+00 0.000000000000000000e+00 2.315149372332106492e-02 0.000000000000000000e+00 2.374097434448948704e-02 0.000000000000000000e+00 0.000000000000000000e+00 0.000000000000000000e+00 8.940844061935192266e-02 1.303407127192296108e-02 3.645855714505024086e-03 1.387909396282427897e-02 8.214910467313692177e-02
0.000000000000000000e+00 1.754993938239509180e-02 3.946953703057298583e-03 0.000000000000000000e+00 1.581500720260470977e-02 0.000000000000000000e+00 7.802273354097896685e-02 1.297327908788142581e-01 3.478115413367777881e-02 0.000000000000000000e+00 1.156213083564667891e-02 1.237491178209459142e-01 0.000000000000000000e+00 0.000000000000000000e+00 2.671832881550526562e-01 0.000000000000000000e+00 0.000000000000000000e+00 0.000000000000000000e+00 0.000000000000000000e+00 0.000000000000000000e+00 0.000000000000000000e+00 0.000000000000000000e+00 1.372083720816420493e-01 1.804485122651844908e-01 0.000000000000000000e+00
1.175201481268554754e-01 1.287403042705455025e-01 7.118713983733915111e-03 0.000000000000000000e+00 1.760765422251219792e-01 0.000000000000000000e+00 0.000000000000000000e+00 0.000000000000000000e+00 0.000000000000000000e+00 2.905705605290547291e-02 3.640063683676843936e-02 0.000000000000000000e+00 1.070607798359117929e-01 0.000000000000000000e+00 2.083303738557261420e-01 0.000000000000000000e+00 4.523428117890056915e-02 0.000000000000000000e+00 0.000000000000000000e+00 1.320059328093471651e-02 0.000000000000000000e+00 0.000000000000000000e+00 1.312605703525960010e-01 0.000000000000000000e+00 0.000000000000000000e+00
0.000000000000000000e+00 0.000000000000000000e+00 0.000000000000000000e+00 0.000000000000000000e+00 0.000000000000000000e+00 0.000000000000000000e+00 2.241351852011300438e-01 1.336996130949766326e-01 0.000000000000000000e+00 2.784783621253219404e-02 0.000000000000000000e+00 1.706193691372012156e-01 5.381817778199873836e-02 0.000000000000000000e+00 1.652683242327684376e-01 0.000000000000000000e+00 4.625102490719742304e-02 0.000000000000000000e+00 1.783604694321951900e-01 0.000000000000000000e+00 0.000000000000000000e+00 0.000000000000000000e+00 0.000000000000000000e+00 0.000000000000000000e+00 0.000000000000000000e+00
0.000000000000000000e+00 5.020864862739468637e-02 8.461641396861606379e-02 0.000000000000000000e+00 1.411432026333266088e-01 0.000000000000000000e+00 6.036974135183006268e-02 0.000000000000000000e+00 0.000000000000000000e+00 6.066969786134475406e-03 2.462962104498008648e-02 1.609069033350128408e-01 0.000000000000000000e+00 0.000000000000000000e+00 3.003660317520064904e-01 0.000000000000000000e+00 0.000000000000000000e+00 0.000000000000000000e+00 9.503091320759543895e-03 7.052082959558552723e-03 0.000000000000000000e+00 0.000000000000000000e+00 0.000000000000000000e+00 1.548014579740536814e-02 1.396571474229752474e-01
0.000000000000000000e+00 0.000000000000000000e+00 0.000000000000000000e+00 4.349944600752866236e-02 0.000000000000000000e+00 0.000000000000000000e+00 2.807475306864899624e-03 1.231468698643672782e-01 8.932027616396536612e-03 1.900485930683138702e-01 2.058339308431157699e-02 1.840909107164366912e-02 4.276367614391598376e-02 0.000000000000000000e+00 2.144016769466875472e-01 2.276933964329922594e-02 0.000000000000000000e+00 2.406486946880711034e-02 0.000000000000000000e+00 0.000000000000000000e+00 4.543637426480727493e-02 0.000000000000000000e+00 5.248853132777581837e-03 7.583417660490596309e-04 2.371299726142296616e-01
5.740031698599855521e-03 0.000000000000000000e+00 5.701709072883651142e-02 4.000245625815742473e-02 1.674774547234096078e-01 0.000000000000000000e+00 4.906474586211567734e-02 1.414845497458727397e-01 1.919667127652526992e-02 5.417742629005799920e-02 6.100208318151794512e-02 1.721355771535999085e-02 4.854224458423554191e-03 0.000000000000000000e+00 1.677112605045461280e-01 1.405343165681791073e-01 0.000000000000000000e+00 0.000000000000000000e+00 0.000000000000000000e+00 2.094096798949085167e-02 2.566222212899415406e-02 0.000000000000000000e+00 0.000000000000000000e+00 0.000000000000000000e+00 2.792094086991316754e-02
0.000000000000000000e+00 1.254920515874791143e-01 3.691835749289598678e-02 0.000000000000000000e+00 6.553918234127684844e-03 0.000000000000000000e+00 4.026128625907726688e-02 0.000000000000000000e+00 0.000000000000000000e+00 1.448682987259914678e-01 0.000000000000000000e+00 1.092555838176098304e-01 8.156646791552081555e-02 1.012557898570376133e-02 2.129317399095251306e-01 0.000000000000000000e+00 0.000000000000000000e+00 4.359208449582989420e-02 0.000000000000000000e+00 0.000000000000000000e+00 0.000000000000000000e+00 0.000000000000000000e+00 9.443146384631734280e-02 6.981809387437296066e-02 2.418507485554884789e-02
0.000000000000000000e+00 1.457652496598865477e-01 1.374741600589098273e-03 0.000000000000000000e+00 1.469306979046186290e-01 0.000000000000000000e+00 1.294819512975017295e-01 0.000000000000000000e+00 0.000000000000000000e+00 0.000000000000000000e+00 0.000000000000000000e+00 3.012789578117873457e-02 1.990357347174028305e-02 1.585193435284732930e-02 2.004832810654923470e-01 0.000000000000000000e+00 0.000000000000000000e+00 0.000000000000000000e+00 1.540152711485860415e-01 1.661732666342232226e-03 0.000000000000000000e+00 0.000000000000000000e+00 1.495117633071429697e-01 0.000000000000000000e+00 4.891907744074196381e-03
3.439397314710600229e-02 1.135359957200170744e-01 3.302077408436007028e-02 0.000000000000000000e+00 1.089479511602516569e-02 1.242417148560949897e-01 9.497771325682315136e-02 0.000000000000000000e+00 0.000000000000000000e+00 4.408100360128072714e-02 0.000000000000000000e+00 1.554259395201646743e-01 0.000000000000000000e+00 5.124767230337811882e-03 2.803039107024247675e-02 0.000000000000000000e+00 7.146161458903420305e-02 0.000000000000000000e+00 1.753508079943233988e-01 0.000000000000000000e+00 0.000000000000000000e+00 1.629295375842986079e-03 7.829840414461106124e-02 2.953281029373630920e-02 0.000000000000000000e+00
0.000000000000000000e+00 1.321992667714177450e-01 1.184198219420776327e-01 1.227104082211440822e-02 1.966577631982851515e-01 0.000000000000000000e+00 0.000000000000000000e+00 1.007280912094303260e-01 9.161779710411975877e-03 2.620335957843110929e-03 2.659939555400422321e-03 1.908147985179112216e-02 0.000000000000000000e+00 0.000000000000000000e+00 1.663859294187669622e-03 0.000000000000000000e+00 1.292737127915627102e-02 0.000000000000000000e+00 5.389187566408287777e-02 2.932178407637785894e-02 0.000000000000000000e+00 0.000000000000000000e+00 1.131478782162474196e-02 4.321113928002964961e-03 2.927596889177958017e-01
0.000000000000000000e+00 2.078995142471961322e-01 0.000000000000000000e+00 7.327541099519337131e-03 1.230949820379928089e-01 0.000000000000000000e+00 5.508487624586576314e-03 1.292861440075585185e-02 0.000000000000000000e+00 7.113553963312064556e-04 0.000000000000000000e+00 2.373532473400844500e-01 1.127144322867800613e-02 0.000000000000000000e+00 1.787475000956066651e-01 4.878336876400803102e-02 0.000000000000000000e+00 3.248247847190156683e-03 0.000000000000000000e+00 0.000000000000000000e+00 0.000000000000000000e+00 0.000000000000000000e+00 0.000000000000000000e+00 1.631256979180507882e-01 0.000000000000000000e+00
0.000000000000000000e+00 2.651543775729408581e-01 1.200734766873964993e-01 4.433417723732665378e-02 2.901155584014402170e-02 0.000000000000000000e+00 1.087668352238713165e-01 3.881212007537438585e-02 0.000000000000000000e+00 1.803158519188981790e-01 0.000000000000000000e+00 1.596166733452410447e-01 7.919485099049829516e-03 0.000000000000000000e+00 2.164285059352821002e-03 0.000000000000000000e+00 8.721951660412079546e-03 5.966147006585211313e-03 0.000000000000000000e+00 0.000000000000000000e+00 0.000000000000000000e+00 2.914306327340714098e-02 0.000000000000000000e+00 0.000000000000000000e+00 0.000000000000000000e+00
0.000000000000000000e+00 1.012769499824677094e-01 7.772260602309540370e-03 0.000000000000000000e+00 1.074257776383233942e-01 0.000000000000000000e+00 5.903587158798247886e-02 5.261401713929544227e-02 2.683140824637048408e-03 0.000000000000000000e+00 0.000000000000000000e+00 7.626879438724898375e-02 0.000000000000000000e+00 0.000000000000000000e+00 1.622648505419401199e-01 0.000000000000000000e+00 0.000000000000000000e+00 0.000000000000000000e+00 3.152260892896230349e-02 0.000000000000000000e+00 3.280148763281606761e-02 1.792059674837924443e-02 1.893009703327670490e-01 1.567585257954553501e-01 2.354147857415441174e-03
1.259418496547406313e-02 0.000000000000000000e+00 7.574936663673217940e-02 5.325765584307630418e-02 3.476317949585227413e-02 0.000000000000000000e+00 9.025059069034374604e-02 0.000000000000000000e+00 0.000000000000000000e+00 9.483948258060391490e-02 0.000000000000000000e+00 1.471869858792972385e-01 1.330118753008475152e-01 0.000000000000000000e+00 5.560385000930967436e-02 0.000000000000000000e+00 0.000000000000000000e+00 0.000000000000000000e+00 0.000000000000000000e+00 1.654335863262473144e-02 0.000000000000000000e+00 0.000000000000000000e+00 1.144343021702861063e-01 1.672082858074527834e-01 4.556881988099617357e-03
0.000000000000000000e+00 0.000000000000000000e+00 1.371051265951362119e-01 4.138512601973049626e-02 1.564899285191945211e-01 0.000000000000000000e+00 0.000000000000000000e+00 0.000000000000000000e+00 0.000000000000000000e+00 2.197117044726208113e-01 0.000000000000000000e+00 0.000000000000000000e+00 0.000000000000000000e+00 0.000000000000000000e+00 1.953046543302380256e-01 0.000000000000000000e+00 0.000000000000000000e+00 0.000000000000000000e+00 0.000000000000000000e+00 0.000000000000000000e+00 0.000000000000000000e+00 0.000000000000000000e+00 5.535457987406310933e-03 1.743567365325824625e-01 7.011126554309121683e-02
0.000000000000000000e+00 1.628304342026504481e-01 0.000000000000000000e+00 0.000000000000000000e+00 0.000000000000000000e+00 0.000000000000000000e+00 2.869086941116503683e-02 6.019079237588621789e-02 0.000000000000000000e+00 0.000000000000000000e+00 0.000000000000000000e+00 1.452683210283060508e-02 0.000000000000000000e+00 0.000000000000000000e+00 3.754148728389307688e-01 0.000000000000000000e+00 0.000000000000000000e+00 0.000000000000000000e+00 1.938970531384897888e-01 0.000000000000000000e+00 0.000000000000000000e+00 0.000000000000000000e+00 0.000000000000000000e+00 0.000000000000000000e+00 1.644491459300470859e-01
0.000000000000000000e+00 2.293935299164760050e-02 0.000000000000000000e+00 0.000000000000000000e+00 0.000000000000000000e+00 1.134269438486734394e-01 6.646999583740229034e-02 0.000000000000000000e+00 5.959281744452516599e-02 1.879856502717990596e-01 1.753883737104903074e-03 1.239591501006512275e-01 0.000000000000000000e+00 0.000000000000000000e+00 3.499944854779623443e-02 1.061811046673529907e-01 0.000000000000000000e+00 0.000000000000000000e+00 0.000000000000000000e+00 0.000000000000000000e+00 6.872873462928182076e-02 4.346452971271754645e-02 1.123633856651038050e-02 3.039508759422843501e-02 1.288669620503088142e-01
0.000000000000000000e+00 3.638897253592729419e-02 0.000000000000000000e+00 1.165528857003627072e-01 2.156941711034301642e-02 0.000000000000000000e+00 0.000000000000000000e+00 1.168238213165332801e-01 0.000000000000000000e+00 8.343836844187869917e-02 2.745156860142812516e-02 1.508000862005823561e-01 0.000000000000000000e+00 0.000000000000000000e+00 1.414191029768790409e-01 0.000000000000000000e+00 0.000000000000000000e+00 0.000000000000000000e+00 1.907895024296842601e-01 0.000000000000000000e+00 0.000000000000000000e+00 2.928355020123280320e-02 0.000000000000000000e+00 2.869809692933929929e-02 5.678462755580917370e-02
0.000000000000000000e+00 0.000000000000000000e+00 2.742094392813010373e-02 0.000000000000000000e+00 2.756705044194389109e-01 0.000000000000000000e+00 7.843693719267468001e-02 0.000000000000000000e+00 0.000000000000000000e+00 7.870479379499849271e-02 0.000000000000000000e+00 0.000000000000000000e+00 0.000000000000000000e+00 0.000000000000000000e+00 2.098639663300907177e-01 0.000000000000000000e+00 8.724617490870207812e-03 0.000000000000000000e+00 0.000000000000000000e+00 0.000000000000000000e+00 0.000000000000000000e+00 9.966375545766047173e-02 0.000000000000000000e+00 2.215144813861362472e-01 0.000000000000000000e+00
0.000000000000000000e+00 2.883408080751161118e-02 2.619114681646664972e-02 0.000000000000000000e+00 1.918400421652334265e-01 0.000000000000000000e+00 0.000000000000000000e+00 0.000000000000000000e+00 0.000000000000000000e+00 0.000000000000000000e+00 6.866946113553159571e-03 1.606899828649113737e-01 0.000000000000000000e+00 0.000000000000000000e+00 1.982475544088477259e-01 0.000000000000000000e+00 0.000000000000000000e+00 0.000000000000000000e+00 0.000000000000000000e+00 0.000000000000000000e+00 0.000000000000000000e+00 0.000000000000000000e+00 0.000000000000000000e+00 3.080788242909837105e-01 7.925142253249224666e-02
