0.000000000000000000e+00 8.548407454407380701e-03 0.000000000000000000e+00 1.177445756981119161e-02 1.975570253145346108e-02 1.781591689077219320e-01 6.319182468021473931e-02 1.159678597674800894e-02 1.493093340676920344e-01 5.617516775216203906e-02 0.000000000000000000e+00 1.728014199626619340e-01 3.077872601615472010e-03 7.983821456037957717e-03 0.000000000000000000e+00 0.000000000000000000e+00 1.041104628290868556e-01 1.378510707908253696e-01 5.012754299670549307e-02 2.553696042285619541e-02
1.097092889085994616e-01 0.000000000000000000e+00 9.483937417533046255e-02 8.260352957075935143e-02 8.987872413114797454e-02 6.138728583169115322e-02 0.000000000000000000e+00 1.419823995846948572e-01 1.201753507993313583e-02 6.511209704649141561e-02 0.000000000000000000e+00 1.645918179164064521e-01 1.916978223285154426e-03 3.513307205551791752e-04 0.000000000000000000e+00 0.000000000000000000e+00 0.000000000000000000e+00 5.635678298090546906e-03 2.437028526915728521e-02 1.456036752438575610e-01
4.216283938289371903e-03 0.000000000000000000e+00 3.923636467753385815e-03 1.271752857254833113e-01 2.255245751077878669e-01 2.229005388454421283e-02 0.000000000000000000e+00 0.000000000000000000e+00 1.467664030478010861e-01 0.000000000000000000e+00 0.000000000000000000e+00 0.000000000000000000e+00 1.114406334011525945e-01 0.000000000000000000e+00 0.000000000000000000e+00 0.000000000000000000e+00 0.000000000000000000e+00 0.000000000000000000e+00 2.885118267034184059e-01 7.015130172376968232e-02
2.371616317133646776e-02 3.038959846207947221e-02 0.000000000000000000e+00 9.158830799170665504e-02 0.000000000000000000e+00 0.000000000000000000e+00 0.000000000000000000e+00 8.566829962227451301e-02 1.701268241199422881e-01 1.417002454603407680e-01 0.000000000000000000e+00 1.428638562414354385e-01 7.648779192408353134e-02 0.000000000000000000e+00 2.670410640712733708e-02 1.754298010625258324e-03 5.196594961051689311e-03 0.000000000000000000e+00 2.038039136279965746e-01 0.000000000000000000e+00
0.000000000000000000e+00 1.187793013406067411e-02 0.000000000000000000e+00 1.251573054868298507e-01 9.399071673692308004e-02 3.075350720971984156e-02 8.671037178967342177e-03 4.998899069719449362e-02 0.000000000000000000e+00 0.000000000000000000e+00 0.000000000000000000e+00 1.305611960331790333e-01 0.000000000000000000e+00 0.000000000000000000e+00 7.906655694141359603e-02 0.000000000000000000e+00 1.375737202299244233e-01 1.870276591226807672e-02 1.629108856949779138e-01 1.507453877445417423e-01
1.424123030739039009e-01 1.399124036766593304e-01 1.483828619198030441e-01 1.171427408057561931e-01 1.255500979426520114e-01 1.381174844101700459e-02 0.000000000000000000e+00 0.000000000000000000e+00 1.241717681374327267e-02 0.000000000000000000e+00 0.000000000000000000e+00 4.164103696466327914e-02 6.858660882324477299e-03 1.874307814755388343e-04 0.000000000000000000e+00 0.000000000000000000e+00 1.005016163339484889e-02 0.000000000000000000e+00 1.534839474473916887e-01 8.814942961721530801e-02
2.514660597365248572e-03 1.208908744415078569e-02 0.000000000000000000e+00 2.871809645385765830e-02 1.256739577441307598e-01 3.537671050673278639e-02 8.554373979792846347e-03 2.011695077252852182e-01 3.454084473077521922e-02 1.275121150173571805e-01 1.243914881326181610e-02 1.779135182733319887e-01 2.837562833212107019e-03 0.000000000000000000e+00 0.000000000000000000e+00 1.258003689249614920e-02 2.846033849280139860e-02 1.079058436391124726e-01 7.548069329107692793e-02 6.233503565259555790e-03
1.165310652195480912e-02 7.437455744741885977e-02 5.081789644180287335e-02 1.246829178725671478e-01 1.369824591558604920e-01 5.349271845531746589e-02 0.000000000000000000e+00 1.332057934470627647e-01 1.077178151175475773e-01 1.527633526392649897e-02 0.000000000000000000e+00 7.875683649187999180e-02 8.858178235886688193e-03 0.000000000000000000e+00 0.000000000000000000e+00 1.567797559453248252e-02 0.000000000000000000e+00 0.000000000000000000e+00 1.617457921154253631e-01 2.675761783881689532e-02
1.053355640777610229e-02 1.343533492342520730e-01 2.971603678189287112e-02 1.373148065133185658e-01 1.415517738463877573e-01 4.300950510954889422e-02 0.000000000000000000e+00 3.131648632147438025e-03 1.454813021282861940e-01 2.353738866949210348e-02 0.000000000000000000e+00 0.000000000000000000e+00 0.000000000000000000e+00 0.000000000000000000e+00 1.646512596275074847e-01 1.059022359793771947e-02 4.968374574268337104e-03 2.138892494018645313e-02 0.000000000000000000e+00 1.297718499369979184e-01
4.506794931344226124e-02 0.000000000000000000e+00 6.410841816427020889e-02 8.213957722850116772e-02 1.279273943068895691e-01 8.744418483882817825e-03 2.060680166797541012e-04 1.671006702759496865e-01 0.000000000000000000e+00 1.034890913251008820e-01 0.000000000000000000e+00 3.398553816165393593e-02 5.801910530499621195e-03 5.554554444093689342e-02 6.511008913569109324e-02 5.515267580726419989e-03 0.000000000000000000e+00 0.000000000000000000e+00 1.247981565293561357e-02 2.227782473828400500e-01
0.000000000000000000e+00 9.455765911454130576e-03 0.000000000000000000e+00 1.108656507112119050e-01 2.344290050029603639e-02 8.284064759220959029e-02 7.184786332105298767e-02 4.798251615036600720e-02 0.000000000000000000e+00 0.000000000000000000e+00 7.693645220285180546e-03 2.061727155154902125e-01 6.140166887128413464e-02 1.116693401457734009e-03 2.282154761028813705e-02 0.000000000000000000e+00 7.680386963059107619e-02 1.247351467333043112e-01 1.528193688307087073e-01 0.000000000000000000e+00
1.034257483032714198e-01 0.000000000000000000e+00 4.633529001553394339e-02 0.000000000000000000e+00 9.088049277809102933e-02 1.731773413196498190e-01 0.000000000000000000e+00 1.189629246795419204e-01 6.774985860306780017e-02 4.132569686026465322e-02 0.000000000000000000e+00 1.595898071588820466e-01 0.000000000000000000e+00 0.000000000000000000e+00 2.786773577301496739e-03 0.000000000000000000e+00 5.603696054428554396e-02 1.248751156223684849e-01 3.047280762989170843e-03 1.180670977475266163e-02
1.704797547751896332e-04 1.034495678018094306e-02 0.000000000000000000e+00 8.717960368029527285e-03 3.295532725230672279e-03 1.286672119577956241e-01 6.753382787631438677e-02 1.709272749213752718e-01 2.489094835114041837e-01 4.482473444093137277e-02 0.000000000000000000e+00 1.515487329134206085e-01 0.000000000000000000e+00 4.902819967354218531e-03 7.107980433443696067e-02 3.835033179200632997e-02 0.000000000000000000e+00 2.336772453479205730e-02 2.780684195324443532e-03 2.457843992662830240e-02
6.597291563127145875e-02 1.179364503668963865e-01 3.734388872346903337e-02 1.612349425041045281e-01 1.069650147731401532e-02 4.382073379804422505e-03 0.000000000000000000e+00 1.209104814046990939e-01 0.000000000000000000e+00 0.000000000000000000e+00 0.000000000000000000e+00 2.384897022552081303e-01 4.577348803471175537e-02 0.000000000000000000e+00 1.701066127738778133e-01 0.000000000000000000e+00 0.000000000000000000e+00 3.302220348287792945e-03 1.221774083468520587e-02 1.163298226567052555e-02
4.529926285073263698e-02 1.195629299202030232e-01 1.564239760881752303e-02 2.253816932866296429e-03 0.000000000000000000e+00 5.000409439357647416e-03 1.197093752876486443e-02 1.901083403882900327e-02 1.579638034594835760e-01 5.087712757096975180e-02 0.000000000000000000e+00 1.408089797646020769e-01 1.538327569452984170e-02 1.353717109870460110e-03 1.612500264817428031e-01 1.323827860714415832e-03 9.437674602686885184e-02 1.176873391376225264e-01 2.221939915092192158e-02 1.801516942310289401e-02
5.807251167467539915e-02 6.970309057594967217e-02 0.000000000000000000e+00 7.276859360479845384e-02 1.416838770508719036e-01 1.311629718659470534e-01 3.508994982733624601e-03 0.000000000000000000e+00 0.000000000000000000e+00 0.000000000000000000e+00 7.765551837080658659e-02 4.589519866547549232e-02 0.000000000000000000e+00 0.000000000000000000e+00 1.749675060677470181e-02 0.000000000000000000e+00 8.859469793754825781e-03 6.639293901665831166e-02 1.700021781005951194e-01 1.367979056909588431e-01
9.301700328993578459e-02 0.000000000000000000e+00 0.000000000000000000e+00 7.909902430691233277e-02 7.501648847095998551e-02 1.431477210863104921e-01 9.004863992459019584e-02 1.380589611380610704e-01 1.591550503377427983e-01 0.000000000000000000e+00 0.000000000000000000e+00 6.753610936894624116e-04 0.000000000000000000e+00 2.870132916230878559e-03 6.542902427938655785e-02 2.761342398675856180e-02 3.905231982040223426e-02 1.685289807627579281e-02 5.984650789987761704e-02 1.011744337286606815e-02
4.762947831307281707e-03 0.000000000000000000e+00 0.000000000000000000e+00 0.000000000000000000e+00 1.350746390088405913e-01 0.000000000000000000e+00 3.721309706074899730e-04 1.260845396795456375e-01 1.295039125186303319e-01 1.003713581943315863e-01 0.000000000000000000e+00 1.511451309494836470e-01 0.000000000000000000e+00 0.000000000000000000e+00 1.800362660352334276e-01 0.000000000000000000e+00 0.000000000000000000e+00 0.000000000000000000e+00 6.827415962801686167e-02 1.043749151840032557e-01
0.000000000000000000e+00 7.835164448569069406e-02 0.000000000000000000e+00 1.907597413965342048e-01 3.183865351459463228e-03 0.000000000000000000e+00 4.996353384297584632e-02 0.000000000000000000e+00 2.496717907724883001e-01 4.310389611426360124e-02 0.000000000000000000e+00 0.000000000000000000e+00 4.947851634308342295e-02 1.630042651154656880e-02 1.774742074251067225e-01 0.000000000000000000e+00 1.833358298591306838e-03 1.398790194582598401e-01 0.000000000000000000e+00 0.000000000000000000e+00
6.455308591619828527e-03 1.158892501206779252e-01 9.952903790118977634e-02 0.000000000000000000e+00 3.393142838644612469e-02 5.513498109253375801e-02 3.325896058089715390e-02 5.124374687235546538e-02 1.198208902739106435e-01 1.168444806622513828e-02 0.000000000000000000e+00 1.159382339548534341e-01 1.218172446101306724e-03 1.825784372453071857e-03 1.174084733398825416e-02 9.139599387099397662e-03 0.000000000000000000e+00 0.000000000000000000e+00 1.405368174627631694e-01 1.926524931568854293e-01
7.552273713195255256e-02 6.004915295307713952e-02 6.037013963069488842e-02 1.322982619588966846e-01 0.000000000000000000e+00 1.000303608798417954e-01 2.364068917896212582e-02 6.812247762466340506e-03 1.087102888733967876e-03 9.124951536245888908e-04 1.269863378450418814e-02 1.815364624545196814e-01 1.431642265934396016e-02 1.807848882948121655e-03 1.765884217525321986e-01 0.000000000000000000e+00 0.000000000000000000e+00 0.000000000000000000e+00 0.000000000000000000e+00 1.523290229279018193e-01
7.507026263365064109e-03 7.106805113493537551e-02 0.000000000000000000e+00 2.776958807054496700e-02 0.000000000000000000e+00 0.000000000000000000e+00 4.219241427696283908e-02 2.196679938230536658e-02 1.212784785614326871e-01 4.598546686966934610e-02 3.253482589759900540e-02 2.332517653784438039e-01 1.103842840813723872e-02 0.000000000000000000e+00 0.000000000000000000e+00 0.000000000000000000e+00 7.714677630480784414e-03 1.412425781774403755e-01 2.079849134192470195e-01 2.846498652943612803e-02
0.000000000000000000e+00 7.118919866228534676e-02 1.282288630965410826e-02 1.285377887134736830e-01 3.425650724114597673e-02 1.203528362479666103e-01 0.000000000000000000e+00 8.500817148312654614e-03 3.874577942173323963e-02 3.511076026063876662e-04 0.000000000000000000e+00 1.442867340442543500e-01 7.653160607589169773e-02 0.000000000000000000e+00 5.905174297300697789e-02 0.000000000000000000e+00 0.000000000000000000e+00 1.340240188380260045e-01 1.713489767216429260e-01 0.000000000000000000e+00
4.940816454704532318e-02 7.543170664147598112e-03 3.974182758953975769e-02 1.396081025005856957e-01 7.622256777457039716e-03 1.672709105611304981e-01 1.211397192881560718e-02 1.402592721074751581e-01 3.491185097025122086e-02 0.000000000000000000e+00 0.000000000000000000e+00 1.395492709905302997e-01 1.970410880207623325e-02 0.000000000000000000e+00 5.477009710431431089e-02 2.148513558719215150e-02 0.000000000000000000e+00 0.000000000000000000e+00 1.538033246249372044e-01 1.220853524450204834e-02
9.976012958676225284e-02 0.000000000000000000e+00 2.340832210348418874e-02 1.371326007722375173e-01 8.091527619363785007e-02 0.000000000000000000e+00 1.386441061878699588e-01 0.000000000000000000e+00 2.197873483201509895e-02 5.201149242970478509e-02 1.114195896673388260e-02 0.000000000000000000e+00 1.460858577030197114e-01 0.000000000000000000e+00 2.206465258726118817e-02 0.000000000000000000e+00 8.387031377485790196e-02 0.000000000000000000e+00 2.031528442327236797e-03 1.809550264200883718e-01
1.906523124401138724e-03 1.274931882655914450e-01 1.627371306951417781e-02 0.000000000000000000e+00 4.785469440318173076e-03 0.000000000000000000e+00 2.555603220749106536e-02 1.810653573927904769e-02 1.430112325206912283e-01 4.140446907415579192e-02 0.000000000000000000e+00 2.185559895182924428e-01 0.000000000000000000e+00 0.000000000000000000e+00 8.502607864390951398e-02 2.757807967604485044e-02 1.058933074932071616e-01 0.000000000000000000e+00 2.602553954165317748e-02 1.583838416854507769e-01
8.483843957728157137e-02 0.000000000000000000e+00 0.000000000000000000e+00 6.752556954365283685e-03 4.001062261659287661e-02 1.403824458669635129e-02 0.000000000000000000e+00 6.127895737339286025e-02 6.163950531071382688e-02 2.538625137754469893e-02 0.000000000000000000e+00 3.402047968630758090e-01 6.444591051479863289e-03 0.000000000000000000e+00 1.800198345791061139e-01 0.000000000000000000e+00 5.590523527715098202e-03 2.327930175549615399e-02 2.521050016873381192e-02 1.253058742578055940e-01
0.000000000000000000e+00 1.293112120716936320e-01 0.000000000000000000e+00 2.860261191280701401e-02 2.393706302173185738e-02 0.000000000000000000e+00 0.000000000000000000e+00 7.563741022848785578e-02 1.560465811715356366e-01 6.451384092570344730e-03 0.000000000000000000e+00 2.514908179619092521e-01 1.973992461725549916e-02 0.000000000000000000e+00 0.000000000000000000e+00 0.000000000000000000e+00 2.263791555485651207e-03 1.409749029865629555e-01 1.646210383474284444e-01 9.232620325318214183e-04
1.199510759534355708e-01 5.722602589570439935e-02 1.159897894814342773e-02 1.468429932776035493e-02 1.301690167540648984e-03 0.000000000000000000e+00 6.247367778829354679e-02 1.230905307717498343e-01 2.494844917585879035e-02 4.750737478441240287e-03 1.080124476824735310e-03 2.767156394524702967e-01 6.946170965518102961e-04 0.000000000000000000e+00 1.934474604847788090e-02 0.000000000000000000e+00 4.379412369641084296e-03 2.143621677281417615e-01 3.668168773143949679e-02 2.671613958952524098e-02
2.564238997419384172e-02 1.245154490739907860e-01 1.851227484915663607e-02 1.423542795088890596e-02 2.596725995286433900e-02 1.404374809645916877e-02 0.000000000000000000e+00 0.000000000000000000e+00 2.017866418569584930e-01 0.000000000000000000e+00 1.422877302741523816e-03 1.582792791385745912e-01 0.000000000000000000e+00 0.000000000000000000e+00 1.720420034048033842e-01 0.000000000000000000e+00 1.026128411872657964e-01 0.000000000000000000e+00 7.092723468268146043e-03 1.338470837438344718e-01
1.313523178114694295e-02 1.043219545420983607e-01 8.849839893782115996e-03 4.176057943679106071e-02 2.855386876842914284e-02 0.000000000000000000e+00 0.000000000000000000e+00 0.000000000000000000e+00 2.542354070911038641e-02 2.371797181113336622e-02 0.000000000000000000e+00 2.988918474903609623e-01 2.282363017315965081e-02 0.000000000000000000e+00 1.754009012165199666e-01 2.430596134116706775e-02 5.988462130472979594e-02 4.633086675482132877e-02 0.000000000000000000e+00 1.265991847767497791e-01
0.000000000000000000e+00 7.701985950484536991e-02 0.000000000000000000e+00 1.425727858227579248e-01 0.000000000000000000e+00 1.550763920297209553e-01 0.000000000000000000e+00 4.972162174888188069e-02 1.322542137673516360e-01 1.172266041593615221e-01 0.000000000000000000e+00 8.787757406749317768e-02 1.129065169958716301e-02 1.279101771837505303e-03 0.000000000000000000e+00 0.000000000000000000e+00 0.000000000000000000e+00 5.043810012762096201e-02 1.743214542927001842e-01 9.216410078416571814e-04
1.195107405679670665e-01 5.617787657949076946e-02 0.000000000000000000e+00 0.000000000000000000e+00 1.697826541810568413e-01 2.872218912472311939e-02 1.275726712969194390e-02 0.000000000000000000e+00 1.383545917226459976e-01 0.000000000000000000e+00 0.000000000000000000e+00 1.925836380582482688e-01 3.306484397852756107e-02 0.000000000000000000e+00 3.503785536877918744e-02 0.000000000000000000e+00 0.000000000000000000e+00 2.132583297662857605e-02 1.798947115303448641e-01 1.278779878189571437e-02
1.603599073758608939e-01 2.032838960789665889e-02 2.263181607424981021e-02 2.556722135045797276e-02 1.240461591792918900e-01 1.045696153573262427e-01 1.309692736145594283e-02 1.410743138971396089e-02 8.109562212436442763e-02 1.404630954127769962e-02 0.000000000000000000e+00 2.408371508893165092e-01 3.328820443617073327e-02 0.000000000000000000e+00 7.796837423272723333e-03 0.000000000000000000e+00 2.181439058276120335e-03 9.891361768383948039e-03 4.973188462461051312e-02 7.642372243807375731e-02
3.266891077737130167e-02 1.259435730377898854e-01 0.000000000000000000e+00 6.146169505469600142e-02 1.713700067519686732e-01 1.406668752814366208e-01 1.977477992090232936e-02 0.000000000000000000e+00 1.271877921462351013e-01 0.000000000000000000e+00 8.395834464660568291e-03 1.350820853232097361e-03 1.113464217935148520e-02 4.211481017740222911e-03 0.000000000000000000e+00 0.000000000000000000e+00 0.000000000000000000e+00 4.004373086931223291e-02 1.564823524226885976e-01 9.930750522261494462e-02
3.158571255389231586e-02 9.337310896875757049e-02 1.885781580389123135e-02 0.000000000000000000e+00 1.995767884808470269e-02 0.000000000000000000e+00 5.398018673602658635e-02 2.082552387685329132e-01 8.816360446162715969e-02 3.173245941215007554e-02 3.715272142095425202e-03 1.448286903191325636e-01 8.410977987505638062e-03 6.651905465341212409e-02 1.667308340730633553e-01 4.283986397804016334e-03 0.000000000000000000e+00 6.303751543542658597e-03 1.104475444056791586e-02 4.225687288991369917e-02
6.723512667350264871e-02 0.000000000000000000e+00 0.000000000000000000e+00 2.889167958861588864e-02 2.390438704414019067e-01 2.086126495707015249e-01 2.788856126896539084e-02 0.000000000000000000e+00 0.000000000000000000e+00 0.000000000000000000e+00 0.000000000000000000e+00 1.224573147836238579e-01 5.105606382762559181e-02 1.789338964280920777e-02 1.836266832517995662e-01 0.000000000000000000e+00 1.148606497169829196e-02 2.646045359256228927e-02 0.000000000000000000e+00 1.534814238669387175e-02
1.659170664253058758e-01 7.851911875030775922e-02 6.791025646810551313e-03 0.000000000000000000e+00 1.230847336694773468e-02 1.578334224318077988e-02 0.000000000000000000e+00 1.204713541357958946e-02 7.812191622444909778e-02 0.000000000000000000e+00 1.619518751142034335e-02 2.029571751489715192e-01 7.021447614639177159e-02 0.000000000000000000e+00 0.000000000000000000e+00 0.000000000000000000e+00 0.000000000000000000e+00 1.221966042677032245e-02 1.963189498427108659e-01 1.326064728531537729e-01
0.000000000000000000e+00 0.000000000000000000e+00 0.000000000000000000e+00 8.765246378182374454e-02 1.146067446951332947e-01 1.879415085497731785e-01 6.954700170927992364e-02 0.000000000000000000e+00 5.966180866150620071e-02 0.000000000000000000e+00 0.000000000000000000e+00 2.357377244068602912e-03 0.000000000000000000e+00 0.000000000000000000e+00 1.101665017356911677e-02 0.000000000000000000e+00 2.201390141621734770e-02 1.501334351572358172e-01 1.941722937828778417e-01 1.008968148285147998e-01
3.361735532083535982e-02 1.174703517910238165e-01 9.708188288826472261e-04 1.075588112302531263e-01 1.254887384189686261e-01 3.127128993506946703e-02 2.243207451161070842e-02 0.000000000000000000e+00 1.896450064106307010e-01 3.225656547711415467e-02 0.000000000000000000e+00 3.965401868785493888e-02 1.877859319097220300e-02 0.000000000000000000e+00 1.501285069048652610e-01 3.777092006121534067e-04 0.000000000000000000e+00 1.327957262943185203e-02 0.000000000000000000e+00 1.170705874618747644e-01
