1.011931927524652164e-02 9.996240712685305896e-02 1.315359520507605653e-03 0.000000000000000000e+00 4.241032602859150930e-02 1.157064135758534631e-02 1.196978077033261124e-02 2.168685715005731207e-01 3.203999058452981774e-02 8.916887676148639585e-02 0.000000000000000000e+00 1.509337097780436227e-03 2.212204788220436744e-02 4.905724256353265200e-03 1.286826386549123069e-01 8.057416526809731139e-02 0.000000000000000000e+00 1.909767012046250864e-02 6.098157006451996806e-03 8.973807343800569922e-03 2.286441593864228360e-03 0.000000000000000000e+00 1.536108156906152572e-02 8.812816201211176592e-02 1.068354942691938231e-01
2.840466662305261500e-02 6.083076826659040981e-02 8.898122048288602259e-02 7.466986501304302692e-02 2.071535867359636240e-01 1.454077120932770542e-02 6.125262226515207353e-02 1.384517360459177893e-01 3.069496180660419900e-03 0.000000000000000000e+00 0.000000000000000000e+00 1.604842306047353853e-02 0.000000000000000000e+00 1.285231930290216262e-02 1.035431936516740398e-01 4.300124950894903403e-03 3.375152976324372880e-04 2.091345472882240319e-02 1.067471646913300447e-03 6.797850343196718036e-04 4.524140666498277150e-05 0.000000000000000000e+00 3.020949459238547134e-03 1.280816813601607651e-01 3.175510727770972097e-02
0.000000000000000000e+00 3.660604299208771589e-02 4.492413254134115103e-02 9.544316918837357500e-02 1.190692505851137506e-02 1.248255702103717307e-01 9.154850570150616096e-02 4.786973063488310365e-02 4.633771378560802567e-02 4.703405936523450542e-02 8.256982969216600243e-02 0.000000000000000000e+00 9.065447850065931623e-03 0.000000000000000000e+00 1.835237058266486476e-01 1.204390270938606039e-01 1.616590748191348067e-03 1.367549731094875112e-02 3.587463860498967157e-03 0.000000000000000000e+00 0.000000000000000000e+00 0.000000000000000000e+00 0.000000000000000000e+00 1.280985842215965481e-02 2.621672971754273121e-02
0.000000000000000000e+00 2.706588997688509982e-02 0.000000000000000000e+00 0.000000000000000000e+00 1.832688807218451343e-01 0.000000000000000000e+00 0.000000000000000000e+00 1.342785394385927200e-01 0.000000000000000000e+00 4.056525528864480916e-03 0.000000000000000000e+00 4.853603276047406545e-02 0.000000000000000000e+00 0.000000000000000000e+00 1.145963228139395551e-01 1.382584234125987244e-02 2.289694050534159253e-02 3.335505540517030160e-02 9.053945695999965348e-02 3.847028840606627614e-02 0.000000000000000000e+00 1.030169607409138488e-02 0.000000000000000000e+00 2.788085290674698902e-01 0.000000000000000000e+00
0.000000000000000000e+00 1.344015457293961215e-03 0.000000000000000000e+00 0.000000000000000000e+00 6.523783947524775667e-03 1.969856098554432361e-02 1.336818335987287054e-01 8.027938074827455084e-03 6.444537851740102241e-03 9.310956576535971141e-02 0.000000000000000000e+00 2.022212524444334455e-02 1.254672402769797801e-02 1.038755119951189632e-01 1.605509269632954261e-01 7.389988854617234038e-02 0.000000000000000000e+00 5.192787632805454662e-03 0.000000000000000000e+00 0.000000000000000000e+00 4.712608641243746545e-03 9.802711557022017463e-03 2.137957448576235583e-02 2.515744471631575219e-01 6.741245806226185688e-02
0.000000000000000000e+00 5.695952787574972906e-03 8.259329718500173223e-02 0.000000000000000000e+00 6.522452950011109474e-02 1.659380912939517269e-02 1.084320228953553344e-01 7.151891092223634609e-03 7.001646919369784988e-04 0.000000000000000000e+00 0.000000000000000000e+00 5.386368507350448864e-02 9.859912309124610474e-02 1.289340240140668947e-01 6.261231854763955884e-02 5.522646271598237455e-02 1.043855147370396398e-02 4.260756575979170180e-02 9.743961840925026430e-03 0.000000000000000000e+00 0.000000000000000000e+00 0.000000000000000000e+00 1.084781968761188396e-02 1.553161773850914307e-01 8.541864312883765131e-02
5.719586315636993046e-02 2.378400905446358959e-01 6.146744515750503929e-02 9.775878515922853049e-03 1.782900237512223263e-01 0.000000000000000000e+00 1.075561237259293340e-02 2.337727235427297656e-02 0.000000000000000000e+00 2.436727674332588977e-03 8.039757433852838878e-03 0.000000000000000000e+00 0.000000000000000000e+00 2.941588409829025072e-03 1.602598657243213542e-01 1.131206615960320128e-02 0.000000000000000000e+00 0.000000000000000000e+00 1.816919139574116604e-01 0.000000000000000000e+00 1.124045404363960450e-02 0.000000000000000000e+00 6.767628852326976717e-03 0.000000000000000000e+00 3.660781189216078674e-02
0.000000000000000000e+00 2.033988542614842965e-01 1.109895726214866693e-02 1.815102321431017948e-02 0.000000000000000000e+00 1.127983366308209744e-02 3.284623566208517281e-02 1.170646219546189332e-01 3.164477317296863351e-02 1.118660925466480327e-01 3.426434205424973289e-02 1.175460162192668544e-02 1.585976736291982688e-03 1.043418005106374474e-02 2.241688993733416749e-02 1.094053697905918859e-01 1.603151881184969969e-03 6.914022281168046014e-03 5.061412994021596834e-02 2.916146659651667680e-02 4.719414369631213385e-02 0.000000000000000000e+00 1.041082995126001338e-02 6.110582947293353301e-02 6.578467425160448856e-02
1.020250234089693439e-02 1.083687806933402581e-01 7.986595119679371427e-03 3.036105154563169956e-02 1.329297422760147007e-01 7.534656700010643020e-03 3.698396355555189779e-02 9.282176803922058406e-02 3.376834711127985381e-04 0.000000000000000000e+00 1.746391990711124165e-02 9.212012876670644390e-03 4.273103243174419287e-03 6.126526841858020295e-02 1.434363580925759329e-01 1.239727766471112637e-02 7.104331290034271440e-02 2.243508970163048469e-02 5.846040100386529215e-03 4.730021813687302484e-02 5.408337409101479643e-02 4.756190843287005747e-03 0.000000000000000000e+00 1.146928058833730502e-01 4.268284398810022993e-03
0.000000000000000000e+00 5.575562597545637850e-02 9.036882587684369472e-04 5.952486593639847888e-04 6.009932567673777898e-02 2.862691911039316750e-02 1.206194918697800905e-01 2.558588928427877468e-02 4.808889801080105247e-03 5.455908622122763660e-03 9.551093787550465897e-03 9.973627040022169099e-02 2.121422296065704136e-02 4.379883245595506819e-03 2.062135449397844988e-01 9.552965461059199914e-02 5.130353145478703560e-03 0.000000000000000000e+00 2.007846386188900500e-03 4.354803224660844935e-02 0.000000000000000000e+00 1.654112789740214747e-03 3.240815063547620913e-03 1.985074730632517270e-01 6.835710102801651790e-03
0.000000000000000000e+00 1.945288901919594226e-03 4.658186982260480169e-02 7.478977966177194348e-02 7.846053576784077499e-02 0.000000000000000000e+00 1.057136104576501465e-02 0.000000000000000000e+00 0.000000000000000000e+00 0.000000000000000000e+00 6.184939643890557601e-03 9.996580565765016135e-03 1.883040843250866070e-02 1.168465820577365977e-01 1.649034889062878373e-01 1.073272168815805477e-01 1.898618475124736957e-02 0.000000000000000000e+00 2.230260581340785531e-01 4.371551158335342663e-02 1.102211324273604832e-02 0.000000000000000000e+00 4.814371932419431177e-02 8.074403109362861394e-04 1.786092096578273739e-02
0.000000000000000000e+00 1.581177488920103846e-01 3.558209045795244357e-02 7.235858512954614942e-03 6.623547405719013015e-02 0.000000000000000000e+00 8.489036528824603356e-02 1.352622891257142523e-01 1.027457582900589278e-02 2.597492515764037932e-02 0.000000000000000000e+00 0.000000000000000000e+00 0.000000000000000000e+00 0.000000000000000000e+00 8.141559401093399415e-03 7.069854948730487816e-03 9.857502991027741399e-03 0.000000000000000000e+00 1.721075674782230336e-01 0.000000000000000000e+00 0.000000000000000000e+00 1.663433088439060167e-02 1.239038641969174032e-03 2.035751468748427107e-01 5.780167145900891312e-02
0.000000000000000000e+00 1.173142435551427498e-01 1.268405850280169000e-01 1.093629085698935837e-03 4.795973584284014650e-03 0.000000000000000000e+00 1.395548735714879918e-01 1.866493440606069310e-02 0.000000000000000000e+00 0.000000000000000000e+00 3.102602447138134642e-02 1.227883769697778876e-01 6.839270954406823089e-02 0.000000000000000000e+00 4.449990233740435536e-02 6.736812095330640959e-02 1.405983819477954130e-02 1.974175976729202267e-02 1.681216483000564921e-01 1.948144866323969077e-02 1.598661532886930595e-02 1.137172942987840774e-02 6.324067656924670100e-03 0.000000000000000000e+00 2.573519152330421954e-03
4.876569158468074816e-02 4.807865684228552865e-03 0.000000000000000000e+00 0.000000000000000000e+00 1.300144877255514364e-01 7.648341257533917276e-03 4.139165816720868918e-02 0.000000000000000000e+00 0.000000000000000000e+00 4.125406960203233803e-02 5.281014978440773389e-02 2.563972459370309973e-02 9.796401807799542255e-03 1.408763558750467104e-01 1.563476410562636421e-01 0.000000000000000000e+00 0.000000000000000000e+00 1.988598277401408976e-03 1.728086400108443665e-01 4.384557705195236271e-03 0.000000000000000000e+00 0.000000000000000000e+00 0.000000000000000000e+00 1.503437940234756687e-01 1.112202284462680824e-02
0.000000000000000000e+00 1.215539184193461242e-01 6.546281638360248491e-03 1.671093520843480338e-04 1.119701828355484062e-02 1.635679733182420978e-02 3.472909673301440708e-02 1.393857761199232825e-01 1.618213938156578754e-02 8.612884795011290645e-03 9.059850272175232590e-04 2.143446889337318959e-02 6.590951947747111794e-02 4.566496937637568032e-03 2.718078118610615934e-02 1.960546694439528961e-02 1.960969927274690619e-02 6.527997699461256069e-03 9.338069941200662083e-02 7.649072104401084815e-02 3.331051295435843301e-02 7.230527546970539439e-04 9.904805089900046988e-02 1.624622245158934275e-01 1.411330092693964013e-02
7.173426755204420809e-03 9.263026003252614049e-03 9.976841295175542523e-02 6.894621592966421707e-03 1.010718827490911520e-01 6.960554736209256625e-03 6.812206076521437614e-02 8.354816116256401359e-02 8.780987534787697280e-03 1.624864639772920357e-03 2.958459911375227111e-02 6.022931062574622685e-02 0.000000000000000000e+00 9.331513198248195251e-02 1.109617085185343188e-01 0.000000000000000000e+00 0.000000000000000000e+00 8.196675303282154219e-04 1.580595440042245614e-01 2.672782876375847608e-03 0.000000000000000000e+00 1.044882671581848221e-02 1.124891936179177494e-02 1.102420876703001131e-02 1.184273016130981820e-01
3.504819050731477342e-03 4.232825613457841946e-02 9.415548624465402278e-03 9.037894371044097449e-04 4.214124498069715674e-02 0.000000000000000000e+00 1.028491210815892232e-01 1.464361128449119531e-01 2.753347230511413515e-02 1.620962657973207266e-02 8.937138714827096153e-02 1.965536645908821239e-02 0.000000000000000000e+00 1.562436319864476952e-01 2.697088578906952153e-03 3.048285888395076658e-03 1.873420610456025997e-03 2.838894474377318469e-02 1.707094321782288981e-01 3.819664281060853803e-03 7.818913454592485435e-03 7.847305825319839112e-03 1.178550445805298490e-02 9.823376587019327921e-02 7.185297478289364922e-03
3.513733091566652051e-03 2.194115413311727505e-02 1.189242291593044926e-01 0.000000000000000000e+00 4.543025320632955444e-02 1.982310364066623698e-02 1.178146454524957865e-01 1.865518350404231640e-01 8.545815762572793114e-03 1.033233576912701152e-01 2.786715156929835124e-02 6.106030878328764892e-03 0.000000000000000000e+00 6.205325420925516047e-03 1.270555951268672462e-02 3.020816160888344440e-02 1.592947463328017385e-02 7.976617781997542844e-02 1.742642838442549358e-01 0.000000000000000000e+00 0.000000000000000000e+00 2.107970753462076047e-02 0.000000000000000000e+00 0.000000000000000000e+00 0.000000000000000000e+00
7.745225071883130030e-02 2.268717146545300989e-01 8.760292094280761836e-04 4.971030602693751440e-04 1.265649767371230527e-01 0.000000000000000000e+00 7.735503328014164959e-02 1.396059906541047835e-01 0.000000000000000000e+00 4.384711621924459318e-03 0.000000000000000000e+00 0.000000000000000000e+00 2.309973746638305583e-02 0.000000000000000000e+00 9.613675341610873615e-02 4.333906572636389044e-03 0.000000000000000000e+00 1.657524572985773215e-02 0.000000000000000000e+00 4.241148102576964424e-03 1.077327978509749935e-02 2.706115245264397156e-03 0.000000000000000000e+00 3.004805173020573192e-02 1.584779520155167043e-01
0.000000000000000000e+00 1.472229861499533589e-02 1.655579896601858461e-02 0.000000000000000000e+00 4.645146881991880743e-03 3.643875218858625645e-03 2.353165942839456279e-02 6.308370149641262699e-03 0.000000000000000000e+00 1.730502594850474168e-02 0.000000000000000000e+00 6.351803436748965082e-02 1.183352496729307007e-01 1.285785106220088958e-01 1.525899963536142268e-01 5.183093312137689772e-04 3.498389709528285096e-02 0.000000000000000000e+00 0.000000000000000000e+00 1.880778627301401065e-02 2.224515077393550769e-02 3.778810422480383124e-02 5.191024643811963102e-02 1.300696075668499596e-01 1.539429320723320616e-01
9.392609362159187736e-02 6.426616635664517130e-03 0.000000000000000000e+00 0.000000000000000000e+00 1.277079953907055976e-01 1.525442127488900179e-01 1.243549092517582527e-01 3.497583751725835514e-03 0.000000000000000000e+00 0.000000000000000000e+00 0.000000000000000000e+00 6.568355279012030173e-03 0.000000000000000000e+00 1.929904793323776804e-02 2.019855921152695077e-01 2.230141785254293255e-02 1.495861825292501418e-02 0.000000000000000000e+00 0.000000000000000000e+00 6.030039736037717119e-02 1.965126354091657670e-03 2.261680398010599072e-02 1.689940706210026891e-03 1.393707802191805796e-02 1.259202107439737206e-01
0.000000000000000000e+00 1.730776295732051329e-01 4.601837274405514572e-02 2.307679483253536820e-02 1.188966696240612297e-01 0.000000000000000000e+00 5.961258401311537308e-02 0.000000000000000000e+00 0.000000000000000000e+00 1.096596357154584617e-01 0.000000000000000000e+00 5.471922229839586323e-03 1.274346788438949184e-02 1.809810155987844754e-02 1.560637668783731447e-01 3.296234615631513098e-02 1.748087699174012471e-04 0.000000000000000000e+00 0.000000000000000000e+00 1.287640749193014016e-02 0.000000000000000000e+00 2.668602352043844203e-02 4.255380121072050575e-02 2.872153332554541055e-02 1.333061344702215489e-01
0.000000000000000000e+00 7.062130109603560746e-02 2.671782276028109721e-02 2.459661317927541724e-02 0.000000000000000000e+00 0.000000000000000000e+00 1.236252489097163232e-01 1.808527876903995996e-02 1.120406587823586861e-02 7.154329551741531179e-02 8.890892770969686595e-04 8.910356571782776861e-03 8.361464608918834501e-03 1.466390844665840798e-01 1.701969057369071281e-01 0.000000000000000000e+00 0.000000000000000000e+00 2.358466141982896828e-03 5.801531871047499456e-02 2.027122800353372244e-03 6.799574800607779967e-02 0.000000000000000000e+00 7.438816885725010701e-03 1.606326775895249859e-01 2.014132309457153727e-02
1.889259744579480094e-02 2.736552232271185700e-02 0.000000000000000000e+00 0.000000000000000000e+00 1.594919160535520908e-01 0.000000000000000000e+00 6.861175075098193028e-03 0.000000000000000000e+00 0.000000000000000000e+00 6.478564263414861302e-02 0.000000000000000000e+00 0.000000000000000000e+00 0.000000000000000000e+00 5.209973810782540793e-02 1.622667156502849428e-01 0.000000000000000000e+00 0.000000000000000000e+00 0.000000000000000000e+00 2.129055858135732726e-01 7.966675182612650147e-03 0.000000000000000000e+00 0.000000000000000000e+00 8.387483033610960981e-02 1.269954836266700693e-01 7.649411775161847615e-02
4.357390029942456028e-02 1.032186867816499570e-01 4.313263994845942945e-02 0.000000000000000000e+00 2.125236271228577167e-01 0.000000000000000000e+00 0.000000000000000000e+00 0.000000000000000000e+00 0.000000000000000000e+00 1.303954237164298494e-02 2.497857505830628627e-02 1.491133348404368028e-03 3.041448829895216158e-02 1.693697970047043644e-01 1.395708042037434871e-01 0.000000000000000000e+00 3.057864126221660969e-02 2.474744974477164836e-03 3.626863288566183237e-03 1.802692539725447548e-03 0.000000000000000000e+00 0.000000000000000000e+00 1.382446342702418063e-01 0.000000000000000000e+00 4.195922922662743276e-02
0.000000000000000000e+00 6.797132473597600200e-02 4.530071570579669027e-02 0.000000000000000000e+00 3.754496933001719855e-02 8.373973714414600228e-03 1.107157324935112847e-01 7.640789743011357563e-03 0.000000000000000000e+00 4.070999215583346481e-04 0.000000000000000000e+00 1.667736362209270087e-02 2.193826182634981640e-03 1.005371576325757160e-01 2.066991580860654265e-01 0.000000000000000000e+00 0.000000000000000000e+00 2.307551216583269221e-06 2.182424283218998683e-03 2.058954934162591371e-02 5.374930267078276841e-02 0.000000000000000000e+00 2.351880575408888535e-02 1.778187732592967640e-01 1.180767259721156870e-01
0.000000000000000000e+00 3.337758349542940817e-02 0.000000000000000000e+00 2.438891424610231673e-02 2.155416194971420674e-01 0.000000000000000000e+00 1.744448258645436346e-04 1.351192601168884622e-01 0.000000000000000000e+00 5.187358649759722662e-02 3.805090195598925199e-03 0.000000000000000000e+00 2.131133967326234637e-03 1.693301142108002977e-01 1.216488608271162897e-01 1.511653181012212119e-02 0.000000000000000000e+00 0.000000000000000000e+00 0.000000000000000000e+00 0.000000000000000000e+00 1.492522316194653045e-02 2.442656338198250995e-02 2.133044752037287217e-02 1.625757785358344365e-01 4.234847709875861135e-03
4.239560688886509499e-02 2.496223590955002070e-01 7.237485726170955758e-02 1.718982534402834286e-02 2.356601449909519544e-02 0.000000000000000000e+00 1.216588470534927524e-01 0.000000000000000000e+00 2.748488239421924880e-03 9.324105722466387997e-03 1.288902219630317812e-03 0.000000000000000000e+00 7.062893483379510673e-03 9.386949652543888356e-02 1.432049012621890161e-01 0.000000000000000000e+00 1.654329776831736697e-03 1.196950612003428761e-02 0.000000000000000000e+00 9.035313668004009424e-03 0.000000000000000000e+00 1.672223215912586609e-04 1.060371501558905749e-01 1.229669308226381992e-02 7.453348728016707947e-02
0.000000000000000000e+00 3.807907699998752671e-03 6.605880549918229094e-02 3.727715728006935052e-03 5.398073707667527810e-02 0.000000000000000000e+00 0.000000000000000000e+00 1.463463492456175130e-01 0.000000000000000000e+00 7.694806742480286236e-04 8.419353552660024595e-03 5.216355160581010592e-02 1.026869753309380406e-01 1.602258378607351597e-01 1.882779190062663921e-02 1.021356266785768997e-02 0.000000000000000000e+00 1.017271683484497792e-02 2.063070683791207865e-02 0.000000000000000000e+00 0.000000000000000000e+00 0.000000000000000000e+00 1.970998353786352925e-03 3.334956427551094005e-01 6.501866375990602610e-03
1.719464436798633263e-03 1.941645360324149167e-02 2.315518498930051530e-02 0.000000000000000000e+00 4.929287947173530138e-02 2.218513024631958708e-02 9.462370353390679723e-02 0.000000000000000000e+00 0.000000000000000000e+00 1.026702919965073301e-03 0.000000000000000000e+00 5.334228659904319964e-02 0.000000000000000000e+00 1.338186499852018763e-01 2.254324374969978173e-01 0.000000000000000000e+00 0.000000000000000000e+00 0.000000000000000000e+00 2.020149245596310900e-02 0.000000000000000000e+00 6.461517387050992600e-02 1.695355917796147411e-03 5.572838200946047225e-03 2.839022462722745055e-01 0.000000000000000000e+00
0.000000000000000000e+00 8.420522787636668116e-02 1.994595264361214218e-02 1.712285872652084123e-02 1.324799811495997182e-01 0.000000000000000000e+00 2.664125164027801151e-03 1.990604643699492304e-02 0.000000000000000000e+00 5.310196150100594597e-04 2.677077276607475742e-02 5.844024120246152365e-02 0.000000000000000000e+00 1.582785435557935300e-02 2.586793020680569488e-01 6.162436638328507542e-03 0.000000000000000000e+00 0.000000000000000000e+00 1.668808616498526354e-01 1.872632306781501620e-03 0.000000000000000000e+00 1.734405626792936278e-02 1.362454698734181027e-02 1.237171279567701038e-01 3.382495618869133663e-02
2.220233467580210937e-03 2.832003401506840833e-03 1.394733839510628546e-03 6.830214853260115591e-03 0.000000000000000000e+00 3.634726081414347415e-02 8.027999094084047049e-02 1.332606410186604196e-01 6.967023768612091213e-04 4.792186323488469013e-02 6.683297622208769773e-02 1.783768238845468562e-02 2.459538885180440060e-03 1.225316372581966989e-01 5.841877949204613701e-02 1.018123823755258672e-01 0.000000000000000000e+00 0.000000000000000000e+00 0.000000000000000000e+00 6.230288792411070413e-03 0.000000000000000000e+00 4.881592891814725936e-03 5.382917591913750736e-03 1.884149398231770300e-01 1.134136203319439928e-01
0.000000000000000000e+00 2.432143409771133497e-02 1.297445412429880894e-02 0.000000000000000000e+00 7.609390582128218450e-02 4.918617974490162303e-03 1.197064158910779996e-01 0.000000000000000000e+00 0.000000000000000000e+00 1.796751612862793751e-02 4.318639931322152542e-02 1.209195803059816060e-03 0.000000000000000000e+00 1.265807130779879885e-01 1.262823977672191678e-01 2.431169758660479269e-02 0.000000000000000000e+00 0.000000000000000000e+00 1.689065248602245606e-01 5.177291366895692311e-03 4.784578427166093217e-02 8.443543790750835656e-04 1.989123760348954564e-02 1.153310379538917962e-01 6.445102197918055331e-02
2.888052947638585118e-03 7.833020439023802989e-03 8.215948755193108743e-02 1.315088651589082502e-01 7.496387969102726034e-02 0.000000000000000000e+00 1.446784205655990974e-01 3.638411565615886495e-02 8.300721468387074406e-03 9.918686360915631925e-03 3.185578828122070916e-04 4.670293559083783796e-02 0.000000000000000000e+00 6.478359126488437980e-02 2.086048052534597921e-02 1.437882611253856781e-02 1.998052375999538957e-03 4.713141180948866166e-02 1.555669572138042821e-02 7.375806935082993010e-02 0.000000000000000000e+00 0.000000000000000000e+00 0.000000000000000000e+00 1.443787156488869350e-01 7.149741387740585208e-02
1.010358695179432512e-02 2.616835508374589989e-02 2.118514555476974648e-02 1.100322260187896507e-02 1.424298908566070387e-01 0.000000000000000000e+00 9.685690657049409943e-03 1.259347010217440332e-01 3.446779075746508967e-03 0.000000000000000000e+00 1.940886035540269686e-02 6.778118845075269128e-02 0.000000000000000000e+00 2.982846404502123919e-02 2.000485864395273178e-02 9.868285229951485882e-02 0.000000000000000000e+00 6.796447926141591100e-03 0.000000000000000000e+00 3.748798335234997808e-02 2.544652812181164014e-02 5.834440932693592263e-03 4.000274908586845361e-03 2.263948946457895461e-01 1.083758345146466351e-01
5.625424701060080523e-02 1.117294700380178363e-01 1.150599716512107525e-02 8.424118775513139354e-03 5.017469736559672377e-02 0.000000000000000000e+00 1.076625045597362634e-01 2.406136179767488564e-04 0.000000000000000000e+00 4.150176158129949278e-02 3.332371234871361887e-02 1.055499034059142680e-02 2.746665251649870777e-03 3.520206628863833953e-03 1.465724848657689872e-01 1.148643384000889583e-01 0.000000000000000000e+00 3.708467190621139112e-03 0.000000000000000000e+00 0.000000000000000000e+00 1.642423281538830070e-03 1.048829315079859853e-02 9.783078337735258770e-03 1.077317753400636527e-02 2.645287525557611374e-01
0.000000000000000000e+00 5.240514705026011466e-03 1.903472987938717442e-02 2.624944888441393953e-02 2.024912384786791419e-01 1.320293344404166631e-02 3.050655257025381220e-03 3.112811877479209482e-02 0.000000000000000000e+00 8.813737724861417377e-02 0.000000000000000000e+00 6.467074701729451196e-03 0.000000000000000000e+00 8.396696275766090886e-03 2.179918288613560962e-01 0.000000000000000000e+00 0.000000000000000000e+00 0.000000000000000000e+00 3.194509533784520988e-02 0.000000000000000000e+00 3.133747243225538243e-02 4.476453709931877203e-03 4.180627861621235425e-02 2.595516562308477493e-01 9.492427162076185268e-03
0.000000000000000000e+00 8.788130863277604510e-02 0.000000000000000000e+00 0.000000000000000000e+00 1.247022811630439237e-01 1.500422128552027223e-02 0.000000000000000000e+00 1.004412556692220286e-02 1.949547284340097516e-03 6.241146623279019041e-03 8.934098282489970344e-03 1.909157051652125153e-02 6.044556652624741983e-02 6.930900431408631990e-02 1.878410249748057870e-01 0.000000000000000000e+00 0.000000000000000000e+00 5.612040576147599158e-02 6.937978467976814445e-02 5.436580289249846182e-02 0.000000000000000000e+00 0.000000000000000000e+00 0.000000000000000000e+00 1.337051933779239143e-01 9.498491811830120368e-02
0.000000000000000000e+00 7.922775810176054673e-03 7.242156148418686656e-02 0.000000000000000000e+00 1.391984737172385078e-01 1.013006595514253094e-01 1.116569826591458925e-01 0.000000000000000000e+00 2.013171793249865331e-03 3.786416618872328471e-02 0.000000000000000000e+00 3.482084933092066594e-04 0.000000000000000000e+00 1.914126098475414997e-02 1.926826224415641720e-01 0.000000000000000000e+00 0.000000000000000000e+00 4.271925257152488914e-02 9.734510659599089621e-02 1.794412598901423683e-02 6.945837072830616382e-03 0.000000000000000000e+00 0.000000000000000000e+00 3.865231993275567574e-02 1.118434747141103108e-01
1.280565292493957182e-02 6.119971784147203164e-02 9.746693183662223647e-02 9.814467464908752103e-02 5.610571205161413860e-02 1.003637971672445978e-01 9.014541645770535183e-02 2.669361909829127272e-02 5.379595547386024218e-02 0.000000000000000000e+00 3.975078802215910312e-02 1.495214792546976576e-02 0.000000000000000000e+00 2.443465349599168585e-02 2.237068596479889829e-03 2.472187408433039468e-02 7.358649836749196933e-03 9.125412025276397054e-02 1.644459944562549625e-01 0.000000000000000000e+00 0.000000000000000000e+00 0.000000000000000000e+00 1.764381643856686999e-02 0.000000000000000000e+00 1.647940939039722191e-02
3.635016122856253844e-03 1.505728255398284809e-01 7.274799698396598735e-02 0.000000000000000000e+00 9.830791316720072226e-02 8.784245145571176194e-03 3.926276435157524669e-02 2.668006473467686435e-02 0.000000000000000000e+00 1.042902809003847797e-01 1.993002019737405081e-02 3.823841636789367809e-02 0.000000000000000000e+00 1.647013371589148636e-02 1.661972272502621750e-01 4.287731082244435749e-02 1.303182224546218376e-03 0.000000000000000000e+00 1.864083566371981665e-02 0.000000000000000000e+00 1.024467622646975037e-03 0.000000000000000000e+00 3.109308073607169876e-02 1.964625574390147997e-02 1.402979627091885673e-01
8.195501193393472678e-04 0.000000000000000000e+00 2.346934195091834874e-02 0.000000000000000000e+00 0.000000000000000000e+00 0.000000000000000000e+00 1.171682934140127474e-01 1.302237742502112584e-02 3.209203478583713687e-02 9.145754362595281961e-02 7.048560699908261278e-03 4.361159324108388607e-02 1.728818100178216299e-01 6.812288670330340912e-02 1.608213501698867731e-01 1.801046807221223095e-02 0.000000000000000000e+00 3.582398377123647421e-02 0.000000000000000000e+00 0.000000000000000000e+00 1.876493718317893966e-02 0.000000000000000000e+00 0.000000000000000000e+00 1.745805386670089832e-01 2.230473015327799971e-02
0.000000000000000000e+00 2.021393896213665234e-02 1.621370204313871480e-02 9.908886169951333645e-02 9.651148281052214506e-03 0.000000000000000000e+00 1.894845587699826514e-02 1.316427081837615032e-01 0.000000000000000000e+00 2.144154240818248874e-02 1.316683634926963352e-02 4.556324279390311371e-02 8.349248848444143153e-03 1.085229099563822797e-01 5.756663627899898106e-02 7.004643417188518174e-04 3.368866653314964935e-03 2.215003979395855326e-03 1.658754538016261326e-01 0.000000000000000000e+00 0.000000000000000000e+00 1.914903090428059229e-02 6.095915239017365289e-02 1.665641403907442142e-01 3.079865585696433747e-02
5.998442000692736503e-02 5.072909845661151967e-02 4.092107142423103555e-02 2.025356111859120262e-02 2.984417724416389001e-02 0.000000000000000000e+00 1.806126594103672073e-02 1.195783587580498408e-01 1.056558154567552310e-02 0.000000000000000000e+00 0.000000000000000000e+00 0.000000000000000000e+00 6.192879571009732298e-02 1.306229227880053440e-02 1.003788571306615529e-01 1.208845869275865931e-01 1.014436042394262867e-03 3.099960976746967290e-03 1.640244465767572712e-01 3.833700577866102840e-03 1.716765091721609432e-02 3.666685337184939948e-03 1.886588410275406510e-02 1.930639114412461069e-02 1.228287777825225885e-01
0.000000000000000000e+00 2.503071086315898364e-01 5.004801462696541192e-02 3.665860613959539410e-02 2.994077579879164674e-02 0.000000000000000000e+00 3.174005342907119248e-02 0.000000000000000000e+00 0.000000000000000000e+00 0.000000000000000000e+00 8.396758414248341185e-02 1.739594000215488254e-02 9.606765744785623895e-02 2.983579362278240138e-02 3.203511966150792561e-02 1.854189605669189639e-02 0.000000000000000000e+00 0.000000000000000000e+00 1.816640488254676611e-01 1.106575856481342018e-02 2.076229932060400657e-02 0.000000000000000000e+00 7.460867658155331816e-02 3.014094516796916520e-02 5.219721980102054286e-03
0.000000000000000000e+00 3.271941669560844007e-02 3.259126329193354210e-02 0.000000000000000000e+00 0.000000000000000000e+00 3.156178008445795213e-03 1.068056052894373192e-01 1.373527998176929943e-01 0.000000000000000000e+00 0.000000000000000000e+00 0.000000000000000000e+00 1.661860921741303496e-02 2.966247505550726610e-02 1.269176810528013788e-01 0.000000000000000000e+00 2.718773381138114408e-03 0.000000000000000000e+00 3.312557530364390688e-03 1.762355879688072557e-01 1.112130671735370689e-02 7.900520871783078825e-02 0.000000000000000000e+00 2.755988490497899082e-02 1.527293975625525213e-01 6.149325478813436746e-02
0.000000000000000000e+00 6.703891158542933659e-02 1.165325200538621557e-03 0.000000000000000000e+00 2.141010321409047776e-02 0.000000000000000000e+00 2.008597785394269086e-01 6.757834741890429622e-04 1.624533252591185695e-02 8.894577575812205594e-02 0.000000000000000000e+00 2.095908762381367557e-02 1.690999029904714443e-02 4.594935564749254298e-02 1.553052224454860297e-01 0.000000000000000000e+00 3.956520451750873517e-03 5.377921976026390702e-03 1.610657659540820075e-01 0.000000000000000000e+00 1.151522787230034595e-02 1.672597820348135673e-04 0.000000000000000000e+00 9.975361366661875118e-02 8.269902398363911111e-02
3.566805396148173875e-03 7.528712620339411687e-02 0.000000000000000000e+00 5.262766216484537430e-04 0.000000000000000000e+00 1.677512752514722164e-02 5.648694523894629005e-02 1.297701718647436275e-01 0.000000000000000000e+00 3.512011469050222573e-02 6.392226195242029126e-03 1.100634981701675841e-02 1.704510056153858482e-03 2.050719213869430790e-01 1.394269482486042155e-01 0.000000000000000000e+00 9.355889781167270672e-03 0.000000000000000000e+00 8.562378256474567975e-03 9.493847924414848191e-03 0.000000000000000000e+00 0.000000000000000000e+00 6.852769074486114199e-03 2.082095066230442715e-01 7.639108509592272556e-02
6.804268839308171002e-02 4.406413024217903374e-02 7.838987744756227560e-02 0.000000000000000000e+00 1.277384808641689740e-01 0.000000000000000000e+00 0.000000000000000000e+00 1.363658043972444667e-01 0.000000000000000000e+00 1.201004526638656082e-02 3.273863782972083469e-02 6.271554994327393356e-03 3.022429950506717693e-03 1.646962271654445475e-01 0.000000000000000000e+00 1.526881173479753247e-03 0.000000000000000000e+00 0.000000000000000000e+00 1.711090981203061134e-01 1.416758054365359863e-02 8.333543341913605615e-03 0.000000000000000000e+00 3.748271129673736574e-02 0.000000000000000000e+00 9.404030897328703731e-02
6.855638577852631033e-02 5.362634185713338608e-02 5.258674734984949278e-02 9.247959013313334850e-03 2.163080905627448869e-01 0.000000000000000000e+00 1.703581587507480011e-02 0.000000000000000000e+00 1.027285157850613660e-02 7.819003371222701948e-02 3.290238757294258048e-02 0.000000000000000000e+00 0.000000000000000000e+00 5.480297958176649775e-02 1.863661074170322729e-01 2.836685811231531851e-02 0.000000000000000000e+00 0.000000000000000000e+00 1.658691047964158394e-01 5.243809074641846840e-03 0.000000000000000000e+00 3.179249262030045108e-03 7.256030324298467539e-03 6.753214768933768876e-04 9.513926654288370685e-03
