1.184400684549612032e-01 1.008792669126138547e-01 1.336306950478017563e-01 1.067491295313644784e-01 0.000000000000000000e+00 1.164842658753947463e-01 0.000000000000000000e+00 8.900474216231902408e-03 0.000000000000000000e+00 3.578260319354467645e-02 1.743595588017158790e-02 4.892225315667569213e-02 1.375937455336292449e-02 0.000000000000000000e+00 1.825395380805165668e-01 0.000000000000000000e+00 3.109429554270990922e-02 6.595721220232506066e-02 4.882584601930797449e-03 1.454228275039485575e-02
1.411019188191640628e-01 0.000000000000000000e+00 0.000000000000000000e+00 1.321164468441586859e-01 1.111365078564749594e-02 7.088333734454410617e-02 1.712050911697878680e-02 1.362402133108563673e-01 0.000000000000000000e+00 1.051122555645541204e-02 2.469699069554625454e-02 1.687095686119373938e-01 0.000000000000000000e+00 0.000000000000000000e+00 0.000000000000000000e+00 7.160705481473478122e-03 0.000000000000000000e+00 8.629733427017588498e-02 3.054017582990417243e-02 1.635079233331577786e-01
2.168731831588949222e-01 1.128802892691968263e-01 4.919685576775796598e-02 5.061355870503993909e-02 1.339791563871708946e-01 1.497708405241875707e-01 0.000000000000000000e+00 3.272392914159698296e-02 0.000000000000000000e+00 0.000000000000000000e+00 1.548032194279417260e-02 1.912533597009562561e-02 0.000000000000000000e+00 0.000000000000000000e+00 2.651865493334397850e-03 3.028688308204196059e-02 0.000000000000000000e+00 0.000000000000000000e+00 1.862339261934858603e-01 1.838543644027373740e-04
1.402160863875217059e-02 1.084766970039203332e-02 4.896751954579696073e-03 5.185419330943608768e-02 6.771968120166436955e-02 3.449413645118583338e-02 1.495788946869601801e-02 5.042132987994190317e-03 1.267115929369301564e-01 2.027399246247670386e-02 1.470130538287837130e-01 1.699033859665137203e-01 5.767098431690460131e-02 0.000000000000000000e+00 1.066432657220819837e-03 5.541563191416517403e-02 1.411732938188698348e-03 7.273673325000386269e-02 1.228857441187487798e-01 2.107665189736321679e-02
1.773865348965768945e-02 1.459965982596654090e-02 1.493974436524393712e-02 3.585962672194895756e-02 0.000000000000000000e+00 1.332737898820640643e-01 1.585070707095229126e-02 3.599488732006848879e-02 3.173207522134185304e-02 0.000000000000000000e+00 9.009095740912761649e-03 1.733100002749117519e-01 1.258782162011718164e-01 5.514122347353737907e-02 8.057358429397634692e-02 0.000000000000000000e+00 1.564228987428228565e-02 2.092949963847356293e-02 7.383389205074809836e-02 1.456930545547419908e-01
1.141794545087194412e-01 1.293855799309310828e-01 1.199512223008877485e-02 0.000000000000000000e+00 2.561398180001056915e-02 2.144810039378737196e-02 0.000000000000000000e+00 9.487946451785748275e-03 1.230789909123160691e-01 2.757422349729488423e-02 1.134215495953537212e-01 4.587893345859760108e-02 2.885421645592775846e-03 1.624814354972858215e-04 3.663943769124718836e-02 4.776648408928693690e-02 0.000000000000000000e+00 8.458816340687498603e-02 2.031477895256676991e-01 2.746339426947819965e-03
5.165700654312278470e-03 8.989838039558328830e-02 0.000000000000000000e+00 9.980722173390266239e-02 9.770929031469369197e-02 1.693819945144889039e-01 2.048310531462862235e-03 7.284131791329683317e-03 7.442225341705827925e-03 5.084203819477038991e-03 2.622271753742870873e-03 1.521867922658291516e-01 3.232833301040871632e-02 0.000000000000000000e+00 0.000000000000000000e+00 1.760270551381230147e-02 0.000000000000000000e+00 1.491866273753189309e-01 3.490067200108434159e-02 1.273511389828475004e-01
1.613322097240597053e-01 9.644279571735774048e-02 7.566287829209065660e-03 2.762119700714467038e-02 9.717374295364422654e-02 8.942881797755304271e-03 0.000000000000000000e+00 1.466677773244918874e-02 0.000000000000000000e+00 0.000000000000000000e+00 6.143311346354439484e-02 1.547482690335010846e-01 0.000000000000000000e+00 6.387604614020332694e-03 8.057801958734470138e-03 0.000000000000000000e+00 6.284850580984075764e-03 4.034014874046735338e-02 1.701511444542434248e-01 1.388511743928848297e-01
1.433017229669971554e-02 0.000000000000000000e+00 2.748350135353098272e-02 1.270410922225348738e-01 1.190406304362127965e-02 2.361466408618060134e-02 9.388786424371971251e-03 3.472232000598434939e-03 1.089748033221811796e-01 0.000000000000000000e+00 9.345785718196933378e-02 0.000000000000000000e+00 1.406891115151486238e-01 0.000000000000000000e+00 7.582780761235451139e-02 8.465747429461920048e-03 3.379329001788145687e-02 7.778408425278443561e-02 7.573377810303759394e-02 1.680390091376431916e-01
1.329572731364318527e-01 1.670733236874336058e-01 2.164782663364695631e-02 1.058411594381685611e-01 3.556105267425893612e-02 7.311950115077610335e-02 2.393081781620423967e-02 5.514749580222795544e-02 0.000000000000000000e+00 4.290830574050603745e-03 2.602617644857523060e-03 4.668436867579402183e-02 0.000000000000000000e+00 1.731500018958760656e-02 1.054537405278897257e-02 1.109175577863672213e-01 0.000000000000000000e+00 1.922089559683168650e-02 6.231357945822214861e-02 1.108313256823518778e-01
2.785675595807537291e-02 4.811441204646101089e-02 1.022660712854289028e-02 1.196547304984099808e-01 3.758750787812997068e-03 1.708302453480886607e-02 1.630603983289121567e-02 0.000000000000000000e+00 1.328498146271274993e-01 1.326829986235844583e-02 9.632062805806618742e-04 1.507084152978696856e-01 1.121005938833514876e-01 0.000000000000000000e+00 1.711334211655438364e-01 1.730116736862511231e-02 0.000000000000000000e+00 1.059035241279780160e-01 4.560588838800273825e-02 7.165348211560410019e-03
4.112876451595429833e-02 9.340053197402403695e-02 5.973065124229275102e-02 7.651640740891896796e-03 4.714281620052758470e-02 8.150259822062880244e-02 8.505695557233819383e-04 0.000000000000000000e+00 3.505869931367101150e-02 1.433347733071668869e-03 1.255552822683830005e-01 1.680007215888486838e-01 0.000000000000000000e+00 5.942617210955458001e-02 1.637440147419072511e-01 1.662943299527075295e-03 0.000000000000000000e+00 4.131848218074587326e-02 0.000000000000000000e+00 7.239276431424812586e-02
4.244096516453009504e-02 1.143794471866565188e-01 1.061167152379073608e-01 9.969544035802166415e-02 1.498967999722942805e-02 2.316831647270433392e-01 0.000000000000000000e+00 2.542337792547060341e-02 2.353879949664561960e-02 1.388007294606203798e-02 1.224985646864133887e-01 1.508991274079030664e-01 0.000000000000000000e+00 0.000000000000000000e+00 2.727425746432723605e-02 0.000000000000000000e+00 0.000000000000000000e+00 0.000000000000000000e+00 0.000000000000000000e+00 2.718038740178971291e-02
1.066938429517988729e-01 2.419192976142568036e-02 3.355420351476936375e-02 1.569922504526788734e-02 1.697116617964571431e-02 1.760492160333005651e-01 7.343797078971257830e-02 2.301847054254002947e-02 0.000000000000000000e+00 0.000000000000000000e+00 3.507304963073347437e-02 1.314897286989996639e-01 3.855410482949003792e-02 4.578004366681332968e-03 8.461967224413913247e-02 9.104123448845093114e-02 1.641139051587173908e-02 1.624560393090358767e-02 1.123711864762694523e-01 0.000000000000000000e+00
9.103202235673293896e-02 0.000000000000000000e+00 7.389661546452467970e-03 1.206958599348179201e-01 4.508490755699086361e-02 5.592441510385835757e-02 0.000000000000000000e+00 1.101824912055098492e-02 6.785260435011922220e-02 0.000000000000000000e+00 1.764190650992181891e-02 1.513247927901825995e-01 4.791473313164777703e-02 1.157084240051512239e-02 1.812900344144041109e-01 1.165229503226470828e-02 4.093680368813101822e-02 4.357677796822716221e-03 1.117555776271178386e-01 2.255761663946946952e-02
0.000000000000000000e+00 0.000000000000000000e+00 0.000000000000000000e+00 1.021690599041009812e-01 0.000000000000000000e+00 1.351879687130370378e-01 3.271130267667694130e-03 1.064736907706042603e-02 4.749072954561765758e-02 0.000000000000000000e+00 2.152798579285987446e-01 4.800800159368098785e-02 5.560307456682354182e-02 0.000000000000000000e+00 0.000000000000000000e+00 0.000000000000000000e+00 4.510317489384477185e-03 3.349466945660479339e-03 1.816894491446817139e-01 1.927935748236862812e-01
0.000000000000000000e+00 0.000000000000000000e+00 2.107852821470640459e-02 0.000000000000000000e+00 1.110289924220748681e-01 2.772846368960342756e-01 1.530693397468009184e-02 3.444918998862993992e-02 6.303783258305732662e-02 0.000000000000000000e+00 1.791090779735681204e-01 1.671675730341251956e-02 0.000000000000000000e+00 0.000000000000000000e+00 0.000000000000000000e+00 0.000000000000000000e+00 8.089278793811962437e-03 0.000000000000000000e+00 1.901373180039984401e-01 8.376145384602612376e-02
1.423609214182081951e-02 4.605310548104335489e-02 0.000000000000000000e+00 1.849638893618698460e-02 8.986524320695809392e-03 9.981069088871141748e-02 8.821689130457562034e-03 2.640431442912975421e-02 0.000000000000000000e+00 0.000000000000000000e+00 8.178370275436054604e-02 1.546993673214404341e-01 7.519891092312286363e-02 4.121889301656253904e-03 2.282465260995259759e-01 0.000000000000000000e+00 0.000000000000000000e+00 3.326011714021690630e-02 3.512506702012610504e-02 1.647556141115052442e-01
1.848300053843892135e-02 9.673472020831599960e-02 5.897209883597739725e-03 1.219704660790391498e-01 7.783196171980848177e-02 2.556599611716055525e-03 2.206254935947279602e-02 0.000000000000000000e+00 0.000000000000000000e+00 1.829783018323051513e-02 1.316991081998942215e-01 4.710611265605969822e-02 3.747995816500752225e-02 0.000000000000000000e+00 1.854959267296380776e-01 5.029395729745168679e-03 2.121277125742839290e-02 8.629962376934798007e-02 8.622547803243885145e-02 3.561728787682043318e-02
1.131773151501138221e-03 7.937825481441559278e-03 1.101685832740621589e-02 3.243610042660564213e-02 6.393725481840102642e-02 7.819502716376571655e-03 0.000000000000000000e+00 3.694224266081704705e-02 3.180703864250485069e-02 0.000000000000000000e+00 1.498545980506772457e-01 2.273784069264189397e-02 3.194314700629901499e-02 5.758124764560547393e-02 0.000000000000000000e+00 3.986274042985220312e-02 1.749999625356136665e-02 4.017223259096235066e-02 1.725418987082597000e-01 2.747777023970867649e-01
1.108504219857520262e-01 3.858832529085359786e-02 2.708303782923597233e-02 2.014559466973666613e-01 0.000000000000000000e+00 2.354119757477251065e-02 1.834840254181564420e-02 0.000000000000000000e+00 9.474597357625083593e-03 0.000000000000000000e+00 5.390640182683497511e-02 1.535845340552742244e-01 3.637944416781810830e-04 0.000000000000000000e+00 1.864242431376655629e-01 0.000000000000000000e+00 0.000000000000000000e+00 0.000000000000000000e+00 1.115458642168461745e-01 6.483323304427945910e-02
8.243622296481364908e-02 4.150165859851333294e-02 2.292115786266061411e-02 6.154786374416034572e-02 9.035280295878678897e-03 3.214087645984265579e-02 0.000000000000000000e+00 4.816900081368132719e-02 0.000000000000000000e+00 0.000000000000000000e+00 8.425839252274422778e-03 1.855691956158845024e-01 1.471753344152207203e-02 6.608587021422534721e-04 1.552376991394494726e-02 3.456805058521202935e-03 6.585607758707049710e-03 1.011562513938658175e-01 3.792101490831321919e-02 3.282310632152740104e-01
2.558433088207544281e-03 0.000000000000000000e+00 3.190705300581508225e-02 1.108632725263662688e-01 0.000000000000000000e+00 1.660174855706724462e-01 0.000000000000000000e+00 0.000000000000000000e+00 0.000000000000000000e+00 7.645758073831150636e-02 1.488589989816096470e-01 5.097473547375172553e-02 4.882951333500301985e-03 0.000000000000000000e+00 4.563776218478606678e-02 0.000000000000000000e+00 0.000000000000000000e+00 4.108775214197021158e-02 2.455346458456708347e-01 7.521932910933826211e-02
4.332121349151360143e-03 2.044548034713821252e-02 2.662162310067337292e-02 5.469800727851573119e-02 1.181688625858161729e-01 2.178667415428057752e-01 0.000000000000000000e+00 1.076041279773666259e-01 0.000000000000000000e+00 0.000000000000000000e+00 7.197360136396420069e-03 4.352780903341640223e-02 8.763032160695152784e-02 5.833835909340437907e-03 5.443717056274920141e-02 0.000000000000000000e+00 0.000000000000000000e+00 0.000000000000000000e+00 1.784397274663275801e-01 7.319681110335120311e-02
1.418235888127791777e-01 1.411028152753539093e-02 1.246668821378639838e-02 1.079617630360004271e-01 8.417693269445490406e-04 1.444179345291712879e-01 9.914020785779563763e-03 4.125413203225924280e-02 1.299685018909856830e-03 3.844757275932177143e-03 1.125544231076077394e-02 0.000000000000000000e+00 2.812660207509908375e-03 3.251825456679736936e-02 0.000000000000000000e+00 1.082299079815676190e-01 6.014319549624392615e-03 6.029750281888576063e-02 2.856676846381246415e-01 1.526960736763149397e-02
0.000000000000000000e+00 3.440990368629934931e-02 3.175282038597648706e-03 8.382456787517908242e-04 5.770301626864875189e-02 3.902338251362701821e-02 6.397237253565324182e-03 1.745776408892806214e-03 1.222084400949188104e-01 9.999336521056920168e-02 1.288178687797720823e-01 9.775105492905766802e-02 0.000000000000000000e+00 0.000000000000000000e+00 1.186119840137773301e-02 4.869727817508535950e-02 1.336357914225504151e-02 8.662814907053764668e-02 2.114395079396068355e-01 3.594671440843696247e-02
2.759301916304479629e-02 8.646987358281223168e-02 0.000000000000000000e+00 1.027063929564397127e-01 3.556986153196671496e-02 9.313353327549281357e-02 1.954952496647814966e-02 0.000000000000000000e+00 0.000000000000000000e+00 0.000000000000000000e+00 3.406707169135754498e-02 2.380049393549181769e-01 3.358185380872087678e-02 0.000000000000000000e+00 1.689907668234605642e-01 1.156877927317838915e-02 0.000000000000000000e+00 2.246308546715556145e-02 1.263012981049744798e-01 0.000000000000000000e+00
1.413030376452069914e-01 0.000000000000000000e+00 2.052387090826481714e-02 0.000000000000000000e+00 5.046879515722658971e-02 2.061548562624344605e-01 0.000000000000000000e+00 8.619356014893139739e-02 4.840674376610840275e-03 0.000000000000000000e+00 7.442663226144348443e-03 3.173647351606592292e-03 0.000000000000000000e+00 0.000000000000000000e+00 0.000000000000000000e+00 0.000000000000000000e+00 2.796905145341728460e-02 9.905054135073748569e-04 3.390612264574174306e-01 1.118781115992319303e-01
4.472276812216317843e-02 2.926515265268510996e-02 1.013643890878672058e-02 8.150988772023692874e-02 1.033752404165760447e-01 4.505994466044219854e-02 3.074297145207331716e-02 1.091150450728226168e-01 5.839282776044284716e-03 4.649727811584208892e-02 3.720998234134802879e-02 1.508201416581551602e-01 5.726211405804553086e-04 0.000000000000000000e+00 6.873816378516951113e-04 1.536852545572041547e-02 2.276110542850208820e-02 9.551013164440123882e-02 1.233966881306016034e-01 4.740941266516671138e-02
0.000000000000000000e+00 1.206219187764002304e-01 9.639546843105377405e-02 1.662382592833596962e-01 1.658014756449659524e-02 3.741440606342405929e-03 2.065894092447346717e-02 0.000000000000000000e+00 2.609123664972062134e-02 0.000000000000000000e+00 5.091827499329562232e-03 1.447894599316786601e-01 1.237371110570668550e-02 4.937995271546434355e-03 1.775305423884108447e-01 1.601990224104957172e-02 1.659082909769420480e-02 1.147700598518884424e-01 8.304788217690909150e-03 4.926347215915793248e-02
6.851738775919297142e-02 8.742534849382850234e-03 0.000000000000000000e+00 6.899854056351732712e-02 1.043648346845304749e-03 0.000000000000000000e+00 0.000000000000000000e+00 0.000000000000000000e+00 8.936109934216403261e-02 0.000000000000000000e+00 1.521151654715185708e-01 1.689610951996534105e-01 1.006565048503268826e-02 0.000000000000000000e+00 2.357923143399554833e-01 2.949343802563266642e-02 0.000000000000000000e+00 1.922257617315194927e-02 1.476865494439527082e-01 0.000000000000000000e+00
1.577438542973735522e-02 5.459172952294458550e-03 2.057933525144748504e-02 1.010474166113060901e-01 0.000000000000000000e+00 1.346362380494088018e-01 5.671369753490514143e-02 3.527300443283025878e-03 3.824255113040071069e-02 5.408010210630331306e-03 0.000000000000000000e+00 1.585503391742397461e-01 1.315820046257571005e-03 8.177106423168031146e-06 1.873318138499545718e-02 1.032459474560496610e-01 4.037356578267890100e-02 1.481391557537888905e-02 2.815709458605631932e-01 0.000000000000000000e+00
1.993507825871086714e-02 8.535808256782609349e-02 0.000000000000000000e+00 0.000000000000000000e+00 1.180185813612196627e-01 6.966600000042379170e-02 6.195514408618673502e-02 2.836511873362454819e-02 1.402483531152381724e-01 3.103380464250988374e-02 1.564753996772092204e-01 5.992697672506374501e-02 0.000000000000000000e+00 0.000000000000000000e+00 2.503801307118605490e-02 0.000000000000000000e+00 0.000000000000000000e+00 1.414288530844110686e-02 1.838218084967544186e-01 6.014753955605593207e-03
6.145455325556443277e-02 9.233429822597268022e-02 2.379323714776896900e-02 2.426310966124796409e-02 1.222249275256521578e-01 1.643630375973114954e-01 3.661992327236482381e-02 6.067714277063580505e-03 0.000000000000000000e+00 0.000000000000000000e+00 2.856307783632443600e-02 1.700797415612895214e-01 7.016173512396518819e-02 0.000000000000000000e+00 1.369729798434321001e-02 4.025096233086297715e-02 0.000000000000000000e+00 1.693801179924920436e-02 1.291883724010192691e-01 0.000000000000000000e+00
8.409081002341920602e-03 2.210871391957326074e-03 1.431070278842679414e-02 0.000000000000000000e+00 7.561282103685645906e-02 1.654184225301195688e-01 0.000000000000000000e+00 3.827493738779398635e-02 1.110613325057282011e-02 0.000000000000000000e+00 1.448787613468724422e-01 1.348433436769965778e-02 1.129845445880278687e-02 0.000000000000000000e+00 5.699135102591816257e-03 0.000000000000000000e+00 4.897176954147653555e-02 4.832099900873312870e-02 1.690781265641002340e-01 2.429254502216545708e-01
6.010751233856382464e-02 1.537720682719304066e-01 1.039569634207465759e-01 6.108282375571867477e-03 2.518445252448140229e-02 5.837731857761733339e-02 2.367967738384049118e-03 1.868368937335610283e-02 6.645458027549797086e-02 5.836300218009003726e-02 4.042920585073813376e-03 1.888759503396616746e-01 2.493215226941450369e-02 9.811093346967343642e-03 1.249214579232051960e-02 1.556056184028847605e-03 2.329514393951645154e-02 9.305786548916250914e-03 3.908430101700554292e-03 1.684044838161607438e-01
6.814538313485186960e-02 8.350427307192789805e-02 3.612642538930161545e-02 1.753746117869160043e-02 4.486378304737713429e-03 3.758382320320415720e-02 1.756495535606609039e-04 0.000000000000000000e+00 4.334842027363178946e-02 0.000000000000000000e+00 1.289658925069236683e-01 4.669965362669875608e-02 5.741563209974957088e-02 7.161318533908438144e-02 1.811955987760772713e-01 0.000000000000000000e+00 0.000000000000000000e+00 7.292410355657935606e-02 1.942008713653101473e-02 1.308580328484486022e-01
1.431454394685203191e-01 6.062082342667883539e-03 6.401867017224741920e-03 5.359091874461950622e-04 1.577616365883870997e-01 1.273576378525029425e-02 0.000000000000000000e+00 0.000000000000000000e+00 0.000000000000000000e+00 1.683026655222432337e-05 2.021795740533679012e-02 2.524136980733062696e-01 0.000000000000000000e+00 0.000000000000000000e+00 8.500189551553028952e-03 0.000000000000000000e+00 0.000000000000000000e+00 3.201859864375249110e-02 1.413995338695630266e-01 2.187904938004396338e-01
2.292500276752876612e-02 2.325959096193416786e-02 2.076389867549430831e-03 1.007625671508085713e-01 2.632708871661655972e-02 5.741873321231642791e-02 2.435243005968732236e-02 1.144635313631762463e-01 1.082367021971965965e-02 2.734049827062544867e-03 8.529038490455015387e-02 1.505456046687505267e-01 2.150442564020005852e-03 2.404205179057993663e-03 8.838066447218772756e-03 7.305841396259975251e-02 3.194590331813904234e-03 8.641658174259514436e-02 1.556108661660548509e-01 4.734778988693928020e-02
1.554996963939425658e-02 6.059880178430721021e-02 5.497480327867119987e-02 1.804640286521473069e-01 1.072614645915108671e-03 1.303221677791099181e-02 1.389647385630849233e-02 0.000000000000000000e+00 5.483388933375767105e-02 0.000000000000000000e+00 2.498601922094365740e-02 4.597085547151674723e-02 5.204916457682941255e-02 6.077034026299419495e-03 5.693354082920674963e-02 9.669184601755849429e-02 1.390621190580774297e-02 1.390855620349746302e-01 7.596421329578585679e-02 9.391275465266507583e-02
6.548958900033376163e-02 9.562707827384924614e-03 0.000000000000000000e+00 0.000000000000000000e+00 4.750373686333830142e-02 1.848962940670672017e-01 0.000000000000000000e+00 9.238127048443246780e-02 4.697648337882110586e-02 0.000000000000000000e+00 1.735058453056718686e-01 2.383547196786055516e-03 0.000000000000000000e+00 2.838639428061754538e-02 1.609684288453761825e-01 0.000000000000000000e+00 1.382432454647456593e-02 0.000000000000000000e+00 5.789576148757345254e-03 1.683318020549386118e-01
8.696913929087701778e-02 2.728263977414835048e-02 2.569071032040869812e-02 1.350217601287415359e-01 3.968645033878484552e-02 0.000000000000000000e+00 0.000000000000000000e+00 7.548445035061895902e-02 2.305919256671532663e-02 5.430058983816557494e-02 2.549821672388632998e-02 1.624807506496376841e-01 4.712438069989001443e-02 2.514891843690363060e-02 1.237415048113538543e-02 1.107278740759876957e-02 0.000000000000000000e+00 1.080346295932159834e-01 0.000000000000000000e+00 1.407712333992718334e-01
1.862803035439234908e-02 1.540862022874206205e-01 2.365398744331571532e-02 1.636218327554720894e-02 2.357608672774435740e-02 1.501713720449299357e-02 0.000000000000000000e+00 9.045253895959334128e-03 1.129925150424799657e-01 0.000000000000000000e+00 9.565091852024584784e-02 1.334000252695997368e-01 0.000000000000000000e+00 1.044884395957226299e-02 4.741603833542819453e-03 7.670806909612340463e-02 7.178563195144126337e-03 1.293505573217386961e-01 1.528543384646373626e-01 1.630568410804321411e-02
1.322313411989123333e-01 1.355481650229375945e-01 2.105452783802653008e-02 9.479947450664069630e-02 0.000000000000000000e+00 2.112004426959973591e-02 0.000000000000000000e+00 6.707769570050610593e-03 1.075169927410330323e-01 2.078733447297529888e-02 4.978863441862550060e-02 1.232583928807844537e-01 2.976118309482569946e-02 5.189587868179805887e-04 4.557735579554694078e-02 5.318657990211241200e-03 2.271556892213898865e-02 3.761331386068331867e-02 2.688298698883647905e-02 1.187992976413535517e-01
3.448105031389442181e-03 3.259269508449037789e-02 7.995817564543439282e-02 7.863404024400895420e-02 4.640197029096872899e-02 1.617366463190338943e-01 9.120354788488178616e-04 0.000000000000000000e+00 0.000000000000000000e+00 0.000000000000000000e+00 0.000000000000000000e+00 5.783874883063131606e-02 0.000000000000000000e+00 0.000000000000000000e+00 1.991865558821877824e-01 0.000000000000000000e+00 9.062964534472152042e-03 2.833011077199589639e-02 1.783031181826079670e-01 1.235948337039302208e-01
1.532558191345809173e-01 1.005292531961763380e-01 2.984586228101891552e-03 2.194691443603399295e-01 2.027915176116069570e-03 8.770333782288341692e-03 1.106057497909268897e-02 1.209460940576037313e-01 3.799978569099918962e-02 0.000000000000000000e+00 2.678837963453950533e-02 1.559751372916870771e-01 1.953706342578402644e-02 0.000000000000000000e+00 5.950406520161383855e-02 9.159673578732719854e-04 1.331346439796858225e-02 1.619915792640169022e-02 2.385255128523870727e-02 2.687070687359430915e-02
8.845800383699617409e-02 3.964644418220067412e-02 8.913331888181118962e-03 8.495755070923101393e-02 1.981619235264624884e-02 1.114636157562375746e-01 3.563400417437285572e-04 1.580585639110419077e-02 2.343529245039524186e-02 2.457319418322649000e-03 5.921571037305147639e-02 1.384081200739932238e-01 1.069870534337934304e-01 3.976782219871583500e-03 2.320800105585267559e-02 3.604157490971532965e-05 1.661361357351062024e-02 4.532951888274697194e-02 6.675857453452101187e-02 1.441566372506907223e-01
5.340948441888081211e-02 7.197265292401192061e-02 2.034157560904116882e-02 9.167978884973913833e-03 2.605138700540110194e-03 2.367630141676861644e-01 0.000000000000000000e+00 0.000000000000000000e+00 3.645897760248045989e-04 0.000000000000000000e+00 0.000000000000000000e+00 7.633961424577390131e-02 1.072434905136125938e-01 5.450910670096731359e-03 1.208511199083942000e-02 6.984895992598887278e-04 1.099053237871848096e-03 1.801802605715892569e-01 3.763805604056397192e-02 1.846405786492334444e-01
8.422433273491446160e-02 1.479680771752961699e-01 5.183269527042912161e-02 7.063810514502544963e-03 6.113944084396865861e-03 2.450330500548800455e-03 0.000000000000000000e+00 0.000000000000000000e+00 1.266677068536885969e-02 1.054857076688645208e-02 7.135790317232117153e-02 1.678828251671788119e-01 2.926298096317622374e-02 0.000000000000000000e+00 4.986246572924773383e-06 0.000000000000000000e+00 4.381367828375311302e-02 1.320926919609537696e-02 1.788753423253334474e-01 1.727244829132257298e-01
0.000000000000000000e+00 2.058951881772082618e-02 1.938274514238987056e-02 9.892095906171841091e-02 1.448010908727983583e-02 1.659181788988706718e-01 3.552618445698271787e-02 1.660927344609446424e-02 2.424656412816673587e-02 7.718501221431155190e-02 6.793364050891442622e-03 0.000000000000000000e+00 0.000000000000000000e+00 5.943945553558272962e-03 2.246871598851072488e-02 7.428596015253675910e-02 0.000000000000000000e+00 0.000000000000000000e+00 2.456464562988844302e-01 1.720030127020833188e-01
