1.067796456640300942e-02 2.476152943144343740e-02 5.993799493756171021e-02 4.229840601289364989e-03 4.941139599583658365e-02 0.000000000000000000e+00 0.000000000000000000e+00 1.137638757678316737e-01 1.621625518118669992e-02 6.098541390833997836e-03 0.000000000000000000e+00 4.927476026537390419e-03 5.916182110108868068e-03 1.666579071863475738e-03 1.299224944390058867e-01 5.380325431242100054e-02 1.375528279009831933e-01 8.665041352867269842e-02 0.000000000000000000e+00 2.510267784004409624e-03 5.187307748391076050e-03 2.937254059322437494e-02 0.000000000000000000e+00 5.349964402260560387e-02 2.038936145897954355e-01
1.607599605555971034e-01 2.304693110130696596e-02 1.006315157695861565e-02 3.198307940146492140e-02 1.568106612781845766e-02 0.000000000000000000e+00 5.590102994334178454e-02 7.408241044367896988e-02 6.473962038475543357e-02 1.662013758428126584e-02 8.323909896925746343e-02 1.901402839074297635e-01 0.000000000000000000e+00 2.042439741998378598e-03 2.100739766111911835e-02 0.000000000000000000e+00 0.000000000000000000e+00 1.751658798260468872e-02 0.000000000000000000e+00 0.000000000000000000e+00 3.114279457613643338e-03 0.000000000000000000e+00 7.806080008683012605e-02 1.380661724878347874e-01 1.393555258610844685e-02
0.000000000000000000e+00 1.579650200137581572e-03 1.493853139949561926e-01 7.861842176564699802e-02 2.789852365955972080e-02 3.665380689748246566e-03 4.213873945113329883e-02 1.372135546696764685e-01 0.000000000000000000e+00 0.000000000000000000e+00 3.787085241365471810e-02 1.139634613272331454e-01 8.544033515103946833e-04 1.766457957567851324e-04 8.140562384332966639e-02 2.888137931100365902e-02 3.801744424922411797e-02 1.176182426842578435e-03 4.022586055892680111e-03 1.723312394332361967e-03 3.127501185045661325e-02 0.000000000000000000e+00 1.256318786192474890e-01 6.947359104576035504e-02 2.502804288489701018e-02
1.062026237305937204e-01 4.803281026482644073e-02 0.000000000000000000e+00 1.544180682754482947e-01 1.930058907131335100e-02 0.000000000000000000e+00 1.747577151732597825e-02 0.000000000000000000e+00 1.342044698019630514e-02 0.000000000000000000e+00 1.531122362573090340e-02 1.665317942229638248e-01 0.000000000000000000e+00 0.000000000000000000e+00 0.000000000000000000e+00 0.000000000000000000e+00 0.000000000000000000e+00 6.682967507393751394e-02 8.242860286628833633e-02 0.000000000000000000e+00 1.950093748652526396e-02 1.594096538465918089e-02 1.430057572297875890e-01 1.255597668040825399e-01 6.040967466320683842e-03
1.510010482873113402e-01 1.198268591595934573e-01 0.000000000000000000e+00 0.000000000000000000e+00 0.000000000000000000e+00 0.000000000000000000e+00 8.489503573379629520e-02 8.845918996876686591e-02 3.863198263497253510e-02 0.000000000000000000e+00 0.000000000000000000e+00 3.910271445539238722e-02 4.856537479058899154e-02 2.088086808908499667e-02 1.567876932447205829e-01 0.000000000000000000e+00 7.017405962390574348e-04 0.000000000000000000e+00 0.000000000000000000e+00 8.842510559559670080e-02 0.000000000000000000e+00 1.565966239052094325e-03 0.000000000000000000e+00 1.611564212048846867e-01 0.000000000000000000e+00
2.613646535593922363e-02 9.090660684081475207e-02 8.804106748079314204e-02 4.667329077191294251e-02 1.286238601212839339e-01 1.325215433246626148e-02 1.220483488059348892e-01 0.000000000000000000e+00 8.770226347159171959e-03 0.000000000000000000e+00 8.881331098594506812e-04 1.535719253583574528e-01 0.000000000000000000e+00 0.000000000000000000e+00 5.728615119175085868e-02 0.000000000000000000e+00 0.000000000000000000e+00 0.000000000000000000e+00 6.095159320966527655e-02 0.000000000000000000e+00 0.000000000000000000e+00 0.000000000000000000e+00 1.667201666344987274e-02 2.547168937808346606e-02 1.607064710325293022e-01
9.817367013936906250e-02 6.349631072897093942e-02 4.712386114551753158e-02 4.359334486240209333e-02 1.350971941138532084e-01 3.382389833251937686e-04 7.097663937404664891e-02 1.492656043952966458e-02 2.547752581387466297e-02 1.197344912879436951e-01 0.000000000000000000e+00 7.283515421985626084e-03 0.000000000000000000e+00 0.000000000000000000e+00 1.416581851169933515e-01 1.670556212971878798e-02 0.000000000000000000e+00 0.000000000000000000e+00 7.980825903197442603e-03 0.000000000000000000e+00 3.588593028244512623e-02 0.000000000000000000e+00 1.359229011927512443e-02 9.714947483051737318e-03 1.482409066545000986e-01
9.595147640434933956e-02 9.519598718940158744e-02 9.442384727295119462e-02 0.000000000000000000e+00 9.122299889429603265e-03 1.610022314791617268e-02 3.956111572555537706e-03 6.671144044906445261e-03 3.977025453918169723e-02 7.246934102750550270e-03 0.000000000000000000e+00 5.232223618023810335e-02 7.552623090189145016e-02 4.854508462419910957e-03 3.106607683164152589e-01 0.000000000000000000e+00 0.000000000000000000e+00 0.000000000000000000e+00 0.000000000000000000e+00 0.000000000000000000e+00 1.496264387649141533e-02 8.510957895004693519e-02 0.000000000000000000e+00 3.668646545997496233e-02 5.143928968907985483e-02
1.073327923295164660e-01 7.727854758894707465e-02 4.675786629568075281e-02 0.000000000000000000e+00 2.458108476054244457e-02 0.000000000000000000e+00 9.585821590814863624e-03 5.947157011972080236e-03 8.043280467607166750e-02 1.838309588052786450e-02 0.000000000000000000e+00 2.306834845183984850e-01 0.000000000000000000e+00 0.000000000000000000e+00 1.428524150352705191e-01 0.000000000000000000e+00 0.000000000000000000e+00 3.353015146170436334e-02 0.000000000000000000e+00 0.000000000000000000e+00 2.056815140648959178e-02 0.000000000000000000e+00 6.249943630161317737e-02 1.256576195032755583e-01 1.390957163917523436e-02
0.000000000000000000e+00 0.000000000000000000e+00 2.754123769979481551e-02 0.000000000000000000e+00 3.315047892310338945e-02 1.319184797533500264e-01 1.926973385935023264e-01 2.547499822124247443e-02 1.034912274347823541e-01 0.000000000000000000e+00 5.837770125588585476e-03 1.568376439217049056e-01 7.600604019677081533e-03 0.000000000000000000e+00 5.971391105025263685e-02 2.070536358086455878e-02 0.000000000000000000e+00 3.084019151348906668e-02 0.000000000000000000e+00 3.285237425844671905e-02 0.000000000000000000e+00 0.000000000000000000e+00 1.004836909901466423e-02 2.720268068423655275e-02 1.340873311209499485e-01
0.000000000000000000e+00 1.268008627398140888e-02 1.177930605324610802e-01 0.000000000000000000e+00 9.381491584391325744e-02 1.399323004012176519e-01 1.038625853211458394e-02 0.000000000000000000e+00 1.183985581020077227e-01 3.844078491093114863e-02 1.880810461640883844e-03 1.376341378405133709e-01 0.000000000000000000e+00 0.000000000000000000e+00 1.275604876228478846e-01 0.000000000000000000e+00 0.000000000000000000e+00 0.000000000000000000e+00 1.627395937137761373e-02 1.908049635601273900e-02 1.427650050118538412e-02 1.611835548007654190e-02 5.693420075012921300e-02 3.459379236435286553e-02 4.420129465523673501e-02
4.196617383202864981e-03 8.495311710884094827e-03 7.711093356813550348e-02 8.472277371772986808e-04 1.473987585528066246e-01 2.269031024927025200e-02 1.712524858482523558e-04 9.313295294409562608e-02 7.101762660383185988e-02 0.000000000000000000e+00 0.000000000000000000e+00 0.000000000000000000e+00 6.817864803920420987e-04 6.381111932235282100e-03 1.442245477190888525e-01 1.683874396205045296e-02 0.000000000000000000e+00 1.313892635092194817e-02 9.111899636147465995e-03 5.586695025628283379e-03 2.671917756014857009e-02 6.948722459193546093e-03 1.182562813225273846e-01 2.270511163164139201e-01 0.000000000000000000e+00
1.947766071897473195e-01 7.569990534404094293e-03 0.000000000000000000e+00 0.000000000000000000e+00 1.524802916176991041e-01 1.880603559936160421e-02 7.971039246879768614e-02 8.721539133631688034e-02 0.000000000000000000e+00 8.743126607238616010e-02 0.000000000000000000e+00 1.552011245498517760e-05 2.267048924773040069e-02 8.678927637524414679e-03 1.505936146689598465e-01 0.000000000000000000e+00 0.000000000000000000e+00 1.109291708198161842e-02 1.580532675344605564e-01 0.000000000000000000e+00 0.000000000000000000e+00 0.000000000000000000e+00 7.378501809353068923e-03 0.000000000000000000e+00 1.352678708882208182e-02
1.522491237530274877e-01 1.625956153238247159e-01 0.000000000000000000e+00 1.589502991959727699e-03 9.518318089069977006e-02 0.000000000000000000e+00 8.639774730739414963e-04 6.731648995829692811e-03 0.000000000000000000e+00 3.442303947837844959e-04 0.000000000000000000e+00 2.211791304128041535e-01 2.485732625053694786e-02 2.264424862441057409e-02 2.063438629404405061e-02 0.000000000000000000e+00 0.000000000000000000e+00 1.021414935618934067e-02 1.531537049185769939e-01 3.087284195648414605e-03 6.517428227812399610e-02 0.000000000000000000e+00 4.085149599325443165e-02 1.105546333525103501e-02 7.591248517960941591e-03
0.000000000000000000e+00 6.959007738068912320e-04 1.322824945091859716e-01 3.564913634154993547e-06 1.247119526713304088e-01 1.009372452784794844e-01 5.299343070680310325e-02 1.720003071133107818e-04 0.000000000000000000e+00 1.166221233607079091e-02 0.000000000000000000e+00 1.386479078068748594e-01 0.000000000000000000e+00 2.467107263277026116e-03 0.000000000000000000e+00 8.000708967175698683e-02 5.018555861167119103e-02 0.000000000000000000e+00 5.189647349267086963e-04 8.104978226590443813e-02 0.000000000000000000e+00 6.293485223263170503e-02 1.324106828384747844e-02 1.474888676326854831e-01 0.000000000000000000e+00
1.704030967937394114e-01 1.645408635098825553e-02 0.000000000000000000e+00 0.000000000000000000e+00 5.465464215465884457e-03 1.709751057177625287e-03 1.526513690103681320e-01 1.066875474569714405e-01 3.204458844191980516e-02 0.000000000000000000e+00 0.000000000000000000e+00 1.153649370609637487e-01 5.182050480383718592e-03 1.779881723984399154e-04 1.217044898156213195e-01 6.578943288752326160e-03 0.000000000000000000e+00 0.000000000000000000e+00 1.444054777146806801e-01 4.752314383610804251e-03 4.527715547248720163e-03 1.981843366255778283e-02 7.051866547681258368e-02 8.403148174659903769e-03 1.314993289567949371e-02
3.890218315095838458e-02 7.719180641851090818e-02 4.394598418281361191e-02 8.394142969757387163e-02 1.741653574545851124e-01 5.792868318830117491e-02 9.404422907357129491e-03 5.859802575937016200e-02 7.531039259372575290e-03 1.347724161069633886e-01 9.124513177393111379e-03 1.980784724388019030e-02 2.561572785759220951e-03 0.000000000000000000e+00 1.034414517224989810e-01 0.000000000000000000e+00 3.189960320451339787e-02 0.000000000000000000e+00 5.154881966562334340e-04 0.000000000000000000e+00 0.000000000000000000e+00 2.113694763234432589e-02 5.600944595374069551e-02 4.854153707796195205e-02 2.058024487944558334e-02
3.978273241729379101e-02 2.301087187615292323e-02 4.951783508268174649e-02 0.000000000000000000e+00 9.493731076362516832e-04 0.000000000000000000e+00 1.504393210430409189e-01 2.394611822354321684e-01 3.289718374119074418e-02 0.000000000000000000e+00 0.000000000000000000e+00 2.628374068577972733e-01 0.000000000000000000e+00 0.000000000000000000e+00 1.180754036147495245e-02 1.736074190791628280e-02 9.560167263040921350e-04 0.000000000000000000e+00 1.564976546693207793e-01 0.000000000000000000e+00 0.000000000000000000e+00 0.000000000000000000e+00 0.000000000000000000e+00 1.448213997375815028e-02 0.000000000000000000e+00
1.075694016409360770e-01 4.602001312673909862e-03 0.000000000000000000e+00 0.000000000000000000e+00 1.175835154069630462e-01 7.963805834440455117e-03 4.055454093605857097e-02 1.843651600967622511e-02 0.000000000000000000e+00 0.000000000000000000e+00 0.000000000000000000e+00 1.077656075027846605e-01 0.000000000000000000e+00 0.000000000000000000e+00 1.961088516914294144e-01 3.175969590931316394e-02 0.000000000000000000e+00 0.000000000000000000e+00 3.326039090335354553e-02 9.487454941757476889e-02 1.133814474298890096e-02 3.535916879101231453e-02 5.379573943487248044e-02 1.072781093911012729e-02 1.283002595268122603e-01
1.306219219713023426e-02 1.127547431016826668e-01 1.467896240301993886e-02 3.999522863975782383e-02 1.426533296795954864e-01 5.536595106933063504e-02 7.114317950878004670e-02 2.175868515255064556e-02 0.000000000000000000e+00 1.190522246756861441e-01 6.835736476012065077e-03 5.614952996187790729e-02 5.038802254639348013e-03 7.381019341555901565e-03 1.251132388407538987e-01 0.000000000000000000e+00 0.000000000000000000e+00 0.000000000000000000e+00 1.060496828367519509e-03 6.469385406684897803e-03 5.023968996775507803e-03 2.344121449820296341e-02 5.897839342224366239e-03 3.263359570989710773e-02 1.344906759154748943e-01
1.535432245752943181e-01 1.115099024532352837e-02 6.705826350221925046e-03 0.000000000000000000e+00 1.192968871866507130e-01 1.380163920257541643e-01 3.196592100252226842e-02 9.538074161529855322e-02 4.576637629056181517e-02 2.163846034243300728e-02 0.000000000000000000e+00 1.227720044848861908e-01 0.000000000000000000e+00 7.270321445437048953e-03 1.547770890229981655e-01 0.000000000000000000e+00 9.628034764340124771e-03 3.430136673473717195e-03 0.000000000000000000e+00 3.271223610786205133e-02 0.000000000000000000e+00 3.163024441317859731e-02 1.431511345376381902e-02 0.000000000000000000e+00 0.000000000000000000e+00
2.079784735323872771e-02 1.579172298087104520e-01 1.095580522283660652e-01 1.195371028772282546e-01 2.372330258025543218e-02 0.000000000000000000e+00 4.721756851142491079e-02 1.142524312068632503e-01 3.545277157162280476e-03 1.236708820812848775e-01 8.158398254574972296e-04 0.000000000000000000e+00 0.000000000000000000e+00 0.000000000000000000e+00 1.522465267832088520e-01 0.000000000000000000e+00 0.000000000000000000e+00 0.000000000000000000e+00 0.000000000000000000e+00 1.486272552850978392e-03 0.000000000000000000e+00 5.596174166007350861e-03 2.834683613313331366e-02 0.000000000000000000e+00 9.128865673480777987e-02
2.027206130921371460e-02 1.252117862335716016e-02 9.497168294426255875e-02 6.805682038531987894e-03 1.079051760769923415e-02 0.000000000000000000e+00 1.303482936144899074e-01 5.396646043369607119e-03 1.076325947374593694e-01 0.000000000000000000e+00 2.697438289862225461e-02 2.096806227303246450e-01 3.379571608310832226e-02 0.000000000000000000e+00 1.539030360049337132e-01 0.000000000000000000e+00 7.896556136816679228e-02 2.318766748783230788e-02 5.918771720990710465e-03 0.000000000000000000e+00 0.000000000000000000e+00 1.788088762015987640e-02 0.000000000000000000e+00 0.000000000000000000e+00 6.095469716747784622e-02
5.963886301398475809e-02 2.002643913577210610e-01 3.217134719604018266e-03 0.000000000000000000e+00 1.255818824655287325e-01 0.000000000000000000e+00 1.003115944519002295e-01 0.000000000000000000e+00 1.862712006643835183e-02 1.003308673157356362e-01 0.000000000000000000e+00 1.347389200548957944e-01 0.000000000000000000e+00 0.000000000000000000e+00 3.029929684654798089e-02 0.000000000000000000e+00 1.296507877882210544e-02 8.755629578903590879e-03 1.472289420038047636e-01 3.314200198488841120e-02 7.677932076232985362e-03 0.000000000000000000e+00 4.328378423268591964e-03 1.289196686172293382e-02 0.000000000000000000e+00
1.594038132422873066e-02 1.640051262636173929e-02 4.549702191120456353e-03 0.000000000000000000e+00 2.330400815365935296e-01 0.000000000000000000e+00 0.000000000000000000e+00 1.373430433225662078e-02 1.557184742196200504e-02 1.394429563687859808e-01 0.000000000000000000e+00 9.913748488085862010e-02 7.507977454403536033e-02 0.000000000000000000e+00 5.781680911792416722e-02 0.000000000000000000e+00 8.780616393065651670e-02 1.211673694651030538e-02 3.800655095872172012e-02 0.000000000000000000e+00 1.492440057978288402e-02 4.216624914405521334e-03 1.712146601494552722e-01 0.000000000000000000e+00 1.001008176340767789e-03
6.067738444247120638e-02 1.211005277549406373e-01 0.000000000000000000e+00 1.893399119659769489e-04 2.021241730083296606e-02 1.223386718411887814e-01 1.657468738737046254e-01 0.000000000000000000e+00 0.000000000000000000e+00 1.298080295496076633e-02 6.846947436064576738e-03 1.700546124460323438e-01 3.614478348954246884e-02 5.651900461291539104e-04 1.179616938799492136e-02 9.272207066165021050e-02 7.636030396234974767e-03 0.000000000000000000e+00 1.580831672066837501e-01 0.000000000000000000e+00 0.000000000000000000e+00 0.000000000000000000e+00 0.000000000000000000e+00 2.626320303164211747e-03 1.027869054643846744e-02
1.220254955641508592e-02 1.154596823593116439e-01 1.051281773716097601e-01 1.347499977233277725e-02 6.660258859917687901e-02 1.451991468718406147e-02 6.742949501112309885e-04 1.185429808730298004e-02 2.480186364314202613e-02 4.972382048628475743e-02 6.559319313921782319e-04 2.617938216530518170e-01 2.330251300162762031e-03 1.101972169217002237e-02 8.122192346987637535e-02 0.000000000000000000e+00 0.000000000000000000e+00 0.000000000000000000e+00 1.826762926846414508e-03 0.000000000000000000e+00 2.331702842597517880e-02 1.023193784564869063e-01 0.000000000000000000e+00 1.010729906311671200e-01 0.000000000000000000e+00
5.447643528822383036e-02 1.696132186581722490e-02 0.000000000000000000e+00 8.095371265745998635e-03 5.782329934352209433e-02 0.000000000000000000e+00 1.243857734447253865e-01 1.697897234822142165e-01 8.176192927524643383e-02 2.970324251729841367e-02 9.745774947572316202e-03 8.949845792276404921e-02 3.130567437846652062e-02 3.380791780131607582e-02 1.398108213755624163e-01 0.000000000000000000e+00 0.000000000000000000e+00 0.000000000000000000e+00 1.220712079572273262e-02 0.000000000000000000e+00 0.000000000000000000e+00 0.000000000000000000e+00 1.118908018174558233e-01 2.292215256062443349e-02 5.814181917722109974e-03
6.758686321958261300e-02 0.000000000000000000e+00 8.575971108733207449e-02 7.284131861639629724e-02 1.400634898988319110e-01 5.920761659136859756e-03 2.118715687995352190e-02 0.000000000000000000e+00 5.621072636201146847e-03 1.120273601757229426e-01 0.000000000000000000e+00 7.448963796642775470e-02 0.000000000000000000e+00 1.824539324744695566e-04 8.042777006119150585e-02 6.563954373543050974e-03 0.000000000000000000e+00 0.000000000000000000e+00 3.834787973887129886e-02 0.000000000000000000e+00 0.000000000000000000e+00 0.000000000000000000e+00 2.323927392003388021e-02 1.343966554604054120e-01 1.313446403738952328e-01
7.603580626825057198e-02 1.142260937724108166e-01 7.746419680710733835e-02 0.000000000000000000e+00 1.026521178234239030e-02 1.697155821992287275e-02 4.170586653317483877e-03 0.000000000000000000e+00 1.806131795671455167e-02 5.279565226320466877e-04 0.000000000000000000e+00 7.715747172169999668e-02 2.991090912226589127e-02 0.000000000000000000e+00 1.313422203365864904e-01 0.000000000000000000e+00 9.086426445776464578e-02 0.000000000000000000e+00 8.100452341480654517e-02 3.233082448579793072e-03 0.000000000000000000e+00 2.158438461200227684e-03 0.000000000000000000e+00 1.299497318968855508e-01 1.366566301575126985e-01
0.000000000000000000e+00 1.336823872195741780e-01 1.232079511468067989e-01 2.098579236469289011e-02 1.082039690152208564e-02 0.000000000000000000e+00 1.675786276574729380e-02 1.586829295559679179e-02 1.248921173844886982e-02 1.037070160581610306e-01 1.469791743302803488e-02 3.293663346440949685e-02 3.478054769391551032e-02 0.000000000000000000e+00 1.425760344158924497e-01 0.000000000000000000e+00 4.014379882961370896e-03 0.000000000000000000e+00 1.471855752450134114e-01 2.661293313060124691e-02 1.350681750135061983e-02 4.551109879122566641e-03 1.216999713570634245e-01 0.000000000000000000e+00 1.991916884609193014e-02
1.078665970677786384e-01 5.967933490348248382e-02 0.000000000000000000e+00 0.000000000000000000e+00 0.000000000000000000e+00 0.000000000000000000e+00 1.393037073827294858e-01 1.233367862264625747e-01 9.396411807931108473e-02 9.860009743606618082e-02 0.000000000000000000e+00 8.649100042091156793e-02 0.000000000000000000e+00 0.000000000000000000e+00 1.965991932093157091e-02 1.755860602658284794e-02 0.000000000000000000e+00 4.204731890418670487e-02 3.049565658878296975e-02 0.000000000000000000e+00 0.000000000000000000e+00 1.194397693005525701e-02 6.720892854805318554e-03 1.623319878579132514e-01 0.000000000000000000e+00
0.000000000000000000e+00 0.000000000000000000e+00 7.378641526998555578e-02 2.147707505675501907e-02 1.350313937459917124e-01 1.573819427134171695e-02 1.577653055202117294e-01 2.123848042321787959e-04 8.040006766206423544e-03 2.928717415148117224e-03 0.000000000000000000e+00 3.071753605136972043e-01 0.000000000000000000e+00 0.000000000000000000e+00 6.411416078859139348e-03 0.000000000000000000e+00 0.000000000000000000e+00 6.219254083356349182e-03 1.656821621888138196e-01 2.241419644167350761e-02 0.000000000000000000e+00 1.793890906184255479e-03 0.000000000000000000e+00 7.867514070348255797e-03 6.745671286719516491e-02
4.749102869419041112e-02 4.028064517749697752e-03 1.245557378814075716e-01 3.387200541648319879e-02 1.592273492944648317e-01 0.000000000000000000e+00 1.340580021810105216e-01 4.720888195796146998e-03 1.755873525105176598e-03 1.383922272623930583e-01 0.000000000000000000e+00 3.105506144194475349e-02 0.000000000000000000e+00 0.000000000000000000e+00 1.398224692391352719e-01 0.000000000000000000e+00 1.273049907934382420e-02 1.034105834485743967e-03 0.000000000000000000e+00 0.000000000000000000e+00 5.961681915268908148e-06 4.424387275198352933e-03 4.533996395209560597e-03 1.582923420841665652e-01 0.000000000000000000e+00
1.225472041961254005e-01 0.000000000000000000e+00 0.000000000000000000e+00 0.000000000000000000e+00 9.034099855805777452e-04 0.000000000000000000e+00 2.876666503321636051e-03 1.473727574045786415e-01 0.000000000000000000e+00 1.615541050606486562e-02 0.000000000000000000e+00 7.606737472647123743e-02 3.596901409939086587e-03 1.205926654724020011e-02 3.392975708357408027e-01 0.000000000000000000e+00 0.000000000000000000e+00 0.000000000000000000e+00 5.442963120181788664e-04 0.000000000000000000e+00 0.000000000000000000e+00 0.000000000000000000e+00 0.000000000000000000e+00 1.436339939272541499e-01 1.349451476456653420e-01
1.214518897248737239e-01 7.666367008808425663e-03 3.470020504189575924e-04 3.161510097354197635e-02 1.217683826163984684e-01 0.000000000000000000e+00 1.215616366178471769e-01 0.000000000000000000e+00 9.804811676506488063e-03 7.966500011187215707e-03 1.105001226811403933e-02 1.892494300219961512e-01 0.000000000000000000e+00 0.000000000000000000e+00 1.538912007010149186e-01 0.000000000000000000e+00 0.000000000000000000e+00 1.082469402540895548e-02 1.206244372869659173e-02 3.371389253965126950e-03 0.000000000000000000e+00 1.596415120814613422e-03 0.000000000000000000e+00 1.561521700377404287e-01 3.962055416266660468e-02
0.000000000000000000e+00 0.000000000000000000e+00 0.000000000000000000e+00 3.298002764792001829e-02 7.115056443408185327e-02 0.000000000000000000e+00 1.489762096732085740e-02 1.497190324886090440e-01 0.000000000000000000e+00 0.000000000000000000e+00 0.000000000000000000e+00 3.180432506288848049e-02 7.578264501814824250e-02 0.000000000000000000e+00 1.439713678583397216e-01 0.000000000000000000e+00 1.286136549657693195e-01 0.000000000000000000e+00 0.000000000000000000e+00 0.000000000000000000e+00 0.000000000000000000e+00 0.000000000000000000e+00 7.601949308597758502e-05 1.789612545223546458e-01 1.720434875414817155e-01
7.288061144614343956e-02 5.319079512198203333e-04 2.659641699369129364e-02 2.000144034233780066e-01 1.489541137424757467e-01 9.705637977298961841e-03 1.070163562155319881e-01 8.290936255090229634e-02 6.217697301482682246e-04 5.806380762352801421e-03 0.000000000000000000e+00 1.255888983734484987e-02 0.000000000000000000e+00 4.651711095692938162e-03 1.629161341834307608e-01 0.000000000000000000e+00 9.328505310617350374e-03 0.000000000000000000e+00 1.483125047356245174e-01 0.000000000000000000e+00 0.000000000000000000e+00 2.802224547980594355e-03 3.507360517029296711e-03 8.857089791371372794e-04 0.000000000000000000e+00
6.103451254825879857e-02 6.395007768235372314e-02 7.223165869015321650e-03 3.939219872265085909e-02 2.559298397758780902e-02 1.821455784274349926e-02 1.545094650630455049e-02 2.084495422065983303e-02 9.050830371899507010e-02 9.944275341942497570e-02 2.181283667170114821e-02 1.468783386914445689e-02 0.000000000000000000e+00 1.134690274497320538e-02 1.360834119027478917e-01 0.000000000000000000e+00 5.032884869286656515e-02 7.236810136372924876e-03 2.671388111575987920e-02 4.585456884159544097e-03 7.896218082963389617e-03 0.000000000000000000e+00 1.541220518813291203e-03 1.417471128828410032e-01 1.343650119896623030e-01
2.082765166535645307e-02 1.022588588359831935e-01 3.893312780084418057e-02 1.341372394354580205e-03 4.446935984278530679e-02 3.377219361825726813e-03 4.814293478409763238e-02 1.219926952845642731e-01 6.158627680648730285e-02 1.084942141857142134e-01 0.000000000000000000e+00 1.334210039215300014e-01 3.543361989304768395e-02 0.000000000000000000e+00 2.121354637727022874e-02 0.000000000000000000e+00 4.936217259329953250e-04 4.657625828668578855e-02 1.237997383385757849e-01 0.000000000000000000e+00 4.432854688465650769e-03 4.568379866074383233e-03 2.786589942972637901e-02 7.177792279588764146e-03 4.359357423108957408e-02
