0.000000000000000000e+00 1.559415868742438649e-01 1.152212239605611560e-01 0.000000000000000000e+00 1.071529464927635684e-02 2.091019806029612016e-02 6.394264302588349713e-02 1.260964089204787975e-01 3.168548386850855020e-02 6.621788204176021209e-02 0.000000000000000000e+00 0.000000000000000000e+00 8.604973901260615232e-02 0.000000000000000000e+00 2.318113857487257359e-02 6.133855631885190562e-03 7.754451544257551232e-02 7.132153590453094421e-04 2.221721131204738853e-02 2.123207707869624594e-02 0.000000000000000000e+00 1.861170850625708598e-02 0.000000000000000000e+00 2.024014171349831567e-02 1.333456759675075987e-01
0.000000000000000000e+00 1.170610574996080143e-02 1.202565480224551536e-01 1.284057308563612831e-01 1.345570805200869413e-01 0.000000000000000000e+00 0.000000000000000000e+00 1.043099042285946382e-01 0.000000000000000000e+00 7.221289053862497975e-02 1.917063593273221969e-02 1.623476891444203610e-02 1.867277195129500231e-02 0.000000000000000000e+00 7.054771778326907050e-02 0.000000000000000000e+00 0.000000000000000000e+00 6.844752954660832979e-03 4.313361550462903489e-03 0.000000000000000000e+00 0.000000000000000000e+00 0.000000000000000000e+00 9.693384147327979011e-03 1.722281187846990691e-01 1.108462280650270582e-01
0.000000000000000000e+00 1.365843089840035884e-01 9.191083846390685902e-03 1.113704483003456897e-01 0.000000000000000000e+00 5.115311343733106204e-03 1.552818245443179923e-01 4.602031327805076837e-03 0.000000000000000000e+00 1.585008156178052685e-02 0.000000000000000000e+00 2.043246144109395548e-02 1.322170022439707049e-01 0.000000000000000000e+00 1.925637147542920147e-01 7.374973721081139189e-02 0.000000000000000000e+00 0.000000000000000000e+00 1.280893843506159631e-03 0.000000000000000000e+00 0.000000000000000000e+00 0.000000000000000000e+00 2.806294885651050564e-02 1.136981517414386994e-01 0.000000000000000000e+00
9.450432825950280322e-03 0.000000000000000000e+00 0.000000000000000000e+00 0.000000000000000000e+00 2.604550667068418826e-02 0.000000000000000000e+00 1.145981848597397573e-01 1.503675364948057203e-01 0.000000000000000000e+00 3.790417683097341631e-03 1.185706384149139841e-02 2.176152947033888618e-01 0.000000000000000000e+00 0.000000000000000000e+00 3.291291840945854974e-02 0.000000000000000000e+00 3.530429893485123745e-04 0.000000000000000000e+00 1.445720954382312753e-02 5.042254470590692289e-02 0.000000000000000000e+00 0.000000000000000000e+00 8.917261035330079078e-02 2.739032947679748697e-01 5.053942151029619870e-03
0.000000000000000000e+00 1.461287837201789147e-02 0.000000000000000000e+00 0.000000000000000000e+00 4.432594356966716720e-02 0.000000000000000000e+00 1.003693239312168778e-01 1.381985932684338253e-02 0.000000000000000000e+00 1.181790872462857578e-01 0.000000000000000000e+00 1.555665440659279308e-01 0.000000000000000000e+00 1.774426584026866233e-02 2.059165669848076752e-01 3.539861060007851862e-02 0.000000000000000000e+00 3.801698545595897944e-03 0.000000000000000000e+00 6.315354115077842501e-02 5.796520234425708330e-03 0.000000000000000000e+00 3.345820043011373673e-02 1.507767708924346584e-01 3.708018880953765223e-02
1.438089496229734074e-02 1.544240540089265590e-01 1.436769066775910215e-02 1.333714770410603656e-01 1.460800789982250603e-01 4.263161364276244619e-02 1.120724247259958506e-01 0.000000000000000000e+00 0.000000000000000000e+00 0.000000000000000000e+00 0.000000000000000000e+00 8.749507068880324478e-02 0.000000000000000000e+00 0.000000000000000000e+00 1.180638471930984396e-01 1.967942953587369440e-02 0.000000000000000000e+00 0.000000000000000000e+00 0.000000000000000000e+00 0.000000000000000000e+00 1.689219007388401139e-02 9.882522348243662560e-03 1.369175466955518342e-03 1.292895306461147309e-01 0.000000000000000000e+00
0.000000000000000000e+00 1.496333779017200438e-01 0.000000000000000000e+00 1.000487117832717099e-01 1.620031759769698654e-01 0.000000000000000000e+00 6.238845517743159784e-03 5.520003902091710248e-03 0.000000000000000000e+00 2.110531554999678025e-02 0.000000000000000000e+00 4.231122303847710542e-02 1.182414729558698696e-01 0.000000000000000000e+00 1.553206452998484588e-01 2.137838245326711961e-02 3.031073416092684367e-02 0.000000000000000000e+00 0.000000000000000000e+00 0.000000000000000000e+00 1.707118853313955784e-02 1.145787988168652308e-02 1.054452323109922179e-01 3.414593672863054652e-02 1.976787400536855754e-02
6.027680248762356738e-03 1.631391864666238353e-02 8.337624103251747854e-02 2.072305421883429213e-03 2.043556844678259474e-02 2.892721738906216603e-02 4.754383926612125444e-02 0.000000000000000000e+00 0.000000000000000000e+00 6.172552631291210179e-02 1.813570644201173985e-03 1.011248321116329230e-01 1.037258869511617915e-01 2.076494112985847670e-02 1.517168622956239776e-01 0.000000000000000000e+00 1.023065224800814438e-01 0.000000000000000000e+00 4.444023357029668747e-02 0.000000000000000000e+00 1.139910757310076336e-02 8.086563471318081522e-03 2.147163073426282959e-02 8.371006339846100153e-02 8.301748887529698806e-02
0.000000000000000000e+00 2.226193423227939075e-02 9.873806005105396910e-02 8.650845772904824926e-02 0.000000000000000000e+00 0.000000000000000000e+00 1.439016470717172699e-03 0.000000000000000000e+00 0.000000000000000000e+00 3.634128567607621679e-02 0.000000000000000000e+00 6.815980288710904271e-03 4.244955367579195116e-02 4.253677876203875927e-03 2.301338573014943822e-01 0.000000000000000000e+00 8.580604682914001746e-02 1.076838814680119820e-02 4.617779044582460968e-02 0.000000000000000000e+00 0.000000000000000000e+00 5.470495085429839116e-03 2.493882007725543859e-02 1.936694631566418523e-01 1.042271729575310474e-01
0.000000000000000000e+00 1.065623335069701277e-01 4.271513634978844898e-03 1.744826981444818964e-03 7.126044483510279338e-03 0.000000000000000000e+00 4.582673364651729253e-02 2.396148387396282789e-02 0.000000000000000000e+00 1.619856407557808131e-01 0.000000000000000000e+00 0.000000000000000000e+00 1.543895070471368869e-01 7.822837745711780756e-04 1.644042049956473683e-01 0.000000000000000000e+00 9.454990733968939021e-02 0.000000000000000000e+00 2.076656680682021153e-02 0.000000000000000000e+00 0.000000000000000000e+00 2.909828448015227761e-02 8.146892478249607994e-02 8.643422900129837938e-02 1.662751488902322258e-02
9.069699512494021690e-03 0.000000000000000000e+00 1.240104041450103278e-01 7.173410688873845843e-03 6.758698273374535992e-02 8.019747661788025062e-02 6.329256488424016280e-02 0.000000000000000000e+00 0.000000000000000000e+00 0.000000000000000000e+00 6.027737103733842722e-03 1.210155017958218782e-01 1.969414520904046954e-03 0.000000000000000000e+00 1.766427524046043640e-01 0.000000000000000000e+00 8.758871817444166541e-02 6.597321491979750083e-03 2.525111323791842666e-02 1.711529415722827865e-02 0.000000000000000000e+00 1.954074190026350646e-03 1.586258176053855773e-01 3.954445698070191417e-02 6.337259755009785195e-03
1.686688225444157863e-02 1.814387011383324436e-02 1.582482370370630054e-01 1.575681221826055745e-01 1.988831084589544607e-01 0.000000000000000000e+00 3.552923413523786239e-02 5.638042486753569449e-02 2.469611514051193134e-03 2.029655984841092012e-02 0.000000000000000000e+00 1.502888474839669808e-01 0.000000000000000000e+00 0.000000000000000000e+00 1.358761506145402323e-02 0.000000000000000000e+00 0.000000000000000000e+00 1.649710140938948424e-02 0.000000000000000000e+00 0.000000000000000000e+00 0.000000000000000000e+00 0.000000000000000000e+00 1.098563696534266831e-01 4.504724354323155072e-02 3.367724363978089963e-04
0.000000000000000000e+00 1.249202934325457509e-01 1.146963258630050511e-02 0.000000000000000000e+00 6.629494232256639974e-02 0.000000000000000000e+00 5.317803839187538323e-02 5.695273855174351474e-02 4.286142530676659290e-02 4.684682420291578359e-02 0.000000000000000000e+00 0.000000000000000000e+00 8.030442428624953721e-02 0.000000000000000000e+00 3.861307371542654909e-02 4.045178280350987185e-03 6.844943669499916478e-03 0.000000000000000000e+00 1.891868769345502188e-01 1.888573498738721490e-02 0.000000000000000000e+00 1.538227656851970208e-02 1.108039126665593260e-01 9.530750220993143215e-03 1.238789338757492892e-01
2.780787312984629722e-02 1.253640865207074073e-01 0.000000000000000000e+00 3.856884243285962216e-02 1.408863727661099075e-01 7.671697892325160702e-03 5.503894155869435562e-02 0.000000000000000000e+00 0.000000000000000000e+00 1.263638236273941506e-01 0.000000000000000000e+00 0.000000000000000000e+00 0.000000000000000000e+00 0.000000000000000000e+00 2.670320001439568935e-01 0.000000000000000000e+00 3.236802397784992874e-03 0.000000000000000000e+00 1.793756616253993907e-01 0.000000000000000000e+00 0.000000000000000000e+00 0.000000000000000000e+00 1.610143505848465537e-02 1.255246284643719845e-02 0.000000000000000000e+00
0.000000000000000000e+00 1.200339089274220089e-01 4.668412345753932685e-02 0.000000000000000000e+00 9.470993947580709504e-02 0.000000000000000000e+00 4.580343209524439206e-03 0.000000000000000000e+00 4.624106656677707226e-03 7.811276970799216346e-02 2.784795151625306560e-03 1.382328459597183534e-01 4.131132343049642719e-02 0.000000000000000000e+00 1.310656097298850409e-01 0.000000000000000000e+00 1.340804162882583200e-03 0.000000000000000000e+00 5.274373533862500990e-02 1.359407335348313157e-02 0.000000000000000000e+00 2.279895230591582819e-02 1.792870992151160414e-01 5.523283993333057834e-02 1.286272998395899050e-02
0.000000000000000000e+00 0.000000000000000000e+00 9.186431222613899994e-02 6.693535152904415281e-03 3.755749609588550364e-02 0.000000000000000000e+00 0.000000000000000000e+00 8.397972948539789151e-02 0.000000000000000000e+00 1.230376295509597040e-02 4.302616729692678235e-03 1.432340583239569698e-01 0.000000000000000000e+00 0.000000000000000000e+00 2.129618694962180647e-01 0.000000000000000000e+00 1.245755605193687825e-02 0.000000000000000000e+00 1.847558639418648840e-01 6.876310013803021981e-02 0.000000000000000000e+00 0.000000000000000000e+00 1.370592112316500188e-01 1.141947988872292789e-03 2.924940182355090668e-03
1.700005522693345816e-02 4.147010072881576748e-02 1.617466422321225603e-02 7.943103623688915760e-02 1.517914642774700895e-01 1.283965374413361532e-02 2.160761381077851498e-02 0.000000000000000000e+00 1.103540902244884783e-03 1.476709024851565466e-01 2.028435794309477527e-02 2.357493114034346290e-02 0.000000000000000000e+00 0.000000000000000000e+00 1.550005717691006757e-01 7.214568307962411498e-02 9.852443625074668032e-03 0.000000000000000000e+00 0.000000000000000000e+00 3.930867768411483443e-02 2.764123688261209411e-02 0.000000000000000000e+00 8.662549196093527124e-03 8.591555249350216542e-03 1.458489617949573214e-01
0.000000000000000000e+00 1.039995726920047575e-01 1.969748817963929994e-04 0.000000000000000000e+00 2.131133440933314846e-02 0.000000000000000000e+00 1.564152696705117251e-01 1.314137145397695217e-01 2.839905673426159835e-02 1.010267942503238203e-01 0.000000000000000000e+00 6.792289712562341562e-03 2.219526539916918256e-02 0.000000000000000000e+00 1.103945246364617244e-01 0.000000000000000000e+00 9.470490752027006798e-02 0.000000000000000000e+00 1.837476121993908418e-01 1.507157069010743589e-02 0.000000000000000000e+00 0.000000000000000000e+00 0.000000000000000000e+00 1.320064776578007111e-03 2.301104788745948412e-02
0.000000000000000000e+00 2.254140923573290725e-02 1.453877704504843906e-03 1.156126251765312030e-01 1.205501954105813317e-01 7.255635723506473345e-02 3.625738582875951549e-02 3.764607195580861598e-02 0.000000000000000000e+00 3.684866730267042506e-02 0.000000000000000000e+00 4.222001893547815826e-02 0.000000000000000000e+00 0.000000000000000000e+00 2.559223797820225910e-01 1.621766507932351220e-02 0.000000000000000000e+00 6.178668880330341617e-03 0.000000000000000000e+00 1.355199328534645482e-02 1.471235677790456824e-02 2.509392743801688256e-03 1.457008685574104302e-03 6.591068567562463620e-02 1.378532403049403943e-01
0.000000000000000000e+00 2.331279812211858316e-01 1.006337819044256926e-01 0.000000000000000000e+00 3.381059969007196853e-02 0.000000000000000000e+00 0.000000000000000000e+00 1.424200570247105904e-02 7.027048034832174619e-03 7.634905040232345397e-02 6.729473350240770119e-03 1.580086910734069816e-01 9.129161745372015024e-02 3.256513566735267165e-03 7.150517064757171137e-02 2.381181983343278775e-03 0.000000000000000000e+00 0.000000000000000000e+00 3.354459964283727780e-02 1.393104667196779119e-02 0.000000000000000000e+00 0.000000000000000000e+00 5.292677376709601852e-03 1.969156672649391773e-02 1.291769945516631490e-01
3.796812181373576678e-02 0.000000000000000000e+00 0.000000000000000000e+00 2.647284142964733550e-02 1.306365254515977903e-01 0.000000000000000000e+00 1.051435686980494028e-01 3.299252860049057406e-02 0.000000000000000000e+00 1.565913972489539341e-01 1.453319508897674833e-02 3.351939307018614051e-03 1.369523871422353989e-02 4.881772280811552678e-02 1.565526357657620049e-01 9.685565469070895120e-03 1.105280920638190001e-01 8.183127023729391825e-03 0.000000000000000000e+00 0.000000000000000000e+00 3.538497171132706136e-04 1.762981109137390714e-02 1.224041415423297724e-01 0.000000000000000000e+00 4.459698165992611804e-03
3.031748083408357039e-02 0.000000000000000000e+00 1.297803370718703664e-01 7.572642327308611726e-03 2.025227543480512260e-01 0.000000000000000000e+00 1.937596398590133231e-02 2.820106220018169657e-02 0.000000000000000000e+00 1.162548980850183211e-01 0.000000000000000000e+00 1.224695293967942300e-01 1.324727831734144254e-02 1.069364252677284036e-02 2.186225858918111054e-01 0.000000000000000000e+00 2.672924036715829121e-02 2.968481434200869948e-03 0.000000000000000000e+00 0.000000000000000000e+00 2.581207247510112525e-03 0.000000000000000000e+00 1.709545265145427304e-02 3.881854203473195097e-02 1.274890127980960429e-02
3.436167107456924302e-02 1.128412750409903964e-01 5.966165301230006573e-02 0.000000000000000000e+00 0.000000000000000000e+00 4.402572238371205149e-03 2.785668688646639884e-02 1.418599397313218546e-01 4.053320873330003987e-02 0.000000000000000000e+00 1.376397429597737802e-02 9.226759732614372989e-02 0.000000000000000000e+00 0.000000000000000000e+00 1.349674151034871601e-02 0.000000000000000000e+00 1.015743963920483911e-01 2.355900364201601784e-03 1.998245480292815401e-01 0.000000000000000000e+00 0.000000000000000000e+00 1.361038961899878851e-02 1.312276613463108921e-01 1.036178439936972367e-02 0.000000000000000000e+00
0.000000000000000000e+00 1.245743656798218996e-01 0.000000000000000000e+00 1.465694348478834563e-01 2.063237942181675791e-02 9.846639811685297880e-03 0.000000000000000000e+00 0.000000000000000000e+00 0.000000000000000000e+00 1.196270165395295175e-02 0.000000000000000000e+00 1.426353205426693915e-01 4.826562719696424197e-02 5.542699675496003120e-02 3.566511426234305476e-02 3.923014930139999412e-02 0.000000000000000000e+00 0.000000000000000000e+00 2.159078682474412370e-01 1.574857156999493954e-02 0.000000000000000000e+00 0.000000000000000000e+00 1.213030400924590690e-01 0.000000000000000000e+00 1.223179061660771560e-02
3.981336554300219689e-03 1.852913918198227335e-04 7.246579791782129833e-04 4.407437668456501423e-02 1.420860064798810662e-01 0.000000000000000000e+00 7.453196389928404275e-03 3.776732136871756990e-02 0.000000000000000000e+00 7.425575965766930200e-04 0.000000000000000000e+00 1.836223014299365880e-02 0.000000000000000000e+00 0.000000000000000000e+00 1.864999362049208076e-01 1.848253926369852361e-03 1.331367555097141657e-02 8.858568416372530245e-04 2.670090125537658010e-01 5.864956676673453023e-02 0.000000000000000000e+00 2.188080000506421527e-03 1.272053662084698389e-01 0.000000000000000000e+00 8.702327735866345615e-02
1.615073046475489285e-02 1.131676377250543930e-01 0.000000000000000000e+00 4.061873912084189991e-02 2.049246812986948996e-02 1.122241095855310844e-01 0.000000000000000000e+00 5.982135014626827757e-02 0.000000000000000000e+00 2.038406320927995882e-02 0.000000000000000000e+00 2.131578471213304571e-01 0.000000000000000000e+00 3.439777693703783851e-03 1.046615607088038913e-01 3.428654919362816183e-04 1.499021305231923624e-02 0.000000000000000000e+00 6.281746644823853198e-02 0.000000000000000000e+00 3.332410797856251439e-02 0.000000000000000000e+00 9.890765500572065716e-02 6.709697804925217335e-02 1.840243006853242366e-02
1.741447033620032933e-02 1.021999209344438830e-01 6.350529384481160000e-02 0.000000000000000000e+00 1.313271985590133695e-01 0.000000000000000000e+00 7.476879593594931532e-03 1.152826881840643414e-01 3.888430041747023818e-03 1.420772260284551836e-01 0.000000000000000000e+00 6.742932416435527820e-02 0.000000000000000000e+00 0.000000000000000000e+00 2.519161536441440197e-02 0.000000000000000000e+00 1.232560769794828828e-02 0.000000000000000000e+00 2.138453768035976366e-02 0.000000000000000000e+00 0.000000000000000000e+00 1.561369266648367400e-03 2.145567037216889739e-01 5.173710991253109570e-02 2.264162466972294979e-02
3.434634403029110730e-03 8.406435985618961049e-02 1.722078425148696260e-02 0.000000000000000000e+00 1.533817032234612854e-01 0.000000000000000000e+00 8.989419749675854610e-02 0.000000000000000000e+00 4.348052101255734520e-03 1.108474951302455477e-02 2.192033801573546950e-02 4.235956513509474275e-02 3.555013148029073644e-02 0.000000000000000000e+00 1.502143529828286472e-01 0.000000000000000000e+00 8.044476227877571384e-02 0.000000000000000000e+00 5.189531439556127612e-02 2.797118721184735368e-02 0.000000000000000000e+00 1.371050300723698247e-02 1.398072849970439235e-01 4.972210772660383415e-02 2.297597192377551917e-02
2.039150260307973517e-03 0.000000000000000000e+00 1.313863193928848927e-01 0.000000000000000000e+00 2.922328870392976868e-02 0.000000000000000000e+00 0.000000000000000000e+00 1.277605606812609595e-01 0.000000000000000000e+00 7.149270924405060415e-03 0.000000000000000000e+00 1.924823705144786401e-01 1.032858728167429380e-01 0.000000000000000000e+00 2.078858035166012211e-02 0.000000000000000000e+00 1.602692751997318241e-02 0.000000000000000000e+00 2.745618648284222849e-02 2.051108835714138962e-02 0.000000000000000000e+00 0.000000000000000000e+00 1.176391121341925083e-01 2.042512718601804389e-01 0.000000000000000000e+00
0.000000000000000000e+00 9.260161177796018273e-02 0.000000000000000000e+00 1.938740533957139869e-02 1.261998705337674942e-01 0.000000000000000000e+00 0.000000000000000000e+00 0.000000000000000000e+00 0.000000000000000000e+00 1.227748130979569065e-02 0.000000000000000000e+00 1.340863995550792831e-01 5.139943439245295287e-02 0.000000000000000000e+00 2.058819428250091288e-01 0.000000000000000000e+00 2.505480129915634013e-02 0.000000000000000000e+00 4.516856295026221851e-03 0.000000000000000000e+00 0.000000000000000000e+00 0.000000000000000000e+00 0.000000000000000000e+00 1.907256334615632098e-01 1.378685632106181891e-01
0.000000000000000000e+00 9.794296609924112162e-02 6.756481169149022858e-02 0.000000000000000000e+00 1.337666527033963548e-01 5.255609775422494072e-03 1.351205251238214722e-02 2.830095552661395647e-02 1.119997474168614275e-02 9.510487840413823363e-03 0.000000000000000000e+00 2.433066883178057818e-02 1.085739770090810886e-02 0.000000000000000000e+00 1.443136890637497227e-01 2.685652902157944014e-02 2.007291634569848687e-02 0.000000000000000000e+00 2.557143488846616575e-01 0.000000000000000000e+00 0.000000000000000000e+00 4.502228658565050196e-03 2.086240049538307800e-02 0.000000000000000000e+00 1.254363101070277431e-01
0.000000000000000000e+00 5.803249529481213122e-03 1.088567658989626026e-03 7.450995263318967166e-02 2.163122609156602205e-02 2.024298947077335029e-02 9.317679151315996777e-02 1.413588122296277061e-01 0.000000000000000000e+00 1.712291477505822890e-01 0.000000000000000000e+00 6.304882668007778801e-02 0.000000000000000000e+00 0.000000000000000000e+00 3.930187912826281493e-02 9.793810891018296660e-02 4.469534980131367047e-02 0.000000000000000000e+00 1.101168415367956462e-02 0.000000000000000000e+00 0.000000000000000000e+00 5.784774968991451653e-03 1.532168721546767025e-02 1.499950275256527743e-01 4.386192473900139832e-02
0.000000000000000000e+00 1.470229542411914669e-02 0.000000000000000000e+00 0.000000000000000000e+00 0.000000000000000000e+00 1.943537189824683445e-02 4.081281396649594218e-02 0.000000000000000000e+00 0.000000000000000000e+00 0.000000000000000000e+00 2.056259755510152915e-02 1.683084777254075237e-01 0.000000000000000000e+00 0.000000000000000000e+00 1.652601773757304271e-01 2.033780696135722987e-02 0.000000000000000000e+00 4.494414794603161789e-02 1.946689354884705292e-01 0.000000000000000000e+00 0.000000000000000000e+00 2.324169215005428973e-02 1.401286172106578354e-01 1.061735704324146268e-01 4.142349586591251992e-02
0.000000000000000000e+00 5.341239716434782042e-02 0.000000000000000000e+00 9.462266735180493993e-02 1.414689997719960068e-01 5.183665091831173369e-03 0.000000000000000000e+00 7.801840140839015614e-02 0.000000000000000000e+00 1.965153534992733209e-01 0.000000000000000000e+00 2.307803249578935581e-02 0.000000000000000000e+00 0.000000000000000000e+00 6.974393249253649230e-02 0.000000000000000000e+00 0.000000000000000000e+00 5.883288376726925235e-03 2.182523406467078500e-02 0.000000000000000000e+00 0.000000000000000000e+00 0.000000000000000000e+00 8.178525348859581878e-02 2.284627747940373432e-01 0.000000000000000000e+00
7.837569055771141657e-02 9.430050163412005693e-02 0.000000000000000000e+00 0.000000000000000000e+00 6.217590057231756062e-02 0.000000000000000000e+00 2.255487856690206391e-02 6.112350029857330051e-03 0.000000000000000000e+00 6.558177774242748836e-02 0.000000000000000000e+00 1.218386755500614066e-01 0.000000000000000000e+00 0.000000000000000000e+00 1.855518567534678864e-01 2.627456121788584661e-02 0.000000000000000000e+00 0.000000000000000000e+00 0.000000000000000000e+00 0.000000000000000000e+00 3.687628712801205300e-02 0.000000000000000000e+00 4.155904574008499608e-02 1.550922714071694686e-01 1.037062030999823248e-01
2.554199263527798160e-03 1.285731570067554785e-01 1.391549470570774445e-02 8.809215984667564947e-03 7.063238939805546734e-02 0.000000000000000000e+00 0.000000000000000000e+00 8.367782147225189329e-03 0.000000000000000000e+00 3.515757296093714734e-02 7.133183993676630967e-03 8.112128914075117381e-02 2.342620279723180154e-02 5.831441204284170017e-03 2.712792024117131606e-01 0.000000000000000000e+00 4.996920347591611924e-03 1.982723414006197157e-02 4.895729898470585484e-02 2.326815456187952130e-02 1.591447775286927366e-02 0.000000000000000000e+00 0.000000000000000000e+00 1.058902738149431963e-02 2.196457558168640745e-01
0.000000000000000000e+00 4.351385327349961002e-02 4.514188796788157904e-02 0.000000000000000000e+00 2.439382847582891034e-02 0.000000000000000000e+00 0.000000000000000000e+00 2.067217053589618866e-02 0.000000000000000000e+00 0.000000000000000000e+00 0.000000000000000000e+00 2.133377261597213803e-01 3.067755183158179383e-02 0.000000000000000000e+00 1.952255444711392951e-01 0.000000000000000000e+00 1.378727102363732845e-02 0.000000000000000000e+00 0.000000000000000000e+00 0.000000000000000000e+00 1.387322184738107658e-02 0.000000000000000000e+00 1.143969511455787541e-01 2.849799932678541148e-01 0.000000000000000000e+00
1.809648932874089247e-02 2.272545006569375720e-02 7.681266290942456720e-03 4.466432614605240180e-03 4.462597451510011415e-02 0.000000000000000000e+00 8.157758801682112038e-02 3.637539212318046528e-02 0.000000000000000000e+00 5.086332890769049153e-02 0.000000000000000000e+00 1.176455552785570791e-01 0.000000000000000000e+00 0.000000000000000000e+00 2.819953005744909591e-01 0.000000000000000000e+00 0.000000000000000000e+00 0.000000000000000000e+00 0.000000000000000000e+00 7.059271668847340135e-03 0.000000000000000000e+00 1.391781309888934573e-02 1.277943261656951102e-01 1.851758113507455394e-01 0.000000000000000000e+00
0.000000000000000000e+00 0.000000000000000000e+00 1.331922995457638335e-02 2.127953269385149740e-02 1.218279934170025808e-01 3.110179470356508671e-02 7.042897870874420541e-02 0.000000000000000000e+00 0.000000000000000000e+00 9.687515972652115115e-02 8.718666638535410227e-03 1.750064764768400911e-03 1.583284306070477029e-02 0.000000000000000000e+00 1.976275116169791124e-01 0.000000000000000000e+00 0.000000000000000000e+00 1.564880787076956825e-03 1.657286217066752942e-01 2.196247914319773235e-03 4.451465365340136898e-02 3.124205179676750599e-02 0.000000000000000000e+00 5.028218788896668401e-02 1.257095809675438935e-01
0.000000000000000000e+00 4.177885398662705557e-02 4.426384010225891535e-02 8.286418082841352090e-03 9.444651711927712356e-02 1.129619866588930238e-01 6.005298492989726011e-02 2.493422889247598126e-02 2.294271471019917671e-02 1.100419451400025672e-01 0.000000000000000000e+00 0.000000000000000000e+00 8.788896771460778801e-02 0.000000000000000000e+00 2.345258119926269674e-03 8.475358291095066998e-02 3.380058546016394966e-02 1.223099872267735186e-02 1.587879054225028452e-01 9.693323953463764756e-03 0.000000000000000000e+00 0.000000000000000000e+00 5.997742883236829858e-02 1.223080542601825797e-02 1.858165381484837980e-02
4.181913293994182074e-03 1.834826725448055959e-02 5.059935788829933445e-03 0.000000000000000000e+00 0.000000000000000000e+00 5.048164221537436783e-03 1.004198975362497609e-01 2.623157032510900141e-02 8.202865302196504088e-03 1.971989094642803697e-01 5.749619346147854387e-03 5.900284423750594420e-02 1.453419557816737831e-02 8.464160768245736211e-03 1.999948191342423853e-01 0.000000000000000000e+00 9.616856417328868700e-02 8.870263531925275113e-02 6.676722062213449882e-02 0.000000000000000000e+00 0.000000000000000000e+00 0.000000000000000000e+00 4.371430943891095600e-02 5.221010819542597908e-02 0.000000000000000000e+00
1.629224260351679401e-02 0.000000000000000000e+00 0.000000000000000000e+00 8.862931757760181967e-03 4.474968666313618171e-02 0.000000000000000000e+00 0.000000000000000000e+00 8.579274086568020041e-02 1.190498271534957790e-02 3.627934812339873166e-02 4.563989163523303472e-03 5.751399081648846112e-02 2.139067162490621843e-01 0.000000000000000000e+00 1.721611017282778655e-01 9.179495915802626848e-04 7.070996554291224213e-04 7.587256350874426424e-03 0.000000000000000000e+00 5.572916630211859762e-02 0.000000000000000000e+00 0.000000000000000000e+00 1.422470677834700714e-01 1.260462208240847315e-01 1.473750880624942819e-02
8.498577113374368441e-02 3.599677384024956017e-02 0.000000000000000000e+00 4.570505730009097919e-05 1.314526235044514435e-01 0.000000000000000000e+00 0.000000000000000000e+00 1.342437023439046750e-01 0.000000000000000000e+00 0.000000000000000000e+00 0.000000000000000000e+00 1.929291511308793561e-01 0.000000000000000000e+00 0.000000000000000000e+00 2.821504033410226261e-03 4.934674718211579623e-03 0.000000000000000000e+00 1.067148229312687990e-02 1.928063474261557386e-01 0.000000000000000000e+00 0.000000000000000000e+00 0.000000000000000000e+00 1.493472194697711974e-01 5.976504504879565083e-02 0.000000000000000000e+00
0.000000000000000000e+00 6.087961653561681230e-02 1.185659371007100060e-01 6.558885986062559272e-03 1.464310769896079271e-02 0.000000000000000000e+00 8.637036954562835739e-03 1.838525909949043358e-01 0.000000000000000000e+00 2.815776984021709298e-02 1.648641692135738301e-02 1.102593374942085341e-01 3.641285246021188412e-03 4.283599411459206897e-03 1.586126043658456219e-01 0.000000000000000000e+00 0.000000000000000000e+00 9.038721481720971701e-03 1.097975033060482643e-02 2.052687562092645607e-02 0.000000000000000000e+00 0.000000000000000000e+00 0.000000000000000000e+00 1.072596619110136734e-01 1.376168021058077062e-01
0.000000000000000000e+00 0.000000000000000000e+00 0.000000000000000000e+00 1.102573193027640980e-01 7.020636790718388920e-02 2.484985173196623681e-02 1.087679866364069797e-01 0.000000000000000000e+00 0.000000000000000000e+00 0.000000000000000000e+00 0.000000000000000000e+00 1.213754711361826194e-01 2.125137203725953328e-02 0.000000000000000000e+00 7.639378431935639653e-03 0.000000000000000000e+00 0.000000000000000000e+00 0.000000000000000000e+00 2.414889399149874050e-01 9.476081882019141145e-02 0.000000000000000000e+00 0.000000000000000000e+00 1.388902577828273199e-01 6.051223629829493439e-02 0.000000000000000000e+00
5.199197048811938018e-03 0.000000000000000000e+00 2.270033433524909407e-03 1.475775819644099037e-03 0.000000000000000000e+00 1.458986083214803414e-02 1.412026822017471428e-01 1.898890672691305737e-01 0.000000000000000000e+00 0.000000000000000000e+00 0.000000000000000000e+00 1.554642094587318779e-01 0.000000000000000000e+00 8.689795980873478085e-03 1.159252852290496190e-02 0.000000000000000000e+00 1.248160788475240340e-01 0.000000000000000000e+00 0.000000000000000000e+00 0.000000000000000000e+00 0.000000000000000000e+00 0.000000000000000000e+00 8.545158934569271544e-03 2.080458242800984348e-01 1.282197873702910773e-01
0.000000000000000000e+00 9.528312954132470147e-02 0.000000000000000000e+00 7.468348578739637811e-02 0.000000000000000000e+00 0.000000000000000000e+00 5.234185235662337787e-02 7.052602060523585625e-02 0.000000000000000000e+00 0.000000000000000000e+00 0.000000000000000000e+00 1.318695236553683592e-01 6.692634327480968814e-02 6.506443058317912254e-02 2.661563842966791979e-02 4.582200499427635521e-02 0.000000000000000000e+00 9.797662356986815146e-02 1.972557189000244682e-01 1.365428316131595161e-02 0.000000000000000000e+00 8.218871070952338612e-03 5.376207406995725524e-02 0.000000000000000000e+00 0.000000000000000000e+00
5.783597222337709572e-03 4.438776445749603727e-02 0.000000000000000000e+00 1.564315837799412634e-01 1.400910845148564954e-01 0.000000000000000000e+00 1.015349705275099268e-01 0.000000000000000000e+00 0.000000000000000000e+00 0.000000000000000000e+00 0.000000000000000000e+00 1.722308296428334828e-02 0.000000000000000000e+00 2.529525380219041497e-03 1.722227620090184264e-01 0.000000000000000000e+00 8.514667582747539529e-03 4.199007043279730234e-02 6.760815763706980175e-02 0.000000000000000000e+00 0.000000000000000000e+00 3.288662263064972505e-03 2.971198813258020370e-03 1.621242245519146918e-01 7.329864786348544436e-02
0.000000000000000000e+00 1.080090238372162156e-02 5.524340550588206084e-02 6.795543449092839548e-03 2.306220669161302417e-01 2.661889958223363772e-02 3.024737282787101893e-03 6.491945572267983355e-02 0.000000000000000000e+00 9.969554096810245847e-02 0.000000000000000000e+00 1.618223744748426007e-02 8.550803817974151136e-03 1.828239012456481932e-02 1.958207576736882283e-01 0.000000000000000000e+00 0.000000000000000000e+00 1.891157248619796533e-02 1.815135653436679153e-01 6.565912888927618284e-03 1.721625678827287328e-02 0.000000000000000000e+00 0.000000000000000000e+00 2.551127057058253170e-02 1.372468104800966468e-02
0.000000000000000000e+00 1.438378746183064660e-01 2.960141361220045703e-02 1.624017982255569065e-02 1.108933192719961658e-02 0.000000000000000000e+00 1.268199998956300034e-02 5.675731666439652601e-02 0.000000000000000000e+00 0.000000000000000000e+00 8.024322165118736791e-03 2.489388786456231753e-02 2.243499769876186600e-03 6.653491980698598984e-02 2.321671799306043726e-01 0.000000000000000000e+00 6.686665165652662000e-04 0.000000000000000000e+00 1.706562243140818669e-01 4.032891310714223354e-02 0.000000000000000000e+00 5.511312719346650804e-03 1.036820805376988397e-01 7.508087663379581223e-02 0.000000000000000000e+00
