6.400555486540403238e-02 7.079260969772267764e-02 3.954525788754442023e-02 1.638721529123744400e-02 8.560108594280999017e-02 3.140154671765255784e-02 5.479559084086337017e-02 0.000000000000000000e+00 2.370359668815402027e-02 1.912725872487728782e-02 6.971143371318867972e-03 2.465615613682489715e-01 2.151290600522131821e-02 0.000000000000000000e+00 2.626755288509480604e-02 1.362539697922849312e-02 1.079778981407131799e-01 1.228290189910851288e-01 3.242560287546509407e-02 1.646920272735838756e-02
1.365615191606175949e-01 3.762972347534264232e-03 0.000000000000000000e+00 1.961750621924649579e-02 0.000000000000000000e+00 1.202367342807544870e-01 2.308062835000739173e-03 1.829505203844825900e-01 0.000000000000000000e+00 2.916729812433475205e-02 1.390372868073658924e-02 3.031904688398376901e-01 0.000000000000000000e+00 0.000000000000000000e+00 0.000000000000000000e+00 7.895125604639535721e-02 0.000000000000000000e+00 8.854047453601784912e-02 2.080945854504149747e-02 0.000000000000000000e+00
1.135638764966236808e-02 8.932832421698466696e-02 9.724564895176934787e-02 1.906035637680782713e-01 5.545220706601029781e-02 0.000000000000000000e+00 0.000000000000000000e+00 2.371072829305226337e-02 2.455565844455789293e-01 0.000000000000000000e+00 0.000000000000000000e+00 0.000000000000000000e+00 4.537785636238139339e-03 0.000000000000000000e+00 0.000000000000000000e+00 0.000000000000000000e+00 1.461481813691102236e-02 9.845841574840218102e-02 1.691355360873125768e-01 0.000000000000000000e+00
0.000000000000000000e+00 6.107940793528219420e-02 1.036305916645955533e-02 0.000000000000000000e+00 1.342090665960010655e-03 0.000000000000000000e+00 0.000000000000000000e+00 5.411704305578009938e-02 1.660237392060639194e-01 8.151512326324585056e-02 0.000000000000000000e+00 4.085187687899220765e-03 1.359884917377846836e-01 8.417265202439666583e-02 0.000000000000000000e+00 8.662362997969734468e-02 0.000000000000000000e+00 1.322818283240751250e-02 2.920560213047824760e-01 9.405371140240380984e-03
2.332912178447914611e-02 6.348294496347464677e-02 2.199357446333550722e-02 0.000000000000000000e+00 8.636663225262185273e-02 6.210641113618785292e-02 2.081241940478180050e-02 1.241161919277693898e-01 9.823736612214778886e-04 1.654579280716682310e-01 8.723328655073839602e-03 0.000000000000000000e+00 0.000000000000000000e+00 0.000000000000000000e+00 1.234370142883927171e-02 0.000000000000000000e+00 0.000000000000000000e+00 2.492914295088973289e-02 2.478275711962485417e-01 1.375286581034088906e-01
1.212218079655076886e-01 0.000000000000000000e+00 7.313442519694121624e-02 9.469688823977947048e-03 7.771139165691983179e-04 1.105769151324268035e-01 6.178678807196687044e-03 8.138862156330198272e-02 7.415793966003504656e-02 0.000000000000000000e+00 0.000000000000000000e+00 2.288812239976158458e-01 0.000000000000000000e+00 0.000000000000000000e+00 0.000000000000000000e+00 8.480559463410664023e-02 0.000000000000000000e+00 1.067569860633428742e-02 9.445554316017558405e-02 1.042767485358110646e-01
4.500379725023407468e-02 0.000000000000000000e+00 9.754170270007604671e-02 1.371030245936760983e-01 5.986709220456513242e-02 0.000000000000000000e+00 0.000000000000000000e+00 5.744172088035692098e-02 6.327821798877202031e-02 3.031142727433740885e-02 0.000000000000000000e+00 2.033845043002001085e-01 2.756702156769955461e-02 1.234717335365621664e-02 1.768880896788610838e-02 0.000000000000000000e+00 0.000000000000000000e+00 2.258568932802554885e-01 2.260861563828485410e-02 0.000000000000000000e+00
0.000000000000000000e+00 7.769139820927210838e-02 5.520643484401088763e-02 1.172554330941703582e-01 8.012243080205290469e-02 0.000000000000000000e+00 3.492437424564974469e-02 1.205398169991519081e-01 7.676697930353407195e-02 0.000000000000000000e+00 0.000000000000000000e+00 1.997185463019336971e-01 0.000000000000000000e+00 0.000000000000000000e+00 0.000000000000000000e+00 0.000000000000000000e+00 0.000000000000000000e+00 7.784279571735942295e-03 1.583141421441500440e-01 7.167616448433823673e-02
3.198686096095697262e-02 1.519744463994725792e-01 9.907479254570967023e-03 1.286232010826550420e-01 1.198886247111605186e-01 5.042594393905245297e-03 6.513745022473001189e-02 1.791994990253271622e-02 0.000000000000000000e+00 2.538055521473001758e-02 0.000000000000000000e+00 1.679489946784159249e-01 6.211940674314836604e-03 0.000000000000000000e+00 7.520463333448774469e-03 1.530120668921984561e-02 0.000000000000000000e+00 1.133623509986989193e-02 1.743289605910972873e-01 6.149103678891920666e-02
4.524858029916759006e-02 1.903441607546539193e-03 0.000000000000000000e+00 1.067994254453593223e-01 1.123424276831480328e-01 0.000000000000000000e+00 7.264196613167593630e-02 1.597288625842624432e-01 2.570612452977015169e-02 0.000000000000000000e+00 0.000000000000000000e+00 1.866895065510688345e-01 0.000000000000000000e+00 1.014765097654348192e-01 3.963024234188575190e-02 0.000000000000000000e+00 0.000000000000000000e+00 0.000000000000000000e+00 0.000000000000000000e+00 1.478329130606805264e-01
1.372251158634102963e-01 8.759083926888559801e-02 0.000000000000000000e+00 0.000000000000000000e+00 1.856188958589906693e-02 1.307757812271674418e-02 0.000000000000000000e+00 0.000000000000000000e+00 5.427419935886381580e-02 1.731958814656857359e-02 0.000000000000000000e+00 2.934460169505136440e-01 8.048149781881067805e-03 0.000000000000000000e+00 9.454744451091799673e-02 0.000000000000000000e+00 3.183774237463488088e-02 1.331520091923667493e-01 0.000000000000000000e+00 1.109194268433416203e-01
9.692454293808305810e-02 2.853937632999249338e-02 0.000000000000000000e+00 0.000000000000000000e+00 0.000000000000000000e+00 3.238227157638957909e-02 0.000000000000000000e+00 6.644713032593087265e-02 1.648943014394866312e-03 1.059955183320105410e-01 1.312455280482498557e-02 1.934354855343062007e-01 8.604228796124058221e-02 0.000000000000000000e+00 3.148598816774474812e-02 0.000000000000000000e+00 0.000000000000000000e+00 1.285602242265620476e-01 0.000000000000000000e+00 2.154136787885201632e-01
1.436129624293400187e-01 9.089681807513436823e-03 0.000000000000000000e+00 0.000000000000000000e+00 1.664840119107817906e-03 9.293489929359684265e-02 0.000000000000000000e+00 0.000000000000000000e+00 2.071060446088367202e-01 8.653215894464354185e-02 0.000000000000000000e+00 2.441906154072343849e-01 1.240021640594211015e-02 4.367290045809784586e-04 5.697233820704118712e-02 0.000000000000000000e+00 0.000000000000000000e+00 6.727147630048453675e-02 2.778452331979254855e-02 5.000351415188592635e-02
6.966504966308896540e-02 0.000000000000000000e+00 7.413299078510281193e-02 1.574281402209688208e-01 4.726122494084832731e-02 1.509765626493679014e-01 5.247183766694183717e-03 0.000000000000000000e+00 1.661836782064740059e-01 0.000000000000000000e+00 0.000000000000000000e+00 1.126075414660651502e-01 0.000000000000000000e+00 0.000000000000000000e+00 1.942099823600456632e-01 0.000000000000000000e+00 0.000000000000000000e+00 5.883866195231759110e-04 0.000000000000000000e+00 2.169925932182106831e-02
5.471168401637864498e-02 5.612534778355193765e-02 9.903119007837127286e-02 1.242753520833375647e-02 0.000000000000000000e+00 0.000000000000000000e+00 0.000000000000000000e+00 0.000000000000000000e+00 8.777264176101146065e-02 1.724314916646351586e-02 0.000000000000000000e+00 1.598050680761198550e-01 0.000000000000000000e+00 1.798287367620003685e-01 1.974922678812251753e-01 5.252061521858776560e-02 0.000000000000000000e+00 0.000000000000000000e+00 0.000000000000000000e+00 8.304176404795632349e-02
1.330466389403592298e-01 0.000000000000000000e+00 3.273771494776692159e-02 3.066829543540740971e-02 0.000000000000000000e+00 6.231456807487001370e-02 3.092267256593993208e-02 1.348617651761333802e-01 1.091159497094757735e-01 0.000000000000000000e+00 0.000000000000000000e+00 1.991741118748941927e-02 0.000000000000000000e+00 0.000000000000000000e+00 0.000000000000000000e+00 0.000000000000000000e+00 0.000000000000000000e+00 9.253530258094719296e-02 2.060335353375312983e-01 1.478461460440793906e-01
2.513693804753933808e-02 0.000000000000000000e+00 0.000000000000000000e+00 8.062232671520377925e-02 1.380566814274849230e-01 1.478744337832957334e-01 7.659710015423661089e-02 1.047151176874483308e-01 1.650653148492740585e-01 8.835862272070643675e-03 0.000000000000000000e+00 1.046662443399507952e-01 5.546459984558966411e-02 0.000000000000000000e+00 1.901921649041516532e-02 0.000000000000000000e+00 0.000000000000000000e+00 0.000000000000000000e+00 3.738471439226939697e-02 3.656144999522168565e-02
0.000000000000000000e+00 1.232570851020751701e-01 0.000000000000000000e+00 2.661508910191441243e-02 9.447975179923746858e-02 3.474384086840603958e-02 0.000000000000000000e+00 0.000000000000000000e+00 1.005426728220942534e-01 2.167029936850086574e-02 0.000000000000000000e+00 3.900105958897742697e-01 0.000000000000000000e+00 0.000000000000000000e+00 1.960398654112293360e-01 0.000000000000000000e+00 0.000000000000000000e+00 0.000000000000000000e+00 0.000000000000000000e+00 1.264079963676809949e-02
4.826241436625245546e-02 3.753345865148269983e-02 0.000000000000000000e+00 1.542595494400484657e-01 0.000000000000000000e+00 0.000000000000000000e+00 0.000000000000000000e+00 2.051558792721133034e-02 0.000000000000000000e+00 0.000000000000000000e+00 2.024645692107818369e-03 2.527083716301517513e-01 0.000000000000000000e+00 0.000000000000000000e+00 1.923009674483232290e-01 0.000000000000000000e+00 5.774111164823614306e-02 4.404616581967014249e-02 9.818402435522372018e-02 9.242370302129208903e-02
0.000000000000000000e+00 1.885343652734189704e-02 9.602897750160614698e-02 6.318328520415096572e-02 3.896349271994120622e-02 6.156703949562696704e-02 0.000000000000000000e+00 7.273069840449276902e-02 6.200625166749462042e-02 0.000000000000000000e+00 0.000000000000000000e+00 5.064212061621947703e-02 0.000000000000000000e+00 1.002538572216867818e-01 1.787830978697456732e-02 0.000000000000000000e+00 6.540344612145948533e-02 2.568709465952385279e-02 1.330091142975331209e-01 1.937928757759482812e-01
1.910894268719401379e-02 1.276711846052031030e-01 0.000000000000000000e+00 0.000000000000000000e+00 0.000000000000000000e+00 3.113637021176903288e-02 2.164686187274053250e-02 0.000000000000000000e+00 0.000000000000000000e+00 7.280498237783500359e-02 1.065159747286313109e-02 2.742252222346845958e-01 8.113887081249267219e-02 0.000000000000000000e+00 2.043235091733965614e-01 3.557794426493182758e-03 0.000000000000000000e+00 0.000000000000000000e+00 0.000000000000000000e+00 1.537346641253281854e-01
9.875243816483560144e-03 6.692257221988939797e-02 1.558340470841513073e-02 0.000000000000000000e+00 9.051148572409473125e-02 2.639935830845123108e-02 9.735122351350803185e-03 9.791990663826605212e-02 1.359900447256793821e-01 0.000000000000000000e+00 1.240671722229828942e-03 2.542330369263011147e-01 6.080644343443504518e-02 0.000000000000000000e+00 1.711611857246637253e-02 0.000000000000000000e+00 0.000000000000000000e+00 3.349240203706808916e-02 1.546761531694492708e-01 2.549803564541992806e-02
9.707058684673965099e-02 6.446872597768826818e-03 6.663810642430083309e-02 0.000000000000000000e+00 1.643391442665372362e-03 7.372909220163377519e-02 2.671036916665698105e-02 0.000000000000000000e+00 6.307894571582969845e-02 1.496568850506075632e-01 7.539551565087936752e-03 5.859952891783434120e-02 1.072139622714715357e-01 1.038039897684146506e-01 0.000000000000000000e+00 0.000000000000000000e+00 0.000000000000000000e+00 0.000000000000000000e+00 1.876067955756745287e-01 5.026192245531438396e-02
9.162912418043367424e-02 1.166416025540005230e-01 2.564930091777389842e-02 2.797520777833997427e-02 1.203038685705479921e-01 3.926401940286382286e-02 0.000000000000000000e+00 7.128459064625497499e-02 0.000000000000000000e+00 1.467784272415798008e-01 5.098404017881832256e-02 1.142863050597320018e-01 0.000000000000000000e+00 0.000000000000000000e+00 0.000000000000000000e+00 0.000000000000000000e+00 3.578655722202487514e-03 0.000000000000000000e+00 1.640788524575615692e-01 2.754600528989102626e-02
1.041916200118785107e-01 5.884761213416097453e-02 9.922902312492216936e-02 6.569791407166453157e-02 7.216724271700011850e-02 0.000000000000000000e+00 5.525711861724110635e-02 4.870999784411894629e-02 0.000000000000000000e+00 1.436990057253960396e-01 0.000000000000000000e+00 0.000000000000000000e+00 3.706899629620472991e-03 0.000000000000000000e+00 4.812695984403047439e-02 3.213371946232251170e-02 0.000000000000000000e+00 3.073019909740880296e-02 9.278109706594271644e-02 1.447215906542924646e-01
2.049375061192066846e-02 0.000000000000000000e+00 0.000000000000000000e+00 3.778156952020968315e-04 6.283328363796249205e-02 0.000000000000000000e+00 0.000000000000000000e+00 8.001518978841780372e-02 1.821453761232783297e-01 4.150487261744059686e-02 0.000000000000000000e+00 2.071766919721166056e-01 4.119067848771919976e-02 1.121920598413135572e-01 2.876888364525802960e-02 4.294834290938975147e-02 0.000000000000000000e+00 0.000000000000000000e+00 1.220111087667860722e-01 5.834194590319480289e-02
1.313158991987427304e-01 4.192008090165873224e-02 1.779918787798297902e-02 1.649989625361136109e-02 1.139533372124556902e-02 0.000000000000000000e+00 0.000000000000000000e+00 1.003135500837623179e-01 1.023670797543756346e-02 0.000000000000000000e+00 0.000000000000000000e+00 3.282052299423787733e-01 1.234955003414472431e-02 0.000000000000000000e+00 1.806434310293657808e-01 1.399650321110901784e-02 1.508288033201185194e-02 0.000000000000000000e+00 2.642774086967435501e-02 9.381400856887425754e-02
0.000000000000000000e+00 0.000000000000000000e+00 2.737862926193557894e-02 3.017055803557584445e-03 1.046334222713872775e-01 0.000000000000000000e+00 0.000000000000000000e+00 0.000000000000000000e+00 1.676985008248292608e-01 1.545247639535894113e-01 0.000000000000000000e+00 5.190676068799576770e-02 1.603837848324136117e-01 0.000000000000000000e+00 0.000000000000000000e+00 0.000000000000000000e+00 0.000000000000000000e+00 0.000000000000000000e+00 3.304570823642914434e-01 0.000000000000000000e+00
7.213061278330436255e-02 1.004318555634645255e-01 3.250821170596916894e-03 6.175191837597798425e-03 7.673169676746659229e-02 3.022338742887781260e-02 2.603390000976541635e-02 8.930582991461237172e-03 5.854451023167119711e-02 7.454192192229761732e-03 7.260722555252167865e-03 2.462926420575189124e-01 0.000000000000000000e+00 0.000000000000000000e+00 0.000000000000000000e+00 0.000000000000000000e+00 1.193092317300759563e-02 1.451588098093533896e-01 1.760741441255226844e-02 1.818427370158800793e-01
1.343323473845090509e-02 0.000000000000000000e+00 9.987304086324999552e-02 0.000000000000000000e+00 0.000000000000000000e+00 0.000000000000000000e+00 0.000000000000000000e+00 0.000000000000000000e+00 6.504575716777495631e-02 1.225344896300550601e-01 1.795697019365150027e-02 2.709249713981015106e-01 0.000000000000000000e+00 1.434885630048683969e-01 1.911294253896629047e-01 0.000000000000000000e+00 5.522293318073264595e-02 2.039061443345198746e-02 0.000000000000000000e+00 0.000000000000000000e+00
0.000000000000000000e+00 0.000000000000000000e+00 0.000000000000000000e+00 0.000000000000000000e+00 1.358237612376566872e-01 0.000000000000000000e+00 0.000000000000000000e+00 0.000000000000000000e+00 2.590330810825183447e-02 7.963780698003641856e-02 0.000000000000000000e+00 4.138780120118436545e-01 0.000000000000000000e+00 1.284272046753869023e-01 2.163299069868244995e-01 0.000000000000000000e+00 0.000000000000000000e+00 0.000000000000000000e+00 0.000000000000000000e+00 0.000000000000000000e+00
0.000000000000000000e+00 0.000000000000000000e+00 0.000000000000000000e+00 1.359177823660977780e-01 0.000000000000000000e+00 4.535563603566614144e-02 0.000000000000000000e+00 6.094484015308082592e-02 3.127695267847286353e-01 3.720746356143478373e-02 0.000000000000000000e+00 8.078982775026902208e-02 4.924792000009307197e-02 0.000000000000000000e+00 2.843288312719935429e-02 0.000000000000000000e+00 3.215454311464707726e-02 2.964041182637537283e-02 1.875391652804078158e-01 0.000000000000000000e+00
4.965712301460312866e-02 0.000000000000000000e+00 3.482037524405645536e-03 1.405594905811779205e-01 1.743653113201428517e-01 1.273090329744085702e-01 0.000000000000000000e+00 0.000000000000000000e+00 1.661498253980750184e-01 2.257184532359660795e-02 0.000000000000000000e+00 7.265054518084104740e-02 0.000000000000000000e+00 0.000000000000000000e+00 0.000000000000000000e+00 3.120435733485763669e-02 0.000000000000000000e+00 4.477541356357745556e-02 1.672750177843142227e-01 0.000000000000000000e+00
1.600936973056425183e-01 3.048897124677521497e-02 3.799581979641098589e-02 1.529896265135032365e-02 4.189160550935169119e-02 9.980221426078494940e-02 0.000000000000000000e+00 5.619401422972420540e-04 9.030152732704387064e-02 2.644343376171884308e-02 0.000000000000000000e+00 1.684864232409152285e-01 1.204214963667476351e-01 1.088101228657915517e-02 7.615897711123906233e-02 0.000000000000000000e+00 0.000000000000000000e+00 0.000000000000000000e+00 3.031122192245176358e-02 9.086269707069170865e-02
0.000000000000000000e+00 9.777287072466833706e-02 0.000000000000000000e+00 0.000000000000000000e+00 2.710184075872743015e-02 1.306690189521659828e-01 0.000000000000000000e+00 0.000000000000000000e+00 1.670670070411158503e-01 1.452027468795144827e-01 0.000000000000000000e+00 1.442618747835230399e-02 1.732643014685901831e-02 0.000000000000000000e+00 3.632630029311835484e-02 6.217114388707557782e-02 0.000000000000000000e+00 0.000000000000000000e+00 1.789499929333710770e-01 1.229864609050314167e-01
9.342324730959790033e-03 1.513149027259175564e-02 8.203387564664793574e-03 0.000000000000000000e+00 1.654503966627723921e-01 0.000000000000000000e+00 0.000000000000000000e+00 1.489219414744153980e-01 5.074437930203597874e-02 0.000000000000000000e+00 0.000000000000000000e+00 1.753434359190272074e-01 2.422346219589358723e-02 1.522294414301827159e-01 2.015457787351468966e-01 1.461617636237966082e-02 3.424778534992990037e-02 0.000000000000000000e+00 0.000000000000000000e+00 0.000000000000000000e+00
0.000000000000000000e+00 1.288209875015989547e-01 0.000000000000000000e+00 0.000000000000000000e+00 4.794393160818433836e-02 1.634368927316729725e-01 1.030552534888643131e-02 1.098632129314420190e-02 1.575183862087415343e-01 2.256946616726365068e-02 0.000000000000000000e+00 9.625055264055581983e-02 0.000000000000000000e+00 2.048198749600399493e-02 2.054132422686749393e-01 0.000000000000000000e+00 0.000000000000000000e+00 0.000000000000000000e+00 1.393723185993257958e-02 1.223354748753406884e-01
1.700065655984678570e-01 2.413357940226584439e-02 0.000000000000000000e+00 7.402474093707153702e-02 0.000000000000000000e+00 0.000000000000000000e+00 5.653846110249237389e-03 6.061316120422492043e-03 3.564346018624421630e-02 7.960078585059024436e-02 0.000000000000000000e+00 3.400666340770057694e-01 0.000000000000000000e+00 0.000000000000000000e+00 0.000000000000000000e+00 2.517178475742896937e-02 2.664164674072783123e-02 5.580161761891731277e-03 1.726652666045175866e-01 3.475021185311683025e-02
5.597548906964359972e-02 0.000000000000000000e+00 1.206625156192194653e-02 4.213483685659509537e-02 0.000000000000000000e+00 2.339418391355881435e-02 4.110453218546694654e-03 2.476340938728044047e-02 9.164083764422252532e-02 1.247217469005091652e-02 0.000000000000000000e+00 1.882542978213879725e-01 1.097135858459043385e-02 1.367921512865615885e-03 4.594881622336737664e-02 4.411515334234283187e-02 1.688213783471840829e-03 1.738431845785813612e-01 1.717451203906681934e-01 9.550829742090437280e-02
0.000000000000000000e+00 0.000000000000000000e+00 0.000000000000000000e+00 7.928035699508986789e-02 5.584286379990862498e-03 1.082624527434968009e-01 0.000000000000000000e+00 0.000000000000000000e+00 4.367810689769456578e-02 4.646337657217558537e-02 0.000000000000000000e+00 2.604753110669711380e-01 9.489400152044918935e-02 1.143371647751744852e-01 3.278025730747296390e-02 0.000000000000000000e+00 1.562727519309677071e-02 8.406066340948011029e-02 2.002233890183333434e-02 9.453440823707433271e-02
2.387858949453226104e-02 0.000000000000000000e+00 0.000000000000000000e+00 0.000000000000000000e+00 3.781904298759002775e-02 1.418111534521722568e-03 5.499727759421877554e-02 2.718049608898104666e-02 0.000000000000000000e+00 1.890330842625458519e-03 0.000000000000000000e+00 1.699852868246558013e-01 0.000000000000000000e+00 0.000000000000000000e+00 1.640516191748069286e-01 0.000000000000000000e+00 1.715150240849912591e-02 1.139409665891522906e-02 2.099317527544803108e-01 2.803018936361733049e-01
1.534485383682538950e-01 5.818098462624317346e-02 0.000000000000000000e+00 8.909206035692182613e-02 4.467678639425567283e-02 0.000000000000000000e+00 0.000000000000000000e+00 4.669374570516415107e-02 5.481104532578850996e-02 1.938782548512174020e-01 1.349241604867260254e-02 1.692594037381942584e-01 0.000000000000000000e+00 1.563746571925084261e-02 2.532746822608024362e-02 2.677878587474263883e-02 0.000000000000000000e+00 1.366795855107737906e-02 0.000000000000000000e+00 9.505508621413738535e-02
0.000000000000000000e+00 2.288162434116184502e-02 7.427964442621630414e-02 0.000000000000000000e+00 1.811984513511644135e-01 0.000000000000000000e+00 0.000000000000000000e+00 4.687152291338887895e-03 9.695073439757176392e-02 0.000000000000000000e+00 0.000000000000000000e+00 1.084435737879179684e-01 0.000000000000000000e+00 1.330231658424177454e-01 2.462407369190808791e-03 3.759478703954110407e-02 6.245041535839232147e-03 0.000000000000000000e+00 1.838426922306045375e-01 1.483907253870354603e-01
1.264163952005018798e-01 6.278230316700550429e-02 1.245451625986855188e-01 0.000000000000000000e+00 1.676648736007821730e-02 2.299341471758773944e-02 0.000000000000000000e+00 0.000000000000000000e+00 4.198189018745666912e-02 6.752008011137074217e-02 0.000000000000000000e+00 1.881125676988157913e-01 8.447866061524975101e-02 0.000000000000000000e+00 1.882528825883043877e-02 0.000000000000000000e+00 0.000000000000000000e+00 6.997584098921241780e-02 1.904032968100305770e-02 1.565615794142022343e-01
6.602688820222751484e-03 4.763004024741225584e-02 0.000000000000000000e+00 1.657379711928083990e-02 4.538655659836251383e-02 1.551140795969444264e-01 0.000000000000000000e+00 0.000000000000000000e+00 1.491422762827507853e-01 3.885953551497735303e-02 0.000000000000000000e+00 9.257239425760799278e-02 7.238960931052677850e-02 0.000000000000000000e+00 2.137177903414830271e-01 0.000000000000000000e+00 3.310783711023912446e-02 0.000000000000000000e+00 1.087794778653503880e-01 2.012391693484178942e-02
0.000000000000000000e+00 0.000000000000000000e+00 9.730036978254560931e-02 1.748109227170792021e-02 9.469084045942766092e-02 0.000000000000000000e+00 0.000000000000000000e+00 0.000000000000000000e+00 1.070952247716901451e-01 1.765869350681264771e-01 0.000000000000000000e+00 2.028015094808038044e-01 2.918580399426430952e-02 1.417660185250509131e-01 8.062182581675311766e-02 0.000000000000000000e+00 0.000000000000000000e+00 0.000000000000000000e+00 1.774987608943244879e-02 3.472050374019740315e-02
1.032027725026036374e-01 0.000000000000000000e+00 3.549965724403623436e-03 0.000000000000000000e+00 2.151851853234029374e-02 0.000000000000000000e+00 3.741157161952760046e-02 0.000000000000000000e+00 2.925076917295723611e-01 1.005187795511055561e-02 1.211984270233527373e-02 1.641778311812673863e-01 0.000000000000000000e+00 1.075253850623985319e-01 3.166305105744186138e-02 0.000000000000000000e+00 0.000000000000000000e+00 0.000000000000000000e+00 5.713739359300600701e-02 1.591340983399927300e-01
6.287448970668960135e-02 3.257091381195144353e-02 9.408687773948081617e-03 2.359491050992057470e-01 1.009386394709240325e-01 1.926882365881190107e-01 0.000000000000000000e+00 0.000000000000000000e+00 0.000000000000000000e+00 2.427225216587851689e-03 0.000000000000000000e+00 0.000000000000000000e+00 0.000000000000000000e+00 7.620271555954033493e-02 3.716482642788151384e-03 0.000000000000000000e+00 8.083343186225241950e-02 3.080539593179601812e-02 1.257609626427136640e-01 4.582371369348359896e-02
2.869367345122883495e-02 2.358244182879097942e-02 3.355714276425755122e-02 1.359661931205337071e-01 0.000000000000000000e+00 0.000000000000000000e+00 1.801872091936461071e-02 1.341170350070435349e-02 5.725150891166153749e-02 4.621993235183634308e-02 6.282944467079935869e-03 1.984494806015690838e-01 0.000000000000000000e+00 2.165091693862194328e-02 0.000000000000000000e+00 0.000000000000000000e+00 0.000000000000000000e+00 3.060133776443684558e-03 1.672436503752632864e-01 2.466115569926442264e-01
6.482928617402771050e-03 3.210358095708282233e-02 3.439493977196796115e-02 0.000000000000000000e+00 9.169130111306324563e-03 1.994331599197681978e-02 2.064794213669599379e-02 4.406278922129285708e-03 2.593205270233674489e-02 1.268683272347897462e-01 0.000000000000000000e+00 1.948856340907713647e-01 0.000000000000000000e+00 8.978981715010279918e-02 1.635302478794423142e-02 0.000000000000000000e+00 7.049718370482085071e-03 0.000000000000000000e+00 2.221068064950143806e-01 1.898665026599966610e-01
