0.000000000000000000e+00 5.500155962188468806e-02 0.000000000000000000e+00 0.000000000000000000e+00 1.707411332222601521e-04 1.022106737502118667e-01 4.811249134917197634e-02 1.385657068936584730e-03 3.061124924582385790e-02 5.115438552467438046e-03 1.532154504458184061e-02 2.068821710327238550e-01 3.055146573166490215e-02 6.491612729783342861e-02 8.576190844073763170e-03 2.397127581969078075e-02 0.000000000000000000e+00 1.170556563019120033e-01 1.488738007384054207e-01 1.412439564673952652e-01
4.462158150914115329e-03 0.000000000000000000e+00 2.707580781287148228e-02 2.778432176116638064e-02 1.190766334846817126e-01 0.000000000000000000e+00 1.964433232263046447e-01 1.530974590125332713e-01 3.123787805106098894e-02 4.483146964203123253e-02 2.134074869897773299e-02 1.664335833774525930e-01 7.428973411825955618e-05 4.381342240491691714e-02 1.018768298852677605e-03 1.235018425886556977e-02 1.944508645300274327e-02 1.242282646354601373e-02 1.135714288612463914e-03 1.179563248800912512e-01
9.608990484094305853e-03 0.000000000000000000e+00 1.422310580337954322e-02 2.807747135487050766e-02 1.440698648316716124e-01 4.793534163070179224e-03 2.277894011099499960e-01 0.000000000000000000e+00 1.361718741320633030e-01 0.000000000000000000e+00 0.000000000000000000e+00 0.000000000000000000e+00 4.695510235359062062e-03 3.956750591909224957e-03 5.768194715289464564e-02 2.739909876526666621e-02 0.000000000000000000e+00 2.425575538506390474e-02 1.713731961187790753e-01 1.459034998716280396e-01
0.000000000000000000e+00 2.752439791669293243e-02 0.000000000000000000e+00 1.321775407188332738e-02 1.313349980624945249e-02 0.000000000000000000e+00 6.671323711566026424e-03 1.841170817644108282e-01 1.756859297475803217e-01 1.933300682527605563e-02 9.477909290367269798e-03 1.487603419766961865e-01 3.491906304065966332e-03 1.154182695803212394e-02 3.781966515115744651e-03 1.072043586366279166e-01 4.541848434060814788e-02 1.100856183367307645e-01 6.303238675585784434e-02 5.752220704223903747e-02
0.000000000000000000e+00 2.960047455820657633e-02 7.234656289693743719e-03 3.843350776839328520e-02 3.033292137668790189e-02 1.247480775877135850e-01 1.419159463698969545e-03 2.120579962214243219e-01 2.635277748174482196e-02 0.000000000000000000e+00 2.516066350774344429e-03 7.001933280896573131e-02 2.751010348159311364e-02 3.043252925194944031e-02 7.309418314830124679e-04 0.000000000000000000e+00 0.000000000000000000e+00 1.239165506936931033e-01 1.373202139325464255e-01 1.373746909014316175e-01
2.660200131004438612e-02 0.000000000000000000e+00 0.000000000000000000e+00 9.934212788729729349e-02 2.049821625669224004e-02 7.940315652163802002e-03 5.191693533137304445e-02 1.335048593151688945e-01 9.304101790743900258e-02 8.993183280185499881e-03 0.000000000000000000e+00 2.808947243529999471e-01 0.000000000000000000e+00 1.135841206433298584e-01 1.128873820599714424e-02 1.339866814417626506e-01 0.000000000000000000e+00 0.000000000000000000e+00 1.314914448598905605e-02 5.257933929557213545e-03
1.182997045531965436e-03 1.488448361323561897e-02 0.000000000000000000e+00 1.200903523730710160e-01 1.252366384650939746e-01 4.487981404400278457e-02 1.174025808395575271e-01 1.284862675413156463e-01 1.398909893626013590e-01 0.000000000000000000e+00 0.000000000000000000e+00 1.498377781960086585e-01 7.134403188923187089e-03 3.833218667724088043e-03 8.352841862465384222e-04 2.158385505601510129e-02 6.437920818912978849e-03 6.412704296922208669e-02 3.030685444784193480e-02 2.384951918469540785e-02
2.197959881805501905e-02 3.772533762281832063e-03 0.000000000000000000e+00 1.319946599711529361e-02 9.725828885826309778e-02 0.000000000000000000e+00 3.502337435858832865e-03 1.154639706676269112e-01 2.046327974438864883e-01 6.672423353643406468e-04 0.000000000000000000e+00 1.528227343926970849e-01 7.629248679424459334e-03 3.631095543047286461e-02 1.459312659671275214e-01 8.695928566133364485e-04 8.340629553893188705e-04 3.011031111634922958e-02 5.169699426028213397e-03 1.598458938574460197e-01
2.366685620853984859e-02 3.007844731088127679e-02 1.840397324908692742e-03 1.492172146657035244e-02 1.430825545045680824e-01 6.668095699016270139e-02 4.253828413465206813e-03 1.206202630608571996e-01 1.715250209735204312e-01 1.240322884307108603e-01 5.273648544149631308e-03 2.429444868459303825e-03 8.770440791993312302e-04 9.456734504009159381e-02 1.900721387242169588e-02 3.609211127518517637e-02 4.915676031726288336e-02 1.084097794026172949e-02 4.404121119048202970e-02 3.701190818830198820e-02
3.084973812068486643e-02 1.134034421356293620e-01 1.048895720269288649e-03 8.209078265502313398e-02 1.193223640578460476e-01 4.521481064504799530e-02 5.681306695645412658e-02 1.264217454791683945e-02 5.250599314377752541e-02 1.111176426077919825e-02 6.992638135128590631e-04 1.678204682938126691e-01 1.187527485038808971e-02 6.483840214271692493e-02 5.092453468556783691e-04 6.574799387216995195e-02 4.852039180493852334e-03 1.315444933987187648e-01 2.353243545430199618e-02 3.577351403600784185e-03
2.764548412005208081e-03 1.374523066449135078e-01 0.000000000000000000e+00 3.562292050505412675e-03 0.000000000000000000e+00 7.402267444035185058e-03 7.796249708199570749e-02 0.000000000000000000e+00 2.000811209738489471e-01 0.000000000000000000e+00 1.565739494723263460e-03 1.121901728774880591e-01 2.427174383886059050e-02 0.000000000000000000e+00 3.104730044854468393e-02 0.000000000000000000e+00 1.176951989050780550e-02 1.323091509346246142e-01 1.306438974444120160e-01 1.269774424635349563e-01
3.752246237346244795e-02 1.399612971128083756e-02 3.310396043141915906e-02 0.000000000000000000e+00 1.956966824914460959e-02 7.278424718217307854e-02 1.015503551142748345e-02 1.129912042338821615e-01 1.254662910243055721e-02 4.785077931403092233e-03 2.790676872652139012e-02 2.251146952221013964e-01 0.000000000000000000e+00 0.000000000000000000e+00 2.147503311958944006e-02 1.147942455736710166e-01 9.690746748514828326e-03 1.243626384423675429e-01 1.197061531566639622e-02 1.472308421249447219e-01
1.961247009995866625e-02 0.000000000000000000e+00 5.211331767712506450e-04 0.000000000000000000e+00 1.227336787138420676e-01 5.005889673753902147e-02 4.340602166183939875e-02 9.851462569029290073e-02 1.992343164986453974e-01 4.293809558174588141e-03 0.000000000000000000e+00 1.724241296492193265e-01 0.000000000000000000e+00 1.642148989516489105e-02 1.413336154792003974e-01 0.000000000000000000e+00 2.835060701451929885e-03 1.286107521379000751e-01 0.000000000000000000e+00 0.000000000000000000e+00
3.926453342467501467e-02 7.972478977003531753e-03 0.000000000000000000e+00 1.262416950464537446e-01 1.151064939803653070e-01 1.583077729793461730e-01 5.048761180700848950e-02 2.666831710214005030e-02 0.000000000000000000e+00 1.972174168369363739e-02 0.000000000000000000e+00 2.254658420150001674e-01 1.462484405949276423e-01 1.079333037892485359e-02 2.416752382795873608e-02 2.716261079325248476e-02 0.000000000000000000e+00 1.315551912033429034e-02 9.236088268915892963e-03 0.000000000000000000e+00
1.872245799231934613e-02 0.000000000000000000e+00 8.477978888292726214e-04 7.249517602913717329e-02 1.300903449094806263e-02 4.925526284033780039e-02 5.015648023473715661e-02 1.063280144561660895e-01 1.535235369885647738e-01 1.698839989119600713e-02 0.000000000000000000e+00 1.788152400109412066e-01 0.000000000000000000e+00 3.393026693779364888e-02 1.479377811921176733e-01 3.858053500267855963e-03 3.367657325574892335e-02 9.398730450921533031e-02 6.502290955672481235e-03 1.996632882600708758e-02
4.019840161569493420e-02 1.060807131700286510e-01 1.694939129241949949e-02 7.432331795944012443e-02 1.221384930206278752e-01 1.072168883399154810e-01 1.613457408702783508e-02 1.660922887257995292e-02 6.493436324443230094e-03 0.000000000000000000e+00 1.180358187838617331e-02 1.505183467582608403e-01 0.000000000000000000e+00 0.000000000000000000e+00 6.025974109422636664e-03 0.000000000000000000e+00 0.000000000000000000e+00 1.225098941598488228e-02 1.728458870976345707e-01 1.404107760581333464e-01
1.192881202048687861e-01 3.691657709411590854e-02 0.000000000000000000e+00 0.000000000000000000e+00 1.615677306479281206e-01 1.098773587820240233e-01 0.000000000000000000e+00 1.898006094535640009e-01 4.624767145334233304e-02 0.000000000000000000e+00 0.000000000000000000e+00 1.274013275229430864e-01 0.000000000000000000e+00 0.000000000000000000e+00 3.035486238507170351e-02 7.797788489710726773e-03 0.000000000000000000e+00 1.173948918539525071e-01 4.815952732943887260e-02 5.193534783039962383e-03
3.221784050584298315e-02 2.260721217064652969e-02 0.000000000000000000e+00 1.232779904169667984e-01 3.136805489611690922e-03 2.871131300628421493e-02 3.675854035455109609e-02 2.392589188221518406e-02 2.823883156927665602e-02 2.828414416011336072e-02 5.876767438664878482e-03 3.560944995042649719e-01 8.209348427078019816e-02 1.037346385696266129e-03 1.546807829046390470e-01 0.000000000000000000e+00 4.158126530558024780e-02 0.000000000000000000e+00 0.000000000000000000e+00 3.147728463486584166e-02
0.000000000000000000e+00 5.721866099795910876e-02 0.000000000000000000e+00 2.030739101107422728e-01 0.000000000000000000e+00 4.339816775594885004e-03 3.405039507158260509e-02 0.000000000000000000e+00 1.411356295837281651e-02 0.000000000000000000e+00 0.000000000000000000e+00 1.742614201245755445e-01 0.000000000000000000e+00 0.000000000000000000e+00 1.769501466673701062e-01 0.000000000000000000e+00 1.025416633694612584e-01 1.205301199798124862e-01 5.793737579143398361e-03 1.071265663653854644e-01
3.497231934336059167e-02 4.784319193494802197e-02 1.069272780510492071e-01 1.169144845412869484e-03 4.586870073160682904e-02 1.731434672575237615e-02 9.333089967157530420e-02 7.810172067966383164e-03 1.131590432625019377e-01 2.538484869602721135e-03 2.311846183817676051e-02 4.253030415707780010e-02 2.388028825925692100e-02 7.815602754586117168e-03 0.000000000000000000e+00 3.005684999413206840e-02 0.000000000000000000e+00 1.292530693667163222e-01 1.345190419651804692e-01 1.378928001610974508e-01
1.045856979239985322e-02 9.798073106426018197e-02 0.000000000000000000e+00 1.617898207540263422e-01 0.000000000000000000e+00 0.000000000000000000e+00 1.011533087046406210e-01 8.443959668909639671e-02 0.000000000000000000e+00 0.000000000000000000e+00 0.000000000000000000e+00 1.744993642307164916e-01 9.557889354344506483e-02 2.834616097013709091e-02 1.716991226489505973e-01 1.126193332956387100e-02 0.000000000000000000e+00 0.000000000000000000e+00 0.000000000000000000e+00 6.279249827276338347e-02
2.825122086049355191e-02 0.000000000000000000e+00 1.200351862278699160e-02 0.000000000000000000e+00 1.229569593884492773e-01 1.411818441718070034e-02 2.614812564937004508e-03 2.282620541688177018e-01 6.428819487613918193e-02 2.163696670396054317e-02 0.000000000000000000e+00 1.948609761816635366e-01 0.000000000000000000e+00 0.000000000000000000e+00 2.105953110507812354e-03 0.000000000000000000e+00 0.000000000000000000e+00 1.322977307105038802e-01 1.766034283945598360e-01 0.000000000000000000e+00
0.000000000000000000e+00 1.446419285138052513e-01 0.000000000000000000e+00 3.271075267716542362e-02 1.511377652755850343e-01 0.000000000000000000e+00 1.039792742847443913e-01 0.000000000000000000e+00 1.291785583279329297e-01 1.222884156775398828e-01 1.603076908999461966e-02 5.313121660345732772e-02 5.902004354085300247e-02 0.000000000000000000e+00 2.734038516810665276e-03 0.000000000000000000e+00 0.000000000000000000e+00 1.619806575000579466e-02 1.689491717421057471e-01 0.000000000000000000e+00
1.609639460708308517e-02 3.587913249376258051e-02 1.880442579049127622e-02 0.000000000000000000e+00 2.864434635215120512e-02 8.160950171456464453e-02 1.360003713679852899e-01 5.594433803857329661e-04 2.660549336115902025e-02 0.000000000000000000e+00 1.384784365753244026e-02 4.497031004500902547e-03 1.392748842526001507e-01 0.000000000000000000e+00 3.649476094570730609e-03 2.595146067064165590e-02 8.973002012654754389e-02 2.024914668160829045e-01 1.614192676612948296e-01 1.493944064864601191e-02
8.457927746544911807e-02 4.548450536646554687e-02 9.478992024473432716e-04 5.392408320773159916e-05 1.587160990169739216e-01 0.000000000000000000e+00 2.008519468192498103e-01 7.451322526258825907e-02 0.000000000000000000e+00 3.145330212726681757e-02 1.857407116078111904e-04 0.000000000000000000e+00 0.000000000000000000e+00 4.315241905697688590e-02 5.013151555725051112e-02 1.925361034959018102e-03 0.000000000000000000e+00 1.477510955392104808e-01 0.000000000000000000e+00 1.602536887563466850e-01
