2.392517123779240584e-02 7.450779336094456862e-02 0.000000000000000000e+00 6.080520348794168917e-02 4.105767510975734565e-03 1.236705062733014227e-01 0.000000000000000000e+00 0.000000000000000000e+00 7.446721372484082536e-03 0.000000000000000000e+00 0.000000000000000000e+00 8.396733850877675931e-02 1.589885246854675915e-01 0.000000000000000000e+00 0.000000000000000000e+00 7.927646050391125299e-03 1.892894596964513759e-02 1.251774869097607157e-01 1.602867687999595669e-01 1.502621258325590736e-01
6.946975004925244612e-02 0.000000000000000000e+00 0.000000000000000000e+00 1.034159189404507961e-01 3.433208405710243966e-02 2.696770249062390313e-03 0.000000000000000000e+00 1.693179226366993695e-01 8.139272026574746743e-02 0.000000000000000000e+00 0.000000000000000000e+00 1.620866189355422982e-01 4.340108762560457994e-02 4.441757220903197467e-02 0.000000000000000000e+00 0.000000000000000000e+00 1.756893743872892932e-01 2.954921760901637814e-02 9.840751534931075142e-03 7.439021150026946250e-02
0.000000000000000000e+00 1.690221813104458015e-01 0.000000000000000000e+00 0.000000000000000000e+00 1.705349651351087403e-01 1.710540913357811929e-02 6.279403973518299376e-02 0.000000000000000000e+00 4.404371806080261548e-02 0.000000000000000000e+00 0.000000000000000000e+00 0.000000000000000000e+00 1.135943037632922148e-02 1.877159971636232702e-02 1.347415895664452051e-02 0.000000000000000000e+00 6.940352173538314037e-04 1.601750701447331726e-01 1.740592948829486342e-01 1.579660973305100913e-01
0.000000000000000000e+00 1.111157024464132920e-01 0.000000000000000000e+00 9.078627100479680356e-02 0.000000000000000000e+00 1.009772630860796272e-01 2.105586225751876137e-02 5.351959867456598102e-02 1.256771655697515866e-01 6.737658888693295878e-02 0.000000000000000000e+00 1.211563069936809067e-01 0.000000000000000000e+00 0.000000000000000000e+00 1.473118788040111704e-01 0.000000000000000000e+00 5.114038361497879465e-02 2.399632809053593285e-03 1.080112166225409044e-02 9.668222418996251510e-02
0.000000000000000000e+00 1.101637838528422841e-02 1.044149331655965136e-02 1.578824347579747822e-02 2.109718472868713501e-01 1.407221507145881567e-01 8.945831402341807015e-03 1.483812691048839449e-01 3.711009756697229711e-02 0.000000000000000000e+00 0.000000000000000000e+00 2.554611957295950878e-02 2.560894232164346099e-02 0.000000000000000000e+00 1.882343000684635588e-03 0.000000000000000000e+00 1.084785050152460226e-02 0.000000000000000000e+00 1.747817521234952820e-01 1.779556812263936860e-01
0.000000000000000000e+00 9.048239175560884862e-02 1.950107923236694962e-02 9.909918697039127311e-02 2.488587664990979040e-02 1.369149099358057120e-01 0.000000000000000000e+00 0.000000000000000000e+00 5.022050224578714778e-02 0.000000000000000000e+00 0.000000000000000000e+00 9.949335639374833062e-02 1.725602107669513552e-01 8.241792527778922517e-02 0.000000000000000000e+00 1.536574906189554224e-01 2.215065892540129741e-02 6.181085809044822681e-03 0.000000000000000000e+00 4.243532541823995252e-02
3.285230316976331562e-03 7.391652108043615665e-02 0.000000000000000000e+00 7.956324237309096714e-03 1.543029226092028916e-01 1.330528456351058042e-01 0.000000000000000000e+00 6.315133592861367495e-02 4.480605920826350591e-02 2.027285654506529033e-03 0.000000000000000000e+00 1.945657653934660877e-02 5.067958642550769027e-02 6.962150871431414811e-02 9.354735789439608609e-03 0.000000000000000000e+00 1.530339896543386480e-01 1.145518480236800557e-02 1.339539379925731855e-01 6.994595541169819353e-02
5.361230389991174933e-02 1.581967595337889498e-01 4.928016184832460095e-02 3.687549639256477649e-03 1.417589663651410703e-01 1.384486879139959492e-01 0.000000000000000000e+00 0.000000000000000000e+00 3.449210666727767216e-02 0.000000000000000000e+00 0.000000000000000000e+00 1.131266125408345591e-01 8.402896765248697719e-03 5.774132599468516369e-02 3.397801584785601486e-02 0.000000000000000000e+00 1.835679109453137448e-01 2.891956423154856421e-03 2.081474561521043029e-02 0.000000000000000000e+00
6.727555827868708996e-03 8.051021272404583484e-02 1.101933178392166743e-03 0.000000000000000000e+00 1.334503515060833645e-01 2.580548743328259231e-01 1.104104790760832844e-01 6.472847491928651609e-02 2.391565810056758834e-02 3.030506397450387791e-03 0.000000000000000000e+00 0.000000000000000000e+00 8.970980948024946666e-03 0.000000000000000000e+00 0.000000000000000000e+00 0.000000000000000000e+00 1.641631546589052137e-01 8.590020773596858741e-03 1.183442870929350965e-01 1.800151046393417067e-02
1.347876261622036331e-01 1.736876625908337357e-01 1.894128583712765754e-02 2.012364665739317660e-02 1.665795044733958119e-01 1.570905769136271210e-02 1.382780557307804626e-03 0.000000000000000000e+00 7.476358582051474688e-02 1.479206674277612210e-01 0.000000000000000000e+00 3.410765380605760427e-02 0.000000000000000000e+00 0.000000000000000000e+00 1.107383108767771990e-01 3.896925069818187037e-02 0.000000000000000000e+00 0.000000000000000000e+00 0.000000000000000000e+00 6.228896740108269547e-02
0.000000000000000000e+00 7.052179848027907705e-02 0.000000000000000000e+00 0.000000000000000000e+00 7.277593951701639974e-02 1.001588203585482145e-01 0.000000000000000000e+00 1.912506363945755058e-02 4.910177977970842794e-02 0.000000000000000000e+00 0.000000000000000000e+00 1.981528723984405868e-02 1.939907345695950636e-01 5.840254216158115297e-03 2.658873083224180464e-02 0.000000000000000000e+00 3.222151423949474319e-02 1.334416330238025472e-01 1.590928117062276326e-01 1.173256323976263338e-01
4.901814239072275863e-03 5.849016222728077585e-02 0.000000000000000000e+00 0.000000000000000000e+00 0.000000000000000000e+00 1.378962889175978646e-01 0.000000000000000000e+00 1.086565246499225090e-01 8.575598361763721658e-03 7.227467604068251589e-03 0.000000000000000000e+00 1.800023596161484940e-01 8.418866385967666011e-02 3.575170776268656730e-02 1.438223765791411118e-02 6.275536099170145321e-02 2.356040548584616492e-02 1.452179984578551020e-01 2.849453932031833017e-02 9.989887084814758067e-02
0.000000000000000000e+00 1.461643070602005323e-01 0.000000000000000000e+00 4.151017523907385431e-02 1.282260819328169543e-01 1.347051000161741396e-01 9.603407311063284768e-02 2.477289173690821328e-02 9.056955448167992515e-03 0.000000000000000000e+00 4.531088014715441148e-02 1.379145579200293237e-01 2.072124550143666921e-02 0.000000000000000000e+00 4.195491808136427025e-02 0.000000000000000000e+00 1.520541025815571323e-01 0.000000000000000000e+00 0.000000000000000000e+00 2.157471122448357745e-02
1.121375879169492912e-02 0.000000000000000000e+00 0.000000000000000000e+00 1.618236750565589174e-02 1.466066881820672282e-02 1.594594287379918762e-01 5.765712148380774775e-03 2.286268837444580416e-03 0.000000000000000000e+00 5.665678751988904686e-03 0.000000000000000000e+00 2.102585737169178348e-01 2.828532784154323965e-01 5.311421809578876357e-02 7.256679693241079032e-02 1.229920164785465626e-02 1.165504519659126825e-01 1.455693956386213024e-02 0.000000000000000000e+00 2.256665607045710634e-02
1.856480499102232829e-03 1.372254740622385893e-01 2.229811931358629401e-02 1.295234345295740164e-01 6.278947642642188076e-02 1.113169798480544669e-02 0.000000000000000000e+00 7.802662173474428538e-03 1.536754417774051189e-02 3.677553159112948583e-02 0.000000000000000000e+00 0.000000000000000000e+00 0.000000000000000000e+00 1.762388903499529924e-01 1.620701966090826174e-01 3.742447394170330538e-02 0.000000000000000000e+00 0.000000000000000000e+00 3.185212910055784663e-02 1.676438892406302561e-01
0.000000000000000000e+00 1.427184242683304516e-01 0.000000000000000000e+00 2.870982651465343524e-02 1.470929204235876808e-01 1.009059606796962466e-01 3.813972192633858366e-02 0.000000000000000000e+00 0.000000000000000000e+00 0.000000000000000000e+00 0.000000000000000000e+00 2.093791096771778493e-02 0.000000000000000000e+00 0.000000000000000000e+00 2.432539980044787220e-02 0.000000000000000000e+00 8.601469250846693892e-02 6.902669196145225228e-02 1.527984036400687196e-01 1.893300473092400515e-01
1.308022753581026543e-01 0.000000000000000000e+00 0.000000000000000000e+00 5.406131513694326790e-02 4.477839122660799698e-02 1.515925844874804473e-01 9.827185008992057533e-03 1.964746832093165751e-01 1.044573847293061436e-01 2.267104498277880409e-02 0.000000000000000000e+00 2.065980931390822353e-03 0.000000000000000000e+00 3.405687185994804578e-02 2.049067321321365251e-02 0.000000000000000000e+00 1.639897563759513607e-02 0.000000000000000000e+00 6.276936487405297693e-02 1.495532693442714334e-01
2.178811020474626450e-02 9.925560428725413442e-02 2.618745448713372028e-03 0.000000000000000000e+00 3.891647293993884607e-03 2.046941242776968012e-02 2.862868713918037718e-03 8.475620815881998449e-02 6.368556566174285449e-02 0.000000000000000000e+00 0.000000000000000000e+00 2.717404099548464264e-02 1.539563017139485290e-01 4.434257770488590072e-02 0.000000000000000000e+00 9.796536133063355259e-03 6.450646077593891192e-02 4.817327162842850903e-03 1.615740714056615179e-01 2.345045219112160129e-01
0.000000000000000000e+00 6.246711487885545089e-02 0.000000000000000000e+00 2.909446631054445759e-02 1.288808133155317226e-01 1.840330625615641674e-02 1.778467793559157864e-02 5.683117663514721668e-02 1.476933930582703391e-01 8.150475135439256072e-03 0.000000000000000000e+00 3.202624347756850148e-02 1.806646112382787051e-02 1.302338476640583498e-01 1.454332749039067008e-01 0.000000000000000000e+00 1.084195599603344773e-01 3.018009631543573656e-02 0.000000000000000000e+00 6.633509302933202068e-02
4.641579069599358065e-02 2.107850797808904705e-02 8.578529721388198411e-04 3.307649351393205511e-02 1.580717612708811837e-01 1.637438488595136243e-01 6.064917553161541797e-02 2.902625601551300782e-02 7.268512716055808374e-04 0.000000000000000000e+00 0.000000000000000000e+00 4.401307431291576200e-02 0.000000000000000000e+00 6.503329010730751758e-02 0.000000000000000000e+00 0.000000000000000000e+00 1.107166182465729211e-02 1.765139691492982957e-02 1.642553821729406671e-01 1.843286565579666247e-01
0.000000000000000000e+00 8.922168702188237877e-02 0.000000000000000000e+00 0.000000000000000000e+00 6.951581405126296305e-03 1.317538280031576303e-01 0.000000000000000000e+00 1.225363757409022314e-01 2.401264251950565795e-02 5.032533057517764481e-03 1.966642021759987475e-04 1.908526192234352437e-01 2.018196593019035978e-01 1.366218401220438937e-02 5.247232054648425653e-02 5.066654194716592105e-03 0.000000000000000000e+00 0.000000000000000000e+00 0.000000000000000000e+00 1.564212507709879796e-01
1.692739298821343413e-02 1.851918178001688356e-02 0.000000000000000000e+00 2.136922222517537717e-01 1.495568938527017389e-01 5.645118142514610193e-02 0.000000000000000000e+00 0.000000000000000000e+00 1.410865009327549324e-01 0.000000000000000000e+00 0.000000000000000000e+00 1.614227892110413620e-01 0.000000000000000000e+00 2.941091973867912199e-02 6.042758416779765718e-03 6.876814714311198923e-03 0.000000000000000000e+00 2.806517646231482255e-02 1.527789644785829126e-01 1.916920374770389457e-02
3.974420871006865280e-02 0.000000000000000000e+00 0.000000000000000000e+00 2.375453800683641481e-01 1.248649112536061728e-01 1.490521145000677505e-01 0.000000000000000000e+00 8.625134193682622297e-02 0.000000000000000000e+00 1.219893065034461169e-02 0.000000000000000000e+00 7.737647792986716844e-02 7.870534385399462207e-02 0.000000000000000000e+00 0.000000000000000000e+00 4.975915784589129802e-03 0.000000000000000000e+00 0.000000000000000000e+00 1.868760904899918196e-01 2.409284822279656943e-03
2.126555117071082107e-02 1.248432831171476798e-01 5.175902926250722930e-02 0.000000000000000000e+00 1.405063951564577418e-01 1.421674266966012345e-01 1.195517821623972993e-01 1.268449492856112415e-01 0.000000000000000000e+00 0.000000000000000000e+00 0.000000000000000000e+00 1.569196361519566499e-02 1.917373019471303730e-02 1.840633142286697554e-03 0.000000000000000000e+00 0.000000000000000000e+00 0.000000000000000000e+00 0.000000000000000000e+00 1.673282562711238541e-01 6.902699992524749528e-02
1.207501458263025573e-01 1.500315671373350646e-01 0.000000000000000000e+00 3.478346473263060207e-02 1.443495698109398262e-01 0.000000000000000000e+00 1.668745581550872548e-01 4.772927995994340547e-03 9.033938528892667547e-03 0.000000000000000000e+00 0.000000000000000000e+00 0.000000000000000000e+00 0.000000000000000000e+00 0.000000000000000000e+00 4.260500229639530012e-02 8.829939278313665707e-03 0.000000000000000000e+00 1.490006896150823656e-01 2.235021012992074660e-03 1.667331756100342843e-01
