0.000000000000000000e+00 2.942771495173950036e-02 1.360498310872653716e-01 2.736378386930727507e-04 2.291501983040036133e-02 0.000000000000000000e+00 1.710712071896385855e-01 1.817490680947089765e-01 0.000000000000000000e+00 1.822260615847118639e-02 0.000000000000000000e+00 0.000000000000000000e+00 0.000000000000000000e+00 6.084013344112561283e-02 1.387379510330331023e-01 7.561683982802247603e-04 1.947627948522990399e-02 0.000000000000000000e+00 3.796846280581370517e-04 1.052074888890940302e-03 0.000000000000000000e+00 2.754028730472769804e-02 0.000000000000000000e+00 2.448942165484522052e-02 1.670189140148921059e-01
0.000000000000000000e+00 1.242487758779335233e-01 3.272900135178803682e-02 3.959548094426897785e-02 5.346126642572106291e-03 0.000000000000000000e+00 2.534548274243507426e-03 0.000000000000000000e+00 1.159186939101385788e-02 9.239865941845371022e-02 0.000000000000000000e+00 3.107859446171680820e-02 0.000000000000000000e+00 0.000000000000000000e+00 1.714433491364182605e-01 1.056886899770406452e-01 9.344283654837965206e-03 6.202060631643459970e-02 0.000000000000000000e+00 1.071346807340837559e-03 0.000000000000000000e+00 0.000000000000000000e+00 0.000000000000000000e+00 1.799248834950190057e-01 1.309837842509181671e-01
1.344908223696382743e-01 8.721877574515342346e-02 0.000000000000000000e+00 9.198770311959128879e-03 4.311265971785347394e-03 7.431305862258112682e-02 1.597115753462940435e-01 2.943991764101441463e-02 3.718102444247794319e-02 2.508331092387294098e-02 0.000000000000000000e+00 3.477357340592568836e-03 0.000000000000000000e+00 7.100872131241878736e-03 2.353902792555139789e-01 0.000000000000000000e+00 0.000000000000000000e+00 7.041986027054222656e-03 0.000000000000000000e+00 1.177257763835842103e-01 0.000000000000000000e+00 2.819870065306093881e-02 0.000000000000000000e+00 4.011650683417547492e-02 0.000000000000000000e+00
0.000000000000000000e+00 3.465048562796110843e-02 6.028549291614795263e-04 0.000000000000000000e+00 3.977756460529276866e-02 0.000000000000000000e+00 4.655992209669495598e-03 0.000000000000000000e+00 0.000000000000000000e+00 1.472641912242156348e-01 0.000000000000000000e+00 2.046935403918580532e-01 0.000000000000000000e+00 0.000000000000000000e+00 1.776589883658276359e-01 0.000000000000000000e+00 1.490800590679003911e-02 5.878332976529859061e-02 3.590705781426411451e-03 1.991714492409063161e-02 0.000000000000000000e+00 1.094248655739600840e-01 4.254331869383317505e-02 1.415290120006149621e-01 0.000000000000000000e+00
1.178109047458077707e-01 1.439971076964300777e-03 1.736635796730051770e-03 8.732668253604958068e-04 0.000000000000000000e+00 0.000000000000000000e+00 1.592710473614919464e-01 5.413563466800576200e-03 0.000000000000000000e+00 9.178437752347820555e-03 0.000000000000000000e+00 1.743228183451155794e-02 2.823102018891947979e-03 2.845397000284974570e-04 1.530513398657816770e-01 0.000000000000000000e+00 0.000000000000000000e+00 6.096543154739961917e-02 5.293743230014729545e-03 0.000000000000000000e+00 0.000000000000000000e+00 1.204678413239953644e-01 4.802551517744416826e-02 1.819268174497371271e-01 1.140055608266923315e-01
0.000000000000000000e+00 0.000000000000000000e+00 1.530186979918588680e-02 0.000000000000000000e+00 1.987971041131558064e-02 0.000000000000000000e+00 1.554990459224122878e-01 1.428713375848834066e-01 4.239090784165233661e-02 0.000000000000000000e+00 5.787700891037040598e-04 1.294746315000559235e-02 0.000000000000000000e+00 0.000000000000000000e+00 1.569396676425036108e-01 1.170079137870056463e-01 1.620195086622170169e-02 0.000000000000000000e+00 0.000000000000000000e+00 0.000000000000000000e+00 0.000000000000000000e+00 5.593735229721522040e-02 8.964877566548261345e-02 1.729411103056357757e-01 1.854124637376654457e-03
3.559775067628454664e-02 2.143226050009715972e-02 2.914478783745294913e-02 0.000000000000000000e+00 1.658514603678329369e-01 0.000000000000000000e+00 1.515728707736681002e-01 0.000000000000000000e+00 5.216521616508227460e-02 3.741599742306657948e-03 0.000000000000000000e+00 0.000000000000000000e+00 0.000000000000000000e+00 0.000000000000000000e+00 1.789687907410425147e-02 1.187546369155546289e-01 0.000000000000000000e+00 9.662127494074199130e-02 7.749040764823326988e-02 0.000000000000000000e+00 0.000000000000000000e+00 0.000000000000000000e+00 0.000000000000000000e+00 4.229897397929668901e-02 1.874318813793444949e-01
8.121785840505431342e-02 2.026405109542217206e-04 4.105524322487212607e-02 2.260445069889711889e-02 1.109465782989918631e-01 1.193491934331315524e-03 4.588873457824720753e-02 1.121208634616736033e-01 2.226824891976810980e-02 7.944887212345959349e-02 0.000000000000000000e+00 1.624600140947824942e-02 0.000000000000000000e+00 0.000000000000000000e+00 1.456651095822361075e-01 0.000000000000000000e+00 1.270802390548274874e-01 7.534071079839593094e-03 0.000000000000000000e+00 0.000000000000000000e+00 0.000000000000000000e+00 1.446896283952035789e-01 0.000000000000000000e+00 1.606595074286244415e-02 2.577201757930292284e-02
1.492402457840283012e-02 0.000000000000000000e+00 0.000000000000000000e+00 5.304087358517228790e-03 1.703700303793268533e-01 0.000000000000000000e+00 2.482578675787791220e-03 0.000000000000000000e+00 0.000000000000000000e+00 5.886003545893173441e-03 0.000000000000000000e+00 6.543337188748646338e-02 2.850570651474201508e-02 0.000000000000000000e+00 1.579814449065054527e-01 0.000000000000000000e+00 1.692902332003055343e-01 4.501447086904349776e-02 1.268956347432421451e-02 1.472740232271551979e-03 0.000000000000000000e+00 0.000000000000000000e+00 2.210387103972031309e-01 9.122416580622898230e-02 8.382868173961239427e-03
0.000000000000000000e+00 5.850135538498484750e-03 6.308774250512129422e-02 0.000000000000000000e+00 0.000000000000000000e+00 0.000000000000000000e+00 1.565038555815692622e-01 6.705896572094471875e-02 1.199794070342500296e-01 8.554475395956386355e-03 0.000000000000000000e+00 5.006401538338083046e-02 0.000000000000000000e+00 3.849096380544404783e-03 1.830833472378887508e-02 1.114792436950230170e-01 1.429956047244561497e-02 0.000000000000000000e+00 2.890345005433420100e-02 6.032133509434499212e-03 1.485777082572053293e-02 1.280519983121236605e-02 1.924673872306327249e-01 1.258992261171426874e-01 0.000000000000000000e+00
0.000000000000000000e+00 0.000000000000000000e+00 1.591676747511862056e-01 0.000000000000000000e+00 4.145639723475149155e-03 0.000000000000000000e+00 1.305087609092094592e-01 0.000000000000000000e+00 2.712596899281157197e-03 1.092024404877276617e-02 0.000000000000000000e+00 1.253943687291514952e-01 7.005127891324303309e-03 0.000000000000000000e+00 2.389776985441176838e-01 5.538585667754508538e-04 5.154482793404972785e-02 1.927298372464713097e-02 0.000000000000000000e+00 4.118733798638623406e-03 5.993903401950119968e-03 0.000000000000000000e+00 2.064979363107713184e-01 0.000000000000000000e+00 3.318564476664950108e-02
0.000000000000000000e+00 0.000000000000000000e+00 8.261347403330845940e-02 2.256397928873736872e-02 9.137416475812529248e-02 0.000000000000000000e+00 2.726495188934684455e-01 1.283877482580237372e-01 4.061262198324129546e-02 0.000000000000000000e+00 0.000000000000000000e+00 0.000000000000000000e+00 0.000000000000000000e+00 0.000000000000000000e+00 3.509766876035839978e-02 4.271821931286341051e-02 2.000478144471685288e-02 1.480812669184077002e-02 1.156025641848491964e-01 6.634015283862499529e-03 0.000000000000000000e+00 2.640093498107110373e-02 4.402566949171188293e-02 0.000000000000000000e+00 5.650651263382121953e-02
0.000000000000000000e+00 1.164269179113519397e-02 1.463438890581353069e-01 1.193058561306842248e-03 3.641991856240432007e-02 3.428322681869268220e-03 1.635017418663716748e-01 4.679757450336689828e-02 1.036543359233829259e-01 7.708065000725648763e-03 0.000000000000000000e+00 1.006720891168192827e-01 0.000000000000000000e+00 0.000000000000000000e+00 0.000000000000000000e+00 3.901371498063899157e-02 0.000000000000000000e+00 1.010555510029567151e-02 3.351636337737496502e-02 1.685183770314618509e-02 0.000000000000000000e+00 1.753606710746248099e-03 1.632053005858325190e-01 5.952473085305901891e-03 1.082394613911423081e-01
6.149588158818124206e-02 3.477070067686307371e-04 0.000000000000000000e+00 1.712075851110217428e-03 2.033030077099890476e-01 0.000000000000000000e+00 1.121201188391671329e-02 0.000000000000000000e+00 0.000000000000000000e+00 4.459093298306959774e-02 3.576443683025186436e-04 1.135374655475283705e-02 0.000000000000000000e+00 5.313842630975065427e-04 1.190193614566764230e-01 0.000000000000000000e+00 4.901820345672900509e-02 1.229117575519228095e-01 6.908077495229519860e-02 0.000000000000000000e+00 0.000000000000000000e+00 1.146218098498789500e-01 3.065309849686004631e-02 0.000000000000000000e+00 1.597906020264491522e-01
0.000000000000000000e+00 6.785672329848085015e-03 1.181486338710992651e-01 0.000000000000000000e+00 1.445965836900194902e-02 0.000000000000000000e+00 1.186496604576397704e-02 8.928435376160194503e-02 0.000000000000000000e+00 3.886535615745524697e-02 0.000000000000000000e+00 1.185551889269678139e-01 0.000000000000000000e+00 1.267898533652364428e-02 6.516533371443591904e-02 0.000000000000000000e+00 3.905720352273232832e-02 2.229510221844668849e-02 6.969074227125402268e-03 0.000000000000000000e+00 0.000000000000000000e+00 8.739052317921425228e-02 1.649549157263453802e-01 1.239704074866123662e-01 7.955462512682566489e-02
8.079841592133292505e-02 1.876409747033277737e-04 2.341315143028607423e-02 1.035787655254524764e-02 1.945650904738554024e-02 0.000000000000000000e+00 1.645832007460708291e-01 8.050613412707220695e-03 6.837090036384270431e-02 0.000000000000000000e+00 0.000000000000000000e+00 2.452069865633514818e-03 0.000000000000000000e+00 1.602076971668869865e-02 2.493702058048357095e-01 0.000000000000000000e+00 0.000000000000000000e+00 8.906399441382970017e-02 0.000000000000000000e+00 0.000000000000000000e+00 0.000000000000000000e+00 1.025055441104184561e-01 1.684004682044740880e-02 1.485290608192725015e-01 0.000000000000000000e+00
5.778410828717137071e-02 9.398347020984051947e-02 5.881371499743534570e-03 1.806685602953047882e-03 6.157873482916567665e-02 0.000000000000000000e+00 0.000000000000000000e+00 1.403174219182185267e-01 0.000000000000000000e+00 2.113386607398417671e-03 0.000000000000000000e+00 7.227527637738964672e-02 0.000000000000000000e+00 0.000000000000000000e+00 4.525176348286223671e-02 0.000000000000000000e+00 4.978974464875476902e-02 4.876895663381419777e-02 1.254665589772655243e-01 3.343046935911482553e-02 0.000000000000000000e+00 1.875657010335059216e-01 7.074776990951216205e-02 0.000000000000000000e+00 3.238580623289685941e-03
0.000000000000000000e+00 9.742708290628054879e-02 7.654283409757395296e-02 1.244630551924623928e-02 3.602278585679465767e-02 0.000000000000000000e+00 7.659711049862556742e-02 1.352268868461398155e-01 0.000000000000000000e+00 6.225652319329242658e-03 0.000000000000000000e+00 3.071332214461266336e-02 0.000000000000000000e+00 0.000000000000000000e+00 8.002314833025672702e-02 5.688897140370773433e-04 1.162481977562346454e-02 7.682105731164652097e-03 1.235356621324497084e-01 1.451118902783561475e-02 0.000000000000000000e+00 2.526233568219043990e-01 2.269674489823873906e-03 0.000000000000000000e+00 3.595917378830180977e-02
2.943677758384779033e-02 4.032554922691956173e-02 2.046270249542504922e-03 0.000000000000000000e+00 4.360855132838786091e-02 0.000000000000000000e+00 1.892615537904849543e-01 1.031673984635742697e-01 1.512011170020581899e-02 1.361991701769098458e-02 0.000000000000000000e+00 1.550000082006187940e-02 0.000000000000000000e+00 0.000000000000000000e+00 1.574098968827222500e-01 0.000000000000000000e+00 0.000000000000000000e+00 3.057976231775895795e-02 0.000000000000000000e+00 1.978006271536419903e-04 1.351784360477288061e-01 2.694663357205954318e-02 0.000000000000000000e+00 1.987186770519105625e-02 1.777294726666702185e-01
0.000000000000000000e+00 0.000000000000000000e+00 1.144995507167208271e-01 5.397101007692754748e-02 6.472903737821354697e-03 0.000000000000000000e+00 0.000000000000000000e+00 7.807571900911985940e-02 8.684199637161740121e-03 1.190855868301087667e-01 0.000000000000000000e+00 1.744092453941568921e-02 0.000000000000000000e+00 7.192939234657447743e-03 1.366071493994129582e-01 4.084717884001599908e-02 8.096275594942994869e-02 7.753279038967785669e-03 0.000000000000000000e+00 1.111080559688094743e-01 0.000000000000000000e+00 0.000000000000000000e+00 0.000000000000000000e+00 4.212010662151701584e-02 1.751786403999137653e-01
0.000000000000000000e+00 0.000000000000000000e+00 0.000000000000000000e+00 0.000000000000000000e+00 1.116525762202545333e-02 0.000000000000000000e+00 4.354375366619942650e-02 8.719725512409641499e-02 0.000000000000000000e+00 2.040267247438204423e-02 6.162722999197394781e-03 1.143925870021204050e-01 0.000000000000000000e+00 0.000000000000000000e+00 1.585084549203929771e-01 0.000000000000000000e+00 1.361527232692127665e-01 1.629481435119349841e-01 4.217825741680186064e-02 7.675908859171236276e-03 0.000000000000000000e+00 1.198218751517366870e-01 5.400325784742934093e-02 0.000000000000000000e+00 3.584713013529901987e-02
0.000000000000000000e+00 4.631447979101233070e-02 5.520467517356623249e-02 0.000000000000000000e+00 3.838725667405298858e-03 0.000000000000000000e+00 1.391338070066497068e-01 1.877441689259706781e-02 5.838363694942445836e-02 4.735494817219212255e-02 0.000000000000000000e+00 0.000000000000000000e+00 1.954428782362393688e-02 0.000000000000000000e+00 1.793178229880702246e-01 5.934386694268092149e-02 0.000000000000000000e+00 0.000000000000000000e+00 0.000000000000000000e+00 8.645456183198513278e-02 0.000000000000000000e+00 0.000000000000000000e+00 1.518541419319860940e-03 5.275450194124556985e-02 2.320617274002271802e-01
0.000000000000000000e+00 0.000000000000000000e+00 1.021918676946014931e-01 7.904668860315898493e-03 0.000000000000000000e+00 0.000000000000000000e+00 1.556133018511206001e-01 0.000000000000000000e+00 2.053310882706142586e-03 3.877261976904457924e-02 0.000000000000000000e+00 4.844560093879141799e-02 1.193382587222078101e-01 0.000000000000000000e+00 1.719487520829968141e-01 5.587832421904479277e-03 8.256824720821458186e-02 1.858881539644080885e-02 1.448632526845888280e-01 0.000000000000000000e+00 0.000000000000000000e+00 9.882416874529857675e-02 1.696628155880976468e-03 0.000000000000000000e+00 1.602674585886882741e-03
0.000000000000000000e+00 8.026500690303294341e-03 3.763980324763001751e-03 0.000000000000000000e+00 3.753448313877523479e-02 0.000000000000000000e+00 1.470951049383731890e-01 0.000000000000000000e+00 1.015920388819833292e-01 1.068010148012888717e-02 0.000000000000000000e+00 3.512777473890864310e-02 0.000000000000000000e+00 0.000000000000000000e+00 1.531723716995960216e-01 9.326783367812718772e-02 0.000000000000000000e+00 1.667573645653263048e-01 1.248208679734579413e-01 9.470385461186874715e-03 0.000000000000000000e+00 0.000000000000000000e+00 0.000000000000000000e+00 5.484711622098639716e-02 5.384407620808359662e-02
0.000000000000000000e+00 0.000000000000000000e+00 1.176968454952665305e-01 1.391086045007708383e-02 5.562591028575408769e-02 0.000000000000000000e+00 0.000000000000000000e+00 4.549642883860331027e-02 5.777708216993753150e-03 0.000000000000000000e+00 0.000000000000000000e+00 0.000000000000000000e+00 7.023595004377301138e-03 0.000000000000000000e+00 2.812802249796997334e-01 0.000000000000000000e+00 0.000000000000000000e+00 1.121423559708453338e-01 3.008475840993899558e-02 4.578125326510892185e-02 0.000000000000000000e+00 1.530874544454949651e-02 1.558092790004361218e-02 0.000000000000000000e+00 2.542903857387420197e-01
1.700759609103098119e-02 3.852091552926311530e-02 0.000000000000000000e+00 3.032321033901265103e-02 3.310253632436420488e-03 2.058847510549584661e-02 1.612933456728053716e-01 1.492618172767385398e-01 2.956364254379480975e-03 0.000000000000000000e+00 0.000000000000000000e+00 7.345669318291817365e-03 0.000000000000000000e+00 0.000000000000000000e+00 1.525970231177497249e-01 5.110470721309583186e-02 5.433848192534500993e-02 1.499009678045389871e-01 0.000000000000000000e+00 3.270131115351443147e-03 0.000000000000000000e+00 5.359524675096643577e-03 2.351345777444217855e-03 1.366760423839892269e-01 1.379412876793469946e-02
6.214408107016516220e-02 7.036582765604260103e-02 5.815348262030796411e-02 5.426737607678575916e-03 5.042834756431940207e-02 5.200121533502472491e-03 1.858676833845100129e-01 1.382254585612678888e-01 0.000000000000000000e+00 0.000000000000000000e+00 0.000000000000000000e+00 1.010677320773120842e-02 0.000000000000000000e+00 1.214098584682129145e-04 8.971677429171527607e-02 0.000000000000000000e+00 2.794655265756326376e-02 0.000000000000000000e+00 0.000000000000000000e+00 0.000000000000000000e+00 0.000000000000000000e+00 1.427434104533969461e-01 0.000000000000000000e+00 1.411987974207130347e-01 1.235454211261792848e-02
0.000000000000000000e+00 0.000000000000000000e+00 1.003171715227851729e-01 0.000000000000000000e+00 1.531129489252176790e-01 0.000000000000000000e+00 1.954996166637618660e-01 0.000000000000000000e+00 9.675572036746706017e-02 0.000000000000000000e+00 1.872186007216488854e-02 5.154627811323673342e-02 1.923498981965478943e-02 5.421475423468153157e-03 1.464812175367079805e-01 0.000000000000000000e+00 0.000000000000000000e+00 0.000000000000000000e+00 0.000000000000000000e+00 8.760177643996801267e-03 0.000000000000000000e+00 3.803366827058059924e-02 0.000000000000000000e+00 1.934192834965493824e-02 1.467729472913033295e-01
0.000000000000000000e+00 9.829987251918047286e-04 1.563995991122713730e-03 2.165538353699196072e-03 8.006221398218468788e-02 0.000000000000000000e+00 3.323813431293776849e-03 9.841888958105421414e-02 0.000000000000000000e+00 0.000000000000000000e+00 0.000000000000000000e+00 1.449572077983232454e-01 0.000000000000000000e+00 0.000000000000000000e+00 1.017226760700560700e-01 7.891384295104172941e-02 0.000000000000000000e+00 4.001714601252045339e-02 1.368089423239025881e-01 3.341249876998293039e-02 0.000000000000000000e+00 1.424715704873324718e-01 1.282836493730165617e-01 0.000000000000000000e+00 6.895016149277683436e-03
1.566749921163907225e-02 0.000000000000000000e+00 6.158504630522394253e-03 0.000000000000000000e+00 7.535334888234942498e-03 0.000000000000000000e+00 1.840157237857479033e-01 0.000000000000000000e+00 7.062743969177041892e-02 7.011043139646253551e-03 0.000000000000000000e+00 9.416059365911770562e-02 0.000000000000000000e+00 0.000000000000000000e+00 2.054660326499935796e-01 0.000000000000000000e+00 1.612022182790588953e-01 4.172006819356072899e-02 3.989265011868614250e-03 2.017030698826422028e-03 0.000000000000000000e+00 4.496068067155423349e-03 3.913034821177840267e-02 1.480193822294701422e-01 8.783447651609032139e-03
0.000000000000000000e+00 7.666245385003655176e-03 0.000000000000000000e+00 0.000000000000000000e+00 0.000000000000000000e+00 0.000000000000000000e+00 1.817406069597623380e-02 7.442255458557103798e-02 3.993809845205612691e-02 2.655880275561754711e-02 2.257068478336208758e-02 1.407887267897468264e-01 0.000000000000000000e+00 2.710870384984535864e-02 7.325339520919397183e-03 2.185074674421993469e-03 6.758493783594557436e-02 2.172560023559958753e-01 1.429808297168871090e-01 1.699739089254357618e-03 0.000000000000000000e+00 1.468296229389458585e-01 0.000000000000000000e+00 0.000000000000000000e+00 5.691057657045116291e-02
1.339983724605814689e-03 0.000000000000000000e+00 1.044866482089789744e-01 3.791277259436643624e-03 0.000000000000000000e+00 1.000319054516226880e-01 2.095660958701499044e-01 1.227474278301300542e-01 5.384122323475024757e-02 7.127248227757083249e-03 0.000000000000000000e+00 4.993213846969333895e-03 0.000000000000000000e+00 0.000000000000000000e+00 2.036349979944895514e-02 1.190685471290974379e-01 2.718579958145631026e-02 0.000000000000000000e+00 1.596194631584737511e-01 0.000000000000000000e+00 0.000000000000000000e+00 2.816909860481264793e-02 0.000000000000000000e+00 0.000000000000000000e+00 3.766856807231002552e-02
0.000000000000000000e+00 1.658270212227764108e-03 3.825429112994295500e-02 8.993164098615503456e-04 0.000000000000000000e+00 0.000000000000000000e+00 1.315449360664675549e-01 1.888659768128367333e-02 1.708122660177918695e-02 6.530754592675600163e-03 0.000000000000000000e+00 3.469758224245644146e-02 0.000000000000000000e+00 0.000000000000000000e+00 1.556994886505800590e-01 1.039607669596365191e-01 0.000000000000000000e+00 8.316086634213291570e-03 1.485762772172281587e-01 4.575297252181740638e-03 0.000000000000000000e+00 1.718655767512127647e-02 1.315723314682291090e-01 5.243104171669089701e-03 1.753171150344460527e-01
4.185047285386979399e-02 0.000000000000000000e+00 6.312529759122494089e-02 1.749349983587686645e-03 5.935160659403927036e-02 4.562185146073217609e-03 1.871406958945664445e-01 6.294315491049207179e-02 1.387256335744526392e-01 1.944935907416949633e-02 0.000000000000000000e+00 0.000000000000000000e+00 0.000000000000000000e+00 4.267635249305760936e-02 0.000000000000000000e+00 1.892878665485996439e-02 0.000000000000000000e+00 0.000000000000000000e+00 0.000000000000000000e+00 3.122222563179402263e-02 0.000000000000000000e+00 0.000000000000000000e+00 1.828275619458554213e-01 1.454473176519574806e-01 0.000000000000000000e+00
0.000000000000000000e+00 5.509687761063228328e-02 0.000000000000000000e+00 0.000000000000000000e+00 1.489881962271514398e-02 0.000000000000000000e+00 1.544535846860508599e-01 1.798506367978122862e-03 0.000000000000000000e+00 9.400628495091042230e-03 1.699162809660789957e-03 9.040833859881321211e-02 2.376617246633598579e-02 0.000000000000000000e+00 1.659134469275089785e-01 7.738262947597135399e-02 6.916890834423199130e-03 3.782685649957790754e-03 9.921219640672985368e-03 4.176895591902599070e-02 1.137807906513259130e-02 0.000000000000000000e+00 0.000000000000000000e+00 1.676043656713339380e-01 1.638096361586956762e-01
