0.000000000000000000e+00 1.086959286276309999e-01 4.913852921043187355e-02 0.000000000000000000e+00 1.251451508072613794e-01 1.406063041856454032e-01 5.633990072548742539e-02 5.467086918197600325e-04 1.257211323660457382e-02 1.150493439113960126e-01 0.000000000000000000e+00 1.222925114749513625e-01 0.000000000000000000e+00 0.000000000000000000e+00 2.959758460659945092e-02 0.000000000000000000e+00 6.497304011224801223e-03 4.034097842130388023e-02 0.000000000000000000e+00 2.567268938856986579e-02 0.000000000000000000e+00 0.000000000000000000e+00 2.281385022707361696e-02 8.760623151280248462e-04 1.438150401588715321e-01
4.605219763108060055e-02 4.281318841112713436e-02 1.569419815355427572e-01 0.000000000000000000e+00 1.723315412231768706e-01 1.625644907707312348e-01 1.774818869583005831e-01 0.000000000000000000e+00 1.938987367264165956e-02 0.000000000000000000e+00 0.000000000000000000e+00 0.000000000000000000e+00 0.000000000000000000e+00 0.000000000000000000e+00 3.716132760654413617e-03 0.000000000000000000e+00 1.263468058959105467e-01 2.791364443146767196e-02 0.000000000000000000e+00 1.075890600318290050e-02 1.779465119099979398e-02 0.000000000000000000e+00 0.000000000000000000e+00 0.000000000000000000e+00 3.589469951518388380e-02
0.000000000000000000e+00 9.965948027389778807e-02 6.007471659669798292e-02 7.805483359392713719e-03 0.000000000000000000e+00 0.000000000000000000e+00 1.786767110979285700e-01 2.866328071293110583e-02 0.000000000000000000e+00 7.211919575117287096e-02 0.000000000000000000e+00 2.630721042646474300e-02 1.450764902318631699e-01 0.000000000000000000e+00 1.714790960964363009e-01 0.000000000000000000e+00 0.000000000000000000e+00 2.690552931485580210e-02 0.000000000000000000e+00 1.376265117798856075e-01 0.000000000000000000e+00 0.000000000000000000e+00 0.000000000000000000e+00 4.560629435847333296e-02 0.000000000000000000e+00
8.931110845615696306e-03 0.000000000000000000e+00 7.761157594433920615e-02 1.224192470567559698e-01 0.000000000000000000e+00 1.559871883553066441e-01 1.477270275076190964e-01 0.000000000000000000e+00 6.031770513533143280e-02 6.420515916486471686e-02 0.000000000000000000e+00 2.663660248960877247e-02 0.000000000000000000e+00 0.000000000000000000e+00 0.000000000000000000e+00 0.000000000000000000e+00 0.000000000000000000e+00 0.000000000000000000e+00 0.000000000000000000e+00 1.509796559446002426e-02 0.000000000000000000e+00 0.000000000000000000e+00 0.000000000000000000e+00 1.548610446212680403e-01 1.662053732848305376e-01
1.906899408313225881e-04 1.046188899226350583e-01 2.060278172678624634e-02 0.000000000000000000e+00 0.000000000000000000e+00 4.043163762241933079e-02 0.000000000000000000e+00 1.674959620801638460e-01 0.000000000000000000e+00 2.837824287743010432e-01 0.000000000000000000e+00 1.625964935122908850e-02 0.000000000000000000e+00 0.000000000000000000e+00 2.627588292852407054e-02 0.000000000000000000e+00 1.067026288283784291e-01 6.772261600333583965e-03 1.503463629939461310e-01 0.000000000000000000e+00 0.000000000000000000e+00 3.412707762182252968e-02 8.526493989573851254e-03 3.386725261905544626e-02 0.000000000000000000e+00
2.493486599298778625e-03 0.000000000000000000e+00 1.028483357572351209e-01 1.889741680324543891e-04 1.332004159376574404e-01 0.000000000000000000e+00 1.755097234686595065e-01 1.908440285454187646e-01 0.000000000000000000e+00 0.000000000000000000e+00 1.098774381041607920e-02 7.237463490544385203e-02 0.000000000000000000e+00 0.000000000000000000e+00 1.415203873311931225e-02 0.000000000000000000e+00 0.000000000000000000e+00 0.000000000000000000e+00 0.000000000000000000e+00 0.000000000000000000e+00 0.000000000000000000e+00 9.540456533955722629e-02 2.193260331721058956e-02 1.800634494179510214e-01 0.000000000000000000e+00
0.000000000000000000e+00 2.364497221947301220e-01 1.464940030879702260e-01 0.000000000000000000e+00 0.000000000000000000e+00 0.000000000000000000e+00 6.110099779373164008e-02 1.543184993368777735e-01 0.000000000000000000e+00 6.310170818698281406e-03 0.000000000000000000e+00 0.000000000000000000e+00 1.816989964966526363e-03 0.000000000000000000e+00 2.154492499669926620e-01 0.000000000000000000e+00 0.000000000000000000e+00 2.226069459938966044e-03 0.000000000000000000e+00 1.322405848734248702e-03 0.000000000000000000e+00 0.000000000000000000e+00 0.000000000000000000e+00 1.745118915273596583e-01 0.000000000000000000e+00
0.000000000000000000e+00 7.899707924996262481e-03 1.961063828055621683e-01 2.985658619128012461e-02 9.618131896973845796e-02 0.000000000000000000e+00 9.902132966123602248e-03 1.652019773737278263e-01 0.000000000000000000e+00 0.000000000000000000e+00 0.000000000000000000e+00 1.424503475312450251e-01 8.952478190734455832e-02 0.000000000000000000e+00 0.000000000000000000e+00 0.000000000000000000e+00 1.468156931709601286e-02 0.000000000000000000e+00 0.000000000000000000e+00 1.258867894480211747e-01 0.000000000000000000e+00 0.000000000000000000e+00 0.000000000000000000e+00 6.088674035290953662e-02 6.142166521195530776e-02
0.000000000000000000e+00 0.000000000000000000e+00 2.573761789283250945e-01 1.507562452618987220e-02 1.268158907934074930e-01 4.947374484148428855e-03 5.926093963256251484e-02 1.680374971675170082e-01 0.000000000000000000e+00 6.059271271548178489e-02 0.000000000000000000e+00 1.246699211227070697e-01 7.938774753035079956e-02 0.000000000000000000e+00 3.946875944589290502e-02 7.061538327373971047e-04 1.222830633930441918e-02 0.000000000000000000e+00 0.000000000000000000e+00 0.000000000000000000e+00 0.000000000000000000e+00 0.000000000000000000e+00 0.000000000000000000e+00 4.664113192403443464e-02 4.791761557340711193e-03
0.000000000000000000e+00 1.039336258564969029e-01 1.283167022426531523e-01 8.890249613155036534e-02 1.936456408930271531e-02 1.935631950707110069e-02 1.754097989209481567e-01 1.758254637011848753e-01 0.000000000000000000e+00 4.206302319218206687e-02 1.672825068336119408e-02 0.000000000000000000e+00 0.000000000000000000e+00 1.378016993805176310e-02 5.465532715610780384e-02 0.000000000000000000e+00 0.000000000000000000e+00 0.000000000000000000e+00 0.000000000000000000e+00 1.264340051635461093e-01 0.000000000000000000e+00 0.000000000000000000e+00 0.000000000000000000e+00 3.523025341754372486e-02 0.000000000000000000e+00
0.000000000000000000e+00 0.000000000000000000e+00 1.482948116163732566e-01 0.000000000000000000e+00 5.469277119470979109e-02 1.354962623099361663e-01 8.945000299679560507e-02 3.304452588295406917e-02 3.365001270417188745e-02 1.024902141110214937e-01 0.000000000000000000e+00 2.463023753787902947e-01 0.000000000000000000e+00 0.000000000000000000e+00 1.964951706803190479e-02 0.000000000000000000e+00 0.000000000000000000e+00 0.000000000000000000e+00 0.000000000000000000e+00 4.037272779235873132e-02 0.000000000000000000e+00 0.000000000000000000e+00 7.913880883504885444e-02 0.000000000000000000e+00 1.741797010980810842e-02
0.000000000000000000e+00 1.241306360574927561e-02 1.258236600692517471e-01 1.126118408885164596e-01 1.572548279342315947e-01 0.000000000000000000e+00 1.924219965352168826e-01 1.875961026769159823e-01 5.742224306615584251e-02 9.393798560338915103e-04 0.000000000000000000e+00 0.000000000000000000e+00 0.000000000000000000e+00 0.000000000000000000e+00 0.000000000000000000e+00 0.000000000000000000e+00 0.000000000000000000e+00 0.000000000000000000e+00 1.474904552898586574e-01 0.000000000000000000e+00 0.000000000000000000e+00 0.000000000000000000e+00 0.000000000000000000e+00 5.250854930478760776e-04 5.501344585021856505e-03
0.000000000000000000e+00 1.124972663962856279e-01 1.825300946414575021e-01 1.111139323018715402e-01 2.055876528761757874e-02 1.308403854492704577e-01 1.758108050512942333e-01 3.979573661332985735e-02 2.027065061078782773e-02 0.000000000000000000e+00 0.000000000000000000e+00 0.000000000000000000e+00 0.000000000000000000e+00 0.000000000000000000e+00 0.000000000000000000e+00 0.000000000000000000e+00 0.000000000000000000e+00 0.000000000000000000e+00 0.000000000000000000e+00 0.000000000000000000e+00 0.000000000000000000e+00 1.338167426453543141e-02 0.000000000000000000e+00 4.275060575573163407e-02 1.504500836278182263e-01
0.000000000000000000e+00 0.000000000000000000e+00 0.000000000000000000e+00 0.000000000000000000e+00 2.515326272745762037e-01 0.000000000000000000e+00 1.713085108614432472e-01 1.011122380237621139e-02 0.000000000000000000e+00 6.010348206065190685e-02 3.956219375852435514e-03 0.000000000000000000e+00 9.851305152942711751e-03 1.080249633740909283e-03 6.282948401256181065e-03 0.000000000000000000e+00 0.000000000000000000e+00 4.243995527682314223e-02 1.715041178358532037e-01 0.000000000000000000e+00 0.000000000000000000e+00 0.000000000000000000e+00 1.345878852792964930e-01 0.000000000000000000e+00 1.372414750451873833e-01
0.000000000000000000e+00 2.399314732168478237e-02 1.617401717585023879e-01 0.000000000000000000e+00 2.183144987057936692e-01 0.000000000000000000e+00 0.000000000000000000e+00 1.717231308551587024e-02 2.485553399274334149e-02 1.264291446579039468e-01 0.000000000000000000e+00 1.231253389619868938e-01 0.000000000000000000e+00 1.240691953090466114e-02 0.000000000000000000e+00 1.938319486717149376e-02 0.000000000000000000e+00 0.000000000000000000e+00 0.000000000000000000e+00 1.295468001328886343e-01 0.000000000000000000e+00 7.624827623997335393e-03 0.000000000000000000e+00 5.849209608968973517e-02 7.691601327121720677e-02
0.000000000000000000e+00 0.000000000000000000e+00 1.879047845388292504e-01 0.000000000000000000e+00 7.644299598240866800e-03 0.000000000000000000e+00 1.549571513976093773e-01 9.904447707701696108e-03 7.055226204161477166e-02 5.931947448827971231e-02 0.000000000000000000e+00 1.337778538616524182e-01 0.000000000000000000e+00 0.000000000000000000e+00 1.417905593175027568e-01 0.000000000000000000e+00 0.000000000000000000e+00 0.000000000000000000e+00 1.370128377001014475e-01 0.000000000000000000e+00 0.000000000000000000e+00 9.049275467159330344e-02 0.000000000000000000e+00 0.000000000000000000e+00 6.643574676874434287e-03
0.000000000000000000e+00 0.000000000000000000e+00 3.770848545845568219e-03 5.246541991374775206e-03 1.849251172679512167e-01 1.578435673665498293e-02 5.708529695253179020e-02 1.598302481643077699e-01 1.352890228171602649e-01 4.456321523693741217e-03 0.000000000000000000e+00 2.111690968822763081e-02 9.504883947800278621e-02 0.000000000000000000e+00 1.103393873076924728e-02 0.000000000000000000e+00 1.055979038475810816e-01 0.000000000000000000e+00 1.507662295102408512e-01 9.732152495327793529e-03 0.000000000000000000e+00 2.396190900061429332e-02 0.000000000000000000e+00 0.000000000000000000e+00 1.635436324971628955e-02
0.000000000000000000e+00 3.586602265774995607e-02 1.753057809775292741e-01 0.000000000000000000e+00 1.283247093695392971e-01 1.178607491951609056e-02 1.467064614478285345e-01 1.534585447153144488e-01 0.000000000000000000e+00 7.032616890642501804e-03 0.000000000000000000e+00 6.014222673042036310e-02 0.000000000000000000e+00 0.000000000000000000e+00 2.797201449840122991e-02 0.000000000000000000e+00 0.000000000000000000e+00 0.000000000000000000e+00 1.463134682244549567e-01 1.000588998141544589e-01 0.000000000000000000e+00 7.033179754448806893e-03 0.000000000000000000e+00 0.000000000000000000e+00 0.000000000000000000e+00
0.000000000000000000e+00 1.828866602532670804e-02 5.674615778091039731e-02 0.000000000000000000e+00 2.387032207951890195e-01 0.000000000000000000e+00 1.839008892995544209e-01 2.244196047990102555e-02 0.000000000000000000e+00 1.634375920571903285e-01 0.000000000000000000e+00 4.357735222457119473e-02 0.000000000000000000e+00 0.000000000000000000e+00 1.132376415154297822e-01 0.000000000000000000e+00 0.000000000000000000e+00 0.000000000000000000e+00 0.000000000000000000e+00 1.160722797897589288e-02 0.000000000000000000e+00 0.000000000000000000e+00 0.000000000000000000e+00 3.207650535879862010e-03 1.448516413070713715e-01
9.418723963477778835e-03 1.058389522236411091e-02 1.546350791608143149e-01 1.077448370638937197e-01 0.000000000000000000e+00 0.000000000000000000e+00 0.000000000000000000e+00 1.374505837806991593e-01 3.763885183775043247e-02 2.781497802039915035e-01 0.000000000000000000e+00 2.628090547707165672e-03 0.000000000000000000e+00 0.000000000000000000e+00 2.374492826541238152e-02 0.000000000000000000e+00 0.000000000000000000e+00 0.000000000000000000e+00 0.000000000000000000e+00 2.107446599475558402e-02 3.414570711474847198e-02 0.000000000000000000e+00 0.000000000000000000e+00 3.939415415612426002e-02 1.433909026882612125e-01
5.974338475055556569e-02 0.000000000000000000e+00 1.764813283114743947e-02 7.371874623430059795e-03 1.591994231499320456e-01 9.295484299291259522e-02 7.998536944734731258e-02 1.696199649565804102e-01 6.261218794596677684e-02 2.767467134754471592e-01 0.000000000000000000e+00 2.740279043997256164e-02 0.000000000000000000e+00 0.000000000000000000e+00 0.000000000000000000e+00 0.000000000000000000e+00 0.000000000000000000e+00 0.000000000000000000e+00 0.000000000000000000e+00 0.000000000000000000e+00 0.000000000000000000e+00 2.211449746728670618e-02 0.000000000000000000e+00 0.000000000000000000e+00 2.460081791942131391e-02
0.000000000000000000e+00 0.000000000000000000e+00 1.723927241868702942e-01 2.522666688508615196e-02 1.106471240849832144e-01 0.000000000000000000e+00 4.085664998847561569e-02 0.000000000000000000e+00 0.000000000000000000e+00 1.696506093981481889e-01 6.556180335430206174e-02 1.517991805968682550e-01 1.262354565490236271e-03 0.000000000000000000e+00 0.000000000000000000e+00 0.000000000000000000e+00 5.624412846934690596e-02 1.193727757060644712e-02 0.000000000000000000e+00 0.000000000000000000e+00 0.000000000000000000e+00 0.000000000000000000e+00 0.000000000000000000e+00 4.610904819487658679e-02 1.483124327049457902e-01
0.000000000000000000e+00 9.126682640872268992e-02 4.395763061459914689e-02 2.206798318177509433e-02 0.000000000000000000e+00 0.000000000000000000e+00 1.693982433256182030e-01 0.000000000000000000e+00 1.714293430113123795e-01 9.414710332227363421e-03 0.000000000000000000e+00 0.000000000000000000e+00 3.027424642063747048e-02 0.000000000000000000e+00 8.900221828036343485e-02 0.000000000000000000e+00 2.781497492249987782e-02 1.469576018304520892e-01 0.000000000000000000e+00 0.000000000000000000e+00 0.000000000000000000e+00 0.000000000000000000e+00 2.779693621473077261e-02 1.706192854570615092e-01 0.000000000000000000e+00
0.000000000000000000e+00 1.386736431998472074e-01 1.737026479087177278e-01 6.464054504074941837e-03 4.452542421529878669e-02 0.000000000000000000e+00 2.700907304087429069e-03 0.000000000000000000e+00 1.476172970053508428e-02 1.821540752538668151e-01 0.000000000000000000e+00 0.000000000000000000e+00 1.117406571517423099e-02 0.000000000000000000e+00 1.804840465649254488e-01 0.000000000000000000e+00 0.000000000000000000e+00 0.000000000000000000e+00 1.347668902600111405e-03 5.802896843583476433e-02 0.000000000000000000e+00 0.000000000000000000e+00 0.000000000000000000e+00 1.782958640326981758e-01 7.686904262339223741e-03
1.766658606071313739e-02 1.279638976216200888e-02 8.816511451817743428e-02 2.696313652753295088e-03 1.607297572731813395e-01 0.000000000000000000e+00 4.031758880806669658e-03 1.474185199185692186e-01 0.000000000000000000e+00 2.932180552847517552e-01 0.000000000000000000e+00 0.000000000000000000e+00 0.000000000000000000e+00 0.000000000000000000e+00 9.646376752314028691e-02 0.000000000000000000e+00 0.000000000000000000e+00 0.000000000000000000e+00 1.842596752394113106e-03 1.963829025554942459e-02 0.000000000000000000e+00 0.000000000000000000e+00 5.102536642289524048e-03 0.000000000000000000e+00 1.502303134755117175e-01
