0.000000000000000000e+00 7.703852179020448387e-02 2.874269695850615019e-03 1.808793255455572874e-02 2.408039971854527075e-02 1.031632692968799808e-01 1.469154337010361057e-02 2.371826576118620661e-02 7.428121024622516555e-02 4.425242222216361869e-03 1.742450766266639625e-02 4.243109849048438270e-02 0.000000000000000000e+00 0.000000000000000000e+00 8.464336296500679299e-03 1.912417462795073728e-02 2.069148388553215534e-01 1.286679557476642644e-01 1.191522062125056070e-01 1.154602274511390830e-01
1.598418176532009558e-02 1.643372724674649343e-02 4.992795047011142767e-03 8.037610518503908452e-02 7.931093491023138986e-02 1.648418482767639859e-01 3.146715863367199190e-02 0.000000000000000000e+00 1.479701326735715916e-01 9.727781056451501041e-03 5.488162753419139131e-03 1.510893374630284947e-01 0.000000000000000000e+00 4.366913047994813897e-03 0.000000000000000000e+00 0.000000000000000000e+00 8.172468447962447091e-02 1.162995023824134194e-01 3.321746223898823513e-02 5.670927283972407307e-02
4.501269596143252401e-03 2.555530890697910174e-01 2.498945327035247133e-02 2.302607760888608981e-02 1.005706240101264942e-01 1.090590743515738696e-02 3.056274630454584824e-05 1.896549665112342090e-02 1.987106352108468366e-01 0.000000000000000000e+00 1.181773057952486888e-03 0.000000000000000000e+00 0.000000000000000000e+00 1.167994832407271422e-01 1.579529495538766759e-01 8.128914087120390868e-04 0.000000000000000000e+00 7.332101593299885506e-03 3.681623044516065067e-03 7.498606250218416147e-02
1.675914052696749173e-04 4.095103905491450508e-02 1.090463336129293831e-01 1.324344384675120168e-01 1.826343740326710416e-02 2.656249030651013088e-02 2.809053192016384981e-02 6.379723293125499906e-02 1.402843808532893977e-01 9.946699624542865159e-03 0.000000000000000000e+00 7.170688247270866345e-02 1.554201346502778053e-02 0.000000000000000000e+00 1.419720162084842259e-02 0.000000000000000000e+00 4.831996572253068056e-02 1.208065178167854886e-01 1.376928798417772215e-01 2.219036348066788164e-02
9.303741633644928288e-02 2.479701307422238835e-02 1.078157696326260545e-01 2.147482158385438308e-02 7.647728395862733557e-03 2.260445943087432616e-02 0.000000000000000000e+00 1.454153884795550966e-01 1.334888992537684033e-02 0.000000000000000000e+00 3.173459504749033371e-03 1.146163527667108384e-01 7.610918471887120028e-03 0.000000000000000000e+00 3.167095050972051906e-02 0.000000000000000000e+00 6.520141245059442054e-04 1.440176744117264429e-01 1.317141614645087055e-01 1.304029818873702340e-01
1.054143552905997677e-01 4.959584322521878169e-02 2.573557127358198568e-02 1.249627623579327995e-01 1.544648893029763881e-01 1.475274364766716029e-01 5.072528776197895301e-02 1.503950520343980968e-01 8.172763594752001370e-02 0.000000000000000000e+00 0.000000000000000000e+00 1.426088868977304185e-02 0.000000000000000000e+00 0.000000000000000000e+00 3.444915589757805850e-04 9.486112312865731255e-03 0.000000000000000000e+00 0.000000000000000000e+00 4.919062425691647644e-02 3.616904951059052298e-02
7.508366377749511877e-02 2.557396781086427456e-02 9.875882067969322942e-02 7.906889370582884102e-02 2.401453312933993223e-02 1.705840328727478983e-01 0.000000000000000000e+00 4.087518563344234857e-02 1.340634158963971145e-01 0.000000000000000000e+00 0.000000000000000000e+00 4.590926550463254180e-02 3.726543286856031506e-02 9.357288540599573157e-02 2.699193446868780599e-03 0.000000000000000000e+00 0.000000000000000000e+00 1.536613009026800182e-02 1.344816023825653739e-01 2.268297679530047531e-02
4.483688913102518853e-02 0.000000000000000000e+00 2.306483570196636926e-02 0.000000000000000000e+00 5.154536629759625017e-03 1.487771486247619138e-02 9.646879893894320934e-02 1.278795327869839127e-01 4.607530370152001370e-02 0.000000000000000000e+00 1.426189420485760029e-02 1.236687416324048494e-01 1.910225097484747475e-02 1.590867593724265561e-01 1.637314409742002611e-02 0.000000000000000000e+00 4.388410983978858343e-02 9.235193239350251992e-02 1.308668775236963566e-01 4.204667820838157988e-02
2.883125173533481259e-02 4.624233533247538996e-02 6.313089115155365305e-02 2.573563238128491748e-01 0.000000000000000000e+00 5.763950742290734064e-02 3.879285673044800126e-02 7.144701396286684547e-02 1.535552769519284155e-01 7.130443927138997717e-02 0.000000000000000000e+00 4.639938699577664943e-02 8.330325354616534674e-04 0.000000000000000000e+00 1.306476448837133467e-03 1.974924295237922515e-03 1.380245633111764660e-02 8.601295420897049973e-03 1.363181919413129495e-01 2.464339659605414845e-03
4.490732689401762817e-02 2.648646361024598050e-01 1.667273651684039737e-02 1.482992398132807477e-01 1.560081598966935601e-01 1.627354675832854425e-01 3.696765598300144531e-03 1.056870524119591370e-01 3.406678936991625896e-04 0.000000000000000000e+00 0.000000000000000000e+00 1.876866780711337890e-02 0.000000000000000000e+00 8.131151181458814645e-03 1.325983559584877590e-02 3.479698927522721641e-02 0.000000000000000000e+00 0.000000000000000000e+00 0.000000000000000000e+00 2.183130342981579736e-02
7.202303363829710980e-02 6.189010850277182341e-02 0.000000000000000000e+00 0.000000000000000000e+00 2.374257648878061802e-02 1.174086939529971341e-01 2.941137640302197639e-02 3.461865263660666298e-02 1.926280599222528755e-01 4.636051552997406413e-04 1.195300508214625253e-02 3.613700747363068899e-02 6.859910960608419511e-04 0.000000000000000000e+00 2.243543607791659983e-02 1.001443168478216702e-03 1.278212665485584619e-02 1.321598745883122150e-01 1.264832662982070532e-01 1.241757428603642577e-01
1.468656739790754895e-01 8.137958702566154556e-02 1.171139129051087246e-01 0.000000000000000000e+00 4.323405057332932455e-03 1.118860067683752520e-02 8.497541902012931136e-02 8.460556008065614475e-02 8.307562986225371093e-02 8.097356945499064240e-04 0.000000000000000000e+00 3.048790096329598298e-02 0.000000000000000000e+00 5.097513013717164254e-03 1.506526580372984049e-03 2.543254364572244356e-03 1.095391907003050169e-01 1.307466127429781078e-01 8.950195618367216832e-02 1.623952114948105929e-02
2.486650974551661217e-02 1.291517470828509317e-01 2.675922209247877555e-03 3.872333453843197076e-02 0.000000000000000000e+00 1.408024045860416240e-01 4.104746199431795473e-02 7.891152936440110066e-02 1.844700003909361952e-01 4.185935592976371133e-02 1.453161202787934050e-02 2.085790072262441730e-01 0.000000000000000000e+00 6.322313525774827733e-03 7.253907843455388582e-02 7.812529985976335647e-03 0.000000000000000000e+00 7.537100818663544644e-03 1.700921393998945381e-04 0.000000000000000000e+00
3.825410880717657752e-02 1.292412325150003316e-01 2.219867687304290932e-02 8.231642651856703463e-02 2.048174992272124295e-01 1.470123873095859346e-01 1.017463378020357079e-02 4.420377681707648304e-02 0.000000000000000000e+00 0.000000000000000000e+00 7.642177063066000336e-03 1.734672935817650058e-02 7.402498970720058913e-02 3.265297352566064437e-05 4.372047747933426737e-02 3.162439430153246318e-03 7.507738512565110926e-03 1.824591370838588023e-02 1.343090626711906099e-01 1.578907724853696737e-02
1.037779693300882374e-03 1.201690362098033482e-01 9.075334230199949559e-02 4.613149008185672695e-02 1.971058437665246243e-02 2.125158675181421791e-02 1.552636082820312534e-02 1.219045644303413251e-01 1.639269741303351069e-01 2.159581413736202677e-03 0.000000000000000000e+00 0.000000000000000000e+00 3.237537391364748735e-03 5.186800478882021281e-02 1.244382806353423604e-01 1.633542109825462344e-04 1.690118840004034909e-02 1.839311525889527482e-02 4.746799222076702324e-02 1.349592268757444091e-01
9.451152614981575550e-02 1.505281246372377341e-02 0.000000000000000000e+00 1.367952875738288193e-02 4.350462019909776684e-02 1.712532575651048647e-02 4.341288463590912278e-02 2.094314445217521081e-01 1.512775956625361240e-01 0.000000000000000000e+00 0.000000000000000000e+00 3.625114831713189406e-02 2.097296451000484063e-02 0.000000000000000000e+00 9.869891113830657134e-03 0.000000000000000000e+00 0.000000000000000000e+00 1.182105636298354800e-01 1.371586921908428958e-01 8.954100209162618729e-02
1.037829951879896684e-01 2.244268459440887722e-02 1.708428890811029277e-01 8.260637251239262568e-02 5.376828559349144943e-02 1.566155778336925930e-01 7.749582368514896201e-03 1.270468536494887835e-01 3.034144794351549199e-02 3.831089340279521336e-03 0.000000000000000000e+00 1.755552075675423374e-02 0.000000000000000000e+00 4.561380118001453349e-02 6.639366112891531037e-03 0.000000000000000000e+00 1.651564746223318017e-02 0.000000000000000000e+00 4.675816789738925644e-02 1.078897184858403496e-01
1.779084807110344751e-02 1.372284788495318208e-01 0.000000000000000000e+00 8.178708625783041863e-02 1.613878636112946836e-03 2.302297773737834678e-03 2.421096298016709933e-02 9.331781083821773237e-03 2.470641987816044882e-01 2.807593986807144226e-02 0.000000000000000000e+00 1.626917404707116377e-01 0.000000000000000000e+00 0.000000000000000000e+00 1.301719268933723417e-01 2.661597386561094167e-02 5.371810871138392625e-03 1.116655856654239914e-01 1.157362686500741124e-02 2.503863066753984987e-03
0.000000000000000000e+00 1.315903766760365690e-01 1.582398533797377271e-02 1.263248756190943345e-01 3.982318667190773431e-03 0.000000000000000000e+00 5.598594649123166123e-02 0.000000000000000000e+00 2.740921189205385300e-01 1.497724648986385222e-02 0.000000000000000000e+00 1.022003163046584645e-01 0.000000000000000000e+00 1.707764499827739424e-02 3.142751490434397832e-02 4.752315435392350657e-02 0.000000000000000000e+00 0.000000000000000000e+00 4.029029468833504601e-02 1.387042065485319664e-01
3.554998573272576405e-04 1.032935290698398928e-01 5.003108851728868024e-03 3.231816884793251021e-03 1.705098991411369558e-01 1.978401816266809610e-01 2.001499087687203318e-02 1.318478073957055352e-01 1.602542683648059962e-01 0.000000000000000000e+00 7.091970064864773667e-03 1.090769693869067004e-02 9.069424484516368234e-02 1.515901836493754092e-03 1.302651799091470927e-02 6.653087776377109540e-03 4.340556008764722210e-03 1.832171146831325804e-03 0.000000000000000000e+00 7.158675132300859612e-02
1.505790304268856891e-02 2.742572112822452141e-02 4.597916396686008329e-03 1.395049187006891234e-01 5.229600352778206434e-04 1.778044934934617793e-01 1.582272716919766453e-02 1.777354265065908823e-01 1.581576691768172283e-01 6.828180489195969640e-04 0.000000000000000000e+00 1.479713790813526851e-02 1.204306751457161380e-02 8.806358086109350447e-02 8.836479625937485385e-03 2.210318008757032170e-03 9.985064549569832443e-03 0.000000000000000000e+00 0.000000000000000000e+00 1.467517978333819084e-01
8.576607431607528777e-04 1.545577780059997908e-01 1.089311354699337361e-02 1.093937591733331466e-01 3.839867962184513334e-03 0.000000000000000000e+00 1.265429047642254411e-02 1.140335721252250106e-01 1.817257720805370291e-01 3.683578273117707989e-03 4.675887321809136729e-03 1.239442886853218684e-01 5.874728639311696532e-03 0.000000000000000000e+00 2.068443925287731088e-03 0.000000000000000000e+00 8.886833302424104741e-02 1.192409877409395316e-02 1.615289369814645326e-01 9.475890261496065087e-03
0.000000000000000000e+00 1.355685205192782850e-01 0.000000000000000000e+00 9.219999062032396830e-02 1.754333034739674266e-02 1.165399070428287890e-03 2.071515166440967073e-02 5.046720790257129031e-03 1.991743211904629940e-01 0.000000000000000000e+00 0.000000000000000000e+00 4.331078035018897515e-02 1.016596488862333073e-02 9.868355147339462341e-02 3.236474939245000387e-03 3.420803441898299675e-03 0.000000000000000000e+00 1.186491837654373160e-01 1.693744253948029355e-01 8.174538154385230238e-02
0.000000000000000000e+00 1.388025210022084677e-01 1.338380323165950939e-03 2.505041839040341063e-03 9.515976096775040360e-02 2.598495269060934199e-01 1.914536425119966459e-03 5.276361256123966031e-02 9.690381455685906364e-02 2.041137429189331803e-02 6.629591557197328641e-04 7.120879529522197715e-02 8.604693897055532351e-03 1.373841682584484025e-02 4.464964917776731435e-03 2.319451103429264263e-02 5.959795489814998827e-03 0.000000000000000000e+00 1.222606993648719664e-01 8.025659514603104838e-02
1.475487760271477870e-02 2.115050712081061324e-01 8.188822351552575143e-04 1.230437917326870911e-01 6.957420089267316032e-02 1.412488612507808161e-01 1.119355305302758424e-01 3.395630433714310475e-02 6.614379698971083188e-02 3.375648078175585293e-02 0.000000000000000000e+00 9.369153571636123709e-03 2.608309801555204217e-03 0.000000000000000000e+00 4.535578885945829031e-03 1.081787619753875468e-01 0.000000000000000000e+00 3.751260989134672791e-02 3.105778831312587182e-02 0.000000000000000000e+00
4.057742593109389543e-04 1.109247852535799467e-01 6.940264164694559881e-03 1.724902796257710841e-02 3.312548647997326165e-03 7.907333033225387442e-02 9.442426757687229222e-02 2.762755456080552563e-02 3.042872453161048485e-01 7.998037693754615762e-03 3.216455100250225014e-04 9.814682083455593051e-03 1.165382282699356698e-04 1.249997093547267346e-01 7.855248424160819753e-02 2.837178794206633367e-02 3.236136898160058700e-02 3.533127368791599138e-02 4.044377724569284821e-03 3.384329647781134098e-02
4.917064162376803751e-05 5.470202573675583824e-02 8.510703226443193511e-04 1.589337375630213434e-01 1.361867689386101754e-01 2.303087690217704708e-02 5.451169625165908778e-02 1.487968108970912640e-01 6.901804015629454947e-02 0.000000000000000000e+00 1.601729333225862875e-02 1.273501340848500751e-01 2.104789354695677048e-03 0.000000000000000000e+00 1.427041305174048536e-01 6.665776132748453065e-04 2.305439479145831791e-02 3.839087624541467209e-02 2.155107608654015933e-03 1.476499042111404682e-03
2.318523032318658625e-02 1.983774872082107177e-01 2.828071484787459192e-02 1.970884638522157895e-01 3.688183784697567080e-02 1.492922797093056142e-01 4.091630820580350811e-03 1.766474907389016802e-01 0.000000000000000000e+00 0.000000000000000000e+00 0.000000000000000000e+00 2.921612773354120493e-02 7.923770983402816936e-02 3.553309746788386059e-03 9.070016878580229591e-03 1.602889351062639772e-02 0.000000000000000000e+00 8.235532469879047399e-03 1.866389286463161074e-02 2.214938161467399844e-02
2.021992785942547735e-02 2.046451091526001465e-01 1.501017924209052667e-02 6.361710984458522622e-02 1.405154587131276223e-01 1.413911326069631769e-01 9.506830231207417936e-02 4.523893928217420646e-03 5.494936634418643578e-02 1.193873880967531807e-03 0.000000000000000000e+00 8.867214667813481596e-03 1.907395314352037380e-02 1.302758083934447454e-02 1.243887457623869403e-01 2.717984489799353531e-03 2.843412408262454422e-02 5.341433061017739070e-02 8.421184705453435212e-03 5.205278146422813793e-04
0.000000000000000000e+00 0.000000000000000000e+00 2.612899908770742116e-02 7.427364306917504100e-02 5.292435953076983501e-02 1.655950069135181391e-01 3.593361030451749233e-02 9.171959002621996732e-03 1.760358204311092689e-01 8.082090756336641400e-06 0.000000000000000000e+00 3.328549517339701724e-02 7.890221325769221708e-03 1.833955710384118920e-01 1.340294710400482536e-01 1.653153092625571797e-03 8.269108404160645243e-02 1.306145976653510024e-02 0.000000000000000000e+00 3.922064091430983723e-03
0.000000000000000000e+00 4.043970813140824322e-02 0.000000000000000000e+00 1.569177598736104864e-02 1.424576592429454835e-01 4.320870128231387580e-02 1.646533707565469478e-03 7.339276145201600876e-02 1.474320666059903140e-01 6.826063657472855291e-04 7.489262884825243459e-03 9.039617037719097081e-02 0.000000000000000000e+00 0.000000000000000000e+00 2.726770362089569327e-02 0.000000000000000000e+00 1.371210165077551280e-01 1.391719360407787653e-01 5.141858376269715057e-03 1.284602394169367390e-01
6.815808096598925669e-02 3.420537038072182529e-03 6.868240540181286269e-03 1.454018486628349260e-01 4.798833531656037515e-02 2.453934730620940460e-02 1.272770232666343704e-01 7.773393098101154253e-02 1.066654410339528680e-01 2.461967909076822301e-03 2.016029614075105433e-02 1.587862154472572951e-01 5.308471213523446690e-03 1.696106940793329354e-02 0.000000000000000000e+00 1.323459504885661844e-03 1.169814755055276212e-02 3.930437597327181981e-02 1.319552541463303585e-01 3.987957594971345936e-03
0.000000000000000000e+00 1.072727121665692784e-01 5.565823205754777923e-03 5.876294384816747179e-02 1.809056335523311076e-01 2.074641846601265553e-03 1.019076225963600618e-01 8.102360194857237408e-03 1.220984957440751119e-02 6.868275410816762627e-03 0.000000000000000000e+00 1.733641649062643841e-01 4.897907211588903298e-02 0.000000000000000000e+00 6.740409521472538051e-03 5.575041029166871026e-02 9.481351955648117946e-02 2.438638352042512246e-03 1.342439228603158896e-01 0.000000000000000000e+00
2.472567499342124067e-02 1.847681328265219636e-01 2.152099792121099989e-02 1.322875771542357248e-01 1.804837342137120826e-01 1.387494160847230207e-01 6.869704341307578122e-02 9.640893669576615713e-03 2.504939473756413737e-03 7.736810031701237336e-03 0.000000000000000000e+00 1.215809311445678192e-01 3.997338806768310771e-02 0.000000000000000000e+00 2.023059374629155097e-02 0.000000000000000000e+00 0.000000000000000000e+00 1.474375896944024773e-02 2.443709997963378414e-02 7.919008310448380494e-03
7.298010667044218212e-03 2.883132395883875043e-02 1.467601415621828109e-01 1.186365593839885761e-02 1.573576700645301363e-01 9.937217865329314725e-02 1.221594950080186377e-02 2.818106970368342880e-03 6.150773389397613811e-02 0.000000000000000000e+00 2.320016782937635302e-02 1.574811917925777460e-01 8.263082553271823560e-02 0.000000000000000000e+00 0.000000000000000000e+00 2.504447200084053849e-03 9.440683976424713063e-04 5.397700469462780870e-02 1.412500468590296432e-01 9.987476484509403424e-03
0.000000000000000000e+00 4.215985500488873827e-02 2.118222417144819021e-03 2.182280154596327477e-03 1.043143753996040174e-01 1.612400560983476561e-01 0.000000000000000000e+00 1.080507351699743455e-02 1.636212419205812785e-01 4.238359901209802494e-02 1.917101770006576777e-02 1.587756794618497558e-01 4.969353817168517887e-03 5.348584508285827988e-02 1.394230304754663918e-01 1.120274871888365942e-02 5.113066252057726219e-02 2.137541073424164065e-02 3.140282822663090743e-03 8.501265141967430036e-03
0.000000000000000000e+00 2.852783735158456041e-02 2.853083842525710664e-02 1.299523277744338567e-01 1.760571983458538228e-02 3.565871568334465919e-02 0.000000000000000000e+00 1.113813148800483627e-01 1.477961048264496979e-01 1.709103911957496943e-03 0.000000000000000000e+00 2.923941788411241541e-02 3.213998469080710067e-03 1.466497224798409826e-01 1.361970652167649176e-01 7.952281695867520137e-03 0.000000000000000000e+00 4.738221700889907670e-03 1.455845736545180284e-02 1.562888725003305501e-01
1.417886685351169018e-01 8.572116373313476423e-02 2.509874399484743075e-03 1.397429691432647801e-02 1.508111390159735943e-02 4.944175939721673352e-02 8.693028835491190334e-03 1.420310007666392704e-01 3.476025139263445862e-02 0.000000000000000000e+00 0.000000000000000000e+00 1.897062527408647503e-01 0.000000000000000000e+00 4.155694255905591564e-03 0.000000000000000000e+00 0.000000000000000000e+00 0.000000000000000000e+00 4.123932343061805644e-02 1.367751183921506741e-01 1.341224533048190060e-01
1.171579595606826590e-01 2.548075348295943468e-02 3.709569091788512962e-02 1.599949470794177764e-02 1.584517345999479909e-01 3.892792503029786615e-03 1.159880050486769565e-01 0.000000000000000000e+00 1.975784796410511024e-02 9.229570059350128419e-03 3.493959962275742961e-04 4.578862239172021287e-02 6.093415178829154899e-02 3.045087464171778932e-02 0.000000000000000000e+00 2.438727188909251865e-03 1.515759184360325994e-02 1.571670273081596236e-01 1.527740171475367725e-01 3.188574284925494579e-02
1.028675134355881531e-02 1.623586405678003053e-01 7.670478637823959119e-03 2.249828776508019101e-01 1.586336153556444084e-01 7.126812720801492529e-02 3.494965835216782939e-03 0.000000000000000000e+00 8.470047529020195351e-03 1.241560222786157117e-02 9.285589679645430555e-03 2.540805130499399975e-02 0.000000000000000000e+00 1.054407855295703134e-01 0.000000000000000000e+00 0.000000000000000000e+00 0.000000000000000000e+00 7.109177952699243875e-04 1.542733452630187796e-01 4.530020407175864433e-02
1.554980534819867984e-02 7.866537113475763343e-02 3.836488058283530483e-02 9.050524950846221273e-02 2.651756138824322082e-02 1.349816302163473758e-01 7.870315286742463013e-04 2.586705874754570422e-02 5.458450835864959300e-02 0.000000000000000000e+00 0.000000000000000000e+00 3.828184513170170087e-03 0.000000000000000000e+00 0.000000000000000000e+00 1.131204125824783469e-01 1.485874166707598816e-02 1.599088199906953112e-01 5.493234404046497266e-02 3.452389999335783027e-02 1.530045003990433417e-01
1.199210921448617129e-01 1.468501324957961485e-01 0.000000000000000000e+00 2.549027880654282287e-03 1.483942088935794601e-01 1.496152145399853028e-01 9.959949299881117046e-02 7.673308258846223140e-02 1.540886763233149659e-01 0.000000000000000000e+00 1.858825201350685838e-02 1.833050276959867150e-02 0.000000000000000000e+00 0.000000000000000000e+00 3.969236482011434357e-03 4.242526038200827854e-03 0.000000000000000000e+00 1.302803630090995819e-02 0.000000000000000000e+00 4.409051853030678675e-02
0.000000000000000000e+00 2.339222497677128920e-01 0.000000000000000000e+00 0.000000000000000000e+00 1.533511189463931668e-01 0.000000000000000000e+00 0.000000000000000000e+00 3.846731133832389984e-03 5.582475050110437265e-02 0.000000000000000000e+00 1.138088165891128515e-03 1.963391854202648223e-01 0.000000000000000000e+00 0.000000000000000000e+00 0.000000000000000000e+00 4.846026459671809970e-03 1.064640281429489813e-02 7.007487279573240690e-02 1.415261511850036125e-01 1.284844228100984753e-01
1.187261021718308551e-01 1.333102820573391356e-01 1.675988852257651171e-04 2.863698390083444650e-02 2.764799879084840414e-02 4.244846069431724295e-03 1.159435861939976387e-01 1.858462797827384327e-02 1.154650073670078769e-01 0.000000000000000000e+00 0.000000000000000000e+00 7.085238929867888891e-02 7.366983965967704388e-04 0.000000000000000000e+00 2.301210824542360752e-03 6.924519141300546424e-03 1.018361015029145833e-01 1.894329991334660068e-01 3.420606325088264982e-04 6.484698765520235941e-02
0.000000000000000000e+00 3.369190332850914571e-02 0.000000000000000000e+00 1.632804565024489063e-01 1.598885368474776691e-01 1.001705162770035046e-01 4.612171896264181947e-02 0.000000000000000000e+00 2.280476636895045761e-02 1.202551443222725329e-02 6.926327786002051374e-06 3.934022510036241232e-02 0.000000000000000000e+00 1.211508412883621627e-01 8.348717421527315774e-02 0.000000000000000000e+00 1.469645648843801757e-02 5.470003860129898920e-03 9.533836604833624551e-02 1.025265939520533937e-01
