2.493527114335548564e-02 2.836203207042948572e-03 2.199394800363768318e-02 0.000000000000000000e+00 1.413531691504979204e-01 0.000000000000000000e+00 0.000000000000000000e+00 0.000000000000000000e+00 2.974497967484718286e-02 0.000000000000000000e+00 0.000000000000000000e+00 1.349521022039524565e-01 0.000000000000000000e+00 0.000000000000000000e+00 1.581858358935273878e-01 1.304664867200484336e-02 0.000000000000000000e+00 2.508354562903267540e-02 0.000000000000000000e+00 1.144412389893050865e-02 0.000000000000000000e+00 0.000000000000000000e+00 2.331592477918222883e-01 3.292301926057919492e-02 1.703419054707693003e-01
7.367241193099684964e-04 2.155159180458322572e-03 0.000000000000000000e+00 0.000000000000000000e+00 1.683716479210743341e-02 9.082526488590907804e-03 1.349488444044555499e-03 0.000000000000000000e+00 2.526116866984468370e-02 1.096369589420500140e-01 0.000000000000000000e+00 0.000000000000000000e+00 2.927041736165379021e-02 0.000000000000000000e+00 1.515312654469161968e-01 0.000000000000000000e+00 1.479523079780052375e-01 1.017833184885671288e-01 2.691755376249033507e-02 0.000000000000000000e+00 0.000000000000000000e+00 0.000000000000000000e+00 0.000000000000000000e+00 1.675647386131102479e-01 2.099212077128511655e-01
5.663336199367162427e-02 0.000000000000000000e+00 0.000000000000000000e+00 0.000000000000000000e+00 3.121399486010226557e-02 0.000000000000000000e+00 1.840382809220547922e-01 1.107777062269481999e-01 6.962681829116258714e-02 0.000000000000000000e+00 0.000000000000000000e+00 0.000000000000000000e+00 1.621860006052363440e-02 0.000000000000000000e+00 1.725447945306568809e-01 0.000000000000000000e+00 0.000000000000000000e+00 1.471023466768142940e-01 1.768051474577933459e-03 1.514294247858479492e-01 0.000000000000000000e+00 0.000000000000000000e+00 0.000000000000000000e+00 0.000000000000000000e+00 5.864662017763973278e-02
9.519445781374620552e-02 2.922305634412600273e-02 0.000000000000000000e+00 2.043686225707053161e-02 1.183225713343317304e-02 7.455741355975127604e-02 7.822985315619621072e-02 0.000000000000000000e+00 4.567257555958717519e-02 1.632161596924109059e-01 0.000000000000000000e+00 7.525831735243369847e-02 1.566754344825439099e-02 1.973586843579229683e-04 5.910493899265568951e-02 2.191868281367363724e-02 0.000000000000000000e+00 4.708309182073323190e-02 1.407843414594031339e-01 5.217311374864249535e-03 0.000000000000000000e+00 9.648093588762129968e-02 0.000000000000000000e+00 1.992484264968120977e-02 0.000000000000000000e+00
0.000000000000000000e+00 7.194809210630734309e-02 3.969546511324885396e-02 0.000000000000000000e+00 0.000000000000000000e+00 3.073305624661072134e-03 5.376295442481388714e-02 1.457087963318361434e-01 1.321860840795144321e-02 1.254153765942078169e-01 0.000000000000000000e+00 0.000000000000000000e+00 0.000000000000000000e+00 0.000000000000000000e+00 1.289446752588291889e-01 0.000000000000000000e+00 8.906390112571140050e-02 0.000000000000000000e+00 7.890371211967844856e-02 1.127331934984100587e-01 0.000000000000000000e+00 8.030135615121662684e-02 5.488404035973244721e-02 2.346522883395215243e-03 0.000000000000000000e+00
8.011585974545215594e-02 3.533438145174742917e-02 4.235256445587499280e-02 1.514836801373821949e-02 1.641407088973500725e-02 7.788248851882826652e-03 2.374682717436956136e-01 3.715731459653101587e-02 0.000000000000000000e+00 2.937044060490813947e-03 0.000000000000000000e+00 2.453774212165719601e-03 0.000000000000000000e+00 0.000000000000000000e+00 1.320472606044003350e-01 8.393293328565606948e-02 0.000000000000000000e+00 1.333747879690122713e-02 0.000000000000000000e+00 0.000000000000000000e+00 0.000000000000000000e+00 1.164060846726230336e-01 1.110964259215690420e-01 6.600991869753666808e-02 0.000000000000000000e+00
1.087650819339023717e-01 2.089499764956226358e-02 6.390181529008324979e-04 0.000000000000000000e+00 1.526047940997208585e-01 0.000000000000000000e+00 0.000000000000000000e+00 6.345124291659259841e-02 1.086619716813724129e-01 3.354998528563325061e-02 8.830097542813462874e-03 0.000000000000000000e+00 0.000000000000000000e+00 0.000000000000000000e+00 1.634471876137633950e-01 0.000000000000000000e+00 0.000000000000000000e+00 0.000000000000000000e+00 1.784927361116384337e-01 2.786686580908886556e-03 0.000000000000000000e+00 0.000000000000000000e+00 0.000000000000000000e+00 1.455616025151445780e-01 1.231459791604644707e-02
9.417468329605187261e-02 4.540146601381295569e-03 4.518463120951687895e-02 3.553369148516475826e-03 2.092042135316008605e-02 1.207256456207751781e-03 3.469073890835223245e-02 9.996341455466428716e-02 0.000000000000000000e+00 4.035374236059214269e-03 0.000000000000000000e+00 3.185245916044406045e-02 0.000000000000000000e+00 0.000000000000000000e+00 1.326896380706946710e-01 0.000000000000000000e+00 1.186518687237101688e-01 6.195827115739615046e-03 1.883990225550555286e-02 0.000000000000000000e+00 4.261496466492613322e-02 1.373952188994840284e-01 1.493844193580132207e-02 1.410619887478506418e-01 4.748965466193389579e-02
2.590169603997887621e-02 1.029848599368130557e-01 5.642734817459154478e-02 1.145883622596402876e-02 3.197008403423132195e-02 0.000000000000000000e+00 6.261606462641990112e-03 1.821725570395550386e-01 6.280999695822608864e-02 8.443318776123516153e-03 0.000000000000000000e+00 1.182430303797815802e-01 0.000000000000000000e+00 0.000000000000000000e+00 6.275649822465329680e-03 3.351581807435130567e-02 1.245748328410447615e-02 0.000000000000000000e+00 0.000000000000000000e+00 0.000000000000000000e+00 0.000000000000000000e+00 1.221126701241121854e-01 1.993541149313821093e-02 1.961902629380425367e-01 2.839370235878952136e-03
0.000000000000000000e+00 0.000000000000000000e+00 1.632885608682410269e-02 0.000000000000000000e+00 0.000000000000000000e+00 4.308202288645129191e-02 2.622566691008844653e-01 9.712407932981430986e-03 1.428354944893125457e-02 1.659952306694019789e-02 0.000000000000000000e+00 0.000000000000000000e+00 1.997040615482354592e-02 0.000000000000000000e+00 1.148886004305022662e-01 8.221305592396782602e-02 6.844230836561639164e-02 1.340938745720628503e-02 8.303224345583486848e-03 2.412491280827610413e-02 0.000000000000000000e+00 0.000000000000000000e+00 3.043600487093242601e-02 1.532720784659324098e-01 1.226769926541466244e-01
0.000000000000000000e+00 6.421878652133951315e-02 1.392911829400086676e-01 0.000000000000000000e+00 1.018621173606750266e-02 0.000000000000000000e+00 1.540370004778237600e-01 0.000000000000000000e+00 5.355494557542475609e-02 1.924125732528107757e-01 0.000000000000000000e+00 1.415347355901458715e-01 6.235173083879846923e-02 0.000000000000000000e+00 3.050956630668953673e-02 0.000000000000000000e+00 3.900141368561828824e-03 0.000000000000000000e+00 0.000000000000000000e+00 8.397258430583805916e-03 0.000000000000000000e+00 6.814619060514071243e-03 7.253076267445487946e-02 0.000000000000000000e+00 6.026048522677662084e-02
0.000000000000000000e+00 2.060886669898827350e-02 3.651432818110340178e-02 0.000000000000000000e+00 0.000000000000000000e+00 3.046282935120805859e-03 1.174059160320843204e-01 2.418835218316523206e-01 8.107963531884929131e-02 2.372249034856110505e-03 0.000000000000000000e+00 9.563482139312339328e-03 0.000000000000000000e+00 0.000000000000000000e+00 3.591070481677133535e-03 0.000000000000000000e+00 1.711323181227390744e-01 0.000000000000000000e+00 1.371411123499767515e-01 9.530404743088227715e-02 0.000000000000000000e+00 0.000000000000000000e+00 2.181227991165830826e-02 4.014453656510912766e-02 1.840035296599039361e-02
0.000000000000000000e+00 0.000000000000000000e+00 1.330407426803405235e-01 7.133212779441240603e-02 4.799186399339182979e-02 0.000000000000000000e+00 1.534822326158689076e-01 1.086006602993843349e-02 1.945795014473038383e-03 5.168620658689282443e-02 4.965103453508003944e-03 1.071354975248908379e-03 0.000000000000000000e+00 0.000000000000000000e+00 1.297631853407280600e-01 4.171987670422839384e-02 0.000000000000000000e+00 0.000000000000000000e+00 5.863085420151049887e-02 0.000000000000000000e+00 1.117440628822146398e-01 1.403336305485398672e-01 0.000000000000000000e+00 0.000000000000000000e+00 4.143289717870380501e-02
0.000000000000000000e+00 0.000000000000000000e+00 0.000000000000000000e+00 0.000000000000000000e+00 1.188782558418772367e-01 0.000000000000000000e+00 0.000000000000000000e+00 1.139691186423491681e-01 0.000000000000000000e+00 1.394757508777545174e-01 0.000000000000000000e+00 1.083080828313202470e-03 0.000000000000000000e+00 3.335712366999146750e-02 1.550058459235227615e-01 0.000000000000000000e+00 1.953958513040084805e-02 6.359728801535662057e-02 3.301294052152890790e-02 1.947645349159706158e-03 0.000000000000000000e+00 6.732900279093869593e-05 3.623299981461085978e-02 1.068118321583270136e-01 1.770212042240168759e-01
0.000000000000000000e+00 0.000000000000000000e+00 4.573484621593342653e-02 0.000000000000000000e+00 3.372257927780258208e-02 2.401201526388249338e-02 1.387229136497274140e-01 3.682692418844621396e-02 0.000000000000000000e+00 3.871216268313912301e-02 0.000000000000000000e+00 1.086054885672294024e-02 0.000000000000000000e+00 0.000000000000000000e+00 0.000000000000000000e+00 4.368614303529308462e-02 1.965938843896863353e-01 5.138464013553788873e-02 6.957812667843671361e-02 0.000000000000000000e+00 0.000000000000000000e+00 3.974232639830195535e-02 2.009734886043645918e-01 0.000000000000000000e+00 6.944940062272518533e-02
1.992775763205682782e-02 0.000000000000000000e+00 1.057354469163039462e-01 1.629436996051403588e-02 8.332750639512347124e-02 1.044312855964352887e-01 1.610607176158541098e-01 7.285261712639280740e-02 2.398508744112816393e-02 0.000000000000000000e+00 0.000000000000000000e+00 8.922140283272608774e-03 0.000000000000000000e+00 2.792452032613084497e-03 0.000000000000000000e+00 0.000000000000000000e+00 0.000000000000000000e+00 1.089178482792912744e-03 1.487945388198091135e-01 0.000000000000000000e+00 1.313692015879988073e-01 1.916015513502273421e-02 9.130136238938948989e-02 2.311307155765884424e-03 6.644875429526735100e-03
7.995661192920480720e-02 0.000000000000000000e+00 1.197468336974354293e-02 2.792485049030680316e-02 1.352498589063054202e-01 0.000000000000000000e+00 0.000000000000000000e+00 1.533276820347004576e-01 1.308356369404491404e-01 3.635557191735202132e-03 0.000000000000000000e+00 5.226386576618138879e-02 2.666188757201735579e-02 5.624032374056149716e-04 2.783926655943666506e-03 0.000000000000000000e+00 1.743419437181836507e-01 9.851363241703669366e-04 1.463332514024628661e-01 0.000000000000000000e+00 0.000000000000000000e+00 3.113425423896882052e-02 2.165695504740155347e-02 0.000000000000000000e+00 3.714951748192585226e-04
5.346682235985947967e-02 1.039473169466333252e-01 2.677954150524940527e-02 7.603769048467071308e-03 1.063463374504397367e-02 0.000000000000000000e+00 1.606755613225386570e-01 1.574276765473011930e-01 1.505621238475854662e-01 1.994606279483388672e-02 0.000000000000000000e+00 1.354155964982553806e-01 0.000000000000000000e+00 0.000000000000000000e+00 2.193822692571090541e-02 0.000000000000000000e+00 3.875827792103320093e-03 0.000000000000000000e+00 1.301479210249651131e-01 0.000000000000000000e+00 0.000000000000000000e+00 0.000000000000000000e+00 0.000000000000000000e+00 0.000000000000000000e+00 1.757891964145285799e-02
1.180980752065433487e-01 1.028440627987936909e-02 0.000000000000000000e+00 0.000000000000000000e+00 6.882218903938946107e-03 0.000000000000000000e+00 2.093424132756167289e-01 2.514600819351478500e-02 0.000000000000000000e+00 1.821928918647858220e-01 0.000000000000000000e+00 0.000000000000000000e+00 0.000000000000000000e+00 0.000000000000000000e+00 1.219847659715890681e-01 0.000000000000000000e+00 0.000000000000000000e+00 7.597591834963260404e-02 0.000000000000000000e+00 9.763304294803968122e-03 0.000000000000000000e+00 4.117728615614429238e-02 1.674966412582918479e-02 0.000000000000000000e+00 1.824030473777219219e-01
0.000000000000000000e+00 0.000000000000000000e+00 5.795850261337941872e-02 0.000000000000000000e+00 1.121210827802031768e-01 0.000000000000000000e+00 1.411955033690883397e-02 2.878123222317943014e-02 2.149456901773417333e-02 0.000000000000000000e+00 0.000000000000000000e+00 1.323941014413119177e-01 3.421940551968608024e-02 0.000000000000000000e+00 0.000000000000000000e+00 0.000000000000000000e+00 1.537314961148930625e-01 1.239690521260064793e-01 5.994726328875635279e-02 0.000000000000000000e+00 0.000000000000000000e+00 0.000000000000000000e+00 2.151829694020682571e-03 9.365022770365809268e-02 1.654616871402622980e-01
2.041463038860608613e-03 1.848787790844124562e-02 0.000000000000000000e+00 9.977015082435331667e-03 1.052913325884834300e-01 0.000000000000000000e+00 4.255479493166723116e-03 1.506324886389873718e-01 1.072275170719625727e-02 1.388707988927770920e-01 0.000000000000000000e+00 1.262618375566659512e-01 3.230997185224319945e-02 0.000000000000000000e+00 1.884606505006928298e-04 0.000000000000000000e+00 1.700731807352565683e-01 0.000000000000000000e+00 2.371156499780101637e-02 1.916076218913395635e-02 4.098787699273997651e-03 1.262812821410291830e-01 2.532629264691363749e-02 0.000000000000000000e+00 3.230865218083378565e-02
3.025385301393383134e-03 9.546766075662134476e-03 0.000000000000000000e+00 7.200257620039975104e-02 2.908418891628151634e-02 0.000000000000000000e+00 3.044831133189820557e-02 2.588343017638835772e-02 2.341502360588835693e-02 1.468865464274838051e-01 0.000000000000000000e+00 0.000000000000000000e+00 2.386717555192887502e-02 0.000000000000000000e+00 1.479720146126870528e-01 0.000000000000000000e+00 0.000000000000000000e+00 0.000000000000000000e+00 0.000000000000000000e+00 1.322526941155088842e-01 5.537376578998357002e-02 0.000000000000000000e+00 7.448266136332128140e-03 6.481185807492195750e-02 2.279819976832419826e-01
0.000000000000000000e+00 7.982169721724315103e-02 1.679965019587520980e-01 2.831436131691248900e-02 0.000000000000000000e+00 0.000000000000000000e+00 1.530084676714033864e-01 1.784715658994804471e-02 1.412572822564971686e-01 1.686376178663552203e-02 0.000000000000000000e+00 3.218217253158820595e-02 0.000000000000000000e+00 0.000000000000000000e+00 1.200496551190574079e-01 0.000000000000000000e+00 9.386984999198178317e-03 2.877369424792596778e-03 4.503607494312166469e-03 0.000000000000000000e+00 1.983027939675267772e-03 1.600107068247582504e-02 1.554101544872943941e-01 5.249672852421403274e-02 0.000000000000000000e+00
1.859931593303472963e-01 1.545383274027893779e-02 0.000000000000000000e+00 0.000000000000000000e+00 1.351874189284243688e-01 0.000000000000000000e+00 8.494653728982191898e-02 0.000000000000000000e+00 0.000000000000000000e+00 1.552202505835155177e-01 0.000000000000000000e+00 2.782729137282444595e-07 0.000000000000000000e+00 0.000000000000000000e+00 2.245114993877846479e-02 0.000000000000000000e+00 0.000000000000000000e+00 4.106802089990875320e-04 1.634109798774413813e-01 0.000000000000000000e+00 0.000000000000000000e+00 1.456109262338321775e-02 1.090157695767576471e-02 4.363885582914101696e-02 1.678241874192793470e-01
0.000000000000000000e+00 3.938941456659303397e-02 0.000000000000000000e+00 0.000000000000000000e+00 0.000000000000000000e+00 0.000000000000000000e+00 1.408758454158688112e-01 9.962442568517371200e-02 9.693590377648166403e-03 1.798872240429851554e-01 0.000000000000000000e+00 7.160925000615547820e-02 0.000000000000000000e+00 0.000000000000000000e+00 1.838005637764023315e-01 1.227995320588887856e-02 0.000000000000000000e+00 0.000000000000000000e+00 2.988263010187072657e-03 3.857953143327084999e-02 0.000000000000000000e+00 1.388995988608583698e-02 1.013970392043852566e-02 0.000000000000000000e+00 1.972422746733022425e-01
0.000000000000000000e+00 9.299042419790255753e-02 1.261812876550721246e-02 0.000000000000000000e+00 0.000000000000000000e+00 5.498627914709380143e-02 1.652006516926839697e-01 1.590840498981390405e-01 0.000000000000000000e+00 0.000000000000000000e+00 0.000000000000000000e+00 8.618973646859691418e-02 2.569919228990293764e-02 0.000000000000000000e+00 1.395911576852551517e-01 2.421155042755858411e-02 0.000000000000000000e+00 3.033027730900686968e-03 1.455470292334356749e-03 0.000000000000000000e+00 0.000000000000000000e+00 0.000000000000000000e+00 1.976059284848525471e-02 2.151797385556395159e-01 0.000000000000000000e+00
0.000000000000000000e+00 5.737153294002777897e-03 4.727234137537204145e-02 0.000000000000000000e+00 2.504212494034398565e-02 0.000000000000000000e+00 1.535086333772309741e-01 1.487663811816249682e-01 5.799059965274457745e-02 1.178452009841664677e-01 0.000000000000000000e+00 1.754465699508626214e-02 0.000000000000000000e+00 0.000000000000000000e+00 1.293090600578602756e-01 0.000000000000000000e+00 3.970502846028303723e-02 0.000000000000000000e+00 0.000000000000000000e+00 0.000000000000000000e+00 0.000000000000000000e+00 9.293396011283049096e-02 2.145763136289280046e-02 1.280150563776378814e-01 1.487217182792336528e-02
5.556967444052783589e-02 1.633134999963016878e-02 1.314493953453348130e-01 6.946847843772718800e-02 1.537158471453036190e-01 0.000000000000000000e+00 1.503743923554766992e-01 3.508042893316994787e-02 4.114498886317248527e-02 1.851426816866879113e-02 0.000000000000000000e+00 0.000000000000000000e+00 1.691573781652523992e-02 2.412075275094701429e-03 2.471551644312184812e-02 0.000000000000000000e+00 5.280561613054918918e-03 7.226320369328743422e-03 0.000000000000000000e+00 0.000000000000000000e+00 0.000000000000000000e+00 0.000000000000000000e+00 6.949081909354012931e-02 5.263405254827289298e-02 1.496760931520499938e-01
0.000000000000000000e+00 0.000000000000000000e+00 1.315128635401156265e-01 2.827248498765545098e-02 1.505157596392064229e-03 2.730193800225257442e-02 1.544321714795487965e-02 6.338431462374020942e-02 1.243762837575450031e-01 0.000000000000000000e+00 0.000000000000000000e+00 1.294857244997706103e-01 0.000000000000000000e+00 0.000000000000000000e+00 1.769002959467250169e-01 0.000000000000000000e+00 0.000000000000000000e+00 9.357931713054715855e-03 1.447161530481822118e-02 7.464349613812618078e-02 0.000000000000000000e+00 6.536614892259816345e-02 0.000000000000000000e+00 1.379785278192512121e-01 0.000000000000000000e+00
0.000000000000000000e+00 0.000000000000000000e+00 8.806583939725939891e-02 0.000000000000000000e+00 5.681826916769098200e-03 0.000000000000000000e+00 2.591948696817689829e-02 0.000000000000000000e+00 5.010584692623167025e-02 1.534692067017680017e-01 0.000000000000000000e+00 1.012621104427960800e-01 0.000000000000000000e+00 0.000000000000000000e+00 3.661456621149854207e-02 0.000000000000000000e+00 1.947966747149509903e-01 0.000000000000000000e+00 1.266890566550051278e-01 1.969643772266115728e-03 0.000000000000000000e+00 0.000000000000000000e+00 7.556747993273557618e-02 1.708929161999328886e-02 1.227689697405492109e-01
0.000000000000000000e+00 1.057802840315869575e-01 1.712307933504319257e-01 7.964433427419527435e-04 2.646034544291419460e-02 0.000000000000000000e+00 1.323579759564473823e-01 0.000000000000000000e+00 4.268977781126401944e-02 3.567370235368855311e-04 0.000000000000000000e+00 1.671729465674203895e-03 3.638642621939851968e-02 0.000000000000000000e+00 1.385158836094129431e-01 4.740893625354289376e-02 0.000000000000000000e+00 0.000000000000000000e+00 1.452966178139136755e-01 1.497156286282659609e-03 0.000000000000000000e+00 1.473891441452946857e-02 3.082941632564741713e-02 0.000000000000000000e+00 1.039825626526749008e-01
0.000000000000000000e+00 8.111215529322206297e-02 1.560894804040324768e-01 0.000000000000000000e+00 0.000000000000000000e+00 1.223168224899597867e-01 1.715123814594237406e-01 1.763810399126111428e-01 1.210083345907736058e-01 0.000000000000000000e+00 0.000000000000000000e+00 6.699901657947854305e-02 0.000000000000000000e+00 1.179351422613386050e-03 2.123407539958567514e-02 0.000000000000000000e+00 7.051852449232779395e-03 0.000000000000000000e+00 2.014292180648043391e-03 1.055202762219889338e-02 2.976069129151311197e-03 0.000000000000000000e+00 0.000000000000000000e+00 1.623384228023914619e-02 4.333925878682946820e-02
0.000000000000000000e+00 0.000000000000000000e+00 0.000000000000000000e+00 0.000000000000000000e+00 0.000000000000000000e+00 0.000000000000000000e+00 1.985345958520425280e-01 1.723845097375844571e-01 1.564023077445269444e-02 3.377030191006923868e-03 0.000000000000000000e+00 7.563082771080316402e-02 0.000000000000000000e+00 0.000000000000000000e+00 2.336377929069264128e-02 3.248909317115043771e-02 0.000000000000000000e+00 0.000000000000000000e+00 0.000000000000000000e+00 9.970329525967129569e-02 0.000000000000000000e+00 0.000000000000000000e+00 3.640871647853499010e-02 1.642581882051518394e-01 1.782097333289089924e-01
0.000000000000000000e+00 0.000000000000000000e+00 1.193581345925492920e-01 0.000000000000000000e+00 3.510477171742607677e-02 0.000000000000000000e+00 2.917604815432582321e-01 2.406438994229693484e-01 2.256477686185441589e-03 2.579961009537738714e-02 0.000000000000000000e+00 1.457517377560868348e-02 0.000000000000000000e+00 0.000000000000000000e+00 2.968319488808957365e-02 0.000000000000000000e+00 5.549538416560117343e-02 1.672614933623606248e-02 0.000000000000000000e+00 2.967145303991976582e-02 0.000000000000000000e+00 0.000000000000000000e+00 0.000000000000000000e+00 1.389252697367791001e-01 0.000000000000000000e+00
7.855511886341402794e-02 5.490564911043357282e-02 3.164776346113271945e-03 1.039118289713209242e-01 2.081192374062786066e-02 0.000000000000000000e+00 1.162213370922697900e-02 1.847472148658607996e-02 2.645723044583411180e-03 1.621733851585123454e-02 0.000000000000000000e+00 6.500914227464234252e-02 6.465858711863009534e-02 0.000000000000000000e+00 1.430068910317157105e-01 4.925516838464805841e-03 6.033972034876623758e-02 1.382439163409119286e-02 0.000000000000000000e+00 0.000000000000000000e+00 1.954027838685789067e-02 0.000000000000000000e+00 2.723283017501082134e-03 1.522480444460025117e-01 1.634149311151708583e-01
3.131575790948971233e-02 0.000000000000000000e+00 7.004647006269612564e-02 0.000000000000000000e+00 8.097060692235828749e-02 0.000000000000000000e+00 2.761433072793484933e-01 0.000000000000000000e+00 0.000000000000000000e+00 1.529262667269543942e-02 7.237110863782592919e-03 0.000000000000000000e+00 3.073880524980877535e-02 0.000000000000000000e+00 1.448758652952770731e-01 0.000000000000000000e+00 3.225031761779974249e-02 0.000000000000000000e+00 3.249119814373865184e-02 0.000000000000000000e+00 0.000000000000000000e+00 0.000000000000000000e+00 4.756178506542375201e-02 7.894515923750275443e-02 1.521309896800785988e-01
0.000000000000000000e+00 7.439920404985751745e-02 1.348880258337468996e-01 7.905003064760083437e-03 3.400268668871735123e-02 0.000000000000000000e+00 0.000000000000000000e+00 1.158231298766231321e-01 1.302326450143955483e-01 1.659933780905552270e-01 0.000000000000000000e+00 8.253020251710704858e-02 0.000000000000000000e+00 0.000000000000000000e+00 2.313509767710623249e-02 0.000000000000000000e+00 3.571552051268598454e-02 0.000000000000000000e+00 8.563777191734732105e-03 8.401987410938778489e-02 0.000000000000000000e+00 9.987340668959501441e-03 5.050580679471351753e-02 2.985767603370032344e-02 1.244063187594893205e-02
8.386686692819715627e-02 9.516349834651214798e-03 0.000000000000000000e+00 1.896462480074423418e-02 1.507756388831837588e-02 0.000000000000000000e+00 8.657419381580000461e-02 8.891836234983686860e-02 2.123285030281047564e-02 1.650092497927443669e-01 7.770231013207313554e-03 1.274602543964269696e-01 0.000000000000000000e+00 0.000000000000000000e+00 5.703885177264012701e-02 0.000000000000000000e+00 6.035379496437977970e-03 0.000000000000000000e+00 1.392352831609771913e-01 5.143023970349288806e-03 0.000000000000000000e+00 0.000000000000000000e+00 1.318220175665848343e-03 3.425205235266785830e-03 1.634134890659256767e-01
0.000000000000000000e+00 4.520611392547735363e-02 1.053512207778463661e-01 2.694908416909347522e-03 2.745636209335900954e-02 0.000000000000000000e+00 1.217260419075749146e-02 0.000000000000000000e+00 4.591269700379351122e-03 1.663320124530572042e-01 0.000000000000000000e+00 0.000000000000000000e+00 0.000000000000000000e+00 0.000000000000000000e+00 1.732282294858134564e-01 0.000000000000000000e+00 1.408365119469970339e-01 5.196376917463924223e-03 0.000000000000000000e+00 0.000000000000000000e+00 0.000000000000000000e+00 0.000000000000000000e+00 5.345930954185967691e-03 1.508456382696941878e-01 1.607428208680592996e-01
0.000000000000000000e+00 0.000000000000000000e+00 0.000000000000000000e+00 4.976504261993865488e-03 3.259343116204087981e-02 0.000000000000000000e+00 0.000000000000000000e+00 3.541095118982108200e-03 2.736350648624163995e-02 1.564895469947823192e-01 0.000000000000000000e+00 2.275283157951438553e-02 0.000000000000000000e+00 0.000000000000000000e+00 4.644992884133274103e-02 1.065232304014725011e-02 5.777762738818627980e-02 3.441809008843951107e-02 1.160093708052812173e-01 0.000000000000000000e+00 0.000000000000000000e+00 1.333780743127399304e-01 5.625785559836168903e-02 0.000000000000000000e+00 2.973398143219560530e-01
0.000000000000000000e+00 0.000000000000000000e+00 1.511667219665006334e-01 2.701951550368307964e-04 1.058718113531053884e-01 5.543694124280104489e-03 0.000000000000000000e+00 1.250609530696957829e-02 2.527489387866145576e-02 2.868415954039957305e-02 1.666359791778275132e-02 1.457331841743209344e-01 0.000000000000000000e+00 0.000000000000000000e+00 1.598552210479872726e-01 2.213455918391084559e-03 5.434564195702632937e-04 0.000000000000000000e+00 1.446685484355898950e-02 8.730518571760702631e-03 5.211389278101626055e-02 0.000000000000000000e+00 1.889218691341578403e-03 9.111299594320015904e-02 1.773600323661164713e-01
1.679176596573467642e-02 0.000000000000000000e+00 1.645946971639158929e-02 4.286928806868720888e-03 0.000000000000000000e+00 0.000000000000000000e+00 2.050048426364970734e-03 5.882065312306718891e-02 1.993865440163199720e-01 1.505410397278956203e-01 0.000000000000000000e+00 5.209510059069389493e-02 0.000000000000000000e+00 0.000000000000000000e+00 2.107007794396968114e-01 7.570149044297577300e-04 0.000000000000000000e+00 0.000000000000000000e+00 0.000000000000000000e+00 5.950703858070274452e-03 1.058891616763189825e-01 1.398417287314765618e-03 1.099930697875899435e-02 1.638730654820738375e-01 0.000000000000000000e+00
6.760410060491028883e-02 3.548073133781132118e-03 0.000000000000000000e+00 5.003606268129127260e-02 9.161086497752254920e-02 4.006382316721940340e-02 1.389922234061738704e-01 7.412295033553599477e-02 0.000000000000000000e+00 1.308386092177469817e-01 0.000000000000000000e+00 2.144521321109224207e-02 0.000000000000000000e+00 0.000000000000000000e+00 2.761080733625994807e-02 0.000000000000000000e+00 1.020690276473517309e-02 1.166187499440051595e-01 1.638001832959440074e-01 0.000000000000000000e+00 0.000000000000000000e+00 0.000000000000000000e+00 4.161408964045912318e-02 1.633926217429929745e-02 5.548084109023471676e-03
0.000000000000000000e+00 5.832549967772278354e-03 1.178461211016915977e-01 1.034463141261621026e-02 1.984579760220225517e-02 2.540949016649847111e-02 2.061096670686795307e-01 0.000000000000000000e+00 5.520104114504153191e-03 5.328262111728426093e-02 0.000000000000000000e+00 2.606304895639872249e-02 1.125243945465659139e-02 7.975734899842603157e-03 1.366257315306169950e-01 0.000000000000000000e+00 0.000000000000000000e+00 7.158034661958902201e-02 0.000000000000000000e+00 0.000000000000000000e+00 0.000000000000000000e+00 2.928197084546556393e-03 4.688442580721965264e-02 9.423880373743001582e-02 1.582602893584511561e-01
1.142111688151366128e-01 0.000000000000000000e+00 0.000000000000000000e+00 2.318999586599718513e-02 0.000000000000000000e+00 0.000000000000000000e+00 1.596916953332109534e-01 0.000000000000000000e+00 6.947794671217592810e-02 1.414023183881921719e-01 0.000000000000000000e+00 1.356416326364420603e-02 0.000000000000000000e+00 0.000000000000000000e+00 1.206008343015746442e-01 0.000000000000000000e+00 0.000000000000000000e+00 0.000000000000000000e+00 1.525969648860179828e-01 7.558081311021525028e-02 0.000000000000000000e+00 0.000000000000000000e+00 2.030686117083742493e-05 2.922787636204636497e-02 1.004359161006178891e-01
