5.885890669019883809e-02 1.327984291232325300e-03 0.000000000000000000e+00 0.000000000000000000e+00 2.155707186868795200e-02 6.630865183246870131e-02 9.449184385988991866e-03 4.687402860942276039e-02 1.793663943174153824e-03 2.104825533054110326e-02 5.336261894356851727e-03 5.728200514264594582e-03 1.185285909821215400e-02 9.583710029023946586e-02 2.270547038338774637e-01 1.009383360014195624e-01 1.331257832554168805e-03 4.213275782018535004e-02 4.180482867742132264e-02 2.623562434298790449e-02 1.613779714280755718e-03 1.530844262661285385e-02 1.760237868993812238e-02 2.486307893058234755e-02 1.551426427813522024e-01
1.725339365578655235e-02 5.829860276965070746e-03 6.558998000651380987e-04 0.000000000000000000e+00 1.693636429301261957e-03 0.000000000000000000e+00 1.330428833780613329e-01 3.522551206445375532e-02 4.018539505816666121e-03 4.940459987290560413e-03 9.881157150574799378e-04 8.566620227589628184e-03 9.604521818484006157e-02 9.154967526577534320e-02 1.651998917621630703e-01 1.972462367764370172e-02 5.898838031006121280e-03 8.273070348787581185e-02 1.601791000306932583e-02 2.330534167045172824e-03 1.195146436814431730e-02 0.000000000000000000e+00 7.191622991014163906e-03 1.576234986450453235e-01 1.315210983759901031e-01
8.621605391894628101e-02 6.202150368698007565e-02 1.166219040804572331e-02 1.316325581549313839e-01 1.073866557910453483e-02 2.379446986848350251e-02 6.732654496888572371e-02 7.937887197164363029e-02 0.000000000000000000e+00 1.626227173853935296e-02 0.000000000000000000e+00 1.778621695336611575e-02 3.282310974731831362e-03 0.000000000000000000e+00 2.111884888833433227e-01 1.192288157429644002e-01 0.000000000000000000e+00 6.010243389782934237e-02 1.210721990035686611e-02 1.540714262876629985e-02 0.000000000000000000e+00 1.958914087362828311e-03 0.000000000000000000e+00 1.499875581809860005e-02 5.490657081762029268e-02
8.358905209952011139e-02 1.111946034058853769e-02 0.000000000000000000e+00 1.949895374562683054e-02 1.507345077004119127e-01 0.000000000000000000e+00 2.178406908619978308e-02 9.282808513912103876e-02 3.268680489123293887e-03 3.146876179600610612e-02 1.026507308764463286e-03 9.289138185857642380e-03 0.000000000000000000e+00 2.677398864699238965e-03 2.344700223038267972e-02 8.436957115285291216e-04 1.651289795669861130e-02 1.164577246201024541e-01 2.445703413053960940e-02 6.557260874752182667e-02 1.081262784849939748e-02 7.899772469577423517e-02 3.605749950494992889e-02 1.585763213412468009e-01 4.098024845683694017e-02
6.801598205119650797e-02 0.000000000000000000e+00 0.000000000000000000e+00 1.271195644604510566e-01 1.160342344918570022e-03 1.843726288628206797e-02 6.644169462184715269e-02 4.058614036140183873e-02 6.080112235041414820e-02 5.484716896905228629e-03 0.000000000000000000e+00 6.356658063466949201e-04 1.508790433737815413e-02 5.260265759540864311e-03 1.833710661322077717e-01 1.180922776681333219e-01 3.743001368063030715e-02 1.262501462036592741e-02 1.161487238376454970e-02 3.345332037049341539e-02 3.542978998498642722e-03 0.000000000000000000e+00 5.856885424983609978e-03 1.844781839455120198e-01 5.047248987281760958e-04
6.514731621074438574e-04 2.228817855227990981e-03 3.222875933979094804e-02 2.544523643860072820e-02 0.000000000000000000e+00 1.398608184547542668e-02 1.223722026613382474e-01 4.659914693045736495e-03 8.247570146315792239e-04 0.000000000000000000e+00 0.000000000000000000e+00 5.011723993372330099e-02 4.976480222371312476e-04 1.157448672306172696e-02 2.286858687652101318e-01 1.024959382573639999e-01 7.512299900551460069e-04 6.412022351245089125e-02 7.512299900551458985e-04 8.303749359568399213e-02 0.000000000000000000e+00 2.483229048188059437e-02 4.122836926864472708e-03 1.525059381702145167e-01 7.411033262098100372e-02
7.297436957954145376e-02 5.387302678184306692e-02 0.000000000000000000e+00 2.358836042784175947e-03 1.665389066354266145e-01 2.129045185639794752e-03 0.000000000000000000e+00 5.258140261188197495e-02 0.000000000000000000e+00 1.736087388959006717e-02 0.000000000000000000e+00 2.968364979854435162e-02 2.904351955768765675e-02 1.285831237116666229e-03 1.643164417026349022e-01 7.033100911692280292e-03 0.000000000000000000e+00 1.185852042201127193e-01 1.825020202333778666e-02 6.802330308994153363e-02 5.677583324933340586e-03 2.094717347441572841e-02 2.114081285316957159e-02 4.805505305706761834e-03 1.433912117739994663e-01
6.686997742793288329e-04 4.481771551981157133e-04 1.864997533074776517e-02 2.270588135068190433e-02 0.000000000000000000e+00 5.838977606322234143e-03 5.510247580609379386e-02 8.124354668597159879e-02 7.621198798717456792e-03 2.011619109664314602e-03 0.000000000000000000e+00 7.464368072405529186e-02 0.000000000000000000e+00 9.465027784769484975e-02 1.288484541301145730e-02 1.022012672289181467e-01 7.506517032863475880e-02 4.181384326157455006e-02 5.349089129657567249e-02 9.538617998207959969e-02 2.248535627069824308e-02 1.637425183020727731e-02 3.227964287338597887e-02 1.563076698162575370e-02 1.688032743438618866e-01
6.592505604540138675e-02 0.000000000000000000e+00 9.000236862255098225e-02 0.000000000000000000e+00 6.296672044003968904e-02 0.000000000000000000e+00 1.181428231987671426e-02 3.785657570281989598e-02 1.362264577281666923e-02 4.566066219534262866e-03 0.000000000000000000e+00 3.622108737119172223e-02 0.000000000000000000e+00 1.946091009339085895e-02 1.810471599627585249e-01 8.139972358391675371e-04 2.486636749515562864e-03 8.011620799072952104e-02 0.000000000000000000e+00 7.175522949724941202e-03 0.000000000000000000e+00 1.303041411461688670e-01 1.335626469294256269e-01 1.106629800865441687e-01 1.139499436167132167e-02
0.000000000000000000e+00 2.153409698400396768e-03 5.969814857760653241e-04 4.392168264406817673e-07 1.194407853065755643e-02 9.384376021954634716e-05 1.253264209618853431e-01 6.587643555832323194e-02 4.257508874834648425e-03 0.000000000000000000e+00 0.000000000000000000e+00 1.769579410199067018e-02 8.857467234634380446e-03 2.367550132856341069e-02 1.659087373622224471e-01 1.076926342961852801e-01 1.629440567807107984e-02 6.460926834835374957e-03 1.383427156695199167e-01 2.114420349830857873e-02 6.824342063035766792e-02 3.493088146938767846e-02 1.193840139779381131e-02 7.867709190123621998e-04 1.677790214921940082e-01
5.653321190126706260e-03 2.298314955948188749e-03 7.408700843893728516e-02 7.560237770147068548e-02 1.848479160904101595e-02 2.845931080173758759e-02 1.304015667796684652e-01 3.774077909092365957e-02 5.637126014714280257e-03 3.965147491415947460e-03 0.000000000000000000e+00 7.361508178607278907e-02 1.004232866856974741e-03 8.423936894025561839e-02 2.172700530721813905e-01 9.221623222958278548e-03 9.131817081660388927e-03 1.097413456613809263e-01 1.473759577455500958e-02 1.929389191950981949e-02 0.000000000000000000e+00 1.041534073587923118e-02 4.105594173068538577e-02 2.794396313402039075e-02 0.000000000000000000e+00
2.244791356657961645e-02 0.000000000000000000e+00 1.203524232548449230e-01 0.000000000000000000e+00 1.228235473894816743e-01 2.122335770431126381e-02 7.391667803364754263e-03 8.843145840502995847e-02 2.457734268502053537e-03 2.615738651229543646e-02 2.377384672094322651e-03 0.000000000000000000e+00 0.000000000000000000e+00 1.162338347508782566e-01 1.333511490800369792e-01 0.000000000000000000e+00 6.385896176518057396e-03 9.823123599037385245e-03 1.603413654667238120e-01 1.721779967810957348e-03 0.000000000000000000e+00 7.490955803678173153e-03 2.704150639508732384e-02 7.292045313012059451e-03 1.166554698707129439e-01
3.944717866515535035e-03 1.985035858708886214e-02 2.319910465624473728e-02 1.698504537968644618e-02 1.167141783716807435e-02 9.131147834653349088e-03 5.982718984670349315e-03 8.891194028242232605e-04 0.000000000000000000e+00 2.143909913684907079e-03 0.000000000000000000e+00 0.000000000000000000e+00 3.255609152566987796e-02 0.000000000000000000e+00 1.417332638918628596e-01 1.023446358269010648e-01 1.267716569866782043e-02 7.051928409579295842e-02 1.476462635086623898e-01 7.284635490055900442e-02 0.000000000000000000e+00 7.529316141350565240e-03 9.339929992819778065e-03 3.306049791532117421e-02 2.759496560398559950e-01
8.417717179008719908e-02 3.393948124885690087e-02 9.410316250202983715e-04 5.949803544010271762e-03 1.894722212792269711e-01 7.469372026183866004e-03 0.000000000000000000e+00 3.662244187642964971e-02 0.000000000000000000e+00 1.774284488485237260e-02 3.137451524138613890e-03 3.308865147056603423e-02 1.881238194988384127e-02 9.513858824842288953e-02 9.647551284085092993e-02 3.893307275552584587e-03 0.000000000000000000e+00 7.399383968189746086e-02 6.428417142094317027e-02 9.318490792628178823e-03 1.270752697193983441e-02 0.000000000000000000e+00 4.709680919062680243e-02 2.608203272914181095e-02 1.396568676287402999e-01
0.000000000000000000e+00 1.184554583856438185e-02 8.082036147775455148e-02 5.081333891102207678e-02 3.769356173803229543e-02 3.966963032702012538e-03 0.000000000000000000e+00 4.323733847616396953e-02 0.000000000000000000e+00 3.061229057279708093e-02 0.000000000000000000e+00 5.456492422402148962e-02 5.288153869510583277e-02 3.496156969699059161e-03 3.414455154198420966e-02 2.728234449193428848e-02 4.907578260796101322e-02 1.113100005646400353e-01 7.167500373061730379e-02 1.616548731240567693e-01 1.444425952244726870e-02 1.775195294506720645e-02 2.658690185954849100e-02 2.019012127652019400e-02 9.595218839936051070e-02
5.987590305609712116e-03 2.950210240417372193e-03 4.267575408945788878e-02 1.118935791976416808e-02 3.121820742457117031e-03 6.276531595335640284e-03 1.448169619315685108e-01 2.884776406310203545e-02 6.704726909906723147e-03 1.129687194888373721e-02 1.731031802323901650e-02 1.131785721012663198e-01 7.781585216911066083e-03 4.849194450717922433e-02 1.118008581307408655e-01 1.121706663109374447e-01 3.807284551927656024e-02 9.475761969808399465e-03 0.000000000000000000e+00 4.089380964584975360e-03 9.009551855690705116e-03 5.214921536685971672e-03 1.167211372282946037e-03 1.529005226244017079e-01 1.054682701204920636e-01
3.315818702770434727e-04 1.055226750866361312e-03 0.000000000000000000e+00 1.884885036396293520e-04 1.300863516343502557e-01 4.777851556717216397e-02 1.109606610049260547e-02 0.000000000000000000e+00 0.000000000000000000e+00 1.994660873275720062e-03 1.688782822126276215e-02 0.000000000000000000e+00 1.001242873040975945e-03 1.368586109377722404e-01 1.479115159966662429e-01 5.907075657050179368e-03 0.000000000000000000e+00 1.372710815797775208e-01 4.320028199413680076e-02 4.865636400910205647e-03 9.078400836437381521e-03 2.954583965367861206e-02 1.212240604303473218e-01 1.854216640555720469e-02 1.351753677132887799e-01
1.104475925482892723e-01 5.508484355800349203e-02 1.597363059868393831e-02 1.177829256263733249e-01 1.126062067770147897e-02 2.740708968379998705e-03 2.349002186994621905e-02 1.320678602932090773e-01 2.424881574724571578e-03 3.004714022974062926e-02 7.020859161566523569e-04 9.194397919348516746e-02 0.000000000000000000e+00 8.346068166567466307e-03 1.164563694295868423e-01 1.166259302883925104e-02 3.318386814358919440e-02 1.118218362250753342e-02 1.386509123545769107e-01 3.665113678437476562e-03 1.290259828686946171e-02 3.299266118319365941e-04 6.516552114398274642e-02 0.000000000000000000e+00 4.488554478517412828e-03
1.126097394101195116e-02 9.617155544402655395e-03 0.000000000000000000e+00 0.000000000000000000e+00 0.000000000000000000e+00 3.954147966077153908e-02 4.567484334278450880e-02 1.011325524060169810e-02 0.000000000000000000e+00 0.000000000000000000e+00 0.000000000000000000e+00 7.941768467185449099e-02 2.830025506468370183e-03 1.216784611117346093e-01 2.987127484594802596e-01 2.297930734200401282e-02 4.665154098427641387e-03 1.280477359283907768e-01 9.690303072186833705e-03 3.000081824019711074e-02 5.957927549299957964e-03 8.652394897449499148e-03 8.016466840090313156e-04 1.739940611710466198e-02 1.529586785918202740e-01
1.743463796317229475e-02 5.789455782485716621e-03 1.015344812375297417e-01 9.877550666414222982e-04 5.694372132294661833e-03 2.388396197148263955e-03 0.000000000000000000e+00 4.822370973530932386e-02 3.345019794349134504e-03 1.410608380195246293e-02 0.000000000000000000e+00 2.542452042227975884e-02 1.086188587574732529e-02 1.615003320918007371e-02 1.839844981750281827e-01 5.820289334867929931e-02 0.000000000000000000e+00 4.035603992323313904e-02 1.001222549146530555e-02 8.649517948339993656e-02 1.658903409838469872e-02 9.074944187516358063e-02 1.371998201102137254e-03 1.160231619002401043e-01 1.442751762852135522e-01
1.479937670055940816e-03 0.000000000000000000e+00 0.000000000000000000e+00 8.683057613978617528e-02 2.482126277932228745e-02 1.491995609509727538e-01 1.266148332334270377e-01 3.802143979881986852e-02 0.000000000000000000e+00 2.893275158287235763e-02 0.000000000000000000e+00 2.085772753298000340e-02 4.201820159560334771e-03 7.634314185706225775e-02 1.664267440216272986e-01 4.506841623779581085e-03 0.000000000000000000e+00 1.230445855823030232e-01 1.957173437898872097e-03 1.176571756747721992e-02 0.000000000000000000e+00 2.066914232017753872e-02 9.030786739563425106e-03 9.225499372492255643e-03 9.607045762982185932e-02
0.000000000000000000e+00 6.281889337713569832e-02 4.067747081551952026e-02 1.303087631337743364e-02 1.373641716015721326e-01 1.487883215951315598e-03 1.123531888841057709e-02 8.156984709543899092e-02 0.000000000000000000e+00 1.149299827226632903e-01 0.000000000000000000e+00 0.000000000000000000e+00 0.000000000000000000e+00 8.096188415564171958e-02 1.519645194741258420e-01 9.993799049712820490e-04 7.089643515873165873e-03 1.302402802978447904e-01 0.000000000000000000e+00 1.648648798109863742e-02 3.590754167620064784e-03 5.007930685058997050e-02 1.369124760833218164e-02 5.947477751303574534e-02 2.230727450079749222e-02
3.484740767309835174e-02 1.845155958335156776e-02 1.011097678845747361e-01 1.182774521165005227e-02 1.967353048699157364e-02 8.101493656715553441e-04 1.314011275363467512e-01 7.263584560513275390e-02 8.376895675624788625e-04 0.000000000000000000e+00 0.000000000000000000e+00 8.754763574941577808e-02 2.984760820895204498e-04 1.305093753504775467e-01 2.412542159901666650e-01 2.520675768971252992e-02 3.640980278793809911e-03 3.798276704518466738e-03 8.075805293139599883e-02 0.000000000000000000e+00 4.479592674356751118e-03 6.531920473257474095e-03 1.030179215323476227e-02 6.488784628375181794e-03 7.589316379825698268e-03
1.249765828865860399e-02 5.638276253400100607e-03 1.101732851329859444e-02 0.000000000000000000e+00 8.761165256753593658e-03 2.019310456431369638e-02 0.000000000000000000e+00 6.472475774185625086e-02 0.000000000000000000e+00 2.548501734921392037e-02 2.762954158156293027e-02 4.608283514831965078e-02 1.910731679127551999e-02 1.196217443222152010e-01 1.220159699602504366e-01 0.000000000000000000e+00 3.424226811903835661e-03 1.431843073274129963e-01 1.293481418681995676e-01 1.100510152460790377e-03 1.218079948397869303e-02 0.000000000000000000e+00 2.107246517006913789e-02 8.072520174234452950e-02 1.261896316725120148e-01
4.043254452345656363e-02 0.000000000000000000e+00 1.614277992924671723e-02 0.000000000000000000e+00 3.483701409835725238e-02 6.912446943155421859e-03 2.714450615522221583e-02 9.093427730213740623e-02 0.000000000000000000e+00 2.284933162689122346e-02 0.000000000000000000e+00 1.163521225517416416e-03 1.377751223712921080e-02 1.393206610334646843e-02 1.974814302516835207e-01 7.655865184155964676e-02 4.058706072452146485e-02 1.838751022992520315e-02 3.498430877337893596e-02 1.971949778635126611e-03 9.754410345630272483e-03 1.382267109505839510e-02 2.911987709995502577e-02 7.494539485157730718e-02 2.342607348636152054e-01
9.632375048876392828e-03 3.024808616398433000e-02 3.059884141336981569e-02 5.708204482145303425e-03 9.297840258885855386e-03 1.477901398854799403e-02 1.260658472330671021e-01 3.817694294063290333e-02 2.348646955733999994e-03 5.314810977823769544e-03 5.431387565289253101e-03 1.364257456254067309e-03 1.955615684162392929e-03 6.438012678980776886e-03 3.563218831202075720e-01 9.849742104333581577e-03 5.524609423846323780e-02 1.279029175112284256e-01 1.541161228061703470e-02 0.000000000000000000e+00 1.051977849460817085e-02 1.998921735524973251e-03 2.778656408562696703e-02 1.340404563411841214e-02 9.419855794751764988e-02
0.000000000000000000e+00 1.729631963796264722e-03 7.937609754503315712e-03 6.311366222113855284e-02 0.000000000000000000e+00 8.084751409713389998e-04 4.565561043010320230e-02 1.127048320355032857e-01 4.787144690022016209e-03 1.494551033943931732e-02 1.427465468439632554e-02 2.781663374403538745e-03 1.028066242532559363e-02 7.503694785859721383e-02 4.386420280967780194e-02 0.000000000000000000e+00 4.122790494668683581e-02 9.959983196116395376e-02 0.000000000000000000e+00 0.000000000000000000e+00 8.058715841484919221e-03 5.166936515121094142e-02 1.357304046297692635e-01 1.538898893120461964e-01 1.119032804297602213e-01
4.772713817301222836e-03 1.121951508555922156e-01 1.470041479357779741e-02 7.292013558168790668e-04 0.000000000000000000e+00 0.000000000000000000e+00 2.010273564749910646e-02 8.582309454246424968e-03 5.293170404309842370e-03 0.000000000000000000e+00 0.000000000000000000e+00 1.412377887126669077e-02 6.018804841663128943e-04 3.692730566577080015e-02 1.538549449083240761e-01 6.470606619518794178e-02 0.000000000000000000e+00 1.368465438050737171e-01 3.330258651479031098e-04 6.311199892047328341e-03 0.000000000000000000e+00 9.267186775029599699e-03 1.385607940280214057e-01 6.012606596013432558e-02 2.119655112214864079e-01
1.938418766275286018e-02 1.786958844002052007e-03 7.253054166119381804e-04 6.134814120712605429e-03 1.304741990494502069e-01 0.000000000000000000e+00 2.273234913690455258e-02 5.080203062647573042e-02 0.000000000000000000e+00 2.959603994667986057e-02 0.000000000000000000e+00 6.049416524557196806e-02 0.000000000000000000e+00 1.709911103627422772e-04 4.718882636549753817e-02 1.255557529442469789e-01 2.044907930046634820e-02 8.273974005773622464e-02 9.848542458087493345e-03 3.240696235289481503e-02 5.809893162360507679e-02 6.607995625786120160e-03 9.339509039093193271e-03 1.558907606063845153e-01 1.295728584666770988e-01
1.057618958695790978e-01 1.381774033950026320e-02 0.000000000000000000e+00 1.415200467653908271e-02 1.468213851406033887e-01 0.000000000000000000e+00 2.908563402054436392e-02 0.000000000000000000e+00 0.000000000000000000e+00 0.000000000000000000e+00 0.000000000000000000e+00 6.340255068159513993e-03 1.063733951073328812e-02 1.109850682561984575e-01 1.773246769791134436e-01 0.000000000000000000e+00 8.104558662603361056e-04 2.933315710916105726e-02 0.000000000000000000e+00 4.252839382837729845e-03 0.000000000000000000e+00 4.188021898113482994e-02 1.029358240328304315e-02 1.539237455798163900e-01 1.445800008165357142e-01
9.392811169674901428e-02 8.606978012222893382e-02 1.215854800024424899e-02 2.535214878330449562e-02 6.024180979800104752e-02 4.841620676666053523e-03 0.000000000000000000e+00 6.421988982644985522e-02 1.289625664330977702e-02 3.454508104055310780e-02 1.672594884037194372e-04 3.192904430129584609e-02 2.262681497390036604e-03 4.268812545394649882e-02 1.469458906129945397e-01 8.909932640220481412e-03 0.000000000000000000e+00 1.131516571814942529e-01 1.293518251562396082e-01 2.308465685133691964e-02 2.400388784840743958e-02 2.923046272735906233e-03 4.362627646745958002e-03 6.718322764275795611e-02 8.782890818524334911e-03
0.000000000000000000e+00 7.765993302634005210e-03 6.458439109773542186e-02 5.512356907990814681e-02 8.557075405348853366e-04 6.098245911218919124e-02 1.155908745174213936e-01 6.275668552810760581e-02 4.275922921108897545e-02 4.737315616732405460e-04 0.000000000000000000e+00 3.258719895735199407e-02 0.000000000000000000e+00 2.467832101673775314e-02 1.476862611930930026e-02 1.171378171335013679e-01 2.103436212443502915e-02 1.712991939322628873e-02 5.900318224066644635e-02 8.539815780282754287e-02 1.758686505688352927e-02 4.619932835130199575e-03 1.272255549968036303e-02 1.008989105582328433e-01 8.154151031072451317e-02
9.382060141023490507e-02 5.711312720459316844e-03 2.876708596029834905e-02 3.286601016941364216e-03 1.303137772696927148e-02 0.000000000000000000e+00 0.000000000000000000e+00 1.065575581924516207e-01 3.530279809604177504e-02 9.243083523620471880e-04 0.000000000000000000e+00 4.438934812649403781e-03 1.441513908359610442e-02 1.738880284806988002e-02 3.812173431932252415e-02 7.622443182601090772e-02 0.000000000000000000e+00 0.000000000000000000e+00 0.000000000000000000e+00 3.892523358945897821e-02 2.955760533413629224e-02 5.944988020538270745e-02 1.606014838898644700e-02 1.757947708157912847e-01 2.422216753008367418e-01
2.817843924922493540e-02 4.829794822496068230e-02 8.054917439959644043e-02 2.625718223321358343e-03 1.727263250642631087e-01 2.704139061961231480e-02 0.000000000000000000e+00 4.010488408650406122e-02 1.698440321528562464e-04 0.000000000000000000e+00 4.834775846087871671e-04 4.648015232193571794e-02 0.000000000000000000e+00 8.448734282118232700e-03 3.371394911142452933e-02 2.875063721365588975e-03 0.000000000000000000e+00 6.722731365051153041e-02 9.577334339047663923e-04 5.494988982102567976e-02 5.061521716872429723e-03 8.466480699613611327e-02 3.899313426901621776e-02 2.467174230598014606e-01 9.733076131643260756e-03
2.236271051168611801e-02 2.891876354041438696e-02 1.890916089017058432e-02 3.181222366850383620e-02 2.911246437345276286e-02 5.082795377486180183e-02 1.669801383050229307e-02 1.611190965464817312e-02 0.000000000000000000e+00 0.000000000000000000e+00 3.133185785331974935e-03 1.508816658132847545e-03 1.000328448306028566e-03 9.477060648712985758e-02 1.914667323298232249e-01 1.037773181438852478e-02 0.000000000000000000e+00 6.077148623298591658e-03 0.000000000000000000e+00 4.315505160447248578e-02 0.000000000000000000e+00 2.017665133485406839e-02 4.700278203288630295e-03 2.595916903374132501e-01 1.492885781293205594e-01
0.000000000000000000e+00 0.000000000000000000e+00 2.244341099577970566e-02 1.208631747877720736e-01 1.839690768571619339e-01 1.519899936930042827e-01 4.154585866844209829e-03 0.000000000000000000e+00 0.000000000000000000e+00 1.510694246789026987e-02 1.321191720027811538e-02 6.314862219503055785e-04 1.467082280900448149e-02 3.828593247551964618e-02 1.814987623164016073e-01 1.122889159950267307e-01 1.714365550908516752e-03 5.086183971176521344e-03 6.258585632730794077e-04 0.000000000000000000e+00 4.058844968498684716e-03 1.041830578124815047e-02 2.851235883503271812e-02 2.232869001871529840e-02 6.814037062451369642e-02
1.103485037765995731e-04 0.000000000000000000e+00 0.000000000000000000e+00 2.653099959612912045e-03 1.268217976882448916e-01 0.000000000000000000e+00 0.000000000000000000e+00 0.000000000000000000e+00 0.000000000000000000e+00 0.000000000000000000e+00 5.993048295008982472e-03 1.137687451553044335e-02 2.067810814559636542e-02 1.087249788798432537e-01 1.631624408219872202e-01 1.152922009065854153e-01 1.310711313364926016e-02 1.907394606047163252e-02 1.794119168861763600e-03 6.199814257721459731e-04 1.288324967290506787e-02 4.117341213302832398e-02 5.982473339634273440e-02 1.743080031569123056e-01 1.224025441358707195e-01
0.000000000000000000e+00 1.352625393228877766e-02 6.752856582669897190e-02 5.718580784733726108e-02 3.485501548971687430e-02 5.881926657793587476e-02 1.501311618471134202e-01 9.803983988790664419e-03 0.000000000000000000e+00 0.000000000000000000e+00 0.000000000000000000e+00 2.489505668415530754e-02 0.000000000000000000e+00 6.333340057957960456e-02 3.023563760649418744e-02 7.285679459501795754e-03 1.061106976534221223e-02 4.737433197762427189e-02 2.429984586799433313e-02 3.973085060764718242e-03 1.017571871490504211e-03 8.274874634089111891e-02 7.018349008652420042e-03 1.728467145748760758e-01 1.325104556927517441e-01
1.661969482558507596e-04 7.385901137274616425e-03 0.000000000000000000e+00 1.223066989067356086e-01 1.481614291533756532e-02 2.544458658672191318e-03 4.500670452808813032e-02 3.245955044597907679e-02 0.000000000000000000e+00 4.324745634516935153e-03 0.000000000000000000e+00 9.047748605534650101e-02 1.572678298435873506e-02 9.867339193415090512e-03 4.583474812863298775e-02 1.087674733015234485e-01 2.374332436733667465e-02 7.184065011158784209e-02 9.834995066331668478e-03 1.610953995012880807e-02 7.650466018143151775e-03 7.619406866455663563e-02 3.279107418381399693e-03 1.497493288102288711e-01 1.419142907551681765e-01
3.461481116753775678e-02 2.017688383739922250e-02 2.562721836820948916e-03 4.066600115258999469e-03 2.051991957901202687e-02 3.690295712231436709e-03 1.072952446890156758e-02 9.831467986007951486e-04 0.000000000000000000e+00 1.793417815277858086e-03 1.146823069064385747e-02 6.002564279676289236e-03 1.248491264983289661e-02 8.032951430730092546e-02 4.754940718027145935e-02 1.666594168235012441e-02 0.000000000000000000e+00 1.144390950823502007e-01 1.394007448206107114e-01 1.168699352859972340e-01 1.711938236075664097e-03 2.892070712984212699e-02 1.242505623283046701e-01 3.068299200144264383e-02 1.700861329942606193e-01
2.764144017563254299e-02 1.146467442059178610e-01 1.664085693972287719e-04 0.000000000000000000e+00 1.328314524423287735e-01 3.774761854474829609e-03 2.654136387120844143e-03 5.448419889885712519e-02 1.471341823451952627e-06 1.245017765402877535e-01 8.210888884042619228e-04 9.178789210292302367e-03 0.000000000000000000e+00 0.000000000000000000e+00 1.588547972753912574e-01 4.273308876708240694e-02 2.141621566549605296e-02 1.223804375122440474e-01 3.335083522076557477e-02 4.671053688460753694e-02 0.000000000000000000e+00 4.377788462354938875e-02 0.000000000000000000e+00 5.617113095305983211e-02 3.902804583266814790e-03
1.863212194929273618e-02 0.000000000000000000e+00 1.290611138950345039e-03 1.708271774172771471e-02 0.000000000000000000e+00 9.411912475929080577e-03 3.490329143992272880e-03 4.030260188274337879e-03 0.000000000000000000e+00 1.234636982697926208e-05 1.435303850665459050e-03 3.239969706939221927e-02 6.544415272815022611e-02 1.316531514264614308e-03 1.558737795959775907e-01 1.108648177867049139e-01 4.113317940587807309e-02 9.396442199111397497e-02 3.781032068991134476e-02 6.978460414372267967e-03 4.994237606538224055e-04 1.169838701074324555e-01 2.737466609543990140e-02 2.859085547034077857e-02 2.253802205117088620e-01
1.558428211497019621e-02 1.476230924910350815e-02 0.000000000000000000e+00 1.293720829607741818e-01 3.556841210866822783e-02 4.983010862526904457e-03 2.868253052803577778e-03 1.984742226534786519e-02 1.569712004679386583e-02 1.018723105612758147e-02 1.628899833244720242e-04 0.000000000000000000e+00 4.271935650823619531e-04 9.058658780330307303e-02 1.056490338462023892e-01 0.000000000000000000e+00 2.915834506751766378e-03 9.853662682379597804e-02 8.535341160881112360e-03 3.535616981716986629e-02 4.135275672544432360e-03 2.780550636828709593e-02 1.260515528033980814e-01 1.565340015879506663e-01 9.443386234419287595e-02
8.167121137714054846e-03 6.799169474114527024e-03 0.000000000000000000e+00 9.065820204091671122e-03 1.727858632276866105e-02 0.000000000000000000e+00 1.469997400769166435e-02 1.957544969606622373e-02 2.637678704434207738e-02 1.344578019734381236e-02 9.973501293497357128e-04 1.606882451867842065e-01 2.081953249654339491e-02 4.583812411291257605e-02 1.854951013249828418e-01 7.148609614306707105e-02 4.577357722025908460e-03 1.418003388553132349e-01 0.000000000000000000e+00 1.169525573303327156e-03 4.914984056231672810e-03 1.229987758220987132e-02 1.157137069523865754e-02 9.617652815485489004e-03 2.133157552224193010e-01
2.372732657102953960e-02 0.000000000000000000e+00 3.461432776718367105e-02 8.708028371865097345e-03 7.262066060147609470e-02 6.725274231255865855e-03 7.849117681118358836e-02 9.404388738854588259e-02 6.519456192366588233e-04 0.000000000000000000e+00 1.826881319137436260e-02 7.989857644237829959e-02 9.308528360223950002e-04 2.014089650594753575e-02 7.321545206044364346e-03 7.700682662046060001e-02 2.441845745247633870e-02 3.375901603422239855e-03 1.608494285980017757e-01 0.000000000000000000e+00 5.424900560368021984e-02 6.845691965373537635e-02 3.169324962886742314e-02 2.930315854128942923e-02 1.045037407545232194e-01
2.413670234137779355e-02 1.721840933040189037e-02 6.203624737433755150e-03 1.777356578369697002e-02 1.230638361643338063e-01 4.817934874257575792e-04 4.493513323755204264e-03 9.914830095812271482e-02 9.631432946822761354e-03 5.038537966479802923e-04 7.586149880437563606e-05 2.189160995263601459e-02 7.749926258610550373e-03 6.626751228222180212e-02 1.199812151101627145e-01 5.150216778244389934e-03 1.418736599811732876e-02 1.133896586882046503e-01 7.016384892983536237e-02 1.510651525791801772e-02 0.000000000000000000e+00 2.217839438506242697e-02 2.324638425570781444e-02 2.053537430571040212e-01 1.260271467735202787e-02
0.000000000000000000e+00 6.131354523753115848e-02 9.859929976463296941e-02 0.000000000000000000e+00 2.076154115525143812e-02 4.899401927011280515e-03 9.910420405612427319e-02 9.683549806735275434e-03 0.000000000000000000e+00 0.000000000000000000e+00 0.000000000000000000e+00 2.907654176726102036e-03 2.733306433406081440e-02 1.234630660686968605e-02 1.704185026787886081e-01 1.661840545331207467e-02 1.201339793740514340e-02 5.991704906180066875e-02 2.125971559521538101e-01 8.431268229593130714e-02 8.201812856476043898e-03 1.171823576008746738e-02 9.440384378208776378e-03 2.787885445419444053e-02 4.993495210669873785e-02
2.174055695816524882e-03 4.090283331655959753e-03 5.607035303545811200e-02 0.000000000000000000e+00 2.650586578394526285e-02 1.453383240180001514e-02 4.404139437855440070e-02 1.040936674259451168e-02 0.000000000000000000e+00 5.426075278647817315e-03 0.000000000000000000e+00 1.432099295953317454e-02 0.000000000000000000e+00 2.937154538761173675e-02 1.609239656627481085e-01 1.054009837723396820e-01 2.226721652470243368e-02 7.340438955471267554e-03 9.304234226046882369e-03 0.000000000000000000e+00 1.978390683193037743e-03 4.841084736551436868e-02 5.497237168714701368e-03 1.541223258246668115e-01 2.778105948209850795e-01
1.637157164871517025e-03 2.426403114166674965e-02 8.707072868162110679e-02 9.490446613141666210e-02 5.217188344041728126e-02 1.616098185994948103e-02 0.000000000000000000e+00 7.227112905314528324e-02 6.893737027352183928e-04 3.472485170422521389e-02 4.806663183515168421e-03 2.980282865399883768e-02 4.133707924350327884e-02 4.531716423823710371e-02 2.628198264752957744e-02 1.262374901785117548e-02 8.093774163842280822e-02 4.239741058527300016e-02 1.586672087092503292e-01 1.497182142019064070e-02 6.294240207129249941e-03 2.503169146102581649e-02 0.000000000000000000e+00 6.618895624887586628e-03 1.210169204891368838e-01
0.000000000000000000e+00 3.228006733160288400e-03 1.244726052214835225e-02 0.000000000000000000e+00 8.264983948377099127e-03 1.607533651834147648e-02 1.498486776857742677e-03 2.868991873793406630e-02 0.000000000000000000e+00 2.221963989461720260e-02 3.376644081862238602e-03 0.000000000000000000e+00 0.000000000000000000e+00 9.496859767844237354e-02 1.551402426217649566e-01 9.150634868800609778e-02 3.285579124107156036e-04 1.682418817011779822e-03 1.253291569606330147e-01 0.000000000000000000e+00 4.856554066235517844e-03 4.857455310829664197e-02 2.024408334610903193e-01 1.461977826754788101e-01 3.317467679733122204e-02
