2.254410679384943189e-02 1.624630778535358575e-02 1.123149247641583026e-01 2.145165142103466760e-02 3.234618216653097067e-02 1.397829985943307707e-01 4.761830197827664722e-03 3.949699907285731879e-03 1.338092869085899961e-03 3.303917830127878728e-03 3.513702269555945418e-02 2.998874417888673927e-01 2.769699310979548829e-02 4.384207491127615347e-02 4.726262668620839422e-03 8.238199578196537176e-04 2.587820128776215090e-02 1.178632755677615079e-01 6.975121716687986140e-02 1.635397851607250930e-02
1.296785795377894124e-01 3.716921709421242698e-02 3.514413198920647401e-03 9.873450244613890536e-02 4.978339459797417876e-02 4.685174828809896691e-02 4.498251858200547938e-03 1.010050365767663355e-01 0.000000000000000000e+00 0.000000000000000000e+00 1.326856878003806681e-02 1.610196402644330782e-01 0.000000000000000000e+00 9.639156732155411411e-02 1.922153282990341633e-02 3.369362920376589490e-03 7.784870184954680201e-03 1.196930062372880132e-01 1.930178553796551774e-02 8.871452232538507010e-02
2.053896331177126194e-02 1.466464617015272864e-01 8.503579333461840431e-03 2.715158779284036414e-02 7.540732818991518344e-03 6.355628152231232453e-02 4.096296711879914530e-03 2.465352838487409881e-02 6.673211794131564401e-03 1.949933543193715577e-02 0.000000000000000000e+00 4.432125546448423964e-02 2.054520271515527380e-02 8.549380189378379125e-02 1.971679899038376871e-02 8.781596646092849900e-02 3.947557104771089176e-02 1.173649763053975781e-01 2.231812877816610752e-01 3.322516053676746045e-02
1.172496827634091354e-01 6.060190117676682309e-02 0.000000000000000000e+00 1.593370361277723327e-04 5.437360777125813810e-02 1.071586676346051974e-02 0.000000000000000000e+00 2.277739035110457749e-02 1.614235962118894252e-02 1.643553877049098999e-02 3.985339494221507711e-02 1.906973820701063915e-01 3.585620003399703215e-02 3.071428643467293950e-03 2.614082414421144140e-02 4.039158064446883578e-02 6.463229252902662376e-03 9.197040154568703052e-02 2.258152954587981376e-01 4.128457901033922434e-02
1.670631110216174234e-02 9.168508127092643567e-02 1.423804027417880985e-03 1.415821855703682242e-01 3.118022133449774649e-02 7.915621285011849306e-02 9.117007515416225430e-04 2.833160905597722351e-02 0.000000000000000000e+00 2.902161491497331700e-02 1.984378428849257938e-03 1.605776361144233833e-01 4.087776908682761411e-03 1.214881431578082455e-01 2.097564386582477167e-02 1.159677602363651380e-03 1.017119789893034809e-01 5.920137145790141907e-03 1.603007915083402013e-01 1.795095400631345397e-03
1.715995748709899515e-01 1.814343047333604256e-02 8.963459532037452993e-02 1.237375864459484658e-02 7.377892672262569007e-02 2.692977184424581380e-02 2.488061962450302880e-02 8.156763947077771970e-02 7.896393342359518674e-02 8.774464142604302547e-03 1.778446129982297211e-03 1.378456117047888729e-01 8.994164610284986414e-03 6.604242294793825907e-02 5.453224610040567633e-02 9.707058348072311604e-02 2.050683778327799106e-02 1.028621496634563081e-03 8.028311804158805298e-03 1.752603940415833200e-02
4.394565849642578098e-03 1.386251366376469729e-01 0.000000000000000000e+00 4.394843864364794683e-02 1.523780607042310997e-01 1.887510607570365984e-01 0.000000000000000000e+00 4.989646436434121840e-04 2.156973018980159855e-03 1.110314036566574514e-01 1.135367672748107369e-02 1.782363532143628471e-01 3.889256177131608216e-03 5.179556276101467301e-03 0.000000000000000000e+00 1.659971396510621922e-02 0.000000000000000000e+00 8.239159070167382344e-04 1.477747358148610857e-02 1.273554502398277222e-01
1.200753258494424158e-01 9.055536705660814645e-02 0.000000000000000000e+00 2.493897389553679372e-02 1.492668764883977803e-02 1.411313981724022885e-02 0.000000000000000000e+00 3.169967759855187722e-02 1.064163837202286751e-02 3.125644911219796138e-03 1.115974387898904449e-02 1.704812780669512362e-01 2.314921123702132558e-02 8.257092154326030331e-02 7.140604898266935709e-03 9.300959874894967894e-02 1.410241164272019523e-02 2.028005785453013826e-02 2.266262745995633876e-01 4.140344238028585006e-02
5.869091025801857070e-02 4.322937135155825727e-02 1.127969167061343980e-01 1.867256187877299189e-01 1.567047789304022026e-02 9.655136091240365537e-02 0.000000000000000000e+00 1.121487413772632134e-02 7.824576426148026342e-02 7.748058650823709537e-02 4.631599456999760389e-02 2.664013820076478051e-02 3.597303845706864567e-02 2.144624484537730608e-02 3.595179638186046540e-03 4.683739648442766627e-03 1.506848564157343279e-02 2.485052213114429930e-03 3.965953430518738554e-02 1.235267116639590101e-01
6.985770364012075517e-02 8.861854676105906936e-02 1.093285002139547379e-01 3.270860439383458523e-02 1.277872648168443537e-01 2.464229307239745037e-01 3.151847534905320020e-02 4.879913158313299582e-02 0.000000000000000000e+00 5.710654474885609906e-03 0.000000000000000000e+00 1.633703213917872196e-02 4.717825547076458931e-02 1.063717526493963839e-02 0.000000000000000000e+00 1.502788698297866966e-02 3.444715331546330250e-02 2.009154534052414245e-02 2.257843272487921465e-02 7.295070680441204103e-02
1.745699700591611322e-02 1.039542179463939786e-01 9.029105513865172405e-02 1.358031323562408910e-01 1.502259387887177819e-02 4.664367707137433150e-02 0.000000000000000000e+00 0.000000000000000000e+00 1.380704444437185971e-02 2.227948380272047613e-02 1.375875773348377365e-02 1.617704007222174056e-01 8.778546578753584906e-02 5.218898109736031486e-03 2.416895143548834779e-02 0.000000000000000000e+00 1.687142812713387716e-02 1.775516546271307394e-01 6.261055427111361649e-02 5.005687541619335303e-03
3.593903751811972080e-02 8.094178329914958336e-02 1.644939028468705988e-01 1.583455297626053249e-02 2.982920023012607461e-03 1.016621339354168846e-01 6.468996102843523055e-03 2.923717649859591122e-02 6.353134200712914036e-03 1.374425169214689955e-02 1.691237608210595378e-02 1.500709855191970088e-01 1.163841460720520943e-02 9.825961888597595228e-02 5.425332237139912465e-03 8.124979511206452398e-02 1.331334603641879180e-02 1.152852098000370501e-01 4.429159051100420297e-02 5.895442115722238086e-03
1.151244982173048464e-01 1.291488617569187813e-02 0.000000000000000000e+00 6.153614315007511354e-03 6.473040320555771554e-02 1.740107980159754930e-01 3.636980355491252915e-03 5.549464649427338081e-02 2.761499169936149772e-02 1.172063583893754174e-01 2.361938713314011562e-02 1.955573689164365470e-01 0.000000000000000000e+00 5.938308287570771143e-02 8.223148659564918309e-04 8.832059930892204036e-02 0.000000000000000000e+00 1.938370967390636024e-02 6.865687219917245530e-03 2.916067313797442162e-02
0.000000000000000000e+00 1.244250524345657943e-01 1.252686564624716226e-01 1.500344652443453275e-01 2.000884264066725773e-02 1.738479214379569371e-01 1.677817651324859727e-04 2.938356878896232136e-02 3.388251235930261895e-02 0.000000000000000000e+00 1.622427680624834168e-02 1.681718179939776514e-01 4.102086612900059277e-03 1.055430045549407142e-01 2.678102098703143662e-03 3.383526530666300380e-02 3.417736074615246485e-03 3.928246686114748171e-03 0.000000000000000000e+00 5.080662732432637656e-03
1.153546213908464291e-01 8.329483759222920669e-02 9.661932908805061226e-02 3.078936915942033156e-02 2.629842616388411783e-02 3.997201379991984632e-02 0.000000000000000000e+00 9.829877260634221556e-03 1.659046129062442462e-02 8.885936475376300658e-02 3.694932161464738185e-02 1.596553012440697916e-01 3.130158496526917744e-02 2.156647454013641690e-02 1.280805633440378899e-01 8.318045481656163127e-04 1.233373330721856780e-02 3.843665642360394059e-03 3.841360917888934218e-02 5.941564111583341051e-02
1.940289905301748746e-02 4.913018459400995963e-02 1.346355368234533666e-04 1.659869032409123646e-01 1.175795710969583345e-02 2.036832895731236770e-01 1.058967787202550956e-02 9.570947076128202835e-02 1.562195025781073360e-02 3.547569897833893152e-03 1.645701538796749686e-01 1.213145717540003860e-01 7.234820891845481459e-03 2.227033747705683617e-02 2.550493529681898200e-02 1.151654241591352611e-03 1.705352038354896946e-02 8.409053725583868696e-03 4.013406305023325960e-02 1.679235140311093402e-02
1.716300095612308674e-01 2.502600400613567630e-02 9.579593523823518031e-02 2.511067894882815493e-03 5.391255933002640603e-03 1.692155573302940863e-01 1.228170579890236654e-02 9.700560519543849347e-02 0.000000000000000000e+00 4.877259323909319613e-03 4.927160168565444809e-02 2.517983749794749926e-02 3.837875017725539406e-02 1.108990980830817236e-02 2.645226532998587454e-02 1.043550150921289214e-03 2.867159145776036408e-02 8.571580645552237185e-03 7.414024068753972962e-02 1.534662722770436249e-01
1.305652863966750010e-01 9.677360660548464666e-02 5.085335568334768859e-03 7.627367341959309655e-02 3.672747691515093615e-02 0.000000000000000000e+00 1.061356025681262777e-02 6.389314965458882389e-02 0.000000000000000000e+00 0.000000000000000000e+00 1.418489728229821167e-01 1.492158426220273615e-01 1.768727258433280738e-03 2.579732570580024406e-02 1.285140029734470335e-01 8.611276575146634485e-03 4.353268546296243900e-03 2.734697451202475552e-02 7.536344360084766547e-02 1.724807656635461359e-02
1.019592490040213545e-01 2.036342021675486558e-01 2.426422344464604971e-03 2.735682275859032675e-01 5.885308654717458753e-03 4.103370944730521525e-03 7.826227831251428638e-03 0.000000000000000000e+00 0.000000000000000000e+00 3.612770077305520189e-02 5.251100913728504183e-02 7.437606437151472738e-02 1.115434513211348115e-02 2.088118273466377933e-02 1.338533361358186791e-01 1.890136969501019990e-02 1.516496562422403951e-02 2.647041935922025795e-03 0.000000000000000000e+00 3.497997592775563269e-02
1.184296813216607347e-01 2.079890420053887370e-02 4.192348296528924934e-03 1.575821281651105243e-01 1.077791517575291125e-02 7.857894186450720131e-02 0.000000000000000000e+00 3.035688801553661220e-02 1.643018814178479059e-02 5.113191020874000882e-03 4.276103828316957928e-02 1.164616305678700843e-02 3.026466211689086191e-03 7.288765260636498322e-02 1.755069099425570281e-02 3.395182003862697029e-02 2.451518011868244681e-02 4.744148044078891693e-03 1.383001917348621601e-01 2.083564627091885890e-01
2.255400722131492564e-02 7.169347821180965807e-02 0.000000000000000000e+00 1.430339139463630838e-01 6.222968337415550957e-03 1.523670672396637907e-02 0.000000000000000000e+00 3.033587815808591603e-03 5.029787822196366736e-04 8.893576474510210550e-02 6.364072951478182139e-02 2.252977852209869791e-01 1.490481744599124860e-03 7.444393587922244759e-02 0.000000000000000000e+00 0.000000000000000000e+00 1.621813715108287308e-04 0.000000000000000000e+00 0.000000000000000000e+00 2.837514804848986771e-01
6.278876137954953959e-03 1.550709048964696649e-02 0.000000000000000000e+00 5.693866337383594704e-03 1.366116582417463976e-01 2.149117507251019007e-02 4.667209618718978900e-04 2.521776682364098091e-02 3.567953792700082755e-02 1.840438347268230461e-03 8.312855893939270768e-04 1.921479207120773136e-01 7.258553793368688334e-02 1.172319302096023197e-01 0.000000000000000000e+00 2.260827741530629931e-02 0.000000000000000000e+00 2.617325758825688256e-03 6.826726680310967257e-03 3.363638653617725405e-01
3.986449434771109634e-02 9.342200808848265259e-02 9.465496254118095643e-02 2.840262734377130803e-03 1.893374956038762491e-01 7.113351813091838005e-02 1.698788268601598658e-05 9.308083380253131048e-03 5.258759750415231693e-02 3.188219231460745484e-02 9.445862819657253884e-02 6.132732040302205784e-02 2.162439348495773586e-02 4.285122960684226157e-02 4.821460478543068088e-04 4.400344486599493815e-03 1.743674154833582549e-03 3.354945435681636621e-04 1.571866694423868505e-01 3.054249710511754146e-02
2.949382287553087203e-03 9.550410798772750176e-02 7.486121607212559148e-02 2.191765153428367266e-02 1.614782886923767785e-02 1.072295086947001042e-01 4.024205750910758023e-02 3.273602466852466863e-02 1.623617240311775109e-02 5.673848718542286867e-02 5.542884674020491856e-03 5.876389873060181707e-02 2.363713475238695544e-02 1.141948312116186498e-01 3.703823857513366814e-04 8.473424142903834833e-03 4.969001097670962264e-02 1.173674934445483459e-01 1.345923720217706010e-01 2.280513044788786206e-02
1.249160672489419976e-01 7.534098037998662734e-02 3.736429709646319451e-03 1.036517967195598328e-01 7.002507119985977579e-02 1.319590141494901836e-01 3.407089208707099644e-03 2.247729612986505698e-02 6.131840625832213690e-03 9.241599315562641637e-03 5.113815745066334351e-02 2.901939602044175531e-02 1.071619711791988762e-02 7.342241388599205117e-03 2.137701801224041465e-02 4.416194472357048983e-02 2.329500894949653247e-02 1.834271683609614914e-02 7.187302812640937628e-03 2.365328320008795171e-01
0.000000000000000000e+00 1.298372823808042510e-02 3.269704998060332744e-03 2.135922717972744966e-02 6.021888362149801881e-03 1.181643623516100139e-01 6.719049195398022357e-04 6.962520867955687698e-02 6.893498950148539695e-02 4.826271983420531847e-02 5.486023252785840465e-03 1.869917212850522314e-01 1.036946062714413919e-02 1.230863891457369130e-01 3.673002423720514442e-02 1.118275522660347188e-01 1.480840036971026522e-02 9.820818618975632464e-02 3.516704122071430405e-02 2.803146734144487673e-02
3.342987025893567735e-04 5.243527416931137615e-03 1.922694642218706349e-03 1.742188857128421364e-01 2.229523759387169041e-02 1.036607763362867585e-01 9.732158065551435675e-04 1.913573588075183352e-02 1.753097558912029494e-02 4.346207411423724104e-02 4.971642433757555556e-04 1.719623425736664657e-01 9.711064568877330813e-03 5.927817112246902553e-02 1.355869677685635766e-01 1.377057240719565569e-02 1.285518923724976621e-02 3.839444856938668826e-02 6.880045413447714864e-02 1.003662035793344565e-01
2.274471798518587842e-02 6.012396770599585938e-02 1.855311005968548251e-03 2.433104498053856660e-02 2.132188202657387677e-01 1.122468311481644998e-01 3.186853443329052196e-03 3.358347770297498772e-03 1.392951151051173000e-03 9.649552310387780885e-02 3.809488254792754020e-02 3.845894319642834819e-02 2.777255352126179605e-02 3.568838834724553238e-02 1.438030722703684781e-02 3.283299222367951032e-04 1.454086436159343111e-02 1.200682536489671923e-02 1.820690970136942255e-01 9.770543993753115497e-02
3.889671044494651814e-02 5.362728420537921092e-02 3.141599866332867724e-02 2.867882196459568475e-02 3.075437072056005222e-02 1.162943520441091227e-01 0.000000000000000000e+00 2.541626631992003824e-02 1.980012298022712156e-03 2.908395615124367492e-02 7.937990851471260923e-04 1.720428642252430640e-01 5.389468436629889919e-03 1.668772561661813474e-04 3.566446201468584029e-03 8.158104659553525734e-04 3.209325609213902614e-02 2.651889631949846948e-01 3.052371251077988512e-02 1.332710297193804294e-01
8.915366868855007995e-03 1.221164558058325522e-02 1.108734106554768763e-02 2.071873233561068173e-01 2.813087693423537913e-02 5.469885086082326014e-02 2.748933562642201164e-02 8.135260767345571520e-02 2.188932681514403492e-04 2.423548862901640441e-02 9.935184443921961372e-03 1.396554172739526978e-01 1.646613087913146450e-02 9.265969890808167797e-02 1.697541156660594408e-01 1.198696314011172062e-03 1.977317050467142755e-03 8.793861871512116679e-02 2.442549493007066292e-04 2.464283593675539730e-02
4.454350436960492765e-02 2.223829675109498596e-02 8.532129649559576368e-02 9.000095289159065759e-02 2.213237478218331097e-02 1.520590961360015758e-01 5.262138437706355074e-03 0.000000000000000000e+00 0.000000000000000000e+00 1.415523893758008529e-02 9.975639427439354778e-02 1.391608027161637395e-01 1.295712684428482718e-02 4.747749704214354605e-02 1.295731636139746124e-01 1.717678272984230533e-03 0.000000000000000000e+00 1.151174642994516883e-01 1.663271885893482724e-02 1.894255276311252161e-03
2.490304093588121236e-03 1.179920495664063887e-02 1.415398138704246876e-03 1.436272764999088625e-01 0.000000000000000000e+00 1.672193582999951800e-01 7.775386843984677734e-03 1.337670271336632681e-02 1.913933518983846824e-02 4.277185349159914711e-03 9.569098950888714830e-03 3.359605516769656464e-02 2.548018871652439968e-02 1.184844588395809056e-01 3.364306904229740630e-02 1.865575085984855479e-03 2.386378408757589605e-03 8.883640408180261405e-02 1.674364998892823586e-01 1.475821197319981959e-01
4.173927463543832678e-02 1.001923772657932754e-01 0.000000000000000000e+00 5.773462895693282082e-02 4.564710972742668134e-03 0.000000000000000000e+00 0.000000000000000000e+00 2.253275650627585558e-02 1.686499025852399372e-02 5.696149036060554026e-03 2.464569969478924705e-02 1.938791100038043114e-01 0.000000000000000000e+00 1.901274068866114914e-02 4.642759159277695842e-03 3.553651966888920349e-02 9.713664349389360131e-02 1.143921188250950072e-01 2.395464912934675838e-01 2.188302954035464820e-02
1.424122778872866091e-01 5.722055604309286836e-02 8.393247605692773878e-04 9.518950083493659883e-03 1.805328820728634848e-02 2.154108850433843758e-01 4.948402792881584356e-04 0.000000000000000000e+00 5.466542585779332608e-03 7.857571384777010948e-02 1.075905215975859683e-02 1.625289664252193289e-01 8.811039572008767806e-02 1.078562066441569600e-01 4.602629093081376382e-02 2.311689631208541183e-03 0.000000000000000000e+00 2.248156277829057442e-02 1.535931696037116413e-02 1.657414001214272889e-02
2.182035307839094024e-02 2.907868408483716555e-02 2.659546886794725978e-02 1.597994265668966490e-02 8.832007098168880022e-02 1.098178024590085039e-01 0.000000000000000000e+00 1.809029721049068302e-03 1.790347970229822644e-02 3.483546357778575381e-02 1.921428766234318034e-02 9.214808344837736864e-02 7.056209854458235509e-02 1.564864194463955194e-02 2.284052482096908185e-02 0.000000000000000000e+00 2.596137472457932249e-02 4.321082534338565109e-03 2.067802190797693174e-01 1.963633921107059699e-01
8.976421670494758726e-03 5.083526754612113785e-02 2.723254028402671747e-03 1.320905284690392922e-01 4.565273628499687958e-02 0.000000000000000000e+00 2.214446651198669763e-02 6.532836916474324407e-02 1.485401843448755539e-02 6.989848922476850357e-02 0.000000000000000000e+00 1.827593074075195001e-01 1.586818524593128915e-02 1.560316102185469768e-02 9.105489563010852813e-03 7.517137022475316177e-02 8.772675020764814091e-03 1.316316576658473243e-03 0.000000000000000000e+00 2.788999436044665159e-01
3.703178961450536572e-02 6.109417561381186301e-02 4.922233235269198905e-03 1.035291807931551511e-01 4.989170633882135386e-02 1.224796149842506537e-01 5.363098051013584153e-03 2.325205429376642641e-03 0.000000000000000000e+00 1.082847944093902337e-02 5.587718434731704653e-02 7.893394788660329509e-02 1.009863700886471094e-01 1.207958204671378266e-01 1.483076884161780018e-01 2.339613048492815168e-03 9.392337159719632220e-03 1.362806588520146939e-02 0.000000000000000000e+00 7.227348919955993434e-02
1.641643258894807640e-03 1.467863569407065923e-02 2.156498783774095374e-02 1.548793381177507034e-01 1.083507530945543654e-02 6.009989933178994104e-02 5.756855824602922361e-03 1.338362010236211763e-02 1.023408205901360155e-02 6.740271809432868758e-03 1.026549841968269709e-03 1.645155272308737593e-01 1.004466900720161170e-02 1.159615465250402183e-01 1.174207546264188426e-02 7.458220562706931178e-02 1.979232817080597492e-02 6.717287970274512165e-04 1.107842580414680408e-02 2.907705341881107186e-01
0.000000000000000000e+00 1.118637912818666938e-02 9.836563363137468263e-02 1.633567199025028061e-01 1.471127445936315677e-02 1.491333185357350023e-02 0.000000000000000000e+00 5.429832859626787175e-03 4.928320382444430908e-02 1.491279584208090626e-02 2.553560807164169735e-02 1.824374491541197185e-01 0.000000000000000000e+00 3.368495640957553522e-02 2.270598414145480470e-02 1.256664100238830961e-01 4.209388593516640888e-03 1.695185026259063144e-01 2.007108258524963745e-02 4.401144689349969358e-02
4.364933372797062672e-02 2.271147389053259150e-02 8.442973666655237408e-03 8.784207655239359425e-02 1.169033363087193383e-01 5.944114069850727974e-03 9.256641163900387881e-02 9.447891245778758385e-03 2.277185354928382838e-02 7.464072141482704092e-02 8.180819187661964725e-03 1.506523098454748966e-01 4.967865486951637778e-04 1.147769799228473692e-01 2.696986477442851055e-02 2.012238148527322953e-02 7.893239579330069838e-04 2.037775542726860331e-02 1.099963305843793954e-01 6.271726220102229188e-02
1.413586177015227485e-02 5.473633488622571541e-02 3.539803752540322118e-02 1.970792769599572988e-02 0.000000000000000000e+00 8.709254011384545257e-04 8.858525193881010285e-02 2.263017208990949960e-03 5.656186049288434992e-03 7.960181570192827183e-02 3.487496584256505328e-02 7.741639519941497655e-03 4.640909921978101510e-02 1.421715757488423160e-01 1.411239468265095831e-01 5.140633160023048119e-03 3.721532712790256991e-02 2.303212144857702537e-02 0.000000000000000000e+00 2.613353329279248238e-01
3.421089869975495884e-02 2.851777815868978758e-02 5.513782859226873737e-04 2.262347456180591881e-02 3.657328169711077277e-03 7.151558410892536709e-03 5.565738750551812303e-03 4.854316244510018669e-02 4.522015793151964308e-02 8.433754197940861175e-02 1.568544301177096992e-02 1.587153027056734389e-01 8.775200503662594631e-02 1.327087841381348610e-01 1.041822047521103606e-02 0.000000000000000000e+00 2.055252667777108817e-03 1.216699424789501466e-01 3.356829409918041934e-02 1.570477379933188089e-01
5.661258427580953545e-02 6.553111813997923585e-02 9.577374491269361172e-04 7.167086314849409334e-02 7.377758165526275558e-02 9.168852110688724411e-02 1.667353164569536014e-02 7.184599944200471822e-02 3.292360469224934333e-03 5.238373236787260967e-02 2.233989550765501375e-03 4.774019257500369817e-02 9.848817474427716892e-03 1.268116229231776304e-01 2.561021589154572481e-02 3.423780529540384338e-02 3.818882867711362403e-03 1.920601389549296762e-03 1.538944254351585772e-01 8.944941689689915598e-02
1.554824746675802227e-01 6.802352462638895647e-02 1.195914669108912864e-01 1.389431045337537890e-02 8.216067910351912418e-03 1.131360852435458197e-01 8.881637176826891840e-04 5.500995280518240077e-02 1.473215963787635795e-03 1.001172708284537027e-01 2.569069476531928714e-03 4.953197322712842021e-02 1.515899443067583383e-02 6.111190011003229255e-02 7.759899910054724945e-03 6.444093834514832801e-03 1.178147068957756567e-02 1.661704545777102984e-02 6.125605288798244979e-02 1.319369668484911551e-01
1.656761117486373362e-03 7.611366621432220925e-02 4.601069972410573236e-03 1.306398392324044921e-01 2.278299335532572856e-02 1.505629664101654497e-01 0.000000000000000000e+00 1.745350844205131912e-03 2.934868304352810948e-03 7.157251740468138085e-03 6.551366211389724609e-03 2.723773448324509627e-02 6.496256770998719288e-02 1.446445897052845708e-01 1.418986975216281476e-01 3.737012233397520554e-03 5.726246655922660050e-02 1.043202473858686509e-02 4.490899319353480745e-02 1.001697804525787522e-01
1.243177546940033365e-02 3.013307045633998454e-02 0.000000000000000000e+00 3.800587486124977314e-03 1.306375557815243060e-01 9.805637645657880319e-02 1.626105994583707795e-03 1.004464791862487438e-01 2.815339174524444932e-02 3.950272904211672709e-02 7.317530015613668559e-02 1.635090952127627173e-01 1.344477349395767178e-02 1.439997106786944647e-01 4.254825007865369740e-02 1.471506018141958971e-02 7.442488661949005213e-02 2.872579218318404431e-02 6.690597775390645522e-04 0.000000000000000000e+00
1.318429604809761291e-01 5.652836653402087963e-02 1.155604013137621899e-01 1.102558757884644913e-01 3.448670846942045870e-02 2.285460614274313629e-02 1.657016782920769579e-02 0.000000000000000000e+00 6.300703010937411946e-03 0.000000000000000000e+00 4.223586552210641110e-02 1.230920856405743474e-01 1.423408508394870178e-03 3.136986708841079524e-02 4.634800524241714653e-02 7.303544053753502005e-03 8.854074426436084333e-03 1.305070764981332287e-02 2.866146950275747299e-02 2.032611827958037964e-01
5.998570908688294692e-03 3.297562621030104835e-02 4.487617362364532646e-03 4.382379406512205283e-02 2.430122826505385237e-03 2.544747363377413210e-02 9.325971956648998473e-03 2.221565610162299850e-02 1.333009135082729436e-05 5.186534819663290302e-02 3.730334103412148716e-03 2.283166143038528884e-01 7.725257868283257057e-02 1.207277770591442673e-01 2.453617241059512927e-02 8.898237334438263701e-02 2.958807723157970068e-02 1.272700548400953757e-01 2.835135937689079247e-02 7.266114729420326823e-02
9.527733624741732688e-02 1.167525040460916548e-02 1.250588068832923783e-01 6.878089565011354101e-02 5.414447109761859334e-02 0.000000000000000000e+00 1.196340301521782619e-02 1.080736987618249444e-03 1.372179063529144552e-02 5.382052468002926360e-02 2.623028785437801422e-02 1.651092369858075393e-01 7.530327408826787382e-03 4.677087457892907529e-02 3.253454992865577756e-03 5.488834803304894552e-03 2.045960073227086687e-02 1.130586673734668840e-01 1.622498183700850360e-01 1.432568129885755485e-02
0.000000000000000000e+00 8.751708557894156970e-02 2.184212391711915988e-02 0.000000000000000000e+00 5.595730712481655419e-03 5.685127989629437661e-02 6.686219648087479706e-04 8.569912836602851941e-03 1.973539004783457507e-02 0.000000000000000000e+00 1.075202941576793164e-01 1.727848519989056697e-01 4.718855717211853373e-03 1.626289731037327546e-01 1.288265391151886992e-02 9.234749898199536011e-03 1.318648938429697361e-02 1.180914260515256858e-01 1.411777038786953542e-01 5.699385694415098902e-02
