4.423421593207554556e-03 1.170193711264475855e-01 1.603953980557801806e-01 4.744083768397830241e-03 1.357423421246133632e-01 1.938021708436299395e-02 4.194586242845343982e-02 0.000000000000000000e+00 1.262086080787873203e-02 1.171727445824101779e-02 1.359668773258097818e-03 1.410770991325771828e-01 1.095174215870314688e-01 9.767583025295984746e-04 7.633069878203915803e-02 4.165223115616623062e-03 4.771747377290911848e-03 1.355369122407933981e-02 0.000000000000000000e+00 1.947823113805480927e-02 0.000000000000000000e+00 0.000000000000000000e+00 1.203132310607774313e-01 4.673980593626367135e-04 0.000000000000000000e+00
3.927787760817987722e-02 1.700748565704447018e-02 1.333911924440240315e-01 2.385623012454224021e-02 2.265022278562985880e-01 9.394427698457444992e-03 1.235245022119373440e-02 1.375769247742120727e-01 2.118712586208846421e-02 1.103496433582478765e-02 3.299314911067235891e-04 1.504881744898598217e-01 8.673103318097237502e-03 5.117906059837925431e-02 2.220131104450571990e-02 3.165735877361185689e-03 1.216099492691909423e-01 0.000000000000000000e+00 6.222874512818477337e-04 0.000000000000000000e+00 0.000000000000000000e+00 3.646678546351064636e-03 2.355786183903470481e-03 0.000000000000000000e+00 4.147075148096905466e-03
3.018781224380038750e-02 9.686159077608805235e-02 2.477873141033782034e-01 2.819787090252529656e-03 1.494894422989866134e-01 1.342749756474603262e-01 1.664615608735665192e-02 0.000000000000000000e+00 0.000000000000000000e+00 0.000000000000000000e+00 0.000000000000000000e+00 2.763174799841125809e-02 4.678874349959511597e-02 4.214371808915432643e-03 3.319722318168093905e-02 0.000000000000000000e+00 1.899286367832671253e-03 1.113798645666391751e-02 3.113058897343293566e-03 1.041827523033075770e-01 1.323499802108658516e-02 2.794105222688146595e-02 0.000000000000000000e+00 1.509699665083899175e-02 3.349470434011998787e-02
1.949946177624558089e-02 1.250175410166081136e-01 4.442849946321896643e-02 4.956503344186454635e-03 3.957979946142186484e-02 0.000000000000000000e+00 8.568624946012781685e-02 1.273645147688313717e-01 3.753134034534415936e-02 1.972609417542087878e-02 3.104524700231146156e-02 1.518945894320783974e-01 0.000000000000000000e+00 8.274602339463862227e-03 7.999172795862244736e-03 0.000000000000000000e+00 6.149052139728291427e-02 1.941150866463529356e-01 0.000000000000000000e+00 1.369698666345132120e-02 0.000000000000000000e+00 2.065823364040050847e-02 5.955131235254268116e-03 0.000000000000000000e+00 1.080425036136981954e-03
3.785505652631343705e-03 1.329463742359909828e-01 2.181900910578688998e-02 4.995624984454659443e-04 1.257933955833855366e-01 0.000000000000000000e+00 2.688493008699320043e-03 1.401876109308000662e-01 1.107965833185239370e-02 0.000000000000000000e+00 6.449081647440035869e-02 1.421461575635322161e-01 6.394904945477835646e-03 1.335125695281761671e-01 1.152605137490970988e-01 0.000000000000000000e+00 8.860090348516482320e-03 0.000000000000000000e+00 2.139644949474317319e-03 1.082476627031428960e-02 0.000000000000000000e+00 4.713501215308368852e-02 2.890857988577111640e-02 0.000000000000000000e+00 1.527334784564476737e-03
0.000000000000000000e+00 1.579146782185583339e-02 1.485648079295351365e-01 4.136791108788730534e-03 1.409004653005883068e-01 1.009728218769120195e-02 5.205362449588536028e-02 1.532277853184722538e-01 6.194800670540748233e-03 7.601259113836461578e-02 9.555748945712790824e-04 8.961646112059749869e-02 9.045850583457774874e-02 1.396214988811514401e-01 1.228520563826595961e-02 0.000000000000000000e+00 2.978066370136054318e-03 0.000000000000000000e+00 6.351840091449099251e-03 2.116975485603563110e-03 0.000000000000000000e+00 5.136749920767028944e-03 4.190160668733175671e-03 3.930934512242493378e-02 0.000000000000000000e+00
1.572084051768403434e-02 1.688174978131619722e-02 1.885243987788418063e-01 0.000000000000000000e+00 1.596237167036712590e-01 9.823265533720218490e-02 1.248117509057573016e-01 1.873078669576306796e-02 5.836512755468779845e-03 0.000000000000000000e+00 3.495437382868338706e-03 7.566108780755952112e-02 9.616288410824997898e-03 8.476245508770266501e-02 7.560075707970105585e-02 8.290995611614228669e-03 7.490548908587952789e-03 3.550589986471083120e-02 1.010699577467861696e-02 1.236757042605446909e-02 3.972812114813342038e-03 1.903891403328726931e-02 3.620016853105202572e-03 1.813981151263091562e-02 3.967997656156040109e-03
4.981730932799406653e-02 2.136647026381983117e-01 5.026032244907682051e-02 6.106527696169166200e-03 8.344722180720844096e-02 1.869449855467238131e-02 7.833013854061297854e-02 1.134378535449524217e-01 8.146965338508295115e-03 3.239250077947800066e-02 0.000000000000000000e+00 9.448460330885557340e-03 8.871926024189233373e-02 3.437807569219368531e-02 2.288585120744485168e-02 1.472737138511972296e-03 6.100028738380406691e-04 2.602611515995889580e-03 5.087349970644254593e-02 1.040828646751261743e-01 8.292726427835376982e-04 5.944257524927889016e-03 6.039284299325661277e-03 1.711126274623228638e-02 7.045187275287211927e-04
6.414601504154875122e-02 1.751196692404336647e-02 1.563512552581625692e-01 0.000000000000000000e+00 1.714694130924947768e-01 4.999473265395388329e-04 7.136185631107100358e-03 2.784045284760584549e-01 1.678483721330408657e-02 4.347633897105723962e-03 6.347361454565563291e-03 1.488618833468716429e-01 2.013834748798891058e-02 0.000000000000000000e+00 0.000000000000000000e+00 0.000000000000000000e+00 8.812628588763513071e-02 2.472249629339857719e-03 0.000000000000000000e+00 0.000000000000000000e+00 0.000000000000000000e+00 0.000000000000000000e+00 7.520400716171037406e-03 9.715330803058893142e-03 1.663578140044884139e-04
1.195173751488468050e-01 1.473412644199272037e-01 1.487457978532569919e-02 0.000000000000000000e+00 1.385321908021719395e-01 0.000000000000000000e+00 3.881976162509644807e-02 9.244728591476354673e-02 2.093254408147208340e-02 2.602243995005807092e-03 0.000000000000000000e+00 4.731533878670251408e-02 9.378591159839601288e-02 8.356968447074769601e-02 1.143052068732433174e-01 0.000000000000000000e+00 7.071770963006037986e-04 0.000000000000000000e+00 3.524477908508222464e-03 4.827331699587699212e-03 9.772635510308430497e-04 7.166361187025244162e-02 0.000000000000000000e+00 4.256750372621074738e-03 0.000000000000000000e+00
1.662374590828925652e-04 1.783862341605956317e-02 1.531884372268908501e-01 2.718314511787980892e-02 1.638095819121708236e-04 3.651223997754287492e-02 3.390559068436257290e-02 1.530553413859457867e-01 2.752174688904418780e-03 5.586756537155092989e-02 2.793403943531676693e-03 1.590876296352315700e-01 2.318730003729354075e-02 3.482669677317587476e-02 1.349797148319386783e-02 0.000000000000000000e+00 4.687201573360356283e-02 1.005174879896681972e-01 1.213278389904409726e-02 1.160189550864905578e-01 0.000000000000000000e+00 9.608158866679391771e-03 4.964970670612941670e-04 0.000000000000000000e+00 3.279345748943527663e-04
5.623465074119494631e-03 1.752898379747464541e-01 1.749119069744238530e-01 2.914032007368152957e-03 1.272426872312612811e-01 1.197357872560065629e-02 1.559097790772029021e-02 1.466289644965121930e-01 2.366010189890910623e-02 7.424090280695971877e-02 5.656979502390305919e-03 8.858321873424966630e-03 1.300068912382223519e-03 1.867010977342695817e-03 1.730449801512211100e-04 2.033665918919235014e-03 3.815176322202268322e-03 2.296435380160967692e-03 1.877179085388562410e-03 4.427277502328794308e-03 4.784988326205256385e-04 1.052526169269370031e-02 6.582029001103015253e-02 3.900321233502291717e-03 1.288940126778408413e-01
1.638343637533642705e-01 1.860421263118698376e-01 1.083166672454825494e-02 5.221821141557383625e-03 6.361817148130342880e-02 5.865624568010176058e-03 2.044767328564890685e-02 1.368993839948618729e-01 3.922478704860851706e-02 7.267892050276582999e-03 0.000000000000000000e+00 4.075339876038233666e-02 1.102524882611555651e-01 1.655342609382840164e-03 4.365539095588570791e-03 0.000000000000000000e+00 0.000000000000000000e+00 0.000000000000000000e+00 7.974126998602797112e-02 0.000000000000000000e+00 0.000000000000000000e+00 2.013994234420668494e-03 0.000000000000000000e+00 1.245435590872703661e-02 1.095101007842658458e-01
2.591136145782619443e-03 9.753179540535626690e-02 1.267627632818102978e-01 4.774048459952608819e-02 1.083884757938932131e-01 8.836352210945280783e-03 9.143139968373145557e-04 1.317954069960193819e-01 0.000000000000000000e+00 9.567814467941898604e-02 1.792718488667481482e-03 3.654194081807369404e-02 3.656747722310352972e-02 3.474032357337998589e-02 5.583883158876134026e-03 0.000000000000000000e+00 3.658811374816740240e-04 1.013283950863423932e-01 2.077543442428452652e-02 5.669041707915920859e-03 2.653752380995796705e-05 2.517380748393513445e-03 1.449821708593780102e-02 5.189069840880175533e-03 1.141648260732636561e-01
3.326192842587307927e-04 5.847281404661838766e-02 1.240738203537441603e-01 0.000000000000000000e+00 9.758873373433707421e-02 9.846878703659109333e-02 3.099770861117827694e-02 0.000000000000000000e+00 5.836818647125896833e-03 1.623325880368890100e-03 1.777056599127793332e-02 1.810332249146132111e-01 3.470317182116825633e-02 1.160454594907462667e-01 2.946619203305813131e-02 0.000000000000000000e+00 2.648561347367503829e-02 1.194977825833384022e-01 0.000000000000000000e+00 5.482977501212285554e-02 0.000000000000000000e+00 0.000000000000000000e+00 2.607329750283669204e-03 1.662573354937960243e-04 0.000000000000000000e+00
3.077385749575244946e-03 1.923296795453687327e-02 1.573845856303671964e-01 4.885586047845125353e-03 1.369409585767175641e-01 7.111570901797209174e-03 6.467459691068429273e-02 3.371730969113433118e-02 9.248911460129790457e-03 0.000000000000000000e+00 5.101166406820374991e-03 1.517347593184184829e-01 9.929335645948395017e-02 1.460027049383264830e-01 1.852363515098681690e-03 0.000000000000000000e+00 0.000000000000000000e+00 1.182621668809707843e-01 1.157329639871061211e-03 9.115088569671195556e-04 0.000000000000000000e+00 0.000000000000000000e+00 4.941838152213288461e-03 3.149806829251998452e-02 2.970864616522236618e-03
9.070584704404485721e-02 2.749738691421185766e-02 7.559352182176096169e-02 5.346077988546715266e-03 2.590531299252482600e-01 1.336398322751798651e-01 1.868973671413309487e-02 7.796205757793929665e-03 1.119688818613159484e-02 1.447800679668875823e-03 0.000000000000000000e+00 1.211076915087363343e-01 4.232873081254049513e-02 5.454700072176280404e-03 4.035158323900008871e-03 6.021973252938177257e-02 3.217957071820275877e-02 0.000000000000000000e+00 0.000000000000000000e+00 8.520298420679774110e-02 0.000000000000000000e+00 0.000000000000000000e+00 1.679055831328528370e-02 0.000000000000000000e+00 1.714446208259289917e-03
0.000000000000000000e+00 8.860456394973551322e-03 1.144450232114801458e-01 0.000000000000000000e+00 2.308124331611826480e-02 2.874115258296149056e-02 1.563103928881246496e-01 1.362311507432370228e-01 1.903698796208838639e-02 1.900448628370790191e-02 0.000000000000000000e+00 0.000000000000000000e+00 1.030010871542266643e-01 1.381702285013479241e-02 1.345997157087659990e-01 7.910363259963503965e-03 4.778960336834651296e-02 1.047205228973142610e-01 4.919719448009983453e-02 1.849234750064713065e-02 0.000000000000000000e+00 2.343357527033091119e-03 1.113807894802384089e-02 3.307011818219054359e-04 9.491117409310453456e-04
2.366958425279899053e-02 1.209104520173962666e-01 1.067867495752133217e-02 1.061378737976123978e-03 1.039675959641136460e-01 8.100207254879743940e-03 1.250400741053265055e-02 1.470005039164154204e-01 1.526390733745346291e-02 5.049561348562494993e-03 1.116757432958759115e-02 5.913336090350135299e-02 4.187407751624389052e-02 1.001454046690023747e-01 7.288695719963618480e-02 0.000000000000000000e+00 6.146057176771017871e-03 1.193053588110949553e-01 7.683379142480904408e-04 1.736425616404068187e-02 0.000000000000000000e+00 0.000000000000000000e+00 9.596117261495151415e-03 2.857311064323964523e-03 1.105493137924045549e-01
1.808013657222238765e-02 1.151756159798711029e-02 9.311066671179180076e-02 1.540950928583127363e-02 1.180591293801506146e-02 1.311123885384341068e-04 3.257225786179972563e-03 1.505130924637203826e-01 1.368409983170233435e-01 3.489806031721773977e-02 1.012279950418626916e-02 2.353922228078969905e-02 1.624977379471741895e-02 2.226449865479905935e-02 7.999369880331838600e-02 1.664963702357158100e-04 0.000000000000000000e+00 1.508800419868107923e-01 7.576105138110361334e-03 2.485101748913460043e-02 0.000000000000000000e+00 1.165648357630434152e-02 6.053619851418372971e-02 3.569181121641778944e-03 1.130302063872403590e-01
2.243987572980084000e-01 1.086590634825214119e-01 3.070671962535700614e-02 1.650028616366373303e-03 3.506872698829338608e-02 2.790076312033570698e-03 2.573838717344154384e-02 1.069853243772274920e-01 1.563952849121083566e-02 3.684856414926543887e-03 3.783080459919787447e-02 1.574446834674734508e-01 7.187251859004532622e-04 1.133159171934621130e-02 1.582204658579277950e-04 0.000000000000000000e+00 0.000000000000000000e+00 1.267340072681029106e-01 7.453169925138726851e-03 2.031688997914045738e-02 0.000000000000000000e+00 1.867661904999931566e-02 4.708551570369236272e-02 2.163545006617875310e-03 1.476475885014577952e-02
8.310187430816791876e-04 1.802804573069649863e-01 7.404968699200341342e-02 7.446846183518768779e-03 5.380550362759795729e-03 3.868539437802936964e-02 2.096250089012247683e-03 6.368678223313788481e-03 1.022704190186372181e-01 1.490286644079927281e-01 1.222937919001568750e-02 1.210201808079578584e-02 2.228345807399301909e-02 4.113575168796917980e-02 1.547211840615603518e-01 9.196473523959840289e-04 4.808251667636311618e-04 1.787770103603308902e-02 8.242561163823733036e-03 1.500174520302528227e-03 0.000000000000000000e+00 1.165823706506514436e-02 1.273760820748292277e-01 0.000000000000000000e+00 2.303501482113853860e-02
0.000000000000000000e+00 7.693044140124256393e-03 9.953750137560037070e-02 4.907569284781617205e-03 1.442873707511146790e-02 1.176624556802806712e-02 1.473929117765515051e-01 3.224149546345411732e-02 1.013900966688989769e-01 0.000000000000000000e+00 2.366243493864114613e-03 1.260666470889761359e-01 1.561901864438319243e-01 1.889896559990754399e-02 1.196928903161381952e-01 0.000000000000000000e+00 5.957627432647363309e-03 0.000000000000000000e+00 2.879457271894804438e-02 1.743736646409625116e-03 1.757610156517392091e-03 0.000000000000000000e+00 1.100663702633655067e-01 5.180647403381827970e-03 3.926901083462027223e-03
3.617465816293360947e-02 1.340617585297114722e-01 1.326740526202207782e-01 1.107227395116496330e-02 5.060636442810842114e-03 3.577227249616412707e-03 6.176077428050705427e-03 1.872912261830944267e-02 1.477288405121064945e-03 6.658261260895370626e-02 0.000000000000000000e+00 1.073947950437681709e-01 3.114280854874407894e-02 2.863753256663664846e-03 4.922495305318880026e-04 2.833601329450657121e-03 1.919470163262972096e-03 7.677519744384764255e-02 1.765100514150377484e-02 1.029991571159205588e-01 6.482158996573216328e-03 2.194813822443473714e-02 1.620384947320180347e-01 2.339670281682130690e-02 2.647675963956641274e-02
0.000000000000000000e+00 0.000000000000000000e+00 2.047620829427855907e-02 1.665692194425263354e-04 2.559369636360174782e-01 0.000000000000000000e+00 0.000000000000000000e+00 1.346105434985701010e-01 1.987595555756587959e-02 0.000000000000000000e+00 1.653724451682848538e-03 2.053734787009917351e-01 3.964345674637501094e-02 1.070971788201998676e-01 1.212473451957656045e-01 1.592678843690819787e-02 2.327770261620078218e-02 9.067326962369391327e-04 1.554167230732035436e-03 4.915130654108570236e-04 0.000000000000000000e+00 2.142579441685222089e-02 2.603992138276968720e-03 1.134469845479559383e-02 1.638718682369678936e-02
8.736190472044093325e-02 2.555163374621055583e-01 1.318165683084353557e-01 1.031044323473855051e-02 5.599409204114819301e-03 9.408741584679450320e-02 6.653432298779110750e-04 8.319207635558772615e-03 1.156904746378431721e-02 9.688806072743413617e-04 0.000000000000000000e+00 1.409355273716232926e-01 2.080785238655696520e-02 2.583108009805987204e-02 1.341847784041727831e-01 0.000000000000000000e+00 0.000000000000000000e+00 7.875406427224547132e-03 4.993497573783579196e-03 1.102902945515895489e-02 4.202924831309692334e-03 1.486130413952839024e-03 2.565772195168445485e-02 1.156560281459700738e-02 5.215890558750980316e-03
1.204106314230700761e-02 8.141771056899400894e-02 4.297618236008176121e-03 9.169901966346807876e-02 1.409830170965659379e-01 0.000000000000000000e+00 1.626102930298573696e-02 1.357045779179421319e-01 1.261721774946506641e-03 1.131828495765136279e-03 0.000000000000000000e+00 1.519294820883894670e-01 1.027288031351091396e-01 4.957671822362212655e-02 1.172611334085189028e-01 0.000000000000000000e+00 6.398054764831326117e-03 6.222605700654360028e-03 7.226318729370756304e-03 5.514768059231358287e-03 4.682454452965281559e-03 2.196474277607686140e-02 3.748736748152609738e-02 4.209964980721604688e-03 0.000000000000000000e+00
1.216129654460259071e-02 1.383318500365747217e-01 4.224366478672956365e-02 4.181626522853005602e-03 1.347128165058694427e-01 1.651982632592468832e-03 2.083403770138623767e-01 3.344914324530975924e-02 9.634995821575479888e-03 1.793739802818672749e-02 7.381438391194409913e-03 1.034551477301294542e-02 4.020009392231514017e-02 4.130191380932475738e-03 1.167491610959846549e-01 0.000000000000000000e+00 4.495132907613273374e-03 1.771798808592111663e-03 1.797511130024084455e-02 4.776101124921610513e-02 1.969294437478856866e-03 8.194678141921271771e-04 1.316751143627780951e-01 1.191494869775373659e-02 1.665697205391387546e-04
0.000000000000000000e+00 1.441249309433525194e-01 1.311199314612790379e-01 6.471117249129233057e-03 1.306238841684320973e-01 9.587877468235511680e-02 4.623196738279662654e-03 3.067049018760284809e-02 3.955432711294558021e-03 4.027175884988540983e-02 1.155657664186525088e-02 8.983833781788216899e-02 1.672058170162160975e-02 2.514248596066790548e-02 0.000000000000000000e+00 1.581334155496330217e-03 6.120681317705709695e-02 3.480938210414369349e-02 6.722439504582329237e-03 1.452846195746159558e-02 2.000755452850309663e-03 2.982322657923879797e-03 3.913097256167991783e-02 1.060400193151573717e-01 0.000000000000000000e+00
7.577948664949975266e-02 1.310910836862924644e-01 1.165452052755738821e-01 2.138387855882957142e-02 1.160019422927996563e-01 3.693095869908167433e-02 3.242319470704443929e-02 4.552539745968678386e-02 2.422831830470487113e-02 3.505273955053329893e-02 0.000000000000000000e+00 1.601886263665141044e-02 8.312895412074231992e-04 1.131548087880611050e-02 1.094245189763013160e-01 0.000000000000000000e+00 5.847983316125743812e-03 1.101650790771565224e-03 1.864712824250149351e-02 1.596764276132440000e-02 7.719743141763431770e-04 4.459248960208034469e-03 8.070413583843659422e-03 5.737132455989869817e-02 1.152102762541374475e-01
1.292617932576268502e-01 2.389473687083795705e-01 7.010289441949142490e-03 2.382700505261935511e-02 5.593754503520786091e-03 3.131493639553639273e-04 2.110281155066707007e-02 1.269708881683633828e-01 5.248405489182791234e-02 8.100163975398652627e-02 0.000000000000000000e+00 1.786281479754347201e-01 4.053236978437816523e-02 0.000000000000000000e+00 1.569040383255943666e-02 0.000000000000000000e+00 1.750479977646702753e-02 1.654684752737491983e-04 3.744494654148867313e-02 2.643680950422423303e-03 0.000000000000000000e+00 0.000000000000000000e+00 7.885759217190225221e-04 0.000000000000000000e+00 2.008885204936079749e-02
1.327851838045248679e-02 7.019585771404365793e-02 1.413241227449749671e-01 0.000000000000000000e+00 1.539517785987332410e-01 2.127939931900351689e-01 9.302026508112468464e-03 2.105993445085644483e-02 1.641033463438534498e-02 1.458998517165188474e-03 3.158572605910943409e-02 1.558157426338494661e-02 2.000269641777604676e-02 9.614979249574488740e-02 3.272534521828094744e-03 0.000000000000000000e+00 2.187622376637474424e-03 0.000000000000000000e+00 3.289519203157568322e-04 7.058136411696297463e-02 2.243081487548016350e-03 2.118886629152777479e-02 4.218778145893208389e-03 9.021983996196714095e-02 2.663607202545330895e-03
2.028053198825709169e-02 4.734107552081937877e-03 9.800416964539905573e-03 8.159454680738809085e-02 7.093529540966324320e-02 4.318030906241483377e-03 4.249658420564696865e-02 9.214702101898757103e-02 2.163963006320108323e-02 6.667857966556391125e-02 0.000000000000000000e+00 1.926086531250391920e-01 0.000000000000000000e+00 5.806252300912635722e-02 6.677125581152529299e-02 0.000000000000000000e+00 0.000000000000000000e+00 0.000000000000000000e+00 9.899424083584908510e-04 1.028668421743936245e-01 7.617812561171197032e-03 2.686445417281681583e-02 1.058545378833989498e-01 1.689668347625297024e-02 6.842550796345645003e-03
1.250942696090839579e-01 9.603268272924024573e-02 6.906731313005863571e-02 0.000000000000000000e+00 1.465669601033094682e-01 4.984500183862584227e-02 1.107458080318114435e-01 6.218083900644258075e-03 2.483634069127945571e-02 1.296048181694305634e-01 6.974949938996458532e-04 0.000000000000000000e+00 3.006250885742707893e-02 1.253697215695521658e-02 3.714473858209930458e-03 0.000000000000000000e+00 4.258771282539065839e-02 0.000000000000000000e+00 0.000000000000000000e+00 2.870706970410001266e-02 2.307813907506053516e-03 3.659533481902456278e-03 1.133502484847689340e-01 1.437532261130400552e-03 2.927361265225799074e-03
7.386547788131356436e-03 1.226250254229548781e-01 6.655031834195569013e-03 3.442034323413292306e-03 1.327562835082878867e-01 5.917649335149082618e-02 1.604480760971019326e-01 1.234167962437576205e-01 2.409980921795827624e-02 9.983506664336333838e-03 1.054172607388387337e-03 2.495845787863668064e-01 2.719935244290381735e-02 3.266553518321877597e-02 1.532444466723804563e-03 0.000000000000000000e+00 0.000000000000000000e+00 1.324542787698313427e-03 0.000000000000000000e+00 7.329482090205311114e-03 0.000000000000000000e+00 4.879935123449080994e-03 1.322961201122309534e-02 8.835652746086986725e-03 2.375087303107542222e-03
9.446849729856250655e-02 1.873376892584410758e-02 5.862135972786730598e-02 1.401308393097826753e-02 2.038107899658800348e-02 1.151322080700805106e-01 1.219392662402613570e-01 9.575262106638081361e-03 4.989502342453155069e-03 6.520825529138618570e-02 5.731334715491304480e-04 1.557578212917805349e-01 4.303110362079264062e-02 1.699720312923213433e-03 2.209603022187337992e-02 1.528355924131014672e-04 1.614691356371717595e-02 9.272080637785112822e-02 4.281458811010774301e-02 8.159757282916255128e-02 3.150670987492062893e-03 4.319815917791793264e-04 6.010654997162557210e-03 0.000000000000000000e+00 1.075388410073611391e-02
8.324971075851093222e-03 1.488767390372330024e-01 6.999580609255853791e-02 1.800547548476761836e-02 1.741104745130220011e-01 1.373145137568872742e-01 2.404903654045878990e-03 7.442566779277819643e-03 8.408154092754039841e-03 1.071446472844230120e-02 0.000000000000000000e+00 2.696581671503666539e-02 1.241832679299710931e-02 4.523230238680586018e-02 8.578672095718632706e-02 4.003193660150903611e-04 2.949455250075332449e-02 5.808205087272517650e-03 7.126564537851059859e-03 1.849928153267056327e-02 9.465424702353985795e-03 6.810413623774980857e-03 7.051806154451166139e-03 1.322754895473620962e-01 2.706670688062978725e-02
1.173397903830411398e-01 3.899058793341468425e-03 0.000000000000000000e+00 9.968252289443472157e-04 1.586841709831686431e-01 1.181153863507820451e-01 4.347963698980223529e-02 1.048663097276299541e-02 2.367592761049127845e-02 8.788098037909398974e-02 9.978071997355608506e-04 1.451347724697987229e-01 6.139863422419076372e-02 1.457274228703457457e-02 1.624548021468569248e-01 4.829845696370479221e-04 8.762964094430072959e-03 0.000000000000000000e+00 2.928412511168321242e-02 5.073304338722529026e-03 0.000000000000000000e+00 2.579377895831794047e-03 0.000000000000000000e+00 4.843149410684269730e-04 4.215763029582155277e-03
0.000000000000000000e+00 2.106869304813968613e-02 1.332493224759383754e-01 2.404082288785463085e-03 1.398844006000625195e-01 1.216554129723645961e-01 1.662816424517762697e-04 0.000000000000000000e+00 1.645819288898009783e-02 7.841072555261027408e-03 0.000000000000000000e+00 2.100458113630497836e-01 7.607440616876594286e-02 2.396902926731268521e-02 2.695126788874672302e-02 5.929694956717784966e-03 4.789434719463829537e-02 2.983473988905933211e-02 8.143188516952197531e-02 3.121483880364749400e-02 0.000000000000000000e+00 3.364619656301309856e-03 0.000000000000000000e+00 7.115250547016997718e-03 1.344665062323825711e-02
1.366112488576162048e-02 1.407735643828903760e-01 2.481717478934199195e-02 1.037187841153496210e-03 2.912538925106214482e-02 5.746370541821946461e-03 1.293966984382263485e-01 1.008083444979905180e-01 2.623020479015217288e-02 1.230003981588410032e-02 2.367325655833626974e-02 5.489397006813694080e-02 1.134221290538754527e-02 9.884390601425931469e-03 1.359761429459833450e-02 7.818558806386674206e-03 5.525527575655828777e-02 1.800354080961990566e-01 5.214716819117520830e-02 3.509458108992591016e-03 1.777821038089704526e-03 6.814999081551181837e-02 1.568939102817201682e-03 1.477686796890757565e-03 3.097214962520888903e-02
0.000000000000000000e+00 6.603869069428272565e-02 1.339627689654127596e-01 2.958140950798942778e-03 3.097737115281794518e-01 7.650719190243345652e-03 0.000000000000000000e+00 1.538077211320401927e-01 0.000000000000000000e+00 2.913779616943601696e-03 9.842211263511268377e-03 3.334101512527536809e-02 3.660520395057659943e-02 5.125576841647054571e-02 4.985293955462956166e-03 2.227565387430521619e-03 0.000000000000000000e+00 1.268932486144476110e-02 7.027375390670670061e-03 1.030248597067028211e-02 1.320899134406127665e-03 1.517044807635024688e-02 1.056399447497527455e-01 2.962971395104221570e-02 2.857217689034713404e-03
1.534849901509927755e-02 7.190224367589079235e-03 1.870620657077449317e-02 0.000000000000000000e+00 1.341623068447011513e-01 9.880884671675245305e-04 4.822090561804359687e-02 1.353655357621457410e-02 3.486073882472780910e-02 7.888202779210247428e-02 6.089273106928219399e-04 6.071253216549438864e-02 5.290570404018964806e-02 2.172449370095234228e-02 1.145548986964049776e-01 1.527965208176647305e-04 1.152253308085836037e-01 2.705859860414807500e-02 4.626295673553025415e-04 1.087407376682335697e-01 0.000000000000000000e+00 3.704158080428235941e-04 7.587878672075965003e-02 6.676543371440078756e-02 2.943163597504228762e-03
6.345244258133063420e-03 1.453771287117897786e-03 6.700743335207677044e-03 3.112227918592408438e-02 1.330636728818972436e-01 1.080233936776363313e-01 1.087356147155448954e-01 0.000000000000000000e+00 2.630653427524194329e-02 1.121794372058542849e-01 8.107040371889722612e-04 2.638848667156548818e-03 7.814324547740654492e-02 4.517931054668453822e-02 3.573808642549865938e-02 0.000000000000000000e+00 2.744480222842053327e-02 1.120412387759256445e-01 4.872594973810631799e-04 0.000000000000000000e+00 0.000000000000000000e+00 5.971649251396539751e-03 2.794278547120096143e-02 1.169321843206575923e-01 1.273919447852483663e-02
0.000000000000000000e+00 6.901645338667139473e-02 1.390158053259030468e-01 2.470747342037208152e-03 5.357902221301128615e-02 0.000000000000000000e+00 4.074404772167301153e-02 1.497628396919937488e-01 3.255330371523949048e-04 1.472642745186126569e-02 0.000000000000000000e+00 1.404584293643829918e-01 8.013279291313719910e-02 7.431063390793996026e-02 2.438278182766851279e-02 6.638253710245235447e-04 0.000000000000000000e+00 0.000000000000000000e+00 5.417536248061416600e-03 1.494210070497642602e-03 9.496337875840111034e-03 6.195559823552584944e-02 1.148607529046952319e-01 3.276469888084403061e-03 1.390975522283882139e-02
1.201125029167573743e-01 1.222934174517212452e-01 1.772179592435112194e-01 2.808737534358817130e-03 1.388778689441414471e-01 8.293072603942632307e-03 7.149714779545504259e-03 2.136486184595630389e-03 6.637905864097889963e-03 5.224499507199836454e-03 0.000000000000000000e+00 7.274094932176053407e-02 1.077527607863991155e-01 3.577731197548959985e-06 3.624616247973758837e-02 0.000000000000000000e+00 2.633240127147822018e-02 0.000000000000000000e+00 2.474182027614832305e-04 1.662319149066685681e-02 1.814318442369673105e-03 4.980164674065945887e-03 7.977217404118658664e-03 3.329095158071866700e-04 1.341967636497655436e-01
