1.607105996598720832e-01 8.833560243988190785e-02 0.000000000000000000e+00 3.977961535549118244e-02 0.000000000000000000e+00 1.456421197256380917e-01 0.000000000000000000e+00 3.782715063426473462e-04 4.618419068661791874e-03 8.132344603621585732e-02 0.000000000000000000e+00 0.000000000000000000e+00 8.583525735140035487e-03 1.238686839602447104e-01 0.000000000000000000e+00 0.000000000000000000e+00 0.000000000000000000e+00 1.518741200995247509e-01 3.081423868075557765e-02 1.640713577322315542e-01
5.442219959892792558e-02 0.000000000000000000e+00 4.301946465364202971e-02 2.963253314288893936e-01 0.000000000000000000e+00 2.058813560030103018e-01 0.000000000000000000e+00 0.000000000000000000e+00 1.655668491506756823e-01 4.604765894800475629e-02 0.000000000000000000e+00 0.000000000000000000e+00 0.000000000000000000e+00 0.000000000000000000e+00 1.654375319963326957e-02 0.000000000000000000e+00 0.000000000000000000e+00 1.076725670135290774e-01 6.452082000368752901e-02 0.000000000000000000e+00
3.910295840772078091e-02 1.154056111834834697e-01 0.000000000000000000e+00 2.924556709939276078e-01 4.424899528336647542e-02 1.492465457881360646e-01 5.154881006991681586e-02 1.451963079854019355e-03 1.710110936124925596e-01 0.000000000000000000e+00 0.000000000000000000e+00 0.000000000000000000e+00 3.348044963136332080e-03 1.069286022264416269e-01 1.148164454485718286e-02 0.000000000000000000e+00 0.000000000000000000e+00 0.000000000000000000e+00 0.000000000000000000e+00 1.377005984666707789e-02
4.143169023082138996e-02 1.127613260173122023e-01 0.000000000000000000e+00 1.581094965329855884e-01 0.000000000000000000e+00 0.000000000000000000e+00 0.000000000000000000e+00 0.000000000000000000e+00 1.723259753368555358e-01 1.416193391745727836e-01 6.800078798754015386e-02 4.314536050761033290e-03 1.098763993937834776e-01 0.000000000000000000e+00 0.000000000000000000e+00 0.000000000000000000e+00 3.807085662463495501e-02 1.481148974777871385e-01 0.000000000000000000e+00 5.374695172946004386e-03
5.135857030520524918e-02 0.000000000000000000e+00 0.000000000000000000e+00 2.015918401528002390e-01 2.568646734934740272e-02 1.340644518922706474e-01 0.000000000000000000e+00 2.410279352839285807e-02 0.000000000000000000e+00 1.283453355564288245e-01 1.054212739802791177e-01 0.000000000000000000e+00 0.000000000000000000e+00 1.934622981370208439e-01 0.000000000000000000e+00 0.000000000000000000e+00 0.000000000000000000e+00 7.566476215447958883e-03 1.215773860166557002e-01 6.823106866150975384e-03
1.357931968468532868e-01 6.809836034290207840e-02 1.191234363844158144e-02 2.770295571372488261e-02 2.125389322491792743e-01 3.961098754021184082e-02 1.380514874250220181e-02 1.064886972285724459e-01 1.340158657411619492e-01 1.312103397920629244e-01 0.000000000000000000e+00 2.399742733209322965e-02 0.000000000000000000e+00 1.973824010172183993e-02 1.008238511961339831e-02 8.986307225787210778e-03 0.000000000000000000e+00 1.256180271922689891e-02 3.125725697873657505e-02 1.219975268720822209e-02
1.578758635318576187e-01 1.352542119637741569e-01 0.000000000000000000e+00 1.029004933996288812e-01 1.030487780027956012e-02 1.430159824976376670e-01 5.171195079314869908e-02 8.350159146712901603e-03 1.743437869386041394e-01 1.318372434347289679e-01 3.787288913839038235e-02 2.239848981914164400e-02 0.000000000000000000e+00 0.000000000000000000e+00 0.000000000000000000e+00 0.000000000000000000e+00 0.000000000000000000e+00 2.413405153609532450e-02 0.000000000000000000e+00 0.000000000000000000e+00
1.545556480569719449e-01 1.013488917504718617e-01 2.007535657242264654e-02 1.341544787122371518e-01 1.475710709225671879e-01 6.945680341356678944e-02 0.000000000000000000e+00 5.643796609919426131e-03 3.210333426714089833e-01 0.000000000000000000e+00 0.000000000000000000e+00 2.106983700849330080e-02 0.000000000000000000e+00 1.272218505322261339e-03 0.000000000000000000e+00 0.000000000000000000e+00 0.000000000000000000e+00 1.885065958865762142e-02 4.967896187960854637e-03 0.000000000000000000e+00
5.497592139145824133e-03 4.831118504580611539e-02 0.000000000000000000e+00 2.721527028806077220e-01 8.961336779635922095e-03 1.225233207934176699e-01 2.743376291890510521e-02 0.000000000000000000e+00 1.623815086484978465e-01 1.268515456632728911e-01 2.072209802011158730e-02 1.452131183012431992e-01 0.000000000000000000e+00 0.000000000000000000e+00 3.307891849879511514e-02 4.498377221087844664e-03 0.000000000000000000e+00 0.000000000000000000e+00 2.237453308947316005e-02 0.000000000000000000e+00
1.837916855569113606e-01 1.226545147536442643e-01 8.831610723440824762e-02 1.318981713032485736e-01 0.000000000000000000e+00 3.347762652508526338e-02 3.928845596012713048e-02 9.893449068246806810e-02 1.060416394190369805e-03 1.026445159983518755e-02 0.000000000000000000e+00 4.739768450556508528e-02 0.000000000000000000e+00 9.235782672077769151e-02 0.000000000000000000e+00 3.306952531965490216e-02 0.000000000000000000e+00 2.520687070481765837e-02 0.000000000000000000e+00 9.228217273926618558e-02
1.918473197209387693e-01 9.907093882956130582e-02 0.000000000000000000e+00 1.113211563377028424e-01 6.366033270624310569e-02 7.377148960196919236e-02 1.975930784529810347e-03 0.000000000000000000e+00 1.959443471772949197e-01 7.730575806896106128e-02 2.285996539487400100e-02 5.507866179995627061e-03 2.266145894604721170e-02 0.000000000000000000e+00 0.000000000000000000e+00 0.000000000000000000e+00 1.154229297510369484e-02 1.188247874573691437e-01 3.706355819409328737e-03 0.000000000000000000e+00
1.044647797398685768e-01 1.038188567353659497e-01 2.955422474982557710e-03 1.252455946273050291e-01 0.000000000000000000e+00 2.523798908656506648e-03 3.452327179933299683e-02 8.782004181001459853e-02 1.250464223916309195e-02 1.290592373926106318e-01 2.084083591273553152e-02 1.239564586477079899e-01 0.000000000000000000e+00 0.000000000000000000e+00 9.420200345467892589e-02 0.000000000000000000e+00 5.930741405939204784e-03 1.139126848824952853e-01 1.061434609329746153e-03 3.718019535981347684e-02
7.947684741690523580e-02 1.369613739744988401e-01 0.000000000000000000e+00 0.000000000000000000e+00 0.000000000000000000e+00 0.000000000000000000e+00 0.000000000000000000e+00 0.000000000000000000e+00 1.873626807622463808e-01 1.418821689268330299e-01 1.533349734241012952e-02 2.550139062734539941e-01 0.000000000000000000e+00 0.000000000000000000e+00 3.818804760776606244e-02 1.457814776958863134e-01 0.000000000000000000e+00 0.000000000000000000e+00 0.000000000000000000e+00 0.000000000000000000e+00
1.815691055306304369e-01 1.159801392700691297e-01 0.000000000000000000e+00 1.661195934937537144e-02 2.240036111613380801e-02 1.821300943004494077e-01 0.000000000000000000e+00 9.028494294649827556e-02 2.177946741177925333e-02 6.335289218678531904e-03 1.061911883355930591e-01 6.987706288439560209e-02 1.145988111828992045e-01 0.000000000000000000e+00 3.954792281953630612e-02 3.269365563396159358e-02 0.000000000000000000e+00 0.000000000000000000e+00 0.000000000000000000e+00 0.000000000000000000e+00
1.415866677634737003e-01 6.371866147633568900e-02 6.549699119441133865e-02 1.511119151200026045e-01 0.000000000000000000e+00 1.518711528900264229e-01 0.000000000000000000e+00 4.532011517793797101e-02 1.690102394775771233e-01 5.441848900362038222e-02 3.323127517439034700e-02 5.348100695192685265e-03 0.000000000000000000e+00 9.731682183293526023e-02 1.361658394353865327e-02 3.095194416266631304e-03 0.000000000000000000e+00 0.000000000000000000e+00 0.000000000000000000e+00 4.857791834291178869e-03
1.267710497032921348e-03 1.411916514310365967e-01 0.000000000000000000e+00 1.465720424465568883e-01 1.041917658646990957e-02 1.562345799518934097e-01 2.555704534813968073e-02 3.280523324769072518e-02 3.864414089745819110e-04 6.927374125731509957e-02 2.061553148715184469e-01 1.189878837833344138e-01 4.820994933204645824e-03 3.308588533898888535e-03 3.758932116992970418e-02 0.000000000000000000e+00 0.000000000000000000e+00 1.208559199375774593e-02 0.000000000000000000e+00 3.334468253924622455e-02
5.634940189772844055e-02 0.000000000000000000e+00 4.072889270774751602e-02 2.787241236225292129e-02 8.993407744640050105e-02 2.049502300876159255e-01 8.653852296796854526e-02 4.055593651833255472e-03 0.000000000000000000e+00 9.672053665331901973e-02 1.080300793279861116e-01 1.472205198143854976e-01 0.000000000000000000e+00 1.089249517633569392e-01 0.000000000000000000e+00 2.867478131940531805e-02 0.000000000000000000e+00 0.000000000000000000e+00 0.000000000000000000e+00 0.000000000000000000e+00
1.210137975041447184e-01 1.418365172219119841e-01 0.000000000000000000e+00 4.666024161181301332e-03 2.333798499674949109e-02 5.693779068687894289e-03 4.301017652735556612e-02 1.421820733288133021e-01 3.022385279925851945e-02 6.548802918116290728e-02 1.565297139304076823e-02 1.398853389219793797e-01 1.317353757050031791e-02 1.254453871245332641e-01 5.161043852760056720e-03 1.998500577886561796e-02 5.053060808972155600e-03 9.823142020129104965e-03 0.000000000000000000e+00 8.836827773995367674e-02
2.414032508475134550e-02 1.625426538186756226e-02 0.000000000000000000e+00 3.923674290659404651e-01 4.809087823161299624e-02 0.000000000000000000e+00 0.000000000000000000e+00 0.000000000000000000e+00 1.663132064091185081e-01 1.293564868959029279e-01 0.000000000000000000e+00 4.145932681667412190e-02 0.000000000000000000e+00 7.151429798593449128e-03 0.000000000000000000e+00 0.000000000000000000e+00 0.000000000000000000e+00 1.303305621231364009e-01 4.453609019240227507e-02 0.000000000000000000e+00
1.468186926355851962e-01 1.483539305113665552e-01 7.731256062269452334e-02 0.000000000000000000e+00 7.303317831324167416e-04 1.003495455359456889e-01 7.858094489847146369e-02 1.322549304635625700e-01 1.772894735682264142e-03 8.615100134745560731e-03 0.000000000000000000e+00 4.209718551406069209e-02 0.000000000000000000e+00 4.421357192553278942e-02 0.000000000000000000e+00 0.000000000000000000e+00 1.305491854718579883e-02 6.459766951550505176e-02 1.482604471168609203e-02 1.264216784648433956e-01
