0.000000000000000000e+00 1.166537517010360903e-01 0.000000000000000000e+00 0.000000000000000000e+00 0.000000000000000000e+00 6.682965486352655804e-02 9.888000669769785728e-03 2.152721027908183378e-03 1.928191965912186834e-01 1.538003271726500962e-02 0.000000000000000000e+00 0.000000000000000000e+00 3.254290033089780876e-03 2.932145658210580375e-02 1.683074645797592861e-01 1.390591872967426312e-01 0.000000000000000000e+00 1.169171382214923144e-01 4.109818550402944901e-03 1.353072871656831044e-01
1.198161631623747975e-01 0.000000000000000000e+00 1.087150287040804797e-01 4.375082227998508544e-02 0.000000000000000000e+00 4.252313908314723362e-02 0.000000000000000000e+00 1.354538190148496246e-01 7.831687414382670909e-02 8.142305022137025228e-02 1.117860922652556301e-02 1.556881380576865259e-01 0.000000000000000000e+00 2.038103723423431365e-02 2.868555956478082911e-02 0.000000000000000000e+00 0.000000000000000000e+00 1.868968169610502397e-02 0.000000000000000000e+00 1.553780776110334771e-01
1.201499314359805691e-02 1.599554655794735436e-01 5.384521751870601641e-02 0.000000000000000000e+00 2.635545351016300164e-01 0.000000000000000000e+00 1.744826888579148472e-02 0.000000000000000000e+00 1.433644287050509225e-01 0.000000000000000000e+00 0.000000000000000000e+00 0.000000000000000000e+00 0.000000000000000000e+00 8.951545978415943738e-02 1.766577348039320011e-02 0.000000000000000000e+00 0.000000000000000000e+00 9.057703572764864985e-02 0.000000000000000000e+00 1.520588220735486773e-01
0.000000000000000000e+00 1.201327202037696072e-02 9.261857405153654799e-02 1.528140089926050549e-01 0.000000000000000000e+00 5.074241835359974070e-03 0.000000000000000000e+00 0.000000000000000000e+00 1.504456511295421961e-01 0.000000000000000000e+00 0.000000000000000000e+00 1.695847450842271342e-01 8.888701294945357267e-02 5.129632065294443752e-03 0.000000000000000000e+00 4.264986937220834745e-02 0.000000000000000000e+00 1.234699132116852255e-01 3.050487372024928215e-02 1.268082055674613351e-01
0.000000000000000000e+00 1.009268739164552869e-01 0.000000000000000000e+00 0.000000000000000000e+00 2.934713076696654488e-02 3.877361547813187870e-02 0.000000000000000000e+00 1.742825346145368270e-01 1.446539605615202416e-02 0.000000000000000000e+00 0.000000000000000000e+00 0.000000000000000000e+00 1.409025068425814875e-01 1.469079147753773740e-01 5.487282095839114693e-02 0.000000000000000000e+00 0.000000000000000000e+00 0.000000000000000000e+00 1.528887619781353069e-01 1.466324446132722392e-01
9.954721823392814750e-02 1.574603766772387226e-01 0.000000000000000000e+00 8.850962322816090244e-03 3.386247878919568938e-02 1.117910366253407027e-02 3.938056965083234356e-03 2.117033420526351524e-03 2.909709177470700681e-01 3.043236241967897313e-02 0.000000000000000000e+00 1.342164280628582174e-01 5.471806450051989318e-02 4.248885206147073358e-03 0.000000000000000000e+00 1.245124929776377648e-01 0.000000000000000000e+00 1.350509417486744912e-02 3.044052483989819965e-02 0.000000000000000000e+00
0.000000000000000000e+00 0.000000000000000000e+00 0.000000000000000000e+00 0.000000000000000000e+00 5.748388600700447826e-02 1.593818455155839031e-01 0.000000000000000000e+00 1.315521916368981442e-02 1.667855877161248390e-01 4.773294946975084260e-03 1.020523913190263948e-01 0.000000000000000000e+00 1.495186080639418665e-02 1.325216234454860142e-01 0.000000000000000000e+00 0.000000000000000000e+00 0.000000000000000000e+00 1.612089628073810343e-01 1.876853282723341121e-01 0.000000000000000000e+00
6.783038753028733901e-03 0.000000000000000000e+00 0.000000000000000000e+00 1.186364743877779820e-01 9.841294427561227132e-02 4.941059116048394234e-02 0.000000000000000000e+00 1.420303414044781776e-01 1.603470558975780835e-01 0.000000000000000000e+00 1.453382142090762011e-02 1.679407327585083487e-01 4.854723364353236842e-02 0.000000000000000000e+00 0.000000000000000000e+00 0.000000000000000000e+00 1.071776112004121581e-02 4.125772744568353273e-02 1.413822777323677782e-01 0.000000000000000000e+00
0.000000000000000000e+00 7.357113944463620353e-03 0.000000000000000000e+00 1.806750150679310440e-01 1.437702898454451539e-01 1.529211086764639405e-01 0.000000000000000000e+00 0.000000000000000000e+00 0.000000000000000000e+00 0.000000000000000000e+00 0.000000000000000000e+00 0.000000000000000000e+00 1.256460107247192315e-01 1.845662653023628225e-02 1.703198036987608466e-01 5.059024909114633040e-02 0.000000000000000000e+00 1.300196647826281637e-01 2.024411763820545274e-02 0.000000000000000000e+00
1.977759612602139616e-02 1.317574242495821446e-01 0.000000000000000000e+00 4.001232493461230610e-02 1.387189717327999838e-01 3.113716567731411936e-02 0.000000000000000000e+00 0.000000000000000000e+00 1.372974527871352324e-01 0.000000000000000000e+00 0.000000000000000000e+00 2.322242325798765661e-01 6.918117473815247991e-03 4.724768186006197968e-02 0.000000000000000000e+00 6.514064628005444835e-02 0.000000000000000000e+00 0.000000000000000000e+00 0.000000000000000000e+00 1.497683862987266024e-01
7.864707198992063053e-02 1.774089194054192381e-02 0.000000000000000000e+00 0.000000000000000000e+00 0.000000000000000000e+00 1.616013460601788410e-01 0.000000000000000000e+00 0.000000000000000000e+00 1.655401968711578409e-01 0.000000000000000000e+00 0.000000000000000000e+00 7.081269070535282928e-02 2.440944935658740933e-01 1.978871668961531063e-02 1.577660275186655026e-01 0.000000000000000000e+00 7.131184922020475381e-02 0.000000000000000000e+00 1.269671543848843731e-02 0.000000000000000000e+00
0.000000000000000000e+00 2.596397835749976457e-02 0.000000000000000000e+00 0.000000000000000000e+00 0.000000000000000000e+00 2.051270081370982767e-01 0.000000000000000000e+00 1.108628115664102298e-01 1.889867826994065525e-02 1.532256424732292011e-01 0.000000000000000000e+00 4.297783133668538376e-03 1.317308987052571989e-01 0.000000000000000000e+00 8.562360049605803602e-02 1.434483207377915681e-01 5.962368065954117696e-02 0.000000000000000000e+00 0.000000000000000000e+00 6.119759746350544177e-02
0.000000000000000000e+00 1.241330921881997756e-01 0.000000000000000000e+00 3.483224013890565823e-02 3.629853485531199520e-02 1.442433708320756403e-01 0.000000000000000000e+00 2.121670004848101240e-02 2.914729028399687949e-01 3.024873572667939083e-03 6.357339214580037812e-02 1.429488929980226863e-01 1.462019809357571927e-02 9.300323685320995362e-03 0.000000000000000000e+00 0.000000000000000000e+00 1.082827264478375684e-01 6.052752153831887118e-03 0.000000000000000000e+00 0.000000000000000000e+00
5.306184147257659439e-02 3.362187018233629698e-02 0.000000000000000000e+00 7.947093999586206381e-02 0.000000000000000000e+00 1.480547221566854976e-01 0.000000000000000000e+00 1.433957064532172254e-01 0.000000000000000000e+00 0.000000000000000000e+00 3.542439962337582543e-02 1.257773530148152130e-01 2.226457350933394030e-01 0.000000000000000000e+00 1.467649641596577292e-01 1.178246784813418747e-02 0.000000000000000000e+00 0.000000000000000000e+00 0.000000000000000000e+00 0.000000000000000000e+00
0.000000000000000000e+00 1.426966414133300914e-02 0.000000000000000000e+00 1.288189983985647824e-01 0.000000000000000000e+00 5.421275384912319778e-02 0.000000000000000000e+00 0.000000000000000000e+00 1.437427924709325788e-01 0.000000000000000000e+00 2.370355740733334771e-02 1.510183018279315573e-02 0.000000000000000000e+00 1.343068259991990476e-01 1.585081262035817062e-01 1.522184737444794156e-01 2.768123326338841825e-02 0.000000000000000000e+00 0.000000000000000000e+00 1.474357443392712574e-01
0.000000000000000000e+00 0.000000000000000000e+00 0.000000000000000000e+00 3.242890842575835708e-01 0.000000000000000000e+00 1.706367717243199578e-01 0.000000000000000000e+00 1.415213941278171128e-01 3.532251463644288901e-03 0.000000000000000000e+00 0.000000000000000000e+00 0.000000000000000000e+00 1.882265738266163391e-01 0.000000000000000000e+00 1.547505772765156717e-01 0.000000000000000000e+00 0.000000000000000000e+00 1.032326220172728216e-02 5.636075472618233551e-03 1.084009649157504371e-03
1.208173264140229713e-01 0.000000000000000000e+00 0.000000000000000000e+00 1.496783730746797381e-01 1.228854436280614644e-02 2.545305884433563537e-01 0.000000000000000000e+00 1.331013409733591835e-01 5.207892151217234644e-02 0.000000000000000000e+00 0.000000000000000000e+00 0.000000000000000000e+00 0.000000000000000000e+00 0.000000000000000000e+00 3.265620486619721929e-02 1.299074023041352569e-02 4.133798560445420961e-02 1.591182988601760190e-02 1.511731191430213186e-02 1.594908327182185115e-01
0.000000000000000000e+00 7.111804714744945910e-02 0.000000000000000000e+00 1.797396605627002153e-01 1.323458822257400080e-01 1.065596242592374981e-01 0.000000000000000000e+00 0.000000000000000000e+00 0.000000000000000000e+00 0.000000000000000000e+00 2.054914576223268452e-02 1.578556717805010556e-01 0.000000000000000000e+00 4.714775113901133186e-02 1.852574097904261252e-01 0.000000000000000000e+00 6.411941833035074423e-02 3.530738900235087796e-02 0.000000000000000000e+00 0.000000000000000000e+00
0.000000000000000000e+00 0.000000000000000000e+00 5.718712827790047373e-03 3.863641345048551140e-02 1.236538057225679693e-01 0.000000000000000000e+00 0.000000000000000000e+00 0.000000000000000000e+00 0.000000000000000000e+00 0.000000000000000000e+00 0.000000000000000000e+00 0.000000000000000000e+00 1.544513701463313959e-01 2.072642231727915563e-01 1.864807076089362581e-01 0.000000000000000000e+00 5.776381861968107878e-02 7.542272202259001079e-02 0.000000000000000000e+00 1.506082264288261807e-01
0.000000000000000000e+00 0.000000000000000000e+00 0.000000000000000000e+00 0.000000000000000000e+00 1.363399206331696034e-01 1.553413032396575855e-01 0.000000000000000000e+00 1.286146832770802273e-01 0.000000000000000000e+00 0.000000000000000000e+00 0.000000000000000000e+00 0.000000000000000000e+00 1.380785008756114096e-01 7.569393297746401794e-02 0.000000000000000000e+00 4.452159341470895981e-02 0.000000000000000000e+00 1.617112422861365778e-02 1.592650053127638576e-01 1.459739360409306463e-01
0.000000000000000000e+00 0.000000000000000000e+00 0.000000000000000000e+00 1.374823615489398354e-01 0.000000000000000000e+00 1.443780826418749165e-03 1.719811527047688041e-02 1.439252318343768877e-01 0.000000000000000000e+00 1.087641896813964192e-02 0.000000000000000000e+00 1.534386256993917619e-01 1.360892468185199988e-01 2.862644629469188878e-02 1.830411613190137121e-01 0.000000000000000000e+00 0.000000000000000000e+00 0.000000000000000000e+00 0.000000000000000000e+00 1.878786114200307056e-01
0.000000000000000000e+00 9.711321289302405138e-03 2.329965605041427190e-02 1.639977123815935522e-01 1.010689278492797258e-02 0.000000000000000000e+00 0.000000000000000000e+00 1.442166895854624653e-01 2.545378091496775519e-01 1.660113532568996408e-02 1.386491342707584298e-02 1.391433383493614340e-01 0.000000000000000000e+00 1.718629671194009390e-02 1.401683146020773867e-02 4.553630091505249389e-02 0.000000000000000000e+00 0.000000000000000000e+00 0.000000000000000000e+00 1.477811025692943314e-01
0.000000000000000000e+00 0.000000000000000000e+00 0.000000000000000000e+00 5.026427743412441307e-02 0.000000000000000000e+00 2.868349792719495847e-02 0.000000000000000000e+00 1.687027141961198462e-01 1.519295514685325976e-01 4.844167740534895128e-02 0.000000000000000000e+00 1.368962735806105169e-01 2.703001511672202817e-01 0.000000000000000000e+00 1.484685312945680999e-02 0.000000000000000000e+00 0.000000000000000000e+00 1.009776495391546264e-01 2.895735415223706782e-02 0.000000000000000000e+00
0.000000000000000000e+00 1.388246210219349075e-01 0.000000000000000000e+00 0.000000000000000000e+00 0.000000000000000000e+00 1.687543984531019170e-01 0.000000000000000000e+00 1.510820583133511974e-01 1.944038863131346828e-01 1.255975950192566859e-01 0.000000000000000000e+00 0.000000000000000000e+00 3.911822204530891051e-03 0.000000000000000000e+00 0.000000000000000000e+00 7.937707646745997825e-02 9.043109114614664157e-02 4.761745106108312975e-02 0.000000000000000000e+00 0.000000000000000000e+00
2.542378369264551574e-02 8.781170042893771122e-02 5.486012401673528993e-02 1.241822221638318874e-01 6.573278007976064360e-03 0.000000000000000000e+00 7.744138318231925944e-02 1.230923332213476884e-01 7.008370017393865392e-02 4.292805507606330118e-02 0.000000000000000000e+00 0.000000000000000000e+00 8.989087253211628520e-03 1.119998915026444997e-01 8.355596177239137112e-02 2.159876632967961188e-02 0.000000000000000000e+00 6.758309552824740517e-03 0.000000000000000000e+00 1.547014036254526215e-01
1.120171842175705229e-02 0.000000000000000000e+00 1.241241391324619386e-01 3.442925810449280755e-02 1.172383969879163684e-01 0.000000000000000000e+00 0.000000000000000000e+00 7.187649268476453690e-02 9.318428704324482892e-02 0.000000000000000000e+00 1.374301077534887186e-02 2.381174158178005554e-02 2.645280405408819910e-02 1.413827239979860428e-01 1.136986624624678269e-02 1.652064837446313994e-01 0.000000000000000000e+00 6.919709243150931263e-03 1.455905096827797562e-01 1.346885829935045610e-02
5.635428440185577537e-02 0.000000000000000000e+00 0.000000000000000000e+00 1.807477992281531221e-01 1.751293088119303468e-02 0.000000000000000000e+00 0.000000000000000000e+00 0.000000000000000000e+00 0.000000000000000000e+00 0.000000000000000000e+00 0.000000000000000000e+00 1.710682315324353331e-01 1.496731542222779765e-01 5.027568958363157203e-02 1.652952472502295655e-01 1.684755889634447223e-01 1.619025481098309259e-03 3.750768615348859525e-02 1.470362302191942491e-03 0.000000000000000000e+00
0.000000000000000000e+00 1.157893537638978176e-01 0.000000000000000000e+00 8.500570354587944077e-02 0.000000000000000000e+00 1.399709052684102450e-01 0.000000000000000000e+00 0.000000000000000000e+00 2.010886462388906115e-01 1.190888469410441575e-01 0.000000000000000000e+00 2.048177611104314705e-02 7.515631835537866373e-03 0.000000000000000000e+00 0.000000000000000000e+00 7.001285434599020807e-02 0.000000000000000000e+00 0.000000000000000000e+00 9.912791133757251072e-02 1.419183706117340404e-01
0.000000000000000000e+00 4.347315120508895431e-02 0.000000000000000000e+00 1.334086193601677350e-02 1.879398505820750742e-02 4.767974465891811064e-02 1.147243426033456607e-03 9.885357085200219274e-02 0.000000000000000000e+00 6.508343876454411418e-03 0.000000000000000000e+00 2.607122092197105001e-01 1.282091536671415843e-01 1.172756004888827509e-02 0.000000000000000000e+00 1.502408494131009520e-01 0.000000000000000000e+00 7.714431486014319828e-02 0.000000000000000000e+00 1.421690117782940244e-01
0.000000000000000000e+00 0.000000000000000000e+00 0.000000000000000000e+00 5.165731514402964464e-02 6.138380405671434517e-03 0.000000000000000000e+00 0.000000000000000000e+00 0.000000000000000000e+00 1.449067271760942632e-01 1.786181151610703732e-02 0.000000000000000000e+00 1.520818976230689512e-01 1.436975080388216627e-02 1.257340229128290354e-01 1.801861475030343829e-01 1.623628246537647535e-01 1.447011222615182946e-01 0.000000000000000000e+00 0.000000000000000000e+00 0.000000000000000000e+00
0.000000000000000000e+00 1.600540110906444324e-01 0.000000000000000000e+00 3.989992421442930398e-02 1.340180962836752809e-01 1.638950648100685192e-01 0.000000000000000000e+00 1.587404004690770934e-02 0.000000000000000000e+00 5.166752183041783270e-02 0.000000000000000000e+00 0.000000000000000000e+00 1.629007833984603415e-01 0.000000000000000000e+00 1.979416493683724410e-01 0.000000000000000000e+00 0.000000000000000000e+00 0.000000000000000000e+00 0.000000000000000000e+00 7.374890895702428117e-02
0.000000000000000000e+00 1.208146053851136270e-01 0.000000000000000000e+00 2.985830187774518585e-01 0.000000000000000000e+00 1.455860608383039989e-01 0.000000000000000000e+00 0.000000000000000000e+00 8.692023609500060255e-02 0.000000000000000000e+00 0.000000000000000000e+00 1.526368661513860525e-01 0.000000000000000000e+00 0.000000000000000000e+00 1.954592127527439438e-01 0.000000000000000000e+00 0.000000000000000000e+00 0.000000000000000000e+00 0.000000000000000000e+00 0.000000000000000000e+00
0.000000000000000000e+00 1.123480963182451609e-01 0.000000000000000000e+00 0.000000000000000000e+00 1.040239270792979176e-01 4.796364044046724090e-02 0.000000000000000000e+00 1.144791243560244892e-01 5.482802451828312773e-02 1.112022169819562589e-01 0.000000000000000000e+00 1.180827487678527410e-01 0.000000000000000000e+00 0.000000000000000000e+00 1.093584414911404935e-02 1.375362308604185790e-01 0.000000000000000000e+00 8.521551343498115841e-03 2.640514699792492065e-02 1.536734481869174163e-01
5.146648263840808424e-02 1.396933298617528407e-01 1.208642110230433164e-01 0.000000000000000000e+00 1.288454399184024712e-01 1.426401707517430395e-01 1.250844347223883414e-02 0.000000000000000000e+00 1.863173672224520405e-01 3.991049003105075210e-03 1.726251647032317482e-02 1.396044512132702808e-01 2.023430262635788138e-02 6.777516096155519233e-04 3.057945612623735529e-02 0.000000000000000000e+00 0.000000000000000000e+00 5.315028063050162600e-03 0.000000000000000000e+00 0.000000000000000000e+00
0.000000000000000000e+00 1.019151972471376844e-01 1.121430765671431323e-01 1.554032018837267770e-01 0.000000000000000000e+00 3.535609248824388151e-02 0.000000000000000000e+00 0.000000000000000000e+00 0.000000000000000000e+00 0.000000000000000000e+00 0.000000000000000000e+00 1.357303820988552678e-01 1.753365767540147335e-01 6.643673362891734657e-02 2.176787393319611352e-01 0.000000000000000000e+00 0.000000000000000000e+00 0.000000000000000000e+00 0.000000000000000000e+00 0.000000000000000000e+00
7.035442910342398076e-03 0.000000000000000000e+00 3.264454871939671821e-02 1.499992571310609923e-01 1.387992667994180362e-01 0.000000000000000000e+00 0.000000000000000000e+00 4.355673486957111623e-02 3.936411176610109253e-02 0.000000000000000000e+00 0.000000000000000000e+00 1.432947946583386645e-01 1.629742970023032866e-01 0.000000000000000000e+00 1.566916656065083235e-01 0.000000000000000000e+00 1.082873222192334423e-01 0.000000000000000000e+00 1.735255831772579416e-02 0.000000000000000000e+00
0.000000000000000000e+00 1.963624913631737204e-02 0.000000000000000000e+00 5.745846652051898873e-02 4.690222851440315616e-02 1.838261717236359671e-01 7.886800341614619639e-03 3.864132466183192033e-03 1.617841725277684439e-01 0.000000000000000000e+00 0.000000000000000000e+00 0.000000000000000000e+00 1.553928894715957687e-01 2.537979762064125622e-02 1.863326129499324746e-01 0.000000000000000000e+00 0.000000000000000000e+00 0.000000000000000000e+00 3.616413566900881452e-03 1.479200651604878347e-01
0.000000000000000000e+00 0.000000000000000000e+00 0.000000000000000000e+00 1.525718816144384649e-01 1.449163178436734534e-01 1.693293370921810162e-02 0.000000000000000000e+00 2.429043479600983060e-02 0.000000000000000000e+00 0.000000000000000000e+00 0.000000000000000000e+00 1.425547697058335284e-01 0.000000000000000000e+00 4.259152695586062437e-02 0.000000000000000000e+00 1.503895006355887021e-01 0.000000000000000000e+00 2.717569667883058468e-02 1.530389477860880088e-01 1.455379902744587395e-01
0.000000000000000000e+00 0.000000000000000000e+00 6.912867089527660602e-02 0.000000000000000000e+00 1.749372105546392053e-01 3.630726524774764014e-02 4.320772028366346579e-02 0.000000000000000000e+00 0.000000000000000000e+00 0.000000000000000000e+00 0.000000000000000000e+00 0.000000000000000000e+00 3.385289725513698778e-02 0.000000000000000000e+00 2.405433676319697622e-01 1.060057353894295895e-01 7.756935536246897973e-03 2.425409014576064837e-01 0.000000000000000000e+00 4.571929574828333120e-02
0.000000000000000000e+00 1.349799420347628232e-01 6.623059981261919527e-02 4.429507716855789201e-02 1.387104399317934944e-01 0.000000000000000000e+00 0.000000000000000000e+00 0.000000000000000000e+00 1.574572281957368480e-01 0.000000000000000000e+00 0.000000000000000000e+00 9.499942127756243193e-02 0.000000000000000000e+00 2.160707991911208284e-02 0.000000000000000000e+00 1.015642564304133043e-02 0.000000000000000000e+00 0.000000000000000000e+00 1.838546141317366212e-01 1.477091718850772617e-01
0.000000000000000000e+00 1.985843347990002769e-02 0.000000000000000000e+00 6.858798412728132898e-02 2.748947979728318461e-02 1.593967581198476868e-01 0.000000000000000000e+00 0.000000000000000000e+00 9.200837405707466832e-02 0.000000000000000000e+00 0.000000000000000000e+00 6.361229220086685350e-03 1.437886442704357504e-01 1.454081372781335924e-01 1.567987642434529316e-01 1.317221945654668651e-02 0.000000000000000000e+00 0.000000000000000000e+00 0.000000000000000000e+00 1.671299759499574877e-01
1.607690705439257170e-02 1.723265237164011698e-01 0.000000000000000000e+00 0.000000000000000000e+00 1.828693468863678770e-02 9.050812581431951290e-03 0.000000000000000000e+00 1.176044163871213799e-01 1.385208369940961748e-01 8.621085807801713574e-02 2.071232548930881587e-02 1.524903422746175796e-01 1.665398411820104285e-01 1.799151551227779486e-03 1.189617344955405491e-02 2.726777499357799922e-02 0.000000000000000000e+00 0.000000000000000000e+00 6.121710155960610050e-02 0.000000000000000000e+00
0.000000000000000000e+00 2.434393852119403484e-02 0.000000000000000000e+00 0.000000000000000000e+00 1.015748031136901042e-01 0.000000000000000000e+00 8.610721367715944499e-03 0.000000000000000000e+00 3.094112366395612712e-01 0.000000000000000000e+00 0.000000000000000000e+00 8.091643438650299169e-02 0.000000000000000000e+00 1.466772327677658694e-01 2.784969174826051625e-03 2.334762677706307341e-02 1.070410521295744322e-01 5.790000197052566112e-03 1.296997851642608945e-01 5.980219976079299837e-02
0.000000000000000000e+00 1.183231111478676434e-01 1.207879019087830796e-01 1.953927919591384732e-02 9.895256511460188281e-03 1.903138843729603596e-02 6.070962953928911443e-02 7.437047838627768026e-02 2.218965831087892776e-02 6.840526202819054505e-03 0.000000000000000000e+00 2.216108238454881640e-01 6.391224050228792863e-02 6.983723767508458191e-02 1.474257631196066072e-02 7.490477951726090024e-03 1.209982758245440049e-01 2.912727950275948233e-02 1.330047232034477396e-02 7.293386425218946652e-03
1.305211120434348129e-02 0.000000000000000000e+00 0.000000000000000000e+00 1.727169936830032781e-01 2.723041801683234037e-02 0.000000000000000000e+00 0.000000000000000000e+00 0.000000000000000000e+00 1.926895599465056064e-01 0.000000000000000000e+00 0.000000000000000000e+00 0.000000000000000000e+00 0.000000000000000000e+00 1.630058053951530528e-01 2.122168526057627291e-01 0.000000000000000000e+00 1.452060439165313022e-01 0.000000000000000000e+00 7.388221523186813688e-02 0.000000000000000000e+00
