0.000000000000000000e+00 1.160746045834838529e-02 1.262365529794022556e-02 0.000000000000000000e+00 3.352364815171520601e-02 0.000000000000000000e+00 0.000000000000000000e+00 0.000000000000000000e+00 6.281090793628551355e-03 9.395957271135046973e-02 0.000000000000000000e+00 0.000000000000000000e+00 1.187314885020006178e-01 0.000000000000000000e+00 2.150261671572357147e-01 1.173226574063424982e-01 0.000000000000000000e+00 4.027241845672054933e-03 0.000000000000000000e+00 1.341908372455735965e-01 0.000000000000000000e+00 0.000000000000000000e+00 2.630847937653834484e-02 6.444704622564458030e-02 1.619506548280097435e-01
0.000000000000000000e+00 1.747713042240444381e-01 0.000000000000000000e+00 0.000000000000000000e+00 2.566069742584092817e-02 1.319412318411312957e-01 1.381217385476408710e-01 6.292805876310386681e-02 0.000000000000000000e+00 0.000000000000000000e+00 0.000000000000000000e+00 1.290652365351344921e-01 0.000000000000000000e+00 0.000000000000000000e+00 0.000000000000000000e+00 2.006464221438506237e-02 1.633259491190098556e-01 0.000000000000000000e+00 0.000000000000000000e+00 9.362566332416449519e-03 0.000000000000000000e+00 0.000000000000000000e+00 0.000000000000000000e+00 1.447585749972927771e-01 0.000000000000000000e+00
9.370217089939839039e-02 0.000000000000000000e+00 0.000000000000000000e+00 0.000000000000000000e+00 0.000000000000000000e+00 0.000000000000000000e+00 5.647950473047147479e-02 1.793784010522788686e-01 0.000000000000000000e+00 9.506899530242621243e-02 0.000000000000000000e+00 0.000000000000000000e+00 0.000000000000000000e+00 0.000000000000000000e+00 2.204012808318901381e-02 0.000000000000000000e+00 0.000000000000000000e+00 6.600962998904966184e-02 0.000000000000000000e+00 1.421109985915993412e-01 0.000000000000000000e+00 1.171655933199960697e-01 2.057975567728702326e-01 5.976822158608148007e-03 1.627019910011264989e-02
0.000000000000000000e+00 1.559571051438559119e-01 2.282005382739239405e-02 5.079186256339358885e-02 1.299472423917615582e-01 0.000000000000000000e+00 0.000000000000000000e+00 1.646791022693737949e-01 0.000000000000000000e+00 0.000000000000000000e+00 0.000000000000000000e+00 1.493357118923746840e-01 0.000000000000000000e+00 0.000000000000000000e+00 3.305236629386409941e-02 0.000000000000000000e+00 0.000000000000000000e+00 1.309371365503878837e-01 6.423726781567962174e-02 9.824215125191645970e-02 0.000000000000000000e+00 0.000000000000000000e+00 0.000000000000000000e+00 0.000000000000000000e+00 0.000000000000000000e+00
0.000000000000000000e+00 1.193993596743274932e-01 0.000000000000000000e+00 0.000000000000000000e+00 3.269084590719512073e-02 0.000000000000000000e+00 1.201196101406886568e-01 1.609302488931041442e-01 0.000000000000000000e+00 1.502254913900306077e-01 2.787970007213308801e-03 0.000000000000000000e+00 0.000000000000000000e+00 1.643375462283287042e-02 0.000000000000000000e+00 0.000000000000000000e+00 2.562888807918101836e-02 2.805726727752965929e-02 2.301312920126513673e-01 7.088512093713206404e-03 0.000000000000000000e+00 1.881114644518860207e-02 4.689221729102018010e-02 4.080339616532376035e-02 0.000000000000000000e+00
0.000000000000000000e+00 0.000000000000000000e+00 6.075808397144963000e-03 1.863630869285515246e-02 0.000000000000000000e+00 0.000000000000000000e+00 1.516379839769400328e-01 1.238301343045018939e-02 0.000000000000000000e+00 0.000000000000000000e+00 0.000000000000000000e+00 3.375283020956954243e-03 0.000000000000000000e+00 0.000000000000000000e+00 2.658701605952136782e-01 2.389722235958480767e-01 0.000000000000000000e+00 0.000000000000000000e+00 0.000000000000000000e+00 0.000000000000000000e+00 4.059756941569838892e-03 1.334367102276154959e-01 1.368025410012001231e-02 1.333621746387654849e-01 1.851032238252018486e-02
0.000000000000000000e+00 1.560834312656260159e-01 2.066552286222508514e-02 0.000000000000000000e+00 0.000000000000000000e+00 0.000000000000000000e+00 1.599440544114543727e-01 1.241613827692598752e-02 0.000000000000000000e+00 0.000000000000000000e+00 0.000000000000000000e+00 0.000000000000000000e+00 0.000000000000000000e+00 0.000000000000000000e+00 1.598886762538552497e-01 1.505822207327085771e-01 1.426585467038936350e-01 0.000000000000000000e+00 1.510292348875031943e-01 3.831498897373766029e-03 0.000000000000000000e+00 0.000000000000000000e+00 0.000000000000000000e+00 0.000000000000000000e+00 4.290067570843402595e-02
0.000000000000000000e+00 0.000000000000000000e+00 6.250062344676186876e-02 4.764937236369505558e-02 0.000000000000000000e+00 0.000000000000000000e+00 1.506227074947446287e-01 1.389300396391449826e-03 0.000000000000000000e+00 0.000000000000000000e+00 0.000000000000000000e+00 0.000000000000000000e+00 0.000000000000000000e+00 0.000000000000000000e+00 5.225548879834722438e-02 0.000000000000000000e+00 2.075736306284696464e-01 1.351775087436028755e-01 2.691709766709439802e-02 9.886691676645551624e-03 5.245035162143572328e-04 0.000000000000000000e+00 3.703702717022300250e-02 1.393719029852609204e-01 1.290941451125489914e-01
0.000000000000000000e+00 0.000000000000000000e+00 1.017465133495898746e-02 0.000000000000000000e+00 1.523027691356027558e-01 0.000000000000000000e+00 6.101856550672021991e-03 1.654260376568865154e-01 0.000000000000000000e+00 1.638919174256600608e-02 0.000000000000000000e+00 2.073853623629639820e-01 5.184367250480398197e-03 0.000000000000000000e+00 0.000000000000000000e+00 0.000000000000000000e+00 2.430072757104068115e-02 1.550540629334618871e-02 6.237926398204515083e-02 0.000000000000000000e+00 0.000000000000000000e+00 7.425886058220941771e-04 2.573277060919111348e-01 7.678007142170410748e-02 0.000000000000000000e+00
0.000000000000000000e+00 0.000000000000000000e+00 9.935717933087440806e-03 0.000000000000000000e+00 0.000000000000000000e+00 0.000000000000000000e+00 1.928322936852154834e-01 1.879802121632478951e-01 0.000000000000000000e+00 0.000000000000000000e+00 0.000000000000000000e+00 2.320303882079836205e-02 0.000000000000000000e+00 0.000000000000000000e+00 9.129486861928176600e-02 1.439242958614840306e-01 0.000000000000000000e+00 0.000000000000000000e+00 1.467605049266790529e-01 0.000000000000000000e+00 0.000000000000000000e+00 4.978321347935277946e-02 1.498852469295192669e-01 0.000000000000000000e+00 4.400607581333995655e-03
0.000000000000000000e+00 0.000000000000000000e+00 0.000000000000000000e+00 0.000000000000000000e+00 1.235701583163402728e-01 0.000000000000000000e+00 1.828850601496442574e-01 8.184627923421126938e-02 0.000000000000000000e+00 0.000000000000000000e+00 0.000000000000000000e+00 0.000000000000000000e+00 0.000000000000000000e+00 0.000000000000000000e+00 1.591200863373154750e-01 1.500512606791570402e-03 1.465849139487269970e-01 0.000000000000000000e+00 0.000000000000000000e+00 2.579975666280100166e-02 0.000000000000000000e+00 1.183379732683940283e-01 1.603552594757751137e-01 0.000000000000000000e+00 0.000000000000000000e+00
0.000000000000000000e+00 1.139384846702693743e-01 0.000000000000000000e+00 0.000000000000000000e+00 1.621528813775102162e-01 0.000000000000000000e+00 1.949041066552440749e-01 1.871743846792019994e-01 0.000000000000000000e+00 0.000000000000000000e+00 0.000000000000000000e+00 0.000000000000000000e+00 0.000000000000000000e+00 0.000000000000000000e+00 4.870062283270235916e-03 0.000000000000000000e+00 0.000000000000000000e+00 0.000000000000000000e+00 1.417772506268479005e-01 1.915361632366351929e-01 0.000000000000000000e+00 0.000000000000000000e+00 0.000000000000000000e+00 0.000000000000000000e+00 3.646666471021099525e-03
0.000000000000000000e+00 0.000000000000000000e+00 0.000000000000000000e+00 2.577089695206398468e-02 6.190009563581937851e-02 3.165244632042828188e-02 1.522105131108376641e-01 1.059042407282944839e-02 1.574661059715379979e-02 9.411654815841909161e-02 0.000000000000000000e+00 1.288309535539113593e-01 0.000000000000000000e+00 0.000000000000000000e+00 0.000000000000000000e+00 1.453654297958122121e-01 1.523210605821031377e-02 8.697456446817580442e-03 0.000000000000000000e+00 0.000000000000000000e+00 1.385098288654000864e-01 1.243501443922229582e-01 1.143766838310987174e-02 0.000000000000000000e+00 3.558887765696385624e-02
0.000000000000000000e+00 0.000000000000000000e+00 0.000000000000000000e+00 0.000000000000000000e+00 1.305265461645217506e-01 6.502700831109867186e-02 1.468490883157463900e-01 0.000000000000000000e+00 0.000000000000000000e+00 6.941348041698206482e-03 0.000000000000000000e+00 9.446050749437263916e-02 0.000000000000000000e+00 0.000000000000000000e+00 1.575846289301523484e-01 5.672175580012360843e-03 0.000000000000000000e+00 1.826278598314618751e-01 2.275638802257978072e-02 0.000000000000000000e+00 1.098769334639591172e-02 0.000000000000000000e+00 0.000000000000000000e+00 1.702724527697357243e-02 1.595395106849863964e-01
3.079189497539545125e-03 1.718110745914940840e-01 1.839250505910844657e-01 0.000000000000000000e+00 1.632316506563812400e-02 0.000000000000000000e+00 1.671347787678716390e-01 6.368261358565041608e-02 0.000000000000000000e+00 5.908772878106082621e-02 0.000000000000000000e+00 1.218837603194194465e-02 0.000000000000000000e+00 0.000000000000000000e+00 0.000000000000000000e+00 0.000000000000000000e+00 0.000000000000000000e+00 0.000000000000000000e+00 0.000000000000000000e+00 2.215519130427551775e-01 0.000000000000000000e+00 0.000000000000000000e+00 0.000000000000000000e+00 1.012161100449638640e-01 0.000000000000000000e+00
0.000000000000000000e+00 1.069805395778218732e-01 0.000000000000000000e+00 0.000000000000000000e+00 0.000000000000000000e+00 0.000000000000000000e+00 1.471263601840755997e-01 1.484622668212172147e-01 0.000000000000000000e+00 0.000000000000000000e+00 0.000000000000000000e+00 1.955526944619153662e-01 0.000000000000000000e+00 0.000000000000000000e+00 0.000000000000000000e+00 0.000000000000000000e+00 0.000000000000000000e+00 1.276118332469833583e-01 1.427442708779909641e-01 6.884132533276876575e-02 0.000000000000000000e+00 1.809094552956120585e-03 4.337653188890736033e-02 0.000000000000000000e+00 1.749508305536346189e-02
0.000000000000000000e+00 0.000000000000000000e+00 7.688048624249865792e-02 0.000000000000000000e+00 4.251086163670899504e-02 0.000000000000000000e+00 0.000000000000000000e+00 1.594128083763595716e-01 0.000000000000000000e+00 2.424999511126421647e-02 0.000000000000000000e+00 0.000000000000000000e+00 0.000000000000000000e+00 0.000000000000000000e+00 0.000000000000000000e+00 0.000000000000000000e+00 3.161851949248326576e-01 5.736881810197032305e-02 1.478074418701292025e-01 1.013428080673890452e-01 0.000000000000000000e+00 0.000000000000000000e+00 7.424158566884728194e-02 0.000000000000000000e+00 0.000000000000000000e+00
1.505051167972090882e-02 0.000000000000000000e+00 1.389647505819165130e-02 0.000000000000000000e+00 9.138698739106668190e-02 0.000000000000000000e+00 6.994370422961818101e-02 1.539897706743698358e-01 1.546889808544448311e-02 1.869835632092545774e-01 0.000000000000000000e+00 0.000000000000000000e+00 0.000000000000000000e+00 0.000000000000000000e+00 0.000000000000000000e+00 0.000000000000000000e+00 1.719499717903479885e-01 0.000000000000000000e+00 2.311741145962848409e-01 0.000000000000000000e+00 0.000000000000000000e+00 0.000000000000000000e+00 0.000000000000000000e+00 0.000000000000000000e+00 5.015600328570097438e-02
0.000000000000000000e+00 1.307151910341806944e-01 0.000000000000000000e+00 0.000000000000000000e+00 3.953867101346304064e-02 0.000000000000000000e+00 6.415957714935625888e-02 1.486209446322185601e-01 0.000000000000000000e+00 5.227991488454634267e-02 0.000000000000000000e+00 0.000000000000000000e+00 3.620209446249813418e-02 0.000000000000000000e+00 1.545034498812619117e-01 0.000000000000000000e+00 0.000000000000000000e+00 3.203871729170661153e-02 0.000000000000000000e+00 1.583766011766178927e-01 0.000000000000000000e+00 0.000000000000000000e+00 0.000000000000000000e+00 2.548100116799887141e-02 1.580838373061517477e-01
0.000000000000000000e+00 0.000000000000000000e+00 1.202797864159275976e-01 0.000000000000000000e+00 1.095195031044677008e-03 0.000000000000000000e+00 0.000000000000000000e+00 1.756388099497196709e-01 0.000000000000000000e+00 1.326754654010326162e-01 0.000000000000000000e+00 1.527005313037831102e-01 0.000000000000000000e+00 0.000000000000000000e+00 1.697950499498873111e-01 0.000000000000000000e+00 0.000000000000000000e+00 0.000000000000000000e+00 0.000000000000000000e+00 0.000000000000000000e+00 0.000000000000000000e+00 0.000000000000000000e+00 0.000000000000000000e+00 8.397145574465857132e-02 1.638437062039465597e-01
0.000000000000000000e+00 1.135981800996732974e-02 7.965111836109624657e-03 0.000000000000000000e+00 2.786496077330245513e-01 3.621539598266037413e-02 5.553461615991742151e-02 1.453419296147363815e-01 1.595093421352369867e-02 1.291196854668400507e-01 0.000000000000000000e+00 0.000000000000000000e+00 0.000000000000000000e+00 0.000000000000000000e+00 0.000000000000000000e+00 0.000000000000000000e+00 8.113563604026192977e-02 0.000000000000000000e+00 0.000000000000000000e+00 0.000000000000000000e+00 5.451565710596963099e-02 1.251287409600795042e-01 2.734200339760331413e-03 0.000000000000000000e+00 5.634866653714913631e-02
0.000000000000000000e+00 0.000000000000000000e+00 0.000000000000000000e+00 0.000000000000000000e+00 2.959556627625766975e-02 0.000000000000000000e+00 7.109818121240139843e-02 1.231314760569755806e-02 0.000000000000000000e+00 9.394251416605212124e-02 0.000000000000000000e+00 1.077456192222490533e-01 0.000000000000000000e+00 0.000000000000000000e+00 1.553637849692883488e-01 0.000000000000000000e+00 1.681662626760954682e-01 1.357970094949305928e-01 0.000000000000000000e+00 1.168103197400039914e-02 0.000000000000000000e+00 0.000000000000000000e+00 0.000000000000000000e+00 6.860873348370501168e-02 1.456881489193223578e-01
0.000000000000000000e+00 0.000000000000000000e+00 0.000000000000000000e+00 8.511247105554384240e-03 1.672709111347972233e-01 0.000000000000000000e+00 1.548505688352503074e-01 2.060090471935586282e-02 0.000000000000000000e+00 0.000000000000000000e+00 0.000000000000000000e+00 0.000000000000000000e+00 0.000000000000000000e+00 1.190114499348138843e-01 1.719415818485409975e-01 7.054246989213154573e-02 0.000000000000000000e+00 1.192645912801108127e-01 2.138396166298319606e-02 0.000000000000000000e+00 0.000000000000000000e+00 0.000000000000000000e+00 2.461445185822998261e-02 0.000000000000000000e+00 1.220078617282319283e-01
2.384568645275820728e-02 0.000000000000000000e+00 0.000000000000000000e+00 0.000000000000000000e+00 1.631420650401664285e-01 0.000000000000000000e+00 3.001565155786449154e-02 8.142397272491091326e-03 5.869888786025714844e-02 1.865392457540026860e-01 0.000000000000000000e+00 3.869543899191580510e-02 0.000000000000000000e+00 0.000000000000000000e+00 1.324350674508245063e-01 4.551251042210384401e-02 1.475585170801815005e-01 1.404624346629796405e-01 1.487505476798174110e-02 0.000000000000000000e+00 0.000000000000000000e+00 7.212771874995495096e-03 0.000000000000000000e+00 0.000000000000000000e+00 2.864270811477424676e-03
8.248602224180256667e-03 0.000000000000000000e+00 4.560858360474518564e-02 1.030261168993627935e-01 3.390249358400181795e-02 0.000000000000000000e+00 3.160628990037180064e-02 0.000000000000000000e+00 0.000000000000000000e+00 5.397551870860549383e-02 0.000000000000000000e+00 0.000000000000000000e+00 0.000000000000000000e+00 0.000000000000000000e+00 1.586257433250156390e-01 1.026703707814264135e-02 2.190071582189349331e-01 1.582488205570052042e-01 0.000000000000000000e+00 2.420400699374867376e-02 0.000000000000000000e+00 0.000000000000000000e+00 0.000000000000000000e+00 0.000000000000000000e+00 1.532796289058857286e-01
0.000000000000000000e+00 0.000000000000000000e+00 0.000000000000000000e+00 0.000000000000000000e+00 1.235351824983008384e-01 8.712325710592539602e-03 1.509705177053196345e-01 2.541695607786000760e-02 0.000000000000000000e+00 0.000000000000000000e+00 1.476931770409455101e-03 0.000000000000000000e+00 0.000000000000000000e+00 0.000000000000000000e+00 3.026083935180053364e-01 1.512723315626187835e-03 1.388098048097375081e-01 0.000000000000000000e+00 2.388864300575779115e-02 5.945493618819189946e-03 0.000000000000000000e+00 0.000000000000000000e+00 1.489773793519677536e-01 1.300761804331203482e-02 5.513803057429163268e-02
1.161089988811166498e-02 1.223070377518679745e-02 0.000000000000000000e+00 0.000000000000000000e+00 1.723973193888790612e-01 0.000000000000000000e+00 5.575612243072151572e-03 1.748299178577704671e-01 0.000000000000000000e+00 1.540515341765155977e-01 0.000000000000000000e+00 0.000000000000000000e+00 0.000000000000000000e+00 1.009776653049326844e-01 7.120429219233381790e-02 0.000000000000000000e+00 0.000000000000000000e+00 1.005978781577433201e-01 0.000000000000000000e+00 1.507197028710640097e-01 0.000000000000000000e+00 4.066223201497429218e-02 0.000000000000000000e+00 0.000000000000000000e+00 5.142242129416106297e-03
0.000000000000000000e+00 1.386046574210416105e-01 1.696015266381663555e-01 0.000000000000000000e+00 1.076870845866524998e-02 0.000000000000000000e+00 1.563609368738476391e-01 7.295449019676054914e-03 0.000000000000000000e+00 0.000000000000000000e+00 0.000000000000000000e+00 2.752805733782053704e-02 0.000000000000000000e+00 0.000000000000000000e+00 0.000000000000000000e+00 1.056091485768952815e-01 0.000000000000000000e+00 0.000000000000000000e+00 7.108696485670863707e-02 9.885309022437485660e-02 0.000000000000000000e+00 9.096748464195129891e-02 1.233239759508524963e-01 0.000000000000000000e+00 0.000000000000000000e+00
0.000000000000000000e+00 0.000000000000000000e+00 0.000000000000000000e+00 0.000000000000000000e+00 9.050331657609374247e-02 3.954676492558224093e-02 0.000000000000000000e+00 1.834645426554468162e-01 0.000000000000000000e+00 1.616264720186973702e-01 0.000000000000000000e+00 3.857680266108073994e-03 0.000000000000000000e+00 0.000000000000000000e+00 0.000000000000000000e+00 1.796961945207140379e-02 1.497486774565491008e-01 1.562894756204775693e-01 0.000000000000000000e+00 1.351518212748594946e-02 0.000000000000000000e+00 0.000000000000000000e+00 4.797247611677636636e-02 0.000000000000000000e+00 1.355057927847114485e-01
0.000000000000000000e+00 1.490187265951640749e-01 1.520914165766456549e-01 0.000000000000000000e+00 1.823874069332677775e-02 1.328502289229043509e-01 1.560360245092165532e-01 0.000000000000000000e+00 0.000000000000000000e+00 0.000000000000000000e+00 0.000000000000000000e+00 4.467917925126460577e-02 0.000000000000000000e+00 1.005133521583813638e-01 0.000000000000000000e+00 0.000000000000000000e+00 1.686653128653097314e-02 0.000000000000000000e+00 0.000000000000000000e+00 0.000000000000000000e+00 0.000000000000000000e+00 1.134841175178300521e-01 2.897220602859669827e-02 8.724947646013886393e-02 0.000000000000000000e+00
0.000000000000000000e+00 3.134833913463734301e-01 0.000000000000000000e+00 0.000000000000000000e+00 0.000000000000000000e+00 0.000000000000000000e+00 0.000000000000000000e+00 1.753786764755038974e-01 0.000000000000000000e+00 5.639076049300696669e-02 0.000000000000000000e+00 0.000000000000000000e+00 1.854648121992579987e-02 0.000000000000000000e+00 0.000000000000000000e+00 3.700484695851778694e-02 0.000000000000000000e+00 0.000000000000000000e+00 2.543797137604338343e-01 0.000000000000000000e+00 0.000000000000000000e+00 1.448161297462381703e-01 0.000000000000000000e+00 0.000000000000000000e+00 0.000000000000000000e+00
0.000000000000000000e+00 0.000000000000000000e+00 1.208658606040516337e-02 0.000000000000000000e+00 0.000000000000000000e+00 0.000000000000000000e+00 1.494929576137874749e-01 1.877003885894369117e-01 0.000000000000000000e+00 4.108937614641937179e-03 0.000000000000000000e+00 2.330417062791767177e-02 0.000000000000000000e+00 0.000000000000000000e+00 0.000000000000000000e+00 1.528751297112282970e-01 0.000000000000000000e+00 1.558313173477916987e-02 1.574143174897036368e-01 5.472346055848191851e-03 1.259431402409666445e-01 0.000000000000000000e+00 0.000000000000000000e+00 0.000000000000000000e+00 1.660188942612848828e-01
0.000000000000000000e+00 0.000000000000000000e+00 0.000000000000000000e+00 0.000000000000000000e+00 1.285819978697669008e-01 6.031113134316930247e-02 1.263182392479558769e-01 1.424702895920224588e-01 0.000000000000000000e+00 8.324156002011600178e-03 0.000000000000000000e+00 4.795762339776882960e-02 0.000000000000000000e+00 0.000000000000000000e+00 0.000000000000000000e+00 6.582861954869146173e-03 0.000000000000000000e+00 0.000000000000000000e+00 0.000000000000000000e+00 0.000000000000000000e+00 2.594062838295188231e-02 5.480916257706323902e-03 1.381989358332665896e-01 1.599818716887702608e-01 1.498513484297407938e-01
0.000000000000000000e+00 0.000000000000000000e+00 0.000000000000000000e+00 0.000000000000000000e+00 3.221167201565522387e-01 1.794264111311704227e-02 1.488260274141874895e-01 1.536935305934248042e-01 0.000000000000000000e+00 2.754212708400702314e-02 0.000000000000000000e+00 1.001743655738901451e-01 0.000000000000000000e+00 0.000000000000000000e+00 1.005999765280229941e-02 0.000000000000000000e+00 0.000000000000000000e+00 3.469723606072333544e-02 1.450445800469061242e-01 3.990277430438952250e-02 0.000000000000000000e+00 0.000000000000000000e+00 0.000000000000000000e+00 0.000000000000000000e+00 0.000000000000000000e+00
0.000000000000000000e+00 0.000000000000000000e+00 9.475441151148443486e-02 0.000000000000000000e+00 1.300044423378005076e-01 1.081166173712537620e-01 5.247608751759408330e-02 0.000000000000000000e+00 0.000000000000000000e+00 1.108591906143767229e-02 0.000000000000000000e+00 4.785397089162912038e-02 0.000000000000000000e+00 0.000000000000000000e+00 2.892103705076235973e-02 0.000000000000000000e+00 0.000000000000000000e+00 1.409044068471296818e-01 0.000000000000000000e+00 3.176840535804601601e-02 4.852558415502582906e-02 0.000000000000000000e+00 0.000000000000000000e+00 1.572278886517312346e-01 1.483612292461053139e-01
