0.000000000000000000e+00 4.726084537854949308e-02 0.000000000000000000e+00 7.892198460850929909e-02 1.062485339517552918e-01 8.645701729674792890e-02 1.348111169116549685e-02 2.033108659778663091e-02 1.467715097579092021e-01 0.000000000000000000e+00 0.000000000000000000e+00 0.000000000000000000e+00 0.000000000000000000e+00 0.000000000000000000e+00 5.461212438517372425e-02 0.000000000000000000e+00 2.164109039566296591e-02 1.315196188213207384e-01 1.459329752735594177e-01 1.468221018418598145e-01
4.518470656830343019e-02 0.000000000000000000e+00 2.867997206224661214e-03 1.514631443816623346e-01 1.441550611955499106e-01 1.932854608529517224e-02 6.845604925412000774e-02 0.000000000000000000e+00 1.416806457837680999e-01 0.000000000000000000e+00 2.055647128184393685e-02 1.617354062554897387e-01 0.000000000000000000e+00 3.858142429448162530e-03 1.520832462703784575e-02 0.000000000000000000e+00 0.000000000000000000e+00 1.462179195729838288e-01 6.963209103507302100e-02 9.655494323199792159e-03
0.000000000000000000e+00 1.331164056738629725e-02 0.000000000000000000e+00 1.098461632024218398e-01 0.000000000000000000e+00 0.000000000000000000e+00 1.092257778738856683e-01 1.661254825317010630e-01 2.718628896947602458e-01 0.000000000000000000e+00 0.000000000000000000e+00 0.000000000000000000e+00 0.000000000000000000e+00 0.000000000000000000e+00 8.905400248284398024e-02 0.000000000000000000e+00 0.000000000000000000e+00 2.804355042692329228e-02 4.463964109814416714e-02 1.678908521219334149e-01
0.000000000000000000e+00 6.241116691461444377e-02 0.000000000000000000e+00 3.522550874169980053e-03 0.000000000000000000e+00 1.923687864834754818e-02 6.720950179777664124e-02 7.450204003285031129e-02 1.298994329655703273e-01 0.000000000000000000e+00 0.000000000000000000e+00 0.000000000000000000e+00 2.078820641915351489e-03 1.240364647067740966e-01 0.000000000000000000e+00 4.043181063882675917e-03 1.464629555360551661e-03 2.279349420092395273e-01 2.639874316995966530e-01 1.967295908990179809e-02
0.000000000000000000e+00 1.383975829615290924e-03 0.000000000000000000e+00 5.194632951354411290e-03 1.258128624469130943e-02 1.986228026854457152e-02 0.000000000000000000e+00 2.611605405263018875e-01 1.453280960478589177e-03 0.000000000000000000e+00 0.000000000000000000e+00 5.764140951613430652e-02 1.925735501797487259e-01 2.247869581764068425e-02 1.025452368042317763e-02 0.000000000000000000e+00 0.000000000000000000e+00 8.535225147578261173e-02 1.619945440618200116e-01 1.680690284874642726e-01
1.226620010295546015e-01 1.042855019142412965e-01 0.000000000000000000e+00 0.000000000000000000e+00 2.500925556443557296e-01 0.000000000000000000e+00 5.691582710286043241e-03 2.037345729606752573e-02 2.078212885321203615e-02 1.345862330357511516e-01 0.000000000000000000e+00 1.880868445654981513e-01 0.000000000000000000e+00 0.000000000000000000e+00 0.000000000000000000e+00 0.000000000000000000e+00 0.000000000000000000e+00 0.000000000000000000e+00 1.534396949510334618e-01 0.000000000000000000e+00
1.269227440376403948e-02 6.008943739739404377e-02 1.659016288524777644e-02 5.900636888490677634e-02 1.219740994112564758e-01 1.360544054858716934e-01 0.000000000000000000e+00 7.851262825258163713e-02 1.792650522018789938e-01 0.000000000000000000e+00 0.000000000000000000e+00 3.938135736792487684e-02 7.379133134500167474e-03 5.677385496866828307e-02 0.000000000000000000e+00 1.392652991850087604e-03 9.331299116996689957e-02 6.277450164096210969e-03 1.312981312800918787e-01 0.000000000000000000e+00
0.000000000000000000e+00 0.000000000000000000e+00 1.281674214424158471e-02 6.092183632818056610e-02 4.882045763092751622e-02 1.125657385580628861e-01 9.704549521546257385e-02 1.427057179803384035e-01 1.332858839888337865e-01 0.000000000000000000e+00 0.000000000000000000e+00 9.182762001656659748e-03 3.193377311108593769e-02 5.191456552582169454e-02 0.000000000000000000e+00 2.840928204265033216e-03 6.503583250737204717e-03 3.400401365020042348e-03 2.663998384772902628e-01 1.966227621807576514e-02
0.000000000000000000e+00 1.583612275989635110e-01 0.000000000000000000e+00 9.486507592775575426e-02 3.845051382787209593e-02 5.440603000361106389e-02 1.378822151586678139e-02 1.349217449149605619e-01 9.044187178842671981e-02 0.000000000000000000e+00 0.000000000000000000e+00 1.501794726901134192e-01 1.523660106883354681e-01 0.000000000000000000e+00 6.928102135548844936e-03 1.409912200070846840e-02 4.497008069876667902e-02 2.147133746113406155e-02 6.103303638677955167e-03 1.864788510925871265e-02
0.000000000000000000e+00 1.570666417384178060e-01 0.000000000000000000e+00 1.182494098744810151e-01 1.360445200360723972e-01 0.000000000000000000e+00 1.025574429324856152e-01 1.656698783346923637e-02 1.492005659457021349e-01 2.648011158930675506e-03 0.000000000000000000e+00 4.413332841474537638e-02 7.083773689320962963e-03 6.668205715785513292e-03 1.492573057563819847e-02 6.240697963158432088e-02 0.000000000000000000e+00 1.003954606684800748e-03 0.000000000000000000e+00 1.814444478466819277e-01
1.937710061904875450e-02 5.403656616251967248e-02 1.090442481640142500e-02 1.360430041215851538e-01 0.000000000000000000e+00 3.225335533427804019e-02 2.728419563044430854e-02 0.000000000000000000e+00 4.806058480361290013e-03 1.212850635628442975e-02 0.000000000000000000e+00 2.217929177445192579e-01 1.562634669835173684e-01 1.537492602728386410e-03 1.485142871960586641e-01 0.000000000000000000e+00 1.922072515432172307e-02 1.412765065159153066e-01 1.456139228201631941e-02 0.000000000000000000e+00
0.000000000000000000e+00 7.833534389953877852e-02 0.000000000000000000e+00 1.188204330260767411e-01 0.000000000000000000e+00 0.000000000000000000e+00 0.000000000000000000e+00 2.266751082927725147e-01 1.073749146282444722e-01 2.753182013935979305e-02 0.000000000000000000e+00 2.161693007813015599e-01 2.137592561601396254e-02 0.000000000000000000e+00 7.178216999375404764e-03 4.725996272365147466e-02 1.067246265850695444e-02 1.386065112351582140e-01 0.000000000000000000e+00 0.000000000000000000e+00
3.753442580599642645e-03 1.216966989574005675e-01 1.638925803272068410e-02 0.000000000000000000e+00 6.942205862082239699e-03 1.486527824521302055e-01 3.675193127190914955e-02 1.579269896706309850e-01 1.321296991963011487e-02 0.000000000000000000e+00 0.000000000000000000e+00 1.368862135173285477e-01 1.787628476145994849e-01 2.164887672220500506e-02 2.789670593981023738e-02 0.000000000000000000e+00 1.071098831625861142e-01 1.119160267357770374e-03 2.125003402900924737e-02 0.000000000000000000e+00
3.822125975886249416e-02 2.619904306113967490e-02 0.000000000000000000e+00 2.349304815833272997e-01 2.094000215235946802e-02 1.638182053134962235e-01 0.000000000000000000e+00 1.188390249083987049e-01 0.000000000000000000e+00 0.000000000000000000e+00 1.005578942520509063e-02 2.870979126609397580e-01 3.626421236521799873e-02 3.015313139452781982e-02 2.019962148971198718e-02 7.804621472323951085e-03 0.000000000000000000e+00 0.000000000000000000e+00 5.476694414489642962e-03 0.000000000000000000e+00
0.000000000000000000e+00 6.765945186611757589e-02 5.067884509027590495e-02 1.233315487484703404e-01 0.000000000000000000e+00 4.045397103001924927e-02 0.000000000000000000e+00 1.786291886725402955e-01 0.000000000000000000e+00 0.000000000000000000e+00 4.125518919251684041e-02 0.000000000000000000e+00 0.000000000000000000e+00 0.000000000000000000e+00 1.756548188181560610e-01 0.000000000000000000e+00 0.000000000000000000e+00 1.989760471661245270e-02 7.667111456446050466e-02 2.257682673008308827e-01
1.914857792398651573e-02 0.000000000000000000e+00 0.000000000000000000e+00 1.335762238329097447e-03 6.323772017704488990e-02 2.442749422271929798e-03 0.000000000000000000e+00 1.617489788829791497e-01 1.427810340693330959e-01 0.000000000000000000e+00 0.000000000000000000e+00 1.195413201779329943e-01 1.000455776178510864e-01 0.000000000000000000e+00 8.723841375677015078e-03 0.000000000000000000e+00 0.000000000000000000e+00 0.000000000000000000e+00 2.582381236401126157e-01 1.227563144744817369e-01
1.223672744631773418e-01 0.000000000000000000e+00 0.000000000000000000e+00 2.809648447798897969e-02 1.587958945309816960e-02 1.687531888971501026e-01 2.303850794230777148e-03 1.318221352159635318e-01 1.323331987643375784e-01 0.000000000000000000e+00 0.000000000000000000e+00 1.353907789448693111e-01 0.000000000000000000e+00 1.862852133150644240e-02 1.929713443572015491e-02 3.745398409308942685e-03 1.394251105203364463e-03 0.000000000000000000e+00 6.124478458719949392e-02 1.587434091202456765e-01
9.442541146589147547e-03 3.927333291608367527e-02 0.000000000000000000e+00 2.165286972041858063e-02 0.000000000000000000e+00 8.361023037589455920e-02 1.172392912811838316e-04 3.161804439152576807e-02 0.000000000000000000e+00 4.026103288658868656e-02 0.000000000000000000e+00 4.433511698247252081e-02 1.879408840462143682e-01 1.638434415408752676e-01 6.051813275253815211e-02 0.000000000000000000e+00 0.000000000000000000e+00 0.000000000000000000e+00 1.557475758790325959e-01 1.616395580704855228e-01
0.000000000000000000e+00 9.439857967744205713e-02 0.000000000000000000e+00 1.512289560515680809e-01 8.685483287966096200e-02 0.000000000000000000e+00 2.064006176583769656e-02 0.000000000000000000e+00 0.000000000000000000e+00 0.000000000000000000e+00 0.000000000000000000e+00 1.519076611951044320e-01 0.000000000000000000e+00 1.124374820828775295e-01 1.496459360395588634e-01 0.000000000000000000e+00 1.096083548659529255e-01 0.000000000000000000e+00 0.000000000000000000e+00 1.232781354419974496e-01
1.616496261612022445e-03 0.000000000000000000e+00 2.285877299574141236e-02 0.000000000000000000e+00 2.070654197932944862e-01 1.584149665222144288e-01 3.553481514080655043e-03 1.123486547452379192e-01 6.472670560310855858e-02 0.000000000000000000e+00 0.000000000000000000e+00 6.492515508288963788e-02 0.000000000000000000e+00 0.000000000000000000e+00 0.000000000000000000e+00 9.403855010460685296e-04 0.000000000000000000e+00 3.906580639364422292e-03 1.574967359638414222e-01 2.021466453775689343e-01
0.000000000000000000e+00 4.390078864877716008e-02 0.000000000000000000e+00 1.075447175076491013e-02 0.000000000000000000e+00 9.386277521134536728e-02 0.000000000000000000e+00 1.287445472240472399e-01 5.889258848968063204e-02 0.000000000000000000e+00 0.000000000000000000e+00 1.449486068999515653e-01 1.393891690684822271e-01 1.288505161002252430e-01 4.003857008110033727e-02 0.000000000000000000e+00 0.000000000000000000e+00 0.000000000000000000e+00 3.797728922920108607e-02 1.726406772964242109e-01
4.349267218096369500e-03 0.000000000000000000e+00 3.625817605822425575e-03 1.203304722449617808e-01 1.937148428334138361e-01 0.000000000000000000e+00 0.000000000000000000e+00 1.350049297498756851e-01 2.705145604447255561e-02 0.000000000000000000e+00 3.853902628539149309e-03 1.686920875622232030e-01 0.000000000000000000e+00 0.000000000000000000e+00 1.358233558619133252e-01 0.000000000000000000e+00 0.000000000000000000e+00 1.334655583100039303e-02 4.963331969933946347e-02 1.445739927203418818e-01
0.000000000000000000e+00 2.280100431112970158e-03 0.000000000000000000e+00 8.001409792144611316e-03 1.528799908718913025e-01 1.267600558261670063e-01 0.000000000000000000e+00 1.561795507634412133e-02 5.794007425468618994e-02 0.000000000000000000e+00 0.000000000000000000e+00 1.268949146027364416e-01 1.830754773067390095e-01 7.366986584039293337e-03 5.475179507136032978e-03 0.000000000000000000e+00 0.000000000000000000e+00 0.000000000000000000e+00 1.556163268679602862e-01 1.580915288790429030e-01
0.000000000000000000e+00 6.750034459810044796e-02 0.000000000000000000e+00 2.530950651870041840e-02 1.060184698244430040e-01 2.606974212065396590e-01 9.055505663493650798e-03 6.636858024042679993e-02 9.529257921069904380e-02 0.000000000000000000e+00 1.977127071617865682e-03 0.000000000000000000e+00 3.666043984249128286e-04 0.000000000000000000e+00 9.864326608959089401e-03 4.449254889316558992e-02 0.000000000000000000e+00 0.000000000000000000e+00 1.309100336841236001e-01 1.821469520813057408e-01
3.862804067596779800e-02 1.448347521996814768e-01 5.488558289405325030e-02 1.307275323980750248e-01 0.000000000000000000e+00 0.000000000000000000e+00 1.084578550215305193e-01 2.612483042435258598e-02 9.841942893704595796e-02 0.000000000000000000e+00 1.766435802228686139e-02 0.000000000000000000e+00 3.764578055342850116e-02 1.460008846859447429e-01 4.481251320885760309e-02 0.000000000000000000e+00 0.000000000000000000e+00 0.000000000000000000e+00 7.451739615099309787e-03 1.443467013636762497e-01
0.000000000000000000e+00 1.355659539705309224e-01 1.354526130643339717e-02 1.175253295252397939e-01 0.000000000000000000e+00 0.000000000000000000e+00 1.394358802835679286e-03 6.937519533799824112e-02 2.510249173641067588e-01 1.716022007318454556e-02 0.000000000000000000e+00 1.860058713168397382e-01 8.469710264122755003e-03 0.000000000000000000e+00 0.000000000000000000e+00 3.692239231482349893e-02 1.175911971963173736e-01 0.000000000000000000e+00 0.000000000000000000e+00 4.541959252756733179e-02
0.000000000000000000e+00 6.334306944073089807e-02 8.272050606056868816e-02 8.425614102599832123e-02 4.839269507451064711e-02 4.993837171444207024e-02 6.605837554140207499e-03 1.371836644496839674e-01 0.000000000000000000e+00 0.000000000000000000e+00 0.000000000000000000e+00 1.711516986402018270e-01 7.869559060019114607e-03 0.000000000000000000e+00 1.423218863358875763e-01 0.000000000000000000e+00 8.993104793184750548e-03 0.000000000000000000e+00 6.145594501292907935e-02 1.357675208377028819e-01
0.000000000000000000e+00 5.336547036547613365e-02 0.000000000000000000e+00 8.951961101041631258e-03 3.642103382192085105e-03 1.012207794902876268e-01 1.961029919278265699e-01 1.580174665002347656e-01 5.806955358999912192e-02 0.000000000000000000e+00 0.000000000000000000e+00 2.435464674230066184e-01 1.272245366148115446e-02 0.000000000000000000e+00 0.000000000000000000e+00 0.000000000000000000e+00 0.000000000000000000e+00 0.000000000000000000e+00 1.643607525584542539e-01 0.000000000000000000e+00
0.000000000000000000e+00 2.790993060273920263e-03 0.000000000000000000e+00 3.937901459388799819e-02 8.616272182651354972e-02 1.226502548044053481e-01 0.000000000000000000e+00 9.901968370801202124e-02 0.000000000000000000e+00 0.000000000000000000e+00 0.000000000000000000e+00 2.779611989103000225e-01 2.004236439649776380e-01 4.790323782165228396e-03 0.000000000000000000e+00 0.000000000000000000e+00 2.377673322389087067e-03 1.475309023815605039e-02 4.740643179960977657e-03 1.449507586089580913e-01
1.415345486033494846e-02 0.000000000000000000e+00 1.858331034825740557e-03 0.000000000000000000e+00 1.064929312341479466e-02 0.000000000000000000e+00 0.000000000000000000e+00 1.985937231543982440e-01 7.420598853105070392e-02 1.922164871791499918e-02 0.000000000000000000e+00 1.578666301310177045e-01 1.624395380201192340e-01 7.844823457925320653e-02 1.924888846397457970e-02 0.000000000000000000e+00 4.345451145347001103e-03 0.000000000000000000e+00 5.563344289392121306e-02 2.033353753444277212e-01
0.000000000000000000e+00 1.146148407208797265e-01 1.017472525428473641e-02 1.210616694804127723e-02 2.405744667651663338e-01 1.069858375780182065e-02 9.189090127790602858e-02 5.955097426944543082e-02 5.786379866951898640e-04 0.000000000000000000e+00 0.000000000000000000e+00 1.012820252736490456e-01 0.000000000000000000e+00 0.000000000000000000e+00 2.469195290917734417e-02 2.479077712865618288e-02 0.000000000000000000e+00 1.090159134464342983e-01 0.000000000000000000e+00 2.000300342618626104e-01
0.000000000000000000e+00 9.716221229265110948e-02 2.072266431716184715e-02 2.886924218481687343e-02 0.000000000000000000e+00 2.529252598448075706e-01 1.154650278959620281e-02 3.719472377705206056e-02 6.038685953446763788e-02 0.000000000000000000e+00 0.000000000000000000e+00 1.598861797970752008e-01 0.000000000000000000e+00 0.000000000000000000e+00 1.160871369018419766e-02 0.000000000000000000e+00 2.647590080658752693e-03 0.000000000000000000e+00 1.700312202130291883e-01 1.470188314784993122e-01
0.000000000000000000e+00 1.285018972095858247e-01 0.000000000000000000e+00 2.511856029180269470e-02 8.636811070029554172e-02 1.711114894812788001e-01 0.000000000000000000e+00 2.215066450751840624e-02 1.187535604307468629e-01 0.000000000000000000e+00 0.000000000000000000e+00 2.123909513825138762e-01 0.000000000000000000e+00 0.000000000000000000e+00 3.460854127119718238e-02 1.665835980513525683e-03 0.000000000000000000e+00 2.004247391500689826e-02 1.792443525484095634e-02 1.613634795746994588e-01
1.548975357749188091e-02 1.143180864940807756e-01 9.186541844379474131e-02 0.000000000000000000e+00 3.648670840284067018e-02 9.316517197790795402e-02 0.000000000000000000e+00 1.385361794760826271e-01 6.037070730632366523e-03 0.000000000000000000e+00 0.000000000000000000e+00 1.640299543429545592e-01 7.759317985999820977e-02 0.000000000000000000e+00 0.000000000000000000e+00 1.763965511344115292e-02 1.008838313276495396e-01 1.308611806471895317e-02 1.308688721884065098e-01 0.000000000000000000e+00
1.304469274514580279e-03 1.459579509920999052e-01 7.059168369387600062e-02 1.467920110227058372e-01 8.416232497380932501e-03 3.872133963737075385e-02 0.000000000000000000e+00 1.509358302746123259e-01 5.995747689281142462e-02 0.000000000000000000e+00 0.000000000000000000e+00 0.000000000000000000e+00 1.796692359857992860e-01 0.000000000000000000e+00 0.000000000000000000e+00 0.000000000000000000e+00 0.000000000000000000e+00 0.000000000000000000e+00 1.548362935617704494e-01 4.281747616705854076e-02
0.000000000000000000e+00 1.007509404245089321e-02 8.258358881344358970e-02 1.032380544760677921e-01 1.760112930490042443e-02 1.690203885112651419e-02 4.107068463192611874e-02 1.764102885648572983e-01 2.320311967854172402e-02 3.451643221808665951e-02 0.000000000000000000e+00 1.435854250591396819e-01 0.000000000000000000e+00 5.817524955589534197e-02 0.000000000000000000e+00 0.000000000000000000e+00 8.629303441062394220e-02 4.648766338302422890e-02 6.185355111904573301e-03 1.536728418980112532e-01
0.000000000000000000e+00 7.462951867448545940e-02 1.206174446698525388e-01 5.083580079196631761e-03 1.393917069392769659e-01 1.266173240997285898e-01 8.408783451438459067e-03 5.413143197160500547e-02 0.000000000000000000e+00 0.000000000000000000e+00 0.000000000000000000e+00 4.623721123518544779e-02 7.692544506392967607e-02 2.555791206284134184e-02 1.386664615086378727e-01 1.060992525927750320e-03 0.000000000000000000e+00 0.000000000000000000e+00 0.000000000000000000e+00 1.826721877178943132e-01
0.000000000000000000e+00 7.688293669797553742e-02 0.000000000000000000e+00 5.620573424607130941e-03 9.968950830879851066e-02 8.981584750349094759e-02 0.000000000000000000e+00 5.508359604500721873e-02 0.000000000000000000e+00 9.179153557480397574e-02 0.000000000000000000e+00 2.007135443755742876e-01 0.000000000000000000e+00 0.000000000000000000e+00 0.000000000000000000e+00 0.000000000000000000e+00 0.000000000000000000e+00 5.222494489127676304e-02 1.821199030707454092e-01 1.460576101077202538e-01
1.077626035088382001e-03 5.786988964003188241e-02 2.705158105256541545e-02 3.284817612297066987e-03 1.705261886521573511e-01 0.000000000000000000e+00 1.810625863257297186e-01 0.000000000000000000e+00 0.000000000000000000e+00 0.000000000000000000e+00 0.000000000000000000e+00 7.709373541977083272e-03 0.000000000000000000e+00 3.751935114845020292e-02 3.630504756250399218e-03 0.000000000000000000e+00 2.179554432730070393e-02 2.536186384669785743e-01 1.540941587835195359e-01 8.075973965765359530e-02
0.000000000000000000e+00 1.612106695943237578e-01 5.986971595692847092e-02 4.570181538842193504e-03 1.360575578210903580e-01 0.000000000000000000e+00 0.000000000000000000e+00 6.688292512133810382e-03 1.841346453842865605e-01 0.000000000000000000e+00 0.000000000000000000e+00 5.542839305871004318e-02 0.000000000000000000e+00 3.079031345222146832e-02 1.472151343609329199e-01 0.000000000000000000e+00 0.000000000000000000e+00 0.000000000000000000e+00 6.342832691119695832e-02 1.506067694093335407e-01
3.712706007611339676e-02 1.533081212544825100e-01 0.000000000000000000e+00 0.000000000000000000e+00 4.567544422061148301e-02 1.352893399697961130e-01 0.000000000000000000e+00 8.662008953490005214e-02 0.000000000000000000e+00 0.000000000000000000e+00 0.000000000000000000e+00 8.279422018697155106e-02 1.377988863090875149e-01 0.000000000000000000e+00 1.503149769478008269e-01 0.000000000000000000e+00 2.108745194696005215e-02 1.424547344420569505e-03 0.000000000000000000e+00 1.485598622088559750e-01
6.653564812577218712e-02 1.172622566006503997e-01 3.530431475358481591e-02 4.741561700607892227e-02 5.655236502420421529e-02 1.256141269577876023e-02 0.000000000000000000e+00 1.099808890928383881e-01 3.028305549058585636e-02 1.127709294927390360e-01 3.921071795216457719e-03 1.475776983927072350e-01 1.761596772255959731e-01 0.000000000000000000e+00 2.478509520027890808e-03 0.000000000000000000e+00 0.000000000000000000e+00 5.027506352310577575e-03 7.616904843190924757e-02 0.000000000000000000e+00
0.000000000000000000e+00 1.434529331701779598e-01 1.368321807587923392e-02 0.000000000000000000e+00 1.938753066713955753e-01 7.841754992860626439e-02 0.000000000000000000e+00 2.804128211574850177e-02 0.000000000000000000e+00 0.000000000000000000e+00 7.982010449840642270e-04 5.493559726750531919e-02 0.000000000000000000e+00 0.000000000000000000e+00 7.969312862399109687e-04 8.939124328928536867e-03 1.838884773025734401e-02 1.445513073161222295e-01 1.592997318430575127e-01 1.548199692210974754e-01
1.398902791151589442e-01 1.686251546226201214e-01 0.000000000000000000e+00 1.281274040287245231e-01 7.222537473151996110e-03 0.000000000000000000e+00 0.000000000000000000e+00 7.758190434970893556e-02 2.135920286441384541e-01 5.578086954851223592e-03 0.000000000000000000e+00 0.000000000000000000e+00 0.000000000000000000e+00 0.000000000000000000e+00 1.004171170911598472e-02 0.000000000000000000e+00 1.095459682214993680e-01 0.000000000000000000e+00 1.397949248810303469e-01 0.000000000000000000e+00
2.377226969780686389e-03 5.556917211341382695e-02 1.047053124949234165e-01 1.010262973078742271e-01 1.676815504702172666e-01 0.000000000000000000e+00 1.781498599922233805e-01 0.000000000000000000e+00 1.397034192383293516e-01 0.000000000000000000e+00 0.000000000000000000e+00 4.994386915843299773e-02 0.000000000000000000e+00 1.311949041083962895e-02 1.534101327670256941e-02 2.198011731263827418e-03 0.000000000000000000e+00 0.000000000000000000e+00 1.701847768359988355e-01 0.000000000000000000e+00
