0.000000000000000000e+00 1.788550134061968611e-01 0.000000000000000000e+00 7.080603385147550555e-02 4.893446283897218835e-02 2.078074292742740706e-02 1.679065605206836176e-01 0.000000000000000000e+00 0.000000000000000000e+00 8.500004136845840455e-03 5.535131630927512397e-02 1.369564842454102094e-01 1.635243758951916433e-04 1.404143556918057908e-02 9.307928262240268424e-02 2.199037712651269114e-02 8.208036968810603073e-03 3.229549985228495623e-02 0.000000000000000000e+00 1.421312252486265915e-01
9.657377430589159789e-03 0.000000000000000000e+00 6.043565526987095329e-03 2.297878805598579377e-01 1.056713703911865421e-01 1.313300637742868295e-02 2.276071585885767676e-02 1.665831792336448943e-04 0.000000000000000000e+00 9.983990450485739909e-02 2.218291679489482193e-01 1.275202031559444227e-01 0.000000000000000000e+00 4.564273911361094865e-02 0.000000000000000000e+00 6.332655755851103463e-02 0.000000000000000000e+00 4.879109043692225062e-02 6.643196271553122954e-04 5.165518329909502514e-03
9.734252181758770717e-02 1.004903768788290574e-01 0.000000000000000000e+00 2.659079383894702442e-01 3.483286767381835181e-02 1.329350073509791563e-01 4.907145820886941318e-02 4.632544658553213596e-02 1.303267046888625658e-01 4.945593077813275479e-02 0.000000000000000000e+00 0.000000000000000000e+00 0.000000000000000000e+00 9.133772701023364429e-03 4.626358910942643399e-02 2.362096802513566352e-02 0.000000000000000000e+00 5.890147593072646640e-03 0.000000000000000000e+00 8.403270199260536033e-03
1.756741226520987980e-03 3.625985319897663539e-02 1.561259834514610451e-02 1.384391789825639152e-01 7.538489150281380002e-03 2.803743947430609867e-02 1.180072093846934594e-01 1.330619162401091016e-01 1.675827695090404135e-01 1.728543814789686509e-02 3.343242093303886060e-03 7.227878173355731239e-02 1.068260522889575518e-03 0.000000000000000000e+00 1.438125614494308382e-02 1.796056485268749314e-03 8.271809018059740311e-04 1.391111522484037577e-01 2.091273659073938918e-02 8.269969961955328519e-02
1.228059737075287844e-01 1.577734089862598554e-01 4.166988616144271180e-04 4.068945135697259012e-03 1.155751611030913367e-01 8.032790066941167262e-02 2.270383263189522036e-02 7.426955565133146198e-02 1.544203127106894349e-02 6.031986454292196341e-03 2.105772450733550683e-02 1.600766026056719415e-01 0.000000000000000000e+00 7.310803256315803050e-03 0.000000000000000000e+00 3.752939132833262026e-02 6.986773833086736690e-03 1.851551377808600268e-02 3.037215571740620179e-02 1.187355405015741161e-01
1.373698867918182187e-01 1.209369199996732230e-01 1.176079429550556596e-02 1.257216067246428627e-02 7.242063563996879727e-02 6.836906289106378654e-02 1.014635816638333604e-01 6.778495202799776631e-02 1.549444532363319915e-01 8.109435622351153505e-02 2.026806192975870446e-02 6.848043722027591373e-02 1.104586060827428230e-03 5.624134614679985114e-03 7.891130828311570047e-04 2.070257305753911772e-02 2.568883238134427038e-02 4.094300056413093317e-03 2.453115815416175710e-02 0.000000000000000000e+00
1.293341935907637852e-01 1.299243901417495850e-01 3.324873068973301571e-04 3.572057465068717574e-02 1.093001346409911388e-02 1.339751772257484208e-01 1.126704844358912272e-01 2.928749338498366078e-02 1.619710193524157571e-01 1.053460206910157571e-01 3.486939645524827266e-03 8.888550286468734421e-03 4.531704357310682241e-04 0.000000000000000000e+00 3.171164341961565936e-02 6.335213244891415435e-03 0.000000000000000000e+00 4.164561372110731075e-02 4.975993929166543789e-03 5.301102107324266732e-02
1.921062956048994186e-01 2.939930662861440017e-02 6.281326274955280342e-02 1.750262575090450259e-02 6.388102967978100989e-03 3.930936832435483891e-02 8.303759654324012474e-02 3.070056126668306920e-02 0.000000000000000000e+00 1.241678919448257340e-01 2.539549930711922088e-02 2.078567916993328268e-01 1.370506272327922000e-02 5.250174619375968729e-03 7.254094505131419325e-03 1.495093377703193664e-02 3.425782457867064187e-03 8.905567169036482378e-03 1.241428260967980396e-01 3.688255863974889553e-03
2.061599979953278663e-02 5.730246319215482470e-02 0.000000000000000000e+00 2.466693568572429218e-01 2.039837856298491459e-01 1.212043142046634187e-01 2.384369027090175661e-02 1.004053739500952586e-01 5.865667348560453694e-03 4.729071469777956609e-03 3.405379961847305841e-03 4.068874667202973527e-02 4.240550254703558640e-03 2.319624281891302653e-02 1.559687607199761530e-03 1.631447814644647755e-04 1.669742660596467212e-02 1.102394627955838036e-01 1.518963577951520753e-02 0.000000000000000000e+00
1.694805007129133317e-02 1.274655270450188449e-01 1.854338716798589097e-03 9.554079041053328836e-02 1.184992480572415324e-01 1.607063047781655263e-01 1.040236668709494314e-02 1.111895038670883754e-02 6.970265521916094165e-02 7.110975475816566638e-02 1.773914318852581884e-02 6.977321776341774417e-02 0.000000000000000000e+00 8.291129629886874464e-02 1.073578630345401047e-01 9.549705389570360692e-03 2.624503572969356241e-03 2.073714815519454857e-02 4.188466713723612393e-03 1.770669753010127015e-03
1.626315881094434271e-02 1.186251682176718558e-01 2.210498669909184092e-03 1.144627931907426371e-02 9.754300048514330176e-03 2.505840014096958474e-02 1.174642895749678922e-01 3.787309060508179531e-02 1.994619396002520750e-01 1.739803677395069040e-02 1.027044150174131337e-01 6.434113064863501708e-02 6.653125352623856731e-04 1.141861698878333335e-03 0.000000000000000000e+00 4.084675357853845799e-03 7.714883949317412337e-02 1.656100724966953486e-01 2.627180740813691087e-02 2.476723582614857085e-03
4.417472130951180520e-02 3.768442827972119658e-02 4.036101969498333449e-03 1.665582918214049586e-04 2.887285098867670152e-02 5.881859624782552649e-03 8.812813709703126719e-02 1.141050943019045333e-01 8.657977248481246724e-03 1.247713005289936422e-01 8.651873527306436218e-02 1.227320416822894472e-01 7.574391688287238078e-02 1.315174756139612629e-03 2.645880414538704772e-03 1.043423347483941332e-01 3.388779552445751221e-03 1.378136596326396679e-01 8.818659082524781673e-03 2.017883346683373678e-04
1.638454785716669526e-01 5.133501021477158109e-03 3.329461609731599659e-04 2.956567019437842531e-02 8.549320090104439273e-05 1.303700484918205726e-01 9.059245673068696755e-03 6.961619444224130537e-02 2.934686280698020535e-03 1.589631453046698173e-01 8.824484375839980466e-02 1.589617096617441938e-01 3.063900366118606569e-02 1.095159870452640238e-02 1.212408308955249467e-02 8.055537207219848339e-02 6.801534764091462550e-03 1.906523980655242326e-02 7.607347683157288099e-03 1.514285745669610023e-02
1.105483668589941487e-01 4.195394514618023402e-02 4.372658727909879001e-02 5.030037916380925012e-02 1.282725723881354132e-03 1.391278215213128666e-01 3.059823960785822486e-02 1.139262029753232777e-02 3.281705712301188948e-04 6.846703830971756499e-02 2.019673363132455934e-01 1.676821670248531682e-01 8.258777880841453945e-04 2.114170654695725869e-03 1.041836889076554369e-02 2.639651057919909123e-03 1.244677352805367669e-02 1.003769557944789448e-01 3.802804468288380636e-03 0.000000000000000000e+00
6.396627390759850040e-03 1.671289647351937857e-01 3.331054179959577690e-04 6.265792231740363941e-03 3.629042274233764548e-02 2.179267144574865284e-02 3.471405619536778973e-03 6.684697361436101395e-03 3.941290421179199227e-02 2.150131760344119528e-02 4.062131812977149564e-02 1.307269728197638370e-01 3.168730927136437225e-02 1.278034727525768355e-01 1.992326538893843535e-01 2.779173566284954058e-02 2.177731447660887550e-03 9.422624971831715379e-02 1.926661485316479364e-02 1.718803269516434862e-02
8.425227629530629425e-02 1.984654242555613027e-02 1.946495463530757523e-03 1.372729067186763408e-01 1.189496818602646250e-01 1.465712159307601681e-01 6.179335242449227744e-02 1.000034932489024808e-01 3.145173647475739930e-03 2.554253398733998676e-02 1.130619484543964604e-01 1.102288967564170503e-02 1.155100048323564818e-02 0.000000000000000000e+00 2.710311598068693151e-02 1.113675928754337234e-02 5.626619969953756441e-03 8.858140970110930934e-02 1.317860835822182207e-03 3.127472360930598494e-02
1.471032793307225917e-01 2.667505884913160680e-02 1.350122989791905813e-03 6.427690288498708222e-03 8.416723471237956555e-02 1.417524770924954158e-01 9.016514116780534327e-02 1.528403191602701050e-01 9.274266751708849441e-03 1.052692524552585746e-01 0.000000000000000000e+00 3.299181450801956408e-04 1.610211729900890704e-02 0.000000000000000000e+00 1.633162036757163094e-02 2.894979251525165061e-03 1.668568720180930564e-03 2.386270476929271481e-03 2.899579183668807270e-04 1.949717250232743948e-01
1.288161843610887980e-01 1.340910611208340208e-01 4.992415962617203226e-04 2.819573478557838020e-02 6.248552928224974413e-03 1.046527703783251689e-02 4.317471353009869756e-02 3.528256070128784477e-02 2.767832340248872411e-02 2.829247950429746375e-02 2.808050771824971426e-03 1.442443803361197485e-01 4.000209249040954864e-04 4.079928727806528960e-02 1.957053096339859619e-02 9.175083118832035468e-04 4.610923398812932089e-02 1.776867935909435259e-01 9.435487315336518396e-03 1.152845775514015764e-01
1.817668127391956941e-03 1.950492449896325947e-02 1.476841893316890170e-02 2.357494482547069226e-01 6.442855675104608437e-02 2.908634706470123506e-03 5.717300419348766462e-03 2.708416968650328299e-02 1.480070261974073542e-01 4.346467530358986281e-02 6.215074179112461961e-02 1.131155965909391159e-01 0.000000000000000000e+00 1.309417673731132084e-03 6.145948481848082304e-03 4.756536922243022325e-02 9.805770348227048870e-04 1.798545623999687759e-01 3.645404839787861739e-03 2.178155908675109484e-02
8.599336058856670018e-02 1.159588172429955669e-02 9.160176031030438327e-04 1.779803750307519875e-02 5.430058602364234988e-02 2.233568275957446836e-02 1.905413736301617839e-02 1.317902162997708626e-01 8.229653519183116606e-02 1.181288000400148794e-02 1.490974783341779408e-01 2.519145414333211208e-02 1.084635708694221996e-02 5.701794281997595720e-02 2.510802656723898699e-03 1.164985125410654236e-02 1.220280847900960530e-02 3.556165378634671553e-02 1.360587869248601478e-01 1.219695294536437685e-01
6.893682063833130556e-03 1.388908240763645774e-01 6.948498605336065129e-03 1.511452870415031791e-01 4.994250335243870242e-02 1.358273316796490549e-01 5.258943980381187294e-02 1.187637824329283442e-01 1.470001423823079079e-01 5.043749201846799840e-02 3.574674229330806335e-02 1.451331564237721972e-02 0.000000000000000000e+00 8.079187743115249717e-03 1.662406899758844586e-04 1.726064873309251981e-03 0.000000000000000000e+00 0.000000000000000000e+00 3.297328925717313763e-04 8.099973240870163294e-02
9.918932272561992169e-03 6.454546464125426875e-02 6.485684121141614342e-03 1.632150400004117874e-01 4.693996881787351229e-03 8.277917482142981009e-03 1.309500018434885393e-01 8.956014793876314328e-02 4.528145067011813546e-03 7.831549320517850257e-03 1.006193644355487804e-01 1.323554751650839190e-01 1.292473876028837031e-02 2.657805664683408550e-02 1.900433267087042744e-02 3.153520012647956943e-04 0.000000000000000000e+00 4.743273146141992885e-02 2.545236251096930427e-02 1.453107067786389428e-01
1.387382840327303427e-02 1.043199552705302291e-01 7.410508579843448108e-03 1.900295692527025626e-01 5.817989447878833820e-02 1.155658285513529310e-01 9.129460372240384702e-02 2.053865248462754482e-03 1.489337712804036651e-01 1.299480758558702598e-01 6.395390826150348929e-02 1.657851531229833676e-04 2.540406521501224757e-02 0.000000000000000000e+00 0.000000000000000000e+00 2.435078465343543455e-03 0.000000000000000000e+00 4.327573609739386595e-02 0.000000000000000000e+00 3.155526163992800320e-03
2.356319968301198720e-02 1.497144730967295279e-02 1.435945948201961279e-03 6.398765362465805035e-04 1.267227001674769149e-01 1.518263032267862800e-01 5.818079135340280955e-02 7.389435907272716431e-02 1.173956825981643283e-02 9.130943810975832020e-02 2.937914120865664155e-02 3.463397505660071544e-03 2.158806601589236332e-02 9.676793490976565160e-02 1.403945761671100863e-02 1.472499403278547392e-02 8.625664358672756327e-03 4.022299497049479367e-02 1.106433829012240799e-01 1.062613368130358171e-01
1.078259500459095438e-01 9.001833038737387660e-02 1.619510747559795710e-02 1.148608027906411755e-01 5.351196133359901151e-03 1.333502247095772475e-01 1.302353109790885810e-01 8.405202544095743966e-02 1.444603711973743987e-01 3.752979739323236783e-03 3.647566110985723392e-02 8.097979700488341925e-02 0.000000000000000000e+00 0.000000000000000000e+00 6.634520075204182379e-04 1.214620760192967712e-02 3.504757763224560212e-03 3.445183458076574168e-02 1.675991032615630838e-03 0.000000000000000000e+00
6.256105653025943736e-02 8.044576038447101562e-02 4.981722224756451357e-03 1.136670373446593274e-01 2.075021983039755311e-02 4.561744411733497512e-02 2.281029339152327445e-02 7.244221267205502857e-02 7.628652064608405087e-03 1.067109989084041033e-01 1.258656691687267681e-01 1.484047921962089733e-01 4.289042121640015284e-06 9.840113585993870426e-02 1.826125612106253848e-02 1.943360167467798882e-02 3.545585569166074483e-03 4.668337504612964789e-02 1.493035324296756745e-03 2.918625292013920635e-04
2.146595910858531131e-01 0.000000000000000000e+00 0.000000000000000000e+00 9.259735598672978740e-02 6.200408236542326312e-02 1.812975042626100916e-02 6.443322557157707409e-02 1.072526927321063896e-02 7.157333546561649329e-07 1.291985324300921334e-01 5.357011936931314194e-02 1.640596539423637423e-01 6.605094161919336500e-06 6.261560751119500147e-03 1.290835332557362380e-01 0.000000000000000000e+00 3.166457148838450371e-03 3.776262005965994734e-02 0.000000000000000000e+00 1.434092750630529094e-02
9.473062571926811615e-02 1.464798065252763404e-01 2.859639961236675083e-03 1.717726391391540333e-02 4.875692733471177764e-02 1.338849993913301117e-01 7.089518991195804809e-02 1.382296828686638002e-01 3.646826636935175669e-02 8.981477763659835578e-02 3.907100554671781752e-03 3.441333547769675344e-02 8.575063744581353994e-03 1.952493681903090224e-03 1.442529135816609798e-01 9.881993014544921197e-03 0.000000000000000000e+00 6.438615710078248768e-03 0.000000000000000000e+00 1.128130460255224142e-02
1.263531807762211835e-02 4.582366319344934047e-02 2.838069850048079157e-03 2.304507362840411966e-01 4.829940302165154241e-04 1.447794135839196583e-01 4.569426907352829026e-02 3.489199799091130538e-02 1.654636483077499300e-04 1.137794967509228872e-01 1.486032900826116457e-02 1.532746185417645235e-01 8.455638454564169681e-02 3.792097111957388328e-02 3.314879409212943763e-04 0.000000000000000000e+00 0.000000000000000000e+00 5.548295182845965762e-02 1.900845504601603522e-02 3.023379486394768296e-03
0.000000000000000000e+00 7.969941029565336121e-02 5.233280215136806683e-03 1.056378602312214449e-01 8.041950655245630464e-02 4.982083238706731029e-04 1.296326768497056414e-01 8.558773687738466251e-02 6.958957166317514265e-02 2.917333268497067020e-02 9.547805344447161252e-03 1.137602839774891905e-01 4.125977573324984826e-02 8.447125409882435057e-03 1.842649927552902781e-03 0.000000000000000000e+00 1.873974102590088633e-02 1.172006504582242536e-01 0.000000000000000000e+00 1.037303844296786903e-01
2.631602883353761219e-02 4.512673878865922084e-02 1.393446649187313376e-02 2.625043666449701496e-02 3.377118842397750214e-03 6.201754848427692979e-02 3.304136189266652923e-02 3.341683598472943578e-02 1.224112738976262382e-01 1.140253983971804830e-01 6.318800808187356732e-02 9.650151588366907840e-02 5.631661091569113708e-02 4.041788994381139560e-02 0.000000000000000000e+00 1.314565172498019952e-03 1.837811146340119668e-03 2.811670613409863323e-02 1.060929173209110288e-01 1.262967671236625289e-01
3.227865740597247318e-02 2.086418545756769938e-01 3.333234026468169520e-02 1.953503948074013508e-01 0.000000000000000000e+00 1.319327213289197276e-01 4.397886380928079514e-02 4.958377932681901253e-04 1.451616803043576931e-01 2.437005032388283362e-03 2.196112107782166069e-03 1.708256127739773700e-01 0.000000000000000000e+00 0.000000000000000000e+00 0.000000000000000000e+00 4.798926172336089209e-03 0.000000000000000000e+00 1.617597625242334428e-02 7.272142463732741979e-03 5.121874907801061104e-03
8.429890013983922306e-03 9.669037810687168555e-02 1.221254700280963341e-02 3.820919146172736813e-02 1.060906207826155245e-02 1.664752686379070840e-02 3.000774986018575272e-02 5.750951860217554085e-05 2.583860778716470241e-01 1.436509318264226898e-01 2.103888516359037498e-03 1.898972645703086437e-01 2.524851168669506318e-02 0.000000000000000000e+00 6.856321701637196550e-03 1.048513635359009516e-01 2.863614720320081363e-03 2.614840919274747256e-03 4.909747040436501092e-02 1.565859340836704087e-03
8.524821439038865467e-02 8.390178045841853449e-02 8.302860205133305756e-04 1.262975178900154760e-01 1.271682695083972137e-01 5.308909144332546459e-02 1.647910524565824458e-02 1.367303220118270927e-02 5.722758446659277631e-02 2.813358545578655695e-02 1.652017201726121431e-01 1.376797284832701473e-01 2.366653283352771180e-03 4.764118711612034401e-02 7.536709547971358336e-03 1.492066748271271342e-03 2.868077224101686119e-03 6.314301735568623834e-03 1.221328422923604468e-02 2.463780437921657407e-02
1.259163550318988800e-01 2.099772629972092297e-01 1.377884029301105866e-02 2.166458830053905049e-02 1.820901746041082847e-02 1.479211656410509834e-01 2.549959983857106108e-02 1.197803118411515030e-02 8.999070185170718328e-02 5.692789081210904503e-03 2.497017646638879235e-02 7.517073531177156064e-03 1.944870812656572913e-03 3.588816907006879206e-03 6.347131115427652459e-02 6.122355999233736190e-02 0.000000000000000000e+00 4.499742765424798868e-02 1.216584118021843686e-01 0.000000000000000000e+00
1.135077489303752130e-01 4.145334904045481356e-02 1.189091345593916264e-02 3.437079840562509703e-02 2.078859192346483795e-02 1.952153480106626204e-02 1.221834069608120910e-01 2.434843929203698021e-01 2.775942134028355074e-02 1.392022958334581118e-01 0.000000000000000000e+00 1.276302853216542132e-01 1.913748159832928675e-02 7.174687978401589686e-03 0.000000000000000000e+00 2.197884445060765621e-02 0.000000000000000000e+00 4.406627904630543158e-02 5.849967992852929399e-03 0.000000000000000000e+00
1.278361071251101211e-01 5.963920534030039272e-02 5.778257079582835298e-03 3.883107380128832803e-02 5.690043276463538358e-02 2.095404991929140925e-01 1.126331979941774114e-01 9.746382770890661684e-02 1.656406704994213830e-01 1.178485172526344375e-02 6.616378675264890374e-02 1.221654115804007151e-02 2.148787400307098153e-02 0.000000000000000000e+00 1.658965961065666812e-04 0.000000000000000000e+00 0.000000000000000000e+00 1.391777825853356652e-02 0.000000000000000000e+00 0.000000000000000000e+00
6.830393321582534615e-03 1.306472072394957995e-01 1.419027512942531641e-02 1.865040367793083589e-02 8.321658664006283124e-02 3.366027363530354338e-02 1.445414625670047790e-02 8.488729751899999620e-02 1.620461714253906469e-04 5.583292520877611298e-02 8.011334584680257498e-03 1.708542811665266226e-01 0.000000000000000000e+00 5.469795156093366917e-03 3.222052237607266750e-02 5.930776761518793960e-02 1.152723712228852747e-03 7.076252609807185540e-03 4.943617961521586807e-02 2.239395883644842433e-01
9.600059575748907947e-02 1.207986940497040446e-01 1.233416918336871504e-02 1.685745086892063704e-01 2.142151136962413757e-03 1.967932214411149613e-02 5.001738476253766996e-02 2.297815491658877773e-01 1.037936359814434911e-02 1.723713389292661630e-02 1.999986705488933370e-02 1.259087932474211302e-01 7.765155146189204986e-03 4.897181648462912290e-03 3.501403802197599734e-03 1.378339362783298494e-02 5.624140375007416308e-03 5.626047152430983106e-02 2.203946190158300594e-02 1.327525929176807604e-02
1.007522264853185322e-02 1.306070359986251095e-01 1.370649371750145250e-02 1.315931327253382355e-01 1.183238183186877124e-01 1.956838763422427338e-02 7.551126750691004863e-02 6.436223726856023751e-03 9.284088260363625167e-02 1.997201552335385599e-02 6.546296510190844492e-03 9.865159663989375716e-02 9.053940291822043865e-03 1.253536996240068495e-03 2.990276494279173625e-03 8.582909146375676882e-03 1.128568465486022160e-01 4.642155881924379252e-03 4.632727270512524559e-02 9.046068838188173200e-02
