0.000000000000000000e+00 0.000000000000000000e+00 1.525346715323095403e-01 1.228071142929288394e-02 1.590439761345476821e-01 1.493414395256236968e-02 1.011563121007099664e-01 0.000000000000000000e+00 0.000000000000000000e+00 6.482778997829661801e-04 0.000000000000000000e+00 0.000000000000000000e+00 1.350057658370307223e-01 7.426121236606375055e-03 2.118266254423875894e-01 2.833783976922619324e-02 0.000000000000000000e+00 0.000000000000000000e+00 0.000000000000000000e+00 2.018120366362870233e-02 0.000000000000000000e+00 0.000000000000000000e+00 1.172705323367176540e-02 3.250912144134262150e-03 1.416463856241089447e-01
0.000000000000000000e+00 2.325238680951077219e-01 1.627730510894991878e-01 0.000000000000000000e+00 2.799287600033310008e-01 5.051640820546968169e-02 0.000000000000000000e+00 0.000000000000000000e+00 0.000000000000000000e+00 0.000000000000000000e+00 1.951882699183990055e-03 1.939623807141250822e-01 3.408777804476368495e-02 3.972966120973978749e-02 0.000000000000000000e+00 0.000000000000000000e+00 4.526209938779779396e-03 0.000000000000000000e+00 0.000000000000000000e+00 0.000000000000000000e+00 0.000000000000000000e+00 0.000000000000000000e+00 0.000000000000000000e+00 0.000000000000000000e+00 0.000000000000000000e+00
1.627762056997430484e-01 9.901495380180974637e-02 0.000000000000000000e+00 0.000000000000000000e+00 0.000000000000000000e+00 1.223591463722722289e-02 4.501929263543075904e-02 1.548061809552395418e-01 1.996775807640723682e-02 6.250337032318015358e-03 0.000000000000000000e+00 0.000000000000000000e+00 7.992619626178260051e-02 5.343671411782761199e-02 4.110013797916504258e-02 0.000000000000000000e+00 1.437258700222966007e-02 1.160830859074448856e-01 0.000000000000000000e+00 1.229531452100650207e-01 0.000000000000000000e+00 5.645334085882457859e-02 0.000000000000000000e+00 0.000000000000000000e+00 1.560414982448499882e-02
0.000000000000000000e+00 2.841498500658775628e-01 1.650116652569111886e-01 0.000000000000000000e+00 1.588545262265801672e-02 0.000000000000000000e+00 0.000000000000000000e+00 1.331970593053403706e-01 0.000000000000000000e+00 1.052702759661017645e-01 3.011112424540495283e-02 5.506323006936415104e-02 1.134506991345549942e-01 0.000000000000000000e+00 7.868165158836755435e-02 0.000000000000000000e+00 0.000000000000000000e+00 0.000000000000000000e+00 0.000000000000000000e+00 0.000000000000000000e+00 0.000000000000000000e+00 0.000000000000000000e+00 1.917899174541947901e-02 0.000000000000000000e+00 0.000000000000000000e+00
1.625315023555119753e-02 1.289753183542673709e-01 0.000000000000000000e+00 0.000000000000000000e+00 1.611240597881674341e-01 3.544726388349211249e-02 1.494141561978727939e-01 1.567248580588268270e-01 0.000000000000000000e+00 1.343725706931836461e-01 0.000000000000000000e+00 1.490822145009675914e-01 6.000524212334992780e-02 0.000000000000000000e+00 0.000000000000000000e+00 0.000000000000000000e+00 0.000000000000000000e+00 0.000000000000000000e+00 0.000000000000000000e+00 0.000000000000000000e+00 0.000000000000000000e+00 8.601166164321133456e-03 0.000000000000000000e+00 0.000000000000000000e+00 0.000000000000000000e+00
5.039255289787278672e-03 1.225167613030396785e-01 2.522446890042154832e-01 0.000000000000000000e+00 1.391034831141901296e-01 0.000000000000000000e+00 0.000000000000000000e+00 5.230769850052521125e-03 0.000000000000000000e+00 8.979011837010369285e-03 2.196969720147835814e-02 2.271685377235893311e-01 2.006208117399035928e-02 0.000000000000000000e+00 2.067924817053554479e-02 0.000000000000000000e+00 0.000000000000000000e+00 0.000000000000000000e+00 0.000000000000000000e+00 0.000000000000000000e+00 0.000000000000000000e+00 0.000000000000000000e+00 5.572859230054150528e-03 0.000000000000000000e+00 1.714336061020567958e-01
1.385964949862570073e-01 0.000000000000000000e+00 0.000000000000000000e+00 0.000000000000000000e+00 1.601773758324008534e-01 1.694566755058538599e-01 1.542861286669550483e-02 1.377457187744532754e-02 0.000000000000000000e+00 0.000000000000000000e+00 0.000000000000000000e+00 0.000000000000000000e+00 0.000000000000000000e+00 8.678082604850525725e-03 1.734147153124529495e-01 0.000000000000000000e+00 1.644647939494358613e-01 0.000000000000000000e+00 0.000000000000000000e+00 2.644518999766069106e-02 0.000000000000000000e+00 0.000000000000000000e+00 6.072950540927013474e-02 0.000000000000000000e+00 6.883398165767717902e-02
2.471816743137526806e-01 9.907179428825729772e-02 2.660739778199525465e-02 0.000000000000000000e+00 9.863423662110332168e-02 1.628627856385324868e-01 0.000000000000000000e+00 0.000000000000000000e+00 2.218520194006336210e-02 4.234505473796246894e-02 0.000000000000000000e+00 3.004410159021210155e-02 1.636556032599641858e-02 0.000000000000000000e+00 0.000000000000000000e+00 5.327465357547607819e-03 5.386363059035695518e-03 0.000000000000000000e+00 4.640780385152849449e-03 1.176453359274595156e-01 0.000000000000000000e+00 5.331579124698148514e-02 1.377647081357504660e-02 1.705920670141623102e-02 3.755077927095611112e-02
4.111272152686120535e-02 0.000000000000000000e+00 0.000000000000000000e+00 0.000000000000000000e+00 1.484484337032282442e-01 1.622320482651442783e-02 7.917638493256227983e-02 1.709845863669607058e-01 0.000000000000000000e+00 0.000000000000000000e+00 0.000000000000000000e+00 1.971844391091391036e-01 1.077867996014590102e-01 0.000000000000000000e+00 0.000000000000000000e+00 0.000000000000000000e+00 1.376307294156754735e-01 1.014527005175995117e-01 0.000000000000000000e+00 0.000000000000000000e+00 0.000000000000000000e+00 0.000000000000000000e+00 0.000000000000000000e+00 0.000000000000000000e+00 0.000000000000000000e+00
0.000000000000000000e+00 5.464335339758653182e-02 0.000000000000000000e+00 1.104824804675409201e-02 2.527910413661980937e-03 1.590353104933637518e-01 2.053052763635678790e-01 0.000000000000000000e+00 0.000000000000000000e+00 1.178042363116835189e-02 1.417603500550777482e-02 1.839597223174039287e-01 8.225036956288414580e-02 1.619174673723976915e-02 6.673688232495796069e-02 0.000000000000000000e+00 0.000000000000000000e+00 0.000000000000000000e+00 5.582509461886137753e-02 1.225127102611151542e-01 4.099225885722204525e-03 0.000000000000000000e+00 0.000000000000000000e+00 0.000000000000000000e+00 9.907690940205004376e-03
0.000000000000000000e+00 1.802574900817160812e-03 1.487996004572351705e-01 6.003530008764063758e-02 1.533628369745705933e-01 5.141690373803887992e-02 1.791138089260571262e-02 1.654572393680740772e-01 0.000000000000000000e+00 5.358863271848766235e-02 0.000000000000000000e+00 2.039056142579235564e-01 0.000000000000000000e+00 0.000000000000000000e+00 0.000000000000000000e+00 0.000000000000000000e+00 0.000000000000000000e+00 0.000000000000000000e+00 2.355500574623345389e-02 1.201649108583730252e-01 0.000000000000000000e+00 0.000000000000000000e+00 0.000000000000000000e+00 0.000000000000000000e+00 0.000000000000000000e+00
0.000000000000000000e+00 1.277755125431013494e-01 1.129816001619005500e-01 0.000000000000000000e+00 1.710028467888304593e-01 1.409489727857468101e-02 1.573832650780289666e-01 1.955032635910664840e-01 0.000000000000000000e+00 1.765254453642977131e-02 0.000000000000000000e+00 0.000000000000000000e+00 0.000000000000000000e+00 0.000000000000000000e+00 2.982441803042585812e-02 0.000000000000000000e+00 0.000000000000000000e+00 0.000000000000000000e+00 0.000000000000000000e+00 2.798596182944654634e-02 0.000000000000000000e+00 8.327792843335289283e-03 1.358412602762410111e-02 0.000000000000000000e+00 1.238837712912359140e-01
1.307942536511338683e-01 4.878429105773794683e-02 1.471774208574046228e-01 1.151954561661532456e-01 4.162083514667942047e-02 0.000000000000000000e+00 1.534819488218895980e-02 1.622802669374190099e-01 1.108362292475107147e-01 1.959051230062994198e-02 0.000000000000000000e+00 2.845435238608316764e-02 4.480422844490430240e-02 0.000000000000000000e+00 0.000000000000000000e+00 0.000000000000000000e+00 0.000000000000000000e+00 0.000000000000000000e+00 0.000000000000000000e+00 0.000000000000000000e+00 0.000000000000000000e+00 0.000000000000000000e+00 3.720213503028962226e-03 0.000000000000000000e+00 1.313937454191259069e-01
0.000000000000000000e+00 1.488078877984570780e-01 0.000000000000000000e+00 7.669715743243376259e-03 6.025407511056644905e-02 1.406858351038884139e-02 0.000000000000000000e+00 0.000000000000000000e+00 3.791981139572186965e-02 9.557517355875033704e-02 0.000000000000000000e+00 3.052744970358544849e-02 5.409973205491946935e-02 1.316876539922480494e-02 1.360914165646261997e-01 0.000000000000000000e+00 1.557467244566521861e-03 0.000000000000000000e+00 9.824153747188765252e-04 0.000000000000000000e+00 6.845155896244924099e-03 0.000000000000000000e+00 2.407019171092074639e-01 1.326749665353414188e-02 1.384629368822441198e-01
0.000000000000000000e+00 0.000000000000000000e+00 2.270891546793476767e-01 0.000000000000000000e+00 2.931045643495634456e-01 3.768730670118411799e-03 0.000000000000000000e+00 4.809950887869520603e-02 0.000000000000000000e+00 0.000000000000000000e+00 0.000000000000000000e+00 1.879644329717061746e-01 5.835102911463928288e-02 0.000000000000000000e+00 0.000000000000000000e+00 0.000000000000000000e+00 1.609136218868120055e-02 1.312228480902450922e-01 0.000000000000000000e+00 0.000000000000000000e+00 0.000000000000000000e+00 0.000000000000000000e+00 3.430836905700353906e-02 0.000000000000000000e+00 0.000000000000000000e+00
0.000000000000000000e+00 0.000000000000000000e+00 2.745122914520689017e-01 3.532539685912441767e-03 1.769048469306921945e-01 3.817884913125690893e-02 1.031962627238007385e-01 5.533561016202157012e-02 0.000000000000000000e+00 4.638637194555058837e-03 0.000000000000000000e+00 1.560814415637998276e-01 3.113871467064716764e-02 1.506163526387142328e-02 0.000000000000000000e+00 0.000000000000000000e+00 1.389027863380529193e-01 0.000000000000000000e+00 0.000000000000000000e+00 2.516384883320717768e-03 0.000000000000000000e+00 0.000000000000000000e+00 0.000000000000000000e+00 0.000000000000000000e+00 0.000000000000000000e+00
1.160100921678282049e-01 0.000000000000000000e+00 1.677534716186676045e-01 0.000000000000000000e+00 0.000000000000000000e+00 0.000000000000000000e+00 1.310302406345227044e-01 1.560385938550578333e-01 0.000000000000000000e+00 8.430196039933779417e-02 0.000000000000000000e+00 1.110677620264784032e-01 4.534601240029250899e-03 0.000000000000000000e+00 3.738260983724594599e-03 0.000000000000000000e+00 5.341199572062802631e-02 0.000000000000000000e+00 1.184938976563022078e-01 4.167806136987736026e-02 0.000000000000000000e+00 0.000000000000000000e+00 1.194106232754596486e-02 0.000000000000000000e+00 0.000000000000000000e+00
9.118861061441402294e-02 3.211102569454787892e-02 1.367664113600673692e-01 0.000000000000000000e+00 1.625054117362356373e-02 0.000000000000000000e+00 1.509802066399238731e-02 2.008352019996471061e-01 3.136135362812198651e-04 1.244513478172263737e-01 0.000000000000000000e+00 0.000000000000000000e+00 3.159163812914765612e-02 0.000000000000000000e+00 1.299159249185680431e-01 0.000000000000000000e+00 0.000000000000000000e+00 0.000000000000000000e+00 1.261859657031452475e-01 8.340252899743069714e-02 0.000000000000000000e+00 0.000000000000000000e+00 0.000000000000000000e+00 0.000000000000000000e+00 1.188916939190848288e-02
1.212111339922274100e-02 0.000000000000000000e+00 1.188335457954704105e-02 0.000000000000000000e+00 2.851943824128903016e-01 1.426393752647127713e-02 1.919862842714431268e-03 1.439436094689328094e-01 0.000000000000000000e+00 9.569275553940370660e-02 5.371632154449875948e-03 3.407252639233163127e-02 0.000000000000000000e+00 8.071217302692607412e-03 2.003906374817800706e-01 0.000000000000000000e+00 0.000000000000000000e+00 0.000000000000000000e+00 4.870984994948197692e-03 1.762167824380956108e-02 3.827775629368918692e-04 0.000000000000000000e+00 2.240917867183368425e-02 2.042644768701985455e-03 1.397477066573331317e-01
3.233160912635252640e-03 0.000000000000000000e+00 1.638693316291522095e-01 0.000000000000000000e+00 1.521123983069513040e-02 1.290555577334570880e-01 0.000000000000000000e+00 0.000000000000000000e+00 0.000000000000000000e+00 9.756909587635324843e-02 0.000000000000000000e+00 0.000000000000000000e+00 1.485812849017323078e-01 4.678735733975483528e-03 7.439793022169398362e-02 0.000000000000000000e+00 0.000000000000000000e+00 1.814109722698557803e-01 0.000000000000000000e+00 1.127572010511715579e-02 0.000000000000000000e+00 0.000000000000000000e+00 0.000000000000000000e+00 2.005108227876957992e-03 1.687118625574553499e-01
1.679019024470880805e-01 0.000000000000000000e+00 0.000000000000000000e+00 0.000000000000000000e+00 1.247826995143474921e-01 1.458742503705239557e-01 0.000000000000000000e+00 0.000000000000000000e+00 0.000000000000000000e+00 0.000000000000000000e+00 0.000000000000000000e+00 1.949120002777950111e-01 1.460308287649266790e-01 6.696053359527616433e-02 1.897217036370451096e-02 0.000000000000000000e+00 1.196975703175985617e-01 1.486804434873956887e-02 0.000000000000000000e+00 0.000000000000000000e+00 0.000000000000000000e+00 0.000000000000000000e+00 0.000000000000000000e+00 0.000000000000000000e+00 0.000000000000000000e+00
0.000000000000000000e+00 8.768699950403659182e-02 1.508856240253471648e-01 0.000000000000000000e+00 0.000000000000000000e+00 9.580712831198096371e-03 0.000000000000000000e+00 2.743420728078940080e-02 0.000000000000000000e+00 9.430743656531401231e-02 0.000000000000000000e+00 1.299628344228574185e-03 4.821292224394727738e-02 2.007111680465359024e-02 1.032980162729144197e-01 1.359676837220291819e-02 1.146404166434284583e-01 0.000000000000000000e+00 0.000000000000000000e+00 9.085897273810388322e-03 0.000000000000000000e+00 0.000000000000000000e+00 1.462606003378339736e-01 3.657073446563660624e-02 1.370689190346585651e-01
1.247000642183990760e-01 5.282871843689510363e-03 1.293173254526547578e-01 0.000000000000000000e+00 1.133539486517294442e-01 0.000000000000000000e+00 1.659635512447154605e-03 1.617340777015332728e-02 3.169790264907739602e-02 1.938607035710601537e-03 0.000000000000000000e+00 1.983432329647996373e-01 6.890543482340904038e-03 0.000000000000000000e+00 4.616676517888058939e-02 0.000000000000000000e+00 0.000000000000000000e+00 1.895218829126730370e-02 1.353250366388978609e-01 0.000000000000000000e+00 0.000000000000000000e+00 1.451354547881476484e-02 1.556849248311377998e-01 0.000000000000000000e+00 0.000000000000000000e+00
0.000000000000000000e+00 1.243391526240672645e-01 2.248202898473229405e-01 1.936450593856227018e-02 9.842911821868693956e-03 2.895776652906605769e-02 2.146353416936152420e-03 1.251848741982395097e-01 9.984612341998057305e-02 6.384100705624903838e-02 1.570657074131075887e-02 2.881166166776086626e-02 3.954698758648754475e-02 0.000000000000000000e+00 1.989985512415185301e-02 1.277173671584208928e-02 2.160677566259671875e-02 0.000000000000000000e+00 0.000000000000000000e+00 4.182044887284950413e-02 5.058250247883428440e-03 0.000000000000000000e+00 1.157165964698429333e-01 0.000000000000000000e+00 7.181320589817084214e-04
0.000000000000000000e+00 0.000000000000000000e+00 2.150564191287047955e-01 0.000000000000000000e+00 1.409708272407015663e-02 1.430809752568105442e-01 0.000000000000000000e+00 1.295595396021111297e-02 1.620751167990684000e-02 9.627818403163136349e-03 1.842056319635279084e-03 5.282654959488473911e-02 1.379563495940670237e-01 1.853427476413404065e-02 7.421573179337491444e-02 0.000000000000000000e+00 5.979227764284569813e-02 0.000000000000000000e+00 8.526405581221135899e-02 0.000000000000000000e+00 1.197206017942643690e-02 0.000000000000000000e+00 0.000000000000000000e+00 0.000000000000000000e+00 1.465708831465540041e-01
0.000000000000000000e+00 3.084563346810944018e-01 1.631834529903357089e-01 0.000000000000000000e+00 0.000000000000000000e+00 8.772217430444180508e-02 1.542515849343787347e-02 0.000000000000000000e+00 0.000000000000000000e+00 0.000000000000000000e+00 2.528283568431097857e-03 1.962222463954087781e-01 3.125065415478774089e-02 0.000000000000000000e+00 0.000000000000000000e+00 4.595712084358757193e-02 0.000000000000000000e+00 0.000000000000000000e+00 0.000000000000000000e+00 0.000000000000000000e+00 0.000000000000000000e+00 0.000000000000000000e+00 0.000000000000000000e+00 4.988801836679893076e-02 9.936655620167629543e-02
1.110301282289955817e-02 1.333860396765154943e-01 0.000000000000000000e+00 0.000000000000000000e+00 1.917687710740433593e-01 0.000000000000000000e+00 2.547933146837824941e-03 1.647250465835221334e-01 0.000000000000000000e+00 1.382348917415903052e-02 0.000000000000000000e+00 1.945534897032130672e-01 1.199755194906220040e-01 3.071821081557271280e-02 3.726166938962525987e-02 0.000000000000000000e+00 0.000000000000000000e+00 8.856333037593396018e-02 0.000000000000000000e+00 0.000000000000000000e+00 0.000000000000000000e+00 1.157348774705568677e-02 0.000000000000000000e+00 0.000000000000000000e+00 0.000000000000000000e+00
1.847056213456164941e-02 0.000000000000000000e+00 2.738360568047814095e-02 0.000000000000000000e+00 0.000000000000000000e+00 0.000000000000000000e+00 8.124963940922276529e-03 0.000000000000000000e+00 4.865308643739495176e-02 0.000000000000000000e+00 0.000000000000000000e+00 5.526149680058279473e-02 1.090371977053418290e-01 1.041296324459280165e-01 6.455676118277730961e-03 0.000000000000000000e+00 3.625433934531159530e-02 1.982830192960978455e-01 2.678397460666607013e-02 7.850595141755706274e-02 0.000000000000000000e+00 0.000000000000000000e+00 1.487578940681051620e-01 1.338986000027748702e-01 0.000000000000000000e+00
0.000000000000000000e+00 0.000000000000000000e+00 1.213748613942105953e-01 3.846246329260825936e-02 1.471673266578262529e-01 0.000000000000000000e+00 0.000000000000000000e+00 2.415886999918785000e-02 2.164121777330090673e-03 0.000000000000000000e+00 0.000000000000000000e+00 1.245364604471750208e-01 0.000000000000000000e+00 0.000000000000000000e+00 1.406111873543421376e-01 0.000000000000000000e+00 0.000000000000000000e+00 0.000000000000000000e+00 0.000000000000000000e+00 0.000000000000000000e+00 6.000808262947586458e-02 1.224034621263221101e-01 8.184746055101821405e-02 1.372657037705035943e-01 0.000000000000000000e+00
8.979854142453473631e-02 2.316602869115187147e-01 1.124879044227358182e-01 0.000000000000000000e+00 4.971404546964641562e-03 1.417709682898574408e-01 5.173394042399442894e-02 0.000000000000000000e+00 2.095851639173815575e-03 4.690943432884469091e-03 0.000000000000000000e+00 0.000000000000000000e+00 4.287837071257628169e-02 0.000000000000000000e+00 1.291958339864996974e-01 0.000000000000000000e+00 0.000000000000000000e+00 0.000000000000000000e+00 0.000000000000000000e+00 0.000000000000000000e+00 0.000000000000000000e+00 1.560837695242504354e-02 1.390102383533110275e-01 3.409733890352382307e-02 0.000000000000000000e+00
1.642828132987360634e-01 1.486122976538557239e-01 0.000000000000000000e+00 2.545839837348550655e-02 0.000000000000000000e+00 0.000000000000000000e+00 1.255620179027644723e-01 1.604746551798164333e-01 1.346300145296178141e-01 0.000000000000000000e+00 0.000000000000000000e+00 1.768584434644309700e-01 0.000000000000000000e+00 0.000000000000000000e+00 1.510847665177546088e-02 0.000000000000000000e+00 1.113863575099067506e-02 0.000000000000000000e+00 0.000000000000000000e+00 0.000000000000000000e+00 0.000000000000000000e+00 0.000000000000000000e+00 0.000000000000000000e+00 0.000000000000000000e+00 3.787424719452696376e-02
6.822899340453503214e-02 0.000000000000000000e+00 1.415484924715807238e-02 0.000000000000000000e+00 0.000000000000000000e+00 0.000000000000000000e+00 1.381727201155951990e-01 1.690126181429336960e-01 0.000000000000000000e+00 0.000000000000000000e+00 0.000000000000000000e+00 1.219370955611479533e-02 0.000000000000000000e+00 1.570769060946562157e-01 8.884131269081337046e-03 0.000000000000000000e+00 0.000000000000000000e+00 1.440666642438870500e-02 1.082125287950562731e-01 1.285772767707642483e-01 0.000000000000000000e+00 4.492658256277667211e-02 0.000000000000000000e+00 1.245286475808088378e-01 1.162437003613100983e-02
0.000000000000000000e+00 0.000000000000000000e+00 0.000000000000000000e+00 0.000000000000000000e+00 1.094966860906567141e-01 0.000000000000000000e+00 6.143464257359339264e-02 1.406509708071839726e-01 4.392418412343799400e-02 0.000000000000000000e+00 0.000000000000000000e+00 2.478458253829023128e-01 0.000000000000000000e+00 0.000000000000000000e+00 6.871565986116429103e-02 0.000000000000000000e+00 0.000000000000000000e+00 0.000000000000000000e+00 0.000000000000000000e+00 1.533106110771855803e-02 0.000000000000000000e+00 8.797413943755909294e-02 1.489588136612729485e-01 0.000000000000000000e+00 7.566801695451057241e-02
0.000000000000000000e+00 0.000000000000000000e+00 6.582540824115597211e-02 0.000000000000000000e+00 3.139155776488188332e-01 2.861523319481533434e-02 7.722402188075469520e-02 2.604579324833804915e-02 0.000000000000000000e+00 1.239474640355198026e-01 0.000000000000000000e+00 1.702454243687120949e-01 0.000000000000000000e+00 0.000000000000000000e+00 2.533072027417161698e-02 0.000000000000000000e+00 0.000000000000000000e+00 0.000000000000000000e+00 0.000000000000000000e+00 0.000000000000000000e+00 0.000000000000000000e+00 0.000000000000000000e+00 1.688503571077135668e-01 0.000000000000000000e+00 0.000000000000000000e+00
4.206442495320462938e-02 1.553916117985335021e-01 0.000000000000000000e+00 0.000000000000000000e+00 1.139558286685709299e-01 0.000000000000000000e+00 1.028144254185063000e-01 1.837338387392343508e-01 0.000000000000000000e+00 0.000000000000000000e+00 1.594704296916208547e-02 3.342048040053965940e-01 0.000000000000000000e+00 0.000000000000000000e+00 0.000000000000000000e+00 0.000000000000000000e+00 1.081344967406339466e-02 0.000000000000000000e+00 0.000000000000000000e+00 0.000000000000000000e+00 0.000000000000000000e+00 0.000000000000000000e+00 1.038951494779165839e-02 0.000000000000000000e+00 3.068505882553653960e-02
1.197461270199028927e-01 1.679778966874017621e-01 0.000000000000000000e+00 6.996186142284032371e-03 1.256541341189990058e-01 1.480057488404458443e-01 1.231678315305381570e-02 0.000000000000000000e+00 3.942011465754896582e-02 0.000000000000000000e+00 0.000000000000000000e+00 1.843022537797581739e-01 0.000000000000000000e+00 1.273899300250650596e-02 0.000000000000000000e+00 0.000000000000000000e+00 0.000000000000000000e+00 3.318326159245729018e-02 1.306558441023899890e-03 9.581485655381057065e-02 0.000000000000000000e+00 0.000000000000000000e+00 0.000000000000000000e+00 0.000000000000000000e+00 5.253708601080724072e-02
0.000000000000000000e+00 1.589493208407949942e-01 1.157759310397827972e-02 0.000000000000000000e+00 2.066200798095227300e-03 1.293068207544800508e-01 0.000000000000000000e+00 3.599632012270551074e-02 7.370410001626152841e-02 0.000000000000000000e+00 0.000000000000000000e+00 3.666161413132019292e-02 1.206512517885407754e-01 1.730445940489108410e-03 9.534732670106400854e-02 1.690205491051115574e-02 5.445598759540155008e-03 0.000000000000000000e+00 0.000000000000000000e+00 0.000000000000000000e+00 0.000000000000000000e+00 0.000000000000000000e+00 1.662585259910920876e-01 1.454028261411270395e-01 0.000000000000000000e+00
1.309671145044253582e-01 0.000000000000000000e+00 0.000000000000000000e+00 0.000000000000000000e+00 1.932920696765592083e-01 1.601542361889247423e-01 0.000000000000000000e+00 9.098656963784679252e-02 0.000000000000000000e+00 7.622429104737422911e-02 0.000000000000000000e+00 2.031968875851909162e-01 0.000000000000000000e+00 0.000000000000000000e+00 0.000000000000000000e+00 0.000000000000000000e+00 0.000000000000000000e+00 0.000000000000000000e+00 0.000000000000000000e+00 1.451788313596788227e-01 0.000000000000000000e+00 0.000000000000000000e+00 0.000000000000000000e+00 0.000000000000000000e+00 0.000000000000000000e+00
0.000000000000000000e+00 1.436587005479216805e-01 2.594022976360315647e-01 0.000000000000000000e+00 3.697645078174689737e-02 0.000000000000000000e+00 9.904887162800564068e-03 1.410685566021882831e-01 0.000000000000000000e+00 2.625861800164097908e-03 2.730898505057159989e-02 6.795465963683060273e-02 0.000000000000000000e+00 0.000000000000000000e+00 3.723900449445573246e-02 1.452520258338473209e-02 2.987236651401351667e-02 0.000000000000000000e+00 1.119384930622941005e-01 0.000000000000000000e+00 0.000000000000000000e+00 0.000000000000000000e+00 0.000000000000000000e+00 1.175245341275966554e-01 0.000000000000000000e+00
1.804960932748555028e-02 4.816403762057906712e-02 2.213610555751753806e-01 0.000000000000000000e+00 1.302387748728482952e-01 1.440428220141214966e-01 4.827056006342939770e-03 0.000000000000000000e+00 1.110635531312791358e-01 0.000000000000000000e+00 0.000000000000000000e+00 1.510911591174093072e-01 7.119579488149412050e-02 6.109018330951076353e-03 1.431524763307925711e-02 0.000000000000000000e+00 0.000000000000000000e+00 0.000000000000000000e+00 2.129813581902020424e-03 0.000000000000000000e+00 0.000000000000000000e+00 7.067537709311833005e-02 6.736680814213984528e-03 0.000000000000000000e+00 0.000000000000000000e+00
1.351183177171942640e-02 2.225754775375010097e-01 1.573773386868291546e-01 0.000000000000000000e+00 1.557420186107796589e-01 2.915705155472215603e-03 0.000000000000000000e+00 2.110292488027351587e-01 0.000000000000000000e+00 0.000000000000000000e+00 0.000000000000000000e+00 2.965823665004070978e-02 0.000000000000000000e+00 6.958196342995620620e-02 1.314600978435767065e-01 0.000000000000000000e+00 0.000000000000000000e+00 0.000000000000000000e+00 0.000000000000000000e+00 6.148081511389737533e-03 0.000000000000000000e+00 0.000000000000000000e+00 0.000000000000000000e+00 0.000000000000000000e+00 0.000000000000000000e+00
0.000000000000000000e+00 0.000000000000000000e+00 2.023780903672483256e-01 0.000000000000000000e+00 2.302463407510736138e-01 0.000000000000000000e+00 0.000000000000000000e+00 0.000000000000000000e+00 0.000000000000000000e+00 0.000000000000000000e+00 0.000000000000000000e+00 3.781507068325713483e-01 1.460955175724216182e-01 0.000000000000000000e+00 0.000000000000000000e+00 0.000000000000000000e+00 0.000000000000000000e+00 0.000000000000000000e+00 0.000000000000000000e+00 1.657383561172010022e-02 0.000000000000000000e+00 0.000000000000000000e+00 0.000000000000000000e+00 0.000000000000000000e+00 2.655550886496516744e-02
1.496733762562630077e-01 1.718644863848967363e-01 0.000000000000000000e+00 0.000000000000000000e+00 0.000000000000000000e+00 5.375852606381337218e-02 0.000000000000000000e+00 0.000000000000000000e+00 0.000000000000000000e+00 8.401536118193532465e-02 0.000000000000000000e+00 2.483539625742816129e-02 1.334817033846942835e-01 3.916956524542837548e-02 1.247445331893112103e-01 0.000000000000000000e+00 0.000000000000000000e+00 0.000000000000000000e+00 0.000000000000000000e+00 0.000000000000000000e+00 0.000000000000000000e+00 0.000000000000000000e+00 8.185297278445997915e-02 1.366040792517695668e-01 0.000000000000000000e+00
7.720438288218887946e-02 3.258636540452001379e-02 1.746575025924430313e-01 0.000000000000000000e+00 1.216379642912277480e-02 0.000000000000000000e+00 0.000000000000000000e+00 2.335769305730771572e-01 9.134011140891616642e-02 3.664739135718983465e-02 0.000000000000000000e+00 1.910097672308871397e-01 0.000000000000000000e+00 1.644987574205535041e-02 2.230665305828898048e-02 0.000000000000000000e+00 0.000000000000000000e+00 0.000000000000000000e+00 0.000000000000000000e+00 0.000000000000000000e+00 0.000000000000000000e+00 0.000000000000000000e+00 3.819259445266109249e-02 0.000000000000000000e+00 7.386462886864955668e-02
0.000000000000000000e+00 1.561458289384875797e-01 1.304270956838012585e-01 3.945625212606868742e-02 1.625522550446726611e-01 0.000000000000000000e+00 1.851468007341843490e-03 1.710885422246370136e-01 0.000000000000000000e+00 0.000000000000000000e+00 0.000000000000000000e+00 1.959324843782259407e-01 0.000000000000000000e+00 0.000000000000000000e+00 0.000000000000000000e+00 7.600765773249130997e-02 1.830371999652965695e-02 0.000000000000000000e+00 0.000000000000000000e+00 0.000000000000000000e+00 0.000000000000000000e+00 0.000000000000000000e+00 9.737023702247271650e-03 3.849767216549674492e-02 0.000000000000000000e+00
