0.000000000000000000e+00 3.129444722450831079e-02 1.436881865010477266e-01 1.156511465179845335e-02 3.419890059860562770e-02 0.000000000000000000e+00 1.454439676557714722e-01 2.071639794285214109e-01 0.000000000000000000e+00 1.033062884050648831e-03 0.000000000000000000e+00 0.000000000000000000e+00 0.000000000000000000e+00 0.000000000000000000e+00 1.158591065140385373e-01 0.000000000000000000e+00 0.000000000000000000e+00 0.000000000000000000e+00 2.677634059846761838e-02 0.000000000000000000e+00 1.893232372136587722e-03 0.000000000000000000e+00 4.051276514737086102e-04 8.967030149932020411e-02 1.910082324202596327e-01
1.348269117419005625e-02 1.256386977970630481e-02 1.207893743556740646e-01 1.087797456765912107e-01 0.000000000000000000e+00 0.000000000000000000e+00 8.856592837485685599e-02 6.462418712932142817e-02 7.535600025692783775e-03 0.000000000000000000e+00 0.000000000000000000e+00 8.017529088647826208e-02 9.968727118261094811e-02 0.000000000000000000e+00 2.376308684545900413e-02 0.000000000000000000e+00 1.465067544326397742e-01 1.669951979235779517e-03 0.000000000000000000e+00 0.000000000000000000e+00 0.000000000000000000e+00 0.000000000000000000e+00 4.949577026328613044e-02 1.823604778942573557e-01 0.000000000000000000e+00
1.425978936251164932e-02 1.047448786808864579e-01 2.954646267979660693e-02 0.000000000000000000e+00 0.000000000000000000e+00 0.000000000000000000e+00 1.438877506443266840e-01 8.084733958793439978e-02 1.335293892191606949e-02 2.562729646929292476e-02 4.438631338294136280e-02 0.000000000000000000e+00 1.500093108489561518e-02 0.000000000000000000e+00 2.260737926825761024e-01 6.619061735013150906e-03 1.141625769977006218e-02 7.555706449652019319e-02 0.000000000000000000e+00 1.141941944335828352e-01 0.000000000000000000e+00 0.000000000000000000e+00 0.000000000000000000e+00 9.448592813803589896e-02 0.000000000000000000e+00
1.084047775569870753e-01 4.575934561529794442e-02 0.000000000000000000e+00 0.000000000000000000e+00 2.126264651539807315e-01 0.000000000000000000e+00 1.141697535768542576e-02 0.000000000000000000e+00 0.000000000000000000e+00 1.149828966075047837e-01 0.000000000000000000e+00 1.428049260754304106e-01 0.000000000000000000e+00 0.000000000000000000e+00 1.484850215997667866e-01 0.000000000000000000e+00 5.582418374894947133e-02 0.000000000000000000e+00 2.454597194755602039e-03 8.589267290008764655e-03 0.000000000000000000e+00 0.000000000000000000e+00 1.739549581675600600e-04 1.468225781179647860e-01 1.655010723500691594e-03
0.000000000000000000e+00 0.000000000000000000e+00 8.632830686034783860e-03 1.094582543214820108e-03 0.000000000000000000e+00 0.000000000000000000e+00 1.170738556279695974e-01 6.113415456532222958e-02 0.000000000000000000e+00 1.756226311550740382e-02 0.000000000000000000e+00 1.497772446469835261e-01 0.000000000000000000e+00 1.590051113497130755e-02 1.341637416778456993e-01 0.000000000000000000e+00 0.000000000000000000e+00 9.951349499226763706e-02 5.528985835488027870e-03 1.082993607161161220e-01 2.190477004424857058e-02 8.258667947737587112e-02 6.731411444227138226e-03 1.478527913320379916e-01 2.224332216038925336e-02
0.000000000000000000e+00 7.062248270074060474e-02 7.170070000736493941e-03 0.000000000000000000e+00 1.398047685238364320e-02 0.000000000000000000e+00 1.441996790609713364e-01 4.711850642575714926e-02 1.673810922607720311e-02 8.678839392604657810e-03 0.000000000000000000e+00 5.628613643894595821e-03 0.000000000000000000e+00 0.000000000000000000e+00 1.583648240042471733e-01 8.418239894875038931e-02 3.721970896809585067e-02 0.000000000000000000e+00 0.000000000000000000e+00 1.503972351561460447e-02 2.777835532543835185e-03 0.000000000000000000e+00 1.576247551402980562e-01 1.573831486693550163e-01 7.327082791792945138e-02
0.000000000000000000e+00 1.006158625140299301e-01 1.627256448605545469e-01 0.000000000000000000e+00 1.825995373773069141e-01 0.000000000000000000e+00 6.166225041132592649e-02 0.000000000000000000e+00 0.000000000000000000e+00 7.660480810415108699e-02 0.000000000000000000e+00 0.000000000000000000e+00 2.747459059314866919e-02 5.726625817032755632e-03 1.667556891700428257e-01 0.000000000000000000e+00 0.000000000000000000e+00 0.000000000000000000e+00 7.125803626925045729e-03 0.000000000000000000e+00 0.000000000000000000e+00 0.000000000000000000e+00 0.000000000000000000e+00 1.859442879183613451e-01 2.276489960712093849e-02
0.000000000000000000e+00 2.656163057349025282e-03 1.311150138699120060e-01 0.000000000000000000e+00 3.807176968058572503e-02 0.000000000000000000e+00 0.000000000000000000e+00 1.142780198586882678e-01 5.399371639258879196e-02 3.515914861950241582e-02 0.000000000000000000e+00 1.401357317968417171e-01 2.058674905173253286e-02 0.000000000000000000e+00 1.443639029557875209e-01 0.000000000000000000e+00 2.814730935962026729e-03 2.834647452364742401e-02 1.136190170585091308e-02 0.000000000000000000e+00 0.000000000000000000e+00 1.322456805684883163e-01 0.000000000000000000e+00 1.198026676688692393e-01 2.506832931419409466e-02
4.120392605813765624e-02 0.000000000000000000e+00 1.024428598212356704e-02 0.000000000000000000e+00 1.753125658196922620e-01 0.000000000000000000e+00 1.836318134318844567e-02 0.000000000000000000e+00 7.935107678786794405e-03 1.121415549979468129e-01 0.000000000000000000e+00 0.000000000000000000e+00 8.519429959219319837e-02 0.000000000000000000e+00 1.342585833414542962e-01 0.000000000000000000e+00 1.148896609683210251e-01 3.713501922020592816e-02 0.000000000000000000e+00 0.000000000000000000e+00 7.337991455892584058e-02 0.000000000000000000e+00 3.885151019718503101e-02 9.970319023153388638e-02 5.138720001030522289e-02
0.000000000000000000e+00 0.000000000000000000e+00 5.821556817752473675e-03 0.000000000000000000e+00 5.974287354571965886e-02 4.736431355133378235e-02 1.778365885582772477e-01 1.155124874015792669e-01 8.445227373625679990e-02 1.153741994847667755e-02 0.000000000000000000e+00 1.400031226813132530e-02 0.000000000000000000e+00 0.000000000000000000e+00 0.000000000000000000e+00 9.180397819951341409e-02 5.659095160510659722e-02 0.000000000000000000e+00 4.145731561278269417e-02 0.000000000000000000e+00 1.588831604814876231e-02 1.011937668118033651e-01 1.724787690048817657e-01 4.319076890236197945e-03 0.000000000000000000e+00
0.000000000000000000e+00 0.000000000000000000e+00 2.225525180909916634e-02 0.000000000000000000e+00 1.396836788496047532e-02 0.000000000000000000e+00 3.535927394423171027e-02 2.596988455463394296e-01 0.000000000000000000e+00 1.736687702462665767e-02 0.000000000000000000e+00 1.641918778812452850e-01 0.000000000000000000e+00 0.000000000000000000e+00 2.599888665403018995e-01 0.000000000000000000e+00 0.000000000000000000e+00 0.000000000000000000e+00 0.000000000000000000e+00 0.000000000000000000e+00 0.000000000000000000e+00 7.100880438148537976e-02 1.059901947771418745e-01 0.000000000000000000e+00 5.017164021056803869e-02
0.000000000000000000e+00 0.000000000000000000e+00 0.000000000000000000e+00 0.000000000000000000e+00 2.288615352576106321e-01 0.000000000000000000e+00 2.597320850885068144e-02 5.133160629315356577e-02 1.717449506040845527e-03 2.084501016976282595e-02 0.000000000000000000e+00 1.609413481607324115e-01 0.000000000000000000e+00 0.000000000000000000e+00 1.667629968556363640e-01 0.000000000000000000e+00 0.000000000000000000e+00 1.363194181566181884e-01 1.477206408300222595e-01 5.912484282784072603e-04 0.000000000000000000e+00 0.000000000000000000e+00 0.000000000000000000e+00 3.560941064183860416e-02 2.332612719145528771e-02
0.000000000000000000e+00 0.000000000000000000e+00 1.384654942487782148e-01 0.000000000000000000e+00 0.000000000000000000e+00 7.347250153870367451e-02 1.703158627624756782e-01 1.753184623368737177e-02 2.283417583872033099e-02 6.332263240831928486e-03 1.592530644472088530e-03 4.300168100157401169e-02 7.298376959781575912e-03 0.000000000000000000e+00 1.441172700377872373e-01 1.500962879433982364e-02 2.747232021024879206e-02 0.000000000000000000e+00 0.000000000000000000e+00 2.574867851160167736e-03 3.664510235225235113e-02 0.000000000000000000e+00 1.472631082875344374e-02 1.328070099060342235e-01 1.458027575503992035e-01
0.000000000000000000e+00 0.000000000000000000e+00 0.000000000000000000e+00 0.000000000000000000e+00 1.995393882837056265e-01 9.600704504205012646e-03 1.248007591113279441e-01 0.000000000000000000e+00 0.000000000000000000e+00 1.327736925068906566e-02 0.000000000000000000e+00 5.169989269029666434e-02 1.139511252075642127e-02 0.000000000000000000e+00 1.716833313953923246e-01 0.000000000000000000e+00 0.000000000000000000e+00 3.276981048066570507e-02 0.000000000000000000e+00 0.000000000000000000e+00 1.047790853124739435e-01 0.000000000000000000e+00 2.710593443316853396e-02 4.996727140037739157e-02 2.033813406169414084e-01
0.000000000000000000e+00 0.000000000000000000e+00 1.338818009202719095e-01 0.000000000000000000e+00 2.893828765723074903e-02 1.251747090099622527e-03 3.179723282588551442e-02 2.655664916590702029e-01 0.000000000000000000e+00 1.035892662730842489e-02 0.000000000000000000e+00 1.637562030024379001e-01 4.462124665663098899e-02 2.705728225963635516e-03 2.883815073970453016e-02 0.000000000000000000e+00 4.395180763539780627e-02 0.000000000000000000e+00 7.486105869989104905e-03 4.715291014914948370e-02 0.000000000000000000e+00 3.425615134014902818e-03 0.000000000000000000e+00 1.428374086370933216e-01 4.343033716975187170e-02
0.000000000000000000e+00 0.000000000000000000e+00 1.257118846159541448e-01 4.798647540356386874e-03 5.532399594119612185e-02 1.005042618650566766e-01 1.674063555215675181e-01 0.000000000000000000e+00 0.000000000000000000e+00 3.501741819752252766e-02 0.000000000000000000e+00 4.553815626630663971e-02 0.000000000000000000e+00 1.394466880339137634e-02 1.667420350686976693e-02 0.000000000000000000e+00 0.000000000000000000e+00 6.116464154037477494e-03 0.000000000000000000e+00 0.000000000000000000e+00 0.000000000000000000e+00 1.121273066114229500e-01 1.581066263739596689e-01 1.324650321708715217e-01 2.626497843148719452e-02
0.000000000000000000e+00 0.000000000000000000e+00 0.000000000000000000e+00 0.000000000000000000e+00 1.732605175362122718e-01 1.202943201784508753e-01 0.000000000000000000e+00 0.000000000000000000e+00 2.645294749481359644e-03 7.239031378599151967e-02 0.000000000000000000e+00 1.691828913743562146e-01 1.126295738153758330e-01 0.000000000000000000e+00 1.017200031350902617e-01 0.000000000000000000e+00 1.426914047123822686e-03 4.773871121137959750e-02 1.517870092436098550e-01 0.000000000000000000e+00 0.000000000000000000e+00 4.692445092292846232e-02 0.000000000000000000e+00 0.000000000000000000e+00 0.000000000000000000e+00
1.817094299630153328e-02 8.176037291364056381e-02 5.552601394087186559e-02 0.000000000000000000e+00 7.955129775483196775e-02 0.000000000000000000e+00 3.245818376194008203e-02 1.707524987124353355e-01 3.743997563714886179e-03 1.271595022428502302e-02 0.000000000000000000e+00 7.270444011127255579e-02 4.505402464907769765e-03 0.000000000000000000e+00 1.362953865570860068e-01 0.000000000000000000e+00 5.909479954773728255e-02 1.109790157015802308e-03 1.183589582144701918e-01 1.277178554701303287e-02 0.000000000000000000e+00 9.770142216470666108e-02 0.000000000000000000e+00 0.000000000000000000e+00 4.277875736776948212e-02
1.014236734591175693e-01 0.000000000000000000e+00 0.000000000000000000e+00 0.000000000000000000e+00 2.421404119096937872e-03 5.321747676610566469e-02 7.326346754016690999e-02 4.014976138006406264e-02 5.372561198971342747e-04 4.258957444479524734e-02 0.000000000000000000e+00 7.149240952921151471e-02 7.630630097120142882e-03 2.409062339640630733e-03 1.791250691662037986e-01 0.000000000000000000e+00 0.000000000000000000e+00 1.196622052064964942e-01 0.000000000000000000e+00 8.989471767179145478e-02 0.000000000000000000e+00 0.000000000000000000e+00 1.704301180795340237e-02 4.486723757743075330e-02 1.542730427749082478e-01
0.000000000000000000e+00 0.000000000000000000e+00 7.983434023466741761e-03 1.198165662273650844e-01 1.297592682138268005e-01 0.000000000000000000e+00 0.000000000000000000e+00 6.622088420100619155e-02 8.583668066319685231e-04 1.089337615529740837e-02 0.000000000000000000e+00 1.081059366513850983e-01 2.355127104627941989e-02 0.000000000000000000e+00 1.130917594658754632e-01 0.000000000000000000e+00 0.000000000000000000e+00 1.300633816038904711e-01 0.000000000000000000e+00 0.000000000000000000e+00 1.702145719176144031e-02 6.466851813577965437e-03 0.000000000000000000e+00 1.056938888414857142e-01 1.604735577581502259e-01
4.022595988002480459e-05 6.756875680604930434e-02 4.990936324685425751e-02 0.000000000000000000e+00 7.464804215950709976e-02 9.212462212830998740e-03 1.695662306853768786e-01 0.000000000000000000e+00 0.000000000000000000e+00 0.000000000000000000e+00 0.000000000000000000e+00 2.190982088436940756e-02 5.340724672531534101e-02 4.124969714118340014e-03 1.373272577112082116e-01 8.817938297661014968e-04 1.358708768668040190e-01 4.305970270307699077e-02 4.130150278584628770e-02 4.927628452604138065e-02 0.000000000000000000e+00 1.152760501930086834e-01 1.472919146519699810e-02 0.000000000000000000e+00 1.189022152474965115e-02
0.000000000000000000e+00 0.000000000000000000e+00 1.199444805718322543e-01 9.966325927015781683e-03 8.041376684194137536e-02 0.000000000000000000e+00 9.589199048117980073e-02 5.980811153672795782e-02 0.000000000000000000e+00 7.741176944700497997e-02 7.467075876867589057e-03 1.850725970541029219e-01 1.794837680757555357e-02 2.015119735405395546e-03 1.536582479758654418e-01 8.309344710197587996e-03 1.930804483868224161e-02 0.000000000000000000e+00 0.000000000000000000e+00 0.000000000000000000e+00 0.000000000000000000e+00 0.000000000000000000e+00 0.000000000000000000e+00 1.677932648401616808e-02 1.460054217115849817e-01
0.000000000000000000e+00 4.741187249612941607e-02 1.576477450912457945e-01 0.000000000000000000e+00 2.166281878367234612e-02 8.706917518655104323e-04 1.309112500579685812e-01 1.311705188329321536e-01 9.867935695054157880e-03 8.461330722907119128e-03 0.000000000000000000e+00 8.485136090846598367e-02 0.000000000000000000e+00 0.000000000000000000e+00 1.288846848916850862e-01 3.601459062882418453e-03 2.953114107212001602e-03 0.000000000000000000e+00 8.646049977094257336e-03 0.000000000000000000e+00 0.000000000000000000e+00 1.255094726558136087e-01 0.000000000000000000e+00 1.375496949650715783e-01 0.000000000000000000e+00
0.000000000000000000e+00 0.000000000000000000e+00 1.471227407280770727e-01 1.884361659148267956e-04 1.485488046137447005e-01 0.000000000000000000e+00 1.176898958230309378e-01 1.261559791579794365e-01 0.000000000000000000e+00 0.000000000000000000e+00 0.000000000000000000e+00 0.000000000000000000e+00 0.000000000000000000e+00 0.000000000000000000e+00 1.539072725804372932e-01 0.000000000000000000e+00 4.495250385536204984e-02 3.817776908421936788e-02 1.259416140572980070e-01 3.004760412794282159e-02 0.000000000000000000e+00 0.000000000000000000e+00 0.000000000000000000e+00 5.805456219534341905e-02 9.212817610650023484e-03
6.968187794193260454e-02 0.000000000000000000e+00 1.436745459395508684e-01 0.000000000000000000e+00 9.421026618131765271e-03 0.000000000000000000e+00 0.000000000000000000e+00 1.632886956327570804e-01 5.131213072749118281e-03 0.000000000000000000e+00 0.000000000000000000e+00 1.750342028774778402e-01 0.000000000000000000e+00 0.000000000000000000e+00 1.747395208070334216e-01 0.000000000000000000e+00 2.752735655699022413e-02 0.000000000000000000e+00 2.489610972543433720e-02 0.000000000000000000e+00 4.093707240492181106e-03 1.538077328129243242e-02 2.872556496076201366e-02 0.000000000000000000e+00 1.584054053453960442e-01
1.415069287881661267e-02 3.062928711574436011e-04 1.422882260276844314e-02 0.000000000000000000e+00 7.299880920859400102e-02 1.855901746059966705e-03 1.369739423675547796e-01 1.241962413096794060e-01 2.237071223496207156e-02 4.824100834327672838e-02 0.000000000000000000e+00 9.574467425824175967e-03 7.172805190856179798e-03 0.000000000000000000e+00 1.400981878602609310e-01 4.390708446862571362e-02 4.324609036281284492e-03 8.702360002716613696e-02 1.726521022735394081e-02 5.620402391983499515e-03 0.000000000000000000e+00 3.445982615249773562e-02 7.209997597750099352e-02 1.431314076787798817e-01 0.000000000000000000e+00
0.000000000000000000e+00 0.000000000000000000e+00 1.358099704099388072e-01 0.000000000000000000e+00 1.516576056955964147e-01 3.707684607968834978e-02 1.460710581073233760e-02 1.383765640132310348e-01 3.727225347272630773e-02 1.022210532342203992e-01 0.000000000000000000e+00 1.214091444702316697e-01 0.000000000000000000e+00 1.624443405579223051e-02 1.596198534228434329e-01 0.000000000000000000e+00 0.000000000000000000e+00 0.000000000000000000e+00 0.000000000000000000e+00 7.181933427459594350e-03 0.000000000000000000e+00 2.456294763297999298e-02 5.396028827455939814e-02 0.000000000000000000e+00 0.000000000000000000e+00
0.000000000000000000e+00 0.000000000000000000e+00 1.514175798353789015e-01 0.000000000000000000e+00 7.911739687934356280e-03 0.000000000000000000e+00 1.374880265660515799e-01 1.220684112529606818e-02 7.624145417199135188e-02 3.266722859059993656e-02 0.000000000000000000e+00 1.472301542299396353e-02 1.636166349596830660e-02 0.000000000000000000e+00 0.000000000000000000e+00 5.524197532511252763e-04 2.632950334579765156e-02 1.268288873926274631e-02 1.152511522253869547e-01 0.000000000000000000e+00 0.000000000000000000e+00 0.000000000000000000e+00 1.887711125829567849e-01 6.127373708017876813e-02 1.461216373769514409e-01
0.000000000000000000e+00 0.000000000000000000e+00 1.644195003950910949e-01 0.000000000000000000e+00 9.509393028018559013e-02 0.000000000000000000e+00 1.031827314265955781e-01 1.383687270345276277e-01 0.000000000000000000e+00 0.000000000000000000e+00 0.000000000000000000e+00 1.278585924605201707e-01 0.000000000000000000e+00 0.000000000000000000e+00 4.923008101713047258e-03 3.763555613606324630e-03 1.287250283401404106e-03 0.000000000000000000e+00 0.000000000000000000e+00 0.000000000000000000e+00 1.952934306875572096e-02 2.516939821033851304e-02 2.668125128746302605e-03 1.470510865824595781e-01 1.666847514140591124e-01
2.034504119394113866e-03 0.000000000000000000e+00 0.000000000000000000e+00 0.000000000000000000e+00 1.076037291552241204e-01 1.688826219061289116e-03 1.849546552479319761e-01 0.000000000000000000e+00 0.000000000000000000e+00 1.978112441899371535e-02 0.000000000000000000e+00 8.428349436048086785e-02 0.000000000000000000e+00 2.076448716106722204e-04 1.586849253083784106e-01 0.000000000000000000e+00 1.498399935827962881e-01 7.143393729615299219e-03 6.550644892971575761e-02 0.000000000000000000e+00 1.299273410557662614e-02 0.000000000000000000e+00 5.555262656217177519e-02 1.497258993890490664e-01 0.000000000000000000e+00
0.000000000000000000e+00 3.971481105437655798e-03 0.000000000000000000e+00 0.000000000000000000e+00 0.000000000000000000e+00 1.201673011404858632e-02 1.200489503429068815e-02 1.403198592887463236e-01 7.733042995291473931e-02 7.503137857719711923e-02 4.192829747261919704e-02 2.225850728495873954e-01 0.000000000000000000e+00 0.000000000000000000e+00 1.969793646727352725e-03 0.000000000000000000e+00 2.772802054382696689e-03 4.072694685154531341e-02 4.430540124350314940e-02 3.482324614909621235e-03 0.000000000000000000e+00 2.443700912197827035e-01 0.000000000000000000e+00 8.159430418724859108e-03 6.902506555558268753e-02
0.000000000000000000e+00 0.000000000000000000e+00 1.685117013298759181e-01 0.000000000000000000e+00 1.280897155594929726e-01 1.265655239030925860e-01 1.358191167493292828e-01 0.000000000000000000e+00 0.000000000000000000e+00 7.350856250042210605e-02 0.000000000000000000e+00 3.289950550459250916e-02 0.000000000000000000e+00 0.000000000000000000e+00 8.804158649759463717e-02 0.000000000000000000e+00 0.000000000000000000e+00 0.000000000000000000e+00 9.874476494776497637e-03 0.000000000000000000e+00 9.223058641272431982e-03 0.000000000000000000e+00 1.531161991777835185e-01 2.143482712649218483e-02 5.291572651527537419e-02
0.000000000000000000e+00 0.000000000000000000e+00 0.000000000000000000e+00 0.000000000000000000e+00 9.818654181945822134e-04 0.000000000000000000e+00 1.254383015355539990e-02 1.240447662523576910e-01 4.208608100583812080e-03 6.943116118735857822e-02 0.000000000000000000e+00 3.421882569223678727e-01 0.000000000000000000e+00 4.468348341843315225e-02 1.090352551078314219e-02 0.000000000000000000e+00 0.000000000000000000e+00 2.141010127797957421e-02 1.436745589496322417e-01 1.010003341189600647e-03 3.192378175560898340e-02 0.000000000000000000e+00 1.575218471287199648e-02 3.035028703593601728e-03 1.742088442954898009e-01
1.033279992781740569e-01 0.000000000000000000e+00 0.000000000000000000e+00 0.000000000000000000e+00 1.627819971925527909e-01 0.000000000000000000e+00 1.401108192454356693e-01 1.614986968463720182e-02 0.000000000000000000e+00 0.000000000000000000e+00 0.000000000000000000e+00 4.122261411454349739e-02 0.000000000000000000e+00 0.000000000000000000e+00 1.778604588477055715e-01 0.000000000000000000e+00 0.000000000000000000e+00 3.627230609588476956e-02 1.432155032480265378e-01 0.000000000000000000e+00 1.026207316129874453e-01 5.624317128818214113e-03 4.794271191397313225e-02 2.287067163726099264e-02 0.000000000000000000e+00
0.000000000000000000e+00 0.000000000000000000e+00 6.072354064515387423e-02 1.384631867545471802e-02 7.964497201489591227e-02 0.000000000000000000e+00 0.000000000000000000e+00 2.242998788004088237e-02 0.000000000000000000e+00 0.000000000000000000e+00 0.000000000000000000e+00 3.860170106471604717e-02 0.000000000000000000e+00 1.302675157418812721e-02 1.400513614705976850e-01 1.784083157945029474e-02 4.487614161202416185e-02 1.221513961647163055e-01 5.574531671838895558e-02 0.000000000000000000e+00 0.000000000000000000e+00 0.000000000000000000e+00 0.000000000000000000e+00 2.429963306848791360e-01 1.480653499154938602e-01
0.000000000000000000e+00 6.438770796234699612e-02 6.911436022584800665e-02 0.000000000000000000e+00 1.549257312252280971e-01 0.000000000000000000e+00 1.296607072725553256e-01 0.000000000000000000e+00 0.000000000000000000e+00 1.107236430075187600e-02 0.000000000000000000e+00 1.552151375753495766e-01 0.000000000000000000e+00 0.000000000000000000e+00 1.458856500353957475e-01 2.819633982635385595e-03 0.000000000000000000e+00 5.413851264218297321e-02 1.412197036159139329e-01 3.371775556971272955e-03 0.000000000000000000e+00 0.000000000000000000e+00 0.000000000000000000e+00 3.527504480888924571e-02 3.291367079593152806e-02
0.000000000000000000e+00 0.000000000000000000e+00 0.000000000000000000e+00 1.143034062922496791e-02 0.000000000000000000e+00 0.000000000000000000e+00 9.699138940305575968e-03 1.307596577219506950e-01 0.000000000000000000e+00 5.033745209243036152e-03 0.000000000000000000e+00 1.003226793905499098e-01 6.243089433641265534e-02 0.000000000000000000e+00 1.638132345271351986e-01 0.000000000000000000e+00 1.760240702189490025e-01 8.993368180855609850e-03 1.172205466883321535e-02 0.000000000000000000e+00 0.000000000000000000e+00 1.474817744767947247e-01 1.942136432910993905e-04 1.457012324906183098e-01 2.639359556583589436e-02
1.360015971134547093e-02 5.004058607532415465e-02 0.000000000000000000e+00 1.136180452316513587e-02 4.604900473661041604e-02 0.000000000000000000e+00 4.154975903718352570e-02 1.146722275340413127e-01 4.670770124027187262e-03 3.284270827743691890e-02 0.000000000000000000e+00 1.258921808275100841e-02 0.000000000000000000e+00 1.508674671808307548e-02 3.902899991050819833e-02 0.000000000000000000e+00 8.199938430234688302e-04 8.588042827464094364e-02 1.458498598885767938e-01 1.273900802442540225e-01 0.000000000000000000e+00 0.000000000000000000e+00 1.037509222007390944e-02 8.188154213443864238e-02 1.663110186645157251e-01
0.000000000000000000e+00 0.000000000000000000e+00 1.914064762204818618e-04 0.000000000000000000e+00 5.995383808399606940e-02 0.000000000000000000e+00 4.331714826578552530e-02 0.000000000000000000e+00 0.000000000000000000e+00 1.072431276537561678e-02 0.000000000000000000e+00 1.492414435567541442e-01 5.723825577505816916e-04 7.405976254201820713e-04 1.072420081111156026e-01 7.315430328751882207e-04 0.000000000000000000e+00 1.367689937565090552e-01 1.457652562654724038e-01 1.103529171142549406e-02 0.000000000000000000e+00 3.090605993544018326e-02 0.000000000000000000e+00 3.439723983774588961e-02 2.684124780181136316e-01
0.000000000000000000e+00 2.501068190510045627e-02 1.537913004716848220e-01 0.000000000000000000e+00 1.258753448718937830e-02 1.635882021939457157e-02 4.028195385153515717e-02 0.000000000000000000e+00 7.213121793046679830e-02 1.209000530385295896e-01 0.000000000000000000e+00 2.374629955340449086e-02 0.000000000000000000e+00 0.000000000000000000e+00 0.000000000000000000e+00 1.725374803723123476e-02 0.000000000000000000e+00 1.830800109040525356e-02 1.316517203775914302e-01 4.358094904972622738e-03 0.000000000000000000e+00 5.870492516332036226e-02 1.358576703842286904e-01 0.000000000000000000e+00 1.690579785849452288e-01
