9.671794723693404039e-02 1.807093739608203187e-01 7.427932479579786584e-02 6.847287740422819402e-02 8.692077875479351651e-03 1.994982900383054578e-02 5.982091710428737857e-02 3.724366108565546618e-02 2.703923944429774753e-02 1.084407944029201288e-03 4.974353190129847131e-04 7.200163095428258053e-02 3.650433571018840001e-02 0.000000000000000000e+00 1.467261523629912520e-03 9.457420279816238992e-03 0.000000000000000000e+00 1.059049030246032586e-01 4.580293247865063061e-02 1.543544248544558573e-01
1.419509751915742132e-03 5.700855258720149282e-02 5.655481556418337150e-03 2.432821802993625493e-01 5.072490408734600664e-02 1.658262809064341213e-04 6.153212716474935201e-02 2.200065556348554038e-02 1.622297160443084973e-01 3.286948117309100624e-04 1.701603868734821376e-02 1.327199423833556324e-01 0.000000000000000000e+00 1.685244460662792959e-02 4.329851105164279207e-02 0.000000000000000000e+00 5.104577429690032586e-03 1.312427518456003306e-01 1.164370854578495977e-02 3.777437730252513476e-02
4.104126765441151736e-02 5.089274271126180416e-02 0.000000000000000000e+00 2.500981066404654451e-01 6.921913958817196670e-03 1.184315547842421795e-01 8.088923260766153756e-02 8.557535385413132800e-02 4.326531254920281712e-03 0.000000000000000000e+00 0.000000000000000000e+00 1.512254031300306334e-01 2.210061145956837905e-02 0.000000000000000000e+00 2.209293624404975315e-02 5.886603439733252650e-04 0.000000000000000000e+00 1.175509863324977582e-02 1.293007588961687243e-03 1.527675791342551770e-01
0.000000000000000000e+00 1.466553880123545872e-01 0.000000000000000000e+00 9.950332663093007513e-02 0.000000000000000000e+00 1.831006218920012973e-01 5.704783123925508473e-03 0.000000000000000000e+00 2.236684255860794390e-01 1.171541576720916931e-02 7.250869058695035875e-03 6.663624750415018949e-02 2.419147752761928449e-02 2.761135744681372621e-03 0.000000000000000000e+00 1.670478104238701592e-02 8.922476159595090980e-03 5.309156645001495561e-02 1.260179866550702465e-01 2.407549884528683085e-02
2.416379962565448104e-03 1.380520191161980770e-01 3.500712382602262380e-03 9.272147939850655099e-04 7.008303450089185815e-02 1.511411124079075907e-01 7.776456155575601180e-03 5.028886384819199890e-02 2.605265400001735912e-02 0.000000000000000000e+00 0.000000000000000000e+00 3.655986546863282394e-02 1.216199094101771683e-01 0.000000000000000000e+00 6.166879538546064625e-03 0.000000000000000000e+00 0.000000000000000000e+00 6.169607834007821007e-02 1.582367557683384274e-01 1.654820643062920038e-01
1.859636299543800941e-01 6.825850793273043060e-02 2.203565964275862321e-02 4.618235887195939332e-02 1.115501484635068050e-03 8.582612567606064460e-03 0.000000000000000000e+00 3.142183245611119419e-02 7.663158747493450940e-02 3.031709650975789386e-03 0.000000000000000000e+00 1.873644677492150579e-01 8.333303779925849142e-02 9.221732841149281323e-02 6.318891614663221454e-03 9.522974054779861919e-02 2.325088168865618518e-02 2.603829362503616227e-02 4.152524280977690913e-02 1.498715718011430116e-03
5.940812082473838698e-03 3.116708277035396685e-02 1.013788118838286926e-03 1.376508308406043657e-01 2.105918437195848994e-02 1.396733425489555258e-01 1.969635406102175634e-02 5.687186774364260539e-02 1.484240195829136799e-01 0.000000000000000000e+00 0.000000000000000000e+00 4.393520527743020876e-02 1.353457615372885281e-01 2.817396235330816255e-03 2.574924395566140917e-02 4.061999791447946928e-02 1.057073947666375413e-01 2.033598536672119594e-02 1.676207050693438901e-04 6.382411212061898931e-02
2.905397233220342879e-02 1.441209602140994805e-01 0.000000000000000000e+00 2.342683543195704047e-03 1.158569660687493036e-01 2.627728213595306381e-02 4.452779882072321026e-03 8.783293671710677708e-02 1.643097685432916635e-02 0.000000000000000000e+00 1.121716654466503160e-03 1.605553356916609442e-01 1.619229049809795039e-04 1.143950392574018260e-02 1.229302462908313520e-01 2.999328174298026076e-02 1.596080965176696620e-01 1.559042511348129878e-02 4.150270092083548079e-02 3.072821248964403840e-02
9.602951665536660353e-02 7.586078166460488714e-02 5.467083442216806762e-03 8.040107105776361784e-02 1.203908894993301754e-01 1.654745522893051324e-01 1.377753544269174485e-02 6.050606076124401961e-03 1.267241569844295701e-01 2.615367022018940529e-02 0.000000000000000000e+00 3.316135887536503929e-02 0.000000000000000000e+00 9.859042217468154748e-03 2.975531391202659685e-03 0.000000000000000000e+00 1.475172730802463139e-01 2.986997757658007430e-02 2.078641169835183586e-02 3.950054182876350933e-02
2.099501005912926890e-02 1.521429946848951997e-01 4.185407879333277736e-02 1.369818138974789566e-02 1.703837193435701058e-01 1.580431802424391019e-01 1.654793286782904049e-01 2.987144915354428276e-02 5.485258348244629115e-03 1.823029246095845190e-03 0.000000000000000000e+00 1.119793061181941496e-01 5.185976636627955341e-03 3.397900975460152462e-02 3.421355471592633923e-03 0.000000000000000000e+00 1.508265381375718632e-02 0.000000000000000000e+00 6.297734172327668772e-03 6.427773409360938717e-02
4.779378921629476307e-02 4.848125301798703046e-02 0.000000000000000000e+00 0.000000000000000000e+00 1.312977634752352599e-06 2.222184101988129712e-02 2.559753127649385535e-03 0.000000000000000000e+00 8.786393389357698147e-02 0.000000000000000000e+00 2.493891366777752430e-02 7.447552002677396144e-02 8.880794039667706807e-02 4.188883931316425557e-02 0.000000000000000000e+00 0.000000000000000000e+00 1.510683704113801040e-01 1.140638217831192042e-01 1.542998740362437615e-01 1.415348371118397841e-01
9.997987125864596369e-03 3.640595336513680058e-02 0.000000000000000000e+00 6.672826711169222227e-03 0.000000000000000000e+00 4.040607478047947981e-02 1.023534862141918349e-02 1.922507549456715925e-01 1.352433287485685642e-01 2.047590769040129668e-02 1.635041329708599930e-02 1.579058514685285908e-01 4.079129174041537173e-03 1.070281324391048755e-02 4.857534796260096904e-02 0.000000000000000000e+00 7.596805235091068018e-03 1.442094014850922035e-01 3.623032454342619418e-02 1.226617316015123083e-01
7.405293696906053123e-03 3.975834060474602027e-02 2.805302206012678674e-03 5.829861475922016451e-02 4.888061545253443059e-03 3.862783189264939326e-02 2.662104414751384485e-03 9.976048799226971964e-02 1.595330536389186760e-01 3.818948576734955760e-03 1.088241582334904291e-02 1.643324410635919608e-01 1.174424635468739389e-02 4.034924094957949986e-02 9.045184027300035012e-03 1.093515265444389107e-03 3.579942410939942338e-02 1.287169184896574115e-01 5.365691390649738463e-02 1.268216606830309401e-01
1.068973865250385097e-01 5.270440153773740116e-02 3.313447493656997145e-02 1.645065094528383107e-02 1.398710101641641723e-01 1.372922777820437257e-01 6.619504916160479091e-03 5.343553076249527717e-02 5.830780349537177665e-03 3.548708721879970541e-03 0.000000000000000000e+00 1.554875741914652776e-01 7.336586792428996529e-02 1.846999691960720530e-02 1.963636576365485747e-02 9.183565478894657741e-03 1.019136912340575657e-01 2.024388863395870652e-02 4.591432321316125248e-02 0.000000000000000000e+00
8.867555914864931263e-03 7.018698532054635023e-03 2.693058378488606686e-03 8.589540967704151295e-04 1.276766230021323112e-01 4.492506824235527330e-02 1.100522274902887981e-01 5.846814160579099501e-02 1.157710085910892972e-01 5.287333342535899261e-02 9.732510440034976978e-03 5.743587716204871969e-03 5.523318807434179911e-02 1.213758579508046088e-02 1.392477386506272008e-01 0.000000000000000000e+00 3.870762388330704212e-02 1.236441906012956948e-02 1.145410800082826905e-02 1.861745691002515413e-01
3.601444067160901319e-02 9.255300014582988621e-02 3.348311390811202059e-03 1.942079188896053688e-02 3.510511650937473555e-02 0.000000000000000000e+00 1.075693806439668478e-02 4.314272814670434136e-02 2.178567128020848787e-02 1.051888562835266196e-02 6.572452314481003199e-02 2.274354515401214027e-01 1.412010431945168176e-01 0.000000000000000000e+00 1.677418125005657483e-04 0.000000000000000000e+00 1.165577206303426289e-01 3.005981358103814935e-02 1.405938409915664100e-01 5.613981378856512661e-03
1.228942386655192676e-01 1.158778278119485944e-01 5.485047780952859858e-02 1.854451077753904893e-03 9.267207118534437002e-03 1.302908050639346726e-01 2.324123426106889517e-02 1.252524486928197067e-01 1.443917299809764285e-02 7.985934892619540870e-03 0.000000000000000000e+00 3.493526329809296116e-02 1.066922353296181685e-03 2.486167763800173781e-03 3.180886519143884738e-04 1.714975054681422070e-02 1.121698588969756993e-01 8.948536651875352299e-03 8.739312327894624421e-02 1.295784901664594480e-01
1.797574078227668487e-02 1.301407467609265178e-01 6.656439020513567296e-04 3.819972741401215371e-02 1.668316301526589379e-04 3.079674669118999397e-02 4.905635573859103886e-04 9.971412184601709250e-02 2.662260651579718140e-01 0.000000000000000000e+00 2.085443621384480088e-03 2.218365274571353074e-02 8.383781200840994749e-03 0.000000000000000000e+00 2.218322565177379899e-02 0.000000000000000000e+00 3.125168816020060941e-02 1.959418678937422525e-02 1.543908381275606312e-01 1.555509959611675042e-01
1.296070555722862450e-01 1.339444986230996504e-01 1.699223617673543854e-04 1.115113301111013075e-02 0.000000000000000000e+00 0.000000000000000000e+00 1.780985165718682733e-02 8.913754545524177342e-03 6.725561786674005837e-02 1.703269670517100140e-02 0.000000000000000000e+00 2.352965917835495580e-01 9.657130882103702463e-03 1.225080681382962056e-01 1.431302372193384853e-01 6.006723156908437555e-02 1.525456340954021864e-03 5.932071320804191070e-03 5.007327515881901652e-04 3.549794965139577152e-02
1.751811996171456082e-02 1.010876189922648993e-01 2.669177784810144397e-03 0.000000000000000000e+00 1.257425302607129980e-01 1.437997156732719051e-01 0.000000000000000000e+00 8.869953716358185136e-02 3.060118970442755187e-02 0.000000000000000000e+00 0.000000000000000000e+00 1.255933963783423257e-01 2.678863109700688888e-02 7.733806084762447249e-03 0.000000000000000000e+00 0.000000000000000000e+00 1.122872564663535827e-02 4.369856524184981966e-03 1.495334856497200215e-01 1.646342090785640477e-01
1.666217828671493406e-03 1.504749660363831065e-01 0.000000000000000000e+00 2.589611383098138972e-02 4.367990560843437969e-04 1.763076400731937790e-02 1.601415039585216311e-03 1.272787189408238206e-01 8.060013167560055314e-02 1.678016877546728482e-03 1.141506935301394958e-03 1.158148801334582673e-01 3.004746151037591701e-03 4.373746908457284976e-02 5.228340607713848759e-02 6.581036107680524397e-03 1.214452463810655053e-01 0.000000000000000000e+00 3.375648654410567245e-02 2.149720792926437807e-01
1.735745535586488263e-03 1.098962479707555756e-01 3.884060805243639072e-03 9.805410622699613221e-02 1.671016487180768540e-04 1.460332444222315782e-03 6.080365154855994075e-02 5.831171032403956872e-02 2.340402000444849751e-01 6.759487488799026389e-02 2.242949201935829501e-02 1.639955302100789547e-01 4.072313317105746323e-03 3.801747664490275156e-03 2.215889585891555810e-02 9.604539272148475415e-02 8.636440291154436717e-04 1.699446170426281016e-02 1.228818276792842390e-02 2.140230827066276487e-02
2.200322761280540940e-01 1.874532388295498814e-02 6.852715253052940256e-03 2.973321126253465618e-02 4.851233676144497964e-02 2.902692901696278527e-02 4.587144436377070360e-03 1.474675335255041381e-02 8.992576366125090703e-02 2.227870046261691550e-02 4.239402609920808751e-02 1.328097495972276609e-01 3.557847500977303744e-03 1.023546139789745582e-02 0.000000000000000000e+00 4.862150558667104744e-02 4.107339329972405778e-02 8.408386365854257638e-02 1.407939428313940700e-01 1.198905581055793867e-02
9.171123716610021098e-03 1.185493893388518405e-01 3.268517492535319576e-04 7.961989004160849662e-03 1.991218704861841618e-02 1.551262867694536696e-01 7.082522256488921197e-02 3.677612485084601895e-02 5.684698696928070644e-02 1.333194117270810469e-03 0.000000000000000000e+00 2.981924003013980765e-02 2.046468787382319790e-04 4.780092792862298406e-02 1.849109052225858659e-03 8.346577046275611977e-02 5.943479329261186495e-02 1.852488594791325575e-03 1.561839582131297199e-01 1.425597094177490642e-01
1.912291011036283406e-01 1.579220867836126641e-01 4.732628197614648785e-02 0.000000000000000000e+00 1.209601649090440850e-02 8.695503501749803077e-02 7.281772468679191535e-02 2.586582557128280432e-02 1.183499675065119439e-02 1.248626095614752303e-02 4.639745904645529843e-04 1.401409791262453117e-02 5.114987803399830002e-02 6.065028742085232759e-03 2.597926491910555052e-02 4.164831874041967190e-03 4.210904623171083522e-02 4.658233915364210116e-03 6.017840317103767545e-02 1.726839112729037506e-01
4.727838191628031851e-03 1.550082194237429808e-02 0.000000000000000000e+00 1.702954352122073092e-02 2.319441832018607694e-02 0.000000000000000000e+00 1.276580630065318051e-02 8.770298424496716927e-02 1.849380770660121187e-01 4.615651932010442909e-02 1.332619297526498178e-03 1.868681940408737363e-01 4.713133049602580282e-03 5.531652750117180273e-02 1.175824343838848818e-01 1.132198029445152625e-02 1.672572376036218778e-01 1.510171588945480661e-02 2.736527155473343631e-02 2.112487747753274969e-02
2.016352017654706591e-02 4.321100119401719009e-02 1.300822237701700079e-02 2.731240219470241759e-01 1.433911559778969398e-02 1.238807694749405469e-01 1.532040311573282590e-02 5.050424378862840161e-04 0.000000000000000000e+00 1.012384479657938872e-03 3.293764824680114802e-03 8.293004285823157851e-02 1.543529699427886870e-01 0.000000000000000000e+00 1.316647668898399126e-01 1.093571021057428670e-02 2.663070609366853438e-03 5.585619394741209165e-02 2.728573415345808897e-02 2.645326576303567642e-02
1.053373788441852588e-02 1.529124711930262281e-01 0.000000000000000000e+00 3.099990940080192461e-03 7.230409544332684971e-03 2.301550893885470350e-01 0.000000000000000000e+00 1.351276228320732672e-02 1.331765614196244452e-01 1.082357218152504158e-02 0.000000000000000000e+00 8.325381331518152961e-02 4.859513542727445651e-02 0.000000000000000000e+00 0.000000000000000000e+00 0.000000000000000000e+00 1.315605424620675534e-01 8.339628304048198049e-03 1.391013526704144576e-01 2.770493298625236953e-02
3.055882831788986342e-02 7.905826558066247900e-02 0.000000000000000000e+00 4.730503226464075756e-02 4.299508080152692271e-03 1.469164390196045326e-02 3.789688038423293884e-03 2.481272979853177841e-03 1.497036287839293156e-01 6.451412120968647024e-02 1.424212019038263798e-06 2.765785140532372455e-01 1.380993964803486559e-02 1.955444734011876212e-02 7.282531457226193612e-03 4.394989332822898769e-03 0.000000000000000000e+00 1.302662912467042189e-01 0.000000000000000000e+00 1.517098735526382358e-01
1.273562329691857731e-01 0.000000000000000000e+00 0.000000000000000000e+00 5.929671497699835411e-03 6.112351176426005644e-02 5.337417732019605204e-02 0.000000000000000000e+00 5.765966337182657636e-03 6.773241339594579524e-02 1.483880825430534678e-01 7.550581601515703569e-04 1.657137247570805438e-01 6.406491475594988140e-03 9.030026478545793295e-03 1.284715919152261132e-01 0.000000000000000000e+00 1.368201240681423889e-02 4.789381839681892961e-02 6.723423890777292279e-03 1.516537966914670299e-01
0.000000000000000000e+00 3.216113687133736240e-03 1.376791572783005874e-02 3.507693770628149410e-02 2.168418136812948205e-01 1.730442519804870904e-01 1.744670968874471872e-02 4.393601578272909869e-02 1.804317736667911953e-01 9.352989171634186819e-03 3.578112439796521729e-03 2.830777264269539531e-02 4.635594843646521218e-02 5.070954973286953549e-03 1.135353677419163529e-02 1.547140088982789513e-02 0.000000000000000000e+00 7.719240766355388479e-04 4.249555989528706196e-02 1.534802687788874020e-01
2.051124718310438910e-02 1.241093652395913877e-01 2.787993695212592684e-03 0.000000000000000000e+00 0.000000000000000000e+00 2.601656106385281109e-01 8.899166695206267574e-03 1.882847780948820535e-02 1.705053097429977405e-01 0.000000000000000000e+00 1.140241216973071191e-03 6.159918609170059872e-02 0.000000000000000000e+00 2.958794261079955232e-03 8.348847805816678094e-04 0.000000000000000000e+00 2.191183491811030809e-02 1.186283001765610010e-02 1.483610295786062794e-01 1.455240281311631079e-01
1.249907795080485856e-01 1.418315095247130175e-02 5.883014021347206550e-04 4.690241417470457364e-02 1.014680960065014043e-01 2.192565636240249582e-01 3.375790944085128148e-04 4.548044245857398894e-03 2.439716835362478256e-02 7.326109344419006256e-03 8.244392965604598359e-04 1.706275612090448757e-01 5.626558575296474775e-03 2.657864888225276029e-02 5.610084579966569118e-03 0.000000000000000000e+00 2.598292425848732629e-02 8.409835153326137430e-03 5.486652174525331882e-02 1.574752195936168497e-01
2.267372465533236056e-02 3.877408981745043143e-02 1.289545685450398278e-02 2.826884945671153532e-02 8.460879184447729585e-04 5.035466221102656570e-02 2.405581926828043865e-02 1.883299351553606726e-01 7.933020166555232108e-03 1.942399729506266411e-03 5.068439351028086477e-04 7.395898463813313853e-03 5.500500714914390021e-02 2.520295960359335632e-02 2.140493657383831655e-02 2.348872565483958730e-02 2.048216132730172057e-01 5.747780287049331083e-02 8.931554012477083138e-02 1.393066271182150373e-01
3.375690421403734591e-03 1.637379894765993715e-01 9.320295318154731001e-03 2.018190629558457017e-03 1.627928158126921709e-01 2.291768863161800507e-01 1.055866952898596722e-01 1.714930599828466337e-02 9.229235306825293861e-02 5.446267456489731727e-03 1.002031881135064494e-02 2.957910586013708792e-02 1.446126427428405699e-02 4.858949383021377195e-03 2.210318808271121219e-03 2.561416276563087055e-03 0.000000000000000000e+00 8.573140653903340690e-04 1.385174874910413689e-01 6.037335242465361601e-03
