0.000000000000000000e+00 1.329916986742789471e-02 2.799044909919640750e-05 6.843467719192035392e-02 8.681951885635580748e-03 5.839706281408874738e-02 0.000000000000000000e+00 4.524934588495935217e-02 1.055108109837877423e-02 2.967873318903609461e-02 6.131327739388191950e-03 2.436996323074843915e-02 0.000000000000000000e+00 1.328641387266370766e-01 1.552540474961295325e-01 2.332162540296388309e-02 1.782595092846546523e-03 0.000000000000000000e+00 5.198496600374420684e-03 0.000000000000000000e+00 1.129233293491592044e-01 3.253705792886855269e-02 2.105680982704187174e-02 1.059624820338439938e-01 1.442781141914522836e-01
1.588430790536848273e-03 1.236621755417001561e-01 1.035676546399567433e-03 9.530888655234435666e-03 1.719084248706464341e-02 6.950298525276969730e-02 4.899431524078958280e-03 9.604251124141480189e-02 0.000000000000000000e+00 6.472502231956892699e-03 3.687475878993574929e-02 1.189534278278446822e-01 4.316978681386658104e-04 4.970630471017901085e-03 8.958774958026724522e-02 1.272814353680287031e-02 0.000000000000000000e+00 1.637746366735396753e-04 1.233111457363459881e-02 0.000000000000000000e+00 0.000000000000000000e+00 7.974188218504216566e-03 3.043938014757437138e-02 2.591771595923694216e-01 9.644253048608068812e-02
6.229949210866021075e-03 3.256759863211303781e-03 3.447722736020100709e-02 6.684697437194266068e-02 0.000000000000000000e+00 0.000000000000000000e+00 1.724407351238217007e-02 1.274996318010503393e-01 0.000000000000000000e+00 0.000000000000000000e+00 8.918442732355535973e-02 3.088545605848733860e-02 0.000000000000000000e+00 1.082625394769973909e-01 2.790763241560659247e-01 1.154159079397344516e-02 0.000000000000000000e+00 1.294317871377868336e-02 2.854037494105990738e-02 2.338718733550424617e-02 0.000000000000000000e+00 6.403749788888542412e-03 5.359999930204446816e-02 1.006205559899911589e-01 0.000000000000000000e+00
3.457633608508677361e-03 2.140664611704637052e-03 1.030676813586250138e-03 6.052390666751359359e-03 8.084422713728314780e-02 0.000000000000000000e+00 1.771110977553170748e-02 3.826503266016662019e-02 2.032684921543068731e-03 2.530002178326072604e-02 2.800312216766864121e-02 1.741870463345656164e-02 1.029308349915708937e-01 1.096649002159443415e-01 3.114206793381760902e-02 7.744500090890333970e-03 4.095083652772697064e-02 1.255764209718914642e-02 1.681497599983208246e-01 0.000000000000000000e+00 8.158470987382471229e-02 3.890311794387763498e-03 9.857130326427422651e-02 1.190573595860690836e-01 1.499504846522585781e-03
0.000000000000000000e+00 5.861164564651418635e-02 2.069232721662012803e-02 8.558393279795756302e-04 4.950090537376905866e-03 0.000000000000000000e+00 9.075118763631891128e-02 1.457665462005092345e-02 0.000000000000000000e+00 0.000000000000000000e+00 4.301121940772281022e-03 8.712777425805343784e-03 3.760609224805311346e-02 1.386791565413396932e-01 1.717753046887060819e-01 1.601136998412098361e-02 7.732031810957560973e-03 0.000000000000000000e+00 3.969985404830237569e-02 1.412785031713034278e-03 0.000000000000000000e+00 4.881021777344889991e-03 7.774490848698442647e-02 2.744970218274073726e-01 2.650880920363227200e-02
0.000000000000000000e+00 3.368345015907222174e-03 5.292777871325992506e-02 1.179824389499836874e-02 8.531155566622769526e-02 5.599574106179831812e-03 1.114719933032673610e-01 1.336540092295284039e-02 5.233205753322951216e-03 5.762799264576744067e-03 0.000000000000000000e+00 1.026407505688441135e-01 2.311198527374563709e-03 0.000000000000000000e+00 8.795878757802812198e-02 1.418602031430550928e-02 2.757275950795491821e-03 5.218122674528476862e-02 6.734490084446939119e-03 8.124739270099623836e-03 6.438908069199719697e-02 8.901479369617456769e-03 3.615393710622465118e-02 2.689767801680831294e-01 4.984533698420542253e-02
2.934316104007234083e-02 1.538808168520198749e-01 1.307652115295619144e-01 9.277687581117549653e-03 1.255408869819769069e-01 0.000000000000000000e+00 1.331908848027928615e-03 0.000000000000000000e+00 0.000000000000000000e+00 4.057887753378607715e-02 5.205511944728072153e-03 0.000000000000000000e+00 0.000000000000000000e+00 1.657378903621922750e-02 1.867342632086386456e-01 1.498345542227994594e-03 0.000000000000000000e+00 3.773977872888881376e-03 1.549547978064299836e-01 0.000000000000000000e+00 0.000000000000000000e+00 6.355011821006043568e-04 6.558300450350235816e-03 1.333469625898538735e-01 0.000000000000000000e+00
0.000000000000000000e+00 4.264145769984295509e-02 1.709087858248400384e-04 4.581717538718442506e-02 6.632254737989880765e-03 6.415277757778670153e-02 6.707807691152590547e-03 1.228053701044938897e-02 1.325906949651629169e-02 1.105192420412411669e-01 1.011902260737237991e-01 4.591293985580061077e-02 1.647698789701288608e-02 1.017377844642890494e-01 2.020883527510570696e-02 0.000000000000000000e+00 8.374403090995952842e-03 1.153832352539115340e-03 5.299336588266768955e-02 2.733568867104848015e-03 7.421823358245271951e-02 0.000000000000000000e+00 4.476033162424567641e-02 1.596431953156311201e-01 6.841506529044252827e-02
3.621434586851455389e-02 1.804431599633734423e-02 5.158331790844856990e-02 5.211517952514460247e-03 3.151737878372599944e-02 1.660278200871068805e-04 9.337517265349516704e-02 1.522737131462493024e-02 4.610776595648112888e-03 0.000000000000000000e+00 1.084017750200880897e-02 1.253337006805291774e-02 2.299594270973482138e-02 1.404715499813778690e-01 1.901014400361921153e-01 2.140555831915930476e-02 8.192406595541165681e-02 8.446681617775554651e-02 2.111309585745311732e-02 0.000000000000000000e+00 8.220719179548128131e-04 0.000000000000000000e+00 7.305781531678415264e-02 7.466289119189080392e-02 9.654980072827711382e-03
8.411248873407735360e-02 5.093891236890753238e-02 1.524803731161980362e-02 1.720972832181593554e-02 5.688189683783696771e-02 0.000000000000000000e+00 2.111256296322785650e-02 0.000000000000000000e+00 2.036393573817425057e-02 1.081961701203787984e-01 2.829024063021897545e-02 3.309830775845303951e-03 0.000000000000000000e+00 8.046283150830021991e-02 1.868683133252647677e-01 1.741027754015395460e-02 0.000000000000000000e+00 5.013445983531679331e-04 3.604940763596521137e-03 2.934744791643591468e-05 3.920262804643647597e-02 1.040017837162143625e-02 2.339943199494434745e-02 1.318667619408787073e-01 1.005901406604311071e-01
0.000000000000000000e+00 0.000000000000000000e+00 1.351167269683465066e-01 9.907178684455672513e-02 1.034721662260369192e-02 5.906559902569942858e-03 6.201105509574974389e-02 3.054106323635198510e-03 3.491847124735122238e-02 0.000000000000000000e+00 3.292949940464126157e-03 1.053130891004697700e-01 1.322611262247692541e-03 0.000000000000000000e+00 2.963939101543731081e-01 7.351471748296679876e-03 1.424237941176118190e-02 0.000000000000000000e+00 3.581956672416883314e-02 6.201688236442785829e-03 0.000000000000000000e+00 4.442706549653971902e-03 2.599805801231631908e-02 3.893793247965290655e-03 1.453018526070273542e-01
8.945217718675484023e-04 1.346838681746723720e-01 0.000000000000000000e+00 0.000000000000000000e+00 4.118719498374382587e-02 0.000000000000000000e+00 1.249279782885925200e-01 1.443498511054476796e-01 0.000000000000000000e+00 9.551124346238573648e-03 8.517547474967650592e-03 1.753787177858337487e-02 0.000000000000000000e+00 7.433883841869144346e-03 3.988773214640360665e-02 1.772198509105726502e-02 0.000000000000000000e+00 1.645747674227858416e-04 1.824634003649407976e-01 9.321268620516957870e-03 9.206506078897422340e-02 2.704543338707074071e-02 0.000000000000000000e+00 1.110336778410332403e-01 3.121302522659768000e-02
1.399092177808109599e-02 1.165764160189692172e-01 2.216281398948847375e-02 1.094035130974678471e-02 3.640500392912447009e-02 2.173079979896931288e-02 1.019019073118338642e-02 2.421737049263002900e-02 0.000000000000000000e+00 1.016334891536996602e-03 9.231697415508581528e-02 1.891553026070520033e-02 6.535246795698254618e-02 0.000000000000000000e+00 1.451370678553565718e-01 7.475024698864601858e-02 1.803535698921873362e-02 5.480074251365061461e-02 1.983367950767300214e-01 3.384050283684456235e-04 6.120126037081671105e-04 1.700293883519950471e-04 5.402881399816412966e-02 3.237812766052599461e-03 1.673754147924948546e-02
4.174590667522806720e-03 8.292754018835904462e-03 2.847235043904635526e-02 0.000000000000000000e+00 9.481857533504010893e-02 1.479209269493565043e-03 1.066660548473888359e-01 5.631733673564194749e-03 0.000000000000000000e+00 0.000000000000000000e+00 3.092480912470044543e-02 1.254332019634012314e-02 6.189644070469923348e-02 1.145866942700085322e-01 1.529907576755706045e-01 4.301614473564004115e-02 1.584940467323702048e-03 1.652917282414943703e-04 1.776149571419136097e-01 1.002801494470575289e-02 1.411731662943252995e-02 0.000000000000000000e+00 3.487594891806130790e-03 4.856878828420510552e-02 7.893966095452098486e-02
3.140596994340855846e-02 5.497123247392177170e-02 6.290043663943389873e-02 3.170831519835353579e-02 8.012305927985008402e-02 1.967328747750110574e-02 2.446953834219775178e-02 4.802218135357538679e-04 6.639083457444704128e-03 1.608669793765131750e-01 0.000000000000000000e+00 2.404356714757747635e-02 7.843947503613264705e-02 8.504484539767107401e-03 1.480612445275370781e-01 2.294761060232075600e-02 5.495107953468346754e-03 1.312381604601012448e-02 3.233846543203625079e-02 2.377051314809777716e-02 5.311951000734148505e-03 9.037413596836565630e-03 1.059171816065982291e-01 1.942172004535111171e-02 3.034932531537203396e-02
