1.148344507979670442e-01 7.078047504738127493e-02 5.389282361835975171e-02 1.107795028612547500e-01 1.952601245297944869e-04 1.384903790084495157e-01 0.000000000000000000e+00 0.000000000000000000e+00 1.347826153636216828e-01 0.000000000000000000e+00 9.402593090564495895e-03 4.510783687315662177e-02 0.000000000000000000e+00 1.718133172483161377e-03 1.720491030172338343e-01 0.000000000000000000e+00 0.000000000000000000e+00 1.264817478557926644e-01 0.000000000000000000e+00 2.148507916920521649e-02
1.738096103342543497e-01 1.947187602035009915e-02 4.110317871682566543e-02 7.821805915314551660e-02 1.246639814946753216e-02 1.041283910296168236e-01 0.000000000000000000e+00 1.568749021679143874e-01 0.000000000000000000e+00 6.100888954808132009e-02 0.000000000000000000e+00 2.042919307540856932e-01 0.000000000000000000e+00 1.004951648660498409e-01 1.141796768011308239e-03 6.940567824872395132e-03 0.000000000000000000e+00 8.539534464149301993e-03 0.000000000000000000e+00 3.150970020317581111e-02
0.000000000000000000e+00 7.288509686151621592e-02 3.113916036880359003e-03 0.000000000000000000e+00 1.071553504311048288e-01 1.634982585478538530e-01 5.073976443175454848e-02 0.000000000000000000e+00 1.531399356438931381e-01 0.000000000000000000e+00 1.612606301117941177e-01 0.000000000000000000e+00 0.000000000000000000e+00 0.000000000000000000e+00 3.443039369181413040e-02 0.000000000000000000e+00 0.000000000000000000e+00 0.000000000000000000e+00 1.620107055277054398e-01 9.176594871568335976e-02
0.000000000000000000e+00 1.718286375501704433e-01 1.662273569846275988e-03 1.005234286112604153e-01 0.000000000000000000e+00 9.014648994735077747e-02 0.000000000000000000e+00 4.157042594459085111e-02 1.189093485973364422e-01 0.000000000000000000e+00 8.965083468924422982e-02 1.714170121344251174e-01 7.270951333938349692e-02 0.000000000000000000e+00 2.419423683899375732e-02 6.562627478656528346e-02 0.000000000000000000e+00 6.340148482489392501e-03 4.542137550834347143e-02 0.000000000000000000e+00
1.548873620179240691e-02 0.000000000000000000e+00 0.000000000000000000e+00 1.147748974601533051e-01 1.219042936781509628e-01 1.360198471582234891e-01 0.000000000000000000e+00 1.470208948163744256e-01 0.000000000000000000e+00 0.000000000000000000e+00 1.312316090745297564e-02 3.020951593247817590e-01 0.000000000000000000e+00 0.000000000000000000e+00 0.000000000000000000e+00 0.000000000000000000e+00 0.000000000000000000e+00 0.000000000000000000e+00 1.495730104530707816e-01 0.000000000000000000e+00
1.362935994871496692e-01 1.440230151510041995e-02 0.000000000000000000e+00 5.352164351801221714e-02 1.170175006142524926e-01 1.432402594476903657e-01 0.000000000000000000e+00 7.028342365444256723e-02 9.692842700340205397e-02 8.725184179912416323e-04 0.000000000000000000e+00 1.672937425101353182e-01 0.000000000000000000e+00 0.000000000000000000e+00 0.000000000000000000e+00 4.304604554002480765e-02 0.000000000000000000e+00 8.436517463875678469e-03 1.486640208279230713e-01 0.000000000000000000e+00
0.000000000000000000e+00 3.880139941782261015e-02 0.000000000000000000e+00 0.000000000000000000e+00 2.061996055592491550e-01 1.681010434199102788e-01 0.000000000000000000e+00 0.000000000000000000e+00 7.179272104290039536e-02 0.000000000000000000e+00 1.108676667166423775e-02 1.669038811764440022e-01 0.000000000000000000e+00 7.059478198591007114e-02 5.617396159026680214e-02 0.000000000000000000e+00 0.000000000000000000e+00 6.905209901734819800e-02 2.919467923498992451e-02 1.120990608834944724e-01
8.007770654960053025e-02 0.000000000000000000e+00 0.000000000000000000e+00 1.006463612637039373e-01 1.391156066460488561e-01 2.852052195244822452e-02 0.000000000000000000e+00 1.341325191925921423e-01 1.541306989620053192e-01 0.000000000000000000e+00 1.276698025568457073e-01 1.984761777817226347e-01 7.413680713827752950e-04 0.000000000000000000e+00 0.000000000000000000e+00 0.000000000000000000e+00 0.000000000000000000e+00 2.619993964085366375e-03 3.386924305956454107e-02 0.000000000000000000e+00
7.597678976687968766e-02 1.396118183022269366e-01 0.000000000000000000e+00 1.134372527319762181e-01 4.811439587030331977e-02 0.000000000000000000e+00 0.000000000000000000e+00 1.360296790426789859e-01 1.230720654802102687e-01 6.398123175910643001e-02 0.000000000000000000e+00 2.348605277355317045e-01 0.000000000000000000e+00 0.000000000000000000e+00 0.000000000000000000e+00 2.817251162814032525e-02 1.865283578068783685e-02 0.000000000000000000e+00 1.809089190225820348e-02 0.000000000000000000e+00
1.215919064968749158e-01 1.238693313663663392e-01 7.108433833202539021e-02 1.150652757403839224e-02 1.546339347720724067e-01 3.363833370316284682e-02 0.000000000000000000e+00 4.639712519280139724e-02 1.422233539093790133e-01 9.463407957650105118e-02 0.000000000000000000e+00 1.527731312267210650e-01 0.000000000000000000e+00 1.347294244346136302e-02 0.000000000000000000e+00 7.297616902125591935e-03 0.000000000000000000e+00 0.000000000000000000e+00 0.000000000000000000e+00 2.687737850447020904e-02
5.705349499933129453e-02 0.000000000000000000e+00 0.000000000000000000e+00 1.194542941811214953e-01 0.000000000000000000e+00 2.289848023080323924e-01 1.422851316588810006e-02 0.000000000000000000e+00 6.488064066995477552e-02 0.000000000000000000e+00 1.809142848363098910e-02 1.780521459517306893e-01 1.392885274228141540e-02 0.000000000000000000e+00 1.483118607809046918e-01 0.000000000000000000e+00 0.000000000000000000e+00 1.107437805964579386e-01 4.627018612066627345e-02 0.000000000000000000e+00
1.199506553799839365e-01 2.720141430478684175e-02 0.000000000000000000e+00 9.251708029894208096e-02 1.114971844604515511e-02 3.649771997864050682e-02 0.000000000000000000e+00 6.535703318572554099e-02 6.611649925220094808e-03 2.010839469332979454e-02 0.000000000000000000e+00 3.064068922766152170e-01 2.296790865692418041e-02 0.000000000000000000e+00 0.000000000000000000e+00 2.184770893037781339e-02 1.061521937483998757e-02 1.068867727671147239e-01 1.030013504847581036e-02 1.415816967329784071e-01
1.070888368826015680e-01 4.558891595586959944e-02 0.000000000000000000e+00 0.000000000000000000e+00 8.884663812281372308e-02 1.358097987971867704e-01 6.677626153224346280e-03 6.583307077544460484e-02 1.280358860126238618e-01 1.899204342552037947e-02 1.240036701346030751e-01 1.727349610181783124e-01 1.922471730441637546e-03 0.000000000000000000e+00 4.371344059667692933e-02 0.000000000000000000e+00 8.435955652976112606e-03 5.231668474183914092e-02 0.000000000000000000e+00 0.000000000000000000e+00
3.559549936633801814e-02 0.000000000000000000e+00 3.732990486185072676e-02 1.713630166153827239e-01 0.000000000000000000e+00 4.795442175221521081e-02 0.000000000000000000e+00 0.000000000000000000e+00 0.000000000000000000e+00 0.000000000000000000e+00 1.536376526707299850e-01 2.391471125222954242e-01 0.000000000000000000e+00 0.000000000000000000e+00 1.940835095844276048e-01 0.000000000000000000e+00 0.000000000000000000e+00 0.000000000000000000e+00 1.208888826267603411e-01 0.000000000000000000e+00
6.514432618650943529e-03 1.358962923441583981e-01 1.301369959656398512e-01 1.900180962742940155e-02 1.065088936212680720e-01 1.196884743922277047e-02 0.000000000000000000e+00 0.000000000000000000e+00 6.226107442241926582e-02 2.803312352207514013e-02 4.305289531739507798e-03 2.662357728547589675e-01 0.000000000000000000e+00 1.194102662381203890e-02 1.667291727492654363e-01 2.011210081573157685e-02 0.000000000000000000e+00 0.000000000000000000e+00 0.000000000000000000e+00 3.035516786382872617e-02
4.217404745354776802e-02 0.000000000000000000e+00 3.519499202781564695e-02 1.561413129985889658e-01 0.000000000000000000e+00 0.000000000000000000e+00 0.000000000000000000e+00 6.787424639542075089e-02 0.000000000000000000e+00 0.000000000000000000e+00 4.384141186932678097e-02 1.370144243548967466e-01 0.000000000000000000e+00 0.000000000000000000e+00 9.328173310561960196e-03 0.000000000000000000e+00 0.000000000000000000e+00 8.188531607329969930e-02 1.600734641378784573e-01 2.664726113786631267e-01
5.124712216084385125e-02 0.000000000000000000e+00 0.000000000000000000e+00 4.414730361874048825e-02 0.000000000000000000e+00 2.621313847279534426e-01 0.000000000000000000e+00 1.312301340418053353e-01 0.000000000000000000e+00 4.105720227865131827e-02 1.454210797184322668e-01 0.000000000000000000e+00 0.000000000000000000e+00 0.000000000000000000e+00 4.045104192827863460e-02 0.000000000000000000e+00 1.337322427574557000e-02 0.000000000000000000e+00 1.445666049291023381e-01 1.263749023204466804e-01
0.000000000000000000e+00 0.000000000000000000e+00 0.000000000000000000e+00 0.000000000000000000e+00 1.661999214557065563e-01 1.523185338834316671e-01 2.041593454611068462e-02 0.000000000000000000e+00 1.304473578848047155e-01 1.313866787032231609e-03 4.401454231867348715e-02 1.664471174819125709e-01 0.000000000000000000e+00 0.000000000000000000e+00 1.852020329097915363e-01 0.000000000000000000e+00 0.000000000000000000e+00 2.746895009985077501e-03 0.000000000000000000e+00 1.308937977225514970e-01
8.281415967710500925e-02 1.241835437708167095e-01 0.000000000000000000e+00 2.212386233956542270e-01 0.000000000000000000e+00 0.000000000000000000e+00 0.000000000000000000e+00 0.000000000000000000e+00 0.000000000000000000e+00 0.000000000000000000e+00 1.784036808332002955e-01 2.355332492274600856e-02 0.000000000000000000e+00 1.120310831145824165e-01 2.293402916279761727e-01 0.000000000000000000e+00 0.000000000000000000e+00 2.843529265791933103e-02 0.000000000000000000e+00 0.000000000000000000e+00
0.000000000000000000e+00 1.040393398763597536e-02 1.063211146235341770e-01 0.000000000000000000e+00 1.350565316680442107e-01 1.730623132184131718e-01 0.000000000000000000e+00 1.981431930082110473e-04 0.000000000000000000e+00 0.000000000000000000e+00 1.343005234431393080e-01 6.911888573215595188e-02 0.000000000000000000e+00 8.471766274429923596e-03 1.349453824799934365e-01 1.590882069901250820e-02 0.000000000000000000e+00 5.408867732639858865e-03 1.078883954751256036e-01 9.891532147286782872e-02
0.000000000000000000e+00 0.000000000000000000e+00 4.462580871081840012e-02 1.116083163518887152e-03 0.000000000000000000e+00 1.033452755011501079e-01 0.000000000000000000e+00 1.200258383727851458e-01 0.000000000000000000e+00 1.390022096772222833e-02 1.356212158398638692e-02 1.879712669975510120e-01 0.000000000000000000e+00 1.298128398215636359e-01 2.105352759967057674e-01 0.000000000000000000e+00 0.000000000000000000e+00 0.000000000000000000e+00 0.000000000000000000e+00 1.751052688841984450e-01
0.000000000000000000e+00 1.141981369733086234e-02 0.000000000000000000e+00 1.998587212052373718e-01 5.790427178204089753e-02 4.133374781096478545e-02 0.000000000000000000e+00 1.702823363122106179e-03 1.780243249696451535e-01 0.000000000000000000e+00 0.000000000000000000e+00 1.727151081634420160e-01 2.268879166093261054e-02 0.000000000000000000e+00 0.000000000000000000e+00 0.000000000000000000e+00 0.000000000000000000e+00 8.398231732970540958e-03 1.843953083893881406e-01 1.215588572249255289e-01
0.000000000000000000e+00 1.559807900459648788e-01 1.348164907328222306e-01 1.613339875737432871e-01 2.669660084212626891e-02 1.597819478776855429e-01 2.662942260793667304e-02 0.000000000000000000e+00 1.002707382899610256e-01 0.000000000000000000e+00 1.139952874722787541e-03 0.000000000000000000e+00 8.617311339497890632e-03 0.000000000000000000e+00 0.000000000000000000e+00 1.704418204773858756e-03 0.000000000000000000e+00 0.000000000000000000e+00 2.230283396107654859e-01 0.000000000000000000e+00
0.000000000000000000e+00 9.650174323644479524e-02 0.000000000000000000e+00 8.054584222032344643e-02 9.131533274339659334e-03 7.584056190088209193e-02 0.000000000000000000e+00 1.528429903711455984e-01 0.000000000000000000e+00 0.000000000000000000e+00 2.921266623272451065e-03 1.732330699330939805e-01 1.059053014363036012e-02 1.044487745904325998e-01 0.000000000000000000e+00 0.000000000000000000e+00 0.000000000000000000e+00 3.952653089376301915e-03 1.176716499339372501e-01 1.723193846831214127e-01
0.000000000000000000e+00 0.000000000000000000e+00 0.000000000000000000e+00 1.070337106638541702e-01 1.075456146947978420e-01 2.571637950717196031e-01 6.008961852968177503e-02 0.000000000000000000e+00 2.114820159426028870e-02 0.000000000000000000e+00 1.999374707632297354e-01 0.000000000000000000e+00 3.601110972572432734e-02 0.000000000000000000e+00 1.976657448740129774e-01 0.000000000000000000e+00 0.000000000000000000e+00 0.000000000000000000e+00 1.340473408271925480e-02 0.000000000000000000e+00
0.000000000000000000e+00 1.787317646120418491e-01 3.709305220263409055e-03 1.758717125500491169e-02 1.107672771525343020e-01 0.000000000000000000e+00 0.000000000000000000e+00 0.000000000000000000e+00 1.840955101849176823e-01 1.338622810274130159e-01 1.045279819641191238e-01 6.271571929597702377e-02 2.445178138815536431e-02 0.000000000000000000e+00 0.000000000000000000e+00 1.079680188108867595e-02 6.765516687413378888e-03 5.415170554122884089e-02 1.078371837898424446e-01 0.000000000000000000e+00
2.274013815808529140e-02 3.693004457680999775e-02 0.000000000000000000e+00 3.165285851599198425e-02 9.003817970536476603e-03 4.065057902167009546e-02 0.000000000000000000e+00 9.539127144530751279e-02 1.081463773426623483e-02 8.371046347709593799e-03 4.212734009777448219e-02 3.432301061547803900e-01 0.000000000000000000e+00 0.000000000000000000e+00 1.794496386596179383e-01 0.000000000000000000e+00 7.104668419795600806e-03 0.000000000000000000e+00 5.202846638116594841e-02 1.205053865164883858e-01
3.506334590507744105e-03 5.677086795004907677e-02 4.695617398012395111e-02 0.000000000000000000e+00 0.000000000000000000e+00 1.525425453470581616e-01 2.560757273907861287e-02 1.207531379565801449e-01 1.812086795205072043e-01 0.000000000000000000e+00 0.000000000000000000e+00 1.635481812977936100e-01 7.720737610347665723e-03 0.000000000000000000e+00 2.661377068112598734e-02 0.000000000000000000e+00 0.000000000000000000e+00 5.399037365543655348e-02 1.514637602148426188e-01 9.317864456548531973e-03
1.407968056394794804e-02 7.930901283170384286e-02 0.000000000000000000e+00 2.190039520324537151e-02 8.050447790770932921e-02 3.413991980006118171e-02 0.000000000000000000e+00 0.000000000000000000e+00 1.236513012258206035e-01 4.420500174271759647e-02 1.650790653575196637e-02 2.381127401818857181e-01 0.000000000000000000e+00 0.000000000000000000e+00 6.432537597231001956e-03 6.354899790454589248e-02 0.000000000000000000e+00 9.958862950804428515e-02 2.845338462923728551e-02 1.495660143680978826e-01
4.651533993535914707e-02 1.288822791918928408e-02 7.756047181554734382e-02 7.861951284069759738e-02 0.000000000000000000e+00 9.568715229122186708e-03 0.000000000000000000e+00 0.000000000000000000e+00 0.000000000000000000e+00 1.513800105475521240e-02 0.000000000000000000e+00 2.000301079122250858e-01 5.440799998458074535e-03 0.000000000000000000e+00 2.308361817122427384e-01 0.000000000000000000e+00 2.052734439494520793e-02 0.000000000000000000e+00 1.728862614497416184e-01 1.299890357377166683e-01
4.382258827162737597e-02 1.213330244414061593e-01 0.000000000000000000e+00 0.000000000000000000e+00 1.650741687164238025e-01 0.000000000000000000e+00 0.000000000000000000e+00 0.000000000000000000e+00 6.162841679672677363e-04 2.823458232569321658e-02 0.000000000000000000e+00 2.814921011790805228e-01 7.357770125382511253e-03 0.000000000000000000e+00 1.966195272728749610e-01 0.000000000000000000e+00 0.000000000000000000e+00 0.000000000000000000e+00 0.000000000000000000e+00 1.554499534995443244e-01
0.000000000000000000e+00 9.093217677389352216e-02 0.000000000000000000e+00 1.810142602543886869e-01 0.000000000000000000e+00 4.518993082334258476e-02 0.000000000000000000e+00 1.465306468143096896e-01 9.135191947849027883e-02 0.000000000000000000e+00 0.000000000000000000e+00 1.256219169533892011e-01 0.000000000000000000e+00 0.000000000000000000e+00 1.300971599374727838e-01 0.000000000000000000e+00 0.000000000000000000e+00 4.155949992297738177e-02 0.000000000000000000e+00 1.477024890417357739e-01
0.000000000000000000e+00 1.110241340669320814e-01 0.000000000000000000e+00 3.907619315722860032e-02 5.292486578687301269e-02 0.000000000000000000e+00 0.000000000000000000e+00 6.292015807191506105e-02 1.062098520511621236e-01 6.430111862452742022e-02 0.000000000000000000e+00 1.861550355906924636e-01 0.000000000000000000e+00 5.732647052402957411e-02 0.000000000000000000e+00 0.000000000000000000e+00 0.000000000000000000e+00 0.000000000000000000e+00 1.754873424837706253e-01 1.445748296428690516e-01
6.237168024288604340e-02 2.275810612749728026e-02 0.000000000000000000e+00 9.322158364777000106e-02 1.545197721407286749e-02 2.054281375453762826e-01 0.000000000000000000e+00 1.342997103745955101e-01 0.000000000000000000e+00 0.000000000000000000e+00 6.328027171622428032e-03 1.783809455789950593e-01 2.158604280203400144e-02 0.000000000000000000e+00 2.479954036564725739e-02 5.261071516819840373e-03 0.000000000000000000e+00 3.434369648307386558e-02 1.957694809296095240e-01 0.000000000000000000e+00
6.437607304507951544e-02 4.569644966454569635e-02 0.000000000000000000e+00 1.201474695789855884e-01 1.594982442939896494e-01 5.231195195283452892e-02 0.000000000000000000e+00 0.000000000000000000e+00 4.095221875048210558e-02 0.000000000000000000e+00 0.000000000000000000e+00 1.052837641807815028e-01 0.000000000000000000e+00 0.000000000000000000e+00 1.010623591724004455e-01 0.000000000000000000e+00 0.000000000000000000e+00 1.012027439818170144e-02 1.596416532759551699e-01 1.409095416867640616e-01
