1.660892898114869713e-04 1.175886904847473352e-01 1.269721840215553010e-01 1.017718578363380616e-01 2.128328064775709613e-02 7.937245862326103296e-02 0.000000000000000000e+00 5.384680433566457237e-03 4.124772904574866561e-02 0.000000000000000000e+00 0.000000000000000000e+00 0.000000000000000000e+00 3.862762597973766476e-02 3.733539394430464113e-03 3.791246422331516486e-02 0.000000000000000000e+00 1.283562383766471797e-02 1.061769838562610785e-01 1.645305987971908135e-01 1.423961935286146840e-01
0.000000000000000000e+00 0.000000000000000000e+00 3.082689543915959063e-02 1.323865203701816984e-01 1.530306721164876038e-01 1.083166720722152088e-01 2.345084745292294950e-02 9.729783536544695270e-04 1.577804825896762797e-01 1.720986828651402123e-01 0.000000000000000000e+00 2.460256538350256636e-02 0.000000000000000000e+00 0.000000000000000000e+00 1.156919589033695572e-01 2.076608170924955366e-02 0.000000000000000000e+00 1.849884757913612329e-02 1.612999723381968939e-02 2.544679793148464653e-02
3.826601302576161830e-03 1.175276099765229648e-01 1.126264327697965861e-01 5.098343986868008465e-02 2.123917607608237779e-01 1.044772642504853410e-01 1.137663470236400104e-01 0.000000000000000000e+00 1.580689339589803205e-02 0.000000000000000000e+00 0.000000000000000000e+00 0.000000000000000000e+00 0.000000000000000000e+00 2.854748400334381278e-02 3.042965722671868434e-02 0.000000000000000000e+00 0.000000000000000000e+00 4.640660442545101183e-02 7.976912521825408470e-03 1.552329924742381351e-01
4.413628567567261934e-02 1.849482557796378879e-01 2.765986680691933514e-02 8.128013431711895997e-02 6.060391069080930961e-07 1.435058965354120974e-01 1.305481850386198614e-02 1.435221082206562630e-02 1.436883224416253824e-01 1.494898663053827459e-01 0.000000000000000000e+00 2.205143464003274378e-02 0.000000000000000000e+00 0.000000000000000000e+00 0.000000000000000000e+00 1.866097659375461776e-04 2.202434459204295758e-02 0.000000000000000000e+00 1.536213477751832146e-01 0.000000000000000000e+00
1.054957011833336858e-02 1.064672950534542167e-01 2.569790469677135647e-02 1.294837017078231123e-01 1.337511123833102500e-01 5.189487747720340077e-02 0.000000000000000000e+00 1.221331231571846920e-01 4.915946287640768006e-03 0.000000000000000000e+00 0.000000000000000000e+00 3.422167408511812836e-02 4.288530851829677575e-03 6.615155373431630403e-02 6.011899040952592248e-03 0.000000000000000000e+00 0.000000000000000000e+00 1.698014029941297132e-02 1.413274183413504859e-01 1.461252527652987243e-01
8.155295433115120063e-03 1.829667803875705268e-01 6.456974292963432727e-02 7.848632980159291062e-02 3.570460318184878051e-02 5.229949398428233170e-02 2.381606942960028464e-02 2.703137178703852658e-02 1.727550042551939669e-01 1.369851205391950030e-03 0.000000000000000000e+00 3.629875674993022355e-02 5.511329316184214802e-03 5.381781488995359373e-03 0.000000000000000000e+00 1.102158856826481320e-01 0.000000000000000000e+00 0.000000000000000000e+00 1.336629009748881991e-01 6.177480339208515914e-02
5.326589633483275882e-02 5.188431716191162224e-02 0.000000000000000000e+00 2.852408541839005982e-02 2.095717632721801615e-01 1.843277994507948325e-01 1.450799540122269665e-02 3.294526762033318790e-02 1.004934867747942218e-01 0.000000000000000000e+00 0.000000000000000000e+00 0.000000000000000000e+00 9.133310486500248460e-03 4.585279674615355683e-02 1.308245262590377288e-02 0.000000000000000000e+00 0.000000000000000000e+00 9.515992303326444024e-02 1.279935345885016840e-01 3.325737108521677199e-02
0.000000000000000000e+00 1.139975577477866653e-01 3.484518756688974317e-02 5.828085224282141680e-02 1.362481628799629418e-01 2.523884636472017995e-02 2.795829153587075025e-03 4.268107342934951420e-03 5.066352401551498527e-04 1.170889325776098937e-02 0.000000000000000000e+00 8.113306480678521282e-02 0.000000000000000000e+00 1.756853320473793223e-01 1.296442637470544001e-01 7.504542944765874371e-03 1.714104048949405823e-01 2.254826574709838105e-02 1.203022010936085837e-02 1.215383390599646812e-02
1.315149750073067378e-02 1.472471116348290920e-02 1.031926395636393072e-03 3.569992228143337859e-02 1.852190464109975676e-01 8.614529977254939408e-02 8.224418148708728324e-03 3.033090296378139483e-03 7.786338681746256263e-02 1.195667936140927951e-01 0.000000000000000000e+00 0.000000000000000000e+00 7.951457937776972018e-02 0.000000000000000000e+00 1.420794499423874424e-01 0.000000000000000000e+00 1.856550573696169049e-01 0.000000000000000000e+00 2.688099886306872036e-02 2.120982204568471960e-02
8.395233666819903323e-03 1.177783462331453423e-01 4.374821047596841317e-02 1.847564441306753097e-02 1.514642679577673512e-01 5.301200052584070094e-02 4.113463666233040800e-02 0.000000000000000000e+00 8.394664326630223161e-02 0.000000000000000000e+00 0.000000000000000000e+00 2.462134076256185938e-02 5.550913985158971095e-03 1.539085260820263479e-01 1.253238867936836420e-01 4.051132453313515021e-03 2.081735005874985316e-03 5.758859684173210126e-03 0.000000000000000000e+00 1.607486220319657155e-01
0.000000000000000000e+00 5.280248731822434483e-02 1.198294924994302429e-01 3.634819308536733212e-02 1.172654980805316050e-01 2.165852803692229489e-02 9.656687370238135892e-03 0.000000000000000000e+00 2.096516063866367408e-02 6.859143818170054547e-04 0.000000000000000000e+00 6.465171460862674524e-02 2.660428358421712547e-02 3.729364141266793692e-02 3.895451492275687350e-02 0.000000000000000000e+00 5.124538831898694559e-03 1.103171859616023098e-01 1.998174329596301146e-01 1.380247263074056430e-01
8.246708236114159421e-04 5.411422009867287303e-02 1.123548587152002273e-02 7.746157179765530629e-03 1.371088600568585135e-02 3.944761550886395629e-02 6.785469238653348521e-03 1.390009910893198197e-01 1.711090282357607961e-01 8.875874999283319897e-03 2.398184202466967056e-03 1.153200631523329106e-01 0.000000000000000000e+00 5.134579809372855769e-02 4.394864477843415246e-02 0.000000000000000000e+00 1.364390536782468522e-02 1.122826616435300406e-01 2.456855076780554981e-02 1.836417929427401619e-01
0.000000000000000000e+00 1.385238226819828292e-02 2.622674092674227853e-03 1.236311572369710177e-01 1.380768261134937037e-02 9.242313492433512634e-02 8.246807233322535000e-03 1.309688047515389711e-02 3.170199861904740568e-01 8.138393767393247531e-04 0.000000000000000000e+00 1.785672621578091382e-03 0.000000000000000000e+00 3.764668619920979314e-02 1.472010752185700655e-01 2.735685195419907106e-03 9.321442701557085264e-02 1.218635847430434987e-01 6.498259586985098701e-03 3.540065010404890283e-03
9.058306749176155137e-02 1.294710466315896757e-01 0.000000000000000000e+00 3.155926340303191746e-02 1.022346393024570199e-01 1.271980522504228273e-01 1.611727577504717956e-02 9.895832750330818550e-03 0.000000000000000000e+00 0.000000000000000000e+00 0.000000000000000000e+00 1.422163792640203928e-01 1.323622854768545867e-02 6.769172932560732145e-03 3.549670455069511149e-02 9.534478793412043407e-02 1.359255773188084160e-01 5.081842191775106515e-02 0.000000000000000000e+00 1.313354992971718302e-02
2.609041351747129478e-02 1.155792229893383566e-01 1.906095084964527092e-02 0.000000000000000000e+00 8.328898479842958280e-02 0.000000000000000000e+00 5.307859056622870079e-04 3.834075238581925033e-02 2.702514121517697251e-02 5.337713970997518941e-04 2.195861216763909940e-02 2.232711109707382485e-02 1.265591259700011573e-01 2.018911882401254465e-01 1.411137529548884828e-01 1.067471928484878567e-03 8.290484824662372118e-03 1.488400139974988337e-02 0.000000000000000000e+00 1.514582283587320166e-01
0.000000000000000000e+00 0.000000000000000000e+00 0.000000000000000000e+00 2.591645326288948177e-03 1.007809422466660609e-01 6.333468886554241561e-02 1.371022888953662283e-02 2.749361830085339520e-02 1.580085032853764948e-01 0.000000000000000000e+00 0.000000000000000000e+00 6.994397143743853740e-02 1.519436271219779672e-02 0.000000000000000000e+00 8.114291438618590271e-03 0.000000000000000000e+00 0.000000000000000000e+00 5.576254374579914935e-02 2.693514257288615599e-01 2.157137780228204904e-01
7.891619491113970042e-02 8.040181884183492458e-03 1.296045137959558717e-02 3.677965884741220010e-03 3.994503233852842589e-02 1.262550232657896343e-01 3.123447293962507837e-02 1.329169331586706471e-01 2.494550169290409014e-01 0.000000000000000000e+00 0.000000000000000000e+00 3.724860076871741588e-02 0.000000000000000000e+00 0.000000000000000000e+00 1.970846870783594593e-03 0.000000000000000000e+00 6.783171603274557038e-02 1.642528714518063163e-02 5.273909895096852429e-02 1.403831775402897275e-01
1.085725501680226759e-02 8.693331485171125472e-02 1.636063278507301957e-03 6.423302158534969532e-03 1.483055331360329521e-01 1.312126137879860710e-01 1.295243836982971040e-02 0.000000000000000000e+00 3.930389193248708113e-02 0.000000000000000000e+00 1.125817545741072609e-02 1.049522044956760769e-01 0.000000000000000000e+00 0.000000000000000000e+00 2.984353374523856725e-02 0.000000000000000000e+00 7.675988620390303274e-02 5.618860517163963390e-03 1.704814260081421451e-01 1.634615010405739699e-01
6.020014635595427599e-03 1.553401949361644108e-01 1.671031719889075340e-02 1.175629330422560681e-01 1.531408959945112225e-01 0.000000000000000000e+00 3.762703195284817018e-03 7.200787749639007496e-04 1.001116062996514240e-02 3.355278213122942204e-03 2.392824957701982641e-02 1.161073469744157566e-01 3.263424266050388850e-02 1.802114961973231566e-01 1.368257957613812914e-01 0.000000000000000000e+00 0.000000000000000000e+00 3.598974742015014438e-04 0.000000000000000000e+00 4.330939473439983367e-02
0.000000000000000000e+00 1.155988464551438444e-02 0.000000000000000000e+00 0.000000000000000000e+00 2.093550810232967241e-01 5.018790177338745134e-02 1.476565834860399731e-02 6.339221977441819589e-02 7.214294430599975383e-02 3.387036687915587294e-03 0.000000000000000000e+00 0.000000000000000000e+00 0.000000000000000000e+00 8.331208076225336823e-02 0.000000000000000000e+00 7.961078772204635209e-03 1.069171500356690119e-02 1.359860415426404900e-01 1.483104175514012302e-01 1.889479398087972328e-01
3.015667692797145347e-02 3.437734046662296872e-02 0.000000000000000000e+00 0.000000000000000000e+00 0.000000000000000000e+00 1.254843029687858491e-01 1.485585213479812374e-03 7.247193301602730675e-02 2.774224022130998037e-03 6.833791143205738584e-03 0.000000000000000000e+00 1.786557753773483914e-01 1.370680860209269880e-01 2.013049045287942374e-01 2.869813790019675598e-02 7.885521614420836411e-04 1.876536361385435349e-04 0.000000000000000000e+00 0.000000000000000000e+00 1.797130366169288618e-01
0.000000000000000000e+00 1.412823988287564558e-01 0.000000000000000000e+00 5.055142198198964154e-02 7.092455182290438066e-03 1.108594314476253340e-01 4.644560577883797073e-03 1.271322552089342861e-01 1.346688505177317807e-01 0.000000000000000000e+00 0.000000000000000000e+00 6.066837232966893617e-02 2.586758316325710617e-03 7.070893645746982592e-02 9.901519521464528795e-02 1.960958007620264287e-02 0.000000000000000000e+00 1.251170604995180229e-02 0.000000000000000000e+00 1.586680778105243328e-01
8.160346274730619076e-03 1.214025580453617498e-01 0.000000000000000000e+00 4.913884707064340718e-02 1.242643723925494492e-01 1.253051756949998818e-01 1.009610145687385094e-02 0.000000000000000000e+00 1.276180476266981223e-01 1.236015180191589805e-02 0.000000000000000000e+00 3.415000968864423392e-02 3.401936603262222772e-04 0.000000000000000000e+00 9.649625059961522075e-03 0.000000000000000000e+00 0.000000000000000000e+00 1.512990642742673419e-01 1.091087281940496534e-01 1.171067787589779863e-01
0.000000000000000000e+00 9.324089226336840230e-02 2.528806284528770099e-02 1.146657424818289805e-01 1.231215415519379686e-01 1.366514632694462161e-01 8.049718103193018170e-02 3.723247688303437525e-02 0.000000000000000000e+00 0.000000000000000000e+00 0.000000000000000000e+00 5.590862885803575544e-02 1.791642963627540497e-02 3.922533840302553504e-02 2.129899319330478061e-03 4.347515564643730790e-03 2.498426680575911371e-02 7.105825921672228847e-04 1.767378243314499942e-01 6.734215416247897601e-02
1.544437727737304478e-01 1.363558643616347432e-01 3.350847237436311438e-02 6.642617594382699275e-02 1.209455744280582383e-02 8.038141092084937281e-03 1.034849898650503641e-01 4.887874934344495215e-02 1.050756516604831742e-02 4.989646863503821974e-04 1.955371351362007650e-03 4.589947785092174382e-02 0.000000000000000000e+00 1.143854752753635171e-02 2.280228361273231238e-02 1.874763615520784292e-03 6.494306289092523395e-03 1.175967686192452288e-01 1.287574996621853284e-02 2.048254781180305351e-01
8.686398933307488968e-02 1.275748468112545830e-01 1.263076216602251056e-01 2.578112676395735367e-02 8.301096286555800785e-03 1.054796210966143094e-01 0.000000000000000000e+00 0.000000000000000000e+00 1.051892776373023058e-01 0.000000000000000000e+00 7.701789314799189004e-03 2.864627299231651755e-02 3.184620531727602906e-03 1.478289732645397120e-02 7.777984775872241741e-02 1.183628390421907241e-02 1.873982504703585461e-01 2.714988757237939230e-03 4.455117322743273878e-02 3.590629612774748347e-02
1.609265343189630534e-02 1.858591655037351159e-02 8.109421397672855053e-03 1.433677157777821232e-01 1.761692195357730806e-01 1.432498596418738668e-01 0.000000000000000000e+00 1.057904002041712005e-01 2.679479270093982832e-02 5.421219037839086763e-02 0.000000000000000000e+00 2.678402712797555568e-02 0.000000000000000000e+00 0.000000000000000000e+00 1.438848698349084743e-01 0.000000000000000000e+00 5.193104529619436451e-03 2.209233846417902464e-02 1.096734904244438952e-01 0.000000000000000000e+00
8.609960856923497274e-03 1.079410347771910805e-01 2.199993557048537246e-02 1.428479958923635496e-01 2.314095462662347016e-02 0.000000000000000000e+00 1.767879105905630077e-02 2.716964677416724983e-02 9.834903412273582769e-04 1.510676838721620729e-01 9.292062679079938787e-04 1.308613262929915477e-01 0.000000000000000000e+00 0.000000000000000000e+00 4.500771603403686157e-03 2.137768151941406465e-03 2.806276651791597600e-03 2.124812393115349182e-02 1.627746356753739798e-01 1.733023976552363066e-01
3.068366103665883614e-06 6.244333603002141797e-02 2.966227635575977364e-02 1.287114621178181428e-01 2.022908529888652746e-02 3.868193214952578285e-02 4.601350859386264119e-03 1.772668095588302711e-02 1.118202537415710768e-01 1.436865506035943547e-02 0.000000000000000000e+00 1.429756085951367217e-01 4.924473924448732887e-02 3.355383024174887763e-03 1.923596681217722149e-02 1.982536884602561795e-03 1.570536797461247885e-02 1.304007748237839270e-01 3.780652308768071845e-02 1.710449986180289927e-01
0.000000000000000000e+00 5.453005212554411923e-02 0.000000000000000000e+00 1.433977527505916720e-02 4.687746479906558517e-02 0.000000000000000000e+00 1.431495398269479538e-03 5.467394967228711433e-02 1.610858098317084208e-01 1.352034886723812168e-01 0.000000000000000000e+00 1.110796388063728102e-01 1.182215757734357163e-03 0.000000000000000000e+00 1.498521370494244609e-01 8.202407439869406625e-03 1.598381775505020586e-01 2.390024248366192164e-02 3.434147163798146468e-02 4.346167350013843689e-02
