0.000000000000000000e+00 1.163040154438499396e-01 1.576120218756837665e-01 0.000000000000000000e+00 0.000000000000000000e+00 0.000000000000000000e+00 1.309651307830073108e-01 2.022713007240390104e-01 5.415336467623709654e-02 5.988481419301733451e-03 0.000000000000000000e+00 0.000000000000000000e+00 0.000000000000000000e+00 4.529179838303503368e-03 8.968412934257433827e-03 0.000000000000000000e+00 4.582120021963832085e-02 1.046364421772034980e-02 1.900787564394744618e-03 6.366832112054980966e-03 0.000000000000000000e+00 1.777655680149681531e-03 1.557903751785676139e-02 7.218060191085426403e-02 1.651183330826510309e-01
1.624807161364955413e-02 2.231736860031488870e-02 1.527846189609963767e-01 2.546666779370434456e-03 5.215027048769645124e-03 0.000000000000000000e+00 1.395218538235423189e-01 1.691468823899298923e-01 0.000000000000000000e+00 5.281507534837631690e-02 0.000000000000000000e+00 5.153587868951665235e-02 0.000000000000000000e+00 0.000000000000000000e+00 0.000000000000000000e+00 0.000000000000000000e+00 7.270505949471745607e-04 7.914999342521187448e-03 0.000000000000000000e+00 0.000000000000000000e+00 0.000000000000000000e+00 0.000000000000000000e+00 1.767499677427763344e-02 1.951058116128868702e-01 1.664456984209010393e-01
3.422774141084831967e-02 1.597728888190696854e-03 3.007225693419346077e-02 0.000000000000000000e+00 2.801147089955587435e-02 0.000000000000000000e+00 1.431548056888420350e-01 1.179942074037673566e-01 9.119953039311806675e-02 3.863613661217103323e-03 0.000000000000000000e+00 3.637579618444958252e-02 0.000000000000000000e+00 0.000000000000000000e+00 1.624548893758939461e-01 0.000000000000000000e+00 0.000000000000000000e+00 1.448316297885067494e-01 0.000000000000000000e+00 1.123707386588729262e-01 0.000000000000000000e+00 0.000000000000000000e+00 0.000000000000000000e+00 2.108318596156373223e-02 7.276240475098010030e-02
1.116697728403440726e-01 1.155615182899315668e-01 4.918468989695250204e-02 3.175711494704841487e-02 2.992890561313840334e-02 2.550374944736879049e-02 0.000000000000000000e+00 0.000000000000000000e+00 0.000000000000000000e+00 0.000000000000000000e+00 0.000000000000000000e+00 0.000000000000000000e+00 0.000000000000000000e+00 2.540221642639813818e-03 1.045386418650325611e-01 0.000000000000000000e+00 0.000000000000000000e+00 0.000000000000000000e+00 5.019746292167817647e-02 1.062626347995553056e-02 2.759644051631808537e-02 2.104683786517631827e-01 0.000000000000000000e+00 1.637112419424312237e-01 6.671559794539777544e-02
7.910302242602912370e-02 0.000000000000000000e+00 3.035260669984837789e-02 0.000000000000000000e+00 6.295421210553092152e-03 1.729957947164379936e-02 8.137868318413246649e-02 1.817019589556162773e-01 7.171407100619637057e-03 0.000000000000000000e+00 0.000000000000000000e+00 1.677069661955977176e-01 0.000000000000000000e+00 0.000000000000000000e+00 8.692056480337587154e-02 0.000000000000000000e+00 3.176186621143654853e-02 9.224637030698544515e-02 3.513366797065855390e-02 0.000000000000000000e+00 0.000000000000000000e+00 3.535742399892878585e-02 0.000000000000000000e+00 1.475704614645743373e-01 0.000000000000000000e+00
3.927174377724135246e-02 1.766848517825762854e-03 2.085402174882675791e-02 1.523073236367423339e-02 1.485670866687949232e-01 1.846853148000284980e-02 1.566106946537297595e-01 0.000000000000000000e+00 1.924131573832861195e-02 6.860893288359602542e-03 7.418547796818216605e-03 0.000000000000000000e+00 0.000000000000000000e+00 0.000000000000000000e+00 9.579621413720226797e-02 1.151927697041151000e-01 0.000000000000000000e+00 0.000000000000000000e+00 4.065006351050848288e-02 0.000000000000000000e+00 1.213307445373790622e-01 2.137784978609371875e-02 2.707538885665197650e-03 7.268723865773861394e-04 1.679275310188567405e-01
0.000000000000000000e+00 2.845920058135975594e-02 1.564684899004571972e-01 0.000000000000000000e+00 1.697238807985541609e-01 0.000000000000000000e+00 9.637304565506643605e-02 1.685478924462407713e-01 0.000000000000000000e+00 3.466599445447234983e-03 0.000000000000000000e+00 0.000000000000000000e+00 0.000000000000000000e+00 7.515697355948687194e-03 1.378001772884373810e-01 0.000000000000000000e+00 1.370245767735213741e-02 0.000000000000000000e+00 3.883688662038297518e-02 8.416784092069693954e-03 0.000000000000000000e+00 0.000000000000000000e+00 0.000000000000000000e+00 1.656887013931354902e-01 5.000186745548207586e-03
0.000000000000000000e+00 0.000000000000000000e+00 1.545427690746834504e-01 0.000000000000000000e+00 2.937831130104420069e-02 1.036516468833814783e-03 5.324173944544370422e-03 1.638927887791839233e-01 1.104798064392647078e-01 2.570042129421428248e-02 0.000000000000000000e+00 0.000000000000000000e+00 0.000000000000000000e+00 0.000000000000000000e+00 3.081596784137625739e-03 0.000000000000000000e+00 1.372456506505568830e-01 2.984448453503448992e-02 3.796208205279880035e-04 0.000000000000000000e+00 7.362095345875975527e-02 1.400643470148247582e-01 1.311105829241642450e-02 1.080558777658359726e-01 4.241623376137343415e-03
0.000000000000000000e+00 1.725155527310027331e-02 1.431173376589186530e-01 0.000000000000000000e+00 1.540230905382367066e-02 0.000000000000000000e+00 0.000000000000000000e+00 1.365249458858474041e-01 0.000000000000000000e+00 3.317850430353398716e-02 0.000000000000000000e+00 9.950641966872121602e-02 0.000000000000000000e+00 0.000000000000000000e+00 2.047920352768997643e-02 0.000000000000000000e+00 5.616853636733126071e-03 8.647015490239738644e-02 0.000000000000000000e+00 4.687339105975673118e-03 0.000000000000000000e+00 1.242150609209027451e-01 3.171141575104991644e-02 2.334121284598802137e-01 4.842677185142581914e-02
1.968894439824286913e-02 0.000000000000000000e+00 3.977238355576904853e-03 1.705629742051595343e-02 3.355046047832848993e-04 0.000000000000000000e+00 1.835406810289309798e-01 2.830275320399773271e-03 4.244636704176853528e-03 4.439245798169316054e-02 0.000000000000000000e+00 5.846875962487420135e-03 0.000000000000000000e+00 0.000000000000000000e+00 1.099961945576243827e-01 1.087802465564079862e-01 0.000000000000000000e+00 7.006477197271804465e-03 0.000000000000000000e+00 6.780207414566199846e-03 1.053948521463514811e-03 1.336698819734564447e-01 1.461587146993716668e-01 1.737781715094328938e-01 3.086324579359813955e-02
0.000000000000000000e+00 7.853816322429303665e-02 1.415315381288145269e-01 1.220467093386730026e-02 5.097058579379495219e-02 0.000000000000000000e+00 6.542524638367916423e-02 1.025323436500942403e-01 0.000000000000000000e+00 0.000000000000000000e+00 0.000000000000000000e+00 1.443187286875033115e-01 1.191237492129914588e-01 0.000000000000000000e+00 8.559964105384743061e-02 0.000000000000000000e+00 0.000000000000000000e+00 0.000000000000000000e+00 1.175812344362263256e-01 0.000000000000000000e+00 0.000000000000000000e+00 1.033978446673894554e-02 4.180745325421115349e-02 0.000000000000000000e+00 3.002686077393823885e-02
0.000000000000000000e+00 3.893814240704925045e-02 1.409647306646377718e-01 5.721706543765563840e-03 1.441802600955564562e-01 0.000000000000000000e+00 1.115281357123747707e-01 1.363598590820431222e-01 0.000000000000000000e+00 1.368243469691337363e-03 0.000000000000000000e+00 0.000000000000000000e+00 0.000000000000000000e+00 7.079878633221321250e-03 3.550141758714011470e-02 1.755583333413263114e-02 0.000000000000000000e+00 1.179010840805949298e-02 1.375380825092266945e-01 6.438599607676488701e-03 0.000000000000000000e+00 1.021469521204257935e-01 0.000000000000000000e+00 1.963362827942980587e-02 8.325442154556936258e-02
0.000000000000000000e+00 2.581340569415509559e-02 1.717399511460440120e-01 0.000000000000000000e+00 1.308735594074168611e-02 8.061005202678636627e-02 1.548249869125610245e-01 0.000000000000000000e+00 1.804750254141720273e-02 5.753842760667204903e-02 0.000000000000000000e+00 1.346157095751247638e-02 0.000000000000000000e+00 8.294487038723072456e-05 1.923589255869467482e-02 0.000000000000000000e+00 0.000000000000000000e+00 1.863502951591802055e-03 0.000000000000000000e+00 6.755152878154434104e-06 1.319312444267972950e-01 0.000000000000000000e+00 3.823799830138979814e-03 1.786898970259723496e-01 1.292427103576496983e-01
7.194956337998313634e-02 3.488238275771793698e-03 0.000000000000000000e+00 0.000000000000000000e+00 1.105117504796957473e-01 0.000000000000000000e+00 9.494173486640491988e-02 1.440841159856469378e-01 0.000000000000000000e+00 3.953411003833322973e-02 0.000000000000000000e+00 1.056849369877733633e-02 0.000000000000000000e+00 1.963799554379733105e-03 5.864109418482382763e-02 0.000000000000000000e+00 0.000000000000000000e+00 7.691937481936889087e-02 6.905938618617787905e-02 0.000000000000000000e+00 9.165116228207370597e-03 1.232694038166967480e-02 0.000000000000000000e+00 1.338451567794986807e-01 1.630011251412609441e-01
0.000000000000000000e+00 0.000000000000000000e+00 1.459279384911430222e-01 0.000000000000000000e+00 3.522783866967368199e-02 0.000000000000000000e+00 1.220246935514186226e-01 5.029390797730125956e-02 0.000000000000000000e+00 3.010464622162229917e-02 0.000000000000000000e+00 1.478780460515010178e-02 0.000000000000000000e+00 2.060478713830925582e-02 2.089951055996306858e-02 7.214101105016042237e-02 0.000000000000000000e+00 2.611626500268217702e-02 3.412924381788531858e-02 0.000000000000000000e+00 4.682121599937661208e-03 1.307150461712434930e-01 1.196443476441813453e-01 7.315166211942779328e-02 9.954917537990043419e-02
0.000000000000000000e+00 0.000000000000000000e+00 7.230201279055435692e-02 7.355250673303689521e-03 9.180902831356292648e-02 0.000000000000000000e+00 1.443507783149736712e-01 1.249036679446149101e-01 2.596011564134826158e-03 0.000000000000000000e+00 0.000000000000000000e+00 1.575757263705465303e-02 0.000000000000000000e+00 1.046632691150645861e-02 0.000000000000000000e+00 0.000000000000000000e+00 0.000000000000000000e+00 2.694509413333093933e-02 1.448736378952313886e-01 0.000000000000000000e+00 0.000000000000000000e+00 1.469449074861605697e-01 1.555167444078241756e-01 2.092707975434380044e-03 5.408625895231304603e-02
3.482814725053433313e-02 5.462138507522927610e-04 1.029636655972558518e-01 2.284459052484138358e-02 5.729776800004462989e-02 0.000000000000000000e+00 1.392973305452554766e-01 1.421291096741650606e-01 1.228505250132271194e-03 8.298616596962223035e-02 0.000000000000000000e+00 0.000000000000000000e+00 0.000000000000000000e+00 0.000000000000000000e+00 2.948446978525101191e-03 0.000000000000000000e+00 5.379197372751486073e-02 0.000000000000000000e+00 1.448232079547381868e-01 7.013438346686244607e-02 0.000000000000000000e+00 8.725464270005386935e-02 3.045700685233320576e-02 0.000000000000000000e+00 2.646884165736879471e-02
7.952842748510137449e-02 0.000000000000000000e+00 4.667269422989520078e-02 0.000000000000000000e+00 3.034211180419786255e-02 0.000000000000000000e+00 1.454530150767623375e-01 1.525301542385419928e-01 8.040552931601963049e-02 6.675156899684607514e-02 2.271426882955585730e-02 1.646802977363284459e-01 0.000000000000000000e+00 0.000000000000000000e+00 3.044760957303201121e-02 0.000000000000000000e+00 2.325300152610824955e-02 4.065057047471504550e-03 1.406039422049270016e-01 0.000000000000000000e+00 0.000000000000000000e+00 0.000000000000000000e+00 0.000000000000000000e+00 0.000000000000000000e+00 1.255232193521244911e-02
0.000000000000000000e+00 3.131013596206949634e-02 1.488351038564309226e-01 0.000000000000000000e+00 0.000000000000000000e+00 1.477529707184260799e-02 4.922198259695646783e-02 7.405429897061742862e-04 2.207647760739023246e-02 0.000000000000000000e+00 5.391616909293222432e-02 1.454826411371450412e-01 0.000000000000000000e+00 1.958965271111964487e-03 2.257352314016953798e-01 0.000000000000000000e+00 0.000000000000000000e+00 1.855059683295928047e-02 0.000000000000000000e+00 0.000000000000000000e+00 1.012625766580482478e-01 2.015977084569874934e-03 0.000000000000000000e+00 1.410078187294386450e-02 1.700175205641981380e-01
0.000000000000000000e+00 0.000000000000000000e+00 1.657973981040336831e-01 0.000000000000000000e+00 0.000000000000000000e+00 0.000000000000000000e+00 5.555987750720146716e-03 7.863345822764485071e-02 1.202954571839981966e-02 2.575885011954537340e-01 0.000000000000000000e+00 0.000000000000000000e+00 1.472917799755515955e-03 1.002411502920044425e-02 1.591900541346527032e-01 0.000000000000000000e+00 0.000000000000000000e+00 0.000000000000000000e+00 0.000000000000000000e+00 0.000000000000000000e+00 6.665235142034396654e-02 0.000000000000000000e+00 7.097536758464620746e-03 5.729659098289518332e-02 1.786615428784353587e-01
5.212683806165297612e-02 1.473426654173963166e-02 0.000000000000000000e+00 3.495082451912349952e-02 2.067090679447868562e-01 0.000000000000000000e+00 7.509566655725821716e-02 1.511475073195171492e-01 1.800994303838822364e-02 9.042473439370843358e-02 0.000000000000000000e+00 6.073060521775017206e-02 0.000000000000000000e+00 0.000000000000000000e+00 1.760813964747515560e-03 0.000000000000000000e+00 4.043356630034932592e-02 1.569548892588507917e-03 0.000000000000000000e+00 0.000000000000000000e+00 0.000000000000000000e+00 1.587600252907406251e-01 0.000000000000000000e+00 0.000000000000000000e+00 9.354659195764881974e-02
3.372418258903312274e-03 0.000000000000000000e+00 2.161964589088560262e-01 5.118880782551724073e-02 1.142400612779626012e-01 0.000000000000000000e+00 1.275115175872032665e-02 2.118265601886516747e-01 3.801894521002046473e-02 0.000000000000000000e+00 0.000000000000000000e+00 1.864761725226700070e-02 0.000000000000000000e+00 7.114118819461252982e-04 0.000000000000000000e+00 6.243989949598514541e-03 3.811154087491146203e-02 0.000000000000000000e+00 0.000000000000000000e+00 0.000000000000000000e+00 0.000000000000000000e+00 0.000000000000000000e+00 0.000000000000000000e+00 5.141068902752732317e-02 2.372803475851179567e-01
0.000000000000000000e+00 7.877209297177409017e-03 7.495161709094209923e-02 0.000000000000000000e+00 2.021991939453106693e-02 0.000000000000000000e+00 1.527539108962697734e-01 2.165991135573941406e-02 0.000000000000000000e+00 7.711977185858722578e-03 0.000000000000000000e+00 3.772869439536789826e-02 3.412849391490797597e-03 1.016836254209325940e-02 2.444421764305962919e-01 1.152290964270952789e-01 3.557609291830362815e-04 1.281315520140781927e-01 0.000000000000000000e+00 0.000000000000000000e+00 0.000000000000000000e+00 9.094427807566715649e-02 0.000000000000000000e+00 2.267177373261251849e-02 6.174091084129702117e-02
0.000000000000000000e+00 1.643578055322288773e-03 1.432455229598082747e-01 2.474595682317556888e-02 9.834833176038297944e-03 8.004543793932733520e-02 1.536677954467076668e-01 1.889686057798184763e-04 4.052850010007778836e-02 3.746611662681176985e-02 0.000000000000000000e+00 1.595204103669346438e-02 0.000000000000000000e+00 0.000000000000000000e+00 2.737390494356598675e-02 0.000000000000000000e+00 5.687966518418971842e-04 1.332589416474858068e-01 1.487765523525785005e-01 5.279143509888168176e-03 0.000000000000000000e+00 1.233191107353399235e-01 0.000000000000000000e+00 5.391602410204431040e-02 1.887752875130591448e-04
0.000000000000000000e+00 1.122409570013978720e-03 8.048239365852094540e-02 0.000000000000000000e+00 1.514912973454708434e-01 5.179813041647646221e-02 0.000000000000000000e+00 3.877381384207800874e-02 9.396297313985719005e-04 3.283049650606351903e-03 0.000000000000000000e+00 4.263962055520750805e-02 1.092858000830554538e-01 1.301132471531972305e-02 1.783870282360017490e-01 0.000000000000000000e+00 7.635778248609659084e-03 7.168861576997195839e-02 6.102646243503219436e-02 0.000000000000000000e+00 0.000000000000000000e+00 0.000000000000000000e+00 1.623704382308331922e-04 0.000000000000000000e+00 1.882722753040056429e-01
1.954220982981003454e-02 6.981817061746198403e-04 6.267036741473910877e-02 8.822214299558876066e-03 8.373121031844246720e-02 7.609431864880593366e-02 1.635515396802654231e-01 0.000000000000000000e+00 0.000000000000000000e+00 6.823839904340131546e-02 0.000000000000000000e+00 0.000000000000000000e+00 0.000000000000000000e+00 0.000000000000000000e+00 1.257867951666963857e-01 5.683819072495974872e-02 2.241167947764094795e-02 1.093887544116595688e-02 3.881831459161243919e-02 0.000000000000000000e+00 0.000000000000000000e+00 1.934936730680788392e-02 1.936443623601140640e-01 6.623686312019959506e-03 4.224028767778496146e-02
0.000000000000000000e+00 0.000000000000000000e+00 1.002095690208764794e-01 0.000000000000000000e+00 4.898730432233344700e-02 0.000000000000000000e+00 1.240619554126112939e-01 1.432283011949578855e-01 0.000000000000000000e+00 0.000000000000000000e+00 0.000000000000000000e+00 8.171744936954106198e-02 0.000000000000000000e+00 0.000000000000000000e+00 6.221900439899880758e-02 0.000000000000000000e+00 3.150783271542813291e-02 0.000000000000000000e+00 0.000000000000000000e+00 0.000000000000000000e+00 0.000000000000000000e+00 1.688638198700753434e-01 0.000000000000000000e+00 1.605175470497415269e-01 7.868721664543605609e-02
0.000000000000000000e+00 1.411709516506577449e-03 1.879276563862195548e-01 0.000000000000000000e+00 1.117458404465789951e-01 0.000000000000000000e+00 1.492919623026860987e-01 6.118858333193833571e-02 1.753758149028563154e-03 3.731707402511216104e-02 0.000000000000000000e+00 1.679717823362361986e-02 0.000000000000000000e+00 0.000000000000000000e+00 0.000000000000000000e+00 0.000000000000000000e+00 0.000000000000000000e+00 9.433051318225419563e-03 0.000000000000000000e+00 8.685798649730227519e-04 1.151341726782543762e-01 0.000000000000000000e+00 4.607179889691696492e-03 1.311763103206139980e-01 1.713469435365476412e-01
4.070252371033202671e-02 0.000000000000000000e+00 1.122792461911097939e-01 0.000000000000000000e+00 1.522173026440408194e-01 0.000000000000000000e+00 2.031445208196029639e-02 1.369741197874073391e-01 0.000000000000000000e+00 0.000000000000000000e+00 0.000000000000000000e+00 1.086957090920574187e-01 0.000000000000000000e+00 0.000000000000000000e+00 2.206773697078490137e-02 0.000000000000000000e+00 1.640666921608140705e-01 3.110113657486501468e-02 1.812977946308525629e-02 0.000000000000000000e+00 0.000000000000000000e+00 4.462385012114296334e-02 0.000000000000000000e+00 1.488274512024002350e-01 0.000000000000000000e+00
0.000000000000000000e+00 0.000000000000000000e+00 0.000000000000000000e+00 0.000000000000000000e+00 3.980833303775151849e-02 0.000000000000000000e+00 1.700064859637960002e-01 0.000000000000000000e+00 8.721706872093740182e-03 0.000000000000000000e+00 0.000000000000000000e+00 6.745034481822274885e-02 1.503274992072231864e-01 0.000000000000000000e+00 9.953256385168630233e-03 0.000000000000000000e+00 5.130847019020044752e-02 0.000000000000000000e+00 7.581873801052041451e-02 3.724350060534718700e-03 0.000000000000000000e+00 2.946738509434063472e-03 1.607808479608816704e-02 2.192454857640208365e-01 1.846105063849456385e-01
