1.411065231475999437e-01 2.016388529673881214e-01 0.000000000000000000e+00 2.094107174330925303e-02 0.000000000000000000e+00 0.000000000000000000e+00 0.000000000000000000e+00 1.890187401289986427e-02 1.581794207995432522e-01 0.000000000000000000e+00 0.000000000000000000e+00 1.954836576071321830e-01 0.000000000000000000e+00 0.000000000000000000e+00 0.000000000000000000e+00 0.000000000000000000e+00 4.199410757522691051e-02 0.000000000000000000e+00 2.391847681005674839e-02 1.978360153368434460e-01
0.000000000000000000e+00 0.000000000000000000e+00 0.000000000000000000e+00 7.006032951118384977e-02 5.771509878322591408e-02 9.404592621358868684e-03 0.000000000000000000e+00 1.537949498645660718e-01 1.093625911800921308e-01 0.000000000000000000e+00 3.015385626828815616e-03 2.187432337697472751e-01 0.000000000000000000e+00 1.816690136134993614e-03 0.000000000000000000e+00 3.694596451213729565e-02 1.139997899136059416e-02 1.883516612392542935e-02 7.635679842293785491e-02 2.325492204565007826e-01
0.000000000000000000e+00 0.000000000000000000e+00 5.635767786053003797e-02 2.670395838703036318e-01 0.000000000000000000e+00 1.374900775739088254e-01 3.838556103055446728e-02 1.482339567690161564e-01 1.837601249999426187e-02 0.000000000000000000e+00 0.000000000000000000e+00 0.000000000000000000e+00 9.065457022279614641e-02 0.000000000000000000e+00 0.000000000000000000e+00 0.000000000000000000e+00 0.000000000000000000e+00 0.000000000000000000e+00 1.883894695850379664e-01 5.507309058785851003e-02
1.356813936911786533e-01 1.273905855794741637e-01 7.412864651581352327e-02 1.633420271653548972e-02 0.000000000000000000e+00 0.000000000000000000e+00 0.000000000000000000e+00 0.000000000000000000e+00 1.386137953025835257e-01 8.010679470473974773e-02 3.688369530177522393e-02 1.847255867583560140e-01 0.000000000000000000e+00 0.000000000000000000e+00 0.000000000000000000e+00 0.000000000000000000e+00 0.000000000000000000e+00 0.000000000000000000e+00 1.680163373746011435e-01 3.811896205494271633e-02
0.000000000000000000e+00 1.310141720074223248e-01 5.182100465293240643e-02 2.673767763007169895e-01 1.103830038884191095e-02 0.000000000000000000e+00 0.000000000000000000e+00 3.822954226524564320e-02 6.069898500991984663e-03 0.000000000000000000e+00 3.189427456504515500e-03 1.806810442406588113e-01 1.188033148477487394e-01 0.000000000000000000e+00 0.000000000000000000e+00 0.000000000000000000e+00 0.000000000000000000e+00 0.000000000000000000e+00 2.493888529658960795e-02 1.668376340423470827e-01
1.743885227824900908e-01 1.136520317627601195e-01 5.464941711837522503e-02 0.000000000000000000e+00 5.017059651540116405e-02 1.373729485885710477e-01 0.000000000000000000e+00 5.260047964996875103e-02 0.000000000000000000e+00 1.918580474827128943e-02 0.000000000000000000e+00 1.912137925396997229e-01 0.000000000000000000e+00 0.000000000000000000e+00 0.000000000000000000e+00 1.191488938027970151e-01 0.000000000000000000e+00 2.170061785123457432e-02 2.689173883089094469e-02 3.902515580954012131e-02
1.750831915369898129e-01 0.000000000000000000e+00 0.000000000000000000e+00 1.315894771751257575e-01 3.606045576112437007e-02 2.670295367071497949e-01 0.000000000000000000e+00 2.897906055483576854e-02 0.000000000000000000e+00 0.000000000000000000e+00 4.699881130267301657e-03 1.669279675221323755e-01 2.870011306471567311e-02 0.000000000000000000e+00 2.010414253789992445e-02 0.000000000000000000e+00 1.324693959383911081e-02 1.040358937444458122e-03 1.160294084122241304e-01 1.050946706625159252e-02
1.377719130329647934e-01 0.000000000000000000e+00 0.000000000000000000e+00 8.079889205584958600e-03 0.000000000000000000e+00 4.476658814074235132e-02 0.000000000000000000e+00 8.841296117563941792e-02 0.000000000000000000e+00 0.000000000000000000e+00 0.000000000000000000e+00 1.027309395218553439e-01 5.538258955063402739e-02 1.631432158863986293e-01 3.084788934005918901e-02 1.033569600628057167e-01 0.000000000000000000e+00 3.591467681474994067e-02 1.571142950859820975e-01 7.247808218258354473e-02
3.046048754422112093e-02 1.208069251297560071e-01 7.846058263886734885e-02 1.417994393068977010e-01 0.000000000000000000e+00 4.445672153810788924e-02 0.000000000000000000e+00 0.000000000000000000e+00 1.531634342203914978e-01 0.000000000000000000e+00 0.000000000000000000e+00 1.539471319850012621e-01 3.865341149103191168e-03 0.000000000000000000e+00 1.150254328902533402e-01 5.710646921860634828e-02 0.000000000000000000e+00 0.000000000000000000e+00 1.009080343787943090e-01 0.000000000000000000e+00
2.353900012101450834e-02 1.018466719326896336e-01 0.000000000000000000e+00 1.805023214914820984e-01 0.000000000000000000e+00 3.513992456938527104e-02 0.000000000000000000e+00 8.142222231950410616e-02 1.349345541011300227e-02 3.151978466656798344e-02 0.000000000000000000e+00 2.288298670849934491e-01 0.000000000000000000e+00 3.270999503215088478e-02 3.773420655219573983e-02 9.161628010060647587e-02 0.000000000000000000e+00 0.000000000000000000e+00 0.000000000000000000e+00 1.416462707192968351e-01
1.398454405582509052e-01 9.002599134743062559e-02 0.000000000000000000e+00 3.226865194228799045e-03 3.897912542925060370e-02 0.000000000000000000e+00 0.000000000000000000e+00 0.000000000000000000e+00 0.000000000000000000e+00 0.000000000000000000e+00 0.000000000000000000e+00 2.308305744910084667e-01 3.199165272237790292e-02 1.002056704770344087e-01 0.000000000000000000e+00 0.000000000000000000e+00 0.000000000000000000e+00 1.514007704651155750e-01 0.000000000000000000e+00 2.134939093153026546e-01
9.653286209274875712e-03 0.000000000000000000e+00 2.179706079961649719e-03 0.000000000000000000e+00 0.000000000000000000e+00 1.839439080569299501e-01 0.000000000000000000e+00 9.443379312612436294e-02 1.088156254034230476e-02 1.739710644662087816e-02 0.000000000000000000e+00 3.117484824849512393e-01 0.000000000000000000e+00 0.000000000000000000e+00 2.173740098922173365e-03 1.526290881043298464e-01 0.000000000000000000e+00 1.193361774738493086e-01 0.000000000000000000e+00 9.562314937869348386e-02
4.872690000290539128e-03 1.473840812988503612e-01 0.000000000000000000e+00 0.000000000000000000e+00 3.224921086824189542e-02 2.716218773538038866e-01 3.826194804159069839e-03 6.920596140213029768e-02 0.000000000000000000e+00 3.272636129685844303e-02 2.995492365984452759e-02 2.779081021698797116e-01 0.000000000000000000e+00 6.077292352362702321e-02 2.452966365182600653e-02 8.832468105744207014e-04 0.000000000000000000e+00 0.000000000000000000e+00 5.652908691877665294e-03 3.841185446803624393e-02
8.358541552402454222e-02 1.336645361574616275e-01 3.848293681164490637e-02 1.549174329746879908e-01 0.000000000000000000e+00 7.755519896662299573e-02 0.000000000000000000e+00 1.552881714834919262e-02 0.000000000000000000e+00 0.000000000000000000e+00 0.000000000000000000e+00 2.968872390794544125e-01 3.228377685965521521e-02 0.000000000000000000e+00 4.390360453306315497e-03 8.559898216898322032e-02 0.000000000000000000e+00 5.265128266844379401e-02 0.000000000000000000e+00 2.445402118736593119e-02
7.427311323451256907e-04 1.199723769208778518e-01 2.664102175195484298e-02 1.340757544226993114e-01 0.000000000000000000e+00 1.442001141662204410e-02 0.000000000000000000e+00 5.615578951340437913e-02 4.415731972633988450e-02 3.190938120689145591e-02 1.833738741839449279e-02 3.177942265735124727e-01 8.119978930145783230e-03 0.000000000000000000e+00 1.826563179590283414e-01 0.000000000000000000e+00 4.501770302778389937e-02 0.000000000000000000e+00 0.000000000000000000e+00 0.000000000000000000e+00
1.507369876080876143e-02 0.000000000000000000e+00 0.000000000000000000e+00 1.348902513385950019e-01 0.000000000000000000e+00 2.496557399339238981e-01 3.743455377970408837e-02 1.479089420600923632e-01 0.000000000000000000e+00 0.000000000000000000e+00 2.522486900640904389e-02 9.195089890711774516e-02 0.000000000000000000e+00 0.000000000000000000e+00 0.000000000000000000e+00 0.000000000000000000e+00 0.000000000000000000e+00 2.405516741941819952e-03 1.914263484783857994e-01 1.040291809930214695e-01
1.259917497418947263e-01 0.000000000000000000e+00 1.166486577106902872e-01 8.569501324393832831e-02 0.000000000000000000e+00 1.695340701192942501e-01 3.110860633331692313e-02 8.849843689368176725e-02 4.776502823201192460e-02 5.446814418435402816e-02 0.000000000000000000e+00 1.120213640591871500e-02 0.000000000000000000e+00 0.000000000000000000e+00 3.300975596310411209e-02 3.757133903445591082e-03 0.000000000000000000e+00 0.000000000000000000e+00 4.715453880181810081e-02 1.851667284665310942e-01
5.320204431382802995e-02 0.000000000000000000e+00 8.708880413273538401e-02 1.594976109751941595e-01 0.000000000000000000e+00 0.000000000000000000e+00 6.067221680504993053e-02 1.360144905760363454e-01 0.000000000000000000e+00 2.088719425356151335e-02 3.992843683774636998e-03 2.258077066760028340e-01 0.000000000000000000e+00 0.000000000000000000e+00 1.861341425527479609e-01 0.000000000000000000e+00 0.000000000000000000e+00 0.000000000000000000e+00 2.893325535856838479e-02 3.776969067250081358e-02
1.792501956294113852e-02 9.338864540268210224e-02 0.000000000000000000e+00 1.498811722353380615e-01 0.000000000000000000e+00 0.000000000000000000e+00 0.000000000000000000e+00 0.000000000000000000e+00 0.000000000000000000e+00 0.000000000000000000e+00 0.000000000000000000e+00 3.008006448639672925e-01 0.000000000000000000e+00 2.562377577100721782e-02 2.010743430649853947e-01 0.000000000000000000e+00 2.806147294824662061e-02 1.333590351076155700e-01 5.169334032664932646e-03 4.471655701055173709e-02
2.431090989703431349e-01 0.000000000000000000e+00 0.000000000000000000e+00 0.000000000000000000e+00 5.617606805227721989e-02 9.896632140563313418e-02 0.000000000000000000e+00 1.376293466596279214e-01 7.003244189468414704e-02 2.573955551969494410e-02 0.000000000000000000e+00 1.064097671982773552e-01 0.000000000000000000e+00 0.000000000000000000e+00 0.000000000000000000e+00 4.120238164960835642e-02 0.000000000000000000e+00 0.000000000000000000e+00 2.433927888096637515e-02 1.963957397688875783e-01
0.000000000000000000e+00 1.777227318712870305e-02 1.362262138220184937e-01 1.410288254241536809e-01 0.000000000000000000e+00 6.953715301864986376e-02 0.000000000000000000e+00 1.322802519431185431e-01 0.000000000000000000e+00 1.872035900576466197e-02 0.000000000000000000e+00 1.563147629731010957e-01 3.324829075701336151e-02 0.000000000000000000e+00 1.746254413507455083e-01 0.000000000000000000e+00 0.000000000000000000e+00 0.000000000000000000e+00 0.000000000000000000e+00 1.202464285183062614e-01
1.168375295226817406e-01 3.741760905559769756e-02 1.270218735662612397e-01 1.669081141320120226e-02 4.085336637226106432e-02 0.000000000000000000e+00 0.000000000000000000e+00 7.639762189088536437e-02 3.453332238208053906e-02 0.000000000000000000e+00 0.000000000000000000e+00 2.255984086955324930e-01 0.000000000000000000e+00 0.000000000000000000e+00 0.000000000000000000e+00 0.000000000000000000e+00 0.000000000000000000e+00 0.000000000000000000e+00 0.000000000000000000e+00 3.246494571014987285e-01
0.000000000000000000e+00 9.669740670141011712e-03 0.000000000000000000e+00 1.645917965711461983e-01 1.127439973644529386e-01 1.480881796248140758e-01 6.809386082690874718e-03 1.366315853785231571e-01 0.000000000000000000e+00 2.278444583021304107e-02 3.351003161202945058e-02 9.253185710904462610e-03 2.416459968534091091e-02 0.000000000000000000e+00 0.000000000000000000e+00 1.115134482508570862e-01 0.000000000000000000e+00 0.000000000000000000e+00 2.202396032188869146e-01 0.000000000000000000e+00
0.000000000000000000e+00 3.307200693196513108e-02 1.948812750289921278e-02 0.000000000000000000e+00 1.005174160039194742e-01 2.436468638045982682e-01 0.000000000000000000e+00 1.460452742756953096e-02 0.000000000000000000e+00 0.000000000000000000e+00 3.136947880011340534e-02 2.577946138520139652e-01 0.000000000000000000e+00 9.256132838861955842e-03 0.000000000000000000e+00 7.452524291840570241e-03 0.000000000000000000e+00 0.000000000000000000e+00 1.905598944868173439e-01 9.223841405940111371e-02
1.467587292870230486e-01 0.000000000000000000e+00 2.150402972433530444e-02 3.195183147582304067e-02 0.000000000000000000e+00 1.417222742163131710e-01 4.292413649632430966e-02 9.475883158343081925e-02 1.152844927331213853e-01 0.000000000000000000e+00 2.296818458089103926e-02 0.000000000000000000e+00 0.000000000000000000e+00 1.788140420264995936e-02 4.819912463426383187e-03 0.000000000000000000e+00 0.000000000000000000e+00 6.532744100917488306e-02 0.000000000000000000e+00 2.940987322274865590e-01
