1.782072163742247362e-02 4.392465237361910420e-03 1.134180016384517264e-02 0.000000000000000000e+00 9.229679501571316780e-02 0.000000000000000000e+00 0.000000000000000000e+00 1.290715976164462098e-01 2.791746772066691987e-02 7.951289622416013447e-02 0.000000000000000000e+00 1.102443181787875898e-01 0.000000000000000000e+00 0.000000000000000000e+00 2.386501916032520987e-01 8.036673665932400623e-03 0.000000000000000000e+00 9.610739179011220865e-03 0.000000000000000000e+00 0.000000000000000000e+00 2.376351014118107535e-02 2.561785297145079132e-02 6.258088161300139063e-02 8.777473746597777571e-03 1.503646152851697004e-01
0.000000000000000000e+00 0.000000000000000000e+00 1.152594582320248112e-01 1.702841180160148959e-01 4.231729423765970928e-04 0.000000000000000000e+00 3.273959300810513895e-02 1.491207282646991872e-01 0.000000000000000000e+00 0.000000000000000000e+00 6.314967239957595783e-03 2.543783519033888940e-02 2.471678519843824653e-02 0.000000000000000000e+00 7.827613072412499540e-02 0.000000000000000000e+00 2.673885808430695801e-02 0.000000000000000000e+00 0.000000000000000000e+00 0.000000000000000000e+00 1.682188948464226688e-02 0.000000000000000000e+00 0.000000000000000000e+00 1.874427973604083364e-01 1.664236662545620637e-01
0.000000000000000000e+00 0.000000000000000000e+00 0.000000000000000000e+00 1.333382094937593243e-01 2.857095393261977617e-02 0.000000000000000000e+00 4.792769007733010261e-02 3.523492904400360448e-02 0.000000000000000000e+00 0.000000000000000000e+00 8.596980655624965328e-02 0.000000000000000000e+00 0.000000000000000000e+00 0.000000000000000000e+00 2.268825047686478247e-01 0.000000000000000000e+00 1.778955674835679124e-02 2.314394967229132724e-02 0.000000000000000000e+00 0.000000000000000000e+00 0.000000000000000000e+00 0.000000000000000000e+00 2.418294981463555982e-01 1.593129015603861054e-01 0.000000000000000000e+00
0.000000000000000000e+00 1.073531522101635154e-02 0.000000000000000000e+00 0.000000000000000000e+00 0.000000000000000000e+00 0.000000000000000000e+00 0.000000000000000000e+00 1.531397092632784673e-01 0.000000000000000000e+00 4.913266938814874613e-02 1.993495532204427392e-02 0.000000000000000000e+00 0.000000000000000000e+00 0.000000000000000000e+00 1.206385868989884730e-01 0.000000000000000000e+00 0.000000000000000000e+00 0.000000000000000000e+00 5.956563705088421118e-02 7.665069696231278928e-02 0.000000000000000000e+00 0.000000000000000000e+00 1.482614687587510693e-01 1.959576792823456148e-01 1.659832818522301023e-01
1.670593068375619827e-02 0.000000000000000000e+00 0.000000000000000000e+00 0.000000000000000000e+00 0.000000000000000000e+00 2.862039200020465718e-02 2.309367947518273928e-02 6.842177747009991692e-03 0.000000000000000000e+00 1.358449292153216803e-01 0.000000000000000000e+00 1.166672556790065152e-01 0.000000000000000000e+00 0.000000000000000000e+00 2.136918909977530423e-01 2.428546497157851956e-03 7.049057955515944211e-03 9.121267120543982698e-02 2.650577047809174903e-03 0.000000000000000000e+00 8.578946136579007620e-02 3.383704314042541042e-05 8.344561202014739998e-02 1.859239810667643877e-01 0.000000000000000000e+00
3.301242448868036555e-02 1.172568835581171698e-01 0.000000000000000000e+00 1.301892113740607815e-01 7.536474784809972689e-03 0.000000000000000000e+00 1.133873092960262646e-01 4.289164539811338162e-02 4.098046289274759682e-03 9.506087961421644250e-02 1.875924604294503667e-02 1.751068227907270902e-02 0.000000000000000000e+00 0.000000000000000000e+00 1.697427690521651766e-01 0.000000000000000000e+00 1.577714907894181215e-02 0.000000000000000000e+00 0.000000000000000000e+00 0.000000000000000000e+00 0.000000000000000000e+00 6.238636984784679679e-03 2.713601736788156388e-02 5.217067668466779384e-02 1.492319477062420963e-01
0.000000000000000000e+00 5.837189874678445217e-02 3.300349815454458897e-03 0.000000000000000000e+00 1.417794564224698628e-01 0.000000000000000000e+00 7.979374537936508721e-03 1.539278667989425198e-01 0.000000000000000000e+00 8.227959835536184652e-02 3.199312752175407625e-03 2.041595012753895377e-02 0.000000000000000000e+00 0.000000000000000000e+00 2.213113673114054103e-01 1.144313416792709925e-01 0.000000000000000000e+00 9.624656656250246689e-02 0.000000000000000000e+00 1.944807865625446379e-04 0.000000000000000000e+00 0.000000000000000000e+00 2.354428136302776434e-02 2.357402546991045535e-03 7.066075219357577375e-02
0.000000000000000000e+00 0.000000000000000000e+00 0.000000000000000000e+00 0.000000000000000000e+00 0.000000000000000000e+00 0.000000000000000000e+00 3.644014004580710484e-03 1.990677353313628078e-02 0.000000000000000000e+00 1.548020601650887049e-02 1.004616338362603334e-01 0.000000000000000000e+00 4.671720323341478631e-02 0.000000000000000000e+00 2.769984328877268531e-01 9.299696213910586817e-02 1.341816573232393617e-01 0.000000000000000000e+00 1.675793813161147172e-02 9.071258079321689594e-02 0.000000000000000000e+00 0.000000000000000000e+00 1.660165355445462065e-01 1.380210962986572545e-02 2.232395292678670401e-02
0.000000000000000000e+00 0.000000000000000000e+00 6.146253535414794057e-03 0.000000000000000000e+00 0.000000000000000000e+00 0.000000000000000000e+00 5.850447635298997029e-02 1.353714317738931860e-01 2.423106868536890890e-02 1.479722385104093041e-01 1.762169282014023090e-03 0.000000000000000000e+00 6.928353320759835302e-03 0.000000000000000000e+00 1.626986169760678835e-01 8.499549234816014542e-02 1.165992220491759573e-01 0.000000000000000000e+00 0.000000000000000000e+00 0.000000000000000000e+00 0.000000000000000000e+00 6.425098673663083397e-03 7.808942582615076289e-02 1.604914932403376515e-01 9.784659425594524271e-03
0.000000000000000000e+00 9.903420550396038746e-02 0.000000000000000000e+00 8.021096821300961396e-03 8.994136995605288287e-02 1.240318774986576798e-02 1.517174243587339488e-02 1.421881294667306228e-01 0.000000000000000000e+00 1.205089701952688219e-01 0.000000000000000000e+00 4.764970290511476997e-02 0.000000000000000000e+00 1.000475010217790305e-02 1.211950810522702954e-01 4.424674736271654724e-03 0.000000000000000000e+00 2.970845252022294696e-03 5.129550156967086633e-02 4.520974656858626345e-02 0.000000000000000000e+00 0.000000000000000000e+00 1.285928857184590879e-01 1.013881099663739571e-01 0.000000000000000000e+00
0.000000000000000000e+00 7.722643484158520956e-03 9.996099953057797916e-02 1.070704769433449555e-01 0.000000000000000000e+00 0.000000000000000000e+00 1.168024617506157117e-02 1.511844010169257069e-01 0.000000000000000000e+00 1.918025458914411618e-02 9.608889830139123733e-02 1.129588504254474962e-01 1.159674022693322516e-02 0.000000000000000000e+00 1.921011400371863687e-01 0.000000000000000000e+00 4.970994642190876278e-02 0.000000000000000000e+00 3.203349948588563728e-02 0.000000000000000000e+00 1.551247569774904080e-03 0.000000000000000000e+00 7.702090747642309498e-02 0.000000000000000000e+00 3.013974831583646902e-02
1.483704342424208358e-02 0.000000000000000000e+00 0.000000000000000000e+00 1.338566898253758242e-01 1.452255422800658724e-01 0.000000000000000000e+00 1.352841952975704642e-01 1.589557121788370553e-01 2.391548328305599658e-02 1.098030307613016981e-01 0.000000000000000000e+00 0.000000000000000000e+00 0.000000000000000000e+00 0.000000000000000000e+00 1.719410980914278658e-02 1.837093460570758674e-02 0.000000000000000000e+00 0.000000000000000000e+00 1.882832398506602833e-01 5.427401868404027607e-02 0.000000000000000000e+00 0.000000000000000000e+00 0.000000000000000000e+00 0.000000000000000000e+00 0.000000000000000000e+00
1.001438904152696652e-01 1.263693307292503565e-01 6.772065478716139675e-02 2.977802996217630491e-02 3.618704879828631843e-02 3.273668437306442164e-02 0.000000000000000000e+00 0.000000000000000000e+00 0.000000000000000000e+00 1.859564484928609152e-01 0.000000000000000000e+00 1.127182672138695579e-01 0.000000000000000000e+00 0.000000000000000000e+00 5.030705469329056767e-02 1.681057487132180117e-02 0.000000000000000000e+00 0.000000000000000000e+00 1.722370170055307070e-01 0.000000000000000000e+00 1.045015299423582462e-02 2.453827657317281252e-02 7.645974313240551379e-03 0.000000000000000000e+00 2.640059477726895004e-02
0.000000000000000000e+00 0.000000000000000000e+00 0.000000000000000000e+00 0.000000000000000000e+00 0.000000000000000000e+00 1.866555619260355792e-02 1.556620302173436776e-01 2.952619717241699790e-02 0.000000000000000000e+00 7.996821991686886566e-03 0.000000000000000000e+00 1.416348928809568475e-01 4.147182126160684629e-02 7.004081236654416398e-02 1.190515506103168551e-02 8.836148534172136304e-02 0.000000000000000000e+00 1.907524643997863048e-02 1.989988796463437182e-01 0.000000000000000000e+00 8.582037436702662225e-02 0.000000000000000000e+00 1.308407270607390149e-01 0.000000000000000000e+00 0.000000000000000000e+00
5.096828069236269791e-03 0.000000000000000000e+00 2.281366906551296828e-02 3.059642697013202281e-02 2.993861095700227695e-02 0.000000000000000000e+00 0.000000000000000000e+00 1.262762816032153845e-01 0.000000000000000000e+00 0.000000000000000000e+00 0.000000000000000000e+00 4.528346005497107390e-02 9.636698828090042857e-02 0.000000000000000000e+00 4.736906240447256305e-02 0.000000000000000000e+00 0.000000000000000000e+00 0.000000000000000000e+00 3.531611634308221698e-02 9.488377758744202806e-02 0.000000000000000000e+00 3.128729831218777374e-02 1.580482966632675290e-01 7.633179710220407144e-02 2.003913865863733990e-01
0.000000000000000000e+00 1.377032889791543480e-01 6.728094652945597332e-03 7.844891703542486092e-03 5.241437326574590987e-03 0.000000000000000000e+00 3.206292658062790402e-01 2.202530774930366864e-01 0.000000000000000000e+00 2.350992722460119172e-03 1.544271725298935333e-02 0.000000000000000000e+00 0.000000000000000000e+00 0.000000000000000000e+00 2.849998021607847917e-02 0.000000000000000000e+00 2.588736224682791284e-02 8.233601460220580509e-03 0.000000000000000000e+00 7.992328692162565043e-03 0.000000000000000000e+00 0.000000000000000000e+00 0.000000000000000000e+00 2.131929614477281465e-01 0.000000000000000000e+00
1.104802814943892653e-01 0.000000000000000000e+00 0.000000000000000000e+00 0.000000000000000000e+00 1.592794754764794152e-01 1.348036700207372492e-02 1.064266534420302973e-01 5.988863609679412336e-02 7.821865176625792879e-03 3.853486543501782879e-02 1.591487575619244740e-02 0.000000000000000000e+00 0.000000000000000000e+00 0.000000000000000000e+00 7.576168030833113631e-02 0.000000000000000000e+00 1.310977173285498010e-01 9.300885912398351371e-03 1.841723308722104935e-01 6.452986902243901257e-02 0.000000000000000000e+00 1.304465943061686346e-02 1.026583724585149876e-02 0.000000000000000000e+00 0.000000000000000000e+00
0.000000000000000000e+00 0.000000000000000000e+00 1.697921590452331764e-01 0.000000000000000000e+00 9.969726210860879734e-02 6.688967819526533964e-02 1.569167525521215356e-01 1.697288761266775026e-01 0.000000000000000000e+00 0.000000000000000000e+00 0.000000000000000000e+00 0.000000000000000000e+00 7.497396173233252317e-03 0.000000000000000000e+00 8.692412847722803468e-03 0.000000000000000000e+00 6.055451419329638263e-02 0.000000000000000000e+00 2.422828611766730811e-01 0.000000000000000000e+00 7.793068134994555682e-03 0.000000000000000000e+00 0.000000000000000000e+00 0.000000000000000000e+00 1.015501944617370339e-02
8.727579109781755107e-02 5.933917945358114371e-02 0.000000000000000000e+00 0.000000000000000000e+00 0.000000000000000000e+00 0.000000000000000000e+00 3.627943116200704060e-02 1.750889939332308728e-02 2.031601244875487489e-02 7.474307913015630633e-02 0.000000000000000000e+00 1.069463616295028147e-01 6.703227118564500202e-03 5.891460049918249148e-02 1.726911289463952670e-01 2.128102355379002039e-02 1.185236756666710120e-02 1.015217643451504226e-01 1.588287548164214399e-02 1.863893671359224263e-02 0.000000000000000000e+00 0.000000000000000000e+00 0.000000000000000000e+00 2.900407223056451159e-03 1.872049142368165386e-01
0.000000000000000000e+00 0.000000000000000000e+00 1.028882010937755276e-01 4.991155019652999264e-02 1.022656007909069908e-01 9.455153757461279285e-02 1.700018720535401151e-02 1.544166507080110308e-02 4.211187272064476766e-02 1.216409010852386036e-01 0.000000000000000000e+00 5.339208868615968016e-03 3.598091399643394556e-02 0.000000000000000000e+00 1.720095284378271305e-01 0.000000000000000000e+00 0.000000000000000000e+00 6.591723335280331129e-03 0.000000000000000000e+00 0.000000000000000000e+00 0.000000000000000000e+00 0.000000000000000000e+00 0.000000000000000000e+00 7.893967382116733045e-02 1.553274358028114699e-01
9.636733410872373728e-02 5.252126646445568620e-02 5.526513100126698858e-03 1.550191921543070221e-02 0.000000000000000000e+00 3.432077979370553450e-02 0.000000000000000000e+00 0.000000000000000000e+00 3.979346878353651022e-03 7.314188346415748110e-02 0.000000000000000000e+00 3.166419191792597954e-02 0.000000000000000000e+00 0.000000000000000000e+00 2.179848861831933660e-01 0.000000000000000000e+00 1.457807527254298685e-01 1.122442788115213391e-01 0.000000000000000000e+00 1.557021158261070320e-02 0.000000000000000000e+00 1.036849941356829258e-01 4.363069273397570530e-02 0.000000000000000000e+00 4.808094888470677841e-02
7.448348058063305500e-03 3.191666371759138005e-02 7.264587429119136186e-02 3.197664647427232720e-02 1.293696721477743672e-01 0.000000000000000000e+00 0.000000000000000000e+00 0.000000000000000000e+00 0.000000000000000000e+00 2.408315925536755331e-01 1.000749428153202385e-02 3.716962709886111743e-02 5.569151087564556263e-02 0.000000000000000000e+00 1.826490019993002034e-01 0.000000000000000000e+00 0.000000000000000000e+00 3.173322403603242442e-02 0.000000000000000000e+00 0.000000000000000000e+00 0.000000000000000000e+00 0.000000000000000000e+00 1.004739387381759219e-01 3.371413889982358830e-02 3.437226682806091005e-02
4.255035581702119873e-02 7.906939631334673757e-02 2.997211346905930256e-03 0.000000000000000000e+00 1.104010615045801676e-02 0.000000000000000000e+00 1.580351436226520578e-01 1.227173418317565323e-01 0.000000000000000000e+00 0.000000000000000000e+00 0.000000000000000000e+00 6.691220514679702136e-02 0.000000000000000000e+00 0.000000000000000000e+00 1.591683016420138708e-01 0.000000000000000000e+00 0.000000000000000000e+00 5.967648597412714660e-03 2.013475352851478162e-01 0.000000000000000000e+00 0.000000000000000000e+00 1.580452929730222266e-03 1.486143013167578464e-01 0.000000000000000000e+00 0.000000000000000000e+00
0.000000000000000000e+00 1.414652625192890645e-01 0.000000000000000000e+00 1.744113483950864574e-01 1.329047771193994643e-02 0.000000000000000000e+00 7.667321101540350292e-02 1.449230835178312859e-01 5.408126796532643915e-02 0.000000000000000000e+00 0.000000000000000000e+00 0.000000000000000000e+00 0.000000000000000000e+00 0.000000000000000000e+00 7.243656633419214008e-02 0.000000000000000000e+00 0.000000000000000000e+00 1.670669787614657148e-02 1.767234052513435849e-01 8.072573101992171207e-02 0.000000000000000000e+00 0.000000000000000000e+00 1.229809477612138664e-02 3.626485361739800045e-02 0.000000000000000000e+00
2.546248378330151149e-02 0.000000000000000000e+00 3.587770091427006786e-02 0.000000000000000000e+00 0.000000000000000000e+00 0.000000000000000000e+00 8.811993739824391936e-02 0.000000000000000000e+00 0.000000000000000000e+00 0.000000000000000000e+00 0.000000000000000000e+00 1.123655549705464274e-01 3.952241648028682885e-02 1.067181236572625064e-02 3.292795785545216680e-01 9.355907644067268381e-02 0.000000000000000000e+00 0.000000000000000000e+00 0.000000000000000000e+00 3.724796081274474313e-02 2.892129483540183815e-02 2.956157508026593592e-02 1.272026027492353766e-02 0.000000000000000000e+00 1.566903480890946554e-01
0.000000000000000000e+00 1.102629789049559828e-01 5.820321759577101045e-02 0.000000000000000000e+00 0.000000000000000000e+00 0.000000000000000000e+00 1.395853871488319797e-01 6.611833334435201007e-03 2.645465767900319343e-03 0.000000000000000000e+00 5.579863565881502258e-02 1.119302326590182195e-01 2.258284588379829219e-02 1.520970335276225840e-02 2.229850699000490155e-01 0.000000000000000000e+00 0.000000000000000000e+00 3.215563719989637803e-02 4.682287012127279470e-03 0.000000000000000000e+00 1.266795647460651660e-02 0.000000000000000000e+00 0.000000000000000000e+00 1.864509089832512567e-01 1.822784012378133450e-02
0.000000000000000000e+00 8.957549109379648114e-03 2.450856563828242296e-02 1.407200405949629030e-01 0.000000000000000000e+00 6.484895490731068914e-04 0.000000000000000000e+00 1.581110289403447611e-01 1.603170810196457565e-03 1.404578754702596466e-01 0.000000000000000000e+00 0.000000000000000000e+00 2.412425385587870300e-02 1.002887250107932920e-01 1.683782515078111747e-02 0.000000000000000000e+00 0.000000000000000000e+00 0.000000000000000000e+00 0.000000000000000000e+00 1.049485152283203757e-02 0.000000000000000000e+00 1.883919821563450475e-02 1.541324244620722872e-01 2.002760016695090683e-01 0.000000000000000000e+00
4.862746647799790628e-02 0.000000000000000000e+00 0.000000000000000000e+00 9.287468404170440284e-03 1.334598574904282409e-01 0.000000000000000000e+00 2.877851206911677395e-02 0.000000000000000000e+00 0.000000000000000000e+00 9.996166594309915943e-02 0.000000000000000000e+00 0.000000000000000000e+00 0.000000000000000000e+00 5.374058692367606957e-03 2.579385365721365009e-01 8.776720011949845635e-02 9.078630183193875380e-02 0.000000000000000000e+00 4.236698019871068012e-03 3.911999677544609165e-03 0.000000000000000000e+00 0.000000000000000000e+00 1.763585859358550445e-01 3.454833890214947106e-02 1.896330986382587999e-02
0.000000000000000000e+00 0.000000000000000000e+00 0.000000000000000000e+00 1.632478385455168324e-01 1.394070606878749230e-01 0.000000000000000000e+00 2.377281133722114123e-02 1.454078358765298062e-01 0.000000000000000000e+00 0.000000000000000000e+00 0.000000000000000000e+00 7.000745232221672332e-02 0.000000000000000000e+00 0.000000000000000000e+00 1.262335910826361818e-01 0.000000000000000000e+00 0.000000000000000000e+00 9.079644451915241943e-02 8.546718777910251863e-03 0.000000000000000000e+00 0.000000000000000000e+00 0.000000000000000000e+00 4.616184728693960293e-02 1.864183995640021352e-01 0.000000000000000000e+00
0.000000000000000000e+00 1.441144583287797265e-01 0.000000000000000000e+00 0.000000000000000000e+00 0.000000000000000000e+00 1.512805926005515722e-02 0.000000000000000000e+00 0.000000000000000000e+00 0.000000000000000000e+00 2.755898458606364024e-02 0.000000000000000000e+00 1.204134725147900375e-01 3.102218022344180228e-03 0.000000000000000000e+00 2.683708890122196156e-01 0.000000000000000000e+00 9.075299564281177553e-03 0.000000000000000000e+00 0.000000000000000000e+00 0.000000000000000000e+00 0.000000000000000000e+00 2.783077399493861376e-02 0.000000000000000000e+00 1.958907965075237512e-01 1.885150482090039714e-01
0.000000000000000000e+00 1.363644049625440113e-01 1.002576103973831512e-01 1.791697681938988485e-01 1.496661726914857993e-02 0.000000000000000000e+00 0.000000000000000000e+00 2.008391595914196109e-02 0.000000000000000000e+00 0.000000000000000000e+00 0.000000000000000000e+00 1.341568606398751452e-02 0.000000000000000000e+00 0.000000000000000000e+00 2.111446014943849647e-01 0.000000000000000000e+00 0.000000000000000000e+00 0.000000000000000000e+00 1.763448329658206526e-01 0.000000000000000000e+00 0.000000000000000000e+00 0.000000000000000000e+00 6.401666120486525224e-02 0.000000000000000000e+00 8.423590148882503792e-02
0.000000000000000000e+00 0.000000000000000000e+00 0.000000000000000000e+00 1.434882169613942715e-01 9.398790242365680225e-03 6.478262746222564206e-02 5.315489691310009562e-02 1.556320859487535513e-01 0.000000000000000000e+00 1.851777216534354342e-01 0.000000000000000000e+00 3.690355401017434561e-02 0.000000000000000000e+00 0.000000000000000000e+00 3.368709199204535099e-02 1.251099528944830674e-01 0.000000000000000000e+00 5.970646327663259832e-03 1.040393794603129522e-02 0.000000000000000000e+00 0.000000000000000000e+00 0.000000000000000000e+00 0.000000000000000000e+00 1.762904776483279201e-01 0.000000000000000000e+00
0.000000000000000000e+00 0.000000000000000000e+00 0.000000000000000000e+00 1.241504087033778042e-01 0.000000000000000000e+00 3.079639180097572260e-02 9.729850352257837787e-02 1.062826172000374755e-02 0.000000000000000000e+00 4.268070557790219766e-02 0.000000000000000000e+00 7.859876518304424742e-02 0.000000000000000000e+00 3.005301168614514431e-03 1.818287012965261462e-01 0.000000000000000000e+00 0.000000000000000000e+00 0.000000000000000000e+00 1.697530970963456731e-01 0.000000000000000000e+00 1.801300374359577627e-01 2.119903436944666972e-02 1.206453827960970483e-02 3.369048943450723976e-02 1.417576441111028686e-02
2.311103592410542959e-02 0.000000000000000000e+00 0.000000000000000000e+00 1.101356834762400863e-03 5.342553633716873307e-02 0.000000000000000000e+00 1.412339514378810335e-01 0.000000000000000000e+00 0.000000000000000000e+00 1.552405171171015730e-01 0.000000000000000000e+00 0.000000000000000000e+00 2.646061522145640166e-02 2.768563786127200416e-02 2.323452901612015065e-01 0.000000000000000000e+00 2.549901318292696270e-02 1.166878294430127999e-01 0.000000000000000000e+00 0.000000000000000000e+00 0.000000000000000000e+00 0.000000000000000000e+00 2.662399330650062207e-03 1.945468171484610043e-01 0.000000000000000000e+00
1.451945392199874979e-02 3.240892521150390282e-02 0.000000000000000000e+00 1.538883062241818145e-01 1.263761311512225094e-01 4.826705053555580688e-03 1.302975834791278258e-02 3.515780606009367287e-02 0.000000000000000000e+00 0.000000000000000000e+00 1.569873937523504071e-02 4.743427861569912696e-02 0.000000000000000000e+00 1.798861843701982793e-02 1.699448845209372005e-01 0.000000000000000000e+00 0.000000000000000000e+00 0.000000000000000000e+00 0.000000000000000000e+00 0.000000000000000000e+00 0.000000000000000000e+00 0.000000000000000000e+00 0.000000000000000000e+00 2.502589753438878017e-01 1.184674177367518455e-01
0.000000000000000000e+00 2.038364895311557679e-02 0.000000000000000000e+00 2.130253798041022509e-02 6.740361864603108821e-02 1.550156838744494101e-02 1.243891146269192893e-01 5.760310757329742404e-02 0.000000000000000000e+00 0.000000000000000000e+00 0.000000000000000000e+00 0.000000000000000000e+00 0.000000000000000000e+00 0.000000000000000000e+00 1.946067139314367478e-01 4.235524637486470789e-03 0.000000000000000000e+00 0.000000000000000000e+00 5.111412299966546641e-02 0.000000000000000000e+00 1.010425447521164644e-01 0.000000000000000000e+00 1.313410477106333012e-02 1.255615858927738859e-01 2.037218068482389288e-01
0.000000000000000000e+00 0.000000000000000000e+00 1.142833952217616744e-01 1.872469564508896789e-02 1.457514698196573644e-01 0.000000000000000000e+00 0.000000000000000000e+00 6.432479974289240926e-03 4.603227173871620760e-03 1.089228417841566349e-01 0.000000000000000000e+00 0.000000000000000000e+00 0.000000000000000000e+00 0.000000000000000000e+00 7.959530357042995941e-02 0.000000000000000000e+00 0.000000000000000000e+00 0.000000000000000000e+00 0.000000000000000000e+00 3.802146735229339214e-02 0.000000000000000000e+00 0.000000000000000000e+00 1.543429639779553275e-01 2.149389072334880746e-01 1.143832482470077544e-01
3.270853735135075685e-02 1.378066089368631675e-01 0.000000000000000000e+00 0.000000000000000000e+00 0.000000000000000000e+00 0.000000000000000000e+00 0.000000000000000000e+00 0.000000000000000000e+00 0.000000000000000000e+00 6.236735897933535881e-03 0.000000000000000000e+00 0.000000000000000000e+00 0.000000000000000000e+00 0.000000000000000000e+00 2.149489607807476832e-01 0.000000000000000000e+00 7.287685380637365720e-03 0.000000000000000000e+00 6.172507969986094911e-02 1.311082789924696490e-03 0.000000000000000000e+00 3.231108323429847384e-02 0.000000000000000000e+00 3.115728534727003618e-01 1.940913724556829478e-01
0.000000000000000000e+00 0.000000000000000000e+00 1.086630953631791824e-01 0.000000000000000000e+00 0.000000000000000000e+00 6.162830883733082590e-03 1.143424256247462245e-01 1.467261527659544373e-01 0.000000000000000000e+00 0.000000000000000000e+00 0.000000000000000000e+00 3.251765770097808650e-02 6.939761033411807889e-02 0.000000000000000000e+00 7.232350497363958242e-02 0.000000000000000000e+00 0.000000000000000000e+00 0.000000000000000000e+00 1.816070259079212434e-01 4.312626783596783947e-02 0.000000000000000000e+00 0.000000000000000000e+00 0.000000000000000000e+00 6.149451429682471770e-02 1.636389143129374779e-01
0.000000000000000000e+00 6.876134749844921290e-03 5.975086152429583131e-02 0.000000000000000000e+00 0.000000000000000000e+00 1.152661994507052645e-01 2.680479541496366691e-02 3.080644142397909874e-03 3.931339908167757330e-02 1.107871207546470421e-01 0.000000000000000000e+00 1.118387393637594457e-01 1.832843644127886071e-02 0.000000000000000000e+00 0.000000000000000000e+00 0.000000000000000000e+00 2.316756711554388698e-02 8.728373282200471706e-02 1.483791457224717947e-01 4.502853842600224032e-02 3.860320775328431042e-02 0.000000000000000000e+00 9.018339819904042445e-03 1.972593003140559603e-02 1.367472073858129744e-01
