0.000000000000000000e+00 8.136611000284599271e-02 0.000000000000000000e+00 1.047144021798331187e-01 0.000000000000000000e+00 1.128563379822488805e-01 0.000000000000000000e+00 1.200964074971198545e-02 7.708531078942570947e-02 0.000000000000000000e+00 4.153665859027122487e-02 5.545598022383647907e-02 4.345323261223948963e-02 5.184340458913048143e-03 4.229905311870662404e-02 0.000000000000000000e+00 1.878855671218352622e-03 1.131977929791424531e-01 1.672056556858981524e-01 1.417566289557085635e-01
0.000000000000000000e+00 0.000000000000000000e+00 3.685472600442554064e-02 2.311733522389830819e-01 1.522320037114604785e-01 1.955028697926547154e-01 1.112635739834448752e-02 1.529662835450107949e-01 0.000000000000000000e+00 1.772097811553080549e-02 0.000000000000000000e+00 0.000000000000000000e+00 0.000000000000000000e+00 0.000000000000000000e+00 2.081929034325772851e-02 0.000000000000000000e+00 0.000000000000000000e+00 0.000000000000000000e+00 4.771697421339581024e-02 1.338871646369364787e-01
0.000000000000000000e+00 1.136551124710638294e-01 7.130684985683004816e-03 1.035178508070418724e-01 1.558353636068024739e-01 2.043684361013377304e-01 1.030542453429835192e-01 2.992721167871776125e-02 9.517743712762328709e-03 0.000000000000000000e+00 0.000000000000000000e+00 0.000000000000000000e+00 2.349943524111688595e-02 2.592126724530563128e-02 4.071526902464097514e-02 0.000000000000000000e+00 5.942787051499922105e-03 0.000000000000000000e+00 1.839904897279790938e-02 1.585155437582460580e-01
0.000000000000000000e+00 1.036688418776026271e-01 2.790730354401526302e-03 1.884157779245171360e-01 0.000000000000000000e+00 0.000000000000000000e+00 0.000000000000000000e+00 6.156821299646046686e-02 1.254163437678794957e-01 0.000000000000000000e+00 0.000000000000000000e+00 4.428024032151232220e-02 5.761500485244799852e-02 1.180496728641156623e-01 0.000000000000000000e+00 1.046457356901039221e-01 1.455437311988627691e-02 1.297496725457128464e-01 2.281219910692005789e-02 2.643319457843966089e-02
0.000000000000000000e+00 8.566912745423575781e-02 0.000000000000000000e+00 4.919199409884554217e-03 1.088837590355274873e-02 2.457398957034204884e-02 4.165411166052240127e-02 5.284667815283072834e-02 1.718423965830240957e-02 0.000000000000000000e+00 0.000000000000000000e+00 8.832801987680669042e-02 1.371193056335654470e-01 2.077764476515296110e-01 8.988390933173526914e-03 2.582630825645520958e-03 0.000000000000000000e+00 0.000000000000000000e+00 1.610577444056945640e-01 1.564117388639139072e-01
1.368149893475600898e-01 1.907951172698943432e-01 0.000000000000000000e+00 0.000000000000000000e+00 1.430552741837168573e-01 1.467716707789948061e-01 3.011629971301668044e-03 0.000000000000000000e+00 0.000000000000000000e+00 1.193476725446988435e-01 0.000000000000000000e+00 9.166108594369772045e-02 0.000000000000000000e+00 0.000000000000000000e+00 0.000000000000000000e+00 1.756846797832507107e-02 1.114512681452603168e-02 0.000000000000000000e+00 1.242131035518619087e-01 1.561586161542255144e-02
4.437148192230627383e-03 1.225182578262514702e-03 0.000000000000000000e+00 2.422354854776685024e-02 6.146473179956062766e-02 1.251893728016884033e-01 0.000000000000000000e+00 6.497126571548413054e-02 2.529568547195258366e-01 2.201259787231108628e-02 0.000000000000000000e+00 6.918221203204769076e-02 1.524760939521763264e-06 8.598489274127429915e-02 4.793716725921490923e-02 7.373537963358546554e-02 0.000000000000000000e+00 2.196036747006101676e-03 8.223285689896685235e-02 8.224922770013511075e-02
3.523249233652862161e-02 1.389940872542804740e-01 4.190754866398973405e-02 6.030820350449906178e-03 1.142697649731943960e-01 1.219480428683242662e-01 4.673815809087388667e-03 2.535227360428825641e-02 5.309384086850572892e-02 0.000000000000000000e+00 0.000000000000000000e+00 2.849496282088082380e-02 2.640615926227883950e-02 9.339139524496913036e-02 0.000000000000000000e+00 0.000000000000000000e+00 1.288380275166097211e-01 3.166681649729763404e-02 1.496999519293150116e-01 0.000000000000000000e+00
0.000000000000000000e+00 1.649488688133066150e-02 0.000000000000000000e+00 2.119643497384657294e-01 1.579293909366346338e-01 7.454069650539417446e-02 0.000000000000000000e+00 0.000000000000000000e+00 8.208304213521119830e-02 0.000000000000000000e+00 0.000000000000000000e+00 1.180493179516578367e-01 5.767357377029712351e-02 4.969168292188169689e-02 0.000000000000000000e+00 3.267128832230058177e-02 2.531581383035780286e-02 1.735859570064687274e-01 0.000000000000000000e+00 0.000000000000000000e+00
2.647632154472078295e-02 1.269551378487201732e-01 4.890570538762821495e-02 3.036726732511519158e-02 1.550811610982062161e-01 1.787130549181609740e-01 0.000000000000000000e+00 2.539391630348675211e-02 2.059902607418396397e-02 6.482445221895967620e-03 0.000000000000000000e+00 1.118633683114257128e-02 1.010587496382177319e-01 3.066748538627412160e-02 1.621369379869760652e-01 0.000000000000000000e+00 0.000000000000000000e+00 0.000000000000000000e+00 0.000000000000000000e+00 7.597645443527116516e-02
5.147161784809461266e-02 6.705930848002468470e-02 0.000000000000000000e+00 4.443466774607766900e-02 1.942399636300183368e-03 2.811322423456030783e-01 0.000000000000000000e+00 0.000000000000000000e+00 1.185593353714927412e-01 1.567877071696187905e-03 3.275939825266504721e-03 9.344566609279424119e-02 1.909017290307057912e-01 1.405817943785405387e-02 1.188267247148235978e-01 4.320675545183576619e-03 0.000000000000000000e+00 1.966061189459206800e-04 8.807030735137255303e-03 0.000000000000000000e+00
1.423735045523831337e-02 9.207911123224991889e-02 0.000000000000000000e+00 0.000000000000000000e+00 0.000000000000000000e+00 2.757715516360279007e-01 8.530308226280297612e-02 8.085873159895871909e-02 0.000000000000000000e+00 0.000000000000000000e+00 0.000000000000000000e+00 1.513354005209665842e-01 1.114056459622167899e-01 5.908262954983292681e-02 3.211349493188055126e-02 3.763465331077392733e-04 0.000000000000000000e+00 0.000000000000000000e+00 0.000000000000000000e+00 9.743665531671752422e-02
4.815192312059916185e-02 1.234647806233612616e-01 0.000000000000000000e+00 0.000000000000000000e+00 1.311052969391798273e-01 1.451759866648512920e-01 8.236362137639270664e-02 6.453765391650221741e-06 5.418038618636160375e-02 3.466828360966247441e-02 1.683454530481431921e-04 1.363416778043508304e-01 1.657022680824662975e-01 0.000000000000000000e+00 1.749061086760382924e-02 2.230890440986211740e-02 0.000000000000000000e+00 3.506831634425825860e-03 2.603085946519899038e-02 9.333769997244095035e-03
0.000000000000000000e+00 1.304260017455570464e-01 2.116893610517846247e-02 1.900524966614037803e-01 0.000000000000000000e+00 8.093398835280839199e-02 0.000000000000000000e+00 2.345116694849172512e-02 0.000000000000000000e+00 0.000000000000000000e+00 0.000000000000000000e+00 1.984347311615753395e-01 8.858070321897408561e-02 9.072037696865292711e-02 1.706945128769979114e-01 0.000000000000000000e+00 5.537085960360298847e-03 0.000000000000000000e+00 0.000000000000000000e+00 0.000000000000000000e+00
8.646251090169521786e-03 9.974158884631625921e-02 0.000000000000000000e+00 0.000000000000000000e+00 3.757569991741020049e-02 1.500204968497433761e-02 0.000000000000000000e+00 0.000000000000000000e+00 7.197195550449629609e-02 2.046818188390021886e-02 0.000000000000000000e+00 0.000000000000000000e+00 1.775804247284306359e-01 2.021150184938116656e-01 1.554008457880189098e-01 0.000000000000000000e+00 0.000000000000000000e+00 2.363797158036006537e-03 4.014328643403504426e-02 1.689909004704007733e-01
0.000000000000000000e+00 0.000000000000000000e+00 5.355676933516752281e-02 1.887704439904350773e-01 2.754167270026631770e-03 2.085030734169060207e-01 0.000000000000000000e+00 1.593637966008821516e-01 2.994302521840571177e-02 0.000000000000000000e+00 0.000000000000000000e+00 2.792894622128162460e-02 2.220539159380561026e-02 0.000000000000000000e+00 1.551100108595900307e-01 0.000000000000000000e+00 1.123575272245235651e-01 2.837246511263821075e-02 1.113438315633788304e-02 0.000000000000000000e+00
1.050867627869349619e-01 1.641517572518594488e-03 3.557403152720864815e-03 1.979660579981192686e-02 9.570988897498350356e-02 1.336179654565530228e-01 0.000000000000000000e+00 1.168469476106025196e-01 4.545535605310252469e-02 4.679231169042031083e-03 0.000000000000000000e+00 1.638421688081738090e-02 1.376889348887624757e-02 8.653512505823378331e-02 1.646156799229811160e-02 4.832213001342352578e-03 2.043901085958219066e-02 0.000000000000000000e+00 4.581227780220052670e-02 2.693750163403794140e-01
8.326022318052107851e-03 7.824364609014183847e-02 0.000000000000000000e+00 0.000000000000000000e+00 5.642800752316098900e-02 7.527616312738115434e-02 1.699050873720966623e-02 1.996040047762600786e-02 3.439481234863290410e-02 0.000000000000000000e+00 0.000000000000000000e+00 2.137864872324924878e-02 1.179814908299819110e-01 0.000000000000000000e+00 4.694451819401205400e-02 1.376305630277474892e-02 8.605700325316843757e-03 2.480970222012817729e-03 1.786002470147384225e-01 3.206258077657092032e-01
0.000000000000000000e+00 1.464299948546388952e-01 0.000000000000000000e+00 1.647476334961213984e-01 2.419077634516773601e-01 0.000000000000000000e+00 0.000000000000000000e+00 0.000000000000000000e+00 0.000000000000000000e+00 0.000000000000000000e+00 0.000000000000000000e+00 1.262283610872852457e-01 1.720072639773095294e-04 3.208128020075585313e-02 1.602812309303652816e-01 0.000000000000000000e+00 0.000000000000000000e+00 5.048183205658889755e-02 0.000000000000000000e+00 7.766989665858962943e-02
3.987664019249106961e-02 6.463639438509962906e-03 1.146232134271301870e-02 0.000000000000000000e+00 1.796647293634624776e-01 5.875589575478245424e-02 2.406506778479901992e-02 5.482737212498865059e-02 5.936433041999629456e-02 0.000000000000000000e+00 0.000000000000000000e+00 3.747736212202979356e-03 0.000000000000000000e+00 1.527761437153486723e-02 0.000000000000000000e+00 0.000000000000000000e+00 5.383440149915823952e-02 1.438172276040326769e-01 1.808568689628946846e-01 1.679861549284337452e-01
6.091489197867177782e-03 7.793239581894527424e-02 0.000000000000000000e+00 2.848440810503819962e-02 9.575402076857411279e-03 1.205890709830391289e-01 0.000000000000000000e+00 1.228349635402604667e-01 3.291798439468421322e-02 1.886087680583113570e-03 0.000000000000000000e+00 1.978102791506296809e-01 2.004738935705190350e-01 3.293622820062766781e-03 3.509449311465678151e-02 1.236267431997074492e-02 0.000000000000000000e+00 0.000000000000000000e+00 0.000000000000000000e+00 1.506532352268860342e-01
0.000000000000000000e+00 0.000000000000000000e+00 6.300290111307934281e-03 9.392807014423280865e-02 0.000000000000000000e+00 6.738512054383903604e-02 0.000000000000000000e+00 1.346458703726516604e-01 2.168201798750485701e-02 0.000000000000000000e+00 0.000000000000000000e+00 1.613868206706123576e-01 1.946702572173053536e-01 4.740519074850461922e-02 0.000000000000000000e+00 1.870289330142781495e-02 0.000000000000000000e+00 1.076501839758300071e-02 1.357511546658035917e-01 1.073772958392267413e-01
3.324546402595239536e-02 0.000000000000000000e+00 3.037318826878384996e-03 1.177383583718124432e-01 0.000000000000000000e+00 1.331062719639032055e-01 0.000000000000000000e+00 1.387752819171936269e-02 6.068743362530305135e-02 0.000000000000000000e+00 0.000000000000000000e+00 6.854569667373161534e-02 1.919865687595412040e-01 5.246643190620933761e-02 0.000000000000000000e+00 3.589239964066345823e-02 0.000000000000000000e+00 0.000000000000000000e+00 1.478106536976730723e-01 1.416058743166123957e-01
3.847133210883392496e-02 1.000503908824451754e-01 1.015861339490492093e-01 0.000000000000000000e+00 4.635180274692600466e-02 1.647679915469889289e-01 2.137561745861599194e-02 3.774195244776312741e-02 3.490294529721953143e-02 0.000000000000000000e+00 0.000000000000000000e+00 5.149895681310020373e-03 0.000000000000000000e+00 1.005433263458661713e-01 2.691515454796685955e-02 8.826300486164159742e-02 1.442599588889578732e-03 4.270595725372610535e-02 1.429739968317996213e-01 4.675789845095804781e-02
3.928128512036400261e-02 9.211491455909361081e-02 3.239854671631600680e-02 1.268731695289891659e-01 0.000000000000000000e+00 0.000000000000000000e+00 1.121181488542599969e-01 1.487015218571674235e-01 0.000000000000000000e+00 0.000000000000000000e+00 9.493558994805907116e-05 0.000000000000000000e+00 5.039068189486665961e-02 0.000000000000000000e+00 5.586263527757158454e-02 2.217597852011328127e-02 0.000000000000000000e+00 1.488931916164198122e-01 1.214315579174691205e-02 1.589518346731435827e-01
3.297390663813739436e-02 1.916525318218451892e-03 6.155675978103027080e-02 1.756583970910374215e-01 1.576998187085281930e-02 0.000000000000000000e+00 0.000000000000000000e+00 1.102162930144551245e-02 1.557122255246533582e-01 4.852234233317483797e-02 2.261982716091890874e-02 1.398662199677552231e-01 0.000000000000000000e+00 0.000000000000000000e+00 8.981045812853758262e-03 0.000000000000000000e+00 2.402148424525738790e-01 2.788774245072200841e-02 5.503810531396280750e-03 5.179474376522996693e-02
0.000000000000000000e+00 4.961526899572767796e-02 1.207894681218715793e-02 2.031311705083325425e-01 4.591756764851902088e-03 2.831550225727144099e-01 0.000000000000000000e+00 0.000000000000000000e+00 0.000000000000000000e+00 0.000000000000000000e+00 0.000000000000000000e+00 4.121952511316447770e-02 1.530800874646742471e-01 0.000000000000000000e+00 1.744705222464121575e-01 0.000000000000000000e+00 5.598232092947278554e-02 1.432229422584674165e-02 8.353084366615831646e-03 0.000000000000000000e+00
0.000000000000000000e+00 1.584791598202895113e-01 0.000000000000000000e+00 3.953895275164424255e-04 0.000000000000000000e+00 1.780491910205410366e-01 0.000000000000000000e+00 1.889972207025296391e-02 0.000000000000000000e+00 8.661205379814001376e-03 0.000000000000000000e+00 1.559667959198700882e-01 1.298627591412493398e-01 0.000000000000000000e+00 3.059530946588254197e-02 0.000000000000000000e+00 3.412998713732949465e-03 6.827072018765735495e-02 1.510770750774471372e-01 9.632967367574657436e-02
0.000000000000000000e+00 1.102456813319829670e-01 1.697119933907365735e-02 5.799355555378976623e-02 1.388723188347737968e-02 1.232195083958810000e-01 0.000000000000000000e+00 1.183363891518978001e-01 0.000000000000000000e+00 0.000000000000000000e+00 0.000000000000000000e+00 1.499316417526559420e-01 1.813727715531895657e-01 0.000000000000000000e+00 1.767236247313046238e-02 6.900108088767046080e-03 0.000000000000000000e+00 2.366671529703116839e-02 2.553543774486026485e-02 1.542673974342628485e-01
4.914780252273395419e-03 8.009723988130658390e-02 0.000000000000000000e+00 9.001964697302294871e-02 4.638077814991679870e-02 1.317675411964118748e-01 2.306433672259344814e-02 0.000000000000000000e+00 2.007099015865654590e-01 0.000000000000000000e+00 0.000000000000000000e+00 4.133020055607317805e-02 1.172153359990828160e-03 0.000000000000000000e+00 1.645022946703326994e-01 5.414392810585934822e-03 1.725290435325843030e-01 0.000000000000000000e+00 1.762809450354420326e-02 2.046959580479835658e-02
0.000000000000000000e+00 2.300327904490765199e-02 0.000000000000000000e+00 8.803825399108828817e-03 7.780294542057721030e-02 8.555981924475745959e-02 1.371727859566408171e-03 1.733273741507533883e-01 4.108772084914604113e-03 0.000000000000000000e+00 0.000000000000000000e+00 3.498355919622248011e-02 9.349284630720668121e-02 9.188317885485131065e-03 2.268002413639982895e-02 0.000000000000000000e+00 8.501651488749738250e-02 1.450875070510282971e-01 5.126799538539723866e-02 1.843054919461772911e-01
0.000000000000000000e+00 0.000000000000000000e+00 0.000000000000000000e+00 3.452077793282365969e-01 0.000000000000000000e+00 0.000000000000000000e+00 6.944322584587017677e-02 1.812258748441292200e-02 0.000000000000000000e+00 0.000000000000000000e+00 9.035560512726660554e-02 1.742651233484324991e-01 4.748015774519247223e-02 0.000000000000000000e+00 1.910659599918150819e-01 0.000000000000000000e+00 0.000000000000000000e+00 0.000000000000000000e+00 0.000000000000000000e+00 6.405956112877363162e-02
2.596854875667735027e-02 1.284421045200514755e-01 0.000000000000000000e+00 5.802249747670468714e-03 6.863157447802810396e-02 8.997629730894842956e-03 0.000000000000000000e+00 8.000672760127182023e-03 6.698040772628849338e-02 0.000000000000000000e+00 1.899583631402942951e-02 1.556203109708593213e-01 1.310764049196658509e-01 8.375805546803204334e-04 6.217687838835117553e-02 1.759162087022507351e-03 0.000000000000000000e+00 1.501356262239483541e-01 1.624006682405831209e-02 1.503349459976469071e-01
0.000000000000000000e+00 1.726143250584155908e-01 1.227871572724896915e-01 1.733348751379866146e-02 1.566965289315608023e-01 2.140435225289690976e-02 0.000000000000000000e+00 1.372469682425221382e-01 7.543323421365680237e-02 1.902585981912168910e-04 4.709232965867264468e-03 1.118370444951176379e-02 1.461380029165114218e-02 1.794384099350056563e-02 0.000000000000000000e+00 0.000000000000000000e+00 1.518330983543960400e-01 0.000000000000000000e+00 9.601001086154146991e-02 0.000000000000000000e+00
0.000000000000000000e+00 1.470457628153550300e-01 0.000000000000000000e+00 2.033326528674916645e-01 1.645038151550585193e-01 3.390936024932870866e-04 0.000000000000000000e+00 1.610892072110862161e-01 2.606976631289367741e-02 0.000000000000000000e+00 0.000000000000000000e+00 0.000000000000000000e+00 4.017683313693541647e-02 0.000000000000000000e+00 1.823522862658061849e-01 0.000000000000000000e+00 0.000000000000000000e+00 0.000000000000000000e+00 2.441562623133726895e-03 7.264902000974608753e-02
