0.000000000000000000e+00 1.296453604502861567e-01 1.773173577346638385e-01 9.236729926986525572e-05 2.685550690414003835e-02 3.549754666150897698e-04 1.339142412558421702e-01 1.070859720953660638e-01 3.794071996024099558e-02 1.225434723710171064e-01 0.000000000000000000e+00 3.596114405740086142e-04 9.017493010109947291e-03 0.000000000000000000e+00 6.703226115119965273e-03 0.000000000000000000e+00 6.133711888581419580e-02 8.936257682605310351e-03 0.000000000000000000e+00 0.000000000000000000e+00 0.000000000000000000e+00 0.000000000000000000e+00 6.587938486002584311e-03 7.896290832081927918e-03 1.634120900102506990e-01
1.142060784261681450e-01 2.886589609349046390e-02 1.619062773331833918e-02 1.668739643466313032e-03 1.596847619148146213e-01 0.000000000000000000e+00 5.118200350581936578e-03 1.172354576217057159e-01 1.227206998894819767e-02 0.000000000000000000e+00 0.000000000000000000e+00 0.000000000000000000e+00 0.000000000000000000e+00 0.000000000000000000e+00 1.591047364433198150e-02 0.000000000000000000e+00 1.359461255032811955e-01 7.667491948262279700e-02 0.000000000000000000e+00 0.000000000000000000e+00 0.000000000000000000e+00 0.000000000000000000e+00 1.454381050589419744e-01 1.637794418174136346e-01 7.009102720914692219e-03
1.389731162487505868e-02 8.952456250952391115e-02 1.677742487861578480e-01 3.003068446259699563e-03 2.086106412923120421e-02 1.556440709087436201e-03 1.684267019388369646e-01 9.027630284987779585e-02 2.022189265602305705e-02 1.985218983950132708e-03 0.000000000000000000e+00 9.820428506901970889e-03 0.000000000000000000e+00 2.721100938636118217e-03 6.510463185107985551e-02 0.000000000000000000e+00 0.000000000000000000e+00 2.499124934074677118e-02 2.451620060762216280e-02 1.077084855203109398e-01 1.092336480669341692e-01 2.932284038106218460e-02 0.000000000000000000e+00 0.000000000000000000e+00 4.905460215288268838e-02
5.537382330390321766e-02 1.074809049522267995e-01 0.000000000000000000e+00 0.000000000000000000e+00 1.205755107378132934e-01 1.319727519040220058e-02 3.461032405688695829e-02 0.000000000000000000e+00 1.335729481093178225e-02 4.220881250922191297e-02 0.000000000000000000e+00 3.003851018905758299e-02 0.000000000000000000e+00 1.441528539115491392e-02 5.728660865753105319e-02 0.000000000000000000e+00 1.628555165115128933e-01 1.248603630790589419e-01 1.610160684862029304e-02 7.261853671478198102e-03 1.064255805002972156e-02 9.585124198118031083e-03 1.038182219316941164e-02 1.647636573107766067e-01 5.003148338106070715e-03
3.847167978721044435e-02 1.045442035784089896e-01 1.998039085161340198e-02 8.982075516021855192e-04 1.648733320190295948e-02 0.000000000000000000e+00 9.505261898271680221e-03 1.469188404835062856e-01 9.970493208676260710e-02 4.448625829226413031e-02 0.000000000000000000e+00 4.939109111338936021e-03 0.000000000000000000e+00 1.662918253040409147e-03 7.369724267953439711e-02 3.164056325999739516e-02 9.818788534013742075e-02 2.922671548792277890e-02 3.606864699402619252e-04 8.163626268672484476e-02 0.000000000000000000e+00 5.307397394546480712e-02 0.000000000000000000e+00 1.433262364439459868e-01 1.251298590409992027e-03
4.038288231263668926e-02 1.258649090533574266e-01 2.899720908906535180e-02 3.732064762731102884e-03 2.495645043725259679e-02 1.207636201024633524e-02 1.523537509056139272e-01 9.862145458472035275e-02 9.202676768525121231e-02 0.000000000000000000e+00 0.000000000000000000e+00 3.735387522497457362e-03 3.135207035607740379e-03 2.940206892425237337e-03 4.925642210732323473e-02 8.882175158662029835e-02 0.000000000000000000e+00 3.554817078903452221e-02 8.048005329904064573e-03 2.797642900404598634e-02 3.400501826956891377e-02 2.653921690097132274e-03 7.360011576492362165e-03 1.444656003885473605e-01 1.304201696696064526e-02
0.000000000000000000e+00 3.141961113342148920e-02 1.123618823695200220e-01 0.000000000000000000e+00 1.605697896474516384e-01 6.600877827289859667e-02 5.693509395950371171e-02 1.432988763144967849e-02 0.000000000000000000e+00 1.421027026494099677e-01 0.000000000000000000e+00 6.250860181753260802e-02 1.296826708943665980e-02 0.000000000000000000e+00 1.855918034131284408e-02 0.000000000000000000e+00 0.000000000000000000e+00 0.000000000000000000e+00 1.903107396568116949e-02 0.000000000000000000e+00 1.150925577902378316e-01 3.365269049202938758e-03 0.000000000000000000e+00 3.815215194243044838e-02 1.465951523405104873e-01
0.000000000000000000e+00 1.510535946358194069e-02 1.449932402324179970e-01 1.557796668572290419e-02 1.374338573491435955e-01 0.000000000000000000e+00 9.912115111803130110e-03 1.569097223187678747e-01 9.532942892590022532e-02 2.996759346005987285e-02 0.000000000000000000e+00 5.586855893502165604e-02 6.863702900767982510e-04 0.000000000000000000e+00 4.585338706732266026e-03 1.322633632308908673e-02 5.759618598124579408e-02 5.050612421823917272e-03 0.000000000000000000e+00 2.450806036383407823e-03 1.857745618638056637e-03 1.305996216159831524e-01 9.334003402882882008e-03 5.580479772499617047e-02 5.771033939572938615e-02
1.595181970539799989e-03 0.000000000000000000e+00 1.525151205272239907e-01 2.285627349522842064e-02 2.274292257031253206e-02 0.000000000000000000e+00 2.113097665189445640e-01 1.346449031271884367e-01 8.560550615949370779e-02 0.000000000000000000e+00 0.000000000000000000e+00 1.464218648170966842e-02 0.000000000000000000e+00 0.000000000000000000e+00 5.580704765254539818e-02 0.000000000000000000e+00 1.322721663605335059e-02 1.325804763851615165e-02 0.000000000000000000e+00 6.847187312884382704e-03 4.091787674724341184e-02 1.175447505984349716e-01 0.000000000000000000e+00 6.169407102259364534e-02 4.479194154108762094e-02
2.395090215057508673e-02 0.000000000000000000e+00 1.206507694988418443e-02 0.000000000000000000e+00 3.804763551624449486e-02 0.000000000000000000e+00 1.627002700818300784e-01 1.044207222157883808e-01 2.052054314356660872e-02 7.204737236798011007e-03 0.000000000000000000e+00 0.000000000000000000e+00 9.455102774760591744e-02 2.098221496436260096e-03 2.079874099739291785e-02 8.317074555612292974e-02 8.668787989174454867e-03 0.000000000000000000e+00 4.370144677880782869e-02 1.506570106419671470e-02 1.018819974329939274e-02 1.140979932843964872e-01 3.795009079059000895e-02 1.302891402618903682e-01 7.051001699540000722e-02
0.000000000000000000e+00 0.000000000000000000e+00 1.403118040348939055e-01 5.131096287739674716e-02 5.201829379600791947e-02 1.063163647135789980e-01 4.955664569169674488e-02 6.517088653655667141e-02 8.833286661258744898e-03 5.052397228797210482e-02 0.000000000000000000e+00 1.193457016378995234e-01 1.193562889444058084e-02 0.000000000000000000e+00 3.004139522865501358e-02 0.000000000000000000e+00 1.340232411173749444e-02 5.402994762988391764e-02 0.000000000000000000e+00 0.000000000000000000e+00 0.000000000000000000e+00 9.971894814610501867e-02 5.653406931677366215e-02 7.284458651793720985e-02 1.810518191720573641e-02
0.000000000000000000e+00 3.743635360356292741e-02 1.596707164033625004e-01 0.000000000000000000e+00 1.455437840180636710e-01 0.000000000000000000e+00 5.089170880723487694e-02 1.355957558470913538e-01 0.000000000000000000e+00 5.314109867100875063e-04 0.000000000000000000e+00 2.983361920847842075e-02 0.000000000000000000e+00 0.000000000000000000e+00 3.565160451658840263e-04 0.000000000000000000e+00 2.268611845700618523e-01 9.957001628036565508e-03 1.241174532439449224e-01 3.413285766281649869e-02 0.000000000000000000e+00 7.310880743662387382e-03 0.000000000000000000e+00 0.000000000000000000e+00 3.776075723180808558e-02
0.000000000000000000e+00 0.000000000000000000e+00 1.556718062206164932e-01 0.000000000000000000e+00 1.248371874765827338e-01 4.950222990578137527e-03 1.416764799202441805e-01 1.393241320690653991e-02 3.206427537709505976e-02 7.838985295738826187e-02 0.000000000000000000e+00 9.536227752798215329e-02 0.000000000000000000e+00 0.000000000000000000e+00 0.000000000000000000e+00 1.489652694442118903e-02 1.421385500791481037e-02 3.398640095769244612e-02 2.212547344238234917e-02 0.000000000000000000e+00 1.099872135370965898e-01 3.600430844651035262e-04 2.065889521789555146e-03 1.627345693632320858e-02 1.392066248905212689e-01
4.586904958793478621e-02 4.766594566607285088e-02 0.000000000000000000e+00 0.000000000000000000e+00 1.441729299518892671e-01 5.384849765526576303e-04 1.385864605471283928e-01 1.477621643212472247e-01 0.000000000000000000e+00 1.154526808226723072e-01 3.069712427351391302e-04 3.148681108513708138e-02 0.000000000000000000e+00 6.781454665975178778e-03 2.019843275038979077e-02 0.000000000000000000e+00 4.970223864469982406e-02 5.352526566670184199e-02 1.790047998533201082e-02 3.917027173596207730e-03 0.000000000000000000e+00 0.000000000000000000e+00 1.804209068550434187e-03 0.000000000000000000e+00 1.743293938433850832e-01
5.534332414066824544e-03 0.000000000000000000e+00 1.246760531883090994e-01 0.000000000000000000e+00 4.040379292917811727e-02 0.000000000000000000e+00 1.550359339746127108e-01 1.919624796476834122e-02 1.210384619296447223e-01 0.000000000000000000e+00 0.000000000000000000e+00 1.111331378384666918e-01 6.058543566405441561e-02 2.423420509002305670e-02 2.598974664289933900e-02 6.661937286010081657e-03 0.000000000000000000e+00 0.000000000000000000e+00 0.000000000000000000e+00 5.413612098520175463e-03 0.000000000000000000e+00 1.420124734020222247e-02 0.000000000000000000e+00 1.497962785014942955e-01 1.360995771377498387e-01
0.000000000000000000e+00 1.917803131957654394e-02 1.398892329201680551e-01 0.000000000000000000e+00 2.499676071723395607e-03 6.938755992197696626e-04 1.557455618558463151e-01 7.487670041386287716e-03 2.245455123366315447e-02 2.294188278063102535e-02 0.000000000000000000e+00 2.538630187576486688e-02 0.000000000000000000e+00 0.000000000000000000e+00 1.416224538507223629e-01 0.000000000000000000e+00 1.185206331049304396e-02 3.658648035142837013e-03 0.000000000000000000e+00 3.751711487471309000e-03 0.000000000000000000e+00 0.000000000000000000e+00 1.486275986391744908e-01 1.448392676439552162e-01 1.493714733350613166e-01
1.036003698053060557e-01 8.630346375658940264e-03 1.943264056683269639e-02 0.000000000000000000e+00 1.856713412368066196e-01 1.009108543162246380e-01 0.000000000000000000e+00 0.000000000000000000e+00 1.740011977471836099e-02 1.310654839487616630e-01 0.000000000000000000e+00 4.724615702195270744e-02 0.000000000000000000e+00 0.000000000000000000e+00 0.000000000000000000e+00 0.000000000000000000e+00 1.430256294281176954e-01 2.265228667073590149e-03 1.327515588985118677e-01 1.219538054121103998e-02 7.457542936867776447e-04 3.557436556759013824e-02 5.321075954974440608e-02 6.274010007802747167e-03 0.000000000000000000e+00
0.000000000000000000e+00 0.000000000000000000e+00 1.046766642620202692e-01 0.000000000000000000e+00 1.114304452969424181e-01 0.000000000000000000e+00 1.139950788042239788e-01 1.409338068611449835e-01 0.000000000000000000e+00 2.304811020631422971e-02 0.000000000000000000e+00 1.917892176575938454e-02 0.000000000000000000e+00 0.000000000000000000e+00 9.346959803432533520e-02 0.000000000000000000e+00 1.598331449361525824e-01 9.839526172810043533e-03 1.195632098983098607e-01 1.983206161880530019e-02 2.657054110884122730e-02 5.461398836886584285e-02 1.947039823890682475e-03 0.000000000000000000e+00 1.067862841593857906e-03
6.359901043017986144e-02 5.206782430987237642e-02 0.000000000000000000e+00 7.736573763286938923e-03 6.985511705159201234e-04 1.234526836647341710e-02 1.334133143968291302e-01 1.629573630785404736e-01 2.068812843324611961e-02 3.644847401291695377e-02 0.000000000000000000e+00 6.391360917255493358e-03 2.770663809369685888e-03 5.563609707749131396e-04 1.076313125890909356e-01 0.000000000000000000e+00 0.000000000000000000e+00 1.051759657020331570e-02 2.241091553772120784e-03 0.000000000000000000e+00 8.207448967528821818e-03 1.005182191254069130e-01 6.494893055123367176e-02 2.555805067861480900e-02 1.807044563048881003e-01
4.223557704534919299e-03 4.331843999575155438e-03 1.237359579837635504e-01 0.000000000000000000e+00 1.214809664110125947e-01 0.000000000000000000e+00 9.829471698299017957e-02 1.319485569843300010e-01 3.059854362046818960e-02 3.769057947826315313e-02 0.000000000000000000e+00 6.945536271457751661e-03 2.743786084411206118e-03 0.000000000000000000e+00 5.000713756153036399e-02 3.386611489026277789e-04 1.538361371635324215e-01 1.184258943565028033e-02 0.000000000000000000e+00 7.243820513098010033e-03 7.569118104555579152e-03 0.000000000000000000e+00 2.145218560060839236e-03 6.639476224837731824e-03 1.983837957670254726e-01
1.022216268297766878e-01 1.017605063164489163e-02 0.000000000000000000e+00 5.812043159456545434e-03 7.429890382313206199e-02 3.259949265002525659e-02 0.000000000000000000e+00 1.405874115717515305e-01 2.081237531675383598e-02 1.829641210364118808e-01 0.000000000000000000e+00 2.412954614725389829e-02 0.000000000000000000e+00 0.000000000000000000e+00 1.574826571848909201e-02 5.704655753274284410e-03 0.000000000000000000e+00 3.001842987843182913e-03 1.072493752000430178e-01 1.077563649355835207e-02 1.277197690644627133e-02 1.359886454279206069e-01 9.641167816890510930e-03 2.047146116667701229e-02 8.504540136265112404e-02
0.000000000000000000e+00 1.321238343625521366e-02 1.734256337996298025e-01 1.634812259164050013e-02 5.378277365246301317e-02 0.000000000000000000e+00 0.000000000000000000e+00 1.509355787374474511e-01 1.682584971015324126e-03 1.188195201871049961e-01 0.000000000000000000e+00 0.000000000000000000e+00 0.000000000000000000e+00 1.507344522085640650e-03 8.442675589799397001e-03 4.512289172062888126e-02 1.220205996629725592e-01 3.735530094044197703e-03 0.000000000000000000e+00 9.658651134103269156e-03 4.451137430026545772e-02 0.000000000000000000e+00 0.000000000000000000e+00 7.962161309479388882e-02 1.571727225057504007e-01
1.293061893627303893e-01 1.833110896814085008e-03 9.522159470842051637e-03 8.089170051735521810e-03 1.469808278882879793e-01 3.019146553656174362e-02 1.490500319943128815e-01 5.326646225148094597e-03 2.016455982404013504e-03 1.020388249681882312e-02 0.000000000000000000e+00 2.301845614827063152e-02 1.200071896699845680e-01 8.017750993202912846e-03 1.212718638475468319e-01 3.343858354998970744e-02 0.000000000000000000e+00 6.629847235823965734e-02 8.928455114670839909e-02 0.000000000000000000e+00 0.000000000000000000e+00 2.362031439908136854e-02 0.000000000000000000e+00 2.252287798132033073e-02 0.000000000000000000e+00
0.000000000000000000e+00 0.000000000000000000e+00 2.090290003555921317e-01 1.220722967052347875e-02 3.032296491192104648e-02 0.000000000000000000e+00 0.000000000000000000e+00 0.000000000000000000e+00 0.000000000000000000e+00 3.299049588301917330e-02 0.000000000000000000e+00 1.393346128795966421e-01 4.260435010186624377e-02 1.216263498747876572e-02 9.464852570915772978e-02 0.000000000000000000e+00 4.702817217513118736e-02 0.000000000000000000e+00 1.296377042119759293e-01 4.635400684621860529e-03 7.388796894656106569e-03 7.881001539699582226e-03 0.000000000000000000e+00 5.770618711099853582e-02 1.724229228837615702e-01
2.026332383675733678e-02 2.043587442632719461e-03 9.956735939005952052e-02 6.756527935414916551e-03 4.152958789815978241e-02 0.000000000000000000e+00 1.264228403425097791e-01 1.598889649159401516e-01 2.818533463245209356e-02 1.005195226536690668e-02 0.000000000000000000e+00 3.619381610508048963e-02 0.000000000000000000e+00 0.000000000000000000e+00 1.052939766692972956e-01 7.150573289549710942e-02 5.189300870656152892e-02 1.063143233793300245e-02 3.052672034289892478e-02 0.000000000000000000e+00 0.000000000000000000e+00 0.000000000000000000e+00 4.178732351282243851e-02 0.000000000000000000e+00 1.574585107706160114e-01
1.238239786047609300e-02 0.000000000000000000e+00 5.224013024122483966e-03 0.000000000000000000e+00 5.936651620137316926e-02 0.000000000000000000e+00 1.395016722596344738e-01 1.345462605849961912e-01 3.169170263523962000e-02 0.000000000000000000e+00 1.154790274698602346e-03 8.415045235530338452e-02 0.000000000000000000e+00 1.047484051560656181e-02 2.323784871798503446e-02 9.751607122096885016e-02 2.504481109712963349e-03 2.194257311754498757e-02 2.903645240707609584e-02 5.102786874864064653e-03 0.000000000000000000e+00 0.000000000000000000e+00 1.887504819436960912e-02 1.982176835744868804e-01 1.250744090715408818e-01
0.000000000000000000e+00 1.635707285350308793e-02 9.882417744239864466e-02 4.539296699726043556e-03 9.435310785647856024e-02 0.000000000000000000e+00 2.430460877962761085e-02 1.383221466419527201e-01 6.858050245785732302e-02 2.762460823875077538e-03 1.987625250330262404e-03 9.941837085100095617e-02 0.000000000000000000e+00 1.629110318932435950e-02 7.660145897923030522e-02 0.000000000000000000e+00 3.533436578625313721e-04 0.000000000000000000e+00 0.000000000000000000e+00 1.573194472241318601e-02 0.000000000000000000e+00 1.555529712339756565e-01 0.000000000000000000e+00 1.805140206823331039e-01 5.505787878110604897e-03
0.000000000000000000e+00 1.017963529170489989e-01 1.961349508164668964e-01 2.484447730114816913e-02 3.560405114541649596e-02 0.000000000000000000e+00 1.466754632855186979e-01 7.088345850397527459e-02 2.469616390977866401e-03 9.239208768511029957e-02 0.000000000000000000e+00 1.840345861171312214e-02 0.000000000000000000e+00 8.380603453270183897e-03 0.000000000000000000e+00 0.000000000000000000e+00 0.000000000000000000e+00 2.323468633327378102e-02 1.191758655370552117e-01 0.000000000000000000e+00 4.080921636623597443e-02 1.554467756697355645e-02 1.565621451888746241e-02 1.791898750737653395e-02 7.007583205955159045e-02
0.000000000000000000e+00 0.000000000000000000e+00 1.503507019196557437e-01 1.715659912468542672e-02 1.273794625834687999e-01 0.000000000000000000e+00 0.000000000000000000e+00 1.251025928159829048e-01 1.137444260524277974e-02 0.000000000000000000e+00 0.000000000000000000e+00 2.770404146397208445e-01 0.000000000000000000e+00 0.000000000000000000e+00 5.273797706788900183e-03 1.058559888674042750e-02 0.000000000000000000e+00 3.691546250786532923e-02 4.992542675494530957e-03 2.013089593485602180e-02 4.872220660955915716e-02 0.000000000000000000e+00 0.000000000000000000e+00 1.507627771775423287e-01 1.421250481239676872e-02
1.693988289684935158e-02 0.000000000000000000e+00 0.000000000000000000e+00 0.000000000000000000e+00 3.511562269084544247e-02 0.000000000000000000e+00 1.817467497833698820e-01 0.000000000000000000e+00 1.672198029615333537e-02 1.376329834040675203e-03 0.000000000000000000e+00 1.018899355876641821e-01 0.000000000000000000e+00 0.000000000000000000e+00 4.275315824888857585e-02 7.993218216244241114e-02 6.594819454797314073e-02 5.608074443126531694e-02 1.675254296078933572e-02 0.000000000000000000e+00 0.000000000000000000e+00 1.054647473632745573e-02 3.554577086708084893e-02 1.691633321754946184e-01 1.694870987808153040e-01
0.000000000000000000e+00 5.877947591243564210e-03 2.033914973288097200e-02 7.295018060999078346e-02 3.129733363115214800e-02 0.000000000000000000e+00 5.427947512415957215e-02 8.019509251468866229e-02 6.010844381100895889e-02 2.702701455509588443e-02 0.000000000000000000e+00 1.720992587064180124e-01 3.232269106543029895e-03 0.000000000000000000e+00 1.049283871755261888e-01 2.252501060296054416e-02 1.273166395737114140e-03 5.450278266015856632e-02 0.000000000000000000e+00 8.176592104583700962e-03 3.088379412642846752e-02 1.322823661072855261e-01 4.150989780529855400e-02 6.776939873470178011e-02 8.742438904138154915e-03
0.000000000000000000e+00 0.000000000000000000e+00 1.184516880378928827e-01 1.211956015066506694e-02 1.471431694795984901e-01 9.589283244222381042e-02 1.374546351924630372e-01 1.528053696786826898e-01 3.069425482601952082e-02 2.496267588929560258e-02 5.621838286566881865e-03 1.921701581535159228e-02 0.000000000000000000e+00 8.509327163983883020e-04 4.111994528434981949e-02 2.228097221931303260e-03 0.000000000000000000e+00 4.058333199040383907e-03 0.000000000000000000e+00 0.000000000000000000e+00 0.000000000000000000e+00 1.149085134126039132e-02 1.086611383766076383e-02 1.463486008707980401e-01 3.867408572980131354e-02
8.428288059132819227e-03 0.000000000000000000e+00 1.103438376867012585e-02 0.000000000000000000e+00 4.369917145276807496e-02 1.111479175975944450e-01 3.748646159405227829e-02 1.477217541622522987e-02 4.035969986816365790e-02 0.000000000000000000e+00 0.000000000000000000e+00 1.221151105028576572e-01 0.000000000000000000e+00 1.475427091770549481e-02 7.926023568774458183e-02 3.246819068602973743e-03 1.903232729879132321e-02 2.728283822913085688e-02 2.567206323063121395e-02 4.236334846979154800e-02 0.000000000000000000e+00 1.122399572106729145e-02 1.227433644667141064e-03 2.166261812291888356e-01 1.702672782432144705e-01
0.000000000000000000e+00 0.000000000000000000e+00 4.209897576226646204e-02 0.000000000000000000e+00 1.770849593160485069e-01 9.751472160263051359e-02 7.775274960739184116e-02 1.491565030925994240e-01 3.790901779617225111e-03 3.987711041158723685e-03 0.000000000000000000e+00 4.261791838870761934e-03 0.000000000000000000e+00 0.000000000000000000e+00 3.226407235605157492e-02 0.000000000000000000e+00 1.641864537524388157e-01 0.000000000000000000e+00 0.000000000000000000e+00 7.596523128514840253e-03 0.000000000000000000e+00 4.856788728977699809e-02 1.384248454478482528e-02 1.778942648878495958e-01 0.000000000000000000e+00
9.120381086069792587e-02 1.697744475160379088e-02 2.073607186097541077e-02 0.000000000000000000e+00 6.981670650333499442e-03 0.000000000000000000e+00 5.034517509094251636e-02 1.573915598416827100e-01 7.262674620413525628e-02 1.826944288884111128e-03 0.000000000000000000e+00 1.261404854774784284e-02 1.731637269981404755e-04 0.000000000000000000e+00 3.459650958877431154e-02 3.416988675047013396e-02 8.936702459102266460e-02 0.000000000000000000e+00 1.191971744367145833e-03 9.085189423435814648e-02 0.000000000000000000e+00 4.452982807044075092e-03 1.723292030126067622e-04 1.563269946637324270e-01 1.579937705932172587e-01
9.382614533157139156e-03 0.000000000000000000e+00 2.516923264771029137e-02 0.000000000000000000e+00 1.239818781988622498e-01 1.084270208205993444e-02 1.357086035878748726e-03 2.005626612212831061e-02 0.000000000000000000e+00 1.742019615294214674e-01 2.875067871422705944e-03 5.114973542347666519e-02 4.768734191274239670e-02 0.000000000000000000e+00 1.125808335376725228e-01 4.098932944223533659e-02 1.737903099068477874e-03 0.000000000000000000e+00 8.569575165785946885e-03 7.820733112884337146e-03 0.000000000000000000e+00 2.724983492143023475e-02 0.000000000000000000e+00 9.854621955998747740e-02 2.358016848040757341e-01
9.402012202381588657e-04 3.661022532522575923e-02 1.366072715551656380e-01 1.807376368158829585e-02 0.000000000000000000e+00 0.000000000000000000e+00 0.000000000000000000e+00 1.005529889417514228e-01 2.811607351773120003e-03 0.000000000000000000e+00 0.000000000000000000e+00 1.279520414606115375e-01 8.889524402054718721e-02 6.374468309154804509e-03 6.007835453459738073e-02 0.000000000000000000e+00 1.942580899136354738e-03 5.790795272856738563e-02 0.000000000000000000e+00 0.000000000000000000e+00 0.000000000000000000e+00 0.000000000000000000e+00 1.106574887222676155e-02 1.933855025672933381e-01 1.568020485321229562e-01
1.327471601766207210e-01 1.196204433412878694e-02 6.170613104997398936e-03 0.000000000000000000e+00 3.911861489906009320e-02 5.310815672661881905e-03 1.317786782927684863e-01 8.855050279261342250e-02 2.191022617940970030e-02 3.341598176838741878e-03 0.000000000000000000e+00 9.536904169294360689e-02 0.000000000000000000e+00 0.000000000000000000e+00 8.089466707335946777e-03 0.000000000000000000e+00 9.930488541172940997e-04 0.000000000000000000e+00 1.391744144792090021e-01 0.000000000000000000e+00 1.104037446655110749e-01 0.000000000000000000e+00 0.000000000000000000e+00 7.813924377042735445e-03 1.972661055947411146e-01
6.657397727757451318e-03 5.326656262722022665e-04 1.304667563347171877e-01 1.003434573794766416e-01 2.673304660049840090e-02 0.000000000000000000e+00 1.300699979469666394e-03 1.399679378208445275e-03 5.914403659157223964e-03 1.054095397160086517e-01 7.760962393049501522e-03 9.668822213130322252e-02 8.799309271110638229e-04 0.000000000000000000e+00 2.796344819932080217e-03 0.000000000000000000e+00 7.559675864945938906e-02 9.119346784772203174e-02 8.839759186778421924e-04 2.004143493855993496e-02 0.000000000000000000e+00 7.647139424885435709e-03 4.267817633352149077e-04 1.560221685001657310e-01 1.613051662842325817e-01
2.263639434281748686e-02 1.770894660064674039e-02 2.855657193388950327e-02 0.000000000000000000e+00 5.817384296091326207e-02 1.140795670771966447e-02 8.861645332876552953e-04 4.035950742125186258e-02 1.961546448222896422e-02 1.245743324194193841e-01 0.000000000000000000e+00 3.095541193790489563e-03 5.212856821348687414e-02 0.000000000000000000e+00 1.459255415414015544e-01 7.816818826391295355e-03 4.731376901117938238e-02 9.962479646742367773e-03 1.160004832445193090e-01 8.511787298472768895e-03 3.965890973886849330e-03 1.399212097485527106e-01 1.175643848227923977e-01 6.834182023512136092e-03 1.704016205309750662e-02
6.290156564722895922e-03 5.607606830739161885e-02 1.183328178998785812e-01 0.000000000000000000e+00 1.327914392904101792e-01 0.000000000000000000e+00 2.677628218194419603e-03 4.326045299841795207e-03 5.052407986829918207e-03 1.072837749888151809e-01 0.000000000000000000e+00 2.750099957797282058e-02 3.151651577697901774e-02 5.428943039360787075e-04 1.548611938672832776e-02 0.000000000000000000e+00 5.965569701919041373e-02 1.246846202967559075e-01 3.236059524517506669e-02 3.500843803040106319e-04 0.000000000000000000e+00 9.519005192094924517e-02 1.176623479740155492e-02 0.000000000000000000e+00 1.681158487385229217e-01
1.038432069831918408e-01 0.000000000000000000e+00 6.577900304666468509e-03 4.502445596023530762e-03 1.989804181297711583e-01 9.346503827730615055e-02 1.316979691178089829e-01 0.000000000000000000e+00 0.000000000000000000e+00 1.566229947337501776e-03 0.000000000000000000e+00 5.701787505891942054e-02 5.265664939241295611e-02 0.000000000000000000e+00 1.204539729047945651e-01 0.000000000000000000e+00 3.295209985269445530e-02 1.115939643221922489e-01 0.000000000000000000e+00 4.518484567116445513e-03 0.000000000000000000e+00 1.323849891522079891e-03 2.371954468635139798e-02 7.575732054419891288e-03 4.755461891347084052e-02
3.782884391069446062e-04 0.000000000000000000e+00 1.118383856201409093e-01 1.496379828350078052e-02 1.430577580117227687e-01 5.022451672422067331e-02 5.046829327033602181e-02 1.916304324303954101e-02 0.000000000000000000e+00 1.427888893100288659e-01 0.000000000000000000e+00 2.637214245790009057e-02 0.000000000000000000e+00 0.000000000000000000e+00 4.088613567161474699e-02 0.000000000000000000e+00 1.664075622903265746e-03 5.950537046007076114e-02 0.000000000000000000e+00 0.000000000000000000e+00 0.000000000000000000e+00 0.000000000000000000e+00 1.568881364791029631e-01 1.613259628526961253e-01 2.047520355361548763e-02
0.000000000000000000e+00 4.928942853267284652e-02 3.716646342734483688e-02 8.680311361201609437e-04 0.000000000000000000e+00 2.123139860347237912e-03 1.023588101144500828e-01 2.575553040282849149e-02 9.853617565034309550e-03 9.792417109602748193e-03 0.000000000000000000e+00 1.856807995359765762e-01 1.718526289692440723e-04 3.049851902430347761e-02 1.186594092599417838e-01 1.529152666194585897e-02 0.000000000000000000e+00 1.421307619494350805e-01 8.299616753267265168e-02 0.000000000000000000e+00 1.969444540795361499e-03 1.841256573077249686e-02 0.000000000000000000e+00 3.369546698874481463e-03 1.636119682879122739e-01
0.000000000000000000e+00 0.000000000000000000e+00 0.000000000000000000e+00 0.000000000000000000e+00 1.681969351712654936e-01 0.000000000000000000e+00 9.531071761948849141e-02 1.439681578046974608e-01 8.519927888682381212e-03 1.127572536115516687e-02 0.000000000000000000e+00 0.000000000000000000e+00 9.315931955572748224e-02 0.000000000000000000e+00 4.428935927247988624e-02 0.000000000000000000e+00 1.367355110434986254e-01 0.000000000000000000e+00 1.447407873684803670e-01 1.249917328111499124e-02 2.568198137209632900e-02 0.000000000000000000e+00 1.074207118666394532e-02 8.532114924874857620e-02 1.955918382590087282e-02
