1.197681669620807854e-02 1.533413142598118728e-01 0.000000000000000000e+00 1.327930053319866244e-01 1.042674025518565721e-03 1.550875446490747045e-01 3.599831451617863803e-02 2.222348628468533149e-03 3.676657383380726313e-02 0.000000000000000000e+00 5.330059059649435403e-03 9.249225243792977280e-02 4.540021595662049186e-02 7.846960109214829934e-03 7.129600451268370588e-04 0.000000000000000000e+00 1.290319457325634078e-01 0.000000000000000000e+00 9.626319030601442062e-02 9.369382441182659560e-02
1.003153680248877917e-02 0.000000000000000000e+00 3.017970898485305281e-02 2.584204456480867496e-01 0.000000000000000000e+00 5.385114765942588307e-04 0.000000000000000000e+00 5.221334131340437529e-02 1.955018908523430410e-01 0.000000000000000000e+00 3.579410805011487367e-04 1.504149280807406397e-01 0.000000000000000000e+00 5.206485711132910650e-03 1.498666705952109851e-02 0.000000000000000000e+00 1.485624024942140513e-02 1.569030712014223006e-01 0.000000000000000000e+00 1.103892315394901097e-01
4.108512043687719689e-02 6.658720998738999752e-02 0.000000000000000000e+00 1.703082300908196622e-01 1.290312316270215698e-01 1.316288376447801167e-01 0.000000000000000000e+00 0.000000000000000000e+00 2.585378247279466191e-01 0.000000000000000000e+00 0.000000000000000000e+00 0.000000000000000000e+00 4.113522550581331233e-02 0.000000000000000000e+00 0.000000000000000000e+00 0.000000000000000000e+00 0.000000000000000000e+00 1.434571078847170222e-01 0.000000000000000000e+00 1.822921209463440259e-02
0.000000000000000000e+00 4.363356344253947749e-02 8.145503515951904583e-02 1.469340613549301733e-01 0.000000000000000000e+00 6.576193362087601191e-02 0.000000000000000000e+00 0.000000000000000000e+00 1.751030271444430630e-01 0.000000000000000000e+00 0.000000000000000000e+00 1.513716401706458395e-02 1.349842307152424870e-01 1.070471975777915058e-01 0.000000000000000000e+00 0.000000000000000000e+00 0.000000000000000000e+00 1.539726595245605699e-02 7.308880374988127593e-02 1.414577172652564108e-01
2.295631122189220608e-02 1.664349224618247303e-01 0.000000000000000000e+00 2.944677460878366015e-01 0.000000000000000000e+00 6.526468822326341249e-03 0.000000000000000000e+00 1.310672386521615634e-02 3.910626133981063603e-03 0.000000000000000000e+00 0.000000000000000000e+00 1.612863453375638079e-01 0.000000000000000000e+00 1.602481562653651492e-01 0.000000000000000000e+00 0.000000000000000000e+00 8.504977953264891005e-03 3.850497244133057554e-03 1.587072246065961145e-01 0.000000000000000000e+00
1.189613859493783565e-01 1.463617930861169925e-01 4.244812318050138894e-02 8.876504670714413167e-03 1.105555909235485940e-01 1.756760818791354706e-01 0.000000000000000000e+00 4.173545123967562637e-02 2.084177897414511704e-01 0.000000000000000000e+00 0.000000000000000000e+00 1.096257525710691259e-02 0.000000000000000000e+00 0.000000000000000000e+00 0.000000000000000000e+00 0.000000000000000000e+00 0.000000000000000000e+00 0.000000000000000000e+00 1.326078391629667841e-01 3.396864909404300435e-03
1.490353852655597611e-01 0.000000000000000000e+00 1.803704235230231935e-04 1.564557538637195711e-01 1.664648610517218286e-03 1.619158929440583927e-01 2.298171810617230786e-03 4.054569247756174832e-02 2.859999884060132058e-01 0.000000000000000000e+00 0.000000000000000000e+00 1.419665209121178384e-01 1.776671550761610430e-02 0.000000000000000000e+00 0.000000000000000000e+00 0.000000000000000000e+00 0.000000000000000000e+00 6.021897749966889819e-03 3.614896202872909525e-02 0.000000000000000000e+00
2.815617601542324405e-02 2.311790977999433547e-02 7.748141509180558016e-03 1.590516806923818749e-01 1.166576814026588776e-01 8.450226789650878978e-02 1.013899339582168546e-01 1.327970792108482123e-01 1.338853571341636350e-01 0.000000000000000000e+00 0.000000000000000000e+00 2.492531542495915464e-02 0.000000000000000000e+00 0.000000000000000000e+00 1.072142552512531447e-02 0.000000000000000000e+00 1.434473535372297708e-02 4.513485509372109836e-03 9.873030049585183876e-02 5.945851009159223988e-02
1.107347793438134831e-02 0.000000000000000000e+00 0.000000000000000000e+00 1.599308534258549741e-01 1.584967532263061307e-01 1.765459390467270240e-01 0.000000000000000000e+00 0.000000000000000000e+00 1.638329185723138015e-01 5.332360794559881656e-02 0.000000000000000000e+00 0.000000000000000000e+00 0.000000000000000000e+00 2.002435950848636265e-03 1.306361239675964958e-01 0.000000000000000000e+00 0.000000000000000000e+00 1.441578899303729289e-01 0.000000000000000000e+00 0.000000000000000000e+00
4.451780875831699499e-04 1.556702525765435718e-01 0.000000000000000000e+00 0.000000000000000000e+00 3.033887326345794944e-01 0.000000000000000000e+00 1.161700669170499453e-02 2.601728647072326650e-02 1.911329508868492982e-02 0.000000000000000000e+00 0.000000000000000000e+00 8.504471236103730569e-02 9.242172133368242726e-02 7.686242317190122852e-02 0.000000000000000000e+00 0.000000000000000000e+00 0.000000000000000000e+00 0.000000000000000000e+00 1.822325709461355137e-01 4.718682063742415944e-02
1.702189024021190378e-01 2.384710594343339429e-02 2.197516764287565233e-02 1.127185865172852658e-01 0.000000000000000000e+00 1.352101938134988302e-01 0.000000000000000000e+00 0.000000000000000000e+00 1.607391499802162116e-01 2.362004482342891162e-02 0.000000000000000000e+00 1.296358204838102823e-01 8.223996112909591483e-02 0.000000000000000000e+00 0.000000000000000000e+00 0.000000000000000000e+00 4.562614831343532636e-03 1.292489278479669323e-01 5.983524584925953640e-03 0.000000000000000000e+00
3.248504063737900349e-02 1.201505747586020661e-01 1.166377861092553897e-02 1.699127253955105832e-02 0.000000000000000000e+00 1.506142971779204087e-01 0.000000000000000000e+00 8.181201139064633865e-02 2.755445758982447146e-02 0.000000000000000000e+00 0.000000000000000000e+00 2.270880800545825307e-01 5.760205504107792848e-03 0.000000000000000000e+00 1.410414843454805764e-02 0.000000000000000000e+00 0.000000000000000000e+00 1.295313938783203278e-01 1.753531947679072382e-03 1.804912074759133789e-01
5.183882023922743720e-02 3.516330812130976508e-02 5.169457730638271804e-03 0.000000000000000000e+00 1.039164411912346375e-01 1.591281028722450197e-01 0.000000000000000000e+00 8.618307824337631540e-03 2.796728719052886669e-01 0.000000000000000000e+00 0.000000000000000000e+00 1.451512994983648330e-01 1.109924689788916504e-03 0.000000000000000000e+00 1.166559669138778482e-01 0.000000000000000000e+00 0.000000000000000000e+00 9.357549901368691914e-02 0.000000000000000000e+00 0.000000000000000000e+00
1.274427361038705797e-01 4.726270744505672861e-02 6.304125274139815716e-02 1.590408991205538580e-01 0.000000000000000000e+00 1.730879212980546422e-01 0.000000000000000000e+00 1.865410750756752584e-02 1.621269650165921977e-02 0.000000000000000000e+00 0.000000000000000000e+00 1.563584246414391754e-01 1.249917890980586921e-01 0.000000000000000000e+00 0.000000000000000000e+00 2.535777073746111124e-02 8.854969480488024403e-02 0.000000000000000000e+00 0.000000000000000000e+00 0.000000000000000000e+00
2.183062172449967350e-02 2.428646570945005786e-02 7.387749662432596676e-02 1.579305612974008788e-01 0.000000000000000000e+00 1.239396832299846374e-01 0.000000000000000000e+00 0.000000000000000000e+00 1.777433425937383904e-01 0.000000000000000000e+00 0.000000000000000000e+00 0.000000000000000000e+00 0.000000000000000000e+00 1.219150500299525375e-01 0.000000000000000000e+00 2.388475052651522698e-02 0.000000000000000000e+00 1.304222602141257015e-01 1.441697680500068079e-01 0.000000000000000000e+00
3.756381671679202144e-02 0.000000000000000000e+00 0.000000000000000000e+00 1.670815973143245370e-01 1.248887883865797965e-01 1.879927094577683866e-01 0.000000000000000000e+00 1.894837565746858299e-01 0.000000000000000000e+00 0.000000000000000000e+00 0.000000000000000000e+00 0.000000000000000000e+00 1.088964168833910923e-01 0.000000000000000000e+00 3.403396336704347935e-02 0.000000000000000000e+00 0.000000000000000000e+00 0.000000000000000000e+00 2.140213522724371265e-02 1.286568160721712206e-01
1.042093342201455414e-01 0.000000000000000000e+00 0.000000000000000000e+00 3.762003249908631858e-02 1.440519678458643815e-01 1.400010066294614941e-01 1.162287419765448485e-02 1.257252707559426141e-01 1.581728224975493535e-01 0.000000000000000000e+00 0.000000000000000000e+00 1.334998721945093170e-01 0.000000000000000000e+00 0.000000000000000000e+00 3.943641775913891631e-03 8.736090271579524669e-03 0.000000000000000000e+00 0.000000000000000000e+00 3.039092350704915985e-02 1.020261636052439830e-01
8.406585320025893038e-02 3.238771985848502150e-02 1.022087241131149904e-01 0.000000000000000000e+00 0.000000000000000000e+00 2.112809574570149486e-03 7.731138742054886881e-02 1.638721272924145989e-01 6.026947587502404224e-02 0.000000000000000000e+00 1.972346294873772356e-03 1.514874993470516351e-01 0.000000000000000000e+00 0.000000000000000000e+00 0.000000000000000000e+00 1.625111171422541356e-02 2.350379224233027295e-02 2.077066097730846661e-03 1.437171833709067481e-01 1.387629035984646597e-01
0.000000000000000000e+00 7.705661839665153834e-02 0.000000000000000000e+00 3.658750327387504386e-01 0.000000000000000000e+00 0.000000000000000000e+00 0.000000000000000000e+00 1.127992577836475357e-01 1.857219489718991146e-01 0.000000000000000000e+00 0.000000000000000000e+00 0.000000000000000000e+00 0.000000000000000000e+00 0.000000000000000000e+00 0.000000000000000000e+00 2.524749559863743650e-02 1.626113489733286427e-02 0.000000000000000000e+00 4.887489692456491175e-02 1.681636146885161498e-01
0.000000000000000000e+00 0.000000000000000000e+00 1.148930922694581108e-01 1.337676495693058444e-02 2.710034927013839079e-01 0.000000000000000000e+00 0.000000000000000000e+00 1.037289551795672060e-01 0.000000000000000000e+00 0.000000000000000000e+00 0.000000000000000000e+00 7.322384776647877791e-02 0.000000000000000000e+00 1.740662732422156023e-01 2.310584749844843031e-04 4.141025949953446722e-02 0.000000000000000000e+00 0.000000000000000000e+00 2.080662559094467456e-01 0.000000000000000000e+00
0.000000000000000000e+00 0.000000000000000000e+00 1.476406181731051981e-01 4.098255724741177719e-01 0.000000000000000000e+00 2.185268612033166094e-02 0.000000000000000000e+00 6.956824554351996592e-02 1.722643328808829699e-01 0.000000000000000000e+00 9.229137009738489850e-04 0.000000000000000000e+00 1.925082893132605208e-02 1.507073872380218782e-01 2.551527563045441482e-03 4.132760243067259975e-03 0.000000000000000000e+00 0.000000000000000000e+00 0.000000000000000000e+00 1.283127131607961083e-03
0.000000000000000000e+00 5.139040603051082262e-03 3.634151006486706532e-03 1.467388167033737423e-01 7.611988004654792264e-03 1.201342006746762385e-02 2.791384676396909195e-02 0.000000000000000000e+00 3.130079444658394050e-01 0.000000000000000000e+00 0.000000000000000000e+00 1.365757321045914241e-01 9.638895412310981986e-03 8.174599378922761672e-02 0.000000000000000000e+00 6.117251987686021276e-03 0.000000000000000000e+00 0.000000000000000000e+00 0.000000000000000000e+00 2.498629190913415066e-01
2.380476555898322633e-02 8.855927018601485179e-02 0.000000000000000000e+00 1.164069148382521485e-01 0.000000000000000000e+00 1.154392836237929515e-01 0.000000000000000000e+00 1.193800427177850593e-01 2.155788413345853249e-01 2.009167017676286395e-04 2.286579534644870432e-02 8.402305639515658675e-02 0.000000000000000000e+00 6.798167243908570523e-02 0.000000000000000000e+00 0.000000000000000000e+00 0.000000000000000000e+00 0.000000000000000000e+00 1.457594408581278644e-01 0.000000000000000000e+00
1.565968032354000672e-01 1.408744270761820849e-01 1.299346094264019202e-01 4.556509338167090417e-02 3.426589568763941177e-03 1.430949361495435779e-01 5.491752496655848831e-02 7.185995473499849628e-02 2.636336165374974366e-02 0.000000000000000000e+00 1.026208981833457009e-03 1.091514974586939579e-01 0.000000000000000000e+00 1.415784457314445653e-02 0.000000000000000000e+00 4.198021363631594671e-02 1.769533195858161850e-02 0.000000000000000000e+00 0.000000000000000000e+00 4.335560319816120917e-02
2.462508161339364149e-03 0.000000000000000000e+00 7.231804722010588826e-02 2.404241753492947220e-01 9.104416611287098615e-02 1.446009998213022008e-01 6.280611790591690557e-02 3.801856400019124754e-02 2.197226063584373570e-02 0.000000000000000000e+00 0.000000000000000000e+00 0.000000000000000000e+00 1.467656610125102068e-01 4.097628671868226019e-02 0.000000000000000000e+00 4.395112827378651441e-04 1.061507586888867649e-01 3.202094309031788821e-02 0.000000000000000000e+00 0.000000000000000000e+00
9.556184938189050959e-02 8.923320203209426926e-02 6.852119147531814287e-03 4.463704973995576836e-02 1.977048174558571070e-02 0.000000000000000000e+00 3.406119649458280024e-02 0.000000000000000000e+00 3.349440011312662113e-01 9.800188759467752184e-03 0.000000000000000000e+00 9.147036385134256833e-03 3.730836555885547190e-02 1.375962897303972532e-01 0.000000000000000000e+00 8.632993153905029610e-03 1.644972790655307299e-02 1.045009490419636540e-02 1.177047856782899166e-01 2.785061825029392507e-02
1.238508674804409265e-01 0.000000000000000000e+00 0.000000000000000000e+00 3.186252931028739632e-01 7.918668194594985499e-02 9.690808441156766040e-03 0.000000000000000000e+00 3.506788413346040995e-02 0.000000000000000000e+00 0.000000000000000000e+00 0.000000000000000000e+00 1.572284803546986076e-01 0.000000000000000000e+00 5.027564999451809152e-02 0.000000000000000000e+00 0.000000000000000000e+00 5.421721089358819134e-02 1.442967167704269915e-01 2.756040688288624932e-02 0.000000000000000000e+00
0.000000000000000000e+00 1.057031264435202567e-01 8.057828929243735297e-03 1.195977000921657901e-01 0.000000000000000000e+00 2.000501828463126519e-01 6.972564660584719409e-03 1.143937359171916593e-02 1.407539795302832908e-01 3.829689604032161104e-02 0.000000000000000000e+00 1.755916765305346183e-01 0.000000000000000000e+00 0.000000000000000000e+00 0.000000000000000000e+00 0.000000000000000000e+00 1.750352903086843529e-03 5.021723415892163228e-02 2.860765613744458910e-02 1.129614281358611860e-01
2.948343259050200879e-02 1.722985955426456495e-02 0.000000000000000000e+00 3.077817390271614384e-01 7.210006993561374157e-04 3.874347488129090827e-02 1.452156338139800685e-03 9.688704848451985124e-03 2.086298253368228453e-02 0.000000000000000000e+00 1.608622401838752033e-02 2.264440545397384541e-01 1.282426876006770820e-02 0.000000000000000000e+00 0.000000000000000000e+00 5.508187211391772468e-04 1.098085226198365627e-01 1.705777845748989718e-01 3.774497629308230795e-02 0.000000000000000000e+00
2.092154768130866094e-02 0.000000000000000000e+00 7.386468030896871373e-02 1.463112095178394634e-01 1.323493778089594557e-02 2.227357219050630621e-03 7.996993452038249697e-03 0.000000000000000000e+00 1.674595054267072891e-01 3.083612646290435997e-03 0.000000000000000000e+00 1.447299149603596402e-01 0.000000000000000000e+00 1.038449456646605915e-02 1.859463163810775796e-02 0.000000000000000000e+00 1.166488085680437020e-01 1.300012900269885696e-01 0.000000000000000000e+00 1.445410162069348248e-01
0.000000000000000000e+00 1.182880335050496695e-01 0.000000000000000000e+00 1.220567219714833035e-01 6.434201414070628289e-02 5.488791697000520997e-02 4.888000629748086995e-03 0.000000000000000000e+00 1.686163427441515761e-01 4.442372526344943312e-03 0.000000000000000000e+00 2.032454310822732757e-01 0.000000000000000000e+00 0.000000000000000000e+00 1.611128218118127592e-02 3.126714537293373911e-03 0.000000000000000000e+00 7.078305276601196128e-02 1.744869708727255940e-03 1.674672472370238030e-01
0.000000000000000000e+00 1.916800004136299737e-02 0.000000000000000000e+00 3.212064326001924375e-01 0.000000000000000000e+00 1.596143381081145951e-01 0.000000000000000000e+00 1.684375478952809813e-02 2.587855821624701624e-01 0.000000000000000000e+00 0.000000000000000000e+00 1.598740398292371884e-02 0.000000000000000000e+00 0.000000000000000000e+00 8.907210275180072129e-04 0.000000000000000000e+00 0.000000000000000000e+00 8.326849210435517679e-02 0.000000000000000000e+00 1.242352751835349156e-01
4.431867733739510914e-03 4.850582253572164118e-03 0.000000000000000000e+00 7.365297435586465151e-03 1.201295987122828063e-01 0.000000000000000000e+00 6.462501246311683559e-03 0.000000000000000000e+00 1.650483522397778735e-01 4.062512285062772760e-02 0.000000000000000000e+00 2.879333787225444447e-02 7.050136127451256396e-02 1.642016463719571384e-01 0.000000000000000000e+00 6.438688678444695612e-02 0.000000000000000000e+00 1.265937594918640219e-01 1.637154517250190011e-01 3.289423400804765418e-02
0.000000000000000000e+00 7.076770427210940517e-02 3.655362587383365752e-02 0.000000000000000000e+00 1.145776583522976344e-01 1.601371046443196555e-01 3.487978921741940672e-03 0.000000000000000000e+00 1.915035421848136910e-01 0.000000000000000000e+00 7.860081638511555793e-03 2.229514511236070085e-01 0.000000000000000000e+00 1.319941107906388291e-03 1.140950753022587499e-01 0.000000000000000000e+00 2.990120348695891536e-02 2.876703733103237043e-02 1.807759576060900819e-02 0.000000000000000000e+00
8.444595017715127161e-02 1.885449489710042947e-01 1.562723424935329349e-03 2.074748684672531041e-01 0.000000000000000000e+00 0.000000000000000000e+00 0.000000000000000000e+00 2.223396078506296170e-01 1.826344259034541617e-01 7.863946381518422887e-04 0.000000000000000000e+00 0.000000000000000000e+00 0.000000000000000000e+00 7.272143550613428820e-02 0.000000000000000000e+00 5.556764072890413818e-03 0.000000000000000000e+00 0.000000000000000000e+00 0.000000000000000000e+00 3.393288098839571804e-02
1.493739536698620862e-01 0.000000000000000000e+00 6.711533933151143938e-02 6.551921184761492177e-03 0.000000000000000000e+00 2.651546773922207334e-02 9.174923049230770955e-02 1.022485371258439746e-01 1.775791992224579063e-01 1.917606383110217680e-02 0.000000000000000000e+00 1.473364504899928318e-01 0.000000000000000000e+00 2.338178939068507635e-03 0.000000000000000000e+00 0.000000000000000000e+00 1.721565876445847049e-02 0.000000000000000000e+00 0.000000000000000000e+00 1.927999992094112658e-01
2.934754798728561945e-02 1.435009448433577708e-03 0.000000000000000000e+00 1.278643244347669461e-01 8.475863717721478230e-02 1.556652749064400543e-01 6.546686891016757770e-02 4.643591180537216985e-03 1.793622272026752507e-01 0.000000000000000000e+00 0.000000000000000000e+00 1.895690991427997560e-02 0.000000000000000000e+00 0.000000000000000000e+00 0.000000000000000000e+00 0.000000000000000000e+00 0.000000000000000000e+00 1.499545252669201578e-01 1.788929314648881608e-01 3.652152106390612989e-03
1.643693833870228660e-01 0.000000000000000000e+00 2.027479282993892296e-02 2.053849082406751514e-02 0.000000000000000000e+00 1.321942696271118621e-02 3.176907425024350778e-02 1.643094526462927918e-02 3.118490485968992143e-01 0.000000000000000000e+00 0.000000000000000000e+00 1.589621328907343534e-01 0.000000000000000000e+00 0.000000000000000000e+00 0.000000000000000000e+00 0.000000000000000000e+00 1.242632777591420046e-01 5.576657920048514600e-02 0.000000000000000000e+00 8.255684803412596806e-02
0.000000000000000000e+00 2.147742114682880607e-02 0.000000000000000000e+00 2.713643284499466790e-01 2.424903805657049535e-02 5.913045045646883428e-03 3.052438687826563093e-02 1.279787767641145935e-01 1.627213074646162994e-01 0.000000000000000000e+00 0.000000000000000000e+00 1.468350582635820356e-01 0.000000000000000000e+00 5.334164716233632392e-02 1.821873345144000081e-04 0.000000000000000000e+00 0.000000000000000000e+00 0.000000000000000000e+00 0.000000000000000000e+00 1.554128034335778008e-01
0.000000000000000000e+00 0.000000000000000000e+00 9.898984448792334020e-04 1.429831654010585984e-01 1.569722540506703901e-01 3.280959542408703328e-02 0.000000000000000000e+00 0.000000000000000000e+00 1.575073557402379698e-01 0.000000000000000000e+00 0.000000000000000000e+00 1.033223831528758824e-01 1.489400718470565085e-02 1.403206544039926063e-01 0.000000000000000000e+00 0.000000000000000000e+00 0.000000000000000000e+00 9.403073586665222638e-02 3.691709324300171402e-02 1.192528570878387539e-01
1.085631007502750253e-03 9.973921299840737831e-02 0.000000000000000000e+00 1.061315597161469754e-02 1.610640915361858938e-01 1.250469462053039327e-01 0.000000000000000000e+00 1.582339917214804076e-02 0.000000000000000000e+00 0.000000000000000000e+00 0.000000000000000000e+00 3.769357056140926893e-02 1.808355769923376544e-01 4.681790588835128830e-02 1.150946820794660624e-01 2.267404098108484478e-02 1.305858100706981141e-02 0.000000000000000000e+00 1.617805914446942064e-02 1.542751464546490148e-01
1.580203269148768366e-02 1.805755166085152019e-01 0.000000000000000000e+00 5.503410548933293164e-03 0.000000000000000000e+00 0.000000000000000000e+00 3.130362478743711069e-02 0.000000000000000000e+00 1.783871636630383894e-01 1.321867200139231480e-01 0.000000000000000000e+00 0.000000000000000000e+00 1.100817111775610757e-01 1.582327528771293179e-01 1.301684285514664689e-02 0.000000000000000000e+00 1.455271708707196396e-02 0.000000000000000000e+00 1.373131897517937405e-02 1.466261887145768605e-01
2.635248314778371181e-02 1.440112382437948660e-02 1.701840106139216047e-01 3.200786589095463118e-03 0.000000000000000000e+00 6.855358742366385143e-03 0.000000000000000000e+00 1.055486034489805242e-01 1.957286744965883174e-01 1.297329357265672271e-02 6.470801991185736769e-03 8.937749646641979240e-02 0.000000000000000000e+00 1.682759673936671911e-03 1.491757246749864920e-03 0.000000000000000000e+00 0.000000000000000000e+00 4.982207017431791729e-02 1.536419185056527303e-01 1.622688615059650619e-01
4.387263485042984523e-02 8.852781511645108070e-02 1.225544431166927517e-01 8.070617431205708014e-02 0.000000000000000000e+00 0.000000000000000000e+00 7.570628359303310795e-02 0.000000000000000000e+00 1.757134611867884888e-01 2.336086251395344537e-02 0.000000000000000000e+00 6.649301622396754097e-02 2.361009141708116012e-03 2.409750144300960850e-02 1.366606126925170618e-02 0.000000000000000000e+00 1.229281614072426781e-01 1.237287983961777721e-01 3.628377742923670490e-02 0.000000000000000000e+00
1.545193150829809181e-01 2.156180991281160877e-02 0.000000000000000000e+00 1.561458608104912826e-01 1.533488694932378937e-01 1.623548858596227384e-01 0.000000000000000000e+00 0.000000000000000000e+00 1.569992596742138535e-01 2.882804861181939571e-02 0.000000000000000000e+00 0.000000000000000000e+00 0.000000000000000000e+00 2.374888050908341430e-02 0.000000000000000000e+00 0.000000000000000000e+00 0.000000000000000000e+00 0.000000000000000000e+00 1.424930700457388288e-01 0.000000000000000000e+00
