0.000000000000000000e+00 0.000000000000000000e+00 4.572733624311502154e-02 0.000000000000000000e+00 1.521863086314424046e-02 5.391103552141732896e-03 1.042915005520431426e-01 1.840765858784894904e-01 1.430314992507413299e-02 0.000000000000000000e+00 0.000000000000000000e+00 1.536316741850427547e-01 0.000000000000000000e+00 0.000000000000000000e+00 1.358513892890967634e-01 0.000000000000000000e+00 1.149753346591226577e-01 3.701848621817690338e-02 0.000000000000000000e+00 1.168374632478917999e-02 0.000000000000000000e+00 8.274923803585507165e-03 0.000000000000000000e+00 3.606745881035430812e-02 1.334886796958242028e-01
4.824498918326067080e-03 0.000000000000000000e+00 1.415832852715752099e-01 7.672148566528162739e-02 1.345598931384408281e-01 1.024572003803137787e-01 1.574393934442634355e-02 2.057752829236566064e-03 5.331516050182537499e-03 1.338029263361224450e-02 4.290924336633043811e-04 1.169790615462997473e-02 0.000000000000000000e+00 1.321293620181821990e-03 1.599199334383115956e-01 2.556683534739860944e-02 0.000000000000000000e+00 1.657957844250444995e-03 7.524234345827886597e-03 0.000000000000000000e+00 1.155636251795629302e-02 0.000000000000000000e+00 9.276313565799108873e-02 0.000000000000000000e+00 1.909033844083937170e-01
4.677856120112219851e-03 1.429323380867223098e-03 1.355037607020580584e-02 0.000000000000000000e+00 1.063083617353668825e-01 1.012013709804590461e-01 1.563034839926388531e-01 5.661636442533147552e-03 9.864180849982290278e-02 0.000000000000000000e+00 0.000000000000000000e+00 1.438492902952145935e-01 2.698753711216676787e-02 7.122358503640602821e-04 3.719264409099111435e-02 2.861210656450370506e-03 7.796585561977091572e-03 6.226879564083654534e-02 0.000000000000000000e+00 9.587169433037230626e-02 0.000000000000000000e+00 9.842649376984415055e-02 0.000000000000000000e+00 3.019836860230735998e-02 6.060926867469577407e-03
0.000000000000000000e+00 2.196851175955714108e-01 8.341759647145170764e-02 0.000000000000000000e+00 2.604164122551630989e-01 0.000000000000000000e+00 0.000000000000000000e+00 0.000000000000000000e+00 0.000000000000000000e+00 1.690041624959802424e-02 1.790397338064991795e-02 4.076791073411864530e-02 0.000000000000000000e+00 0.000000000000000000e+00 1.371816474700018607e-01 0.000000000000000000e+00 0.000000000000000000e+00 1.808721750533047110e-02 0.000000000000000000e+00 5.276852492719454057e-02 0.000000000000000000e+00 2.110456073095796220e-02 1.317666226799622531e-01 0.000000000000000000e+00 0.000000000000000000e+00
1.372474283790449390e-01 5.165119221288399370e-02 4.361980826504731519e-03 0.000000000000000000e+00 2.396479861266887293e-02 4.877025484629064767e-02 1.289609442967893926e-01 0.000000000000000000e+00 0.000000000000000000e+00 0.000000000000000000e+00 5.895398771802106211e-03 1.816249765555738860e-01 5.424489248595737098e-03 0.000000000000000000e+00 1.414434607118864595e-01 5.146394862657544455e-04 5.260715505955504932e-03 3.866782452716213681e-02 0.000000000000000000e+00 1.042974587368184283e-02 0.000000000000000000e+00 5.037296875388006662e-02 1.583888782634151546e-02 1.412497322105315256e-01 8.320561354140769417e-03
2.788191724994984119e-02 2.289521177964590898e-02 0.000000000000000000e+00 0.000000000000000000e+00 4.665334198042490194e-02 3.907008290663303331e-03 1.381439005012169430e-01 1.419403486347863841e-01 0.000000000000000000e+00 0.000000000000000000e+00 0.000000000000000000e+00 2.835590091758093956e-01 0.000000000000000000e+00 0.000000000000000000e+00 4.900342008354688708e-03 0.000000000000000000e+00 0.000000000000000000e+00 8.675976518968193029e-04 2.096423026072171888e-02 1.550058705521046958e-03 4.993461722116568184e-03 4.010776023365190610e-03 1.427890423067861847e-01 1.113382605449351748e-01 4.360549316380595702e-02
0.000000000000000000e+00 2.209344512234505675e-01 3.226738466331458693e-02 9.571311795120292232e-02 1.675806977587976643e-01 0.000000000000000000e+00 1.420965360619657614e-01 0.000000000000000000e+00 0.000000000000000000e+00 0.000000000000000000e+00 0.000000000000000000e+00 0.000000000000000000e+00 0.000000000000000000e+00 0.000000000000000000e+00 5.562647282977124796e-02 3.190241552378460244e-02 1.164268108176063667e-02 0.000000000000000000e+00 8.976403614493730365e-02 0.000000000000000000e+00 0.000000000000000000e+00 1.575346570503996860e-02 1.228527654592285467e-01 9.434238932263055988e-03 4.431736664483111252e-03
4.881516827118172891e-02 2.172182102511426849e-01 2.630172330283447185e-02 3.337762972882998835e-02 0.000000000000000000e+00 1.769175670205827902e-02 0.000000000000000000e+00 4.193789813525132526e-02 6.651708413769850080e-03 0.000000000000000000e+00 1.402171587557118730e-02 3.326827383366241179e-03 1.297009847981278260e-02 0.000000000000000000e+00 8.223611933140827224e-02 3.368378678786332586e-04 0.000000000000000000e+00 3.630254994277911512e-02 3.295730757782487641e-02 0.000000000000000000e+00 0.000000000000000000e+00 1.204546133497113591e-01 9.707548800643513165e-02 1.292795041375773002e-01 7.904484324256669248e-02
0.000000000000000000e+00 0.000000000000000000e+00 1.589577436824003154e-01 0.000000000000000000e+00 2.529930311267739595e-01 6.954783878066096584e-04 7.420019563837176868e-02 1.521210710770366514e-01 2.643633596207996608e-02 5.230235255607843014e-04 0.000000000000000000e+00 2.845312441420948940e-02 0.000000000000000000e+00 0.000000000000000000e+00 1.645524387906448505e-01 0.000000000000000000e+00 0.000000000000000000e+00 9.959873140210961928e-02 1.543168249629661877e-02 0.000000000000000000e+00 0.000000000000000000e+00 0.000000000000000000e+00 2.603714349670919678e-02 0.000000000000000000e+00 0.000000000000000000e+00
1.501751120433074752e-02 3.988803539550109245e-02 1.170014334162480935e-01 1.804686205466959556e-02 1.174827245482935184e-02 6.001091393949069264e-02 1.521342424627437073e-01 1.600105336036402801e-02 1.705553578318197427e-03 0.000000000000000000e+00 0.000000000000000000e+00 1.571047433816271099e-01 1.524016209813503376e-03 0.000000000000000000e+00 2.100203936152486919e-02 0.000000000000000000e+00 0.000000000000000000e+00 0.000000000000000000e+00 7.368597000814462727e-02 1.526161257663167549e-02 0.000000000000000000e+00 7.341408344522255131e-03 1.509136143540204256e-01 2.860063007496112947e-02 1.130120878222590081e-01
5.911712799154028065e-03 9.056368021834175497e-02 2.349457497394339400e-01 0.000000000000000000e+00 1.502512450239396335e-01 1.513846649378546294e-01 1.354132316240456296e-02 9.121521363426813439e-03 1.477124127057577972e-02 0.000000000000000000e+00 0.000000000000000000e+00 1.507153569228763257e-01 0.000000000000000000e+00 0.000000000000000000e+00 1.304403569576647985e-02 1.081385681941473692e-01 0.000000000000000000e+00 0.000000000000000000e+00 1.359206087160710376e-02 1.020918382663924158e-02 0.000000000000000000e+00 2.440524283487971458e-02 6.221668167940068613e-03 3.357336358720592771e-04 2.847011335140517754e-03
0.000000000000000000e+00 0.000000000000000000e+00 9.095860011363202102e-02 0.000000000000000000e+00 3.385673771803235366e-01 0.000000000000000000e+00 0.000000000000000000e+00 0.000000000000000000e+00 0.000000000000000000e+00 6.759011619742735094e-03 0.000000000000000000e+00 3.265033665877542512e-02 0.000000000000000000e+00 1.988084356094203375e-03 1.979379087136989568e-01 1.173122215868311752e-01 0.000000000000000000e+00 0.000000000000000000e+00 8.604415682825907602e-03 1.067210954625297664e-01 0.000000000000000000e+00 0.000000000000000000e+00 0.000000000000000000e+00 7.410237037235137270e-02 2.439857825319494827e-02
1.323902265872531001e-02 1.137984220456475654e-01 2.750734208312937551e-02 1.110085338170169050e-01 2.434021333587249591e-02 1.280291838752944389e-01 1.595890915614819050e-01 0.000000000000000000e+00 6.609149122889545688e-03 0.000000000000000000e+00 0.000000000000000000e+00 5.496695742774231064e-02 2.244186258922902660e-03 0.000000000000000000e+00 9.144123375934240516e-02 0.000000000000000000e+00 0.000000000000000000e+00 5.421179175297528158e-02 0.000000000000000000e+00 0.000000000000000000e+00 0.000000000000000000e+00 8.329847589588047774e-02 0.000000000000000000e+00 0.000000000000000000e+00 1.297163964050791485e-01
7.908317500747743395e-03 1.491810440612218597e-02 0.000000000000000000e+00 0.000000000000000000e+00 1.857034861562832928e-01 4.073009086779596361e-02 1.470519390917410796e-01 0.000000000000000000e+00 0.000000000000000000e+00 0.000000000000000000e+00 1.054051413057581488e-02 2.834865166751229237e-01 2.961779883104711728e-02 0.000000000000000000e+00 1.013841214791956769e-01 0.000000000000000000e+00 0.000000000000000000e+00 4.986826762668504498e-02 2.067845860570560138e-03 0.000000000000000000e+00 1.078611747008800456e-03 0.000000000000000000e+00 9.826541073904705714e-02 2.737897488805678126e-02 0.000000000000000000e+00
0.000000000000000000e+00 0.000000000000000000e+00 1.786757188952184661e-01 0.000000000000000000e+00 2.688723854338034847e-01 1.461254811658981301e-01 4.106068318915623121e-03 0.000000000000000000e+00 0.000000000000000000e+00 7.919679683312032606e-03 0.000000000000000000e+00 1.915027482249075930e-01 0.000000000000000000e+00 0.000000000000000000e+00 0.000000000000000000e+00 1.451591607425639363e-01 0.000000000000000000e+00 1.963455474472821944e-03 2.382527965605720551e-03 2.453285283957979540e-02 0.000000000000000000e+00 1.037593430653925390e-02 1.682743957398063388e-03 3.207402168200228307e-03 1.349384082358475422e-02
