0.000000000000000000e+00 1.127591542065462943e-01 0.000000000000000000e+00 3.731224095844501432e-02 1.660144522080132801e-02 4.522510215437673675e-02 2.151932231112187871e-02 0.000000000000000000e+00 4.197769057439132423e-02 8.737488416315844497e-03 0.000000000000000000e+00 1.435318182848569768e-01 1.421851304509368086e-01 1.847269372874968049e-02 4.863490286511951838e-02 0.000000000000000000e+00 6.596413459016570169e-03 1.033407436970177340e-01 1.238326528213062466e-01 1.292732008509981101e-01
0.000000000000000000e+00 0.000000000000000000e+00 6.199530270262782611e-03 1.493070793597567614e-01 3.785679647736533288e-02 4.661563716472091889e-02 6.559509938570079468e-02 1.521910296272583341e-01 1.592003278064382243e-01 1.147798749860436292e-02 0.000000000000000000e+00 3.160617613918415784e-03 0.000000000000000000e+00 0.000000000000000000e+00 6.780856008448072139e-03 1.951763456124040383e-02 6.336021242187095392e-02 9.134006291402811673e-02 2.798624895377645888e-02 1.594108799366101559e-01
1.627529130786420765e-04 5.716640746747238960e-02 1.342898248191340014e-03 4.147121709952226315e-02 1.077255308065056677e-01 1.527979741430702532e-01 1.169193596658580497e-01 1.458501322095115925e-02 1.419898634329560816e-01 0.000000000000000000e+00 0.000000000000000000e+00 0.000000000000000000e+00 1.587421317815843058e-01 0.000000000000000000e+00 3.658025367494074226e-02 0.000000000000000000e+00 0.000000000000000000e+00 2.322703682251950688e-02 4.727224671461019087e-03 1.425623360518884497e-01
0.000000000000000000e+00 1.511962977204441838e-01 3.867790656344029330e-03 9.073434974124415520e-02 2.254561722465097187e-02 9.499161375816235486e-02 9.818269972330807838e-02 6.579651147280787815e-02 1.196462738626497269e-01 8.129640627625425719e-02 4.535302034099652352e-02 4.358040903982062647e-02 9.589063709384071377e-02 7.228994160122808764e-04 5.132937768912271270e-03 1.435617150108908736e-03 0.000000000000000000e+00 1.035945798274899056e-02 6.926746077169398941e-02 0.000000000000000000e+00
0.000000000000000000e+00 2.823899191168085729e-02 0.000000000000000000e+00 4.582241407566901154e-02 2.707334320520307647e-01 2.487470768838323520e-02 3.203651372627042138e-02 2.434920337726493855e-01 0.000000000000000000e+00 0.000000000000000000e+00 0.000000000000000000e+00 4.687862269539727622e-02 0.000000000000000000e+00 1.969515280705156149e-02 0.000000000000000000e+00 0.000000000000000000e+00 1.396893303230808915e-03 0.000000000000000000e+00 1.292626388773792101e-01 1.575685990902574996e-01
9.895843844262877664e-02 6.759131208066139485e-02 9.183265115508969928e-03 0.000000000000000000e+00 2.635721298176922911e-01 2.285429643985602832e-01 3.372127093601615111e-02 1.339996436569401012e-02 0.000000000000000000e+00 0.000000000000000000e+00 0.000000000000000000e+00 2.216172547131614323e-01 0.000000000000000000e+00 0.000000000000000000e+00 1.038626046329330262e-02 2.541709974485125562e-02 0.000000000000000000e+00 2.053376535321693730e-02 0.000000000000000000e+00 7.076274568715103241e-03
4.156002692373344382e-02 3.582774471374036013e-02 0.000000000000000000e+00 5.953039066215690817e-02 2.294695642776560240e-01 1.860532886160201904e-01 0.000000000000000000e+00 2.380506602410942252e-02 1.073923019114668281e-01 0.000000000000000000e+00 0.000000000000000000e+00 1.514055439565149992e-02 9.034775245595727880e-03 3.186535702656139325e-03 0.000000000000000000e+00 1.636873143954645227e-02 1.196876084360286446e-01 4.227325852539991907e-02 1.106701531262384158e-01 0.000000000000000000e+00
2.466025016517973956e-02 0.000000000000000000e+00 0.000000000000000000e+00 1.189966060521180369e-02 2.525612169654316286e-02 6.801564067265418890e-04 1.156532178267171418e-01 1.601116791271645079e-01 3.304646421830956943e-02 5.464079520612275670e-02 6.838551490800031697e-03 2.338216506038575393e-01 5.448368360164956327e-03 9.307468555867849658e-02 2.448085110114246407e-04 3.883595603096476334e-02 0.000000000000000000e+00 0.000000000000000000e+00 1.858351031359199157e-01 9.952531056627744732e-03
1.318156197888656865e-02 3.381191231703075534e-02 2.690318581224506247e-02 1.418600490026350192e-01 1.649111885664015786e-01 1.444112433564699038e-01 0.000000000000000000e+00 0.000000000000000000e+00 1.153988896799393038e-01 1.261239190133654764e-01 3.851111773950055550e-02 3.844000258513753134e-03 5.651371961519268371e-03 0.000000000000000000e+00 0.000000000000000000e+00 1.455270796640706528e-02 0.000000000000000000e+00 4.036549659625365133e-02 0.000000000000000000e+00 1.304733557508319930e-01
1.164984437729639673e-02 1.322790078055901264e-01 4.054009951642994353e-02 9.522307031151927559e-02 1.850424060958228700e-01 4.449916876697905532e-02 5.924407445384739963e-03 3.535665122678047917e-02 9.059211610557099670e-02 0.000000000000000000e+00 0.000000000000000000e+00 0.000000000000000000e+00 0.000000000000000000e+00 1.274845440504319138e-01 2.724076210568492432e-02 4.955103925664083864e-02 0.000000000000000000e+00 3.081285006491112782e-03 0.000000000000000000e+00 1.515355979293774302e-01
6.821603245790165693e-02 2.316172175511896705e-02 0.000000000000000000e+00 0.000000000000000000e+00 1.268113383894425850e-01 2.517996926676512037e-02 1.085867193827072703e-02 0.000000000000000000e+00 3.613522264807866586e-04 1.868452583977686654e-02 8.373689555779429555e-03 1.816613597199387975e-01 8.397104901122759424e-02 6.304631403423813230e-03 5.477594048870825655e-02 0.000000000000000000e+00 4.401481358988062857e-03 1.132673731745006684e-01 1.341874447704811402e-01 1.397834186431954895e-01
5.223128814259752478e-02 2.891302183587051225e-02 0.000000000000000000e+00 1.413799600370429458e-03 0.000000000000000000e+00 3.989665057383324359e-02 1.028625407580767703e-01 2.536807743088597689e-01 5.113765135451978083e-02 4.221199331799842941e-02 0.000000000000000000e+00 1.391084839761772551e-01 0.000000000000000000e+00 1.843528016770571917e-02 1.746997444460339152e-02 2.526521164416504345e-02 4.686791616195035842e-02 1.118809712219354796e-01 3.650883184696298786e-03 6.497355930664001911e-02
2.569527151053210487e-02 6.246616832128604191e-02 8.506651267841704167e-04 8.066044710746463064e-03 2.364788380924840450e-01 1.330700980079004003e-01 1.107871611383424125e-02 8.334941661624975517e-03 1.460574788242435806e-01 3.434681693321233603e-02 1.269721958063043353e-02 1.421693467431504598e-01 0.000000000000000000e+00 1.031500728814208762e-02 5.746538995657590049e-02 0.000000000000000000e+00 0.000000000000000000e+00 4.778361296841968607e-03 0.000000000000000000e+00 1.061296358320108629e-01
0.000000000000000000e+00 0.000000000000000000e+00 0.000000000000000000e+00 1.551093937585882043e-01 1.065262451989987119e-01 1.187372363565464828e-01 1.769403545702918218e-02 6.940046619076820252e-03 0.000000000000000000e+00 2.352491297083172950e-02 0.000000000000000000e+00 1.877852805535212277e-01 1.836121376378630279e-02 0.000000000000000000e+00 1.532070541270932340e-01 8.485168555346962738e-02 7.972433801196973646e-02 4.734808987417001708e-02 1.904677549186876929e-04 0.000000000000000000e+00
5.481075218076054793e-03 3.354956295814455480e-02 1.225959597304354491e-02 8.978832277051816690e-02 5.139728197337350285e-02 1.330679236192069403e-01 1.109924427933821865e-02 1.725725557437403912e-01 1.081119803863013623e-01 0.000000000000000000e+00 0.000000000000000000e+00 0.000000000000000000e+00 3.024907774814495839e-03 3.787728576441570794e-02 1.358611310060029165e-01 8.476480444674569514e-03 8.796450391807531660e-03 2.656747160371445218e-02 1.124418154189610851e-02 1.508245485509316086e-01
3.784404393868565780e-02 7.456032985459404294e-02 2.437568415766047311e-02 1.391107449670486440e-01 1.597347181897831592e-01 1.135016701819776402e-01 0.000000000000000000e+00 6.237355818898689119e-02 4.959431114475301716e-02 0.000000000000000000e+00 0.000000000000000000e+00 5.268839241981575390e-03 0.000000000000000000e+00 0.000000000000000000e+00 1.043587448425440517e-02 0.000000000000000000e+00 0.000000000000000000e+00 1.415663415917662038e-01 1.384838465927594187e-01 4.315003746574883753e-02
1.208264039929940192e-01 0.000000000000000000e+00 2.398544395483591732e-02 0.000000000000000000e+00 7.339860843749847208e-02 1.267284741723950503e-01 0.000000000000000000e+00 1.557774126176846852e-01 6.989214101383081634e-02 0.000000000000000000e+00 6.955698476814745068e-02 1.369301511235056223e-01 0.000000000000000000e+00 0.000000000000000000e+00 0.000000000000000000e+00 2.510525375986609762e-06 4.109559353850258251e-02 3.307852880069576907e-04 2.755831735768103294e-02 1.539171732095412914e-01
9.889720352133367018e-03 1.335406614627606368e-02 0.000000000000000000e+00 0.000000000000000000e+00 8.361921302901333120e-02 2.537217134163146509e-02 1.132979129356890546e-01 6.331253905431118156e-02 1.787986381371434175e-02 0.000000000000000000e+00 3.520325821333724378e-04 1.330180058286383749e-01 1.340498628281648064e-01 2.794092123082279194e-02 5.268916959520963950e-02 0.000000000000000000e+00 0.000000000000000000e+00 4.208121128740330286e-02 1.296687679619830391e-01 1.534745420128759696e-01
0.000000000000000000e+00 0.000000000000000000e+00 0.000000000000000000e+00 1.466981758596596630e-01 1.550564563651784245e-01 1.566633094099674772e-01 7.406073269762152717e-03 0.000000000000000000e+00 5.551632553468603334e-03 0.000000000000000000e+00 0.000000000000000000e+00 1.478798022515282473e-01 0.000000000000000000e+00 4.159219127891311540e-02 1.436278729646225938e-01 4.849767684686645433e-04 0.000000000000000000e+00 6.898397142859914732e-02 0.000000000000000000e+00 1.260555378498319778e-01
0.000000000000000000e+00 3.638948133178492722e-02 1.526022558273565193e-02 1.229869183829062664e-02 1.642240248421074911e-01 8.326686842738720284e-02 7.394461862578774426e-05 6.055289435431187445e-02 0.000000000000000000e+00 1.083991726896609865e-02 0.000000000000000000e+00 3.306025085924239881e-02 0.000000000000000000e+00 3.179913973683164141e-02 1.319269138218895909e-01 0.000000000000000000e+00 4.021265124017838616e-02 1.362541063294653021e-01 6.332153724717702603e-02 1.805193525010058697e-01
6.469169231225776031e-04 8.983003272653841687e-02 3.321913115951279083e-03 3.142976400782643981e-02 5.674594194676120529e-02 1.284008814664745713e-03 8.368426786865531056e-03 1.854557730207118116e-01 0.000000000000000000e+00 1.630444415629053040e-02 0.000000000000000000e+00 2.531833612148812196e-01 1.347978277815876091e-01 4.359048609445091704e-02 1.837931920887503692e-02 1.375500035082495055e-03 0.000000000000000000e+00 0.000000000000000000e+00 0.000000000000000000e+00 1.552862841663903426e-01
8.166157106125258164e-03 1.307656619141834842e-01 0.000000000000000000e+00 2.009792444759420094e-02 2.307557991396177316e-02 7.259526343056837971e-02 2.173876812100842756e-02 2.663183897266233613e-01 6.419864310631695492e-02 0.000000000000000000e+00 0.000000000000000000e+00 9.361064022751977576e-02 0.000000000000000000e+00 1.705806679861824465e-02 1.288017618661780883e-01 0.000000000000000000e+00 0.000000000000000000e+00 1.561824828746735368e-03 0.000000000000000000e+00 1.520113185125551436e-01
0.000000000000000000e+00 2.173359260390304165e-02 0.000000000000000000e+00 1.115933030575565338e-01 1.517410911358340886e-01 1.262687276087452737e-01 0.000000000000000000e+00 2.349004612159153599e-02 0.000000000000000000e+00 1.359629147972058263e-02 5.057005041898093335e-03 1.699373919173550185e-01 1.535290692292866632e-01 0.000000000000000000e+00 6.273900049204681785e-03 0.000000000000000000e+00 0.000000000000000000e+00 1.597363578431839834e-03 1.661146544675090042e-01 4.906756370896363934e-02
3.192456275191415428e-03 7.348370440303898798e-02 0.000000000000000000e+00 8.242165007487460560e-02 2.090499436830728364e-02 4.653027981228986809e-02 5.497722528909004813e-02 1.397856508966738021e-01 1.177204302610005207e-02 5.286539863455055194e-02 0.000000000000000000e+00 1.476471358146374258e-01 6.297654215866027583e-02 7.314733310990564896e-02 1.178090288105497051e-03 7.749256504539525636e-02 0.000000000000000000e+00 1.080727355806634579e-02 1.321385460787181387e-01 8.679111166394911508e-03
3.513047240479223038e-02 1.934983557141986207e-02 0.000000000000000000e+00 1.169050009349952152e-01 5.008156148120065931e-02 0.000000000000000000e+00 1.651194175324388891e-01 3.506301649866865044e-02 1.595713362381571410e-01 2.624992178705950335e-02 2.179405091972284330e-06 1.337169139817802159e-02 0.000000000000000000e+00 1.237290422918561478e-01 4.103090149985776786e-02 4.164301385650068937e-02 0.000000000000000000e+00 0.000000000000000000e+00 2.814260176936466892e-02 1.446100073304186218e-01
