0.000000000000000000e+00 5.053556094712270685e-02 1.335499778799201509e-01 2.376758399063045799e-02 1.234076282496612553e-01 2.829652143573088002e-02 1.853144480204378663e-02 4.236012386344079755e-02 7.775910152241907909e-03 0.000000000000000000e+00 0.000000000000000000e+00 8.570646968220467510e-02 0.000000000000000000e+00 0.000000000000000000e+00 1.438195758103248401e-01 1.443474891935948856e-02 2.121131986784504167e-02 2.046000913323119466e-03 3.880341860735951089e-03 0.000000000000000000e+00 4.594264808342798760e-03 0.000000000000000000e+00 1.319518425027520758e-01 1.043653731700551479e-02 1.536941469973145402e-01
2.034268726175354324e-03 3.497056929685504745e-02 2.725442477906894409e-02 0.000000000000000000e+00 5.069650981198726633e-03 7.665526857983146099e-03 1.264904096981740722e-01 1.270420648201860125e-01 1.837924812650977915e-02 1.038678420350524489e-01 0.000000000000000000e+00 1.264110652013375746e-01 0.000000000000000000e+00 3.886534054651607541e-03 1.406878816349033286e-02 3.333262557274175447e-02 2.417918520498850768e-02 2.956920619061029210e-02 0.000000000000000000e+00 1.192859054399700563e-03 9.523861576516816710e-03 5.105581303976372814e-04 6.374916020443956860e-03 1.553460597914326224e-01 1.428303357177856669e-01
5.318039622131696953e-02 7.754586532978274827e-02 0.000000000000000000e+00 1.201068308599212171e-03 3.671596773395761210e-02 0.000000000000000000e+00 1.594825750544308640e-01 1.691400177106364699e-01 0.000000000000000000e+00 4.018809907937343634e-02 0.000000000000000000e+00 0.000000000000000000e+00 0.000000000000000000e+00 3.403336144084688486e-02 1.237667843990126054e-01 7.592591298856926629e-02 1.454831808863285732e-02 3.505382564666543327e-02 3.415340265443871787e-02 1.110268155053486666e-01 0.000000000000000000e+00 2.619812431085810633e-02 0.000000000000000000e+00 7.839465527530141420e-03 0.000000000000000000e+00
1.047291466292440618e-02 1.922397553113279756e-01 0.000000000000000000e+00 7.610162114232089025e-04 7.095224421806997639e-02 0.000000000000000000e+00 8.003523972920878471e-02 1.355926607429964181e-01 2.204148219275202727e-02 2.487758334708457461e-02 0.000000000000000000e+00 6.758880454775820223e-02 0.000000000000000000e+00 0.000000000000000000e+00 2.745164521499457444e-02 0.000000000000000000e+00 8.341238117125335250e-02 2.978482025709917880e-03 0.000000000000000000e+00 7.794455260427790577e-02 0.000000000000000000e+00 0.000000000000000000e+00 6.214024435565268165e-03 1.792217017142735402e-01 1.821551187037989683e-02
0.000000000000000000e+00 1.308290675770126810e-01 5.588796778749686306e-03 0.000000000000000000e+00 2.867102367550952713e-02 3.815310956057087199e-02 2.860463227453110407e-02 1.664857564208678253e-01 2.191458168232293321e-02 1.587021219186948023e-02 0.000000000000000000e+00 1.038731508615651361e-02 7.126204706191607494e-03 2.108435918101445646e-03 1.026161702044961488e-01 0.000000000000000000e+00 3.718595379918240417e-04 6.833089273678293225e-03 0.000000000000000000e+00 9.579929315969309966e-02 0.000000000000000000e+00 9.441214371476466805e-02 6.330440918427764074e-02 1.740881964832012851e-01 6.835702570013368028e-03
8.284030829376592964e-03 7.939859423929858384e-02 6.070715778483434799e-02 0.000000000000000000e+00 0.000000000000000000e+00 2.881511950374475526e-03 1.537288183913402828e-01 4.402409325370266330e-02 9.641542465028248021e-03 1.133764734928052915e-02 0.000000000000000000e+00 9.596584605665622880e-02 0.000000000000000000e+00 2.329743338382767124e-03 0.000000000000000000e+00 9.934051620145978312e-02 3.831690211493732345e-02 1.481153957363240403e-02 2.791333791399755633e-03 0.000000000000000000e+00 7.026737099022123748e-03 4.944388103346900043e-02 1.573853930745476026e-01 1.472107326580751607e-01 1.537397879518200006e-02
0.000000000000000000e+00 6.370969542562625668e-03 1.573582218375808861e-01 0.000000000000000000e+00 1.646817809448815617e-01 0.000000000000000000e+00 6.403081983032543612e-02 4.996874829804538037e-02 5.145506308462911675e-03 1.706157053683897418e-02 0.000000000000000000e+00 1.053134970888256264e-02 0.000000000000000000e+00 1.841661194889446457e-03 9.360975468617571682e-02 0.000000000000000000e+00 1.042416879850601996e-01 2.559180951701412864e-03 1.403971155762798011e-02 1.130289171955137228e-01 2.043243556658425747e-02 0.000000000000000000e+00 1.102914454843498954e-01 4.620852463706747598e-02 1.859771373344949741e-02
6.980387109962238323e-02 1.050853187021343234e-02 3.549517352601073289e-02 0.000000000000000000e+00 2.927106360906874677e-02 0.000000000000000000e+00 1.017373450101964061e-01 2.279352751151254297e-01 5.034391135995761567e-03 1.489330317615548960e-02 0.000000000000000000e+00 4.377398494216180186e-02 8.274336212907672586e-03 0.000000000000000000e+00 6.328092488797981696e-02 7.148261924273472800e-04 1.340800274999292274e-01 0.000000000000000000e+00 4.869301319081061064e-02 0.000000000000000000e+00 0.000000000000000000e+00 1.338761962241280246e-01 1.416941021487937331e-02 8.443842446873300531e-03 5.001448364551449449e-02
4.275623651262409897e-02 9.402091646116471357e-02 4.764137415804911568e-02 0.000000000000000000e+00 2.255889248299690897e-01 0.000000000000000000e+00 6.958548578685323782e-02 1.409666329968552734e-01 0.000000000000000000e+00 2.441397047909304660e-02 0.000000000000000000e+00 9.951366249784056317e-02 0.000000000000000000e+00 0.000000000000000000e+00 0.000000000000000000e+00 0.000000000000000000e+00 2.041674810251184469e-02 1.840954936078962939e-03 5.879722298341129999e-03 2.260254239911900411e-03 5.902920574563389790e-03 4.464158012418903421e-02 2.066416828699323138e-02 1.523898037456949683e-01 1.516643969266329552e-03
2.019125842614793997e-02 0.000000000000000000e+00 8.164723470763309010e-03 7.927887846505513036e-02 1.942178244420008151e-02 9.025697296569570177e-03 1.675280731212874796e-01 1.079818695208273754e-01 0.000000000000000000e+00 1.743681316410091581e-02 0.000000000000000000e+00 0.000000000000000000e+00 0.000000000000000000e+00 8.719205320170574786e-03 2.263378769679199459e-02 9.913663527859974123e-02 2.706503889273017063e-02 2.169711897447890864e-02 2.629887797249508968e-02 7.833952256711552986e-03 6.148038668547839251e-03 1.373212942046951601e-01 4.826230340745466668e-02 1.391148610315552925e-01 2.673979038681730674e-02
0.000000000000000000e+00 0.000000000000000000e+00 1.007886542066405156e-01 3.462253864936899045e-02 3.080551480173899723e-02 2.698513705309383420e-02 1.210906195955546300e-01 5.247698507464346879e-02 9.517007496773930222e-03 2.371513977862826222e-02 7.018160282574887818e-03 1.146177830161518030e-01 2.200171825187664625e-03 0.000000000000000000e+00 1.317655850626635039e-01 0.000000000000000000e+00 4.629593693433360635e-03 2.042518160119406734e-02 0.000000000000000000e+00 2.690224559260772849e-02 0.000000000000000000e+00 1.150784728592303546e-01 1.075931293585858373e-01 4.333705625835870129e-02 2.643102379356948931e-02
6.351820202618829736e-02 3.055061619304376072e-02 7.342515871865991708e-03 2.439908127982090818e-03 4.790863544143373828e-03 0.000000000000000000e+00 2.554098098570085212e-02 1.803732590365656474e-01 2.310160412754717896e-02 1.116270859977021024e-01 0.000000000000000000e+00 1.815770168451603245e-02 0.000000000000000000e+00 4.454558071373152135e-03 2.608685900007127675e-02 4.283786333254441941e-02 1.603383175911137631e-02 5.166705803581046058e-02 1.230790989030446092e-01 8.909388328718988170e-02 2.536902649906421295e-02 1.079744947078577905e-02 0.000000000000000000e+00 1.448615367714754581e-03 1.416890186780346284e-01
0.000000000000000000e+00 0.000000000000000000e+00 1.382600504026673671e-01 4.724789885474758172e-02 8.038105095304847597e-03 1.386463063747197513e-03 1.590227677586876498e-01 9.046790318542095866e-02 7.377546551897940126e-03 3.269409914378085952e-02 4.010179755345710459e-03 1.513088647523899537e-02 0.000000000000000000e+00 0.000000000000000000e+00 8.582481225607096684e-03 1.308396767677122707e-01 0.000000000000000000e+00 3.363370821308697342e-03 1.354418199292142522e-01 0.000000000000000000e+00 0.000000000000000000e+00 4.197367942110889760e-03 0.000000000000000000e+00 9.724536972663047965e-03 2.042148460545445965e-01
1.093195401102013166e-02 2.197099618592955259e-02 0.000000000000000000e+00 4.121964832139063395e-02 0.000000000000000000e+00 6.479269021755075519e-02 1.912298008715334896e-01 2.461806430285399042e-02 0.000000000000000000e+00 5.936068559314575110e-02 0.000000000000000000e+00 2.567027218844370948e-02 8.679056722365494775e-03 0.000000000000000000e+00 5.045645526900536387e-02 3.647066956157460349e-02 0.000000000000000000e+00 8.769852723061334621e-03 1.487033522073951189e-02 0.000000000000000000e+00 0.000000000000000000e+00 1.247849721006234341e-01 1.605340567584836731e-01 1.473680299336100896e-01 8.272460018668487472e-03
0.000000000000000000e+00 5.839680530625251942e-03 9.847115624976597592e-02 0.000000000000000000e+00 2.995340151825868352e-02 0.000000000000000000e+00 5.619612126922637896e-02 8.695580246296812088e-02 0.000000000000000000e+00 2.846095331712081636e-02 0.000000000000000000e+00 4.077199322007916960e-03 0.000000000000000000e+00 1.013656032172550667e-02 1.115355143019814976e-01 4.050598292404789490e-03 1.494333502714828843e-01 1.127641681352198610e-01 1.087553444060190659e-02 3.167972858526423019e-02 0.000000000000000000e+00 2.340563586115442657e-02 4.362532573493580444e-03 3.327021402755905161e-02 1.985318485191391868e-01
7.519622643276771545e-02 5.795241822563365966e-03 4.175160933721533407e-02 2.814616601886844871e-03 4.441019173457249475e-02 0.000000000000000000e+00 1.627532857154100898e-01 2.528828211934439074e-01 6.341166483537088484e-03 1.546363540464691308e-02 0.000000000000000000e+00 9.171582523596507469e-03 0.000000000000000000e+00 0.000000000000000000e+00 4.965328765199412964e-02 0.000000000000000000e+00 3.752811543245204717e-02 0.000000000000000000e+00 0.000000000000000000e+00 4.857723953127339629e-03 1.481984567281261107e-02 3.854590257448190123e-03 0.000000000000000000e+00 1.252300528206671815e-01 1.474760069618582803e-01
8.767430193320549514e-02 1.899095374686774612e-02 1.809401081784272128e-02 0.000000000000000000e+00 1.199789935411487291e-01 8.841034703576515844e-03 6.077622648892534729e-03 1.367133540215112186e-01 2.222984271977698767e-02 1.077236199210444695e-01 0.000000000000000000e+00 0.000000000000000000e+00 0.000000000000000000e+00 8.545267105144046735e-03 7.508456624471626650e-02 0.000000000000000000e+00 1.753910116936644170e-01 3.443179385157921386e-03 1.251950506124227536e-01 2.587453870117272306e-02 4.534411954420283601e-03 1.802904383655250589e-02 1.496019983981297337e-04 3.560348397805548990e-03 3.386924601667904572e-02
8.825985322059355263e-04 8.893991605128398481e-02 8.103486364460771307e-02 9.132987417167282018e-02 1.866920285072892153e-03 0.000000000000000000e+00 9.596699981082251751e-02 1.384590174020071673e-01 1.540719853291646312e-02 2.890330044071898544e-02 0.000000000000000000e+00 2.865236335942366458e-02 3.241000620132005600e-02 0.000000000000000000e+00 8.611068410086042749e-03 0.000000000000000000e+00 3.627188779646493139e-02 2.387231264061911995e-02 1.206974814297664261e-01 7.056706877151725649e-03 0.000000000000000000e+00 1.685259009305514477e-01 9.329734209331851449e-03 0.000000000000000000e+00 2.178184927397623649e-02
1.000975954621696890e-01 3.494274937179513586e-03 1.376283842530715874e-02 2.321126509916177083e-02 6.381156404806470270e-03 1.569413532962160227e-02 1.728383574135835266e-01 4.540074545453687965e-02 0.000000000000000000e+00 1.099922778928732634e-03 8.490819178660288097e-03 4.886622985355864451e-02 0.000000000000000000e+00 1.020615992420891667e-03 1.909231458573018847e-01 9.669354170108103441e-02 0.000000000000000000e+00 7.692455587630578351e-02 2.799033530409472323e-02 3.732941347000727668e-03 3.170996293774587700e-03 1.130848238706552624e-03 0.000000000000000000e+00 5.962501395870987292e-03 1.531131776559285507e-01
3.671183044835655759e-04 8.733306949245057049e-04 1.192043662934483134e-01 6.590049028074885899e-03 0.000000000000000000e+00 8.829000692753913304e-03 3.296847560362863028e-02 3.244959764957990045e-02 2.134834489421426340e-02 1.469915403993408698e-01 0.000000000000000000e+00 0.000000000000000000e+00 2.195809814658676411e-03 0.000000000000000000e+00 1.983043792589641863e-01 0.000000000000000000e+00 1.654345051749430417e-01 2.745750953710969153e-02 1.050702022307268071e-02 4.701262546579165758e-02 0.000000000000000000e+00 2.289820831936351542e-03 0.000000000000000000e+00 1.293469553379258778e-02 1.642418105992822785e-01
0.000000000000000000e+00 3.484120693572331090e-02 0.000000000000000000e+00 0.000000000000000000e+00 1.553399139651110705e-01 3.518052003053842147e-03 5.578504777429450778e-02 1.340284630083734829e-01 6.988931320468380441e-03 1.017018920732632031e-01 0.000000000000000000e+00 1.591878080191480929e-02 0.000000000000000000e+00 0.000000000000000000e+00 7.293222891726874879e-02 9.837613792062278872e-03 6.132290960530897145e-02 1.311114463529207755e-02 1.133425676497905182e-01 9.863145509104016134e-03 1.155374073156208159e-02 1.112267644821327006e-01 6.787355556108440888e-04 1.912000978831312689e-02 6.888885145135202615e-02
0.000000000000000000e+00 1.499264527241973323e-02 9.531966127335736449e-02 1.049459279682729042e-02 3.540489330148063473e-04 0.000000000000000000e+00 3.709344628040622815e-03 1.194772117888945884e-01 4.563315566650408966e-02 2.631921997285212589e-01 9.710722660381431587e-03 4.604412273807177713e-02 0.000000000000000000e+00 0.000000000000000000e+00 0.000000000000000000e+00 0.000000000000000000e+00 1.179075570623045188e-01 1.116378791201130989e-02 0.000000000000000000e+00 1.147112169509360152e-02 0.000000000000000000e+00 2.931631537301706680e-03 5.330277040573696418e-02 3.293388214542856268e-02 1.613615437560904642e-01
0.000000000000000000e+00 1.405670678459913607e-02 1.449708103994420683e-01 2.975653813408026677e-03 0.000000000000000000e+00 6.574864289787199154e-03 1.498793507457787666e-01 4.063046379905226047e-02 1.672031021639874132e-02 0.000000000000000000e+00 0.000000000000000000e+00 1.509165899714192370e-02 0.000000000000000000e+00 4.813064100993803308e-03 8.788705369190343009e-02 1.769807454928656182e-02 2.522743084039134540e-02 1.412205329692628186e-01 1.352648307017851881e-01 2.197806475865650075e-02 0.000000000000000000e+00 0.000000000000000000e+00 0.000000000000000000e+00 1.847327608013238018e-02 1.565378532619797203e-01
5.961683141858801355e-02 4.973426346748494910e-03 1.538704698473847103e-02 1.910652909783597947e-03 1.747212917989349537e-02 0.000000000000000000e+00 2.048106552624909260e-01 3.422962349754422873e-02 0.000000000000000000e+00 1.089018475415036852e-01 0.000000000000000000e+00 4.583142647919334622e-02 0.000000000000000000e+00 0.000000000000000000e+00 8.218837569489602368e-02 0.000000000000000000e+00 0.000000000000000000e+00 3.557711638675073451e-02 1.355114934380196312e-01 7.671978326313345573e-03 2.610183598421389559e-03 1.334385041110533465e-01 3.073272222571430540e-02 6.631632960849050129e-02 1.281965698985644553e-02
9.060374299276834076e-02 2.942769660788306044e-03 2.375444076135900875e-02 6.649760741247401352e-02 1.238393057297536987e-01 0.000000000000000000e+00 5.111140420599177359e-04 1.301214848957638059e-01 8.407319116288732019e-03 2.813510730257940025e-03 0.000000000000000000e+00 1.591650847912386840e-02 1.041873749484595046e-01 0.000000000000000000e+00 1.945303601349512856e-01 0.000000000000000000e+00 0.000000000000000000e+00 2.459166473739704192e-02 1.136243841106251463e-02 1.092522300120260526e-02 1.826018926412203080e-04 5.341405489719153708e-03 2.451932312210780909e-02 0.000000000000000000e+00 1.589518044418212761e-01
8.411496580572186757e-03 6.054466322430875763e-02 3.865427603253866751e-02 7.707557700051514450e-03 7.585287111067895785e-03 2.133794691109286781e-02 1.489471654136353407e-01 0.000000000000000000e+00 0.000000000000000000e+00 3.521764009967248525e-03 0.000000000000000000e+00 1.141156136135690769e-03 0.000000000000000000e+00 0.000000000000000000e+00 9.851665501899721511e-02 4.799743459090642650e-02 3.221942072943182606e-02 2.467142813168257398e-01 2.217823787524570572e-03 0.000000000000000000e+00 0.000000000000000000e+00 2.402169511551699443e-02 0.000000000000000000e+00 1.466424583203165544e-01 1.038189180011105522e-01
5.090066382608527187e-03 2.258245543377032996e-02 2.701148392879548082e-02 0.000000000000000000e+00 0.000000000000000000e+00 0.000000000000000000e+00 1.579465637264680089e-01 1.435507168638566200e-01 1.090329079809139977e-02 1.108845936477489275e-01 0.000000000000000000e+00 1.270166793040012655e-02 0.000000000000000000e+00 0.000000000000000000e+00 2.187828719836885580e-02 1.178352846489292942e-02 0.000000000000000000e+00 0.000000000000000000e+00 0.000000000000000000e+00 8.694737752824916246e-03 0.000000000000000000e+00 2.106003029868465382e-01 3.626823628509642794e-02 1.522710346849922014e-01 6.783303391523871906e-02
5.099064996615635011e-04 3.998425382919435639e-03 1.278494241163953271e-01 0.000000000000000000e+00 9.871041622777486368e-03 0.000000000000000000e+00 1.489035145227743384e-01 1.294256217139442590e-02 7.704044652170274551e-03 1.514416981555551378e-01 0.000000000000000000e+00 0.000000000000000000e+00 0.000000000000000000e+00 1.208210679404463604e-02 2.961911843624735058e-02 1.073085536593836389e-02 1.198799891681943952e-01 1.541115845823793143e-02 5.410344096841741314e-03 0.000000000000000000e+00 4.689930250204175227e-03 0.000000000000000000e+00 1.147946062882511213e-02 1.594588534430184945e-01 1.680175662347997423e-01
8.420008036244293684e-03 0.000000000000000000e+00 1.236472232311625757e-01 1.717835969716262692e-02 1.627377775682631658e-02 6.868332022659436042e-02 1.434919302255813212e-01 3.973610780919200475e-02 7.039729686310048501e-03 7.285585442350260392e-03 0.000000000000000000e+00 3.460904879730142963e-02 0.000000000000000000e+00 0.000000000000000000e+00 2.039748989333304164e-03 0.000000000000000000e+00 5.742290402148292339e-02 2.946410934080003624e-02 3.891436079225586014e-03 1.481907886427230765e-02 1.308496073696220341e-01 1.393356233377859577e-01 1.738228438853929234e-02 1.384301167002132960e-01 0.000000000000000000e+00
0.000000000000000000e+00 0.000000000000000000e+00 0.000000000000000000e+00 0.000000000000000000e+00 1.564497211700588142e-01 0.000000000000000000e+00 2.903109957718511547e-01 0.000000000000000000e+00 4.193642697569197747e-02 1.568857246739454314e-01 0.000000000000000000e+00 6.019372829467876246e-02 0.000000000000000000e+00 0.000000000000000000e+00 0.000000000000000000e+00 0.000000000000000000e+00 0.000000000000000000e+00 0.000000000000000000e+00 0.000000000000000000e+00 0.000000000000000000e+00 1.490858973516627321e-02 5.458306111503669067e-02 0.000000000000000000e+00 2.185084400001760518e-01 6.223312263394846673e-03
0.000000000000000000e+00 2.131838224383431069e-02 8.890111836313868698e-02 6.073882832332827726e-03 0.000000000000000000e+00 6.567623739670488958e-02 1.529738624461479957e-01 0.000000000000000000e+00 6.774838971785436884e-03 2.512311056598924910e-02 0.000000000000000000e+00 3.255079046093000208e-03 7.660847352206249551e-03 0.000000000000000000e+00 0.000000000000000000e+00 1.531454446587002527e-01 2.518774750365097414e-03 2.251810310910488944e-02 1.300597221331910025e-01 8.352040118923341472e-03 1.181478256379722008e-01 0.000000000000000000e+00 0.000000000000000000e+00 1.775901058942657568e-02 1.697417197840839775e-01
0.000000000000000000e+00 0.000000000000000000e+00 2.555470299153921737e-02 1.181370234584631917e-01 0.000000000000000000e+00 8.809611982012480191e-02 2.299062642844438564e-01 7.632134145547443682e-02 0.000000000000000000e+00 0.000000000000000000e+00 3.237526790067571381e-04 3.014040835080652667e-02 0.000000000000000000e+00 1.403161012850310651e-03 7.631248118811738423e-02 1.033507172106565702e-01 0.000000000000000000e+00 7.407843203420634397e-03 1.371236516198262763e-02 1.366740038475481450e-03 0.000000000000000000e+00 4.998492351500405384e-03 8.550114453242470616e-03 5.543671964966925131e-02 1.589817526902261025e-01
5.613585902189572110e-03 2.650817347437807014e-03 2.934280822080527940e-04 3.269943188427208020e-02 2.629736603027548955e-02 9.423530792525318389e-02 2.408983389164777791e-02 7.962691702305416119e-03 4.037195637062062498e-02 1.119809384939664532e-01 0.000000000000000000e+00 1.672366226067511508e-01 0.000000000000000000e+00 0.000000000000000000e+00 4.699994568597959388e-02 4.949557390026804171e-02 6.805220501512947336e-03 4.890438761815086438e-02 2.516084539730077067e-03 4.691223290392255822e-03 0.000000000000000000e+00 6.944600270177828452e-03 1.271002154244225491e-03 1.553953163671733528e-01 1.635446654354431595e-01
7.367347639573554319e-02 6.126398924389404171e-02 5.842176979960425620e-02 4.884121690657946581e-03 5.271687366987801160e-02 0.000000000000000000e+00 2.182315846775581270e-01 2.557350723584278507e-01 0.000000000000000000e+00 1.138376757180339059e-02 0.000000000000000000e+00 3.793088306732071008e-02 0.000000000000000000e+00 0.000000000000000000e+00 3.481658454520645293e-04 0.000000000000000000e+00 0.000000000000000000e+00 0.000000000000000000e+00 0.000000000000000000e+00 0.000000000000000000e+00 0.000000000000000000e+00 7.836569545961237504e-02 0.000000000000000000e+00 1.373517588272450962e-01 9.692841392810493117e-03
1.464029812967850008e-02 0.000000000000000000e+00 2.348974222986740037e-02 0.000000000000000000e+00 3.449834643859966965e-02 3.699429222477410711e-02 1.333353258419093246e-01 1.763585213637192950e-01 0.000000000000000000e+00 1.596041449594886143e-03 0.000000000000000000e+00 1.880098965456711013e-01 4.895717151303237251e-04 0.000000000000000000e+00 1.001118787289824799e-02 0.000000000000000000e+00 0.000000000000000000e+00 0.000000000000000000e+00 1.318819252714834456e-03 1.856795677903281747e-02 0.000000000000000000e+00 0.000000000000000000e+00 5.810644031916918119e-03 1.912131596801230904e-01 1.636661964443693884e-01
1.197060498984942566e-02 5.551106183817469154e-03 2.470908439151667246e-02 0.000000000000000000e+00 1.303463990948359845e-02 2.237306461446027933e-02 1.272597611329137068e-01 8.535147070797477128e-03 0.000000000000000000e+00 3.161521219788141629e-02 2.784070577695471355e-03 2.350330472429009721e-01 0.000000000000000000e+00 0.000000000000000000e+00 5.330720217580046938e-02 5.086739227632550847e-02 5.679918679056521202e-02 1.122973441841238901e-01 2.324068257669125587e-02 0.000000000000000000e+00 0.000000000000000000e+00 0.000000000000000000e+00 0.000000000000000000e+00 3.718443105469763921e-02 1.834380226304795081e-01
8.321377511754582748e-03 3.843668080692650216e-03 1.473191237594384806e-01 1.053566631342839899e-01 1.422106908420177618e-01 0.000000000000000000e+00 8.247556212573791540e-03 1.292470153487504103e-01 0.000000000000000000e+00 5.906813447535026740e-03 0.000000000000000000e+00 6.302025880163543425e-02 0.000000000000000000e+00 1.361293586256462611e-03 4.426903360011630317e-02 8.963932568622254293e-03 3.927800988453661324e-02 3.466651083454147519e-03 5.004592103055545416e-03 2.085958832140769395e-02 0.000000000000000000e+00 0.000000000000000000e+00 1.021892892627451616e-01 1.611344424511235440e-01 0.000000000000000000e+00
8.906156985870003484e-02 2.817547653203895594e-02 0.000000000000000000e+00 2.573865142226701430e-02 9.408194807030475365e-03 4.791897481515713236e-02 3.140781516282004169e-03 9.129350800378077668e-02 6.568497895565746092e-03 5.584573590608257754e-02 4.067903074735553133e-03 1.359651008939483652e-01 0.000000000000000000e+00 0.000000000000000000e+00 1.056222517807874212e-01 0.000000000000000000e+00 3.897172326942045101e-02 0.000000000000000000e+00 1.323500002244172025e-01 2.483319895484017645e-02 0.000000000000000000e+00 1.379383804853623677e-02 1.291422573270373936e-02 7.261365475653893536e-03 1.670690017880523404e-01
0.000000000000000000e+00 0.000000000000000000e+00 1.137211635404644927e-01 9.489685419166695585e-03 1.304745987842128585e-01 0.000000000000000000e+00 7.094923470622105377e-02 0.000000000000000000e+00 4.807656210017403203e-03 6.535579453998530131e-02 0.000000000000000000e+00 6.471402192328709613e-02 0.000000000000000000e+00 0.000000000000000000e+00 3.167089983257791869e-02 9.455495227861782093e-02 5.195971650612990315e-03 3.720137541808207077e-02 0.000000000000000000e+00 3.127744071636327089e-02 4.612638654599088978e-02 0.000000000000000000e+00 0.000000000000000000e+00 1.447408572227767698e-01 1.497199612116232037e-01
4.373095269751437787e-03 1.081026998728605928e-02 9.673155670794357508e-02 2.073094365049245325e-02 2.130686883651997446e-02 8.446443667986652803e-02 5.451791720794944840e-02 0.000000000000000000e+00 9.183618077182535699e-03 1.204687128829180082e-01 0.000000000000000000e+00 1.820340341348434426e-04 0.000000000000000000e+00 3.688333468506413589e-03 1.974005662276752393e-02 4.521816942507988872e-03 1.222512271454549299e-01 5.822991228552589632e-02 9.740200082825643813e-02 0.000000000000000000e+00 3.884922987837361678e-03 9.225476515809331868e-02 3.665181677567541998e-03 5.050279878339119718e-03 1.665420496710985632e-01
8.869265284977309594e-02 4.542191537207761198e-02 0.000000000000000000e+00 8.796820690967046066e-04 5.772451446774636008e-03 2.261421037592904054e-03 1.249918222557393384e-02 1.350347179057071190e-01 0.000000000000000000e+00 2.766298238494468986e-02 3.804000131133978765e-03 1.182586934501393405e-01 0.000000000000000000e+00 7.097786837683243977e-03 1.633121297047762654e-01 3.129946470054233154e-03 0.000000000000000000e+00 0.000000000000000000e+00 3.558829210939849080e-02 4.409261718742354952e-02 0.000000000000000000e+00 1.231388637390312766e-03 1.230265227210672191e-01 1.886378602899829379e-02 1.633698314303944354e-01
2.231496519152728272e-02 0.000000000000000000e+00 5.782670792491747744e-03 0.000000000000000000e+00 2.188103461657780330e-02 0.000000000000000000e+00 1.035734654696434526e-02 1.161930190377928468e-01 6.193886263013694167e-03 7.933836847985363538e-02 0.000000000000000000e+00 0.000000000000000000e+00 1.387307758424490174e-02 1.471738004232395029e-02 1.699132257151483028e-01 0.000000000000000000e+00 1.319699514633237425e-01 1.740624903415896423e-03 0.000000000000000000e+00 1.167746318909421016e-01 1.304293056858242816e-01 8.198148272354162163e-04 0.000000000000000000e+00 1.577006969593200136e-01 0.000000000000000000e+00
1.408250985678785872e-01 1.206251339752154343e-03 1.124365949176280716e-02 8.077451221862859063e-03 1.036935139825856562e-02 1.001543374860846269e-01 1.799050315993563354e-01 3.973944655460096703e-02 5.809810545781815896e-03 2.884779339844473559e-02 0.000000000000000000e+00 2.565207294863676088e-02 4.441860985417822160e-04 0.000000000000000000e+00 1.114250584145692335e-01 0.000000000000000000e+00 0.000000000000000000e+00 5.603165415556977946e-02 1.207172938728747272e-02 9.879889198406233489e-03 0.000000000000000000e+00 3.708743389084773971e-03 0.000000000000000000e+00 1.365369580521197945e-01 1.180714767520006786e-01
0.000000000000000000e+00 7.337067830963468242e-03 7.411952385862209669e-02 3.683567176180755319e-03 1.917759815161721726e-01 0.000000000000000000e+00 5.261588584778227606e-02 1.315578623527482172e-01 7.557319709505808114e-03 7.075114843371248241e-02 0.000000000000000000e+00 5.413091300976453218e-02 0.000000000000000000e+00 0.000000000000000000e+00 8.663151869715932096e-02 8.004306874848807207e-03 3.474618257093678442e-02 4.779471550235614430e-03 7.541470459338144028e-02 0.000000000000000000e+00 0.000000000000000000e+00 7.662223691539985990e-03 0.000000000000000000e+00 2.431796824481832070e-02 1.649143540416280196e-01
1.335461386200052225e-01 0.000000000000000000e+00 1.766366740184336303e-04 1.075696832053824881e-01 4.956843242284643403e-02 6.518550178666451811e-02 1.552183752004215045e-01 1.747027652738553788e-02 7.399625360518706854e-03 0.000000000000000000e+00 0.000000000000000000e+00 6.520857867359667291e-03 0.000000000000000000e+00 3.525462647134258438e-04 1.404790479067699049e-01 0.000000000000000000e+00 2.173791591239077753e-02 0.000000000000000000e+00 1.335681149792650180e-01 8.398226182702453468e-02 4.836959311149636380e-04 2.426100466659012952e-02 2.557360581697107685e-02 2.690627903055761369e-02 0.000000000000000000e+00
0.000000000000000000e+00 2.934951378722580953e-02 1.071696427995773859e-01 7.371361717313873983e-03 1.480141895909288796e-01 3.137878248144385790e-02 1.950821006681205394e-02 1.327105557468201968e-01 2.035583762742495390e-02 2.201237963004287757e-02 0.000000000000000000e+00 5.003590093145746098e-02 4.835867074661410504e-03 0.000000000000000000e+00 3.527526309645519741e-03 0.000000000000000000e+00 1.272580285302894743e-02 2.224947777103468069e-02 2.440989073608975431e-03 0.000000000000000000e+00 0.000000000000000000e+00 1.069663065002453145e-01 1.652388229462888871e-03 1.483431904950817393e-01 1.293520773141831892e-01
0.000000000000000000e+00 1.689891180735431835e-03 1.943719696201051455e-03 5.932787789020486924e-02 7.060281011321371640e-03 0.000000000000000000e+00 1.638479211532584134e-01 3.953300461096027202e-02 0.000000000000000000e+00 1.811546147405007287e-02 0.000000000000000000e+00 0.000000000000000000e+00 2.418590676750290852e-02 2.259390447085311837e-02 1.333042900975761058e-01 1.200463787760344507e-02 1.610777611419936250e-02 2.198109639832084850e-01 1.032810210291882080e-01 2.505654932917106628e-02 0.000000000000000000e+00 6.027776995712120708e-03 0.000000000000000000e+00 0.000000000000000000e+00 1.461090163182535984e-01
8.739460633130470904e-03 2.223685634033613790e-03 9.743138999326175775e-02 2.246305076277095233e-02 1.111777582514665991e-01 6.196511184105894104e-02 2.308104995268539239e-01 2.336372029292505675e-02 0.000000000000000000e+00 2.616876050795651984e-02 0.000000000000000000e+00 8.202658663193617902e-03 0.000000000000000000e+00 0.000000000000000000e+00 2.169464592661861022e-02 0.000000000000000000e+00 0.000000000000000000e+00 1.345333537860426976e-01 8.624658768225328120e-02 0.000000000000000000e+00 0.000000000000000000e+00 0.000000000000000000e+00 5.807211898933673649e-03 6.338847033062076398e-03 1.528332575664382575e-01
1.018421890376149247e-01 3.570857924878571149e-02 1.443522841018666548e-02 4.199852538759320936e-02 5.133205317847070598e-02 2.853109681742538003e-06 5.369820100143502667e-02 4.694966230643077276e-02 5.149478936599888659e-04 1.255209133750912753e-01 0.000000000000000000e+00 1.822846861556048914e-01 5.687044159646927229e-03 0.000000000000000000e+00 5.218439760580861897e-02 6.304064640504898620e-02 7.340555867220300255e-03 2.432914299026027894e-03 1.372398787382684282e-01 0.000000000000000000e+00 0.000000000000000000e+00 0.000000000000000000e+00 2.278561389325885461e-03 0.000000000000000000e+00 7.550816243109982617e-02
9.141241788937052443e-03 1.047182611258041240e-01 7.032562680504869657e-02 1.310333220653652452e-02 1.623302322877856821e-02 2.577605356983946744e-02 5.530050976872392943e-02 6.230194863815571860e-02 7.772638014072374979e-02 9.032117465753606786e-03 0.000000000000000000e+00 1.093122796611356723e-01 2.018955114637078704e-02 7.666205590554388098e-03 1.468605304228146891e-01 9.106787065376723000e-03 3.366856868047586604e-02 0.000000000000000000e+00 1.347200939453819246e-01 2.012895486362301090e-02 2.815661647395847553e-03 0.000000000000000000e+00 0.000000000000000000e+00 1.509143539805168563e-02 5.678143684051795148e-02
