0.000000000000000000e+00 1.294376581516759606e-01 0.000000000000000000e+00 2.129135741326989781e-02 9.433473019438914182e-04 1.461025163550487560e-01 0.000000000000000000e+00 0.000000000000000000e+00 1.772641238426255761e-01 0.000000000000000000e+00 0.000000000000000000e+00 3.325938268405757847e-02 1.530691421666193798e-02 1.629269686486114078e-03 2.002326340592407855e-02 0.000000000000000000e+00 0.000000000000000000e+00 1.367601140085276668e-01 1.567579150265147880e-01 1.612241379072636982e-01
0.000000000000000000e+00 0.000000000000000000e+00 1.535011864709405482e-01 1.992243432443148721e-01 2.176788291037703299e-03 8.201729816759759095e-02 1.925272330114435881e-02 1.267043328082865794e-01 4.253150344676112637e-02 2.702220882114278813e-02 0.000000000000000000e+00 9.964217633304497945e-02 0.000000000000000000e+00 3.036919671512695873e-02 0.000000000000000000e+00 0.000000000000000000e+00 5.708908499068810621e-02 1.377098005912331669e-01 1.946354381196276117e-03 2.081300243748506265e-02
0.000000000000000000e+00 1.555490844484149759e-01 1.690941832657545663e-02 2.830211939196519699e-02 2.112104933754249403e-01 4.049930458272054529e-02 1.654954135190709469e-02 0.000000000000000000e+00 3.277988490524030157e-02 3.552141653730108654e-03 2.675606053282024097e-02 0.000000000000000000e+00 4.766952086448045939e-02 1.586164248506050367e-01 1.620883412875590707e-02 0.000000000000000000e+00 0.000000000000000000e+00 2.512254786671695023e-02 6.236565073036191842e-02 1.579089729902808936e-01
0.000000000000000000e+00 9.175066463901902780e-02 0.000000000000000000e+00 9.424038026424193248e-02 0.000000000000000000e+00 0.000000000000000000e+00 3.301168799367858089e-03 6.952004849757463523e-02 1.683280374937365376e-01 2.587526041395200177e-02 0.000000000000000000e+00 8.219132908213426514e-02 2.400448233520397628e-02 0.000000000000000000e+00 1.006709698541348279e-02 2.342477208996330412e-02 5.291255076193619733e-02 1.672323703903336456e-01 1.308788926372569106e-01 5.627294560986639133e-02
0.000000000000000000e+00 8.298304954113898402e-02 0.000000000000000000e+00 9.627130577524328076e-03 1.548834030611783708e-01 2.940701831368843291e-02 0.000000000000000000e+00 1.978745127614948696e-01 0.000000000000000000e+00 0.000000000000000000e+00 0.000000000000000000e+00 5.041956187497144415e-02 3.837353913667451710e-02 0.000000000000000000e+00 0.000000000000000000e+00 2.222059991443329705e-02 1.974403150153945276e-03 8.174292364435624403e-02 1.616005369583705387e-01 1.688933210660150952e-01
0.000000000000000000e+00 1.087261077163956813e-01 0.000000000000000000e+00 9.931412451488651205e-02 3.466507722703501826e-02 1.341727884828430029e-01 0.000000000000000000e+00 2.077940235220230442e-02 7.509702967265693974e-02 0.000000000000000000e+00 0.000000000000000000e+00 8.963411184726045866e-02 1.686875300647978637e-01 7.609799611566277211e-02 0.000000000000000000e+00 1.327469634403328214e-01 9.165180578853210358e-03 0.000000000000000000e+00 0.000000000000000000e+00 5.091368798707346377e-02
0.000000000000000000e+00 7.387314638075352657e-02 0.000000000000000000e+00 8.349337979219173533e-02 2.209134494525905046e-02 1.369908047223517278e-01 0.000000000000000000e+00 1.826750309100201586e-01 6.410763164392467572e-02 0.000000000000000000e+00 0.000000000000000000e+00 8.816212495202811403e-03 3.214663033541711925e-03 6.585118302858306016e-02 0.000000000000000000e+00 0.000000000000000000e+00 1.546008470616882235e-01 3.750496780290851762e-02 1.667807881835746409e-01 0.000000000000000000e+00
1.534704739259419408e-02 1.568109811578572987e-01 2.409143587207171651e-03 1.213290350226496270e-02 1.649510841080635559e-01 3.492447110957351900e-03 0.000000000000000000e+00 1.137984385018056717e-02 5.028474912408495423e-02 0.000000000000000000e+00 1.041296262356716101e-02 1.740925996504232298e-01 0.000000000000000000e+00 1.377178725905555401e-01 5.478677142541222254e-03 0.000000000000000000e+00 1.461006208565341913e-01 0.000000000000000000e+00 9.746739646399361912e-02 1.192167083917504075e-02
2.446520498870782562e-03 3.741577338570879069e-02 0.000000000000000000e+00 3.582952009164032392e-02 1.437450588918415539e-01 1.902091658099401283e-01 1.553632691304800617e-03 5.887983258309979068e-02 6.533247379275877731e-02 0.000000000000000000e+00 0.000000000000000000e+00 5.467788712062534272e-03 3.873273702289914411e-02 0.000000000000000000e+00 7.871797429957666514e-03 1.571665875218881264e-02 1.674621899546420156e-01 0.000000000000000000e+00 2.186561429831651304e-01 1.068070739991973557e-02
0.000000000000000000e+00 1.563791841731086152e-01 0.000000000000000000e+00 2.477680085858705462e-03 1.507015727802389071e-01 1.964752328955565730e-02 3.669694403951516372e-04 8.206734494606408165e-03 7.483986446010855442e-02 1.230413754229649770e-01 0.000000000000000000e+00 3.877128132479932404e-02 4.555482708353600189e-03 7.443232943751579289e-02 1.238185170227203008e-01 2.790886854232994471e-02 8.683405193827344742e-03 0.000000000000000000e+00 0.000000000000000000e+00 1.861692116236167982e-01
0.000000000000000000e+00 0.000000000000000000e+00 0.000000000000000000e+00 9.098441334492861354e-02 2.197339185412464438e-03 1.001442510228239408e-01 1.147825032111655409e-02 6.015129423174703921e-02 3.555127795756526238e-02 1.141657933462130320e-01 0.000000000000000000e+00 6.164229082843456636e-02 1.944447539552877358e-01 4.799888570552697520e-02 1.701266161914130604e-01 7.816591563944595700e-02 1.414100912229615016e-02 0.000000000000000000e+00 1.880790914778858111e-02 0.000000000000000000e+00
3.526547055030152412e-03 1.355024759707705029e-01 4.617380806095907481e-02 0.000000000000000000e+00 1.179767283509807092e-02 2.903893469983977460e-01 6.665447699207733938e-03 8.863306352872458993e-02 0.000000000000000000e+00 0.000000000000000000e+00 0.000000000000000000e+00 2.783135256437721874e-02 1.457210180735004634e-01 4.425363900205316059e-02 1.368104002285721807e-02 0.000000000000000000e+00 0.000000000000000000e+00 1.880710143202237133e-04 5.403322903856953852e-02 1.316032881361343110e-01
1.039203563565802013e-02 2.002889322197932975e-02 0.000000000000000000e+00 2.502107210663664927e-01 2.967112372415019531e-02 5.125159273373367658e-02 0.000000000000000000e+00 2.837870575044214652e-02 1.801697032160571102e-02 4.201739519807189496e-04 0.000000000000000000e+00 6.059622364364523200e-02 1.069625340933771512e-01 8.164157152087435365e-02 1.248252876678260376e-01 2.085783448836834794e-02 0.000000000000000000e+00 1.243228032120762272e-01 0.000000000000000000e+00 7.242352896791640071e-02
8.464111598422367766e-02 8.771525443726486959e-02 2.031751631680823577e-03 1.175842496926802301e-03 5.317775072455999813e-02 1.540685878664473929e-01 0.000000000000000000e+00 1.758509258736735623e-02 3.514502335084194323e-02 0.000000000000000000e+00 0.000000000000000000e+00 1.118075152943208556e-01 1.330371555632946234e-01 4.066053584352712080e-02 4.793354802426927352e-02 9.814454667089905771e-02 0.000000000000000000e+00 1.754179547101291509e-02 8.122311693356210061e-02 3.411136711980111008e-02
6.714102538393267906e-03 1.075192542250165556e-01 6.790130330482974444e-03 1.269542549581933848e-02 1.490589412245308110e-01 1.059650961409366321e-01 0.000000000000000000e+00 1.088584284995422306e-02 5.655212788045861638e-02 0.000000000000000000e+00 1.403719737828866380e-02 4.317666321363415605e-02 5.029713475808707951e-02 2.404033532582710089e-02 1.376446958574827073e-01 8.695575076773940162e-04 1.145315837973607392e-02 1.187948886553378408e-02 9.127636880351457094e-02 1.591444792246261564e-01
0.000000000000000000e+00 0.000000000000000000e+00 0.000000000000000000e+00 0.000000000000000000e+00 2.237061083816642149e-01 6.126799640010180750e-03 0.000000000000000000e+00 1.494714297903959044e-01 0.000000000000000000e+00 0.000000000000000000e+00 0.000000000000000000e+00 4.199023642867806549e-02 6.044966441068208574e-02 0.000000000000000000e+00 2.234016856637495094e-02 0.000000000000000000e+00 1.847096976228095877e-01 5.533188157354517606e-02 1.757270255440140372e-01 8.014698804182585068e-02
1.566961085191571623e-01 0.000000000000000000e+00 0.000000000000000000e+00 0.000000000000000000e+00 4.055839192004900146e-02 1.501573611727911595e-01 1.148310534264160515e-03 1.540398456360804469e-01 1.106556612853590027e-01 0.000000000000000000e+00 0.000000000000000000e+00 1.508952009774151490e-02 1.988409305931696999e-02 7.630550223836034263e-02 2.083750795344960910e-02 0.000000000000000000e+00 2.891476262630044217e-02 0.000000000000000000e+00 4.939972699603210893e-02 1.763132079610981728e-01
6.554642518516926031e-02 4.643415845887147869e-02 1.939564218083046588e-04 5.283003131791483981e-02 0.000000000000000000e+00 1.279095502241733295e-01 0.000000000000000000e+00 1.437828263698235909e-01 6.000473826096530683e-03 3.863511295905340537e-02 0.000000000000000000e+00 0.000000000000000000e+00 1.125487642103837338e-01 0.000000000000000000e+00 2.198003543478744756e-02 0.000000000000000000e+00 4.383833212691799069e-02 9.128135844696439643e-04 1.614737490099287798e-01 1.779137708706017285e-01
0.000000000000000000e+00 0.000000000000000000e+00 7.682611810918656137e-02 1.100051946151412580e-01 4.852837801619670419e-03 1.101030063047017393e-01 3.263589923662556496e-03 0.000000000000000000e+00 1.619624617992204418e-01 0.000000000000000000e+00 4.401200846436094273e-06 1.577823504576664204e-02 4.309022531129640121e-02 1.550010790298389333e-03 1.538435032744896180e-01 7.584665296750909419e-03 0.000000000000000000e+00 0.000000000000000000e+00 1.267045564446913665e-02 2.984652948825501917e-01
0.000000000000000000e+00 0.000000000000000000e+00 1.062820594082710020e-02 0.000000000000000000e+00 1.974130221025012510e-01 4.983983955041264291e-02 0.000000000000000000e+00 3.118883759260875077e-02 6.487340333890449784e-02 0.000000000000000000e+00 0.000000000000000000e+00 0.000000000000000000e+00 0.000000000000000000e+00 1.376863894779400410e-01 8.483424329962692412e-03 8.511284337903390201e-03 0.000000000000000000e+00 3.910683034120987153e-03 2.935343150292068493e-01 1.939305952656118215e-01
0.000000000000000000e+00 5.566103906127176787e-02 0.000000000000000000e+00 6.277262851797023140e-03 0.000000000000000000e+00 1.483765486540265799e-01 0.000000000000000000e+00 6.855483529858383274e-02 0.000000000000000000e+00 0.000000000000000000e+00 0.000000000000000000e+00 1.325870670492384495e-01 2.093501146737494489e-01 1.394438104824643754e-01 5.924068015662886655e-02 0.000000000000000000e+00 0.000000000000000000e+00 0.000000000000000000e+00 9.534847725254303602e-03 1.709737940469853446e-01
1.596766954021425558e-02 2.720127376356190618e-01 0.000000000000000000e+00 8.213745926873612310e-03 0.000000000000000000e+00 2.182469655794231841e-02 0.000000000000000000e+00 1.314820364156812360e-01 3.362466907182272424e-02 0.000000000000000000e+00 1.124421217498388400e-05 0.000000000000000000e+00 1.864384435240274140e-01 0.000000000000000000e+00 1.467966442272359076e-02 1.297472477289169646e-01 0.000000000000000000e+00 1.867786037962792731e-02 1.385291940586974302e-01 2.879079052567863964e-02
4.179559023603340862e-02 4.387000438361566418e-02 4.013530456590690826e-02 1.320098258703279182e-01 3.073938589691712145e-03 1.576594219355409165e-01 0.000000000000000000e+00 0.000000000000000000e+00 5.612796899904291814e-02 0.000000000000000000e+00 3.705834206298374515e-03 5.516986593890553514e-02 1.901472437486728673e-01 0.000000000000000000e+00 0.000000000000000000e+00 0.000000000000000000e+00 0.000000000000000000e+00 0.000000000000000000e+00 1.580943956546050078e-01 1.182106058713587177e-01
3.655569051347463960e-02 5.715973866255995295e-02 4.410314884193595325e-02 0.000000000000000000e+00 5.363700591518231336e-02 1.617982396112629950e-01 2.492496165401813027e-02 1.107019220574136376e-01 1.324047378291190458e-02 0.000000000000000000e+00 0.000000000000000000e+00 2.799497145517778132e-02 5.913779653035849439e-03 0.000000000000000000e+00 0.000000000000000000e+00 6.091895749961505346e-02 9.060197059887172000e-02 0.000000000000000000e+00 1.453463471852488864e-01 1.671027925692911420e-01
5.663843253894697977e-02 1.485198162641499786e-01 2.195815981203917688e-02 4.186737220798714132e-02 4.990363537989200328e-03 0.000000000000000000e+00 1.203377206417417522e-01 3.396898894933756199e-03 1.771778491344363771e-01 1.794772012514132559e-03 0.000000000000000000e+00 0.000000000000000000e+00 0.000000000000000000e+00 1.407840899658682754e-01 4.749279691967462497e-02 3.014432081802415758e-02 0.000000000000000000e+00 1.601072628693809424e-02 1.277684588060335955e-02 1.761098350841530658e-01
7.971626108549410838e-02 1.203180360333401394e-01 6.895965044228262106e-03 3.755578148299451146e-03 1.485747970480489526e-03 1.426572762662949023e-01 3.231947824349821335e-02 2.435599293911089661e-02 2.761680973508547354e-01 0.000000000000000000e+00 1.827608127441198230e-02 2.077257985208881552e-02 0.000000000000000000e+00 0.000000000000000000e+00 1.267420501619643397e-02 5.101973134714883618e-02 1.456874978139962584e-01 5.919174023952412239e-04 2.921749542641405295e-03 6.038380466951982078e-02
2.872898898077995422e-02 1.788878625991957017e-01 0.000000000000000000e+00 1.922128446691275805e-01 1.498894486783073354e-01 5.580510250326752714e-02 0.000000000000000000e+00 1.537514254433266225e-01 8.034536331490998995e-02 0.000000000000000000e+00 0.000000000000000000e+00 0.000000000000000000e+00 6.807186735978521842e-03 0.000000000000000000e+00 1.067705062560110885e-01 0.000000000000000000e+00 0.000000000000000000e+00 0.000000000000000000e+00 2.831810539851295494e-02 1.848316542058280401e-02
4.689455360528519551e-02 2.588449883306442878e-02 0.000000000000000000e+00 1.969436266962758947e-02 1.263491586295128685e-02 0.000000000000000000e+00 0.000000000000000000e+00 1.869066852563357195e-01 2.489130256898870394e-02 2.645883336374604301e-03 9.419398902406002404e-04 1.649386957384005592e-01 6.994963735470187231e-03 0.000000000000000000e+00 0.000000000000000000e+00 0.000000000000000000e+00 2.065729828348261965e-01 2.885926548794011132e-03 1.975855325513126703e-01 1.005277565683282970e-01
0.000000000000000000e+00 1.309691270626992254e-01 0.000000000000000000e+00 6.998585867610503108e-02 6.488973743027900976e-02 1.281736983447294143e-01 0.000000000000000000e+00 1.268385801884705788e-01 0.000000000000000000e+00 0.000000000000000000e+00 0.000000000000000000e+00 1.019200062793433753e-01 1.529051708246011443e-01 0.000000000000000000e+00 0.000000000000000000e+00 0.000000000000000000e+00 2.656759186880919971e-02 3.528877138448987660e-03 2.759708780138736897e-02 1.666242643851266469e-01
9.209160152646954367e-02 4.227654221162128328e-02 1.232080519628037524e-01 7.511746188715993922e-02 4.124855825953546024e-02 1.466339806056734252e-01 0.000000000000000000e+00 4.293082539222529276e-02 1.013856644942879581e-01 0.000000000000000000e+00 0.000000000000000000e+00 8.087663363450765070e-04 4.274097138087944170e-02 0.000000000000000000e+00 0.000000000000000000e+00 5.654968593508506725e-02 1.548207186021701431e-01 1.454081753255242679e-02 6.564635387319106563e-02 0.000000000000000000e+00
2.286964454787600992e-02 3.357167538349464797e-02 1.184375479247863489e-01 0.000000000000000000e+00 9.689706930173776211e-02 4.487106603872131373e-03 0.000000000000000000e+00 3.785649848254549199e-02 1.194588022887084489e-02 0.000000000000000000e+00 1.259587373929705939e-03 1.940324610424297713e-01 7.045979946268381144e-02 4.747891875978161452e-02 2.825862856208554569e-02 2.168250816471913554e-03 8.465940329719004454e-02 1.729286806237442797e-02 2.727968650447810256e-02 2.010449736453918668e-01
0.000000000000000000e+00 0.000000000000000000e+00 0.000000000000000000e+00 1.354729029386226857e-01 0.000000000000000000e+00 7.644304772646695612e-02 7.739514530516013180e-02 2.237111480220209370e-04 6.148205026851803756e-02 1.025536334052605959e-03 0.000000000000000000e+00 1.422779479486384058e-01 1.153348279816459737e-01 0.000000000000000000e+00 5.947883514113787295e-03 0.000000000000000000e+00 1.828231949081953467e-01 0.000000000000000000e+00 2.009011279029442876e-01 6.726240236197734848e-04
8.267474957248957534e-03 2.042014197315131230e-01 1.880270194378428142e-03 5.366153648052400180e-03 8.351745606962143742e-02 1.350768821643209272e-01 0.000000000000000000e+00 1.244445472322670831e-01 1.706539218992459694e-01 0.000000000000000000e+00 0.000000000000000000e+00 6.451906643296920381e-03 0.000000000000000000e+00 2.824820305024097148e-03 4.556411702756842791e-02 0.000000000000000000e+00 0.000000000000000000e+00 1.672160366822782532e-02 3.862982416194343793e-02 1.563996022972911348e-01
0.000000000000000000e+00 1.476074217058512619e-02 7.048257106025796262e-03 1.259552528730206733e-01 7.944667984628592250e-02 3.169255036274012949e-01 3.325297905995827901e-03 0.000000000000000000e+00 2.974206141251442472e-03 0.000000000000000000e+00 0.000000000000000000e+00 5.194242238988225346e-02 1.586177498481071424e-01 7.251138305728732636e-02 2.371431844140553177e-02 8.686357913689250754e-02 3.239956637692228969e-02 1.330166075534358963e-02 1.021338032359311171e-02 0.000000000000000000e+00
0.000000000000000000e+00 2.104358175103969095e-02 0.000000000000000000e+00 1.075747011430792238e-01 4.820093313613871971e-02 1.509229722416194075e-01 1.227868632237303151e-02 1.267496599908066734e-01 2.312082983311424256e-01 0.000000000000000000e+00 0.000000000000000000e+00 0.000000000000000000e+00 0.000000000000000000e+00 4.586569191132126161e-02 0.000000000000000000e+00 0.000000000000000000e+00 2.177340148413908424e-02 0.000000000000000000e+00 1.581829320829158669e-01 7.619914160542458348e-02
