7.230181512786025922e-06 3.684735233123819648e-02 2.762629061533544358e-02 1.477253933510984212e-02 3.420065039968308435e-02 8.671696272063632305e-02 2.587273087591317189e-02 7.871476000260128891e-02 1.016522570773211315e-01 5.773783022821657972e-03 3.614349766468546391e-03 3.009081173078372862e-01 1.906646513328918340e-03 9.936598329081799616e-03 1.208376163486972119e-02 2.480928817559246990e-02 2.710439580512280858e-02 1.135104772031183956e-01 3.758590724709972436e-02 5.635590145530739586e-02
6.459827072982819891e-03 0.000000000000000000e+00 4.928834421233760539e-03 2.210705738723363067e-01 8.014599769521622494e-03 6.503887430774363265e-02 2.552873896279899898e-02 2.260621960076514003e-01 2.073795071672716178e-02 1.813262549486024250e-02 3.260663333457243605e-03 2.509121106930469747e-01 3.324977304940205367e-04 0.000000000000000000e+00 4.948816050143171495e-04 4.461238643817708530e-03 1.251376855576226790e-04 5.993667275789139187e-02 2.087858672689274150e-02 6.362399019797213007e-02
5.948838831094254744e-03 2.150841969116364452e-02 1.143514353484635648e-01 2.122243072895767246e-01 1.955998760135348874e-02 7.044612122113499963e-02 6.739577483084636944e-02 1.691530191838687522e-04 9.932475186986294141e-03 1.666830324121357633e-04 0.000000000000000000e+00 6.617514286784810518e-02 1.286789706542502409e-01 5.907603879204538500e-02 3.185381310591564336e-03 9.233969254876026392e-03 1.352867482373124736e-03 3.484193532106201995e-03 1.647434373466094004e-01 4.236680270708469837e-02
1.486211076645330975e-01 4.697040214657662721e-02 1.026724056757253034e-01 1.922498046373347785e-02 1.514010556608097122e-02 8.444330938610205076e-03 8.566041077526567998e-04 8.562344806934622798e-03 3.671308470080853620e-02 1.513310560905745290e-02 0.000000000000000000e+00 2.023506792419151046e-01 9.346161269746095651e-03 0.000000000000000000e+00 2.176024178746440232e-02 6.671911226152736629e-02 2.408283877725551306e-03 2.688942127893339737e-03 1.914573816353514202e-01 1.009307261185638099e-01
1.454943548346655400e-03 9.611239898796144002e-03 1.038018251759471461e-01 3.068760401332720419e-02 4.162114638249586607e-02 9.805906650918424713e-03 1.837953809986397555e-02 1.055227801902840559e-02 2.191143843882447425e-03 2.657939012955439027e-03 2.723936017314203609e-03 3.025310876536391191e-01 1.120647590077896404e-02 3.838871770369477188e-02 1.045127632497037072e-02 0.000000000000000000e+00 1.157870680311111865e-02 6.667191556006858699e-02 1.092575499174208709e-01 2.164267694734401670e-01
1.892618508575378278e-01 1.671588736129472064e-01 6.479546255318879844e-02 1.270625073781549985e-01 3.025040278218353931e-02 5.008951863691207818e-02 1.534855168450006339e-04 1.034265064505359311e-03 3.292974239627562139e-02 1.243852720693327564e-02 1.070646027195487800e-02 2.030596609795069507e-01 4.439718018745617001e-02 1.485685406733369858e-02 2.641307564604606847e-02 1.872772534428882377e-02 1.308826214195793827e-03 0.000000000000000000e+00 3.864078088649807612e-04 4.969173474868941384e-03
3.068650641085294900e-04 3.509094459823094980e-02 3.916905375312721913e-03 2.059378159793656959e-01 7.674543429049764283e-03 1.596352251851591020e-01 0.000000000000000000e+00 4.143165992247465484e-02 0.000000000000000000e+00 3.464662465880538438e-03 1.912150302950132259e-03 1.681474105068998803e-01 3.339634027529091859e-02 5.591008640680762698e-02 1.084452418161647828e-02 8.133206973787920901e-02 2.114412336217915030e-03 1.341709593958062829e-01 2.499970829517998358e-02 2.971371654176948110e-02
1.048511410415901984e-01 3.327133996858656212e-02 2.918775982806218541e-02 2.565802838767799673e-02 6.213362278566479397e-04 8.223714428625510109e-03 4.987367986201408226e-03 4.868976196480014756e-02 2.687575917864583677e-02 4.482625700648940406e-03 4.674682520865183766e-03 1.215178043669175312e-01 6.764882296217798741e-02 1.026770855896406293e-01 3.930165349676284503e-02 1.053026941449010240e-01 4.406682961442485308e-02 7.351181636256225171e-02 1.431463842500461381e-01 1.130339197900607530e-02
1.940641289232781369e-02 1.108755627258085630e-01 5.483877117697633606e-03 2.287678125173287502e-01 2.573676159788033588e-02 9.227373260618171660e-03 0.000000000000000000e+00 2.709580083353214583e-02 2.554063917281150509e-02 1.230956858729045401e-02 1.629572305319542183e-02 2.637669728978423445e-01 1.248934871313372302e-02 2.348915910009085478e-02 7.746681125083336970e-03 2.237175387883579350e-02 1.013162890751749881e-02 1.006961645808704484e-03 1.448872706077107553e-01 3.337069136548635739e-02
8.318326657296143400e-02 9.912899133769889626e-02 6.343074636152080947e-02 1.501640021296099525e-01 2.932925861189955227e-02 1.387401205792735889e-02 7.142897981848013965e-03 8.832432909547321964e-02 8.223664408446972052e-02 0.000000000000000000e+00 5.262660613397214700e-03 3.318734329456737159e-02 1.846107394176762020e-02 5.034257614009739895e-02 1.571471403576257808e-02 4.181853233422199584e-02 9.664732880216263256e-03 5.664099103592643014e-02 1.797478831200942720e-02 1.341184391786247876e-01
5.726418258985628562e-02 2.714340477045635441e-02 9.049564562025167250e-03 1.121387168230649350e-01 9.092101124679487223e-03 5.299137568058117514e-05 3.258290929593423454e-04 4.668068149019759250e-03 1.649431935609375066e-01 4.571180495747608971e-03 3.490630229715196986e-02 1.037889080484860477e-01 3.899229705313955741e-02 3.878131485027273839e-02 1.274995585160659806e-01 4.684096181359122279e-04 9.834554136610822173e-03 1.504391343922591717e-01 8.022910263859865665e-03 9.801737827959090821e-02
9.247024427996597407e-02 6.067065623868836410e-02 1.176602878745318798e-01 1.970938481160405820e-02 3.617023031570998446e-03 3.738242908821907962e-02 0.000000000000000000e+00 6.762518423713696769e-02 1.151852066815726126e-02 3.181689088543450394e-02 1.740151451351627451e-02 1.951073688861757749e-01 0.000000000000000000e+00 5.365055236607521594e-02 1.888281501634050952e-02 7.211890055271552580e-02 2.298688927697210838e-03 1.127522179355473497e-01 2.475373982710130788e-02 6.056358085952166792e-02
0.000000000000000000e+00 8.483547310326776392e-02 8.310694251280539976e-04 8.597133254797180435e-02 2.569034595761479634e-03 1.642134335000536849e-01 1.607566405425393807e-02 1.131130547201961295e-01 3.274992923862652533e-02 2.308686845523214015e-02 4.701105505489260386e-03 2.585867227457316342e-01 3.390802209914792892e-02 1.905443028186690549e-02 8.523982643340805021e-02 4.618579169865816292e-02 7.496723797146638037e-03 7.607077021624691036e-03 2.727861969654517098e-03 1.104657880678059506e-02
1.025688829683936432e-03 1.169481957150197843e-01 7.156215775604535950e-03 1.507147919140054970e-01 7.072741322078422536e-03 3.682431400813637734e-02 4.474813359955370079e-02 2.268615086717413673e-02 3.601660191713408621e-02 1.399096586752859167e-02 0.000000000000000000e+00 1.311384013647378388e-01 4.089064701675847874e-02 6.718593703685130092e-02 1.689109474993843174e-01 4.136754651618279599e-03 3.125439825709460696e-03 7.961941972331338865e-03 2.243600583798919038e-02 1.170301249787007170e-01
1.081318870568262827e-02 3.151202892980432130e-02 4.733171585353242866e-03 1.358760984881154377e-01 1.344808849764962330e-02 3.240287629392376873e-03 3.244249642476694506e-03 6.233402157475329518e-03 1.040964499995018500e-01 2.244897958443501165e-02 1.592568954414232130e-02 1.697812176847885990e-01 1.076583877124232501e-03 1.626839087147864682e-01 1.665967206486601848e-01 4.933642039209367586e-02 1.680091619062483606e-04 3.800586089112618221e-02 1.228285558308086535e-02 4.849678828240466116e-02
