9.370529883029882559e-03 4.456818228404602067e-02 4.708204551651481301e-02 9.145287942227101063e-02 0.000000000000000000e+00 1.939791717410190020e-02 2.803199086243262153e-02 1.258954898938530187e-01 1.070369021617902094e-02 8.741772455896218430e-02 3.697619879933279098e-03 3.508340515001530380e-02 0.000000000000000000e+00 0.000000000000000000e+00 1.005924039032665418e-01 0.000000000000000000e+00 3.928620486534099843e-02 0.000000000000000000e+00 1.785259636761419785e-02 1.877201139107720351e-02 5.183644865324352202e-02 1.484760207119003271e-03 1.098812376099786436e-01 0.000000000000000000e+00 1.575928621610208635e-01
0.000000000000000000e+00 1.863509047331117930e-03 0.000000000000000000e+00 4.741352571624488782e-02 1.134845873924656828e-01 3.778550177771362178e-02 1.360558559265233683e-02 9.975748603806092185e-02 7.954696197912509113e-04 1.341818678225737554e-02 2.124184050060609619e-02 7.646611951865449515e-03 5.542741003983178705e-03 1.040364261766422126e-03 2.556577324992951872e-01 6.459008821415201940e-02 0.000000000000000000e+00 4.435741035955623017e-03 3.952342810205413531e-02 0.000000000000000000e+00 0.000000000000000000e+00 0.000000000000000000e+00 3.234016135297768796e-02 1.867712538355177643e-01 5.308618527530920700e-02
7.566658032088123542e-02 6.181551476100450269e-03 5.146911973794490898e-03 1.144645410785651157e-01 9.371520679553695110e-02 1.007345149551636398e-01 2.931872947130139198e-02 4.412171912535095553e-02 0.000000000000000000e+00 0.000000000000000000e+00 7.856388248850999789e-02 1.076807074895445686e-02 5.310153153829355035e-04 6.082254041059977946e-03 1.206938143579965039e-01 1.042257787356670913e-02 2.049002297432998485e-02 7.376886326557856310e-02 1.143039394864245328e-01 1.881620708452039908e-02 0.000000000000000000e+00 1.146164602590427767e-02 1.228730869340683741e-02 2.645459441367370781e-02 2.600604803399682655e-02
1.253095466047609088e-02 4.737147252133689507e-02 8.061199493026999230e-03 1.065577855889981718e-01 2.461651714062430482e-02 0.000000000000000000e+00 1.941757800258057595e-02 1.342991125463472990e-01 3.889497445170517903e-02 5.261218206674676823e-02 0.000000000000000000e+00 1.094234631501065369e-01 1.207467057587792610e-02 2.495039146718962177e-03 7.235107708568994447e-03 0.000000000000000000e+00 0.000000000000000000e+00 5.124985059347187191e-04 2.842736567250236240e-02 1.934299030331713964e-02 5.728620459692916611e-02 0.000000000000000000e+00 1.209612648851761535e-01 1.558366309066648858e-01 4.204298807636083768e-02
0.000000000000000000e+00 1.562758167929497247e-02 3.605413769161881776e-03 0.000000000000000000e+00 1.675459811559158003e-03 3.301361621854139957e-04 3.087568078639625624e-02 1.986143070080699513e-02 0.000000000000000000e+00 9.563640196293515805e-02 0.000000000000000000e+00 1.222820592729894629e-01 2.592875820260336778e-02 0.000000000000000000e+00 1.919936354167566528e-01 0.000000000000000000e+00 1.124709913978894429e-02 6.225975355249736658e-03 2.732201764377184452e-03 2.537802493766986786e-02 1.336180484845528871e-01 2.966109093655738306e-03 1.149552613336310841e-01 1.775870431511225034e-01 1.747367897526287336e-02
1.145144927614112455e-02 9.259530107212594896e-02 2.200792383630766503e-03 3.623536623671586021e-02 1.466006279803780399e-01 1.322771937370042367e-02 2.007457017508467237e-02 0.000000000000000000e+00 2.122514426984424551e-02 1.414262125300504158e-01 0.000000000000000000e+00 1.441663231349428996e-02 0.000000000000000000e+00 0.000000000000000000e+00 1.660995067392843916e-01 2.145738252859471975e-03 0.000000000000000000e+00 7.610060734273830195e-03 3.059308346718502339e-02 0.000000000000000000e+00 0.000000000000000000e+00 1.089244870749621515e-02 1.391225758574865523e-01 1.675960560895942142e-02 1.273231650212892641e-01
7.663350279539462954e-03 0.000000000000000000e+00 2.377252488692666900e-03 3.683668669481584505e-03 1.105824473373375749e-01 2.589724872297435518e-03 2.483922559035216596e-02 6.584335122034916388e-02 2.585749803877137633e-03 1.031881708441156065e-01 3.023418195226963874e-03 3.665226983093870794e-03 2.409402962734413095e-02 2.004465395924560477e-03 1.692153891412694622e-01 7.825871774982001705e-02 7.828453043954002044e-02 6.888254335168437180e-03 7.415743545255895630e-02 1.699611443497931612e-02 6.146947737344169924e-03 6.353784502084235120e-02 3.211745107582455322e-02 5.029302467607263925e-04 1.177543030582596517e-01
3.746833784210078146e-03 7.812196063725183881e-02 3.648547666474006440e-02 2.469065309509710371e-02 5.034337288873840660e-02 0.000000000000000000e+00 1.675781114231795349e-02 9.655482572453487344e-02 4.453436591471154025e-03 1.664352002915825968e-01 2.246892854435562567e-02 2.238683904813173337e-02 0.000000000000000000e+00 9.519378501671244691e-03 1.501706712513659614e-01 9.033361576250617531e-02 3.449489604572212199e-04 3.523629706054242651e-04 5.195984584198111433e-02 8.252230617350329867e-02 6.180212090403606508e-03 1.037906912472491994e-03 3.799255031009594885e-02 7.235042016747449470e-03 3.990582079575877988e-02
6.769052427112889617e-06 0.000000000000000000e+00 0.000000000000000000e+00 0.000000000000000000e+00 7.834442163543407778e-02 3.334556820188625589e-03 1.164619827082597966e-02 1.317010215284832308e-01 3.139517883663553877e-03 4.084393985708673763e-02 4.194473380813215808e-03 3.343978795687017631e-03 5.315589648383494369e-03 0.000000000000000000e+00 2.108674710352896331e-01 7.791110796236150327e-03 1.204205913422838892e-01 6.092603607489163742e-02 1.009954453010708519e-02 0.000000000000000000e+00 0.000000000000000000e+00 5.726616829840427275e-02 8.865260515010782438e-02 3.461047421240738553e-02 1.274955316872792010e-01
2.288009109645267047e-02 0.000000000000000000e+00 0.000000000000000000e+00 3.038864711944077798e-02 1.540073419604062188e-01 0.000000000000000000e+00 2.933802305733941920e-02 5.055107207444987233e-02 2.857271959068768963e-02 1.012883737923754718e-01 0.000000000000000000e+00 1.942801478499161377e-02 1.295512607372632449e-02 3.829672302445438770e-02 2.877627243148941361e-01 0.000000000000000000e+00 0.000000000000000000e+00 4.674334647414537169e-04 0.000000000000000000e+00 3.778222526492447386e-02 1.106260499434032728e-02 0.000000000000000000e+00 1.032620914498598441e-02 2.398351235934370260e-02 1.409091578824453739e-01
1.941678631637154106e-03 2.200198452699582245e-03 1.343196333277211774e-01 4.016544119052532086e-02 1.156932354770549704e-01 0.000000000000000000e+00 1.421201578169450745e-02 3.757298708201902131e-03 9.651913871853190149e-03 4.662072210070705713e-02 6.776033323851913051e-03 1.075733570243479903e-01 1.941717157262198151e-02 0.000000000000000000e+00 2.329533560967528005e-01 5.148491965557159883e-04 2.768163882463772416e-02 4.788941499347964571e-03 5.187133224899072304e-02 3.445969431037330076e-03 0.000000000000000000e+00 0.000000000000000000e+00 2.457186152520177136e-02 1.858151547210424269e-03 1.499852001673488422e-01
2.184107357965208574e-05 0.000000000000000000e+00 1.594095230886499737e-02 1.503289102111913522e-01 2.132840212650251033e-01 0.000000000000000000e+00 2.404330656281635295e-02 1.283596987108482634e-01 3.542157322383306800e-02 2.524597334779025634e-02 0.000000000000000000e+00 2.094761283522013698e-02 1.193580910381124988e-02 3.565005578913605418e-04 3.959302980603063987e-02 2.125586222532238265e-02 5.770782914115520079e-02 0.000000000000000000e+00 1.594493506279091311e-01 4.610907856767307994e-02 0.000000000000000000e+00 0.000000000000000000e+00 1.926399775310406667e-03 4.532651181950520664e-02 2.745738836222033630e-03
2.828021206270304663e-02 3.281862785455080811e-02 1.602858931375052837e-02 1.106331233753496124e-01 4.009078967217260397e-02 0.000000000000000000e+00 3.647136382071474760e-03 2.717635041636082618e-02 7.011996611189983547e-03 1.204402756136927488e-01 0.000000000000000000e+00 0.000000000000000000e+00 0.000000000000000000e+00 0.000000000000000000e+00 1.987990571883344049e-02 3.563800009591276685e-02 2.367316813915528242e-02 6.923887096721595413e-02 1.664413482734981575e-01 4.119250368370230668e-03 1.124123041792297328e-01 8.691873119112529869e-03 4.829127535632312535e-02 2.120780816613277581e-02 1.042790943143744042e-01
7.681064579523910751e-02 1.567762278625921546e-01 1.595800226037105782e-03 4.243559416429318158e-03 6.587671848609267730e-03 4.085150277407018776e-02 9.850509531518947259e-02 1.730234672409595650e-02 2.010142732906247329e-02 9.775230416119775126e-03 1.276986853099578746e-02 1.041099944343435724e-01 0.000000000000000000e+00 3.908640662526093740e-02 3.226511245920467980e-02 5.829851758724719640e-02 2.006392878243319286e-03 7.984138522619052547e-02 1.904353000720358791e-01 3.025834819769861184e-03 0.000000000000000000e+00 2.494871877240877230e-03 3.428921852639549707e-04 1.263284862525986506e-02 3.014106697149859446e-02
0.000000000000000000e+00 1.239739759887047328e-02 1.263349488407222998e-01 6.396334049759660849e-03 3.099123666858895343e-02 1.019061830216141940e-01 2.957263899489161532e-02 1.274589029005326057e-01 2.099689780207336653e-02 2.894664072893726042e-02 2.522755564506554138e-02 1.102008883333312483e-01 4.996661913584323107e-03 3.271267263446174176e-03 1.249058851941378841e-02 0.000000000000000000e+00 1.527434159563710245e-02 0.000000000000000000e+00 1.372443628026821273e-02 4.885573819573619386e-02 0.000000000000000000e+00 8.432424169363598012e-04 8.940384101058166180e-03 1.663180139891396181e-01 1.048557011403928180e-01
0.000000000000000000e+00 0.000000000000000000e+00 1.527805702570953113e-02 0.000000000000000000e+00 2.170501602389554585e-02 4.534259953710638794e-03 2.693453824082913187e-02 1.201137019997391697e-01 1.499137519237798283e-02 1.310226964450396121e-03 0.000000000000000000e+00 0.000000000000000000e+00 1.836886822709869879e-03 1.662291485890012716e-02 2.614670926855227062e-01 5.200114563736080164e-02 2.654935494401968604e-02 1.288510833493573511e-03 1.121540846909412472e-03 6.659906943178041383e-02 2.509106384816454580e-02 2.583988265211234134e-02 1.544441943449043758e-02 1.667024745138375175e-01 1.345684680899861541e-01
9.948943590691074201e-03 0.000000000000000000e+00 0.000000000000000000e+00 0.000000000000000000e+00 2.216047825206369018e-02 3.228457836158206418e-02 1.537561406756278795e-02 1.344221688771446710e-01 1.868950352910336496e-02 2.163778916107239048e-01 7.930029984618256617e-03 8.411633314131887473e-02 0.000000000000000000e+00 2.852899416111261827e-02 1.261424750208301748e-01 5.679123041355519166e-03 4.218103875216994147e-02 0.000000000000000000e+00 1.780715382115198031e-01 1.985707785098649036e-02 1.171567660330178132e-02 0.000000000000000000e+00 1.003403599301839685e-02 3.648449895089664330e-02 0.000000000000000000e+00
3.451441730552528599e-03 7.978315954052404846e-02 9.136917890973003664e-02 8.651912235159696721e-03 6.428224204236679395e-02 1.676897769494818322e-02 9.789134557317559493e-02 1.387542619981102787e-01 1.115379474685354762e-02 1.555441260099838137e-02 0.000000000000000000e+00 5.959200584465128639e-03 1.797863823656870215e-04 0.000000000000000000e+00 1.302287590702379816e-01 0.000000000000000000e+00 4.250717067928084375e-02 6.334685230223001742e-03 2.063470879006419623e-01 2.419233659622981383e-02 0.000000000000000000e+00 1.205935276008241776e-02 7.208415952235505859e-03 1.867554086790254239e-02 1.864693690391601086e-02
6.154813021495939701e-02 1.120839094289797187e-02 0.000000000000000000e+00 2.842098223930042845e-03 1.504049359660353247e-02 0.000000000000000000e+00 3.878293649500283956e-03 1.144807683788449659e-01 1.461064553898528545e-02 3.467527063631396095e-02 0.000000000000000000e+00 1.143776818473930673e-01 1.740542069689316959e-04 0.000000000000000000e+00 1.076959756142873703e-01 0.000000000000000000e+00 0.000000000000000000e+00 1.797971201930622862e-02 1.718300928709472902e-02 1.681483394346139511e-04 3.658217898122829298e-02 2.237788420779473347e-02 1.239500743782531167e-01 4.161117755371718935e-02 2.596160123824862720e-01
2.554212168036121625e-03 4.050427879009933091e-02 1.027034334101114971e-01 2.891592566460122679e-02 5.590070720048602448e-02 7.607838150086136675e-03 1.296523208097440268e-02 3.654157833910576941e-02 0.000000000000000000e+00 8.642159912006200373e-02 0.000000000000000000e+00 1.048198766707010010e-01 3.400248576616221596e-02 3.412888079687553117e-02 1.685522510213700309e-01 3.179139998343170383e-03 0.000000000000000000e+00 1.142659641994975446e-02 2.875245075552867145e-03 1.891617142092982817e-02 5.529955415870906055e-02 0.000000000000000000e+00 2.303005075229372107e-03 7.245560142939178353e-04 1.896574326583207182e-01
