0.000000000000000000e+00 5.019927211189276206e-02 5.300281114477520565e-04 3.272047540323462511e-02 0.000000000000000000e+00 1.171795595291374725e-01 1.607146696503738981e-02 7.077686534646583649e-04 1.823632492012651832e-02 0.000000000000000000e+00 0.000000000000000000e+00 1.342798189908523676e-01 1.771782055968791070e-01 2.630786783278647387e-02 3.745435814667297941e-02 1.090752802333376376e-01 0.000000000000000000e+00 1.398139288374662392e-01 1.402456446676638713e-01 0.000000000000000000e+00
2.303706148199822362e-02 1.051977625852031778e-01 2.815507201909462492e-02 1.234292342377810853e-01 1.948179342015760734e-02 1.635715127331450677e-02 4.056942351864074869e-02 2.248216349557833060e-01 1.793395555043220818e-02 8.801308480621938823e-02 1.730622232967323620e-02 1.612286157023474775e-01 0.000000000000000000e+00 0.000000000000000000e+00 0.000000000000000000e+00 0.000000000000000000e+00 1.101377384159014372e-01 2.433124970345302771e-02 0.000000000000000000e+00 0.000000000000000000e+00
0.000000000000000000e+00 0.000000000000000000e+00 1.285920129682096430e-02 1.474042131851032757e-02 1.512777007442789867e-01 2.495726742035379517e-02 1.355534216407589254e-01 1.152624008789899790e-01 1.559302591966321705e-01 0.000000000000000000e+00 0.000000000000000000e+00 0.000000000000000000e+00 1.748411370007535090e-02 2.129538359611240009e-02 1.258546040269116206e-01 0.000000000000000000e+00 8.527205185296172010e-03 1.624476299731267837e-01 5.381039102213252406e-02 0.000000000000000000e+00
0.000000000000000000e+00 2.787326629027285247e-03 0.000000000000000000e+00 3.957223712585097863e-03 5.056766381923971480e-03 9.322873941803083708e-02 8.035823553289973831e-02 1.464204189875365492e-01 1.297859201159368425e-01 2.301998420788314501e-02 6.524251831961690520e-03 6.469788752418569044e-02 9.242438598898863877e-02 0.000000000000000000e+00 0.000000000000000000e+00 1.452036261314417279e-02 1.612227923973987009e-02 1.619516505265003181e-01 1.591445672896561192e-01 0.000000000000000000e+00
3.490775501958023885e-02 0.000000000000000000e+00 1.240999894981363455e-01 5.940301781800401588e-03 8.506310284324365700e-02 3.328407054408669130e-02 0.000000000000000000e+00 3.730625572318427979e-02 0.000000000000000000e+00 8.491032221930459867e-02 0.000000000000000000e+00 2.365114889296767164e-01 4.144458921515475208e-03 8.388884297250279176e-03 0.000000000000000000e+00 0.000000000000000000e+00 0.000000000000000000e+00 4.587557392479956614e-02 1.378798641547683002e-01 1.616879321426535621e-01
1.057481083434036739e-01 0.000000000000000000e+00 0.000000000000000000e+00 0.000000000000000000e+00 1.255432372900118776e-01 3.239897145646993427e-03 3.605644340706547213e-02 2.541887065002016929e-02 2.224474177376682335e-02 1.328378912143154400e-01 0.000000000000000000e+00 2.967365681967825131e-01 0.000000000000000000e+00 0.000000000000000000e+00 0.000000000000000000e+00 1.202054595805112161e-02 0.000000000000000000e+00 1.465000882591194764e-01 8.044229948522298168e-02 1.321130827659341631e-02
1.044912867776994492e-01 0.000000000000000000e+00 0.000000000000000000e+00 7.956480656234211218e-03 1.441408331380063523e-01 2.855425645161275422e-02 0.000000000000000000e+00 1.409497970279648821e-02 1.444243215763993116e-01 0.000000000000000000e+00 1.080546783690445115e-02 2.526374131410381030e-01 0.000000000000000000e+00 9.918705234045559205e-02 0.000000000000000000e+00 1.794048388223866918e-04 0.000000000000000000e+00 3.165047698147813171e-02 1.469758697329065222e-01 1.490215682564617096e-02
7.388611347803007538e-03 8.860147333274694115e-02 7.096199228028925166e-02 1.571677744103662858e-02 1.077757465379069884e-01 3.899693403262825819e-02 0.000000000000000000e+00 1.679092880503628149e-01 1.282794625239586650e-01 0.000000000000000000e+00 0.000000000000000000e+00 8.576490463530263286e-02 0.000000000000000000e+00 5.501652583927562224e-04 0.000000000000000000e+00 0.000000000000000000e+00 0.000000000000000000e+00 8.676413843869834608e-02 1.801089700161452034e-01 2.118153610472833445e-02
1.740401190052418695e-02 0.000000000000000000e+00 0.000000000000000000e+00 1.407293496170259617e-01 1.381700860899103545e-01 0.000000000000000000e+00 4.428530099280320043e-03 1.856258790782934209e-01 1.336446382560914914e-01 2.430647828287672493e-02 0.000000000000000000e+00 0.000000000000000000e+00 0.000000000000000000e+00 2.252323465569224317e-02 4.984999797879291483e-02 0.000000000000000000e+00 3.119139686889544488e-02 1.747958722602527548e-01 6.830335293673990560e-02 9.027171975624250291e-03
3.242840736493632012e-03 1.082881971989426845e-01 0.000000000000000000e+00 1.967428125557653673e-01 1.332935869420341646e-01 6.510046459653804837e-03 8.002543380023381669e-03 1.399021010685951305e-01 1.339070848921295187e-01 1.562387189071058613e-02 0.000000000000000000e+00 5.406147809491224088e-02 9.019472071295241145e-03 3.258367168984611928e-02 0.000000000000000000e+00 1.108413341538271382e-02 0.000000000000000000e+00 0.000000000000000000e+00 0.000000000000000000e+00 1.477381596042155465e-01
0.000000000000000000e+00 0.000000000000000000e+00 0.000000000000000000e+00 1.244644245554761275e-01 2.255173026728334723e-02 2.496289747916661042e-02 4.340206633497309396e-02 1.228021155353003491e-01 0.000000000000000000e+00 1.597404864555080836e-02 0.000000000000000000e+00 2.206884430477765169e-01 1.377551421449899061e-01 4.936672589418939459e-03 1.157782768203168694e-01 0.000000000000000000e+00 1.597110440013807878e-02 1.414348255327064763e-01 9.278252646902893086e-03 0.000000000000000000e+00
0.000000000000000000e+00 0.000000000000000000e+00 0.000000000000000000e+00 0.000000000000000000e+00 2.166787113167425310e-02 1.584597969617665969e-01 0.000000000000000000e+00 9.263026562171616796e-02 4.135171548239121447e-02 0.000000000000000000e+00 0.000000000000000000e+00 2.525802891790517313e-01 1.985919682883961410e-02 0.000000000000000000e+00 3.302527754826677792e-02 1.255019897798692885e-01 0.000000000000000000e+00 1.664372577143893028e-01 1.673099018463953744e-02 7.175534956739548775e-02
0.000000000000000000e+00 1.186203306481397463e-01 2.180339749673656374e-03 4.193827427743617581e-02 4.469390738931260793e-02 2.439748212905525765e-02 2.206551875600468518e-02 2.252623229976176422e-01 1.783292929456341269e-01 6.209750766854561614e-03 2.898253858893629076e-02 1.558499292383974943e-01 0.000000000000000000e+00 0.000000000000000000e+00 3.566489081756454155e-02 0.000000000000000000e+00 0.000000000000000000e+00 1.948965049167279348e-02 1.546560309582503939e-03 9.476921089411784183e-02
0.000000000000000000e+00 0.000000000000000000e+00 0.000000000000000000e+00 1.845872795224020591e-01 5.632052617082692475e-02 0.000000000000000000e+00 1.686520560118803661e-04 1.955756187374296101e-02 1.740947344622751844e-02 4.618858250571739564e-03 0.000000000000000000e+00 2.633432949555611913e-01 1.607710124803914398e-01 3.237882781826262671e-03 1.425062670398348219e-01 0.000000000000000000e+00 0.000000000000000000e+00 1.474791914226031286e-01 0.000000000000000000e+00 0.000000000000000000e+00
7.936791916808252911e-03 1.085647987315606529e-02 9.424130719489717811e-02 3.330002199806181284e-02 1.417218421520212990e-01 2.311757217662870414e-02 0.000000000000000000e+00 9.613518662889786182e-02 8.766191845061915844e-02 1.165107604890458642e-01 0.000000000000000000e+00 1.692191683368299560e-01 0.000000000000000000e+00 4.141772107659530411e-02 1.549867129868578441e-01 0.000000000000000000e+00 0.000000000000000000e+00 0.000000000000000000e+00 2.289451671958071116e-02 0.000000000000000000e+00
5.920839358138575877e-04 0.000000000000000000e+00 0.000000000000000000e+00 0.000000000000000000e+00 4.568068472441075278e-02 0.000000000000000000e+00 2.997581609807654923e-02 9.111122910053020066e-03 0.000000000000000000e+00 1.001282208688243983e-02 0.000000000000000000e+00 1.578766404808225610e-01 1.737650375019982318e-01 0.000000000000000000e+00 2.535322478512178068e-02 3.411324714737509062e-03 9.451883909728971134e-02 1.727801811493998307e-01 1.397342706858573647e-01 1.371879518295365530e-01
1.961141094791315001e-03 0.000000000000000000e+00 9.593769937415863938e-03 2.818736593011919242e-02 1.390333708901838050e-01 2.243984101704548165e-02 0.000000000000000000e+00 1.202535724216545476e-01 1.064961650778701724e-01 0.000000000000000000e+00 5.084972470920450655e-02 2.239472102867915426e-01 0.000000000000000000e+00 0.000000000000000000e+00 1.254655764222217251e-01 2.070944023988224511e-03 0.000000000000000000e+00 1.356761126111634685e-01 0.000000000000000000e+00 3.402520557755011471e-02
3.796628632131875125e-02 4.572755316792014892e-03 9.753842872649857304e-03 0.000000000000000000e+00 0.000000000000000000e+00 1.436683429776343668e-01 0.000000000000000000e+00 1.178030370142849476e-01 4.360778075232975975e-02 1.324008449015907224e-02 3.481511810739579705e-03 1.323843257923669747e-01 1.667605760653143310e-01 0.000000000000000000e+00 1.308500404139421591e-01 1.882070119331439445e-02 6.608177225384546764e-03 1.467902367780593020e-01 0.000000000000000000e+00 2.369230097570982144e-02
1.208056140345095328e-02 1.290831931852319259e-01 0.000000000000000000e+00 4.961570683762085016e-02 6.652786625958966027e-02 0.000000000000000000e+00 3.792303245210682655e-02 0.000000000000000000e+00 1.366424696288163695e-02 0.000000000000000000e+00 0.000000000000000000e+00 1.880448130087776504e-01 0.000000000000000000e+00 0.000000000000000000e+00 1.533876287736045951e-01 7.223312708909465640e-02 6.980727100465275448e-02 6.382117016821814426e-02 0.000000000000000000e+00 1.438113828547703532e-01
7.568071796692325826e-02 0.000000000000000000e+00 9.485828364314255814e-03 1.474734831386421280e-02 1.522751340533531061e-01 1.218765895825243556e-01 3.357899320880586985e-02 1.669105911746551762e-02 5.385197476884071716e-02 0.000000000000000000e+00 0.000000000000000000e+00 9.201096439017689144e-02 6.113726878095609128e-03 3.212342296165866112e-02 1.514015379515566695e-01 0.000000000000000000e+00 8.564060690419100438e-03 3.290429822679317301e-02 0.000000000000000000e+00 1.986943435252086776e-01
1.621948591134938361e-02 4.874861327412304685e-02 0.000000000000000000e+00 4.387520005776830712e-02 0.000000000000000000e+00 0.000000000000000000e+00 4.110199348196272306e-02 2.545436053708727969e-02 0.000000000000000000e+00 7.220678117263581997e-02 1.888432061838577966e-02 2.320898175423772858e-01 3.790412591924535723e-02 1.250885722493720598e-01 1.494632771310438757e-01 0.000000000000000000e+00 0.000000000000000000e+00 0.000000000000000000e+00 0.000000000000000000e+00 1.889634521046490157e-01
2.546385946875914449e-03 1.912013292422433397e-01 1.804119105244166759e-03 1.649870932273221347e-01 1.039609092977407823e-03 0.000000000000000000e+00 9.815336048476430361e-03 0.000000000000000000e+00 1.664051333727225787e-02 0.000000000000000000e+00 0.000000000000000000e+00 1.947461849358336217e-01 1.427863541888773624e-01 7.680817124573796964e-03 1.423129582731022177e-02 0.000000000000000000e+00 0.000000000000000000e+00 9.218094668222712174e-02 1.603400152407661872e-01 0.000000000000000000e+00
2.764672241678303027e-02 1.026843934374897273e-03 0.000000000000000000e+00 1.464861088163069841e-02 7.508497919813388044e-02 1.523148610155086735e-01 9.079738746765039304e-04 1.757683211584032531e-03 9.986575679734013833e-02 0.000000000000000000e+00 0.000000000000000000e+00 1.185535481638186894e-01 5.216624593039351915e-02 0.000000000000000000e+00 1.564601714665203938e-02 9.631370564594615713e-02 6.053067649479509232e-02 1.192670212982701733e-01 1.393437313100395480e-01 2.492562268005296677e-02
0.000000000000000000e+00 3.376406324613110549e-02 1.159714222533963363e-01 1.252534400522983728e-03 1.627013024414477038e-01 5.083722658095974484e-02 0.000000000000000000e+00 5.354813608314870632e-02 1.770595577774449619e-02 1.542505814641954333e-02 0.000000000000000000e+00 1.540492040134948670e-01 1.954215111472488997e-02 0.000000000000000000e+00 0.000000000000000000e+00 0.000000000000000000e+00 8.543620369347987992e-03 1.462479244333490525e-01 1.548789473010693807e-01 6.553245383824328474e-02
8.172121699405322792e-02 6.206750599373173777e-02 0.000000000000000000e+00 4.455771351288792537e-02 0.000000000000000000e+00 1.447180117321286430e-01 5.163812104013854043e-02 3.427805252958199961e-02 6.299988065669706594e-02 7.803018489612240094e-02 4.125021659631598892e-03 0.000000000000000000e+00 5.892642946434727830e-02 0.000000000000000000e+00 1.231339552022500256e-01 0.000000000000000000e+00 1.102059127356474905e-01 1.435979935827820242e-01 0.000000000000000000e+00 0.000000000000000000e+00
2.530012876206339575e-03 0.000000000000000000e+00 0.000000000000000000e+00 1.222238321604213057e-01 1.969911024941904329e-02 0.000000000000000000e+00 4.098145447128404700e-02 6.073019326138885676e-02 1.382657613020693566e-01 1.516991003383365288e-01 2.681040385038001295e-02 1.695845544469793686e-01 0.000000000000000000e+00 0.000000000000000000e+00 0.000000000000000000e+00 6.953423047027383966e-03 1.186564563412683404e-01 5.599481394040670135e-02 4.369667087349481116e-02 4.217421284131799702e-02
1.631344523159614437e-03 2.370486480583538016e-03 2.189579171238591974e-03 4.197422596513880090e-03 2.716902852382923617e-01 7.197175869638459435e-03 1.421160731633580865e-01 2.173950585525476209e-02 2.438830527391229810e-02 1.137719425014100229e-03 0.000000000000000000e+00 1.933935197526802374e-01 1.343506133462740205e-02 0.000000000000000000e+00 1.451622354596731335e-01 0.000000000000000000e+00 0.000000000000000000e+00 1.639624342713614236e-01 5.388851584692101217e-03 0.000000000000000000e+00
1.063484015919368836e-01 1.359051821743166300e-01 0.000000000000000000e+00 3.037982619228091555e-02 1.281175313013737382e-01 0.000000000000000000e+00 1.180759154369823323e-02 8.377082146575232091e-02 0.000000000000000000e+00 2.408522369062675306e-02 1.235692843891989749e-03 2.736647204235521103e-01 1.616901314771648866e-03 0.000000000000000000e+00 1.999348862233674487e-02 0.000000000000000000e+00 0.000000000000000000e+00 4.390536747603723117e-02 1.391692513594248171e-01 0.000000000000000000e+00
1.381215849989923371e-03 2.453915880218188357e-03 0.000000000000000000e+00 1.176145130544204442e-01 1.805392625199062906e-01 0.000000000000000000e+00 1.400681954341557733e-01 1.741319436859382072e-04 1.366754222972029961e-02 1.789619276178909188e-02 6.081852398994782964e-03 1.517906082580221805e-01 1.335263163426922070e-02 0.000000000000000000e+00 6.469206503329026810e-03 7.394383240934229717e-02 8.675622355327642981e-04 2.090261131375642234e-01 6.033675065778587587e-02 4.336473091273744182e-03
3.504426826175651571e-02 0.000000000000000000e+00 0.000000000000000000e+00 6.555305701357115600e-02 0.000000000000000000e+00 1.223959544154217816e-01 2.818485898508552197e-03 0.000000000000000000e+00 1.617652452082090908e-01 6.003664154853121521e-02 5.240349156102688116e-03 1.261974037721529107e-01 0.000000000000000000e+00 2.215967232393615746e-02 1.565568278885181783e-02 0.000000000000000000e+00 1.141854855399309920e-01 1.427753667214290145e-01 1.021992457315032236e-02 1.159524627784477707e-01
0.000000000000000000e+00 3.321231951457228465e-02 0.000000000000000000e+00 0.000000000000000000e+00 8.895458765353533859e-02 0.000000000000000000e+00 0.000000000000000000e+00 0.000000000000000000e+00 2.779842674430016425e-02 0.000000000000000000e+00 0.000000000000000000e+00 1.319738442266742140e-01 8.207908768580206293e-02 1.436447526221629363e-02 1.772211081919647935e-01 4.598496570657301108e-02 1.299762835266473626e-01 1.627013993522459234e-01 0.000000000000000000e+00 1.057335021354686294e-01
0.000000000000000000e+00 0.000000000000000000e+00 0.000000000000000000e+00 5.837841063202725035e-03 0.000000000000000000e+00 0.000000000000000000e+00 9.362526858001618546e-02 1.034709304100111110e-01 1.707053021083509703e-01 5.450610161837677464e-02 0.000000000000000000e+00 2.077596599259691756e-01 0.000000000000000000e+00 5.039301650039517376e-03 6.158182070275268483e-02 2.946833365694177028e-03 0.000000000000000000e+00 1.572447541609758304e-01 1.334134978937744909e-01 3.868688520836302807e-03
0.000000000000000000e+00 0.000000000000000000e+00 0.000000000000000000e+00 0.000000000000000000e+00 1.205251145876077776e-02 1.409339806766832792e-01 0.000000000000000000e+00 1.054598299140849654e-01 6.051032308273060489e-02 3.019614293623112955e-02 0.000000000000000000e+00 1.150606647353554085e-01 1.390656961433398842e-01 2.841538035015230348e-02 0.000000000000000000e+00 3.556650563898700046e-03 6.236002887674731501e-03 2.213541905869811643e-01 1.371586266641071361e-01 0.000000000000000000e+00
6.512781677281943848e-02 1.360439419391258342e-01 3.376913000416328480e-03 2.800040459206649610e-02 1.524722612507689590e-01 1.209948188111067552e-01 0.000000000000000000e+00 0.000000000000000000e+00 1.620724646311559880e-01 4.187465226337443169e-02 0.000000000000000000e+00 2.636285816882387723e-01 1.940249535739073611e-04 0.000000000000000000e+00 0.000000000000000000e+00 0.000000000000000000e+00 1.204857845334184920e-02 0.000000000000000000e+00 1.416554164401127684e-02 0.000000000000000000e+00
0.000000000000000000e+00 0.000000000000000000e+00 0.000000000000000000e+00 1.950913272056838399e-01 2.071018546347617312e-02 1.651348186506634841e-01 0.000000000000000000e+00 1.775300540925153422e-02 3.889630695882915351e-03 0.000000000000000000e+00 3.230929900466818216e-02 7.793645061371083649e-02 9.651340133039011671e-02 6.389200819637120589e-03 6.833308793208994758e-02 1.048195822645627551e-01 0.000000000000000000e+00 4.850224390868457247e-02 1.598382459608882755e-01 2.779520740410088876e-03
4.091656838496389448e-02 0.000000000000000000e+00 8.706542975813956822e-03 3.777231364556999857e-03 1.069352906638611038e-02 0.000000000000000000e+00 0.000000000000000000e+00 2.040543183420950313e-01 2.011936767305906038e-01 3.545554292440223493e-02 0.000000000000000000e+00 1.904149513694348150e-01 1.807919068422139328e-02 1.264014343127499440e-01 0.000000000000000000e+00 0.000000000000000000e+00 1.203149307241946492e-01 0.000000000000000000e+00 2.082009368476768138e-02 1.917198943582281226e-02
1.169057601379135461e-02 3.823914269910561742e-02 1.214782641124202093e-03 1.473182806780473642e-01 6.932346736888599439e-03 1.530825328746747774e-02 4.076626554975489730e-02 1.069068280439584157e-01 0.000000000000000000e+00 0.000000000000000000e+00 0.000000000000000000e+00 1.479824378193461132e-01 1.639846974243675259e-01 1.333838199007616465e-01 1.568352833910146571e-01 0.000000000000000000e+00 0.000000000000000000e+00 0.000000000000000000e+00 0.000000000000000000e+00 2.943728581437210154e-02
9.448071076711286875e-02 1.037962586416451595e-02 0.000000000000000000e+00 7.077179387106366341e-03 1.058255513314207592e-02 0.000000000000000000e+00 9.495922064803902218e-02 1.386133903322808898e-02 1.608091078556266595e-01 3.759371705018113574e-02 0.000000000000000000e+00 2.226176860850214156e-01 0.000000000000000000e+00 0.000000000000000000e+00 0.000000000000000000e+00 0.000000000000000000e+00 0.000000000000000000e+00 1.277827491412090455e-01 1.584914272238722444e-01 6.136468181129658972e-02
7.628431332882296134e-02 1.119502287966051002e-01 9.596821035019623136e-02 1.149847776523734433e-01 9.805125864113052592e-02 1.637762004770988017e-02 1.131465235573257400e-01 1.510548195443634500e-01 4.615101421552146414e-03 1.642750639785656164e-02 0.000000000000000000e+00 1.706492209691705952e-01 2.991080169726398862e-03 0.000000000000000000e+00 2.085136944496782802e-02 1.040973620886215213e-03 2.744866353343910007e-03 0.000000000000000000e+00 0.000000000000000000e+00 2.862129703969112753e-03
0.000000000000000000e+00 1.051705685018095027e-02 0.000000000000000000e+00 1.249709131527552280e-01 1.407172924589495389e-01 1.529154600317424173e-02 0.000000000000000000e+00 9.568429221335084112e-02 8.684551907323063979e-02 0.000000000000000000e+00 0.000000000000000000e+00 7.371890950371373652e-02 4.122069017135340796e-02 0.000000000000000000e+00 7.330905674622172769e-03 0.000000000000000000e+00 7.871030780228696622e-02 1.218199356359766089e-01 2.267294378707154084e-02 1.804996876733341304e-01
0.000000000000000000e+00 1.165446680061442281e-01 0.000000000000000000e+00 3.638741556986551523e-02 7.252655056324105315e-03 9.282359885989850679e-02 0.000000000000000000e+00 0.000000000000000000e+00 3.832892053495039197e-02 2.881266431125720229e-02 0.000000000000000000e+00 1.107273085745117958e-01 4.208196194011994129e-02 3.030133927298354901e-02 1.340451670656715444e-01 1.107644315133964330e-01 0.000000000000000000e+00 1.245783062456101362e-02 4.780404239167013181e-02 1.916679962786456692e-01
0.000000000000000000e+00 2.452594503493223457e-02 0.000000000000000000e+00 2.309865919306765963e-02 1.310338357440879453e-02 1.573742722369275704e-02 1.311871203708044331e-01 1.347688288473802842e-01 0.000000000000000000e+00 1.221213765781705429e-01 7.079126635781379795e-02 1.588719335418910528e-01 0.000000000000000000e+00 0.000000000000000000e+00 4.088974116963501812e-03 1.128716296897300242e-01 0.000000000000000000e+00 1.759341924426151560e-01 8.054106121375172178e-03 4.845156907154577787e-03
3.294335555685678346e-02 0.000000000000000000e+00 2.267309265148512859e-03 0.000000000000000000e+00 8.579837549377677952e-02 4.499197206007023164e-02 0.000000000000000000e+00 7.640705877550270364e-02 1.091138327343850467e-01 0.000000000000000000e+00 0.000000000000000000e+00 1.263958868704976313e-01 0.000000000000000000e+00 0.000000000000000000e+00 2.070172836170947051e-03 0.000000000000000000e+00 1.178425368173519894e-01 2.364190499789964872e-01 1.390252725151042146e-01 2.672517709613878370e-02
1.493434286688181123e-01 1.506864696782522772e-01 5.755832854645596269e-03 0.000000000000000000e+00 2.288742453116710679e-02 0.000000000000000000e+00 3.310239155577580222e-02 1.027595061829266465e-01 1.948054103301576634e-01 0.000000000000000000e+00 0.000000000000000000e+00 1.118997481894082324e-01 1.491096192642850649e-01 0.000000000000000000e+00 2.055234369786589424e-02 0.000000000000000000e+00 0.000000000000000000e+00 0.000000000000000000e+00 0.000000000000000000e+00 5.909782504669774256e-02
0.000000000000000000e+00 0.000000000000000000e+00 0.000000000000000000e+00 7.316638602643658895e-02 1.440686164579524364e-01 3.804430958304101575e-03 8.872881369372562221e-02 0.000000000000000000e+00 1.159185631337740149e-02 3.445834757937645682e-02 0.000000000000000000e+00 1.391256378922942072e-01 4.172178476561581861e-02 1.169219031191148644e-01 1.488737285431987190e-01 3.153222165614048833e-02 1.333330923691830316e-01 0.000000000000000000e+00 3.267318062528037220e-02 0.000000000000000000e+00
0.000000000000000000e+00 3.647710579320903590e-02 0.000000000000000000e+00 1.223914616613536038e-01 1.560973341935296965e-02 1.234394916133228770e-02 1.119049136649282079e-02 1.703920998931420794e-01 1.138365047794010487e-01 0.000000000000000000e+00 0.000000000000000000e+00 1.687986866047180845e-01 7.997333748193326264e-02 1.120507340160005472e-01 4.083130305222281570e-02 2.416777278024393599e-02 7.027130542698477311e-02 0.000000000000000000e+00 2.166551456361274705e-02 0.000000000000000000e+00
0.000000000000000000e+00 0.000000000000000000e+00 0.000000000000000000e+00 1.162750511267134496e-01 3.664368832678058241e-02 1.417643462786576103e-01 1.018714144045556741e-01 5.511645537585295202e-04 1.691310175695907025e-01 0.000000000000000000e+00 2.794143702083235273e-02 1.770795803949727978e-02 0.000000000000000000e+00 0.000000000000000000e+00 1.271973972458083357e-01 1.690866081954108674e-02 0.000000000000000000e+00 1.361578238948900343e-01 1.005733467646841711e-01 7.276693954690331874e-03
0.000000000000000000e+00 0.000000000000000000e+00 3.902089863686894478e-02 2.021666960710294669e-01 1.422289409447977382e-01 8.218996833037915456e-04 0.000000000000000000e+00 2.405817105471826783e-02 0.000000000000000000e+00 1.972782364675318770e-03 0.000000000000000000e+00 2.383687336137721158e-01 0.000000000000000000e+00 1.729149144250008083e-02 1.488870880597284105e-02 1.344912286900049880e-01 4.019140169715893288e-03 1.522920288808034817e-01 1.859862334032775025e-02 9.780656301509472322e-03
2.547812703118680459e-03 1.149643713879418966e-01 0.000000000000000000e+00 1.212219881547254990e-01 1.422756088716125786e-02 0.000000000000000000e+00 3.138258260876104072e-02 1.936400864056824975e-02 8.775189635884829680e-04 2.500929046227175993e-03 3.641705220045713277e-03 2.621220072467010387e-01 0.000000000000000000e+00 0.000000000000000000e+00 4.224273490319048127e-03 8.804684549205411825e-02 9.393211012096959467e-02 3.657264207249241554e-03 1.796116955841931817e-01 5.767732624637572636e-02
0.000000000000000000e+00 0.000000000000000000e+00 0.000000000000000000e+00 1.027372248975386704e-01 1.921766643119705575e-01 3.638054025542626635e-02 0.000000000000000000e+00 2.441287068574200109e-02 2.085277665786725715e-02 0.000000000000000000e+00 7.127732215784801824e-03 3.205813559625723674e-01 0.000000000000000000e+00 1.073022182910491652e-02 3.846696105396158610e-02 1.080524723953966461e-02 0.000000000000000000e+00 1.388908573321271378e-01 3.463565121381752959e-02 6.220189634454720284e-02
