0.000000000000000000e+00 4.215454472337904629e-02 1.418951778300899802e-01 0.000000000000000000e+00 8.583864478925333497e-02 7.899043715520495624e-04 4.787692396562208928e-03 6.513675523191866934e-02 3.771812312482999280e-02 0.000000000000000000e+00 0.000000000000000000e+00 2.338580430870363866e-02 7.472785978650417493e-02 0.000000000000000000e+00 1.257307503601913234e-01 9.857259147216003436e-04 0.000000000000000000e+00 1.007381098083343605e-02 4.524173555736709512e-03 1.072219064003859801e-01 0.000000000000000000e+00 0.000000000000000000e+00 2.150286958457090121e-03 4.627677291369590440e-02 2.266020663531849999e-01
4.564100049678994353e-02 3.648277096073387644e-03 0.000000000000000000e+00 0.000000000000000000e+00 0.000000000000000000e+00 0.000000000000000000e+00 3.420465244662131143e-02 0.000000000000000000e+00 1.769685995959005276e-01 0.000000000000000000e+00 0.000000000000000000e+00 3.915436499355266775e-03 0.000000000000000000e+00 5.826331507661235663e-03 2.132153611363855616e-01 0.000000000000000000e+00 6.615685769404802685e-02 0.000000000000000000e+00 0.000000000000000000e+00 0.000000000000000000e+00 3.013509329916268242e-02 0.000000000000000000e+00 2.039652947122276572e-02 1.464217118028618703e-01 2.534701489539172847e-01
0.000000000000000000e+00 0.000000000000000000e+00 6.033431845873669930e-02 0.000000000000000000e+00 3.264766965552717143e-02 0.000000000000000000e+00 3.548120944113185293e-02 2.277915526829280002e-02 0.000000000000000000e+00 3.024247756226737527e-02 0.000000000000000000e+00 2.971106891788838356e-02 0.000000000000000000e+00 0.000000000000000000e+00 2.354793169802254227e-01 1.214929912157002023e-01 0.000000000000000000e+00 1.067851813219188213e-02 3.125380969843605250e-02 1.135613623849765358e-01 0.000000000000000000e+00 6.997053874967039400e-02 1.394656827293268841e-01 4.802916753626941537e-02 1.887271326935904131e-02
1.208911129873623674e-01 8.299152958023733873e-03 4.455217450663811855e-03 5.111966430313730214e-02 3.501675627965478155e-02 0.000000000000000000e+00 7.871052090520379296e-02 1.291060508259047335e-01 1.656134918689382979e-02 1.850471232698466528e-01 0.000000000000000000e+00 1.140799791348017095e-01 0.000000000000000000e+00 0.000000000000000000e+00 2.728785370874016111e-02 3.932840002171632265e-02 2.269512575388642206e-02 0.000000000000000000e+00 8.577543203672564898e-03 6.400249804013401211e-02 0.000000000000000000e+00 0.000000000000000000e+00 0.000000000000000000e+00 9.482165197035777315e-02 0.000000000000000000e+00
2.460358596042273513e-02 0.000000000000000000e+00 1.093927532115892762e-02 0.000000000000000000e+00 3.006341496943087943e-02 2.974807680024977186e-03 1.334278564093483999e-01 3.832138377760726904e-03 3.497581767937035183e-03 1.482756117761035441e-01 0.000000000000000000e+00 1.792143702543266826e-01 0.000000000000000000e+00 1.165354035883381899e-02 1.633669231136492817e-01 0.000000000000000000e+00 0.000000000000000000e+00 3.750402635377958916e-03 0.000000000000000000e+00 0.000000000000000000e+00 6.093769131516304539e-03 7.289764148351387391e-03 1.074238702854035943e-01 1.635930878103536712e-01 0.000000000000000000e+00
0.000000000000000000e+00 5.394487072052881610e-02 1.596495859455290545e-01 0.000000000000000000e+00 1.116440411013912976e-01 9.307533044061563204e-03 1.368003644130991181e-01 0.000000000000000000e+00 7.546134896194368197e-03 1.182598076027798900e-01 0.000000000000000000e+00 4.507402016769642555e-02 0.000000000000000000e+00 0.000000000000000000e+00 4.479327806312926458e-02 0.000000000000000000e+00 0.000000000000000000e+00 0.000000000000000000e+00 1.313047199578839530e-01 0.000000000000000000e+00 2.607600742554660837e-03 8.930219554611819321e-02 3.398736018253407931e-02 1.696816055817620267e-02 3.881032705832310886e-02
0.000000000000000000e+00 0.000000000000000000e+00 8.030382601670600640e-02 0.000000000000000000e+00 1.525674537465772918e-01 0.000000000000000000e+00 0.000000000000000000e+00 1.924161505932895505e-02 0.000000000000000000e+00 9.422206901678836441e-03 0.000000000000000000e+00 0.000000000000000000e+00 0.000000000000000000e+00 0.000000000000000000e+00 1.856680487575992911e-01 1.556187253194891594e-03 1.550695250588996765e-01 0.000000000000000000e+00 0.000000000000000000e+00 2.946847590686688806e-02 0.000000000000000000e+00 0.000000000000000000e+00 1.178895005664970380e-01 1.379306782538152198e-01 1.108824824788358782e-01
0.000000000000000000e+00 5.144483262053159596e-03 1.113845231685537951e-01 0.000000000000000000e+00 7.438163717222039117e-02 0.000000000000000000e+00 1.423597421125633554e-02 0.000000000000000000e+00 0.000000000000000000e+00 5.592622682183784333e-02 0.000000000000000000e+00 2.620526867687911557e-02 0.000000000000000000e+00 0.000000000000000000e+00 8.475052129872288897e-02 0.000000000000000000e+00 1.003390050654775351e-02 0.000000000000000000e+00 0.000000000000000000e+00 0.000000000000000000e+00 3.510076093475756470e-02 1.282359527836999524e-01 1.785699912191125172e-01 1.760831008493203009e-01 9.994765909503830481e-02
0.000000000000000000e+00 0.000000000000000000e+00 1.271039684146273718e-01 0.000000000000000000e+00 1.573750181502932971e-02 0.000000000000000000e+00 1.264116160065842653e-01 0.000000000000000000e+00 1.622772116754631622e-01 2.679027260563707387e-03 0.000000000000000000e+00 0.000000000000000000e+00 0.000000000000000000e+00 2.938078524683477438e-03 1.521460747244067768e-01 0.000000000000000000e+00 1.159670970750577290e-01 3.867880762403091977e-02 0.000000000000000000e+00 2.615429690001483398e-02 0.000000000000000000e+00 0.000000000000000000e+00 1.539554258910320363e-02 2.145107773904353088e-01 0.000000000000000000e+00
0.000000000000000000e+00 0.000000000000000000e+00 4.526349843286855967e-03 1.564614749080033007e-02 1.713630759202261836e-02 4.212667273543118512e-02 9.243425043630293381e-03 0.000000000000000000e+00 0.000000000000000000e+00 1.452011255271077050e-01 2.169051659036869487e-02 1.322974453522343836e-02 1.963639339103777012e-02 1.590722215791713634e-02 2.979518062697737446e-01 2.567391630985321749e-02 4.560740357606886397e-02 0.000000000000000000e+00 1.968461670619923304e-02 0.000000000000000000e+00 1.158469056496762989e-02 4.010920290909950059e-02 1.086705672856989602e-01 0.000000000000000000e+00 1.463738914715129180e-01
0.000000000000000000e+00 4.900976734226154298e-03 1.822506706595999892e-01 0.000000000000000000e+00 3.484694609937513676e-03 0.000000000000000000e+00 1.656053178337539289e-01 1.090618498850350060e-01 2.383951164346272134e-02 2.054602184111644150e-02 0.000000000000000000e+00 1.362896088174755105e-01 0.000000000000000000e+00 0.000000000000000000e+00 1.963738780052201247e-02 0.000000000000000000e+00 0.000000000000000000e+00 1.491886062370759679e-02 1.370066272691392584e-01 5.682266292674609427e-03 0.000000000000000000e+00 1.808937275984344450e-02 3.939442315958395502e-02 0.000000000000000000e+00 1.192924100699218060e-01
0.000000000000000000e+00 0.000000000000000000e+00 0.000000000000000000e+00 0.000000000000000000e+00 2.556627384253646329e-01 0.000000000000000000e+00 3.220669501753265634e-02 1.327333893756584351e-03 3.701722428635614154e-02 0.000000000000000000e+00 0.000000000000000000e+00 1.682341594839148191e-01 0.000000000000000000e+00 0.000000000000000000e+00 2.089398682814503916e-01 0.000000000000000000e+00 4.449988351961050442e-02 0.000000000000000000e+00 1.490807565664636347e-01 0.000000000000000000e+00 0.000000000000000000e+00 0.000000000000000000e+00 0.000000000000000000e+00 1.030313405255505604e-01 0.000000000000000000e+00
0.000000000000000000e+00 0.000000000000000000e+00 1.370030957388526927e-01 8.495655331248744974e-03 7.354062911221592724e-02 0.000000000000000000e+00 1.347566020834035649e-01 7.863727092729996815e-02 6.969331474209138066e-02 4.063285968249491509e-02 0.000000000000000000e+00 0.000000000000000000e+00 1.397748265125346727e-05 0.000000000000000000e+00 7.015247941312862355e-03 3.208312364440330661e-02 2.424437135853583711e-02 0.000000000000000000e+00 0.000000000000000000e+00 0.000000000000000000e+00 2.014490375525338980e-03 1.380252557770405841e-01 1.719606376511156332e-01 3.662451410574862898e-02 4.525895404605922295e-02
1.141573647467241104e-01 1.503693352435064813e-03 0.000000000000000000e+00 0.000000000000000000e+00 1.234715261689707105e-01 0.000000000000000000e+00 6.035694499842012006e-02 0.000000000000000000e+00 1.265612544008472805e-02 1.474895801952990915e-01 0.000000000000000000e+00 4.893084152481542298e-02 0.000000000000000000e+00 0.000000000000000000e+00 5.811635563043716923e-02 7.340912318597595573e-04 0.000000000000000000e+00 3.259453705196019291e-02 1.470512363918318431e-02 0.000000000000000000e+00 8.903991973407509100e-03 8.599748574489736452e-02 1.232244729220975527e-01 3.787546752902235057e-03 1.633703186265057783e-01
0.000000000000000000e+00 0.000000000000000000e+00 1.608531237481544141e-01 0.000000000000000000e+00 1.165442317086894664e-01 1.060529466354432661e-02 1.223461544638480706e-03 1.407219240694475570e-01 0.000000000000000000e+00 1.285636613524724914e-01 0.000000000000000000e+00 1.579719026342061017e-01 1.940591904362508335e-02 9.201908300142260617e-04 1.412599722523578093e-02 7.861518572001392063e-03 1.464631998989638362e-01 0.000000000000000000e+00 0.000000000000000000e+00 0.000000000000000000e+00 0.000000000000000000e+00 4.970782016694178657e-02 8.134117838869518724e-03 0.000000000000000000e+00 3.689763670319561734e-02
0.000000000000000000e+00 0.000000000000000000e+00 4.741812132642210520e-02 2.042423163445338322e-02 2.373763288765119023e-02 0.000000000000000000e+00 4.568825822003685228e-02 1.425077795208301301e-01 0.000000000000000000e+00 1.551539195555237498e-02 0.000000000000000000e+00 1.565372929038823246e-01 0.000000000000000000e+00 0.000000000000000000e+00 1.211242639427856094e-01 0.000000000000000000e+00 0.000000000000000000e+00 0.000000000000000000e+00 0.000000000000000000e+00 0.000000000000000000e+00 0.000000000000000000e+00 7.535349546878233884e-02 6.964751736232120682e-02 1.365567781377801382e-01 1.454892366395023895e-01
0.000000000000000000e+00 0.000000000000000000e+00 0.000000000000000000e+00 0.000000000000000000e+00 8.696859464878937962e-02 2.034190351785978082e-02 1.084800968501719795e-02 2.242948626708082815e-02 0.000000000000000000e+00 1.496396000071748555e-01 0.000000000000000000e+00 1.190005731483730067e-02 0.000000000000000000e+00 0.000000000000000000e+00 4.088826443453472126e-02 0.000000000000000000e+00 2.309524584500117772e-01 2.412406677764917726e-02 1.207551795129996886e-01 8.844199757393256256e-03 0.000000000000000000e+00 1.205305229627431640e-01 1.481715731192789487e-01 3.606083544629934846e-03 0.000000000000000000e+00
3.803494125274425874e-02 0.000000000000000000e+00 1.032518877959119619e-01 0.000000000000000000e+00 1.248907393094904339e-01 0.000000000000000000e+00 0.000000000000000000e+00 9.297684070304598758e-02 8.212345176066834090e-03 0.000000000000000000e+00 3.387165275453125207e-02 1.147077501591987347e-01 0.000000000000000000e+00 0.000000000000000000e+00 1.420295164292022239e-01 0.000000000000000000e+00 1.104670404722491762e-02 3.067600885044383802e-02 0.000000000000000000e+00 0.000000000000000000e+00 0.000000000000000000e+00 1.218155961304463186e-01 2.880376178767912049e-02 1.446370983676940059e-01 5.045157236320101275e-03
3.303921359828891624e-02 1.151047230693472562e-01 0.000000000000000000e+00 0.000000000000000000e+00 5.734732880624401896e-02 6.481080493145431609e-02 1.372670545525515040e-01 0.000000000000000000e+00 0.000000000000000000e+00 1.683395111768480959e-02 2.036741482609475892e-02 0.000000000000000000e+00 0.000000000000000000e+00 0.000000000000000000e+00 1.375598397874648604e-01 0.000000000000000000e+00 7.597274406475152363e-03 7.690749540588687205e-02 1.138314900911524367e-02 8.310855996607934004e-03 2.608972277794079087e-02 0.000000000000000000e+00 0.000000000000000000e+00 0.000000000000000000e+00 2.873811717148436196e-01
0.000000000000000000e+00 1.153979287486158606e-02 4.286973217740247533e-02 0.000000000000000000e+00 0.000000000000000000e+00 1.008530343182058170e-01 0.000000000000000000e+00 7.488098764557878095e-02 7.693290238514377544e-02 3.667541789827317295e-02 0.000000000000000000e+00 1.480824823524883871e-01 4.848192912645243186e-02 8.230687146807112459e-04 1.262934869902767043e-01 0.000000000000000000e+00 0.000000000000000000e+00 4.731893550998698267e-02 0.000000000000000000e+00 6.318363459598017214e-03 0.000000000000000000e+00 0.000000000000000000e+00 3.175833373719078555e-03 4.488107131643172265e-02 2.308729618569004272e-01
0.000000000000000000e+00 7.248683795515720174e-02 1.748943094361565462e-02 9.326812867095536294e-03 4.451663784761878545e-02 1.167674637249387221e-01 1.558718052139642651e-01 0.000000000000000000e+00 1.040326472543845332e-01 2.510943038216599879e-02 0.000000000000000000e+00 8.594842337725165649e-03 0.000000000000000000e+00 7.426819223463185758e-03 1.504283258967324399e-01 1.110237896116302997e-01 2.431390786629700207e-02 1.118786741673502040e-02 2.404914692307283733e-03 1.967992213708145630e-02 0.000000000000000000e+00 6.580831304087859587e-03 0.000000000000000000e+00 0.000000000000000000e+00 1.127577133249995228e-01
0.000000000000000000e+00 4.552018978512790276e-02 1.090587235981178293e-01 0.000000000000000000e+00 1.254181151013068762e-01 0.000000000000000000e+00 0.000000000000000000e+00 5.708718620776880200e-03 0.000000000000000000e+00 1.615034900975631793e-01 0.000000000000000000e+00 1.690759219236077637e-01 1.084084273810286859e-02 3.406238005381340139e-02 2.527269617801766732e-01 0.000000000000000000e+00 0.000000000000000000e+00 0.000000000000000000e+00 0.000000000000000000e+00 7.558234900435227555e-02 0.000000000000000000e+00 0.000000000000000000e+00 0.000000000000000000e+00 6.004761566207365668e-03 4.497545730846926743e-03
3.123577305963592780e-03 0.000000000000000000e+00 1.235337465872426294e-01 0.000000000000000000e+00 0.000000000000000000e+00 1.812137036971675150e-02 1.306276563795033263e-01 2.152019566436447900e-02 7.453800196445800608e-02 0.000000000000000000e+00 1.083143115213379588e-03 1.206859651420526119e-01 0.000000000000000000e+00 0.000000000000000000e+00 1.702594808432697226e-01 1.471863965343961356e-03 0.000000000000000000e+00 0.000000000000000000e+00 1.329068252872881439e-01 1.028220819680904577e-02 0.000000000000000000e+00 2.503273820553413020e-02 1.368901585050639469e-01 2.525093399539857578e-02 4.672134472777584105e-03
0.000000000000000000e+00 1.028720335669377206e-01 2.221612389196816334e-02 0.000000000000000000e+00 6.677152325655592857e-02 1.054839528913007266e-03 3.395184933143445549e-02 0.000000000000000000e+00 0.000000000000000000e+00 8.029100813943081116e-02 0.000000000000000000e+00 3.467053958446556644e-02 0.000000000000000000e+00 0.000000000000000000e+00 1.808756275054986262e-01 0.000000000000000000e+00 1.180320631006374771e-01 0.000000000000000000e+00 1.331884860812239668e-01 2.002009913381690848e-02 0.000000000000000000e+00 0.000000000000000000e+00 1.889999362942733074e-01 1.598606822680781123e-02 1.069802358036289975e-03
1.167068905075299180e-02 3.474172522849650752e-02 6.502706672105021402e-02 0.000000000000000000e+00 9.680991528208841151e-03 0.000000000000000000e+00 0.000000000000000000e+00 0.000000000000000000e+00 6.936554183697611967e-03 1.412732248142427316e-01 0.000000000000000000e+00 2.615426169409595242e-02 0.000000000000000000e+00 0.000000000000000000e+00 2.100490544247766156e-01 7.163965867080408778e-03 1.477460265093240854e-01 1.290541951534597831e-01 8.035159379266465507e-03 2.698705222819530042e-02 0.000000000000000000e+00 0.000000000000000000e+00 2.099174197010805071e-02 0.000000000000000000e+00 1.544882912472443914e-01
1.372654804798215285e-02 0.000000000000000000e+00 0.000000000000000000e+00 6.492435118401297840e-03 1.655863441132030683e-02 2.631088197619450494e-02 1.290001203129534924e-01 1.068305802944997385e-01 0.000000000000000000e+00 0.000000000000000000e+00 0.000000000000000000e+00 1.320991289102911581e-01 9.098100871507870668e-03 5.042504167614331005e-03 1.751827762429165602e-01 1.382122336446316990e-01 1.657372437069335944e-02 0.000000000000000000e+00 0.000000000000000000e+00 0.000000000000000000e+00 0.000000000000000000e+00 0.000000000000000000e+00 4.316418082970556458e-03 1.620030171229732696e-01 5.855289642504968306e-02
0.000000000000000000e+00 3.132017669441814443e-03 1.514717457598518391e-01 2.902914417782397061e-02 3.514087562095222911e-02 0.000000000000000000e+00 1.068964475893536582e-02 1.040611351979789795e-01 1.236318302012269846e-02 9.363938760665566075e-02 0.000000000000000000e+00 1.289068970145720305e-01 2.363952225216460132e-02 3.567462095819508294e-02 0.000000000000000000e+00 0.000000000000000000e+00 1.171239796066213951e-01 1.446281985143570885e-03 1.030158571409686176e-02 0.000000000000000000e+00 0.000000000000000000e+00 5.734906624963891086e-02 1.090173593324781157e-02 1.420358582248552881e-01 3.309331824970186686e-02
1.069082670000161446e-02 0.000000000000000000e+00 0.000000000000000000e+00 0.000000000000000000e+00 1.275628428132362102e-01 0.000000000000000000e+00 1.632743959847378912e-01 1.154826621672137149e-02 1.321433695851873414e-03 2.662161686905714086e-01 1.381658514444921576e-02 0.000000000000000000e+00 0.000000000000000000e+00 0.000000000000000000e+00 1.572295485144183935e-01 0.000000000000000000e+00 0.000000000000000000e+00 6.046117108071770441e-02 6.575967145512773109e-03 2.470744479092860935e-02 1.764353995137465025e-03 1.128022287891223829e-01 2.217406660089341758e-02 1.564053115602962937e-02 4.214168681670192422e-03
0.000000000000000000e+00 0.000000000000000000e+00 0.000000000000000000e+00 0.000000000000000000e+00 1.459616726164665867e-01 9.473077920164409832e-03 1.055168935010213499e-01 1.097307317079548872e-01 0.000000000000000000e+00 1.537179697526053906e-02 0.000000000000000000e+00 1.288722423331249700e-01 0.000000000000000000e+00 0.000000000000000000e+00 8.792006716631295404e-02 2.634245962096065305e-02 0.000000000000000000e+00 1.870327537299812728e-02 0.000000000000000000e+00 0.000000000000000000e+00 0.000000000000000000e+00 9.272121568915302203e-02 7.276362193408428269e-02 1.347180796718000229e-01 5.190486549069814326e-02
0.000000000000000000e+00 2.230010588874704533e-02 1.532266613050489168e-01 0.000000000000000000e+00 1.209302788825136754e-02 0.000000000000000000e+00 3.112664708068191548e-03 0.000000000000000000e+00 3.411243663712612562e-02 1.338540603502287041e-01 0.000000000000000000e+00 1.560509674820142745e-01 0.000000000000000000e+00 1.088151875720496341e-02 1.391205368487611060e-01 0.000000000000000000e+00 3.923161829329936852e-03 0.000000000000000000e+00 4.279403279126147569e-02 4.901801562138236035e-03 0.000000000000000000e+00 9.966154279900263369e-02 1.502573547146745792e-01 1.664375128851784333e-02 1.706637514962462687e-02
