0.000000000000000000e+00 9.260420251582728024e-02 0.000000000000000000e+00 0.000000000000000000e+00 2.888502407704485880e-02 1.597543481831308620e-01 5.537125319206511430e-03 0.000000000000000000e+00 4.159008837381535789e-02 1.335279608243437194e-02 0.000000000000000000e+00 8.467334598289770475e-02 1.354018146138683820e-01 1.460288634229627187e-02 5.647126550755010577e-02 0.000000000000000000e+00 0.000000000000000000e+00 1.217183050187114757e-01 1.209811108848301425e-01 1.244276870983866551e-01
6.543862654558696423e-03 6.238429568270869446e-02 0.000000000000000000e+00 7.328243210901098925e-02 5.741713750528280175e-02 1.006135094092250881e-01 9.153108152512624829e-02 0.000000000000000000e+00 1.355910900727437252e-01 2.104308957892183501e-02 3.295565892626711041e-02 1.391502635556098322e-01 0.000000000000000000e+00 0.000000000000000000e+00 0.000000000000000000e+00 0.000000000000000000e+00 7.035476559948993132e-03 1.536157561181102039e-03 1.152379377151664525e-01 1.556780071442483981e-01
5.258484752001478350e-03 1.295998473741779011e-01 1.611589250178505702e-04 2.318824446372508979e-03 2.790396338818952882e-01 3.271353155670637253e-02 9.695589196024997913e-02 4.648924979928701490e-02 1.227657259434760187e-02 0.000000000000000000e+00 7.057104299454773286e-03 0.000000000000000000e+00 0.000000000000000000e+00 5.259027049864066494e-02 2.721786983715676275e-02 5.796290139089396200e-03 0.000000000000000000e+00 1.357844022341872514e-01 2.146624965884964126e-02 1.452746180425653344e-01
7.729697311791679931e-03 8.877217106083593046e-02 0.000000000000000000e+00 1.756519894246478808e-01 5.208535759788984754e-02 4.705492086178169990e-03 1.139170422517088964e-02 7.846513449198976031e-02 1.361187516995567559e-01 1.115301742086467901e-01 0.000000000000000000e+00 2.921864656510241715e-02 8.764870376406785901e-02 1.305159455711434220e-02 0.000000000000000000e+00 5.127655753938833300e-02 7.236492242580466316e-04 0.000000000000000000e+00 1.516303762433613145e-01 0.000000000000000000e+00
0.000000000000000000e+00 1.342886167929252805e-01 0.000000000000000000e+00 2.220137288688145763e-02 1.716472332701390879e-01 3.084681099940531773e-02 1.502611085383520340e-01 9.798986341536383704e-02 8.403774647221756364e-03 0.000000000000000000e+00 0.000000000000000000e+00 8.199067184219616111e-02 3.123757955553915083e-02 0.000000000000000000e+00 9.036088415112183622e-03 0.000000000000000000e+00 0.000000000000000000e+00 6.844533041530094335e-03 1.170048799109519866e-01 1.382474666843816757e-01
1.669158708066164308e-03 1.575940466618771518e-01 9.104805836408129058e-03 7.118087335541692373e-02 1.329437158062848623e-01 4.116947231320229605e-02 7.689943516866175333e-02 0.000000000000000000e+00 1.348529411549995042e-03 0.000000000000000000e+00 0.000000000000000000e+00 2.843046201092756520e-01 8.955044995872771946e-03 0.000000000000000000e+00 2.697435461173125146e-02 1.356215150729850050e-01 0.000000000000000000e+00 0.000000000000000000e+00 0.000000000000000000e+00 5.223442794866812317e-02
5.211451295795574423e-02 1.174457685657591573e-02 0.000000000000000000e+00 8.620039801310434846e-02 1.585526022155560322e-01 1.340452098767410671e-01 7.902298422899408509e-03 8.957516250754042966e-03 2.157261823203037998e-01 0.000000000000000000e+00 0.000000000000000000e+00 3.496658126333512806e-02 1.207022892060331636e-02 3.997341679027259509e-02 1.344340239358075492e-02 2.418563789869032036e-03 3.096412186356676047e-02 1.909566523875222063e-02 1.718247228261296500e-01 0.000000000000000000e+00
6.917907190951001761e-02 1.590292778097644397e-02 1.999072632600917138e-02 1.558382284836775655e-01 1.118191955500097770e-02 5.868047649249588486e-03 1.339980967784214216e-01 1.166854468194954142e-01 1.229603237276831323e-01 0.000000000000000000e+00 3.111768040241726790e-02 9.595024969872827103e-02 5.481387460911378573e-02 2.540996704601657628e-03 7.595608654414039672e-03 4.309334896507335984e-03 1.100732566049826208e-02 7.867854619200796706e-02 0.000000000000000000e+00 6.238159415168752220e-02
1.393430146701620659e-02 6.100091925725947828e-02 0.000000000000000000e+00 9.995513716000906101e-02 5.942199257366775900e-02 1.916093012733765255e-01 5.238156443342655705e-02 1.153868403744158916e-01 6.266429987614791086e-02 0.000000000000000000e+00 0.000000000000000000e+00 1.602798801133889853e-02 1.662391806066161881e-01 1.060201258016017778e-02 1.939511587105281765e-02 3.609081543332454817e-02 3.831146906582265366e-02 6.228236499025837855e-03 2.983763700873924909e-02 2.091318850860019243e-02
4.211850431587694892e-03 1.262216645788129532e-01 1.768270422013330095e-02 6.132517433040590021e-02 1.585284268815111697e-01 1.777225733750896763e-01 1.408367462706317241e-01 9.792211476338722256e-03 1.086715436706767318e-01 0.000000000000000000e+00 0.000000000000000000e+00 4.170584096306431329e-03 0.000000000000000000e+00 0.000000000000000000e+00 1.731520424554069959e-01 1.210074433473570625e-02 5.250997993703238921e-03 0.000000000000000000e+00 0.000000000000000000e+00 3.327358846598646967e-04
0.000000000000000000e+00 5.209351594902798810e-02 1.180777195100676628e-02 0.000000000000000000e+00 0.000000000000000000e+00 5.472871073256028313e-02 8.734485873583179572e-02 0.000000000000000000e+00 1.963590844498830715e-02 0.000000000000000000e+00 0.000000000000000000e+00 1.869400944149819943e-01 1.598222644082342436e-01 1.131085328745829073e-02 6.359372690585972376e-02 0.000000000000000000e+00 4.309829755116558088e-03 1.045941822763664653e-01 1.220006745456327923e-01 1.218176085929348479e-01
9.650503190407148111e-04 5.565290980958055578e-02 0.000000000000000000e+00 1.025435676948719399e-01 0.000000000000000000e+00 1.233094363673272881e-01 1.323087331844395066e-02 5.622710706097240607e-02 1.187414385086714846e-01 2.631688366673269955e-02 0.000000000000000000e+00 2.582501747340697484e-01 1.535784776751910989e-02 0.000000000000000000e+00 0.000000000000000000e+00 4.386192901384293463e-02 0.000000000000000000e+00 1.236159107006781915e-01 0.000000000000000000e+00 6.192687103824899564e-02
1.045591406588195112e-02 7.159796355543708579e-02 1.269595081409009493e-02 1.031405946048424274e-03 0.000000000000000000e+00 2.367315047140238216e-01 1.074761427169546729e-02 8.418870326784833047e-02 2.802925701925743432e-02 6.372860108198010604e-03 6.687189135722157972e-03 2.423329967025376064e-01 6.256608711367558917e-02 5.025084113652383833e-02 2.427279781982486645e-02 0.000000000000000000e+00 3.538501588087137901e-03 0.000000000000000000e+00 3.584126739070777473e-02 1.126591453504405399e-01
9.819956721251922593e-02 9.149072534867286333e-02 1.505278015581136726e-03 3.585979570871185296e-02 4.166866642748093263e-02 1.870189185256781461e-01 1.145757259035958819e-01 1.560588339601733966e-02 0.000000000000000000e+00 0.000000000000000000e+00 0.000000000000000000e+00 1.182333028140314241e-01 3.394408529384851728e-03 1.083405447489308154e-03 1.243479697450043803e-01 7.254414395922405279e-02 2.565565649933699080e-02 1.202189486492284687e-02 5.679465760234874566e-02 0.000000000000000000e+00
3.977812717458801411e-02 2.496830362769399472e-02 1.723612208219996817e-04 6.030782388552959755e-02 0.000000000000000000e+00 1.461358552998683336e-01 0.000000000000000000e+00 8.206349573958823806e-02 1.388071576814600139e-01 0.000000000000000000e+00 0.000000000000000000e+00 1.518857854834413934e-01 0.000000000000000000e+00 1.257850688333170437e-02 1.460823265639832891e-01 4.325978084173196479e-03 2.446811703089768128e-02 8.104977651497953864e-03 1.330085876687341767e-02 1.470203249062510820e-01
0.000000000000000000e+00 1.290754755185604397e-01 0.000000000000000000e+00 1.053744405097150998e-02 1.494672598310344547e-01 1.050278040043932243e-01 2.161238864029716225e-02 2.388398713248391508e-02 0.000000000000000000e+00 0.000000000000000000e+00 0.000000000000000000e+00 7.840181835111501019e-02 0.000000000000000000e+00 0.000000000000000000e+00 5.096534150482633953e-03 0.000000000000000000e+00 0.000000000000000000e+00 1.561481784780646143e-01 1.685892614320439742e-01 1.521598484105529669e-01
9.223975551774094006e-02 0.000000000000000000e+00 0.000000000000000000e+00 0.000000000000000000e+00 9.896380028564603915e-02 1.487534322016616506e-01 3.516294725762137991e-03 1.408567514726315750e-01 1.085942109555149970e-01 0.000000000000000000e+00 7.460995181037270718e-02 1.346107678781227335e-01 0.000000000000000000e+00 0.000000000000000000e+00 0.000000000000000000e+00 0.000000000000000000e+00 4.489840982093755428e-03 4.616803945465811597e-03 5.546506663777988483e-02 1.332833235872079025e-01
2.902778703725171147e-02 4.952543047182306896e-02 0.000000000000000000e+00 1.517393512058533289e-01 4.757125782521419259e-03 8.374019031105116306e-02 2.166154984078972126e-02 3.353422664511504503e-02 1.508091874602615623e-01 9.709275016916114193e-03 0.000000000000000000e+00 9.903257477735183389e-02 4.359768605791420476e-02 0.000000000000000000e+00 1.592586361492946134e-01 3.188088090519640341e-03 0.000000000000000000e+00 7.689722095829018556e-02 1.643431674185834301e-02 6.708735345318807275e-02
0.000000000000000000e+00 1.211111138522103364e-01 0.000000000000000000e+00 1.862047980523206039e-02 1.939381510727360147e-02 0.000000000000000000e+00 1.007943262614428154e-01 1.101225781438656265e-02 3.547552397891596404e-02 0.000000000000000000e+00 0.000000000000000000e+00 9.909000626364536379e-02 1.580199882593738281e-01 0.000000000000000000e+00 1.515402460078932589e-01 3.007236985722644418e-02 1.687010182919687629e-02 2.936986608564876380e-02 4.057279298665957684e-02 1.680571118908946171e-01
0.000000000000000000e+00 3.825251138135643547e-02 0.000000000000000000e+00 2.854000207799727712e-02 1.542007855607233080e-01 1.003324521868173141e-01 1.850610678840108048e-01 1.358260228967682511e-02 9.333095081343435739e-02 1.614320295309009182e-02 8.201476078600052760e-03 9.837541395544625866e-02 0.000000000000000000e+00 8.388968464582688194e-04 9.553759058332259371e-03 0.000000000000000000e+00 0.000000000000000000e+00 1.324005046666693920e-02 8.785337292682973698e-02 1.524934555205601228e-01
2.907860778148360290e-02 9.789071971666676863e-02 0.000000000000000000e+00 0.000000000000000000e+00 0.000000000000000000e+00 5.739706820214498552e-03 1.180989312133255004e-01 1.223571128610054237e-02 1.245490771046960238e-01 1.206563052223871835e-03 8.980686846043204122e-03 1.641744550510455258e-01 0.000000000000000000e+00 1.249648055698388965e-01 1.543971635353892091e-01 5.719913394304643878e-02 2.269755309591284936e-02 0.000000000000000000e+00 8.493499212656435704e-03 7.029338577135671451e-02
6.398768101816430798e-02 3.584180153087768855e-02 0.000000000000000000e+00 5.677438503239852496e-02 0.000000000000000000e+00 1.086420994978084253e-01 0.000000000000000000e+00 2.261206004589623800e-02 5.728840171033277445e-02 0.000000000000000000e+00 0.000000000000000000e+00 2.464795893895131706e-01 1.149066830343425660e-01 2.430557343275213666e-02 7.970855015400221677e-03 3.195454884626289238e-02 0.000000000000000000e+00 7.609747272524648720e-02 1.522601181295611672e-01 8.787305914434452017e-04
0.000000000000000000e+00 5.278628471152270463e-02 0.000000000000000000e+00 1.659749116784278167e-01 1.108391304406508744e-02 2.195223833309073169e-01 1.230793217792415864e-02 7.343688718732445213e-03 1.258429229523495840e-01 8.569188225845379009e-03 0.000000000000000000e+00 3.195550506732054014e-02 1.569577362527886100e-01 0.000000000000000000e+00 3.572483532367914938e-02 1.187462325137446546e-02 7.622505452849181453e-04 1.182555844260140508e-02 8.629523971637491006e-03 1.388387423055390257e-01
8.166941495087691807e-03 3.401392963672376230e-02 0.000000000000000000e+00 2.426437806553078530e-02 7.865007736328688548e-02 1.672953292305129347e-01 1.338831682445562610e-01 8.093079766760014060e-02 0.000000000000000000e+00 0.000000000000000000e+00 2.660164795531219477e-03 3.818030730093770198e-03 1.538667917430708576e-01 0.000000000000000000e+00 0.000000000000000000e+00 1.567281370185096348e-02 2.957849858980875820e-03 3.950620431160994928e-02 1.123605875881484584e-01 1.419529355674154225e-01
1.484937008944731997e-02 5.390513919226263412e-02 0.000000000000000000e+00 1.281690500590627890e-01 1.969586678756580778e-01 0.000000000000000000e+00 2.289951988503562408e-01 2.887819871753728902e-03 8.192371692545351303e-02 1.625335012204445762e-02 1.713667026507250052e-03 3.733051095630122995e-03 0.000000000000000000e+00 0.000000000000000000e+00 0.000000000000000000e+00 3.338844136976569510e-02 0.000000000000000000e+00 3.180057374734253373e-02 6.662514882377347514e-02 1.387968049509422930e-01
0.000000000000000000e+00 3.537500602894435176e-03 3.621300604807761725e-02 7.211117523341113722e-02 5.291428544450173244e-02 1.052822020960932949e-02 3.391751023040828761e-02 0.000000000000000000e+00 6.868296827728601062e-02 8.299213626804621824e-03 0.000000000000000000e+00 2.545752705392406723e-01 1.435330506400045100e-02 4.138178729369677150e-02 1.386934034905357715e-01 3.136481048865198337e-03 2.158570144584959216e-01 0.000000000000000000e+00 1.749606574810040616e-02 2.830279268407158086e-02
4.072569700228011701e-03 2.277929459406811616e-02 9.829083922864753631e-02 2.108800274504284145e-01 1.035417506747296212e-01 9.639604867039686109e-02 2.446291382456090499e-02 3.819131497023918465e-02 0.000000000000000000e+00 1.161905047351818182e-02 0.000000000000000000e+00 1.493303466417157943e-01 2.774040356010778682e-02 2.782681380361471876e-02 1.474644774297726446e-01 0.000000000000000000e+00 3.554788811840355056e-02 1.856260859568699840e-03 0.000000000000000000e+00 0.000000000000000000e+00
0.000000000000000000e+00 1.217134066750401172e-01 0.000000000000000000e+00 5.000562666894556307e-02 1.281071426074081865e-01 1.411438612736697074e-01 5.018141357564116084e-02 4.400390849787478437e-02 7.403964007528192337e-02 0.000000000000000000e+00 1.111949637756335469e-03 1.094662802407753155e-01 0.000000000000000000e+00 0.000000000000000000e+00 0.000000000000000000e+00 1.115600477914996565e-02 0.000000000000000000e+00 4.446600438771083907e-02 1.023222390370833318e-01 1.222825225436626612e-01
1.753135043747187927e-02 1.317716418353239438e-01 0.000000000000000000e+00 6.385195548070533161e-03 3.816405926969562452e-03 1.082508819527592397e-01 7.047085527457967735e-02 0.000000000000000000e+00 0.000000000000000000e+00 0.000000000000000000e+00 0.000000000000000000e+00 2.665831737263176238e-01 5.544725565593368322e-02 4.955088911096950342e-03 0.000000000000000000e+00 0.000000000000000000e+00 7.891142616630900108e-02 4.248196051096124470e-02 7.443484550408992206e-02 1.389599185501165790e-01
1.913627473326804014e-04 2.204217718362545472e-02 5.696202766311860141e-04 1.290724491311079636e-01 0.000000000000000000e+00 1.345633163468363813e-01 1.175217224728456432e-02 3.045713118722671864e-02 1.310015358142551083e-03 1.041191178131127722e-02 0.000000000000000000e+00 1.703936434138008105e-01 1.263851118400499962e-01 9.592176864655484192e-02 1.652685718195008313e-01 1.079017553257222151e-02 2.143213240816494239e-02 2.317625486860361295e-03 2.874418707688014551e-02 3.837662751611702061e-02
1.777308584412214760e-04 5.818254280926713623e-02 1.651931933595607999e-02 4.547312460169215115e-02 3.645532546190439344e-02 3.025694086976768449e-01 5.419126950354190980e-02 4.005970917978622127e-03 0.000000000000000000e+00 0.000000000000000000e+00 0.000000000000000000e+00 1.510640906638691938e-01 8.700778896064150988e-03 1.238310804397792404e-02 1.464396143254407534e-01 7.096394248791848677e-04 4.489804186461216623e-02 8.614892096595435506e-03 0.000000000000000000e+00 1.096151424981028633e-01
0.000000000000000000e+00 0.000000000000000000e+00 0.000000000000000000e+00 4.832496587682998980e-03 0.000000000000000000e+00 2.404396978364564119e-01 7.297375467773642779e-03 2.944931433195487752e-02 3.147843804552255542e-01 7.618336996509944298e-04 0.000000000000000000e+00 6.510854793270863528e-02 2.038034710120772280e-03 0.000000000000000000e+00 4.116445333614024427e-02 0.000000000000000000e+00 2.438864230668582114e-02 1.128575926728761156e-02 1.348949124368141461e-01 1.235545516314980746e-01
0.000000000000000000e+00 1.353866906165953066e-01 0.000000000000000000e+00 0.000000000000000000e+00 1.329645446602795433e-01 1.267571537921166613e-02 1.423337848396089532e-02 1.327867372092548515e-01 1.562433674179478371e-01 1.079434223741458122e-02 0.000000000000000000e+00 1.432136789625235718e-01 3.585491004694812273e-02 0.000000000000000000e+00 3.856597812020930854e-02 5.383503010680836844e-03 0.000000000000000000e+00 3.840608187925432376e-02 4.311586083466815121e-03 1.391794858922523470e-01
2.047876670461000210e-03 1.421058478311630902e-01 3.379112234646156065e-02 8.471326766875555969e-02 1.276085939276457304e-01 1.562009721453471445e-01 6.697046309973013305e-03 7.237695310521743454e-03 6.784860209739455861e-02 4.743533124255097828e-03 0.000000000000000000e+00 2.152108839953119079e-01 1.033860352597960365e-02 0.000000000000000000e+00 3.537199369386402853e-04 0.000000000000000000e+00 9.953940302475258739e-02 0.000000000000000000e+00 2.519762223879628421e-02 1.636520984624232830e-02
0.000000000000000000e+00 5.321119416105514477e-02 0.000000000000000000e+00 0.000000000000000000e+00 3.343582846808496739e-02 1.584056779146909288e-01 0.000000000000000000e+00 2.951159595804604512e-03 1.222364156772127036e-01 5.013564400813344188e-03 2.696387185148222884e-03 1.157631053720224595e-01 1.826295503003995124e-01 0.000000000000000000e+00 9.885094750394143176e-04 4.578629078897833871e-04 3.622320704229063659e-02 0.000000000000000000e+00 1.880921459286635233e-01 9.789539157088467114e-02
0.000000000000000000e+00 1.303947273432578824e-01 2.133248370003218517e-03 1.186948475565794379e-02 2.157016057885470517e-02 8.723999204029007914e-02 1.283669379870027438e-01 5.444469557365683166e-02 9.948232913877391725e-02 0.000000000000000000e+00 3.109035094728296398e-03 1.603926907800286850e-01 3.050197953692706729e-02 1.946972659028077188e-02 1.453628907535132186e-01 5.149007305029338526e-04 9.800328461797296054e-02 2.131349357340135855e-05 0.000000000000000000e+00 7.122602614975486780e-03
8.447800103224174535e-04 1.990657432908968794e-01 1.306994083841394629e-02 1.383057258385749638e-02 1.447594522747495949e-01 1.622750273186783221e-01 1.989897730959457392e-02 2.271572382232683786e-03 0.000000000000000000e+00 0.000000000000000000e+00 1.602659535685966273e-03 8.727533728743301633e-02 3.160692095706586768e-02 9.919102202057376860e-03 1.479729192980858143e-01 0.000000000000000000e+00 0.000000000000000000e+00 0.000000000000000000e+00 1.021396648729240185e-03 1.645855980621969417e-01
8.853600556385186893e-02 3.027551032996925878e-02 6.793323711577554935e-02 9.678616820590301567e-03 5.590986976749415943e-02 2.887090444330306926e-01 5.230913183958952467e-02 2.336152701698512510e-02 1.501988723965241379e-03 0.000000000000000000e+00 1.915348145566450697e-03 5.393874382953342539e-02 9.612532310309951367e-03 1.416085253243757648e-02 0.000000000000000000e+00 0.000000000000000000e+00 2.770542867315022723e-02 1.529918049130194781e-02 1.217019294469413870e-01 1.374510529595072694e-01
5.719883363801467335e-02 2.409236447495854971e-02 0.000000000000000000e+00 9.460823986576901920e-03 2.255346560999311745e-01 2.258776233435146746e-02 1.302961164322264699e-02 7.225668664153009346e-02 8.714175781290085798e-03 1.756691477227058026e-02 0.000000000000000000e+00 1.535078837441447401e-02 9.077603353273622222e-02 1.382875368653887493e-01 1.477987720736625155e-01 4.599446680533260910e-03 1.100472710399561134e-03 9.730291470983311319e-02 5.144852677935388488e-03 4.919735300295056957e-02
9.438189812403418449e-03 1.400751836304550690e-01 2.434136481870715490e-02 2.114320332445649153e-01 1.704435550471684324e-01 7.857781029719103361e-02 0.000000000000000000e+00 0.000000000000000000e+00 1.801800774235904441e-03 1.419602991651235657e-01 3.235475140914877666e-03 8.380555594280485188e-02 4.152022754440836544e-02 2.136513725048573738e-03 0.000000000000000000e+00 1.255250649345247783e-03 0.000000000000000000e+00 2.185010490668946523e-02 4.788636163678310770e-02 2.024027366415594859e-02
6.086840487327309195e-03 1.130395482910883653e-01 0.000000000000000000e+00 9.689624802255975000e-02 0.000000000000000000e+00 3.270400280743171462e-02 1.925137484083299429e-03 1.504027154331774585e-01 0.000000000000000000e+00 0.000000000000000000e+00 0.000000000000000000e+00 1.953553809181630685e-01 1.541975102114500479e-02 2.006467023692191584e-02 1.453982887480552433e-01 5.144693864672933610e-03 4.093063043956147312e-02 1.700987056266993827e-02 1.506513322449729714e-02 1.445570884586453442e-01
9.235791689224238932e-02 8.693165161049536127e-02 2.824363696006538041e-02 2.658857468637473506e-02 1.407723302429259860e-01 1.351893492848277312e-01 1.461046884631219678e-01 0.000000000000000000e+00 1.242886531642874853e-01 0.000000000000000000e+00 0.000000000000000000e+00 2.246347793142624075e-02 2.553577211289276023e-03 0.000000000000000000e+00 9.996718164604866119e-02 3.033966649937709648e-02 4.010809002104008536e-03 3.402593057993203579e-02 0.000000000000000000e+00 2.616255582548171824e-02
0.000000000000000000e+00 1.595342252173055086e-01 0.000000000000000000e+00 0.000000000000000000e+00 1.485218068421138016e-01 2.940076510506214880e-02 0.000000000000000000e+00 4.272902766886289838e-02 1.056453115450820684e-01 0.000000000000000000e+00 0.000000000000000000e+00 1.285644960907789680e-01 0.000000000000000000e+00 1.738294940863576929e-02 2.041254119277831694e-02 0.000000000000000000e+00 1.009495111676340928e-02 1.648592585718540726e-01 1.220181866673134413e-01 5.083648057344961058e-02
1.347392649461373604e-02 9.349956196632386307e-02 5.578227958936151677e-03 1.454088438084157331e-01 4.052695195305590359e-02 1.233112238311812603e-01 1.633816707797834319e-02 9.219679357556634369e-02 2.202593570088350050e-02 0.000000000000000000e+00 1.853105582178238633e-02 9.993697601933944352e-02 1.414667613589920270e-01 0.000000000000000000e+00 5.245587398913361538e-02 9.617775760617118183e-03 1.114387462205757851e-01 8.706903233635194736e-03 0.000000000000000000e+00 5.486275228969579934e-03
0.000000000000000000e+00 5.103591691700906652e-02 2.819740112269048665e-02 0.000000000000000000e+00 2.460462044826358108e-01 1.886098996415628282e-01 9.267371060500999291e-02 0.000000000000000000e+00 2.194435060828248477e-02 0.000000000000000000e+00 0.000000000000000000e+00 5.146519756691744427e-03 2.798357151916348526e-02 2.764404357763248707e-02 3.073625098786217022e-02 0.000000000000000000e+00 2.724406094055908598e-02 3.049425857122630562e-02 1.341540268720461671e-01 8.808978439762799040e-02
