9.095169120779686422e-02 1.318735329830441894e-01 3.873732763912388771e-02 2.736390953974130250e-02 0.000000000000000000e+00 0.000000000000000000e+00 1.372719176120555939e-01 1.775330253261174149e-02 0.000000000000000000e+00 9.053667615193622224e-04 0.000000000000000000e+00 0.000000000000000000e+00 0.000000000000000000e+00 1.280456413986217484e-02 8.829250596314652810e-02 7.274490134266153873e-02 0.000000000000000000e+00 1.176312956763977784e-02 1.809330349542860594e-02 2.500210476827001080e-02 1.004955583184992222e-02 0.000000000000000000e+00 1.360627091051185844e-01 1.435265919327948642e-02 1.659775183168505641e-01
9.945247494444697800e-02 0.000000000000000000e+00 2.433407266873455210e-02 1.349816358343675637e-01 6.923088554485500902e-03 7.276759020892387131e-02 1.506160452897295499e-01 6.055524172406514388e-02 1.467544001139517960e-02 0.000000000000000000e+00 0.000000000000000000e+00 2.221056635193577322e-02 0.000000000000000000e+00 0.000000000000000000e+00 2.555218921653590672e-02 1.559897580296689887e-02 4.282543994111891877e-02 2.724446058356430611e-02 0.000000000000000000e+00 0.000000000000000000e+00 0.000000000000000000e+00 0.000000000000000000e+00 5.219980435450436058e-03 1.685342953139652988e-01 1.285085031183141047e-01
5.004358641178026888e-03 0.000000000000000000e+00 0.000000000000000000e+00 1.142659264982460454e-01 0.000000000000000000e+00 6.344795929157932834e-02 2.025512144149221525e-02 6.747402177306742466e-02 0.000000000000000000e+00 1.344558491786234378e-01 0.000000000000000000e+00 0.000000000000000000e+00 0.000000000000000000e+00 0.000000000000000000e+00 5.621997299997816278e-02 9.470747436262252905e-02 6.538709969427247692e-02 4.239695156240863572e-02 0.000000000000000000e+00 0.000000000000000000e+00 0.000000000000000000e+00 2.979264812840004203e-02 1.465438664478260211e-01 1.536005588301355695e-01 6.448191150169972630e-03
8.584853806054000558e-02 1.529109162050752702e-02 0.000000000000000000e+00 6.186120078691827824e-04 1.174277822631866579e-02 0.000000000000000000e+00 9.368640170048886341e-04 0.000000000000000000e+00 3.470779103192700703e-03 3.018842785592834241e-02 0.000000000000000000e+00 7.204440114635592141e-02 0.000000000000000000e+00 0.000000000000000000e+00 2.139984300794636196e-01 2.063476691960409396e-03 1.464623357949979554e-01 0.000000000000000000e+00 5.178933552003753271e-02 1.415200322756234030e-02 0.000000000000000000e+00 0.000000000000000000e+00 0.000000000000000000e+00 1.604933961625674421e-01 1.908995304856934971e-01
0.000000000000000000e+00 1.363624396513639092e-01 3.953361111985567722e-02 0.000000000000000000e+00 2.528071051512554776e-02 0.000000000000000000e+00 2.964001704612703649e-03 1.902615557851077555e-01 1.211819589673771430e-01 0.000000000000000000e+00 0.000000000000000000e+00 3.180698469552181717e-02 0.000000000000000000e+00 0.000000000000000000e+00 1.811062553163760719e-02 0.000000000000000000e+00 1.881663884342346382e-01 0.000000000000000000e+00 0.000000000000000000e+00 0.000000000000000000e+00 0.000000000000000000e+00 2.118924002917160418e-02 6.514516775200025755e-02 1.599973158139912366e-01 0.000000000000000000e+00
1.135535632229248137e-02 4.205759693661453164e-02 4.436323481923185735e-02 2.707952226556778474e-02 1.354450931250832622e-02 0.000000000000000000e+00 1.481048851491548746e-01 4.491034140919227674e-02 1.369700533341627197e-02 7.265498519598042118e-03 0.000000000000000000e+00 0.000000000000000000e+00 0.000000000000000000e+00 0.000000000000000000e+00 4.413886189149990313e-02 1.049924378664061908e-01 2.575626099300635033e-02 1.210057135838759311e-02 0.000000000000000000e+00 0.000000000000000000e+00 2.920263730437776869e-03 2.829310744235472973e-03 1.620236794431398342e-01 1.597338853281748960e-01 1.331267785771354795e-01
0.000000000000000000e+00 2.660174537582228604e-02 9.098661932550900291e-03 0.000000000000000000e+00 2.054620285725635709e-01 0.000000000000000000e+00 1.679342029193073293e-01 1.107028018600556517e-02 0.000000000000000000e+00 1.349156681623096543e-01 8.248927833855057568e-03 0.000000000000000000e+00 0.000000000000000000e+00 0.000000000000000000e+00 0.000000000000000000e+00 1.558297542663061030e-01 3.985140462539065592e-02 0.000000000000000000e+00 1.919935817960650715e-01 0.000000000000000000e+00 0.000000000000000000e+00 0.000000000000000000e+00 0.000000000000000000e+00 2.478341350246288468e-04 4.874591019479912468e-02
8.036833454500243168e-02 0.000000000000000000e+00 0.000000000000000000e+00 0.000000000000000000e+00 3.487985265959000353e-02 0.000000000000000000e+00 2.850084119003730432e-02 1.151156163881962013e-01 9.284979356361286462e-02 6.992309128019895403e-02 0.000000000000000000e+00 2.373452469553199648e-02 9.673430736126972102e-03 0.000000000000000000e+00 1.368994621599025630e-01 0.000000000000000000e+00 1.404252515054652539e-01 3.537536167301565809e-04 1.217796825593564503e-02 0.000000000000000000e+00 0.000000000000000000e+00 1.745995276958205999e-01 0.000000000000000000e+00 8.049855170784910030e-02 0.000000000000000000e+00
1.004308932079460426e-01 0.000000000000000000e+00 0.000000000000000000e+00 1.117506163573042527e-01 1.422556658090931014e-01 0.000000000000000000e+00 6.674141299213677547e-02 1.496378249061565691e-01 0.000000000000000000e+00 8.348442011766624149e-02 0.000000000000000000e+00 7.116120508643755671e-02 0.000000000000000000e+00 3.540373521170313590e-04 2.437612240524247853e-02 1.653387428266967635e-02 2.048795485038689551e-02 1.347113407658821890e-03 1.362155517537302907e-01 0.000000000000000000e+00 0.000000000000000000e+00 1.320320636117101355e-02 1.750602060622826611e-02 7.639563327538700412e-03 3.687451717651642896e-02
1.124877255303826339e-02 1.194176628430963262e-02 6.190383335322968868e-03 1.952793429341373628e-03 1.045505392697184954e-01 0.000000000000000000e+00 1.545853322339786895e-01 1.982706464718329842e-01 2.848374725524879629e-03 5.886882945711478278e-03 0.000000000000000000e+00 3.129418707572165920e-03 2.485039512611245203e-03 3.191501218551008254e-03 1.102520473998326728e-01 1.041065806335175620e-01 4.706465849147098424e-02 1.951864827749906842e-02 0.000000000000000000e+00 0.000000000000000000e+00 0.000000000000000000e+00 2.965094761628855186e-02 0.000000000000000000e+00 1.557667479876484184e-01 2.735891890622960121e-02
0.000000000000000000e+00 2.602468760372681628e-02 0.000000000000000000e+00 2.586958058087761476e-03 6.000372677684206318e-02 0.000000000000000000e+00 1.632268048572207420e-01 4.842480415119183174e-02 0.000000000000000000e+00 0.000000000000000000e+00 7.264640945519373026e-03 1.210903972140291440e-01 1.673341505505298102e-02 0.000000000000000000e+00 1.394463980930359948e-01 8.997023861780620302e-02 1.042115620261442957e-02 0.000000000000000000e+00 6.116383720822402698e-02 0.000000000000000000e+00 0.000000000000000000e+00 2.795860966454634042e-03 1.670810428680504500e-01 0.000000000000000000e+00 8.376603138214355759e-02
0.000000000000000000e+00 3.807503121204493766e-03 1.612643944048068601e-02 0.000000000000000000e+00 2.479182765768066787e-01 0.000000000000000000e+00 1.379604999001932675e-01 4.891295612679140425e-02 0.000000000000000000e+00 0.000000000000000000e+00 0.000000000000000000e+00 0.000000000000000000e+00 0.000000000000000000e+00 0.000000000000000000e+00 1.710825979231646587e-01 0.000000000000000000e+00 1.002122237208273453e-01 0.000000000000000000e+00 0.000000000000000000e+00 0.000000000000000000e+00 1.369788420005319321e-02 6.360500694612958306e-02 0.000000000000000000e+00 2.428160108390045938e-02 1.723950109604484027e-01
0.000000000000000000e+00 6.272300100681486336e-03 1.491509698623033620e-01 0.000000000000000000e+00 2.239729242759607580e-02 1.021490780073898820e-03 1.528417987554585855e-01 8.108586308348138261e-02 6.566130486979593686e-03 4.088238872219572724e-03 2.949794756004088265e-03 1.978778363025353662e-02 3.171103369096334428e-03 0.000000000000000000e+00 0.000000000000000000e+00 3.639164155409894269e-02 1.965597623517204365e-02 1.231010746963327601e-01 1.480330952728626248e-01 0.000000000000000000e+00 0.000000000000000000e+00 2.015089128639487581e-01 0.000000000000000000e+00 0.000000000000000000e+00 2.197653325343694800e-02
8.640214595789176902e-03 0.000000000000000000e+00 0.000000000000000000e+00 0.000000000000000000e+00 1.584959633545491298e-01 0.000000000000000000e+00 1.238656547686171616e-01 1.100354846799284358e-01 0.000000000000000000e+00 1.307726273795708355e-02 7.622528239633958235e-04 3.522215621361167448e-02 0.000000000000000000e+00 0.000000000000000000e+00 1.083934808768073910e-01 0.000000000000000000e+00 0.000000000000000000e+00 4.994712819641966561e-02 3.561259272898852600e-03 1.921759446065927218e-02 1.085872735643872156e-01 0.000000000000000000e+00 1.287869825076790910e-02 6.973335142934893038e-02 1.775822247742947224e-01
2.227673596185715706e-03 1.447089336220441225e-01 1.213231048152978303e-01 0.000000000000000000e+00 2.933856440060181869e-01 3.164725532133910724e-02 2.223439562095303954e-02 1.331649832095740393e-01 0.000000000000000000e+00 1.152390783173189298e-01 0.000000000000000000e+00 1.839606531458922931e-02 6.107601902934392014e-03 0.000000000000000000e+00 6.066915749755876289e-03 3.475394463544274198e-02 2.748486703745741874e-02 0.000000000000000000e+00 6.541985285181696995e-03 0.000000000000000000e+00 0.000000000000000000e+00 2.014366129443608683e-02 0.000000000000000000e+00 1.657389027147170013e-02 0.000000000000000000e+00
0.000000000000000000e+00 7.703999495957011834e-02 2.030484367113634045e-02 5.294167443353923683e-03 3.604852482541430828e-03 0.000000000000000000e+00 1.484493281142938714e-01 0.000000000000000000e+00 6.709376000060637444e-04 1.382665119043540759e-02 6.195727439963601840e-03 0.000000000000000000e+00 0.000000000000000000e+00 0.000000000000000000e+00 1.902834991531237585e-01 5.669066880035989603e-02 0.000000000000000000e+00 1.379370536858293417e-01 0.000000000000000000e+00 9.039316921862411425e-02 0.000000000000000000e+00 7.955562332464154521e-04 0.000000000000000000e+00 2.176985397967569624e-01 3.081501021075869554e-02
0.000000000000000000e+00 0.000000000000000000e+00 1.280716936452877541e-01 0.000000000000000000e+00 2.396096815310412576e-01 5.508789631570525785e-02 0.000000000000000000e+00 0.000000000000000000e+00 1.317208033262040265e-02 2.839942401862200969e-02 0.000000000000000000e+00 2.760338974903144699e-02 0.000000000000000000e+00 0.000000000000000000e+00 1.874623348782458385e-02 0.000000000000000000e+00 1.363854206732895147e-01 0.000000000000000000e+00 0.000000000000000000e+00 0.000000000000000000e+00 0.000000000000000000e+00 8.331500194304572449e-02 1.703181638951699883e-01 0.000000000000000000e+00 9.929101440836210490e-02
0.000000000000000000e+00 1.005486688749244184e-01 6.388859092296930720e-03 7.956282340437849420e-04 0.000000000000000000e+00 0.000000000000000000e+00 1.740799075001294438e-01 1.954683840910185766e-01 3.011512732506746101e-02 4.941872629451662599e-03 0.000000000000000000e+00 2.670977879880545320e-03 0.000000000000000000e+00 0.000000000000000000e+00 7.255340544408749037e-02 0.000000000000000000e+00 0.000000000000000000e+00 2.793654427791331021e-03 1.473240641730972078e-01 4.485069507580905640e-03 0.000000000000000000e+00 2.010288322542038431e-01 0.000000000000000000e+00 6.296504607805504354e-03 5.050904395862088753e-02
0.000000000000000000e+00 4.133332339314182979e-02 5.867263228075351306e-03 2.604503335390755125e-02 1.188096463629738191e-02 0.000000000000000000e+00 1.588519448477384299e-01 1.752218849954553237e-01 0.000000000000000000e+00 1.284244415450987442e-01 0.000000000000000000e+00 4.762115007701449992e-02 0.000000000000000000e+00 0.000000000000000000e+00 1.769052728574112832e-01 0.000000000000000000e+00 0.000000000000000000e+00 0.000000000000000000e+00 0.000000000000000000e+00 0.000000000000000000e+00 0.000000000000000000e+00 3.151618262169694068e-02 0.000000000000000000e+00 1.501201549278668133e-02 1.813205229513760453e-01
0.000000000000000000e+00 0.000000000000000000e+00 1.157744389637672261e-01 9.905633271729068212e-02 1.471333540856993860e-01 7.503323623868906299e-03 1.102831258529209657e-01 1.293324387706456524e-01 1.194342262970237746e-02 2.482613511648759652e-02 0.000000000000000000e+00 0.000000000000000000e+00 0.000000000000000000e+00 0.000000000000000000e+00 5.462274688527949534e-02 0.000000000000000000e+00 3.200822509870471233e-02 2.063048419926612198e-02 0.000000000000000000e+00 3.362251944045236557e-02 0.000000000000000000e+00 0.000000000000000000e+00 0.000000000000000000e+00 1.418724502585956733e-02 1.990762075900549821e-01
1.015069123709811116e-01 0.000000000000000000e+00 6.216576497287341213e-03 4.732252469596748279e-02 1.077424658638674176e-01 0.000000000000000000e+00 2.869599837358604785e-02 1.708381813519081749e-01 5.059686255859759466e-03 1.039030599155859880e-01 0.000000000000000000e+00 2.525603632660695236e-02 0.000000000000000000e+00 0.000000000000000000e+00 1.159605900241059001e-01 1.979470685589046681e-04 0.000000000000000000e+00 9.530391828899489881e-03 2.491456642471116117e-02 0.000000000000000000e+00 0.000000000000000000e+00 2.262424571055392242e-01 0.000000000000000000e+00 0.000000000000000000e+00 2.661260589653503816e-02
0.000000000000000000e+00 1.073174192295344885e-03 0.000000000000000000e+00 0.000000000000000000e+00 2.402075604642844170e-02 0.000000000000000000e+00 1.638755286210258899e-01 0.000000000000000000e+00 8.181181806183956962e-02 1.118615544006484469e-01 0.000000000000000000e+00 0.000000000000000000e+00 1.977682140955443549e-02 1.383232161797891963e-02 1.872632006172663399e-01 1.657250035647018713e-02 9.125333759298125472e-03 3.930697557429906758e-02 0.000000000000000000e+00 8.032215615396433306e-02 0.000000000000000000e+00 0.000000000000000000e+00 3.941034798476347051e-03 3.428842243801372841e-02 2.129284019524407823e-01
3.742884482707089719e-03 0.000000000000000000e+00 1.033955030264139263e-01 1.129082897544068237e-01 1.693960055914759365e-03 0.000000000000000000e+00 1.508398352169265655e-01 3.673895908117170376e-03 1.016899459405383871e-01 9.635571877088518027e-04 0.000000000000000000e+00 5.829455184630467912e-02 1.239034294833960860e-02 0.000000000000000000e+00 1.257710602912827658e-01 9.107521252892948269e-03 6.932649363764362138e-02 1.839044243068401613e-02 1.439494298175790499e-01 0.000000000000000000e+00 0.000000000000000000e+00 5.568489123803165020e-02 0.000000000000000000e+00 8.049067921111775423e-03 2.012832704339625328e-02
1.106043082875198674e-01 1.344763907016690782e-02 4.645155434979882092e-02 1.929808669740345085e-03 1.111361984970566513e-01 0.000000000000000000e+00 1.114773027840078728e-01 1.374957867044393767e-01 1.018588060819380567e-02 1.047307453952736958e-02 0.000000000000000000e+00 6.171969948477312728e-02 0.000000000000000000e+00 3.765724603406687271e-03 0.000000000000000000e+00 0.000000000000000000e+00 0.000000000000000000e+00 4.836717010006888473e-03 1.433415730318108317e-01 0.000000000000000000e+00 0.000000000000000000e+00 0.000000000000000000e+00 2.270378250804071935e-03 7.692378389366107128e-02 1.539405702150864197e-01
2.685872924274649437e-02 8.849461308357253753e-02 4.002669846229910816e-02 2.007653388856265849e-04 4.179985864240276516e-02 5.266252311839703798e-02 0.000000000000000000e+00 3.145142202040682872e-02 2.077785379887420094e-03 2.533245381812782374e-02 0.000000000000000000e+00 0.000000000000000000e+00 0.000000000000000000e+00 4.760689855021251957e-03 2.070284709187965588e-01 0.000000000000000000e+00 7.516640039719195421e-02 1.615259564789278124e-01 6.305319423030274206e-02 0.000000000000000000e+00 7.694967959145249808e-04 0.000000000000000000e+00 0.000000000000000000e+00 0.000000000000000000e+00 1.787909422171195806e-01
1.047533521595908276e-02 7.531570316059311987e-02 3.744964278067304531e-02 0.000000000000000000e+00 7.334178680872124878e-02 7.600779328582183379e-03 1.447303403484608564e-01 8.393112435639569005e-03 0.000000000000000000e+00 0.000000000000000000e+00 0.000000000000000000e+00 9.745105496435656905e-03 0.000000000000000000e+00 0.000000000000000000e+00 2.501742563886397153e-01 1.677664479983383139e-02 4.313661437008819294e-02 1.075611501830861377e-01 7.858737661212415737e-03 0.000000000000000000e+00 0.000000000000000000e+00 0.000000000000000000e+00 0.000000000000000000e+00 1.604709751467898737e-01 4.696981587528502311e-02
7.121313779543909234e-03 0.000000000000000000e+00 7.406948685122190755e-03 0.000000000000000000e+00 1.546286594262745728e-01 0.000000000000000000e+00 1.626717554830781620e-01 1.509060794585194709e-01 0.000000000000000000e+00 1.365394934957246155e-02 4.933302175395000259e-03 9.402600444852344521e-04 0.000000000000000000e+00 0.000000000000000000e+00 1.856712907186079953e-01 0.000000000000000000e+00 1.712899634519649827e-01 0.000000000000000000e+00 0.000000000000000000e+00 1.428877499312839784e-02 0.000000000000000000e+00 4.177271846917242348e-02 7.499366604032909125e-03 4.821696654225838402e-02 2.899865081884387200e-02
1.853268285560566442e-02 0.000000000000000000e+00 1.494760636710557034e-01 0.000000000000000000e+00 3.997741493366314958e-02 0.000000000000000000e+00 1.863892876257248754e-01 1.979691247469156368e-02 0.000000000000000000e+00 1.369453287740911990e-02 3.066561640462178717e-03 8.790430496480112349e-03 0.000000000000000000e+00 0.000000000000000000e+00 9.101200795496601492e-02 9.754804433268979020e-04 6.698263097657313099e-03 0.000000000000000000e+00 7.030700591324740012e-02 0.000000000000000000e+00 0.000000000000000000e+00 2.239434475715002676e-02 1.896845413100216315e-01 1.704652328886243629e-01 8.739237059913846847e-03
0.000000000000000000e+00 0.000000000000000000e+00 1.485520672132103481e-01 3.765071197674399895e-03 1.501294930532493096e-03 0.000000000000000000e+00 1.520861407705868806e-01 6.601378623145379154e-02 8.686054808214990763e-02 0.000000000000000000e+00 0.000000000000000000e+00 1.013865035955292121e-01 1.846630644157924847e-03 0.000000000000000000e+00 1.562133976976703975e-01 0.000000000000000000e+00 0.000000000000000000e+00 2.204473763264605535e-02 2.384312868863214859e-03 5.563880459023432673e-02 2.589202403118640375e-02 3.083483300395593527e-03 0.000000000000000000e+00 1.502408256501778783e-01 2.249037156353120986e-02
0.000000000000000000e+00 0.000000000000000000e+00 2.862398259677865694e-02 0.000000000000000000e+00 1.583704368387659584e-03 0.000000000000000000e+00 1.930476327726498298e-01 0.000000000000000000e+00 0.000000000000000000e+00 1.761670470702936383e-03 0.000000000000000000e+00 9.471720912842844509e-02 0.000000000000000000e+00 6.066736980326991983e-03 5.430343055798897423e-02 0.000000000000000000e+00 1.088081732134516671e-01 1.777382686316207952e-02 4.434566790118820226e-03 0.000000000000000000e+00 1.495866609095125588e-01 4.692337668198750221e-03 1.211091681409769312e-02 1.550273015856102055e-01 1.674618492805847458e-01
