3.675837664852139169e-02 5.666333665676634435e-02 1.584104612687074407e-02 1.356289056246575697e-01 1.129065673376738327e-02 1.380463993231438868e-01 0.000000000000000000e+00 0.000000000000000000e+00 0.000000000000000000e+00 0.000000000000000000e+00 0.000000000000000000e+00 1.730914028731570312e-02 3.923985444564383890e-02 5.950605409097452225e-02 4.048709274895943844e-02 0.000000000000000000e+00 2.553725737665015622e-03 1.570806491917635939e-01 1.623454364698549146e-01 1.272493259140955180e-01
1.042486670433804552e-01 0.000000000000000000e+00 2.439360973672803287e-02 3.259025916066659589e-01 3.675117496902286559e-03 1.544930757627324402e-01 0.000000000000000000e+00 3.667323684556678814e-02 3.407770928672159555e-02 3.469818767878943971e-02 1.325147770483843697e-02 1.990986627287041205e-02 0.000000000000000000e+00 0.000000000000000000e+00 1.455673117994888723e-02 1.239223087436142241e-02 2.550144047859265878e-02 3.553029141985663978e-04 1.717478992622625267e-01 2.412285585544025196e-02
0.000000000000000000e+00 1.651691406414973751e-01 3.671670067957163996e-02 9.146405335101003009e-02 1.282608399893684081e-01 2.232636919411291609e-01 1.090306284700955780e-01 2.941770974714812831e-02 1.045955940757498613e-02 0.000000000000000000e+00 0.000000000000000000e+00 0.000000000000000000e+00 1.747390993701688350e-02 0.000000000000000000e+00 3.244786311687039571e-02 0.000000000000000000e+00 9.448300598309999822e-05 0.000000000000000000e+00 5.337849356144365280e-03 1.508635703565900377e-01
0.000000000000000000e+00 9.219849859682610616e-02 4.463565538903986607e-03 1.502769269113124473e-01 0.000000000000000000e+00 1.036669339127257311e-01 0.000000000000000000e+00 5.184578982086062229e-03 1.191175073974119342e-01 1.589911179901210003e-01 2.074236322814907926e-02 9.924185478807959204e-02 5.339319659605502866e-02 2.417275483504932685e-03 9.306137470456644911e-03 5.304284307354358713e-02 7.302924243104604723e-03 4.546046203449126237e-03 4.624765252111522063e-02 6.986057706315471072e-02
0.000000000000000000e+00 5.901743008825825060e-02 1.417509054207224083e-02 1.022291287703518993e-02 1.511808008102379919e-01 7.529773715586850213e-03 1.903989254508103163e-02 8.118996908561415538e-02 1.341862215711768676e-02 0.000000000000000000e+00 0.000000000000000000e+00 2.113277802283393680e-01 3.135847584285215983e-02 4.151365349016731925e-03 4.783807927413134299e-03 0.000000000000000000e+00 0.000000000000000000e+00 5.358455655208125418e-02 1.786904490215629471e-01 1.603290732577308531e-01
1.120987058693625471e-01 1.536022597182445937e-01 0.000000000000000000e+00 0.000000000000000000e+00 1.398107235021765760e-01 1.715350499949804541e-01 9.970427818829596597e-03 1.368442185434302349e-01 5.125065118859243457e-02 3.849986562997410964e-03 0.000000000000000000e+00 6.779339760035993021e-03 0.000000000000000000e+00 2.929221319708326735e-02 0.000000000000000000e+00 1.592551181116440631e-02 0.000000000000000000e+00 1.300526035708471535e-02 1.560356516760177670e-01 0.000000000000000000e+00
9.314983421648934114e-02 1.964572689931185293e-02 1.880035544586368401e-02 1.396876178454952433e-01 7.490303747699725290e-02 1.671025573243668516e-01 1.860088473205516793e-04 0.000000000000000000e+00 7.075655457990803624e-04 2.022869467353769889e-03 2.085217734073696941e-02 1.357498813640743152e-01 6.322685115964453081e-03 9.419604754854542239e-02 2.935672504692002881e-03 1.306303368335133856e-03 1.347606049516407445e-01 5.272322378055278869e-02 2.369179099735833210e-02 1.125603995910227743e-02
4.358238195756919744e-03 1.459214369848763626e-01 3.831801333700264600e-02 2.729086784305682911e-02 1.925577670518996976e-01 1.545650677992153540e-02 7.738145175860002001e-03 1.745291139923827173e-01 4.570898962622289841e-02 3.574812777797396930e-03 0.000000000000000000e+00 1.069794979972478188e-01 0.000000000000000000e+00 3.472660620457147101e-02 2.037944736793431688e-02 3.295366846206236578e-04 5.468102925684970028e-02 6.462631715993609818e-03 6.762742374493210806e-02 5.335993526307322016e-02
9.390658155443445086e-04 4.913733427274574739e-02 2.974744654403350605e-02 3.009474689331252395e-01 0.000000000000000000e+00 2.282552076247327533e-01 1.933581554149605515e-03 2.495595076222880890e-02 1.028897236705640650e-01 1.089411656695369809e-02 0.000000000000000000e+00 1.133389308887003486e-03 4.435636644756398017e-02 2.511008885472488378e-02 7.106005711574951396e-04 7.874916954773127781e-03 5.252096394503533508e-03 0.000000000000000000e+00 1.617573335235113485e-01 4.105312200800911339e-03
0.000000000000000000e+00 1.434760822070538788e-01 7.294968447359227726e-02 1.437101748544623303e-01 1.556456353332818510e-01 9.929717860629917389e-03 3.781494198136280127e-02 1.306073627655705283e-01 2.892152006845198284e-03 0.000000000000000000e+00 0.000000000000000000e+00 9.818064318647200250e-03 6.945087558226473688e-03 5.105857442463127699e-02 6.760154349450278599e-02 1.082867976488224339e-02 0.000000000000000000e+00 2.785782129341051426e-03 0.000000000000000000e+00 1.539365168269702655e-01
4.341567448624682191e-02 7.432777766298874489e-02 0.000000000000000000e+00 1.327551385298222641e-01 5.597122795971567338e-02 8.502086419260486416e-02 6.968683723089701132e-02 1.103334549282356143e-02 1.887704962145354479e-02 0.000000000000000000e+00 0.000000000000000000e+00 2.874296477614154965e-02 2.693228391870736149e-02 2.808077382305397551e-02 1.476320483617278856e-01 0.000000000000000000e+00 1.443298669200124562e-01 1.262590407347335963e-01 6.935106289070604169e-03 0.000000000000000000e+00
3.834953772910756203e-02 6.899746343144017025e-02 1.772007435965981814e-02 0.000000000000000000e+00 8.758614534136351104e-03 9.313421688017839428e-02 1.685678276896204015e-03 1.185760815232279053e-01 5.617406956497569652e-03 6.717600203747056339e-03 0.000000000000000000e+00 1.295179186681640615e-01 1.539175764982907979e-01 7.785698717686211079e-02 1.657101685637931560e-02 5.928500044450095430e-02 0.000000000000000000e+00 1.188527559689368379e-01 3.452246240825184581e-02 4.991960808372298414e-02
1.182299722068260155e-03 1.393830788245283281e-01 0.000000000000000000e+00 0.000000000000000000e+00 1.295911744075388672e-01 1.725958485658953823e-01 7.600338022240596403e-03 1.904032573284507660e-02 7.776560952466672616e-02 5.232302862732665996e-03 2.201853751665021341e-02 1.398226830595873382e-01 1.564690288408692453e-01 8.572178747483914785e-03 2.622090909147301377e-02 1.132913639353649382e-03 6.250133702249321965e-02 0.000000000000000000e+00 2.405725430813836045e-03 2.846570898875965677e-02
2.757566526554017933e-02 2.856574139403588591e-02 0.000000000000000000e+00 1.522119380336451333e-01 1.209101384179444294e-01 1.606918289474445205e-01 0.000000000000000000e+00 3.891256024005322611e-02 7.238308327369531378e-03 0.000000000000000000e+00 0.000000000000000000e+00 9.015812483495071888e-03 7.751396564489430874e-02 0.000000000000000000e+00 1.431748249248366855e-01 4.409548390391559297e-02 1.332314283106328552e-03 6.253978521076481757e-03 7.180589128551212452e-02 1.107015483271305278e-01
2.737072007503500715e-02 4.994856112230232348e-02 0.000000000000000000e+00 2.313259898666495881e-02 9.525772323382132589e-02 1.339468701389085747e-01 0.000000000000000000e+00 4.127204724172794242e-02 1.604335123935580754e-01 0.000000000000000000e+00 1.202236946804739401e-02 0.000000000000000000e+00 0.000000000000000000e+00 1.027555135032560824e-01 1.469390864827649634e-01 0.000000000000000000e+00 3.224360111773719173e-02 0.000000000000000000e+00 1.476738880770406444e-02 1.599100074284720285e-01
0.000000000000000000e+00 0.000000000000000000e+00 1.728851442275215061e-02 1.701272561313566791e-03 7.496462160724048918e-02 6.813445630518326357e-02 0.000000000000000000e+00 1.251425568869654337e-01 5.869523250133799712e-03 3.686113039693925120e-02 2.445527592447398722e-03 1.447966256129098739e-01 1.657639085564005244e-01 1.518260398584747074e-02 5.006602109008486887e-03 0.000000000000000000e+00 9.992858033795052122e-03 0.000000000000000000e+00 1.752866789971021522e-01 1.515631196819610671e-01
8.609658479893834981e-02 1.255131941216641733e-02 9.720815407396776742e-02 3.877954071166583774e-03 1.027373162204652662e-01 1.410924529150430762e-01 4.718981851411309381e-02 1.823228734006963059e-01 1.151434928277189351e-01 0.000000000000000000e+00 0.000000000000000000e+00 7.907084490947151843e-04 1.715662313609215769e-02 0.000000000000000000e+00 1.172970953333142032e-02 9.398257702842595027e-03 6.564716540721832715e-03 1.859676798665053227e-02 2.016374007807327298e-02 1.273795103389177563e-01
0.000000000000000000e+00 2.028002128890100120e-01 2.387199055897746419e-02 3.996010991252431366e-02 4.057008429927431298e-03 9.135932748525320279e-02 1.289672609836174655e-02 0.000000000000000000e+00 1.579245188607756867e-01 0.000000000000000000e+00 1.547052135521607323e-03 0.000000000000000000e+00 6.512385178565004151e-02 8.556421127287746134e-03 3.349985015306227581e-02 0.000000000000000000e+00 9.948160967146044836e-03 5.627177421725814560e-03 1.792881816409802043e-01 1.635394105337964754e-01
0.000000000000000000e+00 1.723655133229485548e-01 0.000000000000000000e+00 1.502056225852184679e-01 1.677379942629797505e-02 9.645351441805805406e-03 2.946070780431448224e-02 4.962038439630481754e-04 7.310667656547796545e-02 0.000000000000000000e+00 0.000000000000000000e+00 1.563613399665538806e-01 0.000000000000000000e+00 1.095608305531974372e-02 1.439066149226702618e-01 4.535380153892452915e-02 0.000000000000000000e+00 1.820988739584737367e-03 0.000000000000000000e+00 1.895472967869204217e-01
7.234238985888197075e-03 4.459711291748948148e-02 0.000000000000000000e+00 1.560995609045825738e-01 3.762975297639513383e-02 4.407906422778946030e-03 4.032914865176105007e-02 8.289702868330951768e-02 4.339976328658853334e-03 0.000000000000000000e+00 3.189914668562468671e-05 1.629729277591117909e-01 0.000000000000000000e+00 1.115123610823884753e-01 0.000000000000000000e+00 1.170259139246113307e-02 0.000000000000000000e+00 5.104566028225805858e-03 1.626061380050383143e-01 1.685347907152251745e-01
3.140172619418564459e-02 7.289232405196494069e-02 0.000000000000000000e+00 0.000000000000000000e+00 0.000000000000000000e+00 9.529014834307923676e-02 1.610818288209702170e-03 8.793499942766967725e-02 8.297018567570424441e-03 1.525287932356271178e-02 2.569007289192808477e-02 2.552084490389547322e-01 1.530088604621670512e-01 5.759724871027557119e-02 3.549474321276560596e-02 0.000000000000000000e+00 0.000000000000000000e+00 0.000000000000000000e+00 0.000000000000000000e+00 1.603207114876665784e-01
1.840338719606792253e-02 4.779231582972448544e-02 0.000000000000000000e+00 2.462512608448940155e-01 4.203621076751012063e-03 1.535745179442278910e-02 2.901125448390864427e-03 1.056011120896235833e-02 7.249643836904991201e-02 0.000000000000000000e+00 1.277673402394321686e-02 1.302928130723062794e-01 5.334478438625577662e-02 1.444876955340952673e-02 3.289551680221366580e-03 7.064941922539692831e-02 0.000000000000000000e+00 3.853490530635389575e-03 1.589737701945171666e-01 1.344049555650509986e-01
1.068659416885618524e-01 2.654008699368345589e-02 1.649301889097378251e-02 2.040037878709365926e-01 3.614607866363434008e-02 1.677876402853722415e-01 0.000000000000000000e+00 7.538239465903210507e-03 6.022974018023007775e-02 7.067640756033595354e-04 2.563228298053173496e-02 1.428398823790456018e-01 5.365641291507403489e-04 4.387522991398440375e-03 0.000000000000000000e+00 1.150578428691439135e-02 0.000000000000000000e+00 2.115209028986321429e-03 1.464911536965773087e-01 4.018030239249661267e-02
0.000000000000000000e+00 7.311006786976845251e-02 0.000000000000000000e+00 1.948261933374388633e-02 1.300933992348637380e-01 1.566447932945154442e-01 9.306452548776290856e-02 3.726155573116095299e-02 1.145038494081013075e-01 0.000000000000000000e+00 0.000000000000000000e+00 3.329299385348957058e-02 1.112452832440639916e-02 6.108758191625323491e-02 4.163058956071555988e-03 3.448788501327354483e-02 4.173932253312654696e-03 2.601758750927273683e-02 1.402245484140929588e-01 6.126707339991067230e-02
4.856828298342810019e-02 1.607208112371557585e-01 1.865065791730448688e-02 1.541169078431357808e-01 1.286045004619354448e-02 0.000000000000000000e+00 1.048742057656865817e-01 1.243111735337067147e-01 1.013705267161264523e-01 0.000000000000000000e+00 1.384459211027926464e-03 0.000000000000000000e+00 3.256283287258554190e-03 4.243331218317217095e-03 3.962967479975586932e-02 0.000000000000000000e+00 0.000000000000000000e+00 5.276862088822202590e-02 1.058392284433311986e-02 1.626606917083479320e-01
