0.000000000000000000e+00 1.462588383094687028e-01 0.000000000000000000e+00 9.416846547310195326e-02 1.194234142784929981e-01 1.030011465951154725e-01 0.000000000000000000e+00 0.000000000000000000e+00 3.171038366802474834e-02 0.000000000000000000e+00 1.134433666789179873e-03 3.423758263053700013e-02 1.973976611737554218e-02 0.000000000000000000e+00 2.108734324084619860e-02 0.000000000000000000e+00 0.000000000000000000e+00 1.028174166557946634e-01 1.731990622943323788e-01 1.532221470701211896e-01
3.720491272933433482e-03 7.100740423747468021e-03 2.923115234411794230e-02 1.308910679913236341e-01 2.541392515105279915e-02 0.000000000000000000e+00 9.096270193285113659e-03 8.549031948653840196e-02 1.503870007023541677e-01 0.000000000000000000e+00 0.000000000000000000e+00 1.482453658346767900e-01 5.371591636055052243e-02 0.000000000000000000e+00 2.224988959449194365e-02 0.000000000000000000e+00 3.063689160234246700e-02 9.683177136033588317e-03 1.276685119109717270e-01 1.664692799955800051e-01
2.610207759653517673e-02 5.823998397123155910e-03 0.000000000000000000e+00 1.322249123963487871e-01 0.000000000000000000e+00 5.158024742836145315e-02 1.343243937985532099e-01 7.880192052629997335e-02 1.016469849066801573e-01 0.000000000000000000e+00 0.000000000000000000e+00 3.557342340320512886e-03 1.453847595425566963e-01 1.732759785160695176e-02 4.985577676815033249e-02 0.000000000000000000e+00 0.000000000000000000e+00 0.000000000000000000e+00 7.402689487178487626e-02 1.793430935756787636e-01
0.000000000000000000e+00 2.483905214811120074e-03 0.000000000000000000e+00 1.666831914746482179e-01 0.000000000000000000e+00 1.615904818155292633e-01 1.597560380776642114e-02 1.772244185586481372e-03 1.770817645843145716e-01 4.166686139215938431e-03 0.000000000000000000e+00 1.848893498064679841e-01 0.000000000000000000e+00 0.000000000000000000e+00 5.066338413506592947e-02 1.006337809534742500e-01 7.202291799374975489e-02 3.968763489311559478e-02 1.377891058328590450e-03 2.097116393792607461e-02
4.524414298969096915e-03 5.736661251221889662e-02 0.000000000000000000e+00 9.364175044130314263e-02 3.887087944895187969e-02 8.539102854567211243e-02 1.928699795627362469e-03 7.118687245763720417e-02 1.550875728542438214e-01 0.000000000000000000e+00 0.000000000000000000e+00 0.000000000000000000e+00 0.000000000000000000e+00 1.454804397842576480e-01 0.000000000000000000e+00 0.000000000000000000e+00 0.000000000000000000e+00 2.834030399236294167e-03 1.783453113953243907e-01 1.653423880665581269e-01
1.815452077140014830e-01 8.322862927760543705e-02 6.949275397584908642e-02 0.000000000000000000e+00 7.368633103740247769e-02 6.201409360612734206e-02 4.805880945915969038e-02 0.000000000000000000e+00 0.000000000000000000e+00 4.118303285827201732e-02 0.000000000000000000e+00 2.344110913792278317e-01 8.581791819204311229e-04 1.564465022498104721e-02 2.092068251936245529e-02 4.197670281757825972e-03 0.000000000000000000e+00 0.000000000000000000e+00 3.674417404367279899e-02 1.280146944406601317e-01
1.206934930019120805e-01 9.862271621023729895e-02 0.000000000000000000e+00 1.747568261621747499e-01 1.552668367434088814e-01 2.037076279518819089e-01 0.000000000000000000e+00 2.092422088477917733e-02 7.270420954242925657e-03 9.430376657301949711e-03 0.000000000000000000e+00 1.332464662968324276e-01 4.254473355988182270e-02 0.000000000000000000e+00 0.000000000000000000e+00 0.000000000000000000e+00 0.000000000000000000e+00 0.000000000000000000e+00 0.000000000000000000e+00 3.353628157734685200e-02
3.431837476688491539e-02 1.398506796120919937e-01 3.618598937864625584e-03 2.665172073106282860e-02 1.255965965097072812e-01 2.325702191560155216e-02 3.538603247718668902e-03 7.658642172457276118e-03 5.561362727028233699e-02 0.000000000000000000e+00 0.000000000000000000e+00 1.323339237179537997e-01 1.428547856812952162e-02 1.332113792057122437e-01 0.000000000000000000e+00 0.000000000000000000e+00 1.244698905726681210e-01 2.601707383308054719e-02 1.473018487436469071e-01 2.276540195137388960e-03
0.000000000000000000e+00 1.480526291880878420e-01 0.000000000000000000e+00 1.458162890549272450e-01 7.440962141905281546e-03 0.000000000000000000e+00 0.000000000000000000e+00 0.000000000000000000e+00 1.692941149587029182e-01 1.170984979754317173e-01 0.000000000000000000e+00 6.752525711121284968e-02 4.622168564038499025e-04 0.000000000000000000e+00 1.775484177351721038e-01 1.377777730988984616e-02 5.723976661150666743e-03 4.211500621623209817e-02 1.051448547908834796e-01 0.000000000000000000e+00
4.197843950709933235e-03 1.439459132704714872e-01 0.000000000000000000e+00 1.247771342119914986e-02 1.442420832970443267e-01 0.000000000000000000e+00 0.000000000000000000e+00 3.530631600759146643e-02 3.515719097528312992e-02 0.000000000000000000e+00 0.000000000000000000e+00 4.299052716989688883e-02 3.547001615875016584e-02 1.535846076552447870e-01 1.570537175490483162e-01 7.466159763613603763e-03 0.000000000000000000e+00 0.000000000000000000e+00 7.112146711262468113e-02 1.569864436685222131e-01
9.520429167115019046e-04 9.377394359382547340e-02 0.000000000000000000e+00 0.000000000000000000e+00 1.209232408383735351e-02 1.048383415910509875e-01 0.000000000000000000e+00 0.000000000000000000e+00 1.183578498461553413e-01 0.000000000000000000e+00 1.073530097911877534e-02 1.681126454407449178e-01 1.180052656613156670e-01 0.000000000000000000e+00 1.824389525980535109e-01 0.000000000000000000e+00 9.898989474324515481e-02 4.677255962716673349e-02 4.493087891877458467e-02 0.000000000000000000e+00
0.000000000000000000e+00 1.234560331306544245e-01 0.000000000000000000e+00 1.130434591994395194e-01 1.179178886438368712e-02 1.080384709501285706e-02 0.000000000000000000e+00 1.168350447911328388e-01 1.293312121285085381e-01 2.681220615645135349e-02 0.000000000000000000e+00 1.745233530187004223e-01 0.000000000000000000e+00 3.078225552313124894e-03 8.791792848804840313e-03 8.612741408492161077e-02 2.937219417964143445e-02 1.046080134449853261e-01 4.328995066484605386e-02 1.813546484020384444e-02
0.000000000000000000e+00 8.413344603756836571e-02 0.000000000000000000e+00 2.555969907025322507e-02 0.000000000000000000e+00 2.772380080407327654e-02 0.000000000000000000e+00 7.344488153228879990e-02 2.550257302414908334e-01 2.483043548858123589e-02 7.236711203167781915e-03 1.270754583601993726e-01 0.000000000000000000e+00 7.860244536842554697e-02 1.173142647628981905e-01 0.000000000000000000e+00 5.863873651949956523e-02 9.193716334276744520e-03 3.830096159544693624e-02 7.291971268183021493e-02
1.037224018359796107e-01 0.000000000000000000e+00 0.000000000000000000e+00 3.944033107628911600e-02 2.101645302014056374e-02 1.491647023894168145e-01 0.000000000000000000e+00 1.353091622300122698e-01 6.942313280692066768e-02 0.000000000000000000e+00 0.000000000000000000e+00 1.821322281709635837e-01 5.473405036502956150e-02 0.000000000000000000e+00 9.080142869700458252e-02 0.000000000000000000e+00 1.325348314539252503e-01 0.000000000000000000e+00 0.000000000000000000e+00 2.172127795431805231e-02
0.000000000000000000e+00 8.684646068789052265e-02 0.000000000000000000e+00 8.312093158926713021e-02 0.000000000000000000e+00 2.476899637601143178e-02 0.000000000000000000e+00 0.000000000000000000e+00 1.605363565964054995e-01 0.000000000000000000e+00 4.927722491386407611e-02 1.939228027588406475e-03 2.810361242475359345e-02 1.835445474760331042e-01 1.810121723733492949e-01 5.481513502211746505e-03 2.201563988699139704e-02 0.000000000000000000e+00 0.000000000000000000e+00 1.733533161456338456e-01
4.207675500299978659e-03 0.000000000000000000e+00 1.173719606051870784e-01 6.280477098168443448e-03 1.634026734651525536e-01 1.465671535817139604e-01 0.000000000000000000e+00 4.372851023030666431e-03 0.000000000000000000e+00 0.000000000000000000e+00 4.394772147357611097e-02 2.923790465938928829e-02 0.000000000000000000e+00 0.000000000000000000e+00 3.927711595968796932e-02 0.000000000000000000e+00 4.418633157626045832e-02 0.000000000000000000e+00 1.751832858095697665e-01 2.259648492479635895e-01
8.667719039272926695e-02 0.000000000000000000e+00 2.716584416503462635e-02 7.421364171537485344e-02 9.920661285728729628e-03 1.700560672939731843e-01 2.380279434497552596e-02 1.240721768092746813e-01 8.823090488449318591e-02 0.000000000000000000e+00 2.104827434133518804e-02 1.446506639803901428e-01 0.000000000000000000e+00 0.000000000000000000e+00 3.074586413367618939e-02 0.000000000000000000e+00 0.000000000000000000e+00 0.000000000000000000e+00 5.519005754312388684e-02 1.442258591098905529e-01
1.693233486728990683e-02 6.477517217240336307e-03 0.000000000000000000e+00 1.447630117191160970e-01 1.370902127290795358e-01 0.000000000000000000e+00 0.000000000000000000e+00 1.764813912839993323e-02 0.000000000000000000e+00 0.000000000000000000e+00 7.434564449177573017e-03 1.804339637484938530e-01 1.908888487309313292e-02 0.000000000000000000e+00 2.174705856924004088e-01 0.000000000000000000e+00 0.000000000000000000e+00 1.330967028355704573e-01 0.000000000000000000e+00 1.195640827401386885e-01
0.000000000000000000e+00 0.000000000000000000e+00 0.000000000000000000e+00 1.893533511711189068e-02 1.643183186420961728e-01 0.000000000000000000e+00 0.000000000000000000e+00 0.000000000000000000e+00 8.962272361749118454e-02 0.000000000000000000e+00 0.000000000000000000e+00 1.541031214643417968e-01 8.035194070476085748e-03 1.240735581484852940e-01 2.008443521136785981e-01 0.000000000000000000e+00 3.825951191745941699e-02 2.315831590771976964e-02 0.000000000000000000e+00 1.786495690011398740e-01
0.000000000000000000e+00 1.303220695369912974e-01 0.000000000000000000e+00 3.841237494020057885e-03 6.131320467108234556e-02 1.155727034631479772e-01 0.000000000000000000e+00 2.913866574910660770e-02 1.461232519959300424e-01 0.000000000000000000e+00 0.000000000000000000e+00 0.000000000000000000e+00 0.000000000000000000e+00 1.333684844213560705e-01 0.000000000000000000e+00 1.365782266658346206e-02 0.000000000000000000e+00 6.413482199279544119e-03 1.785148124122151181e-01 1.817342653902874750e-01
