0.000000000000000000e+00 3.353666495600351322e-02 1.408200796752626105e-01 0.000000000000000000e+00 3.133441704425493635e-02 0.000000000000000000e+00 2.420702866914361401e-02 6.025377735107054211e-02 0.000000000000000000e+00 1.211333151309076511e-01 0.000000000000000000e+00 0.000000000000000000e+00 0.000000000000000000e+00 1.163180850153299958e-03 2.239763891732443335e-01 0.000000000000000000e+00 1.558464734101375204e-01 0.000000000000000000e+00 3.211577887041951879e-02 1.032870502896957119e-03 1.184967518188346060e-03 0.000000000000000000e+00 7.157405615158864316e-03 1.558329689243860561e-02 1.506543543407196650e-01
4.243350638633945973e-03 1.019409820313935296e-02 0.000000000000000000e+00 0.000000000000000000e+00 3.958177090013313541e-04 0.000000000000000000e+00 3.215660404972770642e-02 8.912501658987615968e-03 0.000000000000000000e+00 9.159238683686370119e-02 0.000000000000000000e+00 2.699860823870426849e-02 4.261950851399210621e-02 0.000000000000000000e+00 1.628668349078916666e-01 0.000000000000000000e+00 1.530759338687057436e-01 1.450906553536314147e-01 0.000000000000000000e+00 3.967147463021934890e-04 2.229033675871558776e-02 0.000000000000000000e+00 0.000000000000000000e+00 1.498936556073635906e-01 1.492729929083397578e-01
5.181407776404269722e-02 0.000000000000000000e+00 0.000000000000000000e+00 2.369830380149062082e-02 2.734393300658311335e-02 0.000000000000000000e+00 1.320574597079450241e-01 1.434074046100926314e-01 9.206576411409818361e-02 9.190514828301281358e-02 0.000000000000000000e+00 0.000000000000000000e+00 1.149805149082110643e-02 0.000000000000000000e+00 1.605463740940017703e-01 0.000000000000000000e+00 0.000000000000000000e+00 5.434179913054566768e-02 7.945628414130309625e-03 1.242925433955266723e-01 0.000000000000000000e+00 0.000000000000000000e+00 2.461032890773419760e-02 5.177151501789186566e-02 2.701668262083217927e-03
0.000000000000000000e+00 0.000000000000000000e+00 0.000000000000000000e+00 0.000000000000000000e+00 2.541868180792946491e-02 0.000000000000000000e+00 7.299944494193913447e-02 1.296150446120505895e-01 7.870191619493376034e-02 2.454831001527691542e-02 2.989540362521794434e-03 1.948984096847814762e-01 0.000000000000000000e+00 0.000000000000000000e+00 8.375200446613965954e-02 1.703997626500032472e-03 0.000000000000000000e+00 0.000000000000000000e+00 4.631489829206155567e-02 6.721984546414645767e-02 0.000000000000000000e+00 3.856500464589554533e-02 1.444782300882870539e-02 1.437682252457850862e-01 7.505685363120993825e-02
2.212833482517436931e-02 3.958312285075892695e-02 0.000000000000000000e+00 0.000000000000000000e+00 1.159549115340506309e-01 0.000000000000000000e+00 2.317662644140384420e-01 1.403042364078422033e-01 1.113913866134938480e-01 2.958646387910076128e-02 0.000000000000000000e+00 6.888095663889459708e-02 1.750145159815342383e-02 0.000000000000000000e+00 8.388452169013961915e-03 2.037080558440084940e-02 1.305051005136497778e-02 0.000000000000000000e+00 2.638368825653257879e-02 0.000000000000000000e+00 0.000000000000000000e+00 0.000000000000000000e+00 1.889840096591233892e-02 1.358110142112681773e-01 0.000000000000000000e+00
1.954770678233112499e-02 1.119086548452954133e-01 0.000000000000000000e+00 0.000000000000000000e+00 4.101761257576643643e-02 0.000000000000000000e+00 1.474903714421520740e-01 0.000000000000000000e+00 0.000000000000000000e+00 0.000000000000000000e+00 0.000000000000000000e+00 1.093232876034190559e-02 0.000000000000000000e+00 0.000000000000000000e+00 1.170292111016668496e-01 1.057004322791659096e-01 1.199392556737232871e-02 0.000000000000000000e+00 0.000000000000000000e+00 4.208165253732231229e-03 0.000000000000000000e+00 4.449952141124774267e-03 1.825319608382900138e-01 1.629542869846220543e-01 8.023539142813870817e-02
0.000000000000000000e+00 0.000000000000000000e+00 1.180888231854282239e-01 0.000000000000000000e+00 1.455055406824116437e-01 1.379169040197007756e-01 2.635814536033482050e-02 8.233714401523912693e-03 0.000000000000000000e+00 6.724616230740532163e-02 0.000000000000000000e+00 0.000000000000000000e+00 4.169753940160854551e-03 0.000000000000000000e+00 1.221083036179836379e-01 0.000000000000000000e+00 8.943512903390692104e-02 0.000000000000000000e+00 1.548199982677946063e-01 0.000000000000000000e+00 0.000000000000000000e+00 0.000000000000000000e+00 0.000000000000000000e+00 7.434422091674729172e-02 5.177330426660197576e-02
9.338480819977210134e-02 5.596696126141462689e-03 4.675937926982017684e-02 0.000000000000000000e+00 1.055113157663648861e-02 3.554704198434477293e-03 1.453455738555767089e-03 2.699393237461636397e-02 1.088208907808568410e-01 0.000000000000000000e+00 0.000000000000000000e+00 1.167802227182582198e-01 3.904982640837328239e-02 0.000000000000000000e+00 9.569124780859646073e-02 0.000000000000000000e+00 1.437957603763947989e-01 1.933674369247763425e-02 6.800331106640609274e-03 0.000000000000000000e+00 1.579139596574472698e-02 1.672311631615292227e-01 9.542177002148842513e-03 8.698082741382000271e-02 1.885306081182521430e-03
0.000000000000000000e+00 0.000000000000000000e+00 2.965390455038901391e-02 2.044198536307211336e-02 2.208073913904948227e-01 0.000000000000000000e+00 1.559846013317527647e-01 1.553708938834960918e-01 0.000000000000000000e+00 3.311989019303081261e-02 0.000000000000000000e+00 1.655904239662255584e-01 0.000000000000000000e+00 0.000000000000000000e+00 0.000000000000000000e+00 5.095300362452592768e-02 0.000000000000000000e+00 5.785311714514929787e-02 0.000000000000000000e+00 1.047079659712401994e-01 0.000000000000000000e+00 0.000000000000000000e+00 5.516822580623551193e-03 0.000000000000000000e+00 0.000000000000000000e+00
0.000000000000000000e+00 0.000000000000000000e+00 1.158542436569991695e-02 1.005502564316929429e-02 1.461155603172054410e-02 0.000000000000000000e+00 2.135070537668748436e-01 6.448209353340603189e-02 1.276513729718681545e-01 0.000000000000000000e+00 0.000000000000000000e+00 1.177312771758313448e-01 2.881711725419758025e-03 0.000000000000000000e+00 4.156261997262276908e-02 3.083183362680153722e-02 0.000000000000000000e+00 0.000000000000000000e+00 0.000000000000000000e+00 0.000000000000000000e+00 2.484277735614345058e-03 1.986484429025174928e-03 1.723316671376776965e-01 6.141797548365067472e-02 1.268796264006178676e-01
0.000000000000000000e+00 1.255354040936988193e-02 1.463545373060541888e-01 2.631248533321359911e-02 9.284337587111289591e-02 0.000000000000000000e+00 7.378519963337593079e-02 2.290667077962789139e-03 3.119279553676659530e-02 0.000000000000000000e+00 0.000000000000000000e+00 1.936735505047988137e-01 7.341812760410799076e-03 0.000000000000000000e+00 4.111300740640090601e-02 1.499350637959907806e-02 7.721551423616405084e-03 0.000000000000000000e+00 2.707008690613878221e-02 0.000000000000000000e+00 0.000000000000000000e+00 0.000000000000000000e+00 1.600468428515634811e-01 2.382522729982939486e-02 1.388818132997865495e-01
0.000000000000000000e+00 0.000000000000000000e+00 1.261840236058180131e-01 0.000000000000000000e+00 1.687224095492549647e-01 0.000000000000000000e+00 1.413328839767617751e-01 1.329078872610471029e-01 2.316036223036565048e-02 8.608498584003955890e-04 4.259777310235256936e-03 1.144461658414640606e-02 0.000000000000000000e+00 0.000000000000000000e+00 8.014137921051826818e-02 2.342945095751127436e-03 4.102464796208701164e-02 2.723761541208323533e-02 1.315658930226285550e-01 7.681677054212116169e-03 0.000000000000000000e+00 9.498507500703208539e-02 0.000000000000000000e+00 6.147956859658043963e-03 0.000000000000000000e+00
0.000000000000000000e+00 1.291919032243592398e-02 1.302285788876831607e-01 0.000000000000000000e+00 7.577840737308226375e-03 0.000000000000000000e+00 1.433170358556347113e-01 1.430179948476040068e-02 2.652663602166398238e-02 4.345199692123775069e-03 0.000000000000000000e+00 2.951884191274431295e-03 3.533302248871387791e-03 0.000000000000000000e+00 1.543236508597121137e-01 5.813016808592161820e-03 0.000000000000000000e+00 3.403831703991101049e-02 1.345512185906412306e-01 0.000000000000000000e+00 0.000000000000000000e+00 1.424976464288990052e-01 1.134880365435703420e-01 0.000000000000000000e+00 6.958664628691806076e-02
0.000000000000000000e+00 0.000000000000000000e+00 0.000000000000000000e+00 0.000000000000000000e+00 1.234852263718217158e-01 0.000000000000000000e+00 9.554958108282488038e-02 9.522198254795909145e-03 0.000000000000000000e+00 1.320533757092821614e-01 0.000000000000000000e+00 4.467337502384129827e-02 3.387482413697648354e-02 4.970736529130718095e-04 1.798482691236031328e-01 1.906177104849614940e-04 0.000000000000000000e+00 0.000000000000000000e+00 3.306652907078585363e-02 5.877729584266912569e-03 1.032126818865863015e-02 3.097010179709960240e-05 5.992168604209582167e-02 1.060366822235091766e-01 1.650505937223430419e-01
0.000000000000000000e+00 1.664053989167118275e-01 2.985987478348469185e-02 0.000000000000000000e+00 1.437880591638736882e-01 1.434090646602436681e-01 0.000000000000000000e+00 1.272699821736077846e-02 0.000000000000000000e+00 0.000000000000000000e+00 0.000000000000000000e+00 1.121026459333999276e-01 3.021939243470769115e-02 0.000000000000000000e+00 3.520707397255232879e-02 6.301437806481054171e-02 0.000000000000000000e+00 0.000000000000000000e+00 0.000000000000000000e+00 0.000000000000000000e+00 0.000000000000000000e+00 9.891215722586664538e-02 0.000000000000000000e+00 0.000000000000000000e+00 1.643549566269881246e-01
0.000000000000000000e+00 0.000000000000000000e+00 7.503204192252788118e-02 0.000000000000000000e+00 8.942472475903490148e-02 0.000000000000000000e+00 1.592725880937412852e-01 1.389535682793782145e-01 0.000000000000000000e+00 1.331385541876428484e-02 0.000000000000000000e+00 2.087849891436152627e-02 0.000000000000000000e+00 0.000000000000000000e+00 8.497375142618788027e-03 0.000000000000000000e+00 3.048953269841016972e-02 3.741464074478600965e-02 1.392486586246783897e-01 0.000000000000000000e+00 0.000000000000000000e+00 1.410503569532733925e-01 1.408717049314953951e-01 0.000000000000000000e+00 5.552453516929769552e-03
4.958531617585545254e-02 1.108447172360159522e-01 3.819371606111864048e-02 0.000000000000000000e+00 1.016277868049960953e-01 0.000000000000000000e+00 1.013283146458016440e-02 1.388074402104528815e-01 4.229233675572049468e-03 8.452226832784462407e-02 0.000000000000000000e+00 0.000000000000000000e+00 0.000000000000000000e+00 0.000000000000000000e+00 9.456435665073281704e-02 1.860756848367022985e-03 3.364300358939871505e-02 6.297418496877898141e-03 1.386947102261323062e-01 3.804013089343090837e-03 1.379282034162595399e-03 1.341964122282419958e-01 1.126252179251113240e-02 0.000000000000000000e+00 3.635421508779661248e-02
0.000000000000000000e+00 1.092280802921919980e-01 6.195619214410023889e-02 5.217990975069242837e-02 4.424828595374197260e-02 1.559395397984407981e-02 4.852852787413106106e-02 1.737366214300067879e-01 2.744141655045705466e-03 5.359262061762222994e-03 0.000000000000000000e+00 5.521333439114155944e-02 0.000000000000000000e+00 0.000000000000000000e+00 6.810805314916559827e-02 0.000000000000000000e+00 8.111050016575539409e-03 2.742442958294835729e-03 1.369753595266899049e-01 1.115345078143746040e-02 0.000000000000000000e+00 2.041213340351785144e-01 0.000000000000000000e+00 0.000000000000000000e+00 0.000000000000000000e+00
1.902950950929731613e-02 3.723638812323082359e-02 3.102442422595112076e-03 0.000000000000000000e+00 1.310811190215182831e-01 1.084359766144009363e-01 3.964206244610045393e-02 3.144175125135707100e-02 0.000000000000000000e+00 7.460352563501221335e-02 0.000000000000000000e+00 0.000000000000000000e+00 0.000000000000000000e+00 2.978753213937391023e-02 1.371626390277703167e-01 0.000000000000000000e+00 0.000000000000000000e+00 2.673032844703688085e-02 5.828606349136881797e-03 0.000000000000000000e+00 1.405919131207584993e-01 0.000000000000000000e+00 2.507615677049196065e-02 1.829513689318375963e-02 1.719549122287355181e-01
0.000000000000000000e+00 1.411499413523808165e-02 4.844588692508723649e-02 8.164949452574513794e-03 1.207985158110666396e-01 0.000000000000000000e+00 1.770636130164464708e-02 1.449571032513239342e-02 3.572008556600018460e-04 7.819303551039184785e-02 0.000000000000000000e+00 1.330223474896316260e-01 0.000000000000000000e+00 0.000000000000000000e+00 1.243312714985633956e-03 0.000000000000000000e+00 1.483982829588573749e-01 1.464731727975414621e-01 6.740851261572990138e-02 0.000000000000000000e+00 0.000000000000000000e+00 4.081442809046662012e-02 1.540410212062690845e-03 2.496529300291264880e-03 1.563263495036380790e-01
0.000000000000000000e+00 7.840517671982039430e-03 0.000000000000000000e+00 0.000000000000000000e+00 1.534468457361151117e-01 0.000000000000000000e+00 9.800358493359116741e-02 1.576220152095302030e-01 2.917440100732775904e-02 9.627577376219077776e-02 0.000000000000000000e+00 1.055825682138896021e-01 0.000000000000000000e+00 0.000000000000000000e+00 0.000000000000000000e+00 0.000000000000000000e+00 1.622898622454989059e-01 8.130844992532115442e-03 0.000000000000000000e+00 9.483054944537119835e-03 0.000000000000000000e+00 1.226138207417835496e-01 0.000000000000000000e+00 0.000000000000000000e+00 4.953671054102157939e-02
9.302681850169653571e-03 1.224572792145318901e-03 6.769606927015468789e-02 6.764725343764586840e-02 1.814481145724234842e-02 0.000000000000000000e+00 1.492027232457645847e-01 1.360134011149702893e-01 7.515322113120509462e-02 5.906971346041933746e-02 0.000000000000000000e+00 0.000000000000000000e+00 0.000000000000000000e+00 0.000000000000000000e+00 8.902774052770137669e-02 1.019947267680852872e-02 0.000000000000000000e+00 9.730299994903880700e-02 0.000000000000000000e+00 0.000000000000000000e+00 0.000000000000000000e+00 1.567301155015406178e-02 5.044719911436463221e-03 4.887231987309992309e-02 1.504252877520437237e-01
0.000000000000000000e+00 2.061313332471141277e-02 1.518438345135059986e-01 1.827015213636304716e-02 0.000000000000000000e+00 2.502853780224465526e-03 1.448231862765460842e-01 1.211868353861634238e-02 1.491560170382377586e-02 4.010024758498781372e-02 0.000000000000000000e+00 1.366046167311999425e-02 1.142017732500217042e-01 0.000000000000000000e+00 1.695407690009439194e-01 2.527999937203869243e-02 1.388795731974463207e-03 3.013724346064521400e-03 1.543210724035930514e-01 0.000000000000000000e+00 0.000000000000000000e+00 1.134057113634647368e-01 0.000000000000000000e+00 0.000000000000000000e+00 0.000000000000000000e+00
0.000000000000000000e+00 1.247821924609148203e-01 1.347737838730588278e-01 0.000000000000000000e+00 1.226129135560603267e-01 0.000000000000000000e+00 0.000000000000000000e+00 0.000000000000000000e+00 3.872961186858509680e-02 1.569088521195373051e-02 0.000000000000000000e+00 1.623212660988909359e-02 1.091283877746302393e-04 0.000000000000000000e+00 1.554477284921279845e-01 0.000000000000000000e+00 0.000000000000000000e+00 1.446755249652076358e-01 1.483505837060571098e-01 3.131048486645007789e-02 0.000000000000000000e+00 0.000000000000000000e+00 0.000000000000000000e+00 5.127376138944148704e-02 1.601127461247918785e-02
0.000000000000000000e+00 1.629870413134435272e-02 1.232568208505067375e-01 6.500517759586596500e-02 1.576074445464025614e-02 1.764182225483726732e-02 1.006967914015328806e-02 1.710272903783700837e-01 3.698758025048777542e-02 1.030941845156380272e-02 0.000000000000000000e+00 1.219331238792165650e-01 2.133931298044896424e-02 0.000000000000000000e+00 1.171739657135540263e-01 0.000000000000000000e+00 3.280118162550586108e-02 0.000000000000000000e+00 9.203403596789481306e-03 7.917863853969225874e-02 0.000000000000000000e+00 0.000000000000000000e+00 0.000000000000000000e+00 0.000000000000000000e+00 1.520131361570233874e-01
1.899642728696977431e-04 1.247473987956614766e-02 2.641293516561306690e-02 1.277464527019225859e-03 5.707776572536984311e-02 0.000000000000000000e+00 1.477097638065443252e-01 1.606022967989401973e-01 0.000000000000000000e+00 3.024962985001959301e-03 0.000000000000000000e+00 1.339836032945104227e-01 0.000000000000000000e+00 0.000000000000000000e+00 9.246316909926137473e-02 6.692525753310629710e-02 0.000000000000000000e+00 4.261247069420908556e-02 0.000000000000000000e+00 0.000000000000000000e+00 0.000000000000000000e+00 0.000000000000000000e+00 0.000000000000000000e+00 1.530491551692123586e-01 1.021964510487762545e-01
0.000000000000000000e+00 1.756552912419714549e-02 2.783927717100462967e-02 2.131881574516001493e-02 0.000000000000000000e+00 2.190513992970920601e-02 2.418771886611497113e-01 1.655180092565593231e-01 1.341422700331807924e-02 1.025532098271302178e-01 0.000000000000000000e+00 0.000000000000000000e+00 3.802035800161085444e-03 0.000000000000000000e+00 1.994258540733633012e-02 0.000000000000000000e+00 0.000000000000000000e+00 0.000000000000000000e+00 0.000000000000000000e+00 1.005095023087723694e-01 0.000000000000000000e+00 1.038358638584216537e-01 0.000000000000000000e+00 1.547784995864696089e-01 5.140116320610676158e-03
0.000000000000000000e+00 0.000000000000000000e+00 1.410745225514614121e-01 5.598645811751017283e-03 4.896049750822452362e-02 0.000000000000000000e+00 1.459356433147763199e-01 2.730773277479989648e-03 1.423044475236652593e-03 2.659396897376973407e-02 0.000000000000000000e+00 3.669578009704997645e-02 2.033702631919144174e-02 0.000000000000000000e+00 1.545110482466673651e-01 0.000000000000000000e+00 1.412172257411404251e-02 3.678388356378296115e-02 0.000000000000000000e+00 1.209363438496908159e-02 0.000000000000000000e+00 0.000000000000000000e+00 1.968765256405913822e-01 1.517522334920642091e-01 4.511049768869938685e-03
6.676023399760049049e-02 0.000000000000000000e+00 3.139019388357207341e-02 0.000000000000000000e+00 1.367795929446622705e-01 0.000000000000000000e+00 1.657118108973465731e-01 1.303739870436318171e-01 2.737042442505811454e-02 0.000000000000000000e+00 0.000000000000000000e+00 4.250805069815331155e-02 0.000000000000000000e+00 0.000000000000000000e+00 9.033133806881869787e-02 0.000000000000000000e+00 3.389969056998503455e-02 1.313263169549809149e-03 6.465914812127355506e-03 0.000000000000000000e+00 0.000000000000000000e+00 1.081140969635103616e-01 0.000000000000000000e+00 1.589814025259841945e-01 0.000000000000000000e+00
0.000000000000000000e+00 9.450972936537533481e-03 4.661018497625401234e-03 0.000000000000000000e+00 0.000000000000000000e+00 0.000000000000000000e+00 2.317843355070589306e-01 0.000000000000000000e+00 1.085040446530640412e-01 2.577653549056159541e-03 0.000000000000000000e+00 3.515840503800573419e-02 4.535030479271979359e-02 1.922914513322846602e-02 1.427680265177695695e-01 0.000000000000000000e+00 1.587373571600511346e-01 4.508474483940095451e-02 4.790702636157714162e-02 0.000000000000000000e+00 0.000000000000000000e+00 0.000000000000000000e+00 0.000000000000000000e+00 1.487869650139052036e-01 0.000000000000000000e+00
