0.000000000000000000e+00 4.325705476436976504e-02 2.006476661080941470e-02 0.000000000000000000e+00 9.763267392731159178e-03 0.000000000000000000e+00 0.000000000000000000e+00 1.390279020103661889e-01 0.000000000000000000e+00 0.000000000000000000e+00 0.000000000000000000e+00 1.535604750883563276e-02 1.084383821625036770e-01 0.000000000000000000e+00 1.619348232581891700e-01 2.798876040009802210e-02 2.791269944226183221e-03 1.311979845759983776e-01 0.000000000000000000e+00 1.265953920281733258e-01 0.000000000000000000e+00 8.052427244004752190e-04 0.000000000000000000e+00 5.607942032806384480e-02 1.566996862912348465e-01
0.000000000000000000e+00 0.000000000000000000e+00 3.117764665958429673e-02 1.403727422437426042e-01 1.172323499638505268e-01 0.000000000000000000e+00 8.177743689626319756e-02 0.000000000000000000e+00 1.423716162842363769e-02 1.339770837837839235e-02 9.304035385451133247e-03 0.000000000000000000e+00 0.000000000000000000e+00 1.581090771628100924e-02 4.817491103844866868e-03 0.000000000000000000e+00 1.584297089889522281e-01 1.434342192548858363e-01 4.140962454341128030e-02 0.000000000000000000e+00 0.000000000000000000e+00 0.000000000000000000e+00 1.055619680479589345e-02 0.000000000000000000e+00 2.180427704321351856e-01
1.674080422503740372e-04 2.652382384754901207e-02 7.211777213566443120e-03 0.000000000000000000e+00 0.000000000000000000e+00 0.000000000000000000e+00 7.461221184112475091e-02 0.000000000000000000e+00 0.000000000000000000e+00 1.021812858103574029e-01 0.000000000000000000e+00 4.560874513465798877e-03 0.000000000000000000e+00 4.834987939240383177e-03 1.969208465219670356e-01 3.517865361618751231e-03 0.000000000000000000e+00 4.501610355323473062e-02 8.477508492907948057e-02 1.098675740643606236e-01 1.410447130119562090e-02 1.130246834385468385e-01 1.428149022839067250e-01 4.663220393457571250e-02 2.323389540396050140e-02
0.000000000000000000e+00 1.116289268894123388e-01 4.433131290270924535e-02 0.000000000000000000e+00 1.204447021383748401e-01 0.000000000000000000e+00 0.000000000000000000e+00 1.338152486887612125e-01 0.000000000000000000e+00 7.651595531877778550e-03 0.000000000000000000e+00 1.305565399486544320e-01 3.303468181465651909e-02 0.000000000000000000e+00 0.000000000000000000e+00 0.000000000000000000e+00 4.876558279491095133e-02 1.563862041338009989e-02 0.000000000000000000e+00 1.881802226318190496e-01 0.000000000000000000e+00 2.025986134106130127e-02 6.582089049520661178e-03 1.263260194088975108e-01 1.278459644596412377e-02
0.000000000000000000e+00 9.892557763671226689e-02 1.288429687271534230e-01 0.000000000000000000e+00 1.327313669166592103e-01 3.105092750385883560e-02 1.169719917819653510e-01 1.366076424457184635e-01 0.000000000000000000e+00 3.003218323261909461e-02 0.000000000000000000e+00 0.000000000000000000e+00 0.000000000000000000e+00 6.499114393194727925e-03 1.563228129581238079e-01 4.417795835282002648e-02 0.000000000000000000e+00 9.036032823918854848e-04 1.820908800643615891e-02 9.418383300508885794e-03 2.013058056169726023e-02 5.117463849125234582e-02 0.000000000000000000e+00 1.800116240888831667e-02 0.000000000000000000e+00
0.000000000000000000e+00 6.210244757465410714e-02 1.529751841673269476e-02 5.624335120188279739e-03 1.097133395723823984e-02 7.653296045967699669e-03 1.391924880842358159e-01 0.000000000000000000e+00 0.000000000000000000e+00 0.000000000000000000e+00 2.309706002606632530e-02 6.582304065081824584e-02 1.847191263148626958e-02 0.000000000000000000e+00 1.566184564577473848e-01 1.268481081552008671e-01 3.378890036171639660e-02 2.825792408126913402e-02 1.281236560085653687e-03 0.000000000000000000e+00 0.000000000000000000e+00 4.784819508772863300e-03 2.497077480016178519e-01 2.244188776139481936e-02 2.803748660480733304e-02
0.000000000000000000e+00 1.030388426983773476e-01 4.013359771576725105e-02 1.407611150676351952e-01 4.024758576332863186e-02 1.251904324631159492e-02 2.159711124472855626e-01 0.000000000000000000e+00 0.000000000000000000e+00 2.113099283000954495e-02 0.000000000000000000e+00 0.000000000000000000e+00 2.743394973269521267e-02 0.000000000000000000e+00 2.530117781415481496e-03 0.000000000000000000e+00 1.331240530065304351e-02 1.332337151470876779e-01 1.339068244056982604e-01 1.480873303547131092e-02 0.000000000000000000e+00 6.706962004879032414e-03 4.005069823382741145e-02 2.455303991824060034e-02 2.966126467131692188e-02
0.000000000000000000e+00 2.466948059585331171e-02 7.668451442183482625e-02 1.536247166373899409e-01 0.000000000000000000e+00 0.000000000000000000e+00 0.000000000000000000e+00 0.000000000000000000e+00 3.967195768451636795e-02 2.010623384512995673e-02 0.000000000000000000e+00 7.449213034888237800e-03 1.164544722654927214e-03 9.618184871497905200e-03 5.580183806209362135e-03 1.200976842306944875e-01 1.605024467341725214e-01 0.000000000000000000e+00 1.594554500283859866e-01 3.960873129905232576e-03 1.306673315943028850e-03 1.468906334612627429e-01 1.966479795916090817e-02 5.341303165984632659e-03 4.421110835451561027e-02
0.000000000000000000e+00 0.000000000000000000e+00 0.000000000000000000e+00 1.344464312744718046e-02 1.275517346961347886e-01 2.142036088660617416e-03 1.056026521475608021e-01 1.359753663861935358e-01 5.155449381650160229e-02 1.861243984596697848e-02 0.000000000000000000e+00 3.696113216663467205e-02 8.312195111749996930e-04 0.000000000000000000e+00 2.679887249679907893e-02 0.000000000000000000e+00 7.372177036193626465e-02 9.625154120209608588e-02 0.000000000000000000e+00 4.052698415949002042e-02 5.706003397417398759e-03 1.358851393813717556e-01 2.032536001281342111e-02 1.302840736607041063e-02 9.508020383573044521e-02
0.000000000000000000e+00 0.000000000000000000e+00 0.000000000000000000e+00 1.695588590508710289e-02 5.860748874203735269e-03 2.809776964776462653e-03 1.862480510940391354e-01 1.566912001901386020e-01 0.000000000000000000e+00 8.667325454258839601e-02 0.000000000000000000e+00 6.853898734201062382e-02 0.000000000000000000e+00 0.000000000000000000e+00 2.847355319270349072e-02 1.098298525919510077e-01 0.000000000000000000e+00 1.014427144260061572e-02 3.074110120003816296e-02 4.691136220087746035e-03 0.000000000000000000e+00 4.802634749867518149e-02 1.039619019137576345e-01 1.403539310273421714e-01 0.000000000000000000e+00
0.000000000000000000e+00 3.097810205106127281e-03 1.458009851650187150e-01 2.603110865337960808e-02 9.350888583880544169e-02 0.000000000000000000e+00 4.374500728471966693e-02 1.416792876503917831e-01 0.000000000000000000e+00 0.000000000000000000e+00 1.713761915016078375e-03 1.401777367678872510e-01 0.000000000000000000e+00 0.000000000000000000e+00 0.000000000000000000e+00 1.424716256887148015e-02 1.292191833933934719e-01 1.047481384474349859e-02 2.021487387743057529e-01 0.000000000000000000e+00 0.000000000000000000e+00 0.000000000000000000e+00 4.815551793836100186e-02 0.000000000000000000e+00 0.000000000000000000e+00
0.000000000000000000e+00 4.754497633672956011e-03 4.000939212032510878e-02 2.434408205093226141e-02 3.009723876157650163e-02 0.000000000000000000e+00 2.701937742255852148e-01 1.441225387445239370e-01 0.000000000000000000e+00 4.153007373570817562e-02 0.000000000000000000e+00 0.000000000000000000e+00 0.000000000000000000e+00 0.000000000000000000e+00 0.000000000000000000e+00 7.019970409873528723e-03 0.000000000000000000e+00 0.000000000000000000e+00 1.583672192530851675e-01 0.000000000000000000e+00 0.000000000000000000e+00 1.186239168943688110e-01 0.000000000000000000e+00 2.569398091818717381e-02 1.352433152521612392e-01
0.000000000000000000e+00 0.000000000000000000e+00 1.645319196872399928e-02 0.000000000000000000e+00 3.381999043497928986e-02 2.543477795633561009e-02 3.620610438291200356e-02 0.000000000000000000e+00 4.429772214913008793e-02 8.399714418073896127e-02 1.933407103480374797e-02 5.811009414600251666e-02 1.081420998855285448e-01 0.000000000000000000e+00 1.797115829878588589e-02 7.932347464372908582e-04 1.734207606870973584e-01 1.624868973546346809e-02 1.526354401748638012e-01 6.412435841404853787e-02 0.000000000000000000e+00 1.291345172071492742e-01 1.987664459699966038e-02 0.000000000000000000e+00 0.000000000000000000e+00
0.000000000000000000e+00 1.077094578210103654e-01 0.000000000000000000e+00 0.000000000000000000e+00 0.000000000000000000e+00 0.000000000000000000e+00 5.936041547075367186e-02 1.217112046178273413e-02 0.000000000000000000e+00 2.640633792889422390e-02 0.000000000000000000e+00 2.953996902779443268e-02 0.000000000000000000e+00 1.228311233261520641e-01 1.555529920741063610e-01 0.000000000000000000e+00 0.000000000000000000e+00 1.446478883376113855e-01 2.033646269585133448e-02 1.634382040441551831e-01 0.000000000000000000e+00 0.000000000000000000e+00 1.076678491368743967e-02 0.000000000000000000e+00 1.472392438982008389e-01
0.000000000000000000e+00 0.000000000000000000e+00 1.524024317224751679e-01 0.000000000000000000e+00 4.743045218049968259e-02 0.000000000000000000e+00 0.000000000000000000e+00 2.546530752028470027e-02 0.000000000000000000e+00 0.000000000000000000e+00 0.000000000000000000e+00 1.773577776082611301e-01 4.437972164103664782e-03 1.295586723720651146e-01 0.000000000000000000e+00 1.347684802627689693e-01 0.000000000000000000e+00 1.236121638562286823e-02 0.000000000000000000e+00 1.558355772187836885e-01 0.000000000000000000e+00 0.000000000000000000e+00 0.000000000000000000e+00 0.000000000000000000e+00 1.603821125651349322e-01
0.000000000000000000e+00 0.000000000000000000e+00 0.000000000000000000e+00 3.083816374732203242e-03 1.514582114013178216e-01 0.000000000000000000e+00 9.939111241762568771e-02 1.162231546637786583e-03 3.125173223887266552e-03 0.000000000000000000e+00 0.000000000000000000e+00 0.000000000000000000e+00 0.000000000000000000e+00 0.000000000000000000e+00 4.908956263512303381e-02 0.000000000000000000e+00 5.980506958578831606e-02 1.436737139034730826e-01 1.597053230974413429e-01 1.578991143785394569e-01 0.000000000000000000e+00 0.000000000000000000e+00 1.327844951861689021e-02 0.000000000000000000e+00 1.583282219168170302e-01
0.000000000000000000e+00 0.000000000000000000e+00 8.027329503043038883e-02 0.000000000000000000e+00 1.482648419631211190e-01 0.000000000000000000e+00 0.000000000000000000e+00 1.374282421350899452e-01 3.312458530000084861e-02 7.153169122822475301e-02 0.000000000000000000e+00 1.042493375839181891e-02 0.000000000000000000e+00 2.139286404191439658e-02 0.000000000000000000e+00 4.088691005799185117e-03 4.966308482111165407e-02 2.413290622482559475e-02 1.401909083075577045e-01 3.868207788946937536e-02 0.000000000000000000e+00 2.351224784828547243e-01 2.367355950622106013e-03 3.312043860586532350e-03 0.000000000000000000e+00
0.000000000000000000e+00 3.087130273644586934e-02 1.913018420780715143e-02 7.936645567694891948e-03 0.000000000000000000e+00 0.000000000000000000e+00 2.279854090426445268e-01 1.528027368295385713e-01 0.000000000000000000e+00 1.053513904786381322e-01 0.000000000000000000e+00 0.000000000000000000e+00 1.161896877996792610e-03 0.000000000000000000e+00 0.000000000000000000e+00 4.295366834753470281e-02 0.000000000000000000e+00 3.033040745491872095e-02 1.553528297711365136e-01 1.429284987288734904e-02 0.000000000000000000e+00 1.474554751122758300e-01 0.000000000000000000e+00 2.112524402982675700e-02 4.324995967065414088e-02
0.000000000000000000e+00 1.341868883752029007e-01 0.000000000000000000e+00 0.000000000000000000e+00 1.139562104625401195e-01 0.000000000000000000e+00 2.506375053144340934e-02 1.381067174536925457e-01 0.000000000000000000e+00 6.854847693213887705e-02 0.000000000000000000e+00 0.000000000000000000e+00 0.000000000000000000e+00 0.000000000000000000e+00 1.551923325016342226e-01 0.000000000000000000e+00 0.000000000000000000e+00 3.002315540851225803e-02 0.000000000000000000e+00 1.862817889734525723e-01 0.000000000000000000e+00 0.000000000000000000e+00 0.000000000000000000e+00 0.000000000000000000e+00 1.486406793613831712e-01
0.000000000000000000e+00 1.248286447486602127e-02 1.038098493442794062e-01 4.575727974975243861e-02 3.782467117057070755e-02 0.000000000000000000e+00 0.000000000000000000e+00 1.147292066082831151e-02 0.000000000000000000e+00 1.075519829671251759e-01 0.000000000000000000e+00 7.492729142718947133e-02 2.089998233643167722e-04 0.000000000000000000e+00 1.608189259864593601e-01 0.000000000000000000e+00 0.000000000000000000e+00 1.302321128613366796e-01 0.000000000000000000e+00 6.336044562993534135e-02 0.000000000000000000e+00 1.702522019461204586e-02 0.000000000000000000e+00 8.347971099607266743e-02 1.510477247136080003e-01
0.000000000000000000e+00 8.991019896394449040e-02 0.000000000000000000e+00 0.000000000000000000e+00 4.342602758077688391e-02 0.000000000000000000e+00 6.450564671819688199e-03 1.514632571729435107e-01 0.000000000000000000e+00 0.000000000000000000e+00 0.000000000000000000e+00 1.507790049733090387e-01 0.000000000000000000e+00 1.790622896226099631e-02 5.693050700252299395e-02 0.000000000000000000e+00 1.002059088061775776e-03 1.752091968181082871e-01 5.300104418775910577e-03 1.578133540042608862e-01 0.000000000000000000e+00 0.000000000000000000e+00 7.017561859148806203e-02 0.000000000000000000e+00 7.363387775172741678e-02
2.786726420333924571e-03 8.689716137803810136e-03 0.000000000000000000e+00 1.472811061122912268e-01 1.134292843484849961e-01 1.192446738468421266e-02 3.777508158901187081e-03 4.305746227133557674e-02 0.000000000000000000e+00 6.707555150926351739e-02 0.000000000000000000e+00 4.451662334077031991e-03 1.212751732426578695e-02 6.123630997558269368e-02 6.009026065447998360e-02 0.000000000000000000e+00 5.843940924685124549e-02 1.447087270711521767e-01 0.000000000000000000e+00 6.326598449483416750e-03 0.000000000000000000e+00 1.348482639655214366e-02 0.000000000000000000e+00 0.000000000000000000e+00 2.411128662044570992e-01
0.000000000000000000e+00 1.164063339295856175e-01 0.000000000000000000e+00 9.875017459478734397e-03 7.637022466372455666e-03 1.253220192148963574e-01 1.383626710017476502e-01 0.000000000000000000e+00 3.734964417657571367e-02 6.651949044864296839e-04 0.000000000000000000e+00 0.000000000000000000e+00 1.413173197724401642e-02 6.606107551831652547e-02 1.199993472634643399e-01 0.000000000000000000e+00 3.661490100308274764e-02 1.487650255967974400e-01 0.000000000000000000e+00 0.000000000000000000e+00 0.000000000000000000e+00 0.000000000000000000e+00 2.367807303211779194e-02 0.000000000000000000e+00 1.551319424558341153e-01
0.000000000000000000e+00 9.971240410269113091e-03 0.000000000000000000e+00 1.477762630381731501e-01 0.000000000000000000e+00 0.000000000000000000e+00 1.306952002966384752e-01 3.720895392157558268e-02 0.000000000000000000e+00 0.000000000000000000e+00 0.000000000000000000e+00 0.000000000000000000e+00 0.000000000000000000e+00 7.589021722349525295e-03 0.000000000000000000e+00 7.654129299472119813e-03 1.481023013202253935e-01 1.599120803191584339e-01 2.014562720424705744e-01 9.139487309583635422e-02 0.000000000000000000e+00 3.209561806922898389e-03 0.000000000000000000e+00 0.000000000000000000e+00 5.503010272690842669e-02
7.956923858869985322e-02 1.154536643238148136e-03 7.503863440229352477e-03 0.000000000000000000e+00 0.000000000000000000e+00 1.257494784281424846e-02 1.609377926743134346e-02 1.494099821008957035e-03 0.000000000000000000e+00 5.066812753639995948e-02 0.000000000000000000e+00 1.368012293274060154e-01 2.751724514823444823e-02 0.000000000000000000e+00 1.627498481803887898e-01 1.354309696691563258e-01 1.747562150400656100e-01 2.507327165552670697e-02 0.000000000000000000e+00 7.130102638006041368e-03 0.000000000000000000e+00 0.000000000000000000e+00 6.414131500492779164e-03 6.370025509244536810e-03 1.486983681916570210e-01
5.893795286195662939e-03 3.321899408666428161e-02 0.000000000000000000e+00 0.000000000000000000e+00 9.968360097747609380e-04 3.669971328198789930e-03 1.389711980704324001e-01 3.052081919046288963e-02 2.970186579180510503e-03 0.000000000000000000e+00 0.000000000000000000e+00 0.000000000000000000e+00 7.824702875979694383e-03 0.000000000000000000e+00 3.152115044132873800e-01 9.659181589142621163e-03 1.123514771510771655e-03 1.555474751388345178e-01 0.000000000000000000e+00 0.000000000000000000e+00 0.000000000000000000e+00 0.000000000000000000e+00 0.000000000000000000e+00 8.399318575315800617e-02 2.103986349071778061e-01
0.000000000000000000e+00 0.000000000000000000e+00 0.000000000000000000e+00 0.000000000000000000e+00 1.314481417748120107e-01 0.000000000000000000e+00 3.315385024373515566e-02 1.959060532736025817e-01 0.000000000000000000e+00 2.194623819224432795e-02 0.000000000000000000e+00 1.336480752890703838e-01 0.000000000000000000e+00 2.267766994514917520e-02 4.212745971530685272e-03 1.616376555325560807e-02 0.000000000000000000e+00 2.032388788653311310e-02 0.000000000000000000e+00 1.154959922055387445e-03 0.000000000000000000e+00 2.358963437198022539e-01 3.880566307482492816e-02 1.400606729878812184e-01 4.601932165503156737e-03
0.000000000000000000e+00 0.000000000000000000e+00 1.370025271219977303e-01 1.665386978634660411e-02 1.157840419330917123e-02 0.000000000000000000e+00 1.482165676688205203e-01 0.000000000000000000e+00 2.278326426993812492e-02 3.073558545823985161e-02 0.000000000000000000e+00 1.429608718341137362e-02 1.728502898198889734e-02 0.000000000000000000e+00 2.136943762730728058e-02 0.000000000000000000e+00 4.366301930467766240e-02 1.422395181557905841e-01 1.586459542079992138e-02 7.167553822493701043e-02 0.000000000000000000e+00 0.000000000000000000e+00 1.820599088290418902e-02 1.411439785019310278e-01 1.472865872175999624e-01
0.000000000000000000e+00 0.000000000000000000e+00 1.454119003040546879e-02 0.000000000000000000e+00 9.056814464836127065e-02 0.000000000000000000e+00 0.000000000000000000e+00 1.417185219026603216e-01 5.510134415627836180e-02 2.128067027714572110e-02 0.000000000000000000e+00 5.166199593085066266e-02 1.038871319591190417e-01 0.000000000000000000e+00 1.546237034676038180e-01 1.408490442264870648e-02 1.413153884905269664e-01 4.569323751439566261e-02 0.000000000000000000e+00 0.000000000000000000e+00 0.000000000000000000e+00 1.345045118590335598e-01 0.000000000000000000e+00 0.000000000000000000e+00 3.101925534097051476e-02
0.000000000000000000e+00 1.067371767891450024e-01 0.000000000000000000e+00 0.000000000000000000e+00 1.258603343736805213e-01 0.000000000000000000e+00 4.422583404019068964e-02 0.000000000000000000e+00 2.203689452943041749e-02 6.719973257211132867e-02 0.000000000000000000e+00 2.856260147710257616e-02 1.598313330313843802e-02 3.336516730210787544e-03 1.109060739464235723e-01 0.000000000000000000e+00 1.312817798494698984e-01 2.828385488941339340e-03 1.956697838355684130e-02 7.697914110650022276e-03 1.089322800250125921e-02 2.794502834955332055e-02 9.418007760099366202e-03 1.678343104870885782e-01 9.768606980670606343e-02
0.000000000000000000e+00 7.644347135869196397e-02 0.000000000000000000e+00 2.075161437738958989e-02 0.000000000000000000e+00 0.000000000000000000e+00 0.000000000000000000e+00 0.000000000000000000e+00 0.000000000000000000e+00 0.000000000000000000e+00 0.000000000000000000e+00 1.550411262082700969e-01 2.764005591418422850e-02 2.406753760740932419e-02 9.164358717062589046e-03 0.000000000000000000e+00 5.493831376715044290e-02 2.810018302356802056e-01 1.443931042601226677e-01 4.885752378814593039e-02 0.000000000000000000e+00 1.542937166460891518e-01 3.407347119803812076e-03 0.000000000000000000e+00 0.000000000000000000e+00
6.809949665118601725e-02 0.000000000000000000e+00 4.992275525158144933e-02 4.119070445796661761e-02 4.868648151041246944e-03 8.987930393356033387e-03 1.452506793612446390e-01 1.030085917766476906e-02 6.915074929420123029e-02 5.308346815074254516e-02 0.000000000000000000e+00 9.254482942393855299e-03 2.772546600046718948e-02 1.534989226109103504e-03 3.950615957973709069e-02 1.213619108755832482e-01 1.533861964166369565e-02 1.373445189296433958e-02 7.360009195655051011e-03 0.000000000000000000e+00 1.051570296055049647e-01 0.000000000000000000e+00 3.132701492556635992e-02 1.323473365020216286e-01 4.449723872334881980e-02
0.000000000000000000e+00 0.000000000000000000e+00 0.000000000000000000e+00 0.000000000000000000e+00 1.214504184470034942e-01 1.371799692271133964e-01 6.406907199231370864e-02 6.317453595934545418e-03 0.000000000000000000e+00 5.734910308662442141e-03 0.000000000000000000e+00 2.935499552526434908e-01 0.000000000000000000e+00 0.000000000000000000e+00 0.000000000000000000e+00 1.644641201418890405e-02 0.000000000000000000e+00 2.162883816176898108e-02 0.000000000000000000e+00 1.101674437507560271e-02 0.000000000000000000e+00 3.506535034392662623e-03 1.025051778125334392e-02 1.594246567705358275e-01 1.494245170391136635e-01
0.000000000000000000e+00 0.000000000000000000e+00 0.000000000000000000e+00 1.496264247253558700e-02 1.220919613262895359e-01 0.000000000000000000e+00 1.878362862771546515e-01 6.723678950305386759e-02 0.000000000000000000e+00 1.647995989703808853e-02 0.000000000000000000e+00 0.000000000000000000e+00 0.000000000000000000e+00 0.000000000000000000e+00 0.000000000000000000e+00 0.000000000000000000e+00 8.404436973337444869e-03 6.789100515517686174e-02 4.291458667364599078e-02 4.070814915302789494e-02 1.193550798064866580e-01 1.384350841922925568e-01 4.533012198093538253e-02 1.283538965890254069e-01 0.000000000000000000e+00
0.000000000000000000e+00 0.000000000000000000e+00 9.046802971259794435e-02 6.717279490832001043e-02 1.289230444103167950e-01 5.273904881939400074e-02 4.854863093667242252e-02 0.000000000000000000e+00 0.000000000000000000e+00 9.373151312299926943e-03 0.000000000000000000e+00 5.462286510188409799e-02 0.000000000000000000e+00 2.752397436249785431e-02 0.000000000000000000e+00 0.000000000000000000e+00 7.750169697678752079e-02 1.413915747123980216e-01 0.000000000000000000e+00 0.000000000000000000e+00 0.000000000000000000e+00 0.000000000000000000e+00 0.000000000000000000e+00 1.553786627496609729e-01 1.463565259971704169e-01
