9.375726421423778711e-03 1.109116070079780719e-01 0.000000000000000000e+00 3.627190830965531815e-03 0.000000000000000000e+00 1.250004780905376034e-01 0.000000000000000000e+00 0.000000000000000000e+00 1.272181767291115650e-01 0.000000000000000000e+00 4.321071188021562148e-02 1.725406239577207401e-01 2.996900250680210789e-03 0.000000000000000000e+00 4.788115295228613510e-02 1.451988572203215533e-01 0.000000000000000000e+00 1.600101243550517416e-01 1.413421834901202982e-02 3.789423195469536487e-02
4.048291532226151040e-02 0.000000000000000000e+00 0.000000000000000000e+00 2.400253664914427654e-01 0.000000000000000000e+00 0.000000000000000000e+00 0.000000000000000000e+00 0.000000000000000000e+00 1.760305636407019370e-01 1.886057962332261806e-02 4.247436533254913410e-02 1.434551513319187177e-01 0.000000000000000000e+00 8.133027444424185959e-02 0.000000000000000000e+00 1.911040737443591916e-02 9.120868793623686591e-03 5.077622429169749430e-02 1.096969341622112543e-01 6.863634919159314340e-02
6.783687275361719804e-04 1.709875651545977593e-01 0.000000000000000000e+00 0.000000000000000000e+00 6.856813598324724632e-03 2.062167477894220613e-01 0.000000000000000000e+00 0.000000000000000000e+00 1.502966955418563177e-01 0.000000000000000000e+00 0.000000000000000000e+00 0.000000000000000000e+00 8.030369992529467343e-03 0.000000000000000000e+00 1.608912306295780525e-01 4.647316563983068874e-03 1.370734696941838249e-01 0.000000000000000000e+00 0.000000000000000000e+00 1.543214223079884262e-01
0.000000000000000000e+00 5.899223170742882820e-03 0.000000000000000000e+00 1.535434223552992195e-01 0.000000000000000000e+00 5.800649809261327478e-02 0.000000000000000000e+00 0.000000000000000000e+00 1.495643732293590877e-01 0.000000000000000000e+00 7.552134702077049899e-02 9.537183747481599305e-02 0.000000000000000000e+00 0.000000000000000000e+00 0.000000000000000000e+00 1.205450034241053736e-01 0.000000000000000000e+00 2.825169558998431862e-02 1.629186933230579448e-01 1.503779063192514642e-01
0.000000000000000000e+00 1.270571077540606497e-01 1.064850919852624866e-01 1.322569521629633205e-01 0.000000000000000000e+00 0.000000000000000000e+00 0.000000000000000000e+00 3.333174033120915591e-02 0.000000000000000000e+00 1.919144051348226770e-02 0.000000000000000000e+00 6.346903756822872000e-02 0.000000000000000000e+00 1.286864218806554605e-01 0.000000000000000000e+00 1.300243233279016995e-02 8.467100556334304640e-02 0.000000000000000000e+00 1.526663194758715592e-01 1.391824504321332867e-01
1.185651173897678268e-01 1.859381310312707980e-01 3.715258087505456108e-02 0.000000000000000000e+00 1.358287350642459479e-01 1.246582209426614768e-01 0.000000000000000000e+00 1.981734439933862876e-02 2.631183526080356841e-02 0.000000000000000000e+00 0.000000000000000000e+00 1.309440412630712980e-01 0.000000000000000000e+00 0.000000000000000000e+00 0.000000000000000000e+00 1.571795819924646509e-01 0.000000000000000000e+00 0.000000000000000000e+00 5.819017240792006412e-02 5.414239373401176676e-03
1.583835932221560466e-02 0.000000000000000000e+00 0.000000000000000000e+00 0.000000000000000000e+00 5.513644497846121803e-03 1.457640114867856385e-01 0.000000000000000000e+00 0.000000000000000000e+00 1.638717258046254732e-01 0.000000000000000000e+00 7.815230031165823488e-02 5.979613429228780586e-02 1.220980504289911062e-01 7.351322661997225678e-03 4.842137262547905469e-02 0.000000000000000000e+00 1.499976374521753419e-01 2.871756615800659038e-02 1.124102668538696503e-01 6.206760810406214413e-02
1.639812660687104962e-01 1.613424442941948089e-01 1.033310321200326815e-01 6.354091980044750121e-02 1.285852181793195326e-01 7.288578121578938307e-02 0.000000000000000000e+00 6.610296349036046126e-02 0.000000000000000000e+00 0.000000000000000000e+00 0.000000000000000000e+00 3.077904009205404204e-02 2.467106459101106597e-02 2.988356911303730132e-03 0.000000000000000000e+00 0.000000000000000000e+00 0.000000000000000000e+00 0.000000000000000000e+00 1.532088049468950941e-01 2.858310828988134752e-02
9.678028577890479545e-02 2.156986585275791693e-02 9.846187226915870117e-02 1.010082610127537583e-01 9.171395966228575169e-03 1.521836868538507803e-01 1.048288205095813681e-03 1.411566338367156725e-02 1.024343763851121858e-01 0.000000000000000000e+00 1.674902602057595650e-03 0.000000000000000000e+00 1.720715116065228978e-01 0.000000000000000000e+00 3.796553360362431989e-02 3.941010348977148914e-02 3.914651088865048895e-03 1.526304712890869629e-03 2.446701465645334875e-02 1.221962825322804591e-01
1.067491200428122150e-01 1.616279490317843459e-01 1.007680196073470862e-02 2.843546456526300018e-02 1.336694371429558437e-01 0.000000000000000000e+00 2.943825880648483911e-02 5.195365049984444761e-02 6.977413331343579328e-02 0.000000000000000000e+00 0.000000000000000000e+00 3.138184437837385297e-03 3.830625794415620788e-02 1.214902951803741304e-01 2.605893682428156097e-02 7.110782643344004672e-02 0.000000000000000000e+00 0.000000000000000000e+00 0.000000000000000000e+00 1.481736838165954584e-01
0.000000000000000000e+00 5.140949457558725150e-02 9.451424942472383059e-03 0.000000000000000000e+00 6.724444109210486568e-03 3.642183681138739387e-02 0.000000000000000000e+00 0.000000000000000000e+00 1.230585755655767832e-01 0.000000000000000000e+00 0.000000000000000000e+00 1.309787690998027165e-01 1.327496286176317319e-01 2.422703685034010429e-02 1.598854715070884280e-01 0.000000000000000000e+00 3.516880739175216181e-02 2.078944604577882549e-01 8.203005007136245086e-02 0.000000000000000000e+00
0.000000000000000000e+00 5.222943580991868534e-02 0.000000000000000000e+00 0.000000000000000000e+00 3.262257504768759954e-03 9.445367944616260558e-02 0.000000000000000000e+00 1.034025998779748573e-01 0.000000000000000000e+00 1.418753984454483585e-01 0.000000000000000000e+00 2.919839352015048406e-01 1.679640181519282682e-01 7.142072776641587156e-04 1.647370029851214987e-02 9.704048970283186970e-02 0.000000000000000000e+00 0.000000000000000000e+00 7.048107560926426471e-03 2.355217072235908302e-02
4.774080904685645832e-02 1.115377262566887573e-01 0.000000000000000000e+00 9.236720626476787460e-03 0.000000000000000000e+00 1.464565328362732455e-01 0.000000000000000000e+00 4.938151710734110800e-02 2.986129339233269953e-01 3.083005677722199314e-02 2.179009467499359864e-02 1.313697755108523824e-01 0.000000000000000000e+00 1.270416387089976472e-02 3.325625745091706498e-02 5.351281614943477483e-03 9.154733038757689734e-02 4.307697795063975682e-03 5.877102120567683809e-03 0.000000000000000000e+00
5.369835968275607496e-02 0.000000000000000000e+00 0.000000000000000000e+00 3.508510867593176569e-02 6.723766039219986057e-02 1.602806277554268133e-01 3.742071587535552137e-04 5.099885958346127290e-02 0.000000000000000000e+00 0.000000000000000000e+00 6.418054284638602391e-02 1.969217452680340208e-01 2.612656138868042488e-01 6.618028807879221265e-02 9.521950696212165555e-03 1.294155825186585861e-02 0.000000000000000000e+00 2.131347772337617574e-02 0.000000000000000000e+00 0.000000000000000000e+00
1.610479359233222066e-02 9.652922401714793266e-02 4.913769222613485754e-02 1.369892826226883423e-02 0.000000000000000000e+00 1.495966190517351024e-01 0.000000000000000000e+00 1.032134082389758213e-02 2.992380387555470533e-01 0.000000000000000000e+00 3.129737344830661738e-02 8.588879206130974053e-03 0.000000000000000000e+00 2.074852614685879573e-02 1.414378075913220734e-01 0.000000000000000000e+00 2.004399566044033978e-02 0.000000000000000000e+00 2.053347010134246378e-03 1.412034342077432558e-01
0.000000000000000000e+00 2.856363960058423690e-02 0.000000000000000000e+00 1.221331099228750022e-01 1.366421639906205965e-01 1.622174903206047292e-01 2.010827200707808807e-02 0.000000000000000000e+00 1.080450611074714601e-01 7.654044093619007116e-03 1.072895126400200301e-02 1.005608113887651589e-01 0.000000000000000000e+00 0.000000000000000000e+00 0.000000000000000000e+00 0.000000000000000000e+00 0.000000000000000000e+00 1.412445524056996915e-01 1.926944412470548915e-03 1.601749594862094395e-01
2.078471780844082795e-01 0.000000000000000000e+00 3.488187124382179701e-03 3.122474527397541000e-02 2.303600403454268697e-02 1.465450758927900887e-01 3.429363292280708519e-02 1.588347285792709174e-01 1.222815550129470637e-02 0.000000000000000000e+00 0.000000000000000000e+00 6.484223143662171465e-03 9.284394807424675711e-02 0.000000000000000000e+00 3.828806518017693894e-02 5.334555150579953914e-02 0.000000000000000000e+00 0.000000000000000000e+00 4.747386466379307363e-02 1.440666400188501672e-01
0.000000000000000000e+00 0.000000000000000000e+00 0.000000000000000000e+00 1.268830926197949405e-01 1.112799520636330031e-01 2.497804787508624280e-01 0.000000000000000000e+00 0.000000000000000000e+00 3.737745504942983910e-02 0.000000000000000000e+00 1.129171013546656152e-02 8.016447248049590746e-02 0.000000000000000000e+00 0.000000000000000000e+00 0.000000000000000000e+00 0.000000000000000000e+00 0.000000000000000000e+00 6.585655226952173355e-03 1.478904377042364326e-01 2.287467459691286398e-01
4.415454685256529552e-03 0.000000000000000000e+00 0.000000000000000000e+00 1.475157725651081719e-01 0.000000000000000000e+00 3.896741410465162647e-02 0.000000000000000000e+00 0.000000000000000000e+00 2.769038011659901155e-01 1.904434522575534222e-02 1.471476531430509355e-02 1.845518282074466443e-01 2.418247957717595438e-03 5.158928976464203890e-03 2.546266949182644790e-02 0.000000000000000000e+00 0.000000000000000000e+00 1.567015203862874018e-01 0.000000000000000000e+00 1.241452519191908466e-01
0.000000000000000000e+00 0.000000000000000000e+00 0.000000000000000000e+00 0.000000000000000000e+00 1.009928098369568678e-01 1.305866480417604281e-01 0.000000000000000000e+00 6.170622671606346837e-02 0.000000000000000000e+00 9.631996447447730217e-03 0.000000000000000000e+00 1.344598770720578131e-02 1.361438736647816727e-01 1.602342919672601340e-01 2.645699370776240494e-03 5.427303356051311339e-02 0.000000000000000000e+00 1.575702962295071757e-02 1.523566214140322783e-01 1.622257816502515049e-01
0.000000000000000000e+00 0.000000000000000000e+00 0.000000000000000000e+00 1.625860306200143102e-01 0.000000000000000000e+00 1.443542477860449147e-01 0.000000000000000000e+00 1.408352368060854579e-02 1.616509471706848167e-01 0.000000000000000000e+00 9.601540105957581672e-02 2.947485188722713534e-02 1.502021483990317319e-01 0.000000000000000000e+00 6.023080806090943401e-02 1.656377252704508687e-03 0.000000000000000000e+00 0.000000000000000000e+00 0.000000000000000000e+00 1.797456640831986696e-01
0.000000000000000000e+00 0.000000000000000000e+00 0.000000000000000000e+00 1.503361240278676125e-01 3.499350559485920296e-03 0.000000000000000000e+00 0.000000000000000000e+00 8.969850485513342075e-02 2.670838681389571256e-01 0.000000000000000000e+00 2.993050695081924534e-02 1.245521054003624062e-01 7.389616970428824864e-03 4.701577283473453578e-02 4.484608347983318546e-03 0.000000000000000000e+00 0.000000000000000000e+00 5.972376441893167617e-03 1.333225321869458135e-01 1.367146332853886592e-01
1.211151968087218270e-02 1.107328134919719625e-01 0.000000000000000000e+00 0.000000000000000000e+00 1.699416864040173905e-02 0.000000000000000000e+00 0.000000000000000000e+00 1.465636722514438058e-02 1.532627054058383065e-01 1.403085308496832273e-01 0.000000000000000000e+00 0.000000000000000000e+00 0.000000000000000000e+00 0.000000000000000000e+00 4.344355556434997302e-03 1.658106456026183506e-01 0.000000000000000000e+00 1.064186246412506254e-01 1.472254595420230960e-01 1.281348093637612040e-01
5.393173149036734060e-02 1.140063233743430215e-01 1.741165827892024454e-02 0.000000000000000000e+00 1.918565629715281717e-01 1.471698362298227702e-01 0.000000000000000000e+00 8.505725809161321371e-02 0.000000000000000000e+00 0.000000000000000000e+00 0.000000000000000000e+00 2.303413762770393711e-02 0.000000000000000000e+00 0.000000000000000000e+00 3.678143103620699905e-02 4.718930367214539678e-03 1.558478764780036607e-01 0.000000000000000000e+00 1.347394269016903845e-01 3.544482715258569228e-02
1.632723477680856142e-02 6.162426076214707477e-02 0.000000000000000000e+00 3.566140277952083854e-02 1.479677116176374152e-01 1.509906369348079092e-01 4.128752770604354055e-03 1.900781006318133992e-03 0.000000000000000000e+00 1.026867972388507445e-02 8.206894998401560726e-02 0.000000000000000000e+00 1.734827116257904311e-01 8.885337720198513423e-02 1.881477680816304697e-03 3.616574730091994677e-02 1.153887318221606673e-01 3.955522164171075550e-02 3.373432237087184427e-02 0.000000000000000000e+00
1.174134192288729499e-02 1.149786283013509158e-01 1.515301821933970903e-03 1.143853292852990353e-02 4.075414442704566875e-02 1.355119130303173436e-01 1.526606738164711661e-03 8.564035666074028622e-03 2.212820497569760736e-01 2.077003086173714874e-02 1.589947680583672987e-02 0.000000000000000000e+00 0.000000000000000000e+00 0.000000000000000000e+00 1.322873736382909060e-01 1.323852588113532958e-01 0.000000000000000000e+00 1.408715390962944625e-01 0.000000000000000000e+00 1.047376619320760684e-02
1.080354203903876459e-01 1.334739201126515784e-01 0.000000000000000000e+00 1.751620947161711822e-02 2.250631504133961472e-02 1.746042042328789165e-02 0.000000000000000000e+00 3.192518433842299330e-02 1.048848045192255912e-01 0.000000000000000000e+00 0.000000000000000000e+00 1.504918393008609911e-01 1.737285055523444741e-02 9.564175170222598277e-02 1.513153625987438411e-01 1.434088602123515244e-01 5.429443248568374160e-03 0.000000000000000000e+00 5.376180850825258923e-04 0.000000000000000000e+00
5.575646459010660111e-02 1.403519380200926869e-01 7.153462313296535258e-02 9.841978585366180365e-02 1.010427079876993197e-03 1.432266438762292426e-01 1.008376052614675267e-03 2.782245096260116748e-02 1.519338087682666483e-01 0.000000000000000000e+00 0.000000000000000000e+00 6.939066859401070431e-02 1.415528470124499845e-02 0.000000000000000000e+00 1.416841625532070346e-02 0.000000000000000000e+00 2.184100386754405168e-02 0.000000000000000000e+00 8.797913812736515848e-02 1.014009701180992873e-01
0.000000000000000000e+00 0.000000000000000000e+00 0.000000000000000000e+00 2.554205874319631087e-01 1.389019561113925307e-02 1.492294149382110136e-01 0.000000000000000000e+00 0.000000000000000000e+00 0.000000000000000000e+00 4.106503162816000502e-02 2.056074926840099210e-03 2.795952013653204560e-01 0.000000000000000000e+00 0.000000000000000000e+00 0.000000000000000000e+00 6.756265232100158724e-02 9.977277632585444811e-02 0.000000000000000000e+00 9.140806545151004825e-02 0.000000000000000000e+00
0.000000000000000000e+00 0.000000000000000000e+00 9.276755009869654817e-03 9.403615507212892410e-02 1.401969132225970279e-03 1.456309510308987365e-01 0.000000000000000000e+00 0.000000000000000000e+00 2.371509789503549737e-01 0.000000000000000000e+00 0.000000000000000000e+00 1.558162858335524967e-02 1.142995015652572693e-01 6.495172432598990409e-02 1.693663288652445253e-01 0.000000000000000000e+00 4.191465816496435515e-02 0.000000000000000000e+00 0.000000000000000000e+00 1.063893492997104451e-01
0.000000000000000000e+00 3.065775246780962082e-02 0.000000000000000000e+00 1.108806570289420507e-01 2.703334306992098701e-02 1.076880947709417530e-01 0.000000000000000000e+00 0.000000000000000000e+00 4.250756665912425181e-02 0.000000000000000000e+00 1.097865131429689722e-01 1.154273433742748906e-01 8.245991580515367458e-02 1.247438551744049079e-01 8.604971014884885139e-02 1.371363811216055363e-02 0.000000000000000000e+00 0.000000000000000000e+00 1.052575289441297877e-02 1.385258573510364799e-01
0.000000000000000000e+00 1.312434659340049325e-01 0.000000000000000000e+00 3.358852913258401213e-02 0.000000000000000000e+00 5.402930171530276326e-02 0.000000000000000000e+00 0.000000000000000000e+00 4.308759038600462055e-01 1.173953457816185597e-01 0.000000000000000000e+00 0.000000000000000000e+00 0.000000000000000000e+00 6.440846191825751535e-03 1.486012099862413782e-01 0.000000000000000000e+00 6.360688856314621054e-02 0.000000000000000000e+00 5.402538425715293011e-03 8.815970409514727046e-03
0.000000000000000000e+00 0.000000000000000000e+00 0.000000000000000000e+00 1.117121648660517226e-02 1.706877714547588160e-02 2.131321219403092479e-02 0.000000000000000000e+00 0.000000000000000000e+00 1.460668535416675962e-01 1.511528570099858193e-01 0.000000000000000000e+00 6.342639549622758333e-02 3.359790147936288218e-02 1.122425571385031740e-01 3.354274366481737463e-02 0.000000000000000000e+00 0.000000000000000000e+00 1.733515055960547710e-02 1.430791605241176767e-01 2.500031747596005438e-01
3.783542973902106338e-02 3.796075945083431102e-02 0.000000000000000000e+00 1.850819378707911633e-02 3.521453545599369239e-02 1.290401326545716765e-01 0.000000000000000000e+00 1.000878997348461120e-02 1.800746146326372144e-01 0.000000000000000000e+00 0.000000000000000000e+00 8.819354640305937520e-02 1.607593882189886081e-01 1.739679707113955115e-02 1.098378536759929761e-02 4.263280738936436193e-02 1.636905142337214888e-02 6.433476633613982587e-02 1.506874020967150785e-01 0.000000000000000000e+00
0.000000000000000000e+00 7.917685385456257885e-02 9.397553990748859151e-03 0.000000000000000000e+00 0.000000000000000000e+00 1.799611748838504943e-01 4.466899906211196924e-02 0.000000000000000000e+00 2.708979817497278453e-01 0.000000000000000000e+00 1.149256092970626052e-02 3.606788508704568581e-03 1.695881686554396098e-02 0.000000000000000000e+00 0.000000000000000000e+00 5.181638905906086473e-02 0.000000000000000000e+00 0.000000000000000000e+00 1.221274892115676997e-01 2.098953918844148614e-01
