0.000000000000000000e+00 1.033478900326346150e-01 0.000000000000000000e+00 1.911085300482942215e-02 1.243593320124617048e-02 1.265185132370194587e-01 0.000000000000000000e+00 0.000000000000000000e+00 1.867386220871679881e-01 0.000000000000000000e+00 4.556160193195752002e-03 2.519038202095578299e-02 6.342807449233725525e-02 1.205719978854202963e-02 3.720486924978681775e-02 0.000000000000000000e+00 1.486582154923376500e-04 1.182817338552562270e-01 1.584783316791911201e-01 1.325027789423449953e-01
0.000000000000000000e+00 0.000000000000000000e+00 1.260620240884326448e-01 2.717261560229334294e-01 0.000000000000000000e+00 2.275031844189786545e-01 0.000000000000000000e+00 2.251117806969906224e-02 1.807885104631636215e-03 6.731358218072485203e-03 0.000000000000000000e+00 1.606166216844705508e-01 3.832993824222540730e-02 0.000000000000000000e+00 0.000000000000000000e+00 6.056381725097656184e-04 0.000000000000000000e+00 1.218268960224923227e-03 0.000000000000000000e+00 1.428877470178216424e-01
1.816838234358245791e-02 6.679153276774128789e-02 0.000000000000000000e+00 1.732000730576065822e-02 1.816332639562034668e-01 1.578551444640385881e-01 2.135899793732663754e-02 8.145196055702018031e-03 1.540985582516996855e-01 0.000000000000000000e+00 0.000000000000000000e+00 1.197407218842002491e-02 8.020583034933652725e-03 8.881957901358868146e-02 8.565401488013907327e-02 2.096008942152014290e-02 2.237952114605669222e-03 0.000000000000000000e+00 0.000000000000000000e+00 1.569626262647378923e-01
8.588320382181452439e-02 1.985412973673019166e-01 2.113831219735306383e-02 9.895436199354674944e-02 0.000000000000000000e+00 0.000000000000000000e+00 5.315936172537267385e-02 1.554439111966788396e-03 1.329146750575673219e-01 0.000000000000000000e+00 0.000000000000000000e+00 9.525348019309930192e-02 1.791599429310121450e-02 0.000000000000000000e+00 4.864693265222828217e-02 8.747881672694185484e-02 2.754387448547701914e-02 1.021336986658406693e-01 2.091405114551507169e-02 7.967500562873377004e-03
0.000000000000000000e+00 9.300379899364659029e-04 0.000000000000000000e+00 1.428419331199332759e-02 2.135653786942328380e-01 1.725452500714795209e-02 3.498878965265991153e-02 2.333312001962581372e-01 0.000000000000000000e+00 0.000000000000000000e+00 0.000000000000000000e+00 6.204548332224329998e-02 0.000000000000000000e+00 6.239514162935599732e-03 0.000000000000000000e+00 0.000000000000000000e+00 0.000000000000000000e+00 6.773217817400177532e-02 1.646328019661337239e-01 1.849958975224570146e-01
1.667129734519633422e-01 1.464081987911344251e-01 1.447353788892670121e-02 0.000000000000000000e+00 1.515162976532042349e-01 2.078705520750005198e-01 1.306392087490512027e-02 2.595863968885256043e-02 0.000000000000000000e+00 0.000000000000000000e+00 0.000000000000000000e+00 1.256815891860751933e-01 0.000000000000000000e+00 0.000000000000000000e+00 0.000000000000000000e+00 0.000000000000000000e+00 1.446406408990985049e-01 0.000000000000000000e+00 0.000000000000000000e+00 3.673649490839420075e-03
1.978400936514882608e-02 5.214489329073086765e-02 0.000000000000000000e+00 8.699758924877981636e-02 1.123848260740147598e-01 1.613234343210508126e-01 0.000000000000000000e+00 6.850469006734451194e-02 3.228064944741534242e-02 0.000000000000000000e+00 0.000000000000000000e+00 5.733860953253543807e-02 1.791276276597917466e-02 7.266840302661872752e-02 1.275768614780917361e-02 0.000000000000000000e+00 1.519476044970620165e-01 1.509659250632731584e-03 1.524451829648778567e-01 0.000000000000000000e+00
3.387130163357641999e-02 1.159215510520747866e-01 2.109470617976100595e-02 1.160078698833697658e-01 1.388969039507394754e-01 1.360020865555131853e-01 0.000000000000000000e+00 6.436576133769425501e-03 0.000000000000000000e+00 0.000000000000000000e+00 0.000000000000000000e+00 1.296896958828771262e-01 0.000000000000000000e+00 4.942175693185461155e-02 1.196565729203210790e-02 1.289763813124108517e-02 1.423902504073413511e-01 3.277213107905435630e-03 8.116297945807195158e-02 9.638133998721674922e-04
0.000000000000000000e+00 1.413674653650433544e-01 0.000000000000000000e+00 1.743224111391113995e-01 1.925499132191842155e-01 4.020664047704042982e-02 0.000000000000000000e+00 0.000000000000000000e+00 1.678664305078525834e-02 1.080447183003604844e-01 3.273771092076254580e-02 1.188585817053895016e-01 5.706056865288692409e-03 0.000000000000000000e+00 0.000000000000000000e+00 0.000000000000000000e+00 1.387521786171212468e-01 2.361153872066066445e-02 7.056141619252349201e-03 0.000000000000000000e+00
3.717344928375680181e-03 1.148830579461309065e-01 7.571522627937921947e-03 5.839805090909704760e-02 1.811967414825449985e-01 1.118862363689545752e-01 1.280432592869534467e-02 3.412545830951533438e-02 2.982909753148975732e-02 0.000000000000000000e+00 0.000000000000000000e+00 1.176960268219191391e-01 1.332934888971782153e-02 0.000000000000000000e+00 1.566716029238305607e-01 4.071960860952591327e-02 0.000000000000000000e+00 0.000000000000000000e+00 0.000000000000000000e+00 1.171715767222651083e-01
3.130306695108151394e-03 9.799238063749778072e-03 1.151779502278823045e-03 0.000000000000000000e+00 9.170991320487083265e-02 1.235194167239887925e-01 1.742833815652813922e-02 0.000000000000000000e+00 3.549994758969558795e-02 0.000000000000000000e+00 0.000000000000000000e+00 3.475284001520408811e-02 2.069684625253768173e-01 4.304665037289965440e-03 3.731774235004668011e-02 0.000000000000000000e+00 8.118116556350534960e-03 1.214670788073832081e-01 1.681331574579172095e-01 1.366989973142114789e-01
0.000000000000000000e+00 4.662850535100945826e-02 1.685969417322759952e-03 0.000000000000000000e+00 0.000000000000000000e+00 6.702824503173890336e-02 7.033403347030114938e-02 1.081317056864300186e-01 8.576415136257991428e-03 1.160698934274759057e-02 0.000000000000000000e+00 1.698635393860660481e-01 1.648112134016731234e-01 2.151562647680218144e-03 6.838450555098554186e-03 3.281986832413793468e-03 4.227973554069406475e-02 1.403196846157201971e-01 9.092441410385882980e-03 1.473695221744601991e-01
1.217891791552853237e-02 4.965548306659704758e-02 0.000000000000000000e+00 1.932778050995934416e-01 2.882487330371923812e-03 4.119635318127849721e-02 0.000000000000000000e+00 1.517618936059811352e-02 1.916512055863864028e-01 0.000000000000000000e+00 3.406586163070525041e-03 1.102673057495183739e-01 0.000000000000000000e+00 6.581080576911181590e-02 1.733339453998369029e-01 0.000000000000000000e+00 1.039466213963811773e-02 1.277753143774425226e-01 2.992938861027571399e-03 0.000000000000000000e+00
9.564255146812326858e-02 1.433906789187696651e-01 0.000000000000000000e+00 1.226781141082466525e-01 2.270226066303971182e-03 1.819858395744461121e-01 0.000000000000000000e+00 2.251913324415612261e-02 1.763608781166756123e-01 0.000000000000000000e+00 1.594515906045552989e-02 1.946929806961663900e-01 0.000000000000000000e+00 0.000000000000000000e+00 3.724052493655732876e-02 1.405543622567676648e-03 0.000000000000000000e+00 5.868370187531669370e-03 0.000000000000000000e+00 0.000000000000000000e+00
2.377120013719825897e-02 1.153579270567797188e-01 0.000000000000000000e+00 5.760828387860392197e-02 0.000000000000000000e+00 2.918813576826828626e-02 0.000000000000000000e+00 3.148840062956478544e-03 1.631866727545285556e-01 0.000000000000000000e+00 0.000000000000000000e+00 7.566389062205990980e-03 2.534335597685931710e-02 1.970527350488949503e-01 1.718296512330674264e-01 2.846262370730307661e-02 3.447440221457538471e-03 0.000000000000000000e+00 7.381789240239312530e-03 1.666549558516372542e-01
0.000000000000000000e+00 0.000000000000000000e+00 0.000000000000000000e+00 0.000000000000000000e+00 6.710076178655485779e-02 1.033067194581976933e-02 6.219151137801746249e-02 1.356015789790539772e-01 1.845738454616925595e-01 0.000000000000000000e+00 0.000000000000000000e+00 6.896241496713227670e-02 6.079006432062515619e-02 0.000000000000000000e+00 1.158648098730007646e-02 0.000000000000000000e+00 8.833899907676625793e-03 0.000000000000000000e+00 1.755220637327923328e-01 2.145067065333348955e-01
1.672435767227206105e-01 7.020543719903347968e-02 7.754896861241978613e-03 1.614835318321399633e-03 3.632365499122369029e-02 1.413352368455638997e-01 5.374122378914127085e-02 1.131148218321531007e-01 6.925080109025817665e-02 0.000000000000000000e+00 0.000000000000000000e+00 5.525826084580403447e-02 9.929070684102795155e-03 4.965278099372863463e-02 0.000000000000000000e+00 0.000000000000000000e+00 3.921260655229963366e-03 3.100516724701830873e-03 4.966976573978675036e-02 1.678838597069883254e-01
4.857434447476854066e-03 1.194180619340701049e-01 8.155874865118602213e-03 1.714327699052663537e-02 2.297282848316882509e-02 9.235976975609492406e-03 2.357613453543033408e-02 1.149210250959269153e-01 2.583619365382637881e-02 9.142759452628092254e-02 0.000000000000000000e+00 4.696244430593460306e-02 1.168837535571987662e-01 1.156831554359400403e-02 4.219950694420671056e-02 0.000000000000000000e+00 3.195062182642231883e-03 4.970592211023595539e-03 1.693024891372468532e-01 1.673734346107183246e-01
4.709669584961527662e-03 4.716621353587714671e-02 0.000000000000000000e+00 2.115125215125619740e-01 0.000000000000000000e+00 0.000000000000000000e+00 6.949893189906063140e-02 0.000000000000000000e+00 1.783194184368770419e-01 0.000000000000000000e+00 0.000000000000000000e+00 0.000000000000000000e+00 0.000000000000000000e+00 1.676744634099967268e-01 1.889214258257252976e-01 5.598620959569695216e-02 0.000000000000000000e+00 0.000000000000000000e+00 0.000000000000000000e+00 7.621114619924254652e-02
0.000000000000000000e+00 2.729139787310688389e-02 0.000000000000000000e+00 0.000000000000000000e+00 1.686050920234306028e-01 1.592175366081469978e-01 2.011463211023004419e-02 6.948917203076994398e-02 5.003614906300295900e-02 0.000000000000000000e+00 0.000000000000000000e+00 1.018815565836812820e-01 0.000000000000000000e+00 9.604475169182457445e-03 1.293985962885143941e-02 0.000000000000000000e+00 3.126951076285085923e-02 1.201516068488017903e-02 1.701953277434146428e-01 1.673401297184516912e-01
8.452092762130912484e-02 1.167674272677345498e-01 0.000000000000000000e+00 1.097172989508460872e-01 0.000000000000000000e+00 1.435452432375467491e-01 8.174682045101598626e-02 0.000000000000000000e+00 0.000000000000000000e+00 0.000000000000000000e+00 0.000000000000000000e+00 0.000000000000000000e+00 9.626070975313912037e-02 1.925240444674966925e-02 1.647776241057644919e-01 3.235955926041783615e-02 0.000000000000000000e+00 0.000000000000000000e+00 0.000000000000000000e+00 1.510519849054763886e-01
0.000000000000000000e+00 1.459608368230204956e-01 6.674411040988051380e-03 7.137197752011747998e-02 0.000000000000000000e+00 2.305398353632700723e-02 0.000000000000000000e+00 1.264652150799024100e-01 1.577871360176628379e-01 0.000000000000000000e+00 1.108972825979599036e-02 1.432932454484424911e-01 0.000000000000000000e+00 0.000000000000000000e+00 1.073939634077010485e-02 6.176669372492842036e-02 0.000000000000000000e+00 7.393684728780820781e-02 1.419883829333784819e-01 2.587214598685822278e-02
5.768174200791500311e-02 1.373962019246153243e-01 0.000000000000000000e+00 8.427308064484786976e-03 1.758418289989613012e-02 1.262195251841692900e-01 0.000000000000000000e+00 1.740764239042409244e-03 4.609027057880298733e-02 0.000000000000000000e+00 0.000000000000000000e+00 1.498736341883309675e-01 1.269846239730112458e-01 5.659835020594940896e-02 7.652398380229902611e-03 0.000000000000000000e+00 0.000000000000000000e+00 0.000000000000000000e+00 1.627049158170768561e-01 1.010460825364756787e-01
7.515961811710546170e-02 4.854081233827180902e-02 0.000000000000000000e+00 3.596873395344431668e-03 1.029563248033837745e-02 1.599799009317239562e-01 3.833639656557825265e-02 6.782425785530589446e-02 7.509777811408229267e-03 0.000000000000000000e+00 0.000000000000000000e+00 4.258517802533186465e-03 1.815446970121840919e-01 0.000000000000000000e+00 1.942502604784144757e-02 8.417902691091115608e-02 1.225858584087192588e-01 0.000000000000000000e+00 1.618301260192288316e-01 1.493347830350554538e-02
6.650844701259348013e-02 1.144871819261497198e-01 4.644218328875263091e-02 4.390808226735882364e-02 3.461720839335306887e-02 0.000000000000000000e+00 8.230139896058225046e-02 1.965024241062155938e-02 4.736813023317921340e-02 0.000000000000000000e+00 0.000000000000000000e+00 0.000000000000000000e+00 1.855331424100258308e-01 1.291672161301994637e-01 5.379258554768438783e-02 0.000000000000000000e+00 0.000000000000000000e+00 1.160882561849081382e-02 0.000000000000000000e+00 1.646153558010086948e-01
3.724438237200473293e-03 1.358027645781080817e-01 1.160908139924317524e-02 6.652651844647645973e-03 0.000000000000000000e+00 1.285647023163065672e-01 3.054178438665076240e-02 5.558872142981372000e-02 2.773662843750784868e-01 0.000000000000000000e+00 2.530848587463171030e-03 7.464345662367180556e-02 0.000000000000000000e+00 0.000000000000000000e+00 3.129686371971074355e-02 1.855021787887618583e-04 1.780476850538758871e-01 1.954510710675124666e-03 3.271214500784516699e-02 2.877855955092061338e-02
2.250693404612948492e-02 1.110539609202490230e-01 0.000000000000000000e+00 1.636530691109812641e-01 4.962851620811717379e-02 1.110672488668569963e-01 0.000000000000000000e+00 1.454336686528567291e-01 0.000000000000000000e+00 0.000000000000000000e+00 0.000000000000000000e+00 2.809342192538834618e-02 3.097514142081222218e-03 0.000000000000000000e+00 1.224022578486154422e-01 0.000000000000000000e+00 1.029223643004793659e-01 8.268190010904134801e-02 5.745914386920360217e-02 0.000000000000000000e+00
0.000000000000000000e+00 1.093667736839168958e-01 5.129670354772046525e-02 7.106333998413964792e-02 0.000000000000000000e+00 1.457685787934555853e-02 2.597572538989382888e-03 5.563170562357278894e-03 1.428084925402494654e-01 0.000000000000000000e+00 0.000000000000000000e+00 1.275055878382297669e-01 0.000000000000000000e+00 1.840827604387897110e-02 2.122251742957848020e-02 2.885469826730458279e-02 0.000000000000000000e+00 1.586215367149054756e-01 1.631831769873163529e-01 8.493129598206772268e-02
0.000000000000000000e+00 1.307211194684365640e-01 0.000000000000000000e+00 7.522675257202567772e-03 0.000000000000000000e+00 1.101111149212256335e-01 0.000000000000000000e+00 4.240643345865369174e-02 2.315056683123649026e-02 1.044663491280934916e-03 0.000000000000000000e+00 2.294847517645570434e-01 1.354472920817637212e-02 6.576767202333050344e-03 2.359809144314990378e-02 0.000000000000000000e+00 8.641258039649635236e-02 9.706721908096009599e-02 6.252992641101580429e-02 1.658293610652754879e-01
0.000000000000000000e+00 6.047707630016933844e-02 0.000000000000000000e+00 0.000000000000000000e+00 7.039200269388906812e-03 1.514107475576413064e-01 0.000000000000000000e+00 4.542816021494481410e-02 8.014839803455185360e-03 0.000000000000000000e+00 0.000000000000000000e+00 9.387901975161119794e-02 1.341131412109034526e-01 1.050585665850706091e-01 1.632668959650724338e-01 1.464566432792176708e-03 0.000000000000000000e+00 2.666776535035573700e-02 2.569935690899459793e-02 1.774806636496000511e-01
2.284835961007035399e-02 1.513183581129580457e-01 0.000000000000000000e+00 2.644448153797516327e-02 8.320144857332259503e-02 0.000000000000000000e+00 0.000000000000000000e+00 1.808961857693951736e-01 1.644748713483435987e-01 0.000000000000000000e+00 2.349656690258058317e-02 9.238270065344269741e-03 1.559877566412725021e-02 0.000000000000000000e+00 0.000000000000000000e+00 0.000000000000000000e+00 3.807499968543626850e-02 5.283775646035231144e-02 6.243842778091733547e-02 1.691314984891771345e-01
0.000000000000000000e+00 0.000000000000000000e+00 0.000000000000000000e+00 2.514572900920243256e-02 0.000000000000000000e+00 2.542896271638930838e-01 2.323748456414228072e-02 0.000000000000000000e+00 9.549220575429934188e-02 0.000000000000000000e+00 0.000000000000000000e+00 6.415569259169771887e-03 1.449304352072358082e-01 8.062958824873522889e-02 4.062497100026905839e-02 0.000000000000000000e+00 6.936676149166675666e-03 0.000000000000000000e+00 1.678337816766240775e-01 1.544639319672621303e-01
0.000000000000000000e+00 1.414153269304851794e-02 0.000000000000000000e+00 2.206485594414262820e-03 1.029227492732493338e-01 1.661495049062272356e-01 5.337696700156520369e-02 2.307602180368386463e-02 1.882883028068432496e-01 1.464275841952412862e-03 0.000000000000000000e+00 1.033536484015113582e-01 6.387479860151701327e-02 1.834839647291913430e-03 8.890612186762156255e-02 1.084028428429869174e-03 0.000000000000000000e+00 1.762908107322281454e-02 1.447161078186086358e-02 1.572200312775603737e-01
2.814557050743433583e-02 2.133342709535173132e-01 2.295530793569926925e-02 1.436715924625273089e-02 3.621177051107151573e-02 5.817100562751142089e-03 2.601952765131380907e-02 2.245464375466248441e-01 1.863753067157896959e-01 0.000000000000000000e+00 0.000000000000000000e+00 1.745232877967290569e-02 2.039609682763478260e-02 0.000000000000000000e+00 1.208443579830180761e-02 0.000000000000000000e+00 9.887313872783727586e-02 7.962949456464821218e-03 8.545859877963378481e-02 0.000000000000000000e+00
5.062365402209482827e-03 1.112439046520244529e-01 4.582237685761080155e-03 2.176930447848916123e-02 9.692949144183470034e-02 1.344402851728329906e-01 6.344837585915877320e-02 9.259426866207759454e-03 1.780604897811651766e-01 0.000000000000000000e+00 0.000000000000000000e+00 1.187438797081020840e-03 7.273622600984220275e-03 0.000000000000000000e+00 0.000000000000000000e+00 1.512829042815451094e-02 0.000000000000000000e+00 1.528813598346256408e-01 1.603238240044259910e-01 3.840958299504503015e-02
7.470653256329705567e-04 3.378692713846733614e-02 8.440050327378134307e-03 1.186859313393897608e-01 4.864863982055920438e-02 1.286746085341725077e-01 1.387361195431223160e-01 2.050574250747018434e-02 1.813506704537127256e-01 0.000000000000000000e+00 0.000000000000000000e+00 1.578342418394943977e-02 0.000000000000000000e+00 6.420909709322140946e-02 1.139245401835855750e-02 0.000000000000000000e+00 1.416089314508666153e-01 0.000000000000000000e+00 8.743033826369910055e-02 0.000000000000000000e+00
0.000000000000000000e+00 1.177168861500140634e-01 9.936143119934097434e-02 4.968189887910906544e-02 1.169660577961280784e-01 1.290069839113735795e-01 1.831297044010931144e-02 0.000000000000000000e+00 0.000000000000000000e+00 2.891591160760409104e-03 0.000000000000000000e+00 6.332811088001897258e-03 6.396631542370025125e-02 8.174641300896688667e-02 1.533979724830107638e-01 0.000000000000000000e+00 0.000000000000000000e+00 0.000000000000000000e+00 0.000000000000000000e+00 1.606186684594846648e-01
8.662930442979320522e-02 3.624499983639958844e-02 1.864812982103728617e-03 2.831429835595282093e-03 3.870971819298205802e-02 1.507518101031583013e-01 2.907984698850350595e-04 3.876452007287185114e-02 1.595790273144916671e-01 1.711454631491404060e-02 0.000000000000000000e+00 9.421388984483643203e-02 1.036218916380943905e-02 0.000000000000000000e+00 0.000000000000000000e+00 0.000000000000000000e+00 3.332387156306054060e-02 2.002512415350385377e-02 1.553748368682899006e-01 1.539191208543050637e-01
3.135348042612293943e-03 2.717098538743095704e-02 4.075732614123711572e-02 1.394702480508277220e-01 1.630296447537953330e-01 1.489460810091712897e-02 6.083868027876396245e-02 8.164724754988010591e-02 0.000000000000000000e+00 0.000000000000000000e+00 0.000000000000000000e+00 1.145788495692721259e-01 0.000000000000000000e+00 8.350685184955547458e-02 0.000000000000000000e+00 3.294241371823370540e-02 0.000000000000000000e+00 6.177754079023720091e-02 8.065295743562600483e-03 1.681849600236743902e-01
1.618491813194617227e-02 1.467146719910307484e-01 0.000000000000000000e+00 1.269976596700467253e-01 1.547794112737736205e-01 9.555668547982749950e-02 3.911206550421986172e-03 0.000000000000000000e+00 1.091275266286560221e-02 0.000000000000000000e+00 0.000000000000000000e+00 3.040920149866137637e-02 6.341593869548428630e-02 0.000000000000000000e+00 0.000000000000000000e+00 0.000000000000000000e+00 0.000000000000000000e+00 1.700642656647302908e-01 3.730817429921200884e-02 1.437451140819996365e-01
8.870016214156962173e-05 0.000000000000000000e+00 0.000000000000000000e+00 1.074906297515774642e-02 8.210466268095344133e-03 1.276808217844877524e-01 2.569257245188678179e-02 3.107927578669567384e-02 6.469217320908535185e-02 0.000000000000000000e+00 0.000000000000000000e+00 4.505974737086135273e-02 7.717906987333925106e-02 1.357065842008927659e-01 1.540118309323929568e-01 1.077667554709961645e-01 0.000000000000000000e+00 0.000000000000000000e+00 3.790924725987120797e-02 1.741736922540961241e-01
9.880197627391305859e-02 6.517218166722821282e-02 1.116137708604318934e-01 1.578444282404241296e-03 9.165338980160185958e-03 1.521074975818860753e-01 8.152822060363680567e-02 1.724749948476197170e-01 3.379871351873731111e-02 0.000000000000000000e+00 0.000000000000000000e+00 5.229876051312264823e-02 2.286967590647253842e-02 2.462251769114921860e-03 0.000000000000000000e+00 2.873250291239215146e-02 5.931610885211079098e-02 2.446388638486244813e-02 0.000000000000000000e+00 8.361567504590705635e-02
0.000000000000000000e+00 9.278971244566057300e-04 3.546922299498741354e-02 0.000000000000000000e+00 4.384512727432633705e-02 0.000000000000000000e+00 0.000000000000000000e+00 2.159955759884257254e-01 2.177077534287899518e-01 0.000000000000000000e+00 0.000000000000000000e+00 3.801147438827772590e-02 0.000000000000000000e+00 0.000000000000000000e+00 1.124527838577560335e-02 0.000000000000000000e+00 1.887889334017940970e-02 2.522990101458352091e-02 2.065692208478733527e-01 1.861196552123242642e-01
0.000000000000000000e+00 2.272993927466203656e-01 1.423934248430651361e-01 2.797612012594084818e-02 2.188719831328659812e-02 1.878401603002188835e-02 8.897876903158589978e-02 6.386156028749361002e-02 9.943835109032874570e-03 0.000000000000000000e+00 0.000000000000000000e+00 7.493772929712620712e-02 1.232389689176330294e-01 0.000000000000000000e+00 2.900514239562421853e-03 0.000000000000000000e+00 1.512142964408124401e-01 2.341746606038445141e-03 3.765156389958173450e-02 6.590864112198610743e-03
2.145754491499216911e-03 3.079295882505763207e-02 1.368010976511288557e-02 5.212760405858316709e-02 2.218397677759156306e-01 1.332293585429422667e-01 1.001484411366588556e-01 0.000000000000000000e+00 3.156582651179248855e-02 0.000000000000000000e+00 0.000000000000000000e+00 1.447148835473915061e-02 1.556306743434675288e-03 6.288286908585466982e-03 7.816241087308165719e-03 8.475628554845471892e-04 3.835773551401031045e-02 1.591431916384986045e-01 1.528962407955943015e-01 3.309312499478265363e-02
1.005258057100483216e-02 0.000000000000000000e+00 0.000000000000000000e+00 3.162817847107623342e-02 1.145818723252599834e-02 1.233330920308715745e-01 6.852125579711267067e-02 1.630963483484246523e-01 2.245241061759785939e-01 1.432275012605636888e-02 6.132726453204120085e-04 1.651861695312994635e-02 0.000000000000000000e+00 1.083397790423613338e-01 5.900017488729505238e-02 0.000000000000000000e+00 1.656265382131568431e-01 0.000000000000000000e+00 2.965119505685380290e-03 0.000000000000000000e+00
1.211575137923590617e-01 4.971595029389696933e-03 5.525296060725763680e-03 0.000000000000000000e+00 9.743255871348364960e-02 2.401434257989971954e-02 1.121167690444755810e-01 0.000000000000000000e+00 2.580235057590521408e-01 1.837088841839280146e-02 0.000000000000000000e+00 3.492375534114320473e-02 1.664730393625991900e-02 4.878395988304557590e-02 0.000000000000000000e+00 0.000000000000000000e+00 0.000000000000000000e+00 0.000000000000000000e+00 9.733361043243111965e-02 1.606989010093418102e-01
0.000000000000000000e+00 3.117531187193055622e-02 7.152755972445447308e-03 6.056686638939266787e-02 2.237579530500153346e-01 2.389262595512464948e-01 0.000000000000000000e+00 1.341301266440184624e-02 2.102118863919123087e-02 0.000000000000000000e+00 0.000000000000000000e+00 8.197333554955931259e-03 0.000000000000000000e+00 6.825324370425869466e-03 1.429564152185546777e-01 6.205147337620038617e-02 9.013046625356598007e-02 2.233078896301154970e-02 5.779857935876878822e-02 1.369627076589325157e-02
3.181020524474941630e-02 1.399267986276738762e-01 3.397933160489869514e-02 1.294591044276690861e-01 6.998904364470500024e-03 1.168587774491696152e-01 0.000000000000000000e+00 2.684116965114731815e-02 6.882554488227118905e-02 0.000000000000000000e+00 0.000000000000000000e+00 0.000000000000000000e+00 1.349255485570668711e-01 1.483592323306179572e-01 0.000000000000000000e+00 1.235874877202938760e-02 1.454499349911615724e-01 2.008932582674798767e-03 3.580147890386228826e-04 1.839751725361209395e-03
0.000000000000000000e+00 3.782480376974407810e-02 9.741423032370344392e-04 4.436271562456788747e-02 2.820013149350086845e-01 1.454501490442761114e-01 1.084308636590332678e-02 2.663258542823781962e-03 3.639081947544967055e-02 0.000000000000000000e+00 0.000000000000000000e+00 8.233531826289530731e-02 0.000000000000000000e+00 7.831610723994675283e-02 6.635774043188060432e-03 2.077202732171563610e-03 0.000000000000000000e+00 0.000000000000000000e+00 1.506228336502357379e-01 1.195024740105518207e-01
