2.408254423676404587e-03 2.761933728480396241e-02 1.385690659758207488e-01 7.277963981134246687e-04 2.519492231058280060e-02 4.906673417965156693e-03 1.396703910601226339e-01 7.775167692723743140e-02 0.000000000000000000e+00 0.000000000000000000e+00 0.000000000000000000e+00 5.907312994312281101e-02 0.000000000000000000e+00 8.918145504102649099e-03 1.226203815561650728e-01 0.000000000000000000e+00 6.631314770525946478e-02 1.339523229469115617e-01 2.318927424774962914e-02 3.883497058514844089e-03 6.840371408980555623e-04 0.000000000000000000e+00 0.000000000000000000e+00 1.251219627449840117e-02 1.520057498244549721e-01
1.335137966866604964e-01 8.304145500407546232e-02 0.000000000000000000e+00 0.000000000000000000e+00 1.757714939654075048e-01 0.000000000000000000e+00 3.724539098441794621e-02 0.000000000000000000e+00 0.000000000000000000e+00 0.000000000000000000e+00 0.000000000000000000e+00 0.000000000000000000e+00 7.914086043667720172e-02 0.000000000000000000e+00 1.590974065267467541e-01 0.000000000000000000e+00 1.140011431308558948e-01 3.000313610450165355e-02 0.000000000000000000e+00 0.000000000000000000e+00 1.300725737844832079e-02 0.000000000000000000e+00 0.000000000000000000e+00 1.751780597822087948e-01 0.000000000000000000e+00
1.524757511443510134e-02 7.344692569339890398e-02 1.671634194015691743e-01 0.000000000000000000e+00 0.000000000000000000e+00 0.000000000000000000e+00 8.943360783151808879e-02 9.653187915900703076e-02 0.000000000000000000e+00 8.462867363121384309e-03 0.000000000000000000e+00 1.619950652494318855e-02 0.000000000000000000e+00 2.686608971368550924e-02 2.303033775575616116e-01 0.000000000000000000e+00 0.000000000000000000e+00 4.574590893148059584e-02 0.000000000000000000e+00 1.129559313889232225e-01 0.000000000000000000e+00 2.146912659240612226e-02 0.000000000000000000e+00 9.617378472795004574e-02 0.000000000000000000e+00
0.000000000000000000e+00 9.432886539556798247e-03 0.000000000000000000e+00 0.000000000000000000e+00 5.040334413354474741e-02 0.000000000000000000e+00 0.000000000000000000e+00 1.430120990923483826e-01 6.875623879642506209e-02 1.787406243708329276e-02 0.000000000000000000e+00 2.559776594056297205e-01 0.000000000000000000e+00 0.000000000000000000e+00 1.229555914399787647e-01 5.645622825455323332e-03 0.000000000000000000e+00 0.000000000000000000e+00 2.119303678753936548e-02 2.478209609393794421e-02 0.000000000000000000e+00 1.025467553591924083e-02 0.000000000000000000e+00 1.652901847319215023e-01 1.044225021806598347e-01
0.000000000000000000e+00 0.000000000000000000e+00 4.723249297491217101e-03 0.000000000000000000e+00 8.649216713788203392e-02 2.918147545140774811e-03 1.294879614795373668e-01 1.541700463208472982e-01 2.715063085267839862e-02 1.026359776878600499e-01 0.000000000000000000e+00 1.556520674033402829e-01 0.000000000000000000e+00 0.000000000000000000e+00 3.425667982950648949e-02 0.000000000000000000e+00 2.069662588127967745e-02 1.633090284812878379e-02 0.000000000000000000e+00 0.000000000000000000e+00 1.135708253192558789e-02 8.897400683278317013e-02 2.695728257762843288e-03 1.624587260938361033e-01 0.000000000000000000e+00
0.000000000000000000e+00 2.120330044277740286e-02 1.998242891372861013e-02 0.000000000000000000e+00 1.156381917070626597e-01 0.000000000000000000e+00 1.549045996486167753e-01 2.049983968356671946e-02 0.000000000000000000e+00 2.197336377808596988e-02 0.000000000000000000e+00 0.000000000000000000e+00 0.000000000000000000e+00 0.000000000000000000e+00 1.441538740801719676e-01 9.337241511909061265e-02 9.767846873937812910e-03 1.578172653387476254e-01 0.000000000000000000e+00 3.031801589196700397e-02 0.000000000000000000e+00 1.861683460110998348e-02 1.545421252158849998e-02 1.762978113995483098e-01 0.000000000000000000e+00
0.000000000000000000e+00 1.693206490761641966e-02 1.505045507008393180e-01 1.105672453847676186e-02 1.861309509092488601e-01 0.000000000000000000e+00 6.537046384342504179e-02 5.377126723833563701e-03 0.000000000000000000e+00 7.001766856248742028e-04 0.000000000000000000e+00 0.000000000000000000e+00 1.102469668459549190e-01 0.000000000000000000e+00 1.640443052004333102e-01 0.000000000000000000e+00 6.791140884373614295e-02 0.000000000000000000e+00 0.000000000000000000e+00 0.000000000000000000e+00 0.000000000000000000e+00 0.000000000000000000e+00 0.000000000000000000e+00 1.961655808135247814e-01 2.555967998728597007e-02
0.000000000000000000e+00 0.000000000000000000e+00 1.192218196200413027e-01 0.000000000000000000e+00 1.309891689924392033e-01 0.000000000000000000e+00 1.231562374494234342e-02 1.203609303114864248e-01 3.199680733453722555e-03 4.503388179472606750e-02 0.000000000000000000e+00 6.043013141958524653e-03 0.000000000000000000e+00 0.000000000000000000e+00 1.613838106944571749e-01 0.000000000000000000e+00 3.096472472666249656e-02 4.102651983709008909e-03 2.353206080958855986e-03 0.000000000000000000e+00 0.000000000000000000e+00 1.223981580674241149e-01 2.873556031091330926e-02 1.310843196246619657e-01 8.181345017216544446e-02
3.605288748130074106e-02 8.341367087808368441e-02 1.695936923480716174e-01 1.657038436486370919e-02 2.392707988068836777e-01 0.000000000000000000e+00 4.806884314190944252e-02 1.582819011112358842e-01 2.484878695220281083e-02 0.000000000000000000e+00 0.000000000000000000e+00 3.247232814507584192e-02 0.000000000000000000e+00 0.000000000000000000e+00 0.000000000000000000e+00 0.000000000000000000e+00 0.000000000000000000e+00 2.008526816769160700e-02 0.000000000000000000e+00 0.000000000000000000e+00 1.445420565190210166e-03 4.700664017941673552e-03 1.639165256941382820e-02 1.488037014501352728e-01 0.000000000000000000e+00
2.045872771672853363e-02 0.000000000000000000e+00 3.961170088731449240e-02 0.000000000000000000e+00 1.259455000554196291e-01 1.549260758077846030e-02 2.161616427997347101e-01 2.999901753116178058e-02 7.187050024848790075e-03 0.000000000000000000e+00 0.000000000000000000e+00 1.076759878823480288e-01 4.634464420468018507e-03 5.401018725783099036e-03 3.589933122271105059e-02 1.755849263165397064e-02 2.855266338681613364e-02 3.324560420354159135e-02 0.000000000000000000e+00 0.000000000000000000e+00 2.610783308643645911e-02 1.156546328650094463e-01 4.199159385941993866e-02 9.764492446221860467e-02 3.077720665760725130e-02
0.000000000000000000e+00 6.541488537425117246e-03 1.683689218742673022e-01 0.000000000000000000e+00 1.015183530526672512e-01 5.041073857472842118e-02 9.588176507419921002e-02 1.493909776791393640e-01 5.575712227689798295e-02 0.000000000000000000e+00 0.000000000000000000e+00 1.217591690029403984e-01 0.000000000000000000e+00 0.000000000000000000e+00 1.148054689404514328e-01 0.000000000000000000e+00 1.361088552067766383e-02 0.000000000000000000e+00 1.938399497655145590e-02 1.795249297149015093e-03 0.000000000000000000e+00 0.000000000000000000e+00 6.044150109250366436e-03 2.204400242021120181e-03 9.252731484163378983e-02
0.000000000000000000e+00 0.000000000000000000e+00 1.177280968429566810e-01 0.000000000000000000e+00 1.567456762921031754e-01 0.000000000000000000e+00 2.231240155005408121e-01 1.415672470344375988e-01 0.000000000000000000e+00 1.388273960726549511e-03 0.000000000000000000e+00 0.000000000000000000e+00 0.000000000000000000e+00 0.000000000000000000e+00 8.066541009177455313e-02 1.656446662644977738e-02 0.000000000000000000e+00 0.000000000000000000e+00 1.793588630782242677e-01 0.000000000000000000e+00 0.000000000000000000e+00 1.707773719143157801e-02 0.000000000000000000e+00 0.000000000000000000e+00 6.578021338135504881e-02
0.000000000000000000e+00 0.000000000000000000e+00 1.226438895587406847e-01 4.386154809268578980e-02 3.129160309846488325e-02 0.000000000000000000e+00 4.152391901596495100e-02 1.090839645360496546e-01 1.782937544289405971e-02 0.000000000000000000e+00 0.000000000000000000e+00 0.000000000000000000e+00 0.000000000000000000e+00 0.000000000000000000e+00 0.000000000000000000e+00 2.226552693844820185e-02 0.000000000000000000e+00 3.561526912858259397e-02 1.799678039710953525e-01 0.000000000000000000e+00 2.275886305947355526e-02 1.135919006153151140e-01 9.315924726319881055e-02 1.073236260594599874e-02 1.556747266731402790e-01
0.000000000000000000e+00 0.000000000000000000e+00 0.000000000000000000e+00 5.912128970140416440e-02 1.998448255825628628e-01 0.000000000000000000e+00 1.247253896651153021e-01 0.000000000000000000e+00 0.000000000000000000e+00 5.282177674700884451e-02 0.000000000000000000e+00 5.477286505774602715e-02 0.000000000000000000e+00 0.000000000000000000e+00 1.109842052716058791e-01 0.000000000000000000e+00 0.000000000000000000e+00 1.960187302587506133e-02 0.000000000000000000e+00 0.000000000000000000e+00 1.318338033674532617e-01 0.000000000000000000e+00 4.430661320280651627e-02 1.480379610522450026e-02 1.871835622731975457e-01
0.000000000000000000e+00 4.807390237165715813e-03 1.600227641692454350e-01 0.000000000000000000e+00 3.354355209570777235e-03 6.509583166979851510e-02 1.114726247341315396e-01 0.000000000000000000e+00 0.000000000000000000e+00 0.000000000000000000e+00 0.000000000000000000e+00 1.562349473069156169e-01 1.207295432844200239e-01 0.000000000000000000e+00 1.103840272502038845e-02 2.063566567231055540e-02 0.000000000000000000e+00 8.060174308389921050e-03 3.917126821450561593e-04 0.000000000000000000e+00 0.000000000000000000e+00 6.726694371531227734e-02 7.697511945668911865e-03 1.612674922193184923e-01 1.019246401205866903e-01
0.000000000000000000e+00 0.000000000000000000e+00 9.397383065565470539e-02 7.344331492859231675e-03 6.113922540955354229e-02 0.000000000000000000e+00 1.686925445589477768e-01 1.144241612918917017e-01 1.167516850852526843e-02 0.000000000000000000e+00 0.000000000000000000e+00 2.404219729912801182e-02 0.000000000000000000e+00 0.000000000000000000e+00 1.960528016747945662e-02 0.000000000000000000e+00 0.000000000000000000e+00 7.300163718491891988e-03 1.465769423592259979e-01 0.000000000000000000e+00 0.000000000000000000e+00 9.168637194935264079e-02 1.655826724333703259e-01 1.214595165677631768e-02 7.581115849874324464e-02
0.000000000000000000e+00 0.000000000000000000e+00 1.589885632593265041e-01 0.000000000000000000e+00 1.713100121433341894e-01 0.000000000000000000e+00 0.000000000000000000e+00 0.000000000000000000e+00 0.000000000000000000e+00 0.000000000000000000e+00 0.000000000000000000e+00 4.263414872266017841e-02 0.000000000000000000e+00 1.632689460292060385e-02 1.763659230529756594e-01 0.000000000000000000e+00 2.132658583623422976e-01 1.495579334045827637e-02 1.888100977612677811e-01 1.975565817126542518e-03 0.000000000000000000e+00 1.536714293758800060e-02 0.000000000000000000e+00 0.000000000000000000e+00 0.000000000000000000e+00
8.740987911692409129e-02 3.552026076908215702e-02 5.146823697418652366e-02 3.570344850025966577e-02 3.848382861625114504e-02 0.000000000000000000e+00 2.531765591843652130e-01 1.598653215970723407e-01 0.000000000000000000e+00 8.718926782107516010e-03 0.000000000000000000e+00 3.773111383699606809e-03 0.000000000000000000e+00 3.780245028517377590e-04 3.604649434959118770e-02 0.000000000000000000e+00 0.000000000000000000e+00 4.223009948196085675e-03 1.441142510235128849e-01 7.674475610470772070e-03 0.000000000000000000e+00 1.330828878480705690e-01 0.000000000000000000e+00 0.000000000000000000e+00 3.612837933584195447e-04
9.767299192550375764e-02 3.080652841781942024e-03 7.503993092653285513e-02 0.000000000000000000e+00 1.165045666720124773e-01 6.057930172453171100e-03 5.970497098286031007e-02 5.971236872501309301e-02 0.000000000000000000e+00 0.000000000000000000e+00 0.000000000000000000e+00 2.232680192830887016e-03 0.000000000000000000e+00 0.000000000000000000e+00 2.727799904251786423e-01 0.000000000000000000e+00 0.000000000000000000e+00 2.268482059421304733e-03 1.972140981628671408e-03 0.000000000000000000e+00 1.114067387496225081e-01 7.107497962204527807e-03 9.386275682055260708e-03 2.137611496248215462e-02 1.536966667384184193e-01
3.749161005016772876e-06 0.000000000000000000e+00 1.419527573666521936e-01 0.000000000000000000e+00 3.772071218799955689e-02 5.549813365971604379e-02 1.526491100688945508e-02 5.161246637130573536e-03 1.707063135188069403e-02 5.159914247989118991e-02 0.000000000000000000e+00 1.496795841937059168e-01 3.762788581193298332e-03 0.000000000000000000e+00 1.401551661534700677e-01 0.000000000000000000e+00 3.116936705420285045e-02 1.577251444094065758e-01 6.316299778379432135e-03 0.000000000000000000e+00 1.228433511745130255e-02 0.000000000000000000e+00 7.807539634500277898e-04 1.837470949409708522e-03 1.720178059481661526e-01
