0.000000000000000000e+00 1.854600373018759352e-01 1.608091130337864494e-02 1.276508841330729616e-01 1.568909849370558329e-01 1.932956494223583843e-02 9.996763095928275222e-02 2.270795627559108604e-02 0.000000000000000000e+00 0.000000000000000000e+00 0.000000000000000000e+00 5.779549895071446793e-03 1.221070278951788849e-03 2.782078417762358022e-03 2.499922377508142016e-02 1.612815877296903955e-02 0.000000000000000000e+00 3.240675715684449010e-02 1.896838150138485946e-01 9.891137683697776017e-02
1.203233280422909834e-01 4.472110564062830793e-03 0.000000000000000000e+00 1.685953979180676229e-02 7.593505697722680026e-02 2.399971829528742620e-02 0.000000000000000000e+00 0.000000000000000000e+00 1.743167142308873485e-01 1.253416817083458958e-02 1.690764282704127625e-02 1.209988214012040347e-01 7.121659383791957218e-03 9.256360406211779079e-02 2.396678751868664553e-02 2.830802895193954352e-02 1.207869351382609251e-02 1.272099095143616188e-01 2.497846368887540920e-03 1.399063703857467977e-01
0.000000000000000000e+00 1.106899303289063247e-01 1.326578278485359974e-01 2.721228838702821964e-02 1.092613395794881648e-01 4.353931897429349357e-02 5.626714852970451236e-02 2.224381013096372317e-01 1.426158236692560144e-01 0.000000000000000000e+00 1.449404807972048265e-03 0.000000000000000000e+00 0.000000000000000000e+00 0.000000000000000000e+00 7.129815686127614210e-03 0.000000000000000000e+00 0.000000000000000000e+00 1.329232637184492305e-03 5.492360102413652162e-03 1.399174081394522762e-01
3.383095290684257767e-02 3.371916921114340160e-02 1.279718976709593448e-01 1.252881405194083697e-01 3.879037811700469969e-03 8.990143798601556158e-02 1.255970135536911905e-02 6.022133152024134600e-02 1.299840809143305020e-01 4.452655739053919867e-04 4.691121059582704683e-04 4.767051533413707749e-03 0.000000000000000000e+00 0.000000000000000000e+00 2.475200939241587166e-03 6.034488564076847042e-03 1.517744449048279154e-02 1.137432761079073956e-01 1.362814334821999263e-01 1.032509773068034653e-01
6.610144235905946993e-04 2.739413593841717384e-02 3.783558987311586019e-02 1.858003630616246113e-02 6.711364540040830329e-02 1.304759808577793945e-01 5.679110318948746988e-03 2.358191314134450156e-01 0.000000000000000000e+00 1.532249679962441671e-02 1.464152148658828551e-03 1.474659475548583676e-01 2.507900310597348161e-03 4.817492210053202738e-03 6.617052599471224834e-04 0.000000000000000000e+00 8.370166527994514494e-03 9.286431773121520952e-04 1.555935856796030470e-01 1.393092657994834671e-01
1.465738637595295213e-01 3.706426887307415902e-02 0.000000000000000000e+00 1.630172293426231378e-01 1.687254723004075196e-01 1.430177456161380867e-01 2.916756388087370436e-02 5.603055868450638327e-02 1.492056729060420028e-01 0.000000000000000000e+00 1.966915212543863048e-02 2.352508272094535474e-02 1.636144832693188457e-04 1.255355001430260306e-05 9.948372707700493291e-04 5.057466708301857315e-03 2.609270353525813130e-02 2.165516076785681688e-03 6.025775454688769850e-03 2.349092271133346177e-02
6.904855707743438875e-02 8.940985878341063675e-02 0.000000000000000000e+00 5.854551741881016541e-02 7.015915680995631065e-02 1.340224933451391875e-01 0.000000000000000000e+00 0.000000000000000000e+00 1.146101012572004335e-01 0.000000000000000000e+00 0.000000000000000000e+00 6.015007782342955689e-02 3.960640488305459256e-02 1.088734269573118085e-01 1.122604267355180874e-01 2.844424552562085234e-02 1.804266657011459676e-03 1.583876482417130235e-02 0.000000000000000000e+00 9.722670190193113959e-02
1.055352291142694701e-02 1.476572945339442444e-01 1.415492376488153570e-01 2.034809757146065906e-02 1.434508141985884055e-01 1.448066367305589630e-01 3.215910559851407088e-04 1.236301743851436347e-01 7.312194517769468084e-03 2.073237277536745665e-02 5.360936341664222261e-03 3.889420011643783537e-02 1.043393647343877906e-02 0.000000000000000000e+00 7.145659340571151527e-03 1.064818259219792477e-03 7.579364041818994341e-03 2.218257367591415508e-02 1.459783430896292034e-01 9.982323322456632120e-04
8.768947611447714535e-03 9.908059271384507538e-02 4.978123983721504525e-03 2.174465540859013557e-01 3.142745011126054505e-02 1.763883794630295432e-01 7.999111964701456461e-04 1.152745292869864768e-01 7.835548755743863229e-04 4.992765435813259489e-02 0.000000000000000000e+00 8.013910797454817936e-02 3.468135205801923387e-02 1.292941526754692524e-02 3.377312688544797719e-04 2.435389917120758273e-05 6.735230694018910953e-03 1.490608631035058793e-02 1.315170322729391772e-01 1.385399256818186514e-02
0.000000000000000000e+00 1.712228454032703462e-01 0.000000000000000000e+00 2.477478532832015912e-01 1.525432460809000301e-01 5.051683434593825725e-03 0.000000000000000000e+00 2.950838861813094224e-02 6.544295161860608570e-03 0.000000000000000000e+00 4.831272193957078867e-03 4.747006795679040853e-02 3.792830791405763652e-02 1.285341104723478067e-01 5.119258354069670079e-03 1.365902322039551711e-03 6.666989460073027320e-04 0.000000000000000000e+00 8.965951342856829731e-04 1.605694747244877096e-01
0.000000000000000000e+00 7.489234275063733071e-02 1.489422915397730285e-03 1.215468165171198073e-01 1.334464600743477669e-01 8.766966401192659991e-03 1.327195997530477567e-01 2.282736198123950025e-02 1.444467881135638454e-01 0.000000000000000000e+00 1.935398270651124408e-03 1.488594389426405595e-01 0.000000000000000000e+00 4.976265627254665208e-04 2.922797627848560450e-03 6.707420579068037840e-03 1.014825295876219807e-02 1.155898898135043068e-01 6.738076697874191556e-02 5.822649759511475467e-03
1.135802319547859901e-01 4.130648899289442871e-02 1.076600491863089100e-02 0.000000000000000000e+00 9.192661937116423931e-03 7.666918998381083705e-02 0.000000000000000000e+00 1.326856904910078960e-01 5.893335038635716394e-02 0.000000000000000000e+00 0.000000000000000000e+00 1.720589342211113759e-01 6.359488190478514852e-03 6.704109888704937528e-03 2.466461671415157153e-02 9.363176035404611525e-06 1.396955724730535205e-02 1.336138285693301841e-01 3.322212603708764311e-02 1.662643572911916001e-01
1.337476896599830987e-04 1.409564091044721024e-02 1.265447040156842968e-03 1.346328766933587440e-01 7.258060319089779111e-02 1.139481529320854336e-01 1.337728564163855743e-02 4.865613340599714287e-02 1.696026168669020062e-01 7.384046006241614009e-03 7.060757815114588644e-03 1.779591605591447634e-01 7.487063289756712425e-02 5.324090558328801320e-02 2.850118641966669503e-02 1.045307947998003022e-02 3.495240468176234044e-02 0.000000000000000000e+00 8.154445269124876647e-03 2.913087691696620782e-02
1.469251856938000866e-01 1.799895958371910132e-01 8.102470726282566494e-04 1.303186149492007728e-01 9.567747443430160356e-03 1.988758756865850186e-01 7.956422790485020990e-02 4.455499333090612996e-02 0.000000000000000000e+00 0.000000000000000000e+00 0.000000000000000000e+00 6.165863730115569985e-02 9.563496089619680229e-02 0.000000000000000000e+00 0.000000000000000000e+00 1.641128223495986679e-02 7.015558598378792560e-03 2.800773797397097808e-02 0.000000000000000000e+00 6.653350767460640110e-04
1.199384461228722790e-02 2.392607803652184451e-02 2.084390699167184072e-02 1.558668534558895272e-02 1.484502218433652113e-02 3.030465491022866706e-02 1.615183164681706363e-02 2.392881928858758278e-01 1.439716972049901733e-01 1.660779826602179314e-03 7.434304846310496148e-06 1.469383665659835525e-01 8.583318652449180991e-03 2.490456905555447215e-02 1.234889403288582377e-01 1.970677260452400204e-03 0.000000000000000000e+00 3.254073579396964989e-03 2.999476202912406894e-02 1.422851645784146135e-01
1.024338786435593715e-02 8.157839208920672491e-02 0.000000000000000000e+00 1.185510219801827331e-01 1.535032889919239196e-01 1.256174995499608101e-02 0.000000000000000000e+00 3.022852699339320312e-02 5.620391219648762475e-03 4.636668614376420437e-03 1.261607166499003306e-02 1.423036666346316481e-01 7.181184125877626556e-02 1.464992967928768763e-01 1.151888280865140390e-01 0.000000000000000000e+00 0.000000000000000000e+00 5.781999197832510262e-02 1.910793492743265848e-02 1.772894094836956203e-02
8.165656311107635790e-02 0.000000000000000000e+00 3.984466912767565400e-02 1.012610659974373488e-02 1.870414060198687389e-01 1.476074205072486767e-01 6.425887453590789500e-02 1.334664052882639784e-01 1.341238016955595413e-01 5.255491281041133229e-03 0.000000000000000000e+00 1.161811948245366870e-02 0.000000000000000000e+00 0.000000000000000000e+00 1.454411065279055497e-02 2.759448567668584731e-03 1.834876216946690342e-02 0.000000000000000000e+00 1.124526048004805129e-01 3.689621616075400290e-02
6.471996329179097000e-03 1.623915328996564100e-02 0.000000000000000000e+00 8.325210406636046655e-04 4.160087508638903378e-03 1.158582452859734796e-02 1.165243951274814171e-01 5.487341691230479546e-02 1.465181181817176888e-02 8.715264328116955825e-03 2.289361302310719687e-02 2.096870679841924823e-01 9.558348494568771891e-02 8.380929169395941181e-02 2.582046072415037676e-03 2.801998656614996738e-02 1.505606751452281261e-02 8.259319011704960994e-03 1.406908396722118815e-01 1.593638126329290083e-01
6.912489683386993655e-03 3.329218641426089781e-02 3.360147111575399921e-03 2.322029238323694289e-01 1.246980755527562872e-02 8.757150477537105349e-03 5.845306345965444426e-03 1.292225364225792249e-03 2.312673777566024713e-01 4.802134674342912676e-03 2.497248926246132834e-03 5.948271164882196205e-02 1.964966587214973977e-03 0.000000000000000000e+00 1.152659347492380332e-01 5.286925709101769622e-02 0.000000000000000000e+00 1.267764870658916743e-01 6.586921444916828995e-03 9.435472327111063540e-02
2.857332665669934510e-04 1.383923760241848322e-01 2.598812884547608767e-02 0.000000000000000000e+00 2.192182949711112550e-01 4.446074409522186160e-02 1.414726638461789310e-01 9.495217867585965810e-02 1.590809889787780235e-02 0.000000000000000000e+00 0.000000000000000000e+00 3.658360685909647220e-02 8.689185767743262678e-02 6.023028760503096844e-03 2.915360987756524663e-03 2.602284864170215269e-03 0.000000000000000000e+00 0.000000000000000000e+00 2.728068491941504012e-02 1.570249573091487549e-01
2.039018011775927536e-02 1.349038859143647795e-01 0.000000000000000000e+00 6.964276828064226276e-04 2.094811785263334114e-02 3.094168223753563426e-03 1.291349159969598344e-03 4.006670603851988227e-02 1.615558112706180771e-01 1.441977647855578575e-02 1.818714392356604939e-02 2.283860039934920982e-01 0.000000000000000000e+00 1.355721936456973087e-01 4.607241189019659067e-02 2.456608032869585234e-02 0.000000000000000000e+00 7.437943945227590455e-03 2.452043884417911407e-03 1.399597556497258755e-01
8.792502518246501919e-02 4.542388277553035397e-02 0.000000000000000000e+00 1.350878743841529839e-01 8.668384920441288624e-03 0.000000000000000000e+00 0.000000000000000000e+00 3.444703692647680532e-02 1.461654447032511295e-01 4.898180743194827103e-03 1.363868284406314756e-03 1.441670324960868665e-01 9.807039883475339795e-03 5.250201875872847687e-03 4.588967602879471391e-03 1.983523041585102953e-02 0.000000000000000000e+00 5.643147263776027156e-02 2.777719425748581550e-02 2.681631629106697168e-01
0.000000000000000000e+00 6.715810423396605111e-02 1.505703975785246118e-01 9.443177266877521292e-02 7.686753764293676253e-03 0.000000000000000000e+00 3.020830517582607806e-03 3.896383124206972970e-02 1.237424249869010784e-01 9.952014066074104867e-03 5.719455239649816509e-03 1.840199851003396919e-02 0.000000000000000000e+00 1.235561623922232927e-01 0.000000000000000000e+00 1.187482573806573211e-02 0.000000000000000000e+00 8.697152915715541943e-02 1.464193805977961893e-01 1.115305193068886341e-01
0.000000000000000000e+00 1.926301593461267336e-01 1.396018192050877717e-02 3.384943235747808060e-02 3.209363973656911145e-02 2.109826191619311453e-01 7.177444838859312580e-03 5.351949025425516149e-02 8.649632703286494473e-02 8.125173829198512228e-04 2.681122139308096284e-04 6.935159365665105602e-02 4.758632144589127616e-03 7.182759311479710012e-04 4.864882174833412131e-04 2.539929140552821783e-03 0.000000000000000000e+00 0.000000000000000000e+00 1.076910158504737897e-01 1.826641408136580602e-01
6.427609150599585680e-03 1.180230816858690718e-01 1.155593823763956425e-02 2.742034772227244441e-02 1.791908234191991744e-01 1.024544793015630048e-02 1.839881843913186710e-01 1.586201518514518960e-01 3.240516411922760021e-02 2.138176626104050168e-02 0.000000000000000000e+00 2.589062907276054940e-02 1.668808181769387985e-04 3.576960602498065883e-02 2.105445251590801897e-02 1.460336619501524831e-02 0.000000000000000000e+00 2.782069824114615821e-03 8.779490869453631524e-03 1.416949899108156108e-01
1.871847704009285129e-01 1.935207314615617138e-02 1.125086902889015500e-01 5.773953161375829785e-02 2.111124792502939648e-02 2.767110984287951200e-02 3.131820169536407485e-03 4.504212605302926331e-03 7.931173845862056482e-02 2.734608734473247330e-03 4.033460347112977247e-03 3.042991573584126128e-02 1.014660309910381253e-02 1.450027406150104226e-01 3.845046192210194863e-02 6.993616964920693069e-02 1.221463118007928492e-02 5.537704528041431651e-02 7.264855563242442194e-02 4.651061335311815204e-02
9.687648784983683399e-05 9.943466365960189346e-02 0.000000000000000000e+00 1.151257803000991231e-01 1.999366246175000306e-01 9.048878489833153682e-02 3.666335350639214619e-02 4.472794597751335831e-03 0.000000000000000000e+00 3.575659033105596518e-02 0.000000000000000000e+00 1.968433461383583827e-01 1.428096249871677915e-02 0.000000000000000000e+00 1.304152754881956755e-01 2.696549696256705583e-02 0.000000000000000000e+00 3.563278472810074010e-02 1.388666578547942745e-02 0.000000000000000000e+00
3.819051262524359586e-02 1.220583568028560384e-01 0.000000000000000000e+00 2.567567928781763209e-01 2.620582473655146561e-03 1.347723645063213238e-01 4.816639112753320624e-04 3.169428731465974425e-02 0.000000000000000000e+00 0.000000000000000000e+00 0.000000000000000000e+00 2.701481308832445749e-01 2.707909091191236517e-02 0.000000000000000000e+00 8.305750596339636291e-04 0.000000000000000000e+00 1.307748772460165347e-03 1.967623927867773528e-02 3.282305891880444443e-02 6.156059566307921921e-02
1.062606975034490787e-02 2.831902021671659497e-01 9.751182816126764685e-02 4.425123221558946093e-03 1.766625087946877004e-02 1.460704646398116278e-02 1.066686200956760196e-03 1.396331056225776426e-03 5.368418944070460497e-03 1.954879263434944944e-03 1.935432824634677985e-03 2.868848356350073847e-01 3.006653813100167508e-02 1.690550116754302792e-02 0.000000000000000000e+00 2.101204448347802206e-03 0.000000000000000000e+00 1.613770888631653813e-02 6.500301668527327936e-02 1.431529261134003306e-01
6.243280622897575023e-03 2.459623709543140579e-03 1.802027215786674852e-01 6.273501258969926830e-02 3.904475481005068721e-02 1.810835780745239099e-01 4.297447417800983466e-02 1.551692632333862565e-01 5.230981263821946753e-02 5.984446063984379463e-03 1.276513192197222283e-03 0.000000000000000000e+00 9.454795403467752477e-03 6.303545574465283310e-03 1.319372271217031933e-01 8.854948180803812532e-03 8.700254821199991662e-02 1.641763933139830586e-02 1.054581548498234773e-02 0.000000000000000000e+00
6.745977562037433310e-03 8.727579423801984371e-02 7.221812372527190715e-02 3.428130281710090738e-02 1.007210513356140424e-01 6.113485721478193261e-03 4.618224675856946564e-03 1.822062840045077237e-01 0.000000000000000000e+00 4.936358704755383024e-04 1.864430738654962157e-04 1.884968355025250508e-01 1.156442406079667279e-01 8.459854626348543502e-03 7.652574578474722646e-03 0.000000000000000000e+00 4.797816854794231811e-03 1.187411390090578438e-02 2.658196362994633133e-02 1.416322772748103975e-01
1.550479311626540768e-03 1.303128162430310932e-01 2.651772524124964767e-02 2.373209260284366573e-01 0.000000000000000000e+00 1.287182943704076321e-01 3.419078737580882876e-02 1.404105366174749660e-02 9.426582620915958943e-02 2.617926725416671197e-03 1.023720002068781269e-02 1.389948312655029106e-01 0.000000000000000000e+00 2.028008406758944476e-02 1.829650378923730267e-02 2.915081982305194747e-02 8.208886118802886933e-02 2.670063660182440263e-02 0.000000000000000000e+00 4.715228077193244979e-03
3.119630146468507434e-02 1.242127382867799779e-01 3.870650196843374285e-03 1.475894166482628334e-01 9.656860240315962018e-02 1.460766364418230046e-01 3.417265515671112641e-02 1.374578093070693008e-01 2.180277437070544250e-02 0.000000000000000000e+00 0.000000000000000000e+00 8.788022785806143267e-02 6.625747187585273243e-03 0.000000000000000000e+00 6.053418529747003722e-03 1.148171603952201879e-02 1.326364244810418697e-03 0.000000000000000000e+00 0.000000000000000000e+00 1.436849418642341669e-01
0.000000000000000000e+00 2.537618813448588306e-01 1.203585358053662138e-02 6.013070100622480707e-02 1.540063510793830970e-01 1.975442846146018838e-01 2.711446588784388601e-04 1.282247797105800884e-02 6.172933250138455674e-02 0.000000000000000000e+00 1.258622896954000522e-02 1.994737659601799884e-01 0.000000000000000000e+00 0.000000000000000000e+00 4.586381363300295715e-03 7.993244721295089672e-03 0.000000000000000000e+00 2.027863538211908262e-02 6.537206045803794618e-04 2.125996242058815922e-03
7.160793062304952883e-02 1.273882239942748518e-01 1.325843659907974537e-01 3.013579921474714846e-03 1.628554040599982933e-01 1.162895287525853721e-02 4.359139938005606937e-03 1.105779123795814639e-01 8.448755996521084555e-02 5.753036225000991363e-03 1.306151357515783007e-03 2.960261617549111990e-02 2.723312925908954844e-03 1.759731080879860753e-04 0.000000000000000000e+00 0.000000000000000000e+00 1.501311386707644344e-02 1.028640004080246927e-03 1.257097071510613062e-01 1.101843794381258679e-01
0.000000000000000000e+00 2.739170140033934595e-02 0.000000000000000000e+00 0.000000000000000000e+00 1.472675657447100328e-01 0.000000000000000000e+00 6.100988495791494215e-02 4.648091387164871371e-03 1.363311330651907072e-01 2.786260095778443809e-03 0.000000000000000000e+00 1.238820450161992048e-01 0.000000000000000000e+00 1.039188225974038982e-01 1.720760696907159756e-02 4.984166352993520815e-02 3.269999161944510749e-03 2.071978126953168131e-02 4.126714518189836950e-02 2.604582996229171110e-01
1.368773625904718457e-03 2.458000660744963026e-02 2.013627456659789969e-02 2.340664964880877219e-02 2.288482072953847493e-02 3.418369803113977673e-02 1.872424652562166073e-02 1.676623908385102557e-01 2.116435123061418538e-02 0.000000000000000000e+00 1.727806803063665006e-02 1.407278954470728149e-01 1.821221481641627227e-01 0.000000000000000000e+00 1.233339093740282166e-01 0.000000000000000000e+00 6.379512164098381973e-07 3.026591121719758928e-02 4.993075952523534254e-04 1.716609104162480637e-01
5.390030381793794317e-02 1.969193131833963523e-02 5.449914385386247367e-03 6.532858652133957840e-03 1.463640662408682014e-01 2.900821115645452544e-02 1.730760158896718984e-02 8.423293642859304431e-02 6.231774977267810767e-02 2.426518071289966716e-02 1.804637720220847452e-02 3.035153774837282339e-02 5.840368946130667510e-02 0.000000000000000000e+00 6.762440610658520266e-04 1.788823567879199326e-03 0.000000000000000000e+00 1.055529188945632246e-01 1.925062042975631549e-01 1.436034506927821031e-01
0.000000000000000000e+00 5.243866386851592232e-03 1.490145216134696748e-01 5.410787198269963183e-02 1.525493841129267614e-01 4.718669354857253639e-02 8.376528608354288225e-03 9.744108727078917842e-02 0.000000000000000000e+00 2.296074066679960543e-03 0.000000000000000000e+00 0.000000000000000000e+00 0.000000000000000000e+00 1.308820859048433205e-01 1.256859308686309774e-02 9.971904483817052578e-04 3.928738114743222064e-03 3.198706092161152786e-02 1.474145534986952832e-01 1.560057504345181145e-01
4.497824653000237309e-03 1.721128232819531534e-01 3.092814831652599371e-03 1.106820648231688631e-01 1.540241828046567674e-01 2.785381918748159880e-01 8.561018241834786888e-04 3.037973654590207448e-02 2.808865506119055319e-03 0.000000000000000000e+00 0.000000000000000000e+00 1.317343090673694060e-02 1.128671084327387795e-02 6.871722035383931438e-05 9.892516290172263457e-04 0.000000000000000000e+00 0.000000000000000000e+00 5.248077753161723390e-03 5.023070543048695907e-02 1.620105000715170718e-01
2.312678904515462486e-02 1.315380504543041951e-01 2.053485219772613335e-02 1.109426062534871749e-01 2.988123019497788968e-02 4.185348457778474175e-03 2.269424168974440090e-02 1.216839324047598869e-01 1.520636934146850916e-01 0.000000000000000000e+00 0.000000000000000000e+00 8.457931807075426411e-02 0.000000000000000000e+00 0.000000000000000000e+00 1.268314301165624769e-01 3.529114172594489778e-03 0.000000000000000000e+00 5.627218823766527017e-03 2.248377343024280522e-02 1.402984012734614927e-01
2.363374979009841004e-01 2.501341234432855054e-01 2.847708463570321549e-02 2.204643710239154522e-02 5.434665654740240825e-02 1.394244247511418899e-01 5.663934073200015303e-03 0.000000000000000000e+00 9.768783004717175936e-03 0.000000000000000000e+00 0.000000000000000000e+00 6.968491512411889577e-02 3.324778643610453799e-04 1.228981581975619429e-02 3.957552546278203694e-03 0.000000000000000000e+00 1.186719150343338962e-02 5.257357286974175155e-03 1.508844671526727091e-02 1.353233016809849976e-01
2.300258067335490125e-02 3.557384316239851820e-03 1.298422558378652947e-01 8.983026581243479247e-02 3.916249054517102757e-03 1.758501962274048591e-01 6.827613695735861021e-03 1.328618004738071345e-01 4.383521235705935271e-02 0.000000000000000000e+00 1.260256535813912516e-03 1.015434709369106292e-01 0.000000000000000000e+00 0.000000000000000000e+00 7.905133546401793554e-03 3.332605243441172371e-03 1.141347030252338746e-01 3.275433754491038994e-04 1.222940510498718852e-01 3.967867783845852037e-02
1.270904124189103090e-01 1.844263809496566597e-01 3.172945735069133098e-03 7.749077451298267034e-03 1.958402737446074057e-02 1.285416378076144617e-01 2.611893452567494011e-03 4.515664943332071274e-02 0.000000000000000000e+00 2.409743804582520181e-03 1.410985157548843129e-03 1.159141152963559518e-01 3.411623945910378236e-02 1.364463789550678314e-03 4.327933520785314132e-03 0.000000000000000000e+00 0.000000000000000000e+00 1.324438532352789355e-01 5.541981523144532240e-06 1.896740991323732084e-01
0.000000000000000000e+00 1.969183800252709629e-02 8.576375553123331830e-02 1.595420821408977119e-01 1.550989981986003186e-01 3.665233206049096134e-03 6.340977812991697993e-02 0.000000000000000000e+00 1.821163668212440450e-03 9.110794029018822252e-03 6.521251545614169774e-04 9.083883515768957986e-03 3.468284530376664759e-02 1.224803408523409409e-01 6.383203052167429892e-02 2.284694529389051133e-03 1.479189045631584994e-03 3.157561618127591781e-03 1.257640311055061577e-01 1.384796554467777330e-01
6.643406721724542247e-03 5.231771439763707732e-02 1.166932205470560119e-01 6.918105278958661120e-02 3.760557125073558243e-02 1.660958925053196292e-03 9.269375370282247409e-03 1.539917355550469436e-01 1.257099114094569203e-01 1.635599130101430447e-04 1.610356676428339139e-04 1.716727932420942376e-02 1.613957686820542345e-02 1.036872205217787002e-01 1.209073730531484425e-01 1.064268357877017589e-02 6.502091497397392839e-02 2.282993043291868182e-02 6.837918600053272122e-02 1.828292699230346175e-03
4.883762616265726643e-03 2.536559510520493554e-01 1.140254914945867531e-01 4.038674339692255311e-02 1.668627744511246569e-01 2.051301745067038787e-02 1.670797673418502813e-02 1.127244969321635482e-01 1.107505417063109864e-02 0.000000000000000000e+00 2.638850320654164121e-03 1.868760788313562557e-02 3.139399376615511356e-02 8.022229760073227092e-03 1.613000255452769574e-04 1.605214679236310199e-02 0.000000000000000000e+00 0.000000000000000000e+00 2.057986336047003262e-02 1.616287397930043779e-01
0.000000000000000000e+00 2.234724843046074008e-02 1.539203332803484696e-02 1.202908023582077435e-01 2.116267541107453021e-01 1.500188039261096673e-01 1.183965320710896746e-02 6.878465264934190138e-02 4.664403495340887357e-02 9.304494570669619158e-03 0.000000000000000000e+00 1.707164507690117974e-02 0.000000000000000000e+00 1.315469920767368267e-02 3.197571876736669556e-03 2.874153423513956928e-03 1.225748647914727540e-01 2.049170292163051896e-02 1.426253415043702566e-01 2.176154366361340159e-02
1.313713991318848362e-01 1.488347249747003775e-01 1.276723378994020497e-01 2.022250111369263813e-03 2.305678966000991245e-02 1.792081945721690902e-03 3.410642495009662267e-02 1.822949264161204813e-02 1.170669220455230856e-02 3.442071031502218909e-02 0.000000000000000000e+00 2.902333323463191506e-01 1.408550440306401315e-02 0.000000000000000000e+00 0.000000000000000000e+00 1.468366038697239452e-03 0.000000000000000000e+00 1.327330684514786696e-02 1.454270590967655097e-01 2.299527435634806001e-03
0.000000000000000000e+00 6.318501151289025383e-03 6.992075232888127212e-02 1.998434750700459062e-02 1.400283331462834624e-01 1.715176618547943621e-01 3.050634935631959394e-02 1.320274015650499400e-02 1.842267743230609212e-01 1.720144957381425366e-02 0.000000000000000000e+00 2.680072284406670099e-02 7.971529197618677700e-04 1.823223779784551718e-03 1.643259050976963315e-04 9.776236287638483125e-03 0.000000000000000000e+00 0.000000000000000000e+00 1.705939018644991034e-01 1.371375270011991054e-01
