0.000000000000000000e+00 5.227711553752508967e-06 7.941587283891203553e-02 1.211646276736566274e-01 5.775629052076249048e-02 1.565612023416711879e-02 1.206118636142096195e-03 2.348508942369253311e-02 1.193820251631203255e-01 0.000000000000000000e+00 0.000000000000000000e+00 1.515696409515160659e-01 0.000000000000000000e+00 0.000000000000000000e+00 1.126151738065823138e-01 7.379354739546802044e-02 0.000000000000000000e+00 1.363006132800962007e-03 1.326576782596821345e-02 1.343705589551432052e-02 0.000000000000000000e+00 3.455892751093497849e-04 8.533580985657639520e-03 8.377706099423178066e-02 1.232282045351444644e-01
1.289663116969027483e-03 1.181506714815176370e-03 1.534438938821619178e-02 7.839938653274303865e-03 1.355534581427169372e-01 3.277959015725306468e-03 1.007576615755036570e-01 1.634026452830489307e-02 1.871580646997011987e-02 2.561883233298451260e-02 0.000000000000000000e+00 6.245056913526705888e-02 0.000000000000000000e+00 0.000000000000000000e+00 1.295626607768709249e-01 0.000000000000000000e+00 1.318142170446042205e-01 1.283123967178497471e-01 0.000000000000000000e+00 0.000000000000000000e+00 0.000000000000000000e+00 0.000000000000000000e+00 0.000000000000000000e+00 9.443865600099821123e-02 1.275020203859296986e-01
4.199354111578079002e-02 9.356861824794522609e-02 0.000000000000000000e+00 0.000000000000000000e+00 2.872453132692350669e-02 0.000000000000000000e+00 1.201020853541685252e-01 1.691616449088689800e-01 1.651347173361701268e-02 6.970486030162099944e-02 0.000000000000000000e+00 1.707899865420975660e-01 7.816238321491603830e-03 8.598505190768945339e-04 3.247922228963029834e-03 7.119125939319885521e-02 0.000000000000000000e+00 8.003690179965491230e-03 2.852695479990335556e-02 1.198679418164005223e-01 0.000000000000000000e+00 2.693460815629531574e-02 0.000000000000000000e+00 2.299279505368231197e-02 0.000000000000000000e+00
0.000000000000000000e+00 7.963488173668362147e-02 0.000000000000000000e+00 0.000000000000000000e+00 2.866198573098120098e-03 0.000000000000000000e+00 7.571807642945127537e-03 6.276411374844832226e-03 1.004737803964975661e-02 8.058175672257243682e-02 0.000000000000000000e+00 1.922616359698922639e-01 0.000000000000000000e+00 0.000000000000000000e+00 1.464513356745402728e-01 0.000000000000000000e+00 4.702388003283633489e-02 9.942821581410909992e-02 0.000000000000000000e+00 2.412595697788525589e-02 3.913699115303663836e-03 1.168719616461921934e-01 2.885185660309008346e-02 1.260763437864645398e-01 2.801668028989232062e-02
5.627235473173142558e-03 1.965710964876337397e-01 4.071266619361015721e-02 5.044042887965001498e-02 0.000000000000000000e+00 6.038200862730362488e-03 4.389150360922595973e-02 5.275275198128889440e-03 1.261504263802968040e-01 4.744913691920604054e-02 0.000000000000000000e+00 3.522058697886436274e-02 0.000000000000000000e+00 0.000000000000000000e+00 1.398809744628923546e-01 0.000000000000000000e+00 0.000000000000000000e+00 1.178478760095383465e-01 7.718584950558104139e-04 7.783491043501275519e-03 0.000000000000000000e+00 0.000000000000000000e+00 3.198599606041774811e-03 1.505025034669998651e-01 2.263813993345110270e-02
9.159019444962272771e-03 9.578560023963067493e-03 1.071556502902282909e-01 7.053642695299970622e-02 2.095311308320818300e-01 0.000000000000000000e+00 1.731145589624692172e-01 0.000000000000000000e+00 0.000000000000000000e+00 0.000000000000000000e+00 0.000000000000000000e+00 1.092941378553416616e-02 0.000000000000000000e+00 0.000000000000000000e+00 1.162321106217646671e-02 0.000000000000000000e+00 6.266871052025672906e-02 1.792320008735601711e-01 0.000000000000000000e+00 0.000000000000000000e+00 0.000000000000000000e+00 2.569657753869223488e-03 8.482945655568582691e-04 1.530533649323420342e-01 0.000000000000000000e+00
6.103228186426603794e-03 1.146365120911971014e-01 1.559361467950860086e-02 0.000000000000000000e+00 1.168661528233280178e-01 3.191493912267001631e-02 1.421492792558562424e-01 4.406382717282202738e-02 5.246944626154630142e-02 1.188925141791651215e-02 0.000000000000000000e+00 0.000000000000000000e+00 4.234395802370409870e-03 0.000000000000000000e+00 1.974373079534907233e-02 0.000000000000000000e+00 3.416763303180832181e-03 1.309055362510271603e-01 3.244794096372912579e-02 0.000000000000000000e+00 2.375723572784032428e-02 1.058639019688907001e-01 2.179272176938978119e-03 1.191390611758787188e-01 2.262591082352313765e-02
2.241346537042545719e-05 1.537691147052037965e-02 2.639362559818285159e-01 0.000000000000000000e+00 4.504779063965137081e-02 5.042397390703187710e-02 8.205029344108756215e-03 1.492444684369876413e-03 2.840551077842540240e-02 9.052793075710438564e-02 0.000000000000000000e+00 3.400771633883785221e-03 1.205381020385370419e-03 0.000000000000000000e+00 1.367625270165445939e-01 0.000000000000000000e+00 2.002325772146125102e-02 2.492395262579455081e-02 2.030869830025990030e-03 1.118127635252075119e-01 0.000000000000000000e+00 9.234994347669209236e-03 8.046405627234083646e-02 8.143738662846421172e-02 2.526577834981168225e-02
4.531228646801499504e-03 0.000000000000000000e+00 5.673747451414881682e-02 0.000000000000000000e+00 2.287991508440692934e-01 5.015225289633070543e-02 1.698638313113514861e-02 1.193305464796881946e-03 2.032444375415974613e-02 0.000000000000000000e+00 5.923352382727866544e-03 7.754526365748878880e-02 0.000000000000000000e+00 0.000000000000000000e+00 1.421639252331283743e-01 0.000000000000000000e+00 0.000000000000000000e+00 1.258525286982533631e-01 0.000000000000000000e+00 2.243038425794230406e-02 0.000000000000000000e+00 1.381917992972556998e-02 1.145023002444744142e-01 6.474765387516947732e-03 1.125640609573002326e-01
0.000000000000000000e+00 3.214463208818731706e-03 1.217492142670052874e-01 1.048107613659629428e-01 6.737318447036467692e-03 9.432941293481035550e-02 1.927143538681631851e-01 1.212333513642390725e-01 9.465054341842549582e-03 2.945249412053344614e-03 0.000000000000000000e+00 1.242070357318982438e-01 3.970550328861555817e-03 0.000000000000000000e+00 0.000000000000000000e+00 0.000000000000000000e+00 0.000000000000000000e+00 6.580572345321969441e-02 0.000000000000000000e+00 1.000871346500005338e-01 0.000000000000000000e+00 0.000000000000000000e+00 0.000000000000000000e+00 2.517984237016673149e-02 2.355053425592128213e-02
0.000000000000000000e+00 0.000000000000000000e+00 1.693457268560065732e-01 6.151283526255167493e-03 1.181002365693936077e-03 0.000000000000000000e+00 7.741047945615514569e-02 1.405107226310144675e-01 4.512792171189490553e-02 3.294999356823909240e-03 0.000000000000000000e+00 2.966071003520935334e-01 0.000000000000000000e+00 0.000000000000000000e+00 2.065689186368644542e-02 0.000000000000000000e+00 5.766384004454031161e-03 0.000000000000000000e+00 0.000000000000000000e+00 0.000000000000000000e+00 0.000000000000000000e+00 0.000000000000000000e+00 1.386596912188601269e-03 1.484551325791282350e-01 8.410575838460511433e-02
0.000000000000000000e+00 7.338541577069281063e-02 1.348029598817815922e-01 1.608521509172444741e-02 1.569247358262140790e-01 5.268843156463800387e-02 0.000000000000000000e+00 1.387722705044551474e-01 7.208106005745895661e-02 0.000000000000000000e+00 0.000000000000000000e+00 2.940208760807367372e-01 0.000000000000000000e+00 0.000000000000000000e+00 2.337472452698735603e-02 0.000000000000000000e+00 0.000000000000000000e+00 1.261813972791274961e-02 0.000000000000000000e+00 1.162639901005027348e-03 0.000000000000000000e+00 0.000000000000000000e+00 0.000000000000000000e+00 0.000000000000000000e+00 2.408353106639310112e-02
5.524442577251004877e-03 1.060171895195944070e-01 1.611557437627920419e-01 1.477853560799398114e-01 9.514900750867967376e-04 0.000000000000000000e+00 1.592685974535427151e-01 1.445681310035609179e-01 2.922679139833783343e-02 8.729439409567114894e-03 0.000000000000000000e+00 0.000000000000000000e+00 0.000000000000000000e+00 0.000000000000000000e+00 1.869515135548794477e-02 0.000000000000000000e+00 0.000000000000000000e+00 0.000000000000000000e+00 0.000000000000000000e+00 0.000000000000000000e+00 6.040161919265791581e-03 5.192627442078472794e-03 1.544482057569851463e-02 4.595293202257023923e-02 1.454471254052263629e-01
0.000000000000000000e+00 0.000000000000000000e+00 0.000000000000000000e+00 0.000000000000000000e+00 0.000000000000000000e+00 1.094019408688247895e-02 1.716301633458804932e-01 1.871207973148857756e-02 1.515491384775636934e-02 2.335656500898254939e-01 0.000000000000000000e+00 6.922698420681007436e-02 2.019900201653269944e-02 0.000000000000000000e+00 1.637658508345315317e-02 1.290309422124961448e-02 0.000000000000000000e+00 1.276481778305410819e-01 8.487285343825605455e-02 0.000000000000000000e+00 3.581463084000301080e-03 1.285342540667409363e-03 1.121226660152328282e-02 1.948025367554752710e-02 1.832109761995853736e-01
0.000000000000000000e+00 1.694261729190388159e-04 1.825306992102979364e-01 0.000000000000000000e+00 2.841218590472645300e-02 2.850504757131318810e-03 1.925144541274229348e-01 1.200838815876876242e-01 0.000000000000000000e+00 9.953643889210031862e-03 0.000000000000000000e+00 4.685689028678281798e-02 0.000000000000000000e+00 0.000000000000000000e+00 4.184314701342098375e-02 2.065959748259460493e-02 0.000000000000000000e+00 1.322915601623969040e-01 2.507497218796557806e-02 1.002757932544820069e-01 0.000000000000000000e+00 1.560357216285331722e-02 0.000000000000000000e+00 7.889872858930202515e-02 1.980943210806443682e-03
9.900644031430988479e-02 7.783032655274098321e-02 5.499818937238058758e-02 1.802880590355858056e-02 3.907520023614288046e-02 5.939745183247017134e-03 1.608155168024366366e-01 6.494692501850532311e-03 1.445209660341789937e-01 0.000000000000000000e+00 1.100661182518424507e-02 8.155285664270110757e-02 0.000000000000000000e+00 0.000000000000000000e+00 4.372040501681149528e-03 0.000000000000000000e+00 0.000000000000000000e+00 1.543444059341767816e-01 0.000000000000000000e+00 7.954200145911947267e-03 0.000000000000000000e+00 0.000000000000000000e+00 8.327841590325516657e-03 1.238032087935791309e-01 1.928951665593916284e-03
0.000000000000000000e+00 0.000000000000000000e+00 0.000000000000000000e+00 1.329831208642531792e-01 7.395036173643719513e-02 0.000000000000000000e+00 0.000000000000000000e+00 1.446594155381079327e-01 0.000000000000000000e+00 2.414563284190316961e-01 0.000000000000000000e+00 5.378385592195498305e-02 0.000000000000000000e+00 0.000000000000000000e+00 9.131728668688202100e-02 0.000000000000000000e+00 9.595013820064751675e-02 1.319027592017028155e-02 1.090318592899143513e-01 3.440263460818667666e-04 0.000000000000000000e+00 1.389986400976184547e-02 9.657793438125053184e-03 1.977567362863216424e-02 0.000000000000000000e+00
0.000000000000000000e+00 4.204916234678413023e-02 1.430902084784750339e-01 4.100576908902368173e-03 2.235443308288993791e-01 8.682902873485540129e-03 1.391210446250654431e-01 1.501459769980049153e-01 0.000000000000000000e+00 3.954996034824515005e-02 0.000000000000000000e+00 2.171031206283436862e-02 0.000000000000000000e+00 0.000000000000000000e+00 7.132117072848359607e-02 0.000000000000000000e+00 4.298793281655374776e-02 0.000000000000000000e+00 1.097828998891359903e-01 7.881649441440543311e-04 0.000000000000000000e+00 0.000000000000000000e+00 0.000000000000000000e+00 0.000000000000000000e+00 3.125356150986447010e-03
0.000000000000000000e+00 3.054358970037582277e-02 3.338328701767508122e-02 1.752987871890654761e-02 1.486337521085528794e-02 0.000000000000000000e+00 2.306194911954551618e-01 1.737596034057392255e-02 0.000000000000000000e+00 2.194208224552881073e-02 0.000000000000000000e+00 3.880953630617729744e-02 0.000000000000000000e+00 0.000000000000000000e+00 1.302689920563343262e-01 0.000000000000000000e+00 0.000000000000000000e+00 2.284815408896022637e-01 0.000000000000000000e+00 0.000000000000000000e+00 7.596907114382815684e-02 0.000000000000000000e+00 7.599318852822926733e-03 2.369714179144895294e-02 1.289167345304154388e-01
0.000000000000000000e+00 4.602477160961996119e-03 6.088457747082649807e-02 1.027799418143134080e-02 1.882262306059133694e-01 4.362208630919287705e-02 8.918519175379482911e-02 3.898338154420126489e-02 1.512824822579077466e-01 2.907292723490638442e-02 0.000000000000000000e+00 3.960706867663536801e-02 2.083180915620120970e-03 1.161515397639730288e-03 4.622602430842062508e-03 3.023505240808154349e-03 1.046188855762238690e-01 1.325403648666499679e-01 1.170566428767184789e-03 1.449216338885767237e-02 0.000000000000000000e+00 0.000000000000000000e+00 0.000000000000000000e+00 3.157582998406929103e-02 4.896696857475019843e-02
5.645695269279828871e-02 9.586982160532585284e-02 0.000000000000000000e+00 3.672633091017120377e-02 1.556181265503278621e-01 1.142807322773983780e-01 0.000000000000000000e+00 4.181425449273319661e-02 1.163382815490446309e-01 1.683869103378602544e-02 0.000000000000000000e+00 1.033175980219503270e-01 0.000000000000000000e+00 0.000000000000000000e+00 1.447884597614656488e-01 1.750640892172643194e-03 0.000000000000000000e+00 6.020761673024580853e-03 4.125846289868329944e-06 3.035529757627014602e-02 3.486618265198402483e-02 0.000000000000000000e+00 0.000000000000000000e+00 3.004325481161793793e-02 1.491048765363936143e-02
4.392250391650968921e-03 1.494094177900256171e-01 2.030176577595032422e-03 1.000442663300741553e-01 1.807627141470971935e-02 0.000000000000000000e+00 1.896979775370353227e-01 5.619382651773534298e-02 0.000000000000000000e+00 1.054038014000354545e-01 0.000000000000000000e+00 6.044457710895833474e-02 0.000000000000000000e+00 0.000000000000000000e+00 1.433038065729270449e-01 0.000000000000000000e+00 7.068123153406154040e-03 9.748660459687773228e-02 0.000000000000000000e+00 7.532970419242154825e-03 0.000000000000000000e+00 0.000000000000000000e+00 0.000000000000000000e+00 5.271611195083879264e-02 6.199818238888301671e-03
4.576563849513549942e-02 1.313533739161883984e-01 4.897655825824465993e-03 1.312895123561138855e-01 1.464571345419304199e-02 1.034105473517962781e-01 1.764784835036259658e-01 2.289371592847411901e-03 1.354669063786723415e-01 0.000000000000000000e+00 4.227743050254873652e-02 0.000000000000000000e+00 0.000000000000000000e+00 0.000000000000000000e+00 2.696592942462101850e-02 6.391693516445866308e-02 1.180266068049538528e-02 0.000000000000000000e+00 0.000000000000000000e+00 0.000000000000000000e+00 0.000000000000000000e+00 1.870280391418865235e-02 0.000000000000000000e+00 6.071878709532334967e-02 3.001825034396690683e-02
0.000000000000000000e+00 1.222918148630008778e-01 1.362963987241631592e-01 1.099492980686557139e-02 5.911323783050655145e-02 9.654536899698088620e-03 1.605544027572023691e-01 1.557248122882580188e-01 0.000000000000000000e+00 2.976751265091725357e-02 0.000000000000000000e+00 1.580091195560706374e-01 3.294464606029302682e-03 0.000000000000000000e+00 1.220776419280244635e-01 0.000000000000000000e+00 0.000000000000000000e+00 8.690983189103865594e-03 0.000000000000000000e+00 0.000000000000000000e+00 0.000000000000000000e+00 0.000000000000000000e+00 0.000000000000000000e+00 3.785382909008331610e-03 1.974476199115153541e-02
0.000000000000000000e+00 5.033361566660898845e-02 1.464960129908964015e-01 8.546230936191855304e-04 1.131035611221892084e-01 2.266874327575083697e-02 9.670575472341643494e-04 7.977237546110871672e-03 0.000000000000000000e+00 1.654575858088085660e-01 4.578421186774632272e-03 1.622632227360455703e-01 0.000000000000000000e+00 6.201569952248321520e-03 1.136702644444708976e-01 0.000000000000000000e+00 0.000000000000000000e+00 0.000000000000000000e+00 2.352833665791550719e-02 1.531734862591645338e-03 0.000000000000000000e+00 0.000000000000000000e+00 2.900680494993598119e-02 1.654469899321364549e-04 1.511957611688672376e-01
1.070594740145090762e-02 0.000000000000000000e+00 9.742806852634800993e-03 3.432668271894021711e-02 4.819133044729333702e-03 0.000000000000000000e+00 1.599409613329662583e-01 2.113459061415324802e-01 0.000000000000000000e+00 2.115013529596527012e-02 0.000000000000000000e+00 5.058627901804978351e-03 0.000000000000000000e+00 0.000000000000000000e+00 3.482970269195824475e-02 0.000000000000000000e+00 1.024140895422956943e-01 1.377260472994415730e-01 1.192645188887202362e-01 0.000000000000000000e+00 0.000000000000000000e+00 0.000000000000000000e+00 6.804494368408793396e-03 2.877999785228907426e-02 1.130909486668620623e-01
1.881674698992630984e-02 3.465770040756430831e-02 8.165193824202202424e-03 1.498629233869593243e-02 2.690724039171250581e-01 0.000000000000000000e+00 6.759319301394574840e-04 1.685088876311502948e-01 1.756755751016099432e-02 2.114202365114625226e-01 0.000000000000000000e+00 1.434190816612301300e-01 0.000000000000000000e+00 0.000000000000000000e+00 4.074257236382199110e-02 0.000000000000000000e+00 3.060090442717949832e-02 1.183981025356815875e-02 0.000000000000000000e+00 0.000000000000000000e+00 0.000000000000000000e+00 5.333727032683055827e-03 1.181041946674046307e-02 0.000000000000000000e+00 1.238253373434953716e-02
1.284783157270304697e-03 0.000000000000000000e+00 1.665962448779773897e-01 0.000000000000000000e+00 1.974563753156757251e-01 0.000000000000000000e+00 1.636385302283257515e-01 0.000000000000000000e+00 1.367165532462717159e-01 5.205067442193665869e-04 0.000000000000000000e+00 9.185250111010583030e-02 0.000000000000000000e+00 0.000000000000000000e+00 0.000000000000000000e+00 0.000000000000000000e+00 7.745058622387826150e-03 3.119788052713740045e-02 5.542150345966383174e-03 1.010923727892324847e-01 0.000000000000000000e+00 0.000000000000000000e+00 7.576069472331183052e-02 2.059634831211796385e-02 0.000000000000000000e+00
0.000000000000000000e+00 0.000000000000000000e+00 1.982245318088176056e-01 1.463734514216864964e-02 4.149320128541732211e-02 0.000000000000000000e+00 2.311766707507206461e-02 1.162275885660545016e-01 1.141272198959150143e-02 1.606156304510753807e-01 0.000000000000000000e+00 6.618268438068554416e-02 3.018070545817667580e-02 1.273694483293115942e-03 6.116112315649598064e-02 0.000000000000000000e+00 0.000000000000000000e+00 2.003345995934791360e-03 0.000000000000000000e+00 3.326389610386039581e-04 0.000000000000000000e+00 0.000000000000000000e+00 1.314327193031026089e-02 1.304682786842934206e-01 1.295255706315746047e-01
0.000000000000000000e+00 2.829776481317504942e-03 1.464930667572674761e-01 0.000000000000000000e+00 1.127586327501070851e-01 0.000000000000000000e+00 1.537801342490930367e-01 0.000000000000000000e+00 1.073837113976986238e-02 1.516264848429027361e-02 0.000000000000000000e+00 5.796734486491721128e-02 0.000000000000000000e+00 3.853861624822898699e-04 5.080586281885621225e-02 0.000000000000000000e+00 2.071825041390729441e-02 1.541910362144881530e-01 2.197676523565491799e-02 3.305087039637067889e-03 0.000000000000000000e+00 0.000000000000000000e+00 0.000000000000000000e+00 1.252964641569302706e-01 1.235911732312812011e-01
0.000000000000000000e+00 1.338428861777624379e-01 2.532804955509020128e-02 2.328901972110738322e-02 0.000000000000000000e+00 0.000000000000000000e+00 5.987407666804021866e-03 0.000000000000000000e+00 9.770214023999443387e-02 5.185080266786219055e-02 4.065735323727486666e-03 2.825808301962439706e-01 0.000000000000000000e+00 0.000000000000000000e+00 3.595387520875737569e-02 0.000000000000000000e+00 0.000000000000000000e+00 1.723618564651183127e-01 0.000000000000000000e+00 0.000000000000000000e+00 0.000000000000000000e+00 1.039896715409105443e-01 5.326477832942135698e-02 0.000000000000000000e+00 9.782946907200471692e-03
0.000000000000000000e+00 0.000000000000000000e+00 6.941091969879845114e-02 0.000000000000000000e+00 2.513148087916878409e-02 0.000000000000000000e+00 1.664428342963319984e-01 1.705430951257491667e-01 0.000000000000000000e+00 0.000000000000000000e+00 0.000000000000000000e+00 1.649855696354524948e-01 0.000000000000000000e+00 0.000000000000000000e+00 1.357036202458464236e-01 9.783395747128216524e-02 0.000000000000000000e+00 0.000000000000000000e+00 3.247846551840002927e-02 0.000000000000000000e+00 5.167565192218369526e-03 3.827067137153664263e-03 0.000000000000000000e+00 1.005211334565905834e-02 1.184233114539393339e-01
0.000000000000000000e+00 1.113936401135814762e-02 8.791302689502723117e-03 3.663459873974211217e-02 4.632468571792598688e-02 1.003653040178800792e-03 2.779538612005203607e-02 3.710343441582519136e-02 2.835085713830299073e-02 1.343077950909100926e-01 0.000000000000000000e+00 2.945626444870251270e-01 0.000000000000000000e+00 0.000000000000000000e+00 3.114494180383579891e-02 0.000000000000000000e+00 0.000000000000000000e+00 2.474383845205673296e-02 0.000000000000000000e+00 4.364020934161291776e-02 0.000000000000000000e+00 2.111174801560172440e-02 8.858595716866596304e-02 1.443728813887715789e-01 2.038670237863188933e-02
0.000000000000000000e+00 2.056723094156298268e-02 1.636782050868527613e-02 4.664658946540423644e-03 2.407002884506276308e-01 1.845800397609677042e-03 1.478596805528731295e-01 2.018113211558974010e-02 1.249123696698294650e-01 0.000000000000000000e+00 0.000000000000000000e+00 3.597639604550956216e-02 0.000000000000000000e+00 0.000000000000000000e+00 1.424032955998835448e-01 0.000000000000000000e+00 2.497770761430245096e-02 1.779679630155886136e-02 0.000000000000000000e+00 0.000000000000000000e+00 0.000000000000000000e+00 5.137204986355983251e-03 7.066756242382724040e-02 1.259420554452438945e-01 0.000000000000000000e+00
0.000000000000000000e+00 0.000000000000000000e+00 1.762472538305012021e-02 4.939746387839106384e-02 2.535091546550740510e-02 3.209848610571765237e-02 1.425099154185289485e-01 1.485434769952979073e-01 0.000000000000000000e+00 3.713579427117285475e-02 1.688631939606568448e-03 8.446695020623871952e-02 0.000000000000000000e+00 0.000000000000000000e+00 1.178239661649494452e-01 3.116354778947049656e-03 0.000000000000000000e+00 1.146531181687869411e-01 8.555412361331570653e-03 1.296832842655683445e-02 5.707062970517517986e-02 0.000000000000000000e+00 3.034912245847139374e-03 1.418790992174291388e-01 2.081819267465572203e-03
0.000000000000000000e+00 0.000000000000000000e+00 3.367117185138860519e-02 5.736342993131013368e-02 2.021054276943523229e-03 0.000000000000000000e+00 1.807067469030208427e-03 0.000000000000000000e+00 5.024865295319855480e-04 1.502454728733567391e-01 0.000000000000000000e+00 1.621270460186435558e-01 5.898641769470690764e-03 5.691921109007125335e-03 1.412173684824752917e-01 8.794040876139755381e-02 0.000000000000000000e+00 0.000000000000000000e+00 2.838069628555580856e-02 9.722499087718193544e-02 0.000000000000000000e+00 1.567846250487426110e-02 0.000000000000000000e+00 2.794893889707484105e-02 1.822808423627576557e-01
9.784637959131165658e-03 8.270522968607811609e-02 1.237943630398517098e-02 3.285145462588098114e-02 1.221114242134374323e-03 0.000000000000000000e+00 0.000000000000000000e+00 1.189399035247140982e-02 1.365007834747480019e-02 1.402634936209103123e-02 0.000000000000000000e+00 2.390423986954398963e-02 3.579950435265781897e-03 0.000000000000000000e+00 2.439965051629761628e-01 0.000000000000000000e+00 8.495961175114788780e-03 1.437431848920962263e-01 1.212855498467760437e-03 7.861714587354223099e-03 0.000000000000000000e+00 1.810229798894539832e-01 3.613883203344388229e-02 1.715314855770360969e-01 0.000000000000000000e+00
0.000000000000000000e+00 1.766027698918813758e-03 2.988247562195770965e-02 1.051457201588834947e-02 8.779930991209769497e-02 1.127482892623030142e-02 7.517649856043800982e-02 0.000000000000000000e+00 0.000000000000000000e+00 1.366939626162650967e-01 0.000000000000000000e+00 6.518942041943784349e-02 0.000000000000000000e+00 0.000000000000000000e+00 4.400736996302038323e-02 0.000000000000000000e+00 0.000000000000000000e+00 5.222045384699432885e-02 0.000000000000000000e+00 1.217391404104823348e-03 4.179942424021769812e-03 8.041887783035453485e-02 1.437562488417613304e-01 1.504829430275065327e-01 1.054196768910024146e-01
0.000000000000000000e+00 0.000000000000000000e+00 1.234647229053587036e-01 6.317546231536452610e-03 1.034509021548583735e-01 1.230753019113053903e-01 1.703096032906253540e-02 6.392552807745285719e-03 4.235443307061168006e-02 4.811415576302140867e-03 0.000000000000000000e+00 2.836097064679574675e-01 0.000000000000000000e+00 0.000000000000000000e+00 5.157505297521000620e-03 8.212188407332849348e-04 0.000000000000000000e+00 5.616122070879385475e-02 5.173676062770375672e-02 2.556204805878490444e-02 0.000000000000000000e+00 0.000000000000000000e+00 1.411056919343816468e-02 1.344547609966333102e-01 1.488374821653849116e-03
0.000000000000000000e+00 6.101437757921462923e-02 0.000000000000000000e+00 0.000000000000000000e+00 5.269065756403269046e-02 2.735929710298238768e-02 1.954977421419402672e-01 5.537745119119372866e-02 5.665395121233057080e-02 0.000000000000000000e+00 0.000000000000000000e+00 4.759450501085590174e-02 0.000000000000000000e+00 0.000000000000000000e+00 0.000000000000000000e+00 0.000000000000000000e+00 1.083598595779977219e-01 1.293938302849265698e-01 8.487958644885855095e-03 6.467199089747526983e-03 0.000000000000000000e+00 0.000000000000000000e+00 3.048751970850080081e-02 3.276068345791965236e-02 1.878549674334716035e-01
