1.664267573077966953e-04 8.439259131851276075e-02 7.311392091870120777e-03 1.378290444372475831e-01 2.124323569802629569e-02 2.616853714901222830e-02 2.252046944161990860e-02 8.322007826855380794e-04 2.585929748051581378e-01 0.000000000000000000e+00 1.548706799870674597e-02 1.842865629284231102e-02 2.101013837443087631e-02 0.000000000000000000e+00 6.267800283189544318e-03 8.945537600156286363e-04 0.000000000000000000e+00 1.297256937618151418e-01 1.290230515542454270e-01 1.201061654933139877e-01
1.273381764714603959e-01 8.760485405985228222e-03 1.348247645188129645e-02 9.029667231619808998e-02 3.814202294476006644e-02 1.279035122995204610e-01 7.934129607854388186e-03 3.348555573550521442e-04 1.421512018655281817e-01 1.025223026300269361e-02 6.931650810671537849e-03 1.319299676895082929e-01 0.000000000000000000e+00 8.725295151927311976e-02 1.676136001376589760e-02 5.828424170743046022e-03 7.008591907371962935e-03 3.994031144290863256e-02 0.000000000000000000e+00 1.377509792622114426e-01
1.979977885957384318e-02 9.668787872234006764e-02 1.165992791977413234e-01 2.621522148141339909e-02 3.762861325433737580e-02 1.032972114820287536e-02 2.413145776916472418e-01 1.835053430725096593e-02 1.342131372868668460e-01 0.000000000000000000e+00 0.000000000000000000e+00 4.569437945073221048e-03 3.039152575294118376e-05 0.000000000000000000e+00 1.665581764897501149e-04 0.000000000000000000e+00 0.000000000000000000e+00 1.421371806032220020e-01 1.309954719626947942e-02 1.388581426038187627e-01
7.123088089006579526e-02 7.014416209952624437e-02 6.305520957097374667e-03 2.300351647501771291e-01 2.541397135938106358e-02 7.125606508512435759e-03 1.130789986597721501e-02 5.464121698892572543e-02 1.167399476901996302e-01 2.763169448398030900e-02 6.362167877325424284e-03 1.265073703591629850e-01 1.255639203812661210e-03 1.396266153492004523e-02 0.000000000000000000e+00 1.171965374902527411e-02 6.668405832437046543e-02 2.991369734826576990e-03 1.428681766982054790e-01 7.072836924508138327e-03
3.735686666496819408e-02 4.006028982531893538e-03 6.463123531914638509e-02 1.242143411566292849e-01 2.663225558022234291e-03 2.533525138219165640e-02 2.911261474270274499e-02 2.143656838638656192e-01 6.730970655787302248e-03 1.628153365836573080e-02 0.000000000000000000e+00 1.554224110758451183e-01 9.579007924873737811e-02 6.479686103767737151e-04 1.657575134954378943e-04 3.132220650664186389e-03 3.915291668419752791e-02 1.229197377115139739e-02 1.519655574099442186e-01 1.673336305137681015e-02
1.179255649136031620e-01 8.722238482838133578e-02 1.697897552930420346e-05 9.995421870424954502e-02 1.470442167096087105e-01 9.849708037086872536e-02 1.371748739650937299e-01 1.668725036926870312e-02 7.528699942287237629e-03 2.383742401208841302e-02 0.000000000000000000e+00 7.517257354290551169e-03 0.000000000000000000e+00 1.045779053594532715e-01 5.413186951323138707e-02 1.447055487593195376e-02 1.485208706270523503e-02 6.955887871507101736e-03 6.160574517190173932e-02 0.000000000000000000e+00
8.035770032315653344e-02 1.776734225357478464e-02 0.000000000000000000e+00 9.338350372126853760e-02 4.097327613931357748e-02 1.480708215334664291e-01 3.617249771362104904e-02 5.494247527320766933e-02 1.027898101593769098e-01 2.385537157437344832e-02 0.000000000000000000e+00 1.826584217088025874e-01 4.272035859031959870e-02 9.606571606890969284e-02 3.099211763187345245e-02 2.609369200030227723e-02 0.000000000000000000e+00 1.134428082647829811e-03 2.733507547836953790e-03 1.928895967794874364e-02
5.784505031511265501e-03 3.690405947175507545e-02 2.335861858261361473e-02 5.069348627150157757e-03 4.221323554000185746e-02 7.094192818681999829e-03 1.374302267684046341e-01 2.189152692733528915e-01 1.292372153258606604e-01 0.000000000000000000e+00 0.000000000000000000e+00 1.410521854684246568e-01 2.253636017325953440e-03 5.990440605017536418e-02 7.325304917378787882e-03 3.903421625094716241e-02 1.329128543551680829e-03 2.265914133631478922e-02 1.173595731598439940e-01 3.075736816705392472e-03
1.428225727365583023e-02 3.614194458932062232e-02 8.808325430770180473e-03 3.690829681213830260e-01 2.011151149413556438e-01 5.479173139103789281e-02 3.100032958848384767e-03 1.436673161510758634e-01 0.000000000000000000e+00 1.976456168232974472e-02 0.000000000000000000e+00 0.000000000000000000e+00 5.062638018373128920e-03 1.604465325974259449e-02 0.000000000000000000e+00 8.426960452891331041e-03 2.239791796524803671e-03 2.446843188036095021e-06 4.394454348296197160e-02 7.352471360654078136e-02
4.152259488946516419e-02 1.537823444139338747e-01 1.329189578670147420e-01 6.971584319847168310e-02 1.530772804332877490e-01 1.562549355725621480e-01 1.070720591106453512e-01 2.873729861438865940e-02 0.000000000000000000e+00 2.454513532564199518e-03 0.000000000000000000e+00 1.660970244231489094e-03 1.665875179060674204e-04 1.999849321348275838e-02 0.000000000000000000e+00 1.665725447565759797e-04 0.000000000000000000e+00 0.000000000000000000e+00 7.580216103148186037e-03 1.248913327441415339e-01
2.325236295178026089e-02 1.005897712663455928e-01 1.440874325593001102e-03 1.166924461560574083e-01 1.503196847206094977e-01 3.495851993032518534e-02 1.290123348430581574e-01 1.085083139721596153e-02 1.470543918981713494e-01 1.272700997890247217e-02 1.142133073214552513e-02 8.794494696262392108e-02 2.684617330312791695e-03 0.000000000000000000e+00 1.295229501409693104e-02 1.302473081318816436e-03 0.000000000000000000e+00 1.198155581920793689e-01 2.921133347755246537e-02 7.769217741811275738e-03
6.786648356979656238e-02 1.524100402292901668e-01 5.968908613982488315e-02 6.983978261180617993e-03 6.661742024811955019e-04 2.302977288352693261e-02 1.078468819658193606e-01 9.240661639701135133e-02 2.373062085122549202e-03 1.471016667423678728e-03 0.000000000000000000e+00 5.206567069997891650e-03 3.241821772152579662e-02 2.587700910553175290e-02 3.302945024300442032e-04 4.748630909454916449e-02 1.276285955860610721e-01 1.194503797283260338e-01 8.502141595222313664e-02 4.183809883787781986e-02
2.130244738708272825e-03 7.974572614399719206e-02 2.112271250938070003e-03 3.917193935767034757e-02 2.804821970376513394e-03 0.000000000000000000e+00 1.061223582448583003e-01 2.533397110702716448e-01 1.477395924301810048e-01 3.882879694357969230e-02 2.492811317081103373e-02 1.307530372805398300e-01 7.954776475909428046e-02 3.349725970691559696e-02 2.442025388564294033e-02 3.289543672917114633e-03 0.000000000000000000e+00 5.943668453601058665e-03 1.622996100296751620e-02 9.394935916929508107e-03
7.013497791238826329e-02 3.174508379571338440e-02 1.963502403458611614e-02 3.687169904698175266e-02 2.536255230133985933e-02 7.678412415085447695e-02 2.039017372938264211e-02 2.152629400738228782e-01 0.000000000000000000e+00 1.686576897766667998e-02 2.029697488569522958e-03 2.614388145344923586e-01 0.000000000000000000e+00 1.293133787264824121e-02 1.579558106224153435e-02 9.600512958892566326e-04 6.237457680649230451e-02 1.126089123990358376e-01 1.502883736787971256e-02 3.779847150015283423e-03
1.493241371211620223e-03 6.872491799198560125e-02 1.980532797091271585e-02 1.960757566567414636e-02 8.228634344451550477e-04 1.469497899673706809e-01 0.000000000000000000e+00 7.694781357580619818e-02 2.799256307856108905e-01 7.304005897295637317e-02 0.000000000000000000e+00 9.971713148832104731e-04 1.328221441700696073e-03 2.304457021454228358e-03 1.152144700977327518e-01 0.000000000000000000e+00 7.906300392831211790e-03 2.807432043449067157e-03 4.488160001246889463e-02 1.372431279395066595e-01
8.834527606096183316e-02 1.203109030323935846e-02 5.843181461962354030e-03 9.620415153755097412e-03 5.214252826851770856e-02 4.428531607804999520e-02 1.295027256045727659e-01 3.862044378742643391e-02 1.299431482620296702e-02 0.000000000000000000e+00 0.000000000000000000e+00 1.297719157141002944e-01 9.581524758121652552e-02 2.411826408435082791e-03 1.238958270397236133e-01 2.827710188284709211e-03 3.802716411980680295e-03 8.626687293376390786e-02 6.561107093637734769e-03 1.552614850841690097e-01
8.742246650439668143e-02 2.905818268974345517e-02 1.240257550851012747e-01 3.474250853935344219e-02 1.392612891006640707e-01 1.434849174970144747e-01 1.665774753610369658e-04 2.258506042845492279e-01 3.243454717248658858e-02 0.000000000000000000e+00 0.000000000000000000e+00 1.826646416707459466e-03 0.000000000000000000e+00 8.229008771271658198e-04 0.000000000000000000e+00 0.000000000000000000e+00 1.351419871556505756e-03 0.000000000000000000e+00 3.809871193443706283e-02 1.414534725515015079e-01
1.099137314901358353e-01 2.601144076133709779e-02 6.695808956938022454e-04 1.096090858555627406e-01 9.889308968496835547e-04 1.649928127735558400e-02 1.649736011637450983e-02 1.647500495821512534e-01 1.981096211626268144e-02 0.000000000000000000e+00 1.858631565160626803e-02 1.843117113499898874e-01 1.439037625093307193e-03 7.771528503152471713e-03 3.759810873485799031e-03 1.797791737874418873e-03 1.986208647871396185e-02 1.841598721843729428e-02 1.429993191152092724e-01 1.363059884547142830e-01
2.120998636000576490e-02 9.230966976492100892e-03 1.724263211729707215e-02 1.247997255074128203e-01 1.204516159726754486e-02 1.263335095753493308e-02 1.259032037525548153e-01 4.656886336125080732e-03 2.368328865502544456e-01 0.000000000000000000e+00 8.130085513644205297e-04 4.263433498234237701e-02 4.262399920175382120e-03 1.769445361332046447e-03 1.034829566323417771e-01 6.020006866511412591e-02 0.000000000000000000e+00 1.490088985786322817e-01 6.334201283529986189e-03 6.693988587022307868e-02
8.442359548637734523e-02 2.543267107534576393e-03 1.593018061470969152e-02 2.004007868265224312e-02 1.557566137228446612e-01 1.558986174663946900e-02 1.538124549346647600e-02 1.543655202468089890e-02 1.325895372516028769e-03 0.000000000000000000e+00 0.000000000000000000e+00 8.159560434095627923e-02 1.150559352106390598e-01 1.493447773587814331e-01 4.877983382512462301e-02 4.782898094141205952e-02 0.000000000000000000e+00 5.981240137599606183e-02 8.456960786841558400e-03 1.626982159088275204e-01
1.037739293231414450e-01 7.175603449433488878e-02 0.000000000000000000e+00 8.898653841992557045e-02 1.616189845626428987e-03 1.504484073956335044e-01 2.065207919457708735e-02 2.311263553773514889e-01 6.674909975144961878e-03 1.791422297464403783e-03 2.645543234307557497e-03 1.070902604026046645e-01 0.000000000000000000e+00 1.245024464993537772e-03 5.947085110658834918e-03 5.331966200083376739e-02 0.000000000000000000e+00 0.000000000000000000e+00 0.000000000000000000e+00 1.529265584634019182e-01
5.921480944824499687e-03 7.201214494505848995e-02 4.113863063631537260e-03 1.207178078791168035e-01 1.473778388044585663e-01 4.184969635888100004e-02 1.399044846498463945e-01 1.438652333307515740e-01 1.265485185780824695e-01 4.131179682048906517e-03 1.192801445171041974e-02 7.795956244605173509e-03 0.000000000000000000e+00 0.000000000000000000e+00 4.987581056129575859e-04 0.000000000000000000e+00 0.000000000000000000e+00 1.789097020508940592e-03 1.715459259408621540e-01 0.000000000000000000e+00
0.000000000000000000e+00 5.611124912702428885e-02 5.589151748367708616e-03 6.732776290013825493e-02 6.647604642767581231e-04 7.743270496983986617e-02 5.820957726941621696e-02 1.047080997553742621e-01 1.999004377680584088e-01 2.368533031772736275e-02 6.397855068198430445e-03 1.267316797458874428e-03 8.648283391918856755e-02 1.143591666323210687e-01 0.000000000000000000e+00 2.762208091147014960e-02 1.703488184092472393e-02 1.859683339229426663e-02 1.271283267976768550e-01 7.481630320244021803e-03
3.400065460517198712e-02 1.615863521960263505e-01 4.987309643998166959e-04 1.171027544343187093e-01 2.312728790376210042e-01 4.660631387748670473e-02 7.477603595679684599e-03 1.762521560178221536e-01 0.000000000000000000e+00 0.000000000000000000e+00 0.000000000000000000e+00 3.316334644288312906e-04 0.000000000000000000e+00 0.000000000000000000e+00 1.483958025262494419e-03 5.007953102355051922e-02 1.777227516681019817e-02 0.000000000000000000e+00 1.375202305085281296e-01 1.801492708289349071e-02
9.208704298677466982e-02 1.426836783584484181e-01 9.937383797540934923e-04 1.994419342402329806e-02 1.565402097949279148e-01 0.000000000000000000e+00 2.470927819488283883e-01 5.783558135094334085e-02 4.877208504043612641e-02 0.000000000000000000e+00 1.661930541689786282e-04 0.000000000000000000e+00 3.449482264432036298e-04 6.021363291600937903e-04 9.902976338609461616e-04 1.685767196840224583e-03 1.810220666178167506e-03 2.120219681772377279e-03 3.759528013820709336e-02 1.887356257892325584e-01
0.000000000000000000e+00 1.855010523901926001e-03 1.217262670395348988e-02 1.067862880734093967e-01 4.105156463341776835e-03 7.693565682833625186e-02 1.826932484603243853e-02 7.576033134361843946e-02 1.830205238222798181e-01 1.311434710068730934e-02 0.000000000000000000e+00 1.258865961107963616e-01 4.471901509937666226e-03 1.046743927959639525e-01 2.472693768080449009e-02 6.020917935829919743e-02 5.673912758579788100e-03 6.765279076624688970e-02 4.792379441454281373e-03 1.098926438723565741e-01
2.822754259057388623e-03 2.235845724784437868e-02 1.415387219248604930e-02 7.267973084502590310e-03 2.182433666662240979e-01 0.000000000000000000e+00 8.892166263181861680e-03 2.481921194399920316e-01 1.213649915905322535e-01 0.000000000000000000e+00 1.870217444015291955e-02 5.005086236498167791e-04 1.277227241232934025e-02 0.000000000000000000e+00 1.052645047130111450e-01 0.000000000000000000e+00 1.275118887238750887e-01 3.309395397023680990e-02 2.642314318879221413e-02 3.243585318413207130e-02
3.425781750053870367e-02 1.168850724112068112e-01 1.649002051774566685e-02 2.873173904243713772e-01 8.476072555186255075e-02 1.359146772990700858e-01 2.460788795436082144e-02 1.013743089592420744e-02 1.164916452130670965e-01 0.000000000000000000e+00 0.000000000000000000e+00 6.321190021766382068e-03 9.792853866876864710e-02 0.000000000000000000e+00 1.122822763384192894e-02 0.000000000000000000e+00 2.999672405371891105e-03 2.114090017809137217e-02 1.090987809413030557e-02 2.260892522988211875e-02
1.260118422797281423e-01 3.911431335626402994e-02 3.548763401942029057e-03 3.283789160358807028e-03 1.690765518703677694e-01 8.512342204975341386e-03 4.018415860716309518e-02 1.034465589826799869e-01 2.698077225569922230e-02 6.243974136721021882e-03 0.000000000000000000e+00 1.103168723028990633e-01 3.329709180152492457e-04 1.345344812385546873e-01 7.282917192692272591e-03 1.883137126629283020e-03 1.788856915857097579e-02 4.698396479507595258e-02 2.016764062902893367e-02 1.342063803826341883e-01
1.605681227576209041e-02 0.000000000000000000e+00 0.000000000000000000e+00 3.225659493990211402e-02 5.958613669555515996e-02 7.414320509014764651e-03 2.361439152319629378e-02 2.103157735323979149e-01 1.431381349768261896e-02 3.295853273935984203e-03 0.000000000000000000e+00 2.158477865955784059e-01 7.357266247704737083e-02 1.051160348276424933e-01 8.041259392456647295e-03 0.000000000000000000e+00 3.037780652049488009e-02 6.354007688349173899e-02 0.000000000000000000e+00 1.366506770558413852e-01
0.000000000000000000e+00 1.283623204756575986e-01 7.624971088671747554e-02 4.892685220787977227e-03 1.038866650353469229e-01 6.333197547457114496e-02 1.371745331593348660e-01 8.702488234859388772e-02 1.396620033946570916e-01 5.351932355906413932e-03 0.000000000000000000e+00 5.349779339040249687e-03 0.000000000000000000e+00 0.000000000000000000e+00 1.230771682633914794e-02 5.143124416055799841e-03 0.000000000000000000e+00 9.165854099276889155e-02 4.276116003192898148e-03 1.353280140710295676e-01
3.612512857922856903e-03 0.000000000000000000e+00 3.326635398365884863e-04 1.546476029040404487e-01 3.257691569300120125e-04 3.610659496909666977e-02 6.807964282199917283e-02 1.455014153199540028e-01 1.770389730423185259e-01 6.608650531816195450e-04 1.661182857875070603e-04 1.001804489421921412e-03 2.812934403472290741e-03 1.141691440915649780e-01 1.178469096574854130e-01 8.236047155674750680e-03 0.000000000000000000e+00 4.336414192160895076e-02 4.872282869751168137e-03 1.212245774599531312e-01
1.101739206636092629e-02 8.932579236692488045e-02 0.000000000000000000e+00 2.483646270223962282e-01 9.878113051882120299e-02 1.308096395853818594e-01 2.807818727573367125e-03 1.477135347998951957e-02 8.466776412792573203e-03 1.453706315478608957e-02 0.000000000000000000e+00 2.041665208983406421e-01 0.000000000000000000e+00 0.000000000000000000e+00 0.000000000000000000e+00 1.659962201241509637e-04 0.000000000000000000e+00 1.479905262629422225e-03 1.054781657692695392e-02 1.647581677069520911e-01
7.436377673411570521e-03 1.221497005115582402e-01 2.811096113257650214e-02 0.000000000000000000e+00 1.458773763834658732e-01 5.791289861670970845e-02 6.833060512175208323e-02 1.464340652837711476e-01 1.299848668234033222e-01 1.011812621003942009e-01 0.000000000000000000e+00 2.665508470502539473e-02 6.575847121233957017e-03 5.257306751772998672e-03 0.000000000000000000e+00 3.320096073572887828e-04 7.242246791522563565e-02 0.000000000000000000e+00 6.854827871342465684e-02 1.279089153891747530e-02
0.000000000000000000e+00 5.842831292990195713e-02 1.064843190663277289e-01 1.791529256888131638e-02 4.957668158560971788e-03 7.017921763833849524e-02 0.000000000000000000e+00 1.809239784027923681e-01 2.149148360565467930e-01 6.116833431914778588e-03 0.000000000000000000e+00 3.056816082214684760e-02 5.845055676693433969e-03 0.000000000000000000e+00 1.489314668608315894e-03 6.661711792797383146e-04 1.165930917317450867e-03 3.249852053419903389e-04 1.417345568887547202e-01 1.582853663885932238e-01
1.199143054243848594e-01 1.530781608239765168e-01 2.056813056906789741e-02 9.561514034604520762e-03 1.440517255253456752e-02 2.707002993706422722e-02 6.014199977464141983e-04 2.933096519976486904e-01 4.466560385273898870e-02 0.000000000000000000e+00 2.340036883185218214e-02 2.003849219253565628e-01 1.109112314493367751e-02 5.873290015360468734e-03 1.908296742020218137e-02 3.997356683343206152e-02 9.910661882746437876e-04 0.000000000000000000e+00 3.970606742917979527e-03 1.205809970790341218e-02
7.183069351894827773e-03 1.303339067955816555e-01 1.773429465262927815e-02 1.382374716135880977e-01 1.719494659902425504e-01 3.640096129569201505e-03 1.281533414742152266e-01 4.981297217873309480e-02 2.155483847386942958e-02 1.313957458902381518e-03 1.573630023691406817e-03 2.565401012446035228e-03 2.045792426712687156e-02 3.585341368107354629e-03 0.000000000000000000e+00 0.000000000000000000e+00 4.450647172168790792e-03 7.001064447084316689e-02 1.117767816430175268e-02 2.162653194020889846e-01
6.424523597178906711e-03 7.321231582177049717e-03 1.215982077373398001e-01 1.880345445644821673e-02 1.446365850476663273e-01 1.382709953050162074e-02 9.553592912385061239e-03 2.467170471808548815e-01 7.300400267731260717e-02 3.546303938661538036e-02 0.000000000000000000e+00 1.643241551691410757e-02 0.000000000000000000e+00 0.000000000000000000e+00 0.000000000000000000e+00 0.000000000000000000e+00 0.000000000000000000e+00 2.957509051402661127e-02 1.380928665075096540e-01 1.385508433530698580e-01
1.497190426138463298e-03 1.565592251579509681e-02 1.198828751786399083e-01 4.634060545969221484e-02 1.546426969954146080e-01 0.000000000000000000e+00 2.768957137938126908e-02 1.674773396910379797e-01 0.000000000000000000e+00 5.091796483305906576e-03 0.000000000000000000e+00 5.220100079276841255e-03 0.000000000000000000e+00 0.000000000000000000e+00 0.000000000000000000e+00 7.917430544907315057e-03 0.000000000000000000e+00 1.515400737051580959e-01 1.474356651833788889e-01 1.496087323578735029e-01
1.015423662682649192e-01 1.578005406782776732e-01 2.507347535222261004e-02 1.654282775539797884e-04 1.675799953714212365e-01 4.805446328097878403e-03 0.000000000000000000e+00 1.343962085396072370e-01 0.000000000000000000e+00 0.000000000000000000e+00 0.000000000000000000e+00 7.799419817715077217e-03 2.074019101706394211e-02 0.000000000000000000e+00 0.000000000000000000e+00 0.000000000000000000e+00 8.261913322162364997e-04 7.171449798771800666e-02 1.661545940129338372e-01 1.414016450169072181e-01
0.000000000000000000e+00 1.651610855614908668e-02 1.255007454285834902e-03 1.626452219996424309e-01 2.477635422793421967e-03 1.272114644385815840e-01 1.069650766899411971e-02 7.961469296258269490e-02 1.433932124339781511e-01 0.000000000000000000e+00 3.288014837219140713e-04 1.321662805624327364e-01 2.229604785030129058e-02 2.370222216352033898e-03 1.152324573460851431e-01 1.985377478892517197e-03 6.508235169066593209e-04 0.000000000000000000e+00 4.602138419777348360e-02 1.351387544105270011e-01
1.183534601799667435e-01 1.267132608386981885e-01 4.217130240536538094e-02 6.846232892026031872e-03 9.325367491095472305e-02 1.361061150966860478e-01 1.116549092838034218e-01 8.771856654562544542e-02 0.000000000000000000e+00 0.000000000000000000e+00 3.343134685689860136e-03 6.934482627448083913e-02 0.000000000000000000e+00 0.000000000000000000e+00 0.000000000000000000e+00 0.000000000000000000e+00 1.651296496970171626e-02 0.000000000000000000e+00 3.356926535314003202e-02 1.544122865638614950e-01
2.030435652501174845e-02 3.960961926655668514e-02 3.293489539970528282e-04 1.727272047527267373e-01 1.478365014898275487e-01 1.414904085024859537e-01 0.000000000000000000e+00 2.203935131503800132e-02 0.000000000000000000e+00 3.211145411360692703e-02 1.627445767706732266e-04 1.342796794292915319e-01 0.000000000000000000e+00 0.000000000000000000e+00 9.912570170932354097e-03 7.668869337937493126e-03 1.337078202208095978e-01 4.929125287567479724e-03 1.217956468834408140e-01 1.109529917399923633e-02
3.704956586199303903e-02 9.938883415982249780e-02 2.675162322863045006e-02 1.343878274021498009e-01 3.308185969417616612e-02 1.496501255371147096e-03 1.538630119933357410e-01 3.724300829713148714e-02 2.127347521361961161e-02 1.227922544167076198e-02 0.000000000000000000e+00 1.535773758442217918e-01 7.826522251093199004e-03 2.561787605164974474e-02 1.647129602664789544e-04 0.000000000000000000e+00 2.175570191279672591e-03 1.054828657397194752e-01 4.849357045427811139e-03 1.434907873684410085e-01
5.787805533445043379e-03 1.955444668138510075e-02 4.010057879079660659e-03 7.381180632943531994e-02 1.673167572909724510e-01 8.248691417741438325e-02 1.715105828771081309e-01 0.000000000000000000e+00 0.000000000000000000e+00 2.268949847784622331e-02 0.000000000000000000e+00 1.209057082568811559e-01 2.884857987606075438e-02 1.690233007463999571e-02 0.000000000000000000e+00 0.000000000000000000e+00 0.000000000000000000e+00 1.274680062803557404e-02 1.440590195787644079e-01 1.293696923389317521e-01
