0.000000000000000000e+00 3.798282124826578982e-02 1.471029989107730807e-01 1.124874005716125502e-02 2.488930331274534502e-02 2.584698151060804347e-03 1.088216679230649270e-01 1.326903019892269626e-03 1.480052387929050271e-02 5.613926532914220030e-02 8.334148293977223902e-05 0.000000000000000000e+00 1.595182446176714825e-03 0.000000000000000000e+00 2.715303829673547664e-01 2.477514992845954319e-04 0.000000000000000000e+00 1.081773843169670651e-01 2.296547568823427941e-03 1.484421019255871381e-02 9.931526716989527194e-04 2.358169922845366681e-02 1.617909519929818310e-02 2.996552128461153416e-02 1.256088093104364145e-01
1.064694936177536027e-03 1.401011859622583108e-02 1.698826769137441392e-02 2.458976743786706141e-03 2.411985237119099734e-01 6.002511977266151988e-03 1.523468550016416345e-01 0.000000000000000000e+00 9.553420756649780993e-03 1.309544217604574068e-01 6.164181529013076921e-02 2.729620601127047061e-02 0.000000000000000000e+00 0.000000000000000000e+00 3.771337926896201065e-02 1.505907438468503598e-02 0.000000000000000000e+00 0.000000000000000000e+00 0.000000000000000000e+00 0.000000000000000000e+00 7.983920446346408275e-05 4.101440019812176672e-03 4.694369621550380928e-04 1.511621593044469580e-01 1.278988583785846955e-01
4.078693794358837811e-03 1.099542325059849751e-01 1.674817570196220073e-01 4.550880127885796773e-03 2.123466985869489412e-02 0.000000000000000000e+00 1.165027870954787048e-01 1.501917121362791596e-01 5.238920004949365779e-03 2.810504667012342188e-03 4.063455771557226981e-02 1.163957835160063792e-01 0.000000000000000000e+00 0.000000000000000000e+00 1.842242788035310802e-02 0.000000000000000000e+00 1.695722614461919048e-02 5.655750732724637575e-02 1.665692338110500402e-04 9.843811135455231287e-02 0.000000000000000000e+00 1.156587496558405224e-02 0.000000000000000000e+00 5.137881554156756986e-02 7.438969110421556584e-03
2.184515703384860841e-02 1.182528379712754693e-02 1.722867697831379982e-02 1.895337403570645412e-03 1.305103802931074364e-01 1.298490577395242963e-03 1.169132519698051070e-01 8.337091892024466044e-02 3.927384837113501864e-02 6.266088302821598045e-03 0.000000000000000000e+00 6.999236985765162899e-02 6.494325375356603232e-04 3.934259148411192904e-03 2.700682325641312262e-02 0.000000000000000000e+00 1.649674484315955621e-04 0.000000000000000000e+00 2.131450014445606615e-03 6.277177528476424184e-02 0.000000000000000000e+00 1.431124950635629008e-02 1.347559618385967273e-01 1.368464534477069339e-01 1.170078240123172547e-01
0.000000000000000000e+00 9.923390092488343361e-02 1.386398158085831592e-03 5.475108310723546734e-04 1.266966705721353503e-01 0.000000000000000000e+00 1.338991543462364486e-01 2.064149790745944402e-01 7.984926329792226343e-03 2.052966965335481508e-02 0.000000000000000000e+00 3.673617621425200735e-02 0.000000000000000000e+00 0.000000000000000000e+00 2.042306992189791767e-02 0.000000000000000000e+00 4.878727435984949595e-02 0.000000000000000000e+00 1.077248691126651281e-01 1.581339721467251921e-02 1.602310915622488091e-02 6.442174604829524476e-02 0.000000000000000000e+00 9.063694928890621283e-02 2.740198793081540223e-03
0.000000000000000000e+00 2.020346860853813042e-01 1.397910240725663833e-01 0.000000000000000000e+00 1.461278212511668839e-01 0.000000000000000000e+00 1.668288424800487835e-01 8.338362572025933769e-03 3.247828460714129173e-02 1.166690278255631385e-03 1.061007208328715702e-03 2.976504952290314355e-03 4.863095329816606756e-03 0.000000000000000000e+00 7.602216883062851149e-02 0.000000000000000000e+00 5.442390809632347004e-02 3.552766776991391103e-03 0.000000000000000000e+00 1.623409478092252122e-03 8.305477140258394871e-04 0.000000000000000000e+00 4.756198780521497804e-03 1.475755713390887458e-01 5.549110147306410452e-03
8.832384460043406216e-02 1.346311030358914584e-01 1.304238521436399678e-01 1.849764875920357002e-02 3.318751834611546100e-04 1.819796968782025999e-03 2.073552581353398927e-01 4.455468312114604749e-03 5.814883111053101468e-03 2.064847282396872416e-02 0.000000000000000000e+00 6.179664548917514905e-02 0.000000000000000000e+00 0.000000000000000000e+00 1.434422487885823362e-02 8.913670114320493233e-04 4.539768731718477925e-03 1.089701862421477707e-01 8.037771687593810860e-03 2.339217585258207988e-03 0.000000000000000000e+00 0.000000000000000000e+00 1.338833949561152488e-02 1.461188397354289958e-01 2.727143606888709701e-02
6.321469207505613086e-03 0.000000000000000000e+00 1.219376797451999922e-01 5.970127211525213390e-02 1.902158117717576979e-02 6.104335658323288040e-03 1.751279589926548474e-01 3.485993585800684774e-02 9.703244822704910899e-02 4.849126410473456050e-02 0.000000000000000000e+00 1.467410531444695047e-03 0.000000000000000000e+00 0.000000000000000000e+00 1.409595097019822156e-02 2.164337826436683529e-03 1.316058962971203561e-01 1.002450886277040792e-01 1.212635474668274059e-02 1.045179335730636455e-01 0.000000000000000000e+00 5.611641259188737858e-03 8.026523574877571579e-03 4.463072786890415200e-02 6.910189638476957677e-03
1.265337448709920320e-02 6.977039802183442052e-03 7.225928301055371990e-03 0.000000000000000000e+00 2.207523270948647254e-01 1.075770445978654379e-03 5.555924429252482796e-04 1.432951463453679686e-01 1.234674754886388032e-01 3.117397420293118240e-02 7.415061691290625312e-02 2.278613038501774157e-01 1.121370747304126139e-03 0.000000000000000000e+00 0.000000000000000000e+00 0.000000000000000000e+00 0.000000000000000000e+00 4.416788088541416003e-03 0.000000000000000000e+00 1.682025672949875482e-03 1.023983161937073484e-02 1.486274672880130623e-03 2.248239324585205035e-02 8.181950402292612057e-02 2.756326255604719597e-02
0.000000000000000000e+00 4.866770051716563621e-03 4.736397727382102990e-02 0.000000000000000000e+00 1.111616425698985500e-01 4.348036604395450573e-04 1.866907973873481452e-01 1.481612333650246249e-01 2.869008753944170959e-02 2.886384375566095062e-02 0.000000000000000000e+00 3.164278365777190016e-02 0.000000000000000000e+00 0.000000000000000000e+00 4.672187979082535747e-02 6.840267377534821336e-02 4.967327517125435035e-03 8.491517368782708006e-03 1.389462150043287991e-01 7.995904514392873641e-02 4.992284150075881888e-04 8.285254647656826316e-04 3.541288965634119268e-02 1.073386451734963283e-02 1.716089408507372877e-02
4.733407541527059328e-04 1.692759968406772801e-03 2.807771590045532450e-01 2.092644650006910204e-02 3.094753156913440141e-03 1.302149790986934508e-01 9.231034999640536087e-02 2.446601163894754696e-02 7.299386729090265313e-02 9.658906920475759939e-02 1.682727240115243191e-03 1.574479796001633791e-01 6.295388312256598251e-04 0.000000000000000000e+00 5.721302267512393819e-02 3.326957773811669867e-03 0.000000000000000000e+00 0.000000000000000000e+00 0.000000000000000000e+00 1.884454811505046137e-02 0.000000000000000000e+00 0.000000000000000000e+00 2.287569803142490768e-02 0.000000000000000000e+00 1.444079111928290270e-02
4.279823173646019746e-03 0.000000000000000000e+00 1.750558615921520844e-01 0.000000000000000000e+00 9.672022872582586306e-02 7.776343630586269196e-04 1.813404269440303251e-01 1.606557328666079476e-01 1.162706977471870268e-02 0.000000000000000000e+00 8.562084092124781776e-02 4.992541750266368209e-04 0.000000000000000000e+00 0.000000000000000000e+00 3.210168929108934976e-02 5.617677818683778496e-02 0.000000000000000000e+00 3.733635002151900091e-03 1.242821636410456065e-01 0.000000000000000000e+00 0.000000000000000000e+00 0.000000000000000000e+00 1.947983479383601311e-03 1.064038305426003202e-02 5.454049480891774715e-02
0.000000000000000000e+00 1.093574116375788940e-01 1.743991993588450695e-01 1.294543214913589924e-01 1.330165029276005918e-02 0.000000000000000000e+00 1.715632840438582885e-01 0.000000000000000000e+00 2.818554056647922662e-02 1.307564046796592938e-01 0.000000000000000000e+00 1.129379667726572271e-02 0.000000000000000000e+00 0.000000000000000000e+00 1.170958096627132752e-02 0.000000000000000000e+00 6.063277380585513354e-03 3.111535835752691570e-04 6.085652575826881391e-03 0.000000000000000000e+00 0.000000000000000000e+00 0.000000000000000000e+00 2.275802847791585232e-02 4.361794596111705224e-02 1.411427523069025414e-01
2.039403868720420995e-02 7.875033206753846715e-03 0.000000000000000000e+00 7.158706019067427595e-02 1.437302166412487703e-01 0.000000000000000000e+00 1.666113445758603540e-01 2.583614071554156399e-02 0.000000000000000000e+00 4.900153091048092130e-02 0.000000000000000000e+00 1.665843696348683707e-04 1.034778181062524782e-02 1.490022256588590137e-03 1.399803220342092369e-01 1.299128235846643735e-03 0.000000000000000000e+00 4.566299438363357124e-03 1.481152470634961305e-01 6.610433989257954394e-04 0.000000000000000000e+00 0.000000000000000000e+00 5.428087978013826885e-03 1.503347060061503357e-02 1.878766478859174582e-01
0.000000000000000000e+00 1.791354740639248058e-02 1.266618258932247776e-01 8.460466252809120680e-03 4.442359015917742709e-02 0.000000000000000000e+00 6.970932572809476757e-02 1.714683838605696453e-01 8.137999826678602236e-03 1.000181497342813308e-01 0.000000000000000000e+00 1.528233375150883366e-01 9.365408998610381952e-02 4.518101410034676413e-03 3.252195407050609277e-02 0.000000000000000000e+00 0.000000000000000000e+00 0.000000000000000000e+00 1.159303424822046708e-02 7.417395792872312488e-02 2.342892889603844214e-03 2.639888856850896096e-02 3.083431953949056226e-02 0.000000000000000000e+00 2.434613498249198552e-02
0.000000000000000000e+00 1.630739619814461664e-03 1.833287651084018754e-01 0.000000000000000000e+00 2.152258135068720740e-02 0.000000000000000000e+00 1.760526207074154248e-01 1.593471467920571649e-01 1.658198400183430498e-03 0.000000000000000000e+00 7.277020333058431024e-03 1.244940168687842623e-02 0.000000000000000000e+00 8.983285931058717028e-04 8.774862492174420603e-03 0.000000000000000000e+00 1.221400359005773428e-01 0.000000000000000000e+00 1.222746152399089153e-01 7.726568167944942306e-03 0.000000000000000000e+00 3.124899019266699773e-03 1.620702820388870632e-02 4.785950689688328770e-03 1.508012376949484090e-01
0.000000000000000000e+00 5.797940975962653266e-03 1.276263426542660062e-01 9.773069580212361343e-03 1.430690037703694073e-01 4.379830415772540883e-03 3.956036184751171580e-02 1.426446970414691484e-01 9.198069845961963364e-03 2.431573879571202398e-02 0.000000000000000000e+00 1.694193313771027304e-02 8.263912300626795153e-04 2.096527476101288541e-03 2.940066989567867439e-02 0.000000000000000000e+00 6.819040334259703420e-03 6.521222911939748845e-02 1.216650733402925427e-01 8.510700075811146806e-03 6.873610004586951094e-02 1.729946097571892147e-02 1.733950483524957994e-02 4.990512771139374044e-04 1.382882633294964247e-01
1.957236954272331946e-03 0.000000000000000000e+00 4.712635224536724024e-03 0.000000000000000000e+00 1.406923908939578527e-01 0.000000000000000000e+00 1.586823355897285792e-01 2.547062526984582020e-01 1.255322027663503717e-04 2.888314107100196579e-02 0.000000000000000000e+00 1.608848346727533365e-02 1.107604401149159777e-02 0.000000000000000000e+00 4.258756837894443759e-02 0.000000000000000000e+00 9.958764428263539026e-02 1.484196190740385201e-03 1.247517208566520375e-01 3.929732816767834806e-03 1.658901199856833888e-04 6.789498805962725092e-02 2.220945036827270958e-02 0.000000000000000000e+00 2.046475681288532564e-02
0.000000000000000000e+00 2.207062513821732644e-02 1.228065114607075348e-01 1.354291437819794613e-03 1.986077022849172535e-02 4.081668046259472049e-03 9.641528614654772122e-02 1.263618868568904541e-01 0.000000000000000000e+00 1.297987592056393802e-01 2.671288628771733079e-02 4.222978097621997440e-02 6.079769742997172266e-02 5.246072922786267079e-02 1.185448773114231302e-01 0.000000000000000000e+00 1.137158747917095319e-03 3.229356775824481006e-04 4.154213705961980890e-02 0.000000000000000000e+00 0.000000000000000000e+00 0.000000000000000000e+00 1.612888246865709554e-03 3.959629897137330670e-03 1.279294806171093479e-01
1.984075764835904754e-03 0.000000000000000000e+00 4.019355389215217150e-02 5.304373293228450970e-02 1.320963822441277857e-01 0.000000000000000000e+00 2.002024003330413540e-02 5.969259661426797210e-03 1.179497299776119668e-01 1.611847291580511404e-02 1.393518800339753512e-02 1.873227271431053553e-02 8.332364570159353501e-02 0.000000000000000000e+00 1.880142057175371861e-01 9.508287258342996984e-03 8.549359113742130423e-02 4.728967605308672523e-02 6.727506973105994506e-03 6.428898192325924882e-03 0.000000000000000000e+00 0.000000000000000000e+00 7.305086720482231732e-03 1.152988167817876365e-02 1.343363124286688914e-01
0.000000000000000000e+00 0.000000000000000000e+00 1.344304606182489814e-01 9.811402422015189605e-04 7.671917603700945110e-02 0.000000000000000000e+00 2.324209101542488304e-02 1.446712317207463905e-01 6.579722660792469875e-03 1.879546003046011771e-01 0.000000000000000000e+00 1.070875086552889460e-01 3.643260437842193306e-02 4.676524800740511920e-04 1.123304444988641737e-03 3.052491954426958965e-03 2.510870960934610818e-02 0.000000000000000000e+00 8.943863096914018984e-02 1.017099326815937461e-02 0.000000000000000000e+00 8.054536184765027917e-02 4.639357540277112141e-02 1.183155688400983237e-02 1.376918750669766170e-02
0.000000000000000000e+00 1.146418007330003317e-03 2.277112001171519573e-01 7.295124506851052501e-03 3.614125384858940526e-02 3.629290221762472568e-02 3.654810451691684753e-02 9.369054633395330033e-04 5.556170028043514592e-03 1.257720307178675778e-01 0.000000000000000000e+00 1.098923976233012745e-01 8.976854860822477966e-02 4.650341061555972669e-03 1.846987432391344608e-01 0.000000000000000000e+00 9.677482785432860515e-03 6.696217407991054103e-03 4.100298342766932076e-04 3.654143308647397892e-03 0.000000000000000000e+00 6.712876449415763891e-02 2.156901104431848282e-03 4.315051359685216810e-03 3.955126974944624119e-02
0.000000000000000000e+00 1.155996280387598246e-01 3.295810133898386535e-02 1.192188572788896866e-01 0.000000000000000000e+00 0.000000000000000000e+00 2.243361722108587752e-01 0.000000000000000000e+00 1.364801506533082354e-01 1.455461560734041052e-02 8.337333884832041561e-03 6.569599186437769488e-03 1.055603909925774929e-03 0.000000000000000000e+00 1.169361927938223772e-01 2.720711286794367384e-02 1.559217892097249959e-02 3.411109705075217671e-03 1.372774119897884719e-02 0.000000000000000000e+00 4.555163895360639890e-03 0.000000000000000000e+00 0.000000000000000000e+00 1.487113540464628236e-01 1.074908446204744100e-02
1.789493893687221955e-03 1.137654393694592786e-01 1.172075140865632137e-01 0.000000000000000000e+00 1.668112811628196749e-03 1.499714174337647976e-01 1.580983069910829319e-01 9.946726035151702561e-02 1.810235463061565797e-02 5.579618624187910464e-02 8.219714826927420129e-03 3.942382258622921520e-02 1.235388061924994670e-03 0.000000000000000000e+00 5.737151550016863014e-03 8.456009540358442461e-03 1.665759535918010599e-04 0.000000000000000000e+00 1.236193206766193209e-01 3.079838473518173563e-03 0.000000000000000000e+00 1.486928695950736831e-02 2.417351148446818601e-02 2.872440415800975658e-02 2.642888991863104331e-02
1.112353024002575227e-02 4.878901829168505282e-03 2.306931617665165524e-01 3.466323593135323122e-02 6.243840928802452334e-04 1.665922630199855590e-04 1.713825780321404438e-02 5.905191929274181432e-04 3.110925947206953646e-02 1.451892971373128782e-01 0.000000000000000000e+00 1.420057636784450850e-01 2.019145292750334705e-02 0.000000000000000000e+00 1.553318469363986765e-01 1.333430435642557054e-04 0.000000000000000000e+00 4.954187492983648565e-04 3.121169993023157480e-02 5.844549413666463161e-03 0.000000000000000000e+00 6.265298548547314217e-03 2.867624512281287397e-02 3.991868555849606773e-03 1.296753733651943019e-01
0.000000000000000000e+00 2.264682003574165423e-02 4.992635704444513397e-04 0.000000000000000000e+00 1.533377478618108969e-01 3.330287696748845060e-04 1.770513550610811337e-01 7.636667151574075274e-02 4.969005349048600867e-04 4.986408456008099236e-04 0.000000000000000000e+00 8.932263487494393472e-02 4.491472537148879368e-02 4.983394360676942020e-04 8.502627569295290177e-03 0.000000000000000000e+00 8.128504019231815730e-03 1.480973342023563649e-02 2.282512423766914350e-03 0.000000000000000000e+00 1.810220002560755832e-03 0.000000000000000000e+00 1.337811646458108850e-01 1.431587961847724522e-01 1.215603138568263769e-01
5.788809391560534659e-03 0.000000000000000000e+00 1.275297990222783173e-01 0.000000000000000000e+00 2.321090224067663688e-01 1.827264396269689603e-02 1.503765839871615551e-01 1.572143003306963327e-01 3.037308329047866753e-02 0.000000000000000000e+00 2.715096630524396759e-02 1.111546500654842125e-02 0.000000000000000000e+00 2.857403765320000195e-03 4.874956009847052074e-02 0.000000000000000000e+00 0.000000000000000000e+00 0.000000000000000000e+00 0.000000000000000000e+00 0.000000000000000000e+00 0.000000000000000000e+00 2.691284824128708369e-02 9.453661872688833012e-03 7.880462426023178424e-02 7.329122805857080092e-02
0.000000000000000000e+00 4.305201567340554564e-02 1.776557534618762868e-01 9.383129124769493123e-02 1.045588341862445925e-01 0.000000000000000000e+00 1.677663932213089848e-01 1.184944685721924240e-01 4.884445852461712090e-02 5.111801314802196482e-03 0.000000000000000000e+00 5.731480472417231804e-03 1.921581686576847572e-03 0.000000000000000000e+00 2.244636560941701622e-02 0.000000000000000000e+00 1.579022484776400955e-04 8.567776972326647186e-03 2.952750507505925645e-02 9.222249674999614955e-02 0.000000000000000000e+00 2.620743282409137339e-03 5.779601959304807995e-02 9.936561405587508028e-03 9.756550702542464426e-03
5.061446637112350551e-03 0.000000000000000000e+00 2.841380509858015824e-01 2.093708933974701078e-03 0.000000000000000000e+00 1.976439555891596183e-03 1.556341051672796849e-01 5.608010619051787687e-02 1.317135115052476546e-01 0.000000000000000000e+00 1.200803522358206803e-02 6.096969949377607084e-02 0.000000000000000000e+00 0.000000000000000000e+00 9.097692571887753404e-03 0.000000000000000000e+00 6.655961080235258710e-03 0.000000000000000000e+00 4.751158191217013695e-03 7.369023470299723851e-05 3.143114092434199855e-03 9.741254362811337802e-03 9.649812535976810476e-03 1.277395446715554883e-01 1.194726685659957405e-01
0.000000000000000000e+00 6.650984457263303673e-02 2.627993427158654138e-01 0.000000000000000000e+00 0.000000000000000000e+00 0.000000000000000000e+00 2.110391129042421543e-01 0.000000000000000000e+00 4.845475197502249060e-02 1.150124372649058702e-01 0.000000000000000000e+00 1.342458552858220508e-02 0.000000000000000000e+00 4.166506843098848944e-06 1.141314225567811452e-01 0.000000000000000000e+00 4.991860719395206257e-04 0.000000000000000000e+00 8.271039600115600871e-04 0.000000000000000000e+00 0.000000000000000000e+00 2.693380796952977996e-02 1.166495797692341033e-02 1.286992799967203449e-01 0.000000000000000000e+00
0.000000000000000000e+00 0.000000000000000000e+00 5.838684642029524918e-02 4.440554473709814633e-04 0.000000000000000000e+00 8.052412215995095456e-05 4.200498455491379068e-02 1.157768488068902993e-03 2.037639927662588113e-01 6.189113140064867596e-02 1.748342692266921473e-03 2.700181759869203502e-01 2.638018208142017471e-02 0.000000000000000000e+00 1.047706280340595167e-02 1.597676752984947528e-05 2.300002373179715898e-02 1.747064004498203454e-02 1.243523883090537074e-01 7.757959420156918841e-03 1.617740309997112613e-04 1.738380293254975081e-03 1.227963832362767710e-01 4.000230584720132574e-04 2.595338434374713094e-02
0.000000000000000000e+00 1.342860879720723759e-02 8.835325606188741687e-02 0.000000000000000000e+00 3.325375621183326662e-04 0.000000000000000000e+00 1.692122753943681446e-01 1.640911388473385302e-01 6.738876237327792382e-03 4.996634661927404179e-03 8.929190194457220509e-02 6.368983203206897425e-02 0.000000000000000000e+00 0.000000000000000000e+00 1.002114423448338676e-01 5.332087115056329159e-03 4.488268585834978737e-03 0.000000000000000000e+00 7.000365413730895436e-02 8.421018752125698781e-02 1.323696998083322010e-03 1.905693564409696034e-03 9.366965221392922758e-03 3.344342928291797312e-04 1.226885086801778046e-01
0.000000000000000000e+00 1.899143877776060009e-03 9.805597801192274948e-03 9.798838217949226714e-02 2.130774160241523038e-02 0.000000000000000000e+00 1.825854030654691096e-01 1.460536969100083076e-03 1.106030103373307899e-01 6.272074335071714177e-03 4.100402923960662360e-02 6.339798351164763202e-02 3.514809998484685807e-03 3.933039062542167258e-02 1.952314164675481370e-02 0.000000000000000000e+00 0.000000000000000000e+00 0.000000000000000000e+00 2.670857511782636241e-03 4.711007798012965819e-02 4.615590558639540912e-04 6.486137358488034722e-03 7.262325139040240463e-02 1.433205492250894664e-01 1.286353222884809577e-01
5.298459322040705022e-03 7.555953682353153816e-03 1.386522463993298815e-01 0.000000000000000000e+00 0.000000000000000000e+00 3.077085210008069656e-04 6.874815828482697122e-02 6.195450068356318785e-02 1.400659365270390533e-01 1.935717452897170454e-02 0.000000000000000000e+00 2.317528255012054565e-03 1.908249113163832181e-02 1.310151961551252317e-03 1.440182461663156166e-01 0.000000000000000000e+00 6.866603519808019140e-02 1.472368684928430406e-02 0.000000000000000000e+00 8.890858853977149159e-03 0.000000000000000000e+00 1.367129549179255110e-01 2.228069294296265365e-02 1.387021644176527346e-01 1.355051356474819193e-03
1.186861172859311232e-02 0.000000000000000000e+00 1.147240790900599244e-01 0.000000000000000000e+00 2.036888007418295385e-02 0.000000000000000000e+00 4.595263452076830263e-02 3.383356221140172010e-02 3.299031812866452112e-02 0.000000000000000000e+00 4.603739376777008820e-03 1.804438680083063351e-01 3.360233847906723796e-03 0.000000000000000000e+00 1.322699448818115964e-01 2.050256368933783997e-03 0.000000000000000000e+00 0.000000000000000000e+00 0.000000000000000000e+00 2.562740486146491102e-03 0.000000000000000000e+00 2.075615483904884317e-03 1.238347160903598559e-01 1.353063169634043938e-01 1.537544827387783697e-01
