2.814399939793288397e-01 3.776870056767944045e-02 0.000000000000000000e+00 9.120859214614053523e-02 1.487923530261861874e-02 0.000000000000000000e+00 0.000000000000000000e+00 1.116439560429043076e-02 0.000000000000000000e+00 0.000000000000000000e+00 0.000000000000000000e+00 4.134741156511372029e-02 0.000000000000000000e+00 0.000000000000000000e+00 0.000000000000000000e+00 5.678925664245619565e-02 6.848348322117420173e-02 2.896842692772177638e-02 1.817506701608105901e-01 1.861998338826657828e-01
2.989278049163376222e-02 0.000000000000000000e+00 0.000000000000000000e+00 2.632254189659095078e-01 3.318256816403697407e-02 0.000000000000000000e+00 0.000000000000000000e+00 2.059737361232174824e-01 0.000000000000000000e+00 1.244658341491009651e-02 2.250787280669037937e-01 1.962518338909433613e-01 0.000000000000000000e+00 0.000000000000000000e+00 0.000000000000000000e+00 0.000000000000000000e+00 0.000000000000000000e+00 0.000000000000000000e+00 3.394835088244501503e-02 0.000000000000000000e+00
1.236120585082904622e-01 1.380551536103529209e-01 2.080896680396629103e-02 8.592716194352424675e-02 4.682177367559585413e-02 0.000000000000000000e+00 2.514010438742659073e-02 1.280400743739530944e-01 0.000000000000000000e+00 0.000000000000000000e+00 3.004420617987099001e-02 0.000000000000000000e+00 0.000000000000000000e+00 1.235890569011449495e-02 1.741819573870521118e-03 2.101373093622922392e-02 0.000000000000000000e+00 1.918297716782197196e-02 1.771211693810221532e-01 1.701318977679612821e-01
1.454924004102400859e-01 1.201770557759457639e-02 0.000000000000000000e+00 1.348709843185070534e-01 0.000000000000000000e+00 0.000000000000000000e+00 0.000000000000000000e+00 3.118273876873843900e-02 0.000000000000000000e+00 0.000000000000000000e+00 0.000000000000000000e+00 1.620546303345576922e-01 3.871264991213743678e-02 0.000000000000000000e+00 9.108719894035252618e-02 4.736975013325787909e-02 0.000000000000000000e+00 0.000000000000000000e+00 2.023153156921377593e-01 1.348966259124767253e-01
0.000000000000000000e+00 0.000000000000000000e+00 0.000000000000000000e+00 1.626753717398548016e-01 3.026478181456511776e-02 2.088684915693580779e-01 0.000000000000000000e+00 3.274824818502296980e-02 0.000000000000000000e+00 0.000000000000000000e+00 1.674665040120803250e-01 0.000000000000000000e+00 0.000000000000000000e+00 0.000000000000000000e+00 2.293542275434465594e-01 0.000000000000000000e+00 7.976615241750412491e-03 0.000000000000000000e+00 1.606457598939218245e-01 0.000000000000000000e+00
7.116857286517833114e-02 0.000000000000000000e+00 0.000000000000000000e+00 0.000000000000000000e+00 1.943513980624300974e-01 1.709626737965736221e-01 0.000000000000000000e+00 6.974681624351092291e-02 0.000000000000000000e+00 9.865879188095066921e-02 1.613828437063170029e-01 2.272975864788317202e-01 0.000000000000000000e+00 0.000000000000000000e+00 0.000000000000000000e+00 0.000000000000000000e+00 0.000000000000000000e+00 6.431316966207662779e-03 0.000000000000000000e+00 0.000000000000000000e+00
7.585258401983975551e-02 0.000000000000000000e+00 0.000000000000000000e+00 1.063215335246232573e-01 1.849984445156390711e-01 1.676718239387546827e-01 7.472074578121963052e-04 2.454197559285374933e-02 0.000000000000000000e+00 0.000000000000000000e+00 8.026842233841759990e-05 2.118876037351078434e-01 0.000000000000000000e+00 9.665231437644642570e-03 0.000000000000000000e+00 0.000000000000000000e+00 0.000000000000000000e+00 5.748488969369349583e-02 1.607484376616929445e-01 0.000000000000000000e+00
2.668352459156872469e-01 2.397209605027587898e-02 0.000000000000000000e+00 6.471695983477605309e-03 5.970947895960138779e-02 0.000000000000000000e+00 0.000000000000000000e+00 1.059686197494856714e-02 1.178546782512179675e-01 0.000000000000000000e+00 5.372351129839217365e-02 9.155770320727370237e-02 0.000000000000000000e+00 0.000000000000000000e+00 0.000000000000000000e+00 7.558172337512518522e-04 4.373433620182108628e-02 0.000000000000000000e+00 1.189120854349911272e-01 2.058764894885619645e-01
0.000000000000000000e+00 0.000000000000000000e+00 3.963921956873368152e-02 1.772459552497768209e-01 3.251041937841723378e-02 2.201463392718517875e-01 0.000000000000000000e+00 1.660192575748353216e-01 0.000000000000000000e+00 2.826691848395136708e-02 0.000000000000000000e+00 1.192758448238211977e-01 0.000000000000000000e+00 0.000000000000000000e+00 4.166317825889639254e-02 0.000000000000000000e+00 0.000000000000000000e+00 0.000000000000000000e+00 1.752328673897163014e-01 0.000000000000000000e+00
8.943443136747288025e-02 1.122111936055461001e-01 0.000000000000000000e+00 5.379195951727535480e-02 1.472319854358135338e-01 0.000000000000000000e+00 0.000000000000000000e+00 0.000000000000000000e+00 2.872501972135490730e-02 1.371175789529649747e-01 9.010653837988431836e-02 6.375946719602894330e-02 0.000000000000000000e+00 7.241461264742838147e-03 1.076087291607200208e-01 0.000000000000000000e+00 0.000000000000000000e+00 0.000000000000000000e+00 0.000000000000000000e+00 1.627716353981960296e-01
4.891576965311032754e-02 0.000000000000000000e+00 0.000000000000000000e+00 1.284149267720120502e-01 0.000000000000000000e+00 1.842687274826290411e-01 0.000000000000000000e+00 0.000000000000000000e+00 3.966053098153859285e-02 0.000000000000000000e+00 2.408187400293881897e-02 1.957349450240034872e-01 1.813377741336965254e-03 0.000000000000000000e+00 1.471393280569188167e-01 0.000000000000000000e+00 0.000000000000000000e+00 1.136212544234594390e-01 1.163492658620523673e-01 0.000000000000000000e+00
6.266411212068845327e-02 1.680670911987358629e-02 6.118675832810700072e-02 0.000000000000000000e+00 0.000000000000000000e+00 3.242971669857716566e-02 0.000000000000000000e+00 0.000000000000000000e+00 7.131081775046835269e-02 1.113177239762088988e-01 1.796169413686273808e-01 5.961300398533488087e-02 0.000000000000000000e+00 0.000000000000000000e+00 2.361666851410295365e-01 0.000000000000000000e+00 0.000000000000000000e+00 2.672778832926353196e-02 0.000000000000000000e+00 1.421597431818212021e-01
1.691220363096730406e-01 0.000000000000000000e+00 0.000000000000000000e+00 8.770838838628197687e-02 7.596131662796971884e-02 1.911457476965494617e-01 0.000000000000000000e+00 3.067094285456207093e-03 0.000000000000000000e+00 1.994995842812665593e-02 1.458151269645134931e-02 1.816906169116205283e-01 0.000000000000000000e+00 0.000000000000000000e+00 1.267506367691294961e-02 0.000000000000000000e+00 9.293068098596486692e-02 3.525720763203948373e-03 1.049601815215282646e-01 4.268168171026084229e-02
1.764809985233236900e-01 1.463026493056838739e-01 2.965758426389532298e-02 1.453261312754893786e-01 0.000000000000000000e+00 2.144125766159975799e-01 0.000000000000000000e+00 8.950449740378034133e-03 0.000000000000000000e+00 0.000000000000000000e+00 6.022055362398123085e-02 1.644270040700898938e-01 0.000000000000000000e+00 0.000000000000000000e+00 4.441418930055140296e-02 9.807863280609709078e-03 0.000000000000000000e+00 0.000000000000000000e+00 0.000000000000000000e+00 0.000000000000000000e+00
1.302823323255819510e-01 4.955227072465610144e-02 1.087087238840760833e-01 7.209216027109009717e-02 1.934082717357401768e-02 0.000000000000000000e+00 0.000000000000000000e+00 0.000000000000000000e+00 4.085770875981426659e-02 0.000000000000000000e+00 2.866318082665294739e-02 1.769765079428968213e-01 1.729688013864317739e-02 5.637928922890753786e-02 1.733983435115450666e-01 2.283736856400610943e-02 2.713163342776327841e-02 0.000000000000000000e+00 2.996282340949838960e-02 4.651994981129409928e-02
0.000000000000000000e+00 0.000000000000000000e+00 3.341300773634593019e-02 1.492342858166899044e-01 0.000000000000000000e+00 2.098119126389652589e-01 0.000000000000000000e+00 1.349091113825723331e-01 0.000000000000000000e+00 5.936793910187752529e-03 0.000000000000000000e+00 0.000000000000000000e+00 0.000000000000000000e+00 0.000000000000000000e+00 3.794385673033034631e-03 0.000000000000000000e+00 0.000000000000000000e+00 3.652102099081760977e-02 2.286299878672800046e-01 1.977494939841081545e-01
0.000000000000000000e+00 0.000000000000000000e+00 3.539111622936420842e-02 1.287194035362796141e-01 5.044818002995231192e-03 1.711979407969412281e-01 0.000000000000000000e+00 1.965156188946408922e-01 0.000000000000000000e+00 0.000000000000000000e+00 1.963035878323010630e-01 2.504636478141486489e-02 0.000000000000000000e+00 0.000000000000000000e+00 0.000000000000000000e+00 0.000000000000000000e+00 1.018798739744779074e-02 0.000000000000000000e+00 1.874522243170532176e-01 4.414093821156198083e-02
3.331186763288292441e-01 0.000000000000000000e+00 7.751816133756367355e-02 0.000000000000000000e+00 0.000000000000000000e+00 1.266352561360242247e-02 0.000000000000000000e+00 6.921150994362483544e-02 0.000000000000000000e+00 0.000000000000000000e+00 6.518620172523434397e-02 2.276428070953065430e-01 0.000000000000000000e+00 0.000000000000000000e+00 2.146591179558389462e-01 0.000000000000000000e+00 0.000000000000000000e+00 0.000000000000000000e+00 0.000000000000000000e+00 0.000000000000000000e+00
5.226433399185613331e-03 0.000000000000000000e+00 0.000000000000000000e+00 1.225115851658012817e-01 2.004570239405564502e-01 0.000000000000000000e+00 0.000000000000000000e+00 0.000000000000000000e+00 0.000000000000000000e+00 1.405776849568322190e-02 1.984631217996528640e-01 1.865068101442705351e-01 0.000000000000000000e+00 0.000000000000000000e+00 2.263032657696907313e-01 0.000000000000000000e+00 0.000000000000000000e+00 4.647399128515924960e-02 0.000000000000000000e+00 0.000000000000000000e+00
9.957813267470790042e-02 0.000000000000000000e+00 0.000000000000000000e+00 0.000000000000000000e+00 1.681225382524107748e-01 2.218068556178038331e-01 1.081665390448997149e-02 0.000000000000000000e+00 8.531259296369321510e-02 8.174863071603540032e-02 0.000000000000000000e+00 1.109902784645098658e-02 0.000000000000000000e+00 0.000000000000000000e+00 1.170058838978767779e-01 0.000000000000000000e+00 0.000000000000000000e+00 0.000000000000000000e+00 1.271663785151728732e-01 7.734330561135814575e-02
1.440748776159737031e-02 3.889021576984391659e-02 0.000000000000000000e+00 0.000000000000000000e+00 0.000000000000000000e+00 4.785438870162653235e-02 0.000000000000000000e+00 0.000000000000000000e+00 0.000000000000000000e+00 5.335972093504359054e-02 1.685665758301705119e-01 2.260736176585793344e-01 0.000000000000000000e+00 0.000000000000000000e+00 2.183251614346687908e-01 6.671008632754638068e-02 0.000000000000000000e+00 0.000000000000000000e+00 0.000000000000000000e+00 1.658127455809237372e-01
0.000000000000000000e+00 0.000000000000000000e+00 0.000000000000000000e+00 1.250291577192187420e-01 0.000000000000000000e+00 0.000000000000000000e+00 0.000000000000000000e+00 1.006211821294623887e-01 3.946195393270879315e-02 0.000000000000000000e+00 6.627160711718384223e-02 3.164316161225022017e-01 0.000000000000000000e+00 0.000000000000000000e+00 1.569422121911290616e-02 2.897841373786273420e-02 0.000000000000000000e+00 6.147822425943469393e-02 0.000000000000000000e+00 2.460336237625135591e-01
3.279206553067855190e-02 1.288494079636489653e-01 0.000000000000000000e+00 1.398069684305285609e-01 1.702815743072147725e-01 1.517795470548536640e-01 0.000000000000000000e+00 0.000000000000000000e+00 0.000000000000000000e+00 0.000000000000000000e+00 1.852860759299499727e-01 0.000000000000000000e+00 0.000000000000000000e+00 0.000000000000000000e+00 4.420930506118245402e-03 0.000000000000000000e+00 0.000000000000000000e+00 3.154905872909687103e-02 1.552343715479102548e-01 0.000000000000000000e+00
8.209915202194072170e-03 2.029620407484345745e-01 4.178811359341966930e-02 0.000000000000000000e+00 0.000000000000000000e+00 1.736851829253029666e-01 0.000000000000000000e+00 1.432478973987650339e-01 0.000000000000000000e+00 1.000337527349504790e-01 8.829373770741314256e-03 7.370806938813945219e-02 1.804760583372391758e-02 5.775529332492838203e-02 0.000000000000000000e+00 0.000000000000000000e+00 2.056599765805793446e-03 0.000000000000000000e+00 1.696761553135943956e-01 0.000000000000000000e+00
1.553195219743752631e-01 1.104844923590248967e-01 7.645480068533509754e-02 7.705057674848864169e-02 0.000000000000000000e+00 1.673401647339146925e-01 0.000000000000000000e+00 7.940733779943015547e-02 0.000000000000000000e+00 7.021292788482194624e-02 1.128593550796933714e-02 0.000000000000000000e+00 0.000000000000000000e+00 2.697092987608245770e-02 2.488502437874157494e-02 1.071787643547375685e-01 0.000000000000000000e+00 1.294976083791962197e-02 5.097651331604563518e-02 2.948324954311333165e-02
7.665089986860432192e-02 3.232452143897238117e-02 0.000000000000000000e+00 6.375930406016044882e-02 0.000000000000000000e+00 0.000000000000000000e+00 2.004259494607630828e-04 0.000000000000000000e+00 2.006810134565531478e-02 5.962015295717533123e-03 1.430542996842165682e-01 2.299589816451418356e-01 7.327208509856114778e-03 0.000000000000000000e+00 1.842628897217153672e-01 0.000000000000000000e+00 0.000000000000000000e+00 0.000000000000000000e+00 0.000000000000000000e+00 2.364313524804993183e-01
2.866904640969227674e-02 2.329519445759248852e-01 0.000000000000000000e+00 9.833985503249736970e-02 4.475229271987708757e-02 5.663756870606256183e-02 0.000000000000000000e+00 1.262339754424180449e-01 1.649923444464368102e-02 0.000000000000000000e+00 0.000000000000000000e+00 1.717147448028066015e-01 0.000000000000000000e+00 0.000000000000000000e+00 1.862153719892371273e-01 0.000000000000000000e+00 0.000000000000000000e+00 0.000000000000000000e+00 3.798596587684037462e-02 0.000000000000000000e+00
1.657160167654361804e-01 3.600030867338132462e-02 0.000000000000000000e+00 0.000000000000000000e+00 0.000000000000000000e+00 2.031226967051908971e-01 0.000000000000000000e+00 1.778704704258415037e-01 0.000000000000000000e+00 7.228919405112259160e-03 0.000000000000000000e+00 0.000000000000000000e+00 0.000000000000000000e+00 0.000000000000000000e+00 0.000000000000000000e+00 0.000000000000000000e+00 0.000000000000000000e+00 3.325432432390675735e-02 3.768072637011310455e-01 0.000000000000000000e+00
1.073296542380120927e-01 0.000000000000000000e+00 0.000000000000000000e+00 9.632124019037313634e-02 1.501076573027941841e-01 4.658385482780429132e-02 0.000000000000000000e+00 2.452773798095954014e-02 0.000000000000000000e+00 0.000000000000000000e+00 0.000000000000000000e+00 2.569070245877143055e-01 1.413569743339232465e-02 0.000000000000000000e+00 0.000000000000000000e+00 0.000000000000000000e+00 0.000000000000000000e+00 1.304976699105322158e-01 1.537851122346118593e-01 1.980435129380605022e-02
3.233914937366181297e-01 0.000000000000000000e+00 0.000000000000000000e+00 0.000000000000000000e+00 0.000000000000000000e+00 4.771396401106365454e-02 0.000000000000000000e+00 0.000000000000000000e+00 0.000000000000000000e+00 0.000000000000000000e+00 0.000000000000000000e+00 2.065079264465736475e-01 0.000000000000000000e+00 0.000000000000000000e+00 2.147413476102653374e-01 6.001932135271347696e-03 4.344273109818715117e-02 0.000000000000000000e+00 1.582006049620205412e-01 0.000000000000000000e+00
0.000000000000000000e+00 1.301581019566600828e-01 0.000000000000000000e+00 9.829159368553055942e-02 2.052562349785184426e-01 0.000000000000000000e+00 0.000000000000000000e+00 0.000000000000000000e+00 0.000000000000000000e+00 0.000000000000000000e+00 0.000000000000000000e+00 3.187940945488037525e-01 0.000000000000000000e+00 0.000000000000000000e+00 1.854326862159959843e-01 0.000000000000000000e+00 0.000000000000000000e+00 3.508514981284406066e-03 1.843562675985822852e-02 4.012314687334837121e-02
0.000000000000000000e+00 0.000000000000000000e+00 2.100155554236888059e-02 1.635331471707448525e-01 0.000000000000000000e+00 0.000000000000000000e+00 0.000000000000000000e+00 7.611888326026237939e-02 0.000000000000000000e+00 0.000000000000000000e+00 0.000000000000000000e+00 3.078850597501509578e-01 0.000000000000000000e+00 0.000000000000000000e+00 8.087509831779497727e-02 0.000000000000000000e+00 0.000000000000000000e+00 1.029640153788661215e-02 2.020251080420902567e-01 1.382647463787009534e-01
0.000000000000000000e+00 0.000000000000000000e+00 9.941221968594780856e-03 1.011131062663129798e-01 4.877087330654839015e-02 1.675555148331158428e-01 0.000000000000000000e+00 6.047481793817123530e-03 1.295414845019756123e-01 0.000000000000000000e+00 0.000000000000000000e+00 1.534414594762899542e-01 0.000000000000000000e+00 0.000000000000000000e+00 0.000000000000000000e+00 2.944345143426527894e-02 1.212463933662027808e-02 1.450677066407603522e-01 1.962371997130033519e-01 7.158607286960819030e-04
1.681238046592523627e-01 0.000000000000000000e+00 0.000000000000000000e+00 0.000000000000000000e+00 3.188217805021272694e-02 1.374344288800493641e-01 0.000000000000000000e+00 1.217269783177428732e-01 8.726491821254006576e-02 0.000000000000000000e+00 5.167810008817835116e-02 2.229357040320474048e-01 1.751640233411515951e-02 1.124955256927234748e-02 2.437099214351926696e-02 0.000000000000000000e+00 0.000000000000000000e+00 0.000000000000000000e+00 1.258169407130699247e-01 0.000000000000000000e+00
4.954105488393395484e-03 2.792814198673529771e-02 0.000000000000000000e+00 1.189841765851756827e-01 1.705467368475188927e-01 3.770373077458446381e-02 0.000000000000000000e+00 0.000000000000000000e+00 4.827077142537147814e-03 0.000000000000000000e+00 1.926260339775529018e-02 1.762892557517035108e-01 0.000000000000000000e+00 0.000000000000000000e+00 3.572988971262412716e-02 0.000000000000000000e+00 2.903086133551201209e-02 0.000000000000000000e+00 1.882704563874216253e-01 1.864729645900384813e-01
9.035822636812081143e-02 2.652996807587650399e-02 3.350838017203869919e-03 5.631552764652219406e-02 3.668517706366924980e-02 4.957083661988983397e-02 1.452073154524677334e-02 1.120503432316477810e-01 2.363194441875541771e-02 0.000000000000000000e+00 3.247829182982765045e-02 1.745930892290432079e-01 0.000000000000000000e+00 0.000000000000000000e+00 1.754489468211263004e-01 0.000000000000000000e+00 1.261045161840415423e-02 0.000000000000000000e+00 0.000000000000000000e+00 1.918556275146663659e-01
7.122620008201129005e-02 4.883721758642837509e-03 3.163938404415516086e-03 1.157763641187908032e-01 1.902498249585780343e-01 0.000000000000000000e+00 0.000000000000000000e+00 0.000000000000000000e+00 0.000000000000000000e+00 0.000000000000000000e+00 1.836546193705686780e-01 0.000000000000000000e+00 0.000000000000000000e+00 0.000000000000000000e+00 2.105625665956109005e-01 0.000000000000000000e+00 6.327644375678044553e-02 0.000000000000000000e+00 1.572063209546014917e-01 0.000000000000000000e+00
4.004261231547246586e-02 0.000000000000000000e+00 0.000000000000000000e+00 3.797985487050230952e-02 1.619346112667733595e-01 0.000000000000000000e+00 0.000000000000000000e+00 0.000000000000000000e+00 2.010008823137828665e-02 0.000000000000000000e+00 3.798106369628335283e-02 3.296946730819501625e-01 0.000000000000000000e+00 6.154491512990965113e-02 0.000000000000000000e+00 0.000000000000000000e+00 0.000000000000000000e+00 0.000000000000000000e+00 1.536046916919357741e-01 1.571174897157945616e-01
7.722235993002905807e-02 0.000000000000000000e+00 0.000000000000000000e+00 0.000000000000000000e+00 1.642268527202302431e-01 7.745804100277020598e-02 2.131392247269381368e-02 1.317508799097949768e-01 8.988417217035521434e-02 0.000000000000000000e+00 2.576257623094909549e-02 1.715166840980717755e-01 0.000000000000000000e+00 0.000000000000000000e+00 3.544073731064517618e-02 5.250111360780133907e-02 0.000000000000000000e+00 0.000000000000000000e+00 1.529226605466589284e-01 0.000000000000000000e+00
3.808445856200072532e-02 1.375854943873107694e-01 7.640378648234556931e-03 2.225732381550040717e-01 1.580571338289074035e-01 3.882917742313406195e-02 0.000000000000000000e+00 0.000000000000000000e+00 4.334609978756213955e-02 0.000000000000000000e+00 0.000000000000000000e+00 1.312793193590643982e-02 1.377776372899277603e-02 0.000000000000000000e+00 2.701261974860789949e-02 0.000000000000000000e+00 0.000000000000000000e+00 3.943935949098868916e-03 1.721296928167534990e-01 1.238920750284868422e-01
