0.000000000000000000e+00 1.798119207034199196e-01 4.446834856993220342e-02 0.000000000000000000e+00 4.749299140610559189e-02 0.000000000000000000e+00 8.217793649238959441e-02 0.000000000000000000e+00 7.451747400966961775e-03 3.663153491027524352e-03 0.000000000000000000e+00 2.341598077949376411e-02 0.000000000000000000e+00 0.000000000000000000e+00 2.708021008124874007e-01 1.372780073604304603e-02 1.910028596426654665e-02 8.665436443205487560e-02 1.557191807161043863e-02 3.174306970997269051e-02 4.980688993192718649e-03 1.531269175564409571e-02 6.213404299878934681e-03 2.648838416816222396e-02 1.209232122133515747e-01
5.311833121020357457e-02 1.580787822661834652e-01 2.211609396645755621e-02 2.002555190758713560e-03 1.047184164411572686e-02 9.746783130363289790e-03 2.985445171015070967e-02 0.000000000000000000e+00 3.686845900287226397e-04 9.726396527503412825e-02 0.000000000000000000e+00 2.934910735603112747e-02 0.000000000000000000e+00 3.173811830672956802e-02 1.723906297869721993e-01 1.625075080983302139e-02 1.511001858689078881e-02 0.000000000000000000e+00 0.000000000000000000e+00 0.000000000000000000e+00 0.000000000000000000e+00 0.000000000000000000e+00 3.070760699528872397e-03 2.910507741970926321e-01 5.801835127362574285e-02
4.227815846205547345e-02 2.099364497388840622e-01 4.169520802923454977e-02 9.425041547350886117e-02 3.265374580488921569e-02 0.000000000000000000e+00 1.304497312460759506e-01 1.475529601890388388e-03 0.000000000000000000e+00 3.506798769206398436e-03 0.000000000000000000e+00 1.689123813492316101e-03 6.680993739691454270e-02 3.533018464610996560e-03 8.675501460232791506e-02 1.048945977244851308e-01 4.293484714518557704e-02 2.049571571464400138e-02 3.333603055100059498e-02 3.998073235738272557e-02 1.283338221091742540e-03 0.000000000000000000e+00 0.000000000000000000e+00 3.682605962148463585e-02 5.215547261634952483e-03
0.000000000000000000e+00 5.883484562144983970e-02 7.182784341736764278e-02 0.000000000000000000e+00 1.425063553365159275e-01 0.000000000000000000e+00 1.779205864344114360e-02 1.461232546108720276e-01 8.835477699964417592e-03 3.932183840162450580e-03 0.000000000000000000e+00 6.679142176458818803e-02 0.000000000000000000e+00 0.000000000000000000e+00 1.455974601412992897e-01 0.000000000000000000e+00 3.249664425857582556e-02 0.000000000000000000e+00 0.000000000000000000e+00 1.908850821167765860e-02 1.518421929969753382e-03 3.644476246845803789e-04 1.246397370250333300e-02 2.718271031969278217e-01 0.000000000000000000e+00
1.755525868299397411e-03 0.000000000000000000e+00 7.410462976080463282e-02 2.052964241858682912e-02 5.143677565414267634e-03 0.000000000000000000e+00 1.508886549613962513e-01 0.000000000000000000e+00 0.000000000000000000e+00 0.000000000000000000e+00 5.423503469540149474e-03 0.000000000000000000e+00 3.099944171703989185e-02 1.667596553740898760e-03 1.593948574490371695e-01 1.366105902349297740e-01 7.395517636843823225e-03 3.644840807205462774e-02 7.624244872822512342e-02 1.391999923309272802e-02 1.907518766949840199e-03 7.530711910158363609e-02 2.201713759019547148e-02 1.691778396465120904e-01 1.106589122575345023e-02
0.000000000000000000e+00 2.909779756575877827e-02 1.324123463769195097e-01 1.516586514711749933e-01 1.942294686735400455e-01 8.389544917303090599e-02 4.579378527234312379e-02 0.000000000000000000e+00 0.000000000000000000e+00 4.558561613436709625e-02 0.000000000000000000e+00 1.948987455820669346e-02 9.685685290459529126e-03 0.000000000000000000e+00 2.143621519796589867e-02 7.079544914222819958e-03 0.000000000000000000e+00 0.000000000000000000e+00 4.432146140716173612e-03 0.000000000000000000e+00 1.355658562781178987e-02 3.916597635379830133e-02 1.066318096091877776e-01 5.293566918503864877e-02 4.291337845545803442e-02
1.020743020008542390e-02 1.954379548937212330e-01 0.000000000000000000e+00 0.000000000000000000e+00 2.226801044144752773e-01 0.000000000000000000e+00 4.952333057456233256e-02 1.734826267096726410e-02 0.000000000000000000e+00 0.000000000000000000e+00 0.000000000000000000e+00 0.000000000000000000e+00 5.918928667379882991e-02 0.000000000000000000e+00 1.780138083669640936e-01 3.299791954196774381e-03 0.000000000000000000e+00 0.000000000000000000e+00 1.839485438123709959e-01 0.000000000000000000e+00 0.000000000000000000e+00 0.000000000000000000e+00 7.537558251685740063e-02 4.975903922000297561e-03 0.000000000000000000e+00
4.702070823098190334e-03 2.362464579718621671e-01 3.970308083347520028e-02 2.937014158176418435e-02 1.256168453845321565e-03 7.401971353346349820e-03 1.018364087880666985e-01 9.130537204369296861e-03 2.798249106921027463e-02 1.090938619584813224e-01 1.047970254511302636e-02 5.441484810612596699e-04 0.000000000000000000e+00 9.588520986805789542e-03 1.299562763564765244e-01 1.039183208640777623e-01 9.579502975625237005e-03 4.986110102578916910e-03 1.982769456841234137e-02 1.121522443668439110e-02 8.956655516493763555e-03 0.000000000000000000e+00 1.460877645999223914e-02 4.581961681084784077e-02 6.379625985831188784e-02
0.000000000000000000e+00 5.747728664378246553e-03 1.006871097510289303e-01 3.646741707166200382e-03 7.605476772025800136e-02 0.000000000000000000e+00 1.461273916195637151e-02 1.265147500058832197e-01 4.150885973492082770e-02 8.495043068010711684e-02 0.000000000000000000e+00 3.352190315472131782e-02 5.017818067106963710e-04 8.851727500818121555e-03 1.712449030961638863e-01 0.000000000000000000e+00 5.317831519133513901e-02 5.059896661209742699e-03 1.382320196145616319e-02 0.000000000000000000e+00 1.476764763654626542e-02 0.000000000000000000e+00 8.946593673065070251e-02 1.413353710745561820e-01 1.452618776013278948e-02
0.000000000000000000e+00 0.000000000000000000e+00 7.513216242940300160e-02 1.159270462041771081e-02 6.680565369651664254e-02 0.000000000000000000e+00 1.798573001780612857e-01 4.435461855108609880e-02 2.344021876720090228e-02 0.000000000000000000e+00 0.000000000000000000e+00 1.951317268030780538e-02 5.206338905523222836e-03 5.553024221826974999e-02 1.960215792829134163e-01 5.855822670123455968e-03 4.123207142748686396e-03 0.000000000000000000e+00 3.211799323190712985e-02 2.378139410373521917e-02 1.261579143597309259e-03 6.458568915798591943e-04 1.149221452349110176e-02 1.539071472377134264e-01 8.936079372540407795e-02
0.000000000000000000e+00 2.375839055274501371e-02 2.041726864417962514e-02 1.122674924696682314e-02 1.256963904867258383e-02 1.027372742205469747e-03 1.385128910944626035e-01 0.000000000000000000e+00 0.000000000000000000e+00 0.000000000000000000e+00 4.310377439576740244e-03 1.343005049085271678e-02 1.002345070230533340e-02 1.033627216834819562e-01 3.013392581499384493e-01 9.986702704788842644e-02 3.493020052599707381e-02 0.000000000000000000e+00 1.738193602514885028e-01 2.332533017666199235e-02 1.401753726538851677e-02 0.000000000000000000e+00 2.603027119098399057e-03 8.722329009715281984e-04 1.058711491711830134e-02
0.000000000000000000e+00 9.644505748075496779e-03 1.122995713134458812e-01 0.000000000000000000e+00 1.373273732511872958e-01 0.000000000000000000e+00 0.000000000000000000e+00 7.167617258967748546e-03 0.000000000000000000e+00 0.000000000000000000e+00 1.322083809439756653e-02 5.365731976797675357e-02 0.000000000000000000e+00 1.551429505797853603e-01 2.249142991321991247e-01 0.000000000000000000e+00 9.257126327181109532e-03 0.000000000000000000e+00 0.000000000000000000e+00 0.000000000000000000e+00 2.263316127435317793e-02 0.000000000000000000e+00 1.432119802610061846e-02 7.609077383019792473e-02 1.643232653961319290e-01
0.000000000000000000e+00 1.273822598479364687e-01 1.174986021629687988e-01 1.770841861674075229e-02 1.479916380789863400e-02 5.694497565640352366e-02 1.703936917827049979e-01 0.000000000000000000e+00 0.000000000000000000e+00 6.736701801023847400e-04 0.000000000000000000e+00 9.875221781765688989e-02 8.008542393271776694e-03 3.430544814823927036e-02 3.516415806153133650e-02 0.000000000000000000e+00 0.000000000000000000e+00 0.000000000000000000e+00 1.738688266173211427e-01 0.000000000000000000e+00 7.925702577014420713e-02 9.018014434439381583e-03 1.003966193772082641e-02 3.953991583395847706e-03 4.223133118152372356e-02
5.722676859943603847e-04 2.550461030146914179e-02 0.000000000000000000e+00 0.000000000000000000e+00 1.511803173679184820e-01 1.033396854844753771e-01 1.959752658763453184e-02 0.000000000000000000e+00 1.272105510861724388e-02 3.799060801659656563e-03 5.542409517281753767e-03 3.643303626929491473e-03 0.000000000000000000e+00 1.344046289608557820e-01 9.636782366667712152e-02 7.574937496343896008e-03 0.000000000000000000e+00 3.645785385097126408e-02 1.974995569326316036e-01 0.000000000000000000e+00 1.787051262502663274e-02 0.000000000000000000e+00 2.506335203460643979e-02 5.518949040066856160e-02 1.036716075502386175e-01
0.000000000000000000e+00 1.489711358054802981e-01 1.684109163112310625e-01 0.000000000000000000e+00 1.627727436896805047e-01 7.703011422320862889e-02 0.000000000000000000e+00 0.000000000000000000e+00 4.803430677115095790e-03 1.847908883730049398e-02 1.299545482657693367e-02 2.428924815689299452e-02 0.000000000000000000e+00 1.069471378671759017e-02 2.173354072041761356e-02 0.000000000000000000e+00 0.000000000000000000e+00 5.723688454547342904e-04 2.030616322590150791e-02 4.953898748976784221e-03 0.000000000000000000e+00 2.834913900071191900e-02 3.171986345450813344e-02 1.245000275309119525e-02 2.514681769367345110e-01
1.512830619784897397e-03 1.140430956181560790e-01 1.135023673648308251e-01 3.142608393579244402e-02 1.241189308281867992e-01 0.000000000000000000e+00 2.098614819553311708e-02 5.117068757079629854e-02 0.000000000000000000e+00 1.054506826631480300e-02 0.000000000000000000e+00 5.961033206550205715e-02 0.000000000000000000e+00 3.053511217222655214e-02 1.033280653452013365e-01 0.000000000000000000e+00 1.035593803252840978e-01 4.093971489605010249e-03 1.621005696979054556e-01 8.973002017309279765e-03 0.000000000000000000e+00 0.000000000000000000e+00 0.000000000000000000e+00 2.546382167013905642e-02 3.503053281743205571e-02
2.984059523292827490e-02 0.000000000000000000e+00 2.490431943511840773e-02 1.467408425654700976e-02 1.749465200149886712e-01 8.503190861368382925e-02 2.011183484653865719e-02 0.000000000000000000e+00 0.000000000000000000e+00 1.984128190334111252e-02 0.000000000000000000e+00 3.354174668279835680e-03 0.000000000000000000e+00 1.310663960976616582e-01 3.347563837197412712e-02 0.000000000000000000e+00 0.000000000000000000e+00 1.654037771848329520e-03 1.757698916760328522e-01 1.753616656887081737e-02 1.559183689768247130e-02 1.188084896926759962e-02 2.946193205517463540e-02 6.850783617735842213e-02 1.423506964427032617e-01
0.000000000000000000e+00 4.720952644396517878e-02 1.155976513562037983e-01 4.034130850449407085e-02 9.448634437564582683e-03 1.601895260917422098e-03 1.770856957899459849e-01 1.418353000941069419e-01 3.652701152899449910e-02 9.653912405225963111e-02 8.000329965107848273e-03 3.202974129694954875e-02 0.000000000000000000e+00 0.000000000000000000e+00 2.460734442715000955e-03 0.000000000000000000e+00 0.000000000000000000e+00 5.609679119601392733e-02 1.854174006776189709e-01 8.083013115697106413e-03 0.000000000000000000e+00 2.483059664556966362e-02 0.000000000000000000e+00 0.000000000000000000e+00 1.689524519187571988e-02
6.359416097117907840e-02 2.675018158401178403e-01 0.000000000000000000e+00 0.000000000000000000e+00 3.458166897598287295e-03 0.000000000000000000e+00 5.554081393992753996e-02 1.457560704288209108e-01 0.000000000000000000e+00 6.056262861941172360e-02 5.851281744024315092e-03 3.245027536118364614e-02 1.983750725833344566e-02 2.134987085459220946e-02 1.212029404429931650e-01 2.179501422538285271e-02 0.000000000000000000e+00 7.280001955072963561e-04 0.000000000000000000e+00 0.000000000000000000e+00 6.341810063004509404e-03 4.382336847178741786e-03 3.453483165886368778e-02 0.000000000000000000e+00 1.351124746518807540e-01
2.369436520343084704e-02 5.080110112804188394e-02 1.183089596884658729e-02 0.000000000000000000e+00 0.000000000000000000e+00 1.217292281345306280e-02 5.201207315468131011e-03 1.005748312128486033e-01 8.822745219849291443e-03 7.412374065714796845e-02 0.000000000000000000e+00 0.000000000000000000e+00 4.268634055977357095e-02 1.124915708227686439e-01 1.298920580073265330e-01 5.094190624552649010e-02 0.000000000000000000e+00 0.000000000000000000e+00 5.112599680526232204e-02 0.000000000000000000e+00 5.436032404966944023e-03 3.618682684007460716e-03 8.803105331772486525e-03 1.974028304015040813e-02 2.880422145793587463e-01
1.658724467365984764e-03 1.890606324443598607e-01 1.898518330583023276e-03 4.412674442963721369e-03 8.726541834190042202e-02 1.126042405398420820e-01 8.063480694240451885e-02 5.094618088016886074e-04 1.207214308406375121e-02 0.000000000000000000e+00 0.000000000000000000e+00 2.268962585308470850e-02 9.164526092466826826e-03 1.162965594712247058e-01 1.733890035528638240e-01 2.389632439348563994e-02 2.877798678767283860e-02 4.150646891655179055e-02 5.171621738586046867e-03 4.269032971273508531e-03 1.511245093527056708e-02 3.456120138125612536e-03 3.234309150481048944e-02 0.000000000000000000e+00 3.381056724229854205e-02
0.000000000000000000e+00 9.752746091539541209e-03 1.312543408123910682e-01 4.559160703536183079e-02 1.307198616954871884e-01 3.498728817221431753e-02 4.845466537260616907e-02 0.000000000000000000e+00 0.000000000000000000e+00 1.154267764937201290e-01 1.630189104734573735e-02 1.151789562301769668e-02 0.000000000000000000e+00 4.599348052981310636e-02 1.842458853558176513e-01 8.501412503249063807e-03 0.000000000000000000e+00 4.206729804698122049e-02 0.000000000000000000e+00 0.000000000000000000e+00 0.000000000000000000e+00 6.151172162746539225e-03 0.000000000000000000e+00 1.470637741249310460e-01 2.196990493277761053e-02
2.476450985424757251e-03 1.707352184387625760e-01 1.209841637956669824e-01 4.994837876515852322e-03 1.904298043687708197e-03 0.000000000000000000e+00 1.093520762658645035e-01 1.580679493755790879e-02 2.238557121595001129e-02 0.000000000000000000e+00 1.114696551035998170e-03 1.665411461142045704e-02 1.056880324366589810e-02 1.394306147839021251e-02 1.773977461903457065e-01 0.000000000000000000e+00 0.000000000000000000e+00 8.548290195461636515e-03 1.058094571636346432e-01 0.000000000000000000e+00 5.121252147546210415e-02 1.219121002766718545e-02 1.283845491560541181e-02 1.544528564171162091e-02 1.256369469461687260e-01
8.855110000318525826e-03 1.268512367977919775e-01 1.044330812980501927e-01 6.049200314050783879e-03 4.818099052719670289e-02 0.000000000000000000e+00 1.411667103377756693e-01 2.089379104437193851e-02 0.000000000000000000e+00 0.000000000000000000e+00 0.000000000000000000e+00 0.000000000000000000e+00 0.000000000000000000e+00 0.000000000000000000e+00 2.412479206152409184e-01 1.053284269934942619e-02 0.000000000000000000e+00 7.177316688872989459e-02 1.663466176152439135e-01 4.365978197575270947e-02 0.000000000000000000e+00 0.000000000000000000e+00 2.963505387478338436e-03 7.046044498649090340e-03 0.000000000000000000e+00
0.000000000000000000e+00 1.911877066681158185e-02 7.007453686584146080e-02 0.000000000000000000e+00 1.479463764673897841e-01 0.000000000000000000e+00 0.000000000000000000e+00 7.095760818203009079e-02 0.000000000000000000e+00 0.000000000000000000e+00 3.404800876379065165e-03 6.870395151325205119e-02 0.000000000000000000e+00 1.253868162225820482e-01 1.322057432755555928e-01 0.000000000000000000e+00 0.000000000000000000e+00 9.506313692214087008e-02 3.229486532269968280e-03 0.000000000000000000e+00 3.598833537430757082e-04 6.272150094420706271e-03 7.337437262182500142e-02 0.000000000000000000e+00 1.839023664057588270e-01
0.000000000000000000e+00 4.299408427280208833e-02 1.098563555422568394e-01 2.476978439414362007e-02 1.203921834717299605e-01 0.000000000000000000e+00 9.565620732094909373e-03 1.514385451686212358e-01 3.452601474520487919e-04 1.124642242707092621e-01 0.000000000000000000e+00 3.195304269861792834e-02 0.000000000000000000e+00 2.217942038992696055e-02 4.109276859461623993e-02 1.203430802416995170e-03 3.603013847400470936e-03 3.552724121676261240e-03 1.441434911990268075e-01 5.950784380949433218e-03 4.256751448389402281e-02 1.690796630929929448e-03 1.311585475520105938e-02 8.084371173525550791e-02 3.627738836027845359e-02
1.916557549168747526e-03 2.012730327192808685e-02 1.256580630246654229e-01 1.901211030439129562e-02 1.807352118914695716e-01 0.000000000000000000e+00 1.445851299782489885e-02 1.269424498297164472e-01 0.000000000000000000e+00 4.827954401353711303e-03 1.083396279515497045e-03 6.465613760753438632e-02 0.000000000000000000e+00 1.310613055023781004e-01 1.692627778597076416e-02 3.721377683192415159e-02 0.000000000000000000e+00 0.000000000000000000e+00 2.270112359576624550e-02 0.000000000000000000e+00 3.516183193419056144e-04 7.071693250315325098e-04 1.582659540192415254e-02 0.000000000000000000e+00 2.157944360800950201e-01
2.835910155474740540e-02 5.174693484389650266e-02 0.000000000000000000e+00 6.823954161280153252e-02 9.600656078705341323e-02 0.000000000000000000e+00 1.297471650071059801e-01 1.887510256537377681e-02 3.798521452067789295e-02 0.000000000000000000e+00 0.000000000000000000e+00 1.283831064213236499e-02 3.644938087730919662e-03 7.090200240074098770e-02 1.500730339642269984e-01 4.826014962297939248e-02 3.432839201774437465e-02 4.411836820447752848e-03 3.776903027643670630e-03 0.000000000000000000e+00 1.074748871113501147e-02 7.906904012209224272e-03 1.913003145559266094e-01 3.085010524542618898e-02 0.000000000000000000e+00
0.000000000000000000e+00 0.000000000000000000e+00 1.246554965407013355e-01 5.458200656465034099e-03 1.423275363339731037e-01 3.315039239740356566e-04 0.000000000000000000e+00 1.452441915564013919e-01 2.151085185721581319e-02 3.482055257808380506e-03 0.000000000000000000e+00 1.467802595706834724e-02 3.825891272930407108e-03 1.421619516509754211e-01 4.125056392494054827e-03 1.165094202984802013e-01 0.000000000000000000e+00 4.252592825937064058e-02 5.684164322918504667e-03 1.519525825789123409e-02 1.521820253705890788e-02 0.000000000000000000e+00 0.000000000000000000e+00 1.970662649242730380e-01 0.000000000000000000e+00
4.943019932332985006e-02 2.701472020729088763e-01 1.468912196976163674e-02 0.000000000000000000e+00 3.124435561260459002e-02 3.958036347501400765e-03 0.000000000000000000e+00 0.000000000000000000e+00 0.000000000000000000e+00 0.000000000000000000e+00 0.000000000000000000e+00 2.904371061805656462e-02 0.000000000000000000e+00 3.723872901224155318e-02 2.463979310404205425e-01 0.000000000000000000e+00 1.047371204296996226e-02 0.000000000000000000e+00 1.010923523091824573e-02 7.197119345970523496e-02 2.641490806334020891e-02 2.477116771388523063e-03 0.000000000000000000e+00 1.881160011171687796e-01 8.288547317684094584e-03
0.000000000000000000e+00 1.013187323794655231e-01 4.287238894071613432e-02 3.052585706213483199e-02 1.448942788104152779e-01 2.176859469002618425e-02 0.000000000000000000e+00 2.260237208467750364e-02 7.352166044475748341e-02 4.072907584441286949e-02 6.224321514980727874e-03 3.383488892408932636e-02 0.000000000000000000e+00 8.022884314382971570e-04 2.480006403179086105e-01 8.606811231604531362e-03 0.000000000000000000e+00 0.000000000000000000e+00 1.996517054665207236e-01 0.000000000000000000e+00 0.000000000000000000e+00 0.000000000000000000e+00 0.000000000000000000e+00 1.454816386270025262e-02 1.009821999415157906e-02
0.000000000000000000e+00 7.005005269925665412e-02 0.000000000000000000e+00 1.980755734586988129e-02 0.000000000000000000e+00 2.373727921793598178e-02 2.984138600980257294e-02 1.280690168843591215e-01 5.855131257160799130e-03 1.405813189163936106e-01 3.523354493870100874e-04 8.130252538641857818e-02 4.036091723320114205e-03 2.324858299452097626e-03 1.512624357413336063e-01 1.143913221871419444e-01 1.711522123170247309e-02 0.000000000000000000e+00 3.145268830958694584e-02 0.000000000000000000e+00 1.286397978951172791e-02 0.000000000000000000e+00 1.370019158754664894e-02 1.360052236351121102e-01 1.725138432870804150e-02
0.000000000000000000e+00 0.000000000000000000e+00 0.000000000000000000e+00 0.000000000000000000e+00 5.449129810766286178e-04 0.000000000000000000e+00 3.051657722493482036e-02 1.323110536237599721e-01 3.716926401360735877e-02 1.518617564443905041e-02 6.777779660997182432e-02 0.000000000000000000e+00 0.000000000000000000e+00 1.501762042822446519e-01 4.615095246508021248e-02 4.002174176307256304e-02 0.000000000000000000e+00 0.000000000000000000e+00 1.751916329340776068e-01 1.589658359779773877e-04 4.560046908236494584e-02 2.517917154167831004e-02 1.382185573553535995e-01 0.000000000000000000e+00 9.579652464236040887e-02
1.247674144434008855e-02 0.000000000000000000e+00 1.057725889585321571e-01 1.119298260772914749e-01 1.362739396225968735e-01 0.000000000000000000e+00 2.786474225528724410e-02 1.816325887001855877e-02 0.000000000000000000e+00 6.295222971744740721e-03 0.000000000000000000e+00 7.584440351297366822e-02 0.000000000000000000e+00 2.027304303789247402e-03 1.748666174218063696e-01 1.472508729310840342e-02 0.000000000000000000e+00 3.036388007088286142e-02 0.000000000000000000e+00 1.388950081144153369e-03 0.000000000000000000e+00 1.187200722824239135e-01 2.622098558907174845e-02 1.370663792449885732e-01 0.000000000000000000e+00
3.359102844462361764e-02 1.346369430473010609e-01 2.481424102824839398e-02 1.148185988148683057e-01 6.826420107949840617e-03 3.441108364848300349e-04 1.033228375627987944e-01 1.472224105227872837e-01 4.676121835176582503e-03 2.003899416319336949e-02 4.591070182724312710e-06 6.015223510117279071e-02 0.000000000000000000e+00 6.847102810830912878e-02 1.578021134724012786e-02 0.000000000000000000e+00 1.723351029669813531e-02 1.058568087316025252e-03 1.965895538661459677e-02 1.035897610350620121e-03 0.000000000000000000e+00 0.000000000000000000e+00 1.684515547522022006e-03 2.246287810811617713e-01 0.000000000000000000e+00
0.000000000000000000e+00 0.000000000000000000e+00 5.527251930940162844e-02 1.025063866150888181e-02 7.128771384398371880e-02 0.000000000000000000e+00 1.281614069245443355e-01 0.000000000000000000e+00 1.650772619373456346e-02 0.000000000000000000e+00 0.000000000000000000e+00 4.784732882216074373e-02 7.454018448469093214e-03 1.019142770212809468e-02 1.620585399489297418e-01 6.400636002584839113e-02 4.115620557158835083e-03 0.000000000000000000e+00 1.879546793963328844e-03 0.000000000000000000e+00 5.166513030014573907e-04 0.000000000000000000e+00 7.797901787899649828e-02 1.277213552365891458e-01 2.147501283495815705e-01
1.901853563717938940e-05 5.995938534173660822e-02 1.158712611219838012e-01 4.003512893744068379e-02 0.000000000000000000e+00 0.000000000000000000e+00 7.920232917008666190e-03 5.626176372696993153e-03 1.044523867884457335e-03 2.229072898058982732e-02 0.000000000000000000e+00 1.083965152735163855e-02 3.172646720102417772e-02 0.000000000000000000e+00 2.369329872233985335e-01 2.273679488000034110e-02 5.236356021446356146e-02 0.000000000000000000e+00 3.033578541532004277e-02 0.000000000000000000e+00 0.000000000000000000e+00 1.472330117311060338e-01 1.616445955526243624e-03 1.824645286546593970e-01 3.098431112217169339e-02
0.000000000000000000e+00 1.172535034300981743e-01 0.000000000000000000e+00 2.715184284306463441e-02 1.382055737458499078e-01 1.331793107287624900e-01 3.152901818074524843e-03 3.080723307222898999e-02 8.929637718564201881e-03 9.172025701517862173e-02 0.000000000000000000e+00 0.000000000000000000e+00 0.000000000000000000e+00 1.105446352285435890e-01 2.140606808475824796e-01 0.000000000000000000e+00 0.000000000000000000e+00 1.792495596948436715e-02 0.000000000000000000e+00 1.232829571663490199e-02 3.493420705377889898e-03 0.000000000000000000e+00 4.980984996596371506e-02 1.713922159299714407e-02 2.429867960159430226e-02
0.000000000000000000e+00 1.116195471383030907e-01 6.814006806382001680e-02 2.521873807608385198e-02 8.512628744326353192e-02 1.101954433769738867e-01 6.326948635418644384e-02 0.000000000000000000e+00 1.160184988698224895e-02 1.382882148482034515e-02 0.000000000000000000e+00 5.537460920831916572e-02 0.000000000000000000e+00 9.393359716830531128e-03 4.042572794573078693e-02 0.000000000000000000e+00 0.000000000000000000e+00 8.900809112061344730e-02 1.170730482559769747e-01 0.000000000000000000e+00 0.000000000000000000e+00 0.000000000000000000e+00 1.289352305662950712e-02 6.143602029134241638e-02 1.253953785801238396e-01
8.424890312565356393e-03 8.264821236651277714e-02 0.000000000000000000e+00 3.241735015991938085e-02 6.047609056732160954e-02 1.165992076499864846e-02 5.322635215130867153e-02 2.544308680778197343e-02 1.206042295905984879e-03 1.092252844332405881e-01 2.143271838816235286e-02 6.909447994628085954e-02 2.127843567950672699e-02 2.132461042508440596e-02 2.302929870444326288e-01 2.658034072907892054e-03 3.421868990766329440e-03 8.666586036268326227e-04 1.356576992578414909e-01 0.000000000000000000e+00 1.918426986198354086e-03 1.549954216684939177e-02 1.011693865199257865e-03 0.000000000000000000e+00 9.081561471358846893e-02
0.000000000000000000e+00 4.555028542214799997e-02 6.045809688630953554e-02 0.000000000000000000e+00 2.332704956815784963e-02 4.388612735613936153e-03 1.346797963985442437e-01 1.312191489952088397e-01 3.099858799090021363e-02 1.170419951261323366e-01 4.306638529984007854e-03 0.000000000000000000e+00 0.000000000000000000e+00 8.722454419925232752e-03 1.526336767185181020e-01 2.216788893070844191e-03 2.868178417527957828e-03 7.801244122494802036e-02 2.352192508457753503e-02 6.123206069650682232e-02 0.000000000000000000e+00 0.000000000000000000e+00 6.526066879615531960e-04 8.365044057359125040e-02 3.451921563037373131e-02
0.000000000000000000e+00 0.000000000000000000e+00 8.689818073292811251e-02 0.000000000000000000e+00 3.342618146656623802e-03 0.000000000000000000e+00 1.444122154799866269e-02 4.874144654731270287e-02 4.326284677549436380e-03 2.123150567790246107e-02 5.300964973059822671e-02 4.245240593619353797e-02 6.732261722933403914e-02 1.676740589643459581e-02 1.551579732156191660e-01 7.595971446664755156e-02 6.546744191248005107e-02 5.420918542712734045e-02 0.000000000000000000e+00 0.000000000000000000e+00 2.470585983694200544e-02 0.000000000000000000e+00 6.986533741443565204e-02 1.413410007415452918e-01 5.476015086229445161e-02
0.000000000000000000e+00 0.000000000000000000e+00 0.000000000000000000e+00 0.000000000000000000e+00 1.387739277037339930e-02 0.000000000000000000e+00 1.539649930122368587e-02 1.457193279628423987e-01 0.000000000000000000e+00 6.628812924478713620e-02 2.175975067488527398e-02 2.894118255559297373e-02 0.000000000000000000e+00 1.672327292810934785e-01 1.864610431517519859e-02 1.379167369897374082e-02 0.000000000000000000e+00 6.019052163167671471e-02 1.766030189429539099e-01 1.691192574140015260e-03 4.285855030808060490e-02 0.000000000000000000e+00 1.061573632599004252e-01 1.157555535176220535e-01 5.091009960678798303e-03
0.000000000000000000e+00 4.156265706201159316e-02 0.000000000000000000e+00 0.000000000000000000e+00 0.000000000000000000e+00 0.000000000000000000e+00 1.061377812034363655e-01 1.021614441352040464e-01 9.154822725371230055e-03 0.000000000000000000e+00 2.279759008363642370e-02 7.831677617201773800e-02 0.000000000000000000e+00 1.157957925811413519e-01 1.790854013375088316e-01 1.012545639583940782e-02 0.000000000000000000e+00 0.000000000000000000e+00 0.000000000000000000e+00 1.452556139014392908e-03 0.000000000000000000e+00 8.496547170183244360e-03 2.210632181800076604e-02 1.520654112449363604e-01 1.507414419316983334e-01
3.005938225526598364e-03 1.220478402442562033e-01 4.132247417941449508e-02 9.630144493746939371e-03 1.416088468572396508e-01 4.267015743682021217e-03 1.060712437349785320e-02 1.509757696968400467e-02 1.268361988926384326e-03 0.000000000000000000e+00 0.000000000000000000e+00 4.909142846000158836e-03 6.614250826141423838e-03 6.460588968776733061e-03 1.408303838004434372e-01 2.587239186116619804e-03 0.000000000000000000e+00 7.643207250203848044e-03 2.416533379573417295e-01 1.310193428093781205e-02 4.825658786898168878e-02 0.000000000000000000e+00 1.999176843492883604e-02 1.590962355041536103e-01 0.000000000000000000e+00
0.000000000000000000e+00 3.544529182223178643e-02 2.233612397512252726e-02 4.719120210432276030e-02 8.517465578627576861e-02 0.000000000000000000e+00 1.088431729140686005e-01 1.281018034326035782e-01 0.000000000000000000e+00 0.000000000000000000e+00 0.000000000000000000e+00 3.179337496926868539e-02 0.000000000000000000e+00 1.022896500615395610e-01 0.000000000000000000e+00 0.000000000000000000e+00 0.000000000000000000e+00 0.000000000000000000e+00 1.792050648547811598e-01 0.000000000000000000e+00 0.000000000000000000e+00 9.998628868599594016e-03 3.157937295044447191e-03 1.938282796554798848e-01 5.263481426066175112e-02
5.938554612200629135e-04 2.262895541297876290e-01 1.401348808542433703e-02 3.334852421122120377e-03 4.798051501929601753e-02 1.767132219456230696e-02 3.378427423934338147e-02 1.049178325656533600e-02 3.576815631986569183e-02 1.062054130370096855e-01 2.360230485460065430e-03 0.000000000000000000e+00 0.000000000000000000e+00 5.115495722107794158e-02 1.554861616910616640e-01 0.000000000000000000e+00 1.790225531731219621e-02 9.684714880476544621e-03 2.026401403200795426e-01 4.003182566078075134e-03 0.000000000000000000e+00 1.948528740353695820e-03 4.713270482070052586e-02 9.111216471010003676e-03 2.442693322193152054e-03
0.000000000000000000e+00 3.452684940187440016e-02 4.587431867367870730e-02 1.146406762429911033e-02 1.235764346193086386e-04 0.000000000000000000e+00 7.820770696088258367e-02 0.000000000000000000e+00 0.000000000000000000e+00 8.273544547389588555e-02 0.000000000000000000e+00 1.603725698148220774e-02 8.901064182727208129e-04 4.845975336867285044e-02 1.892257869885851929e-01 3.288596450253861853e-02 7.185386667418275364e-03 9.934618800645012016e-02 7.082950886041281327e-03 0.000000000000000000e+00 0.000000000000000000e+00 9.488996117470044345e-02 4.952444193430348418e-02 1.427074810677523842e-01 5.883275743453241641e-02
1.861865707367039871e-04 2.245607451242360997e-02 4.540865101009727844e-02 0.000000000000000000e+00 1.438621740573864105e-01 0.000000000000000000e+00 0.000000000000000000e+00 1.449151791288856295e-01 0.000000000000000000e+00 6.032603733389354551e-03 1.195600096376606310e-02 8.483354147737035000e-02 0.000000000000000000e+00 1.571184462523335101e-01 5.525790591406945507e-02 9.955958421128839261e-03 0.000000000000000000e+00 0.000000000000000000e+00 1.758387406433404299e-01 0.000000000000000000e+00 0.000000000000000000e+00 0.000000000000000000e+00 0.000000000000000000e+00 1.366290409219503565e-01 5.549496393122009021e-03
3.996992426512627726e-03 7.820731630963831393e-02 8.042841944464698689e-02 1.783692561364275814e-02 9.630061394201365477e-02 0.000000000000000000e+00 1.226591978755464489e-02 1.660870517360521145e-02 1.530426045987191147e-02 9.981041601301703092e-02 0.000000000000000000e+00 0.000000000000000000e+00 0.000000000000000000e+00 3.963705736500330867e-02 1.526679761183685757e-01 4.058381807186716567e-02 4.755612873641055539e-03 6.495237818065068437e-04 1.653760498646819066e-01 1.873839720656612223e-02 0.000000000000000000e+00 1.049168760569752119e-02 2.947176425881047578e-03 1.300363740878606456e-01 1.335675742812296105e-02
