2.535992211755516267e-03 8.104287927285789769e-03 1.014672959437809413e-01 1.634226413850124043e-02 5.628270582360901664e-02 3.621974376064746731e-02 9.867260170225948882e-03 9.552222773042216841e-02 2.507478140649318371e-02 0.000000000000000000e+00 6.449401556084161796e-03 1.482917230371372797e-01 1.938820570962073234e-02 5.846391096395486819e-02 3.057201829001817989e-03 4.539439819896850213e-03 9.375740587461593722e-03 1.351299428682560255e-01 1.474911801293487534e-01 1.163966943865166748e-01
0.000000000000000000e+00 3.391214672021538451e-02 1.539107080894527510e-02 1.868321833024040590e-01 7.455887851794675177e-03 6.723809509755176994e-02 1.695150503991242966e-02 1.042803879385160171e-01 1.321804505170652844e-01 1.705540315238197185e-02 2.740954214543600553e-02 1.188962276130068607e-01 0.000000000000000000e+00 4.827552310865050426e-03 2.188791339952069620e-02 1.620540237713145783e-04 2.796024033841638945e-03 1.103677408044331648e-01 1.658371664865326920e-03 1.306974435754732489e-01
1.739549297713361732e-03 1.432724040857509817e-01 7.606640178162384081e-02 1.244626992595944670e-01 1.487790106675936086e-01 2.270985051699643369e-03 2.014944985324638657e-02 1.403637859986122671e-01 3.430650594703829603e-02 6.977004474849579120e-03 0.000000000000000000e+00 7.100270133345659707e-02 3.470395409446918461e-03 0.000000000000000000e+00 5.092335418272971037e-02 0.000000000000000000e+00 0.000000000000000000e+00 8.870819919134426829e-03 1.327626306793233766e-03 1.660173064307166879e-01
0.000000000000000000e+00 3.493716557328294114e-02 2.574888964638726713e-02 1.167027849422987568e-01 8.610166250440549202e-03 1.102110139685668205e-01 1.251080714309108499e-01 6.273136567535533836e-02 2.239846433118992675e-01 4.546671287725577437e-02 3.367233395802768370e-02 1.733867658206067475e-02 6.884182104308442067e-03 4.415860873109375700e-05 1.243059610455936152e-03 8.642510489379025967e-03 2.928243861716888635e-02 0.000000000000000000e+00 1.405337542243368654e-01 8.858072129133852737e-03
2.003597224303602792e-02 9.444311800001338464e-02 6.461815807277129786e-02 4.070469751273890491e-03 4.525049904341094803e-02 1.153578123995781680e-03 6.583198021706458854e-03 1.323366784471101121e-01 1.655944219515710419e-04 3.082965670249076737e-03 0.000000000000000000e+00 1.793722364230354582e-01 1.162762261190665330e-06 6.158746890070451729e-02 1.686433990804861319e-03 4.805255805939150776e-02 2.945580010695725390e-04 5.824310343909946952e-02 1.328311073484685634e-01 1.461911392796463871e-01
1.122423341825647819e-01 1.675104710160010280e-01 0.000000000000000000e+00 4.769632330110122609e-02 5.396685367634782710e-02 4.257456742052367210e-02 1.229485166439120009e-01 1.172892745018166011e-01 3.673173781545926303e-02 5.651715617789484364e-03 1.002360768032392255e-02 1.938399449570179789e-01 3.100713615238670290e-04 2.121099072578327450e-03 4.764140149999814694e-03 2.583026372743462383e-03 1.343642566603423395e-03 3.808435421568964752e-02 4.031831944800363249e-02 0.000000000000000000e+00
4.930442295372546024e-02 3.215447982838592900e-02 9.157204432158760898e-02 1.345524815361737181e-02 2.815855953288851424e-02 1.638717460140665105e-01 2.435373721807322298e-02 1.076884013999462736e-01 1.251773994320547756e-01 7.981088011237548463e-02 2.109811797162423896e-02 5.021212670521955912e-02 2.704701386390703181e-03 2.830521414363533841e-03 1.192039406630047982e-01 1.798679598695529167e-02 0.000000000000000000e+00 6.174170886899262023e-02 4.495580292904827018e-03 4.179587743823332154e-03
8.927017796975966757e-03 5.102724545734830912e-03 5.094621399870587729e-03 1.121251251872759647e-01 5.753537195527839987e-02 1.224785548358814785e-01 1.085783641433847174e-01 1.489792479922699975e-01 9.532991069909343973e-02 5.632022029072011882e-02 0.000000000000000000e+00 3.626843848928963839e-03 2.148433832358818615e-02 1.006584824580685281e-02 2.774386538369331273e-02 4.344488966144092329e-02 3.691627516761344929e-02 2.265822312449219250e-02 1.071553015259033431e-01 6.433255872047266566e-03
2.858839984308343338e-02 4.741095938071861193e-02 1.518963040681519105e-01 1.200322187998273948e-01 1.589852246867153041e-01 7.498746268849665331e-02 6.195015220045750615e-03 1.429358291927783631e-01 1.223139990793377027e-02 1.282425613672003029e-01 0.000000000000000000e+00 1.385559953798725860e-02 5.929103195658640829e-02 2.918687839352460470e-03 4.498193699724951748e-03 3.155957189758092953e-03 2.551314109927506693e-02 4.989804971619180756e-04 1.433491315627653286e-02 4.428119868925828317e-03
0.000000000000000000e+00 2.793482885111167602e-01 1.479464535906107603e-01 9.644765411837724969e-03 1.526190144979059915e-01 1.613350098227987472e-01 2.438869851566101768e-02 2.058445727426730029e-02 2.723053232329961104e-02 0.000000000000000000e+00 0.000000000000000000e+00 8.877551424768018520e-03 4.773545640960823286e-04 0.000000000000000000e+00 4.184822051595765008e-02 1.827572637176288692e-03 0.000000000000000000e+00 4.488311555747854023e-03 1.159058318940211834e-03 1.182247110358158604e-01
8.113038487194124820e-03 1.770800438880138217e-01 1.333905312419908984e-03 1.661191484917995311e-04 8.496727960691777271e-02 1.339347399680168062e-02 6.292861037627893450e-02 0.000000000000000000e+00 1.179750353438700355e-01 2.153625508128625271e-03 5.911343911135956072e-04 5.945704326204637180e-02 1.472155801126938737e-02 0.000000000000000000e+00 0.000000000000000000e+00 3.143852996825303309e-02 1.235193667993310027e-02 1.381257763022281926e-01 1.442933747311666848e-01 1.309095149858728879e-01
1.268525625151704873e-03 3.859058897225194767e-02 8.831677226604416064e-02 7.568503664237807849e-03 2.516498494849740437e-03 4.824478657693736378e-02 3.255387768180004193e-02 3.927718170740888970e-02 1.829530706237252058e-01 3.249221181026685883e-03 1.626414933995032688e-02 2.063696687685675768e-01 0.000000000000000000e+00 8.894490824737224383e-03 8.394177689809382420e-03 1.007265555795952561e-02 0.000000000000000000e+00 1.259962119677102421e-01 4.051992172176536317e-02 1.389496973360667131e-01
1.884622781992129330e-03 1.291857580326057596e-03 7.973879700299242590e-02 1.028865976874296789e-01 1.317368671093372898e-02 9.660026288071267564e-02 2.069353481593969729e-02 4.150885818031087304e-02 2.409749138736231033e-01 8.336247775323558928e-02 1.911617301562671192e-02 1.403550459860800903e-01 7.961091219254097517e-03 2.045142150870242481e-02 2.121421999080507284e-02 8.135962221410965138e-04 9.083480577458313832e-02 5.008480378717142766e-03 6.739806691686407031e-03 5.389749944907770186e-03
7.230319643649278649e-02 4.387301482218097792e-02 1.360851106926379284e-01 1.179832227073863982e-01 1.564532418218039789e-01 1.432329566185419067e-01 1.127894932628131786e-01 9.578359238264518407e-04 0.000000000000000000e+00 7.245508784507687441e-03 0.000000000000000000e+00 3.625402046954583762e-02 3.288996927239967033e-02 8.374948742796433851e-03 1.011156545076042634e-01 0.000000000000000000e+00 0.000000000000000000e+00 3.044182593746258547e-02 0.000000000000000000e+00 0.000000000000000000e+00
1.261224641976947947e-01 1.142478031882970986e-02 1.161743643057195838e-03 1.708817893773466323e-02 5.431287409874284433e-02 1.362760992319881070e-01 1.750470440381822479e-02 1.515154627510044427e-01 1.054691264047125238e-01 5.280098517479428488e-02 4.068725767497225420e-04 1.825568121311282920e-03 9.477277070637836823e-03 0.000000000000000000e+00 1.221234946260730259e-01 2.438112090145840970e-03 1.250083951914805367e-03 6.224852825421126751e-03 4.445176185886468706e-02 1.381255577165048376e-01
7.497891109683043481e-03 2.607296403220185372e-03 0.000000000000000000e+00 1.412542785713923402e-02 5.931174101069749266e-02 1.659569388472339341e-02 1.577276779601308535e-02 1.669302693009809546e-01 1.699990459156104083e-01 1.287006623873867108e-03 3.057814434650972871e-02 1.261973389144000791e-02 1.207618758961408884e-01 8.975755419608535610e-03 4.989472854705967464e-03 5.309169653621979845e-02 9.596969654401385844e-03 1.018739372537015991e-01 1.149625976807019528e-01 8.842267656462832193e-02
9.329194478309847660e-02 8.425882186603116109e-02 1.180298631709761521e-02 1.779082106679217429e-02 1.344659671684785354e-02 1.514228702769291335e-01 1.039482747801881608e-02 1.839030308265116043e-01 2.409000541995729230e-03 1.591383729646836942e-01 0.000000000000000000e+00 1.951081611433425414e-02 4.780727480375242949e-02 2.126765029020395541e-03 6.306416868654237534e-03 1.329480491628982040e-02 0.000000000000000000e+00 0.000000000000000000e+00 4.643590571470640471e-02 1.366587437152362305e-01
4.827804877524517063e-02 1.532036594878775915e-01 1.881865400568486640e-02 7.472584816180714157e-03 5.807138328976998304e-02 6.352408448049942646e-02 5.455053861760587007e-03 1.865797503143818911e-02 1.644056692525172059e-01 3.234000014771917959e-04 1.146420925177978750e-02 3.320237979103834308e-02 6.843941953661182576e-02 9.605553088716098017e-03 0.000000000000000000e+00 3.139804646842937232e-03 3.295621912837641554e-02 1.620855313130378783e-02 1.248964809998384246e-01 1.618768674230413596e-01
1.066946038392767443e-01 6.915698795874582194e-02 7.534222123772084737e-03 1.267828970291125235e-01 1.194091466111053129e-01 7.071123341003752701e-04 1.406985574382705606e-01 2.206160872305738818e-02 1.258396886205741423e-02 1.321755763435584867e-02 0.000000000000000000e+00 1.382096487851793443e-03 1.216881569801390485e-02 1.274474144529693653e-01 1.221163680972544158e-01 1.083941580192649030e-02 4.937430897919441522e-03 6.132082044700599976e-02 2.628606751338368602e-03 3.831236881186626808e-02
8.920831112125163914e-03 9.815320247261935527e-02 9.312019656002207268e-02 3.319440017593366867e-04 1.529079443132494442e-01 1.580865316000814869e-01 1.179231667057207555e-01 1.118299652857331350e-01 1.054560149461075680e-01 1.969765424262811745e-02 0.000000000000000000e+00 0.000000000000000000e+00 3.117709161398088402e-02 1.417495617714159203e-02 4.302903620452469546e-02 2.151595971361638330e-03 0.000000000000000000e+00 3.302946500393505458e-04 1.510863436653277214e-02 2.760093977637261345e-02
0.000000000000000000e+00 5.407468594202688439e-02 0.000000000000000000e+00 1.904911091926750066e-01 4.280881276713208866e-02 1.592119788435454042e-01 2.417635518775500258e-02 2.608662638796283573e-01 1.448178986284942441e-03 0.000000000000000000e+00 1.468561944246811338e-03 4.226498499768829159e-02 0.000000000000000000e+00 7.512718540070141646e-04 3.066464875298310910e-03 1.895083867127426991e-02 8.458764578449344811e-05 4.305944761456148573e-02 9.222885534355678306e-04 1.563541690446560994e-01
6.005957103937273854e-03 1.353369321683047799e-01 1.024358393230472286e-01 1.303812257467675262e-01 2.257096175314462355e-02 5.925542262829573692e-02 1.374486240758541478e-01 1.219241316119720198e-01 1.306841793362996385e-01 4.592918709238931994e-03 8.331904515875050580e-04 1.208502129795643344e-02 1.846834386172075976e-03 0.000000000000000000e+00 2.362929258308507554e-03 9.947864232258348677e-03 0.000000000000000000e+00 4.453634583036765286e-03 1.178343333338184168e-01 0.000000000000000000e+00
0.000000000000000000e+00 6.195061357358254937e-03 1.052339176828544394e-02 1.072619832791149030e-01 7.378281076420808993e-02 1.725653929978050449e-01 1.369889131373608349e-01 0.000000000000000000e+00 2.309474538772466889e-01 5.138310151126383729e-02 6.691789525330589213e-04 2.197898962052641930e-02 3.921267614800906997e-04 0.000000000000000000e+00 0.000000000000000000e+00 6.518074410855457732e-03 5.358066315619921562e-04 2.580155386665028330e-03 1.521826861952615684e-01 2.549487334847342496e-02
1.182891000415515204e-01 1.745385035954600261e-01 5.563545276981381876e-03 1.104981404365878647e-02 1.245482346467961625e-02 1.555360833938747578e-01 4.062777336597694217e-02 5.262205556395787437e-02 5.612487541062308183e-02 1.382614584151859588e-02 0.000000000000000000e+00 4.637034808841362238e-02 9.290741973503595375e-02 6.211635478969300926e-03 0.000000000000000000e+00 4.167379102306037475e-03 7.366870387378916807e-02 2.307930664771439423e-03 1.267440167178233990e-01 6.989846340608601299e-03
0.000000000000000000e+00 1.258114330670682401e-01 1.651468301496636587e-03 1.385680235892154111e-01 9.241953803130369127e-02 1.425568147342924641e-01 1.425617685073611307e-01 3.350220477284487908e-02 9.710483034446812378e-02 0.000000000000000000e+00 0.000000000000000000e+00 5.719767211324869316e-02 0.000000000000000000e+00 9.358793367185175294e-03 5.585749991432647360e-02 2.797660139964933731e-03 0.000000000000000000e+00 6.339706793501579188e-04 9.720799821421706455e-02 2.770324223656989854e-03
6.724238015808767926e-03 1.059247862047438538e-01 1.883206399706502041e-02 1.787877458975615508e-01 2.863012510374053198e-03 1.986520002962211540e-01 2.878664991617753757e-02 6.146223455018539478e-03 1.665264796167246764e-01 3.813561560322906163e-02 1.247320174782085619e-04 1.461712971368082058e-02 2.083978783802844029e-02 1.054595841927984251e-01 1.637811916779500707e-02 2.865927985490446597e-02 3.877088289658321956e-03 4.749393551107265049e-02 4.553352109518764811e-03 6.618175792140521159e-03
9.888934002243987553e-02 3.236049406540689871e-02 3.165702170691930134e-02 1.465295990320681363e-01 1.502854635191618882e-01 2.208659335581756797e-02 4.411526687629102779e-03 1.538483766084245974e-01 1.272965633321771449e-02 0.000000000000000000e+00 3.054040726331616433e-03 3.530754828375996801e-03 9.663707370692427301e-02 0.000000000000000000e+00 1.093761198772344873e-01 0.000000000000000000e+00 3.068042989040812782e-02 9.125662999304423595e-02 1.103831861569222646e-02 1.628561030903892884e-03
0.000000000000000000e+00 1.925679628627756379e-01 6.224679147092725129e-02 1.705289277802983505e-01 2.666360213064082260e-02 1.631722342581320706e-01 4.463127967346132430e-02 4.498786843683158509e-02 0.000000000000000000e+00 6.331645893773792284e-03 0.000000000000000000e+00 2.146366444590357483e-02 0.000000000000000000e+00 4.801081734982714459e-04 2.380491718657349459e-02 1.050572988263507868e-01 1.178170316876372102e-02 1.111962754964340369e-02 1.842413378823611059e-02 9.673823435418983652e-02
4.387316004609057539e-03 1.193702636618640955e-01 9.795612383079664587e-02 7.994575309834228705e-02 5.200226674563726559e-02 1.396436637114188695e-01 1.342171225502682697e-01 5.826437855082104711e-02 2.851249669400457432e-02 0.000000000000000000e+00 1.221671967072233272e-02 1.411022074106367367e-02 5.023134632085913837e-04 0.000000000000000000e+00 2.668233080751012190e-02 0.000000000000000000e+00 1.016261345543264649e-03 6.129625581440684839e-02 8.912397638774055553e-02 8.075253692204253930e-02
5.045987324137341141e-03 8.112976618573237986e-02 4.946877906082549486e-02 1.298293037724481680e-01 1.642645041789141391e-01 1.593385672199665315e-02 4.027654672934349867e-02 1.213276813609172888e-01 3.786459906278764193e-02 2.835874683126029736e-02 8.185950141888883235e-04 1.643353209012747562e-01 0.000000000000000000e+00 0.000000000000000000e+00 4.270488907251592664e-03 1.521829178884136734e-02 2.002893206420781891e-03 2.409992917147388974e-02 8.987341005868459617e-03 1.067673687763174145e-01
4.976564173501676295e-04 1.183284088545025897e-01 4.654860232219093508e-02 1.329582759202311559e-01 9.117226370262959678e-02 3.847576852610575145e-03 2.834158035444577645e-02 1.065735761977798096e-01 1.396120742342175924e-01 1.650412766042036201e-04 4.604612480508962595e-03 1.231527514025772402e-01 1.663917306547484825e-04 5.843389375208127637e-03 7.533255006195036657e-03 4.782987425910120369e-03 7.898459074317963277e-03 5.610142992556290016e-03 9.349683997261735990e-03 1.630132703822472773e-01
8.460222340228109456e-03 0.000000000000000000e+00 1.701371827951788512e-02 5.077606192656609896e-02 1.213537600749825703e-02 3.096041770222569475e-02 3.539446227900848452e-02 2.820877006211566784e-01 2.161834648244462947e-02 2.410780720349461892e-03 4.074339671912392651e-03 2.154729549596786919e-01 0.000000000000000000e+00 1.113905092958217833e-03 1.059054014001108018e-01 5.676241831995419707e-02 0.000000000000000000e+00 4.414932618579908014e-02 3.626510575882545100e-03 1.080380574347087619e-01
4.942951367583489630e-02 1.143023229789365686e-01 1.391747475411725735e-02 6.579816874724649101e-02 7.455840515335752927e-02 1.710317126853395930e-01 2.061177572544553582e-02 5.187143398821081157e-04 2.224134387352567216e-02 6.152552387192996436e-02 0.000000000000000000e+00 9.482071778939089868e-02 3.213841472127013793e-02 0.000000000000000000e+00 1.659962813843496462e-04 2.526213981214679022e-02 0.000000000000000000e+00 1.427434586495689856e-02 8.455225757539204523e-02 1.548511721498433413e-01
3.736797199902597549e-03 2.241405150144563929e-01 1.042774233174224158e-02 1.581766128318995782e-02 3.466565617816117634e-02 1.598348883789961761e-01 2.312472248076059139e-02 2.064597762299096306e-01 1.284557123842872683e-01 0.000000000000000000e+00 0.000000000000000000e+00 4.998970513991111281e-02 7.299974904763376071e-03 0.000000000000000000e+00 3.484005267324848804e-02 1.100361282357461591e-02 3.599117125844968762e-02 1.397851431235332814e-02 3.764127030926496531e-02 2.592227097028236039e-03
3.392685941848391784e-02 7.111830787597965553e-02 1.345795475880732367e-02 1.191470144331555417e-03 6.674173382366530016e-02 4.713491427221223884e-02 1.032276605246985890e-01 4.550995750189441164e-02 1.204274567894262488e-01 0.000000000000000000e+00 0.000000000000000000e+00 7.549438316346283873e-02 1.927470193885650815e-02 1.586395641609992559e-03 4.812407468763352236e-02 0.000000000000000000e+00 9.562832809386283273e-02 9.897927268782426291e-02 1.468718177732867836e-01 1.130471090396416474e-02
7.482522162701503443e-02 5.436747986610005953e-03 3.417438793107360068e-02 1.495965520910626408e-02 1.041677453029637990e-01 7.752258672736768788e-03 8.618711835877881922e-02 3.395905803013592877e-02 2.015003989442372412e-02 2.751249660659622204e-02 0.000000000000000000e+00 2.051779603765148952e-01 1.646158655234760976e-03 0.000000000000000000e+00 3.987637392726467445e-02 5.671206684718764143e-03 7.356471243627450696e-02 1.082465512227902688e-01 1.823915633495705457e-02 1.384531507428049535e-01
0.000000000000000000e+00 3.409030367528530919e-02 1.037521437233616603e-02 1.153825772972397190e-01 1.532186226719682576e-01 1.216875851716217073e-02 3.146091997335188906e-02 1.336045832707782877e-01 9.786794836559113697e-02 4.412744913503662686e-02 3.063915153556349621e-02 2.674357077939862673e-02 0.000000000000000000e+00 0.000000000000000000e+00 1.247545348667574994e-01 0.000000000000000000e+00 9.576480288017154242e-04 8.783412757651162936e-04 0.000000000000000000e+00 1.837303762349639935e-01
1.111199221248205804e-01 1.239530235157611238e-01 1.203553563456459183e-02 9.969684452943630010e-04 4.774182968011111278e-02 1.138046558412116049e-01 1.188825786884720875e-01 6.408878396816158722e-03 7.946813167132790734e-03 8.697327788907747645e-03 4.243370274810552459e-04 3.321877715103589701e-02 9.057509934555497966e-02 8.417476295233294534e-03 0.000000000000000000e+00 0.000000000000000000e+00 1.155224549371061844e-02 2.810670968582100731e-03 1.259275725170575788e-01 1.754862879182523816e-01
4.425738745607185609e-03 2.636968671832350466e-02 1.335119878260702594e-02 3.440131828759589866e-02 1.586676614947742925e-01 1.480789790172739283e-02 7.381133466925888370e-03 2.323082503476020244e-01 5.331391236860072436e-02 3.092606577749273684e-03 8.021350205318069845e-03 2.432846450887833807e-03 9.501402940112931017e-02 2.245928314245864907e-03 1.872028252773384055e-02 5.246101345541417070e-03 7.870973811695934500e-04 4.639710882611631365e-02 1.319900881027958606e-01 1.410257627535484726e-01
1.509498113143068268e-02 1.563276703640977539e-01 2.186114689086352328e-02 9.864600488698510583e-02 1.581860273312577503e-01 5.798117673652991577e-02 7.783350752935094125e-03 1.055162817345250692e-01 5.008305151312322789e-02 0.000000000000000000e+00 0.000000000000000000e+00 3.241384133456955141e-02 3.770711971145947194e-02 2.810804719405973241e-03 9.525696908768964974e-04 6.398638991725133333e-03 6.015422576028679920e-03 8.280217357504191054e-04 9.913550777366457456e-02 1.422583821247711267e-01
7.762749606405036640e-03 2.013641561963296633e-01 7.739984042965719624e-02 7.806911082755176555e-03 2.199092463103170456e-02 1.313332207212712655e-01 9.945417915883541550e-04 6.479695059617429642e-02 1.132134072859016100e-01 0.000000000000000000e+00 0.000000000000000000e+00 4.912919369372193605e-04 1.194051931772852071e-02 0.000000000000000000e+00 1.232796392764552579e-01 2.946505741817048631e-03 1.165134096529695309e-02 3.954133857099310922e-02 4.368175193448087246e-02 1.398049099151766894e-01
2.010585028306026770e-02 1.590062332938442791e-01 1.051256529173088122e-01 9.105817815861196735e-03 1.558005282890530252e-01 1.524125079653720904e-01 1.059615871873904186e-01 4.378214329990637310e-02 2.849689742716307594e-02 0.000000000000000000e+00 0.000000000000000000e+00 7.276251670420195994e-02 2.717372152774661515e-02 9.014734683419686886e-04 8.306160072828448499e-04 7.877160705493676737e-03 1.816390451550882121e-02 2.613148705224450918e-02 2.460064677656156884e-02 4.176125476365865480e-02
1.085281879203985611e-01 1.458827841842711900e-02 1.230034236386670227e-01 6.449099986969404619e-02 4.504362736385007782e-02 2.146497883529640063e-02 1.575026396869217415e-01 3.060214847142084596e-02 9.277644965585698025e-03 1.106787933026758420e-03 1.289227721928699194e-02 5.420486883281551427e-02 0.000000000000000000e+00 5.634454404827879230e-03 5.127852052771609583e-03 1.174507116699499351e-02 8.810932429788013998e-02 1.054020778647499074e-01 1.225685703221388589e-01 1.870678673524578048e-02
2.036032399130658643e-01 1.210111056477885527e-01 1.953863087862194384e-02 3.658336213623492733e-02 3.803367996293437192e-02 1.496816399422776223e-02 9.757825253991063430e-02 3.274104929628395000e-02 1.959278932514821325e-02 8.129341148716218374e-04 0.000000000000000000e+00 2.664944547895201771e-02 1.484837294516777421e-03 1.121948506220261065e-02 1.106304928035713592e-01 0.000000000000000000e+00 6.882803642151024033e-03 1.033342438908341904e-01 1.890521791494931920e-03 1.534449622271893687e-01
0.000000000000000000e+00 6.717604869028902942e-03 7.467954175772536889e-03 7.146180758409671763e-02 1.579235545190398604e-01 1.212569371697988507e-01 5.899782327419359623e-02 1.135491416426345854e-03 2.033506881051596119e-02 5.741482528933090912e-03 0.000000000000000000e+00 7.414578242068982361e-02 4.861245464213342221e-02 1.152879831070378613e-01 6.515429910369854860e-02 6.184047051021927810e-03 0.000000000000000000e+00 8.314538800438841300e-04 1.100221297361096973e-01 1.287241257114589421e-01
