0.000000000000000000e+00 1.159146240720087540e-01 2.741994492182814672e-02 0.000000000000000000e+00 1.372799627871450212e-01 1.476458829118540150e-01 2.530464827293918417e-02 0.000000000000000000e+00 0.000000000000000000e+00 1.310458505352662117e-01 0.000000000000000000e+00 1.394220746744347372e-01 0.000000000000000000e+00 0.000000000000000000e+00 3.258913745152881153e-02 0.000000000000000000e+00 0.000000000000000000e+00 3.275227802194438653e-02 0.000000000000000000e+00 2.789207555084784532e-02 1.940804314987457091e-02 0.000000000000000000e+00 2.586425440666369202e-02 3.089848636371035802e-03 1.343713746072936477e-01
1.120507243697893736e-02 5.985136807637891215e-02 2.287870889582890171e-02 0.000000000000000000e+00 0.000000000000000000e+00 0.000000000000000000e+00 2.224646198649132822e-02 1.356499045500087208e-01 5.563706661396897180e-03 2.270126102614952179e-01 4.573352191261282479e-02 2.847080192332031648e-02 0.000000000000000000e+00 8.751517252697082333e-03 5.804671789703065576e-02 0.000000000000000000e+00 1.020246859043147658e-01 9.835864360070266724e-03 0.000000000000000000e+00 0.000000000000000000e+00 5.071025073817587298e-04 0.000000000000000000e+00 0.000000000000000000e+00 1.277792685197569889e-01 1.344426868542364373e-01
0.000000000000000000e+00 1.066946387485985664e-01 0.000000000000000000e+00 1.724686249986754627e-01 3.036486074181462755e-03 0.000000000000000000e+00 2.112513393876114809e-01 2.547903620304564631e-01 0.000000000000000000e+00 1.933217473697022154e-02 5.491166263119818917e-03 0.000000000000000000e+00 0.000000000000000000e+00 0.000000000000000000e+00 1.140506429009517653e-02 0.000000000000000000e+00 0.000000000000000000e+00 8.384807595797290347e-02 1.655998392702542031e-03 1.243324041013913750e-01 0.000000000000000000e+00 0.000000000000000000e+00 0.000000000000000000e+00 5.693665018224417299e-03 0.000000000000000000e+00
2.700701008637152595e-02 2.312605954803701597e-02 0.000000000000000000e+00 1.288117897939581313e-01 1.628518364126066986e-01 7.480608546167799057e-03 0.000000000000000000e+00 1.667378134531927458e-01 0.000000000000000000e+00 1.442058290449481084e-01 0.000000000000000000e+00 1.595150282396500530e-01 0.000000000000000000e+00 0.000000000000000000e+00 9.877966604816669494e-02 0.000000000000000000e+00 0.000000000000000000e+00 0.000000000000000000e+00 1.320985730523804337e-02 0.000000000000000000e+00 0.000000000000000000e+00 2.296105913438123425e-02 0.000000000000000000e+00 4.531344238728187562e-02 0.000000000000000000e+00
0.000000000000000000e+00 9.633312743568672731e-02 0.000000000000000000e+00 0.000000000000000000e+00 3.070410722871344186e-02 0.000000000000000000e+00 4.575640180846653193e-02 1.583397945704554666e-01 0.000000000000000000e+00 1.460782938146543974e-01 0.000000000000000000e+00 1.724721566761474034e-01 0.000000000000000000e+00 0.000000000000000000e+00 0.000000000000000000e+00 0.000000000000000000e+00 8.035582439367211505e-02 3.083222009253001623e-03 1.336761748007374850e-01 0.000000000000000000e+00 0.000000000000000000e+00 2.510758750759308974e-02 8.567819916607463671e-02 2.241511058854576618e-02 0.000000000000000000e+00
2.491001470174818849e-02 0.000000000000000000e+00 0.000000000000000000e+00 0.000000000000000000e+00 2.952398063346725055e-01 0.000000000000000000e+00 1.813406722660861614e-01 1.887521759686498213e-01 0.000000000000000000e+00 0.000000000000000000e+00 3.939962506454926586e-03 4.898418973460967607e-02 0.000000000000000000e+00 0.000000000000000000e+00 0.000000000000000000e+00 0.000000000000000000e+00 0.000000000000000000e+00 0.000000000000000000e+00 0.000000000000000000e+00 0.000000000000000000e+00 0.000000000000000000e+00 8.335650905297373181e-02 0.000000000000000000e+00 1.734766694348049698e-01 0.000000000000000000e+00
0.000000000000000000e+00 1.295947823331040361e-01 8.937256562611543831e-02 0.000000000000000000e+00 1.449869645831128318e-01 0.000000000000000000e+00 1.768681196400788413e-01 2.497776536775516212e-02 0.000000000000000000e+00 1.274828332016818278e-01 0.000000000000000000e+00 0.000000000000000000e+00 9.667590941267742433e-02 0.000000000000000000e+00 1.694456836620212084e-02 0.000000000000000000e+00 0.000000000000000000e+00 0.000000000000000000e+00 3.230242526332337445e-03 0.000000000000000000e+00 0.000000000000000000e+00 0.000000000000000000e+00 0.000000000000000000e+00 1.898662489429399081e-01 0.000000000000000000e+00
6.426417380964227766e-02 3.779240316244519143e-02 1.284463998426486619e-01 0.000000000000000000e+00 3.612138831461345068e-02 4.028982388662070979e-02 8.494994938778510293e-03 1.515534600075064409e-01 1.650953018962933103e-02 9.266063821028373924e-04 0.000000000000000000e+00 1.545090239424333212e-01 2.414645667827066897e-02 0.000000000000000000e+00 1.502451366676490485e-01 0.000000000000000000e+00 0.000000000000000000e+00 0.000000000000000000e+00 1.384302882451086394e-03 1.117862001240216702e-01 0.000000000000000000e+00 2.334944528340259385e-03 2.566987724720957032e-03 5.921604952804890992e-02 9.412117390076695997e-03
7.702143422275394002e-02 0.000000000000000000e+00 2.303078722315623703e-02 5.547703964779642644e-02 1.756011014716659102e-01 6.620833794666057363e-03 3.884768628438773491e-02 1.567874535633101696e-01 0.000000000000000000e+00 0.000000000000000000e+00 0.000000000000000000e+00 1.907045032152725472e-01 0.000000000000000000e+00 0.000000000000000000e+00 0.000000000000000000e+00 8.727315255038085515e-03 1.028364112317706608e-01 2.958297995357425311e-02 0.000000000000000000e+00 7.722787697819831487e-02 0.000000000000000000e+00 0.000000000000000000e+00 0.000000000000000000e+00 5.753457715840958053e-02 0.000000000000000000e+00
0.000000000000000000e+00 1.317690680861719477e-01 9.393299267832240507e-02 9.531739460517638096e-02 0.000000000000000000e+00 2.651464459408846286e-02 1.727235578278724926e-01 1.930072412169918095e-01 7.403387658676047201e-02 2.739588181581753545e-02 0.000000000000000000e+00 0.000000000000000000e+00 0.000000000000000000e+00 0.000000000000000000e+00 0.000000000000000000e+00 0.000000000000000000e+00 0.000000000000000000e+00 3.999940499642582609e-02 0.000000000000000000e+00 0.000000000000000000e+00 0.000000000000000000e+00 1.569125415555571931e-02 3.519747786254873168e-02 6.891359995066813349e-02 2.550360562360014932e-02
0.000000000000000000e+00 9.734264409924708872e-02 1.768388662271630773e-01 0.000000000000000000e+00 0.000000000000000000e+00 0.000000000000000000e+00 4.264015782066527677e-02 2.661248083637203238e-03 1.083767775668945110e-01 1.260313077961275618e-01 0.000000000000000000e+00 1.857019257993787476e-01 0.000000000000000000e+00 0.000000000000000000e+00 7.877474779547692652e-02 0.000000000000000000e+00 0.000000000000000000e+00 0.000000000000000000e+00 0.000000000000000000e+00 1.813811718340614665e-02 0.000000000000000000e+00 1.315666505839855893e-01 3.027941383287849342e-02 1.648143211139418366e-03 0.000000000000000000e+00
0.000000000000000000e+00 0.000000000000000000e+00 1.120974663677980904e-01 0.000000000000000000e+00 2.244968510627760039e-01 0.000000000000000000e+00 2.190347526456327409e-01 1.511582751145852943e-01 3.425776913426569620e-02 2.058489207503081883e-02 0.000000000000000000e+00 0.000000000000000000e+00 0.000000000000000000e+00 0.000000000000000000e+00 1.252027741364709207e-02 0.000000000000000000e+00 9.700553489024670017e-02 0.000000000000000000e+00 1.189901503250546805e-01 0.000000000000000000e+00 0.000000000000000000e+00 0.000000000000000000e+00 2.554017588380088580e-03 0.000000000000000000e+00 7.300013382582927306e-03
0.000000000000000000e+00 1.096821068890578565e-01 1.678785426613382536e-01 8.665158093240969694e-03 1.441012468889848186e-01 0.000000000000000000e+00 1.664952613060428355e-01 0.000000000000000000e+00 0.000000000000000000e+00 2.259088050976364864e-02 0.000000000000000000e+00 3.923173104910587794e-02 0.000000000000000000e+00 0.000000000000000000e+00 1.305554672076580380e-01 0.000000000000000000e+00 0.000000000000000000e+00 0.000000000000000000e+00 0.000000000000000000e+00 0.000000000000000000e+00 6.307875077783666774e-03 0.000000000000000000e+00 0.000000000000000000e+00 5.415856677041980261e-02 1.503331635466041982e-01
0.000000000000000000e+00 0.000000000000000000e+00 0.000000000000000000e+00 0.000000000000000000e+00 2.859080496659312520e-01 0.000000000000000000e+00 1.682993720658368109e-01 0.000000000000000000e+00 0.000000000000000000e+00 1.667625018670671200e-01 0.000000000000000000e+00 2.849969683783371444e-03 0.000000000000000000e+00 0.000000000000000000e+00 3.691877721918093713e-02 0.000000000000000000e+00 0.000000000000000000e+00 6.831950330138680545e-04 1.531632546852004506e-01 0.000000000000000000e+00 0.000000000000000000e+00 0.000000000000000000e+00 0.000000000000000000e+00 7.547523352672872235e-03 1.778673564273134111e-01
0.000000000000000000e+00 0.000000000000000000e+00 1.565007951573894607e-01 0.000000000000000000e+00 2.464333917513681638e-01 0.000000000000000000e+00 0.000000000000000000e+00 7.673172836838186572e-02 4.314139617308023616e-02 6.943125578495241979e-02 0.000000000000000000e+00 1.639778829763123003e-01 0.000000000000000000e+00 0.000000000000000000e+00 0.000000000000000000e+00 0.000000000000000000e+00 0.000000000000000000e+00 0.000000000000000000e+00 0.000000000000000000e+00 0.000000000000000000e+00 0.000000000000000000e+00 6.305018638960353805e-02 1.395373835110176874e-01 2.840670769291419456e-02 1.278927219498026020e-02
0.000000000000000000e+00 2.634999985408871884e-02 7.553879749672151589e-02 1.074567462547291845e-02 5.811607857885063653e-04 0.000000000000000000e+00 5.636403477136052789e-03 1.678165148712183752e-01 0.000000000000000000e+00 0.000000000000000000e+00 0.000000000000000000e+00 3.170451172254631356e-01 0.000000000000000000e+00 3.455007862116363498e-03 0.000000000000000000e+00 0.000000000000000000e+00 5.555293439895258450e-02 5.461828855699017715e-02 1.702554431240092684e-03 0.000000000000000000e+00 0.000000000000000000e+00 0.000000000000000000e+00 8.958694469474719636e-04 1.240967690015843256e-01 1.559649079662798754e-01
2.256178345100261565e-02 0.000000000000000000e+00 0.000000000000000000e+00 5.616636232627851381e-03 4.474437332160218772e-01 0.000000000000000000e+00 0.000000000000000000e+00 1.648554757062648812e-01 0.000000000000000000e+00 2.358470430574611393e-02 0.000000000000000000e+00 6.507883877774339743e-02 5.536692902158704688e-02 0.000000000000000000e+00 2.393834309461289472e-02 0.000000000000000000e+00 7.526982663147356242e-03 8.948025809804896827e-03 1.289164871752387087e-01 1.990510410451368228e-03 0.000000000000000000e+00 3.036500691496386156e-02 0.000000000000000000e+00 0.000000000000000000e+00 1.380654322078720721e-02
0.000000000000000000e+00 1.085302087802926529e-01 3.173132346127922887e-02 2.892843516317807062e-03 2.284174052678163425e-01 0.000000000000000000e+00 9.707017740746658185e-02 1.726509421142541356e-01 8.240602700609164083e-03 1.101953419425718249e-02 0.000000000000000000e+00 0.000000000000000000e+00 0.000000000000000000e+00 0.000000000000000000e+00 7.077062547578844010e-02 0.000000000000000000e+00 0.000000000000000000e+00 0.000000000000000000e+00 1.193160673244179210e-01 0.000000000000000000e+00 0.000000000000000000e+00 1.169136403130426050e-01 0.000000000000000000e+00 0.000000000000000000e+00 3.244662944445788483e-02
1.526650824727464112e-03 9.038097530759087173e-02 0.000000000000000000e+00 0.000000000000000000e+00 2.925177492930631784e-01 0.000000000000000000e+00 7.615687830818065884e-02 7.758479729267747302e-03 1.086265484108460584e-02 3.226262487136075802e-02 0.000000000000000000e+00 3.789345366480095095e-02 0.000000000000000000e+00 0.000000000000000000e+00 2.613837408174405352e-01 0.000000000000000000e+00 0.000000000000000000e+00 3.108073325828941344e-02 0.000000000000000000e+00 1.194483997429300094e-02 0.000000000000000000e+00 0.000000000000000000e+00 0.000000000000000000e+00 3.111065009057298845e-03 1.431201541008436662e-01
2.418621644627827472e-02 0.000000000000000000e+00 1.281489908533969824e-01 1.328660593305392434e-01 1.235750093670092975e-01 1.274961058160179773e-02 1.281193678741675557e-01 1.527727188945689207e-01 4.747991880126635478e-02 1.061157616006425412e-03 0.000000000000000000e+00 1.610817633309303762e-02 2.204684768774967021e-03 0.000000000000000000e+00 6.727421284605840379e-02 0.000000000000000000e+00 0.000000000000000000e+00 0.000000000000000000e+00 0.000000000000000000e+00 0.000000000000000000e+00 0.000000000000000000e+00 1.575037403489894759e-03 0.000000000000000000e+00 2.683069288528009896e-02 1.350481459984688160e-01
0.000000000000000000e+00 2.894895612180049815e-02 1.572165225445087966e-02 0.000000000000000000e+00 3.286134285271332667e-01 1.166288843806488479e-01 1.292909093610580817e-02 2.857709087169002515e-02 5.972018692437183751e-02 0.000000000000000000e+00 5.887604935764640529e-03 1.288474723777044972e-01 1.453289780065373203e-02 0.000000000000000000e+00 1.550103288696801085e-01 0.000000000000000000e+00 0.000000000000000000e+00 0.000000000000000000e+00 6.838423792650661845e-03 0.000000000000000000e+00 0.000000000000000000e+00 6.788488812504972492e-02 0.000000000000000000e+00 0.000000000000000000e+00 2.985909408229540235e-02
0.000000000000000000e+00 7.120797238475707605e-04 2.314065251605932141e-02 0.000000000000000000e+00 1.688239984172565378e-01 0.000000000000000000e+00 2.413860825379858174e-02 0.000000000000000000e+00 2.136370355582832559e-02 2.244888980312751969e-01 0.000000000000000000e+00 1.401532429309215178e-01 0.000000000000000000e+00 3.117911826397547215e-02 2.479382435666452889e-01 0.000000000000000000e+00 0.000000000000000000e+00 0.000000000000000000e+00 0.000000000000000000e+00 2.022475609909221358e-02 0.000000000000000000e+00 0.000000000000000000e+00 0.000000000000000000e+00 2.286186280385649541e-02 7.497483583744357638e-02
0.000000000000000000e+00 4.090021730764602584e-03 7.862551247062146698e-02 1.207223373901823854e-01 0.000000000000000000e+00 3.642021732081384550e-02 1.682589384034705871e-01 0.000000000000000000e+00 1.527200769975687877e-01 0.000000000000000000e+00 4.711395124841186860e-02 5.061440012861483095e-02 1.870207768862915121e-02 0.000000000000000000e+00 0.000000000000000000e+00 0.000000000000000000e+00 0.000000000000000000e+00 1.730552601681600855e-02 0.000000000000000000e+00 0.000000000000000000e+00 0.000000000000000000e+00 1.453432745348753607e-01 6.887484738165519302e-03 1.531961813310655784e-01 0.000000000000000000e+00
0.000000000000000000e+00 1.480667617745860636e-02 5.974978703102760969e-02 0.000000000000000000e+00 1.420798841434035009e-01 0.000000000000000000e+00 2.956634767940605202e-01 1.202753805501928508e-02 0.000000000000000000e+00 5.623608640513910566e-03 7.602061995408378788e-04 7.651609210605161103e-03 0.000000000000000000e+00 0.000000000000000000e+00 8.269717583565837360e-02 0.000000000000000000e+00 1.562552558510217626e-02 1.777566831510686562e-01 1.239547717683771866e-01 2.850678595407465672e-03 1.271175464745264230e-03 0.000000000000000000e+00 6.231612653731075438e-03 5.124959069428044328e-02 0.000000000000000000e+00
5.369612993843875422e-03 5.942279343599555369e-02 1.650410302192359749e-02 1.099847473981748446e-02 1.368841005415708800e-01 0.000000000000000000e+00 1.576176839126219864e-01 3.957382042921175902e-02 0.000000000000000000e+00 1.073928775598899793e-01 0.000000000000000000e+00 0.000000000000000000e+00 0.000000000000000000e+00 3.376506012725961816e-03 1.366918993482476308e-01 1.096045761082572595e-01 8.100044940225911705e-03 5.003055546693024880e-02 2.203580144439038629e-02 0.000000000000000000e+00 0.000000000000000000e+00 0.000000000000000000e+00 0.000000000000000000e+00 0.000000000000000000e+00 1.363971500443474649e-01
0.000000000000000000e+00 0.000000000000000000e+00 9.232936123985124865e-02 2.712893494633978816e-02 2.505551085053175364e-01 1.169008547042218876e-01 1.925285853928381252e-01 0.000000000000000000e+00 0.000000000000000000e+00 0.000000000000000000e+00 2.422933753745358174e-03 6.020663661759737169e-03 0.000000000000000000e+00 2.865274706369987361e-03 2.618080477608307824e-02 0.000000000000000000e+00 1.318422393564711720e-03 0.000000000000000000e+00 0.000000000000000000e+00 0.000000000000000000e+00 6.935493759716954143e-02 0.000000000000000000e+00 0.000000000000000000e+00 1.711660678296324511e-01 4.122805049310650921e-02
8.504038333679931130e-03 1.243165972092912797e-01 0.000000000000000000e+00 2.215006880030566394e-02 1.320342484958202944e-01 1.083889965423151351e-02 6.709965004583266779e-02 1.532087148545539235e-01 0.000000000000000000e+00 2.547962287768652523e-01 0.000000000000000000e+00 0.000000000000000000e+00 0.000000000000000000e+00 1.979934568265273413e-03 1.125755322456014063e-01 0.000000000000000000e+00 0.000000000000000000e+00 0.000000000000000000e+00 0.000000000000000000e+00 0.000000000000000000e+00 0.000000000000000000e+00 3.891942824783195531e-02 3.280377208424069269e-02 4.077288668348018341e-02 0.000000000000000000e+00
0.000000000000000000e+00 0.000000000000000000e+00 1.909182886670158230e-01 0.000000000000000000e+00 1.067393583421718528e-01 0.000000000000000000e+00 2.136698993610203490e-01 4.060836527364120735e-02 1.536362434634571950e-01 0.000000000000000000e+00 0.000000000000000000e+00 0.000000000000000000e+00 0.000000000000000000e+00 0.000000000000000000e+00 0.000000000000000000e+00 0.000000000000000000e+00 8.785441022622915430e-02 0.000000000000000000e+00 0.000000000000000000e+00 1.036580617934349940e-01 0.000000000000000000e+00 0.000000000000000000e+00 0.000000000000000000e+00 7.424015468790939876e-02 2.867521818511998069e-02
0.000000000000000000e+00 0.000000000000000000e+00 1.606531563358471471e-01 2.232095639546731892e-03 2.297224556962384201e-01 1.245280100738869328e-01 8.847755592078614117e-02 1.985805138930338623e-02 6.656328168717874291e-03 1.667764822822400544e-02 2.231654177647788857e-03 1.124302066131747935e-01 0.000000000000000000e+00 0.000000000000000000e+00 7.245241902307348984e-03 0.000000000000000000e+00 7.298952844538181273e-02 9.980056731798636616e-03 0.000000000000000000e+00 0.000000000000000000e+00 0.000000000000000000e+00 0.000000000000000000e+00 1.122282407771378610e-02 1.350951865994252377e-01 0.000000000000000000e+00
0.000000000000000000e+00 0.000000000000000000e+00 3.506655710892061378e-02 3.163951783298763615e-02 3.853085867193957285e-03 0.000000000000000000e+00 4.423723341483504212e-02 0.000000000000000000e+00 1.043072897997508880e-01 1.597741794428734208e-01 0.000000000000000000e+00 1.190924453891342438e-01 0.000000000000000000e+00 0.000000000000000000e+00 5.579335635401242582e-02 0.000000000000000000e+00 0.000000000000000000e+00 1.148961551355913088e-02 1.639401410447014762e-01 0.000000000000000000e+00 0.000000000000000000e+00 0.000000000000000000e+00 1.072816114260041614e-01 0.000000000000000000e+00 1.635249668060269890e-01
0.000000000000000000e+00 0.000000000000000000e+00 2.157146635397490242e-02 0.000000000000000000e+00 1.359328538086109484e-01 0.000000000000000000e+00 5.007519019053069398e-02 2.048363059436283939e-02 3.717862744882584336e-02 1.475337069994797912e-01 0.000000000000000000e+00 1.568328781084718238e-01 0.000000000000000000e+00 2.215641130821594692e-05 0.000000000000000000e+00 0.000000000000000000e+00 1.080933989816670743e-01 7.246781672135538255e-02 1.051368561138476543e-01 2.658939378780508615e-03 0.000000000000000000e+00 4.631509355121874415e-03 1.373809695336624948e-01 0.000000000000000000e+00 0.000000000000000000e+00
0.000000000000000000e+00 0.000000000000000000e+00 1.057192964853241463e-01 0.000000000000000000e+00 1.516038946722558234e-01 0.000000000000000000e+00 1.736867649494543420e-01 1.599225883379574720e-01 4.404249473317043556e-02 1.788626670564074164e-02 0.000000000000000000e+00 1.388031538496075148e-02 0.000000000000000000e+00 0.000000000000000000e+00 1.032685195565610226e-01 0.000000000000000000e+00 0.000000000000000000e+00 0.000000000000000000e+00 0.000000000000000000e+00 7.215364632787575616e-02 0.000000000000000000e+00 1.316166525353986427e-01 1.279645247095548711e-03 8.191620720535126507e-03 1.674829434377012732e-02
0.000000000000000000e+00 0.000000000000000000e+00 7.191081148052161018e-04 1.157255236067036286e-01 1.342803830105015195e-01 0.000000000000000000e+00 9.596958817269081454e-03 0.000000000000000000e+00 1.444395672637879824e-01 1.633409087817997828e-03 7.254288122129805630e-03 1.763128910835536078e-01 0.000000000000000000e+00 1.330321137477402139e-02 0.000000000000000000e+00 8.811984334913470357e-03 8.953536510455741004e-02 3.905481178029590605e-02 0.000000000000000000e+00 8.924805375439548438e-02 0.000000000000000000e+00 0.000000000000000000e+00 9.093016344348760216e-03 1.609914282001461416e-01 0.000000000000000000e+00
0.000000000000000000e+00 3.551413015606577888e-03 5.358221097997296900e-02 1.340896626067595090e-02 1.924180306856953515e-01 4.942647546586489277e-03 2.351064704618474888e-01 9.356316799859226707e-02 0.000000000000000000e+00 2.761925290968297170e-02 0.000000000000000000e+00 0.000000000000000000e+00 2.742807521577246554e-03 0.000000000000000000e+00 4.734622147416515936e-02 0.000000000000000000e+00 0.000000000000000000e+00 0.000000000000000000e+00 6.271050490662774535e-02 0.000000000000000000e+00 0.000000000000000000e+00 1.363384914833890849e-01 1.266698147555807841e-01 0.000000000000000000e+00 0.000000000000000000e+00
0.000000000000000000e+00 0.000000000000000000e+00 2.526461320698973959e-02 1.221002353474836266e-01 6.510226992148165914e-02 1.945267356328137312e-02 1.321250361023980358e-01 2.257782457992342784e-01 0.000000000000000000e+00 3.104406089613912997e-02 0.000000000000000000e+00 7.545292685328143512e-02 0.000000000000000000e+00 0.000000000000000000e+00 1.867549056590742454e-02 0.000000000000000000e+00 0.000000000000000000e+00 0.000000000000000000e+00 5.395709218266430806e-04 5.541944551211493153e-03 0.000000000000000000e+00 0.000000000000000000e+00 6.266996574906187265e-03 1.382308560900439298e-01 1.344250796058150121e-01
0.000000000000000000e+00 0.000000000000000000e+00 3.563165829341659666e-03 2.980836209298147813e-02 1.575125530978143118e-01 0.000000000000000000e+00 1.338749176568376220e-01 0.000000000000000000e+00 0.000000000000000000e+00 0.000000000000000000e+00 2.872557696528994439e-02 1.441751769168564123e-01 4.674020879300414683e-02 3.352386086340014559e-02 1.521682837793792153e-01 0.000000000000000000e+00 0.000000000000000000e+00 1.275188732052952648e-02 1.374197664916261830e-01 0.000000000000000000e+00 0.000000000000000000e+00 0.000000000000000000e+00 0.000000000000000000e+00 1.762094888418901453e-02 1.021152913087504110e-01
0.000000000000000000e+00 1.234930367767953820e-02 3.461478674947335299e-02 3.126651829477576725e-03 3.657207865937696541e-03 1.441631938130503443e-01 3.617207375014528867e-03 0.000000000000000000e+00 2.925920298093903638e-02 2.335153926926074666e-02 0.000000000000000000e+00 1.028311369040285500e-01 8.046664735767276866e-02 1.136556018647098777e-03 1.117766913931455552e-01 0.000000000000000000e+00 1.354638742914049399e-01 1.741029954017852405e-03 0.000000000000000000e+00 1.957209427295030987e-02 0.000000000000000000e+00 1.302467744309523112e-01 5.247203302150264641e-03 1.447369598562447679e-01 1.264193865795280522e-02
1.095532746158757974e-02 1.143985514711477469e-01 5.057587133252970657e-02 0.000000000000000000e+00 2.378650973753348649e-02 0.000000000000000000e+00 1.416386078444193397e-01 1.691739883617383033e-01 1.064180564004673117e-03 4.275147403563721304e-02 0.000000000000000000e+00 3.680460955892909947e-02 4.951158177946157063e-02 1.545013611587268444e-02 1.863630746284241149e-02 0.000000000000000000e+00 1.341645216654596857e-02 9.486275298587717661e-03 1.304755858931012646e-01 3.340964819505513189e-02 0.000000000000000000e+00 0.000000000000000000e+00 0.000000000000000000e+00 0.000000000000000000e+00 1.384648927210062885e-01
0.000000000000000000e+00 9.555784942657290226e-03 1.989738519745774259e-01 1.146129072328862658e-01 2.800664665122614121e-03 1.251887583072657352e-03 1.151317683635499911e-02 0.000000000000000000e+00 1.599288102585434412e-01 0.000000000000000000e+00 0.000000000000000000e+00 1.557562866693875392e-01 1.052098894967918620e-02 0.000000000000000000e+00 0.000000000000000000e+00 0.000000000000000000e+00 0.000000000000000000e+00 7.899416886346061900e-03 0.000000000000000000e+00 9.014916008336339636e-04 1.712762757025255642e-02 2.624398527802747697e-02 0.000000000000000000e+00 1.478309588273858943e-01 1.350821607248730849e-01
7.320195003972933268e-02 0.000000000000000000e+00 0.000000000000000000e+00 0.000000000000000000e+00 2.269732417548159936e-02 0.000000000000000000e+00 1.757927411244865623e-01 3.288413338129215352e-02 5.884682669423782486e-02 1.463060287793208625e-01 0.000000000000000000e+00 0.000000000000000000e+00 0.000000000000000000e+00 0.000000000000000000e+00 0.000000000000000000e+00 0.000000000000000000e+00 0.000000000000000000e+00 1.356144018846212052e-01 1.165512498625470156e-01 0.000000000000000000e+00 0.000000000000000000e+00 1.142847896627704335e-02 0.000000000000000000e+00 8.100639145950595810e-02 1.456704736325002969e-01
6.418268307291526836e-03 9.012220455903852253e-04 0.000000000000000000e+00 0.000000000000000000e+00 2.908677886861586459e-01 5.369850393759920820e-02 1.398474212068182565e-01 4.117136475804065304e-02 0.000000000000000000e+00 1.925152098542778217e-02 0.000000000000000000e+00 1.264200074858978264e-02 1.522491991975452033e-03 1.788426960859854781e-02 1.751765614175623542e-01 0.000000000000000000e+00 0.000000000000000000e+00 1.455682326551790409e-03 3.752679993805618092e-02 1.170129698841407273e-01 0.000000000000000000e+00 0.000000000000000000e+00 6.643525884810576321e-02 0.000000000000000000e+00 1.818787530949305883e-02
0.000000000000000000e+00 0.000000000000000000e+00 1.771327678952639151e-01 0.000000000000000000e+00 3.868345509589440206e-02 0.000000000000000000e+00 0.000000000000000000e+00 1.003929321567287175e-01 0.000000000000000000e+00 7.228228192436496335e-02 0.000000000000000000e+00 1.621965382249815069e-01 1.878044747325404622e-04 9.461759596177354154e-03 1.747081884345269009e-01 0.000000000000000000e+00 4.541687013202420214e-02 0.000000000000000000e+00 0.000000000000000000e+00 1.885085492353072434e-01 0.000000000000000000e+00 1.200355362346499331e-02 0.000000000000000000e+00 1.246732512897272618e-02 6.557974077560449651e-03
8.705981404051651301e-04 5.446224633604160401e-04 0.000000000000000000e+00 0.000000000000000000e+00 1.528840345501195352e-01 1.448023514595781977e-02 1.613734346038208367e-01 0.000000000000000000e+00 0.000000000000000000e+00 1.191678785339933717e-02 7.372352404354042855e-03 1.623202823290196065e-02 6.152203455304139368e-02 5.679078473591476529e-03 0.000000000000000000e+00 0.000000000000000000e+00 4.633960584029397922e-02 1.019793734831293862e-03 0.000000000000000000e+00 6.244192890311690836e-02 0.000000000000000000e+00 0.000000000000000000e+00 1.648983639624291564e-01 1.337459999156090928e-01 1.586791012227676545e-01
0.000000000000000000e+00 4.850157783884440771e-02 6.358195884978280754e-02 1.054971300418636598e-01 0.000000000000000000e+00 6.374313101237319423e-02 0.000000000000000000e+00 0.000000000000000000e+00 2.958503963813194360e-02 3.696933703941723132e-02 0.000000000000000000e+00 2.328415200864072665e-01 6.608970602918257109e-02 3.230666351197226775e-03 0.000000000000000000e+00 0.000000000000000000e+00 0.000000000000000000e+00 0.000000000000000000e+00 7.057214340412737430e-02 0.000000000000000000e+00 0.000000000000000000e+00 6.240338518884743987e-03 1.288850406808934035e-01 0.000000000000000000e+00 1.442624105088941289e-01
0.000000000000000000e+00 0.000000000000000000e+00 0.000000000000000000e+00 0.000000000000000000e+00 1.558791724905829179e-01 0.000000000000000000e+00 1.717616277367648714e-01 0.000000000000000000e+00 2.931921705463547134e-02 1.133640189758806649e-01 4.790383263744707985e-03 1.168164580710345617e-02 0.000000000000000000e+00 0.000000000000000000e+00 0.000000000000000000e+00 1.319055535978602527e-02 0.000000000000000000e+00 0.000000000000000000e+00 1.232683345809437031e-01 8.227413541724271084e-02 0.000000000000000000e+00 2.568545778616069045e-02 1.821608414324268344e-01 8.662461009472793849e-02 0.000000000000000000e+00
0.000000000000000000e+00 0.000000000000000000e+00 4.271062340492513126e-02 1.608485566098581329e-02 6.785022023641418265e-02 1.565520886030171907e-02 5.984304343301033446e-02 1.587761573478429500e-01 0.000000000000000000e+00 5.627012371999511736e-02 0.000000000000000000e+00 1.105619951351863306e-01 0.000000000000000000e+00 0.000000000000000000e+00 1.693652410994281668e-02 0.000000000000000000e+00 1.594749663460425793e-01 0.000000000000000000e+00 0.000000000000000000e+00 8.549583109306712475e-03 0.000000000000000000e+00 2.367492965215969771e-03 7.926215229612048468e-03 1.326121910934215109e-01 1.443807993477967677e-01
0.000000000000000000e+00 0.000000000000000000e+00 0.000000000000000000e+00 0.000000000000000000e+00 2.981030631457425861e-01 1.492848690960788850e-02 1.813853694967520191e-01 1.869963922856986427e-01 0.000000000000000000e+00 1.227864167379184301e-01 0.000000000000000000e+00 7.922373292429552016e-02 2.476591545605561634e-02 0.000000000000000000e+00 2.668603923997691480e-04 0.000000000000000000e+00 0.000000000000000000e+00 0.000000000000000000e+00 0.000000000000000000e+00 2.273950851140426645e-03 0.000000000000000000e+00 5.494424688154035674e-02 3.012627964756968424e-02 0.000000000000000000e+00 4.199285271279161111e-03
2.092293069056473664e-02 0.000000000000000000e+00 2.402208346880416873e-02 1.341554690879789569e-01 1.534450396154708463e-01 0.000000000000000000e+00 1.735733976908143406e-01 6.926219198561779644e-02 1.039003369769978024e-03 0.000000000000000000e+00 0.000000000000000000e+00 1.455956191000388339e-02 0.000000000000000000e+00 0.000000000000000000e+00 2.491451549442009333e-02 0.000000000000000000e+00 0.000000000000000000e+00 0.000000000000000000e+00 1.358532034228396579e-01 0.000000000000000000e+00 0.000000000000000000e+00 9.190094914651047997e-02 1.465355033549984587e-01 0.000000000000000000e+00 9.816150762206701449e-03
0.000000000000000000e+00 1.352888858432738373e-01 2.767349667011750891e-02 0.000000000000000000e+00 0.000000000000000000e+00 1.218327034554520516e-01 9.133241058593784614e-03 0.000000000000000000e+00 9.914961074732607516e-02 2.381244320897699662e-01 0.000000000000000000e+00 5.586865017114606841e-02 8.756585777459012856e-03 9.220769841513131934e-03 1.063485982662339541e-01 5.821300656699779363e-03 0.000000000000000000e+00 0.000000000000000000e+00 1.503455877723934853e-01 1.897175772597681914e-02 0.000000000000000000e+00 0.000000000000000000e+00 0.000000000000000000e+00 0.000000000000000000e+00 1.346437992404458071e-02
0.000000000000000000e+00 0.000000000000000000e+00 0.000000000000000000e+00 2.169114005020347791e-02 1.521073886496199790e-01 0.000000000000000000e+00 1.265070485604882222e-01 1.679520456383901475e-02 8.367422706269771193e-03 1.326106711446209119e-01 2.708015917349488808e-02 0.000000000000000000e+00 0.000000000000000000e+00 2.534873228403652749e-03 2.451424207705761027e-01 0.000000000000000000e+00 0.000000000000000000e+00 4.730468484031302712e-03 1.450560086250817504e-01 2.417448499865555017e-02 0.000000000000000000e+00 6.025076689285129017e-02 3.295194215186410952e-02 0.000000000000000000e+00 0.000000000000000000e+00
