0.000000000000000000e+00 9.867336320417724460e-02 0.000000000000000000e+00 0.000000000000000000e+00 1.157066297895126966e-01 9.647257813629030176e-02 2.088079229529787167e-02 0.000000000000000000e+00 4.480051006014113685e-02 0.000000000000000000e+00 1.349150123434003602e-03 1.040929367197865468e-01 5.413659667824079896e-02 2.560356791860058604e-03 1.121923455739474822e-02 8.909229472693208640e-03 2.189915324879684530e-02 1.123548764602287503e-01 1.657456805020611768e-01 1.411989119600845222e-01
9.355008466709939519e-03 0.000000000000000000e+00 2.291400607364920197e-02 1.309831384466829673e-01 8.801193747067834194e-02 1.766775049855121293e-01 1.397538800730935629e-02 4.539193660494896670e-02 1.472868011930815735e-01 0.000000000000000000e+00 2.142393619874001336e-03 3.461226481903410812e-02 0.000000000000000000e+00 1.877198630745020164e-02 1.214666954316450387e-01 1.145085059484482297e-02 6.261606363401391040e-02 2.201040563557057211e-02 5.101319212830870281e-02 4.132042658068611068e-02
0.000000000000000000e+00 5.196472921527781758e-02 8.847754282866727646e-03 1.703017020875389753e-01 8.252208729451392111e-02 1.008706058784780701e-01 2.122970341668729832e-02 1.362215379817800498e-01 7.950198048690897135e-02 0.000000000000000000e+00 0.000000000000000000e+00 0.000000000000000000e+00 7.466221854068443020e-03 9.446170887342959788e-03 4.033245006513722780e-02 6.972637893816363217e-03 8.567276121208609689e-05 3.465676845311031762e-02 5.881371744792403961e-02 1.907662599933366565e-01
1.837736171086539491e-04 1.347145880735103884e-01 2.141671210918883600e-02 8.376827864387019484e-02 1.825149365148737157e-02 6.001150018466993447e-02 9.149483247144804543e-02 1.266534130165956938e-03 1.489012460098552149e-01 6.478747129430873983e-03 3.783566749730589603e-03 2.083107365555570689e-01 4.273813452127922519e-02 9.595485827159494496e-03 1.645105193756410053e-02 1.369425958352784266e-02 2.763347193089360238e-04 0.000000000000000000e+00 1.386627240851371623e-01 0.000000000000000000e+00
0.000000000000000000e+00 4.179601370624049655e-02 4.962017740347000709e-03 1.053958511893974548e-01 4.017356437343382741e-02 4.546050530740620987e-02 0.000000000000000000e+00 1.339139890128031585e-01 0.000000000000000000e+00 0.000000000000000000e+00 1.454695699925204373e-02 1.142388664205458426e-01 4.946906245866618257e-02 0.000000000000000000e+00 5.215215025674084862e-03 2.292790760207216380e-02 0.000000000000000000e+00 1.045739392466047829e-01 1.576254812603365696e-01 1.597006296572202888e-01
1.168295645639523712e-02 1.648006900864551760e-01 3.141051682612812368e-03 6.806009812943496218e-02 1.513526849501301841e-01 1.700740718301272658e-01 9.079661704789973066e-04 2.045247655596550002e-02 0.000000000000000000e+00 0.000000000000000000e+00 0.000000000000000000e+00 1.956122255226286633e-01 3.844042697094599698e-02 8.771353218070046791e-04 1.063337338901757488e-02 9.942933890558483534e-02 4.371135898738309766e-02 0.000000000000000000e+00 0.000000000000000000e+00 2.082414504103278358e-02
5.484093165097603945e-02 4.891979547152021379e-02 0.000000000000000000e+00 3.761189281965533759e-02 6.900744026186496349e-02 1.622584026120577338e-01 2.347605810012906146e-03 5.998765231324314218e-02 1.155548771771578581e-01 0.000000000000000000e+00 3.546686716872025891e-04 8.790893086652118785e-03 2.124121751853978168e-01 0.000000000000000000e+00 9.729735813015266688e-02 1.039199762553249737e-02 1.168841386249641623e-02 1.074572678712170867e-02 1.128445949425742681e-02 8.650570904021395724e-02
1.129267265865375493e-02 1.261859033265047003e-01 2.154432880776884981e-02 2.444315192905808370e-02 1.185824651363393545e-01 3.716807346113722849e-02 1.916133155135738009e-02 7.706704519012482282e-03 6.428844979058689901e-02 0.000000000000000000e+00 0.000000000000000000e+00 9.466297794527757381e-02 1.345603924055866277e-02 1.449800315366577275e-01 9.896519121758460408e-03 2.823793292273282622e-03 1.183842722372477618e-01 4.018107330588184534e-02 1.223083320092348963e-01 2.293388013069110748e-02
0.000000000000000000e+00 1.664461502195247258e-02 2.478503570909002321e-02 1.303754135349369792e-01 2.664938723850153734e-01 1.539698685713789539e-01 0.000000000000000000e+00 1.052474655526529704e-02 4.154520800291027632e-02 5.658979746267409593e-03 0.000000000000000000e+00 1.154062238053023964e-01 0.000000000000000000e+00 0.000000000000000000e+00 0.000000000000000000e+00 2.595633871570943857e-02 0.000000000000000000e+00 1.539040778832801437e-01 0.000000000000000000e+00 5.473562006889128029e-02
6.291634883776295144e-03 1.292405577643982451e-01 4.891382931184899696e-02 8.172928343610773305e-02 1.530145500617120513e-01 1.801128636459301269e-01 3.038301432842956465e-02 2.324263236104129327e-02 0.000000000000000000e+00 0.000000000000000000e+00 0.000000000000000000e+00 4.905581236791248939e-02 0.000000000000000000e+00 0.000000000000000000e+00 2.892269658409946098e-02 7.241399170636001782e-03 1.440239147854113127e-03 1.377333801304075726e-02 0.000000000000000000e+00 2.466381489232128410e-01
1.081331947273570480e-02 7.910651542304882045e-02 0.000000000000000000e+00 1.176139625222765361e-03 1.292594885894325987e-02 1.219218802910803506e-01 1.008831480594025130e-02 3.380915009805153526e-02 1.197528546012666950e-01 0.000000000000000000e+00 0.000000000000000000e+00 1.505105161286453275e-01 1.366986239011646065e-01 1.398119574908082696e-02 1.443294712704218385e-01 0.000000000000000000e+00 2.094792391930834149e-02 5.968965589077911138e-03 6.678045821115774494e-02 7.118872205485395066e-02
2.852640361774167257e-02 1.597422822414579502e-01 1.078128674620695664e-02 1.718895572182682326e-03 2.557910975508362501e-03 1.261046762521478848e-01 1.720612423754592395e-04 6.577636693801673651e-02 3.624705826242159527e-03 0.000000000000000000e+00 0.000000000000000000e+00 3.311376418159879542e-02 1.080672027848019745e-01 1.559072400809999488e-02 5.390463424217101923e-02 0.000000000000000000e+00 8.616357962047028682e-03 1.135760084603035097e-01 6.034949465433237653e-02 2.077772242947655279e-01
2.042488912871921400e-02 3.000506476769735850e-02 0.000000000000000000e+00 3.750796841757664951e-02 2.456512884469051750e-02 1.811598087470054630e-01 2.655689078423178681e-02 1.046629907924218200e-01 3.714902953984533518e-02 1.135947130534710643e-02 2.940416056450391100e-02 2.155016540059754016e-01 5.768652145713387691e-02 1.102905650403078345e-03 1.983651054223943208e-02 0.000000000000000000e+00 1.113736869532782128e-02 9.711582103409933248e-03 1.282249285219102808e-01 5.400312613156089958e-02
1.148008021341447998e-01 1.468221298484567172e-01 4.858341802013072669e-02 6.815025000082716722e-02 1.304399662303611374e-01 1.385821643840437767e-01 0.000000000000000000e+00 1.855003036442240405e-02 0.000000000000000000e+00 0.000000000000000000e+00 0.000000000000000000e+00 2.075636648934371109e-01 1.956029117405623172e-02 2.114225631955166541e-03 2.379414526506936842e-02 2.817953848038204714e-02 7.569855761524323969e-03 1.340416237535117273e-02 1.760328261995569956e-04 3.170932260963838650e-02
6.231515991322125921e-03 1.306417314023609333e-01 1.777700457514068758e-02 1.029273233268547701e-02 0.000000000000000000e+00 1.519073600187011708e-01 0.000000000000000000e+00 0.000000000000000000e+00 2.608118795512808785e-01 0.000000000000000000e+00 0.000000000000000000e+00 1.286836478220123453e-02 1.352081388767071950e-02 4.367465600209467086e-02 1.307257198851069502e-01 5.991471749370036459e-03 0.000000000000000000e+00 1.531988582508598184e-03 6.444250673443654986e-02 1.495822545051201102e-01
0.000000000000000000e+00 0.000000000000000000e+00 6.480925689094428448e-03 0.000000000000000000e+00 3.874687328789291202e-02 0.000000000000000000e+00 0.000000000000000000e+00 1.459658381688810902e-01 1.725007004302190894e-01 7.603671090751806024e-04 0.000000000000000000e+00 1.198231175157452588e-01 3.938715989022599506e-02 5.631847650973852148e-02 1.769838576946148115e-02 0.000000000000000000e+00 5.435449464064580349e-02 2.081156045540125815e-02 1.509105918247851674e-01 1.762415087088337051e-01
8.455977030563045782e-02 5.982755919716269133e-02 2.290437755053273058e-02 0.000000000000000000e+00 1.694129045594835736e-01 1.799525149260889634e-01 4.289795546571978369e-02 9.217449914005235168e-02 1.378066298544235874e-02 0.000000000000000000e+00 0.000000000000000000e+00 2.006066935751995434e-02 2.120742744403730090e-02 0.000000000000000000e+00 1.236841513263339798e-02 0.000000000000000000e+00 2.437065203997641413e-02 5.836767630233884174e-02 6.131188158518991599e-02 1.368030340081913820e-01
3.083669074235571936e-03 6.813619744605556305e-02 2.938503630397652052e-06 4.622964773799826104e-04 8.881323390894647896e-02 0.000000000000000000e+00 2.472276541203801640e-03 5.807969258598939116e-02 3.852328826618151014e-02 0.000000000000000000e+00 3.766188375460039969e-03 1.609517827006995416e-01 1.260450536288374723e-01 0.000000000000000000e+00 2.162965418887574653e-02 0.000000000000000000e+00 9.324747552295196973e-03 1.799628315808854753e-02 2.366439398712578412e-01 1.640687577208628234e-01
0.000000000000000000e+00 1.961387170264476398e-01 3.211761410537825132e-03 6.303038278953597418e-02 1.478410125463989165e-02 4.491115102510685048e-02 8.743168384187086821e-04 1.412197043241536151e-02 1.398047464412187912e-01 0.000000000000000000e+00 0.000000000000000000e+00 2.769999837067551110e-02 4.267648806426872776e-02 1.564245890973548977e-02 2.701699060328300109e-02 9.804688950084479437e-02 3.161956844843981373e-02 1.645558052370708346e-01 2.008488262870164118e-02 9.577977101865907394e-02
5.226404536503756167e-04 8.730452124160432981e-02 0.000000000000000000e+00 0.000000000000000000e+00 4.695648152857619106e-02 1.274080806399383869e-01 4.109056067198860879e-03 8.853832720106528942e-02 1.262693669708548350e-01 3.495399443797826016e-04 0.000000000000000000e+00 7.100312549113123144e-03 1.516357654107608199e-01 0.000000000000000000e+00 0.000000000000000000e+00 0.000000000000000000e+00 3.595327426467333914e-02 8.114762459350092008e-03 1.452830578689693342e-01 1.704548133998652903e-01
4.759613695233588793e-03 1.315888897831034021e-01 6.033903060496968729e-03 2.740966255685538602e-02 1.253958496558982630e-02 1.718877166095035677e-03 3.591740667624900019e-02 1.011712811565031317e-01 1.451395052172610722e-01 0.000000000000000000e+00 0.000000000000000000e+00 2.598870300711954018e-01 1.393732878646453946e-03 7.316569602118298821e-02 2.683865486812105419e-02 2.066161473185130185e-06 7.029670311336388977e-03 0.000000000000000000e+00 1.158514610280353234e-02 1.538192793078537179e-01
2.302301933483086489e-03 1.468430591921954520e-01 9.489286624700822960e-04 1.278198254549858526e-01 1.522910390939688670e-02 3.937802289103597281e-02 1.494622588798894154e-02 6.369286664714245150e-02 1.163236511170054610e-01 0.000000000000000000e+00 0.000000000000000000e+00 1.183286006027287757e-01 1.150393693092398350e-03 4.754147930939881667e-02 8.637181635613590258e-03 2.414782493084552742e-02 1.046941737020860158e-01 5.344287731137288382e-03 1.391940756220273190e-01 2.347799707736614866e-02
0.000000000000000000e+00 7.883909202321692788e-02 0.000000000000000000e+00 2.707972143529046097e-02 3.675531865155658856e-02 5.822733314241575198e-02 8.287703629923284798e-02 9.990209254960624730e-02 7.439375294928329829e-02 1.180501852264910804e-03 0.000000000000000000e+00 1.262517899586210190e-01 1.222726560959889880e-01 3.271654338762091004e-03 0.000000000000000000e+00 8.423412863069369705e-02 1.678704482445149198e-03 5.019713850495616941e-02 1.379743487762320475e-01 1.486473030943363631e-02
1.661665095803068620e-02 3.877128188638321454e-02 3.053179907759655254e-03 1.065214140610968620e-02 7.825607297076507540e-02 1.912992997638537918e-01 3.493007298238666848e-04 1.232302171776218230e-01 0.000000000000000000e+00 1.252398585041965273e-02 0.000000000000000000e+00 9.812078235540089288e-02 1.674179754889696392e-01 0.000000000000000000e+00 1.628187202687578564e-02 0.000000000000000000e+00 6.676251915134687881e-03 0.000000000000000000e+00 1.301700063802245788e-01 1.065809811826269743e-01
8.544700170901362414e-04 5.105421252817685107e-02 1.586484552053324046e-02 1.325106794351888218e-01 5.360392030189015111e-02 7.666239972848068462e-02 6.649746217086412170e-02 6.028899262506492995e-03 4.506216572222929151e-02 1.207927622748218143e-03 2.252999267787273927e-02 2.489136300909116153e-02 3.995610750033621282e-03 4.439186828705052323e-02 6.284453064572080583e-02 2.762500719280691977e-02 7.672034054196411566e-03 1.360918762815595817e-01 6.270321496080019652e-02 1.579075198311600814e-01
9.050233090148387949e-02 1.305322165786309552e-01 7.136392356157403999e-03 9.986488410244843267e-03 0.000000000000000000e+00 1.139996189468674426e-01 0.000000000000000000e+00 0.000000000000000000e+00 2.083438120829820550e-01 2.456980303311501017e-03 1.845313439354786178e-03 2.154827806608291055e-02 1.396086914120370781e-01 2.014927606472459790e-02 1.067028402556332266e-03 5.267712182433952409e-04 1.169155122205444708e-01 4.560197967481694620e-02 5.092963453367262833e-02 3.884967538828884570e-02
8.536038680040304583e-02 1.359028484412141136e-01 0.000000000000000000e+00 2.036645846833799456e-01 5.561080436981986896e-02 1.225651745831426997e-01 0.000000000000000000e+00 3.966310145025352119e-02 1.657419831968007518e-01 0.000000000000000000e+00 0.000000000000000000e+00 5.180667182005228508e-03 0.000000000000000000e+00 4.726301765845906250e-03 1.364891489160816873e-01 0.000000000000000000e+00 0.000000000000000000e+00 6.611722580784620482e-03 3.848327603026853450e-02 0.000000000000000000e+00
1.570183303077141504e-02 1.111352245569603991e-01 2.615337305953451333e-02 5.685190550747235699e-02 5.623278193518213564e-02 5.226961770738594582e-02 3.573591082143326414e-04 1.273377543808709884e-02 1.589372457332920152e-02 3.054350213178073665e-03 0.000000000000000000e+00 9.117931575756840767e-02 1.219183749459081256e-01 2.459275869653667138e-03 2.642308466468628464e-02 0.000000000000000000e+00 0.000000000000000000e+00 1.486683400104606423e-01 1.640363190168648844e-01 9.493134460474260405e-02
1.857737795355418825e-04 2.044980794566944593e-02 0.000000000000000000e+00 5.287321361430342981e-02 5.956443517532461485e-02 0.000000000000000000e+00 5.773134292142218481e-03 1.241277111546496836e-01 2.462685641009982815e-02 3.248014914080061882e-04 0.000000000000000000e+00 2.440155813251939088e-01 1.447978873617661866e-01 0.000000000000000000e+00 2.101156060161096448e-02 2.184307068784992374e-03 0.000000000000000000e+00 8.234881022363269021e-02 5.509363261947873569e-02 1.626224869363997461e-01
0.000000000000000000e+00 1.354661059364413722e-01 8.627438710677450343e-03 1.380289686002914573e-01 9.706210597732401607e-03 3.448804536593842035e-02 0.000000000000000000e+00 1.421513286493280605e-02 1.647771384881314416e-01 0.000000000000000000e+00 0.000000000000000000e+00 4.089032283836789572e-02 4.120621821057875861e-03 1.829013014212617361e-02 1.279593165503387087e-01 3.967040626897777589e-02 6.113326761857358627e-02 1.397286338064111511e-01 6.155288068428321768e-02 1.345379705718244756e-03
0.000000000000000000e+00 1.307537343207973990e-01 4.505507278208105426e-02 1.312997940095338503e-02 1.903239800604176191e-01 5.601282724118132605e-02 1.662544853720088894e-02 1.509224877307578649e-01 9.655550355489379843e-03 5.322533308777472293e-03 0.000000000000000000e+00 9.945606580587915135e-02 0.000000000000000000e+00 0.000000000000000000e+00 1.051674846246085371e-02 0.000000000000000000e+00 1.654985139415589626e-02 2.843531726892792755e-03 9.076815879023203415e-02 1.620640300827229652e-01
0.000000000000000000e+00 0.000000000000000000e+00 0.000000000000000000e+00 2.602196585195938605e-02 3.238803168746473126e-03 1.724452642713711070e-01 2.670859235730127165e-02 7.727940394234959764e-02 2.443692856455141338e-01 0.000000000000000000e+00 0.000000000000000000e+00 1.870322870294698417e-02 0.000000000000000000e+00 1.483682895349737116e-03 1.665178531545326301e-02 0.000000000000000000e+00 1.017626881774522235e-01 1.702848386426373747e-02 1.474223587913719158e-01 1.468844570159201779e-01
0.000000000000000000e+00 1.285031194758520512e-01 7.311692522005195857e-03 4.713886240773327435e-02 2.681326009540941496e-02 1.161919636170758025e-01 3.783276849260437495e-03 0.000000000000000000e+00 2.413728984108330644e-01 2.336042221719378947e-03 0.000000000000000000e+00 1.146671575621293834e-02 3.242191717087288590e-03 0.000000000000000000e+00 8.062072726507556186e-02 1.621755589329689634e-02 3.297285860976034017e-03 1.499638337041449831e-01 1.613918804671578278e-02 1.456013861566018419e-01
1.955672747410598308e-02 1.001036414214573761e-01 1.253985319613421801e-01 2.068983276360004259e-02 2.034482431254885648e-01 1.336821382654508616e-01 8.106538420322838973e-03 6.995137965867197867e-04 4.472881912475935168e-02 1.729220973148793555e-02 8.504078755230270667e-03 1.151349527954106805e-01 4.290350830629123535e-02 0.000000000000000000e+00 0.000000000000000000e+00 0.000000000000000000e+00 3.297275063031893626e-03 9.673591739674598962e-04 4.572951548164539554e-02 1.097571143398212296e-01
4.907707100055457711e-03 2.225586040840000709e-02 7.334443161970216705e-04 4.504025301536168473e-03 2.991639729304324535e-01 1.370369488740389163e-01 1.470845024960618433e-02 7.462922370929286724e-03 5.085156153857531280e-02 0.000000000000000000e+00 3.540443519700303080e-03 4.750596687071680785e-02 5.978111277531913265e-02 0.000000000000000000e+00 0.000000000000000000e+00 1.069285501552328342e-02 1.803322092458849602e-03 0.000000000000000000e+00 1.784195464501446837e-01 1.566318601863662119e-01
1.856667522554384872e-02 4.192209927956421639e-02 2.106010527074188288e-02 1.569975981149035471e-02 9.029295458189696977e-02 4.238762265877703966e-02 4.040871822355669371e-03 9.800765892191985740e-02 8.549982329419042459e-02 0.000000000000000000e+00 2.042680335034865145e-03 1.275668350635799364e-01 2.811443639548029047e-02 6.270887472099667681e-02 8.457389370311414398e-03 1.657268153028503216e-03 1.258658943221090641e-02 7.202000395065896732e-02 1.273091045733860949e-01 1.400592471388321103e-01
0.000000000000000000e+00 6.442782011919508112e-02 2.309359987685129408e-03 2.680470528884220174e-02 1.442054306758245585e-01 1.338173011569382398e-01 0.000000000000000000e+00 1.041794591807371911e-01 6.498312601846267800e-02 0.000000000000000000e+00 0.000000000000000000e+00 2.690728850932045876e-02 1.617811438259812804e-03 0.000000000000000000e+00 1.340745350918309542e-01 1.892592161648818695e-03 8.374431122917927461e-03 4.733491478351087994e-02 4.475364539677953446e-02 1.943175790680465864e-01
1.752998184889062103e-02 1.168529617380301144e-01 9.677659599129226353e-02 1.820679665983401460e-02 6.832698981806781258e-02 1.243253704599884407e-01 5.789376243264978544e-02 1.606126798429866401e-02 6.588290596342047389e-02 0.000000000000000000e+00 2.041841742819717597e-03 1.794859566580942617e-02 6.826615433760283014e-02 0.000000000000000000e+00 5.070741410546568233e-03 2.484001149692201781e-03 1.352996678972509179e-02 0.000000000000000000e+00 1.586074471461061119e-01 1.501946188612257038e-01
7.257532147402766254e-02 2.526174867764527723e-02 0.000000000000000000e+00 5.453330292619271158e-02 2.085959564023633916e-01 6.485458076475979217e-02 1.585189103289778856e-02 1.142700750550984003e-02 7.322711429699420294e-02 0.000000000000000000e+00 0.000000000000000000e+00 0.000000000000000000e+00 4.183022451492059558e-04 1.057977120511388505e-03 2.658931273930553035e-02 4.911980913475466094e-03 3.774070678694934483e-02 1.972215925893735788e-01 1.543269991940525721e-01 5.140620533079226506e-02
7.030219494185172913e-04 1.420992723688085102e-01 2.305808128133225721e-03 1.544580277344952679e-01 1.763475270905539294e-01 1.558245538787240425e-01 2.155777140633937522e-02 4.829783402642834692e-03 4.285910483133927029e-02 0.000000000000000000e+00 0.000000000000000000e+00 1.941296004257995339e-02 0.000000000000000000e+00 0.000000000000000000e+00 2.833575006399717631e-03 0.000000000000000000e+00 0.000000000000000000e+00 2.723616561113775120e-03 1.671226908335252670e-01 1.069222867659262166e-01
1.498202051669884731e-02 2.263326151676080950e-02 1.397820871595843450e-01 2.945572969749539471e-02 8.952708478981670492e-02 1.056527265193249188e-01 3.053837897019289361e-03 6.036967416420925374e-03 2.100166772328043371e-02 5.187500304457949574e-02 4.490376405146795369e-03 3.251779298937880740e-03 4.914704943294858491e-02 1.197355640473654476e-01 1.367003421445948386e-01 2.357321661460588889e-03 0.000000000000000000e+00 1.882857150549331561e-04 4.476152549514059165e-02 1.553673695183690751e-01
7.991608664513005778e-02 1.177846898722230834e-01 2.116847219162717661e-02 1.895644950037572024e-02 2.078511516538307513e-02 1.434816503769745510e-01 0.000000000000000000e+00 1.273264359340841971e-02 8.291021921146389528e-02 0.000000000000000000e+00 7.440476528808395197e-04 0.000000000000000000e+00 1.911107579514631227e-01 7.214503326291949120e-04 6.938818691012128511e-05 9.953201491591292041e-03 1.186882651036745128e-03 9.699673472134007907e-03 9.021001629127239907e-02 1.985692554134962373e-01
2.640182209189319545e-03 1.357471039671674373e-01 1.378976934753791683e-01 1.512363005766823899e-02 4.771620884919047789e-02 0.000000000000000000e+00 0.000000000000000000e+00 1.754851112901112675e-01 0.000000000000000000e+00 0.000000000000000000e+00 0.000000000000000000e+00 6.055704701853446142e-02 5.324924225426791793e-03 1.556955536767356315e-03 6.713198589501465953e-03 0.000000000000000000e+00 0.000000000000000000e+00 4.790133049873534360e-02 2.088965660183205730e-01 1.544400482640080341e-01
2.627947828839729411e-02 1.260152788011230929e-01 1.719988031579397503e-02 4.533380736820755846e-02 8.900647922067680268e-03 1.698722700738690694e-01 1.507804616669127656e-02 1.704605813720631857e-02 7.428580302395022816e-02 2.195276272560870053e-03 0.000000000000000000e+00 1.220700545272393606e-01 1.238818475864067042e-01 0.000000000000000000e+00 8.527356195168193931e-02 1.848587245506043723e-03 1.272534180735812870e-01 6.562200398397901278e-03 9.489259091357473558e-03 2.141452475596200555e-02
0.000000000000000000e+00 5.419457950388861800e-02 2.315849723213015115e-03 7.146182234931443278e-02 1.501192083087052320e-01 1.791445145486297852e-01 1.232519325013832490e-01 2.826410055621142361e-03 5.402058390308560158e-03 0.000000000000000000e+00 2.432315095291891753e-05 1.218382675061139286e-01 2.837363137469306636e-03 1.338409356544564277e-01 1.276401749185284047e-02 0.000000000000000000e+00 7.955291278067435148e-03 1.869782936112167337e-02 3.036069951084048070e-03 1.102895270878175571e-01
