0.000000000000000000e+00 6.599083951380899093e-02 1.256396800325209340e-01 4.225006078397319093e-02 3.377896606487296605e-03 1.375651085278844707e-02 3.782158633810362575e-02 1.764486957340565682e-02 1.067310380010821208e-02 1.116467028005386011e-02 1.026152178999548917e-03 3.785364310000681205e-03 3.347053618613492904e-04 3.858711941588750891e-03 1.498327668012960634e-01 7.074626343391621219e-02 0.000000000000000000e+00 7.309449638642921687e-02 1.724292333976715913e-02 4.099295941850844040e-03 1.470251311996188248e-01 0.000000000000000000e+00 1.330011626157915315e-02 2.292143163964904112e-02 1.644134234221930058e-01
7.925694432990346150e-02 0.000000000000000000e+00 8.718057501634146958e-03 1.254409660330591371e-03 2.123128791692847558e-02 0.000000000000000000e+00 1.522254385374357255e-01 1.270767530673839740e-01 2.653405028174230310e-02 1.214255347219551362e-01 1.028221427300850038e-03 2.374885632987359246e-02 2.835989706948033665e-03 0.000000000000000000e+00 5.517399791217420663e-02 0.000000000000000000e+00 1.974222235448031340e-02 1.685084840305730441e-02 1.845581009368760586e-02 8.622667413759655970e-04 0.000000000000000000e+00 6.702778702059917527e-03 0.000000000000000000e+00 1.686310572101362149e-01 1.482454751015922223e-01
4.170471466559892704e-02 1.459516715545585569e-03 1.959886846906548977e-02 7.972594936241137950e-03 7.042902712304963120e-02 1.220031398802806470e-02 9.903585448466462049e-02 3.381594017484960014e-04 2.069300536483917232e-03 0.000000000000000000e+00 0.000000000000000000e+00 8.116587614260787828e-03 2.081533804055807693e-02 0.000000000000000000e+00 3.120073806237325109e-02 1.934672038101651476e-02 1.038068866903624904e-02 1.282234431922956441e-01 1.365904650111479934e-01 2.930859653860536443e-02 1.176135503030770052e-01 5.683418259652408405e-02 1.124505884681660656e-01 3.436558206070159521e-02 3.994516874181158750e-02
0.000000000000000000e+00 1.021014070239092790e-02 1.516680687727338210e-02 0.000000000000000000e+00 7.293898002726410812e-02 0.000000000000000000e+00 5.085251184012404974e-02 2.528810032546128031e-02 1.314767426760274915e-01 1.094558082717242836e-01 5.458502383236330663e-02 1.017827231892300816e-01 2.419922136791145470e-02 3.048058422551189542e-03 1.844229844717022379e-02 7.270023898246795110e-03 0.000000000000000000e+00 2.716064412630684460e-02 4.412667997596438768e-02 4.524597455731133380e-03 1.126292772487015176e-01 1.035530766146512682e-02 2.142387265394428766e-02 1.506516810789494953e-01 4.411499921198591516e-03
1.120376594556653053e-02 0.000000000000000000e+00 1.394242962608475273e-02 0.000000000000000000e+00 0.000000000000000000e+00 6.672641761350909390e-03 4.133318462367158858e-02 1.425183977418073566e-01 1.694638316442245718e-02 1.048299945820054951e-01 1.436267115520998422e-02 1.375429057832382729e-01 2.393127665957386126e-03 2.246016266223962565e-03 2.044408388481064320e-02 0.000000000000000000e+00 7.063682380814423345e-02 3.647676782492938197e-02 3.093380063248537745e-02 1.209453500524615768e-02 1.560702124949022752e-02 1.075096472942441567e-01 1.387158780509906847e-02 1.657988514272669689e-01 3.263536275274505488e-02
0.000000000000000000e+00 6.696772502038587926e-02 9.167406292455311523e-02 1.132883439721186006e-02 9.508441932167205693e-03 3.638109112921559304e-03 1.579754368996550140e-01 7.414878203358542252e-02 1.239871117991762917e-01 0.000000000000000000e+00 5.394509058253493632e-03 8.967084746578615068e-03 1.080880892911070118e-01 1.191202535799899126e-02 2.188361026079399529e-02 1.306354467631414273e-01 8.278086970184286245e-04 9.440136425268088119e-03 2.771484403074850680e-02 2.412591409017614957e-02 0.000000000000000000e+00 2.667122745467135139e-03 1.103152076169409564e-05 1.089350002161606074e-01 1.688726768694565126e-04
4.732308663511243518e-03 1.845034626485901261e-02 8.099456433422483337e-03 5.903921155299888743e-03 1.990614676070323330e-01 2.958146180445428430e-02 1.347970240324742053e-01 1.476166200894758231e-02 2.388879942863437328e-02 2.265307341186905549e-02 0.000000000000000000e+00 2.716323037397301923e-02 0.000000000000000000e+00 0.000000000000000000e+00 0.000000000000000000e+00 1.070123094835448013e-01 0.000000000000000000e+00 2.591339845892875506e-03 1.566782793559276243e-01 1.546293007927779109e-03 1.271786276343214450e-01 4.688063285211398895e-02 4.150132781723087257e-03 9.395338243983464982e-03 5.547429561008759835e-02
1.015607474644937419e-01 2.208729460697100855e-02 4.667544911959501525e-02 3.950359806648552283e-03 1.016883994464399810e-01 3.589457358380575974e-03 3.198373264757833900e-02 1.362522263921800425e-01 2.430274657032785446e-02 1.991198017697055206e-03 7.202796055495257720e-04 3.232390020787153165e-03 7.038847708911993330e-03 0.000000000000000000e+00 1.100414153095795183e-01 0.000000000000000000e+00 1.106400493599350165e-01 4.692373373233467426e-02 2.264653250630229223e-02 0.000000000000000000e+00 6.714687059219449656e-04 1.452770265145960082e-01 1.960872754901886450e-02 9.053417738559320707e-03 5.006449981819158235e-02
2.138300060182360060e-03 1.441457146264749816e-03 1.294440045626107649e-01 6.728991816071715985e-04 1.419127005749977466e-01 0.000000000000000000e+00 1.847302708571695734e-02 1.360005383805909240e-01 7.907032784934509007e-02 8.139221347675694093e-03 0.000000000000000000e+00 4.583561977783778829e-02 0.000000000000000000e+00 7.383799090008465443e-04 1.874225072363033817e-02 8.853555781018342813e-03 2.408641238137691765e-02 3.782240536264017648e-03 1.786725346067827638e-02 1.530886084869360377e-02 6.206274656696263159e-02 1.155254914496136320e-01 3.211638202730512665e-04 1.530189300787391515e-01 1.656461847691993033e-02
2.455938119967386590e-02 1.404043948276096666e-02 3.877647355571928189e-02 1.912265660215536119e-03 3.064688732559340406e-02 6.224247090257344767e-02 1.759113216049273953e-01 1.230682487289890860e-02 1.788657790730997788e-02 1.287582923406152720e-02 6.842875865861636729e-03 1.014045629680818128e-02 5.965920098020081191e-03 6.743456159355009760e-04 1.429005076423249254e-01 9.350498452307544339e-02 4.510573333396211728e-06 9.063000560083816007e-03 9.263695174137466515e-02 6.930172292817051924e-03 1.669355584801634693e-02 2.461791185514306240e-03 1.126271754763536126e-04 1.404420565805847843e-01 8.046777225503919106e-02
0.000000000000000000e+00 3.545459172189970986e-03 1.091534386112834321e-01 4.063474357884213663e-03 5.932641807098121972e-02 3.365203918519213584e-03 9.149292591485583270e-02 1.071664024380922370e-01 2.100522842414380420e-02 1.161075056731750155e-02 0.000000000000000000e+00 1.025356182079894818e-01 4.065072878072751097e-03 1.717255892882977447e-02 8.257082081843972188e-02 1.177422257006372147e-03 4.338525380233879125e-02 0.000000000000000000e+00 1.382504336000845158e-01 1.159816034934342240e-03 0.000000000000000000e+00 4.769008208294308465e-02 1.205079426985942864e-01 1.175577356863421151e-02 1.899990364686520231e-02
8.592887782799023960e-03 2.170195504273457823e-02 1.115408145389458899e-01 9.470368516690679667e-03 1.486736435647942334e-02 0.000000000000000000e+00 6.194256345955604509e-02 1.376269779770013524e-01 1.520885460825462283e-02 4.281647664110871387e-02 1.148106871761231428e-03 1.268832683060048816e-01 0.000000000000000000e+00 1.405804684524578378e-03 5.743727449574373423e-02 4.535413880828222111e-02 1.886868354333281345e-02 1.255424185196005876e-02 1.325565025796975882e-01 2.137595029793088285e-05 1.692302333880199225e-02 0.000000000000000000e+00 9.283582474988567868e-03 7.548024952225397023e-03 1.462477092188086136e-01
5.744928527280462882e-02 0.000000000000000000e+00 1.027466041765954796e-01 8.383577152208004576e-03 5.945381577979044069e-02 4.024596707826795516e-02 8.478613787508606364e-03 4.770596243001988535e-03 1.852135180421021071e-02 5.827995343224715019e-02 4.647560045122315839e-03 1.540461422475994102e-01 0.000000000000000000e+00 0.000000000000000000e+00 3.242784633866579308e-03 7.258282381114533827e-04 3.216410401579581496e-02 1.225995777063050712e-01 1.412780613443352928e-01 5.346597925339632851e-03 2.303730525982201731e-03 1.418666430629010322e-01 0.000000000000000000e+00 2.473288104270129559e-02 8.716324485305388878e-03
4.765063380112190966e-02 2.002653165293236202e-03 8.256879132113939534e-03 0.000000000000000000e+00 1.049380158838965765e-01 0.000000000000000000e+00 1.668440913033939280e-02 7.739345532344096834e-02 4.292619114810712275e-03 7.694135045254056615e-02 0.000000000000000000e+00 1.791669694519542333e-01 3.058139751917950296e-03 2.313132183570245498e-02 1.990977230878964235e-02 2.350507987625613613e-03 4.344000480000757142e-02 1.388071274472583716e-01 3.122269263475698289e-02 1.412418762644261291e-02 1.893048842544170496e-02 3.622854126399190772e-02 1.343863766791816936e-03 2.719148137332157156e-03 1.474072185584295591e-01
4.433222988060648607e-03 2.185978514018657812e-03 1.081676976288900235e-02 6.259121634324238403e-03 7.718351057232195056e-02 4.680016799893332857e-02 1.393397629910821112e-01 1.650532881473939020e-02 1.454463320995918151e-02 3.844765371427503325e-02 0.000000000000000000e+00 2.046505576238467211e-02 0.000000000000000000e+00 3.418757401072166496e-03 5.624484881952206139e-02 5.100402119237060217e-02 1.781274676186743802e-02 1.084233449946714889e-01 4.273012381458183434e-02 1.031535337669449784e-02 4.061676209823877198e-03 6.401810333296845124e-02 1.925659794175298978e-01 7.234304458218912895e-03 6.518953425769059840e-02
7.714050478404409217e-02 4.212328385620015838e-04 1.195515122359432497e-01 8.338300825488260959e-04 3.520845141987809235e-02 4.694341710201366778e-03 1.614902052044473457e-01 5.429788498530960933e-02 4.247390328764968914e-02 3.641055537536283526e-02 0.000000000000000000e+00 5.262867017291877197e-03 0.000000000000000000e+00 5.471314400742523058e-03 2.496452434949358347e-03 0.000000000000000000e+00 6.186291541082823524e-03 2.721778954548666543e-02 1.445868267638187599e-01 2.529943829021038579e-07 4.900055468986550065e-04 1.336167301999937884e-01 1.346384241242459638e-02 1.003357592598836528e-01 2.834944595909724002e-02
8.304473225155979948e-04 1.755601040815821245e-02 1.356608038428315233e-01 7.500783067804740571e-03 1.185306374235746280e-01 3.225604500032857756e-04 1.979849985638215404e-01 1.328949969697161004e-01 2.935598951768919954e-02 5.421948657181126924e-02 0.000000000000000000e+00 3.740741422168813047e-03 6.631889780909234165e-03 1.241590858165873140e-02 1.513729205761774402e-02 4.183246688708577854e-03 4.327364298823627511e-03 5.161722455753016588e-03 1.338064595170292970e-01 0.000000000000000000e+00 4.991974269527236618e-04 6.970813237742394530e-02 8.271366345868407313e-03 1.070558095772776094e-02 3.055438395143206601e-02
2.848275849320379416e-02 4.321430925943768077e-03 1.133765196287548904e-01 9.883566360164601147e-03 8.077515398907790869e-03 2.268916768772958649e-03 1.184403359644656539e-01 1.346383493154912625e-01 1.051435920760661813e-03 1.552950313565773163e-02 0.000000000000000000e+00 0.000000000000000000e+00 3.375283406554270040e-03 0.000000000000000000e+00 3.310416819786935611e-02 3.319765178136661801e-04 1.738253471851420040e-01 2.213853451573152831e-02 1.327611558137716807e-01 5.336362116739702850e-03 5.008350218946483511e-04 1.319366274735646327e-01 3.467312999220425324e-02 9.774166852453407706e-04 2.496883116134582248e-02
4.454680690034432816e-02 6.111466077796307017e-02 4.446964172410985960e-02 2.260950237404117918e-03 5.241637738247770587e-03 4.179014473116246693e-03 1.617791644847862143e-01 8.795858534986315813e-03 5.159138106233125687e-02 3.302622451576936458e-02 6.356585105819155188e-03 1.933833924767230580e-02 2.076627997845151632e-02 1.970192419891923265e-03 1.190611094219461430e-01 1.348521743330722000e-01 2.511856330195884335e-03 1.835340563343879419e-02 2.731849735403563129e-02 1.108310564929584040e-02 1.706294373296446051e-02 9.840668579146718328e-04 1.564909079383196636e-02 3.228857025684553350e-03 1.844581556667265476e-01
0.000000000000000000e+00 7.643636891349601947e-02 2.280138152087093917e-01 1.246340617800212975e-03 2.870310702893218071e-03 3.867932381679792947e-02 8.542351398169696630e-02 2.639439165872298904e-02 2.943862669949932898e-02 2.695161141150521911e-02 0.000000000000000000e+00 2.409047712804696095e-02 1.671787034303089873e-04 0.000000000000000000e+00 1.069382863885378759e-01 0.000000000000000000e+00 9.571776861168600561e-03 1.072338783129903397e-02 1.127497325669476157e-02 1.846040133540122891e-02 1.057489233614354041e-01 8.142289939921571601e-03 0.000000000000000000e+00 3.057357891494266039e-02 1.588544232680003110e-01
7.272847950731372788e-03 2.657996196716646414e-02 1.385938375600649364e-01 1.502826186421528680e-03 1.030782220523767528e-01 0.000000000000000000e+00 1.998235974676126556e-02 1.315799614430258613e-01 1.946856788404456584e-02 9.390121096446389648e-02 8.659372839971573883e-04 8.591115256422096613e-02 9.980956375907601950e-04 2.947362442707191464e-03 6.074558215857309845e-02 0.000000000000000000e+00 0.000000000000000000e+00 3.726296439909570612e-03 6.709034168757559147e-03 1.072129901626943903e-02 9.535636803713418153e-02 1.058812691876564460e-01 1.142313356563342056e-02 3.363987453837254810e-02 3.911479920412088557e-02
1.919096276944734633e-03 8.218565086593600938e-03 1.491387074760427700e-01 4.165729778194531691e-02 2.062963788300909915e-02 0.000000000000000000e+00 1.772243638597972848e-02 9.258158194935035834e-02 4.793126015270249285e-02 1.396771029160485435e-02 0.000000000000000000e+00 3.381894484767378195e-02 4.461739145450305602e-03 0.000000000000000000e+00 2.054216276304678124e-03 3.330428174621080152e-04 1.217414733343178540e-01 1.420301839585674242e-01 1.076677519101421239e-02 0.000000000000000000e+00 2.576101260483611589e-03 6.579115467017003158e-03 7.430875374168502585e-03 7.506006909284400341e-02 1.993811699505234902e-01
0.000000000000000000e+00 1.828824832029875931e-03 8.059992714743037523e-02 0.000000000000000000e+00 1.341519619710149214e-02 2.638975509198958347e-02 1.452772923262718729e-01 1.675228229967568733e-02 1.453574467356963384e-01 6.222634070316160337e-02 2.477407547421304340e-02 1.116136526451413230e-02 1.671510131203529344e-04 2.859259024892580464e-03 8.846353896544452422e-02 5.778773893553990418e-03 0.000000000000000000e+00 1.433081609589859258e-02 3.944428670119382724e-02 3.657060708115808523e-02 0.000000000000000000e+00 3.489210836655161352e-03 1.596874169504389207e-01 1.137926940765994904e-01 7.633739288960484509e-03
4.568579835607801398e-03 1.182909782505057149e-02 1.799872370448885039e-01 1.120930159221653066e-02 1.286035220217039698e-01 0.000000000000000000e+00 1.761246568540924054e-02 5.204859541099730175e-03 9.162800687861955354e-03 3.008598857997453122e-02 0.000000000000000000e+00 1.087469682770590279e-01 0.000000000000000000e+00 3.427504703116850062e-04 3.992084586875627866e-02 6.842058849525971265e-02 3.051720454201450189e-02 5.911212381510713536e-03 1.465387645468272382e-01 3.038491844833583234e-03 0.000000000000000000e+00 5.155228396534608515e-02 7.278215147283180475e-02 4.497757497512838015e-02 2.898731034630811637e-02
0.000000000000000000e+00 5.837697875949105549e-04 1.376731719074181515e-01 4.222994180266120487e-03 2.110544193669821114e-02 0.000000000000000000e+00 1.135064809732941604e-01 5.181820505443851532e-02 1.634958618738304240e-02 3.923664557432025336e-03 7.497623462460084902e-04 1.048236656650818922e-02 3.817984323504608479e-03 5.778217908564339637e-03 1.049330349088077458e-01 3.243165486638394622e-04 4.023647404518241461e-02 1.184718874292503416e-01 3.336806254076462447e-02 1.601393883176136998e-02 1.514793480857636321e-01 0.000000000000000000e+00 9.846284014931528522e-03 3.358697802229969852e-03 1.519563100632961572e-01
1.694253050471188765e-02 7.815078269070049877e-02 2.600600448644241683e-02 2.492324558035039286e-02 4.869258185576878957e-03 2.550574931911315721e-02 1.319643385224210097e-01 6.065686625819175816e-03 7.228916987310485265e-03 2.954390138353295628e-02 0.000000000000000000e+00 3.957978695854748319e-02 0.000000000000000000e+00 0.000000000000000000e+00 1.067430164368231293e-01 2.453493565837100779e-02 1.607235890793463906e-02 1.164375517032718160e-01 3.725052344508496954e-02 9.691310060159588971e-03 1.318199682638238612e-01 1.458416985381673098e-03 1.072216325465232207e-03 2.337673590498923551e-02 1.407627650641685435e-01
3.767650707477813738e-03 4.007121237881555026e-02 9.900949383070306586e-02 2.055743003594525352e-03 2.140876396089915965e-02 1.515319677212622999e-03 2.368404240368195135e-01 1.588700257981616182e-01 2.999379790856964573e-02 4.322065616162291263e-03 8.929925446302337116e-03 1.693943500110297803e-02 8.817058519921476545e-03 8.421126624190756506e-04 2.173584190122755666e-02 0.000000000000000000e+00 0.000000000000000000e+00 7.010683048054276896e-03 0.000000000000000000e+00 8.287619730576109567e-04 0.000000000000000000e+00 1.193948336810277122e-01 2.991065046634790170e-02 1.554691510208739968e-01 3.226704936124914075e-02
2.969034610496287807e-02 1.139929065210697375e-02 1.557163024535242191e-01 0.000000000000000000e+00 1.143411997730618551e-01 0.000000000000000000e+00 1.349764758280912191e-01 1.324560749929592218e-01 1.443187135189601122e-01 2.122348874895751275e-02 0.000000000000000000e+00 7.913170798885095850e-03 5.500035948716341071e-03 2.331385949434180201e-03 1.661773279028131833e-04 0.000000000000000000e+00 1.399272608921047628e-02 2.267308025007751249e-02 1.538805511988322883e-01 3.086313721200093299e-02 1.669678689777105186e-03 7.646256116950079108e-04 0.000000000000000000e+00 6.736535269065810523e-03 9.387003581778489633e-03
2.162461616341692858e-02 6.302931087667368489e-03 1.192587044641254812e-01 1.152179531165036311e-02 2.358441793544263643e-01 0.000000000000000000e+00 1.075069408859712430e-02 3.566279491473513946e-02 3.879726610521063573e-02 2.041174490566101179e-04 8.541316336311192622e-03 1.362159979631113182e-01 6.200966406299726749e-04 1.193302009869412830e-03 6.107279924177887176e-03 1.474755960392592526e-02 3.361516844059773967e-02 1.318590376424293442e-01 4.815834150532557513e-03 4.121035763481657884e-04 1.015256274041920637e-03 4.110113407415403805e-03 1.097221643522813643e-02 1.338198038914590049e-01 3.198781476503603782e-02
0.000000000000000000e+00 9.766981622469697848e-04 1.674464809399782983e-01 8.664588679299792609e-03 1.891260476735192458e-02 3.012868152570131325e-02 1.494323564857112929e-01 1.369480802563921018e-01 2.109223318149334656e-02 2.472435307840819413e-02 0.000000000000000000e+00 8.276866806910394836e-02 3.354191778659851189e-04 0.000000000000000000e+00 0.000000000000000000e+00 0.000000000000000000e+00 3.909355051539408800e-03 6.648499561483472552e-04 3.839716946809944298e-02 6.331426317814340191e-03 0.000000000000000000e+00 1.974706086722757478e-02 1.441775688916923856e-02 1.319951547701262162e-01 1.431070623563222011e-01
7.105382605404078795e-03 1.185068855617463050e-02 1.564634029813911920e-01 2.838163713542511679e-02 8.295441721520636913e-02 1.739316073743898267e-02 1.385602950262165567e-01 5.042898353891897209e-03 6.922211386736309979e-02 1.271109476041675478e-02 1.833488494902056924e-03 3.706927878890853290e-02 1.611671509196216726e-03 0.000000000000000000e+00 8.698527068028712173e-02 0.000000000000000000e+00 9.137833317962234386e-03 9.693454158638255963e-03 1.359178092602322530e-01 7.868215379694971229e-04 1.602621925415871574e-03 0.000000000000000000e+00 1.538415786461931056e-01 0.000000000000000000e+00 3.183508044136617449e-02
0.000000000000000000e+00 1.014118621797962215e-02 6.716043648952328693e-02 1.286692381987955547e-02 4.574231813121442530e-02 3.960269143641941686e-02 1.346330444009823102e-01 1.408973460423758317e-01 8.947370301159776607e-02 1.277112964228094630e-02 5.502031834423903780e-04 1.085829213938007895e-02 1.069482609834671721e-02 3.863059783317947249e-02 8.611560629956545310e-02 9.876951435417521963e-02 2.020870771568574614e-02 1.916911860269476797e-02 6.128258828642536155e-02 0.000000000000000000e+00 1.336976993008376618e-03 3.986013181561526286e-02 9.146000933689561047e-03 4.081998445116863383e-02 9.268672101369786198e-03
8.405632909021309301e-03 0.000000000000000000e+00 1.060133274057317443e-01 2.180909191963177098e-03 1.871430712923720374e-02 1.958244094102066027e-03 8.824489898328860549e-03 0.000000000000000000e+00 7.923066800986297564e-03 1.176660728935063766e-01 0.000000000000000000e+00 8.499858241125549108e-02 5.659947658738780779e-03 0.000000000000000000e+00 3.494229692156639727e-02 2.010675881572756424e-02 6.948972232206009070e-02 1.815454409681379472e-02 1.572356935609596218e-01 0.000000000000000000e+00 1.500542936447147868e-01 1.860479537366940828e-02 4.805583154146155465e-03 1.819753190337156101e-02 1.460641998140992104e-01
5.812999157844013151e-03 4.924276650888705781e-03 1.541109113963984312e-01 1.271047375303115644e-02 6.870302088549957303e-04 3.446590944285254725e-04 5.808508009808934641e-02 5.698050646645226591e-02 3.253012334548101986e-02 9.552478031079053578e-02 1.702514871745877060e-04 5.548449922237619347e-02 4.595454592380338911e-04 0.000000000000000000e+00 3.684799473743570301e-03 0.000000000000000000e+00 1.451115055631699985e-02 1.213202561829770793e-01 1.537148124583738971e-02 8.146180353857816747e-02 1.375812970144775216e-01 0.000000000000000000e+00 2.001049864934642541e-02 1.273487900737807765e-01 8.847866138942009177e-04
2.579991952295494859e-03 5.559511139935317814e-02 1.116238227226711427e-01 6.417957469557968204e-03 8.438465882638605461e-03 0.000000000000000000e+00 5.090494280469689409e-02 1.207852910923441353e-01 7.884403589357566466e-02 5.346864731977164428e-03 9.163076128202926607e-03 9.611236214332159744e-02 0.000000000000000000e+00 0.000000000000000000e+00 2.412852959493290428e-02 1.285188475095190661e-03 5.304660638653829058e-02 0.000000000000000000e+00 1.806503162977237537e-02 2.524621728620359343e-02 6.543194145561340982e-04 6.200934759485830956e-03 2.586659577659004144e-02 1.322364548876753532e-01 1.674581995685154312e-01
