0.000000000000000000e+00 3.367321520607703678e-02 7.397363252491005736e-02 2.305332291926926857e-03 1.533876448450959169e-02 0.000000000000000000e+00 4.270598471056732265e-02 2.362705684157248853e-01 4.446810704552783995e-03 8.601347843472023635e-03 0.000000000000000000e+00 3.815702839677068137e-02 0.000000000000000000e+00 0.000000000000000000e+00 1.061674757621053206e-01 0.000000000000000000e+00 1.224553440055431014e-01 3.836358185358967887e-02 3.199542267345235891e-02 0.000000000000000000e+00 1.946029938358598971e-02 1.602319731383893692e-02 4.136994658448780310e-02 1.830968287470085068e-02 1.503823649701847565e-01
2.449825160864526480e-02 4.033777506456989737e-02 8.249499874251832801e-03 0.000000000000000000e+00 0.000000000000000000e+00 1.585373461000799400e-01 1.534693543044539366e-01 3.202826481591301844e-02 1.915857503753788313e-02 4.310113903420412229e-02 0.000000000000000000e+00 6.226881042071973765e-02 0.000000000000000000e+00 3.399355384403289319e-03 1.528523481441903566e-02 1.082264347929854376e-01 0.000000000000000000e+00 1.587396247019054463e-02 5.159596079874380348e-04 3.734583505252591154e-04 0.000000000000000000e+00 0.000000000000000000e+00 3.215266934207508163e-04 1.507146771963109033e-01 1.636403744293815354e-01
9.991066157715675078e-02 1.768563720866257044e-02 5.649679263782863073e-03 2.428355362795499468e-03 4.449175687426886600e-02 0.000000000000000000e+00 1.282512605137600681e-01 8.215135996316993983e-02 6.850081457294834864e-02 2.298265906650003715e-02 0.000000000000000000e+00 0.000000000000000000e+00 1.199140752127838931e-02 5.719649330022449733e-03 7.447001555065001221e-02 1.381362966840406041e-02 8.797763221652455182e-03 1.529309728261823709e-01 1.613091384795463032e-02 1.075823376420406291e-01 0.000000000000000000e+00 9.330124869838767043e-02 2.067442391939396367e-03 4.114243489844299217e-02 0.000000000000000000e+00
9.100365988074538004e-02 6.059748447813635697e-02 3.166079499556688492e-02 2.168013025251469203e-02 0.000000000000000000e+00 1.777677150742469278e-02 7.179380711097744019e-03 2.665655628828736759e-02 3.011303185895004494e-02 5.101625842565897084e-04 0.000000000000000000e+00 1.476834857001587675e-01 0.000000000000000000e+00 0.000000000000000000e+00 1.070869867055038345e-02 2.046263883720660093e-02 1.601084743173940284e-02 6.202502998066958435e-03 0.000000000000000000e+00 1.984671937297217623e-02 9.222210966652587272e-02 9.000457302893316580e-02 1.452343315663968126e-01 1.611165713937635358e-01 3.329548776706529704e-03
0.000000000000000000e+00 1.852076571355710383e-02 1.353756062412529437e-01 0.000000000000000000e+00 1.512905120275070221e-03 7.893780637084685248e-02 1.315193277349266388e-01 3.938714462305132474e-02 4.953860900354169509e-04 1.223051001760270956e-01 0.000000000000000000e+00 1.995609958054459301e-02 0.000000000000000000e+00 0.000000000000000000e+00 2.010035953446116623e-03 0.000000000000000000e+00 1.043154252430736860e-02 1.979209821987796408e-02 1.319061803251560250e-01 1.315847612026374222e-02 0.000000000000000000e+00 1.514427120141993155e-01 6.699281633554461657e-02 5.009559219842828204e-02 6.160404658259644242e-03
5.103477065935323881e-02 1.669385589245899956e-02 1.985095388875806471e-02 4.185457842455349992e-02 7.677820787502304123e-02 8.290072565882994002e-03 1.493480523282065542e-01 9.069791392922200990e-02 5.605568834395082550e-02 7.968303825682893082e-03 0.000000000000000000e+00 1.028193944276904054e-02 3.775830223945501884e-03 0.000000000000000000e+00 1.056886119000508516e-02 1.010925052054751638e-01 9.715482570887867472e-03 6.028754464103024992e-04 0.000000000000000000e+00 1.134822431947694020e-02 9.237921370924365508e-03 2.704865284117651154e-03 1.445010246794424524e-01 4.516107557105478176e-02 1.324369969623987731e-01
0.000000000000000000e+00 4.534216384662174276e-02 4.453707340272403808e-02 0.000000000000000000e+00 1.471771881231144219e-01 2.014685697720104002e-02 1.818606363292667172e-01 5.692485942428146539e-02 0.000000000000000000e+00 1.777085361012071749e-02 5.995930812558871760e-03 5.856065436978526856e-03 0.000000000000000000e+00 2.048444732158610435e-02 7.181006696516163690e-02 8.956561379871301118e-03 0.000000000000000000e+00 8.389279199984917001e-03 1.594576973164842093e-02 0.000000000000000000e+00 1.247485419445877458e-01 2.976948710887791436e-02 2.492775860915086295e-02 3.214177575764107925e-02 1.372146840186225514e-01
8.574594896118452325e-02 6.066026196570699358e-02 4.389723634220720622e-02 0.000000000000000000e+00 7.151031058059746648e-03 4.852419500302882958e-04 1.615835455769452228e-02 2.478366877736738749e-02 8.911588241696406787e-02 7.005388043504330586e-02 0.000000000000000000e+00 3.502204554747821719e-02 2.475702864605350620e-02 0.000000000000000000e+00 6.647191287066969712e-02 0.000000000000000000e+00 1.242856248095559613e-01 0.000000000000000000e+00 0.000000000000000000e+00 4.865389100810607603e-03 1.845651652786194780e-02 1.405936757946903704e-01 1.160612363302688105e-01 5.549421401403178966e-02 1.594084989432109981e-02
6.633841261819328934e-03 4.677531704484749753e-02 6.332134099196759514e-02 2.528798542231393970e-03 4.998200593169885991e-04 1.458348092593197802e-02 1.086175450707270729e-01 1.250259539753561522e-01 9.959769737359873074e-03 5.984065002445732723e-02 0.000000000000000000e+00 1.747255091100331503e-01 5.036770301328119884e-03 0.000000000000000000e+00 6.660561252577319692e-04 6.566535684154320429e-02 4.970737952548178384e-04 2.196788694308319904e-03 0.000000000000000000e+00 0.000000000000000000e+00 1.670667841192089104e-04 1.337229005355740352e-01 1.034825954636913944e-02 1.324132728242048973e-01 3.677442780799219935e-02
1.568802120476862558e-02 4.301399588065452258e-03 1.684480361597323183e-03 2.156579610134774783e-03 2.462481299115413039e-02 0.000000000000000000e+00 1.494224731471140988e-01 1.022684243327287440e-01 1.014103458253017703e-01 3.513021171330505624e-03 0.000000000000000000e+00 2.428339673795962619e-02 1.260759285105632864e-02 8.196312182243019372e-04 3.604499210125072101e-02 9.851037450513215610e-02 9.917848771197012008e-04 9.128136266840169988e-03 7.747141900144982607e-02 3.362866787183658372e-04 1.313165245472301679e-01 1.619978310704307117e-02 2.562372326397649620e-03 6.600395065599467918e-03 1.780577524837829440e-01
1.365297623985845107e-03 6.380209088706750029e-04 1.277221259494373262e-01 1.017616178077406820e-02 5.769442496235243495e-03 1.283916319085190785e-02 1.295999446432184177e-01 9.860666257227120035e-02 0.000000000000000000e+00 7.329431852536928693e-02 1.135035564287725611e-02 1.268647867302299670e-01 1.058846631410744754e-01 2.059920047189767525e-03 2.803053520358950168e-02 0.000000000000000000e+00 2.130465148943104861e-02 0.000000000000000000e+00 6.783373458119064479e-04 4.359470693484344440e-03 0.000000000000000000e+00 1.672383113558521687e-03 4.976273331438322775e-03 1.521517058069055961e-01 8.065577976339523281e-02
8.308703144666064466e-02 0.000000000000000000e+00 6.437474622341961272e-02 0.000000000000000000e+00 1.288448000373871444e-02 0.000000000000000000e+00 1.081846544455779269e-01 1.483951877378047735e-01 0.000000000000000000e+00 1.819969822217457067e-02 0.000000000000000000e+00 4.030841917661922430e-03 0.000000000000000000e+00 1.612751381486160582e-04 4.307717688641374970e-02 0.000000000000000000e+00 1.893655491203130592e-01 1.485160681046530061e-02 0.000000000000000000e+00 1.507697921841023338e-03 0.000000000000000000e+00 1.261989733091782862e-01 2.364437164776903976e-03 1.316037120240179659e-01 5.171293162780703917e-02
7.570975727507553085e-03 1.698321082204032675e-02 1.861550111846066446e-01 0.000000000000000000e+00 1.949394394383296633e-02 9.581697483185197539e-02 1.438435208445177360e-01 5.861768933397246834e-02 1.492267249896505124e-02 8.658164112664087919e-02 0.000000000000000000e+00 1.242220194704974669e-02 0.000000000000000000e+00 0.000000000000000000e+00 3.059151479709358145e-03 3.649687202650982176e-02 1.364635615853210075e-02 2.410628617333331319e-03 4.900363886379344516e-04 1.298304310571988564e-02 1.310605992271341586e-02 3.589861585997898390e-03 9.272525191892050378e-02 1.560718957847033739e-01 2.301300075023689912e-02
1.031889586600870379e-02 5.506812792009036298e-03 5.375585336447393642e-02 0.000000000000000000e+00 1.027578824604762076e-01 0.000000000000000000e+00 1.099918426815106598e-01 8.513555178372085239e-03 0.000000000000000000e+00 1.423899003485401826e-01 0.000000000000000000e+00 1.156259187368157831e-01 4.830389507073361288e-02 1.158855241897077323e-02 1.017960980279883909e-01 0.000000000000000000e+00 3.194583882344311648e-02 1.848374249458152596e-02 1.458738006753687762e-02 0.000000000000000000e+00 1.078835165463146867e-02 0.000000000000000000e+00 4.088970385568115040e-02 1.202504206609085122e-02 1.607307340921356187e-01
0.000000000000000000e+00 2.963118334669449794e-02 3.494494881362465331e-04 3.662139562106822913e-03 1.334642530062772441e-02 4.502150213524407779e-02 2.948191381889480114e-02 1.191103845550930546e-01 0.000000000000000000e+00 3.890228784665206163e-02 8.097778502148546623e-03 7.808523452407298282e-02 6.471701399053626405e-06 2.995472776231756021e-02 3.266557283818879998e-02 2.673535432002786122e-02 1.144087981678056087e-01 1.532945267689653501e-01 2.443819014887057064e-02 2.572306945405570047e-02 1.125982186707122010e-02 2.389261100725650205e-02 1.139700594493328334e-01 2.159260740736432260e-02 5.636989002767398699e-02
0.000000000000000000e+00 2.977433509917125007e-02 1.510467548653993963e-01 2.732113097160696162e-06 9.147060801765910520e-02 0.000000000000000000e+00 2.922731537997521820e-02 1.286104961899535992e-01 2.308191839200749232e-02 4.331217037974233186e-03 0.000000000000000000e+00 1.692327931464138457e-01 6.006060434653396306e-03 0.000000000000000000e+00 1.174593176905753102e-03 9.493951759240891117e-03 4.468104535889915602e-02 0.000000000000000000e+00 0.000000000000000000e+00 6.910419266957681765e-03 0.000000000000000000e+00 1.617684709178434932e-01 0.000000000000000000e+00 1.431872888438482094e-01 0.000000000000000000e+00
2.550504994826006955e-02 5.956992387878283675e-03 1.697695173308283803e-02 0.000000000000000000e+00 1.053283614474582880e-01 1.805917778879969292e-04 1.111641252941625302e-01 1.320859606303077805e-01 0.000000000000000000e+00 1.745623306934354912e-01 2.002441660494823968e-03 2.003494412935363095e-02 9.044307376023045511e-04 1.764956938016716851e-03 6.882250949396935547e-02 0.000000000000000000e+00 2.374831998449954129e-02 2.360659172311242726e-02 1.495769637700522792e-01 4.347447918811828647e-03 4.270932233558305362e-03 6.232276049006973268e-02 2.971750515081095570e-02 5.368950958002482836e-03 3.175088089917241230e-02
8.774013978097292606e-04 8.866516760885231885e-02 1.211577447499151278e-01 0.000000000000000000e+00 5.974486442106786283e-03 0.000000000000000000e+00 2.340112068633719983e-02 1.567004141522790606e-01 1.377630380961161749e-02 1.021291286706992041e-01 0.000000000000000000e+00 6.314543979317117917e-02 2.859438010046421764e-03 0.000000000000000000e+00 7.766345580365011103e-02 0.000000000000000000e+00 6.478226539489259812e-03 0.000000000000000000e+00 4.689626346925235972e-02 3.103679854870350103e-03 3.656794097958896306e-03 2.418408466668735546e-01 7.072021970063812647e-03 1.656723751920374452e-02 1.803482875780924172e-02
2.743913598509102950e-02 3.540785007590836059e-02 9.249279261107573938e-03 6.098132820327333871e-03 0.000000000000000000e+00 0.000000000000000000e+00 2.085493931275342883e-01 1.148215049674308347e-01 5.612208148657205076e-03 2.268420331865423148e-02 0.000000000000000000e+00 8.057534284092425503e-02 4.487346951758251767e-03 3.559134088338583666e-03 1.168142796152154550e-01 2.029864449279739427e-02 0.000000000000000000e+00 1.369245116597429257e-01 0.000000000000000000e+00 3.888152496546061834e-03 7.976864241145555090e-03 0.000000000000000000e+00 6.055307675959836940e-03 3.133250335463969721e-02 1.582262048782212827e-01
1.178039713711964177e-02 6.124434912075007315e-03 3.236022797563317677e-02 5.183231195453191775e-04 1.117439922209926273e-01 0.000000000000000000e+00 5.172054795194899225e-03 1.107710947300097337e-01 4.197730158165754316e-02 1.426108407982377146e-01 0.000000000000000000e+00 1.629979229089213721e-02 0.000000000000000000e+00 0.000000000000000000e+00 0.000000000000000000e+00 8.756173432023429959e-02 1.397875696786436417e-01 4.904153943762232237e-02 3.874956057935778631e-02 1.009542186332747400e-02 1.158784415208148622e-03 3.609922712718840326e-03 4.033509687258797841e-03 2.412367628637780356e-02 1.624798214578930255e-01
2.295669161056619612e-02 0.000000000000000000e+00 2.489750444547943892e-02 0.000000000000000000e+00 9.615152812957693251e-02 1.783558628057792250e-02 1.572655565685288775e-02 7.626399527127195044e-02 1.326136652111461296e-03 6.838795453792619050e-02 6.846996657713674914e-04 6.750294281459867651e-02 0.000000000000000000e+00 0.000000000000000000e+00 1.028869551101320584e-01 0.000000000000000000e+00 1.045230472580954417e-01 1.219671114278113727e-01 0.000000000000000000e+00 7.424395586957278220e-03 7.303786302513298745e-03 1.384035724276664048e-01 2.003636199571040728e-03 6.786893040960485790e-02 5.588497021291524008e-02
0.000000000000000000e+00 1.371392073575886106e-02 9.714577268406138222e-02 6.757986643988046771e-02 4.504609271409640986e-02 7.055149870302641901e-02 1.770799186878865492e-02 7.663576448949792341e-03 7.166024955509563837e-03 5.247230625882306349e-02 0.000000000000000000e+00 2.237477627790790749e-02 8.926870101769326937e-02 2.500566015432327798e-03 8.258783698133043139e-03 6.903429510733886942e-02 1.292508310808974659e-01 5.369569529905225680e-02 0.000000000000000000e+00 6.976342753524320808e-04 0.000000000000000000e+00 2.622795793723129570e-03 0.000000000000000000e+00 8.813762976532051041e-02 1.551112408602541570e-01
2.994595378815573250e-02 2.583382089226314918e-02 2.370367060038718401e-02 6.943433183834318151e-03 1.790839927489773845e-02 5.145907243570072877e-03 1.355291734180426866e-01 7.635275286818937746e-02 2.835985367455367851e-03 2.447644759113463270e-02 6.708722249559597242e-03 5.285373192288331939e-02 2.738040699261594553e-03 1.737575826906017284e-03 6.354882393445937527e-02 4.385011851398351590e-02 7.515540451323150101e-03 1.020504939788890592e-01 2.683042597615959562e-02 0.000000000000000000e+00 3.992170036647126052e-03 0.000000000000000000e+00 8.262351502843354178e-02 1.103770122685809457e-01 1.464982848849829267e-01
4.625316816422898186e-02 0.000000000000000000e+00 6.733915073483058220e-03 5.862081104663771462e-03 2.046328923876884059e-02 6.553836110853442261e-03 5.232903245062410502e-02 1.082874800501616719e-01 0.000000000000000000e+00 9.190386979201760342e-02 6.275148346112836666e-03 5.726115968556377139e-02 0.000000000000000000e+00 0.000000000000000000e+00 5.901407158012798859e-02 0.000000000000000000e+00 0.000000000000000000e+00 1.241033458808321437e-02 1.245167884797328123e-01 2.978861280882723513e-03 7.973049682756352952e-02 1.013895330541450951e-01 0.000000000000000000e+00 6.764516089870194204e-02 1.503917732742846569e-01
2.044640010083787623e-02 1.046991078234480177e-01 3.098755936980887582e-02 0.000000000000000000e+00 2.855479079323108502e-02 0.000000000000000000e+00 7.201650182897693930e-03 1.317192226188264315e-01 1.635703291097154047e-03 4.613865799098133130e-02 0.000000000000000000e+00 3.610607644673697464e-02 9.289742743532209898e-03 2.841470128924625336e-03 1.246347695698827585e-01 6.659620027184612323e-02 1.103240464673581334e-02 5.008377963629985106e-04 3.657232114626367270e-02 2.084341365855311295e-03 6.557715449751841223e-03 5.012755014608351236e-04 2.802722208242351340e-02 7.471891048273809899e-02 2.291536201963569053e-01
4.191720717541407709e-02 9.968008586790949588e-02 0.000000000000000000e+00 0.000000000000000000e+00 1.972689565115084975e-02 3.280529899565175905e-02 1.308501589327189518e-01 5.465911752030312709e-02 0.000000000000000000e+00 1.371580372540296133e-01 3.256950548154262100e-04 6.517583652873538969e-02 1.226769746236912317e-02 1.229127426779875153e-02 3.140990417042800742e-02 1.100089735832805032e-01 0.000000000000000000e+00 1.300943343175905596e-03 1.910056867147292073e-02 3.279433502336211170e-02 0.000000000000000000e+00 0.000000000000000000e+00 0.000000000000000000e+00 2.708673294213369970e-02 1.714412375552502865e-01
6.981803314159172602e-02 8.991028594333419152e-03 6.042773501878277199e-03 1.602639725722132535e-02 3.115447891667936370e-02 0.000000000000000000e+00 4.986578817895995913e-02 1.637729930177111437e-01 1.756768952436902481e-02 1.055320082848572733e-01 0.000000000000000000e+00 4.496142424734731607e-03 0.000000000000000000e+00 0.000000000000000000e+00 1.995432271534360730e-02 4.154811906436057731e-03 3.314863167326987520e-02 0.000000000000000000e+00 0.000000000000000000e+00 0.000000000000000000e+00 0.000000000000000000e+00 2.284759433137732165e-01 8.119961751734178224e-02 1.585157025644125250e-01 1.283637467086712206e-03
1.360634792190581034e-03 9.973993508744889713e-02 1.711433718381955293e-01 1.100347436053981595e-02 1.392090383350023941e-02 2.562109880956773156e-03 1.313355513258155916e-01 7.308719135894994889e-02 2.810207134799594386e-02 6.445969868734197604e-03 0.000000000000000000e+00 2.247103547606557963e-02 1.774837058395014461e-02 0.000000000000000000e+00 3.091353284686437861e-03 0.000000000000000000e+00 0.000000000000000000e+00 8.043728664454462274e-02 0.000000000000000000e+00 0.000000000000000000e+00 4.998582951940324639e-04 0.000000000000000000e+00 9.138055203172337423e-03 1.584418190705668139e-01 1.694710077474925469e-01
0.000000000000000000e+00 6.219696909971342454e-03 1.338760876103087527e-01 7.472409005122201964e-02 5.161340236496063773e-04 0.000000000000000000e+00 1.270350151806409200e-01 1.049131802833895566e-01 1.258082264505295048e-02 0.000000000000000000e+00 0.000000000000000000e+00 8.180380587257436720e-02 1.156147601873671465e-02 0.000000000000000000e+00 5.481072658377239039e-03 0.000000000000000000e+00 2.044975262687478978e-02 7.586920421944193249e-02 2.212041171238813587e-03 0.000000000000000000e+00 2.209764312639643513e-02 1.798040896477875971e-06 7.491189348656049872e-03 1.479336883286646309e-01 1.652333018839074186e-01
7.023841900352706391e-02 0.000000000000000000e+00 3.733163778332194288e-02 0.000000000000000000e+00 1.282629643348469906e-01 0.000000000000000000e+00 1.112133385976494943e-01 3.327252902359011891e-03 9.833845897044937376e-03 6.610294959959540960e-04 0.000000000000000000e+00 5.952741769871094935e-02 1.144826334298137960e-02 2.069393610126578006e-02 2.427050190028389332e-03 4.851839710647878195e-02 2.160450952795487430e-03 1.205626527011898763e-01 2.883521101435576953e-02 1.167360868168406361e-02 3.273024382522806645e-03 0.000000000000000000e+00 1.190793544823199983e-02 1.507744517278285235e-01 1.673291126371808379e-01
0.000000000000000000e+00 7.257883535653346374e-02 2.483107415374405727e-02 3.381773881329364767e-02 0.000000000000000000e+00 0.000000000000000000e+00 4.101579038468992910e-02 1.049761362942286808e-01 8.374064248350295003e-02 6.511625116297664606e-02 6.019255725519396562e-03 1.666178443842179224e-01 5.176629995754477003e-04 6.873111545240299849e-04 1.716732532654316121e-02 0.000000000000000000e+00 4.568492865829850910e-03 1.447798499241954168e-02 1.513371973294206328e-02 4.530949034104947426e-03 1.141339733774126286e-01 1.383800760718095491e-01 1.916058371836888014e-02 2.755994329909478013e-02 4.496840866866859410e-02
2.677100456909651139e-03 3.447978676462749078e-03 1.999807799722838619e-02 2.592013937270607610e-02 8.009527290592682869e-02 8.028524098649714169e-02 1.662610044318957869e-01 3.557820794728083075e-02 1.543880812384948974e-02 4.978190282397856187e-02 0.000000000000000000e+00 1.089153368446977438e-02 0.000000000000000000e+00 0.000000000000000000e+00 4.353589588621668491e-03 1.110026855896290576e-01 7.647005317626209310e-03 1.601826096872558183e-02 6.941461310734041695e-04 2.059588764702625224e-03 0.000000000000000000e+00 0.000000000000000000e+00 1.478599055049263367e-01 1.579042496206162216e-01 6.208530110687358189e-02
0.000000000000000000e+00 0.000000000000000000e+00 2.765211767283137431e-02 5.015068426555029709e-04 1.886716189821259493e-02 6.875841375145005929e-02 1.499691451313620583e-01 3.132482327814170575e-03 0.000000000000000000e+00 4.470955414972754144e-02 0.000000000000000000e+00 7.498067050889341278e-02 1.832902580328358687e-03 1.655321091293410077e-04 4.576355843454786750e-03 6.912202647530103772e-02 2.289354216550767637e-02 4.895055911633839317e-03 0.000000000000000000e+00 8.625627203635183662e-03 2.472317815323195681e-02 2.938954934181517084e-02 1.323062015840446026e-01 1.588230281209338512e-01 1.540759482280374404e-01
1.058282646932871135e-02 9.231054286767315445e-03 3.015458238234944646e-02 1.014952718262639338e-02 7.774980494164944467e-02 0.000000000000000000e+00 2.798488301280370114e-02 1.348586143542595539e-01 0.000000000000000000e+00 5.956551849330744136e-02 0.000000000000000000e+00 1.456285171983633976e-02 0.000000000000000000e+00 0.000000000000000000e+00 0.000000000000000000e+00 3.872186655887511347e-02 1.242521229240068636e-01 8.449076854186467894e-03 0.000000000000000000e+00 4.928051590828584974e-03 7.313276186042791914e-03 4.532418657798351069e-02 2.445039567554138926e-01 1.492913335211552839e-01 2.376466188579191580e-03
8.352493502129822167e-02 2.345625439811356572e-02 2.147673360385543226e-02 2.443565555017736170e-03 3.411605867663655006e-02 0.000000000000000000e+00 1.428050314379050723e-01 1.314460551899680474e-01 0.000000000000000000e+00 8.217072179428738105e-03 0.000000000000000000e+00 9.293848510132712848e-02 1.952086696605336361e-02 0.000000000000000000e+00 0.000000000000000000e+00 6.043073970523150061e-03 0.000000000000000000e+00 2.149234855772570729e-03 0.000000000000000000e+00 2.802285407821756679e-03 0.000000000000000000e+00 1.066430361679761712e-01 1.102763745602047818e-02 1.563678617786255498e-01 1.550218122336564641e-01
