2.193735280555178177e-02 1.243400093892427227e-01 6.685263812996583674e-05 1.213956691544150999e-02 1.864193674172039475e-02 8.832037596605905871e-02 3.495042857914452267e-02 0.000000000000000000e+00 1.890744818922959758e-02 0.000000000000000000e+00 2.895835030737847413e-02 1.114586763466823977e-01 1.431461346687721292e-01 3.734975675433322307e-03 3.394792711897018367e-02 4.463418880103349820e-03 0.000000000000000000e+00 1.194024329863388328e-01 3.424977666138835641e-02 2.013343361304133217e-01
5.937123218363660887e-02 1.497634903207259623e-02 4.178165632891194664e-02 1.408753570407294542e-01 4.373468778266990237e-02 1.372792544237291523e-01 0.000000000000000000e+00 0.000000000000000000e+00 1.809180818980786754e-01 1.692672079650487521e-02 0.000000000000000000e+00 1.180024808819526566e-01 5.629255047099130521e-02 6.634187873087117951e-03 1.080691364655278833e-02 3.559973376062990774e-02 4.635231599434032346e-02 2.761085756975876875e-03 0.000000000000000000e+00 8.768739212913699566e-02
0.000000000000000000e+00 1.467300736583793674e-01 3.791756608691828571e-03 7.190864627096110739e-02 1.422561061897583967e-01 8.151009588906532599e-02 1.419329078505089103e-01 2.658128091046726288e-02 3.437302587544082549e-03 0.000000000000000000e+00 0.000000000000000000e+00 5.575445429170697992e-02 0.000000000000000000e+00 8.498442332582284778e-04 5.072674949560824174e-03 0.000000000000000000e+00 3.819131334675020684e-03 1.436381500878813333e-01 1.891733563123107822e-02 1.538002395063103322e-01
1.733434926856813607e-01 1.689991665263095300e-01 1.170469654011840497e-03 2.664372386769560397e-02 3.160097936347678379e-03 2.886141991784799826e-02 9.820765930954995782e-03 4.766696275309692532e-02 0.000000000000000000e+00 0.000000000000000000e+00 0.000000000000000000e+00 1.165835370586500580e-01 7.228352499990306490e-02 3.473600113119691690e-02 0.000000000000000000e+00 4.074799521938659436e-02 1.262333944930736362e-01 0.000000000000000000e+00 1.497494478258437345e-01 0.000000000000000000e+00
5.426138560047362447e-02 5.440096376923241744e-02 5.438061639702510691e-03 5.423080370152181737e-04 1.637475728160299737e-01 2.423877366941678754e-02 1.823756819559128883e-02 3.794149124787932204e-02 2.589865220254377112e-02 1.612860706401534130e-02 1.420583947832375089e-03 8.558531558822847496e-02 8.477290123768055005e-03 1.427333736815578902e-01 5.332948581854427168e-03 0.000000000000000000e+00 3.101192587297326927e-02 1.454968769210624423e-02 1.494818596571791391e-01 1.605716306125999082e-01
1.071235743182463590e-01 1.373728377402163858e-01 1.769041283643018204e-03 8.108371329732461108e-02 1.355769853998518293e-01 1.368994816507357604e-01 2.613142474859203937e-02 1.699208257318885265e-02 2.908596803889351365e-02 1.900563603023292403e-03 0.000000000000000000e+00 1.562764639936931044e-01 3.786236330352804602e-02 6.391732511516202454e-03 7.243269949564051617e-03 3.460701465407459848e-02 0.000000000000000000e+00 4.423863711448478009e-02 1.194453721914787115e-03 3.825039209750866892e-02
4.664469723519455713e-02 5.208051637867335687e-02 0.000000000000000000e+00 1.336832093909579022e-01 8.692275962799836386e-02 1.380376777474352223e-01 0.000000000000000000e+00 5.639568465299740069e-02 6.257781764526296198e-02 0.000000000000000000e+00 0.000000000000000000e+00 1.135060473008935866e-01 6.513165427510204941e-02 5.808895679343226842e-02 9.472550252005712892e-03 8.973204979813277637e-03 1.152625835013313532e-01 2.533846850414935015e-02 0.000000000000000000e+00 2.788417171475270073e-02
5.034901368335611277e-02 2.518046392383147675e-02 0.000000000000000000e+00 1.122419347363779740e-01 9.460065161694279634e-03 2.227126288105052421e-02 9.758019066241867268e-02 1.419073630273032793e-01 8.418831460659823018e-02 0.000000000000000000e+00 9.628614309393537449e-03 4.468297776148585226e-02 7.438859916550014106e-02 1.435925884369852190e-01 9.001856497977548874e-03 1.049583174155329507e-02 0.000000000000000000e+00 0.000000000000000000e+00 1.578792597718184643e-01 7.151663632655461816e-03
7.471836474857557718e-03 0.000000000000000000e+00 0.000000000000000000e+00 2.227970266434727009e-01 1.498481786575013019e-01 1.077229582437446570e-01 0.000000000000000000e+00 0.000000000000000000e+00 1.366756337914184181e-02 0.000000000000000000e+00 0.000000000000000000e+00 1.145656356823925373e-02 7.169054308536636222e-02 4.172917448075232072e-02 1.828380980552757676e-02 1.054459349613840885e-01 3.112199931177143247e-02 1.480182926176111524e-01 8.109211317401429642e-03 6.263690745322839093e-02
5.986643444454492133e-03 1.602500671166132151e-01 8.238365650203993825e-04 1.419514303200283545e-01 1.460724834221567570e-01 0.000000000000000000e+00 3.594702066444487726e-02 9.375555050801877288e-02 8.484380871405047819e-02 9.778238552462847899e-02 1.258588739627045615e-02 1.318582478457431401e-02 0.000000000000000000e+00 4.195540018182757763e-02 0.000000000000000000e+00 3.964207469351569736e-03 1.928862480132698815e-02 3.432333304864696073e-03 0.000000000000000000e+00 1.381744957823686226e-01
8.656904049402219803e-02 7.527239230498049272e-02 6.865162124872469527e-04 1.451286376515362707e-02 1.581936737707992022e-02 7.475621350071214033e-02 1.762847566484980824e-02 7.667641515930094000e-03 1.677809165107486400e-01 6.423393046576752335e-03 0.000000000000000000e+00 1.940050234040840635e-02 4.711422122458876205e-02 1.376075111941653384e-02 3.386703086610733798e-02 0.000000000000000000e+00 2.921431898021880150e-02 1.115604914091129912e-01 1.535112987671517493e-01 1.244545649004545895e-01
3.389643974457590830e-02 1.664271425417522196e-02 1.103135714915261661e-01 1.711638195280278454e-02 9.776090451259461522e-02 8.996137467248856157e-02 0.000000000000000000e+00 6.722216572471763352e-02 3.883426411128843014e-02 1.381304926337660784e-02 4.799536323612703121e-04 1.053081426584107083e-01 0.000000000000000000e+00 2.779487748529786001e-02 5.409084270374712317e-02 9.528719801138773107e-03 6.052074965318511579e-02 1.172931826834296698e-01 4.402770542196588269e-03 1.350198951126869717e-01
3.906972009152349240e-02 1.284813287966560247e-01 2.136972032828819961e-03 2.051857766686643238e-03 0.000000000000000000e+00 1.367264515235963040e-01 8.064759523907207017e-02 1.359916050368257245e-01 9.535781733187699907e-03 3.792171279410768564e-02 0.000000000000000000e+00 1.158158984135513880e-01 1.849323149141510747e-01 2.602375499207169873e-02 4.801915616647621510e-02 6.659529503015977799e-03 1.870793053721124879e-02 0.000000000000000000e+00 0.000000000000000000e+00 2.727839045903802592e-02
2.064122789592396506e-02 1.146253803154674566e-01 5.128263572507283513e-02 2.484086969894467034e-01 1.845833071253152186e-02 1.414479254016390297e-01 4.532773094023220990e-03 1.261683933348717312e-02 0.000000000000000000e+00 0.000000000000000000e+00 0.000000000000000000e+00 8.840787594926483028e-02 2.367881161793577993e-02 2.659045967685673417e-02 2.213572158021713532e-02 1.087091196684239619e-01 1.451671162965853176e-02 3.212800550658778675e-02 4.547924190052728133e-02 2.634024300293585572e-02
6.153841409049104656e-03 1.401552151996336981e-01 0.000000000000000000e+00 1.351348985249055043e-02 1.015504869249009567e-01 1.297948667008190782e-01 0.000000000000000000e+00 0.000000000000000000e+00 1.301299675916103848e-01 6.003073531530849979e-03 0.000000000000000000e+00 1.201736523902367619e-02 1.391377199133601340e-02 7.721711428136913968e-02 1.344487100131593893e-01 3.974833106772309409e-03 4.063936337745672339e-03 4.338956779387945391e-03 3.741263386372235822e-02 1.853117371774489763e-01
1.317996725031884888e-03 1.404621037619616097e-01 1.519998737028063415e-02 1.431804256073633264e-01 4.176669183168755378e-02 0.000000000000000000e+00 1.985759713971320135e-03 1.380296944688954586e-01 0.000000000000000000e+00 0.000000000000000000e+00 2.554602739727965081e-03 1.986568513564374860e-01 0.000000000000000000e+00 0.000000000000000000e+00 1.828714443415485960e-02 1.250041853965566142e-03 0.000000000000000000e+00 1.024331174877783218e-01 2.817308240418107956e-02 1.667025002445628179e-01
1.478390481484096741e-01 4.080352877899559236e-03 7.498006372692653633e-04 2.383413002072737406e-03 6.275615495987989234e-02 1.310647005441343826e-01 1.493444484834311956e-02 1.057100208033852767e-01 1.560237203663829009e-01 9.401294125365619939e-03 0.000000000000000000e+00 7.360222683772967012e-02 1.744483214259210865e-02 0.000000000000000000e+00 2.622272790872013509e-02 4.374470410766412298e-03 1.661936686692291193e-02 5.230479277612065832e-03 3.722009863300884680e-02 1.843428476095055057e-01
8.942527440132200245e-02 1.345337235485354332e-01 2.140987988419805477e-02 6.111152249600000294e-04 1.864529294235835882e-02 0.000000000000000000e+00 0.000000000000000000e+00 2.838705534850194390e-02 6.946477524639023578e-03 0.000000000000000000e+00 0.000000000000000000e+00 1.196153081493932790e-01 1.156385291620718042e-01 1.015794255765653659e-01 3.229713902287267846e-02 0.000000000000000000e+00 0.000000000000000000e+00 5.711814771815700714e-03 1.477557657758499787e-01 1.774431986669163797e-01
3.040450713878085215e-03 1.010434325484640128e-01 4.316204402001177706e-03 2.187325468506203241e-01 1.384530148805110661e-01 1.254802310344596550e-01 3.639163196553351493e-02 0.000000000000000000e+00 1.898392179396549313e-03 1.048975741342620272e-03 3.544994468240922261e-03 1.079511732929444023e-01 1.621397946151029168e-02 3.496930505517159560e-02 1.277926444277990570e-01 2.961086725296106434e-02 0.000000000000000000e+00 4.647057278729613619e-03 0.000000000000000000e+00 4.486509844643595674e-02
1.107336962431283434e-01 3.137834837864666993e-02 5.882148327469158278e-02 7.464190135053899722e-02 5.434009629700258664e-02 7.938907650981472108e-02 3.424596290086134170e-03 7.361667024566413697e-02 1.708611453218525020e-02 0.000000000000000000e+00 0.000000000000000000e+00 1.316673277652854156e-02 6.172446969493376040e-03 1.213238708353450990e-01 0.000000000000000000e+00 4.895394813914454892e-03 5.445970981200303797e-03 0.000000000000000000e+00 1.536640038979250888e-01 1.918995966038347933e-01
5.914672414924364297e-02 1.541456283538636951e-01 4.594703993503825544e-03 9.380224534457314717e-03 0.000000000000000000e+00 3.813627044472521575e-03 1.254847303773631677e-02 8.762466585742549607e-02 8.663299951050602854e-02 1.827514277153501456e-03 3.044926378916627124e-03 2.352916495877051262e-01 0.000000000000000000e+00 1.123015512635328200e-01 0.000000000000000000e+00 0.000000000000000000e+00 4.100714616105752275e-02 0.000000000000000000e+00 0.000000000000000000e+00 1.886401658504255063e-01
7.981966849927617236e-02 7.173544676496254602e-02 8.480721922886042636e-04 9.190072035865648470e-02 7.053290821872566785e-02 1.434344188888950766e-01 1.554325495576091253e-02 1.110687142867886057e-01 1.367484300755103348e-02 0.000000000000000000e+00 0.000000000000000000e+00 9.346588391003711471e-02 1.379502191139861042e-02 6.970403213934834273e-03 1.269129665486515846e-01 1.716133456517092430e-06 4.456273665304516518e-03 0.000000000000000000e+00 1.702506177743711227e-02 1.388146256668748024e-01
1.192814394403506756e-02 7.953514607681731394e-03 0.000000000000000000e+00 1.435302156294510634e-01 7.943805870398212843e-02 5.260213509817062566e-02 2.882784861442740099e-02 2.965797565599241539e-03 1.080580771541533591e-01 1.595344040936840305e-02 0.000000000000000000e+00 1.251817113950986701e-02 8.288062404194782365e-04 4.175101500452473718e-02 0.000000000000000000e+00 0.000000000000000000e+00 3.459435966792456102e-02 1.389548657664859410e-01 1.761542793157804265e-01 1.439412711384859267e-01
5.277685667698595040e-02 6.094287847392790280e-02 0.000000000000000000e+00 1.986776043287888024e-02 1.571360393581480441e-01 1.296946316290130130e-01 1.111764862931530901e-01 6.140130528202351889e-02 1.179206138157189721e-01 0.000000000000000000e+00 1.593335692128235517e-02 3.349475437049159038e-02 5.483191165830705177e-03 2.777763703882501697e-02 1.234522480637025021e-03 5.151598405977004906e-03 6.621597384621914079e-03 0.000000000000000000e+00 1.280047003258724392e-01 6.538206994461240318e-02
1.036624614597728838e-01 8.257738193986310926e-02 0.000000000000000000e+00 1.318885332701484336e-01 1.275907535544598854e-02 0.000000000000000000e+00 1.000279757710728357e-01 6.535632785425365965e-02 3.650284633983738591e-02 0.000000000000000000e+00 3.788724597151526836e-03 1.093168590290169162e-01 0.000000000000000000e+00 7.402065408567393666e-03 2.685953520445310064e-02 2.760418896558920754e-02 1.309050411529736691e-03 1.366801043029751139e-01 5.566013804400592874e-03 1.486988562859221930e-01
1.052551597310690257e-01 2.383793367282391502e-03 7.234467619989619173e-03 1.034931529815352746e-02 3.626372530097358299e-02 7.108981434099386973e-03 2.311097107091852898e-02 1.278500505874502202e-01 5.334863735016018987e-02 1.245340884966636419e-02 6.992552080997082274e-03 1.244277892706441846e-01 0.000000000000000000e+00 6.778752580518476734e-02 0.000000000000000000e+00 3.198500262949952044e-02 2.378649899025324921e-01 3.582512645444042160e-02 9.605132998996250560e-02 1.370717325697623154e-02
1.951998314079126523e-02 8.630403595688071472e-02 0.000000000000000000e+00 1.538420130731567026e-01 1.370322454618495833e-01 1.191087462800716756e-01 8.373253155865616193e-03 1.297367730949577913e-01 4.526503161847821033e-02 2.445299293421003897e-02 0.000000000000000000e+00 2.631307722230841802e-03 4.690726746206361902e-02 0.000000000000000000e+00 9.780816711819971532e-02 0.000000000000000000e+00 3.338755644141239154e-02 5.163637349298931534e-02 2.185149641050924268e-02 2.214275663633323565e-02
4.096045275655780388e-02 1.505731830983345898e-01 0.000000000000000000e+00 1.352054368364420944e-01 6.893240965160200850e-02 7.212022580228265312e-02 2.006253653178202440e-03 6.851972420006092850e-03 5.961753319121048354e-03 1.223269153433185624e-01 0.000000000000000000e+00 3.553420415096227719e-02 5.466557881701516845e-03 0.000000000000000000e+00 1.905077024177054615e-02 1.998359428050191112e-03 3.638084183811291904e-03 9.010362421147073003e-03 1.489912415404683055e-01 1.713718172712456189e-01
8.686980074044023045e-03 1.887891908413955322e-01 5.369491134294196964e-03 1.691048094777389613e-02 1.405936612547787623e-01 0.000000000000000000e+00 1.071950452572765534e-02 3.817947192655567201e-02 7.275357224292873515e-02 0.000000000000000000e+00 0.000000000000000000e+00 1.122238152552010176e-01 2.157060177913198290e-02 0.000000000000000000e+00 2.030504373452603553e-02 0.000000000000000000e+00 4.908157139606929113e-03 1.523116435987732775e-01 5.589638263784514616e-02 1.507820029074171675e-01
0.000000000000000000e+00 6.184438836493590108e-02 5.781630630493565619e-04 1.612161205127424224e-01 0.000000000000000000e+00 6.126389115825445035e-03 1.009923664884901512e-01 1.528622036167731971e-02 7.239650035537356643e-02 0.000000000000000000e+00 1.214620131813625922e-02 6.622890254091938489e-02 5.981029162834865069e-03 3.428054467347658313e-02 1.376281538492141188e-01 0.000000000000000000e+00 2.232281267104801181e-01 0.000000000000000000e+00 4.524947447473089135e-02 5.681741900811354551e-02
1.884997838330931602e-03 1.301852240262718063e-01 1.921207680617241856e-02 1.350850204667758958e-01 8.639193601299777203e-02 2.119659766842328930e-01 5.715633381640460899e-03 4.313649866049147630e-02 9.339073590499576139e-02 0.000000000000000000e+00 5.229401955753786718e-03 0.000000000000000000e+00 1.158283587319273132e-02 6.519668014803017483e-04 1.009183712546846481e-02 6.751937980641126635e-04 0.000000000000000000e+00 1.960994757886103459e-03 6.927360466806585515e-02 1.735660652381793567e-01
0.000000000000000000e+00 0.000000000000000000e+00 0.000000000000000000e+00 2.275701424352335328e-02 5.215220792481449485e-02 1.465707862437897191e-01 1.128659809295618800e-02 1.142235491278935783e-01 1.702690075803275360e-01 1.545557024225618394e-03 2.194043825350221015e-03 8.125824670334348687e-02 0.000000000000000000e+00 2.134051228540865056e-02 1.614943635340833697e-02 0.000000000000000000e+00 7.642186337376179325e-04 4.035378885235213486e-02 1.600102816748326384e-01 1.591247514340364266e-01
0.000000000000000000e+00 1.436444143546823093e-01 0.000000000000000000e+00 1.596422124372675333e-01 6.586498346222133260e-02 1.518652321858164345e-01 5.379326251335230652e-03 2.753477600317601887e-02 1.028996697046973968e-01 0.000000000000000000e+00 0.000000000000000000e+00 4.262643979468386246e-02 0.000000000000000000e+00 3.216949449046615367e-02 5.740430382875627395e-03 3.067617731135259453e-03 1.004747354724753669e-02 2.675211076139916849e-02 2.769774660376181363e-02 1.950680722892342012e-01
2.643914000438064502e-02 1.246080931716423978e-01 0.000000000000000000e+00 1.385065630299397825e-02 2.143714422062629188e-01 1.368553566188123183e-01 2.438629663094435060e-02 1.191344232546763665e-01 3.057199048971706926e-02 0.000000000000000000e+00 0.000000000000000000e+00 6.181788692215803294e-02 7.213327444423690837e-02 7.915412897001348341e-03 7.281317017378987179e-04 1.084142998384078497e-03 1.028260314585072027e-01 3.711484268255811625e-02 1.703418396128571211e-02 9.128694254700572830e-03
1.150681389834488921e-02 1.378355204266095424e-01 7.774492684337187647e-04 2.238193897412008287e-03 1.547773132771125271e-01 1.431014041951902127e-01 5.248152038709822526e-03 2.893797361539887647e-02 0.000000000000000000e+00 2.147805848678085994e-02 6.347290527416959939e-04 1.130637314503776109e-01 2.825774349856525341e-03 0.000000000000000000e+00 4.815455432743150771e-02 7.677074303755129434e-03 1.716513810277761577e-04 2.077910861904387271e-02 1.620828143798293541e-01 1.387096830319439200e-01
1.386157513352403179e-03 1.051864086917254221e-03 4.819161191076726247e-03 1.222105621828437766e-01 3.058741299270548858e-02 1.619279545464197001e-01 3.617452905974594818e-02 2.203690124908466719e-02 1.555856150157699236e-01 0.000000000000000000e+00 0.000000000000000000e+00 4.188546127748229292e-02 1.169828856749456462e-02 1.216781401496642816e-02 3.668011478143733128e-02 1.760750079460730259e-03 1.983136803995353414e-01 0.000000000000000000e+00 1.352275859647854572e-01 2.648614707692201892e-02
1.080047314554473045e-02 5.119592543254841699e-02 2.518977693226647462e-03 1.688110545009482155e-01 7.090703124062551314e-03 8.467060668943791890e-02 2.889473658672574163e-02 7.284183833569997542e-05 8.383063737633882073e-02 0.000000000000000000e+00 1.649095541065376258e-02 5.888112489147778739e-03 2.604440667058570760e-02 1.558341129096160460e-01 1.476532613948211559e-01 0.000000000000000000e+00 0.000000000000000000e+00 0.000000000000000000e+00 2.920133606371252358e-03 2.072830611316356098e-01
9.502625364460838900e-03 1.072802188149937497e-01 7.489912054461828061e-02 2.808758816914799089e-02 1.327887821470892793e-01 8.147469834856702064e-02 1.712661428560183219e-02 4.774450741161282569e-02 5.015068094546876187e-02 2.267460239528896679e-02 2.575478667520208782e-03 9.972793772183467798e-02 8.189980047293101209e-03 1.673102190155672381e-02 0.000000000000000000e+00 2.581828067304144884e-03 1.359167653101823157e-03 1.300769151835673779e-02 1.393349325429461827e-01 1.447625234532367022e-01
5.524063456105628156e-02 3.733055880903542872e-02 6.544255919576482360e-03 1.352029875849585228e-01 1.681474607563570312e-01 6.481323709103276043e-02 3.052947269438845840e-02 0.000000000000000000e+00 4.426669210651486969e-02 1.275586217663549349e-01 0.000000000000000000e+00 0.000000000000000000e+00 0.000000000000000000e+00 3.218408121335659261e-02 9.789804584785720756e-03 0.000000000000000000e+00 2.013758963512176856e-02 6.967994210775040054e-02 1.097445267233453786e-02 1.876002084973759920e-01
0.000000000000000000e+00 1.551595115723190255e-01 2.099782438690893371e-02 1.000496758205213776e-01 1.387041333975777002e-01 6.137320952146966234e-03 1.635558583638233726e-02 2.698169291942697709e-03 5.390771408763018156e-03 0.000000000000000000e+00 0.000000000000000000e+00 5.795793990569657328e-02 3.895156885799171825e-02 1.279331790777460953e-01 3.770168956162676249e-02 0.000000000000000000e+00 4.342098633505377114e-02 0.000000000000000000e+00 6.875725678487860926e-02 1.797843868104443688e-01
6.642315863208959892e-02 1.081563159019249404e-01 2.738340631015407593e-03 7.410396234242003048e-03 3.302504484686342220e-03 2.170497769196466642e-02 1.164473625856860504e-02 6.077772624277332641e-02 1.734686182317908478e-04 3.716229273970538677e-03 0.000000000000000000e+00 1.150258764580909532e-01 1.406131481894008217e-01 2.001344820754643802e-02 1.318906489105777513e-01 6.436882227773727504e-03 0.000000000000000000e+00 1.191181626230832652e-01 3.351254787213169689e-02 1.473414315419279974e-01
1.189573628054429594e-01 1.013320042683511502e-01 2.447558098305847255e-03 2.960419574408273621e-02 1.450451987148160260e-01 1.428089590955172183e-01 0.000000000000000000e+00 1.181578497140066963e-01 1.612327008584429205e-02 0.000000000000000000e+00 0.000000000000000000e+00 1.166197214347028388e-01 4.048135575360276017e-02 3.197232906245432368e-03 4.682283595509927586e-03 0.000000000000000000e+00 6.196054715172388642e-03 3.465098016007366055e-02 0.000000000000000000e+00 1.196959729083260510e-01
3.607176769656188740e-03 1.319292721700154325e-01 0.000000000000000000e+00 6.741354531599874113e-03 1.435693846377723293e-01 2.316239537710421126e-02 0.000000000000000000e+00 1.817945819460338452e-01 0.000000000000000000e+00 4.943748623824577478e-03 0.000000000000000000e+00 1.621628932782476218e-01 0.000000000000000000e+00 0.000000000000000000e+00 7.124347512541200729e-04 0.000000000000000000e+00 2.778003798893236963e-03 3.729315287925002304e-02 1.646784346395783194e-01 1.366271665967701554e-01
7.570966860689706292e-03 1.376025852877270916e-01 3.492422108646529508e-03 6.715569960759526502e-02 1.356904604500512417e-02 1.581133641833541437e-01 6.726029801648762685e-02 1.626089426647353911e-02 5.414964657637216100e-02 6.308698231203592466e-03 2.316020499609027124e-03 7.118015981049201357e-02 1.503136470946189740e-01 0.000000000000000000e+00 2.183318758506680099e-02 0.000000000000000000e+00 1.246571135008509301e-01 2.129198851975683607e-02 2.575224210940745342e-02 5.117201969664304101e-02
0.000000000000000000e+00 5.790995008670569988e-02 6.325736651410611422e-03 1.068682858720519241e-01 1.463835489614662977e-01 9.133968828212010727e-02 1.009639556564557727e-01 3.097184912128738560e-02 2.863846182813528998e-02 0.000000000000000000e+00 0.000000000000000000e+00 4.891691961335434963e-02 4.797042290134070908e-03 1.105502183674441780e-01 5.972220375196796854e-02 1.957251751916049345e-02 3.082883906733994983e-02 3.122946138644730821e-03 1.150297639167642272e-01 3.805807287555693780e-02
5.932668723557649876e-03 5.643799268871967090e-02 2.236183013475320780e-03 4.465593298129835742e-02 4.746276222372560610e-02 1.959232769788436454e-02 4.370345504001275916e-02 1.050570993606348980e-01 8.198798879073129764e-02 0.000000000000000000e+00 0.000000000000000000e+00 1.707824797240595140e-04 8.293265435625611637e-02 4.016473754868282731e-02 1.313626651326290640e-01 0.000000000000000000e+00 1.469881491813258279e-01 1.620452558083894379e-01 2.147719987363530536e-02 7.792145099317377560e-03
1.892729631732748830e-01 1.625040043854323463e-02 5.309284136715680495e-03 2.629725506197524987e-02 1.814191180904608375e-02 4.635123065931807257e-02 3.800480773659533490e-02 7.636639743935319524e-02 1.708215195753482463e-01 6.059497561669631438e-02 2.448742602018200328e-03 0.000000000000000000e+00 2.142005987207955351e-03 4.856042833392769376e-02 1.343187153415749055e-02 1.082770761565781358e-02 8.998385241966405657e-02 0.000000000000000000e+00 2.579097949057748002e-02 1.594036663699230361e-01
9.855510097559243288e-03 3.906016409427530423e-02 1.155811233288525815e-02 1.072529055845854312e-01 1.159733531540145524e-01 1.277766368572028910e-01 0.000000000000000000e+00 3.131081843528144004e-02 1.214453131765290406e-02 0.000000000000000000e+00 0.000000000000000000e+00 6.874073746466884127e-02 1.472856132808803564e-01 2.534732706765055379e-03 1.396554595952419764e-01 1.944591047609905022e-03 1.595408218847829337e-02 0.000000000000000000e+00 2.040801758657660031e-02 1.485447342563220863e-01
1.079900079921733147e-01 1.650069551308999960e-01 1.461691683098606748e-03 2.905346948577797184e-02 3.623806252190962590e-04 1.040182582285950064e-01 9.501948335417559691e-03 1.475707029624317122e-02 6.970459016995929347e-02 8.547445271989895232e-02 0.000000000000000000e+00 0.000000000000000000e+00 1.205555261619845886e-01 4.249133316785162068e-02 6.455766715281534285e-02 0.000000000000000000e+00 1.436000853611465733e-01 2.698020978826368241e-03 2.742125088643714535e-03 3.602441742144875392e-02
0.000000000000000000e+00 4.692672938325508775e-02 1.201623308531416965e-03 1.119479193718188187e-01 1.014813391235359907e-01 1.368891321003719297e-01 1.209730810170385994e-02 3.427572996293724861e-02 7.761501700278503058e-02 1.634753291514155077e-02 3.179146213226521391e-03 3.763987284919479565e-02 1.526621700549211369e-01 0.000000000000000000e+00 1.426957373184782260e-02 3.922739290412847156e-03 8.757376923559934134e-04 1.964107014471477061e-03 1.292962559374106479e-01 1.174080659460778470e-01
