1.046503531923310554e-01 1.416891902672740185e-02 5.268325198865476261e-02 0.000000000000000000e+00 1.543779116020436715e-01 0.000000000000000000e+00 0.000000000000000000e+00 0.000000000000000000e+00 0.000000000000000000e+00 1.152589887232171179e-01 4.272803240787728662e-02 1.497428996002528878e-01 0.000000000000000000e+00 0.000000000000000000e+00 2.477580700016644710e-02 3.379552682626759536e-02 0.000000000000000000e+00 9.625261298029697682e-03 0.000000000000000000e+00 0.000000000000000000e+00 0.000000000000000000e+00 1.074288322980447158e-01 0.000000000000000000e+00 2.023051377811919266e-02 1.705337022582681661e-01
0.000000000000000000e+00 0.000000000000000000e+00 0.000000000000000000e+00 1.354670662224431200e-02 1.465350550838570021e-01 1.666357955803305507e-02 1.396714535541956383e-02 7.906831178696573093e-02 0.000000000000000000e+00 7.004285502093973888e-03 0.000000000000000000e+00 0.000000000000000000e+00 0.000000000000000000e+00 0.000000000000000000e+00 2.440456054356407445e-01 1.304695414579625234e-01 6.655881621079889898e-02 0.000000000000000000e+00 0.000000000000000000e+00 0.000000000000000000e+00 0.000000000000000000e+00 0.000000000000000000e+00 0.000000000000000000e+00 1.970782183692058598e-01 8.506273461777832945e-02
5.562936704614107608e-03 0.000000000000000000e+00 0.000000000000000000e+00 0.000000000000000000e+00 6.954110816718123145e-02 1.465440944590924999e-01 1.487712442509361681e-02 7.232011289491699704e-03 0.000000000000000000e+00 1.994094605105974777e-02 8.463289483232772081e-02 0.000000000000000000e+00 2.762030420939298736e-02 4.828607920646339931e-03 3.334754420813105802e-01 1.335681722388321058e-01 1.845421634691071441e-02 0.000000000000000000e+00 0.000000000000000000e+00 0.000000000000000000e+00 0.000000000000000000e+00 0.000000000000000000e+00 6.381310274814387673e-02 4.419362360349531060e-02 2.571541492240730920e-02
0.000000000000000000e+00 2.908229968718474903e-02 0.000000000000000000e+00 0.000000000000000000e+00 0.000000000000000000e+00 0.000000000000000000e+00 0.000000000000000000e+00 1.423228556743579842e-01 2.748656279559028026e-02 5.136830641155611110e-02 0.000000000000000000e+00 0.000000000000000000e+00 0.000000000000000000e+00 0.000000000000000000e+00 1.330849478745209646e-01 0.000000000000000000e+00 0.000000000000000000e+00 1.315743601735682167e-01 8.313789518361382191e-02 9.580676594023671000e-02 0.000000000000000000e+00 0.000000000000000000e+00 2.916295300156324447e-02 1.567143315488983280e-01 1.202587217089095550e-01
7.211831296598163188e-02 2.440362576967671730e-03 0.000000000000000000e+00 0.000000000000000000e+00 0.000000000000000000e+00 0.000000000000000000e+00 1.882089356009043479e-01 0.000000000000000000e+00 0.000000000000000000e+00 0.000000000000000000e+00 0.000000000000000000e+00 4.257245910563214192e-02 0.000000000000000000e+00 1.706767351900848398e-02 2.997127508748441693e-01 0.000000000000000000e+00 0.000000000000000000e+00 1.267509124898949339e-02 1.615251279204532944e-02 1.822540829605041879e-02 9.832459292912279492e-02 0.000000000000000000e+00 4.280172337237090480e-02 1.887183822690119139e-01 9.817944490707127166e-04
0.000000000000000000e+00 1.273661247355749870e-01 1.353377992576547395e-01 1.402256678283647640e-01 0.000000000000000000e+00 0.000000000000000000e+00 6.917467019639888734e-03 1.742156588264348049e-01 0.000000000000000000e+00 0.000000000000000000e+00 3.382111209802802360e-02 2.622561368682705535e-02 0.000000000000000000e+00 0.000000000000000000e+00 3.306801445527381752e-03 0.000000000000000000e+00 0.000000000000000000e+00 1.071476214921054798e-01 0.000000000000000000e+00 0.000000000000000000e+00 0.000000000000000000e+00 8.071315354558328270e-02 4.449330145720237217e-02 0.000000000000000000e+00 1.202296786070572859e-01
1.238150700721148308e-02 0.000000000000000000e+00 0.000000000000000000e+00 0.000000000000000000e+00 1.433442897694228724e-01 6.766342393962488343e-03 5.232055101141202397e-02 1.734603496009998885e-02 0.000000000000000000e+00 1.526798909808052464e-03 0.000000000000000000e+00 0.000000000000000000e+00 0.000000000000000000e+00 0.000000000000000000e+00 2.184589712662328154e-01 4.339401567111186679e-03 7.935162083902744246e-02 0.000000000000000000e+00 2.006576931917589124e-01 0.000000000000000000e+00 0.000000000000000000e+00 0.000000000000000000e+00 1.141119463604790413e-01 0.000000000000000000e+00 1.493948427234737808e-01
0.000000000000000000e+00 1.407835758288166483e-01 4.993962031772286592e-02 7.817083769849760000e-02 0.000000000000000000e+00 0.000000000000000000e+00 0.000000000000000000e+00 0.000000000000000000e+00 0.000000000000000000e+00 1.189312683909888729e-01 0.000000000000000000e+00 1.108152853241655272e-01 1.014471135258614293e-01 0.000000000000000000e+00 1.537873035889420203e-01 1.316886896238126936e-01 5.282998646871435444e-03 0.000000000000000000e+00 4.537444152196053876e-02 0.000000000000000000e+00 0.000000000000000000e+00 0.000000000000000000e+00 5.495945353825049465e-03 3.128437608205472675e-02 2.699854409648065265e-02
3.787653318294680743e-04 9.347513866239279962e-03 1.356148431991638370e-02 0.000000000000000000e+00 1.974785975346234346e-01 5.671341643337167449e-02 1.383309724269638219e-01 3.555105851249336368e-02 1.309097102992935573e-02 8.283023559978966444e-02 0.000000000000000000e+00 9.247668571580935698e-04 2.950117521051880826e-02 0.000000000000000000e+00 1.926995879819380364e-01 0.000000000000000000e+00 0.000000000000000000e+00 4.725299302338273333e-02 0.000000000000000000e+00 0.000000000000000000e+00 5.085359110515316750e-03 0.000000000000000000e+00 0.000000000000000000e+00 1.554648978722172059e-01 2.178820488911326764e-02
0.000000000000000000e+00 0.000000000000000000e+00 0.000000000000000000e+00 1.854580590093281023e-01 0.000000000000000000e+00 0.000000000000000000e+00 1.498507560209823841e-01 6.237507981420117864e-02 0.000000000000000000e+00 3.083999470712455587e-03 0.000000000000000000e+00 0.000000000000000000e+00 0.000000000000000000e+00 0.000000000000000000e+00 3.664174735849987652e-01 0.000000000000000000e+00 0.000000000000000000e+00 0.000000000000000000e+00 0.000000000000000000e+00 0.000000000000000000e+00 0.000000000000000000e+00 0.000000000000000000e+00 0.000000000000000000e+00 0.000000000000000000e+00 2.328146320997769858e-01
0.000000000000000000e+00 0.000000000000000000e+00 0.000000000000000000e+00 6.582979358416077287e-02 2.225079219639055847e-02 0.000000000000000000e+00 2.941888843754032756e-02 1.881520840399835692e-01 7.345666423355663721e-03 1.612720247015769076e-02 0.000000000000000000e+00 1.447900331162680909e-01 1.325200600740654155e-01 0.000000000000000000e+00 4.131790367079029441e-02 0.000000000000000000e+00 4.201867953794125900e-03 0.000000000000000000e+00 7.611231032054498191e-02 0.000000000000000000e+00 0.000000000000000000e+00 2.205318617732952846e-03 1.061872470205052904e-01 0.000000000000000000e+00 1.635408320747101518e-01
0.000000000000000000e+00 0.000000000000000000e+00 1.082470847162216587e-01 6.589750776407558852e-02 1.342413748492878034e-01 0.000000000000000000e+00 2.867069468383444310e-03 1.638361614188089399e-01 0.000000000000000000e+00 0.000000000000000000e+00 0.000000000000000000e+00 1.225879166889099897e-01 0.000000000000000000e+00 5.583631998461016481e-03 0.000000000000000000e+00 3.159803226917199531e-02 8.084708277584010810e-03 0.000000000000000000e+00 1.477750721534981659e-01 9.061390780992585603e-02 0.000000000000000000e+00 7.337979285678804080e-03 0.000000000000000000e+00 0.000000000000000000e+00 1.113295532999927367e-01
8.977057864218529470e-02 1.435646165667880669e-01 0.000000000000000000e+00 0.000000000000000000e+00 1.334214679836299641e-02 7.904893476757360316e-02 0.000000000000000000e+00 0.000000000000000000e+00 0.000000000000000000e+00 1.176115406947949860e-01 0.000000000000000000e+00 1.596173237259046473e-01 0.000000000000000000e+00 0.000000000000000000e+00 0.000000000000000000e+00 3.570159980457968119e-02 0.000000000000000000e+00 0.000000000000000000e+00 1.667921494399461080e-01 0.000000000000000000e+00 0.000000000000000000e+00 7.619157783260650796e-02 1.877824946618260327e-02 0.000000000000000000e+00 9.958128226107557102e-02
0.000000000000000000e+00 2.488515901606652425e-01 0.000000000000000000e+00 3.156174969805620317e-02 2.438977315002874291e-02 0.000000000000000000e+00 0.000000000000000000e+00 0.000000000000000000e+00 0.000000000000000000e+00 3.181481581913925966e-02 0.000000000000000000e+00 1.323027259929790145e-01 0.000000000000000000e+00 0.000000000000000000e+00 1.828437041004052910e-01 9.298556193424009630e-02 0.000000000000000000e+00 0.000000000000000000e+00 1.328091134903016182e-02 0.000000000000000000e+00 9.544095399026846990e-03 0.000000000000000000e+00 3.835356986841841759e-02 0.000000000000000000e+00 1.940715025280106976e-01
0.000000000000000000e+00 0.000000000000000000e+00 1.375377202726759951e-01 3.202399829772365272e-03 5.305184221354996427e-02 0.000000000000000000e+00 8.569765623423999945e-03 2.316456303365435968e-02 0.000000000000000000e+00 1.367309006442146875e-02 0.000000000000000000e+00 1.324784038788356377e-01 1.639952590079239159e-01 0.000000000000000000e+00 3.034527968757166471e-03 0.000000000000000000e+00 3.775460905312784388e-02 4.244953028422120134e-02 1.334707974342143506e-03 9.779840318351065709e-02 0.000000000000000000e+00 1.189944893834448542e-02 0.000000000000000000e+00 1.751844059960316058e-01 9.487132267740733260e-02
0.000000000000000000e+00 0.000000000000000000e+00 7.747709779660525570e-03 1.148120796319537923e-01 1.259313697861757231e-01 0.000000000000000000e+00 0.000000000000000000e+00 2.078428951941014083e-02 3.265268483524941256e-02 0.000000000000000000e+00 0.000000000000000000e+00 1.569331089495345777e-01 0.000000000000000000e+00 0.000000000000000000e+00 1.979917427971183419e-01 0.000000000000000000e+00 0.000000000000000000e+00 0.000000000000000000e+00 0.000000000000000000e+00 0.000000000000000000e+00 0.000000000000000000e+00 0.000000000000000000e+00 5.418520596944039619e-02 1.565898134527093644e-01 1.323719952787477394e-01
8.447813871273806771e-03 0.000000000000000000e+00 1.403221902072829264e-01 1.710051528354382400e-01 3.712103132297821934e-02 1.985404697285201789e-02 0.000000000000000000e+00 1.668131092424075534e-01 0.000000000000000000e+00 6.957391371815707659e-02 0.000000000000000000e+00 0.000000000000000000e+00 6.034979240440818682e-02 1.712612890737049559e-02 5.903042219610422914e-02 0.000000000000000000e+00 0.000000000000000000e+00 4.752849379486407538e-02 1.526705037493781003e-01 4.083343157416403912e-02 0.000000000000000000e+00 0.000000000000000000e+00 9.323969203320951749e-03 0.000000000000000000e+00 0.000000000000000000e+00
1.407774325783145708e-01 0.000000000000000000e+00 8.419166157990892740e-02 1.263961935694700722e-01 3.967338994066341162e-02 1.625312131213039676e-02 5.380935282004277453e-02 1.541032306711899169e-01 0.000000000000000000e+00 0.000000000000000000e+00 0.000000000000000000e+00 8.011015460153581014e-02 5.284033251549739157e-02 0.000000000000000000e+00 7.244666171097929874e-02 0.000000000000000000e+00 0.000000000000000000e+00 0.000000000000000000e+00 1.516326324557807637e-01 0.000000000000000000e+00 1.467848156240181626e-02 1.590685028765295370e-03 0.000000000000000000e+00 0.000000000000000000e+00 1.149666965331961124e-02
0.000000000000000000e+00 1.897764062403475283e-01 1.744532129963230829e-02 0.000000000000000000e+00 9.077956376249039783e-02 0.000000000000000000e+00 1.176025967686256113e-01 1.502188319195899013e-01 0.000000000000000000e+00 0.000000000000000000e+00 0.000000000000000000e+00 0.000000000000000000e+00 0.000000000000000000e+00 0.000000000000000000e+00 6.998286404700075625e-02 1.115940362410041825e-01 0.000000000000000000e+00 0.000000000000000000e+00 0.000000000000000000e+00 3.314646309854379913e-02 2.210944374446931204e-02 8.838256090781676511e-03 9.962919950567875049e-03 0.000000000000000000e+00 1.785432968369465856e-01
0.000000000000000000e+00 0.000000000000000000e+00 8.373904096243769968e-02 0.000000000000000000e+00 1.331552430889727245e-01 0.000000000000000000e+00 0.000000000000000000e+00 0.000000000000000000e+00 1.841100774850398390e-04 1.193340482116083123e-01 0.000000000000000000e+00 1.266550440650472398e-01 3.379657782769449753e-02 0.000000000000000000e+00 2.350681479960148035e-01 4.947578606217831187e-02 0.000000000000000000e+00 0.000000000000000000e+00 0.000000000000000000e+00 0.000000000000000000e+00 0.000000000000000000e+00 0.000000000000000000e+00 2.533895032596779427e-03 0.000000000000000000e+00 2.160581066759647562e-01
1.512465844345372255e-02 0.000000000000000000e+00 3.599211605232133238e-02 4.979128744138577346e-03 1.573643224568627985e-01 2.395813255094889072e-01 0.000000000000000000e+00 0.000000000000000000e+00 0.000000000000000000e+00 4.295394626714930247e-02 0.000000000000000000e+00 5.195874023268946817e-02 1.503835409716020900e-02 0.000000000000000000e+00 1.817835367353923814e-01 0.000000000000000000e+00 8.598470405196973615e-03 8.161663398973982575e-02 2.115225099642142198e-02 1.535251018239603381e-02 0.000000000000000000e+00 1.295302702917489751e-02 1.070172494318878259e-01 0.000000000000000000e+00 8.533729426526307643e-03
1.615288924197207099e-02 8.902047998547850697e-04 3.989674303578886333e-02 6.064448206515623239e-03 1.394838744273811104e-01 0.000000000000000000e+00 3.321594123111883817e-02 0.000000000000000000e+00 0.000000000000000000e+00 1.209269993942511112e-01 4.061766264527674752e-02 7.871901805258370299e-02 1.833186662409246048e-02 0.000000000000000000e+00 3.215629452488409923e-01 0.000000000000000000e+00 4.186445627519563839e-02 0.000000000000000000e+00 0.000000000000000000e+00 0.000000000000000000e+00 0.000000000000000000e+00 0.000000000000000000e+00 8.976235454029050931e-02 3.244847166020464052e-02 2.006212461663302651e-02
0.000000000000000000e+00 0.000000000000000000e+00 7.068299086580506763e-02 0.000000000000000000e+00 1.680180435610896875e-02 0.000000000000000000e+00 3.653940815069488257e-02 0.000000000000000000e+00 4.257086027694934223e-03 0.000000000000000000e+00 0.000000000000000000e+00 1.656328599359428999e-01 0.000000000000000000e+00 1.432789992199443897e-02 1.749474439330206132e-01 0.000000000000000000e+00 1.265882977288622022e-02 1.351528301154752698e-01 1.503401486994038194e-01 0.000000000000000000e+00 3.743707155142512316e-02 6.204227833894657151e-02 1.191793483306012175e-01 0.000000000000000000e+00 0.000000000000000000e+00
0.000000000000000000e+00 2.343010409031830998e-01 0.000000000000000000e+00 1.878496578958731011e-01 0.000000000000000000e+00 5.164082606732394755e-03 0.000000000000000000e+00 1.433671987593327646e-01 0.000000000000000000e+00 2.629322306847273194e-02 0.000000000000000000e+00 0.000000000000000000e+00 0.000000000000000000e+00 0.000000000000000000e+00 4.473632143350728119e-02 0.000000000000000000e+00 0.000000000000000000e+00 3.013880022688123286e-02 1.511195627822876641e-01 1.056201509634373085e-02 0.000000000000000000e+00 0.000000000000000000e+00 0.000000000000000000e+00 5.878636798476778030e-02 1.076817292426180267e-01
0.000000000000000000e+00 6.323754476448012474e-02 0.000000000000000000e+00 0.000000000000000000e+00 0.000000000000000000e+00 0.000000000000000000e+00 0.000000000000000000e+00 0.000000000000000000e+00 0.000000000000000000e+00 0.000000000000000000e+00 0.000000000000000000e+00 1.241052528849060782e-01 0.000000000000000000e+00 0.000000000000000000e+00 2.558561936204470921e-01 0.000000000000000000e+00 9.233468116122325875e-02 0.000000000000000000e+00 0.000000000000000000e+00 1.765364384125358427e-02 0.000000000000000000e+00 1.038296413238589538e-01 1.429262547661814542e-01 0.000000000000000000e+00 2.000567876376493359e-01
0.000000000000000000e+00 1.406944408659457357e-01 3.281433390817904347e-03 1.242189048101584835e-02 0.000000000000000000e+00 0.000000000000000000e+00 0.000000000000000000e+00 0.000000000000000000e+00 0.000000000000000000e+00 0.000000000000000000e+00 1.497023632259404935e-01 1.658673491614922058e-01 0.000000000000000000e+00 6.976024431476350249e-03 0.000000000000000000e+00 2.109646739606084176e-01 1.578161757884795737e-03 2.614376704332724288e-02 5.150074954062275508e-03 0.000000000000000000e+00 0.000000000000000000e+00 0.000000000000000000e+00 1.801089589350658715e-02 2.117796620456180445e-01 4.742926278830401909e-02
0.000000000000000000e+00 1.716569586233925304e-01 0.000000000000000000e+00 3.568086824120275669e-02 2.081823461360116784e-02 0.000000000000000000e+00 1.453486426980199753e-01 1.398402421607557733e-01 0.000000000000000000e+00 7.056783009603029289e-02 0.000000000000000000e+00 1.249778238886331549e-01 8.830111311419050132e-03 0.000000000000000000e+00 6.443161376188338840e-02 0.000000000000000000e+00 5.391785320956302835e-02 0.000000000000000000e+00 0.000000000000000000e+00 0.000000000000000000e+00 0.000000000000000000e+00 0.000000000000000000e+00 0.000000000000000000e+00 1.639298213954988870e-01 0.000000000000000000e+00
5.118833403424687817e-02 1.103312304765638116e-02 0.000000000000000000e+00 0.000000000000000000e+00 1.554754025862679356e-01 0.000000000000000000e+00 8.721517715931645376e-02 0.000000000000000000e+00 0.000000000000000000e+00 4.293228195321136670e-02 0.000000000000000000e+00 0.000000000000000000e+00 1.316404955793198071e-02 0.000000000000000000e+00 2.635355292918655223e-01 3.456614068707495203e-03 0.000000000000000000e+00 2.293882006904136503e-02 0.000000000000000000e+00 0.000000000000000000e+00 0.000000000000000000e+00 1.795649590645500074e-02 1.535392289424231116e-01 8.458189780195250057e-03 1.691067536026812923e-01
3.839459496790761928e-02 0.000000000000000000e+00 2.472016674501031908e-02 1.685507155494046505e-01 1.405804114035410224e-01 0.000000000000000000e+00 0.000000000000000000e+00 1.406180160163406079e-01 0.000000000000000000e+00 0.000000000000000000e+00 0.000000000000000000e+00 6.728923980435604080e-02 0.000000000000000000e+00 0.000000000000000000e+00 3.668243106229593375e-02 2.695149761242650668e-02 0.000000000000000000e+00 0.000000000000000000e+00 1.534722691755086368e-02 0.000000000000000000e+00 0.000000000000000000e+00 1.099187668984962507e-01 7.200301304502226829e-02 1.589439199776478961e-01 0.000000000000000000e+00
0.000000000000000000e+00 0.000000000000000000e+00 0.000000000000000000e+00 1.823855935001592876e-01 2.934592379655325683e-02 0.000000000000000000e+00 0.000000000000000000e+00 0.000000000000000000e+00 0.000000000000000000e+00 0.000000000000000000e+00 0.000000000000000000e+00 0.000000000000000000e+00 0.000000000000000000e+00 0.000000000000000000e+00 2.794370878408182213e-01 0.000000000000000000e+00 0.000000000000000000e+00 1.267971223299427797e-01 0.000000000000000000e+00 1.077730060344849958e-02 0.000000000000000000e+00 0.000000000000000000e+00 0.000000000000000000e+00 1.613717753951093847e-01 2.098851965339685877e-01
0.000000000000000000e+00 1.567965782717123391e-02 0.000000000000000000e+00 4.372197325065056012e-02 5.358146994638556676e-02 0.000000000000000000e+00 1.675024991289943421e-01 0.000000000000000000e+00 0.000000000000000000e+00 0.000000000000000000e+00 0.000000000000000000e+00 0.000000000000000000e+00 0.000000000000000000e+00 1.472532161532910146e-02 4.669425121614920737e-01 0.000000000000000000e+00 0.000000000000000000e+00 0.000000000000000000e+00 1.743030549891445569e-01 0.000000000000000000e+00 0.000000000000000000e+00 2.382024740411121250e-02 0.000000000000000000e+00 0.000000000000000000e+00 3.972326367672131958e-02
0.000000000000000000e+00 0.000000000000000000e+00 0.000000000000000000e+00 1.283945030536145504e-01 0.000000000000000000e+00 0.000000000000000000e+00 1.023460435467247846e-02 1.501163777274934497e-01 0.000000000000000000e+00 6.548159004561401875e-02 0.000000000000000000e+00 1.388197968256585021e-02 0.000000000000000000e+00 0.000000000000000000e+00 1.065808187161333409e-01 1.155290260844115124e-01 0.000000000000000000e+00 0.000000000000000000e+00 0.000000000000000000e+00 0.000000000000000000e+00 0.000000000000000000e+00 9.042271707251693658e-02 1.744549165813454386e-02 2.216866835298698102e-01 8.022620807497357620e-02
0.000000000000000000e+00 0.000000000000000000e+00 0.000000000000000000e+00 0.000000000000000000e+00 0.000000000000000000e+00 0.000000000000000000e+00 0.000000000000000000e+00 0.000000000000000000e+00 0.000000000000000000e+00 0.000000000000000000e+00 0.000000000000000000e+00 0.000000000000000000e+00 0.000000000000000000e+00 0.000000000000000000e+00 3.802173097464136009e-01 0.000000000000000000e+00 0.000000000000000000e+00 1.294418259698630613e-01 2.458645691032284447e-02 0.000000000000000000e+00 0.000000000000000000e+00 2.868800793659449441e-02 0.000000000000000000e+00 1.032567029160830901e-01 3.338096965207229538e-01
0.000000000000000000e+00 0.000000000000000000e+00 0.000000000000000000e+00 1.768405151797405317e-01 6.353230129008094473e-02 0.000000000000000000e+00 0.000000000000000000e+00 0.000000000000000000e+00 0.000000000000000000e+00 1.162698149388869534e-03 0.000000000000000000e+00 2.379319760165267417e-02 0.000000000000000000e+00 0.000000000000000000e+00 2.949420805817162816e-01 6.280601968812761504e-02 0.000000000000000000e+00 1.420440901502681985e-01 0.000000000000000000e+00 3.538548000124405735e-02 0.000000000000000000e+00 0.000000000000000000e+00 1.666716334255569087e-02 1.828264540152251261e-01 0.000000000000000000e+00
0.000000000000000000e+00 2.666352660704332522e-01 1.289408086793216446e-01 0.000000000000000000e+00 9.643420011264169922e-03 0.000000000000000000e+00 1.145538116250239963e-01 4.111239227139958097e-02 0.000000000000000000e+00 1.227523435715491794e-03 0.000000000000000000e+00 0.000000000000000000e+00 0.000000000000000000e+00 0.000000000000000000e+00 2.211483465002085369e-01 0.000000000000000000e+00 0.000000000000000000e+00 0.000000000000000000e+00 0.000000000000000000e+00 0.000000000000000000e+00 0.000000000000000000e+00 0.000000000000000000e+00 0.000000000000000000e+00 2.406967219507693406e-02 1.926687592115562953e-01
0.000000000000000000e+00 1.351394745431145836e-02 0.000000000000000000e+00 6.584810393058637690e-03 1.433878783963242198e-01 3.329214117126994693e-02 3.543109194785591426e-04 0.000000000000000000e+00 0.000000000000000000e+00 0.000000000000000000e+00 4.115056782863816404e-02 3.831151745225967742e-02 0.000000000000000000e+00 0.000000000000000000e+00 1.794526271732047318e-01 1.411932163802869789e-01 0.000000000000000000e+00 8.031476047409447094e-02 4.268604629503791603e-03 4.938931411095489818e-03 0.000000000000000000e+00 0.000000000000000000e+00 1.783083417713926533e-02 0.000000000000000000e+00 2.954058521393346237e-01
6.303904277413918678e-02 0.000000000000000000e+00 0.000000000000000000e+00 8.038990341768596781e-02 1.482705001422152113e-01 0.000000000000000000e+00 0.000000000000000000e+00 1.124875813668073932e-01 0.000000000000000000e+00 0.000000000000000000e+00 0.000000000000000000e+00 0.000000000000000000e+00 4.543270710731955354e-03 0.000000000000000000e+00 2.333172132954631495e-01 0.000000000000000000e+00 0.000000000000000000e+00 0.000000000000000000e+00 0.000000000000000000e+00 0.000000000000000000e+00 0.000000000000000000e+00 0.000000000000000000e+00 7.558103339007786470e-02 1.568663345654440211e-01 1.255051203374352164e-01
0.000000000000000000e+00 6.132156508986066901e-02 0.000000000000000000e+00 0.000000000000000000e+00 0.000000000000000000e+00 2.215163248485887710e-03 1.967928821056617872e-02 0.000000000000000000e+00 0.000000000000000000e+00 9.307587720502859263e-02 0.000000000000000000e+00 2.793401302144725082e-02 0.000000000000000000e+00 0.000000000000000000e+00 2.218528490192607505e-01 0.000000000000000000e+00 0.000000000000000000e+00 7.434675606994911590e-02 2.839588952980612660e-02 0.000000000000000000e+00 0.000000000000000000e+00 1.174693605057362256e-01 1.647273158497491730e-01 0.000000000000000000e+00 1.889819222501099294e-01
0.000000000000000000e+00 0.000000000000000000e+00 1.172413310796941999e-01 0.000000000000000000e+00 1.857534308438380521e-01 2.930962703795414372e-03 8.299604972611608622e-02 0.000000000000000000e+00 0.000000000000000000e+00 0.000000000000000000e+00 6.780290503571144434e-02 6.826146717935283048e-02 1.035532723172440280e-02 0.000000000000000000e+00 2.124185371709009368e-02 0.000000000000000000e+00 1.132741735152220375e-01 0.000000000000000000e+00 2.678122376483815792e-02 0.000000000000000000e+00 0.000000000000000000e+00 0.000000000000000000e+00 0.000000000000000000e+00 8.715575734047180390e-03 2.946456994685701658e-01
2.033055846219768148e-02 1.131600659758384281e-01 9.645398707427891780e-03 2.579542608095619985e-02 0.000000000000000000e+00 0.000000000000000000e+00 1.233280273059684101e-01 0.000000000000000000e+00 1.780083062402787117e-02 0.000000000000000000e+00 0.000000000000000000e+00 4.831584307041408843e-02 1.640297990235080675e-02 9.653940814163258777e-02 5.894219662070691867e-02 0.000000000000000000e+00 4.548291724965708438e-03 1.362444341868797315e-01 1.593853211607547948e-01 3.571384682072489998e-03 0.000000000000000000e+00 0.000000000000000000e+00 6.782127148602368205e-02 0.000000000000000000e+00 9.816856186778277760e-02
