1.158500143548422262e-02 9.775768077287737279e-02 0.000000000000000000e+00 1.242353280917734698e-01 3.017438011905945738e-03 1.130356241563832201e-02 0.000000000000000000e+00 0.000000000000000000e+00 1.990924012189654313e-02 0.000000000000000000e+00 1.048875571753463999e-02 2.006021110151988140e-01 0.000000000000000000e+00 0.000000000000000000e+00 1.583824728501163903e-02 0.000000000000000000e+00 7.286970730420273823e-02 2.029566870813170054e-01 1.692453747386232776e-01 6.019086600853582741e-02
1.478470371929286320e-01 6.011166303440285130e-03 9.879406558374348793e-03 7.050651314295576511e-02 0.000000000000000000e+00 1.297962731416449911e-01 0.000000000000000000e+00 1.167664933336736710e-01 0.000000000000000000e+00 4.116907233757862578e-02 3.889054228812328234e-02 1.370728302810219623e-01 0.000000000000000000e+00 7.231122402170123142e-03 7.211617756930610015e-04 0.000000000000000000e+00 1.033208035693772980e-02 6.789411361695782236e-03 5.312543193337693898e-02 2.238614575903850046e-01
0.000000000000000000e+00 0.000000000000000000e+00 3.438927813376590342e-02 2.544059716764226001e-02 1.520918052219614180e-01 1.330862780135388668e-01 1.714759817694690158e-02 1.920485170122319257e-02 0.000000000000000000e+00 2.145453763378407999e-02 0.000000000000000000e+00 1.098698401649859241e-01 3.789440717684669502e-02 1.060494258631548975e-01 1.764689237765710390e-03 0.000000000000000000e+00 0.000000000000000000e+00 9.658232550920718001e-03 2.121246103500590841e-01 1.198238486074044568e-01
0.000000000000000000e+00 4.676708065560715444e-02 1.464667588375197747e-03 1.766853961416482155e-01 2.123744957046203898e-03 1.167781239449576514e-02 1.574282822306697152e-02 3.999839882401060726e-02 1.187586970193780928e-01 2.261188903479054504e-02 5.287313666603757345e-02 4.251188597118852469e-02 6.471020295750179452e-02 1.109663978190830319e-01 7.958919449560959702e-03 0.000000000000000000e+00 0.000000000000000000e+00 4.158278958028700789e-02 2.354047484140890378e-01 8.161404303833460702e-03
0.000000000000000000e+00 0.000000000000000000e+00 3.372021061515043105e-02 2.788747089226166764e-01 2.641269568848205948e-02 0.000000000000000000e+00 0.000000000000000000e+00 1.428760534486578360e-01 0.000000000000000000e+00 5.984170712332446095e-03 3.149414937028171407e-02 1.636838881521778810e-01 0.000000000000000000e+00 4.642156752880872810e-03 4.831087084288907853e-03 0.000000000000000000e+00 0.000000000000000000e+00 1.551986883591500999e-01 0.000000000000000000e+00 1.522821908939810676e-01
1.349191393379801096e-01 1.404698063690531240e-01 3.028534822542088348e-02 1.035912954482802462e-01 1.713525276134862663e-02 0.000000000000000000e+00 3.894958960759729600e-03 1.421231183424163658e-01 3.590660998800192238e-02 3.344086919552343579e-02 3.788568274813693126e-02 2.142738190803874510e-01 0.000000000000000000e+00 9.514095759441018943e-03 5.453221583248469770e-03 0.000000000000000000e+00 1.267294952915587990e-03 6.105828063600299282e-03 3.820848811616379959e-02 4.552517106732192204e-02
5.614009653924659747e-03 6.886998893479985562e-02 0.000000000000000000e+00 1.467822476075736349e-01 8.051909375779708888e-02 1.570571849082043336e-01 3.864048616819741253e-03 1.802464101474110791e-01 0.000000000000000000e+00 0.000000000000000000e+00 0.000000000000000000e+00 1.717748706593345553e-01 6.055115194821800856e-02 1.757914130931593816e-04 6.445288103402048614e-03 5.296214510740074408e-04 0.000000000000000000e+00 8.636539933440083583e-02 1.947640393464283512e-02 1.172848952930408313e-02
1.282657845985025746e-01 0.000000000000000000e+00 1.840995202304409814e-02 1.508439078619046858e-01 0.000000000000000000e+00 7.536497263798913604e-02 1.225606904793036245e-02 8.412283723779190314e-02 0.000000000000000000e+00 0.000000000000000000e+00 3.511825882627760912e-03 8.488083529549619866e-02 1.216528528600913095e-02 0.000000000000000000e+00 4.401226171313815834e-03 8.848372688197832237e-02 0.000000000000000000e+00 8.457925513869625489e-02 2.450492410739343874e-01 7.665080862781375320e-03
8.434918235278893173e-02 8.709058486827993273e-02 1.455223920751962628e-02 2.454665958067257236e-01 1.473834335330262944e-02 1.370057759168916700e-01 1.424216573513881028e-02 0.000000000000000000e+00 1.079216228207783429e-02 8.266978834818193220e-03 0.000000000000000000e+00 1.694981237931090234e-01 0.000000000000000000e+00 0.000000000000000000e+00 1.341704496182534179e-01 9.660762639345076702e-03 3.301701815467032643e-03 7.553302350789605282e-03 3.036249309988862943e-02 2.894913832560401870e-02
1.342296822245603038e-01 9.914891474715667452e-02 4.411042447390736221e-04 4.411815480928013566e-02 4.030687480659577923e-03 3.300473437557728540e-02 0.000000000000000000e+00 1.300980034141567820e-01 4.123564630839376098e-03 0.000000000000000000e+00 0.000000000000000000e+00 1.853913522604254127e-01 1.869946953292220271e-02 3.126875323968788395e-02 6.087999594826395272e-02 5.105549303349586794e-03 0.000000000000000000e+00 2.115513058273903180e-02 6.319564134320365331e-03 2.219853390713224794e-01
1.437256156663695439e-01 9.241688250248276948e-02 0.000000000000000000e+00 1.386841505872991875e-01 0.000000000000000000e+00 8.335619390005025164e-02 1.545728155397029305e-02 2.403111833200176264e-03 0.000000000000000000e+00 0.000000000000000000e+00 0.000000000000000000e+00 1.421208046954631488e-01 4.208190831932412390e-03 5.684695069888593549e-02 0.000000000000000000e+00 0.000000000000000000e+00 0.000000000000000000e+00 1.493116937821451218e-01 0.000000000000000000e+00 1.714691239482010743e-01
4.907291177736183146e-02 6.737680002511259314e-02 0.000000000000000000e+00 0.000000000000000000e+00 0.000000000000000000e+00 1.820534722682583539e-01 0.000000000000000000e+00 1.716063959909523151e-01 1.074642383697958824e-03 1.116827184295091481e-03 9.002850249157383269e-04 2.624440154431672001e-01 1.164124865555195114e-02 0.000000000000000000e+00 0.000000000000000000e+00 0.000000000000000000e+00 0.000000000000000000e+00 1.344206574108439689e-01 6.354218183831909783e-02 5.475056199752396241e-02
2.881024743495538137e-02 0.000000000000000000e+00 0.000000000000000000e+00 4.224962152862066916e-02 1.647490602914135002e-02 1.533456874248783353e-01 0.000000000000000000e+00 1.134567233420613053e-01 3.180288998039226128e-02 3.313614416306107785e-02 0.000000000000000000e+00 2.069067022943318346e-01 0.000000000000000000e+00 1.425172485463505334e-01 7.553952581426841284e-02 1.592175730372909909e-02 3.017643825094077671e-03 0.000000000000000000e+00 2.113121371098268531e-02 1.156896886021329535e-01
1.957069787457655155e-02 1.184208211438682323e-01 4.389869877421884864e-02 2.208383387287293220e-01 2.111406326162331565e-02 8.154853614453726196e-02 0.000000000000000000e+00 3.917365530136454610e-02 2.402574110063414314e-02 0.000000000000000000e+00 0.000000000000000000e+00 2.365944865674817488e-01 9.115068010391906561e-03 0.000000000000000000e+00 1.346583889682785029e-01 1.112179146691051612e-02 0.000000000000000000e+00 3.010206609548351370e-02 1.495613436545902312e-03 8.322033125355702762e-03
2.082684462556887162e-01 2.447869376010654990e-02 1.349260106017612926e-01 5.915313760073716981e-02 0.000000000000000000e+00 7.411851502507312006e-02 3.909316258678259548e-02 1.144353953752434566e-01 2.032465131810116434e-03 0.000000000000000000e+00 0.000000000000000000e+00 1.653274242344553863e-02 3.324279334853357665e-02 0.000000000000000000e+00 1.009941555860918369e-02 1.573407760774416311e-02 6.219700452961872753e-03 5.970917660529730109e-02 4.933597465905685542e-02 1.526202930071485497e-01
8.833377550732790517e-02 3.032318353486127948e-03 1.895049377728305617e-02 2.587914972778531664e-01 0.000000000000000000e+00 1.768609115548301376e-03 0.000000000000000000e+00 2.368884693825282564e-02 1.255837524672721861e-01 0.000000000000000000e+00 5.369311478913868507e-02 1.542635223065908501e-01 5.998915295800103659e-03 0.000000000000000000e+00 0.000000000000000000e+00 0.000000000000000000e+00 0.000000000000000000e+00 2.783255473932360474e-02 2.125555172812333138e-01 2.550708215089018613e-02
3.680181333997376014e-02 8.251649415940915180e-03 1.438594924798385077e-02 0.000000000000000000e+00 8.581050541202660600e-03 5.899929332397740346e-03 0.000000000000000000e+00 1.199380129470873912e-01 1.275331850851947058e-01 0.000000000000000000e+00 0.000000000000000000e+00 1.765748448767787693e-01 0.000000000000000000e+00 0.000000000000000000e+00 1.470834028535960951e-02 3.455769539267117968e-03 1.004745427054457539e-02 1.253488693369143037e-01 1.382498997322514633e-01 2.102232320491031203e-01
1.548981762389362304e-01 0.000000000000000000e+00 1.220448030818301055e-01 0.000000000000000000e+00 0.000000000000000000e+00 2.799098896181517054e-02 1.998248599753418842e-02 2.191380439836559668e-01 2.002696724441647286e-02 1.326254549843776040e-02 1.448951607586059561e-03 2.492723247723648561e-01 2.191653902756421270e-03 0.000000000000000000e+00 1.468245318467453764e-01 6.807339107280676455e-03 0.000000000000000000e+00 0.000000000000000000e+00 5.977572526164884673e-03 1.013361523047593901e-02
0.000000000000000000e+00 0.000000000000000000e+00 1.055008021792291778e-01 1.675062038829740474e-01 1.247392589425611129e-03 0.000000000000000000e+00 2.737062727422261144e-02 8.235148058580051000e-02 0.000000000000000000e+00 0.000000000000000000e+00 2.028123842998482210e-02 1.696444550451188527e-01 0.000000000000000000e+00 2.962865498120606858e-02 1.710129741768424694e-01 4.535307159863115507e-03 0.000000000000000000e+00 1.001771179478759544e-01 0.000000000000000000e+00 1.207437457474566794e-01
1.207302862040980640e-01 5.442699370029384365e-03 1.467193205914515686e-01 7.038629923553009482e-03 3.184949051338014508e-02 1.112100539461347709e-01 1.692573065722799072e-02 1.382639745974076351e-01 0.000000000000000000e+00 7.545631091130491734e-03 0.000000000000000000e+00 6.468917904569615462e-02 0.000000000000000000e+00 1.035368757447542760e-02 2.702543234454240703e-02 0.000000000000000000e+00 1.613298446318508356e-02 5.720393965545108976e-03 2.648453500147590275e-02 2.638679707106668104e-01
1.736892187928327363e-02 0.000000000000000000e+00 9.971980864550483367e-03 4.971749573070793904e-02 0.000000000000000000e+00 0.000000000000000000e+00 0.000000000000000000e+00 1.698803352505853514e-01 0.000000000000000000e+00 0.000000000000000000e+00 1.884209618573129538e-03 2.577560855235847548e-01 8.724236775376559283e-02 1.277871233404874185e-01 4.786136489019284131e-03 1.200126725465938985e-03 3.172818581383794832e-03 0.000000000000000000e+00 3.717139313536289326e-03 2.655152589290566967e-01
6.779626723961639304e-03 2.155388260269737889e-03 1.307340327079480752e-02 1.813855494832167237e-01 0.000000000000000000e+00 1.417094116015187588e-01 0.000000000000000000e+00 1.102825282955810920e-01 5.628790248235177041e-02 7.962638525213710378e-03 1.543658659220056677e-02 1.537500057653998220e-01 0.000000000000000000e+00 0.000000000000000000e+00 4.934198909218465157e-03 0.000000000000000000e+00 0.000000000000000000e+00 0.000000000000000000e+00 1.697813843251167951e-02 2.892646216577611784e-01
0.000000000000000000e+00 7.385638222646448425e-02 8.671299119248288695e-03 5.128944276808133917e-02 0.000000000000000000e+00 7.524332592234625819e-03 0.000000000000000000e+00 1.463863941465404217e-01 1.904113981697910796e-01 2.742552555650495938e-02 1.117391911313047291e-02 2.383686989739609852e-01 8.932213948611244722e-03 0.000000000000000000e+00 0.000000000000000000e+00 0.000000000000000000e+00 0.000000000000000000e+00 5.673900306636873309e-02 1.792213903190634228e-01 0.000000000000000000e+00
1.037562715749850012e-01 2.864461077327516703e-02 1.796311887519104755e-01 7.896627433399100449e-02 0.000000000000000000e+00 4.068930752546171675e-02 0.000000000000000000e+00 8.035547242192098150e-02 0.000000000000000000e+00 0.000000000000000000e+00 0.000000000000000000e+00 5.193804282127293531e-03 0.000000000000000000e+00 0.000000000000000000e+00 0.000000000000000000e+00 0.000000000000000000e+00 1.654699272135207525e-02 1.372800241131233445e-01 1.993640243624331398e-01 1.295720291394198975e-01
1.369237652503546565e-01 8.996139894380776256e-03 8.695560706152725972e-02 3.264631265931722953e-02 0.000000000000000000e+00 1.287438344255963651e-01 2.866888944566090437e-03 1.807171223761335765e-01 6.699913330957478486e-02 1.330615954308168175e-02 0.000000000000000000e+00 0.000000000000000000e+00 1.737590303962161659e-02 0.000000000000000000e+00 0.000000000000000000e+00 2.641848685143423792e-03 5.591180771429905480e-03 1.200789714037846651e-01 3.131318495580259764e-02 1.648439476796853820e-01
6.955888916184921333e-02 3.398861002081270122e-02 1.173145451381977789e-01 7.640066987781948815e-02 0.000000000000000000e+00 0.000000000000000000e+00 0.000000000000000000e+00 3.938274399750418819e-02 3.836443781138956788e-02 2.451058548827982422e-02 0.000000000000000000e+00 1.028654896434755550e-01 2.147183526937350082e-02 1.573702569391670358e-01 1.290905465797509977e-01 5.853707668731409491e-02 2.036775218784362806e-03 0.000000000000000000e+00 6.516843693938095816e-02 6.393910122690089903e-02
2.379725618518703859e-02 0.000000000000000000e+00 0.000000000000000000e+00 1.055849600582179637e-01 9.684384602949068152e-03 1.317090158294366709e-01 6.618855297609138599e-03 2.464815754953141869e-01 1.160130971823469526e-01 0.000000000000000000e+00 6.060805663728806129e-03 1.422350534714449111e-01 9.260868329642332752e-03 1.074032646343068415e-02 1.380880397319940167e-01 0.000000000000000000e+00 0.000000000000000000e+00 5.184278341415114733e-02 1.882978274547125698e-03 0.000000000000000000e+00
1.208626457584325020e-01 1.074236178982208439e-01 2.056017070565225105e-02 0.000000000000000000e+00 7.604812738354704491e-03 1.720483254099436088e-01 0.000000000000000000e+00 1.847843056136720674e-02 3.753286216757323671e-03 9.524038621201985980e-03 0.000000000000000000e+00 2.159106872232075258e-01 3.510810408870528206e-03 0.000000000000000000e+00 1.007006550518248222e-02 1.082097398655025057e-02 0.000000000000000000e+00 1.118133922967795152e-01 1.595096289445189219e-01 2.810911372496043004e-02
0.000000000000000000e+00 1.243997909290789489e-01 0.000000000000000000e+00 1.474141929454153566e-01 3.980651026704893486e-02 1.964973922980601737e-02 0.000000000000000000e+00 2.571593479946955238e-02 1.250330366074251139e-02 0.000000000000000000e+00 1.826146455036519378e-04 3.037307962744819623e-01 2.662370326714017660e-03 0.000000000000000000e+00 0.000000000000000000e+00 1.100793024005161137e-02 0.000000000000000000e+00 4.989125434121029212e-02 8.654589794574675445e-04 2.621701033610195353e-01
0.000000000000000000e+00 0.000000000000000000e+00 4.348794680218257686e-02 1.518698925263440580e-01 0.000000000000000000e+00 7.258360236436678554e-04 0.000000000000000000e+00 0.000000000000000000e+00 4.392879939547515017e-03 0.000000000000000000e+00 4.545934652975955163e-03 3.981629650289410516e-01 0.000000000000000000e+00 0.000000000000000000e+00 1.726722560657222294e-01 0.000000000000000000e+00 0.000000000000000000e+00 1.128055779814990667e-01 9.973898540877702834e-02 1.159772557036681077e-02
0.000000000000000000e+00 1.198145874623995771e-01 0.000000000000000000e+00 0.000000000000000000e+00 1.037861425121894138e-01 0.000000000000000000e+00 2.957390211808629682e-02 1.040456232977030049e-01 1.008730097909565221e-01 1.103413124992468057e-05 0.000000000000000000e+00 2.432831280295242871e-01 0.000000000000000000e+00 6.894202358537893094e-02 3.158366034612541257e-02 0.000000000000000000e+00 0.000000000000000000e+00 3.700288579030094199e-02 7.905729854222809036e-04 1.602934299506636462e-01
0.000000000000000000e+00 0.000000000000000000e+00 4.055155920940213543e-02 1.494516475547997270e-01 0.000000000000000000e+00 1.204582605698176628e-01 0.000000000000000000e+00 2.040666940908996974e-01 3.931697525868807497e-02 0.000000000000000000e+00 1.077125595135976048e-03 1.257777156851528355e-01 0.000000000000000000e+00 5.033561806879312261e-03 2.669351095153532291e-02 8.034635254160663043e-02 8.006741623152117959e-03 1.613269276228816154e-03 1.664653851464570899e-01 3.114120069024450821e-02
1.186573447420001537e-02 1.013296122794149906e-01 8.803259001307742193e-02 1.387343982512677376e-01 3.802874873930129490e-02 0.000000000000000000e+00 0.000000000000000000e+00 4.193914603932596963e-02 2.419591277021951661e-02 0.000000000000000000e+00 0.000000000000000000e+00 2.387254880345329178e-01 0.000000000000000000e+00 0.000000000000000000e+00 1.892686349699554058e-02 0.000000000000000000e+00 0.000000000000000000e+00 1.284237769950770935e-01 1.697977289065875917e-01 0.000000000000000000e+00
3.494156278363983598e-02 2.270494444244014129e-02 1.019798616474509693e-02 4.160707407661046880e-02 1.293885165932462666e-01 1.551417235263703731e-01 4.457702895370679180e-02 1.018682540700582284e-01 6.998678492804305540e-02 2.005794086831433343e-02 1.457753315203822592e-02 1.547778929820537164e-01 9.218340197283113324e-02 0.000000000000000000e+00 0.000000000000000000e+00 3.507092905524008923e-03 0.000000000000000000e+00 7.064913140080845977e-02 9.654165836169409029e-03 2.417896534340041592e-02
5.571564555904688805e-03 9.455663120274181155e-02 1.280547324008445287e-01 1.511413605564990437e-01 1.654790383214971294e-02 1.373198138403441404e-01 0.000000000000000000e+00 2.979831188088433169e-02 0.000000000000000000e+00 0.000000000000000000e+00 0.000000000000000000e+00 6.031629929273246704e-02 0.000000000000000000e+00 0.000000000000000000e+00 4.755601576184164542e-02 0.000000000000000000e+00 0.000000000000000000e+00 0.000000000000000000e+00 2.030599544654378419e-01 1.260774122106197159e-01
