1.105733066270763419e-03 8.959004160809964923e-02 5.803477622035945784e-03 5.526504858050012778e-03 1.317260483482085853e-01 2.237478874100394186e-02 2.474881143060910643e-02 3.422771902241065339e-02 9.975133812359927854e-02 2.541333620984722805e-02 0.000000000000000000e+00 8.905319627603296151e-02 2.238291138627535037e-02 0.000000000000000000e+00 1.050242182649407663e-01 0.000000000000000000e+00 0.000000000000000000e+00 0.000000000000000000e+00 2.569220823433545839e-03 1.025056564216209661e-03 0.000000000000000000e+00 1.673887242584502430e-02 1.311344834897401612e-01 6.599053065038482102e-02 1.258137110889960553e-01
0.000000000000000000e+00 1.189103259761392466e-02 0.000000000000000000e+00 0.000000000000000000e+00 2.836923561169762010e-03 0.000000000000000000e+00 0.000000000000000000e+00 6.790623019611643878e-03 7.183233985463907331e-03 1.614872964354925333e-01 6.690200715747326998e-02 7.415492588004804486e-02 0.000000000000000000e+00 0.000000000000000000e+00 1.733687250824637593e-01 3.769466103714763086e-04 0.000000000000000000e+00 6.379339734966772701e-02 0.000000000000000000e+00 0.000000000000000000e+00 1.260701284942175593e-01 0.000000000000000000e+00 2.889651411844101816e-03 1.392644816042060973e-01 1.629906268103560874e-01
0.000000000000000000e+00 0.000000000000000000e+00 9.683371755419374269e-03 2.448570621841328343e-02 1.488553199007446592e-01 8.925697734079683990e-03 1.552741221976155217e-01 1.994191102895589984e-01 1.145574742924537620e-01 2.219842639419488187e-02 0.000000000000000000e+00 4.020656742098759756e-02 0.000000000000000000e+00 0.000000000000000000e+00 3.253975125277369651e-02 0.000000000000000000e+00 0.000000000000000000e+00 0.000000000000000000e+00 6.707812727869219387e-03 9.822500180978180340e-02 2.523140100721589160e-02 2.039433004225652685e-02 0.000000000000000000e+00 4.910066861588176235e-02 4.419523834075326368e-02
0.000000000000000000e+00 3.943638808283712709e-03 2.886847956829483725e-02 1.483595799751387390e-02 6.285947676527495198e-02 1.574063614033360814e-02 0.000000000000000000e+00 0.000000000000000000e+00 3.129772711037557414e-02 2.111043325738160004e-01 0.000000000000000000e+00 1.316661796468208689e-01 0.000000000000000000e+00 2.443235207949346309e-03 1.551881088379526152e-01 0.000000000000000000e+00 0.000000000000000000e+00 2.930171835604359135e-02 1.075740714471630083e-01 2.263124920183850163e-03 0.000000000000000000e+00 6.591571602445560341e-02 1.960610013725909949e-03 5.106822648799917708e-02 8.396876009381351591e-02
7.816329761515717137e-03 1.089657791761256961e-01 3.417671756327095994e-02 1.011089501053884969e-03 1.388340251452525598e-01 0.000000000000000000e+00 3.475806411634733972e-02 2.370765512876680525e-01 7.869135500981842835e-02 1.525026185264775069e-01 0.000000000000000000e+00 7.358286929996196712e-02 0.000000000000000000e+00 0.000000000000000000e+00 4.270911463090278776e-02 0.000000000000000000e+00 0.000000000000000000e+00 1.888305628569996938e-02 0.000000000000000000e+00 8.350261730959826403e-04 3.087190446756050283e-02 3.696231263986780868e-02 0.000000000000000000e+00 2.323186415380863474e-03 0.000000000000000000e+00
0.000000000000000000e+00 6.303256653316798019e-02 1.521146164597327044e-01 0.000000000000000000e+00 1.324436364239518216e-01 3.691572070066036909e-02 1.704780023186440174e-01 0.000000000000000000e+00 1.974988028806212714e-02 1.491009404309775188e-01 0.000000000000000000e+00 0.000000000000000000e+00 0.000000000000000000e+00 0.000000000000000000e+00 0.000000000000000000e+00 1.938597474611100310e-02 2.213519486202848111e-03 4.063153705820307660e-02 0.000000000000000000e+00 6.506915579777985958e-02 0.000000000000000000e+00 5.083296356710374081e-02 2.113563080287443521e-03 6.903506805343649633e-02 2.688285505567903841e-02
1.577480867915157306e-02 2.100844113761031820e-02 1.207345499532680722e-01 0.000000000000000000e+00 1.388854084997479810e-01 1.234809348172824228e-01 1.289755883502806122e-01 2.309610644649019717e-02 0.000000000000000000e+00 8.399934542397223883e-03 0.000000000000000000e+00 0.000000000000000000e+00 0.000000000000000000e+00 3.113653241558499846e-03 8.036345492402054147e-02 7.873388273731436737e-02 1.138479257231683923e-02 2.185636305745313618e-02 7.806178140125134834e-02 2.257679914892801037e-02 0.000000000000000000e+00 6.290953260973600192e-02 0.000000000000000000e+00 1.544018123995907939e-02 4.520378664123382573e-02
0.000000000000000000e+00 6.264791041804907215e-04 1.586899680935126566e-01 4.599196179554376068e-02 3.016531672764318633e-02 0.000000000000000000e+00 5.527586555725055861e-02 1.810202579766976017e-01 4.072221857859260191e-02 4.560278004979863298e-02 0.000000000000000000e+00 1.265912144103638337e-01 5.562118533061915799e-04 0.000000000000000000e+00 1.498254177043457647e-01 0.000000000000000000e+00 4.466779395324027568e-03 0.000000000000000000e+00 0.000000000000000000e+00 1.059963710457842156e-01 0.000000000000000000e+00 0.000000000000000000e+00 3.514550118360620923e-02 2.966564303437104529e-03 1.635709222061318760e-02
2.678449180800588844e-02 0.000000000000000000e+00 2.535403243945830165e-01 8.599884380656154514e-03 1.445652897158170858e-01 0.000000000000000000e+00 1.521289541017712896e-02 1.463155685637364256e-01 2.785707314302835608e-02 8.572774490036936396e-03 0.000000000000000000e+00 2.450660380727972543e-01 6.327771280322801693e-03 0.000000000000000000e+00 4.924063597968026534e-02 0.000000000000000000e+00 0.000000000000000000e+00 0.000000000000000000e+00 0.000000000000000000e+00 0.000000000000000000e+00 0.000000000000000000e+00 1.725114661319247442e-02 1.030846736248909774e-02 3.380769812565512927e-02 6.549940659821977193e-03
0.000000000000000000e+00 0.000000000000000000e+00 1.358496123022011615e-01 8.742085677271634048e-02 7.703447518643670444e-02 5.492203385792087701e-03 1.729372886950630572e-01 1.386381243045198830e-01 1.074107566230670108e-01 0.000000000000000000e+00 0.000000000000000000e+00 1.469060137793421761e-01 0.000000000000000000e+00 0.000000000000000000e+00 7.111985334194752262e-02 0.000000000000000000e+00 0.000000000000000000e+00 1.972894891535462505e-02 0.000000000000000000e+00 7.499576358217870282e-03 0.000000000000000000e+00 0.000000000000000000e+00 8.552938127675026314e-04 2.910699652257402875e-02 0.000000000000000000e+00
1.742851373274966961e-02 0.000000000000000000e+00 2.043319349273093610e-01 7.122447799609715746e-03 1.373469262912971889e-01 1.035744370132041887e-03 5.342527537028840534e-02 1.319514662649225456e-01 4.520486230142679862e-02 9.671668443674201129e-03 0.000000000000000000e+00 1.328220939877747531e-01 3.592271600057506467e-03 0.000000000000000000e+00 4.079513517919631377e-02 0.000000000000000000e+00 0.000000000000000000e+00 0.000000000000000000e+00 0.000000000000000000e+00 1.265186566070697696e-02 0.000000000000000000e+00 0.000000000000000000e+00 0.000000000000000000e+00 1.601834860437003072e-01 4.243630802715434025e-02
0.000000000000000000e+00 1.807319849473446594e-01 7.686047488557469498e-02 1.781603537135323032e-02 1.309288771067174395e-01 4.187092308941440036e-03 1.354887738615747905e-01 1.433405632503876592e-01 7.837595618028482536e-02 2.933465511829801489e-02 0.000000000000000000e+00 0.000000000000000000e+00 0.000000000000000000e+00 0.000000000000000000e+00 1.362920949486647604e-01 0.000000000000000000e+00 0.000000000000000000e+00 1.742201245760115896e-02 0.000000000000000000e+00 0.000000000000000000e+00 1.480618745114878169e-03 0.000000000000000000e+00 0.000000000000000000e+00 3.317150498999318908e-02 1.456935582814936070e-02
0.000000000000000000e+00 9.885629731701232881e-02 1.690024959413852779e-01 1.922918781121715770e-02 1.680173144110905584e-02 3.240622450899751511e-02 1.703651062845442099e-01 4.330885542832248192e-02 1.519371264145333023e-01 7.525889039902093798e-03 0.000000000000000000e+00 0.000000000000000000e+00 0.000000000000000000e+00 0.000000000000000000e+00 4.315215527854783170e-03 0.000000000000000000e+00 0.000000000000000000e+00 0.000000000000000000e+00 0.000000000000000000e+00 0.000000000000000000e+00 0.000000000000000000e+00 5.953617781215300025e-02 2.175820386474767998e-02 6.116594703509137948e-02 1.437915415731297331e-01
0.000000000000000000e+00 3.222179322083927600e-02 0.000000000000000000e+00 0.000000000000000000e+00 1.580926709428268906e-01 1.129730024916626198e-02 1.603647407298058047e-01 0.000000000000000000e+00 1.013894439760467357e-02 1.693444679776077988e-02 9.984920749310994322e-04 7.899339478085498634e-02 0.000000000000000000e+00 0.000000000000000000e+00 2.294923562987148582e-03 0.000000000000000000e+00 0.000000000000000000e+00 1.421910974555469498e-01 7.856162365749792820e-02 4.177895003839251879e-03 2.028272024559105852e-03 2.365169641181814972e-03 0.000000000000000000e+00 1.102411844146270331e-01 1.890980510459710495e-01
0.000000000000000000e+00 7.020192739839630283e-04 1.718264615052440547e-01 3.837944736598521839e-02 7.010913933388580876e-02 1.438608132463622437e-02 1.593058129573064405e-02 5.938937261375522303e-02 8.074316651588678284e-02 3.987738538980012751e-03 0.000000000000000000e+00 1.620116429067496866e-01 0.000000000000000000e+00 0.000000000000000000e+00 7.318216234120194369e-03 0.000000000000000000e+00 6.837460990142597839e-02 3.634913143313119738e-02 4.804376009140581827e-02 1.409784217051221755e-01 0.000000000000000000e+00 2.773410569189082089e-02 1.618553443943080566e-02 3.357631363036314015e-02 3.974256198272209210e-03
0.000000000000000000e+00 5.051352289185735700e-02 1.466582931283942071e-01 2.866247244816826252e-03 7.616159131287190270e-03 0.000000000000000000e+00 1.949189851010523500e-01 0.000000000000000000e+00 1.099951234389966032e-01 1.194076673469351701e-01 1.704562840504823470e-02 1.235274677354386563e-01 0.000000000000000000e+00 1.880692047746283790e-02 1.073465990020232991e-01 0.000000000000000000e+00 0.000000000000000000e+00 5.585308498568926361e-02 0.000000000000000000e+00 3.600785093464122302e-03 4.319473462957368511e-03 0.000000000000000000e+00 2.214090008874524187e-02 0.000000000000000000e+00 1.538314246583125967e-02
2.661673668697322331e-02 0.000000000000000000e+00 2.706737371848278242e-02 0.000000000000000000e+00 3.542279288637895651e-01 1.693112906182771054e-03 1.129982892681047520e-02 1.405894610482805729e-01 1.100441660752949219e-01 1.212711106284720397e-01 3.193438541628084576e-02 1.229882480253438048e-01 0.000000000000000000e+00 0.000000000000000000e+00 6.813717747901644646e-03 0.000000000000000000e+00 0.000000000000000000e+00 5.764230699644335917e-03 0.000000000000000000e+00 0.000000000000000000e+00 0.000000000000000000e+00 3.968969925654293462e-02 0.000000000000000000e+00 0.000000000000000000e+00 0.000000000000000000e+00
0.000000000000000000e+00 1.316038085874106931e-03 3.848117099083468717e-02 1.012202348802458546e-01 1.204238485561017896e-01 1.139894345874302960e-03 1.694463266180400995e-01 1.604821272857884507e-01 1.291496178255308325e-01 1.051321220872789702e-02 0.000000000000000000e+00 5.151192343112073746e-02 0.000000000000000000e+00 0.000000000000000000e+00 5.148225436387798143e-02 0.000000000000000000e+00 1.454229268029684670e-02 8.800715328321488673e-03 1.026315281520383260e-01 0.000000000000000000e+00 0.000000000000000000e+00 0.000000000000000000e+00 0.000000000000000000e+00 0.000000000000000000e+00 3.885881524732656689e-02
1.276167218169601929e-02 3.827622071506930901e-02 2.055972126010853843e-02 9.931521258635488125e-02 1.582321057104546513e-02 1.746192586934031685e-03 1.037817950376237058e-01 1.169473110128860238e-02 3.548783427349599950e-03 1.524489619548439756e-01 9.694506180653794311e-03 1.392022982858090625e-02 0.000000000000000000e+00 1.770850856883705729e-04 1.461677410857582793e-01 0.000000000000000000e+00 0.000000000000000000e+00 1.556989636906881413e-01 0.000000000000000000e+00 2.087435223353077685e-03 0.000000000000000000e+00 9.659408422112809867e-02 1.471845661112737092e-03 0.000000000000000000e+00 1.142316076007224707e-01
1.698636170798755243e-02 2.111824530172426093e-02 3.295926103916579225e-02 0.000000000000000000e+00 1.960047300320310881e-01 5.285595076345072328e-03 2.913541224887464948e-02 1.311579407197956959e-01 2.911390418574848551e-02 1.393139147781403409e-01 5.668340487565062813e-02 7.743357043190468580e-02 6.610654196370757685e-02 8.493490986731208918e-04 4.356881566694523894e-02 0.000000000000000000e+00 0.000000000000000000e+00 0.000000000000000000e+00 0.000000000000000000e+00 0.000000000000000000e+00 3.056625498170868153e-03 0.000000000000000000e+00 1.280483783240932844e-02 1.024913995830167845e-02 1.281723495844239169e-01
3.403335930680560090e-02 0.000000000000000000e+00 3.556282647412287168e-02 0.000000000000000000e+00 1.744954257719598389e-01 0.000000000000000000e+00 0.000000000000000000e+00 1.442257971165677166e-01 5.266063975676617270e-02 9.227478612518903722e-02 1.772445241913908490e-03 1.069555818418981702e-01 0.000000000000000000e+00 1.218395745874086607e-03 8.952159626197063458e-02 0.000000000000000000e+00 0.000000000000000000e+00 1.100191820403476212e-01 5.083741888654810456e-03 2.975479056297148164e-02 0.000000000000000000e+00 5.913390600654956641e-02 0.000000000000000000e+00 8.845063252456251014e-04 6.240301953316272632e-02
0.000000000000000000e+00 2.284538860159546492e-01 1.154233936623127732e-01 2.147021343696485507e-02 1.596004387501667732e-01 0.000000000000000000e+00 1.526488611270119568e-02 0.000000000000000000e+00 0.000000000000000000e+00 1.792218382869021354e-01 4.100841869965931794e-03 3.179371034952967190e-02 0.000000000000000000e+00 0.000000000000000000e+00 1.590466342389807997e-01 0.000000000000000000e+00 0.000000000000000000e+00 2.774722012483467337e-02 0.000000000000000000e+00 3.759743059033356614e-03 0.000000000000000000e+00 3.290502411026463569e-02 1.007876453707074425e-02 6.515280176788067722e-03 4.618125268529768568e-03
1.463582053147460121e-02 2.028800654708088069e-01 1.521053438127485946e-01 7.117996071387368805e-03 0.000000000000000000e+00 0.000000000000000000e+00 1.785074127785805931e-01 0.000000000000000000e+00 1.434000444434464228e-01 0.000000000000000000e+00 0.000000000000000000e+00 0.000000000000000000e+00 0.000000000000000000e+00 0.000000000000000000e+00 8.730341726065475594e-02 3.916484525009079204e-02 0.000000000000000000e+00 2.690049221762602985e-03 0.000000000000000000e+00 0.000000000000000000e+00 0.000000000000000000e+00 0.000000000000000000e+00 0.000000000000000000e+00 1.445366400952981523e-01 2.765836506374731024e-02
1.262913261019821959e-02 1.082421950793313326e-01 1.324273711079228533e-01 1.115647325138733117e-02 1.773293875341487580e-01 0.000000000000000000e+00 8.222358479320629118e-03 2.295379969219319902e-02 5.741449457532848966e-02 1.392326577044319669e-01 3.637610994706935198e-03 0.000000000000000000e+00 4.026821517531367460e-03 0.000000000000000000e+00 1.561863242377272420e-01 0.000000000000000000e+00 0.000000000000000000e+00 1.447710001404170221e-01 0.000000000000000000e+00 2.057984190634951430e-02 1.685439183260101269e-04 0.000000000000000000e+00 0.000000000000000000e+00 0.000000000000000000e+00 1.021987250679079300e-03
3.815475040420471687e-03 5.932948499756067647e-03 1.379073439557692571e-01 2.875537778131864990e-03 2.240908127049973386e-01 1.660360948642660220e-02 1.535733726409406752e-01 2.960472109741196789e-02 5.808386982903828571e-02 1.495214590977015333e-02 8.697652433505698513e-03 9.993993391995694212e-03 0.000000000000000000e+00 4.390884043577405853e-03 1.125384836228358609e-01 5.311697947471317321e-03 0.000000000000000000e+00 2.398061487305170464e-02 1.606694127897494856e-02 2.172322791514945395e-02 0.000000000000000000e+00 0.000000000000000000e+00 1.009665599430297151e-03 4.182900340496947290e-03 1.446641016108478894e-01
0.000000000000000000e+00 6.387038267739794141e-03 4.636205877053237168e-02 0.000000000000000000e+00 1.354639664496243845e-01 0.000000000000000000e+00 1.648195374205505825e-01 1.520162422131568492e-01 0.000000000000000000e+00 0.000000000000000000e+00 0.000000000000000000e+00 5.877909211113978988e-02 0.000000000000000000e+00 0.000000000000000000e+00 6.308973101145605444e-02 0.000000000000000000e+00 0.000000000000000000e+00 2.318297507302489319e-02 1.219780999752344830e-01 7.814725700771525674e-02 8.839361540401154127e-02 0.000000000000000000e+00 8.818650181993523476e-03 4.281971774641573497e-02 9.742018367404589249e-03
2.367807478385199407e-02 2.340926923320919839e-02 2.032186286327415659e-01 0.000000000000000000e+00 2.398348466790327926e-01 0.000000000000000000e+00 1.310107130551073362e-01 1.387601141870831167e-01 1.091559757865652588e-03 1.364763935312888511e-02 1.548015193126090448e-02 3.224238840377154081e-03 2.532725919914251625e-02 0.000000000000000000e+00 5.330893316684537364e-02 0.000000000000000000e+00 0.000000000000000000e+00 2.398634252466349398e-02 1.869072578876128073e-03 0.000000000000000000e+00 0.000000000000000000e+00 3.044369179915256893e-02 4.880580402799132404e-03 5.762515974906985694e-02 9.203724125792329611e-03
0.000000000000000000e+00 3.989812932562208578e-03 1.698358583170945513e-01 0.000000000000000000e+00 2.445337697542088740e-01 0.000000000000000000e+00 1.588365620497929065e-01 9.017938332574353122e-02 9.524442526635860939e-02 1.139759107751788783e-03 0.000000000000000000e+00 4.053388447139952278e-02 0.000000000000000000e+00 0.000000000000000000e+00 7.858662150526702847e-03 0.000000000000000000e+00 5.507875251219154604e-03 5.040312078018387241e-04 1.183883762665527591e-02 8.549642164356656415e-02 0.000000000000000000e+00 0.000000000000000000e+00 2.373828036488965024e-02 5.427186028723193084e-02 6.490576243197035931e-03
0.000000000000000000e+00 0.000000000000000000e+00 2.420223949798501820e-02 0.000000000000000000e+00 1.969600225625202927e-01 0.000000000000000000e+00 1.404236572643286418e-03 1.033611512871744353e-01 3.073330520390636991e-02 2.914292637189033752e-02 0.000000000000000000e+00 9.202771118580560517e-02 1.429706455318704474e-02 0.000000000000000000e+00 5.589474928863036318e-02 8.929973350820115049e-03 2.376010870804692171e-02 1.328777076503155630e-01 0.000000000000000000e+00 6.619547793875966632e-03 0.000000000000000000e+00 0.000000000000000000e+00 4.002481807874336446e-03 1.314813125019380358e-01 1.443054616633863141e-01
0.000000000000000000e+00 5.998348319323553585e-02 1.426295680586114056e-01 1.638921310783278407e-02 1.318177499261940222e-01 7.209276163522454831e-03 1.537449794551071225e-01 0.000000000000000000e+00 1.204611602322042951e-01 1.329736871321502978e-01 0.000000000000000000e+00 0.000000000000000000e+00 0.000000000000000000e+00 0.000000000000000000e+00 0.000000000000000000e+00 0.000000000000000000e+00 6.760112562167212846e-02 2.093599563683846976e-02 0.000000000000000000e+00 0.000000000000000000e+00 0.000000000000000000e+00 1.236683886914709783e-02 3.197327820689244843e-02 1.390197335268750570e-02 8.801167104390444917e-02
