1.339189146429779070e-02 1.363014955400880246e-01 0.000000000000000000e+00 1.511100607088517456e-01 5.379072305754156519e-04 1.521016922912181435e-01 3.153186771831791718e-02 1.020713099262588732e-03 0.000000000000000000e+00 8.870545775140361265e-04 0.000000000000000000e+00 1.662886920577943961e-01 2.328601346461542723e-02 0.000000000000000000e+00 1.406676452257144515e-02 0.000000000000000000e+00 1.229533294462246094e-02 0.000000000000000000e+00 2.236064826821050969e-02 2.748198661120600517e-01
1.283105121739002222e-02 0.000000000000000000e+00 1.843696592784019317e-02 3.801362449930940079e-01 0.000000000000000000e+00 6.808572634257137324e-02 4.502167726524380215e-02 1.292882906555603006e-01 6.063159071252124249e-02 4.218949314498459877e-03 0.000000000000000000e+00 1.393323229288523923e-01 0.000000000000000000e+00 0.000000000000000000e+00 0.000000000000000000e+00 0.000000000000000000e+00 0.000000000000000000e+00 0.000000000000000000e+00 3.607688164276194598e-02 1.059402989996662270e-01
4.063458761505261974e-02 5.515480526955366530e-02 1.234742378527437512e-01 4.421146518016732391e-02 1.663211457424781659e-01 0.000000000000000000e+00 8.240237652624830822e-02 4.061309138190586504e-02 1.536041052147033847e-01 0.000000000000000000e+00 0.000000000000000000e+00 0.000000000000000000e+00 0.000000000000000000e+00 1.340831187123283641e-01 0.000000000000000000e+00 0.000000000000000000e+00 0.000000000000000000e+00 1.092871051309971496e-02 0.000000000000000000e+00 1.485723559917188907e-01
0.000000000000000000e+00 3.934431833630581965e-02 0.000000000000000000e+00 1.119166714402067553e-01 0.000000000000000000e+00 1.444214380097862960e-01 6.591763134874968622e-02 5.862834350830892910e-02 1.867820396940050587e-01 2.112888211349281745e-02 0.000000000000000000e+00 0.000000000000000000e+00 1.135812532060566787e-01 0.000000000000000000e+00 1.817030352049814335e-02 4.742070797577328800e-02 2.140131334462067048e-02 0.000000000000000000e+00 1.587781481732244704e-01 1.250894932897132772e-02
0.000000000000000000e+00 4.414178640928011557e-03 2.621865888912681269e-02 1.820335833284056626e-01 1.213885115090379690e-01 4.852923791938501541e-02 0.000000000000000000e+00 1.128090953399725066e-01 0.000000000000000000e+00 0.000000000000000000e+00 0.000000000000000000e+00 1.519915612038032771e-01 2.031402342174836242e-02 0.000000000000000000e+00 0.000000000000000000e+00 6.699118160340558105e-03 0.000000000000000000e+00 0.000000000000000000e+00 1.667687693182290098e-01 1.588332622690226681e-01
1.139762394919220795e-01 6.190057814626472033e-02 1.473148101417979562e-02 1.068162327554546126e-01 1.919817104782837458e-01 1.636801813955675866e-01 5.591721283303047185e-02 8.535410397810340444e-02 1.636624616240350549e-01 0.000000000000000000e+00 0.000000000000000000e+00 4.090254220173213107e-02 0.000000000000000000e+00 0.000000000000000000e+00 0.000000000000000000e+00 0.000000000000000000e+00 0.000000000000000000e+00 0.000000000000000000e+00 1.077256081426345661e-03 0.000000000000000000e+00
1.346024973899136445e-01 1.524511313880348544e-02 0.000000000000000000e+00 1.123108103842620532e-02 2.653586728328913291e-02 1.746304989652036066e-01 6.412906007736976326e-03 0.000000000000000000e+00 2.725271253673127725e-01 0.000000000000000000e+00 0.000000000000000000e+00 4.053867157488201534e-02 0.000000000000000000e+00 1.560597798449309126e-01 0.000000000000000000e+00 4.477868687877882559e-03 0.000000000000000000e+00 0.000000000000000000e+00 1.577385907016233824e-01 0.000000000000000000e+00
0.000000000000000000e+00 0.000000000000000000e+00 1.208491658750837777e-01 2.597759854502571658e-02 1.067509392724022704e-01 2.407551155557023301e-02 1.125559977317047433e-01 1.350641541988918115e-01 3.189609654510795755e-02 0.000000000000000000e+00 0.000000000000000000e+00 1.530728248831489391e-01 0.000000000000000000e+00 4.760400950617885846e-02 0.000000000000000000e+00 0.000000000000000000e+00 0.000000000000000000e+00 0.000000000000000000e+00 1.290350362200131662e-01 1.131186656668726892e-01
0.000000000000000000e+00 8.732029614008765539e-02 0.000000000000000000e+00 1.619972389736258345e-01 2.100586173496674092e-01 8.959239192133585869e-03 3.472790286263176263e-02 1.460592391873080376e-01 1.590109845033135794e-01 0.000000000000000000e+00 0.000000000000000000e+00 0.000000000000000000e+00 0.000000000000000000e+00 0.000000000000000000e+00 1.353450096692945977e-02 1.571346411016540795e-02 7.058878609045003000e-03 1.133761570090591198e-01 0.000000000000000000e+00 4.218348109603321100e-02
3.096447316222382742e-02 2.713574167542845972e-01 0.000000000000000000e+00 2.782540035170810028e-02 1.750616636928651881e-01 1.637730329164169274e-01 0.000000000000000000e+00 0.000000000000000000e+00 1.553701318384437813e-01 1.620893146075324046e-02 0.000000000000000000e+00 2.174152645445734736e-02 0.000000000000000000e+00 0.000000000000000000e+00 0.000000000000000000e+00 2.162094703046065977e-02 0.000000000000000000e+00 0.000000000000000000e+00 0.000000000000000000e+00 1.160764763383861781e-01
3.519988424764634968e-04 1.242547319946389062e-01 0.000000000000000000e+00 1.145316361911255243e-01 0.000000000000000000e+00 7.135010845614356105e-03 1.450148263566162776e-01 0.000000000000000000e+00 3.183965191645937720e-02 0.000000000000000000e+00 0.000000000000000000e+00 1.460934550164232348e-01 1.209187869295883649e-02 3.398586512154073806e-03 3.176849965050732288e-03 0.000000000000000000e+00 1.952346696899965890e-03 1.222973962420989824e-01 1.561672618130647561e-01 1.316943689144184637e-01
1.193167405307309914e-01 1.436251367193548123e-01 4.359408478753768607e-02 5.378054803235296499e-02 0.000000000000000000e+00 1.324438612981306863e-02 1.315101317613832366e-01 3.879553019142426007e-02 0.000000000000000000e+00 0.000000000000000000e+00 0.000000000000000000e+00 1.481617896076279084e-01 0.000000000000000000e+00 3.100005022029231685e-02 0.000000000000000000e+00 7.636626882965178061e-03 6.698058577015722492e-02 1.419243117808649257e-01 0.000000000000000000e+00 6.043007758549549108e-02
2.811204792355196953e-04 8.239575661950569729e-02 0.000000000000000000e+00 6.526035581314300858e-03 1.331214774344738894e-01 1.619395338744903656e-01 2.748230456359465959e-02 1.265559753429218448e-02 8.612677298566501216e-02 8.292253041228644928e-03 0.000000000000000000e+00 1.371885879034868416e-01 1.183396447881827351e-01 1.694956510101006397e-01 5.234104088622593826e-02 0.000000000000000000e+00 3.814223298203454383e-03 0.000000000000000000e+00 0.000000000000000000e+00 0.000000000000000000e+00
7.418854740780767010e-02 1.439548614052983122e-01 2.267431881352734713e-01 1.916014532913445229e-02 2.736912559861786817e-02 1.532725647614665010e-01 1.980999125292350494e-03 3.563016593896612544e-02 0.000000000000000000e+00 0.000000000000000000e+00 0.000000000000000000e+00 2.759367315482946781e-01 0.000000000000000000e+00 0.000000000000000000e+00 2.481148597498317870e-02 0.000000000000000000e+00 0.000000000000000000e+00 1.695218477486536840e-02 0.000000000000000000e+00 0.000000000000000000e+00
6.116288599035402986e-03 1.662412014220867457e-02 2.772594459662760732e-02 1.074953622751980142e-01 0.000000000000000000e+00 2.476757320259850154e-02 0.000000000000000000e+00 0.000000000000000000e+00 2.546466238232930057e-01 0.000000000000000000e+00 0.000000000000000000e+00 0.000000000000000000e+00 2.267542257534043912e-02 1.908601798967106133e-01 1.282061967482684972e-01 6.135860034923901890e-02 0.000000000000000000e+00 0.000000000000000000e+00 1.077462417313730138e-02 1.487490636183428638e-01
0.000000000000000000e+00 0.000000000000000000e+00 0.000000000000000000e+00 7.645056980260890589e-03 1.615068898598483738e-01 1.456974600500399730e-01 9.162789916491996187e-03 1.617953523715585373e-01 1.638743660060593965e-01 0.000000000000000000e+00 0.000000000000000000e+00 0.000000000000000000e+00 1.628129122569611092e-02 0.000000000000000000e+00 4.555634371808796670e-03 0.000000000000000000e+00 0.000000000000000000e+00 0.000000000000000000e+00 1.561856362313973345e-01 1.732955229868384794e-01
1.014193750217573659e-01 0.000000000000000000e+00 3.643857286053639455e-02 9.382798953502917427e-02 7.941332734853430442e-03 1.746203723503233496e-01 0.000000000000000000e+00 1.802462256835120624e-01 1.687246175606215148e-01 0.000000000000000000e+00 0.000000000000000000e+00 7.004431772910908738e-02 0.000000000000000000e+00 0.000000000000000000e+00 0.000000000000000000e+00 0.000000000000000000e+00 0.000000000000000000e+00 0.000000000000000000e+00 5.002004189384023913e-02 1.167171546304174579e-01
1.105429748995411139e-02 0.000000000000000000e+00 3.738012483036353556e-02 0.000000000000000000e+00 1.301405732417661859e-02 1.457003005954370101e-01 3.359353085821886742e-02 3.324350777186075440e-02 2.769234517664729278e-01 1.541118934948675252e-02 0.000000000000000000e+00 1.449145194189768900e-02 0.000000000000000000e+00 1.156127549734917020e-01 0.000000000000000000e+00 0.000000000000000000e+00 0.000000000000000000e+00 0.000000000000000000e+00 1.555648030140172611e-01 1.480105300846229488e-01
0.000000000000000000e+00 7.731439153217508665e-03 0.000000000000000000e+00 2.409656399167119656e-01 7.451564663836588928e-03 0.000000000000000000e+00 3.626138993834822355e-02 4.891454612988787448e-02 1.505074942116137460e-01 0.000000000000000000e+00 0.000000000000000000e+00 0.000000000000000000e+00 1.439723769776701280e-02 1.209314497634401964e-01 1.194361502633092820e-01 1.901370804653745698e-04 7.397651728195559287e-03 1.577293640105333905e-01 0.000000000000000000e+00 8.808593544267331876e-02
2.422369574627855973e-02 6.703071350958349217e-02 1.981206229454989809e-01 0.000000000000000000e+00 1.666136228977362632e-01 7.216354788009662902e-02 5.751941198935905247e-02 2.060271927946055043e-02 0.000000000000000000e+00 0.000000000000000000e+00 0.000000000000000000e+00 2.946929491229162770e-02 0.000000000000000000e+00 1.207788657059819110e-01 0.000000000000000000e+00 1.379441334163758123e-02 0.000000000000000000e+00 0.000000000000000000e+00 0.000000000000000000e+00 2.296830917920753834e-01
2.294033330265455792e-02 1.806779631783478682e-02 2.696128424689960695e-02 2.544594032716246956e-01 0.000000000000000000e+00 1.889888598878093906e-01 3.165848888217604601e-02 4.769806785599026155e-02 6.120569833649575769e-02 6.016489729023419275e-02 0.000000000000000000e+00 1.112156516178731264e-01 0.000000000000000000e+00 0.000000000000000000e+00 0.000000000000000000e+00 0.000000000000000000e+00 5.978688087764887603e-03 0.000000000000000000e+00 0.000000000000000000e+00 1.706608309026427517e-01
2.044385994833226305e-01 7.571994408934031029e-02 5.802650857637829673e-02 1.445758731119717033e-01 0.000000000000000000e+00 8.977744167750345908e-03 0.000000000000000000e+00 1.062315863420566775e-01 6.503416162975853010e-02 8.179954784764353892e-03 0.000000000000000000e+00 1.373788863291045270e-01 0.000000000000000000e+00 8.300543798790365304e-04 3.411792510703584320e-03 2.108301757238898594e-02 0.000000000000000000e+00 0.000000000000000000e+00 1.661118770225807895e-01 0.000000000000000000e+00
0.000000000000000000e+00 1.461182109139815000e-01 5.508413139640500099e-04 0.000000000000000000e+00 1.440281743972219620e-03 2.006625233345187276e-01 1.389896068617089975e-01 9.771670693469011043e-03 1.529437754282526318e-01 1.845739209712298574e-04 0.000000000000000000e+00 4.655593749079169757e-02 0.000000000000000000e+00 0.000000000000000000e+00 0.000000000000000000e+00 1.644315658072721892e-03 0.000000000000000000e+00 9.160552732645146565e-03 1.479662069442086725e-01 1.440115029634433108e-01
1.430594279450501591e-02 2.043147913615820863e-02 1.678625174508278084e-01 0.000000000000000000e+00 1.180903444460704443e-01 1.646460176506447104e-01 4.649484674182315612e-03 7.313710696085906626e-02 0.000000000000000000e+00 0.000000000000000000e+00 0.000000000000000000e+00 0.000000000000000000e+00 0.000000000000000000e+00 1.188162987052419073e-01 0.000000000000000000e+00 0.000000000000000000e+00 0.000000000000000000e+00 1.285231568810893746e-02 1.422498659302373902e-01 1.629586265631641495e-01
9.621912788035287892e-03 2.594737653253695667e-02 4.201687485647300109e-03 1.268540407016186256e-01 1.717201098650898428e-01 1.497286240418543024e-01 1.322910937236082274e-01 0.000000000000000000e+00 6.880524819199125043e-03 0.000000000000000000e+00 0.000000000000000000e+00 0.000000000000000000e+00 3.103148453815905358e-02 1.175286972316288703e-01 0.000000000000000000e+00 0.000000000000000000e+00 0.000000000000000000e+00 0.000000000000000000e+00 1.737353323199126720e-01 5.045911595270960448e-02
7.475646498205311408e-02 6.505233267353449644e-02 1.178200517112345108e-01 1.143982374928697587e-01 9.060913476686585644e-02 7.607468482860207937e-02 2.089501920056495779e-02 2.761285702826463823e-02 7.099858452448055968e-02 2.769839811157826306e-03 0.000000000000000000e+00 7.873420406365012891e-02 0.000000000000000000e+00 1.287835084149202280e-01 0.000000000000000000e+00 0.000000000000000000e+00 0.000000000000000000e+00 9.210060147305654601e-03 6.687068079797194031e-02 5.541433955652414617e-02
1.167996405391953513e-01 9.753582282641964918e-02 0.000000000000000000e+00 1.336291893951068177e-01 1.375459569903952628e-01 8.984273178396937065e-02 2.250244389837328246e-02 4.630400420078725765e-02 0.000000000000000000e+00 1.221595441346581649e-02 0.000000000000000000e+00 1.389580281777683113e-01 5.949040873567160506e-03 0.000000000000000000e+00 1.456900868108870761e-01 9.203783304975208385e-03 4.430929936727639150e-03 0.000000000000000000e+00 0.000000000000000000e+00 3.939238684836186138e-02
5.258740673332784610e-02 6.446421706161137299e-02 2.271604108457645974e-02 9.367722185504231969e-04 2.016919089172856672e-01 1.581788472707837921e-03 0.000000000000000000e+00 9.998054081421571884e-03 1.973421905820188851e-02 7.009423834149446086e-02 0.000000000000000000e+00 1.374237364059200661e-01 0.000000000000000000e+00 1.378997615763094264e-01 0.000000000000000000e+00 0.000000000000000000e+00 1.228521861951945293e-01 0.000000000000000000e+00 1.580196698533984923e-01 0.000000000000000000e+00
2.089185297211412079e-02 1.443513762697619662e-01 0.000000000000000000e+00 1.335114049077497367e-01 1.922891904987010792e-01 1.927562741594348317e-01 8.400058698456315531e-02 2.356892500978940638e-02 0.000000000000000000e+00 0.000000000000000000e+00 0.000000000000000000e+00 0.000000000000000000e+00 0.000000000000000000e+00 0.000000000000000000e+00 0.000000000000000000e+00 0.000000000000000000e+00 6.959227668911438514e-02 8.069751165979091589e-03 1.287535757264122449e-01 2.214785616379930967e-03
2.777057017508357400e-02 1.002587852344511976e-01 1.928579370076260457e-01 5.433700983705489103e-03 7.652746934452757388e-02 7.859043509865703062e-03 0.000000000000000000e+00 1.284387886014401736e-01 4.688968389662406810e-02 1.124180806709593715e-02 7.859999851198607584e-03 2.573080611168602205e-01 0.000000000000000000e+00 0.000000000000000000e+00 1.781436556756666118e-04 1.548750678272302339e-02 0.000000000000000000e+00 2.465023260068565508e-02 2.626726646352459636e-03 9.461154252608466875e-02
7.775970963729524066e-02 4.993316206919614503e-02 0.000000000000000000e+00 0.000000000000000000e+00 1.296917910727657108e-01 0.000000000000000000e+00 1.381475508392709661e-01 0.000000000000000000e+00 0.000000000000000000e+00 0.000000000000000000e+00 0.000000000000000000e+00 4.503622477887919001e-02 1.170622599221797511e-01 1.426836229223244212e-01 6.841339451169128894e-02 2.633483212846569887e-02 7.541344278574659823e-04 3.364776917538678941e-02 1.242422575110760895e-02 1.581113227635797813e-01
2.463194008066832766e-02 2.754031413380555581e-03 1.233383985220519036e-01 1.171495162344232260e-01 0.000000000000000000e+00 1.869172395725486602e-01 2.396240033966258193e-03 7.889789788961607334e-03 1.957159122220756275e-01 0.000000000000000000e+00 0.000000000000000000e+00 3.541892289823365958e-02 0.000000000000000000e+00 0.000000000000000000e+00 9.241527570335816800e-04 0.000000000000000000e+00 5.638704421660670381e-03 0.000000000000000000e+00 1.501820738529940913e-01 1.470430782020019922e-01
0.000000000000000000e+00 1.772488339446003092e-01 0.000000000000000000e+00 6.102975378088952574e-03 2.252175288303400469e-01 1.724109489453682365e-01 0.000000000000000000e+00 0.000000000000000000e+00 6.099351283446356915e-03 0.000000000000000000e+00 0.000000000000000000e+00 4.068785456273146806e-02 4.766745562293850380e-02 1.014653445934922578e-02 0.000000000000000000e+00 6.786106470764292908e-02 0.000000000000000000e+00 8.184576408731761288e-02 1.647116881781764131e-01 0.000000000000000000e+00
1.893048144692606460e-01 1.361212689957733424e-01 1.999023286483891104e-01 0.000000000000000000e+00 3.601130145596975057e-02 1.874000304891980384e-01 8.299336681035428612e-03 0.000000000000000000e+00 4.973592698817538849e-02 0.000000000000000000e+00 4.111840452818499997e-03 1.629684207961850095e-01 0.000000000000000000e+00 2.014501059051632646e-03 0.000000000000000000e+00 5.222666216024051018e-03 1.002284289637345865e-02 0.000000000000000000e+00 8.884720851745532208e-03 0.000000000000000000e+00
0.000000000000000000e+00 2.852384699511402097e-02 0.000000000000000000e+00 2.497459307180176502e-01 3.837065115378031355e-02 1.157597504665467264e-01 0.000000000000000000e+00 3.507386875256693435e-03 1.903371767010888227e-01 0.000000000000000000e+00 0.000000000000000000e+00 3.714937985349807403e-02 0.000000000000000000e+00 1.457308941249679246e-01 2.873941560382192034e-02 0.000000000000000000e+00 0.000000000000000000e+00 2.049647659178227554e-03 1.532053790241804936e-01 6.880540824549135660e-03
