1.969723797973600699e-02 3.265542806853302671e-02 6.568886824103505051e-02 0.000000000000000000e+00 8.844979146061363040e-02 4.996477882178280115e-04 3.388860624524975187e-03 9.848956557862882655e-02 5.088469082463828452e-02 1.475730072872235774e-03 1.661529434051611516e-05 4.986532684799158122e-02 5.616876561847822420e-03 6.106788154244498397e-03 2.445130316985377195e-01 0.000000000000000000e+00 1.305461684811891065e-01 7.337528575471595135e-03 0.000000000000000000e+00 0.000000000000000000e+00 1.284748743698087628e-02 0.000000000000000000e+00 1.023627090273932297e-02 2.352810385403671101e-02 1.481559815538204539e-01
0.000000000000000000e+00 1.189664219836891529e-03 7.148374417870041742e-02 5.742976582492300601e-04 7.947698151226341781e-03 1.352963064632818103e-02 1.188558478550273551e-01 1.108400783317885913e-02 9.453041100385552870e-03 3.623471904096667827e-03 7.439088837425255826e-03 2.118179420813160602e-02 0.000000000000000000e+00 4.193620632553344239e-03 1.293786734263698834e-01 0.000000000000000000e+00 1.196487214065808935e-01 2.605792968877701163e-02 3.820103267262954429e-03 1.010395345262007005e-03 8.635241009340722737e-03 8.938065114863157426e-03 1.287866183515966878e-01 1.584109983507551167e-01 1.447573468140519182e-01
1.757207243517793296e-02 7.574652925061452213e-02 1.385739339373939782e-01 3.595595999058281457e-03 7.976621081085516051e-04 0.000000000000000000e+00 1.296054750890248686e-01 1.321467904386474657e-01 9.731407934112475816e-03 2.243741541198518083e-02 2.300941133818127510e-03 1.938181244646886708e-02 1.656912029317037047e-04 2.437832783015967623e-03 2.094245332279926486e-01 0.000000000000000000e+00 3.447076491824867597e-03 2.386728796679196685e-02 2.131722264873054523e-02 1.014152681628805314e-01 0.000000000000000000e+00 4.732819445537465863e-02 3.366424440517155436e-04 3.837061443199530492e-02 0.000000000000000000e+00
4.428612254321553920e-02 8.426462184995700197e-03 0.000000000000000000e+00 4.620895975856512648e-03 2.456989369772855786e-02 0.000000000000000000e+00 2.038238700515868779e-03 1.117451366326140203e-03 2.499951658124667866e-03 9.853097476804853483e-02 0.000000000000000000e+00 8.640409292227475835e-02 4.818987670703133927e-03 7.740497685362762031e-03 5.518710654278047301e-02 7.249372939156589757e-02 1.244416778275509727e-01 3.866315234580813831e-02 1.424147306047502531e-02 7.988784362943590622e-03 1.463998944551138381e-02 5.333438408492534311e-02 8.051139059641840637e-03 1.713117675520537675e-01 1.545932271535912783e-01
9.935612216813648982e-04 1.214816579177804660e-02 9.497115048722110098e-02 2.422376971522472930e-02 1.722998378011636206e-03 0.000000000000000000e+00 1.611380278954413492e-01 1.236087690131092154e-01 1.052943382562006314e-02 2.304273255168126297e-02 0.000000000000000000e+00 4.212005446336219289e-02 3.320195718358160786e-04 2.831810330164701277e-03 2.741278827895092876e-02 1.143088456915428326e-02 5.181909223663223180e-02 6.468859063864340619e-02 1.001490417359561860e-02 1.442970668643192046e-02 1.325364206742231377e-02 4.171470800699633719e-02 6.656714078706102823e-04 1.519496478460334588e-01 1.149578708431373553e-01
4.220772513408332233e-02 1.778768313548827543e-02 2.024042757675807366e-02 4.270672230176843394e-03 3.188120379955635547e-02 6.955023896319935395e-02 1.654471656716740846e-01 3.755702343526033660e-02 3.077374832444379135e-02 1.013096614984934944e-03 2.028982363613097452e-03 2.295452529038101777e-02 5.742730951302314410e-03 0.000000000000000000e+00 1.010854576711099802e-02 8.187545573178173219e-02 2.034962462643829899e-03 1.757832090711064152e-02 1.178601616623381337e-01 1.644228010802072093e-02 0.000000000000000000e+00 1.084601898171589779e-01 1.528902765525518015e-01 2.907555737177183047e-02 1.221902612858949411e-02
3.352307252464551551e-02 3.075065323883133250e-02 2.535967155495764784e-03 3.089676258365745432e-03 1.761606048404455171e-01 0.000000000000000000e+00 1.534670740520990492e-02 1.293256040187528433e-01 2.494687832398834095e-03 1.331734883034941530e-01 0.000000000000000000e+00 5.081553528745540865e-02 5.074169194591414281e-04 0.000000000000000000e+00 5.004141025388747673e-03 1.239485028849686594e-02 6.687924501342371042e-02 1.027090050968241727e-02 1.636329269705786849e-01 6.584685156921539625e-04 0.000000000000000000e+00 7.169051706898779686e-02 1.418862947150994515e-02 7.525441705269943042e-03 7.003146564641540839e-02
2.932565334119085956e-03 1.701875489267000094e-02 1.166076777552911281e-01 9.169320745013939331e-03 1.433206647475791101e-02 5.212125119952105284e-02 6.001900546361894906e-02 1.081949741434667100e-01 8.418911527366039135e-03 3.967813124217254434e-02 1.590963846674656960e-04 1.279067029358435803e-01 0.000000000000000000e+00 1.169664447929887139e-03 6.555821770115445590e-02 0.000000000000000000e+00 2.543467290127451527e-02 1.265777542466561519e-03 5.333332641675458952e-02 5.269511378264611634e-03 9.892137196716967867e-03 1.275259802541680865e-01 0.000000000000000000e+00 7.680265133678237932e-02 7.718960272597948091e-02
7.231249809248628535e-02 6.243230201958239849e-03 5.119879921971651725e-03 3.755069756273630294e-03 3.045201423180900462e-03 8.328065465596083987e-04 5.096926907861722318e-03 2.671725628118870599e-02 8.375308697268234182e-03 1.138070258026908574e-02 0.000000000000000000e+00 8.391635186828616533e-02 8.688433601678728288e-03 4.997628479350040183e-03 1.217108094866854867e-01 5.751245100119507098e-02 1.043806174734258629e-01 6.408684036489911695e-02 0.000000000000000000e+00 5.175074453191910208e-03 1.542276407201417527e-03 4.761855802394258518e-04 4.724265592888868270e-02 1.215012530851076605e-01 2.358905418608324422e-01
7.052467849557617595e-03 5.878744584669706730e-03 3.649878140398032933e-02 6.276700110140062143e-06 3.986651245531413340e-02 3.266770082525915250e-04 1.459527884563198707e-01 8.995037860899840476e-02 0.000000000000000000e+00 1.944360361223950243e-02 8.387626426261580309e-03 3.248531751299117004e-02 0.000000000000000000e+00 0.000000000000000000e+00 1.414393366472276384e-02 8.225117880791574243e-02 1.075743092187953810e-02 9.834958230291551001e-03 1.659663260869099729e-04 1.372585752939556314e-02 0.000000000000000000e+00 1.706624479641102865e-01 1.345326137606164818e-01 1.661781001365193466e-01 1.189833803976679712e-02
0.000000000000000000e+00 0.000000000000000000e+00 1.107761961587665767e-01 8.311241164033993448e-03 7.021862510815819747e-02 7.108094430635654437e-02 4.867172651646512610e-02 3.181983425340628030e-02 1.577035529540062909e-03 1.861230411539099155e-02 6.653546243628968328e-03 1.401450167115873557e-01 1.568846728594604180e-03 5.897859430216490992e-03 2.231781177649689099e-02 0.000000000000000000e+00 2.608713055617936649e-02 1.325288183626472382e-01 0.000000000000000000e+00 9.819757732610942102e-04 2.276968195329590050e-03 2.847652569170710038e-02 3.385351512286699505e-02 1.069660132190323881e-01 1.311780650363340295e-01
0.000000000000000000e+00 4.275704450729680105e-03 1.555885041605236940e-01 0.000000000000000000e+00 1.431377433782655695e-01 0.000000000000000000e+00 1.322373859591644829e-01 1.371426512434547329e-01 0.000000000000000000e+00 9.256958742316802324e-02 0.000000000000000000e+00 1.691891887138767883e-02 0.000000000000000000e+00 0.000000000000000000e+00 3.410951262206631581e-03 1.590856549116345252e-04 1.805944507158292051e-02 0.000000000000000000e+00 0.000000000000000000e+00 7.231400555651263523e-03 0.000000000000000000e+00 7.974114171090693204e-02 0.000000000000000000e+00 5.432059039224296226e-02 1.552068898658038321e-01
0.000000000000000000e+00 1.667016661329038738e-02 5.926171908583890285e-02 4.659293304646860805e-03 4.919333228861539481e-02 9.668190599178082267e-03 2.934822540157017712e-01 3.673977386072974083e-03 1.359075628173245578e-02 1.643063955977206846e-03 1.989618934553987004e-03 4.713710243011363238e-02 1.135260827518916587e-03 3.246899782192353453e-04 1.204075863738786889e-01 0.000000000000000000e+00 2.597538017595476742e-02 1.275334414843469141e-02 1.400140853447850442e-01 1.022291473829760149e-02 0.000000000000000000e+00 1.416832624684778372e-02 4.860516059423318491e-02 1.199386970702881819e-02 1.134299069690797163e-01
1.054148089977824249e-01 1.274601747731102718e-03 5.975313490390472826e-02 1.964937627475046682e-03 1.579569397526809638e-01 1.040812647975338130e-02 1.124725624314232633e-02 3.560745967843809839e-02 0.000000000000000000e+00 1.273623413813733049e-02 3.478364348503641158e-03 1.501867079945997108e-01 8.513390106157788743e-04 1.178046532868483147e-02 2.450718891831598842e-02 7.611459356285299981e-03 1.254166873331276529e-02 4.569487341324308884e-04 0.000000000000000000e+00 3.971584107017899976e-03 9.436677045410657438e-02 1.348895568929687171e-02 1.862608375611861031e-02 1.036794732826591542e-01 1.580894907173049924e-01
1.295639347896908019e-03 1.130024891405270598e-01 7.989700769176973083e-02 1.765459419393776430e-02 7.862688374418662363e-02 9.230626367636188268e-02 1.137780025177174414e-01 2.798090419688720534e-02 4.306370932088126463e-02 1.451351372559013357e-02 0.000000000000000000e+00 4.992839554418824349e-02 0.000000000000000000e+00 0.000000000000000000e+00 2.344129560811187424e-02 5.772843396721467207e-02 8.106537239797709932e-03 3.399881845098104427e-02 3.225477624086380002e-02 4.744857304948829971e-03 0.000000000000000000e+00 3.075643059185301925e-03 3.878243238923578112e-02 8.588897222574673820e-03 1.572309054171420195e-01
0.000000000000000000e+00 1.265208669927277325e-02 3.992834285296894409e-02 9.882498765022347965e-04 1.365323783908117816e-02 0.000000000000000000e+00 2.572750522463309042e-01 1.144830380110278545e-01 0.000000000000000000e+00 1.465956481416275277e-02 2.492896680802232385e-03 1.214301513566118929e-01 1.122182675176803396e-02 8.594674884144873914e-04 3.791257091825638720e-02 0.000000000000000000e+00 0.000000000000000000e+00 1.954247016184828753e-02 0.000000000000000000e+00 7.131574554420971879e-02 0.000000000000000000e+00 7.729679519602902782e-02 1.665237351038526686e-02 1.653772045478857089e-01 2.225892550444225418e-02
7.254005612745054350e-03 5.043824276367368797e-03 1.430296937852578998e-01 6.639131823208826132e-03 1.326836356326268618e-01 1.265202160814765144e-03 1.780561962182008670e-02 1.632800783649122163e-03 1.419930979774309404e-02 2.910587200915985134e-02 6.288774749945800352e-04 9.076634957699458717e-02 0.000000000000000000e+00 1.470550443888583164e-02 1.236960144735936712e-01 5.779722453563468408e-04 1.273423038502181359e-01 7.904132972337490903e-02 7.399137598507069501e-03 8.457535961034032268e-02 1.046637728812062785e-03 3.370804717284349439e-02 6.712243011364472630e-04 6.867189177141252987e-02 8.510254530136969128e-03
6.789632542716653174e-02 7.591029926988314414e-02 1.729831144702549325e-02 3.276575979359359209e-02 1.837354778618534691e-03 4.231211993165611730e-03 2.753895640496679259e-02 2.231246285429205611e-01 6.370384240836740944e-03 2.235880385890239887e-03 6.130421187045993758e-03 1.285706438217457948e-01 4.237125621703313619e-04 5.814943885292881906e-03 4.835150913906898634e-02 1.824788767746893551e-03 2.497065347778006615e-03 1.764280939686481073e-02 1.397830250516805817e-01 7.301186094607584054e-02 0.000000000000000000e+00 8.289267555669091805e-03 7.442617867509187211e-03 2.513463063762149188e-02 7.587359154966281938e-02
7.942454185112636511e-02 3.558467306604533309e-02 3.059221595981291911e-02 1.709712571925442459e-02 4.393086741429398819e-03 8.169367549729310285e-02 4.746133854358729198e-02 1.510842275331556774e-02 5.928247364531795145e-04 3.124941269940548216e-02 3.644417391918307325e-03 1.841939575778964860e-02 3.784440641334536285e-03 8.002406515302314539e-05 1.342875389467969860e-01 1.922443706438138958e-02 1.273732987955146223e-01 2.014174553201352608e-02 2.724518340207720754e-02 2.806414326373861878e-04 1.149517516483968549e-01 2.736519752961139430e-05 9.897453974047901865e-03 1.932050890073726962e-02 1.581244796819488152e-01
3.624070285575791556e-02 3.041534064206397395e-02 1.088744816917327496e-01 9.373055807250211049e-03 2.501283178296279108e-01 8.043349672307597599e-04 3.225429633833789417e-02 6.412380686419237585e-02 0.000000000000000000e+00 1.306647055202574039e-03 0.000000000000000000e+00 1.874640219473446695e-02 1.200525640778381253e-01 0.000000000000000000e+00 7.176122598240657069e-02 0.000000000000000000e+00 9.607574834985140727e-03 4.212029001059634792e-02 1.453573421853488618e-02 1.692475363316494653e-03 0.000000000000000000e+00 1.302999759629078387e-02 2.970183520697878849e-03 1.748872367578531775e-02 1.544738444734177207e-01
8.189197383810295494e-02 1.580585234991233523e-03 1.233242038399388028e-02 1.869493243708703241e-03 8.767357827800346948e-02 0.000000000000000000e+00 4.566128588914902114e-02 1.049178209843598802e-01 2.107508106470465728e-02 1.590172535986154531e-02 0.000000000000000000e+00 2.616000373720952024e-02 8.411144847106393667e-04 1.046172399632070045e-02 4.280783673137685159e-03 0.000000000000000000e+00 1.009571706656074569e-01 1.035727236449970612e-01 3.517182507013162131e-03 8.409497093898639234e-04 1.465556659669044193e-02 1.593669457704383341e-01 0.000000000000000000e+00 1.666792806139172356e-01 3.576259032369239615e-02
0.000000000000000000e+00 1.167280691385670297e-02 1.393442430919490105e-01 4.762192677486067754e-02 1.178741879212346841e-02 0.000000000000000000e+00 1.802255374120926776e-02 8.827750365983831615e-02 1.074764441134079193e-02 1.269704340052188463e-02 3.295867145199718202e-04 2.647291560409426731e-02 1.320974038674138694e-03 0.000000000000000000e+00 9.582474131580916848e-03 3.092344848323342471e-02 7.873848225776564069e-02 1.228080082088661568e-01 0.000000000000000000e+00 1.144002152395061922e-01 3.296840909621509075e-04 1.990079853391857247e-03 0.000000000000000000e+00 1.132614040754084117e-01 1.596715865162968151e-01
0.000000000000000000e+00 5.840062571801728220e-02 1.460761733799177953e-01 0.000000000000000000e+00 1.228175465093354762e-01 1.330378514253111998e-03 1.416680746653104228e-01 1.442274089710308960e-02 2.831363900401409270e-02 2.461038387429850816e-02 0.000000000000000000e+00 4.360662195121142726e-02 2.422721598934190514e-03 1.089774032927443362e-02 1.034312873033400582e-01 0.000000000000000000e+00 1.780342746096498507e-02 2.599159030068297002e-03 4.369814852167639915e-03 1.319087127482857858e-03 1.446457290936675744e-03 0.000000000000000000e+00 1.461893199878415150e-01 8.939862124792671838e-02 3.887617925760145088e-02
3.699069351032203967e-02 7.052526646824646729e-03 1.298078882763828990e-01 8.155220464751699065e-04 2.820309249480143152e-02 1.149695322751318610e-02 1.367129052969759118e-01 1.416631381259146338e-01 6.254956058129360584e-03 0.000000000000000000e+00 0.000000000000000000e+00 7.204208817468270298e-02 0.000000000000000000e+00 7.216984547129457264e-03 6.880960638059091528e-02 5.527247257330900401e-04 6.172026407665901415e-04 8.065326288342557562e-03 1.385085360617781536e-01 2.472416611296845892e-03 0.000000000000000000e+00 9.684656824690484125e-03 7.226089040947419710e-03 3.428816063899446653e-02 1.515185323817080931e-01
3.011764871991837178e-02 1.973098231975770056e-02 1.447607808444334627e-02 3.047692826424251017e-02 8.070080521450828659e-02 1.758716701257535993e-03 1.378403080954024029e-01 4.822281172069275978e-02 8.731880331242367760e-03 1.288600566141129833e-01 6.611112024600488031e-03 1.557831121530535087e-02 4.064457252956090588e-02 2.888292152929193383e-03 1.195584260954700995e-01 1.135976133453766749e-04 4.762174533472083443e-03 9.416601738344654304e-02 1.724101973053246417e-02 5.592253509992811157e-03 1.151558918629296989e-03 1.854990561521305953e-02 1.364400193480646943e-02 0.000000000000000000e+00 1.585825406771175228e-01
3.415667412460811461e-06 7.425298189829742518e-03 4.876108073922160585e-02 1.109512226589751152e-05 1.737195469296136038e-02 1.461328124953398082e-02 1.415332338319643113e-01 4.182331045447143514e-03 4.887339681917719433e-03 1.770161005110978264e-02 0.000000000000000000e+00 2.474727562987109886e-02 3.710636602190964424e-04 1.341299810051843535e-03 9.843800275412666057e-02 3.877702078022427640e-02 0.000000000000000000e+00 7.562224606249698389e-02 2.643630656346614149e-02 0.000000000000000000e+00 0.000000000000000000e+00 7.350332613600851772e-03 1.517268066501479551e-01 1.646125011272781546e-01 1.540865040768529537e-01
3.569072753578474144e-02 9.896338600263973606e-02 1.883194050776041545e-02 8.393996132545794575e-03 2.269435191693747883e-02 0.000000000000000000e+00 3.209558440331403834e-02 1.228600213847373807e-01 6.733879772201680977e-03 1.278531666866755123e-01 6.266411726791079086e-03 1.433944774990942028e-01 3.635347845205841224e-03 1.118153729168766368e-02 3.356563487216138869e-02 1.065353167530135817e-03 6.516361826775271537e-02 9.058312962030159315e-03 0.000000000000000000e+00 4.471524930717456908e-02 0.000000000000000000e+00 3.513802841969946439e-02 8.382059005061174434e-04 1.523914245652140120e-01 1.946934383255589235e-02
1.380792712262630430e-03 8.849602104291974525e-02 1.319014812591589036e-01 3.834852942542210652e-02 4.180606576965285176e-02 0.000000000000000000e+00 1.374653491331013777e-01 1.401204512374560618e-01 3.224489202834949358e-02 1.624939235023964076e-02 1.713344374534623432e-02 6.895922273907389988e-02 0.000000000000000000e+00 1.781625040874109181e-02 0.000000000000000000e+00 0.000000000000000000e+00 1.445100506308555181e-02 3.169676708680899124e-02 4.742938664380601937e-02 1.013241630588578024e-02 0.000000000000000000e+00 1.068440450861716517e-01 0.000000000000000000e+00 4.603120105179492327e-02 1.149328691072304919e-02
6.580669014372407706e-03 4.636413418619955013e-02 4.758464727012387541e-02 9.756891917575154921e-03 9.464193330819865857e-02 0.000000000000000000e+00 6.623921220191897330e-02 1.785120611515556358e-02 2.481249482433958275e-03 1.058237144880112314e-02 0.000000000000000000e+00 6.409406185313759607e-02 9.656854245332149866e-03 1.233353601792215593e-02 1.501231066530401836e-01 4.375555834310025194e-04 1.423133540627569138e-02 7.728624049120785822e-02 1.505385273887361285e-03 1.508772128497115790e-02 0.000000000000000000e+00 2.556342751741259509e-02 1.406734815609864964e-01 1.569550894629788973e-01 2.996988970463759089e-02
2.419911168589507656e-03 1.597820829936001316e-02 1.629231199290900045e-01 6.538805016360517289e-04 6.039318978030550067e-02 2.992435807304838144e-02 4.127995668075835727e-03 1.293135598256541473e-02 5.036662529571318825e-02 3.792778693715732202e-02 1.449311589173389494e-04 1.408577478757347123e-01 5.064943440656429667e-04 0.000000000000000000e+00 5.161097005669540265e-03 0.000000000000000000e+00 8.096375131804418130e-04 1.095243845769990620e-01 1.490977713210526849e-02 1.155949670230484172e-01 0.000000000000000000e+00 6.310459774135471905e-03 3.346499490684290683e-03 1.579686866087720298e-01 6.721888586114671549e-02
4.826913475578542556e-02 9.181192631892313993e-02 3.792574468045615405e-02 0.000000000000000000e+00 0.000000000000000000e+00 2.560399368468830802e-02 1.585991026955425875e-01 0.000000000000000000e+00 1.482918493476836214e-02 1.151940693127534790e-02 0.000000000000000000e+00 1.121601092134980743e-01 0.000000000000000000e+00 8.875286217953613083e-03 7.358141487914436618e-03 8.693347734991214992e-02 3.479849387062367710e-02 1.317992297911138588e-01 1.607250921021043943e-01 8.058108330820193746e-03 0.000000000000000000e+00 1.784939321583662447e-02 1.695994536460882635e-02 1.625952249732743465e-02 9.664706556847433086e-03
0.000000000000000000e+00 1.941474943747434692e-02 8.398704309301108228e-02 2.911691175076190630e-02 3.519438401010396931e-03 7.166054962553922159e-02 1.800657806859283783e-01 2.183645126628080534e-03 7.416563116783131057e-03 6.390561486453224388e-03 0.000000000000000000e+00 5.993163654996420085e-03 1.081484148560589442e-01 0.000000000000000000e+00 3.122541429636995283e-02 8.705983127915185860e-02 1.979971211980233181e-02 3.441212526616226064e-02 1.594556523964375967e-04 9.975117160537700679e-04 1.137880195406887254e-03 5.725915194234323762e-03 1.975498140279630371e-03 1.667940502383988832e-01 1.328157846670985631e-01
5.956630169934769292e-02 2.017605160580308605e-03 2.814131313623806016e-02 4.774260722419081267e-04 3.268089459871013208e-02 8.693547565523601639e-02 7.632953871722147898e-02 9.813131485803055012e-03 1.124681993197131080e-03 4.028743925169243206e-02 1.150765645478178927e-03 1.619910137138233508e-01 0.000000000000000000e+00 1.296549287415712680e-03 1.710421780305981798e-02 0.000000000000000000e+00 4.952429584167403198e-02 9.129302911800664388e-02 1.374481567964642862e-03 0.000000000000000000e+00 1.824231923672689709e-03 1.743820960920502224e-04 1.042084457763747113e-02 1.761454899579222577e-01 1.503268906969848773e-01
3.719552013995632012e-02 3.925538979363556516e-03 8.815410906008561143e-02 4.317304011559821436e-02 2.318284052777033755e-01 0.000000000000000000e+00 6.199251224249089504e-02 1.276555866570038000e-01 7.370883690657342897e-03 2.670592460322455345e-03 3.316538200008153545e-04 1.008989538873544638e-02 1.119811412645731565e-04 6.164946523838368657e-03 9.926917700719939397e-02 0.000000000000000000e+00 5.001744855232041461e-04 1.231427479000451065e-03 0.000000000000000000e+00 4.235025455663439520e-02 0.000000000000000000e+00 2.335092538720622349e-02 1.859938769927503219e-02 1.933729983644000838e-01 6.609895237404605703e-04
8.255984354888574323e-03 0.000000000000000000e+00 1.610428577417063190e-01 4.973785794628634693e-04 1.790675737430009462e-01 5.748388305738641110e-03 1.712944312996040122e-02 1.931222675818042300e-02 2.252292450769256479e-03 2.620400481841060614e-02 4.880734025478397457e-03 1.597721915923651648e-01 1.681197388674708355e-04 1.873950546301720102e-03 4.244545473628935639e-02 1.269571238630384921e-03 6.732671020591240270e-04 6.732357599040301099e-04 3.366514932183044002e-03 3.282046373829429486e-02 2.614320111889780699e-03 1.001510101769319434e-02 4.832549659854819268e-02 2.411070505218728954e-01 3.048437845750497088e-02
1.134393929344703900e-01 2.214195854002765432e-02 6.219741914737122838e-03 4.396385693796311250e-02 3.292500995753347426e-02 3.821468256850799917e-03 2.484663631468352236e-03 3.019884715090800226e-02 2.037091190440406055e-02 1.649498503522725257e-01 2.712129078135578058e-03 5.333622493955022387e-02 1.885736834537713943e-02 5.481756632686361156e-04 1.196261469988086773e-01 7.817155899828950177e-03 6.419277165027711257e-03 1.781522705287046787e-02 3.018266957426803121e-02 1.072602557216404719e-02 4.635720213611040606e-04 1.166866345535468169e-01 2.463043736575856735e-02 1.719217090482424992e-02 1.324710832845744368e-01
0.000000000000000000e+00 5.709367534500815917e-03 1.476114769045784869e-01 2.017316331673991645e-02 0.000000000000000000e+00 1.841134593542879689e-03 1.171856719045767659e-02 2.547802327567374320e-02 3.758983128483380214e-03 7.281076695442191549e-02 9.255001409029359541e-03 1.143609715117416686e-01 1.665992522493567329e-04 0.000000000000000000e+00 1.410986383827704249e-01 0.000000000000000000e+00 1.500197486847941811e-02 3.958640758306271323e-02 0.000000000000000000e+00 1.924888986406840790e-03 0.000000000000000000e+00 9.713155306339399386e-03 4.636791771670470408e-02 1.785589289657382450e-01 1.548640331190791197e-01
6.583691192107414417e-04 1.302097699845313275e-02 1.088625527273736487e-01 0.000000000000000000e+00 2.168993511296959248e-02 5.426784319937084239e-02 2.506104060290955185e-02 2.822286125294473993e-02 3.535034698395247282e-02 0.000000000000000000e+00 0.000000000000000000e+00 4.236093021268275832e-02 4.086816721740159234e-04 2.263528278352402220e-03 1.106953833945170107e-01 1.984755966636094892e-03 1.169743926847172655e-01 3.355250840664582290e-02 1.431149950186445634e-02 1.087806825654257176e-03 0.000000000000000000e+00 1.880417988191796230e-01 8.766881032120019124e-04 1.721091925526636868e-01 2.819890758451591706e-02
3.786654350858299854e-03 2.476188247672115109e-02 1.256282823556950368e-01 1.379082921686183329e-02 6.246252704903601516e-03 8.529285229659847034e-02 1.416492266009348466e-01 1.442511804883684634e-01 7.615004687595629609e-03 9.398967430682235794e-03 0.000000000000000000e+00 9.565250534108261926e-03 0.000000000000000000e+00 0.000000000000000000e+00 5.098340028392824713e-02 0.000000000000000000e+00 1.525817983369611233e-02 3.771106540554367090e-03 7.164113050770692936e-03 9.445465937564368267e-03 1.952403682587092529e-02 8.280270130951568547e-04 0.000000000000000000e+00 1.746463729141740640e-01 1.463929144570183805e-01
6.685415939022634757e-02 9.938468006049885201e-03 3.819508171417389936e-02 1.824664330648187102e-02 1.453635388179324618e-02 3.307911875739844021e-02 3.156101738883717450e-02 5.228028313716188286e-02 2.434842759714187302e-02 1.148850655498513951e-01 3.558451452170682209e-03 4.107266703107479572e-02 1.103048303982964023e-01 5.527121732701732910e-03 9.477878966024090579e-02 1.013720335401164900e-02 1.172613436306946082e-02 9.022724476226394452e-03 1.239483092041667039e-01 5.820885172080815344e-03 3.328951976185957938e-04 3.112556967911733752e-02 1.044881663942690345e-02 7.179654263462217911e-03 1.310913286472193406e-01
8.999447219216952232e-02 6.615217755421944675e-04 3.731177359390488307e-02 0.000000000000000000e+00 1.172595825780065742e-01 0.000000000000000000e+00 1.354923201300592961e-01 1.273767191879203176e-01 5.407652734961397936e-03 2.855190495244981641e-02 8.999388650795069403e-03 1.224905088093500294e-01 3.840033848723137418e-03 3.875020446371831278e-03 6.774491829842017691e-03 2.483018824143582036e-05 2.332442842590230769e-03 2.912421385886649478e-02 4.862440435816407086e-02 0.000000000000000000e+00 1.465127533630884542e-02 4.251256835122814437e-02 5.421872954389640557e-03 1.869255381254983014e-02 1.505804475675652510e-01
8.672428319558481494e-03 0.000000000000000000e+00 6.711603304267324543e-02 0.000000000000000000e+00 1.078126051131626621e-02 0.000000000000000000e+00 5.842408360177330645e-02 3.702916424741752727e-02 5.084817030745265864e-03 5.986599070790496468e-02 0.000000000000000000e+00 7.910522000991127012e-02 2.178030302068690444e-03 1.254840710629361684e-03 7.648832309943967567e-02 1.027353722601972996e-03 1.185838578103818736e-01 1.270249316083814362e-01 1.599423953389487790e-03 1.607171856371540294e-02 0.000000000000000000e+00 1.401349026488359940e-02 8.280487249960145684e-04 1.690189986446672399e-01 1.458319851235449771e-01
3.282588058365980255e-04 0.000000000000000000e+00 1.367556074542664868e-01 9.301094471934214999e-03 0.000000000000000000e+00 1.338255809976439566e-02 2.676698193262024711e-02 1.219515415675588750e-02 0.000000000000000000e+00 8.036946199344133235e-02 0.000000000000000000e+00 1.410340690255950102e-01 6.566935011574144727e-04 1.324727236048350940e-03 1.200134243279323276e-01 0.000000000000000000e+00 4.392378100076834574e-02 1.064968583217192066e-02 0.000000000000000000e+00 1.064350051599022295e-02 0.000000000000000000e+00 3.248370588502370415e-04 4.142544675760699568e-02 1.782774426336821150e-01 1.726272751955778284e-01
0.000000000000000000e+00 7.611818756950643888e-03 1.392889139890330918e-01 0.000000000000000000e+00 3.223131712352926559e-02 2.571811671480870101e-02 3.738729741140027485e-02 8.919256636958648732e-02 3.726183003268852736e-03 4.044163147426531324e-02 1.183359411757295768e-02 5.454270467099122527e-02 0.000000000000000000e+00 7.538297361830027972e-03 1.550233369516910986e-02 2.780129129274424085e-02 1.318751436391301102e-01 1.128560913824459416e-01 9.140143309096165902e-02 1.169404379111128531e-03 6.936108572381937711e-03 7.877853092667756046e-03 2.302242800014577071e-03 2.335322475460802159e-03 1.504303345866758734e-01
2.345435478126124944e-03 2.945823493629680725e-02 1.570341691405604319e-04 7.919797342537288065e-02 2.268429736162086777e-02 0.000000000000000000e+00 1.921000525186724039e-01 3.894522515678858904e-02 3.972301797091297437e-02 1.299514411510938224e-02 0.000000000000000000e+00 1.053773909419871979e-01 2.921946149513279280e-03 4.575587678920755002e-04 3.380331528149279480e-02 3.145827570798850198e-02 2.774777962001143475e-02 1.373813338250925477e-02 1.614582452380886601e-01 8.611800135669061889e-04 5.929191904695387504e-03 5.558897078413852638e-02 7.218883272844649202e-02 1.485746979851219202e-02 5.600529454911663818e-02
8.675323892801931058e-02 1.432180596177016520e-03 1.447398683391764446e-02 0.000000000000000000e+00 8.542863761358510111e-02 0.000000000000000000e+00 1.118428500636215253e-02 1.523129296850325165e-01 2.780658073777613881e-03 3.111864726529215905e-03 3.265957873358581523e-03 6.103863723896436888e-02 1.149824151803287200e-03 4.983736293226411797e-04 6.709239947968189711e-03 0.000000000000000000e+00 1.759678425100373589e-01 4.811507866357187836e-03 1.793735776814043073e-02 0.000000000000000000e+00 0.000000000000000000e+00 8.245678173811285538e-02 5.061653977940909835e-03 1.859255786986729608e-01 9.769946313592065001e-02
4.241798342346609144e-03 2.015736601952692122e-02 1.125078005426589922e-01 1.007615697624535817e-01 1.229616828813132196e-01 6.373767741702873833e-04 4.233239068306083458e-02 1.470452737284000111e-01 0.000000000000000000e+00 1.693576758167833138e-02 1.667243456645427907e-04 4.454348992778232180e-02 7.731814845758878344e-04 0.000000000000000000e+00 1.179300652057540394e-01 0.000000000000000000e+00 1.154013564648823618e-02 1.393763400762216068e-02 1.438794259430102862e-01 5.003803124682983106e-02 0.000000000000000000e+00 1.023857172629623336e-02 1.239758346213388519e-02 1.116553540681310477e-02 1.580859528142076684e-02
1.065214691376418664e-03 5.945763535878430782e-03 1.313207310186634974e-02 9.346637556289547066e-02 8.917439368179275183e-02 1.818882920119972799e-03 4.360229238245334066e-02 1.138890499228108547e-02 4.436142187130588666e-02 2.464951949308043233e-02 2.506886175691799921e-03 4.949437045541532632e-02 0.000000000000000000e+00 0.000000000000000000e+00 1.250743451141706764e-01 5.839501634091832927e-02 2.191460690781345949e-02 2.193584693569716141e-03 2.175980918775584361e-02 3.659191462156886118e-03 0.000000000000000000e+00 2.037528068221240024e-02 2.644297023439138531e-03 1.673244994168046340e-01 1.960532703070016480e-01
0.000000000000000000e+00 6.944771855847876700e-03 1.465747200762574365e-01 2.905438935177115205e-04 1.605958849146257861e-02 2.355737883928806300e-02 1.282978663164616173e-01 1.207267955958459330e-02 1.854321036064854322e-02 7.763011051179229127e-02 0.000000000000000000e+00 2.117299762156283835e-02 9.241605514483164146e-04 6.958270903309284917e-03 1.248680886134011236e-01 1.656494596526317383e-04 1.547870258360827499e-02 5.979195303896856634e-02 1.427831993610619299e-01 2.712850165117206350e-02 0.000000000000000000e+00 2.467864285889362699e-03 8.251938204176618649e-03 9.060369924276652151e-03 1.509774338966116125e-01
3.278148889054581408e-04 9.031926942723338125e-02 1.253916254112907025e-01 4.067558905487448674e-03 4.487943812560680340e-02 6.144288487338501505e-03 1.249733519735073128e-01 1.159338224303818783e-02 4.487400689265949767e-03 7.909449153129719228e-04 6.386176930476195578e-03 4.250777003132048815e-02 1.167344922008094373e-02 1.918537357072650201e-03 1.552278245865942319e-01 1.642192531612632280e-04 1.579711978670830450e-02 2.344918570435938071e-02 1.316766168891846944e-01 1.157268911709924755e-02 6.471258013473210093e-03 6.405991096703767158e-03 4.799582840375998111e-02 1.315103055497089321e-03 1.244631554875218760e-01
