0.000000000000000000e+00 1.459565931596046862e-01 0.000000000000000000e+00 4.083515021104101167e-02 1.296674539581889329e-01 5.270654122673092135e-02 2.317662161150173608e-02 4.486961118250807831e-03 5.890749091086541767e-02 0.000000000000000000e+00 0.000000000000000000e+00 2.952717141708632517e-02 0.000000000000000000e+00 0.000000000000000000e+00 0.000000000000000000e+00 0.000000000000000000e+00 6.642417811360420976e-02 1.133056725345000376e-01 1.761974058052620251e-01 1.588087599333639077e-01
0.000000000000000000e+00 0.000000000000000000e+00 1.075547814583553974e-01 2.549732833148167233e-01 0.000000000000000000e+00 2.053345252683044242e-01 0.000000000000000000e+00 5.329500485451460490e-02 7.559483405316651250e-02 6.046864797515094647e-03 6.861958498435489530e-03 1.410208275259336452e-01 6.883929620874022770e-02 2.310334472523665333e-02 0.000000000000000000e+00 0.000000000000000000e+00 0.000000000000000000e+00 0.000000000000000000e+00 0.000000000000000000e+00 5.737527929498117962e-02
5.888613329195746190e-03 7.921373582119045631e-02 3.892572328140670584e-02 9.008535330896760840e-02 7.471637739229013142e-02 1.491299209587108269e-03 9.851271267387619324e-02 1.244475933685207647e-01 5.880397674529968394e-02 0.000000000000000000e+00 0.000000000000000000e+00 1.042618658230293899e-01 0.000000000000000000e+00 1.122186256136952914e-01 3.185693310964578945e-02 5.382729446141416504e-03 1.072932982233665115e-02 0.000000000000000000e+00 0.000000000000000000e+00 1.634651310548170811e-01
1.432024577160382062e-01 1.349138630207841472e-01 9.222062882261418404e-02 0.000000000000000000e+00 0.000000000000000000e+00 0.000000000000000000e+00 4.507335633673487281e-03 4.363516343239714351e-02 0.000000000000000000e+00 0.000000000000000000e+00 0.000000000000000000e+00 1.135130685084164842e-01 1.477680003167850808e-01 0.000000000000000000e+00 0.000000000000000000e+00 5.851768773165330617e-02 5.430072718205088828e-02 2.224742475971634367e-02 1.851736428758706809e-01 0.000000000000000000e+00
0.000000000000000000e+00 2.047831716786327472e-01 4.644514150975061206e-02 3.176660707711475434e-02 1.645806952139439172e-01 1.361776864943807855e-02 0.000000000000000000e+00 1.677901671057856897e-02 0.000000000000000000e+00 0.000000000000000000e+00 0.000000000000000000e+00 2.654637430889152452e-02 0.000000000000000000e+00 2.330374669984600425e-02 3.306584807899939655e-03 0.000000000000000000e+00 0.000000000000000000e+00 1.504153912789518710e-01 1.626334318974411719e-01 1.558220701675107067e-01
0.000000000000000000e+00 1.552090624124357054e-01 1.107416775863660600e-02 9.735648878478306290e-02 1.653268844227927803e-01 3.143891364764098140e-02 0.000000000000000000e+00 1.340544527386410834e-01 4.146399158044023620e-02 3.722429041356489494e-04 0.000000000000000000e+00 1.750246638582329817e-01 9.525016576618567862e-03 0.000000000000000000e+00 0.000000000000000000e+00 1.215725988860617279e-01 2.798285300970774700e-02 0.000000000000000000e+00 2.959866341987294966e-02 0.000000000000000000e+00
0.000000000000000000e+00 1.313403408951701046e-01 0.000000000000000000e+00 1.568536911168722237e-01 1.144758716669940640e-01 1.492651597904790517e-01 0.000000000000000000e+00 3.313727163248173652e-02 2.167102018467348748e-02 8.083780744212678074e-03 0.000000000000000000e+00 1.412137935297644031e-01 1.960600185818366648e-01 1.221233147762381885e-02 0.000000000000000000e+00 1.851714741146679799e-03 7.196531787708744521e-03 0.000000000000000000e+00 6.893924198154583079e-03 1.974454965288167940e-02
9.051962183313265811e-03 0.000000000000000000e+00 0.000000000000000000e+00 1.047438610427333938e-01 3.434042472364826765e-02 3.351980177578847697e-02 2.717719329706507966e-02 1.425655332658859464e-01 6.465363681706681742e-02 0.000000000000000000e+00 0.000000000000000000e+00 5.894751636634865122e-02 7.634269713599146912e-02 1.331444419833836268e-01 0.000000000000000000e+00 1.000176784091122845e-01 0.000000000000000000e+00 0.000000000000000000e+00 1.647837523798203474e-01 5.071150061984261437e-02
0.000000000000000000e+00 1.465085685934135462e-01 1.438194998000172364e-02 1.542891063496528437e-01 1.624623115731496648e-01 3.370201102043322156e-02 0.000000000000000000e+00 0.000000000000000000e+00 6.098769460183547930e-03 1.251771775814522758e-01 0.000000000000000000e+00 1.461611487132322695e-01 0.000000000000000000e+00 0.000000000000000000e+00 0.000000000000000000e+00 3.736514688701168818e-02 1.227107593533184327e-01 0.000000000000000000e+00 3.303707016872441810e-02 1.810598031942643044e-02
6.633788858314511316e-02 1.390429296908176904e-01 5.153860390946501252e-02 8.463124601547961090e-02 1.653732428043387936e-01 3.344345054161486364e-02 1.860977267269396922e-03 7.886811467614595131e-03 5.701078088535666694e-02 9.792333973529106575e-03 0.000000000000000000e+00 1.315442317034012931e-01 1.327056870887995295e-02 5.900270295008458454e-02 1.482970781538795468e-01 2.699793379392912904e-02 1.535399090118441797e-03 0.000000000000000000e+00 0.000000000000000000e+00 2.433820461076215136e-03
2.662749354357732065e-02 1.357529213167807947e-01 0.000000000000000000e+00 2.506662499428345403e-01 2.358959134607655980e-02 1.563638342829037631e-01 0.000000000000000000e+00 0.000000000000000000e+00 0.000000000000000000e+00 0.000000000000000000e+00 0.000000000000000000e+00 7.234774706276178580e-02 0.000000000000000000e+00 1.167175988077597676e-02 0.000000000000000000e+00 1.307214841364193192e-01 8.167699723470756012e-02 4.031277976139023556e-02 7.026914149177222735e-02 0.000000000000000000e+00
2.996535007054668132e-02 1.268623618981274959e-01 2.049170679600113842e-02 0.000000000000000000e+00 0.000000000000000000e+00 1.020949415189125742e-01 1.189324467510122696e-03 8.749521978117177912e-02 0.000000000000000000e+00 5.389577267250544867e-02 0.000000000000000000e+00 1.751243099384278967e-01 0.000000000000000000e+00 1.205416117076567317e-01 1.235465267129910033e-02 2.377691980203438804e-01 0.000000000000000000e+00 0.000000000000000000e+00 3.221555045749718849e-02 0.000000000000000000e+00
5.343994981906414338e-02 1.278934180730396941e-01 1.677569452244560225e-03 1.327378751041203286e-01 0.000000000000000000e+00 1.494718044414602987e-01 0.000000000000000000e+00 4.624060212369640599e-02 7.532821932783598240e-02 2.432338738842607789e-02 3.991916202720057621e-03 1.384255367960131045e-01 1.830516387235763542e-01 1.151493130643730690e-02 4.535911977144443247e-02 1.816790719032582591e-03 4.727240750888682570e-03 0.000000000000000000e+00 0.000000000000000000e+00 0.000000000000000000e+00
2.381822488873385976e-02 1.668723119036822078e-01 1.543741373803573201e-02 1.646602087823154092e-01 3.436582628026138564e-02 6.656813729858178375e-02 0.000000000000000000e+00 2.984272191119029076e-03 0.000000000000000000e+00 1.068786393189815609e-01 0.000000000000000000e+00 1.352105534530900210e-01 1.285246459847444456e-01 0.000000000000000000e+00 1.546797661604546181e-01 0.000000000000000000e+00 0.000000000000000000e+00 0.000000000000000000e+00 0.000000000000000000e+00 0.000000000000000000e+00
3.770764319822041133e-02 1.513781277583784723e-01 5.193552768048924524e-03 0.000000000000000000e+00 1.634934694472875427e-01 1.246644018122124026e-01 0.000000000000000000e+00 1.041485494524641703e-01 9.153465091939615161e-02 0.000000000000000000e+00 1.344151804067957208e-03 0.000000000000000000e+00 0.000000000000000000e+00 8.929145731988070295e-03 1.371159854630875086e-01 1.385006073186672692e-03 0.000000000000000000e+00 4.481234417273920016e-03 1.159990691499130679e-02 1.570241742393965467e-01
