1.130111904681689733e-01 1.723398529000995383e-01 0.000000000000000000e+00 9.360374111570816946e-02 1.835413773112654773e-02 0.000000000000000000e+00 6.327154363768924469e-03 0.000000000000000000e+00 1.720205953797878939e-01 8.377642257971293013e-03 0.000000000000000000e+00 1.781637234639949496e-01 2.996407618326164118e-03 0.000000000000000000e+00 1.371748952530822685e-01 8.515166803309257015e-03 1.177398106857241444e-02 4.773528539695527650e-02 1.722658623978006918e-04 2.943396031673047725e-02
0.000000000000000000e+00 2.920838679398372190e-02 0.000000000000000000e+00 1.371759338561092390e-01 1.330603515612093501e-01 1.217390991123612487e-02 1.624649594142783468e-02 0.000000000000000000e+00 1.692877939990559966e-01 1.808953215236529938e-02 2.745430975623317990e-02 1.471845617049895305e-01 5.384489462282231881e-02 7.734253546667430035e-02 0.000000000000000000e+00 0.000000000000000000e+00 5.361023790977558975e-03 2.219983173094838402e-03 2.076168130557195027e-02 1.505886059642487229e-01
1.108933727068111830e-01 7.343340248380528235e-02 2.348410671853993874e-03 2.028881414844615431e-03 4.608074941598922641e-02 8.392485921599009135e-02 3.094432002807601806e-02 3.984697800151451759e-03 2.611909498189550205e-01 1.942131936049636826e-02 1.736258309459361854e-03 1.305742292120302267e-02 9.281837905652243204e-02 3.965554364887102085e-02 8.863432443034831992e-03 3.526204441658525521e-03 1.177864590245791951e-03 1.276956832268371679e-02 5.049299561601070657e-02 1.416513677333373911e-01
3.341054021513710504e-03 5.041960127355524929e-02 0.000000000000000000e+00 0.000000000000000000e+00 1.713433043961009455e-02 4.825646530719920890e-02 0.000000000000000000e+00 6.272899374025263375e-02 1.648202800513037525e-01 1.241562909255324587e-01 0.000000000000000000e+00 1.888041551342294413e-02 9.253267234891270065e-02 9.620011781059946421e-02 1.313003815751190859e-03 1.716614364204694515e-02 5.398082521493174392e-03 2.848771241937039442e-02 2.691648361694360392e-01 0.000000000000000000e+00
9.532341560059208463e-02 1.448821970511651605e-03 4.601637183039930870e-03 1.599311986573752689e-02 1.325459124242857160e-02 9.313779347107446413e-03 4.584600657326067148e-03 3.243059034489640269e-03 1.451596985379716709e-01 0.000000000000000000e+00 0.000000000000000000e+00 3.319247102287849888e-02 1.448267936312271076e-01 1.357801405111162263e-01 3.347196232396670856e-02 3.077262236030398057e-02 2.682607282954216701e-02 1.058638295604231484e-02 1.467643845093087596e-01 1.448564464164096566e-01
1.137593689542610170e-01 1.182830267229847132e-01 1.708782928534372664e-02 0.000000000000000000e+00 2.081367207417167131e-01 1.599964776912866926e-02 1.248462105784414397e-02 4.934896491000066721e-02 6.805203073030746674e-02 6.917594068056798218e-02 0.000000000000000000e+00 1.551185898212610326e-01 5.718484611646149768e-03 1.948575954320827530e-02 0.000000000000000000e+00 1.092837985087392232e-03 3.530866337345427847e-02 9.926636664407033697e-03 6.387824386358768869e-02 3.714263328519310653e-02
2.538722344702607631e-02 5.138031973496355077e-03 0.000000000000000000e+00 1.291435836324276998e-01 1.806415692693642133e-02 1.076095109276962170e-01 0.000000000000000000e+00 1.976110008107401922e-02 1.884004348029296172e-01 0.000000000000000000e+00 9.695586656030480768e-03 1.636793761979596917e-01 5.475430691672411067e-03 1.264875654821119300e-01 0.000000000000000000e+00 1.181474691190121913e-03 1.156884188499051613e-01 1.012701396818487150e-02 4.736267998786456573e-02 2.679841168349431438e-02
3.548425009891501003e-02 1.680330268299563834e-03 0.000000000000000000e+00 0.000000000000000000e+00 1.961653894245279917e-01 3.606004518932651084e-03 0.000000000000000000e+00 1.240163865587352171e-01 1.587515262028294516e-01 0.000000000000000000e+00 0.000000000000000000e+00 1.251084086953117847e-01 2.892641247215342604e-02 1.129588759865804010e-01 1.916160312105588334e-02 2.006636804829114822e-03 1.962377137366549517e-03 0.000000000000000000e+00 1.638419879123113876e-01 2.632981079815170308e-02
7.114185150456468765e-02 9.073484307199022880e-03 5.101091723312044246e-02 5.360911273137175526e-02 1.378802160899007812e-01 7.047677083094655570e-02 1.375658967115349178e-02 1.294969488363741095e-01 7.395402059973499309e-02 0.000000000000000000e+00 0.000000000000000000e+00 2.032531750038790025e-02 1.461377399793261367e-01 0.000000000000000000e+00 3.127906460771386760e-02 3.125461570428795404e-04 5.561600955394657708e-02 5.434673233011035748e-02 2.142956816668597705e-02 6.015310990042041506e-02
4.670758551399294828e-02 0.000000000000000000e+00 7.648626247727949301e-02 2.770448567005637242e-02 1.545294631838068089e-01 0.000000000000000000e+00 5.299160732214372449e-02 2.085295106200218129e-01 3.516180448923824156e-03 0.000000000000000000e+00 0.000000000000000000e+00 1.553406769761256079e-01 0.000000000000000000e+00 1.130610509034678940e-01 1.491514358889722662e-02 9.100504142548353258e-04 0.000000000000000000e+00 0.000000000000000000e+00 0.000000000000000000e+00 1.453079828810293628e-01
1.107792909844471270e-03 2.897325074762592198e-02 0.000000000000000000e+00 3.025177068299049823e-02 1.968972400209609633e-02 6.702632199545169311e-02 4.632735766647566415e-03 0.000000000000000000e+00 1.868872292592621831e-01 6.533494171414322774e-03 0.000000000000000000e+00 1.526311715555598615e-02 1.253328394221831232e-01 6.826983377534858420e-03 5.774311835743946297e-02 0.000000000000000000e+00 0.000000000000000000e+00 1.464385083604579640e-01 1.975664147053905750e-01 1.057266990861052414e-01
0.000000000000000000e+00 7.118571369810512695e-04 0.000000000000000000e+00 0.000000000000000000e+00 3.414301813004059355e-02 1.641324707598691007e-02 2.776776414073580876e-03 7.537553513776004688e-02 4.139365104770836856e-02 6.052698347388110051e-02 0.000000000000000000e+00 2.452625456343175692e-01 1.284703680823422178e-01 1.098339230420768489e-02 3.105980435347258442e-02 6.110171251338036846e-02 2.574619612862169213e-02 1.335884015209901077e-01 3.781247320729665823e-02 9.463403783893957477e-02
2.259130225801405170e-03 0.000000000000000000e+00 7.610161688168776790e-04 1.342681529467795731e-01 1.143036781344369951e-01 1.167513718418884960e-01 1.214746736748577652e-02 9.772363789934110367e-02 1.809950877059640362e-01 1.108934228787821982e-02 1.386812556071177066e-02 1.666265852440680650e-01 1.299896886904227181e-02 0.000000000000000000e+00 6.474376606268279766e-02 2.586985278317044737e-02 2.760063301838894603e-02 9.071135751792806096e-03 3.548197749125103859e-04 8.567228356838004974e-03
1.195884534595887672e-01 4.512544953284557125e-02 3.894624768244115548e-02 4.933654644741917832e-03 1.264049384589876202e-01 1.767212359202769145e-01 1.542807927316685625e-02 5.244947952807772068e-02 0.000000000000000000e+00 7.564740205795602267e-03 3.275990365872800589e-04 4.798021383781339577e-03 3.764477674866814616e-02 1.342442259040469744e-02 1.496264907192664528e-01 3.482390950522536860e-02 2.237148976483155621e-03 1.259165277053792831e-01 2.402573035841259336e-02 2.001309426986927487e-02
1.049144833355128287e-01 0.000000000000000000e+00 0.000000000000000000e+00 0.000000000000000000e+00 2.990683122780469008e-02 0.000000000000000000e+00 0.000000000000000000e+00 2.575316132053277404e-02 1.845808999914395065e-01 1.057768714810028952e-02 0.000000000000000000e+00 1.496163553445521988e-01 0.000000000000000000e+00 1.625474251107131840e-01 1.482617327483579384e-01 1.191317488152818412e-03 3.113624100835189062e-02 7.471428300583637418e-03 7.995928063217680459e-03 1.360465089126805527e-01
3.398499596437291187e-02 1.975217623560129344e-03 2.440036927766270347e-02 0.000000000000000000e+00 1.392308585304169009e-06 1.092717135812096563e-01 8.631287044547726259e-03 7.028455191524973777e-02 9.656739825234401942e-02 1.765165381732202582e-02 1.564040167504506407e-03 7.710622141839328092e-02 2.288230454026302096e-02 5.312020028109350114e-04 1.609069875451283466e-02 0.000000000000000000e+00 2.265263986831908272e-01 9.854823771610832228e-02 1.903517925045563886e-01 3.630524427805781242e-03
1.394523452834326438e-01 0.000000000000000000e+00 0.000000000000000000e+00 1.682597215410312763e-02 9.772024131113485335e-02 1.796679325998670751e-01 2.000823676840152165e-02 1.247797033056828736e-01 9.614591823394368075e-02 0.000000000000000000e+00 0.000000000000000000e+00 9.731865234133950382e-02 0.000000000000000000e+00 0.000000000000000000e+00 6.616418541677712706e-02 4.758194341656034332e-02 1.160979621469453681e-02 0.000000000000000000e+00 7.021373196866147193e-02 3.251134098540128109e-02
0.000000000000000000e+00 9.287425354697018132e-02 0.000000000000000000e+00 0.000000000000000000e+00 1.339828837535471662e-01 0.000000000000000000e+00 0.000000000000000000e+00 8.190388826380376464e-02 2.681831520569030736e-01 1.826376734107703769e-04 3.479037627123438003e-02 1.838999280678081383e-01 0.000000000000000000e+00 0.000000000000000000e+00 1.492667246864952946e-01 0.000000000000000000e+00 0.000000000000000000e+00 4.885882985881839953e-03 4.422715190604179641e-02 5.803120787903499542e-03
2.679473969170900402e-02 1.473588811090501272e-01 0.000000000000000000e+00 1.696951698126640262e-01 1.354394192479316805e-01 9.059630241263365996e-03 0.000000000000000000e+00 4.908920740021693180e-02 1.594717171494575841e-02 0.000000000000000000e+00 0.000000000000000000e+00 1.668714847626666387e-01 0.000000000000000000e+00 1.665458052540763276e-02 1.518474815460767180e-01 2.454908440867390948e-02 7.146699172016587887e-02 1.747739479562503964e-03 3.047475418795628395e-03 1.043094292087030396e-02
1.707806310538388650e-04 1.380663539724070188e-01 5.867446523234379555e-03 1.337566971030581253e-01 1.300187687574749507e-01 3.712775288134123608e-02 0.000000000000000000e+00 4.631992888721019053e-02 7.454810882082669142e-03 0.000000000000000000e+00 0.000000000000000000e+00 1.580212508806765614e-01 2.517246821810499753e-03 6.549524915962207268e-03 8.809825650063329849e-03 0.000000000000000000e+00 0.000000000000000000e+00 0.000000000000000000e+00 1.514106422917746997e-01 1.739089698018502494e-01
1.022285017268059343e-01 0.000000000000000000e+00 0.000000000000000000e+00 0.000000000000000000e+00 1.644377517555888762e-02 6.988929059542756637e-03 1.022218879263074760e-03 4.951372960448729293e-02 0.000000000000000000e+00 1.169321578020190815e-02 2.407411732943723348e-02 2.468018062331335249e-01 1.572348485636012455e-02 1.346177198427914168e-01 1.543305278168800865e-01 0.000000000000000000e+00 0.000000000000000000e+00 0.000000000000000000e+00 1.380223958382497361e-02 2.227597341117127372e-01
0.000000000000000000e+00 5.474708178585602908e-02 0.000000000000000000e+00 1.593792678320513356e-01 1.361323482552352637e-01 5.056769596508767098e-04 1.923884256403598364e-02 0.000000000000000000e+00 1.906916494960453068e-01 9.073118148911436809e-03 0.000000000000000000e+00 1.536548617094065650e-01 2.013120672588449966e-03 7.784734137576763968e-03 1.527352577582202775e-01 2.021636624397736039e-03 0.000000000000000000e+00 1.743818816056070739e-02 8.591009233500757070e-02 8.674123560455772666e-03
1.009168442568060264e-01 0.000000000000000000e+00 5.157319052215746319e-04 2.586563411843689764e-02 7.702615791192324660e-03 0.000000000000000000e+00 0.000000000000000000e+00 1.193080583694253747e-03 1.680578297821912481e-01 3.492067474775312230e-04 8.629573463608445445e-04 1.916936546845492695e-01 1.140751730546677306e-01 3.294698019518120524e-02 6.805079651881291471e-03 0.000000000000000000e+00 1.015934924021055438e-02 8.726739809228506450e-02 1.109793946570696577e-01 1.406090698927745797e-01
0.000000000000000000e+00 2.063621349055327903e-02 0.000000000000000000e+00 8.370783250620281168e-03 1.388864143679960639e-01 1.332258200947394056e-01 0.000000000000000000e+00 1.181443867519675617e-01 8.964344873968027594e-02 0.000000000000000000e+00 2.458962133825489532e-02 1.317059921942395073e-01 1.155927145075235155e-02 8.271998276179989840e-02 5.106090156176837716e-04 7.490200394582523236e-02 0.000000000000000000e+00 0.000000000000000000e+00 1.205876891911472765e-01 4.451776340680635435e-02
6.981633167130817108e-02 1.557637147004211631e-01 4.537785010064986080e-03 1.148379378796488826e-01 0.000000000000000000e+00 0.000000000000000000e+00 6.015843181373330822e-02 6.757841267170076882e-02 4.558367413800142043e-02 1.764553190703022426e-02 0.000000000000000000e+00 1.315053604076577565e-01 0.000000000000000000e+00 1.998373572424384272e-03 4.212608176825158313e-02 2.355099026136104820e-03 0.000000000000000000e+00 1.227771885572397914e-01 1.256693444312077974e-02 1.507491424332607632e-01
9.617719289907917385e-03 0.000000000000000000e+00 0.000000000000000000e+00 1.117911682842864379e-01 0.000000000000000000e+00 0.000000000000000000e+00 8.749228827587142432e-02 6.047522343708008202e-02 7.966165794094109964e-02 3.315298823443502824e-02 0.000000000000000000e+00 1.241445357037954528e-01 1.319549546284074469e-02 1.359830410429443970e-01 4.087899979970829184e-02 2.050373907179863647e-02 1.042922362347741272e-01 1.396262795321077110e-01 3.288633690380599051e-02 6.298290785702715354e-03
1.784983551201856436e-02 2.187192914163992724e-02 0.000000000000000000e+00 1.280423945119091855e-01 1.625866228590339690e-01 2.252015739171336212e-02 5.031023258533944692e-02 1.326173167647728413e-01 7.324493883849297199e-03 0.000000000000000000e+00 2.342524436442905813e-04 1.465574138501130608e-01 0.000000000000000000e+00 1.859897846847334123e-03 1.584066885110103906e-01 0.000000000000000000e+00 1.283041799167024440e-02 9.198305735815158479e-02 3.981063571443028970e-02 5.194653633856157263e-03
8.166150530359447823e-03 1.505373554700660255e-01 0.000000000000000000e+00 0.000000000000000000e+00 7.946514263296096392e-02 6.854014977047183030e-03 0.000000000000000000e+00 1.120212393976039236e-02 1.860035036547305620e-01 2.174802388829083152e-02 0.000000000000000000e+00 2.510914495583074224e-01 6.289005318603244077e-02 0.000000000000000000e+00 0.000000000000000000e+00 1.047017429142768630e-02 0.000000000000000000e+00 3.363740312708156377e-02 1.492061643840962570e-01 2.872844035983931552e-02
2.251409383381598392e-03 1.466384574039386879e-01 3.039327554974348682e-03 1.475728350769410502e-01 1.780691728530041928e-01 0.000000000000000000e+00 2.778604872411386570e-04 0.000000000000000000e+00 2.736029475172826065e-03 1.552684865805447657e-02 1.251504776092900954e-03 1.737493900802566660e-01 1.154132318156464304e-01 0.000000000000000000e+00 1.592023443860213477e-03 0.000000000000000000e+00 1.236310684692131824e-02 8.923578248324848250e-02 8.013801357250607826e-02 3.014500608875948437e-02
1.730093012372230666e-03 1.462092372367000959e-01 1.741514771091667835e-04 1.229677549159935712e-01 1.418370418526619658e-01 0.000000000000000000e+00 0.000000000000000000e+00 0.000000000000000000e+00 9.798826554452105819e-02 6.642061233070544086e-03 1.805966064354266876e-02 1.848438936682053335e-01 2.636073707067324023e-03 7.029529885512864062e-03 1.520989257439059050e-01 0.000000000000000000e+00 9.045336943716245082e-02 2.239944592648393171e-02 2.180211336672222260e-03 2.750284379018535282e-03
2.377944410847799249e-03 9.439734049182329188e-04 0.000000000000000000e+00 1.893705671483128354e-04 1.788109727855983766e-01 5.266973686403221555e-02 1.387053209254246119e-02 1.198486757896048693e-01 0.000000000000000000e+00 0.000000000000000000e+00 0.000000000000000000e+00 1.649315233678181059e-01 4.180887742562844345e-02 1.341272053950334220e-01 1.780065979337203952e-01 1.371944545640948511e-02 0.000000000000000000e+00 5.831879052990098303e-03 0.000000000000000000e+00 9.286326545370780783e-02
0.000000000000000000e+00 1.242727634628407046e-01 0.000000000000000000e+00 0.000000000000000000e+00 0.000000000000000000e+00 1.356169909774420368e-01 1.517021248839207741e-02 3.867252488832544771e-02 1.586335074395559264e-01 0.000000000000000000e+00 2.787145826201959699e-03 5.447978473565577573e-02 0.000000000000000000e+00 0.000000000000000000e+00 6.239890909352573123e-02 0.000000000000000000e+00 1.179106509918006890e-01 2.208008904059027833e-02 1.337019842358967425e-01 1.342754368197726089e-01
0.000000000000000000e+00 0.000000000000000000e+00 0.000000000000000000e+00 0.000000000000000000e+00 4.518147074225064425e-02 1.465911864759355254e-01 0.000000000000000000e+00 3.954261987616574173e-03 1.589576709618697181e-01 6.099359258500255433e-03 0.000000000000000000e+00 1.224072861499459625e-01 0.000000000000000000e+00 1.298694710378593964e-01 6.026974954634827658e-02 3.613965631914917154e-02 0.000000000000000000e+00 3.027289716072220638e-02 7.432579662517550291e-03 2.528244106972848404e-01
5.019030890087793767e-02 9.718696498308521114e-02 0.000000000000000000e+00 1.461513077605275076e-03 1.717313238118778895e-01 1.352126104126195605e-01 8.578542836043130324e-03 2.677398134545557525e-03 1.588621340050758723e-01 1.754954803075354022e-02 0.000000000000000000e+00 2.389369938759386414e-01 5.710600421352366764e-03 0.000000000000000000e+00 1.470781313063873434e-02 0.000000000000000000e+00 0.000000000000000000e+00 1.961609725573201790e-02 7.757815112385438305e-02 0.000000000000000000e+00
3.313971786915207232e-03 7.773675013273691203e-02 4.959050950088124930e-03 1.209353156286259168e-01 1.217170711230758651e-01 1.329438227283765428e-01 0.000000000000000000e+00 2.732504961601764717e-02 1.755742865933691832e-02 0.000000000000000000e+00 0.000000000000000000e+00 8.491820081326044434e-02 3.237715351518697521e-02 0.000000000000000000e+00 5.662953437951560171e-02 0.000000000000000000e+00 0.000000000000000000e+00 4.144560920062440729e-02 1.396742528862749688e-01 1.384667885799644726e-01
2.142274132465931541e-02 1.506873562747801897e-02 7.833248248443441504e-04 1.911968223350053731e-03 1.353576693523049768e-01 2.804093771731211784e-02 6.658108272027676855e-02 4.978742744627763506e-02 5.926596335420772355e-02 5.319175717361953465e-03 6.825017209065370113e-03 1.464363606421425490e-01 1.182050857255903392e-01 4.646782003296406893e-02 1.614367071181158353e-01 1.241638125715830397e-02 2.299914833189355134e-02 5.476106233444702487e-03 9.087593420649572873e-02 5.322412935056572425e-03
1.275450491104363968e-02 0.000000000000000000e+00 1.059743295057077222e-03 1.204296742988354291e-01 4.907211547612302938e-02 3.295614816698502758e-02 0.000000000000000000e+00 1.209062755682064200e-01 3.217656296856541420e-02 9.188316096103311265e-03 0.000000000000000000e+00 1.794027008221687688e-02 2.192258307582436311e-02 1.235462579730134680e-01 1.566200315784730956e-01 0.000000000000000000e+00 3.937632270890276120e-02 2.824760171545979623e-02 5.952805566483417021e-02 1.742755364203561474e-01
0.000000000000000000e+00 1.098315368203074821e-01 0.000000000000000000e+00 1.063370057717542699e-01 2.029403395290004224e-03 6.478529547175359074e-03 8.756470713105196993e-03 3.701740427080388307e-02 2.637025793644908744e-01 0.000000000000000000e+00 3.919308276140618004e-03 2.156546724876190757e-01 0.000000000000000000e+00 1.219559801560610342e-02 3.555803072059061151e-03 0.000000000000000000e+00 2.460066247197065931e-02 3.191713386633123622e-02 4.866319225083364647e-02 1.253406996765123460e-01
1.226117108935115968e-01 4.515726911156112133e-02 6.441426701398307586e-03 7.993905084580615449e-04 3.852595328057957513e-02 1.334512574301221881e-02 5.473875314240957135e-02 2.073592631766101035e-01 2.486213653384623107e-02 0.000000000000000000e+00 0.000000000000000000e+00 1.539989161103975657e-01 4.988946297344531121e-04 1.025662538948782926e-02 1.483962754483241497e-01 2.384424221228064258e-02 1.091674841345317976e-01 3.704893283932318704e-02 0.000000000000000000e+00 2.947600144533579856e-03
9.103241829544304539e-03 0.000000000000000000e+00 1.868749431617426279e-02 1.212753655614526860e-01 1.369859172963185101e-01 2.276804319980910152e-02 0.000000000000000000e+00 0.000000000000000000e+00 1.765924239995183553e-01 0.000000000000000000e+00 0.000000000000000000e+00 5.214532074655294641e-02 4.278865050544266441e-02 1.160286336276491054e-01 1.348942054198358220e-01 0.000000000000000000e+00 0.000000000000000000e+00 3.825180993478383140e-02 2.854292666656247507e-02 1.019359668963560200e-01
6.456428264507655529e-03 1.102261835613389668e-01 5.400152569561695627e-03 2.271224176971488318e-03 1.260120082519444913e-02 3.151156772220325888e-03 4.553936175527098680e-03 1.240249694958734245e-01 1.006990103172368117e-01 0.000000000000000000e+00 1.141136584542362144e-02 1.655643456181642159e-01 2.744791858903670306e-02 5.957138554863954105e-02 1.360655372538902841e-01 2.243031126536458933e-02 2.126648759963460644e-02 1.703084095250137747e-03 2.272887279855120846e-02 1.624264292276131338e-01
2.802923389527580897e-02 1.186561455218561184e-01 3.409264471551164827e-03 1.011692726271038421e-02 1.389844332410896388e-01 0.000000000000000000e+00 0.000000000000000000e+00 5.193856061563336193e-03 2.053796027435563498e-01 0.000000000000000000e+00 3.277879120298646254e-02 0.000000000000000000e+00 5.823576259777329261e-02 1.689370024234809569e-04 0.000000000000000000e+00 0.000000000000000000e+00 0.000000000000000000e+00 1.354422808526888622e-01 1.694162474182984157e-01 9.418851772822671442e-02
1.281895569738107123e-02 0.000000000000000000e+00 0.000000000000000000e+00 1.448840041103760523e-02 1.200251323892570499e-01 1.644111733243097326e-02 0.000000000000000000e+00 9.750245221418321617e-02 1.105412387482209852e-01 0.000000000000000000e+00 0.000000000000000000e+00 1.787021138804320841e-01 0.000000000000000000e+00 1.119923565291258416e-01 3.535741582005660910e-03 6.407973445158024993e-03 4.020150037562176572e-03 3.326536015260452700e-02 1.572785254820670275e-01 1.329804820985336922e-01
1.223264686018865760e-01 2.570309971734996944e-03 0.000000000000000000e+00 6.107627759863482053e-02 3.157893643699617031e-02 4.954209287603910522e-02 4.361123643320236748e-02 7.389725004896902094e-02 1.707444814309591330e-01 1.175095491695210027e-02 0.000000000000000000e+00 7.513664793928219454e-02 1.840612493493498820e-04 0.000000000000000000e+00 5.742844165531394568e-02 0.000000000000000000e+00 1.108155594839201064e-01 4.555976352235193566e-02 8.243593231837965940e-02 6.134158551602839765e-02
3.762233615262349992e-03 0.000000000000000000e+00 3.645272471993956796e-04 1.266414152438183061e-01 6.407016386951053417e-03 1.285496896762403918e-01 1.548420261956058759e-02 7.279619782803056945e-03 3.549374446908166308e-02 6.931287754648756197e-03 0.000000000000000000e+00 3.511763095315267869e-02 1.104838471772039976e-01 1.261503106897303716e-01 1.860874847706701918e-01 0.000000000000000000e+00 1.620477668067455412e-01 0.000000000000000000e+00 4.614060160673522787e-02 3.058621200196404676e-03
0.000000000000000000e+00 3.874007112727125002e-02 0.000000000000000000e+00 1.078747216146523080e-01 5.979997318963799213e-02 1.030890391511933152e-01 2.197420657293531511e-03 7.072050308936210505e-02 2.828610035392321032e-01 0.000000000000000000e+00 0.000000000000000000e+00 2.113538294676464962e-03 1.248877383395363833e-01 2.907011238324783836e-02 9.857596038469568223e-02 3.595016911742582311e-02 0.000000000000000000e+00 3.992673141773322304e-02 4.193017694041920561e-03 0.000000000000000000e+00
1.069256039868510116e-01 0.000000000000000000e+00 8.242243968134240536e-04 2.748344474434731913e-02 1.598290960298222319e-02 1.156465119426643429e-01 2.845611511314587866e-02 2.077183236770304559e-02 1.764276230398324208e-01 2.025142765905452082e-03 4.259519973468174799e-03 1.689188246137035901e-02 9.976476734536209381e-04 9.125327680153617893e-02 1.284728134009687460e-02 2.685601264181487410e-02 5.149598894180782566e-02 0.000000000000000000e+00 3.223653363144946687e-02 2.686184485747573625e-01
0.000000000000000000e+00 8.558100211183869432e-02 0.000000000000000000e+00 1.314960302158170169e-01 1.453976047098683166e-01 1.304970260753581801e-01 0.000000000000000000e+00 1.139201482075860583e-01 0.000000000000000000e+00 0.000000000000000000e+00 0.000000000000000000e+00 1.020215884252862609e-01 0.000000000000000000e+00 9.573337093672477927e-02 1.218178525007188734e-02 8.263197432709636081e-02 2.334910546680039542e-02 3.826564821942571998e-02 3.892471605412633345e-02 0.000000000000000000e+00
2.060003440851618586e-03 3.735676570956526082e-02 0.000000000000000000e+00 1.523660208275317562e-01 1.885406476382072219e-02 0.000000000000000000e+00 1.604176219875226572e-02 1.331388538959230212e-02 0.000000000000000000e+00 1.060009117384189820e-02 1.969406352817686806e-02 1.761952991270625268e-01 1.405607248409189609e-02 1.396649855526419827e-02 0.000000000000000000e+00 8.323180876726939126e-02 1.238081032664276604e-01 1.380964927579830456e-02 2.406272424275479327e-01 6.401866906440546734e-02
0.000000000000000000e+00 1.434884663406110761e-02 0.000000000000000000e+00 1.428533032162003780e-01 3.852620701163862044e-02 1.273575582750528790e-01 2.843441341028405973e-03 1.099398658660493688e-01 1.122629617501749583e-01 0.000000000000000000e+00 2.698442317791614157e-05 4.115657073780649294e-02 1.026051248173450239e-02 5.004709399165448852e-02 7.159928164559586743e-03 2.965830030825013144e-03 0.000000000000000000e+00 0.000000000000000000e+00 2.012173664697431974e-01 1.390335296062929771e-01
