1.889980316501976496e-02 1.240029851102421449e-01 1.886535444270264839e-03 0.000000000000000000e+00 0.000000000000000000e+00 2.616877115482079547e-02 3.483106061357724853e-02 1.314963438274407426e-01 1.133362672603446253e-01 0.000000000000000000e+00 1.219080730716031943e-03 7.350007393639700071e-02 3.572983795966423477e-04 0.000000000000000000e+00 2.512777827943562386e-02 0.000000000000000000e+00 1.324738810544711654e-01 9.869234928565538689e-02 1.338186315576357470e-02 1.689997177312498738e-02 0.000000000000000000e+00 7.923281279083566053e-03 2.180589455129269827e-02 1.479033304806252717e-02 1.432064279506853610e-01
5.073375659156360157e-02 1.336621959143798055e-01 0.000000000000000000e+00 0.000000000000000000e+00 0.000000000000000000e+00 1.905700996656003305e-04 2.022361223762041832e-02 0.000000000000000000e+00 0.000000000000000000e+00 0.000000000000000000e+00 2.626718680576039036e-02 3.975082393951434589e-02 6.672296321268778377e-03 2.175308885525154435e-03 1.746250220481330995e-01 8.884273335364288463e-04 0.000000000000000000e+00 1.073931709918939104e-01 0.000000000000000000e+00 0.000000000000000000e+00 1.619264178909304158e-02 0.000000000000000000e+00 7.132322018723972860e-03 1.420559287079395661e-01 2.720367363153818330e-01
1.195314756507513676e-01 9.417172020709185798e-03 2.219783852055858334e-02 7.718651783592832272e-02 1.595201504150810246e-01 1.204566138425885863e-01 2.656521111312947284e-02 6.961378434302823576e-03 0.000000000000000000e+00 1.214809383564728618e-01 2.222558530724709318e-03 2.663172978099269742e-02 2.721346260389953010e-03 0.000000000000000000e+00 8.540331511582907945e-03 0.000000000000000000e+00 6.187898141563055385e-03 0.000000000000000000e+00 5.110198203822118729e-02 0.000000000000000000e+00 6.093138525980076013e-03 1.196206185329682231e-01 9.787271593485630250e-02 1.405951845155401121e-02 1.630866101644752640e-03
0.000000000000000000e+00 1.579372831967473453e-02 0.000000000000000000e+00 4.660138531473300566e-03 3.800804127675915661e-02 0.000000000000000000e+00 6.572624337019833916e-03 0.000000000000000000e+00 2.586227059071194781e-02 3.492193262647695466e-04 0.000000000000000000e+00 2.521875175902977273e-01 0.000000000000000000e+00 0.000000000000000000e+00 6.786373944873390351e-02 0.000000000000000000e+00 0.000000000000000000e+00 8.043961530305403229e-02 5.837124113878078280e-02 0.000000000000000000e+00 0.000000000000000000e+00 1.363444007746520970e-01 1.406806320464506523e-02 1.373548515439373119e-01 1.621245486139955283e-01
0.000000000000000000e+00 6.303171256596448724e-03 0.000000000000000000e+00 0.000000000000000000e+00 2.272502181384224509e-02 1.642759810187742128e-02 6.428290053465163245e-02 7.935110467103552011e-04 1.086154098783779220e-01 1.026333615963601203e-01 0.000000000000000000e+00 1.531115281717897458e-01 1.322969447888638385e-02 3.350316971642372521e-02 1.878132226079596845e-01 0.000000000000000000e+00 1.123689207230055796e-02 1.017985933426463971e-02 4.789922346301035108e-04 0.000000000000000000e+00 0.000000000000000000e+00 2.551931859814740144e-03 9.911915553964109615e-02 1.669945797558731460e-01 0.000000000000000000e+00
0.000000000000000000e+00 1.880797177939012021e-01 1.337924982377833695e-03 3.176372894641619343e-02 0.000000000000000000e+00 1.777659068320894611e-02 7.725369386678240802e-02 0.000000000000000000e+00 4.783377659313894394e-03 1.391953847403597788e-01 3.427660550170362475e-02 0.000000000000000000e+00 8.778587363523151707e-03 1.210783152417612600e-03 1.757125662653739873e-01 0.000000000000000000e+00 0.000000000000000000e+00 9.271901960572365153e-02 3.681299251978981373e-04 0.000000000000000000e+00 0.000000000000000000e+00 1.605545300931849814e-02 4.326164688844463119e-02 2.795685909920049908e-02 1.394699305167362569e-01
0.000000000000000000e+00 0.000000000000000000e+00 1.572602187354377457e-01 0.000000000000000000e+00 2.835443290805305661e-01 1.259774962097613138e-01 1.816957010579208290e-02 1.562783132632815852e-03 0.000000000000000000e+00 2.953388620219443705e-01 2.760449663226071174e-02 0.000000000000000000e+00 6.202476179357983496e-03 1.033292226507909976e-03 2.658792975731310432e-02 0.000000000000000000e+00 0.000000000000000000e+00 0.000000000000000000e+00 0.000000000000000000e+00 0.000000000000000000e+00 0.000000000000000000e+00 1.042995908353226307e-03 4.083078874742486486e-02 1.484476126268336610e-02 0.000000000000000000e+00
8.298975358298292526e-02 1.763112422798566725e-01 5.637677117286305634e-02 9.548270143289070908e-03 1.870028228660985947e-02 4.524972544439210403e-02 4.084960940028104295e-03 0.000000000000000000e+00 0.000000000000000000e+00 2.233959975767852574e-03 0.000000000000000000e+00 4.609785230897579106e-02 1.062082715182518095e-01 1.002340237210808463e-02 1.092535391918053461e-01 0.000000000000000000e+00 4.063967488221912477e-02 0.000000000000000000e+00 5.139400311847677760e-02 0.000000000000000000e+00 0.000000000000000000e+00 1.102406025023215247e-01 1.922387835794342817e-02 4.215444766042408808e-02 6.926936226168446675e-02
0.000000000000000000e+00 0.000000000000000000e+00 1.386629963729759107e-01 0.000000000000000000e+00 6.474909776381765347e-02 1.062115401440682193e-02 1.268758961659300077e-01 3.551069223390885404e-02 1.050165425305651101e-01 1.702476986712582430e-04 0.000000000000000000e+00 1.558242160823680722e-01 8.939042245030814557e-03 0.000000000000000000e+00 1.404230883619197734e-01 0.000000000000000000e+00 1.049801070241409007e-01 2.232534058525660614e-02 2.837045013983915606e-02 0.000000000000000000e+00 0.000000000000000000e+00 0.000000000000000000e+00 5.601586623942643450e-02 5.057157157121293248e-04 1.009546826030380002e-03
0.000000000000000000e+00 2.800436458527288605e-02 3.922894859420154173e-02 0.000000000000000000e+00 1.370246944952620838e-01 1.286905982243408651e-02 1.914257107739958386e-02 8.137034983433359681e-02 6.885779207416424519e-02 1.234726930460165600e-01 0.000000000000000000e+00 3.350490181792876998e-03 0.000000000000000000e+00 0.000000000000000000e+00 1.668156538154341173e-01 5.856605721162983468e-03 0.000000000000000000e+00 0.000000000000000000e+00 1.249471505795400755e-01 5.444399641904055891e-03 7.335914576830776523e-04 0.000000000000000000e+00 2.222513443026556679e-02 4.725578994759698469e-03 1.559309216483729665e-01
0.000000000000000000e+00 0.000000000000000000e+00 1.588092967071621509e-01 0.000000000000000000e+00 1.501275742368633238e-02 0.000000000000000000e+00 9.061189248712521807e-03 1.234787136418092762e-01 8.025738824817890346e-03 9.302908946423469466e-03 1.827515872468801891e-03 1.859676592466832645e-01 2.014488755820443081e-02 0.000000000000000000e+00 1.400599567108613275e-01 0.000000000000000000e+00 1.077913604766419231e-01 0.000000000000000000e+00 2.576019713852299893e-03 1.639106340992234649e-03 3.411563706336384833e-04 9.955332121744700502e-02 7.160946892299081823e-02 3.063169056595595532e-02 1.416725221065658936e-02
0.000000000000000000e+00 0.000000000000000000e+00 1.731805165085733567e-01 0.000000000000000000e+00 1.811009326539297914e-01 7.059842224305450066e-04 4.516579141086198707e-02 1.215565159020498831e-01 0.000000000000000000e+00 1.193671709667730452e-02 0.000000000000000000e+00 3.063840924745739325e-01 0.000000000000000000e+00 0.000000000000000000e+00 0.000000000000000000e+00 3.096198453639205719e-03 0.000000000000000000e+00 0.000000000000000000e+00 1.413619337697466782e-01 3.537092282448865981e-04 0.000000000000000000e+00 1.756407204793222505e-03 1.251710608446202598e-02 3.537340795336478680e-04 5.303609104834944906e-04
0.000000000000000000e+00 2.767063351858538994e-02 1.634299166192201003e-01 0.000000000000000000e+00 1.257529842472708825e-01 5.259565355758517163e-02 0.000000000000000000e+00 0.000000000000000000e+00 2.430975693945450558e-02 1.176705430755881944e-02 7.006200339199718631e-04 1.556348187946739459e-01 0.000000000000000000e+00 0.000000000000000000e+00 0.000000000000000000e+00 8.967361747816081710e-03 3.290580186816980811e-04 0.000000000000000000e+00 1.356070783720722817e-01 0.000000000000000000e+00 1.912731350728641769e-02 2.085542895729755250e-03 1.018147811489555077e-01 1.070341410367206406e-03 1.691370848808221861e-01
4.487151485587220073e-02 3.012309402201881342e-02 0.000000000000000000e+00 1.496510580687483889e-02 1.253939702593031003e-01 0.000000000000000000e+00 1.803672619613407718e-02 0.000000000000000000e+00 0.000000000000000000e+00 2.103945685128673637e-01 2.505649301237827201e-03 0.000000000000000000e+00 0.000000000000000000e+00 2.301355826752397166e-03 1.832989688019963370e-01 1.013779947167477938e-03 3.928816295393797176e-02 8.821674990281204443e-02 7.521909832121720374e-02 0.000000000000000000e+00 1.292492275439727570e-02 0.000000000000000000e+00 9.514483334403973924e-03 4.050801320090336756e-03 1.378810478829166353e-01
0.000000000000000000e+00 1.015934117761257797e-03 1.473163898551823614e-01 4.784028998669799526e-02 1.111993028234807973e-01 5.833859567527310136e-02 7.875231327178258689e-02 8.812961622028494049e-03 0.000000000000000000e+00 8.165648399908642663e-02 0.000000000000000000e+00 1.519391869378584892e-01 1.545209890551885569e-03 0.000000000000000000e+00 0.000000000000000000e+00 0.000000000000000000e+00 4.667129617547964918e-03 2.004852992637877820e-03 0.000000000000000000e+00 0.000000000000000000e+00 0.000000000000000000e+00 1.203969735038161043e-01 1.281243722799454143e-01 4.660336533675980830e-02 9.786638089589438580e-03
0.000000000000000000e+00 0.000000000000000000e+00 1.110804598307121513e-02 8.773657224758501551e-04 1.834612364046251665e-01 0.000000000000000000e+00 8.597879377365801046e-02 0.000000000000000000e+00 3.000935453080145685e-02 5.655037516541337045e-02 1.393947308507174649e-03 1.747086131722665470e-01 8.945857879003388941e-03 1.167526242457994303e-04 1.481997809131166688e-01 0.000000000000000000e+00 0.000000000000000000e+00 0.000000000000000000e+00 0.000000000000000000e+00 0.000000000000000000e+00 0.000000000000000000e+00 1.275324962746143265e-01 0.000000000000000000e+00 1.384922044316159173e-01 3.262517581658511828e-02
1.453608891276886583e-01 0.000000000000000000e+00 0.000000000000000000e+00 0.000000000000000000e+00 2.784070582658404458e-01 1.337162267200567300e-01 1.576946938358880779e-02 0.000000000000000000e+00 0.000000000000000000e+00 1.395162693759071509e-02 0.000000000000000000e+00 1.650585456645563553e-01 0.000000000000000000e+00 0.000000000000000000e+00 3.267645141237793954e-02 0.000000000000000000e+00 1.265650588849792299e-02 1.883278150064813172e-04 1.479515583479389385e-01 1.848887307055848903e-02 0.000000000000000000e+00 3.450748509863881680e-02 1.266982267659659458e-03 0.000000000000000000e+00 0.000000000000000000e+00
3.432278627042577345e-04 1.045504505358530317e-01 7.685615448324334409e-02 5.886110883054860438e-02 8.693681974821065861e-02 3.384711294578935780e-03 2.632849002916747352e-02 1.257573936744481591e-01 3.278319099011885174e-02 3.639235993575899025e-02 0.000000000000000000e+00 0.000000000000000000e+00 4.533619329425702012e-03 0.000000000000000000e+00 1.114648214196132248e-01 0.000000000000000000e+00 4.465635476231593140e-03 0.000000000000000000e+00 1.339140440685679390e-01 0.000000000000000000e+00 0.000000000000000000e+00 1.835859906265844832e-01 5.259070786368920739e-04 3.296967516635398131e-03 6.019107099672499524e-03
5.331999331866155156e-02 1.010384455250485508e-01 3.772132306583099275e-03 6.806333539844017276e-04 7.087729691591361514e-02 0.000000000000000000e+00 8.079750153223173859e-03 1.140078035071983714e-01 0.000000000000000000e+00 1.704787403614222152e-01 2.000525342681709270e-02 6.988650204957964907e-02 3.807263021478232354e-03 0.000000000000000000e+00 1.256727473051931221e-01 0.000000000000000000e+00 0.000000000000000000e+00 4.129310066681757957e-03 9.909863585325445756e-03 0.000000000000000000e+00 0.000000000000000000e+00 2.447751617105164978e-02 4.622369042370002429e-02 3.646335208479246220e-02 1.371697064233455554e-01
3.504600561230446915e-02 2.201394007098500250e-01 1.475495166773320606e-02 2.424757195632966378e-02 0.000000000000000000e+00 0.000000000000000000e+00 1.122080156504288162e-01 7.923448218389217423e-02 1.828422016360092134e-02 2.459252009217494442e-02 1.584963330126074044e-03 1.370926955714804954e-02 0.000000000000000000e+00 4.183903350316992530e-03 1.124913031121143880e-01 1.831001013363400950e-03 2.477667166096168480e-02 8.372082742659608945e-02 2.713708688814450796e-03 0.000000000000000000e+00 1.880499376596582797e-02 9.360472791155208944e-03 0.000000000000000000e+00 3.478138278125155261e-03 1.948375789889984777e-01
1.197487085676917501e-03 0.000000000000000000e+00 5.257246297076740432e-02 2.949512315387330021e-03 2.688823674009152565e-01 1.220389879059940036e-01 0.000000000000000000e+00 2.400120486497775429e-02 0.000000000000000000e+00 1.339241874748184173e-02 7.711224603918792608e-02 7.240825961626849716e-02 9.181966175094051844e-03 0.000000000000000000e+00 1.853616124923475050e-01 0.000000000000000000e+00 2.334159403818128128e-02 8.922653814357567326e-02 0.000000000000000000e+00 8.581861961151003929e-03 0.000000000000000000e+00 2.330509804240557190e-02 1.627188543098317952e-02 0.000000000000000000e+00 1.017449676960478951e-02
0.000000000000000000e+00 1.032600221008866670e-01 1.389881376410347369e-01 1.044031526100658580e-01 5.659874793802337906e-02 0.000000000000000000e+00 1.643975008000564397e-02 7.018804404278709483e-03 1.661097791289594338e-04 1.483101733027375746e-01 0.000000000000000000e+00 7.730266104779873540e-03 0.000000000000000000e+00 0.000000000000000000e+00 1.398687775649420373e-01 0.000000000000000000e+00 9.906701677150225611e-04 4.952129164280694726e-04 0.000000000000000000e+00 0.000000000000000000e+00 0.000000000000000000e+00 4.743076582955819617e-03 9.407426313307278021e-02 6.769360509690448835e-02 1.092192305770403465e-01
1.298052990272766452e-02 1.223757829955714055e-01 7.474163115956512782e-02 4.112145759929764291e-03 2.805968448698994630e-02 0.000000000000000000e+00 1.222811373587929934e-01 6.914552333104149323e-03 0.000000000000000000e+00 1.572086965583820509e-02 2.020278726130908531e-02 1.681795397019267557e-01 3.412460117697125022e-03 0.000000000000000000e+00 1.676156204621035151e-01 0.000000000000000000e+00 0.000000000000000000e+00 8.419273438063537562e-02 1.319950290577294183e-01 0.000000000000000000e+00 0.000000000000000000e+00 2.437998511499569684e-02 0.000000000000000000e+00 0.000000000000000000e+00 1.283551025108389289e-02
3.299574542992829516e-03 1.307079830630532846e-01 0.000000000000000000e+00 2.965403234039657582e-03 2.406077701675512007e-02 0.000000000000000000e+00 0.000000000000000000e+00 2.447066209776668430e-02 0.000000000000000000e+00 2.563151214976352316e-02 6.753434710728159485e-02 1.517684812024800434e-01 2.389028623100577717e-02 0.000000000000000000e+00 1.633440390039054557e-01 2.794591862211791983e-02 4.606661452580403104e-02 2.402397372330262668e-02 1.589425519627194472e-01 0.000000000000000000e+00 0.000000000000000000e+00 1.727081196900259871e-03 1.982171536553576502e-02 1.037990789545760045e-01 0.000000000000000000e+00
2.239297370335587359e-02 3.701765044807735910e-02 3.092265090965517702e-02 3.538783079502056186e-03 1.193346917855072076e-01 6.745720577507600957e-03 0.000000000000000000e+00 1.199889331977446877e-01 7.903355109255381580e-03 6.967085326549059265e-02 1.319911176272213840e-03 1.003709206514886709e-01 4.577574868836927803e-03 2.149141441262410104e-03 2.278861953736802948e-01 0.000000000000000000e+00 2.805106770129966315e-02 0.000000000000000000e+00 5.061913499643815040e-02 0.000000000000000000e+00 0.000000000000000000e+00 0.000000000000000000e+00 9.206004372427306279e-03 1.193189629342047975e-02 1.463725410487778933e-01
6.790054668855127762e-02 1.299375567000813636e-01 0.000000000000000000e+00 0.000000000000000000e+00 1.775584452500501842e-02 0.000000000000000000e+00 6.017884915023709400e-04 0.000000000000000000e+00 1.218289879945556008e-02 1.144158551424867380e-02 3.628075730097626590e-03 2.791098180247512661e-01 0.000000000000000000e+00 4.465719798296934571e-03 4.389262152019255368e-03 8.112481851972336289e-02 0.000000000000000000e+00 3.728109426141495986e-02 1.791447458734483607e-03 3.029235549997705279e-03 0.000000000000000000e+00 3.652331349335715543e-02 2.815687930334930672e-02 1.772060977396374970e-01 1.034740172497760763e-01
5.284186488720555089e-03 1.507811437065101068e-01 1.509058534621758318e-01 0.000000000000000000e+00 5.168343645802880512e-03 0.000000000000000000e+00 5.679754065764204551e-02 0.000000000000000000e+00 3.390017893133538424e-03 1.935574689457282560e-02 6.975863104615487829e-03 2.931247378581614549e-01 2.117850323544440919e-03 4.946265758139373366e-03 8.447738141497480868e-02 0.000000000000000000e+00 0.000000000000000000e+00 0.000000000000000000e+00 0.000000000000000000e+00 0.000000000000000000e+00 0.000000000000000000e+00 4.687788894213228141e-02 1.247482890082632911e-01 1.260382417507672180e-02 3.244506666653424604e-02
3.030336880122430285e-02 3.044633435382797584e-02 2.096317016834047670e-02 0.000000000000000000e+00 5.782994513214911175e-02 0.000000000000000000e+00 9.711257415763029088e-02 0.000000000000000000e+00 0.000000000000000000e+00 9.697720826747703582e-02 9.093708751629346262e-03 1.122942328106646404e-01 1.205443662807692030e-02 1.254870652896055913e-02 1.420455842989258310e-01 0.000000000000000000e+00 2.445207601618513624e-02 0.000000000000000000e+00 3.946371840906790981e-03 2.801358294078432412e-02 4.845739678030658477e-03 1.102863148725116565e-01 1.093501631434865978e-01 8.216105071383068836e-02 1.527543089535769033e-02
0.000000000000000000e+00 2.565412744358661068e-03 1.340644005762843816e-01 4.780719330925228827e-02 1.262682012335890891e-01 3.519215289654065160e-02 0.000000000000000000e+00 1.341980108185651943e-01 1.686757585421612762e-02 8.690561098965710052e-03 0.000000000000000000e+00 6.036300727452895143e-02 6.879095891095354798e-02 1.231179212596036562e-02 7.604082170734266857e-03 0.000000000000000000e+00 4.094492448230421799e-02 0.000000000000000000e+00 5.990008884664532393e-03 7.052228887015491235e-03 0.000000000000000000e+00 1.299174793971681063e-01 5.485560762768348052e-03 1.367535875143604251e-01 1.913286105776957485e-02
0.000000000000000000e+00 1.250826533777804062e-01 9.437773612653507782e-02 1.405803608613348347e-02 1.860413645515919187e-02 4.066757944642882851e-03 7.602805484774870226e-02 0.000000000000000000e+00 1.485245918399348553e-02 1.416942635361515823e-01 0.000000000000000000e+00 2.527970148041706975e-03 2.658504475177887044e-02 1.281777671433174080e-02 1.404781556745526849e-01 0.000000000000000000e+00 0.000000000000000000e+00 0.000000000000000000e+00 5.236341287691040347e-02 0.000000000000000000e+00 0.000000000000000000e+00 1.250816009311759847e-01 0.000000000000000000e+00 1.350298395631475412e-01 1.635210178191632072e-02
0.000000000000000000e+00 7.386374867554363005e-04 6.439925490922458751e-02 0.000000000000000000e+00 4.048544650034711229e-02 0.000000000000000000e+00 1.280256662888350216e-01 0.000000000000000000e+00 5.551713108286143727e-02 7.543903809666900606e-02 3.438070327140131492e-04 1.320126262480200707e-01 0.000000000000000000e+00 0.000000000000000000e+00 1.534340679841523225e-01 0.000000000000000000e+00 3.082539533468172527e-02 0.000000000000000000e+00 1.306666287296173734e-01 0.000000000000000000e+00 0.000000000000000000e+00 1.291995623090679557e-01 2.260489298212517775e-02 3.610251145569891729e-03 3.269759386935884582e-02
1.132369526791301567e-01 1.639252530432153132e-02 1.623286002796869160e-02 4.651008185433234965e-02 4.381253041325278152e-02 1.977447790949330708e-01 8.245711166772715399e-04 1.948031264128860518e-02 1.488679017108089815e-02 1.907066859349733356e-01 4.849621484647004960e-03 1.206262739948186641e-01 4.180319692892502104e-03 0.000000000000000000e+00 3.578753206618377758e-02 7.974587822324940775e-03 0.000000000000000000e+00 0.000000000000000000e+00 7.666240537498788046e-03 0.000000000000000000e+00 0.000000000000000000e+00 2.016558915078821290e-02 2.992620214510544399e-03 1.002345440338549692e-01 3.569458176452194875e-02
0.000000000000000000e+00 0.000000000000000000e+00 0.000000000000000000e+00 0.000000000000000000e+00 2.011074922343769611e-02 0.000000000000000000e+00 7.112978541539344279e-02 1.269804916572903064e-01 4.754666583880310521e-02 2.845286501005411459e-02 0.000000000000000000e+00 3.465335249839134324e-01 0.000000000000000000e+00 0.000000000000000000e+00 1.550402797680975643e-02 2.252400378763328576e-02 0.000000000000000000e+00 0.000000000000000000e+00 0.000000000000000000e+00 0.000000000000000000e+00 0.000000000000000000e+00 1.153870767413656302e-02 5.587952040375953645e-03 1.526712607176813341e-01 1.514199656744712186e-01
0.000000000000000000e+00 3.599201125257583261e-02 1.391155608474904104e-01 2.756057798915384060e-03 1.445510076089499552e-01 1.734248915672799765e-04 0.000000000000000000e+00 0.000000000000000000e+00 0.000000000000000000e+00 5.393142862128491588e-02 0.000000000000000000e+00 1.327976157073134655e-01 2.097990030597790025e-03 0.000000000000000000e+00 1.736021534766851726e-01 0.000000000000000000e+00 1.213752883570030500e-01 0.000000000000000000e+00 1.376398850751686838e-02 0.000000000000000000e+00 1.024045602547077024e-03 1.887150907948360531e-02 2.261511425262580782e-02 1.373328039654433397e-01 0.000000000000000000e+00
9.532355666827094232e-02 0.000000000000000000e+00 1.881720831571484162e-02 0.000000000000000000e+00 1.763999680658762392e-01 1.173564865147879860e-01 1.006573603905338427e-02 2.552602224365288237e-03 0.000000000000000000e+00 4.067362182779572441e-03 0.000000000000000000e+00 9.215253886624726054e-02 0.000000000000000000e+00 5.104707011736316774e-03 8.806383881800119995e-02 0.000000000000000000e+00 0.000000000000000000e+00 0.000000000000000000e+00 0.000000000000000000e+00 7.766361652657179093e-02 0.000000000000000000e+00 2.911966120956964270e-03 0.000000000000000000e+00 1.529442228498501255e-01 1.565761897957881066e-01
1.091941597407776882e-01 6.803126299154259142e-03 2.010798747673643930e-02 1.838905429875776001e-02 1.836428430259341438e-01 0.000000000000000000e+00 1.094057369932149686e-02 0.000000000000000000e+00 9.169291645358660162e-03 0.000000000000000000e+00 0.000000000000000000e+00 2.039782089497371997e-01 2.554738370923135410e-02 0.000000000000000000e+00 1.407163278320883448e-01 0.000000000000000000e+00 0.000000000000000000e+00 6.679083306083783908e-04 2.247446760036618182e-02 0.000000000000000000e+00 0.000000000000000000e+00 0.000000000000000000e+00 2.514263158782761333e-03 0.000000000000000000e+00 2.458544042331453905e-01
1.653297067007564528e-02 6.094282324635978167e-03 5.174823328479382506e-02 0.000000000000000000e+00 1.431545325310894234e-01 1.295081893952732544e-01 9.334010763740777875e-04 4.595984841021359332e-03 5.320243920846245284e-03 0.000000000000000000e+00 0.000000000000000000e+00 0.000000000000000000e+00 0.000000000000000000e+00 0.000000000000000000e+00 1.000359094680741551e-01 0.000000000000000000e+00 1.110450267674292918e-01 0.000000000000000000e+00 0.000000000000000000e+00 0.000000000000000000e+00 0.000000000000000000e+00 4.083867467779851712e-02 5.952063665434278485e-03 2.318160042707597956e-01 1.524244831063942263e-01
0.000000000000000000e+00 0.000000000000000000e+00 0.000000000000000000e+00 1.532617935154819040e-02 1.863519733536136425e-01 1.357961002497286851e-01 0.000000000000000000e+00 5.214133552793831462e-04 1.761403694605332901e-02 4.664944491667017551e-02 0.000000000000000000e+00 1.639422725921247867e-02 1.385326606096758638e-02 0.000000000000000000e+00 4.073270808181449210e-02 0.000000000000000000e+00 2.689563440602015312e-02 0.000000000000000000e+00 1.311986891604047245e-01 0.000000000000000000e+00 1.164645049769217656e-02 1.415659157468574514e-01 1.529763063499429802e-02 4.955826354758353924e-02 1.505980664315596518e-01
0.000000000000000000e+00 0.000000000000000000e+00 1.796737603012340048e-02 0.000000000000000000e+00 4.530584255714951644e-03 6.219948250571891851e-02 1.694223400269171537e-02 0.000000000000000000e+00 1.524612551596414740e-02 1.102358980732332655e-02 0.000000000000000000e+00 1.654118959662041755e-01 0.000000000000000000e+00 1.244548408627718129e-02 3.430788158546747152e-02 1.680068647096666671e-04 0.000000000000000000e+00 8.533887929155564711e-02 2.064046120130682768e-02 0.000000000000000000e+00 3.368448655912726492e-03 1.770112807776592261e-03 1.153069381545260563e-01 1.765875102094217053e-01 2.567449890593054285e-01
0.000000000000000000e+00 1.280482035127463239e-02 4.527455523848732122e-02 7.836495463546137635e-04 2.302865076141540415e-02 1.288761187460024382e-01 9.226491738587809521e-02 8.927887016863941816e-02 9.956614104421051149e-04 1.270222369179280497e-01 2.260246733052581353e-03 9.666834121277324832e-02 1.409691982771715986e-02 0.000000000000000000e+00 1.602420641005232850e-03 0.000000000000000000e+00 5.949463474358020199e-02 0.000000000000000000e+00 1.290061371964456305e-01 1.620053976384517452e-02 0.000000000000000000e+00 2.878560062141885881e-02 0.000000000000000000e+00 1.707913271437295089e-03 1.298477654623025057e-01
1.167829619476033198e-01 1.042136246702481291e-02 2.420869020131373797e-02 0.000000000000000000e+00 1.620008478524139484e-01 0.000000000000000000e+00 1.217445409986165211e-01 6.366593096017875326e-03 0.000000000000000000e+00 1.423381425518788213e-01 1.074336735319041114e-02 3.824314153748639006e-02 0.000000000000000000e+00 0.000000000000000000e+00 1.611953383713851384e-01 1.147887112925192500e-02 0.000000000000000000e+00 1.101127549603124218e-03 4.027550612233143923e-03 1.569661026473458468e-02 0.000000000000000000e+00 0.000000000000000000e+00 1.469987216348524368e-02 1.591424924978342842e-02 1.430367326539776218e-01
1.390106250848915405e-02 0.000000000000000000e+00 1.219037818494735637e-01 0.000000000000000000e+00 5.751390982890636910e-02 0.000000000000000000e+00 0.000000000000000000e+00 1.563001366383981591e-03 8.761019373518930510e-04 1.208287328044244449e-02 0.000000000000000000e+00 2.288318932308064380e-01 1.037107523616113145e-03 0.000000000000000000e+00 1.467387269378782610e-01 2.917789253952002629e-02 1.459115637706827062e-01 3.074700824060559896e-03 0.000000000000000000e+00 0.000000000000000000e+00 0.000000000000000000e+00 7.831942283639055369e-02 2.686907146488842074e-02 5.594890253675362246e-02 7.624998756435587277e-02
5.154794825352437132e-02 8.893670779822618333e-02 5.068503862790262743e-02 0.000000000000000000e+00 7.715915534096825200e-03 1.071708438375300332e-02 4.287326435435139665e-02 0.000000000000000000e+00 0.000000000000000000e+00 7.929482883514558933e-02 0.000000000000000000e+00 1.293288273766773390e-02 0.000000000000000000e+00 0.000000000000000000e+00 1.191028231835967732e-01 9.134498918760265360e-03 0.000000000000000000e+00 3.216217695362430344e-03 0.000000000000000000e+00 0.000000000000000000e+00 0.000000000000000000e+00 1.100873736846617046e-01 2.169289473122172629e-01 1.749025801415353132e-01 2.192388853919867431e-02
0.000000000000000000e+00 6.378329889171301115e-02 7.614628023644257060e-02 0.000000000000000000e+00 0.000000000000000000e+00 0.000000000000000000e+00 7.230645975785585100e-02 0.000000000000000000e+00 9.513721422127896163e-03 6.387613678071382348e-03 0.000000000000000000e+00 3.379045838137359481e-01 5.270922611233265324e-03 3.487066532006520472e-03 1.664219832536608171e-02 0.000000000000000000e+00 2.641590556230554582e-02 0.000000000000000000e+00 8.505924226615139971e-02 0.000000000000000000e+00 0.000000000000000000e+00 1.179349843457302843e-01 5.888619555189635035e-03 3.655543784538779761e-02 1.367036651566827243e-01
0.000000000000000000e+00 3.236768965203955933e-02 0.000000000000000000e+00 1.516439498221698427e-02 2.496620186622300341e-02 0.000000000000000000e+00 1.275309388781398212e-01 1.202019892685480262e-01 1.849501585202780038e-03 3.121373526648202248e-03 1.323421953449019535e-02 1.720065421354888824e-01 0.000000000000000000e+00 0.000000000000000000e+00 2.447861629529706623e-02 8.810507935865637130e-02 4.163507637246508485e-03 0.000000000000000000e+00 1.389758654755816891e-01 3.612067481783256141e-03 1.478992557195354940e-02 0.000000000000000000e+00 0.000000000000000000e+00 4.591823654774452451e-02 1.695138502027395966e-01
