5.354002003035666403e-03 3.861659210006658256e-03 0.000000000000000000e+00 0.000000000000000000e+00 9.841042166382854561e-02 1.360976329216479208e-01 8.523585253946247900e-03 0.000000000000000000e+00 0.000000000000000000e+00 0.000000000000000000e+00 0.000000000000000000e+00 3.390884915863424665e-01 0.000000000000000000e+00 0.000000000000000000e+00 2.418625613497957932e-02 0.000000000000000000e+00 1.069574223156373287e-02 1.234336820674818008e-01 1.129624201664241739e-01 1.373861067607431985e-01
2.054658823648284130e-02 0.000000000000000000e+00 1.502256660260001819e-01 1.499637993285079796e-01 9.996543825521518600e-02 1.633393049178596609e-02 0.000000000000000000e+00 1.134994286674178843e-01 0.000000000000000000e+00 0.000000000000000000e+00 0.000000000000000000e+00 1.666420599278811421e-01 0.000000000000000000e+00 0.000000000000000000e+00 6.612561731177123148e-02 0.000000000000000000e+00 0.000000000000000000e+00 9.906564685664218106e-02 6.146894064495263960e-02 5.616288425334290541e-02
9.168612849315182015e-03 7.845861185387246334e-03 1.693575779534328141e-01 1.327076876257917426e-01 1.614856235093344375e-02 0.000000000000000000e+00 1.984670573828923798e-02 1.098993482065650437e-02 7.353145693569293484e-02 0.000000000000000000e+00 0.000000000000000000e+00 0.000000000000000000e+00 0.000000000000000000e+00 0.000000000000000000e+00 1.157083697579295960e-02 3.280447229469293530e-03 0.000000000000000000e+00 1.812156206550014359e-01 3.643366956802371881e-01 0.000000000000000000e+00
1.448605853309585800e-01 1.167817963307570817e-01 9.505186389654803059e-02 0.000000000000000000e+00 0.000000000000000000e+00 0.000000000000000000e+00 0.000000000000000000e+00 3.404340808048363781e-02 0.000000000000000000e+00 6.553854347545935710e-02 0.000000000000000000e+00 2.007907749134656417e-01 0.000000000000000000e+00 0.000000000000000000e+00 0.000000000000000000e+00 0.000000000000000000e+00 0.000000000000000000e+00 1.293644141543297439e-02 1.909612663401560884e-01 1.390353202167385338e-01
0.000000000000000000e+00 1.456150781186523469e-01 0.000000000000000000e+00 2.297688507644873313e-01 5.464172801845791627e-02 0.000000000000000000e+00 0.000000000000000000e+00 0.000000000000000000e+00 0.000000000000000000e+00 2.879380644326777830e-02 0.000000000000000000e+00 2.159231500492385381e-01 0.000000000000000000e+00 0.000000000000000000e+00 2.917611101915539452e-03 0.000000000000000000e+00 0.000000000000000000e+00 0.000000000000000000e+00 0.000000000000000000e+00 3.223397755039805190e-01
2.811399338258384062e-01 1.636334995429495343e-01 1.728205828747716721e-01 2.675482454482344674e-02 0.000000000000000000e+00 1.812921684306147974e-01 0.000000000000000000e+00 8.113396239465418824e-02 2.149872078503501510e-02 0.000000000000000000e+00 0.000000000000000000e+00 4.101809799362809289e-02 7.446238999653205688e-03 0.000000000000000000e+00 0.000000000000000000e+00 1.716739126789683378e-02 0.000000000000000000e+00 0.000000000000000000e+00 0.000000000000000000e+00 6.094579340134823227e-03
4.494432434282738704e-03 0.000000000000000000e+00 0.000000000000000000e+00 7.818798798750177526e-02 1.706852971627677851e-01 1.918701313951316212e-01 0.000000000000000000e+00 1.934023319926910650e-02 0.000000000000000000e+00 0.000000000000000000e+00 0.000000000000000000e+00 1.772645995763017790e-01 5.773126927065560382e-02 1.162772113212554720e-01 2.706676336091024329e-02 4.105544740250854918e-02 0.000000000000000000e+00 8.586288929778057577e-02 1.600112776947032467e-02 1.416260982216447327e-02
1.484743555737221554e-01 9.601909930965149553e-02 4.081192684961659073e-02 5.026178029707775718e-02 0.000000000000000000e+00 0.000000000000000000e+00 0.000000000000000000e+00 2.764249803113367349e-02 3.902301626719022112e-03 0.000000000000000000e+00 0.000000000000000000e+00 9.550836701915514648e-02 0.000000000000000000e+00 0.000000000000000000e+00 4.965637821593710949e-02 1.145057564626520419e-01 0.000000000000000000e+00 8.401787241220877445e-02 2.394871567880311192e-01 4.971250741409521945e-02
0.000000000000000000e+00 2.563386183088558340e-02 1.472631979735085639e-01 1.657953314834248737e-01 2.058770004416361210e-01 1.182513755829965318e-01 0.000000000000000000e+00 3.544328879301322788e-02 1.160267785806432840e-02 0.000000000000000000e+00 0.000000000000000000e+00 2.531117447637687076e-02 1.215303964201777708e-03 0.000000000000000000e+00 0.000000000000000000e+00 0.000000000000000000e+00 0.000000000000000000e+00 5.305779208232345306e-02 1.856399253146023554e-01 2.490907019896628979e-02
6.730836575738713412e-02 1.243661718605778149e-01 7.782825849863445403e-03 7.917389148115125397e-02 1.634803508845291964e-01 0.000000000000000000e+00 1.455764747020257301e-03 8.697877363096470985e-03 9.910465645536956081e-02 0.000000000000000000e+00 0.000000000000000000e+00 1.960062251413716150e-01 3.237100257763723260e-02 0.000000000000000000e+00 4.852655744341220073e-02 0.000000000000000000e+00 0.000000000000000000e+00 0.000000000000000000e+00 0.000000000000000000e+00 1.717263104385839401e-01
7.396949939005650898e-02 0.000000000000000000e+00 3.406320749791108549e-02 1.622470175986513372e-02 0.000000000000000000e+00 3.840415150095140284e-02 3.743918904742498527e-02 0.000000000000000000e+00 0.000000000000000000e+00 3.373438223007462627e-02 0.000000000000000000e+00 3.651505632516902633e-01 1.141231383699641347e-02 0.000000000000000000e+00 0.000000000000000000e+00 0.000000000000000000e+00 0.000000000000000000e+00 2.165556127562923427e-01 3.222645293081169426e-02 1.408199257979255714e-01
0.000000000000000000e+00 1.094448820125288185e-01 2.359339647786195052e-02 7.624012424756949902e-02 0.000000000000000000e+00 4.502536441481670704e-02 5.012676542250175254e-02 1.107177047535249093e-01 0.000000000000000000e+00 1.736845586964587407e-02 0.000000000000000000e+00 3.478063146073854806e-01 0.000000000000000000e+00 0.000000000000000000e+00 0.000000000000000000e+00 7.751796802601797556e-03 0.000000000000000000e+00 1.192232557855017472e-01 4.963358120732315470e-02 4.306835839873832117e-02
0.000000000000000000e+00 0.000000000000000000e+00 1.331702779504217171e-01 0.000000000000000000e+00 2.275556986145536517e-02 1.650182812356175421e-01 5.690511221045337293e-04 1.876708105248007033e-02 8.788207183511433096e-02 1.460367899689938020e-01 1.498755924496055630e-02 2.194262316364724574e-01 0.000000000000000000e+00 3.517210556166385643e-02 0.000000000000000000e+00 0.000000000000000000e+00 0.000000000000000000e+00 0.000000000000000000e+00 1.562149805307156691e-01 0.000000000000000000e+00
0.000000000000000000e+00 1.349592111696198693e-01 5.824251355305189171e-02 1.417934639433449939e-01 3.556918805217968577e-02 0.000000000000000000e+00 0.000000000000000000e+00 1.558338665017434121e-01 4.185883073931211812e-02 0.000000000000000000e+00 0.000000000000000000e+00 2.433542591972310265e-01 0.000000000000000000e+00 0.000000000000000000e+00 3.184480590327107979e-02 0.000000000000000000e+00 0.000000000000000000e+00 0.000000000000000000e+00 1.565438609402459713e-01 0.000000000000000000e+00
0.000000000000000000e+00 1.438834473590481222e-01 1.816892416172103189e-02 2.116104679789970050e-02 0.000000000000000000e+00 1.862745841259397933e-02 0.000000000000000000e+00 5.838797024795012308e-02 1.740652651149129926e-02 1.162915043528933851e-01 5.623483660767604128e-03 1.794211659056047237e-01 7.758215991519844257e-02 3.783877759289507731e-02 1.771668080658760913e-01 1.203567820121783927e-01 0.000000000000000000e+00 8.083945003882014868e-03 0.000000000000000000e+00 0.000000000000000000e+00
