0.000000000000000000e+00 0.000000000000000000e+00 1.353649070070922222e-01 9.459504698221888816e-03 1.555422193289670296e-01 0.000000000000000000e+00 0.000000000000000000e+00 0.000000000000000000e+00 0.000000000000000000e+00 7.410976972488434074e-03 2.036035981977091236e-02 0.000000000000000000e+00 0.000000000000000000e+00 0.000000000000000000e+00 2.568857480020138029e-01 0.000000000000000000e+00 1.048609541120274768e-01 0.000000000000000000e+00 4.868074366314311362e-03 2.681846442975949207e-02 0.000000000000000000e+00 0.000000000000000000e+00 1.013698537199534538e-01 0.000000000000000000e+00 1.770589375433909707e-01
2.126386092056802794e-03 4.730152155408274411e-02 0.000000000000000000e+00 1.386075969284351894e-01 0.000000000000000000e+00 0.000000000000000000e+00 3.008219411174234068e-02 2.652896346386720561e-01 0.000000000000000000e+00 0.000000000000000000e+00 0.000000000000000000e+00 3.159767571841518713e-02 6.641443190701153132e-02 5.350787760282816469e-02 1.107666740410467865e-02 0.000000000000000000e+00 0.000000000000000000e+00 0.000000000000000000e+00 0.000000000000000000e+00 3.125476024609692184e-03 1.919186045397827016e-03 0.000000000000000000e+00 3.033188346717674566e-03 1.945918594442910265e-01 1.513263041816350629e-01
0.000000000000000000e+00 4.488215534274169437e-03 8.782322657032944069e-03 1.134826749552252656e-01 3.317288056135849622e-02 0.000000000000000000e+00 2.882390083803467937e-02 2.390384629004193850e-01 0.000000000000000000e+00 1.361780591710231442e-02 7.712708450135731530e-02 2.810473383661095392e-02 0.000000000000000000e+00 0.000000000000000000e+00 1.456843732739735997e-01 5.347666779137193183e-03 0.000000000000000000e+00 8.251197932557813308e-02 2.896005955354492498e-02 5.056627024338801110e-03 0.000000000000000000e+00 3.845939185721676361e-03 1.420700735511258306e-01 3.988519960516437313e-02 0.000000000000000000e+00
0.000000000000000000e+00 4.581016415954006216e-02 0.000000000000000000e+00 0.000000000000000000e+00 0.000000000000000000e+00 0.000000000000000000e+00 4.641078175901837410e-02 1.246352659177448891e-01 3.859532874840745226e-02 0.000000000000000000e+00 0.000000000000000000e+00 9.569139789960365294e-02 0.000000000000000000e+00 0.000000000000000000e+00 3.115686488555762246e-01 0.000000000000000000e+00 0.000000000000000000e+00 0.000000000000000000e+00 5.505513073568546467e-02 0.000000000000000000e+00 0.000000000000000000e+00 0.000000000000000000e+00 1.617369017987680541e-02 1.558890889348611142e-01 1.101705028096861133e-01
1.020553000891608469e-01 1.426704234793544669e-02 6.641166962316702449e-02 0.000000000000000000e+00 3.181737948570112495e-02 0.000000000000000000e+00 7.197483774987147032e-02 6.518723315252954176e-02 0.000000000000000000e+00 0.000000000000000000e+00 0.000000000000000000e+00 1.086215107099542665e-01 0.000000000000000000e+00 3.705593472247100013e-03 2.102343893244065232e-01 0.000000000000000000e+00 0.000000000000000000e+00 8.794786275442514900e-03 1.319980915070480612e-02 0.000000000000000000e+00 0.000000000000000000e+00 5.753808501316774564e-03 1.204849491869300765e-01 1.774916909306326063e-01 0.000000000000000000e+00
1.288347599813224054e-01 1.404194368091002676e-01 1.187123414592912846e-01 1.321752381729247583e-01 5.622586641009875985e-02 0.000000000000000000e+00 1.218882761238121309e-01 0.000000000000000000e+00 0.000000000000000000e+00 0.000000000000000000e+00 1.412112863470900252e-02 2.902981406077024748e-02 0.000000000000000000e+00 0.000000000000000000e+00 1.623735957694366280e-02 0.000000000000000000e+00 0.000000000000000000e+00 0.000000000000000000e+00 5.952145935320644551e-03 5.574108492028686385e-02 0.000000000000000000e+00 0.000000000000000000e+00 2.125894377445518638e-02 2.348775049019561842e-02 1.359158536507691917e-01
3.290280850554443831e-02 0.000000000000000000e+00 0.000000000000000000e+00 1.526696031444433332e-01 1.560967962241783247e-01 0.000000000000000000e+00 8.101559939911993913e-02 0.000000000000000000e+00 0.000000000000000000e+00 4.650169090334147284e-03 0.000000000000000000e+00 0.000000000000000000e+00 4.976899148057171464e-03 0.000000000000000000e+00 2.071538740305864101e-01 3.558590177124708927e-03 5.908397939826078721e-02 6.207678826514537044e-04 1.769289291898219485e-01 7.100628772030231732e-03 0.000000000000000000e+00 0.000000000000000000e+00 1.026725680284874265e-01 0.000000000000000000e+00 1.056878700935980249e-02
7.488214499912411795e-03 1.173461376499965875e-01 1.301831062103337919e-02 8.826359850856699274e-02 2.885374256194473200e-03 0.000000000000000000e+00 9.654523048964445270e-03 4.170398574213517867e-02 0.000000000000000000e+00 9.690734537174067187e-02 0.000000000000000000e+00 7.566930305387607747e-02 5.907603728366510321e-02 0.000000000000000000e+00 1.251958670898370082e-02 1.130274154909482742e-01 2.490810687815867702e-02 0.000000000000000000e+00 1.329402919635210567e-01 0.000000000000000000e+00 0.000000000000000000e+00 0.000000000000000000e+00 4.641294029214276806e-02 1.235129608927519433e-02 1.458275325408849576e-01
0.000000000000000000e+00 1.865315071450149992e-02 5.502525881962499338e-02 0.000000000000000000e+00 1.102437265099733277e-01 0.000000000000000000e+00 0.000000000000000000e+00 0.000000000000000000e+00 0.000000000000000000e+00 0.000000000000000000e+00 0.000000000000000000e+00 1.241333167356319517e-01 0.000000000000000000e+00 0.000000000000000000e+00 1.745357651116915820e-01 0.000000000000000000e+00 3.836546042887395425e-02 6.816685436094799266e-02 0.000000000000000000e+00 0.000000000000000000e+00 2.687603637286406499e-02 0.000000000000000000e+00 2.892621676051029822e-01 3.570786768123890981e-02 5.903039565954860957e-02
9.921831078205776977e-02 0.000000000000000000e+00 1.980321204178639438e-02 1.000374530775175819e-03 0.000000000000000000e+00 3.459314713066491062e-03 1.589853966740844837e-01 1.516641997415401066e-01 5.867448790919480017e-03 0.000000000000000000e+00 0.000000000000000000e+00 1.499871440081888274e-01 0.000000000000000000e+00 0.000000000000000000e+00 3.536032127491563204e-02 0.000000000000000000e+00 0.000000000000000000e+00 0.000000000000000000e+00 1.172154529211090757e-01 7.501490549543579633e-02 2.161915891443182136e-02 0.000000000000000000e+00 7.753206034556726738e-03 6.064430198306451636e-02 9.240725209406779050e-02
0.000000000000000000e+00 0.000000000000000000e+00 9.755144821821268297e-02 4.826772074813232699e-02 0.000000000000000000e+00 2.246695794562689544e-02 2.981854616620974521e-02 7.575739888757268559e-02 2.420797484172713954e-02 5.890854761545576829e-02 0.000000000000000000e+00 1.331551616902344193e-01 4.031076966122836003e-02 0.000000000000000000e+00 1.440599471469474480e-01 0.000000000000000000e+00 0.000000000000000000e+00 0.000000000000000000e+00 2.798994627211838157e-02 0.000000000000000000e+00 0.000000000000000000e+00 3.010237560900246630e-03 1.552114305300473229e-01 0.000000000000000000e+00 1.392839127155866275e-01
0.000000000000000000e+00 2.933104863877471213e-02 1.048606753767813010e-01 6.679192744459565637e-03 1.425040090590669328e-01 0.000000000000000000e+00 1.717255144339391304e-02 8.948412471363676596e-03 0.000000000000000000e+00 3.518319795399726772e-03 0.000000000000000000e+00 1.547641075129820853e-01 0.000000000000000000e+00 0.000000000000000000e+00 1.641162437099319416e-01 0.000000000000000000e+00 0.000000000000000000e+00 3.773444451799004822e-04 6.662640429320761289e-03 1.959194120990196200e-02 0.000000000000000000e+00 0.000000000000000000e+00 9.783635293278694633e-02 2.417749932416123071e-02 2.194596609064953519e-01
5.020360052156293273e-02 1.969905021233888665e-01 0.000000000000000000e+00 0.000000000000000000e+00 0.000000000000000000e+00 0.000000000000000000e+00 1.916042893692363469e-01 8.011293460964664936e-03 0.000000000000000000e+00 0.000000000000000000e+00 0.000000000000000000e+00 0.000000000000000000e+00 0.000000000000000000e+00 0.000000000000000000e+00 1.607137232497985735e-01 0.000000000000000000e+00 0.000000000000000000e+00 0.000000000000000000e+00 1.848817145137766349e-01 0.000000000000000000e+00 3.098927353689634803e-02 0.000000000000000000e+00 0.000000000000000000e+00 4.978790269197126694e-02 1.268177005324043483e-01
0.000000000000000000e+00 8.252002683521345028e-02 0.000000000000000000e+00 0.000000000000000000e+00 1.596814587619451997e-01 0.000000000000000000e+00 5.660755834443378931e-02 0.000000000000000000e+00 0.000000000000000000e+00 0.000000000000000000e+00 0.000000000000000000e+00 2.475920890321156309e-01 0.000000000000000000e+00 0.000000000000000000e+00 0.000000000000000000e+00 0.000000000000000000e+00 0.000000000000000000e+00 0.000000000000000000e+00 1.870645023876170709e-01 0.000000000000000000e+00 2.539529528681423384e-02 0.000000000000000000e+00 6.046460959221080372e-02 3.813585919049601591e-02 1.425386005691538505e-01
0.000000000000000000e+00 7.798045786832541459e-02 7.274998693649264514e-04 1.224054416369724924e-01 0.000000000000000000e+00 0.000000000000000000e+00 0.000000000000000000e+00 1.219805717335605694e-02 0.000000000000000000e+00 1.490133518135910995e-02 0.000000000000000000e+00 1.326246099990579241e-01 0.000000000000000000e+00 0.000000000000000000e+00 1.436552542854191150e-01 1.336932675081179030e-02 0.000000000000000000e+00 1.846269236177243075e-02 2.628072580911543221e-02 7.407374365385205155e-03 0.000000000000000000e+00 1.520026908342934349e-03 1.517680150775957693e-01 2.123889935421566788e-01 6.431018917096480159e-02
0.000000000000000000e+00 0.000000000000000000e+00 0.000000000000000000e+00 0.000000000000000000e+00 1.497636491659250224e-01 0.000000000000000000e+00 1.719064918149542376e-01 1.112535370797795437e-01 0.000000000000000000e+00 0.000000000000000000e+00 0.000000000000000000e+00 1.379933665449529223e-01 0.000000000000000000e+00 0.000000000000000000e+00 1.673799559063344003e-02 0.000000000000000000e+00 0.000000000000000000e+00 0.000000000000000000e+00 1.799800494799696227e-01 0.000000000000000000e+00 0.000000000000000000e+00 0.000000000000000000e+00 1.596399032388171324e-01 0.000000000000000000e+00 7.272500708496787425e-02
0.000000000000000000e+00 1.223402897718004478e-01 0.000000000000000000e+00 4.906132014883809317e-02 1.729134496047489145e-01 3.136491627414948920e-03 0.000000000000000000e+00 0.000000000000000000e+00 0.000000000000000000e+00 1.491876099945254330e-01 0.000000000000000000e+00 0.000000000000000000e+00 0.000000000000000000e+00 0.000000000000000000e+00 1.328558608931068030e-01 0.000000000000000000e+00 2.015440980730884984e-02 0.000000000000000000e+00 1.976241385328182387e-01 1.367686823789345529e-01 0.000000000000000000e+00 0.000000000000000000e+00 1.595774724050384383e-02 0.000000000000000000e+00 0.000000000000000000e+00
0.000000000000000000e+00 5.745657001139427462e-03 0.000000000000000000e+00 1.253124097068614717e-01 7.045713831750957667e-02 9.979271571161950696e-03 1.327333268137264599e-01 2.541419120903631312e-01 0.000000000000000000e+00 1.357399946849076680e-02 0.000000000000000000e+00 1.019141004244660496e-03 7.608960862989753125e-03 0.000000000000000000e+00 4.690213646586716828e-02 0.000000000000000000e+00 0.000000000000000000e+00 5.161355174111373345e-02 2.111406282995036132e-01 0.000000000000000000e+00 0.000000000000000000e+00 0.000000000000000000e+00 4.560499870760703622e-02 0.000000000000000000e+00 2.416686794942124114e-02
0.000000000000000000e+00 8.202541667662993641e-02 0.000000000000000000e+00 0.000000000000000000e+00 7.371049750486947938e-02 0.000000000000000000e+00 1.626463642776850849e-01 1.490922141055546768e-01 0.000000000000000000e+00 0.000000000000000000e+00 0.000000000000000000e+00 0.000000000000000000e+00 0.000000000000000000e+00 0.000000000000000000e+00 1.838473614905103137e-01 9.988152944116239496e-02 0.000000000000000000e+00 0.000000000000000000e+00 0.000000000000000000e+00 3.313276045331690206e-02 0.000000000000000000e+00 4.066206293141584951e-03 1.671090326576920790e-02 6.526674491150148867e-03 1.883600720002102658e-01
0.000000000000000000e+00 0.000000000000000000e+00 0.000000000000000000e+00 0.000000000000000000e+00 1.329379687635711682e-01 0.000000000000000000e+00 0.000000000000000000e+00 2.213322957351601117e-01 1.713570456466392443e-03 5.884104827511308852e-03 0.000000000000000000e+00 1.239918858159985843e-01 4.404350688577379075e-02 0.000000000000000000e+00 2.444698397870481155e-01 0.000000000000000000e+00 0.000000000000000000e+00 0.000000000000000000e+00 1.329132348094744882e-03 3.486717896564390379e-02 0.000000000000000000e+00 0.000000000000000000e+00 0.000000000000000000e+00 0.000000000000000000e+00 1.894305164147318810e-01
4.346300027508154251e-02 1.234314897848692721e-01 0.000000000000000000e+00 0.000000000000000000e+00 1.346622007034531388e-01 5.511383254530077824e-02 1.345576268112383678e-01 1.059980349075732159e-02 0.000000000000000000e+00 0.000000000000000000e+00 0.000000000000000000e+00 0.000000000000000000e+00 0.000000000000000000e+00 0.000000000000000000e+00 2.015163753331913055e-01 0.000000000000000000e+00 0.000000000000000000e+00 0.000000000000000000e+00 3.327563036735776969e-02 0.000000000000000000e+00 0.000000000000000000e+00 0.000000000000000000e+00 9.844999422280356627e-02 0.000000000000000000e+00 1.649300464659470000e-01
0.000000000000000000e+00 1.364092987162787707e-01 0.000000000000000000e+00 5.681747259592988958e-02 0.000000000000000000e+00 0.000000000000000000e+00 1.432983963888502001e-02 0.000000000000000000e+00 0.000000000000000000e+00 1.262077101797238199e-01 0.000000000000000000e+00 1.321578210262470132e-01 5.535169680639273615e-02 5.439533740189603228e-02 2.116267800702088808e-01 0.000000000000000000e+00 0.000000000000000000e+00 0.000000000000000000e+00 0.000000000000000000e+00 0.000000000000000000e+00 0.000000000000000000e+00 0.000000000000000000e+00 1.819263563514925131e-02 6.015510531374724558e-03 1.884958973979138641e-01
2.193498239534494298e-02 1.404118146957178404e-01 5.193641149820611008e-02 0.000000000000000000e+00 0.000000000000000000e+00 9.766305738094423552e-03 9.760603527561133308e-02 0.000000000000000000e+00 0.000000000000000000e+00 0.000000000000000000e+00 0.000000000000000000e+00 0.000000000000000000e+00 0.000000000000000000e+00 2.848679322041260814e-02 1.607501945820942468e-01 9.593739525268245999e-03 0.000000000000000000e+00 1.661161102208550885e-02 1.800600462039305960e-01 1.117316025967838855e-01 2.432025527388933031e-02 0.000000000000000000e+00 1.311993307660343222e-01 1.559087720652667201e-02 0.000000000000000000e+00
1.562286019145739564e-02 1.377398347738527096e-01 6.346351318595368218e-02 1.482689049253929359e-01 9.167795437271081260e-02 0.000000000000000000e+00 6.463172674020474517e-02 1.305683864366615488e-01 0.000000000000000000e+00 0.000000000000000000e+00 0.000000000000000000e+00 0.000000000000000000e+00 0.000000000000000000e+00 0.000000000000000000e+00 5.749404823035092482e-02 0.000000000000000000e+00 7.118751336687542848e-03 0.000000000000000000e+00 1.767346619775027605e-01 0.000000000000000000e+00 0.000000000000000000e+00 0.000000000000000000e+00 0.000000000000000000e+00 0.000000000000000000e+00 1.066793578292249967e-01
0.000000000000000000e+00 2.921205646607751352e-02 0.000000000000000000e+00 1.334446205563581955e-01 0.000000000000000000e+00 0.000000000000000000e+00 0.000000000000000000e+00 1.226001566187183145e-01 1.640219015289766467e-03 3.737572274062741368e-02 0.000000000000000000e+00 8.803836026181330321e-02 0.000000000000000000e+00 0.000000000000000000e+00 2.533498671433364602e-01 0.000000000000000000e+00 1.616000625076795608e-02 0.000000000000000000e+00 0.000000000000000000e+00 0.000000000000000000e+00 0.000000000000000000e+00 0.000000000000000000e+00 1.472642012625872965e-01 0.000000000000000000e+00 1.709147896844237235e-01
