7.420165586322374600e-03 1.476084212979274224e-01 1.432823239395701782e-02 4.258638266445950726e-02 2.503789212690211985e-03 1.356829373313891418e-01 2.622985644979881122e-03 5.369795600806497558e-03 1.832410150476119770e-01 0.000000000000000000e+00 1.215316263594586922e-02 8.282640234391043521e-02 1.687176836018372539e-02 1.966483221176732517e-03 6.942894173361600918e-02 0.000000000000000000e+00 1.049401565967113537e-01 2.200455191442999506e-03 9.035662966767261939e-02 7.789227546919634537e-02
0.000000000000000000e+00 5.819569036144539749e-03 8.223631820161445612e-04 1.641642717198748547e-01 1.438373451786224000e-01 1.054883672930330765e-02 1.849168400955886193e-02 1.352122569004570452e-01 1.685715813156670739e-01 8.017507609298773000e-03 0.000000000000000000e+00 8.369388795853398982e-03 0.000000000000000000e+00 1.859955311235668429e-01 3.284089396012197012e-03 0.000000000000000000e+00 5.037100905530930012e-02 9.649456594831519463e-02 0.000000000000000000e+00 0.000000000000000000e+00
0.000000000000000000e+00 4.048836844014707531e-02 5.234399214295588215e-02 1.544025943533763878e-01 2.478746238583717787e-01 2.094968771169579760e-02 2.498020979373057407e-02 8.219227631476675594e-03 1.602693943949800304e-01 2.625014716991926761e-02 0.000000000000000000e+00 0.000000000000000000e+00 0.000000000000000000e+00 2.255322337415012306e-03 4.901027141301341622e-02 3.186399166604404233e-03 5.560766607207345141e-03 0.000000000000000000e+00 1.472269121853775065e-01 5.698208279372898172e-02
0.000000000000000000e+00 1.589743338373126799e-02 5.048451771160980149e-04 4.066880095865621145e-03 0.000000000000000000e+00 1.418471341944578523e-01 6.075917914524704352e-03 8.889343754409209653e-03 3.187517003327255960e-01 3.259065152699068546e-02 0.000000000000000000e+00 3.084065215455947771e-03 8.282997259809414927e-04 9.832119369439392548e-03 1.001111997117436897e-02 2.297116749107444567e-02 9.411119983465835587e-03 1.156517930094994734e-01 1.428585580252283438e-01 1.567278508288601768e-01
3.646380307584555502e-02 1.505823212198311445e-01 1.237196224605289097e-03 2.008455430937373665e-01 4.926012131828827467e-02 1.321393327176442756e-01 0.000000000000000000e+00 7.934376475919225832e-03 5.698184246533021663e-03 0.000000000000000000e+00 2.650028198644424713e-03 1.468041875300802324e-01 0.000000000000000000e+00 0.000000000000000000e+00 0.000000000000000000e+00 0.000000000000000000e+00 3.362313699964271461e-03 1.027987844476724311e-01 1.398547336881990621e-01 2.036907406303541460e-02
2.187939032788633609e-01 8.598292626895606694e-02 0.000000000000000000e+00 0.000000000000000000e+00 1.669342209970203494e-01 1.803772481665400773e-01 4.457005195028033648e-03 1.837423200147347002e-01 4.936587270168450725e-02 1.458231053327945642e-02 0.000000000000000000e+00 7.244646843510548287e-03 0.000000000000000000e+00 0.000000000000000000e+00 8.652742526707418724e-03 0.000000000000000000e+00 7.321297009877208474e-03 7.072838097998387918e-02 0.000000000000000000e+00 1.817125483814531570e-03
5.886441682948864718e-02 9.330716222262117054e-02 0.000000000000000000e+00 1.086118879819970018e-01 3.862593569618104350e-02 1.369793396695203336e-01 0.000000000000000000e+00 2.472707431458031832e-02 3.644732268759870442e-01 1.136631416870298450e-01 0.000000000000000000e+00 0.000000000000000000e+00 1.709721812147501144e-02 4.608337174224369850e-03 0.000000000000000000e+00 2.039084837738524766e-02 0.000000000000000000e+00 1.865141104951007281e-02 0.000000000000000000e+00 0.000000000000000000e+00
4.105471662348999379e-02 1.146576506537204526e-01 2.058725247462547120e-02 2.711885598753165094e-02 1.955990697433001024e-01 2.130306979486761877e-04 1.068559456294105314e-01 1.532529646225372633e-01 4.602847343979590139e-02 0.000000000000000000e+00 0.000000000000000000e+00 0.000000000000000000e+00 8.222183785622565189e-02 2.837758565938211866e-02 0.000000000000000000e+00 0.000000000000000000e+00 2.850823051150917428e-03 4.856791055985901912e-02 1.168951641288281385e-01 1.571871887219416716e-02
0.000000000000000000e+00 3.601664443633100171e-04 0.000000000000000000e+00 1.843224707873067914e-01 1.556986958545937827e-01 3.317381917990688822e-01 0.000000000000000000e+00 1.882072774058873160e-02 1.573677581454350216e-01 3.726785559676393245e-02 0.000000000000000000e+00 0.000000000000000000e+00 0.000000000000000000e+00 0.000000000000000000e+00 0.000000000000000000e+00 0.000000000000000000e+00 1.793903126630163724e-03 0.000000000000000000e+00 1.126302305052494929e-01 0.000000000000000000e+00
2.841728967447600812e-02 1.228440856164896011e-01 1.242628186755133091e-01 2.139966362161528288e-03 1.554617156909394171e-01 1.157725176053491477e-02 5.853191060651559939e-03 1.307081611732790194e-01 1.588469291489658097e-02 0.000000000000000000e+00 6.405946949564557229e-03 2.115538993983855087e-02 9.850607927739977662e-03 1.495897157298694824e-01 5.343923950990628335e-02 8.564294081987796833e-03 2.643216289096418301e-02 0.000000000000000000e+00 1.715014150032829685e-02 1.102633285408589625e-01
7.895310618416426229e-02 6.100595401981975807e-02 3.342967008326426428e-03 4.657474974239686483e-02 4.193753586193938593e-02 1.310831562473638023e-01 9.790893570815174807e-02 1.208999290136980251e-02 2.232607135874905557e-01 1.227330251997300718e-02 0.000000000000000000e+00 1.051204082198388401e-01 7.515952172074105188e-03 0.000000000000000000e+00 5.710093672031385688e-03 0.000000000000000000e+00 3.248820378988816204e-02 1.335860336091573564e-01 7.148894756014509064e-03 0.000000000000000000e+00
1.042523341413893051e-01 2.313457912480026274e-02 3.927950832662060326e-03 1.001041353741747957e-02 1.922652527138267106e-02 1.314655003242531373e-01 0.000000000000000000e+00 1.968802347621602389e-02 3.452452242398844351e-02 1.334204934112533381e-01 0.000000000000000000e+00 2.428137901542347377e-01 6.235971716526600428e-02 0.000000000000000000e+00 0.000000000000000000e+00 7.496834878323151152e-03 0.000000000000000000e+00 1.266543954936474314e-01 0.000000000000000000e+00 8.102491976516595917e-02
6.258910983346384349e-02 1.304131701769958573e-01 0.000000000000000000e+00 4.069561566197849728e-02 3.473563656026637026e-04 1.549789774840109047e-01 1.478569371829223031e-02 2.505733167311806689e-02 3.496616712814185624e-01 4.674475231745574971e-03 2.981953944868904333e-03 1.475382645733971931e-01 1.997165036663902521e-02 6.972466378237053087e-04 4.148665098541099577e-02 0.000000000000000000e+00 0.000000000000000000e+00 0.000000000000000000e+00 0.000000000000000000e+00 4.120832065233979297e-03
8.864240665708986167e-02 1.130062107879799965e-01 5.957168127841479949e-02 5.597572019540668353e-02 9.018849835996817221e-02 1.419993140793039954e-01 0.000000000000000000e+00 4.359097062063056055e-02 0.000000000000000000e+00 0.000000000000000000e+00 0.000000000000000000e+00 1.866434331832143162e-02 1.165509047566962511e-02 3.016384378950859313e-02 9.433627607513224433e-02 2.468310082606362671e-02 7.121796376771264044e-03 1.177341656587941876e-01 1.009321642385401785e-01 1.734417262404901877e-03
1.456679860241477881e-03 4.357060957020219422e-02 5.896288466275376866e-02 1.483532478973917657e-01 0.000000000000000000e+00 2.913066557348232832e-01 0.000000000000000000e+00 2.648615752800766859e-02 2.522844795893885994e-01 5.752005318564094860e-02 0.000000000000000000e+00 2.005063432880835848e-03 0.000000000000000000e+00 0.000000000000000000e+00 0.000000000000000000e+00 2.727032514171008615e-02 9.182577364043304977e-03 7.255294109957796667e-02 0.000000000000000000e+00 9.048324933338056097e-03
1.347796963425455970e-02 2.900467866529225433e-02 2.986231127182376391e-02 1.498894826837632588e-01 1.665606907603169595e-01 2.328668834915672836e-01 2.840388196819142175e-02 1.199835241290848620e-01 1.864936128271213727e-03 1.106612562066590713e-02 7.386968444104404993e-04 0.000000000000000000e+00 0.000000000000000000e+00 0.000000000000000000e+00 0.000000000000000000e+00 0.000000000000000000e+00 0.000000000000000000e+00 7.754970972803512663e-02 1.170898419147064703e-02 1.270221248828523608e-01
2.175156927577820143e-01 0.000000000000000000e+00 1.316533837831640637e-02 1.131013197625492170e-02 1.230047313419880134e-01 1.450105491819497217e-01 2.209942347701817494e-02 1.354513290773240175e-01 4.474409490951675866e-02 2.154713837092557104e-03 0.000000000000000000e+00 1.107574104170240131e-01 0.000000000000000000e+00 0.000000000000000000e+00 0.000000000000000000e+00 0.000000000000000000e+00 2.817854454506505887e-02 0.000000000000000000e+00 3.897213881520374124e-02 1.076359012854646996e-01
0.000000000000000000e+00 1.599457847305619379e-02 3.434210119836036208e-04 2.186605466503092118e-03 1.533753737878121998e-03 2.794165802017672257e-02 2.735987247822902965e-02 2.493828414244854148e-03 2.992788149263556630e-01 0.000000000000000000e+00 2.816598055455831959e-02 1.201307444214485126e-01 2.629325858129332935e-02 1.414907809764345270e-01 4.059763255659599480e-03 5.906644082455732303e-03 1.105916035909750364e-02 5.593372409793657268e-02 1.176837457021118610e-01 1.121436654405767452e-01
0.000000000000000000e+00 1.084059624798894630e-02 0.000000000000000000e+00 2.622398039467943587e-01 1.069055407704443648e-02 0.000000000000000000e+00 0.000000000000000000e+00 1.425524844326298175e-02 3.463602371183475692e-01 2.394539139092772238e-03 0.000000000000000000e+00 1.303616844144791891e-02 1.738711029284407267e-02 1.693380182878300930e-02 0.000000000000000000e+00 1.639442059946376665e-02 3.210305524542718825e-03 1.206110737448200937e-01 2.823103392469218306e-02 1.374151066708750590e-01
1.396147228936533424e-01 0.000000000000000000e+00 4.803715548688020781e-02 2.345400300153402395e-02 2.838248121764549436e-01 2.324339277487121602e-01 0.000000000000000000e+00 1.626876324273571206e-02 5.353023485560937968e-03 3.483769985767337651e-02 0.000000000000000000e+00 1.136511680223334202e-02 0.000000000000000000e+00 0.000000000000000000e+00 0.000000000000000000e+00 2.193753898670043959e-02 0.000000000000000000e+00 5.156342897929140287e-03 3.116152260129318591e-02 1.465553708186392301e-01
9.282168197110413077e-02 9.986913692804987031e-02 0.000000000000000000e+00 1.003314873954384984e-01 6.830007102137880537e-02 1.411249192158361421e-01 2.921930347920996540e-02 0.000000000000000000e+00 1.546278134006201233e-01 8.396564740294426912e-03 4.092171306585869889e-03 1.180365041411766125e-01 1.022795786188143187e-02 5.398660091000037631e-02 4.931548893300671289e-03 0.000000000000000000e+00 0.000000000000000000e+00 0.000000000000000000e+00 0.000000000000000000e+00 1.140342387351230835e-01
0.000000000000000000e+00 0.000000000000000000e+00 0.000000000000000000e+00 1.245169331419936076e-01 1.453640853100873487e-01 3.349651609989120343e-02 0.000000000000000000e+00 1.499689760011605616e-02 2.497010933098358088e-01 2.427420010126963082e-03 7.565612702719134606e-04 1.515265670404520870e-01 0.000000000000000000e+00 1.383335248372268358e-03 1.156205583256628491e-02 1.923877084241020288e-02 0.000000000000000000e+00 1.050433353537307268e-01 0.000000000000000000e+00 1.399864289401455963e-01
1.152570400012967317e-01 6.565770075603705180e-02 1.445920852695956570e-02 1.331128242139338058e-01 1.504865516412495254e-02 1.569340747853483764e-01 2.738165276251963449e-03 1.178708515479015909e-02 1.752372656865277545e-01 1.953655021762836213e-03 0.000000000000000000e+00 3.684140147689862060e-02 9.091849498657694761e-02 0.000000000000000000e+00 1.465007780483827508e-02 1.731906597273945303e-02 0.000000000000000000e+00 1.129417338230641887e-01 3.514355134884922932e-02 0.000000000000000000e+00
0.000000000000000000e+00 1.538748504899866976e-01 0.000000000000000000e+00 1.433381358081973426e-03 2.084071728870033960e-02 1.401768673540708665e-01 7.212953649196233996e-02 1.431078474225753183e-01 2.429749466902583060e-02 7.472545806092324716e-02 0.000000000000000000e+00 7.898775549102940441e-02 1.234363306857385600e-01 6.706998333271263490e-04 0.000000000000000000e+00 1.144853588665861455e-01 2.427214966122200057e-02 1.775657013815150689e-02 0.000000000000000000e+00 9.804982188618770189e-03
6.621218978016313317e-02 4.560988407438294756e-02 1.191118172371871259e-01 5.004547092430840921e-02 1.426775406489090292e-01 1.423768390295223341e-01 1.300680556806514954e-01 4.848788742086797970e-02 0.000000000000000000e+00 7.009534633815880413e-03 0.000000000000000000e+00 0.000000000000000000e+00 0.000000000000000000e+00 1.456757951007822335e-02 1.729491568877547601e-03 0.000000000000000000e+00 1.118475165818273720e-01 9.143496077887960927e-02 8.184781479650415220e-03 2.063645065087837960e-02
2.150932653418944351e-01 2.362829855375579713e-02 1.113946324284151995e-02 1.102767599255382869e-01 0.000000000000000000e+00 0.000000000000000000e+00 1.303053299560702483e-02 1.834879449905517336e-03 1.810079325841818798e-01 2.742563872648392034e-02 0.000000000000000000e+00 1.802848760599054176e-02 2.475170489401549295e-03 1.350972434670771605e-01 0.000000000000000000e+00 1.840180287038645571e-02 4.687052984966553343e-03 6.432873560156145837e-03 9.873490792044692377e-02 1.327056902813661954e-01
1.095855349727815065e-01 4.265371245982414738e-02 3.042860720947376807e-02 2.658286371442224461e-01 0.000000000000000000e+00 1.569863487994218598e-01 0.000000000000000000e+00 1.712592676828852967e-02 2.400593139335573459e-02 5.336299224838607358e-02 0.000000000000000000e+00 4.194863056301303267e-02 0.000000000000000000e+00 0.000000000000000000e+00 0.000000000000000000e+00 0.000000000000000000e+00 1.176500186327838482e-01 9.820658038888237240e-02 3.301409385058346607e-02 9.202985568983277492e-03
4.639794568727020896e-02 1.536173606693755633e-01 6.941315944690412687e-03 1.372986322212394750e-01 0.000000000000000000e+00 1.380274051497735188e-01 0.000000000000000000e+00 1.813012898862995798e-02 1.599786963198092382e-01 8.037967888590454718e-03 0.000000000000000000e+00 9.542746037930729952e-02 8.269800876532586165e-02 0.000000000000000000e+00 1.036838736139879431e-02 0.000000000000000000e+00 3.562947401061002453e-03 0.000000000000000000e+00 5.081385174656501830e-04 1.390056047060627409e-01
1.070126444791471947e-02 1.270206665964178638e-01 0.000000000000000000e+00 9.137762678670585670e-02 1.991169996609004345e-01 1.381735169493159554e-01 8.631415300130139412e-03 3.039662153855362051e-02 1.511297184026273999e-01 0.000000000000000000e+00 5.189407150385934656e-03 5.429675705584168649e-02 2.101240607970153787e-02 0.000000000000000000e+00 0.000000000000000000e+00 0.000000000000000000e+00 2.163603735018246668e-02 2.316698796109390585e-02 1.171160769746160124e-01 1.034497745612457517e-03
1.067674035348619849e-01 0.000000000000000000e+00 1.536708253150579837e-02 1.311273580922166226e-01 5.888333442551896280e-02 6.642711903826292383e-03 3.457789809556103405e-02 1.307279463348996473e-01 1.427866141333732353e-01 2.728988171148942141e-02 0.000000000000000000e+00 1.090280336191372379e-02 3.948320218098432671e-02 6.182923646965648307e-02 8.618587268580517671e-03 3.692544967466137012e-03 0.000000000000000000e+00 2.625708578398429707e-02 6.607997374654259182e-02 1.289663354576190690e-01
6.350035689670377459e-02 6.888650606412384525e-02 0.000000000000000000e+00 6.604848030730273330e-03 7.977184974228408720e-02 1.593954861511179544e-01 0.000000000000000000e+00 2.818876748438725252e-02 1.481595786159659867e-01 2.258008967232208800e-02 0.000000000000000000e+00 6.877447096248012759e-02 2.658466353355150649e-02 0.000000000000000000e+00 0.000000000000000000e+00 1.840664056882551983e-02 1.174008833888552233e-01 5.013260217368339933e-02 1.250037662656257667e-02 1.291128800884062955e-01
3.072230423357621629e-02 6.861233914198987260e-02 8.138267796616346916e-02 2.573382369618281151e-01 0.000000000000000000e+00 1.595848327024338431e-01 2.970475959251783066e-02 0.000000000000000000e+00 3.397402487550036376e-01 0.000000000000000000e+00 0.000000000000000000e+00 3.674029206795005912e-04 0.000000000000000000e+00 1.461957460270914451e-02 0.000000000000000000e+00 5.228212130710173898e-03 0.000000000000000000e+00 0.000000000000000000e+00 1.251781040026494866e-02 1.816005921232688696e-04
1.610940164374031688e-02 4.074694342109340395e-02 0.000000000000000000e+00 3.816359958266108549e-02 1.225384465211628304e-01 0.000000000000000000e+00 0.000000000000000000e+00 0.000000000000000000e+00 1.534555544220920775e-01 3.369250054894533386e-02 0.000000000000000000e+00 4.263201598124324865e-02 3.501520090184588249e-03 1.178371314276144138e-01 1.892993552375590730e-03 5.869762646598179756e-02 7.536097760272870982e-03 1.844359572039536432e-01 1.570985976454989663e-01 2.166161373318002334e-02
1.183405964522836126e-02 8.059308628665785845e-02 1.792510302935364230e-02 1.139218291680735434e-01 8.156450372882272093e-02 4.221177525334716962e-02 7.153118909330876199e-03 3.967360670878262996e-02 1.331949654913704706e-01 8.344329394071481332e-03 0.000000000000000000e+00 1.989113712868908687e-02 3.786539916270750816e-02 1.345378728557578007e-01 0.000000000000000000e+00 1.800757416854130086e-02 1.002426963011507077e-01 2.550729125464351946e-02 1.275316515134714279e-01 0.000000000000000000e+00
0.000000000000000000e+00 1.517522310376332728e-01 1.876051531791808960e-02 1.425511611639190823e-01 6.604970297603526830e-03 7.976516759781979854e-03 0.000000000000000000e+00 0.000000000000000000e+00 3.235332466713167765e-01 1.363030295155486481e-02 0.000000000000000000e+00 3.860943333485011668e-03 5.405089237830550120e-02 7.034529994642550049e-03 9.588186577072821404e-02 0.000000000000000000e+00 6.708698614448370574e-03 1.676541257086627545e-01 0.000000000000000000e+00 0.000000000000000000e+00
