0.000000000000000000e+00 0.000000000000000000e+00 5.708206668992422961e-02 0.000000000000000000e+00 1.368543532588502865e-01 0.000000000000000000e+00 2.968783726487878374e-02 2.176783089925461365e-02 7.378516802128559648e-02 7.561276541680078851e-03 0.000000000000000000e+00 0.000000000000000000e+00 0.000000000000000000e+00 0.000000000000000000e+00 2.683800499740554568e-01 0.000000000000000000e+00 0.000000000000000000e+00 1.490623901369922399e-01 5.713121515536631438e-03 1.213496253331137510e-02 0.000000000000000000e+00 7.600338482014121211e-03 0.000000000000000000e+00 7.751032068863272784e-02 1.528602839935838675e-01
0.000000000000000000e+00 1.073204089155533648e-02 8.208197053965065465e-03 4.073722694876964062e-02 1.667038702425429064e-01 4.454639661570806639e-03 1.757765007904931454e-01 7.719230682636216319e-03 0.000000000000000000e+00 0.000000000000000000e+00 0.000000000000000000e+00 1.667280982645287513e-02 4.606299229193566019e-02 0.000000000000000000e+00 7.496684421887422900e-02 2.265017780926183166e-02 1.579978862742534018e-01 1.347204014178798870e-01 0.000000000000000000e+00 0.000000000000000000e+00 0.000000000000000000e+00 0.000000000000000000e+00 0.000000000000000000e+00 0.000000000000000000e+00 1.325971818898090404e-01
6.686861554281721409e-02 0.000000000000000000e+00 1.137592941111913343e-02 0.000000000000000000e+00 3.180233831883879508e-02 0.000000000000000000e+00 2.367054135425737324e-02 1.454012976251947697e-01 1.138334422347325459e-01 0.000000000000000000e+00 0.000000000000000000e+00 1.785816501145454371e-01 6.571980751712600856e-03 1.521841309436457353e-02 1.593346620110122902e-01 0.000000000000000000e+00 0.000000000000000000e+00 3.473954245942141583e-02 0.000000000000000000e+00 1.097440228766883158e-01 0.000000000000000000e+00 5.168244114014324680e-02 0.000000000000000000e+00 2.798063877498263661e-03 4.837705918765409369e-02
7.999757290470325966e-02 1.436697638664992671e-01 9.338215166311146509e-02 4.170585282267009336e-02 1.325047700812367890e-02 2.208533641185440183e-02 3.414950207749083057e-03 0.000000000000000000e+00 2.140951534043770629e-02 2.997844261057070435e-03 0.000000000000000000e+00 2.669926141106456208e-01 0.000000000000000000e+00 0.000000000000000000e+00 5.742613038894277266e-03 1.297392465373704284e-01 0.000000000000000000e+00 6.072888685367894626e-03 0.000000000000000000e+00 1.060921203529605339e-01 0.000000000000000000e+00 4.365505315464283942e-02 0.000000000000000000e+00 0.000000000000000000e+00 1.979199963391243405e-02
0.000000000000000000e+00 1.083547469281902209e-01 9.418874719623436531e-02 0.000000000000000000e+00 3.063187424050885579e-02 2.610674056008952578e-03 0.000000000000000000e+00 6.354038378920134900e-02 0.000000000000000000e+00 1.228492197929679890e-02 0.000000000000000000e+00 1.159905362374898385e-01 4.154322151763871485e-02 5.502365684844213838e-04 1.670633537665246748e-01 1.080542107399883565e-02 1.676479883239546942e-02 1.953145151592892634e-02 0.000000000000000000e+00 0.000000000000000000e+00 0.000000000000000000e+00 1.054787508069817414e-01 0.000000000000000000e+00 2.106608814911167804e-01 0.000000000000000000e+00
0.000000000000000000e+00 0.000000000000000000e+00 2.257856073366733968e-02 0.000000000000000000e+00 1.095737313699995663e-01 0.000000000000000000e+00 1.391701163720059087e-01 0.000000000000000000e+00 1.161187554515385051e-01 0.000000000000000000e+00 0.000000000000000000e+00 1.231584740630543989e-01 0.000000000000000000e+00 0.000000000000000000e+00 5.732948709322185227e-02 4.041368146637271813e-03 1.602814425577523544e-02 3.513640251170516843e-02 0.000000000000000000e+00 4.132081235964939897e-02 0.000000000000000000e+00 4.930856563710973861e-02 1.281541667421005892e-01 0.000000000000000000e+00 1.580814152635351133e-01
6.331572644298863461e-02 6.933222776351179173e-02 3.756169427120901322e-02 0.000000000000000000e+00 3.158475608889101949e-01 1.490966853097488998e-01 1.053014396853351881e-01 3.490351639896469016e-02 0.000000000000000000e+00 3.818581765556608443e-02 0.000000000000000000e+00 0.000000000000000000e+00 0.000000000000000000e+00 0.000000000000000000e+00 2.149738000674441055e-02 0.000000000000000000e+00 1.974087123177744457e-02 1.427887165559512672e-01 0.000000000000000000e+00 0.000000000000000000e+00 0.000000000000000000e+00 0.000000000000000000e+00 0.000000000000000000e+00 0.000000000000000000e+00 2.428363789292330936e-03
1.996376309389741917e-03 1.395394173854500874e-01 3.599488252490574969e-02 3.197157609069937317e-02 2.417675850288749859e-02 4.806540198267247876e-03 0.000000000000000000e+00 6.173144670207632301e-02 0.000000000000000000e+00 9.076265219391933814e-02 0.000000000000000000e+00 1.607784191170830712e-01 0.000000000000000000e+00 0.000000000000000000e+00 9.102657831283850198e-02 6.979871844468297712e-03 0.000000000000000000e+00 0.000000000000000000e+00 0.000000000000000000e+00 0.000000000000000000e+00 0.000000000000000000e+00 1.231945152912537061e-01 5.750961613975948822e-02 1.240316009359297700e-01 4.549974845107174204e-02
8.199734034202016408e-03 0.000000000000000000e+00 1.091017337468681986e-01 0.000000000000000000e+00 1.374977242461660476e-01 0.000000000000000000e+00 8.030032126987071694e-02 6.125888657487420230e-02 0.000000000000000000e+00 0.000000000000000000e+00 0.000000000000000000e+00 1.558394153304736574e-01 0.000000000000000000e+00 0.000000000000000000e+00 1.509641622995122889e-01 0.000000000000000000e+00 0.000000000000000000e+00 1.581466047005506137e-01 0.000000000000000000e+00 0.000000000000000000e+00 0.000000000000000000e+00 1.265611432191050267e-01 9.779147245288544871e-03 2.351127333088870886e-03 0.000000000000000000e+00
9.051330797189269251e-03 7.743004761791368040e-02 1.201842658875025976e-01 1.292068861911126708e-02 3.580980229397149467e-02 3.288645058157260454e-03 1.835315113048774927e-01 1.380244775080351205e-01 1.911967440472430585e-02 0.000000000000000000e+00 0.000000000000000000e+00 1.793881687048691220e-01 0.000000000000000000e+00 0.000000000000000000e+00 1.222965831419386452e-02 0.000000000000000000e+00 0.000000000000000000e+00 0.000000000000000000e+00 2.812856389183574987e-02 1.082327338683987568e-02 0.000000000000000000e+00 0.000000000000000000e+00 1.872071951046125338e-02 0.000000000000000000e+00 1.513491727003177245e-01
0.000000000000000000e+00 0.000000000000000000e+00 2.458474238515437060e-01 4.288691335358050215e-03 9.199564900077323790e-03 0.000000000000000000e+00 1.363765544459962474e-02 0.000000000000000000e+00 5.208656998648006180e-03 1.365806503892401727e-02 0.000000000000000000e+00 1.839250467825037649e-01 0.000000000000000000e+00 0.000000000000000000e+00 1.653861084025881611e-01 1.455686603814450863e-01 5.053972653740854311e-04 0.000000000000000000e+00 2.448514309842379777e-02 9.161426604894556611e-03 0.000000000000000000e+00 1.309822886728176927e-01 2.497507225482777787e-02 0.000000000000000000e+00 2.317079896797441876e-02
0.000000000000000000e+00 0.000000000000000000e+00 1.078271315855147405e-01 3.026712351742835358e-02 3.473205386704780184e-01 9.701633786819239408e-03 0.000000000000000000e+00 3.179144929516343476e-02 5.099316912286831587e-03 3.080194330429258942e-02 0.000000000000000000e+00 0.000000000000000000e+00 0.000000000000000000e+00 0.000000000000000000e+00 1.574387291157301749e-01 1.187644221170017500e-01 0.000000000000000000e+00 0.000000000000000000e+00 0.000000000000000000e+00 0.000000000000000000e+00 0.000000000000000000e+00 6.881012551254930311e-03 0.000000000000000000e+00 0.000000000000000000e+00 1.541066991440300238e-01
0.000000000000000000e+00 4.593490831225413573e-02 1.046718048163945702e-01 1.445865921896732353e-01 8.584033172019264746e-03 0.000000000000000000e+00 7.789546544530366601e-02 1.356358972640634708e-01 9.975108036530706823e-02 0.000000000000000000e+00 4.661213159172544925e-03 1.467214552618115453e-01 1.114272103465436051e-02 0.000000000000000000e+00 1.291567777856617201e-02 0.000000000000000000e+00 0.000000000000000000e+00 0.000000000000000000e+00 0.000000000000000000e+00 0.000000000000000000e+00 0.000000000000000000e+00 1.080599706598231874e-01 3.812335832107892342e-02 0.000000000000000000e+00 6.131582221987772613e-02
0.000000000000000000e+00 4.408876222176929399e-02 0.000000000000000000e+00 1.265187351557165996e-01 1.647790832132046135e-01 7.951602154719359175e-03 1.458109992713807652e-02 1.570840228957473203e-02 0.000000000000000000e+00 2.749906097198088692e-02 0.000000000000000000e+00 7.991612853108402692e-02 5.971737952661352461e-02 0.000000000000000000e+00 1.472270368193877577e-01 0.000000000000000000e+00 1.155791065583511648e-02 1.478234390920667440e-01 6.313836869844114026e-03 0.000000000000000000e+00 0.000000000000000000e+00 0.000000000000000000e+00 0.000000000000000000e+00 0.000000000000000000e+00 1.463175225710650895e-01
0.000000000000000000e+00 1.343235887721058903e-02 1.495950369576147798e-01 0.000000000000000000e+00 1.622411460657338933e-01 1.361926973772252247e-01 2.424284403772886294e-03 0.000000000000000000e+00 1.023323696274397732e-01 3.035281814583389026e-02 0.000000000000000000e+00 1.439970314928777362e-01 0.000000000000000000e+00 0.000000000000000000e+00 1.216229116243391223e-02 0.000000000000000000e+00 0.000000000000000000e+00 1.704758074447167704e-01 0.000000000000000000e+00 3.619965548773112357e-02 0.000000000000000000e+00 3.614906323090408963e-02 0.000000000000000000e+00 0.000000000000000000e+00 4.445439726505328801e-03
0.000000000000000000e+00 8.877687489213567651e-03 1.243057637946363980e-01 2.737417773441028473e-03 1.149818370174003623e-01 1.314625326723744929e-02 2.577189275653654077e-01 6.710939604931623337e-02 6.964291411043770086e-02 0.000000000000000000e+00 2.835853691340087766e-03 0.000000000000000000e+00 0.000000000000000000e+00 1.832467566698712104e-04 2.084794646352101238e-02 0.000000000000000000e+00 4.991969149936003464e-03 1.803834219292322072e-01 0.000000000000000000e+00 1.507175391834537567e-02 0.000000000000000000e+00 1.171656110239073095e-01 0.000000000000000000e+00 0.000000000000000000e+00 0.000000000000000000e+00
0.000000000000000000e+00 0.000000000000000000e+00 1.738412917609158947e-01 0.000000000000000000e+00 3.294101989266756125e-01 1.521045527867033731e-01 0.000000000000000000e+00 0.000000000000000000e+00 0.000000000000000000e+00 0.000000000000000000e+00 0.000000000000000000e+00 1.783369733407731972e-01 0.000000000000000000e+00 0.000000000000000000e+00 3.567870707962823851e-02 0.000000000000000000e+00 0.000000000000000000e+00 1.304671983532211012e-02 0.000000000000000000e+00 1.617817259566264442e-03 0.000000000000000000e+00 1.159637390104153315e-01 0.000000000000000000e+00 0.000000000000000000e+00 0.000000000000000000e+00
0.000000000000000000e+00 8.434737640483573606e-02 1.100573123794502117e-01 2.620873018390890933e-03 1.248455088624103176e-01 0.000000000000000000e+00 1.902870093975536914e-01 1.388492312287798458e-01 0.000000000000000000e+00 2.496053640921306813e-02 0.000000000000000000e+00 0.000000000000000000e+00 1.840622664051144025e-02 0.000000000000000000e+00 7.126510782322112436e-02 4.343696989157682167e-03 1.580251592828229093e-02 8.107853729351178346e-03 8.577755400812726860e-02 6.479012043573243243e-03 0.000000000000000000e+00 0.000000000000000000e+00 2.668491209091564814e-02 2.328620572564672753e-02 6.387906732057961612e-02
0.000000000000000000e+00 5.211012140219667410e-02 1.777156490306782202e-02 2.103828728011706336e-03 1.798232357760801703e-01 4.212578403375868280e-02 1.607608282987956494e-01 1.710201397096811071e-01 0.000000000000000000e+00 0.000000000000000000e+00 1.318058126269049980e-02 0.000000000000000000e+00 1.640114254456319018e-02 0.000000000000000000e+00 1.427282186350732340e-01 0.000000000000000000e+00 0.000000000000000000e+00 0.000000000000000000e+00 4.683007846403864499e-02 3.692594358010736939e-03 0.000000000000000000e+00 0.000000000000000000e+00 0.000000000000000000e+00 3.175489677982088962e-03 1.482763922060497119e-01
2.158848677323152790e-02 1.683124722144458546e-02 0.000000000000000000e+00 1.035740225012546714e-02 2.768427737953407242e-01 1.270872437419843792e-01 8.404038910727604228e-02 1.342322193782653494e-01 1.407959368376433124e-02 0.000000000000000000e+00 0.000000000000000000e+00 1.119367591808935608e-01 1.016836675005799995e-02 0.000000000000000000e+00 0.000000000000000000e+00 9.020342921678282944e-03 0.000000000000000000e+00 0.000000000000000000e+00 0.000000000000000000e+00 0.000000000000000000e+00 0.000000000000000000e+00 0.000000000000000000e+00 0.000000000000000000e+00 4.417104130967692416e-02 1.396441338862608184e-01
4.001730952622647303e-02 1.542009758083726437e-02 0.000000000000000000e+00 0.000000000000000000e+00 1.614970610961103670e-01 1.473321829161215180e-01 1.673717296281362898e-02 1.032784668359521402e-01 2.787204430504703484e-02 0.000000000000000000e+00 0.000000000000000000e+00 1.506740502564431761e-01 4.733122471335351154e-03 0.000000000000000000e+00 3.146227156716672330e-02 0.000000000000000000e+00 0.000000000000000000e+00 1.668007048223513755e-01 1.995332127234746358e-02 3.356128039878004325e-04 0.000000000000000000e+00 1.067124925483683012e-01 0.000000000000000000e+00 7.174089034891396009e-03 0.000000000000000000e+00
0.000000000000000000e+00 0.000000000000000000e+00 4.098094020166090368e-02 7.579571863939483546e-03 2.968921851342252727e-01 0.000000000000000000e+00 1.237570491996047364e-02 0.000000000000000000e+00 0.000000000000000000e+00 2.062888626431365335e-01 0.000000000000000000e+00 1.684129388700607022e-01 5.236962034315074607e-03 2.272228509046158099e-02 1.469486457369792720e-01 1.065918526840295248e-02 0.000000000000000000e+00 1.900210537259953286e-02 0.000000000000000000e+00 0.000000000000000000e+00 0.000000000000000000e+00 0.000000000000000000e+00 0.000000000000000000e+00 3.507551567057391045e-02 2.782509719368440188e-02
5.202132027099608258e-02 0.000000000000000000e+00 1.186434556815579994e-01 0.000000000000000000e+00 1.665775990224319658e-01 9.699002100761573708e-02 1.698212261436168047e-01 0.000000000000000000e+00 0.000000000000000000e+00 1.265545995424111614e-01 0.000000000000000000e+00 1.250127006789806226e-02 0.000000000000000000e+00 0.000000000000000000e+00 3.487331729552351628e-02 5.254915779347515969e-02 0.000000000000000000e+00 0.000000000000000000e+00 0.000000000000000000e+00 0.000000000000000000e+00 0.000000000000000000e+00 0.000000000000000000e+00 2.438067021810683480e-02 0.000000000000000000e+00 1.450873629563665945e-01
0.000000000000000000e+00 8.472878995410568215e-02 1.226119677172273631e-01 0.000000000000000000e+00 8.470461812182070171e-02 0.000000000000000000e+00 2.480899847316945291e-03 1.852086006320602038e-02 1.132933188980587806e-02 1.157139088485467648e-02 0.000000000000000000e+00 1.944194136223927338e-01 1.272625804554561313e-03 0.000000000000000000e+00 2.107239927968735521e-02 7.958596998253150354e-03 0.000000000000000000e+00 1.428696703921216726e-01 8.600708485409409854e-02 8.811946376693797003e-03 3.582155754632355472e-04 1.409550427069030387e-01 3.645397888613821635e-02 0.000000000000000000e+00 2.387316702536077320e-02
0.000000000000000000e+00 0.000000000000000000e+00 6.009404732336886407e-02 0.000000000000000000e+00 2.765851842012314044e-01 0.000000000000000000e+00 3.223672540635948852e-02 2.118816324677430807e-01 0.000000000000000000e+00 9.924241831916014167e-02 0.000000000000000000e+00 2.872600672115223075e-01 0.000000000000000000e+00 0.000000000000000000e+00 1.586281098396270448e-02 0.000000000000000000e+00 0.000000000000000000e+00 0.000000000000000000e+00 8.459288213735061471e-03 0.000000000000000000e+00 0.000000000000000000e+00 0.000000000000000000e+00 8.377825872916999303e-03 0.000000000000000000e+00 0.000000000000000000e+00
0.000000000000000000e+00 0.000000000000000000e+00 1.027372993641067489e-01 2.750715626421870036e-02 1.109803212912879311e-01 0.000000000000000000e+00 1.631192352607123697e-01 0.000000000000000000e+00 2.977798830870482909e-03 0.000000000000000000e+00 0.000000000000000000e+00 4.212329440635661365e-02 0.000000000000000000e+00 0.000000000000000000e+00 1.786448382031013693e-01 1.490215744785370888e-01 0.000000000000000000e+00 7.303031944698020958e-03 2.715201198696444440e-02 0.000000000000000000e+00 0.000000000000000000e+00 0.000000000000000000e+00 1.880278472165207090e-02 1.237201253958834964e-02 1.572586407079057946e-01
6.489872488824333097e-02 9.534649141361241365e-02 3.354498482039911487e-03 3.364017161185917787e-02 2.862467903089925270e-01 0.000000000000000000e+00 8.283068534774958025e-02 1.314140547627111744e-01 0.000000000000000000e+00 0.000000000000000000e+00 1.221976587965464345e-03 0.000000000000000000e+00 0.000000000000000000e+00 4.929017899863021024e-02 1.552194061052154239e-01 5.436385512404756822e-03 0.000000000000000000e+00 0.000000000000000000e+00 0.000000000000000000e+00 1.360603838696432255e-02 0.000000000000000000e+00 1.581904031256950102e-02 0.000000000000000000e+00 0.000000000000000000e+00 6.167555728104213986e-02
0.000000000000000000e+00 2.115275310959007990e-02 0.000000000000000000e+00 1.014161661497134034e-02 5.718944298730282982e-02 0.000000000000000000e+00 7.536138261730658539e-02 2.693415592282848506e-02 0.000000000000000000e+00 0.000000000000000000e+00 0.000000000000000000e+00 1.212614629198482119e-01 1.180013097332577032e-01 1.310946838821620830e-02 1.430201570223017526e-01 2.261529027538217336e-03 9.718699272865356786e-02 0.000000000000000000e+00 1.839613976514658730e-02 2.765149706342829097e-02 0.000000000000000000e+00 0.000000000000000000e+00 1.141250508317244311e-01 1.308845717661480217e-02 1.411185840912709544e-01
2.220997024215919449e-02 0.000000000000000000e+00 1.719430727721578053e-02 0.000000000000000000e+00 1.317699155243149678e-01 0.000000000000000000e+00 7.224408899051632492e-03 0.000000000000000000e+00 9.015804380986274956e-04 0.000000000000000000e+00 0.000000000000000000e+00 1.787360939293326789e-01 8.324933998933090051e-02 5.355969353566489592e-04 0.000000000000000000e+00 2.320422954490838213e-02 0.000000000000000000e+00 1.862584051949412733e-01 1.067411406289149184e-01 0.000000000000000000e+00 0.000000000000000000e+00 1.362903358474610305e-01 5.442832900708605669e-04 7.512735285378768779e-02 3.001303940505549092e-02
2.337154432534072068e-02 1.701206540598434458e-01 1.260199563337845441e-01 3.503476268688900108e-02 5.584460446868151282e-03 2.402045565611304542e-02 1.046351752209861707e-01 0.000000000000000000e+00 3.092078586437627900e-03 3.192065292796096836e-03 0.000000000000000000e+00 1.107509220193781709e-02 3.783722827539549903e-04 0.000000000000000000e+00 1.558262479957581992e-01 0.000000000000000000e+00 1.205557919931946271e-03 1.431357848159096335e-01 0.000000000000000000e+00 0.000000000000000000e+00 0.000000000000000000e+00 0.000000000000000000e+00 4.976892039544256879e-02 0.000000000000000000e+00 1.435388717792070723e-01
0.000000000000000000e+00 1.803684612705443446e-01 7.806257086223407360e-02 2.741521423316980663e-02 0.000000000000000000e+00 2.704308086177427406e-02 6.789387002004981797e-02 0.000000000000000000e+00 3.032600980861689666e-02 5.477980585084390140e-03 0.000000000000000000e+00 1.806913297488805525e-01 0.000000000000000000e+00 0.000000000000000000e+00 4.206907944646723005e-03 0.000000000000000000e+00 0.000000000000000000e+00 1.132198974269110620e-01 9.574783375509809957e-02 4.225438067554812549e-02 0.000000000000000000e+00 1.094213059829950013e-01 0.000000000000000000e+00 2.259982750595115539e-02 1.527132931849569872e-02
0.000000000000000000e+00 0.000000000000000000e+00 6.567070123794663261e-02 0.000000000000000000e+00 0.000000000000000000e+00 0.000000000000000000e+00 1.413335223993594791e-01 1.472626536161051047e-01 0.000000000000000000e+00 2.974561728698690150e-02 7.971537106503670533e-02 1.111242933717791481e-01 0.000000000000000000e+00 0.000000000000000000e+00 1.132719218469013661e-01 8.549864752935024126e-02 0.000000000000000000e+00 0.000000000000000000e+00 2.414447184404516084e-02 0.000000000000000000e+00 0.000000000000000000e+00 0.000000000000000000e+00 7.232462850038644253e-02 0.000000000000000000e+00 1.299081713021028317e-01
0.000000000000000000e+00 0.000000000000000000e+00 5.888403800234238289e-02 8.039869221628880014e-02 1.670478691491130915e-02 6.232225772920295392e-02 1.646043969435687926e-01 1.334030806052277640e-01 0.000000000000000000e+00 2.024412270098106814e-02 0.000000000000000000e+00 1.745996610251581149e-01 0.000000000000000000e+00 5.322921817774897268e-04 7.159156161400755027e-04 8.880921125048353570e-04 0.000000000000000000e+00 2.355547127791920298e-02 0.000000000000000000e+00 2.540070573909402381e-03 0.000000000000000000e+00 6.719898242439827085e-03 0.000000000000000000e+00 1.060221903305147151e-01 1.478650335271132210e-01
0.000000000000000000e+00 1.157081363373865628e-03 6.206482732135044922e-02 0.000000000000000000e+00 3.128176226368643009e-01 1.089303591917637759e-01 3.724515744847933796e-02 0.000000000000000000e+00 0.000000000000000000e+00 2.344268133996628076e-03 0.000000000000000000e+00 2.960832270834222735e-01 0.000000000000000000e+00 1.735931627106817015e-03 1.155283310382732159e-01 0.000000000000000000e+00 0.000000000000000000e+00 0.000000000000000000e+00 0.000000000000000000e+00 0.000000000000000000e+00 0.000000000000000000e+00 0.000000000000000000e+00 5.508998522029253525e-02 7.003208935076779378e-03 0.000000000000000000e+00
0.000000000000000000e+00 6.068992188917803760e-02 2.318262387008135014e-02 1.167657747764625220e-01 8.291322432015317545e-02 0.000000000000000000e+00 1.176473945569169455e-01 1.268040600655824246e-01 3.935095826372480426e-02 2.175883606431610467e-02 6.196396154371654197e-03 8.305728295667921812e-02 0.000000000000000000e+00 0.000000000000000000e+00 2.603335021073267461e-02 0.000000000000000000e+00 0.000000000000000000e+00 0.000000000000000000e+00 0.000000000000000000e+00 0.000000000000000000e+00 1.822192939582738583e-04 0.000000000000000000e+00 0.000000000000000000e+00 1.532050786973765677e-01 1.422128788804662980e-01
6.975959772908436884e-02 5.005327399559753032e-02 0.000000000000000000e+00 1.263674173628727589e-02 1.353362971109658419e-01 0.000000000000000000e+00 0.000000000000000000e+00 0.000000000000000000e+00 1.429871098387069765e-02 2.053301300060069237e-02 1.082102453478645497e-02 1.698203695596624818e-01 0.000000000000000000e+00 0.000000000000000000e+00 1.396125605307026174e-01 1.039177142293210010e-02 0.000000000000000000e+00 0.000000000000000000e+00 0.000000000000000000e+00 0.000000000000000000e+00 0.000000000000000000e+00 0.000000000000000000e+00 6.910654733890304879e-02 1.910863617097369183e-02 2.785214558856331513e-01
0.000000000000000000e+00 0.000000000000000000e+00 1.433777338504991505e-01 7.345493797645352707e-02 2.371906115434898321e-01 2.589742029702114465e-02 0.000000000000000000e+00 2.064787007440864550e-03 0.000000000000000000e+00 1.154331633107622268e-01 0.000000000000000000e+00 9.037917703076424336e-02 0.000000000000000000e+00 0.000000000000000000e+00 3.214525709771412498e-02 0.000000000000000000e+00 0.000000000000000000e+00 5.662573438186724317e-02 0.000000000000000000e+00 0.000000000000000000e+00 0.000000000000000000e+00 4.215041446735480479e-02 1.030258093708497913e-01 5.704423180913482244e-02 2.121072185664821252e-02
1.607734491287444653e-02 0.000000000000000000e+00 2.680619663540803263e-02 0.000000000000000000e+00 1.758273834279304448e-01 0.000000000000000000e+00 0.000000000000000000e+00 0.000000000000000000e+00 0.000000000000000000e+00 0.000000000000000000e+00 0.000000000000000000e+00 1.645940552386048195e-01 0.000000000000000000e+00 1.686322935757620560e-03 1.812690588357920851e-01 0.000000000000000000e+00 2.410685362882496532e-02 1.684162828613621488e-01 0.000000000000000000e+00 8.578220560133706374e-02 0.000000000000000000e+00 1.250820445148350113e-01 0.000000000000000000e+00 0.000000000000000000e+00 3.035225140727338192e-02
0.000000000000000000e+00 0.000000000000000000e+00 7.338490064943387070e-02 0.000000000000000000e+00 5.578915614118441779e-02 2.364582709606524030e-02 1.464192131574425237e-01 0.000000000000000000e+00 2.355577420933240365e-02 0.000000000000000000e+00 0.000000000000000000e+00 1.508971139517148730e-01 0.000000000000000000e+00 0.000000000000000000e+00 9.752631948833842546e-02 0.000000000000000000e+00 0.000000000000000000e+00 0.000000000000000000e+00 1.295384391834969798e-02 0.000000000000000000e+00 0.000000000000000000e+00 0.000000000000000000e+00 1.405327483614869921e-01 1.353106275386328217e-01 1.399844754880186781e-01
0.000000000000000000e+00 3.360605424072463099e-02 0.000000000000000000e+00 0.000000000000000000e+00 1.895813842035072860e-01 0.000000000000000000e+00 1.321741804240788853e-01 2.916442386414500390e-02 1.938679041945481213e-02 0.000000000000000000e+00 0.000000000000000000e+00 9.603149404034141273e-03 0.000000000000000000e+00 0.000000000000000000e+00 7.199616956328617253e-04 1.237621212185835429e-02 1.221198393974286603e-02 1.542127249424707636e-01 9.712198973304692062e-02 1.452030561248632452e-02 0.000000000000000000e+00 1.514603364377093420e-01 9.583204030542932794e-02 1.016488867845888842e-02 3.786357397721948348e-02
0.000000000000000000e+00 2.170302461154036133e-02 4.567915662633872768e-03 0.000000000000000000e+00 1.702977130882220858e-01 0.000000000000000000e+00 1.086440128210012790e-01 1.918522876469136440e-02 1.211294691461570205e-02 1.370890714758836726e-01 2.526727003523205044e-03 0.000000000000000000e+00 3.481340209050591376e-03 0.000000000000000000e+00 1.950868199219217280e-01 1.649957632130479718e-02 1.147057375448829325e-01 0.000000000000000000e+00 0.000000000000000000e+00 0.000000000000000000e+00 0.000000000000000000e+00 1.766333718867009895e-03 0.000000000000000000e+00 2.024353350727570514e-02 1.720900184345857398e-01
0.000000000000000000e+00 0.000000000000000000e+00 1.142348384061071115e-01 0.000000000000000000e+00 1.719061086614519229e-01 0.000000000000000000e+00 2.601495575729993737e-02 0.000000000000000000e+00 0.000000000000000000e+00 0.000000000000000000e+00 0.000000000000000000e+00 8.320575853209612183e-02 3.443220332214555479e-02 0.000000000000000000e+00 1.644604571329830456e-01 0.000000000000000000e+00 4.048188173950849345e-02 1.917568703724205625e-01 0.000000000000000000e+00 0.000000000000000000e+00 0.000000000000000000e+00 0.000000000000000000e+00 8.891803597754098509e-02 2.184668502267621965e-02 6.274220507577024653e-02
0.000000000000000000e+00 5.153152770152154977e-02 2.179402821128430864e-03 0.000000000000000000e+00 1.157143293666519634e-01 5.677565843141742057e-03 0.000000000000000000e+00 8.173549852467087984e-02 0.000000000000000000e+00 9.447781897731201417e-02 1.653792405881151367e-02 4.523853763517162591e-02 0.000000000000000000e+00 5.955495288887036574e-03 5.197312310686721254e-02 0.000000000000000000e+00 0.000000000000000000e+00 1.187744916697987679e-01 0.000000000000000000e+00 0.000000000000000000e+00 4.045306354195246298e-03 0.000000000000000000e+00 1.163485304324373831e-01 1.442325288761022728e-01 1.455779193433025254e-01
0.000000000000000000e+00 1.111079687460370807e-01 9.549088327316661295e-02 0.000000000000000000e+00 7.835126343437355534e-02 8.822668761111108690e-03 1.805106561975970345e-02 0.000000000000000000e+00 1.349844264545752189e-02 0.000000000000000000e+00 0.000000000000000000e+00 6.941878456399165620e-02 2.428948569503669268e-03 0.000000000000000000e+00 1.671006606940754757e-01 1.420244414812675549e-01 0.000000000000000000e+00 3.314077780243726741e-03 0.000000000000000000e+00 0.000000000000000000e+00 0.000000000000000000e+00 0.000000000000000000e+00 0.000000000000000000e+00 1.341810471019729278e-01 1.562097473290394167e-01
0.000000000000000000e+00 1.339739259789146930e-01 0.000000000000000000e+00 0.000000000000000000e+00 2.402403287989769431e-01 7.106936396851894558e-03 1.239892351163544154e-02 2.295634909051168238e-01 9.227353784483409427e-02 0.000000000000000000e+00 8.295569950762547717e-02 1.646041293430801633e-01 0.000000000000000000e+00 0.000000000000000000e+00 7.742595478224229000e-03 0.000000000000000000e+00 0.000000000000000000e+00 0.000000000000000000e+00 0.000000000000000000e+00 6.129479884969016648e-03 0.000000000000000000e+00 0.000000000000000000e+00 0.000000000000000000e+00 2.301095234977129991e-02 0.000000000000000000e+00
6.407084102159098411e-03 1.036583187341491991e-01 9.821496043916995433e-02 0.000000000000000000e+00 5.028451927814533984e-02 0.000000000000000000e+00 3.786085993739112063e-03 2.516485180404328184e-02 7.364023398887634651e-03 0.000000000000000000e+00 0.000000000000000000e+00 9.441890946928792328e-02 0.000000000000000000e+00 1.149632763760430375e-03 1.523303450235014844e-01 1.647541439143967654e-02 1.105282167370161273e-01 1.397354510826956109e-01 1.353315933234569834e-01 0.000000000000000000e+00 0.000000000000000000e+00 0.000000000000000000e+00 1.233287466334973470e-03 0.000000000000000000e+00 5.391730599221308817e-02
0.000000000000000000e+00 0.000000000000000000e+00 0.000000000000000000e+00 0.000000000000000000e+00 1.497096898625076833e-01 2.155243995311355992e-02 1.437881031085111450e-01 1.283908035881204945e-01 1.587886811325328051e-01 1.484328584371495240e-03 0.000000000000000000e+00 8.633044327972115572e-02 1.183643327847147542e-01 0.000000000000000000e+00 0.000000000000000000e+00 0.000000000000000000e+00 1.502613647155604665e-02 0.000000000000000000e+00 0.000000000000000000e+00 0.000000000000000000e+00 0.000000000000000000e+00 1.297094941943544855e-01 1.691831661982607857e-02 0.000000000000000000e+00 2.993723042067034101e-02
0.000000000000000000e+00 0.000000000000000000e+00 3.182627808939508113e-02 0.000000000000000000e+00 2.751130890490971481e-01 0.000000000000000000e+00 1.896115648681119537e-01 1.577807337591460024e-01 4.775018291829611489e-03 0.000000000000000000e+00 0.000000000000000000e+00 0.000000000000000000e+00 0.000000000000000000e+00 0.000000000000000000e+00 1.674280952512459675e-01 0.000000000000000000e+00 0.000000000000000000e+00 8.484295291626578125e-03 0.000000000000000000e+00 0.000000000000000000e+00 0.000000000000000000e+00 0.000000000000000000e+00 0.000000000000000000e+00 0.000000000000000000e+00 1.649809253995477565e-01
5.640214789169077474e-03 1.476152761587170015e-01 1.474141354790458325e-01 0.000000000000000000e+00 1.519033065489713841e-01 0.000000000000000000e+00 3.430153570195256657e-02 4.930625762487316627e-02 0.000000000000000000e+00 0.000000000000000000e+00 0.000000000000000000e+00 3.128268710693368065e-02 0.000000000000000000e+00 0.000000000000000000e+00 0.000000000000000000e+00 1.389297517543353899e-01 0.000000000000000000e+00 9.107212681475616335e-04 0.000000000000000000e+00 1.123173546841793081e-02 0.000000000000000000e+00 0.000000000000000000e+00 6.606375672444683711e-02 0.000000000000000000e+00 2.154006213749896648e-01
7.940478925004719468e-03 0.000000000000000000e+00 0.000000000000000000e+00 0.000000000000000000e+00 7.292439240023791680e-02 0.000000000000000000e+00 1.625952584443878246e-01 3.835384267741329817e-03 9.584447050903185938e-02 8.533690193064973756e-03 0.000000000000000000e+00 1.696385709896181260e-01 1.023278251934104099e-01 0.000000000000000000e+00 1.433233526620509291e-01 2.429352692399920459e-03 0.000000000000000000e+00 1.469474510742333206e-01 0.000000000000000000e+00 1.026967273799555451e-03 0.000000000000000000e+00 6.196262564870712308e-02 0.000000000000000000e+00 2.067017972631189290e-02 0.000000000000000000e+00
