9.453439811110818380e-03 8.033207607011809415e-02 0.000000000000000000e+00 1.361403587068740415e-02 5.938620976321293266e-03 4.903450757029036849e-02 0.000000000000000000e+00 1.245169651791602945e-02 0.000000000000000000e+00 3.404030476978370267e-04 0.000000000000000000e+00 1.298982367638771007e-01 2.301086226581230132e-01 0.000000000000000000e+00 2.897717740065488060e-02 0.000000000000000000e+00 1.723142496291468762e-02 1.289411483820701310e-01 1.507080065956918624e-01 1.429706033725265391e-01
3.395922362847046683e-02 8.954427962178883316e-02 4.709409233647037646e-02 1.432092783109299439e-01 1.658894186780134755e-02 1.314440755381985904e-01 9.574895894310014866e-03 1.353503020700269274e-02 1.159849753594785066e-01 7.671881093178772176e-03 3.586060068246738411e-03 1.626336911837047428e-01 7.754160424668407603e-03 8.087856656403342309e-03 5.523077323405745261e-03 3.396757601156186711e-03 1.050818078496115575e-02 0.000000000000000000e+00 0.000000000000000000e+00 1.899035420998242130e-01
5.162133679143914022e-02 9.885674800373774052e-02 1.146572742750382595e-02 1.506212688917226428e-01 4.016387617847095443e-02 1.324052078006818234e-01 9.022766206854471172e-02 2.805134168064754314e-03 0.000000000000000000e+00 0.000000000000000000e+00 0.000000000000000000e+00 2.186721805786086617e-02 5.228216569043801776e-02 0.000000000000000000e+00 2.529912175676317029e-02 4.701898672354090300e-03 1.607833380838715256e-02 3.883107289012662638e-02 9.738022558632410119e-02 1.653930022075803530e-01
1.098282526001045506e-01 1.875822570861263722e-02 0.000000000000000000e+00 1.221321510449129844e-01 0.000000000000000000e+00 5.646572114161632627e-02 0.000000000000000000e+00 1.095532185115968534e-03 5.416612549664859971e-02 0.000000000000000000e+00 0.000000000000000000e+00 1.369542467748551540e-01 2.964676177295558213e-01 7.482105775283333371e-03 2.472497763834081638e-02 1.462600579234698932e-02 1.976302095848551411e-03 9.054478747235993052e-04 1.406437703822095708e-01 1.377351775982487737e-02
8.728481086526447205e-03 4.491422813936643554e-02 3.605718270159505995e-02 1.170582287143021559e-02 1.457304068034732669e-01 4.022607639882151698e-02 2.585623642005683426e-02 2.717597967883868953e-02 2.829522355078204366e-03 0.000000000000000000e+00 5.332633924893217170e-04 8.522531501929611619e-02 9.824185496978018670e-03 1.860145177495529656e-01 4.196773240995141374e-02 6.090651266985386801e-03 6.297456936451924572e-03 1.728043734271563978e-02 1.524133794273051234e-01 1.511291245030875474e-01
9.944170722517971239e-02 9.166699595514027354e-02 8.934671192699142339e-02 4.629375147781806567e-03 1.246478435395534101e-01 1.912300225628742467e-01 2.612099594879903688e-03 1.795174853967522813e-02 6.043759539670940859e-03 1.641868733218167925e-02 0.000000000000000000e+00 1.761315784822924668e-01 7.881294392906729174e-02 2.179274972054749768e-03 3.854225994577006181e-02 0.000000000000000000e+00 3.257060530667511833e-02 0.000000000000000000e+00 2.248137473003954717e-05 2.775190462548172976e-02
7.142550743313121238e-03 8.450962358434976895e-02 1.817751430187141554e-02 6.965467256639482074e-02 1.923116596022942104e-01 1.417514004687959739e-01 1.031645227698895807e-02 1.406844188191442024e-01 5.273937199760944140e-03 0.000000000000000000e+00 0.000000000000000000e+00 1.354707342720055108e-01 7.923110468972656417e-03 4.388457940726978208e-03 3.278523567528729421e-02 1.999544396495481907e-02 0.000000000000000000e+00 1.516381331430778027e-03 2.086758006324507600e-02 1.072308267204636067e-01
1.998784698043041055e-02 1.177905351527748362e-01 3.251933772080695811e-02 8.578685931520024788e-02 1.112910864756232743e-01 1.189470399225775604e-01 2.573634688367546289e-02 1.339997032671923910e-02 0.000000000000000000e+00 0.000000000000000000e+00 0.000000000000000000e+00 2.048575284370531269e-01 7.336749475710695710e-03 3.157011886704728931e-02 8.879239243369830073e-03 0.000000000000000000e+00 1.228496032831191687e-01 1.089129220357267641e-02 2.290706701277188048e-02 6.524937869954741676e-02
0.000000000000000000e+00 0.000000000000000000e+00 1.045195713062705423e-01 2.081456290231201989e-01 2.475994184096815820e-01 9.993250526851503446e-02 4.065005922100298360e-04 5.297062843530844778e-02 2.554543870192570870e-02 3.079997036114404552e-03 7.497468647260394111e-06 2.384916825902633208e-02 1.271563021733637493e-02 0.000000000000000000e+00 0.000000000000000000e+00 0.000000000000000000e+00 0.000000000000000000e+00 2.199864363396939609e-02 1.573494709764564070e-01 4.187990067141848793e-02
1.519269717044748232e-02 1.177785442057061316e-01 4.797221748638987732e-02 1.598209643038730199e-01 1.341084309328118007e-01 4.255161786021265102e-02 4.378946866855547293e-02 2.250176469767352708e-02 0.000000000000000000e+00 0.000000000000000000e+00 1.034052504050044256e-03 6.393447848459109240e-02 3.171968775398516932e-02 1.020521715956449055e-01 0.000000000000000000e+00 1.234523220788615906e-02 1.965145139722842757e-02 7.956817335822902182e-02 2.108141282951397130e-03 1.038709060897638065e-01
5.169984975312571021e-03 1.349646815652593701e-01 0.000000000000000000e+00 9.076107596943747136e-02 2.804406544246570987e-02 7.429468748439417049e-03 4.324304890200133178e-04 0.000000000000000000e+00 1.470326521158273753e-02 2.344961793657637794e-02 4.937088300650743951e-03 1.594890177760723560e-01 1.565375125540774681e-01 1.582438411889443286e-01 3.237849036952585025e-02 7.260478199306882874e-02 1.120171762497072961e-02 4.891679491111497295e-03 3.792123707733452420e-02 5.684004328614992996e-02
6.256851428584283420e-03 5.063896495373575168e-02 3.518825763027394471e-02 1.303125791948261253e-02 4.489827905600055763e-02 1.055518175704831252e-01 0.000000000000000000e+00 1.273381238142900530e-02 1.332748260357148259e-02 1.174463535319759805e-01 0.000000000000000000e+00 1.236824952886759893e-01 1.349456387117746459e-01 1.933909522502879870e-03 1.445820979613894955e-02 1.057386722082860261e-02 2.856781135431563177e-03 4.414009325486686203e-03 8.588805850431953381e-02 2.221739534193045706e-01
3.748313668231989526e-02 4.340212215406104822e-03 1.910216610155132536e-03 2.976787779175326179e-02 5.821265243881088014e-02 1.620174874415890864e-01 7.997794464118053795e-03 4.845578058953660394e-02 1.382197269343485579e-01 1.610540254877897495e-02 3.243724049087535338e-02 1.376363264875596626e-01 1.764032915639349511e-02 1.063498829778455751e-01 5.602222721850993320e-02 8.453793235182178664e-03 5.206383462120088047e-03 0.000000000000000000e+00 1.152728342064449074e-02 1.202162458340527706e-01
0.000000000000000000e+00 1.315453987965253466e-02 1.297814524797412383e-01 1.457240926408014392e-01 2.910575756768687267e-02 1.394068526740386005e-01 1.882893922167835324e-04 1.266783682219948248e-01 0.000000000000000000e+00 2.034887914316518137e-02 0.000000000000000000e+00 1.425994978936160062e-01 4.878265473955642473e-02 4.297007979166252850e-02 0.000000000000000000e+00 3.549878686925498489e-02 6.843778492818003434e-02 4.681672163853295085e-03 5.264129161457923450e-02 0.000000000000000000e+00
2.079041900162379233e-02 9.269672014403791682e-02 1.153635612651216780e-01 2.506400232199855471e-03 0.000000000000000000e+00 2.788110101512805694e-02 0.000000000000000000e+00 0.000000000000000000e+00 1.751915447935786709e-03 3.412347887698691934e-02 0.000000000000000000e+00 9.021139963602434197e-02 1.385496991475360928e-01 1.070720890837770500e-01 1.552867545729819942e-01 4.446814183944555222e-03 7.036286713526006611e-04 1.935483527108078361e-02 3.911377770339095894e-02 1.501474057468775714e-01
0.000000000000000000e+00 7.228700655866005832e-03 9.251058961707636641e-03 1.382821175984393081e-01 9.784210437553206990e-03 1.455195262188658523e-01 0.000000000000000000e+00 1.616897565069470855e-01 2.141108051618316466e-03 1.736918759206950921e-02 3.633065895912969238e-03 9.554928638437434896e-02 2.099706322886731591e-01 2.853812064010122999e-03 6.298640274322613031e-02 0.000000000000000000e+00 1.099346941671797660e-02 0.000000000000000000e+00 0.000000000000000000e+00 1.227476651840183897e-01
1.079253983579502446e-01 1.227007031899786209e-03 4.317898449294596541e-02 1.463112477301282965e-01 3.539341805305974697e-02 1.593381121514777232e-01 4.267117461780579879e-02 1.482595692301420798e-01 0.000000000000000000e+00 0.000000000000000000e+00 0.000000000000000000e+00 5.459247143872274222e-02 1.746821986220015773e-03 1.555918235525083002e-02 3.839071747189154449e-02 2.342246344058626292e-03 9.240758350128556314e-03 0.000000000000000000e+00 4.174396988975449113e-02 1.520789204985635856e-01
5.252566380152404527e-03 1.036256223512157654e-01 1.144465245362019830e-02 1.619557079144413880e-02 3.024736332698025817e-02 1.024320188321605207e-01 0.000000000000000000e+00 9.349431347459638553e-02 1.912980786503434838e-02 8.557200748935510359e-02 4.803732410560424861e-03 2.206041376369812304e-02 5.114601207126893978e-02 1.185793293449255437e-02 2.486903593828435413e-02 8.286917120499927292e-02 1.057579981667198209e-02 0.000000000000000000e+00 1.615629358450546282e-01 1.628610430504105200e-01
0.000000000000000000e+00 9.581382757374851122e-02 0.000000000000000000e+00 1.460687751671374268e-01 3.343534215679545840e-02 0.000000000000000000e+00 1.331088310984279190e-02 0.000000000000000000e+00 0.000000000000000000e+00 0.000000000000000000e+00 0.000000000000000000e+00 2.527080207528378808e-01 1.360285813479333583e-01 7.705649126172861574e-02 1.420034043265146761e-01 1.516432034757128101e-02 0.000000000000000000e+00 2.220865729833614369e-02 0.000000000000000000e+00 6.620169665755379351e-02
1.280620680045979100e-02 1.043298086848150619e-01 1.459689464620464103e-02 1.271308887209981753e-01 2.460887211000217442e-02 2.042951571070530589e-03 1.571595860935724731e-02 4.209166146500999822e-02 6.802096366605023259e-02 0.000000000000000000e+00 0.000000000000000000e+00 3.921177042770366411e-02 1.761077142582923721e-02 3.168329884338695612e-02 1.376400620945100045e-02 8.559986041289135636e-03 2.811946860964263488e-03 1.534314823822409968e-01 1.496398209423064340e-01 1.719427105928602872e-01
1.407763241425414279e-02 1.288051593605114287e-01 0.000000000000000000e+00 9.652655809423009090e-03 0.000000000000000000e+00 2.449873696953578373e-01 6.797147828421599026e-04 3.838767522258701437e-02 0.000000000000000000e+00 0.000000000000000000e+00 0.000000000000000000e+00 1.326978103916673923e-01 1.891914303613288495e-01 2.613617004771721236e-02 3.938294802994592170e-02 8.153444303544881214e-03 0.000000000000000000e+00 0.000000000000000000e+00 0.000000000000000000e+00 1.678479895808201727e-01
3.355412550708349040e-02 8.874220929216757037e-02 1.418564292003105520e-01 1.470238542001280624e-01 0.000000000000000000e+00 1.527293158867847923e-02 1.220997794316323014e-02 0.000000000000000000e+00 4.841247405933406245e-02 2.084819862467030861e-03 2.048967643118149509e-03 1.367654409537580051e-01 7.897638056510264404e-02 1.715971654509349876e-03 7.100878435833339174e-04 0.000000000000000000e+00 0.000000000000000000e+00 9.994478828569758333e-02 1.649977093913949089e-01 2.568383200950362030e-02
2.537488100727934917e-02 1.554606816320892593e-01 0.000000000000000000e+00 2.032270940942543583e-02 5.255259620373629176e-02 1.031764758759193823e-01 0.000000000000000000e+00 7.260552117329282552e-04 5.150906617166866458e-02 0.000000000000000000e+00 0.000000000000000000e+00 8.011637763568163831e-03 1.399950987328691943e-01 7.800651025591204095e-03 0.000000000000000000e+00 1.817032358496957489e-03 0.000000000000000000e+00 1.625150637848735979e-01 1.572468631945611039e-01 1.134911876281884252e-01
3.219804035549243132e-02 1.103208989246526328e-01 0.000000000000000000e+00 4.030593952062851149e-03 1.761736532114186946e-02 1.611373478141660820e-01 2.500030145078254579e-02 4.323063421385605481e-02 1.784688456611961405e-01 2.236256556236179346e-03 0.000000000000000000e+00 2.968839040848006774e-02 0.000000000000000000e+00 2.734040620587587650e-02 1.852837089218675607e-04 7.172898459760793100e-02 9.101259372195033559e-02 3.320833044155912378e-02 1.379513676610688855e-01 3.464435900494917953e-02
1.167022500590623180e-01 1.378523034951390225e-01 1.373195138744263098e-02 1.290472277916601129e-01 4.815579244483653328e-03 4.384865848697529211e-02 9.436674053601773471e-02 5.406983185500221362e-02 5.526425720233547195e-02 0.000000000000000000e+00 2.445470321030765600e-04 0.000000000000000000e+00 6.797372575697872496e-04 4.756731763758089045e-03 2.539646166444793629e-02 1.248271323089081807e-02 0.000000000000000000e+00 1.455539622655046827e-01 1.379495955142573740e-02 1.473920871761814078e-01
9.232478914587520513e-02 8.701706122431318580e-02 7.380707499102116646e-03 4.052202802486789233e-03 4.930224856461312005e-02 0.000000000000000000e+00 5.894260020001630684e-03 0.000000000000000000e+00 1.524984328038768433e-01 3.160570239292051498e-02 0.000000000000000000e+00 1.547792801321537515e-01 5.341700323058847649e-02 8.037787454456832639e-03 0.000000000000000000e+00 3.271332231801602625e-02 1.247501352869909014e-01 2.615355501926819315e-02 1.439834387279807504e-01 2.609007337735563120e-02
0.000000000000000000e+00 1.163789474763202159e-01 5.711798529081779825e-03 1.596977830039331414e-01 1.589322415043058299e-03 2.079759241497578237e-01 0.000000000000000000e+00 0.000000000000000000e+00 4.404459670671867499e-02 3.933624594909910371e-02 0.000000000000000000e+00 7.123530973941466504e-02 1.817685415871219123e-01 0.000000000000000000e+00 1.413132910804392461e-01 1.081275922365643009e-02 0.000000000000000000e+00 5.667688035752465377e-04 1.956871133583865455e-02 0.000000000000000000e+00
1.948807923046981874e-02 1.201509449178298911e-01 0.000000000000000000e+00 1.264348984429679024e-01 1.591347166878685033e-03 1.375074031148413589e-01 3.887562449380915081e-02 2.536318619624317386e-02 1.605973729287414609e-02 0.000000000000000000e+00 0.000000000000000000e+00 1.408713324590311726e-02 6.403969414774335345e-02 9.939732354227208411e-02 0.000000000000000000e+00 0.000000000000000000e+00 1.035057304341717999e-01 5.670547142256211759e-03 1.408300744393866100e-01 8.699827619235278586e-02
6.079223718723191124e-03 1.605124866790430260e-01 0.000000000000000000e+00 1.152205136491781141e-02 1.584421663836657959e-02 0.000000000000000000e+00 6.198700571794449159e-03 1.116922193815264447e-01 0.000000000000000000e+00 0.000000000000000000e+00 0.000000000000000000e+00 2.385647569655821587e-01 1.452896496750563093e-01 3.213233170767784697e-02 3.717752224501789503e-03 6.103629009996238628e-06 3.177472068134402222e-02 1.891095683907901073e-02 6.800804365849794086e-02 1.497467862648793058e-01
4.149739616275588405e-02 8.155674471731760855e-02 3.380740759724499417e-02 1.642076835052173056e-01 1.332057950628402418e-02 5.483075194418709879e-03 0.000000000000000000e+00 6.691682297636519609e-03 0.000000000000000000e+00 0.000000000000000000e+00 0.000000000000000000e+00 8.107632479800620795e-02 1.305242055074457286e-01 2.932661035786085849e-02 1.445665049596596974e-01 4.379789147156675638e-02 2.872008248798807450e-02 1.694831760376517560e-01 1.488132487670344728e-02 1.105931052224252802e-02
