9.952034681443200272e-04 5.192899181748289461e-02 1.315295080166175093e-03 5.332549197555867815e-02 7.668681625100026537e-03 4.108725253465161237e-02 9.356516974248820992e-03 7.806168169495702677e-03 1.345508292355007962e-01 0.000000000000000000e+00 0.000000000000000000e+00 6.420888140164464700e-03 5.909446808390778072e-02 4.650136560778507511e-02 2.913218615644626308e-02 1.688647389457553077e-02 5.124167028836083826e-02 1.164963653888707179e-01 1.420433640551800047e-01 2.241487875043601807e-01
4.334677390632260541e-02 4.731479576021042910e-02 1.422978194700744159e-02 2.949341033135124968e-01 7.740540754497293729e-02 1.550902982639041361e-01 1.232262803178241911e-02 3.736915561338335912e-02 2.916363286618250603e-02 4.911690427506995756e-03 3.479767794434452527e-02 7.213599856927915832e-02 3.187142648242967391e-02 5.228038889084774508e-03 0.000000000000000000e+00 1.176965323975024845e-03 7.109246629381941150e-03 4.665793518509038333e-03 0.000000000000000000e+00 1.269265849682104652e-01
3.367928941392053137e-04 1.185928710613820686e-01 1.409841457413520821e-02 3.005245828012644005e-02 1.308456819323172149e-01 5.662009869495748110e-02 1.575920493027497815e-01 3.915867141397143258e-02 1.337966432688429685e-01 8.438304987491922204e-02 0.000000000000000000e+00 3.601615576756387292e-03 2.346214895663763234e-02 2.249584141503077270e-02 5.904079837206714990e-03 2.920090632076273018e-03 2.731753229412159367e-03 0.000000000000000000e+00 5.324910933864599773e-04 1.728752479619525828e-01
2.348010551653347336e-03 6.716872939027662692e-02 0.000000000000000000e+00 1.005365198810614230e-01 3.453011578704576895e-02 3.449762918596747246e-02 3.180592004903337600e-02 1.774349313343826506e-01 2.014620538465521637e-01 2.893638982400061933e-03 1.839783076268762876e-02 1.601877659582140803e-02 7.735689996944236646e-02 0.000000000000000000e+00 4.753367477073132397e-03 4.833187337901122954e-02 2.211704879833131798e-02 4.808673887962647275e-03 1.477372502338090976e-01 7.800729887488117888e-03
1.605117270174586872e-02 2.971556715065945542e-02 0.000000000000000000e+00 1.441682264887974955e-02 1.338834752786634275e-01 1.400406829950066601e-01 2.808712150320109846e-02 6.361383286512884566e-03 1.191465605100297392e-01 0.000000000000000000e+00 2.021382384461453512e-03 8.253536002097393298e-02 7.721225371308336471e-02 3.914902674358286538e-02 1.054777187107968153e-02 0.000000000000000000e+00 1.730163618033075511e-03 1.526670037086823827e-02 1.394005224917015950e-01 1.444340327115170020e-01
1.241233981915507156e-01 1.516352574193345348e-01 0.000000000000000000e+00 1.760293098283238766e-02 1.202995416215265484e-01 2.285504414815691110e-01 0.000000000000000000e+00 6.796489528829404922e-03 9.769690381901660614e-02 0.000000000000000000e+00 0.000000000000000000e+00 2.748839887832476431e-02 4.214587192951468886e-02 1.035156665547102769e-02 7.512941910809429157e-03 9.424862131082896444e-02 2.873545935367701615e-02 0.000000000000000000e+00 3.358159853166038655e-02 9.230578385054444626e-03
1.419799610355446974e-02 3.224228797721168799e-02 1.950451486032904469e-02 2.852348364264651812e-02 1.745817103742177898e-02 1.226477655260345273e-01 2.367851475180689572e-02 1.378125587254472040e-01 3.586034380210297370e-03 0.000000000000000000e+00 3.413417440380372547e-03 2.822290304956272949e-02 1.202762905440431379e-01 1.104995250813579771e-01 4.844433816236568685e-02 4.003327619104609519e-02 1.133268793489618509e-01 2.104832907547251816e-02 8.660908249823540128e-02 2.847463160391174031e-02
2.198170283843467986e-03 1.082346297226560450e-01 2.675517113402976419e-02 6.271222061257779139e-03 1.428257948720747517e-01 3.730003638183058967e-02 1.107970692882362732e-02 1.108818894433649255e-01 1.241094223972162985e-01 1.170837580923035637e-02 7.024629656614523286e-03 1.732528673485950058e-03 6.747469036176568548e-03 3.567381555276643440e-02 1.301351055496409725e-01 5.251850033633348458e-04 1.521951470815973151e-01 7.709306342785500477e-03 5.662771470515615829e-02 2.026467936408574491e-02
2.361292050443354433e-03 7.195652795601203966e-02 6.710628819572711512e-03 2.496910629970619799e-01 1.116934713574615351e-02 6.501622805701580410e-02 5.278614054195554343e-03 1.984304428449590665e-02 1.114403977181621375e-01 1.844165974914174083e-02 1.131012426665846350e-03 2.211780908710631391e-02 4.630781023860679885e-02 6.443600910385627323e-02 9.106031414398382470e-03 1.747151890533728616e-02 1.825899193449405378e-02 1.108937794443963509e-01 1.400612974422215384e-01 8.306937181069817475e-03
6.757552171048724667e-03 1.140872847105150606e-01 1.949584414075192403e-03 1.300376537599071125e-01 1.299905308579931140e-01 5.941059722432319445e-02 4.041915085740416941e-02 9.541838743139250192e-03 2.294060990251747117e-02 0.000000000000000000e+00 5.776963605775145734e-03 1.213173170482762103e-01 5.558800177389598696e-03 1.402539598930950260e-01 1.208156501129392310e-02 1.451858861099487585e-01 1.496223599175208058e-02 7.272003808413365737e-03 2.275495727774517075e-03 3.018096998535794648e-02
3.191588788603495069e-02 4.446370063492080527e-02 2.530612544576893788e-03 1.667457268236673673e-01 5.745571432364499076e-02 1.343714413547725424e-02 5.435904158374757836e-03 0.000000000000000000e+00 2.673349673187359540e-02 2.903909273628856383e-02 0.000000000000000000e+00 1.375187354702915310e-01 1.709130508258632497e-01 4.138594126665267464e-02 1.064445099816292845e-01 1.217707173991736808e-02 3.675684352727427023e-02 1.048307846849201586e-01 9.788230469307088177e-03 2.427552059285217282e-03
3.358386907216012914e-03 3.527541620379962689e-02 3.528993819611439282e-03 1.585173053954872652e-02 1.039043591580603686e-02 9.569236717226860256e-02 1.004924247091108086e-01 3.423595574197165620e-02 8.902489491110955611e-02 3.439198572863518683e-02 6.641105634844801306e-03 7.050680545172982594e-02 1.610034992382626540e-01 5.968393920765367039e-02 5.403729910646515137e-03 1.958313845227261513e-02 7.674402038930023574e-03 1.082903773470042519e-01 5.534721536847512363e-02 8.362319570110256228e-02
8.046150723058550711e-03 3.571263567770307373e-02 3.416178087037426148e-02 3.693163359692713116e-02 1.776097031569168205e-01 1.477484946605642779e-01 2.427456119353789757e-02 3.155969881629717283e-02 1.525992191714398982e-01 5.016491969185467303e-02 1.918219118751254360e-03 1.220633325618717818e-01 3.389574847587177586e-02 5.792882247713536381e-02 4.541785774063435144e-02 1.406182570759094246e-02 2.339518294063908446e-02 4.797073492006186062e-06 5.112710993375580272e-04 1.994145246002173612e-03
3.381192971414921644e-02 3.455548640620988848e-02 2.245085155342936567e-02 1.343964107897694382e-01 1.337606567365483279e-01 1.506608940202179836e-01 4.357289761924414140e-02 2.352172755150551409e-02 2.103946167986462876e-02 1.530513018949188628e-04 0.000000000000000000e+00 1.394133992234422754e-02 1.902235854856653557e-02 1.038901952684813251e-01 3.133921065453536964e-02 1.259916337718512414e-01 1.195657292758833465e-02 9.054935749801353018e-03 8.579720532177093073e-02 1.083180462227336261e-03
6.481891081350047183e-04 3.292540073756275443e-03 2.456965404745162923e-03 0.000000000000000000e+00 1.663328981934990014e-01 1.593400704968030851e-02 2.236962145610535413e-02 2.553377791060456800e-02 1.710949813041492684e-01 1.377364345937232004e-01 6.281433320391933799e-03 1.071470516831726436e-02 0.000000000000000000e+00 5.915045084767079492e-02 1.403136569728246352e-01 0.000000000000000000e+00 4.009705952942491103e-02 6.312859112346152872e-03 4.540519243053783849e-02 1.463252275240884692e-01
0.000000000000000000e+00 4.583831789652260957e-02 1.849691241539382774e-02 1.443901392278834350e-01 1.456926515917622844e-01 2.082221167872950196e-01 9.096712194295531123e-04 2.552752392582079144e-02 1.719190317627807343e-02 3.850895726669151253e-02 1.384181609147064340e-02 7.455033578278937034e-02 3.819731994883893839e-03 2.893047950554117342e-02 9.377729121482944463e-02 2.945741757755147502e-02 4.860016710116779278e-04 6.129275735002203199e-03 2.440467583956166739e-02 7.982478108028140396e-02
1.101602969796354886e-01 1.813157057496347230e-02 2.269183731688373049e-02 1.227270211881890862e-03 3.225063913870047233e-02 1.558828380268728608e-01 8.212817755044200807e-02 1.733461357875799302e-01 1.386843437403578738e-02 1.243669478902798865e-02 2.809427107702846399e-02 2.609991335996584769e-02 6.875648983954484039e-02 2.546467773055750665e-03 5.721662943914141916e-03 0.000000000000000000e+00 0.000000000000000000e+00 1.022512201337362828e-02 4.586395821320245897e-02 1.905682200298914053e-01
1.474519054762023999e-03 1.659275066982820179e-01 6.655879563806834515e-04 8.094909149216664157e-02 1.493328500524042542e-02 3.248887007608417671e-02 7.083549672198566523e-03 1.947332600339337152e-02 1.433444413444355803e-01 4.389419142144941090e-03 6.051227590863938674e-03 6.442323200598717992e-02 9.468869716467413766e-02 2.955637360581952859e-04 2.567090051390890151e-02 2.723552962761931987e-03 2.399635833618291372e-02 2.295723854567782371e-02 1.396952691964685744e-01 1.487683635023278883e-01
2.597942952243319139e-03 2.157820477346096555e-02 0.000000000000000000e+00 1.400271853223419849e-01 1.261060230876569904e-02 4.280192177116380094e-03 2.227277145866310426e-02 2.510083550920759118e-02 1.275796859525028526e-01 4.741123564389219947e-02 1.850856873199256680e-02 2.836597335875256504e-02 3.164919429208420260e-02 1.204584299996695057e-01 1.328244070167120539e-01 2.069768486019377476e-02 8.353834873874366185e-02 3.841332468620900498e-02 3.207426576622657982e-02 9.001114645122193503e-02
8.128250659550784055e-04 6.120238710403097526e-02 4.514862422431162661e-03 5.355265796898321315e-03 1.538182195491043791e-01 0.000000000000000000e+00 5.185563335720948241e-02 7.677593406525611008e-02 2.333804306691803290e-02 0.000000000000000000e+00 8.158876591711520729e-04 8.129171303053049635e-02 6.421416854527369975e-03 4.037373962979742131e-02 7.195769930406845614e-03 2.016098144723880051e-05 5.707600119165151531e-02 1.244939301901419743e-01 1.484942412676849843e-01 1.561439688368374823e-01
4.277629394888979308e-02 9.976641544187887789e-02 7.404339411444619927e-03 2.546270793340887906e-02 3.292610218387412389e-03 1.401853248425709297e-01 6.018343026509708274e-03 4.104144573794659898e-03 2.129915752624378725e-02 1.472505664067794715e-03 3.345160480380802645e-03 2.294166768733989226e-01 6.631287478589974194e-02 1.165555017452405166e-03 4.842477337470828258e-02 3.552070667557079980e-02 6.243893105487313688e-03 0.000000000000000000e+00 1.098033807853534688e-01 1.479851363145517351e-01
1.835909419053540631e-02 1.474165636517864031e-01 1.256060613740649784e-02 3.912162591921473920e-02 1.641034858563020227e-02 1.342898190110700940e-01 8.323722846264579311e-02 1.306270072956584316e-01 0.000000000000000000e+00 1.161966042832675511e-03 0.000000000000000000e+00 4.560783838582251060e-02 1.189812476516960704e-01 1.783561235955388388e-02 0.000000000000000000e+00 3.397120441075525497e-03 8.664113562815742992e-03 1.024556303614536368e-02 1.250990001927581863e-01 8.698524507335249345e-02
5.708308335440411690e-02 6.762144202397855908e-02 5.553191859634853608e-03 9.761305672562977168e-03 1.739911138255528095e-02 4.447958379219476427e-02 5.565100865307280598e-02 0.000000000000000000e+00 2.260700369841413954e-02 3.679701216855495172e-02 3.730544222737133884e-04 2.285841742519882647e-01 1.099699043668284637e-01 8.235028422222882838e-02 3.501574298654021311e-02 1.518318716416399740e-02 4.982077391139641542e-02 0.000000000000000000e+00 1.317053759172575333e-01 3.004476015195008121e-02
0.000000000000000000e+00 1.196865564369005708e-01 3.981572708790578202e-02 7.895921963623323686e-03 9.526893053638484099e-02 1.245011919965707398e-01 2.361892784278776108e-02 2.518439333113124332e-02 4.532635791829483368e-02 1.517862033427959867e-03 1.324019878595294835e-04 2.678604540821952207e-02 0.000000000000000000e+00 7.883407196716191168e-02 5.031746599443840187e-03 1.012500446643074536e-01 1.354779475529097749e-02 1.307590079493992519e-03 1.278217599994523057e-01 1.624726753917432598e-01
7.966102208585050526e-02 4.152080477511918555e-02 8.572837823370393906e-02 3.999676365081495516e-02 4.836978722614412168e-02 1.656468690378098615e-02 1.379260846735435864e-01 3.059390016752362371e-02 0.000000000000000000e+00 3.799327472508924261e-03 1.859479839992900577e-03 1.194292836010781428e-01 5.885289851430110936e-02 5.303757458690807475e-02 6.453423122571513718e-04 7.577173500165432923e-03 1.370358033328697260e-02 7.611689304928183353e-02 6.899130561988347631e-04 1.839271060175395600e-01
1.026775533487885722e-02 3.518991966587920340e-03 1.603085892203093060e-03 3.560723524173935606e-03 5.583478482122938846e-02 0.000000000000000000e+00 1.390625903272000585e-01 8.067829868197497201e-02 7.322169850486874576e-02 5.329956442821159879e-02 2.470397435679120082e-02 1.216105151375182353e-01 5.063476261009753655e-03 2.420201816589616015e-02 3.555961564647463352e-02 4.977637324250249514e-04 2.260836407527274661e-01 6.979067455840544387e-02 1.113006367116533245e-02 6.031076423625830740e-02
1.852424541620488127e-02 1.628866300730578975e-02 0.000000000000000000e+00 1.388883068984393954e-01 1.588051163499349938e-01 6.124616094085055112e-02 2.509099964028404291e-03 1.618919319844421834e-01 3.667768299620528805e-02 6.614162493794543962e-02 0.000000000000000000e+00 1.148090856427596146e-01 8.080053291751442684e-04 5.440211229987354166e-03 8.798606781401580035e-02 1.588643225416270718e-02 4.996150942773816030e-04 3.563613810494532103e-02 5.395923597505351832e-02 2.400237606026617634e-02
2.559403183453764011e-02 1.355149431423130768e-01 1.802864891106367370e-02 2.657859619799052969e-02 6.578739380311439573e-03 0.000000000000000000e+00 0.000000000000000000e+00 1.848247661876168541e-02 1.301501313043697816e-01 7.955254763995332767e-02 0.000000000000000000e+00 0.000000000000000000e+00 1.099018164781124240e-01 7.475536295090728922e-02 1.607461456369963307e-02 3.811462636765292761e-02 8.972036167116739791e-02 1.879625417163376111e-02 1.505391427303808816e-01 6.161770603714446931e-02
1.521291804952908501e-03 1.408267334754184641e-01 7.503747733261176278e-02 1.651910733613755171e-03 1.928850747468148497e-01 9.117931992078638637e-02 2.432960196448691326e-02 1.168382695962228530e-03 3.604530115598051504e-02 1.309607931585882830e-03 0.000000000000000000e+00 1.120470722107241995e-01 1.652305219699034535e-03 3.896890765918450267e-02 1.470694057530450363e-02 4.453643353626570052e-03 0.000000000000000000e+00 3.414524822991323039e-02 4.798644652920103920e-02 1.800847344601332334e-01
1.827825840354037681e-02 2.164722058649607740e-03 1.017460795345584146e-01 2.301410564146834370e-01 5.600719192529403367e-02 9.359493129679825885e-02 1.250989190077716161e-02 1.863043929741976801e-02 2.610613222856572255e-02 9.323000263456993758e-03 0.000000000000000000e+00 4.671850903354736462e-02 4.719029656139177992e-02 8.477561742754058383e-02 1.243546767184432050e-01 3.804736885051851480e-02 0.000000000000000000e+00 6.529169321155507688e-02 8.121610115090261567e-03 1.699852475816935118e-02
