0.000000000000000000e+00 0.000000000000000000e+00 4.165142215053023456e-02 7.442266102214114458e-04 1.599452663370139888e-02 0.000000000000000000e+00 1.490946198335844648e-03 2.318676477845524331e-01 0.000000000000000000e+00 7.958748567388464201e-03 0.000000000000000000e+00 1.440778136617557881e-01 1.123350582430721924e-02 0.000000000000000000e+00 9.994444158962535740e-02 1.182702722328951572e-01 1.319198257898673496e-02 1.768785182254856841e-02 1.469279368062028322e-03 8.046326541696877804e-03 6.182835662621340850e-03 0.000000000000000000e+00 0.000000000000000000e+00 1.130790142741696092e-01 1.671091584986014178e-01
1.296641271294181608e-01 8.583120555023955600e-02 0.000000000000000000e+00 0.000000000000000000e+00 1.544972750896882463e-01 2.467859691993989218e-02 0.000000000000000000e+00 0.000000000000000000e+00 1.059051145786954473e-01 0.000000000000000000e+00 0.000000000000000000e+00 1.653104146901022697e-01 4.096232270018958233e-02 0.000000000000000000e+00 9.523082657487318137e-02 0.000000000000000000e+00 0.000000000000000000e+00 0.000000000000000000e+00 0.000000000000000000e+00 0.000000000000000000e+00 0.000000000000000000e+00 0.000000000000000000e+00 0.000000000000000000e+00 1.979201167668537265e-01 0.000000000000000000e+00
0.000000000000000000e+00 0.000000000000000000e+00 7.873147240795090596e-02 0.000000000000000000e+00 4.052197376944097207e-02 0.000000000000000000e+00 2.417801338949453760e-01 5.770624066622279807e-02 9.045581326335046246e-02 2.978897973336901497e-02 0.000000000000000000e+00 0.000000000000000000e+00 0.000000000000000000e+00 4.189090690329727758e-03 1.026536843597879167e-01 6.263738027011678082e-03 0.000000000000000000e+00 1.356791382966044679e-01 0.000000000000000000e+00 1.322822721259426793e-01 0.000000000000000000e+00 2.340778472628020357e-02 0.000000000000000000e+00 0.000000000000000000e+00 5.653967803876372433e-02
3.912700944670272074e-02 0.000000000000000000e+00 0.000000000000000000e+00 1.124430272213553517e-01 6.931396145573967549e-02 0.000000000000000000e+00 2.997762201468157084e-02 1.343365382703151645e-01 6.427903685963612390e-02 4.588390907133286373e-02 0.000000000000000000e+00 1.177326994120466014e-01 0.000000000000000000e+00 0.000000000000000000e+00 0.000000000000000000e+00 0.000000000000000000e+00 7.699899356984936383e-02 1.062847932487552272e-01 0.000000000000000000e+00 1.148832542208840304e-02 0.000000000000000000e+00 0.000000000000000000e+00 0.000000000000000000e+00 1.784967047620054370e-01 1.363737924549156613e-02
0.000000000000000000e+00 1.111098639098882929e-01 1.060035407733911361e-02 0.000000000000000000e+00 3.295231542784258366e-02 0.000000000000000000e+00 7.207753685296879043e-02 1.458144340177615628e-01 3.775822513756665194e-02 1.236052134190629981e-01 2.835909176560403189e-03 0.000000000000000000e+00 0.000000000000000000e+00 0.000000000000000000e+00 7.116793890862083138e-02 0.000000000000000000e+00 2.868488998341859469e-02 1.636986567754039959e-02 2.102334764022422125e-03 1.175587393206059365e-02 0.000000000000000000e+00 1.603527446013867930e-01 0.000000000000000000e+00 1.728125001139600436e-01 0.000000000000000000e+00
0.000000000000000000e+00 5.826161352778505553e-02 4.509282050632224675e-02 0.000000000000000000e+00 0.000000000000000000e+00 0.000000000000000000e+00 1.537535784364039704e-01 4.834960392451084776e-02 1.730524720495621102e-02 2.189692926384429698e-03 0.000000000000000000e+00 6.764730529070501867e-03 0.000000000000000000e+00 7.218249980902516696e-03 1.193636681867016880e-01 1.229788112390272636e-01 8.975571460913302213e-03 2.522813921572768670e-03 0.000000000000000000e+00 0.000000000000000000e+00 0.000000000000000000e+00 2.329748196035811691e-03 1.655850179945561607e-01 1.709744189696546235e-01 6.833441299520262580e-02
0.000000000000000000e+00 5.559953389196904162e-03 1.421845758374727375e-01 0.000000000000000000e+00 1.459063981694429524e-01 0.000000000000000000e+00 0.000000000000000000e+00 1.998285184149693750e-01 0.000000000000000000e+00 2.562672432107240827e-02 0.000000000000000000e+00 0.000000000000000000e+00 7.442826391807889908e-02 0.000000000000000000e+00 1.064500341696145297e-01 0.000000000000000000e+00 1.191826374794627413e-01 0.000000000000000000e+00 3.159427844761603099e-02 0.000000000000000000e+00 0.000000000000000000e+00 0.000000000000000000e+00 0.000000000000000000e+00 1.348680520485339984e-01 1.437056380453949171e-02
0.000000000000000000e+00 1.105853972021758440e-02 1.312321272880018763e-01 0.000000000000000000e+00 1.084426743650772629e-01 1.564596611025769260e-02 4.160669943043395630e-03 1.446457671706517512e-01 2.345210245907548494e-02 1.079687352202476636e-01 0.000000000000000000e+00 0.000000000000000000e+00 0.000000000000000000e+00 0.000000000000000000e+00 4.535629734466615354e-02 0.000000000000000000e+00 1.402212400740082410e-01 1.001337562108670642e-01 0.000000000000000000e+00 0.000000000000000000e+00 0.000000000000000000e+00 1.297286023772563635e-01 5.257615331380906644e-04 0.000000000000000000e+00 3.742776018349133066e-02
8.434712753143549721e-03 0.000000000000000000e+00 2.064186552549482703e-02 0.000000000000000000e+00 9.280511378841906078e-02 0.000000000000000000e+00 5.721885376640531602e-03 1.275226798634481740e-01 0.000000000000000000e+00 3.026843370501985583e-02 0.000000000000000000e+00 2.031724213304929860e-01 0.000000000000000000e+00 0.000000000000000000e+00 0.000000000000000000e+00 8.535432654713717704e-02 2.779304476768865509e-02 5.994610583620786637e-02 2.076964752208257034e-02 1.944398249268362638e-03 1.775599514771850421e-02 1.428804986690328238e-01 1.389635856968441524e-02 1.259028322227234153e-01 1.518968012579728459e-02
5.767094057460538450e-03 0.000000000000000000e+00 1.272616921633938462e-02 0.000000000000000000e+00 2.721129258348968516e-02 0.000000000000000000e+00 1.443854573246924344e-01 4.805066079478842456e-02 1.716256916422798651e-01 2.461737333988081242e-02 0.000000000000000000e+00 1.401820748210226043e-02 1.272361770836162587e-01 1.545997733580269139e-03 1.130223052390855465e-01 1.213417606025907897e-01 0.000000000000000000e+00 0.000000000000000000e+00 8.871136487779580568e-03 0.000000000000000000e+00 0.000000000000000000e+00 6.014687770397339137e-03 0.000000000000000000e+00 1.735659886419168019e-01 0.000000000000000000e+00
0.000000000000000000e+00 1.440345956786808282e-02 1.389079038939584343e-01 1.524870019536614515e-03 3.713647808758187979e-02 8.305325556760133343e-02 3.722151964076746145e-02 0.000000000000000000e+00 0.000000000000000000e+00 6.419675524937670796e-02 0.000000000000000000e+00 1.811561911412498116e-01 7.034588535566967983e-03 0.000000000000000000e+00 0.000000000000000000e+00 0.000000000000000000e+00 4.721206682980842381e-03 0.000000000000000000e+00 7.780335818997709263e-02 1.315602957145812005e-02 0.000000000000000000e+00 0.000000000000000000e+00 2.240670590391821981e-01 0.000000000000000000e+00 1.156173248128944675e-01
7.426749428370868142e-03 0.000000000000000000e+00 9.675350104178752353e-02 0.000000000000000000e+00 1.526145543412694636e-02 0.000000000000000000e+00 9.158948098133100346e-02 1.392867055558174305e-01 8.193383559343674072e-02 9.190303819070654761e-04 0.000000000000000000e+00 1.005776292373999764e-01 0.000000000000000000e+00 9.158629373565506382e-03 6.137793564438008553e-02 0.000000000000000000e+00 8.493976101413981683e-02 5.367161099069581165e-02 1.236067568374866754e-01 9.755977928191687798e-02 0.000000000000000000e+00 0.000000000000000000e+00 0.000000000000000000e+00 1.145665930552601693e-02 2.448047989811164352e-02
0.000000000000000000e+00 0.000000000000000000e+00 1.488599830278082015e-01 6.130265158736806878e-03 2.442103046450993034e-02 0.000000000000000000e+00 1.507396357722103897e-01 6.120000337872175122e-02 2.358058583997725208e-02 1.739992654710829229e-02 0.000000000000000000e+00 1.720549894808675803e-02 2.310034902109887964e-03 0.000000000000000000e+00 1.115054994628437990e-01 0.000000000000000000e+00 2.169803220836176438e-02 1.335268125652382398e-01 7.072145772325086344e-02 4.623066188681716066e-02 0.000000000000000000e+00 8.067617497487086786e-02 0.000000000000000000e+00 0.000000000000000000e+00 8.379439713934802580e-02
5.637865011566359913e-02 1.836068377043605809e-04 0.000000000000000000e+00 0.000000000000000000e+00 1.676831771452630959e-01 1.853168681308070543e-04 2.315341605064144895e-02 0.000000000000000000e+00 1.162347468409704633e-02 1.519037089655820294e-01 0.000000000000000000e+00 0.000000000000000000e+00 0.000000000000000000e+00 0.000000000000000000e+00 7.725559431925631271e-02 0.000000000000000000e+00 6.023548583001746963e-07 1.580357377725474521e-01 5.244265504332306510e-02 5.595802583193840163e-02 1.497321559319635294e-02 6.251677793761740987e-02 0.000000000000000000e+00 0.000000000000000000e+00 1.677060404801803406e-01
4.761479996195464026e-02 0.000000000000000000e+00 1.339609654876768863e-01 0.000000000000000000e+00 1.743985084266990171e-01 0.000000000000000000e+00 0.000000000000000000e+00 4.178892248978160334e-02 0.000000000000000000e+00 0.000000000000000000e+00 0.000000000000000000e+00 1.825735412887973808e-01 0.000000000000000000e+00 5.406178237447205326e-03 0.000000000000000000e+00 0.000000000000000000e+00 6.643986494394950315e-02 0.000000000000000000e+00 0.000000000000000000e+00 0.000000000000000000e+00 0.000000000000000000e+00 1.140830195781108829e-02 1.276514327477265009e-01 1.535036870375071361e-01 5.525379742064898819e-02
