1.126415311396038264e-03 1.583353932691045074e-01 0.000000000000000000e+00 2.096270251138905583e-02 1.330875378164737555e-01 6.491799406654483878e-03 1.757096055088947784e-01 0.000000000000000000e+00 1.155916688301859147e-02 0.000000000000000000e+00 8.950952070768493363e-03 3.239236459782722510e-02 7.149000566661223299e-02 0.000000000000000000e+00 2.591701951364110829e-02 1.005505813050545059e-02 9.031501332187720499e-02 1.081964603919875201e-01 0.000000000000000000e+00 1.454105055998494989e-01
1.901122807079194676e-02 0.000000000000000000e+00 3.270777981344906264e-03 1.295913286064401537e-01 6.047678694501318342e-02 8.447625026555322450e-03 1.476961768967255118e-01 0.000000000000000000e+00 1.560749104868328629e-01 0.000000000000000000e+00 1.148141065954881926e-02 1.368616646686986738e-01 0.000000000000000000e+00 1.714998358239364779e-02 4.424857366632441863e-02 2.535911255400310343e-02 0.000000000000000000e+00 1.347062596378088839e-01 0.000000000000000000e+00 1.056241612175187472e-01
1.801954074081145440e-02 8.147958587834925118e-03 3.339416826771592073e-02 2.564351875178640452e-02 1.290883162210979540e-01 1.432246444799546714e-01 1.442844519257432123e-01 0.000000000000000000e+00 1.089921865958901059e-01 0.000000000000000000e+00 0.000000000000000000e+00 0.000000000000000000e+00 0.000000000000000000e+00 2.034698092796964966e-02 0.000000000000000000e+00 0.000000000000000000e+00 1.168330212538318778e-02 6.789834240321039605e-02 1.424241618293934364e-01 1.468524271432087858e-01
0.000000000000000000e+00 4.651798535028142667e-02 0.000000000000000000e+00 1.333730598807597867e-01 4.954620015239666331e-02 1.568272418979672900e-01 0.000000000000000000e+00 8.918057772334067601e-02 1.367196768535852702e-01 6.968575684414615549e-03 0.000000000000000000e+00 0.000000000000000000e+00 1.353106542626494879e-01 0.000000000000000000e+00 3.609723765056473133e-02 8.935193451397956468e-03 1.407107097711984139e-02 0.000000000000000000e+00 1.760777687077576814e-01 1.037475740776455657e-02
2.130382026469184939e-02 1.500795234194206851e-01 0.000000000000000000e+00 1.675166236619734517e-01 8.832707397336206356e-02 4.884549646698683328e-02 0.000000000000000000e+00 2.846463547440277186e-01 0.000000000000000000e+00 0.000000000000000000e+00 0.000000000000000000e+00 0.000000000000000000e+00 0.000000000000000000e+00 0.000000000000000000e+00 0.000000000000000000e+00 0.000000000000000000e+00 5.518651230945188779e-02 1.754116720916897715e-02 1.518141990982946332e-01 1.473922885262196614e-02
1.719354870315085992e-01 1.598541047634785550e-01 0.000000000000000000e+00 1.013474997465870497e-01 1.318426979318061409e-01 7.268643677205469111e-02 1.705513366522473997e-02 0.000000000000000000e+00 0.000000000000000000e+00 0.000000000000000000e+00 0.000000000000000000e+00 9.798666622385172886e-02 6.046487930944198161e-03 1.688450066035265557e-03 0.000000000000000000e+00 2.975176777938468020e-02 5.184859367934066023e-03 1.489077569213696772e-01 7.507929278053914520e-04 5.496185887201521930e-02
1.230108314392298063e-01 8.204179087553544955e-03 0.000000000000000000e+00 1.219232932376029671e-01 5.740152590894848778e-02 1.568663541537259898e-01 0.000000000000000000e+00 0.000000000000000000e+00 1.546133258180320269e-01 0.000000000000000000e+00 0.000000000000000000e+00 1.796209309223713996e-02 0.000000000000000000e+00 1.317101923412450637e-01 0.000000000000000000e+00 1.492561602886578222e-02 0.000000000000000000e+00 5.635904388305098406e-02 1.570235450095081031e-01 0.000000000000000000e+00
0.000000000000000000e+00 5.662259391405016079e-02 2.444003828240922521e-02 7.075659738914817642e-02 2.046515276063161359e-02 2.609508411478518933e-02 9.124160344173183612e-02 2.159907457661539576e-01 1.318806847923714165e-01 0.000000000000000000e+00 0.000000000000000000e+00 1.921610694204364464e-02 1.703246400800398699e-02 9.464957504305840374e-02 2.157742592717538932e-02 0.000000000000000000e+00 0.000000000000000000e+00 2.382265904103492322e-03 1.972169865768277630e-01 1.043267513750561863e-02
0.000000000000000000e+00 1.661378560662164425e-02 1.460975362881405115e-01 1.563013961178365274e-01 1.606870700434030047e-02 1.143076346742185057e-01 4.628329604502480488e-02 1.385110616710958364e-01 2.179173715648885512e-02 0.000000000000000000e+00 0.000000000000000000e+00 1.606981444106600765e-01 4.822715991339004971e-02 0.000000000000000000e+00 2.617327608187899890e-02 5.240953461816432596e-02 0.000000000000000000e+00 3.950569851158709095e-02 1.059078631596083522e-02 6.420245584591762790e-03
0.000000000000000000e+00 2.873822562190038177e-01 0.000000000000000000e+00 2.678379209417259058e-02 1.687698382084521775e-01 1.552436919981506902e-01 5.773300939030259760e-02 1.197638395156651325e-02 1.131407703526785546e-01 1.731344776431962412e-02 0.000000000000000000e+00 3.090774387734689793e-02 0.000000000000000000e+00 0.000000000000000000e+00 0.000000000000000000e+00 1.140873978579893915e-02 0.000000000000000000e+00 0.000000000000000000e+00 0.000000000000000000e+00 1.193403263582076268e-01
0.000000000000000000e+00 0.000000000000000000e+00 1.499834716055341820e-02 1.278219478317187130e-01 0.000000000000000000e+00 5.748404084741421533e-02 1.453150153571841630e-01 0.000000000000000000e+00 0.000000000000000000e+00 3.291385595333771313e-02 3.710686621263692420e-02 2.528092941233323621e-01 1.596389194399228384e-01 0.000000000000000000e+00 1.032592713268661380e-02 0.000000000000000000e+00 0.000000000000000000e+00 1.445254255077446925e-01 1.706036043346825792e-02 0.000000000000000000e+00
1.955159608875702282e-01 6.249036296290470111e-02 1.296849503452012498e-01 2.254513051138937359e-03 0.000000000000000000e+00 3.064574044927514604e-02 0.000000000000000000e+00 7.773962923333363473e-02 1.065159571876142866e-02 4.937184284948573781e-02 0.000000000000000000e+00 1.477093150536214206e-01 3.309694903208546674e-02 0.000000000000000000e+00 0.000000000000000000e+00 0.000000000000000000e+00 0.000000000000000000e+00 1.362391883363769374e-01 2.460434567334179520e-02 9.999560640690330349e-02
3.735968381470149841e-02 2.322352497706732868e-02 0.000000000000000000e+00 1.670746753501621551e-01 1.664456478797647285e-02 2.986978095677209760e-02 0.000000000000000000e+00 2.353571564546411404e-03 1.744697874014904670e-01 4.637411524197019436e-02 0.000000000000000000e+00 2.170518884476333732e-01 6.466420794147760553e-02 5.360782124294752315e-02 1.673063782732548133e-01 0.000000000000000000e+00 0.000000000000000000e+00 0.000000000000000000e+00 0.000000000000000000e+00 0.000000000000000000e+00
1.562022178488026436e-01 1.408456131120304766e-01 1.324254651622960854e-01 1.752588156212801784e-02 8.536829312821399979e-03 1.873510704903179891e-01 3.915166546914642352e-03 0.000000000000000000e+00 0.000000000000000000e+00 0.000000000000000000e+00 0.000000000000000000e+00 2.661286443649162892e-01 5.282653079352917468e-03 0.000000000000000000e+00 3.105825593096388920e-02 3.420937295082831370e-02 0.000000000000000000e+00 1.651882963862726095e-02 0.000000000000000000e+00 0.000000000000000000e+00
0.000000000000000000e+00 1.079434161918289836e-01 2.099907757231625829e-02 3.374258584715605913e-02 6.583423847047663313e-02 0.000000000000000000e+00 0.000000000000000000e+00 1.401484207336507748e-01 1.886672727465096011e-01 1.504038210544235248e-02 0.000000000000000000e+00 1.289245197832942502e-01 0.000000000000000000e+00 5.540206296029553251e-02 0.000000000000000000e+00 0.000000000000000000e+00 8.680416030521310999e-02 1.666313986804313432e-02 1.372506259883267687e-01 2.580097427446375116e-03
0.000000000000000000e+00 0.000000000000000000e+00 1.166577096642224670e-01 2.865728313451997977e-03 2.539888699663976346e-01 1.934017323763286833e-01 1.539126201988756104e-01 7.452222722414382494e-02 0.000000000000000000e+00 1.293405533735741270e-02 0.000000000000000000e+00 0.000000000000000000e+00 3.509579436481649606e-02 0.000000000000000000e+00 0.000000000000000000e+00 3.516332023205826635e-03 2.139518785997534048e-02 0.000000000000000000e+00 1.317097426712245112e-01 0.000000000000000000e+00
9.080341576655505398e-02 0.000000000000000000e+00 6.390918093918534180e-03 3.582057117830390880e-02 1.381631895227724595e-02 2.373303266114352161e-01 8.669391200946358761e-03 1.329608725638078970e-01 1.060274742541076898e-01 0.000000000000000000e+00 0.000000000000000000e+00 1.154801954904267763e-01 6.584440304919933484e-02 0.000000000000000000e+00 1.490135216169354883e-02 0.000000000000000000e+00 4.834121949460688274e-03 0.000000000000000000e+00 4.411464348493220056e-02 1.230059952429355119e-01
0.000000000000000000e+00 1.776947839155732303e-02 0.000000000000000000e+00 1.511946538430643527e-01 1.449200455825532807e-01 1.632153819378908410e-01 0.000000000000000000e+00 3.805068790487668023e-02 4.784929257280902577e-03 7.550547920685427017e-02 2.769129345206064116e-02 0.000000000000000000e+00 2.421385171937151179e-02 0.000000000000000000e+00 5.146396494574299874e-02 0.000000000000000000e+00 1.359450342070515384e-02 0.000000000000000000e+00 1.515704709216379731e-01 1.360252594164041151e-01
7.805257185229370898e-02 3.215427836057097727e-02 0.000000000000000000e+00 2.890076693501918981e-01 1.767139300362887896e-02 4.725411703453943207e-02 2.243733225942967993e-02 1.377122625756414809e-01 1.288044394747456522e-01 5.985344408896807467e-02 2.262351435894567608e-02 5.571856103052639370e-03 0.000000000000000000e+00 2.200098617748758034e-02 0.000000000000000000e+00 5.413431356056002536e-02 4.594373012758051766e-02 1.703913593968352583e-02 1.973895573268014819e-02 0.000000000000000000e+00
0.000000000000000000e+00 1.063668220629183647e-01 1.383951187625837853e-01 2.633388278552014489e-02 2.183624741377922784e-01 1.875862696524868145e-01 1.774225700424731170e-02 0.000000000000000000e+00 0.000000000000000000e+00 0.000000000000000000e+00 0.000000000000000000e+00 0.000000000000000000e+00 8.744217417305662210e-02 6.809821538327410183e-03 0.000000000000000000e+00 8.186342251343205201e-02 6.873738411507223159e-03 1.642463288518339684e-02 2.631103706650093563e-02 7.948834900644369261e-02
0.000000000000000000e+00 8.169161378980953347e-02 5.099905289735853775e-02 1.748084873660042116e-01 0.000000000000000000e+00 1.543153078371180820e-01 2.708507327679065407e-02 1.411343005339328605e-01 1.138522090759081645e-02 6.185067606718658642e-03 0.000000000000000000e+00 5.309316020186336665e-02 8.864058812121555775e-02 8.596310572609359990e-02 1.808215534687621431e-02 0.000000000000000000e+00 0.000000000000000000e+00 0.000000000000000000e+00 0.000000000000000000e+00 1.066168663886280232e-01
6.124176173129736514e-03 0.000000000000000000e+00 1.001641237909126937e-02 1.120826937833831749e-01 1.475450961587859537e-02 0.000000000000000000e+00 5.449401931865211933e-04 2.055011645019491906e-01 1.393526924915546306e-01 1.733586924312972150e-02 0.000000000000000000e+00 1.081930226464854761e-01 0.000000000000000000e+00 2.239920694518486924e-02 0.000000000000000000e+00 2.494695087533047376e-02 0.000000000000000000e+00 3.396702288261117114e-02 1.996485542018250070e-01 1.051327840672602321e-01
1.283718523171034631e-01 1.486417145592620614e-01 0.000000000000000000e+00 2.989137148528947172e-03 1.050287197911147288e-02 2.453085378747928147e-01 0.000000000000000000e+00 4.576242403351674440e-03 9.536014822074878605e-02 0.000000000000000000e+00 0.000000000000000000e+00 3.065788397386592229e-02 5.069617285478339452e-02 0.000000000000000000e+00 0.000000000000000000e+00 0.000000000000000000e+00 0.000000000000000000e+00 1.857041692647634287e-02 1.402065694156784115e-01 1.241184523262967576e-01
4.718354873075026462e-02 1.475677048069130581e-01 4.717154694503433027e-02 3.765039683037562507e-02 3.759495487249780998e-02 1.864912135930862080e-01 1.192040137029421326e-01 3.211264334653329833e-01 4.990574663903248574e-03 0.000000000000000000e+00 0.000000000000000000e+00 0.000000000000000000e+00 0.000000000000000000e+00 0.000000000000000000e+00 0.000000000000000000e+00 0.000000000000000000e+00 0.000000000000000000e+00 0.000000000000000000e+00 0.000000000000000000e+00 5.101961238916434549e-02
9.845538478920261988e-03 1.894115668900223926e-01 1.575978367719653786e-02 1.548904179285182092e-01 0.000000000000000000e+00 1.537326474986820124e-01 1.207512076418606473e-01 2.364782587657482393e-02 1.670305752385713507e-02 0.000000000000000000e+00 0.000000000000000000e+00 0.000000000000000000e+00 1.179434428383430850e-01 2.129595058438369173e-02 9.085005596049061660e-02 5.776311967211608667e-02 9.749937247824668959e-03 1.765544818120983947e-02 0.000000000000000000e+00 0.000000000000000000e+00
0.000000000000000000e+00 5.717635964142038507e-02 1.116641314197183987e-01 4.654471072038028623e-03 2.636398795316243632e-02 0.000000000000000000e+00 1.360638020750927490e-01 5.047226469825601830e-02 7.330708067854882493e-02 0.000000000000000000e+00 0.000000000000000000e+00 1.238896478699879899e-01 5.988880619781825933e-03 1.076509423229240481e-01 1.378076005481607483e-02 1.106706623660253831e-02 1.467113347567922943e-01 2.999929775227568388e-02 8.364827940956212626e-02 1.756169343902076740e-02
0.000000000000000000e+00 1.541484212249310815e-01 4.942058785242969647e-03 1.153102999081986463e-01 6.680317412663422383e-02 4.085648042540462183e-02 0.000000000000000000e+00 2.332797329996064983e-01 2.322548255097184669e-02 0.000000000000000000e+00 0.000000000000000000e+00 1.495392246368761335e-01 0.000000000000000000e+00 0.000000000000000000e+00 1.305508374508212721e-01 0.000000000000000000e+00 4.871675776049570056e-02 2.484189776232630445e-02 7.785632368490644911e-03 0.000000000000000000e+00
0.000000000000000000e+00 1.619517407148997057e-01 1.706508943738940451e-02 1.405045531366249933e-01 0.000000000000000000e+00 2.072614457321826087e-01 1.451111505902852837e-02 1.769422877048946741e-01 0.000000000000000000e+00 0.000000000000000000e+00 0.000000000000000000e+00 1.857768381923254400e-02 8.564075158257872245e-02 4.269918417575982450e-02 0.000000000000000000e+00 0.000000000000000000e+00 2.446310713290503897e-02 0.000000000000000000e+00 0.000000000000000000e+00 1.103830415045040786e-01
4.353332520664671135e-02 1.974279009378185346e-01 0.000000000000000000e+00 9.381828152680340982e-02 1.496838423482748648e-01 1.875001185942310744e-01 1.045197779040831360e-01 0.000000000000000000e+00 2.210222658441947721e-02 0.000000000000000000e+00 0.000000000000000000e+00 2.957479198803113218e-02 1.083297488178255538e-02 0.000000000000000000e+00 0.000000000000000000e+00 1.852461300831178236e-03 0.000000000000000000e+00 0.000000000000000000e+00 1.591542987270777865e-01 0.000000000000000000e+00
1.051445800134278609e-02 8.140757801491113610e-02 0.000000000000000000e+00 1.166463643073244461e-01 1.863571527607284783e-01 0.000000000000000000e+00 1.316706309309184919e-01 1.380968394484838879e-01 0.000000000000000000e+00 0.000000000000000000e+00 0.000000000000000000e+00 1.137890809024166422e-01 0.000000000000000000e+00 1.032560886299602465e-01 8.095448245038165680e-02 7.204691953784929555e-03 0.000000000000000000e+00 0.000000000000000000e+00 1.357515070143013383e-02 1.652748189831731648e-02
0.000000000000000000e+00 6.492992047178246240e-02 0.000000000000000000e+00 1.169655014385990871e-01 2.230163004786140379e-01 0.000000000000000000e+00 1.430257287530633248e-01 0.000000000000000000e+00 0.000000000000000000e+00 0.000000000000000000e+00 0.000000000000000000e+00 1.042148633039049616e-01 1.648192663615042144e-02 8.939962776838204783e-02 6.264508287600879799e-02 0.000000000000000000e+00 0.000000000000000000e+00 2.674874682971625783e-02 2.605058779366934557e-02 1.265217136501092243e-01
7.652622776319699394e-02 1.486338843843424198e-02 0.000000000000000000e+00 1.541333533553071178e-01 0.000000000000000000e+00 1.408055478310448957e-02 7.811600843605386035e-02 1.727856084297123840e-01 1.246328461462866549e-02 0.000000000000000000e+00 0.000000000000000000e+00 1.238536737372169516e-01 0.000000000000000000e+00 0.000000000000000000e+00 1.201519638044393629e-01 0.000000000000000000e+00 0.000000000000000000e+00 1.394093315599538307e-01 0.000000000000000000e+00 9.361660507795216413e-02
6.242546211026251887e-03 5.710244922698973213e-02 0.000000000000000000e+00 3.286755260051352125e-03 2.577861073489454702e-01 6.339265580802265487e-02 0.000000000000000000e+00 0.000000000000000000e+00 1.390060660922242119e-01 6.408230578845325320e-02 0.000000000000000000e+00 1.455138104743510796e-01 0.000000000000000000e+00 0.000000000000000000e+00 0.000000000000000000e+00 1.892440552971677570e-02 0.000000000000000000e+00 9.354387587576154517e-02 1.409525027884578341e-01 1.016651959599993577e-02
6.710000107133651248e-02 9.734210349541609630e-02 6.847214686891536783e-02 1.201198696544037159e-01 1.769092451629535045e-01 5.340201803066566520e-03 0.000000000000000000e+00 1.485534484677058509e-01 0.000000000000000000e+00 0.000000000000000000e+00 0.000000000000000000e+00 0.000000000000000000e+00 0.000000000000000000e+00 9.362364041734934708e-03 2.634440851167254780e-03 1.919588741475092633e-02 6.693343796652768962e-02 1.159169582299457435e-01 9.572632000302569444e-02 6.393574969050201152e-03
4.231380703412242379e-03 7.841554432247122008e-02 0.000000000000000000e+00 5.124369615849843490e-02 1.934132764077584332e-01 9.200037592179997892e-02 0.000000000000000000e+00 2.142329512143288373e-01 8.741265670032742630e-02 0.000000000000000000e+00 0.000000000000000000e+00 3.254523975057001944e-02 0.000000000000000000e+00 0.000000000000000000e+00 1.368504661011562921e-02 0.000000000000000000e+00 1.144144306093852412e-02 4.807280570582483925e-02 1.494327911825469313e-01 2.387279226140727115e-02
1.261254777218198952e-01 9.423059784540352424e-02 1.827406249109083877e-02 5.320717380399572066e-02 5.138278633813675444e-02 7.436532537800333298e-02 5.663180260321019899e-02 2.730537055931171481e-03 4.565825470975182904e-02 0.000000000000000000e+00 0.000000000000000000e+00 1.377719484457825549e-01 9.520903312243392258e-02 1.922692842873650887e-02 1.466482348187486962e-01 1.650964389331558216e-02 0.000000000000000000e+00 0.000000000000000000e+00 2.086396766198829467e-02 4.116422568165110235e-02
0.000000000000000000e+00 1.199850505814024498e-01 1.395865444825928614e-01 3.959319201702624080e-02 6.026665931679619365e-02 2.232874283656141601e-01 0.000000000000000000e+00 2.970705668400845656e-02 1.418137482875584388e-01 0.000000000000000000e+00 2.092019032793467417e-02 0.000000000000000000e+00 1.823219730787152895e-02 0.000000000000000000e+00 0.000000000000000000e+00 0.000000000000000000e+00 0.000000000000000000e+00 0.000000000000000000e+00 0.000000000000000000e+00 2.066079326291949958e-01
1.332936152097886906e-01 2.178197978292072123e-02 0.000000000000000000e+00 1.005609348961132438e-01 3.184793991478463565e-02 1.112084108290994355e-01 1.490328599465143566e-01 6.252485015708784954e-02 1.720771561817500961e-01 0.000000000000000000e+00 0.000000000000000000e+00 1.400100148949220413e-01 1.067493288031031232e-02 0.000000000000000000e+00 0.000000000000000000e+00 0.000000000000000000e+00 8.480593106286028401e-03 6.643337687891371496e-03 0.000000000000000000e+00 5.186337451253115322e-02
0.000000000000000000e+00 1.041347271133062809e-02 0.000000000000000000e+00 2.283502615719161868e-02 2.229380161058006071e-01 2.059633878880344493e-01 0.000000000000000000e+00 0.000000000000000000e+00 0.000000000000000000e+00 8.009569644521516429e-02 0.000000000000000000e+00 0.000000000000000000e+00 0.000000000000000000e+00 0.000000000000000000e+00 8.904335156957137593e-03 0.000000000000000000e+00 0.000000000000000000e+00 1.143192079841810760e-01 1.620454488838645735e-01 1.724854086674247333e-01
4.914819304514453369e-02 1.819860595364894140e-01 0.000000000000000000e+00 1.293738367481000462e-01 1.816000518867506297e-01 6.195471497677867978e-02 0.000000000000000000e+00 0.000000000000000000e+00 0.000000000000000000e+00 0.000000000000000000e+00 0.000000000000000000e+00 4.661552231453251760e-02 1.781713488490852676e-02 0.000000000000000000e+00 0.000000000000000000e+00 0.000000000000000000e+00 0.000000000000000000e+00 1.503822319452622902e-01 1.506375708441035077e-01 3.048468381792991677e-02
0.000000000000000000e+00 1.198981241306988771e-01 1.020031211661829029e-01 5.040671956553826466e-02 2.981196495573924105e-03 3.779495773747943571e-02 1.371201961294772065e-01 8.923070087879920315e-03 1.405802283796281638e-01 0.000000000000000000e+00 0.000000000000000000e+00 2.566531445494241170e-02 1.444349627939731269e-02 0.000000000000000000e+00 1.314872469466237259e-01 0.000000000000000000e+00 1.592927403139241666e-02 0.000000000000000000e+00 6.941289698547838116e-02 1.433541576097071002e-01
1.415760654840194088e-01 1.206649903390622780e-01 1.206121602257512471e-01 0.000000000000000000e+00 3.534637203630543872e-02 1.759331674339924545e-01 1.225158254445479350e-01 2.398175592359872745e-03 2.590999724040002079e-03 2.837443533937120815e-02 0.000000000000000000e+00 9.541440439965666754e-04 5.846026542952503097e-02 9.253570443000014084e-04 0.000000000000000000e+00 1.803923498532744585e-02 0.000000000000000000e+00 0.000000000000000000e+00 0.000000000000000000e+00 1.716088068774012376e-01
0.000000000000000000e+00 4.111544244229209627e-04 1.345979645897669441e-01 1.737812279535683180e-02 1.282701151752138613e-01 0.000000000000000000e+00 0.000000000000000000e+00 2.829484457049307733e-01 0.000000000000000000e+00 0.000000000000000000e+00 0.000000000000000000e+00 8.495112722258395255e-02 0.000000000000000000e+00 0.000000000000000000e+00 0.000000000000000000e+00 2.769309286233806108e-02 0.000000000000000000e+00 0.000000000000000000e+00 1.574168730745330869e-01 1.663331041508536723e-01
1.538440173332863981e-01 1.503213957568266534e-01 4.386321431496133239e-02 1.192288515621489457e-02 0.000000000000000000e+00 1.359363991825108531e-01 1.311013776900893657e-01 2.851329027162682883e-02 6.022476234233437031e-03 6.160157330711034385e-03 3.766053364836225142e-03 2.318027446041104889e-01 0.000000000000000000e+00 0.000000000000000000e+00 0.000000000000000000e+00 0.000000000000000000e+00 0.000000000000000000e+00 2.016732999361344966e-02 1.762083982903328225e-02 5.895781893794569545e-02
1.246557193029456355e-02 0.000000000000000000e+00 0.000000000000000000e+00 1.885129357416109874e-01 1.791264766218403359e-01 2.465552341424046001e-01 1.582176499435675732e-01 0.000000000000000000e+00 0.000000000000000000e+00 3.338851690689056267e-02 0.000000000000000000e+00 0.000000000000000000e+00 0.000000000000000000e+00 1.567395343695292265e-02 0.000000000000000000e+00 0.000000000000000000e+00 0.000000000000000000e+00 0.000000000000000000e+00 1.660596612764384250e-01 0.000000000000000000e+00
0.000000000000000000e+00 3.430181373901808328e-02 1.697189128730966154e-02 1.595304134874199753e-01 1.642665710449250915e-01 2.992320059441505239e-02 1.050889115409417429e-02 2.273917119404655907e-01 0.000000000000000000e+00 0.000000000000000000e+00 3.402602169602936960e-04 2.101245312207379590e-02 1.565256503645871822e-01 4.104791015530918907e-02 2.016600620637052158e-02 0.000000000000000000e+00 2.110719100113430877e-02 4.135728930580186147e-02 2.462850297329778355e-03 5.308589608278542482e-02
1.999458840021861861e-01 1.284147518408365884e-01 0.000000000000000000e+00 0.000000000000000000e+00 9.432288414758367712e-02 1.781483947891749908e-01 7.810855082450550435e-02 0.000000000000000000e+00 1.077460971599602246e-01 0.000000000000000000e+00 1.507394742447449101e-02 8.356300622045269993e-03 0.000000000000000000e+00 0.000000000000000000e+00 0.000000000000000000e+00 0.000000000000000000e+00 1.787387829996778602e-02 0.000000000000000000e+00 1.551477530214595280e-01 1.686155786780581950e-02
0.000000000000000000e+00 2.534675593461120646e-02 1.045957760432456446e-01 1.488746560909504635e-01 1.631359197154037544e-01 1.431593405072050240e-01 3.534306639487246743e-02 0.000000000000000000e+00 0.000000000000000000e+00 0.000000000000000000e+00 0.000000000000000000e+00 1.336352963305328240e-02 0.000000000000000000e+00 1.763090234009183702e-02 0.000000000000000000e+00 2.104324422663115396e-02 1.152979570355580630e-01 5.881820640580271570e-02 1.533906456725745160e-01 0.000000000000000000e+00
1.019479932924459570e-01 0.000000000000000000e+00 1.656528900185105270e-03 1.018008650569154905e-01 6.788992302328206163e-02 3.027745209150271150e-02 1.393054726547051370e-01 4.639234370539299657e-03 2.459698031720469746e-02 8.520158153484107266e-03 4.668536569725468231e-03 1.301784350434604387e-01 1.326878717583098929e-02 7.170179908199586331e-03 0.000000000000000000e+00 3.037120010093856404e-02 1.257154742795475177e-01 5.089598490435403438e-02 1.382038614640504204e-01 1.889293269362818384e-02
0.000000000000000000e+00 6.722401815831374923e-03 1.769244259323747015e-01 3.113201492793551267e-02 1.660226358283886927e-01 1.910079411228965407e-01 0.000000000000000000e+00 2.857184256653910390e-03 1.106661469755087883e-02 0.000000000000000000e+00 0.000000000000000000e+00 3.551123720235462022e-02 0.000000000000000000e+00 5.206677166483807823e-02 0.000000000000000000e+00 0.000000000000000000e+00 1.259677979308519713e-01 0.000000000000000000e+00 1.920274751636490695e-01 8.693499456674422601e-03
