0.000000000000000000e+00 0.000000000000000000e+00 3.806277622021308343e-02 7.581885660411943895e-03 1.300022716888558083e-01 1.406506349392129818e-01 1.379162453905112030e-02 7.121710537788193685e-02 8.722709528815585089e-02 3.504907585595699350e-03 3.457589163722427170e-03 2.294990549368056045e-03 0.000000000000000000e+00 0.000000000000000000e+00 1.399213049104562900e-01 0.000000000000000000e+00 1.224151652566480251e-02 1.678311212111264702e-02 0.000000000000000000e+00 1.965917594519732761e-02 0.000000000000000000e+00 0.000000000000000000e+00 1.294280413595108314e-01 5.480093250454287634e-02 1.293750356210462416e-01
0.000000000000000000e+00 8.612076107492788735e-02 1.366276912071023586e-01 2.194956360517602827e-03 1.219404735755510172e-01 6.540821451785155775e-03 2.723588014044590888e-02 1.768399983039286097e-02 0.000000000000000000e+00 2.199487975447377355e-02 7.023632653675951354e-02 4.565584302285934787e-02 4.100840016768428353e-02 0.000000000000000000e+00 7.234256385596569972e-02 0.000000000000000000e+00 6.029416765706867992e-02 7.632936331454771850e-02 1.125244969828024036e-02 3.304576143470393246e-02 0.000000000000000000e+00 1.696056582756740386e-02 9.409931593830846153e-02 0.000000000000000000e+00 5.843577915105815229e-02
0.000000000000000000e+00 1.942946646838084324e-01 2.684175388611936136e-02 6.262750946039939703e-02 7.794057177253132379e-03 1.073940837106043128e-01 1.271972248126977505e-02 2.011325348866761092e-02 0.000000000000000000e+00 4.687845290065475318e-02 1.643420445599263341e-02 6.940942508470536454e-02 1.625426967172051559e-03 0.000000000000000000e+00 1.362354853261964899e-02 2.746074260031675443e-02 5.631800945500139988e-02 9.601201786406251062e-03 2.737918764409332309e-02 1.365958334079418468e-01 1.278288356520487778e-01 7.137309033037155144e-03 1.223582937611288057e-03 1.894615756167952053e-02 7.753037092597268344e-03
0.000000000000000000e+00 1.283563399305741141e-02 0.000000000000000000e+00 1.322951671643877170e-01 6.020222440905680095e-02 2.620381817431590224e-02 1.469087645152872823e-01 0.000000000000000000e+00 1.453710804028844061e-01 0.000000000000000000e+00 0.000000000000000000e+00 9.792920495616447285e-02 0.000000000000000000e+00 0.000000000000000000e+00 6.681300192469657659e-03 0.000000000000000000e+00 6.695674839721571341e-03 4.249891903140966092e-03 1.476264102319830782e-02 1.245522129595318800e-02 0.000000000000000000e+00 4.584192366363199281e-03 5.102747677525480002e-02 1.258078120887668461e-01 1.519898958999773564e-01
0.000000000000000000e+00 7.209184692188827515e-02 0.000000000000000000e+00 0.000000000000000000e+00 2.819422351489172390e-02 0.000000000000000000e+00 3.122573763552137852e-02 2.347454192359830771e-01 0.000000000000000000e+00 1.875788905373725335e-01 0.000000000000000000e+00 6.614470618123484413e-02 0.000000000000000000e+00 0.000000000000000000e+00 3.458748596114321304e-03 0.000000000000000000e+00 1.226857275295347854e-01 2.450720456976949319e-02 1.085082673975301393e-01 4.484074909154778243e-02 0.000000000000000000e+00 5.337373809457941071e-02 1.780671302780574214e-02 0.000000000000000000e+00 4.838027666226456767e-03
2.483465661652755480e-02 1.252404806736227838e-02 8.087009069497343161e-02 7.147649268254185895e-02 1.154079385902486016e-01 0.000000000000000000e+00 1.869894678053567461e-01 2.729220874366679404e-03 1.237398199526593412e-01 5.035921195144927622e-03 0.000000000000000000e+00 3.579776458810746825e-02 0.000000000000000000e+00 0.000000000000000000e+00 1.662560010597476656e-01 0.000000000000000000e+00 2.868000596408199973e-02 5.077032875878975888e-04 0.000000000000000000e+00 2.637742511536422807e-03 0.000000000000000000e+00 0.000000000000000000e+00 1.283886441076952378e-01 0.000000000000000000e+00 1.412448200206196935e-02
0.000000000000000000e+00 1.102900643938442005e-01 1.259865354442816776e-01 0.000000000000000000e+00 8.199930796141903511e-02 0.000000000000000000e+00 6.788490012270589902e-02 1.289829976280272572e-01 8.985993088605814805e-03 1.628534487079380255e-01 0.000000000000000000e+00 3.284943264065865592e-02 1.328856957041947215e-02 0.000000000000000000e+00 0.000000000000000000e+00 0.000000000000000000e+00 8.490040287709864526e-04 0.000000000000000000e+00 3.033505936188157087e-02 0.000000000000000000e+00 9.555488584100703398e-02 2.490370190447218149e-02 0.000000000000000000e+00 2.409439162789793996e-03 1.128266601431782978e-01
0.000000000000000000e+00 0.000000000000000000e+00 2.035995288305413320e-01 1.303164607922128737e-01 5.499247907905044364e-02 4.798578307540391982e-03 1.452230687058252839e-02 2.301162618601553800e-01 3.798923364051532033e-03 0.000000000000000000e+00 0.000000000000000000e+00 8.117924669653223124e-02 0.000000000000000000e+00 0.000000000000000000e+00 1.117259595128968774e-01 0.000000000000000000e+00 3.015117072564576020e-02 1.196243295413586608e-02 0.000000000000000000e+00 1.109328547479001142e-01 0.000000000000000000e+00 2.915626275514961695e-03 0.000000000000000000e+00 8.988169983239599828e-03 0.000000000000000000e+00
0.000000000000000000e+00 0.000000000000000000e+00 2.264347311750862235e-01 2.890602461067027021e-02 1.113798869124388025e-01 3.001604123563043208e-02 3.347970505196665777e-03 1.415783979803435788e-01 4.614555412096300879e-02 0.000000000000000000e+00 1.570421882650299000e-02 1.825320848458502898e-01 8.442017018754707433e-03 1.274714658754230344e-03 1.128428748408009073e-02 0.000000000000000000e+00 1.251900573643793466e-02 0.000000000000000000e+00 0.000000000000000000e+00 1.094512004802190713e-01 1.541059365031649531e-02 0.000000000000000000e+00 1.976596259289539401e-02 2.484084466294756571e-02 1.096646350291228048e-02
0.000000000000000000e+00 0.000000000000000000e+00 8.388078266576105141e-03 1.170780322094079201e-01 4.408030143917620290e-03 1.406304063354573558e-02 2.556192181931695173e-01 2.390886735789881090e-01 1.665705898973887655e-02 0.000000000000000000e+00 0.000000000000000000e+00 1.419407053647533078e-02 0.000000000000000000e+00 0.000000000000000000e+00 0.000000000000000000e+00 0.000000000000000000e+00 1.267574719021986596e-01 5.428732393713772697e-02 1.252105063924453809e-01 8.761264388905986786e-03 0.000000000000000000e+00 8.861403120212418480e-04 0.000000000000000000e+00 8.192117181618299021e-03 6.408973333853379070e-03
0.000000000000000000e+00 7.036417496199696888e-04 2.598793536902946899e-01 1.364729210694642751e-02 1.266252668518695612e-01 0.000000000000000000e+00 4.067624770501682835e-02 0.000000000000000000e+00 1.566742927129993745e-01 1.236880773904762421e-02 0.000000000000000000e+00 2.837231951516812067e-01 0.000000000000000000e+00 0.000000000000000000e+00 1.731510605254770949e-02 0.000000000000000000e+00 0.000000000000000000e+00 0.000000000000000000e+00 3.489262353407921011e-04 9.040329304798292234e-03 0.000000000000000000e+00 2.396109299005292313e-03 6.191991485795148020e-02 3.842445109598273487e-03 1.083907143328245032e-02
0.000000000000000000e+00 0.000000000000000000e+00 1.300286213816498060e-01 0.000000000000000000e+00 6.446763614275385912e-02 2.348256518796857858e-02 2.772430668753423921e-01 1.466371798867696363e-01 1.880572102164239801e-03 8.525757151166023836e-04 0.000000000000000000e+00 8.646559758699292469e-03 0.000000000000000000e+00 0.000000000000000000e+00 2.790861030255352773e-02 0.000000000000000000e+00 0.000000000000000000e+00 7.612364355285739133e-03 1.172697518854404763e-01 3.372731361260090238e-02 0.000000000000000000e+00 6.210908748596490753e-02 0.000000000000000000e+00 0.000000000000000000e+00 9.813409530768998912e-02
0.000000000000000000e+00 8.870242054799572229e-02 1.567969328522171857e-01 1.784950993793735785e-01 5.040153379413901680e-04 0.000000000000000000e+00 1.613684806736604693e-01 1.470585593277029812e-01 3.946537824523881077e-02 0.000000000000000000e+00 2.440746151356814383e-03 0.000000000000000000e+00 0.000000000000000000e+00 0.000000000000000000e+00 5.697752954251938257e-03 0.000000000000000000e+00 0.000000000000000000e+00 0.000000000000000000e+00 0.000000000000000000e+00 0.000000000000000000e+00 0.000000000000000000e+00 1.876739809355708680e-02 1.840734309896478607e-03 5.355989808659861184e-02 1.453025840402089597e-01
0.000000000000000000e+00 1.017786416678317235e-01 5.231724058915172143e-02 2.961781725518803591e-03 1.078658654035025144e-01 1.573126432114285017e-02 1.543071141547099900e-01 1.541798875383104395e-01 0.000000000000000000e+00 3.021551350946232242e-02 1.260797082740765934e-02 2.982420901512768119e-02 6.348288075491483398e-03 0.000000000000000000e+00 1.267983833646513236e-01 0.000000000000000000e+00 2.010199336876385568e-03 1.953457776819704506e-02 1.667793511695641142e-04 0.000000000000000000e+00 0.000000000000000000e+00 7.906805720806604765e-03 8.635652118361605845e-03 1.916816152613713686e-02 1.476416639861430902e-01
5.545500053004839315e-03 0.000000000000000000e+00 2.180067626784105150e-01 0.000000000000000000e+00 2.059772709942232216e-01 0.000000000000000000e+00 5.506189006344905379e-03 1.367967855875765470e-01 1.833107069633614986e-02 1.260530293514501923e-02 0.000000000000000000e+00 1.355551015371126711e-01 0.000000000000000000e+00 0.000000000000000000e+00 0.000000000000000000e+00 9.370136209105846270e-02 1.617513659038308932e-02 7.162379560196899253e-03 1.501395447964518244e-02 6.147313140060360614e-02 0.000000000000000000e+00 5.666555808584818055e-02 5.837341597727759013e-03 0.000000000000000000e+00 5.647152706382919940e-03
0.000000000000000000e+00 5.052314510338506287e-02 1.272615258714215325e-01 4.268961113796472528e-02 1.687793094839695057e-02 9.741665542542428131e-04 1.707024144385334008e-01 5.677086124070131884e-02 1.813906405790549348e-01 0.000000000000000000e+00 7.858314248327427989e-03 5.611565560127897145e-02 0.000000000000000000e+00 1.329626959676421562e-02 4.746115487026260349e-02 0.000000000000000000e+00 1.114918947170661923e-01 0.000000000000000000e+00 1.384489857533800078e-02 7.419667256398802813e-02 0.000000000000000000e+00 2.746251640399632876e-02 0.000000000000000000e+00 1.082327549265973098e-03 0.000000000000000000e+00
7.219605603321565049e-03 1.372727887591443721e-02 8.924438507626616945e-02 1.655803162019456732e-05 1.644476965430506088e-01 0.000000000000000000e+00 4.165468095597852499e-02 1.560114356868386454e-01 1.934150439344583866e-03 1.534973926898324514e-01 0.000000000000000000e+00 1.608563788653093532e-02 2.083854638375900320e-03 0.000000000000000000e+00 3.957015989464815475e-02 0.000000000000000000e+00 4.752647805718296370e-02 1.571802156813386503e-02 1.240075463857551880e-01 1.077337814221138168e-01 0.000000000000000000e+00 1.952133624509192270e-02 0.000000000000000000e+00 0.000000000000000000e+00 0.000000000000000000e+00
0.000000000000000000e+00 1.940702682255522962e-02 2.115513441508275541e-02 1.295108710704568344e-01 8.381297295939650616e-03 3.092247931685590447e-03 1.472117870415869112e-01 1.956219012067389740e-01 1.247917373926766132e-01 7.707978394008455081e-02 4.662990683878501241e-03 6.637112702837452693e-02 1.512434554806595848e-03 0.000000000000000000e+00 5.481393562567486027e-02 0.000000000000000000e+00 2.143323127160363765e-03 1.064865660981868974e-03 1.156895383434610597e-01 1.193336802332450007e-02 0.000000000000000000e+00 1.157860372750643511e-02 0.000000000000000000e+00 0.000000000000000000e+00 3.978026108024204990e-03
0.000000000000000000e+00 2.879033395310068126e-03 2.445053697006569632e-02 1.339016472661790913e-01 6.056129741722049604e-03 0.000000000000000000e+00 6.797242700174702112e-02 2.452157121110265167e-02 0.000000000000000000e+00 2.110334501589019862e-01 0.000000000000000000e+00 1.613669140775360056e-01 0.000000000000000000e+00 0.000000000000000000e+00 1.243547046387544208e-01 0.000000000000000000e+00 2.266255912958482777e-02 2.508470610004120971e-02 6.818498366268096024e-04 0.000000000000000000e+00 2.122082430341211412e-02 6.648894991648793273e-03 5.707185527089896071e-03 2.094862591129443771e-02 1.405089397389829853e-01
0.000000000000000000e+00 4.090083339239536375e-02 2.698632517476440978e-02 0.000000000000000000e+00 1.826095457031994343e-02 1.580595454599993330e-02 1.920536880693996711e-03 7.252279518074486453e-02 1.597321663000569048e-01 5.274255034150928008e-04 0.000000000000000000e+00 1.033695166745618628e-02 3.723504501054355435e-03 5.098435885965155526e-04 1.967758448159670492e-01 0.000000000000000000e+00 3.790424960759992534e-03 0.000000000000000000e+00 6.462931024098012532e-03 1.572008314105181534e-02 1.202139783268550283e-01 1.263447230551354751e-02 8.558869521954759474e-02 6.676100797950029753e-02 1.408252709212091669e-01
0.000000000000000000e+00 0.000000000000000000e+00 0.000000000000000000e+00 0.000000000000000000e+00 1.547341060605671725e-01 0.000000000000000000e+00 7.872401822997586451e-02 2.371183812203460084e-01 6.966482559179537626e-02 1.293438333689444775e-01 0.000000000000000000e+00 9.009072761768882609e-02 0.000000000000000000e+00 0.000000000000000000e+00 7.255919573213632373e-03 0.000000000000000000e+00 1.242218275047703296e-01 8.017742388171086865e-02 1.869334854571315027e-02 3.848272176450884415e-04 0.000000000000000000e+00 0.000000000000000000e+00 9.590761187629231327e-03 0.000000000000000000e+00 0.000000000000000000e+00
0.000000000000000000e+00 8.512298161251376574e-03 1.093651581683806745e-01 1.697095047747784191e-01 1.159945631511807504e-02 0.000000000000000000e+00 2.068454196892901276e-01 1.588517787931019165e-01 0.000000000000000000e+00 2.018069787829953558e-03 0.000000000000000000e+00 1.024701650948680633e-02 0.000000000000000000e+00 0.000000000000000000e+00 1.713588111060441272e-03 0.000000000000000000e+00 6.600283049225107168e-02 5.140733666291644188e-02 8.754738673579738617e-03 1.802411073450363443e-02 0.000000000000000000e+00 0.000000000000000000e+00 2.457265010440371367e-03 4.372181157254469847e-02 1.307696165434662772e-01
0.000000000000000000e+00 7.577747380496571879e-03 5.136006889127164854e-02 0.000000000000000000e+00 0.000000000000000000e+00 0.000000000000000000e+00 1.569933862455920870e-01 0.000000000000000000e+00 6.253473959573298269e-02 1.572872764091358400e-02 4.337719176852013192e-02 7.130669695509722628e-02 5.605766696097396612e-02 0.000000000000000000e+00 1.306768788741478893e-01 0.000000000000000000e+00 1.050912130274451739e-01 0.000000000000000000e+00 0.000000000000000000e+00 1.054286166592595386e-02 1.225652319819553818e-02 1.177355979022560442e-03 0.000000000000000000e+00 1.414592149336724169e-01 1.338597268829924136e-01
9.071762964642075128e-03 1.118873616408187915e-01 1.488833597481390159e-01 0.000000000000000000e+00 9.937239906048381255e-02 3.154214677413426371e-03 1.655810375876965168e-01 2.275272266200781268e-02 1.283496101685424606e-02 0.000000000000000000e+00 0.000000000000000000e+00 1.244530109065852680e-01 5.437605639302202191e-03 0.000000000000000000e+00 1.588948298003541038e-02 0.000000000000000000e+00 0.000000000000000000e+00 1.019057859156807799e-01 1.271157968801407689e-02 5.913175248938516010e-02 0.000000000000000000e+00 0.000000000000000000e+00 0.000000000000000000e+00 9.324734726776678917e-02 1.368561575517457732e-02
1.519584352570264689e-02 2.692753612515991213e-02 2.200834104249115714e-02 1.020425572284906031e-03 3.804059096454723982e-02 0.000000000000000000e+00 6.455989730221976808e-02 1.205624528938428752e-01 2.900036418099288110e-02 1.404624230751962480e-02 9.022597452629220818e-03 8.318647617560399887e-02 0.000000000000000000e+00 0.000000000000000000e+00 2.500969716868768344e-01 0.000000000000000000e+00 1.239493354986637291e-01 3.162614417401436034e-02 4.331137883663840546e-03 2.200549523761313395e-03 6.198240059189627851e-03 1.186454666782801046e-03 2.059756263757194297e-02 0.000000000000000000e+00 1.362428363264814035e-01
0.000000000000000000e+00 9.683679279596835859e-03 0.000000000000000000e+00 2.877983694460686109e-02 1.084785385941346852e-01 0.000000000000000000e+00 1.672334751915510176e-01 1.744938304112749472e-01 1.686851479533857780e-04 2.877513486879398896e-02 0.000000000000000000e+00 5.825190418974115353e-02 0.000000000000000000e+00 2.455779299470747194e-03 1.826450100951874378e-01 0.000000000000000000e+00 4.174512185207892440e-02 5.966730099036186320e-03 0.000000000000000000e+00 0.000000000000000000e+00 0.000000000000000000e+00 0.000000000000000000e+00 9.469119892851428008e-03 9.581394497595333015e-03 1.722717596361271475e-01
9.552972878157603778e-03 1.410596189355188892e-02 9.543708514694865253e-02 8.294062506117753225e-03 7.570915605690684350e-03 0.000000000000000000e+00 1.714381963638971287e-02 2.033017610678344300e-01 5.210083686327037639e-02 1.248271197934459065e-01 0.000000000000000000e+00 7.239223330202439535e-03 2.580800635700151308e-02 0.000000000000000000e+00 8.285014234770056440e-02 0.000000000000000000e+00 1.215921942957574053e-01 1.612929819898946404e-02 0.000000000000000000e+00 0.000000000000000000e+00 0.000000000000000000e+00 1.971180727556573822e-02 9.615955535151573044e-03 1.308244465821273295e-01 5.389439068609696432e-02
0.000000000000000000e+00 4.409846981468480524e-03 1.695335203165437288e-01 3.770010552906993828e-02 2.035796735395426493e-01 0.000000000000000000e+00 1.642751696998664135e-01 1.729975532965839996e-03 1.537942205132581015e-02 0.000000000000000000e+00 0.000000000000000000e+00 0.000000000000000000e+00 8.744603975913178059e-04 0.000000000000000000e+00 0.000000000000000000e+00 0.000000000000000000e+00 0.000000000000000000e+00 3.449190551466507770e-02 1.877853015773897974e-02 9.778783823192081781e-02 0.000000000000000000e+00 4.279446896134923850e-02 1.131750717194720257e-01 8.812866858551578197e-02 7.361342780964087555e-03
1.306362053584624039e-02 0.000000000000000000e+00 1.238867247129285115e-01 3.589859885840305381e-02 1.054556155186070626e-01 7.343502222511988364e-02 1.361843550896648103e-01 2.528729108760778208e-02 1.706101051308100362e-03 6.156699356022567182e-02 0.000000000000000000e+00 3.707545593526750342e-03 9.354555109724835629e-03 0.000000000000000000e+00 8.669095791452167618e-03 5.348509232461835143e-04 1.126005906163099479e-01 0.000000000000000000e+00 1.798637881390644302e-02 2.245249383200732460e-02 0.000000000000000000e+00 8.749359586066242367e-02 1.330314211866115426e-01 2.078093481571898285e-03 2.560705615126944446e-02
6.928034089876904111e-03 1.434551027221164961e-02 3.342486390241659281e-04 0.000000000000000000e+00 1.696988440784394925e-01 6.175603405917477577e-03 1.009162895179149394e-01 0.000000000000000000e+00 1.654656969923213872e-01 4.344369196045993510e-03 0.000000000000000000e+00 2.994317798264554270e-02 0.000000000000000000e+00 0.000000000000000000e+00 1.824152835391288918e-01 0.000000000000000000e+00 0.000000000000000000e+00 0.000000000000000000e+00 6.919107255039971642e-04 4.954564069276378747e-03 0.000000000000000000e+00 8.363827612662697378e-03 3.142134905371123110e-02 1.204791836125948812e-01 1.535221072127244957e-01
0.000000000000000000e+00 0.000000000000000000e+00 4.705657432875860746e-02 0.000000000000000000e+00 3.759151930388232588e-02 3.722981704382630121e-03 7.140595221219063482e-02 0.000000000000000000e+00 1.365824148009028849e-01 1.561034699621426380e-01 6.550784700842073038e-02 7.312606378698997822e-02 0.000000000000000000e+00 0.000000000000000000e+00 2.109649032230190985e-02 0.000000000000000000e+00 1.975183043899546471e-03 0.000000000000000000e+00 1.215826845149628743e-01 3.722310195270712302e-03 3.356684358251753320e-02 1.426795774590056479e-02 1.409489993806964936e-01 0.000000000000000000e+00 7.174270810678001764e-02
0.000000000000000000e+00 0.000000000000000000e+00 1.181918718321831180e-01 5.281366447823042549e-03 1.218541724134926049e-02 6.724894339174283808e-02 1.787389513363813187e-01 1.512545290607785198e-01 3.936721194001926299e-02 0.000000000000000000e+00 0.000000000000000000e+00 1.293023437355106386e-02 0.000000000000000000e+00 0.000000000000000000e+00 1.177997428678645014e-01 0.000000000000000000e+00 1.199071237180000526e-01 0.000000000000000000e+00 2.634878473843375521e-02 0.000000000000000000e+00 2.316766865484844520e-02 1.221452749497159151e-01 0.000000000000000000e+00 0.000000000000000000e+00 5.432879447308868598e-03
0.000000000000000000e+00 0.000000000000000000e+00 0.000000000000000000e+00 4.067836709467892442e-02 8.897923453704038171e-03 1.311541105934975748e-01 4.835159361707445924e-02 1.836494562708279252e-02 1.405347855975407345e-01 9.807407198092624526e-04 0.000000000000000000e+00 2.084039795100713355e-01 0.000000000000000000e+00 1.226784332635452203e-02 3.005760618801391754e-02 0.000000000000000000e+00 0.000000000000000000e+00 6.826889005704610269e-02 0.000000000000000000e+00 4.794070460926280752e-03 1.753504676778211728e-03 8.283228920622873193e-03 0.000000000000000000e+00 1.365385790620570194e-01 1.406698310947419595e-01
0.000000000000000000e+00 0.000000000000000000e+00 1.009294898182498956e-01 3.872188725998913089e-02 1.438687935517411198e-01 0.000000000000000000e+00 1.077890039053900073e-01 1.679399131979902593e-01 7.323896924797066062e-03 7.784723705260320967e-03 0.000000000000000000e+00 3.323012132796435841e-02 0.000000000000000000e+00 0.000000000000000000e+00 0.000000000000000000e+00 0.000000000000000000e+00 8.502668906172360097e-02 1.574424978282997767e-01 0.000000000000000000e+00 2.417882853187395837e-03 0.000000000000000000e+00 2.066645147620769021e-02 0.000000000000000000e+00 1.268586490891993324e-01 0.000000000000000000e+00
0.000000000000000000e+00 0.000000000000000000e+00 4.001550496446729804e-02 0.000000000000000000e+00 1.766587800738320391e-01 0.000000000000000000e+00 1.442254306996275659e-01 1.504911183602624936e-01 8.282133817043715136e-04 2.773197613525891364e-02 0.000000000000000000e+00 5.898176417941555782e-02 0.000000000000000000e+00 0.000000000000000000e+00 0.000000000000000000e+00 0.000000000000000000e+00 0.000000000000000000e+00 7.640786173663136061e-02 7.113669699787295367e-03 2.030270970275653217e-02 0.000000000000000000e+00 0.000000000000000000e+00 1.265730577100704357e-02 1.495076717165415014e-01 1.350779935787078945e-01
2.132485608121021791e-03 0.000000000000000000e+00 2.070933195199718344e-02 2.007713993548615114e-02 1.585404547959102517e-01 1.399386195431303812e-02 1.165816749149245907e-01 0.000000000000000000e+00 1.362412208862478491e-01 1.510553267488813113e-02 0.000000000000000000e+00 1.643740360225641184e-01 3.754670177484074889e-02 1.029660885883258804e-05 1.299931220989710146e-01 2.567288494367782423e-03 0.000000000000000000e+00 1.236156092545498408e-02 6.876806114678109955e-03 2.571462272716346954e-03 0.000000000000000000e+00 0.000000000000000000e+00 0.000000000000000000e+00 5.807341565366264807e-03 1.545096814002937524e-01
4.799879617127027383e-03 1.134434203289248592e-02 1.111970440533995158e-01 1.164103046378117956e-01 2.589289886038128111e-03 0.000000000000000000e+00 3.725193318991555647e-02 1.325975790868714199e-01 0.000000000000000000e+00 2.870548768917399046e-02 0.000000000000000000e+00 1.535582085674207231e-01 0.000000000000000000e+00 0.000000000000000000e+00 9.142288598347561579e-02 0.000000000000000000e+00 4.824337033244668026e-03 2.396481847725379696e-03 2.377928708532342245e-03 3.202285742987019679e-02 0.000000000000000000e+00 5.504811604698115618e-02 9.051193426024817246e-02 1.229413899292719214e-01 0.000000000000000000e+00
0.000000000000000000e+00 4.569019634871517022e-02 8.951881083068655154e-02 4.557507603770871024e-02 1.076675704639593334e-01 0.000000000000000000e+00 6.300590882266640658e-02 1.543864082929440329e-01 5.744102043358598024e-03 3.358359391041858179e-03 0.000000000000000000e+00 1.469446277319540750e-01 0.000000000000000000e+00 0.000000000000000000e+00 2.780291906573846561e-02 0.000000000000000000e+00 0.000000000000000000e+00 6.453935356789976957e-03 1.264025303278288326e-01 3.023214411630907941e-03 0.000000000000000000e+00 1.194862226356378267e-02 5.382276610995257067e-03 0.000000000000000000e+00 1.570954420004181673e-01
0.000000000000000000e+00 0.000000000000000000e+00 1.291046677622502969e-01 2.036780168785801148e-01 1.253943782329363819e-03 1.844265500395613488e-01 2.161255349376557666e-02 0.000000000000000000e+00 1.252825963076585267e-02 1.374669936260525804e-01 0.000000000000000000e+00 1.627668756508981324e-02 0.000000000000000000e+00 0.000000000000000000e+00 6.898370543321586529e-03 0.000000000000000000e+00 0.000000000000000000e+00 0.000000000000000000e+00 1.075065076406209012e-02 3.470121348208442171e-04 5.302181813129210226e-03 0.000000000000000000e+00 0.000000000000000000e+00 1.334106524504869440e-01 1.369434595157843770e-01
0.000000000000000000e+00 0.000000000000000000e+00 8.524956734107521500e-03 1.531729150678251897e-02 1.481653130887298220e-01 1.789591827560162510e-02 5.431926806814674907e-02 1.650476912053817913e-01 1.265954097298397363e-01 3.028040693543826781e-02 0.000000000000000000e+00 2.275642328943010828e-01 0.000000000000000000e+00 0.000000000000000000e+00 2.509143492141024945e-02 0.000000000000000000e+00 9.441817321542204933e-02 2.554787515187365628e-03 5.941348219502368827e-02 0.000000000000000000e+00 0.000000000000000000e+00 6.726680669062288717e-03 0.000000000000000000e+00 0.000000000000000000e+00 1.808495304556518787e-02
