0.000000000000000000e+00 1.216274787983862848e-01 0.000000000000000000e+00 1.630075764696680904e-02 4.916745749392690407e-03 8.910652464475640744e-02 0.000000000000000000e+00 1.676929540785567765e-03 1.563052278744697654e-01 0.000000000000000000e+00 0.000000000000000000e+00 6.193447576020483930e-02 1.690622279595308669e-02 8.203445315605600863e-03 3.966440904347493662e-02 3.383807578716790943e-02 1.526927582306671430e-02 1.560376129732857775e-01 1.558540710173350607e-01 1.223587472291483985e-01
3.152494054674651047e-02 0.000000000000000000e+00 2.955105071013711809e-02 2.880952718428008152e-01 0.000000000000000000e+00 4.852815916976540439e-02 9.554377918277807274e-03 2.074107690037913232e-01 0.000000000000000000e+00 2.688332237603991478e-03 0.000000000000000000e+00 1.291324898414853151e-01 0.000000000000000000e+00 6.729827343282740459e-02 0.000000000000000000e+00 0.000000000000000000e+00 0.000000000000000000e+00 9.181791646477316035e-03 4.999943564056392314e-02 1.270351080095230289e-01
3.891598613831048076e-02 1.269981874423429524e-01 1.291118112721117636e-02 1.321118024084225011e-02 1.500899318611278177e-01 1.355457879871400928e-01 1.375310650871659490e-01 9.495917860294092461e-03 1.140447040867737481e-02 1.084219140292363714e-01 0.000000000000000000e+00 4.344962438522228382e-02 2.127647994223214739e-02 6.215913364966358344e-03 3.375885207604125554e-02 0.000000000000000000e+00 2.616518033154155605e-03 0.000000000000000000e+00 0.000000000000000000e+00 1.481569900160352449e-01
0.000000000000000000e+00 1.256004179324464176e-01 0.000000000000000000e+00 1.980042217630708923e-01 0.000000000000000000e+00 2.150903504066989380e-02 1.226806339318538136e-01 1.908374934741841750e-02 1.426929831421108741e-01 4.499724001111978650e-02 0.000000000000000000e+00 1.053729827888754966e-01 2.329659424811228799e-02 0.000000000000000000e+00 7.060884810017683047e-03 0.000000000000000000e+00 0.000000000000000000e+00 6.182047570213111080e-04 1.668383422869811339e-01 2.224470994030207024e-02
3.116984746330350373e-02 3.859372100237965647e-02 0.000000000000000000e+00 3.484724644568303054e-02 7.128986029337666674e-02 1.281063696789153661e-01 0.000000000000000000e+00 1.223847010845390271e-01 0.000000000000000000e+00 0.000000000000000000e+00 5.247160744901646287e-03 6.406868864568322774e-02 3.385623471039566224e-03 1.961813540868308225e-03 1.056800740765858303e-02 1.027841170967773998e-01 4.951678961298840165e-03 1.507962258927280502e-02 2.090428049499088448e-01 1.565187366243935563e-01
1.279454786160223040e-02 1.200651839103908103e-01 0.000000000000000000e+00 1.076090215164148406e-01 2.341778053752840982e-02 3.993949096847180386e-02 0.000000000000000000e+00 4.392766559088390199e-02 1.226095869451702680e-01 3.539225461356840241e-02 0.000000000000000000e+00 2.097129719648051227e-01 4.958899701778263225e-02 5.648355109004425667e-02 1.373027987868359612e-02 1.232539104347492309e-01 3.639167452255847451e-02 0.000000000000000000e+00 0.000000000000000000e+00 5.083083147346058490e-03
9.977906291579503872e-02 9.323683653440094365e-02 0.000000000000000000e+00 5.946253052029834563e-02 2.712531093433499102e-02 2.144652176034830271e-01 0.000000000000000000e+00 1.146773693897801955e-02 4.409160962839429876e-02 0.000000000000000000e+00 0.000000000000000000e+00 2.035785680351593838e-02 6.578902243753639856e-02 6.344412125250199763e-02 0.000000000000000000e+00 0.000000000000000000e+00 1.552339297275442676e-01 0.000000000000000000e+00 1.455467647032166745e-01 0.000000000000000000e+00
0.000000000000000000e+00 1.372215719143567991e-01 4.089723353492302760e-02 1.186010490980021204e-01 1.444985265198219793e-01 1.296443223386280763e-01 4.709650075480206061e-02 9.779492275597885531e-03 2.633236201375568908e-02 0.000000000000000000e+00 2.623469469247213370e-03 1.736808867790769206e-02 3.606981814175714424e-02 2.743117304494617492e-02 0.000000000000000000e+00 2.376839373839846961e-02 1.411150107323051461e-01 7.920977433879783716e-03 7.611363441561634635e-02 1.351837589605430108e-02
0.000000000000000000e+00 1.727898572800738372e-02 0.000000000000000000e+00 1.548366635485864673e-01 1.657872071154190274e-01 2.319506506380446809e-01 0.000000000000000000e+00 0.000000000000000000e+00 1.044540917577583411e-01 0.000000000000000000e+00 0.000000000000000000e+00 0.000000000000000000e+00 5.576105216721689850e-02 2.461982021112502084e-02 3.173829254152820550e-02 0.000000000000000000e+00 6.439010087813480665e-02 1.082595811570543146e-02 1.383571772984736603e-01 0.000000000000000000e+00
3.602880111080648817e-02 1.351612843075715165e-01 2.419231910381760761e-02 6.866508610602316265e-02 1.661599867726520352e-01 2.272703822971558138e-02 3.372074357609119305e-02 5.119110688917568458e-03 7.546168245818971054e-02 0.000000000000000000e+00 0.000000000000000000e+00 1.236897084776496653e-01 9.772709807926674430e-03 1.558497802674297661e-01 1.369146804086108504e-01 6.537068684598072721e-03 0.000000000000000000e+00 0.000000000000000000e+00 0.000000000000000000e+00 0.000000000000000000e+00
3.223121979793041464e-02 0.000000000000000000e+00 0.000000000000000000e+00 1.270188263007362428e-01 4.018921146221497015e-02 0.000000000000000000e+00 5.506290449938516102e-02 1.457435740135296261e-02 0.000000000000000000e+00 0.000000000000000000e+00 0.000000000000000000e+00 1.520636658618206016e-01 1.836687668529816408e-01 3.356906848048166886e-02 4.300788157900686803e-02 0.000000000000000000e+00 2.774206595364294217e-02 1.764770332312021184e-01 1.143949985792442614e-01 0.000000000000000000e+00
5.590840277792125806e-02 8.997107061457090826e-02 0.000000000000000000e+00 0.000000000000000000e+00 0.000000000000000000e+00 2.748053677019334992e-02 1.647454214246974191e-01 1.589628882886081895e-01 0.000000000000000000e+00 9.016778463580834777e-03 0.000000000000000000e+00 1.373391441516579048e-01 5.758159121942955233e-02 4.860404162008497703e-02 3.314713308338820830e-02 1.274992328802591335e-01 4.883735779717573652e-03 0.000000000000000000e+00 7.668044267300433425e-02 8.179580252886439751e-03
9.481133205046126874e-03 1.158725653055974747e-01 0.000000000000000000e+00 1.311461863071565134e-02 0.000000000000000000e+00 1.565107840504496028e-01 8.662826482337017409e-02 1.708538289198324178e-01 2.322936749158660899e-02 1.052896008669485482e-02 3.054314024899747529e-02 1.533756787938270749e-01 7.251380623991417196e-02 8.063269325271887195e-03 2.123547810654036541e-02 0.000000000000000000e+00 1.280491047721560860e-01 0.000000000000000000e+00 0.000000000000000000e+00 0.000000000000000000e+00
9.897812764656610529e-02 1.857985703974669167e-01 0.000000000000000000e+00 1.467724323623832983e-01 0.000000000000000000e+00 1.702573263166368839e-02 0.000000000000000000e+00 2.734801552269253144e-03 0.000000000000000000e+00 0.000000000000000000e+00 0.000000000000000000e+00 1.374650855743803912e-01 1.678026954491640688e-01 6.347741549022986596e-02 1.567745871814078540e-01 1.958234406425746026e-03 5.530104424545010354e-03 1.568221288349775852e-02 0.000000000000000000e+00 0.000000000000000000e+00
5.563627613072643675e-03 1.449215598385485970e-01 1.359975353858476899e-01 2.651546777522958281e-02 0.000000000000000000e+00 1.252369244346607235e-02 0.000000000000000000e+00 1.198443492076503927e-02 6.421712557432557311e-02 0.000000000000000000e+00 2.229495870922237194e-02 9.609152950118886316e-02 0.000000000000000000e+00 1.013243514201850742e-01 1.448384293698792846e-01 1.544640436945061632e-03 5.647199423451534223e-02 2.281245256086113227e-02 0.000000000000000000e+00 1.528982002159477716e-01
0.000000000000000000e+00 1.469569113625983359e-01 6.000278958284456510e-03 1.767626804903963400e-01 1.503582132172843200e-01 1.908773421679675897e-01 0.000000000000000000e+00 1.630141012010315194e-02 0.000000000000000000e+00 1.400611135992664846e-01 0.000000000000000000e+00 3.643034503880192981e-02 0.000000000000000000e+00 0.000000000000000000e+00 0.000000000000000000e+00 0.000000000000000000e+00 9.057016502067690572e-03 0.000000000000000000e+00 1.271946885432296281e-01 0.000000000000000000e+00
1.081797871097956026e-01 0.000000000000000000e+00 0.000000000000000000e+00 0.000000000000000000e+00 7.163926316449788223e-02 1.786851195409889792e-01 0.000000000000000000e+00 1.518493344216787777e-01 3.515866898903251964e-02 0.000000000000000000e+00 7.446700185982652563e-03 8.609454082399667363e-02 0.000000000000000000e+00 3.802250850259465687e-02 0.000000000000000000e+00 2.266547283832439155e-03 1.311317600644483668e-02 0.000000000000000000e+00 5.751354218077886493e-02 2.500308117903760619e-01
4.060689580908539292e-02 1.796215175959279403e-02 0.000000000000000000e+00 0.000000000000000000e+00 0.000000000000000000e+00 2.973592362182074858e-02 0.000000000000000000e+00 6.857919393485489845e-02 1.984956698017474618e-04 0.000000000000000000e+00 0.000000000000000000e+00 1.080641051284275816e-01 8.669110069241871622e-03 7.763622464088462682e-02 3.464273550734302959e-02 0.000000000000000000e+00 3.773041023221738316e-02 0.000000000000000000e+00 2.408569197361183911e-01 3.353178338906117051e-01
9.398211968596027017e-04 1.435820437539453431e-01 0.000000000000000000e+00 3.613955300745905208e-02 1.423089731649184175e-01 0.000000000000000000e+00 1.172757531839179086e-02 0.000000000000000000e+00 0.000000000000000000e+00 0.000000000000000000e+00 0.000000000000000000e+00 2.193858902281724255e-01 2.547307683865105993e-03 1.945580924729899130e-02 1.419995395383028269e-01 2.300656964725827317e-03 1.338194967383894429e-01 6.310789978303467385e-02 1.231095818203239815e-02 7.037447519260409123e-02
6.618677483171937249e-03 1.314777957686389873e-02 1.797389991759826278e-02 0.000000000000000000e+00 2.106971100143457398e-01 2.760221377973589574e-01 3.560114380728841843e-02 7.658618409286397158e-03 5.178368289310284096e-03 0.000000000000000000e+00 0.000000000000000000e+00 4.478361242464156539e-02 3.779309010973447291e-02 0.000000000000000000e+00 1.425557075483667446e-01 0.000000000000000000e+00 6.341711742362273092e-03 1.523578538492528778e-02 2.824571223805838471e-02 1.521466452566872518e-01
0.000000000000000000e+00 1.300443339250443586e-01 0.000000000000000000e+00 3.041298660794925293e-02 0.000000000000000000e+00 0.000000000000000000e+00 1.294169712373137437e-02 1.460207751180374047e-01 0.000000000000000000e+00 1.693512493932488542e-03 7.842160289303398008e-04 1.586130649995933506e-01 1.895529290921289245e-01 1.004539274212563199e-01 6.692154235875678869e-02 0.000000000000000000e+00 0.000000000000000000e+00 0.000000000000000000e+00 0.000000000000000000e+00 1.625610148306395053e-01
0.000000000000000000e+00 1.538064375252023441e-01 0.000000000000000000e+00 2.741528582443159695e-02 7.045514787353393538e-03 0.000000000000000000e+00 9.691844090229433106e-02 1.311511188981103748e-01 1.816680910262677695e-01 0.000000000000000000e+00 0.000000000000000000e+00 1.463642311166940269e-01 0.000000000000000000e+00 2.454421938750987395e-02 0.000000000000000000e+00 0.000000000000000000e+00 0.000000000000000000e+00 7.220121277560902218e-02 1.588854477565272982e-01 0.000000000000000000e+00
6.979123207039696075e-02 2.483556283111688912e-02 0.000000000000000000e+00 0.000000000000000000e+00 2.615061627848826002e-03 1.903863511605339010e-01 2.545757674122265182e-02 1.235859664871625380e-02 5.219505571858872039e-02 0.000000000000000000e+00 0.000000000000000000e+00 5.578094254835933713e-02 1.408396381787379026e-01 1.271424504131954125e-01 0.000000000000000000e+00 0.000000000000000000e+00 0.000000000000000000e+00 0.000000000000000000e+00 1.562462085957047331e-01 1.423513234655785498e-01
1.366215154441826653e-02 1.004168833377788589e-01 1.131238781439993235e-01 1.101162870926507102e-02 1.570885953175880367e-01 1.740168940811851472e-01 2.459983057485460797e-02 2.530992012969060859e-02 0.000000000000000000e+00 0.000000000000000000e+00 7.418407424202210160e-04 0.000000000000000000e+00 8.780767868874068960e-02 2.445581907753248060e-02 0.000000000000000000e+00 2.454743054641288225e-02 9.797987528124903200e-02 1.496589736459925414e-02 1.302716764602655231e-01 0.000000000000000000e+00
8.490189411865921298e-02 9.729133852618190512e-03 4.346479492093446167e-02 7.245361965660027104e-02 6.639333481399813759e-04 0.000000000000000000e+00 1.907537414392808939e-01 4.491561347600155074e-02 3.507017229386283266e-03 4.179819503126728955e-04 0.000000000000000000e+00 0.000000000000000000e+00 1.480041380623698943e-01 3.761837552814057198e-03 4.117783824921870950e-02 5.417996178147758274e-03 0.000000000000000000e+00 1.600864471230225849e-01 1.090279366111504555e-02 1.798412191813782979e-01
1.176217781392310952e-01 0.000000000000000000e+00 5.643646008337780545e-02 2.329220410287744999e-02 0.000000000000000000e+00 0.000000000000000000e+00 5.137282839474210938e-02 9.973650344739851126e-02 8.714411342494746138e-02 5.841129774595005264e-02 1.702380910395442926e-02 1.653368339107502416e-01 0.000000000000000000e+00 0.000000000000000000e+00 0.000000000000000000e+00 1.442851489388107845e-02 2.905132431392696279e-01 1.515274796007168474e-02 0.000000000000000000e+00 3.529665653548367740e-03
1.279842642739317804e-01 1.437281081309981501e-01 1.453326074154260780e-02 1.616041070720921347e-01 1.084946194249077588e-02 1.382129792677569413e-01 0.000000000000000000e+00 3.451782464653321836e-02 0.000000000000000000e+00 0.000000000000000000e+00 0.000000000000000000e+00 3.886938237655122169e-02 2.815824024657841498e-03 0.000000000000000000e+00 1.599368144729402530e-01 0.000000000000000000e+00 1.935829481129217652e-03 1.469245320400638655e-01 1.808761152931202473e-02 0.000000000000000000e+00
0.000000000000000000e+00 2.096026130347739339e-02 0.000000000000000000e+00 5.422349665569313124e-03 7.472664119820235373e-02 4.828465378714501266e-03 8.396840325843847597e-03 1.147777408941775407e-01 1.352033442901774130e-01 2.908850714048406491e-02 2.704871830721871165e-02 1.468726279357712439e-01 0.000000000000000000e+00 0.000000000000000000e+00 0.000000000000000000e+00 0.000000000000000000e+00 1.201146475486329981e-02 5.970116988372842215e-02 2.117325569137508412e-01 1.492293120080211144e-01
0.000000000000000000e+00 1.869762320503385034e-01 0.000000000000000000e+00 8.352716982442961666e-03 2.099747344638600022e-02 0.000000000000000000e+00 3.665608414351935462e-02 1.342447468598098881e-01 4.647507579483944190e-02 0.000000000000000000e+00 0.000000000000000000e+00 9.699301995203735149e-02 1.700969589657491121e-01 0.000000000000000000e+00 3.165971662884951854e-02 0.000000000000000000e+00 0.000000000000000000e+00 5.511877295630541324e-02 5.843762881626176492e-02 1.539915734034606742e-01
2.275708681539707207e-02 1.039564082787144961e-01 3.188884508715651711e-02 1.342044555795373351e-01 7.652022905261435248e-02 4.701217791436042293e-02 9.961462359901453179e-02 8.382333776602695838e-03 2.028920355864119451e-02 0.000000000000000000e+00 0.000000000000000000e+00 1.714964408548628749e-01 6.955426098179024602e-03 7.389980740654257529e-02 1.421647937615818924e-01 6.787693309725934161e-03 2.197125272659125952e-02 1.182183145208940377e-02 0.000000000000000000e+00 2.027739072838831424e-02
7.014676272205466745e-02 9.060075747904910992e-02 1.104253084080159264e-01 3.814356689797340078e-02 1.352618607734543954e-01 4.626908111757571662e-02 3.681330778017698202e-02 4.323090619922279054e-02 1.992546812876989665e-03 0.000000000000000000e+00 0.000000000000000000e+00 5.163468475550116177e-02 0.000000000000000000e+00 2.514963323544368301e-02 2.620757393835651886e-02 0.000000000000000000e+00 6.790364490631002614e-02 2.790174029517311638e-02 6.563759013714602630e-02 1.626810345416694614e-01
0.000000000000000000e+00 1.080873493058251700e-01 4.903936437975991297e-02 8.410512052595094101e-02 0.000000000000000000e+00 1.375191819311600838e-01 0.000000000000000000e+00 8.016715019100622772e-03 1.498946937472961094e-01 0.000000000000000000e+00 0.000000000000000000e+00 5.143728797840983052e-02 0.000000000000000000e+00 0.000000000000000000e+00 3.522992029930591823e-02 8.041407697929431331e-02 0.000000000000000000e+00 2.439562842286119651e-02 1.398071055491738324e-01 1.320535558618620986e-01
0.000000000000000000e+00 3.455066691109048155e-03 0.000000000000000000e+00 1.378039029891484774e-02 5.748701335122081979e-02 1.265432028146665222e-01 8.321871943564559601e-03 1.577823809555019552e-01 1.160798872795283099e-01 0.000000000000000000e+00 0.000000000000000000e+00 4.518401418709071943e-02 3.287099463824558893e-02 3.040443577618338455e-03 7.821055888149608393e-02 9.675216826199108111e-02 0.000000000000000000e+00 8.144028035655280148e-03 3.903670636450082276e-02 2.133112727188961055e-01
0.000000000000000000e+00 9.282098350465838033e-02 2.769349398403299009e-02 0.000000000000000000e+00 2.805745268543217708e-01 3.813594398087005038e-02 8.365732969854465517e-02 1.304866646349708004e-01 9.383203160887851335e-03 0.000000000000000000e+00 0.000000000000000000e+00 1.532205595816937549e-01 0.000000000000000000e+00 0.000000000000000000e+00 7.261281052013603132e-03 0.000000000000000000e+00 1.594931462377952303e-01 0.000000000000000000e+00 8.151974946930784852e-03 9.120892363280112825e-03
0.000000000000000000e+00 8.864207953574940180e-02 0.000000000000000000e+00 0.000000000000000000e+00 1.567233297514855350e-01 1.493371384793024670e-01 1.305943508668730435e-01 4.543424175081949706e-02 1.119544689386665764e-01 0.000000000000000000e+00 0.000000000000000000e+00 0.000000000000000000e+00 0.000000000000000000e+00 1.466990228786392292e-01 1.746031466266425441e-02 0.000000000000000000e+00 0.000000000000000000e+00 0.000000000000000000e+00 1.462630722366129454e-01 6.891980899186998105e-03
4.863702978510991287e-02 1.173382983421658171e-01 1.863069463760776167e-04 0.000000000000000000e+00 1.625139350699554563e-01 7.238416318744093914e-02 7.745177514934778636e-03 3.705624657521898718e-03 1.681888976308982819e-01 0.000000000000000000e+00 1.580430285139642829e-02 1.258487550605023875e-01 1.926975368449783746e-02 5.160927675042060320e-02 1.330934629460560903e-01 1.766239731563539958e-03 0.000000000000000000e+00 1.820706186267199642e-02 4.852741960516224889e-02 5.174294373325461112e-03
1.108425959826544668e-02 0.000000000000000000e+00 3.435930238061343008e-03 4.036046498992694985e-03 0.000000000000000000e+00 1.584032217830285139e-01 3.633618586457582067e-02 1.582272570523191868e-01 5.177291783597821884e-02 0.000000000000000000e+00 5.482079784275180334e-04 0.000000000000000000e+00 1.697692867575080200e-01 0.000000000000000000e+00 1.630860930077377702e-01 2.342625112843411267e-02 0.000000000000000000e+00 4.774251982535537495e-03 5.918369162039630559e-03 2.091817211120963194e-01
8.172882953311144671e-03 0.000000000000000000e+00 8.886055314586943643e-03 1.976384987371238456e-03 1.547667386204060747e-01 7.028460654213673775e-02 0.000000000000000000e+00 6.350113732032258707e-02 1.281028162498161760e-01 0.000000000000000000e+00 0.000000000000000000e+00 6.460453763947605378e-03 3.828333049989872394e-02 0.000000000000000000e+00 0.000000000000000000e+00 1.855060677022991530e-02 5.340138823090027041e-03 1.722204191512943516e-01 1.670555599108358158e-01 1.563988690927527736e-01
0.000000000000000000e+00 2.183117078073965392e-02 0.000000000000000000e+00 1.706205752409291898e-01 2.549294529385894847e-01 2.455153605204788980e-01 2.662538897419485309e-02 4.634169743073828646e-02 1.404934786022877255e-03 0.000000000000000000e+00 0.000000000000000000e+00 7.515480784039205164e-02 0.000000000000000000e+00 1.467361851190312171e-02 0.000000000000000000e+00 1.578170688727979082e-02 1.271212860887316054e-01 0.000000000000000000e+00 0.000000000000000000e+00 0.000000000000000000e+00
0.000000000000000000e+00 1.349100493528747613e-01 3.652479037045605614e-02 1.708216472057023233e-02 1.508826071325271856e-01 2.476095059839643689e-02 0.000000000000000000e+00 1.479022940293657148e-02 7.798325074344633623e-02 2.641080278327412410e-03 0.000000000000000000e+00 4.749838628495686721e-02 7.365586372724819419e-02 1.507054290141720265e-01 1.579504559426388177e-01 2.162984072446335129e-02 0.000000000000000000e+00 0.000000000000000000e+00 2.443680896481621734e-02 6.454809274216935511e-02
1.248526788424609429e-02 0.000000000000000000e+00 0.000000000000000000e+00 2.188424945820017509e-01 1.139691282298571466e-02 1.024384336025566666e-01 9.938114045599319088e-03 5.267672187205239831e-02 0.000000000000000000e+00 1.846088075552109777e-03 0.000000000000000000e+00 1.320760775246924701e-01 5.105377666331591124e-02 1.798210398054692896e-03 1.424413255804073686e-01 2.767628869188975757e-02 0.000000000000000000e+00 3.130039479638745126e-02 4.710741865937650291e-02 1.569224748008817283e-01
9.966029726202224603e-02 1.207635429287308437e-01 4.142311294014584810e-02 1.275035679071876149e-01 1.017846965936474585e-01 1.499155919625797251e-01 1.032304088573998829e-01 0.000000000000000000e+00 3.353583558138563403e-02 0.000000000000000000e+00 0.000000000000000000e+00 0.000000000000000000e+00 3.524449742808979241e-02 2.930447998022759487e-02 0.000000000000000000e+00 0.000000000000000000e+00 4.387492338681441700e-02 2.620239709060210448e-02 2.610336809854936838e-02 6.145327998261736896e-02
0.000000000000000000e+00 8.300647707696499900e-02 1.205037426624076258e-01 3.210952313423662274e-02 2.030312506650172599e-01 9.177499989294182758e-02 0.000000000000000000e+00 4.698768638048781560e-02 0.000000000000000000e+00 0.000000000000000000e+00 0.000000000000000000e+00 4.384861940846310202e-02 6.789372125881832851e-03 1.254387244745610308e-01 0.000000000000000000e+00 4.489691809820678045e-03 1.033107200038316381e-01 0.000000000000000000e+00 1.387091923653855918e-01 0.000000000000000000e+00
1.779253955402786830e-02 2.146305632655581552e-01 0.000000000000000000e+00 2.758142919853524833e-02 1.252947230702493829e-02 9.739551938870610534e-03 1.331915087695655087e-01 5.687766335219053560e-02 2.166515316823493589e-02 9.112313948749858547e-03 0.000000000000000000e+00 8.690563213016351193e-03 1.933096054321660207e-01 1.309953221970578882e-02 0.000000000000000000e+00 0.000000000000000000e+00 1.940604707522875227e-01 8.206289706899792466e-03 7.310959547197140584e-02 6.403747701195596810e-03
2.329960023888157788e-02 4.045868008452219861e-02 6.887134009972832073e-03 0.000000000000000000e+00 2.123362541543773740e-01 1.713859155471672835e-01 1.495548461300041654e-01 0.000000000000000000e+00 2.260515756707507859e-02 0.000000000000000000e+00 0.000000000000000000e+00 0.000000000000000000e+00 1.330489007506092339e-03 1.021613407882347030e-02 7.793162757072939241e-03 1.916077376378412869e-02 1.532183187896289829e-02 1.710698410991433049e-01 1.485801796827067034e-01 0.000000000000000000e+00
7.597235169533982091e-02 2.582134206121784736e-02 0.000000000000000000e+00 6.502669341382438795e-02 1.643069301625717515e-01 1.478978374496581760e-01 8.414216050184017415e-02 1.934515148665099660e-01 0.000000000000000000e+00 0.000000000000000000e+00 0.000000000000000000e+00 4.226457691947731882e-02 3.929708322164432444e-02 6.055702616629319440e-02 7.481265482183940829e-02 7.841065680736267847e-04 1.895935087486127699e-02 0.000000000000000000e+00 6.706371276848646472e-03 0.000000000000000000e+00
1.416977234165286287e-02 0.000000000000000000e+00 2.230081344276268335e-02 9.310660886789702551e-03 7.977218082541175093e-02 0.000000000000000000e+00 2.231791631362300687e-01 0.000000000000000000e+00 1.306798931039242495e-01 2.263929343164465188e-02 7.938011817878617288e-03 1.574620101154418361e-02 1.586530482039443524e-01 5.137293726579520575e-02 0.000000000000000000e+00 0.000000000000000000e+00 5.016571867961550774e-02 0.000000000000000000e+00 4.974105226346269004e-02 1.643312535893435566e-01
0.000000000000000000e+00 3.093901456657954796e-02 1.132061523648616660e-02 6.105776358933719811e-02 2.406614551682396408e-01 2.343591411638101252e-01 0.000000000000000000e+00 1.441879076339861593e-02 0.000000000000000000e+00 2.752242801283999452e-03 0.000000000000000000e+00 7.169575204518556510e-02 5.547770057334803356e-02 2.371642797813810002e-02 1.321188399019309623e-01 0.000000000000000000e+00 7.567355127526277647e-02 3.248116250932523569e-02 0.000000000000000000e+00 1.332754242767404326e-02
1.009889097524145803e-02 1.566705615851605726e-01 1.255996942932412729e-02 1.254540209524947769e-01 1.081625077303105878e-02 2.424181119632898979e-02 1.709129778650817985e-02 3.436818208646202216e-02 9.108889444533296853e-02 0.000000000000000000e+00 0.000000000000000000e+00 0.000000000000000000e+00 1.273313952468320964e-01 4.998862572951957156e-02 8.476008826669163831e-02 1.794812210545339987e-02 2.215457621972398983e-01 0.000000000000000000e+00 8.343325885332928890e-03 7.692801339046480107e-03
0.000000000000000000e+00 1.447776795787756882e-03 0.000000000000000000e+00 1.281595407996915792e-01 0.000000000000000000e+00 1.524649568904574981e-01 9.921968404182051737e-04 1.533953986013218002e-02 3.002119668481523923e-02 0.000000000000000000e+00 0.000000000000000000e+00 1.474730812037099159e-01 0.000000000000000000e+00 8.245016972125321364e-02 0.000000000000000000e+00 1.384522311713950148e-02 1.072678437517790573e-01 0.000000000000000000e+00 1.920303401298955603e-01 1.285081342049203268e-01
