0.000000000000000000e+00 1.688424589332518280e-04 1.222271428422710970e-01 7.568023765690350645e-04 2.580082720898974058e-02 0.000000000000000000e+00 5.828774835541666345e-03 0.000000000000000000e+00 0.000000000000000000e+00 2.180717248056039670e-03 9.249894679836287784e-03 4.804627689008366537e-02 0.000000000000000000e+00 1.282939972842729245e-02 3.578067236600601109e-01 0.000000000000000000e+00 1.675535852009352525e-03 1.288907849149751629e-02 0.000000000000000000e+00 1.138575923959650738e-01 0.000000000000000000e+00 0.000000000000000000e+00 7.744581984280160536e-02 8.542130537830117110e-02 1.238152661106570324e-01
2.696590946814351325e-02 1.105518447459444692e-01 5.071567032773104805e-02 0.000000000000000000e+00 0.000000000000000000e+00 1.341708490613921223e-01 0.000000000000000000e+00 0.000000000000000000e+00 1.953999567578986515e-03 7.871988743825631199e-03 0.000000000000000000e+00 4.350661235398133736e-02 3.209324651675470828e-05 0.000000000000000000e+00 2.881256898746231351e-02 0.000000000000000000e+00 3.875785341827057279e-02 1.074743808370999532e-01 0.000000000000000000e+00 1.307727925672786187e-02 0.000000000000000000e+00 0.000000000000000000e+00 1.007280535909430563e-01 1.451815370478932721e-01 1.901993593464889332e-01
0.000000000000000000e+00 4.846723091575332043e-02 0.000000000000000000e+00 1.680361358726734089e-02 8.212011477682214233e-02 1.287079346432171700e-01 1.681656851533309266e-02 1.372373378198454667e-02 0.000000000000000000e+00 6.918417457069097470e-03 0.000000000000000000e+00 0.000000000000000000e+00 0.000000000000000000e+00 0.000000000000000000e+00 6.008449864490737063e-02 1.259307169761867198e-03 0.000000000000000000e+00 4.808117231368129463e-02 6.794198237957481401e-02 1.699077733864228223e-01 0.000000000000000000e+00 5.335306517862471037e-02 1.360431466158898428e-01 1.497714406336904946e-01 0.000000000000000000e+00
2.361784693982491024e-02 2.857338607423074578e-02 3.715846395740013408e-02 0.000000000000000000e+00 1.273325554733915621e-01 1.315985823436565394e-01 8.184151453337017157e-02 0.000000000000000000e+00 8.069444303365674864e-02 1.556494920886794531e-02 0.000000000000000000e+00 7.841133396136772127e-02 0.000000000000000000e+00 0.000000000000000000e+00 1.648369102304481359e-01 0.000000000000000000e+00 0.000000000000000000e+00 0.000000000000000000e+00 4.292687444226972460e-02 0.000000000000000000e+00 0.000000000000000000e+00 1.746694097450408878e-02 6.408226208226410446e-03 1.459027138770181420e-01 1.766525874176694613e-02
6.167802976917683908e-03 1.158998780385681222e-02 0.000000000000000000e+00 8.632567432715072819e-02 0.000000000000000000e+00 0.000000000000000000e+00 1.093870454438211348e-01 5.204376639849144295e-03 1.877569517122479326e-03 6.749824636883962337e-02 5.142849634707729635e-03 1.409989900640455096e-01 2.028290509459663125e-03 0.000000000000000000e+00 2.935233662435460245e-01 0.000000000000000000e+00 0.000000000000000000e+00 9.240115691431965983e-02 0.000000000000000000e+00 4.807710147621781747e-03 0.000000000000000000e+00 0.000000000000000000e+00 0.000000000000000000e+00 1.644893111896998661e-01 8.557622219041993716e-03
0.000000000000000000e+00 1.301034811839670291e-01 5.293517062790225464e-02 1.545520588623739908e-02 1.099573735540760877e-01 0.000000000000000000e+00 5.228264134937095180e-03 0.000000000000000000e+00 5.937121783767668019e-03 1.262571703617278163e-01 0.000000000000000000e+00 1.552990408849526660e-01 1.890682064665407877e-03 0.000000000000000000e+00 2.071606157263813086e-01 9.727763688922368146e-02 9.871939610614201277e-03 0.000000000000000000e+00 0.000000000000000000e+00 8.162384883648789516e-03 0.000000000000000000e+00 0.000000000000000000e+00 1.757814839508611490e-02 2.075696397980541022e-03 5.481006761483186301e-02
0.000000000000000000e+00 0.000000000000000000e+00 1.957237852268722302e-03 0.000000000000000000e+00 1.326572945535241521e-01 1.536448373014162594e-01 1.138657026198846151e-01 0.000000000000000000e+00 1.836128922145758777e-02 1.865448161693377890e-02 0.000000000000000000e+00 5.646428500989513627e-02 9.656816814642414648e-03 0.000000000000000000e+00 2.987050108532301462e-01 0.000000000000000000e+00 0.000000000000000000e+00 0.000000000000000000e+00 8.589133082471953409e-03 4.389606998979647158e-03 0.000000000000000000e+00 7.538097717699837608e-03 1.559882584239630915e-02 1.119093766838732823e-01 4.800800383132608484e-02
1.178192833977283194e-01 1.756664565605393358e-01 0.000000000000000000e+00 2.126050921259980617e-02 4.110754574765144304e-02 0.000000000000000000e+00 1.507877439545448825e-02 0.000000000000000000e+00 0.000000000000000000e+00 1.349651886943402102e-01 0.000000000000000000e+00 5.900629679297566231e-03 2.154571712062202694e-03 0.000000000000000000e+00 1.939593507215503776e-01 2.537375233276746578e-03 1.130143486674095588e-01 3.261539666875688803e-02 1.106068551623741805e-02 0.000000000000000000e+00 0.000000000000000000e+00 1.061299597250607227e-02 2.395566105935369519e-02 0.000000000000000000e+00 9.829122676123583369e-02
2.217075474251265985e-02 0.000000000000000000e+00 1.217574401322796956e-02 0.000000000000000000e+00 2.690756687793366755e-02 0.000000000000000000e+00 1.717540688640839595e-04 2.474450477565141859e-02 3.033597589817116358e-02 5.167947508425259351e-02 0.000000000000000000e+00 1.545060980778045490e-01 7.084171955249371141e-03 0.000000000000000000e+00 2.541041756439506583e-01 0.000000000000000000e+00 1.287981031845676916e-01 8.720227628838532474e-02 0.000000000000000000e+00 1.953229008741508982e-02 0.000000000000000000e+00 1.160110399179927268e-02 1.336363492112963847e-01 2.112138066630738636e-02 1.422827543261065419e-02
0.000000000000000000e+00 8.273903812064127561e-02 8.393826298201265829e-03 7.874921144571399995e-03 0.000000000000000000e+00 0.000000000000000000e+00 1.568532502570265177e-02 2.268677263508680764e-01 6.716497112650385640e-03 2.545875243598581805e-03 2.730817556692750458e-03 1.797204772354388524e-01 0.000000000000000000e+00 0.000000000000000000e+00 1.136733018785139084e-02 0.000000000000000000e+00 1.209748798829071714e-01 4.689789886775737326e-02 8.370590497316893197e-02 6.139350150476412943e-02 0.000000000000000000e+00 7.856077445426497274e-02 2.547399733255285501e-02 0.000000000000000000e+00 3.835120870836790374e-02
0.000000000000000000e+00 0.000000000000000000e+00 1.550561990293858883e-01 7.498030434623675520e-04 1.197277137211942045e-02 5.685189829915244381e-03 2.618226012260280872e-02 1.474217868053261105e-01 2.000805047305366166e-02 5.772345015872722314e-03 0.000000000000000000e+00 1.706275206340930051e-01 5.069265086945788992e-03 0.000000000000000000e+00 1.495569183066830510e-01 0.000000000000000000e+00 3.785200153187332633e-02 8.547552358213467280e-04 0.000000000000000000e+00 1.187878439112820400e-01 0.000000000000000000e+00 9.252154288074555810e-02 2.983509520299749973e-02 1.223050315350088235e-02 9.816148364319356168e-03
0.000000000000000000e+00 1.958462948291046432e-02 4.244349110860354268e-02 0.000000000000000000e+00 1.229234637269647351e-01 0.000000000000000000e+00 7.114140335094520408e-03 1.481252853872967457e-01 3.148122124906613251e-02 5.476176825249928076e-02 0.000000000000000000e+00 3.958074387975080849e-02 0.000000000000000000e+00 0.000000000000000000e+00 3.253215077338496297e-02 0.000000000000000000e+00 1.455559724462570812e-03 8.895177296743761453e-02 1.268254230339747879e-01 1.308188307018817980e-03 0.000000000000000000e+00 1.010147360474410033e-01 1.101802786642061827e-01 3.530616123326812961e-02 3.641098582661981414e-02
3.264588539087001640e-02 1.123978190988827869e-01 2.308851705865751919e-02 2.245020637506649555e-02 1.190351260482454482e-03 0.000000000000000000e+00 5.686223162831935407e-02 1.453191470684849496e-01 1.202048650910499637e-02 5.739287774718225543e-02 0.000000000000000000e+00 1.599070843168724221e-01 1.347919245329633024e-02 0.000000000000000000e+00 1.677666757098784933e-02 0.000000000000000000e+00 0.000000000000000000e+00 0.000000000000000000e+00 2.909266904009869675e-02 2.150032784084419599e-02 0.000000000000000000e+00 4.090298853411860475e-02 1.045131713435408782e-01 1.973723166568027571e-02 1.307231450975099851e-01
3.131612818567260093e-02 1.549722316762348617e-01 0.000000000000000000e+00 1.788477426198508552e-02 2.616723553401493693e-02 8.989211659499061688e-03 1.594100970675389056e-02 8.071839122008791015e-03 1.156752936560332713e-02 1.030627114416640157e-02 3.392692747552376658e-04 2.900024748001158725e-01 3.213025663906370847e-03 0.000000000000000000e+00 7.764492740924265612e-02 0.000000000000000000e+00 1.924219042870700495e-03 9.613983676458405514e-02 1.462181462140506316e-01 4.300458537849487228e-03 0.000000000000000000e+00 4.902398889608979883e-03 8.293006701235217798e-03 3.895276719769701339e-03 7.791072932607191748e-02
0.000000000000000000e+00 3.537695165372166037e-03 1.392965683276489730e-01 0.000000000000000000e+00 8.340085276003673942e-02 0.000000000000000000e+00 2.410144973538342825e-02 1.419803888599631692e-01 5.182071080991800839e-03 5.880220700956410862e-02 0.000000000000000000e+00 1.905243590545902810e-01 0.000000000000000000e+00 0.000000000000000000e+00 2.682036075287925689e-02 5.755224226293760396e-03 9.933138011169772349e-04 1.297039626454281509e-02 4.750205336395525550e-03 1.104284337980309116e-01 0.000000000000000000e+00 2.990207770481623228e-02 8.952028144488208619e-03 1.304462413675166188e-01 2.215612661036902437e-02
2.107224754497359284e-02 0.000000000000000000e+00 9.899258383562621610e-02 4.166631690123730040e-04 1.285862861815160463e-01 0.000000000000000000e+00 1.947333014363579473e-02 1.794193195949018212e-03 0.000000000000000000e+00 0.000000000000000000e+00 0.000000000000000000e+00 1.614069375675938889e-01 0.000000000000000000e+00 5.542726708354829210e-03 1.503124137894747137e-01 0.000000000000000000e+00 7.038091861975641697e-03 8.440191258472734548e-02 0.000000000000000000e+00 6.953989326578180127e-03 0.000000000000000000e+00 1.111565855929484703e-01 2.938602303116340242e-02 1.360283925831815566e-01 3.743762288328894572e-02
8.907240567614145565e-02 0.000000000000000000e+00 3.219860971071542011e-02 2.047197614878822416e-02 1.627957263221674611e-01 2.652481859891515567e-02 1.783896217587508520e-02 1.433868068854491085e-01 0.000000000000000000e+00 1.683902950464364820e-02 2.613612045140541185e-02 0.000000000000000000e+00 0.000000000000000000e+00 0.000000000000000000e+00 1.717443660190822730e-01 0.000000000000000000e+00 6.561800604849835072e-02 1.014982732645479651e-03 1.270244882668055408e-01 3.235636779775853331e-03 0.000000000000000000e+00 7.815473183101989685e-02 0.000000000000000000e+00 1.209491652579460777e-03 1.673384119549212873e-02
0.000000000000000000e+00 1.078661830094976709e-01 9.288319566211314382e-02 9.404806975906214450e-02 6.677247911739966901e-02 6.907090653865288364e-04 0.000000000000000000e+00 1.862392600548454236e-01 0.000000000000000000e+00 1.267072540563483896e-02 0.000000000000000000e+00 7.822184145639735076e-02 3.759761196865858690e-02 0.000000000000000000e+00 3.357497208384559867e-02 0.000000000000000000e+00 0.000000000000000000e+00 5.234760645385454908e-03 1.260420433188407241e-01 9.553595048146065055e-03 1.327001052492773978e-03 1.120250964701983293e-01 3.473651895457133265e-02 0.000000000000000000e+00 5.159369275244311088e-04
3.510222415555226683e-02 1.076485325069216799e-02 0.000000000000000000e+00 9.828757189174372813e-03 1.172655805402686262e-02 1.673796493983872521e-02 4.091061030598246856e-02 1.451567317351144673e-03 0.000000000000000000e+00 5.233958212705813740e-02 0.000000000000000000e+00 1.403474757327954070e-01 2.413168362142957372e-03 0.000000000000000000e+00 1.948469452911384958e-01 0.000000000000000000e+00 1.707716538707560600e-02 9.680693213627575289e-02 2.710380803009972139e-02 0.000000000000000000e+00 5.295081518560846266e-03 1.337142430013383843e-01 4.202043669140199944e-02 2.661628410092767988e-02 1.348963424085670160e-01
0.000000000000000000e+00 1.182116317365329312e-03 1.364618213986748263e-01 2.115375439531442126e-03 0.000000000000000000e+00 0.000000000000000000e+00 5.612734398418652709e-02 9.964692768942143286e-02 7.707678449655340665e-03 1.223327829536292599e-01 0.000000000000000000e+00 1.742625508609372820e-01 0.000000000000000000e+00 6.203533821155981978e-04 1.446779359476495497e-01 9.626507769659861311e-03 2.041933856383872353e-03 0.000000000000000000e+00 0.000000000000000000e+00 0.000000000000000000e+00 3.334399428871340828e-03 0.000000000000000000e+00 9.175964436028952176e-02 1.587266294245138695e-02 1.322299652191774033e-01
4.444614439551289320e-02 2.897474371174397004e-02 2.874824377567921849e-02 0.000000000000000000e+00 2.402514318406132748e-02 1.364448521473591858e-01 2.919688013384404146e-02 0.000000000000000000e+00 6.620039881342880406e-02 1.087083178508213011e-01 1.005159957944633817e-03 1.324968550488135888e-01 0.000000000000000000e+00 1.354940167169943130e-02 1.561117583358822003e-01 0.000000000000000000e+00 0.000000000000000000e+00 0.000000000000000000e+00 2.498772970795153092e-02 1.129278144867914419e-01 0.000000000000000000e+00 0.000000000000000000e+00 4.290973340002016134e-02 0.000000000000000000e+00 4.926682337844641435e-02
9.805671029768665142e-03 3.739167635107330800e-02 2.283926644115724311e-02 0.000000000000000000e+00 4.087143818755577945e-02 0.000000000000000000e+00 0.000000000000000000e+00 0.000000000000000000e+00 0.000000000000000000e+00 1.492389818190458795e-01 0.000000000000000000e+00 2.139443468981121199e-01 0.000000000000000000e+00 2.620104483135408599e-02 2.547534314787497367e-01 0.000000000000000000e+00 1.266485855303208820e-02 7.640360096011455937e-02 0.000000000000000000e+00 0.000000000000000000e+00 0.000000000000000000e+00 0.000000000000000000e+00 1.258833900233568420e-02 5.810428590515629571e-02 8.519305854254458077e-02
0.000000000000000000e+00 3.967200680473197474e-03 1.419903693770608599e-01 0.000000000000000000e+00 0.000000000000000000e+00 1.336572592408944229e-02 6.485395866652102215e-02 7.039308894372376703e-03 0.000000000000000000e+00 0.000000000000000000e+00 1.230321192280560416e-02 2.952772312851719150e-01 0.000000000000000000e+00 1.425954769375848905e-02 1.512989477230654856e-01 0.000000000000000000e+00 1.127045274743384701e-01 0.000000000000000000e+00 5.464992000677842271e-02 1.051280513061343333e-02 0.000000000000000000e+00 1.420837463472396194e-02 1.514466469075803449e-02 1.390453057189834727e-03 8.703375283827932685e-02
0.000000000000000000e+00 0.000000000000000000e+00 1.843940826154290627e-02 0.000000000000000000e+00 1.877590358947679727e-02 2.242423146049295386e-03 1.232691421171835423e-02 1.461995641603537066e-01 1.743325328781648864e-02 4.567423794972809425e-02 0.000000000000000000e+00 2.926041277129949880e-01 1.385368977232306897e-03 0.000000000000000000e+00 6.401904382777856561e-02 0.000000000000000000e+00 0.000000000000000000e+00 1.875254017930910386e-02 1.383256175891955653e-01 0.000000000000000000e+00 0.000000000000000000e+00 2.824908263854629745e-02 9.926301358562146515e-02 8.247351663390571630e-02 1.383598424873028546e-02
0.000000000000000000e+00 3.767236793814911135e-03 1.360625289412191463e-01 5.584981105100125798e-02 0.000000000000000000e+00 1.403095093542576777e-01 0.000000000000000000e+00 0.000000000000000000e+00 0.000000000000000000e+00 3.529538947805079679e-02 0.000000000000000000e+00 5.260081328246334759e-02 0.000000000000000000e+00 5.793125036642074455e-03 2.755647575906302604e-01 0.000000000000000000e+00 1.195813254263330960e-02 0.000000000000000000e+00 0.000000000000000000e+00 1.071651199002825183e-02 0.000000000000000000e+00 4.295390989195160825e-02 3.456017344295078675e-02 5.248118345194217188e-02 1.420869171524144770e-01
4.800228951671621502e-02 1.180784805396981746e-01 0.000000000000000000e+00 0.000000000000000000e+00 1.497650843245975673e-02 0.000000000000000000e+00 2.191443692667739522e-03 6.398199989458913661e-02 4.384369233932448873e-03 4.843295860832654010e-02 0.000000000000000000e+00 1.530097642700902205e-01 0.000000000000000000e+00 0.000000000000000000e+00 4.050997327553728516e-02 1.043240887637957304e-01 1.023416815908572558e-03 2.511629784680632221e-02 2.396830058388943474e-02 7.225313545080330746e-02 0.000000000000000000e+00 3.769634450941080055e-03 1.111958591618819603e-01 1.320797714890632746e-01 3.270170797289283227e-02
8.306251274271148066e-02 0.000000000000000000e+00 2.389662287301022245e-02 0.000000000000000000e+00 1.121682083215725934e-01 0.000000000000000000e+00 3.791936884669518115e-02 1.728553467683284495e-01 1.854882426810646953e-02 7.240203224063906711e-04 2.505825724595945030e-03 2.142296688417155703e-02 0.000000000000000000e+00 0.000000000000000000e+00 2.452482157053208905e-02 0.000000000000000000e+00 1.303102155316709920e-01 0.000000000000000000e+00 2.340681387299562485e-03 7.209179321657858139e-04 0.000000000000000000e+00 1.902308635541916371e-01 5.023233643310334035e-03 1.502283300599417670e-01 2.351723956928953446e-02
2.281973514068715708e-02 1.928251994246594006e-02 2.161253465867875659e-02 0.000000000000000000e+00 2.494062255349754550e-02 0.000000000000000000e+00 9.412669460280198575e-02 1.678071885499438087e-02 2.339761245362221957e-03 2.560100718153962996e-03 1.944367619188485871e-02 5.902300567462196584e-02 0.000000000000000000e+00 0.000000000000000000e+00 2.501694779164281845e-01 0.000000000000000000e+00 1.148932574797311701e-01 0.000000000000000000e+00 7.928820975289835316e-02 5.614160604351376566e-02 0.000000000000000000e+00 3.819333141926878339e-02 1.415136277444055957e-01 3.687112006060532660e-02 0.000000000000000000e+00
0.000000000000000000e+00 0.000000000000000000e+00 2.996706133735277736e-02 0.000000000000000000e+00 5.091393181483522268e-03 1.323388733224601654e-01 0.000000000000000000e+00 5.324864647099135026e-03 1.179521768067588738e-01 1.480844544946578571e-02 0.000000000000000000e+00 1.702309684198525797e-01 3.863753229083757151e-02 0.000000000000000000e+00 9.731305869360867833e-02 0.000000000000000000e+00 0.000000000000000000e+00 1.168134306848608861e-01 1.500001698836658792e-02 0.000000000000000000e+00 0.000000000000000000e+00 0.000000000000000000e+00 0.000000000000000000e+00 1.459699375712558977e-01 1.105522406065975738e-01
3.258354879536505891e-03 0.000000000000000000e+00 5.952132961245744369e-02 0.000000000000000000e+00 1.292966401637994367e-01 1.533353235360068179e-01 3.122320573663396950e-02 0.000000000000000000e+00 1.102790983761789273e-01 0.000000000000000000e+00 0.000000000000000000e+00 1.162238544638250458e-02 0.000000000000000000e+00 0.000000000000000000e+00 1.286474564958779709e-02 0.000000000000000000e+00 1.507455528834746317e-01 1.106041552398191602e-01 4.125084047851720892e-02 0.000000000000000000e+00 0.000000000000000000e+00 1.377845164981155758e-02 1.466693765995215511e-02 1.498179208206238122e-01 7.735057867218083846e-03
0.000000000000000000e+00 1.882673718112586395e-02 4.117753706757502213e-02 0.000000000000000000e+00 4.927373216406175094e-02 1.471846684415905049e-01 4.067628930698215933e-02 0.000000000000000000e+00 4.925810744290013386e-03 2.328570212449395521e-02 0.000000000000000000e+00 1.210537321537914351e-01 0.000000000000000000e+00 0.000000000000000000e+00 4.933384149907369363e-03 2.888629775841709216e-06 1.227785326436623831e-01 1.040490948538461136e-02 1.737321412630177808e-01 3.503568328905684679e-03 0.000000000000000000e+00 5.464577565921297647e-03 1.521928718215617704e-02 9.412792074851199231e-02 1.234285808188461814e-01
0.000000000000000000e+00 1.659314861131616289e-02 9.259899252473577369e-02 0.000000000000000000e+00 3.864240197636566176e-02 0.000000000000000000e+00 1.131353566764797813e-01 1.768115479626623521e-01 8.003147048879592773e-02 2.362666701252348622e-02 0.000000000000000000e+00 1.597727494432737705e-01 3.664431598213576335e-04 0.000000000000000000e+00 4.243857209484868526e-02 0.000000000000000000e+00 0.000000000000000000e+00 0.000000000000000000e+00 4.174458250618012095e-02 1.821288070682672722e-03 0.000000000000000000e+00 9.668816433159062654e-03 4.320459236541748793e-02 1.595433706737378055e-01 0.000000000000000000e+00
0.000000000000000000e+00 0.000000000000000000e+00 3.827760887073716062e-03 0.000000000000000000e+00 1.810221833777254236e-02 0.000000000000000000e+00 7.112683861174705358e-02 0.000000000000000000e+00 0.000000000000000000e+00 8.064114069262751094e-02 0.000000000000000000e+00 1.821793256513488946e-01 0.000000000000000000e+00 3.226570374414336993e-03 1.539319153967347864e-01 1.129086691371152494e-02 0.000000000000000000e+00 0.000000000000000000e+00 1.519528068615401684e-01 3.151652398079623964e-03 0.000000000000000000e+00 1.049828104051778038e-01 5.268104393848117330e-03 1.744613893946845851e-01 3.585659968123941499e-02
0.000000000000000000e+00 1.209565054454643657e-01 1.196040774311559196e-01 2.164429173659311936e-02 3.246728799438689667e-02 0.000000000000000000e+00 0.000000000000000000e+00 4.361747611772340966e-02 0.000000000000000000e+00 1.213728738815772895e-01 0.000000000000000000e+00 1.907666464864804790e-01 0.000000000000000000e+00 0.000000000000000000e+00 5.895970549297786800e-02 0.000000000000000000e+00 0.000000000000000000e+00 7.474643459888287607e-03 0.000000000000000000e+00 0.000000000000000000e+00 0.000000000000000000e+00 7.650640721024682019e-03 1.066015071983374973e-01 1.406962913719973507e-01 2.818805266239285054e-02
4.855036369431935117e-02 2.005514976388480253e-01 1.437238490554380577e-01 0.000000000000000000e+00 2.036905891539642077e-02 6.636200142263927459e-02 0.000000000000000000e+00 1.126770264315261200e-02 0.000000000000000000e+00 7.272438307131433126e-03 0.000000000000000000e+00 1.828324638002863656e-01 0.000000000000000000e+00 0.000000000000000000e+00 1.183416211533405704e-02 1.521041612141429272e-02 8.007957514744167005e-02 0.000000000000000000e+00 0.000000000000000000e+00 2.087578454692779265e-02 0.000000000000000000e+00 0.000000000000000000e+00 1.518082468108938356e-02 1.589048284682716417e-01 1.698503344230960915e-02
9.380317660319874296e-02 3.843692969045070431e-03 1.184258745604236870e-03 0.000000000000000000e+00 1.326582427624996008e-01 0.000000000000000000e+00 8.179632708675531327e-02 8.973275839780359142e-03 2.492117225213371159e-02 2.105796244754761654e-02 2.553107765268712234e-02 1.765665559180033817e-01 1.200324351802954138e-02 0.000000000000000000e+00 1.582497792587155838e-01 0.000000000000000000e+00 1.125305504376874349e-02 2.218357037742598944e-02 1.651861076658410130e-02 1.120529971060597700e-02 0.000000000000000000e+00 0.000000000000000000e+00 1.556035295706709350e-02 7.356247399603992911e-03 1.753340986909438792e-01
1.048439220682955975e-01 1.231985641258745295e-01 2.438057563286670851e-02 1.877777448409218789e-04 0.000000000000000000e+00 0.000000000000000000e+00 0.000000000000000000e+00 1.526269398298774616e-01 8.468924560735708804e-03 0.000000000000000000e+00 0.000000000000000000e+00 0.000000000000000000e+00 0.000000000000000000e+00 0.000000000000000000e+00 4.200072756999866097e-02 0.000000000000000000e+00 1.380886063169287636e-01 2.631782210912184117e-02 1.887828811879984064e-03 7.339161930508457908e-03 0.000000000000000000e+00 0.000000000000000000e+00 1.950418055914797111e-01 1.585051189123142801e-01 1.711222479527740523e-02
0.000000000000000000e+00 1.505460455002056649e-02 1.215980692985015044e-01 0.000000000000000000e+00 0.000000000000000000e+00 1.596237406027913586e-01 2.024328157861854730e-02 0.000000000000000000e+00 1.506444871645259628e-02 1.139926354397009511e-01 0.000000000000000000e+00 1.389518167082007816e-01 0.000000000000000000e+00 0.000000000000000000e+00 1.729635563346720861e-02 0.000000000000000000e+00 0.000000000000000000e+00 0.000000000000000000e+00 4.211031765744804867e-02 1.482338023197679079e-02 0.000000000000000000e+00 1.123107949842272885e-01 7.909352128306088026e-02 1.480392293132852533e-01 1.797804002248160711e-03
1.917052861253356819e-02 0.000000000000000000e+00 3.698024595687732230e-02 0.000000000000000000e+00 6.734348582042803955e-03 6.052756179162290320e-03 5.177671306031839116e-02 6.800464206270447108e-04 9.197177835893591280e-02 4.689065894278159757e-02 2.563897442903311126e-03 5.303651344687737579e-02 4.836404262551422103e-04 0.000000000000000000e+00 1.571342762618546662e-01 6.804928100245647739e-04 1.232344185841582722e-02 3.699406959611530998e-03 1.315919834665094101e-02 1.072893400698920197e-01 0.000000000000000000e+00 1.759691962512472882e-02 8.514724794762618121e-03 2.367940158968089570e-01 1.264670559475394584e-01
1.135698954231215418e-01 1.267698137487258403e-01 0.000000000000000000e+00 0.000000000000000000e+00 2.339816737572647520e-02 1.433887399398623419e-01 0.000000000000000000e+00 5.602921504171634419e-03 0.000000000000000000e+00 1.305907363476999962e-02 3.408592430902623871e-02 4.973564580534215601e-02 0.000000000000000000e+00 0.000000000000000000e+00 9.103948833263817916e-03 8.432632266479309157e-07 2.298109072887529261e-02 1.665184339766820039e-04 1.444020749116006475e-01 1.091067109957992859e-01 0.000000000000000000e+00 1.982389292890414725e-02 1.044248153348928398e-01 6.454416624315967126e-03 7.392550620439851394e-02
5.779116206207973380e-03 3.562262597706709714e-03 1.634258085516195058e-02 3.413093916972977006e-03 7.829356675696999557e-02 0.000000000000000000e+00 1.583832756499853334e-02 2.713022996758588691e-03 0.000000000000000000e+00 2.047359897858489486e-01 3.760202790043224233e-03 3.517138548251867725e-02 8.123099366494992285e-03 0.000000000000000000e+00 1.901372144853006041e-01 0.000000000000000000e+00 1.231733560208524425e-01 0.000000000000000000e+00 4.187428259366364480e-02 1.333404430706187742e-02 0.000000000000000000e+00 0.000000000000000000e+00 2.897052500760934068e-02 1.103423862758511065e-01 1.144355429899784476e-01
0.000000000000000000e+00 0.000000000000000000e+00 1.265277239317479374e-01 0.000000000000000000e+00 0.000000000000000000e+00 0.000000000000000000e+00 0.000000000000000000e+00 9.594593514222133843e-03 0.000000000000000000e+00 9.402537112507054762e-02 2.233152516651413459e-03 8.356962321476628375e-02 2.432751950333304596e-03 3.424991096138778855e-04 2.703821166070781712e-01 2.075053636128832216e-02 1.276264707537212439e-01 7.793814803436370509e-02 0.000000000000000000e+00 2.220510555426054300e-02 0.000000000000000000e+00 5.455535742805077415e-02 2.754310148786702148e-02 3.303511648319231581e-02 4.723833192777242979e-02
0.000000000000000000e+00 9.067187516725058738e-02 1.267619838838935642e-01 1.051175908257634684e-01 0.000000000000000000e+00 3.105861477015346359e-02 1.015401684884824525e-02 1.537053760530044944e-01 3.251891043311758503e-03 5.061929864858441541e-02 0.000000000000000000e+00 1.967215339082244857e-02 0.000000000000000000e+00 0.000000000000000000e+00 8.733409434891193507e-03 0.000000000000000000e+00 6.018407602420464825e-02 0.000000000000000000e+00 0.000000000000000000e+00 0.000000000000000000e+00 0.000000000000000000e+00 0.000000000000000000e+00 5.318754083309060882e-02 1.615095085449941570e-01 1.253726645311869503e-01
0.000000000000000000e+00 1.141223329566346950e-01 5.607277780027270994e-03 1.243778621413072633e-02 6.057451671566739873e-03 0.000000000000000000e+00 7.997769328054177632e-03 1.311190187703960008e-01 5.645223924166732285e-03 0.000000000000000000e+00 0.000000000000000000e+00 2.351848897887982293e-01 2.996531205555214711e-02 0.000000000000000000e+00 2.279910900882523017e-02 0.000000000000000000e+00 9.688767465963303571e-03 1.307344363779543162e-01 4.626200758649084976e-02 0.000000000000000000e+00 0.000000000000000000e+00 0.000000000000000000e+00 6.780415192827320137e-02 4.398777741524961121e-02 1.305866877279167615e-01
0.000000000000000000e+00 3.847911325925666703e-02 0.000000000000000000e+00 1.385167610191940547e-02 6.212591087009823772e-03 0.000000000000000000e+00 9.430146343568440725e-02 1.506611219640677513e-01 1.857617824709861809e-02 1.064225792222802183e-02 9.303424692449584199e-02 1.144303537003285021e-01 0.000000000000000000e+00 0.000000000000000000e+00 2.346798240485852786e-03 1.027360319268788430e-01 0.000000000000000000e+00 0.000000000000000000e+00 1.506287429023447089e-01 1.138754624342475791e-01 0.000000000000000000e+00 3.908500293492755961e-02 5.271933010237239356e-03 1.938317811541073743e-02 2.648384779337856210e-02
2.917764174624800071e-03 5.572934528133764893e-03 3.403017596403060813e-02 0.000000000000000000e+00 1.305934971833590252e-01 1.749613721991542109e-02 5.051011752157045370e-02 1.371209232128682010e-01 0.000000000000000000e+00 8.953818688611324753e-03 5.678610281863619852e-03 3.081663823309131744e-02 0.000000000000000000e+00 0.000000000000000000e+00 0.000000000000000000e+00 8.954582777935524152e-02 0.000000000000000000e+00 0.000000000000000000e+00 3.878790335680221829e-02 6.094445765505508705e-02 0.000000000000000000e+00 2.223867059142016489e-01 1.925170796032148884e-02 1.322474992519060977e-01 1.314528107428961611e-02
0.000000000000000000e+00 2.219086628372305206e-02 3.499310697270127321e-03 0.000000000000000000e+00 0.000000000000000000e+00 6.379098520067738587e-03 1.331861110286207961e-01 1.904566026494866338e-01 9.200026788759686769e-02 3.332784822555997367e-02 0.000000000000000000e+00 1.812750670624683341e-02 0.000000000000000000e+00 7.077211241235818783e-04 4.574182749219566496e-02 0.000000000000000000e+00 3.109967096129955064e-03 7.784026896744916657e-02 1.468053689643009641e-01 1.097907822115784388e-01 0.000000000000000000e+00 1.907857636950726840e-02 0.000000000000000000e+00 9.775787577614288015e-02 0.000000000000000000e+00
1.015581611953805113e-01 7.647270143026585650e-03 8.769650532945866619e-03 9.751938908503762771e-02 2.761050134045289414e-02 0.000000000000000000e+00 0.000000000000000000e+00 1.955643262686670644e-02 9.226865512541880532e-02 5.294521880758340515e-02 1.191810562374449010e-02 1.367945350007635473e-02 1.217499999005857911e-02 0.000000000000000000e+00 1.970513383658355488e-01 0.000000000000000000e+00 1.390645379979979154e-02 7.914953484724075727e-03 9.236469709015029603e-03 3.994899690280358587e-03 0.000000000000000000e+00 0.000000000000000000e+00 7.684334775713757247e-03 1.800389526345605729e-01 1.345247595694790688e-01
5.948560975680649426e-03 2.244236857005721310e-03 1.319229765477843430e-01 3.327897144833165226e-03 5.181410370958917239e-02 9.448900875222047274e-03 8.885103423381370208e-04 3.625918571865043016e-02 1.048095522978739202e-01 1.231252876356814241e-01 0.000000000000000000e+00 5.748166532609939872e-02 2.990215532337478846e-02 0.000000000000000000e+00 1.575957247595399791e-01 0.000000000000000000e+00 8.266001805092848542e-03 0.000000000000000000e+00 1.504233833029045009e-01 2.032733942061797777e-02 0.000000000000000000e+00 1.393006890169289254e-02 7.458139811008718256e-02 1.364586499922760057e-02 4.057185946703698552e-03
0.000000000000000000e+00 1.191866895864504422e-01 3.995920562662319542e-03 1.954789209740957420e-02 0.000000000000000000e+00 1.888366098539870364e-02 0.000000000000000000e+00 1.580696376708757081e-02 0.000000000000000000e+00 0.000000000000000000e+00 4.366434375682223812e-02 2.273437157975612827e-02 9.378092122143201134e-03 0.000000000000000000e+00 1.837969660610499767e-01 2.483943942566282925e-02 1.954051123364437120e-02 0.000000000000000000e+00 1.521944077316800537e-01 1.790687368915667432e-01 0.000000000000000000e+00 8.883377611821827169e-02 5.813440975394974786e-02 4.039381832649772269e-02 0.000000000000000000e+00
