1.164106416438274172e-01 5.648358313159596716e-02 0.000000000000000000e+00 0.000000000000000000e+00 0.000000000000000000e+00 4.159662287537763820e-02 2.302911956883551756e-02 1.163684854074808865e-02 1.713874243434178601e-01 0.000000000000000000e+00 0.000000000000000000e+00 1.522674875583432119e-01 0.000000000000000000e+00 0.000000000000000000e+00 1.370601336661738112e-01 0.000000000000000000e+00 3.750778950072368445e-02 2.464512134907033327e-03 1.033490757434753493e-01 1.468067612925744725e-01
0.000000000000000000e+00 1.328747967220303139e-01 2.006148748698530836e-05 1.739705762368120301e-01 0.000000000000000000e+00 9.211053430779369069e-03 2.788838289073033994e-02 2.043458273232289825e-03 1.610500140278132153e-01 1.212065473697254009e-02 5.173699945479162329e-03 1.553438290803302868e-01 0.000000000000000000e+00 2.448637763441102386e-02 0.000000000000000000e+00 0.000000000000000000e+00 7.128428135135188651e-03 4.074568474405463464e-03 2.080523058652199511e-02 2.638088683378598809e-01
3.457437557780947135e-03 0.000000000000000000e+00 0.000000000000000000e+00 7.013251895389881196e-02 7.082272871494366129e-02 1.116687906860925868e-03 0.000000000000000000e+00 3.242972984078452275e-02 1.621478555956696044e-01 0.000000000000000000e+00 2.393814490885195091e-03 0.000000000000000000e+00 1.328029796561775167e-01 1.208852449017166902e-01 1.017322371927128905e-01 0.000000000000000000e+00 1.543806465422421087e-02 2.533253604971717754e-02 1.001631764318271500e-01 1.611449880528006418e-01
0.000000000000000000e+00 5.856849350883523708e-02 0.000000000000000000e+00 7.701422948810278390e-02 9.292774131606524463e-03 0.000000000000000000e+00 7.274894353057154150e-02 9.528074143137912899e-02 2.744818251459316127e-01 0.000000000000000000e+00 0.000000000000000000e+00 0.000000000000000000e+00 1.853362319683972415e-02 6.658496570239100590e-03 1.312380083892903393e-01 1.392058479416533913e-02 4.441569344292096294e-02 0.000000000000000000e+00 1.044532438244294842e-01 9.339334254568801286e-02
0.000000000000000000e+00 1.238608219873716665e-01 4.821727126968972273e-03 1.504372645834546954e-02 2.345284502718080616e-02 1.193025826688562038e-02 1.175743633345286906e-02 3.951815113699952420e-02 4.275650033451525861e-02 6.756805540426635837e-02 0.000000000000000000e+00 5.008091896564973583e-02 1.480327497027713636e-02 1.311744355075895874e-01 1.812131115260006906e-02 1.170312737214855431e-01 9.295875978780572535e-03 0.000000000000000000e+00 1.544476811123348114e-01 1.643357065152960539e-01
1.885754050096858092e-01 4.594792699972915367e-02 1.226231231462971000e-01 0.000000000000000000e+00 9.237985546687664529e-02 0.000000000000000000e+00 8.494505633532205280e-03 3.829782173831006858e-02 0.000000000000000000e+00 2.658015330389918926e-02 0.000000000000000000e+00 2.125685645195662110e-01 0.000000000000000000e+00 1.826970930660513567e-02 7.112531205346759623e-03 1.913158017542391370e-02 7.133339110496071667e-02 1.053650747349273581e-01 4.332035765483980422e-02 0.000000000000000000e+00
1.190134006767995939e-01 1.397963455524867948e-01 0.000000000000000000e+00 1.022747364333909809e-01 2.594121088235590983e-02 1.493222016349141264e-02 0.000000000000000000e+00 3.558215990251772931e-02 1.698228923053767825e-01 0.000000000000000000e+00 0.000000000000000000e+00 1.650030362082505198e-01 1.170720082611086260e-01 0.000000000000000000e+00 1.151285602777216317e-02 1.060120753272228260e-02 4.227420372894460238e-02 0.000000000000000000e+00 1.618534507512580864e-02 2.998837724965685431e-02
3.495321990588009381e-02 2.856506250598947819e-03 0.000000000000000000e+00 7.475384714925391305e-02 9.943080044684078633e-02 2.309253874130438866e-02 1.799569004114651150e-02 2.408258814469985687e-01 1.018496306041795224e-01 0.000000000000000000e+00 0.000000000000000000e+00 1.594353234299809574e-01 0.000000000000000000e+00 0.000000000000000000e+00 5.532122418434980149e-02 2.040085069497372255e-02 1.156360744191685906e-02 5.893632751706127243e-04 1.332490461562679529e-01 2.368247023113748823e-02
0.000000000000000000e+00 0.000000000000000000e+00 1.958035448958872580e-03 3.442330883182077028e-01 8.422834945872582912e-02 3.102834648356612990e-02 0.000000000000000000e+00 6.481096629562030365e-02 0.000000000000000000e+00 0.000000000000000000e+00 0.000000000000000000e+00 1.652424767916282622e-01 7.815981916675458774e-02 0.000000000000000000e+00 0.000000000000000000e+00 2.145935031622544717e-02 3.486515291677269590e-02 0.000000000000000000e+00 1.740144148035402960e-01 0.000000000000000000e+00
2.688874344385449103e-02 1.092418049825113063e-01 2.191052779252899296e-05 2.186714646347676094e-01 1.218583028390975848e-01 1.194279503322716318e-01 9.553847255542567696e-02 8.288441465015226883e-02 2.244101217618701960e-02 0.000000000000000000e+00 0.000000000000000000e+00 6.766019187732258411e-02 2.371136118603991896e-03 8.072567985640505955e-03 1.221445648924071731e-01 0.000000000000000000e+00 0.000000000000000000e+00 0.000000000000000000e+00 0.000000000000000000e+00 2.777462983965628667e-03
1.293029309146513650e-01 3.998382490963506980e-02 0.000000000000000000e+00 8.270973550544249335e-04 0.000000000000000000e+00 1.155382030167218486e-02 0.000000000000000000e+00 2.328726501078954951e-03 4.479791736596269551e-03 0.000000000000000000e+00 0.000000000000000000e+00 8.130222128078980204e-02 1.347631762687056811e-01 8.771858113839128834e-02 4.332575165428891040e-02 0.000000000000000000e+00 0.000000000000000000e+00 1.326981256629865547e-01 1.873015406303120967e-01 1.444144116458373761e-01
0.000000000000000000e+00 7.449317125471895118e-02 0.000000000000000000e+00 0.000000000000000000e+00 4.904535739035382466e-05 3.065776249272908396e-03 3.749388882660376066e-02 1.917068655029272040e-01 8.925150987298471894e-02 8.920281950087861206e-03 0.000000000000000000e+00 1.362825676513215456e-01 0.000000000000000000e+00 0.000000000000000000e+00 6.480549738130525483e-02 9.840304144084571769e-02 0.000000000000000000e+00 1.143063762652833104e-01 3.717713045066316224e-02 1.440448477965953489e-01
8.078553702504016887e-02 0.000000000000000000e+00 0.000000000000000000e+00 5.532363183291750391e-02 7.812950026874412868e-02 0.000000000000000000e+00 0.000000000000000000e+00 1.028039136034937379e-01 1.837208391212619973e-01 1.318184339430235053e-01 0.000000000000000000e+00 1.550859131897345256e-01 0.000000000000000000e+00 0.000000000000000000e+00 5.047395900781468520e-02 0.000000000000000000e+00 0.000000000000000000e+00 2.508056516401566127e-02 1.367777068439539612e-01 0.000000000000000000e+00
5.132290944439071162e-02 3.861092230393463332e-02 0.000000000000000000e+00 1.546673596715912313e-01 0.000000000000000000e+00 0.000000000000000000e+00 0.000000000000000000e+00 5.556178639745858877e-02 0.000000000000000000e+00 0.000000000000000000e+00 1.317856379027305437e-02 2.491961020245872516e-01 2.488817374065892957e-02 0.000000000000000000e+00 1.742491919627965902e-01 1.143837261166427699e-01 0.000000000000000000e+00 0.000000000000000000e+00 1.239412645476663244e-01 0.000000000000000000e+00
1.477735535572135758e-02 2.799943006533111775e-02 1.738370573684379361e-02 5.683052552423164400e-02 0.000000000000000000e+00 0.000000000000000000e+00 0.000000000000000000e+00 1.860648796972520086e-02 1.693180125625386723e-01 2.909046080207873877e-02 0.000000000000000000e+00 1.559003893427985538e-02 1.661060367741092614e-01 1.195965331580810947e-01 1.865028753968107356e-01 0.000000000000000000e+00 4.898812499920151067e-03 1.610884735106207603e-03 1.510960162026040755e-02 1.565792388649617783e-01
0.000000000000000000e+00 0.000000000000000000e+00 4.479637204091342639e-02 5.056593008578486731e-03 3.077214676662311937e-02 5.241123459916351146e-02 0.000000000000000000e+00 4.281748820947350875e-02 0.000000000000000000e+00 0.000000000000000000e+00 0.000000000000000000e+00 2.484532684007611791e-01 1.106606953735995019e-01 0.000000000000000000e+00 7.322924678470065472e-03 0.000000000000000000e+00 9.258915603984053250e-03 4.715920949466156052e-03 2.476229441304743095e-01 1.961114962384926941e-01
1.795871228751478310e-01 0.000000000000000000e+00 0.000000000000000000e+00 0.000000000000000000e+00 1.695318012696106144e-02 1.596762466393862046e-01 4.800952447650268240e-03 2.297925535326941493e-01 4.146230855341015431e-02 1.189919360938638745e-02 0.000000000000000000e+00 2.663392511426655382e-02 2.893886243944164376e-03 8.172607355161823350e-02 5.451970245322924728e-03 0.000000000000000000e+00 5.585208587918003703e-02 0.000000000000000000e+00 9.223874074314221405e-02 9.103176043788979710e-02
1.567859077922373889e-01 0.000000000000000000e+00 0.000000000000000000e+00 0.000000000000000000e+00 0.000000000000000000e+00 1.250475182054033296e-01 0.000000000000000000e+00 1.024008000269736596e-01 9.345360287241233355e-02 2.955482969592894849e-03 1.401044356215170109e-02 1.246847151871594839e-01 1.446460439561485234e-02 0.000000000000000000e+00 4.197909057470038813e-02 0.000000000000000000e+00 0.000000000000000000e+00 1.037417512700198816e-02 1.533093000426889729e-01 1.605343592440629796e-01
1.836084656770957391e-01 0.000000000000000000e+00 0.000000000000000000e+00 7.211928247722527996e-02 0.000000000000000000e+00 5.784022532299145508e-03 0.000000000000000000e+00 5.380113918954613356e-02 4.867344607425915133e-03 0.000000000000000000e+00 0.000000000000000000e+00 1.621670013799343391e-01 0.000000000000000000e+00 0.000000000000000000e+00 1.666080713173982986e-01 0.000000000000000000e+00 1.400904494608930240e-01 2.464222736074717784e-02 7.340930660882295788e-03 1.789710653365527426e-01
2.079395403388117208e-02 7.097058881599636881e-04 0.000000000000000000e+00 1.229072271440104364e-01 1.109192677658653176e-01 2.324488507770472792e-02 1.960419922751892394e-03 4.881458043412221365e-02 0.000000000000000000e+00 0.000000000000000000e+00 0.000000000000000000e+00 1.644122478101927576e-01 0.000000000000000000e+00 1.035632925824058886e-01 2.998031104230702588e-03 3.200654203350017379e-02 7.735938943319384774e-03 9.319176349057647565e-03 1.981418750851947075e-01 1.524728558256029376e-01
4.334287627530208215e-02 5.904266599828023737e-02 0.000000000000000000e+00 1.427590646355897941e-01 0.000000000000000000e+00 1.186562874028315034e-01 0.000000000000000000e+00 1.106860620168286825e-02 3.521519629724677303e-02 1.957623274557436163e-02 7.179952436937429459e-04 1.963009703659858440e-01 4.547705626156762354e-02 0.000000000000000000e+00 2.792859648225687677e-02 8.834773156486475446e-03 9.656038891788458478e-02 0.000000000000000000e+00 1.318936207358638139e-02 1.813299279420310106e-01
3.641675928458587563e-02 1.286890586164738670e-01 0.000000000000000000e+00 5.609616719108165978e-02 0.000000000000000000e+00 8.558696210375901781e-03 0.000000000000000000e+00 1.017488588747951506e-02 2.988679119105421833e-01 0.000000000000000000e+00 2.053549183116128857e-02 1.330908466354074893e-01 2.216494649552486727e-03 2.417486934540010249e-02 1.973811378811381884e-02 0.000000000000000000e+00 0.000000000000000000e+00 0.000000000000000000e+00 0.000000000000000000e+00 2.614407046498258835e-01
7.678992188147100439e-02 4.068343993124520080e-02 0.000000000000000000e+00 5.963926055377039015e-02 1.531101649596406170e-02 0.000000000000000000e+00 0.000000000000000000e+00 0.000000000000000000e+00 2.432853604463376118e-01 0.000000000000000000e+00 2.100944949187136430e-03 6.410295998908827064e-02 1.017274912713503690e-02 1.547315714265289632e-01 1.153527544660899913e-02 0.000000000000000000e+00 0.000000000000000000e+00 9.559802538224047852e-02 8.970397611250524594e-02 1.363454982579176411e-01
9.615056929696766397e-02 0.000000000000000000e+00 9.982108328050003782e-03 3.312089184870092157e-02 1.214097234543326520e-01 1.770183152190485040e-02 2.778097139310525820e-02 1.285779608501842752e-01 6.876740195814108614e-02 6.939651201025310787e-03 0.000000000000000000e+00 1.058223456893240232e-02 1.844345476253079130e-03 1.048201075888889472e-01 4.334782514635715511e-02 2.718696674361788593e-02 0.000000000000000000e+00 1.226430242571973153e-02 1.514532468679664345e-01 1.380698613298524668e-01
6.295076056157383748e-02 5.971199372458943500e-02 0.000000000000000000e+00 1.457126362068189018e-01 8.203657584683306594e-03 0.000000000000000000e+00 4.957489933524989595e-02 3.137739618561617011e-02 1.175181119773509864e-01 0.000000000000000000e+00 0.000000000000000000e+00 0.000000000000000000e+00 1.984129842278904710e-02 1.014032292245173189e-01 4.510843853011455712e-02 4.623694811447703196e-02 1.188212148335541091e-01 8.704962836619548061e-03 3.140347969842183923e-02 1.534309727636241349e-01
1.777666165193016613e-03 1.341339802848630081e-01 1.889257398262869300e-02 2.624354094819048022e-01 0.000000000000000000e+00 0.000000000000000000e+00 0.000000000000000000e+00 6.186829666903580910e-02 9.383331903049973999e-02 2.802691813554021843e-03 0.000000000000000000e+00 1.304662994920962882e-01 0.000000000000000000e+00 0.000000000000000000e+00 0.000000000000000000e+00 0.000000000000000000e+00 1.098484566883570213e-01 2.266188389979443760e-02 0.000000000000000000e+00 1.612794224920731101e-01
3.315998530299355679e-02 4.598448811219319615e-02 0.000000000000000000e+00 1.455417645189276410e-01 1.297761356659122844e-01 2.830376547267943101e-03 0.000000000000000000e+00 1.945544843204370308e-02 0.000000000000000000e+00 0.000000000000000000e+00 7.080374181826407619e-03 2.192585904150580467e-01 0.000000000000000000e+00 1.637200560490142910e-03 1.569521085115890280e-01 0.000000000000000000e+00 1.291819867842639025e-01 2.551973743228365486e-03 8.499430296189358636e-02 2.159526426231201876e-02
0.000000000000000000e+00 1.493831634001291375e-01 4.848328904997265681e-02 2.815376206337947412e-02 3.633433351247351145e-02 0.000000000000000000e+00 0.000000000000000000e+00 1.424083482751877135e-02 7.636156097439215397e-03 2.783311282693774324e-03 1.874985145527247174e-03 2.632864045919540152e-01 0.000000000000000000e+00 0.000000000000000000e+00 0.000000000000000000e+00 0.000000000000000000e+00 2.076843791679155657e-02 1.086327443590746761e-01 1.491397155498060956e-01 1.692828622032399033e-01
1.497154412990766084e-02 1.379409414494895403e-01 0.000000000000000000e+00 1.112407152328874771e-01 7.149390275310052445e-02 0.000000000000000000e+00 8.597035693688238195e-03 3.894514165712611303e-02 1.423193412597830408e-02 2.185493308797777090e-02 0.000000000000000000e+00 2.638950174064526588e-01 0.000000000000000000e+00 0.000000000000000000e+00 0.000000000000000000e+00 8.190105837422904933e-03 6.184816471484950139e-03 1.023828286733191040e-01 5.360497932864071585e-02 1.464661041525240348e-01
1.241652672899822979e-01 0.000000000000000000e+00 0.000000000000000000e+00 0.000000000000000000e+00 1.312482953773753567e-03 2.081259846873545483e-02 0.000000000000000000e+00 0.000000000000000000e+00 0.000000000000000000e+00 0.000000000000000000e+00 0.000000000000000000e+00 4.881873207539557530e-02 1.282208142493213854e-01 4.709164617410892435e-03 1.830352010703013566e-01 0.000000000000000000e+00 1.121430151111212775e-01 2.142035561785379516e-01 1.245170956814293517e-01 3.806207230399080710e-02
5.833866085723672656e-02 1.803634980842014693e-02 4.496467592278668469e-03 8.514440650944482547e-02 2.462253150832445676e-03 0.000000000000000000e+00 0.000000000000000000e+00 0.000000000000000000e+00 6.974827937671723536e-03 4.797616172070715522e-03 5.190541404955674801e-03 2.256858684401376602e-01 2.114089150496742398e-01 0.000000000000000000e+00 8.650139231605205592e-02 0.000000000000000000e+00 0.000000000000000000e+00 1.241688502252280002e-01 5.472635155263784468e-03 1.613212153807334348e-01
0.000000000000000000e+00 0.000000000000000000e+00 0.000000000000000000e+00 1.193159775206927876e-02 0.000000000000000000e+00 7.014488074765190539e-02 8.081050802490390150e-02 1.883155144165696640e-02 1.609166630664720654e-01 0.000000000000000000e+00 0.000000000000000000e+00 1.895867523157930834e-01 5.572999624585293216e-02 0.000000000000000000e+00 6.748773515201944573e-02 0.000000000000000000e+00 1.000102791336827425e-02 8.268709663501815077e-03 1.451547130992097145e-01 1.811358645775006937e-01
1.331302879539148221e-01 1.128218475774511453e-01 0.000000000000000000e+00 0.000000000000000000e+00 0.000000000000000000e+00 6.731323517046842834e-03 0.000000000000000000e+00 4.290108845515848424e-02 1.180226015258187405e-01 2.556738888427334544e-02 0.000000000000000000e+00 1.137541749527420931e-01 0.000000000000000000e+00 8.329856345974526654e-04 0.000000000000000000e+00 0.000000000000000000e+00 1.245440480473998246e-01 4.495618320161738624e-02 1.100024084436388716e-01 1.667356618063411122e-01
1.333877453668766422e-01 1.338128904429929655e-01 1.556394337517707713e-02 0.000000000000000000e+00 7.234413299645656159e-02 1.125820030587533632e-01 2.995835659764042175e-02 1.761330593577931092e-02 0.000000000000000000e+00 2.361957816071875646e-02 1.405800800966853408e-03 1.448327138841153938e-01 1.053452962334855691e-01 0.000000000000000000e+00 2.771143827489200209e-03 3.124561908177246172e-03 1.383634830664351445e-01 1.493058310635601849e-02 2.768690791774731236e-02 2.265755332083208701e-02
1.399082812484463700e-01 7.847347329797348114e-02 0.000000000000000000e+00 2.702707180688010500e-03 6.774851876733860301e-02 1.431584936990689706e-02 0.000000000000000000e+00 6.927613518489317279e-02 2.720893616948760751e-01 0.000000000000000000e+00 0.000000000000000000e+00 3.625118421892643307e-04 1.492698838386191489e-02 3.593901623315662254e-04 1.288348476390536734e-01 0.000000000000000000e+00 3.912163204430878921e-02 4.114127442614350094e-02 1.307390287579889010e-01 0.000000000000000000e+00
