1.311476960032657568e-01 4.465204213918760878e-02 3.073003844547889107e-02 1.789931840921731021e-02 2.469468052693896479e-02 9.934967847297727916e-02 0.000000000000000000e+00 5.818216398817717405e-02 1.101346633405780318e-01 1.854931684694574893e-03 1.061097448754395704e-02 1.876489570153033193e-01 7.818127324872966438e-03 7.824475357229899314e-03 0.000000000000000000e+00 0.000000000000000000e+00 8.593167388208883956e-03 2.223588911896688322e-02 1.703967945883624047e-01 6.622640170899590784e-02
4.394733231643366440e-03 8.527632729331912189e-04 1.013039998010121720e-02 1.759322270379978237e-01 3.111862154629195520e-02 7.821800151944484358e-02 0.000000000000000000e+00 1.443113315033540955e-01 0.000000000000000000e+00 2.033228574848107081e-02 1.836472469810174202e-02 2.550621147594758220e-01 6.357268492784978742e-03 5.203153976245974109e-03 0.000000000000000000e+00 0.000000000000000000e+00 3.802244894291754562e-03 2.677784655702304673e-02 1.214166403947460615e-01 9.772564238708308926e-02
0.000000000000000000e+00 7.680574205607050564e-02 1.007286397946176304e-01 1.382812136072700607e-02 2.704059432834861679e-02 3.825688013492958839e-02 9.759960721662587144e-03 5.383258207444345522e-02 3.156007594930952675e-02 4.606830980927108764e-03 0.000000000000000000e+00 3.078251665976108886e-01 0.000000000000000000e+00 2.299412814375661768e-03 1.319647304147130058e-02 0.000000000000000000e+00 0.000000000000000000e+00 1.189129013245381200e-01 1.805275627931340610e-01 2.081905602783405002e-02
1.505095186257987272e-01 5.440132714118092044e-02 1.390520033187805093e-01 5.302057331076450580e-02 0.000000000000000000e+00 5.035945474186715939e-03 0.000000000000000000e+00 0.000000000000000000e+00 5.782076336694769864e-02 1.067069140744414911e-02 0.000000000000000000e+00 7.022676864619241399e-02 6.090565445033731262e-03 4.025543041761284885e-02 0.000000000000000000e+00 4.381582008270235029e-02 1.207532516136121045e-02 1.874836569950485976e-02 2.529536264847892513e-01 8.532327541770007295e-02
0.000000000000000000e+00 3.024413837149157389e-03 1.372957444730749099e-02 2.416535246406676107e-01 5.242835064319337560e-03 8.761760627873774188e-03 4.510537039203839187e-03 1.709839323429379609e-01 2.378617389279859273e-02 0.000000000000000000e+00 3.312096680291568354e-03 1.703368376810960871e-01 0.000000000000000000e+00 3.178645322118117678e-02 0.000000000000000000e+00 0.000000000000000000e+00 0.000000000000000000e+00 1.587631675393729180e-01 2.909246741698692448e-02 1.350162255688136248e-01
1.373766574144272001e-01 2.105479787680553938e-01 1.338777076092145524e-01 8.335270037640551966e-02 2.051251354406706529e-02 1.273243954182588789e-01 8.114331725624328653e-03 0.000000000000000000e+00 2.273790393678719324e-02 0.000000000000000000e+00 0.000000000000000000e+00 6.265422792889394077e-02 1.023301639937085339e-02 0.000000000000000000e+00 0.000000000000000000e+00 7.421666993023210692e-04 0.000000000000000000e+00 1.468924710044273996e-02 1.479344514769903307e-01 1.990270160215966075e-02
9.456168419783240325e-03 5.101371164792080359e-02 1.740745653326812223e-04 1.190814546522357964e-01 8.701233411995294709e-02 4.889669409349944873e-02 1.719226423907576110e-04 1.592613671044669846e-02 1.462413278973533938e-02 0.000000000000000000e+00 2.364662345613707112e-02 2.015054068856199365e-01 5.673039641685083054e-03 5.817675014414751961e-02 2.258732930953981713e-02 3.566328516993871878e-03 1.966250081157881052e-02 1.646288244155861280e-01 1.388673315513909261e-03 1.528078938619000793e-01
1.726280987268777878e-01 6.195839511374119993e-03 2.869107468905708960e-02 0.000000000000000000e+00 8.599312328465769789e-03 0.000000000000000000e+00 0.000000000000000000e+00 9.138356578360400106e-02 7.411328169014093359e-02 0.000000000000000000e+00 0.000000000000000000e+00 1.700094894256823363e-01 2.869969091122448815e-02 1.256223119975133015e-02 1.027192068820533162e-02 9.810394140837022658e-02 0.000000000000000000e+00 1.380740321096614320e-01 1.606675215275850943e-01 0.000000000000000000e+00
2.924033371387607227e-03 9.699337756953068518e-03 4.867609489603587358e-02 1.420007563904068515e-01 1.693022670103592683e-02 2.521492293345899485e-02 1.042560569804583219e-02 1.149054767635679097e-01 1.197333502273560391e-01 2.959507630707026993e-02 2.030936131665981789e-02 8.909824147604213790e-03 6.001110851948530424e-03 9.418729376710163748e-02 2.076348131352836329e-02 3.239814965889020824e-03 0.000000000000000000e+00 1.393548112108532466e-01 1.284813112818909003e-02 1.742812902529076724e-01
6.007262680048622641e-03 1.081935034971833048e-01 3.852922375204818894e-02 5.244649055851376140e-02 0.000000000000000000e+00 7.116146339865524195e-02 5.844064068285314412e-03 1.580484454526960569e-01 1.967643622742556303e-02 2.409760831729189715e-02 0.000000000000000000e+00 3.233922279601510463e-01 4.314637844150755012e-03 1.595114026960233605e-02 1.292279527625285127e-02 3.811370468927191557e-02 0.000000000000000000e+00 1.602896448630132878e-02 3.486677207377833531e-04 1.049233638013840619e-01
1.080918815985320788e-02 2.089684441167264511e-02 6.039622152849302358e-03 0.000000000000000000e+00 3.479569336927947065e-02 9.803152826004194603e-04 2.848351225812697368e-02 6.881360593148837246e-02 1.150199434975431312e-01 1.974014550773389200e-03 0.000000000000000000e+00 2.730322587578595250e-01 3.003158707139701872e-02 5.934276878178360026e-02 3.834030153285648834e-02 0.000000000000000000e+00 2.513224313640627459e-03 1.166312565336418139e-01 4.861516633381021690e-02 1.436806970608238976e-01
2.294281777540346443e-02 2.285665646833691042e-02 1.756343498660220895e-02 3.726939115821868015e-02 6.082252309658532988e-03 1.489696755390694793e-01 1.070023205429323533e-02 7.270356458884225104e-02 1.369093527361424194e-02 1.708049644772868109e-02 0.000000000000000000e+00 2.893807180433409232e-01 9.060929366281576802e-02 3.368780824109181282e-02 8.054023663650110992e-03 3.042894855086904909e-02 5.822431272163458744e-03 1.110411563567459819e-01 4.431785924312901109e-02 1.679830436442630512e-02
2.926655249547011756e-02 2.837113600910117633e-02 1.238143052249669925e-02 8.131278131233512802e-04 0.000000000000000000e+00 2.254800581490034039e-01 0.000000000000000000e+00 1.823846223884466322e-01 0.000000000000000000e+00 3.431804140799649128e-02 3.662452909147179050e-03 2.956646805056505900e-01 0.000000000000000000e+00 1.257312597417232780e-01 1.048608064977644624e-02 0.000000000000000000e+00 0.000000000000000000e+00 0.000000000000000000e+00 1.464212265903564944e-02 3.679843474902892708e-02
4.550669160395597740e-02 1.299769271963540328e-02 6.094784824881227352e-03 5.323237003840062577e-03 6.003272266991170614e-02 2.367386663469743247e-01 1.966781411328050524e-03 1.526817056011205709e-01 0.000000000000000000e+00 1.356859385595542491e-02 1.860943071765611481e-02 1.800474840192918813e-01 2.279340595380868056e-02 6.555118135554407512e-03 1.231302454442165378e-01 0.000000000000000000e+00 1.126986964717993644e-02 9.429170223227284486e-02 0.000000000000000000e+00 8.391867812416789127e-03
1.044446041416435475e-02 8.997628990582427419e-03 6.713851940031397188e-03 1.014432025583381775e-02 2.168504092700419134e-02 4.315971735407892612e-02 1.161140526773586645e-02 1.399400880801786318e-01 2.027073420802986692e-01 1.774913343121713259e-03 2.245328332418594381e-03 2.062395792930658833e-01 0.000000000000000000e+00 5.536627878750450572e-03 1.497642354849785806e-01 5.896508696620955323e-03 0.000000000000000000e+00 4.021297746225514086e-02 1.324105809111968957e-01 5.153932876834823457e-04
1.159353949882663826e-01 0.000000000000000000e+00 7.499703263904897166e-02 1.345139666444482018e-01 1.697973161120304095e-02 1.983518297452058904e-02 1.733510689039066428e-03 1.647669768859728323e-01 7.834271565179641572e-02 0.000000000000000000e+00 1.397958706572894998e-02 1.853371700394892407e-01 0.000000000000000000e+00 0.000000000000000000e+00 6.858643659771371422e-03 0.000000000000000000e+00 0.000000000000000000e+00 0.000000000000000000e+00 1.540775348675918477e-01 3.264255228312326618e-02
1.747638670780694847e-01 0.000000000000000000e+00 1.145332663941771023e-01 3.914246443585715080e-02 0.000000000000000000e+00 1.346002895398336341e-01 0.000000000000000000e+00 3.411442074440588774e-04 8.776414743013317976e-02 0.000000000000000000e+00 3.206498567520333146e-03 1.242724466988311127e-01 9.689702431617938996e-03 0.000000000000000000e+00 2.092075152399539006e-02 1.789881957517648267e-02 2.706919865071737152e-02 3.730790565894294419e-02 8.137210032781318214e-02 1.271173974798706363e-01
1.233976682491486482e-01 0.000000000000000000e+00 4.587390704406043435e-02 9.509442691800454317e-02 1.014071720186078551e-02 0.000000000000000000e+00 2.015883851120437581e-02 5.463383227003419142e-03 3.720777425409692307e-02 0.000000000000000000e+00 0.000000000000000000e+00 1.990960211665475377e-01 8.586372831532496086e-02 0.000000000000000000e+00 1.565707476584387858e-01 0.000000000000000000e+00 0.000000000000000000e+00 1.146942415803130777e-01 4.013777075817150097e-02 6.630077511582496697e-02
9.519526220192416760e-03 5.102295224391528022e-02 3.245865332299941591e-02 6.949125408088689670e-02 0.000000000000000000e+00 0.000000000000000000e+00 5.263363557650297536e-03 1.427629805890801018e-01 1.085172392714123107e-01 8.433540506730591302e-02 1.071559151321416388e-02 1.332008411218419119e-01 0.000000000000000000e+00 6.463257822238994976e-02 1.419794890806619636e-01 2.397606605502048717e-03 1.636694309495009131e-02 9.471483321331741756e-03 0.000000000000000000e+00 1.178640926866654642e-01
1.603527411102199235e-02 1.603962370706431273e-02 6.230824064007401547e-02 2.406223347831233303e-02 6.835201937305269981e-02 0.000000000000000000e+00 1.870334879446544293e-02 7.286255556910020692e-02 4.130129915197778417e-02 0.000000000000000000e+00 5.583595902328447429e-03 2.821481418827430365e-02 4.552618261514274241e-03 4.602682040261646401e-02 1.888220315652326675e-02 4.994330579982697582e-02 1.205346157794915003e-02 0.000000000000000000e+00 1.588500818576923934e-01 3.562285040282059945e-01
