0.000000000000000000e+00 2.560249155858190795e-02 0.000000000000000000e+00 1.039997836438433659e-01 4.558735626013966230e-02 0.000000000000000000e+00 0.000000000000000000e+00 1.205353459735821267e-02 0.000000000000000000e+00 8.790824006010512781e-02 0.000000000000000000e+00 9.791452736072420171e-02 0.000000000000000000e+00 1.549341975598760544e-02 1.886879475066954026e-01 0.000000000000000000e+00 0.000000000000000000e+00 8.622701727747328349e-02 0.000000000000000000e+00 0.000000000000000000e+00 2.573462893167669657e-02 0.000000000000000000e+00 1.355197251649225554e-01 8.783142078671318451e-03 1.664881858038204931e-01
0.000000000000000000e+00 1.094244950442205960e-01 1.564061646392837790e-02 5.436662696073800427e-02 1.473089354377063731e-01 0.000000000000000000e+00 1.471978559452430911e-02 1.582298138361578482e-02 2.848990760230511385e-03 0.000000000000000000e+00 0.000000000000000000e+00 1.720686509924676533e-02 0.000000000000000000e+00 0.000000000000000000e+00 7.332424566315305647e-02 1.051159263926803727e-01 2.678821837540903972e-02 1.428657610834241920e-01 0.000000000000000000e+00 0.000000000000000000e+00 0.000000000000000000e+00 0.000000000000000000e+00 2.741478395172924215e-03 1.664958557821932250e-01 1.053292175637563916e-01
0.000000000000000000e+00 1.071927462099060840e-01 0.000000000000000000e+00 1.719976654399276751e-03 4.218368157480397590e-02 0.000000000000000000e+00 4.123091321131417547e-02 3.456130640866626746e-02 0.000000000000000000e+00 0.000000000000000000e+00 0.000000000000000000e+00 0.000000000000000000e+00 0.000000000000000000e+00 8.135976857074761481e-03 2.850140031651927086e-01 1.204166481343339618e-01 0.000000000000000000e+00 2.286937302999333954e-01 0.000000000000000000e+00 1.324072137175599621e-02 8.100569317768634495e-03 0.000000000000000000e+00 1.482391785317569051e-02 7.688161893199653429e-02 1.780419000967859919e-02
0.000000000000000000e+00 1.625309072474505068e-01 2.749680340908157439e-02 0.000000000000000000e+00 1.613390986532449445e-01 0.000000000000000000e+00 0.000000000000000000e+00 0.000000000000000000e+00 0.000000000000000000e+00 1.325585702119034225e-02 0.000000000000000000e+00 1.146719764978633149e-01 0.000000000000000000e+00 0.000000000000000000e+00 1.816531108527350558e-01 0.000000000000000000e+00 0.000000000000000000e+00 9.042123427474717257e-02 4.946715777482885157e-02 0.000000000000000000e+00 1.329424791353578904e-02 0.000000000000000000e+00 2.925356781900486508e-02 1.566160385363175311e-01 0.000000000000000000e+00
0.000000000000000000e+00 1.209358359689283700e-02 0.000000000000000000e+00 0.000000000000000000e+00 1.772986827954396716e-02 0.000000000000000000e+00 1.094815879377329139e-02 3.787819549119211034e-03 0.000000000000000000e+00 1.358084695005992437e-01 0.000000000000000000e+00 4.023970739266225644e-02 3.639735689586514472e-02 1.121612195820812126e-02 1.819032546426422592e-01 0.000000000000000000e+00 2.304869659136249069e-02 7.217921245421084209e-02 3.965191613832323714e-02 8.168687563597227044e-03 1.066759961483913915e-01 8.447839364983147914e-02 2.638997154756738545e-02 1.667129261271538820e-01 2.256985917025573427e-02
0.000000000000000000e+00 1.838055255075674022e-01 1.025155131821398335e-01 2.870996667746787342e-02 2.645747100657368234e-02 0.000000000000000000e+00 3.585674999897178056e-02 0.000000000000000000e+00 0.000000000000000000e+00 1.331540292722675767e-01 1.989068531591103861e-02 1.332850401499640902e-01 2.499254668803831125e-03 0.000000000000000000e+00 1.445087042618923845e-01 7.189704433785155252e-03 0.000000000000000000e+00 0.000000000000000000e+00 0.000000000000000000e+00 1.308473443722108463e-02 2.515146883915174349e-03 2.037379981264030721e-02 1.031235945053735892e-01 0.000000000000000000e+00 4.303007988550525131e-02
0.000000000000000000e+00 1.418924572414910490e-01 0.000000000000000000e+00 1.182897302657410915e-01 1.387157372506183650e-01 0.000000000000000000e+00 0.000000000000000000e+00 0.000000000000000000e+00 0.000000000000000000e+00 0.000000000000000000e+00 8.054923491486367521e-03 0.000000000000000000e+00 0.000000000000000000e+00 0.000000000000000000e+00 2.687733742988672181e-01 1.007558639148809637e-01 1.604136714394868712e-03 2.676815659327783092e-02 9.925047745854191986e-03 3.280196588987703207e-03 0.000000000000000000e+00 0.000000000000000000e+00 0.000000000000000000e+00 1.448188338602764968e-01 3.712154203412389858e-02
1.369783763968471235e-02 1.054678277642837614e-01 0.000000000000000000e+00 1.219930863870949313e-03 8.230336416041013695e-03 0.000000000000000000e+00 4.394067579352311549e-03 9.426342629814246643e-02 3.649312448223447766e-04 1.875661710749981781e-01 3.378996760021612915e-03 2.355051778686568231e-01 1.705356216691157265e-02 0.000000000000000000e+00 2.334264210070230439e-02 1.160838961138615233e-01 2.633738945999812911e-02 8.439286042026894821e-03 4.653351299240249782e-03 1.312541727604428672e-02 0.000000000000000000e+00 0.000000000000000000e+00 6.081348479194598373e-03 3.250869456025275855e-02 9.828570899189342791e-02
0.000000000000000000e+00 0.000000000000000000e+00 3.308815357080127639e-02 2.756436853954742291e-02 2.613711900998121895e-01 0.000000000000000000e+00 0.000000000000000000e+00 1.740467353949914919e-02 0.000000000000000000e+00 0.000000000000000000e+00 0.000000000000000000e+00 3.592005925653142528e-02 0.000000000000000000e+00 0.000000000000000000e+00 1.755098324221246453e-01 2.007698852921698668e-02 1.125119480532544708e-01 0.000000000000000000e+00 0.000000000000000000e+00 0.000000000000000000e+00 5.543871630393681915e-02 0.000000000000000000e+00 9.430789191277169636e-02 1.460845853438810793e-01 2.072159242862275583e-02
5.081278036057230996e-02 2.853855427202469514e-02 5.578693064141786867e-02 0.000000000000000000e+00 1.029371547122294589e-01 0.000000000000000000e+00 4.558392068578878686e-02 1.532007803930902634e-01 5.120920345169292787e-02 1.505919882546497557e-01 8.782810472778360134e-03 0.000000000000000000e+00 0.000000000000000000e+00 0.000000000000000000e+00 1.988730305087922923e-01 0.000000000000000000e+00 5.983647937252657700e-02 0.000000000000000000e+00 0.000000000000000000e+00 0.000000000000000000e+00 0.000000000000000000e+00 0.000000000000000000e+00 0.000000000000000000e+00 0.000000000000000000e+00 9.384636687443669023e-02
0.000000000000000000e+00 0.000000000000000000e+00 1.055468218407240588e-01 1.728769152725362704e-02 2.582266530647523047e-03 1.572425049434557701e-02 5.164888709945709283e-03 1.512634380892128316e-01 0.000000000000000000e+00 4.922949110626100716e-02 5.143250644833678026e-03 1.293479609849380041e-01 0.000000000000000000e+00 0.000000000000000000e+00 5.543621745624992270e-02 0.000000000000000000e+00 0.000000000000000000e+00 0.000000000000000000e+00 5.665683964526602168e-02 1.137679933432525145e-02 0.000000000000000000e+00 2.524867180681670056e-02 2.264198524080357489e-01 2.650254473732665747e-02 1.170690146838177098e-01
0.000000000000000000e+00 1.976393373171063741e-02 1.149006698987711933e-01 3.996741429534043932e-02 2.266884992857478853e-01 0.000000000000000000e+00 3.066282710509713599e-02 1.487766204056716890e-01 1.690116734112234080e-03 3.826459575900677951e-02 0.000000000000000000e+00 0.000000000000000000e+00 0.000000000000000000e+00 0.000000000000000000e+00 1.612699491723249001e-01 1.336327097228686561e-02 0.000000000000000000e+00 2.811298053137566665e-03 2.052818776609772241e-03 5.455198323776573772e-03 0.000000000000000000e+00 0.000000000000000000e+00 0.000000000000000000e+00 1.601338015289274774e-01 3.419898595747888209e-02
0.000000000000000000e+00 1.300724877105171595e-01 5.734261283831223327e-02 2.435694647450291003e-02 4.777033354316903568e-02 0.000000000000000000e+00 5.191182716386653212e-02 0.000000000000000000e+00 1.526467718125632846e-02 7.296484505866759895e-02 0.000000000000000000e+00 9.039814858904395012e-02 4.325980769672540388e-02 4.801850397326336284e-02 0.000000000000000000e+00 0.000000000000000000e+00 1.282935785232065529e-01 1.720693249237021868e-02 1.585121332452991694e-01 2.626997641855020535e-02 3.212595323496079697e-03 0.000000000000000000e+00 8.514459376775335153e-02 0.000000000000000000e+00 0.000000000000000000e+00
1.840384799317191025e-02 3.523232575290963925e-02 0.000000000000000000e+00 0.000000000000000000e+00 1.500619493371796176e-01 0.000000000000000000e+00 2.832922367719847498e-02 0.000000000000000000e+00 0.000000000000000000e+00 7.462852511475835671e-02 0.000000000000000000e+00 0.000000000000000000e+00 0.000000000000000000e+00 0.000000000000000000e+00 3.223349802192952973e-01 5.238638964171738431e-04 0.000000000000000000e+00 0.000000000000000000e+00 3.210621904530287351e-03 0.000000000000000000e+00 0.000000000000000000e+00 0.000000000000000000e+00 7.775524824491862608e-02 1.351486953583425354e-01 1.543707185012780370e-01
0.000000000000000000e+00 0.000000000000000000e+00 1.049038297097805994e-01 0.000000000000000000e+00 5.754050654611281984e-02 0.000000000000000000e+00 3.339873908947987857e-02 3.907969986978010457e-02 0.000000000000000000e+00 1.037273164547204557e-01 0.000000000000000000e+00 1.299773072507899585e-01 6.337920493953777545e-02 0.000000000000000000e+00 0.000000000000000000e+00 1.849263767575353400e-03 0.000000000000000000e+00 0.000000000000000000e+00 1.276279135985909814e-02 2.861615873041880621e-03 1.808323030463469469e-02 1.598876175248468284e-02 1.522975257058611087e-01 1.741957365127791146e-01 8.995447086356229971e-02
0.000000000000000000e+00 0.000000000000000000e+00 1.241345645901060710e-02 0.000000000000000000e+00 1.223612594131884557e-01 2.588554400800604366e-03 0.000000000000000000e+00 2.579933361155861693e-03 1.846809590877053833e-02 1.864464392078587496e-01 0.000000000000000000e+00 1.174287519094395355e-01 0.000000000000000000e+00 1.440279227449463469e-02 7.749151586317544471e-02 0.000000000000000000e+00 0.000000000000000000e+00 9.756613573619880853e-02 0.000000000000000000e+00 0.000000000000000000e+00 7.773253879437182212e-02 1.109378747893942883e-02 6.747002776637580843e-03 1.476547757147939899e-01 1.050249607011638914e-01
8.870618823939078676e-03 0.000000000000000000e+00 0.000000000000000000e+00 3.551141775525918937e-04 1.576278279339297372e-01 4.579394493491545370e-02 2.194355981421705973e-02 1.714056948666539335e-02 0.000000000000000000e+00 1.361475200296049515e-01 0.000000000000000000e+00 7.215848147208257790e-02 0.000000000000000000e+00 0.000000000000000000e+00 1.058378483111092616e-01 0.000000000000000000e+00 6.677911877537701102e-02 0.000000000000000000e+00 2.108096025385210875e-02 4.710735757695671579e-03 1.317854726372344465e-03 1.221520904682424774e-01 7.117537007530556903e-02 1.416818012103412128e-01 5.226583748797440643e-03
0.000000000000000000e+00 0.000000000000000000e+00 4.456831709841182348e-02 0.000000000000000000e+00 1.173891116630042114e-01 0.000000000000000000e+00 1.772170425366878868e-02 1.337949812550064954e-01 0.000000000000000000e+00 2.474210597736764550e-02 0.000000000000000000e+00 5.202412350527854668e-02 0.000000000000000000e+00 0.000000000000000000e+00 1.898753164242832914e-01 0.000000000000000000e+00 2.188319519594026166e-02 1.364061481657969921e-01 2.291452445871893229e-01 0.000000000000000000e+00 0.000000000000000000e+00 0.000000000000000000e+00 0.000000000000000000e+00 0.000000000000000000e+00 3.244975187405260003e-02
0.000000000000000000e+00 1.561037552081064317e-01 0.000000000000000000e+00 1.362002845971810594e-01 7.879248483103509781e-02 0.000000000000000000e+00 6.240846649607383750e-02 5.820616445416494297e-03 0.000000000000000000e+00 1.220204505360289043e-01 0.000000000000000000e+00 1.922506875910065527e-02 0.000000000000000000e+00 0.000000000000000000e+00 1.731444173903869399e-01 0.000000000000000000e+00 0.000000000000000000e+00 0.000000000000000000e+00 3.505712983846998726e-02 0.000000000000000000e+00 0.000000000000000000e+00 0.000000000000000000e+00 0.000000000000000000e+00 5.251790862911965424e-02 1.587094172690809712e-01
3.588417405469501720e-02 0.000000000000000000e+00 1.000678768982587313e-01 0.000000000000000000e+00 7.968410410168036417e-02 3.392428077147947169e-02 7.352358291991007572e-03 0.000000000000000000e+00 0.000000000000000000e+00 5.432837109337906867e-02 0.000000000000000000e+00 1.212021109469979402e-01 8.644447259869529609e-02 1.542535840031145945e-02 1.933978940815497261e-01 0.000000000000000000e+00 0.000000000000000000e+00 1.989794416026905918e-02 5.859184153020101718e-04 0.000000000000000000e+00 3.063007809104721299e-02 3.855755732140671993e-02 0.000000000000000000e+00 0.000000000000000000e+00 1.826175007729370359e-01
3.162538420411602994e-03 0.000000000000000000e+00 0.000000000000000000e+00 3.659000928347485443e-02 2.210383180158204952e-01 1.136540608294913796e-01 6.600283529649694086e-03 2.783060864186275712e-02 0.000000000000000000e+00 5.745949686508398241e-02 0.000000000000000000e+00 8.466096395666819832e-03 5.959429994734705659e-03 1.062061248169412532e-02 1.976193039846244337e-01 7.693837165284718449e-02 2.093632892521057887e-02 1.065242890229826933e-01 7.021132827072043905e-03 3.053485449204572377e-02 3.174533551713232954e-02 0.000000000000000000e+00 1.013453907486886775e-02 2.541542983918750054e-02 1.748960206138354574e-03
6.883752919473362653e-02 0.000000000000000000e+00 0.000000000000000000e+00 3.032116736103444322e-03 4.473893667152623044e-02 0.000000000000000000e+00 1.785076676374337465e-02 1.343074513693250441e-02 1.132685577710053348e-02 1.770473755043911745e-01 0.000000000000000000e+00 2.262203499836310666e-02 0.000000000000000000e+00 0.000000000000000000e+00 2.503783668181953082e-01 0.000000000000000000e+00 0.000000000000000000e+00 2.194602117249812856e-01 0.000000000000000000e+00 4.127524849608849022e-03 0.000000000000000000e+00 0.000000000000000000e+00 0.000000000000000000e+00 6.655348782106336458e-02 1.005940480032572054e-01
0.000000000000000000e+00 0.000000000000000000e+00 0.000000000000000000e+00 5.409120868682718540e-03 0.000000000000000000e+00 0.000000000000000000e+00 1.193347771602207563e-01 0.000000000000000000e+00 0.000000000000000000e+00 0.000000000000000000e+00 0.000000000000000000e+00 6.052773457554067559e-03 1.726059248334221950e-03 0.000000000000000000e+00 2.011023897997126497e-01 2.074110953586028819e-03 9.690740816691052750e-02 5.742961679265661500e-03 2.309451105804932181e-01 1.386770845773263421e-02 5.283142138021437728e-02 1.900796781137202573e-02 1.215427601911565625e-01 1.234554302447646024e-01 0.000000000000000000e+00
1.628100693374802399e-02 1.843781514817349199e-01 0.000000000000000000e+00 1.135744674664054960e-01 1.133558131284331250e-01 0.000000000000000000e+00 0.000000000000000000e+00 1.167639136216299667e-01 0.000000000000000000e+00 1.223763570684982399e-01 0.000000000000000000e+00 0.000000000000000000e+00 0.000000000000000000e+00 0.000000000000000000e+00 7.071554314270604713e-02 0.000000000000000000e+00 1.708924432317166300e-02 3.398671485819270560e-02 1.428192125475823693e-01 1.367268412437285321e-02 0.000000000000000000e+00 1.501036227325736440e-03 4.327770306387623833e-02 0.000000000000000000e+00 1.020815201232278153e-02
0.000000000000000000e+00 1.699154246798488185e-02 0.000000000000000000e+00 1.045242033475219934e-01 0.000000000000000000e+00 0.000000000000000000e+00 8.064546945147479939e-03 0.000000000000000000e+00 8.520536539841211399e-02 8.569317015644366264e-02 0.000000000000000000e+00 0.000000000000000000e+00 0.000000000000000000e+00 0.000000000000000000e+00 3.019262216962150247e-01 0.000000000000000000e+00 0.000000000000000000e+00 6.119899747399630552e-02 0.000000000000000000e+00 0.000000000000000000e+00 0.000000000000000000e+00 0.000000000000000000e+00 1.545272002146823032e-01 0.000000000000000000e+00 1.818687522995961481e-01
1.516498658247695955e-03 1.097223251718958820e-01 1.380774882262130257e-02 0.000000000000000000e+00 1.497844209338593073e-02 0.000000000000000000e+00 7.931265246523632947e-03 9.299160305379668146e-02 9.186530796854160824e-03 7.164296070593831334e-02 4.139081335255631600e-03 1.286585702509621398e-01 0.000000000000000000e+00 2.082978254105507729e-02 5.056931660995876016e-02 2.007761580178543392e-01 3.111302923602146664e-02 0.000000000000000000e+00 2.860714635309838383e-02 0.000000000000000000e+00 0.000000000000000000e+00 7.091151684101572013e-04 2.155088781009437474e-02 1.706206125399870321e-01 2.064892558803910552e-02
0.000000000000000000e+00 1.747240424133176540e-01 4.499966096150147948e-03 2.984001876141001430e-02 2.507664590620741971e-02 8.916716719821972739e-03 2.573219951895973356e-02 0.000000000000000000e+00 0.000000000000000000e+00 1.149759493032592311e-01 3.804425388609956882e-03 1.079353780346920255e-01 0.000000000000000000e+00 0.000000000000000000e+00 1.798006979115114312e-01 0.000000000000000000e+00 0.000000000000000000e+00 1.699081881789500301e-02 0.000000000000000000e+00 8.441364948159741505e-03 0.000000000000000000e+00 2.432583155968234129e-02 2.009222040433152404e-02 1.464758218754490526e-01 1.083679023405427766e-01
0.000000000000000000e+00 1.018694604468378846e-02 1.267985989760026522e-01 6.577173032445949100e-03 1.556485481682298166e-01 0.000000000000000000e+00 1.345622661981591972e-01 1.103628862959617554e-03 0.000000000000000000e+00 5.230650981867875082e-02 0.000000000000000000e+00 2.883032985398238657e-02 4.060801002999316067e-02 1.141605630336020930e-02 2.856770043874523601e-01 7.974062198260595952e-03 0.000000000000000000e+00 0.000000000000000000e+00 1.368220154490322124e-02 0.000000000000000000e+00 0.000000000000000000e+00 0.000000000000000000e+00 1.209773266808892717e-01 3.651337899999035526e-03 0.000000000000000000e+00
0.000000000000000000e+00 0.000000000000000000e+00 3.438172558862092471e-02 5.856591731579181316e-03 1.145102445970329896e-01 3.847492191435619019e-02 0.000000000000000000e+00 1.520099749400267430e-01 0.000000000000000000e+00 9.613663935506349192e-03 0.000000000000000000e+00 2.860627840091085547e-02 0.000000000000000000e+00 0.000000000000000000e+00 1.130245320439625528e-01 3.997993023580738436e-02 3.503962078082947795e-02 4.207841284640557317e-02 0.000000000000000000e+00 0.000000000000000000e+00 1.870571936768040608e-02 1.832236141545136657e-02 1.180882258736321022e-01 1.674348155644180824e-01 6.387298076377979916e-02
1.836791785457809036e-04 0.000000000000000000e+00 0.000000000000000000e+00 0.000000000000000000e+00 2.416050596766871825e-02 1.430455427542804943e-03 2.055382983392957386e-02 0.000000000000000000e+00 0.000000000000000000e+00 1.297648231613733050e-01 0.000000000000000000e+00 0.000000000000000000e+00 0.000000000000000000e+00 0.000000000000000000e+00 2.280350263787110088e-01 0.000000000000000000e+00 0.000000000000000000e+00 0.000000000000000000e+00 5.928947044026720153e-02 0.000000000000000000e+00 0.000000000000000000e+00 1.226394089422306322e-01 5.565889843701640055e-02 2.111801313785584278e-01 1.471037708541561295e-01
0.000000000000000000e+00 5.703986800335313946e-03 0.000000000000000000e+00 1.653039713237930419e-02 1.503553840873640413e-01 0.000000000000000000e+00 0.000000000000000000e+00 0.000000000000000000e+00 2.428627038520477996e-02 2.064962602068171407e-03 0.000000000000000000e+00 1.933177296304925130e-01 0.000000000000000000e+00 0.000000000000000000e+00 5.434941172968934392e-02 7.274637264338366938e-02 0.000000000000000000e+00 0.000000000000000000e+00 1.369613371410635660e-01 0.000000000000000000e+00 0.000000000000000000e+00 6.652232627150929389e-02 5.203646291223772841e-02 1.839501375736704927e-02 2.067303449069052279e-01
0.000000000000000000e+00 0.000000000000000000e+00 2.899963683153673755e-02 9.543272317279934136e-02 0.000000000000000000e+00 1.441298802143855216e-02 8.504770499110948789e-02 1.744423545996434399e-01 0.000000000000000000e+00 1.825829957463444980e-02 0.000000000000000000e+00 0.000000000000000000e+00 0.000000000000000000e+00 0.000000000000000000e+00 1.768595530805947280e-01 1.292208814344933399e-01 2.919633064288682314e-02 4.516028281479465833e-02 0.000000000000000000e+00 0.000000000000000000e+00 2.525736118307927297e-02 0.000000000000000000e+00 0.000000000000000000e+00 1.705777487591335351e-01 7.134134893855664274e-03
0.000000000000000000e+00 0.000000000000000000e+00 0.000000000000000000e+00 3.116147841398131738e-02 1.180917678618719352e-01 0.000000000000000000e+00 1.145280125255232206e-01 1.157986223083313365e-02 0.000000000000000000e+00 0.000000000000000000e+00 0.000000000000000000e+00 3.941821542152217951e-03 0.000000000000000000e+00 0.000000000000000000e+00 1.681517883372165290e-01 0.000000000000000000e+00 0.000000000000000000e+00 0.000000000000000000e+00 0.000000000000000000e+00 0.000000000000000000e+00 7.347766114205006062e-03 0.000000000000000000e+00 1.271356935572916513e-01 1.383412750668880087e-01 2.797205343500369090e-01
2.802769631986212762e-02 0.000000000000000000e+00 7.851641402288528360e-03 4.745942187929847594e-02 1.440606246915589750e-01 0.000000000000000000e+00 0.000000000000000000e+00 0.000000000000000000e+00 0.000000000000000000e+00 1.988416284948222035e-01 7.637397001472111258e-03 1.425535633227246746e-01 0.000000000000000000e+00 1.104724264281655224e-02 2.094684674497336325e-03 1.552924374797916285e-02 0.000000000000000000e+00 6.972518665318848397e-02 0.000000000000000000e+00 2.282418330450899577e-02 0.000000000000000000e+00 0.000000000000000000e+00 1.404632306415682375e-01 1.618842552234141807e-01 0.000000000000000000e+00
0.000000000000000000e+00 7.503604062525319647e-03 3.438216227865911051e-02 0.000000000000000000e+00 3.671675477847628766e-02 1.134809393639532038e-01 1.563032238452521927e-02 9.007599707138873313e-02 0.000000000000000000e+00 0.000000000000000000e+00 0.000000000000000000e+00 1.431667163774587026e-01 0.000000000000000000e+00 1.899085262559632248e-03 1.025054641143904044e-01 5.671596936099242148e-02 1.693948636061141932e-03 5.345155816057124004e-02 0.000000000000000000e+00 2.646873123422642179e-02 0.000000000000000000e+00 0.000000000000000000e+00 0.000000000000000000e+00 1.004044787168539427e-01 2.159042681973582511e-01
0.000000000000000000e+00 0.000000000000000000e+00 0.000000000000000000e+00 8.979870482777610680e-04 1.069591692915413950e-01 0.000000000000000000e+00 1.110232486533368895e-01 6.859146171045423044e-04 0.000000000000000000e+00 4.406886181492071508e-02 6.404810297789507827e-03 1.254137522960822697e-02 7.168865091691094781e-03 0.000000000000000000e+00 1.834735277089159511e-01 1.851405671757439322e-02 0.000000000000000000e+00 1.165679058740238944e-01 3.586098022614283426e-02 0.000000000000000000e+00 1.506294779329360282e-02 0.000000000000000000e+00 0.000000000000000000e+00 5.440859097755029912e-03 3.353294905380242441e-01
3.423802782694122804e-02 1.985546617763301431e-04 0.000000000000000000e+00 0.000000000000000000e+00 1.935359611461116291e-01 0.000000000000000000e+00 0.000000000000000000e+00 1.156313271711331137e-01 0.000000000000000000e+00 1.372375901994845812e-02 0.000000000000000000e+00 0.000000000000000000e+00 0.000000000000000000e+00 4.099609018848940356e-03 5.526044081386435880e-02 0.000000000000000000e+00 4.524210483465478105e-02 2.574921513724514818e-02 0.000000000000000000e+00 1.179995715755083330e-01 9.200269224737458312e-03 8.292171718020350732e-03 6.828514411385906702e-02 1.771010703179123069e-01 1.314427734194385244e-01
0.000000000000000000e+00 2.587838911808870712e-02 0.000000000000000000e+00 0.000000000000000000e+00 8.235318781689264511e-02 1.023314922003589790e-02 8.779150763327586704e-02 0.000000000000000000e+00 5.840235874136201618e-04 8.962129989982453582e-02 1.976389844360823891e-02 1.262546638415543709e-01 0.000000000000000000e+00 0.000000000000000000e+00 8.205430633903212922e-02 0.000000000000000000e+00 7.699290182143852211e-03 0.000000000000000000e+00 0.000000000000000000e+00 0.000000000000000000e+00 1.855263719089888727e-02 5.779801360129837445e-02 1.399436294858851793e-01 7.168165435704175470e-02 1.797903492830058847e-01
0.000000000000000000e+00 0.000000000000000000e+00 1.084757355219960473e-01 0.000000000000000000e+00 6.069265620981566245e-02 0.000000000000000000e+00 0.000000000000000000e+00 0.000000000000000000e+00 0.000000000000000000e+00 6.907337612891850664e-02 3.445326616034823097e-02 1.236858578230822236e-01 0.000000000000000000e+00 3.437842154934030430e-03 1.560737048856660480e-01 1.297306638112486962e-02 0.000000000000000000e+00 2.324218065020515825e-02 1.030308946875984136e-02 1.897451598406036776e-04 0.000000000000000000e+00 3.022026454672796861e-02 1.625700604880579991e-01 2.631234854714313218e-02 1.782968058733797601e-01
0.000000000000000000e+00 6.211295939212532063e-02 0.000000000000000000e+00 7.111872824775791919e-03 0.000000000000000000e+00 0.000000000000000000e+00 1.229421019265425769e-01 0.000000000000000000e+00 5.055631382594442773e-03 0.000000000000000000e+00 0.000000000000000000e+00 0.000000000000000000e+00 0.000000000000000000e+00 0.000000000000000000e+00 1.546418311992608652e-01 0.000000000000000000e+00 1.162769390108672612e-01 2.198481951761105113e-01 1.218905447648927498e-01 0.000000000000000000e+00 0.000000000000000000e+00 0.000000000000000000e+00 1.275963204151978336e-01 0.000000000000000000e+00 6.252360390763250786e-02
0.000000000000000000e+00 1.030229586558754074e-01 1.172483597478367612e-01 0.000000000000000000e+00 1.502143492387717771e-01 8.658296966444179246e-03 0.000000000000000000e+00 0.000000000000000000e+00 0.000000000000000000e+00 0.000000000000000000e+00 0.000000000000000000e+00 0.000000000000000000e+00 0.000000000000000000e+00 0.000000000000000000e+00 2.631400179064785072e-01 0.000000000000000000e+00 1.345985067681152239e-02 0.000000000000000000e+00 1.873811509048694049e-02 0.000000000000000000e+00 0.000000000000000000e+00 0.000000000000000000e+00 0.000000000000000000e+00 5.673014179248024591e-02 2.687879099248146608e-01
6.497979076598332793e-03 0.000000000000000000e+00 0.000000000000000000e+00 0.000000000000000000e+00 0.000000000000000000e+00 4.220527860027015882e-02 3.339132376363017352e-02 8.642118469220441430e-04 5.422312045259446893e-04 1.407260092754937797e-01 0.000000000000000000e+00 2.987929258422556550e-02 0.000000000000000000e+00 0.000000000000000000e+00 3.274383226267467140e-01 1.186465927288103406e-01 2.732305614563676835e-02 7.212675552155572989e-02 0.000000000000000000e+00 0.000000000000000000e+00 1.332447820624075435e-02 0.000000000000000000e+00 3.960629480700157690e-02 1.243032861402292716e-01 2.312488747211281781e-02
0.000000000000000000e+00 0.000000000000000000e+00 0.000000000000000000e+00 6.914160490571523432e-03 1.158000196841989932e-01 5.633661087914228725e-03 2.592427562982251108e-03 3.875808619586260887e-03 0.000000000000000000e+00 4.128877496983391487e-02 0.000000000000000000e+00 1.361876231932404313e-01 1.359477542430719693e-02 0.000000000000000000e+00 7.011393742562585518e-02 7.966594620017666828e-02 2.561103974873733292e-03 0.000000000000000000e+00 0.000000000000000000e+00 0.000000000000000000e+00 0.000000000000000000e+00 0.000000000000000000e+00 1.659520546111093939e-02 2.343778285439688802e-01 2.707987273616092039e-01
5.779931778467846393e-02 4.848490224915995295e-02 1.135611715335298338e-01 2.279350199479071581e-03 0.000000000000000000e+00 0.000000000000000000e+00 1.527037926561227166e-01 1.500278431401816381e-01 0.000000000000000000e+00 1.128167137315149414e-02 0.000000000000000000e+00 1.290040575522003186e-01 0.000000000000000000e+00 5.259172636210367180e-02 0.000000000000000000e+00 6.869961347493286699e-03 0.000000000000000000e+00 6.779722506613944377e-02 0.000000000000000000e+00 0.000000000000000000e+00 0.000000000000000000e+00 0.000000000000000000e+00 3.779497210554509656e-02 0.000000000000000000e+00 1.698040086302149976e-01
4.439697676064335852e-02 1.273929777649422668e-01 8.838898359845627495e-02 2.806908045750041922e-02 1.311361108273722265e-01 0.000000000000000000e+00 2.789519222955497493e-02 0.000000000000000000e+00 0.000000000000000000e+00 0.000000000000000000e+00 0.000000000000000000e+00 2.235100716994388448e-02 1.075132274885563788e-02 0.000000000000000000e+00 5.754767920969159484e-02 2.644964058421119153e-03 1.400022453928408128e-01 1.540968501873763406e-02 1.570854544989337132e-01 0.000000000000000000e+00 9.591149334869729370e-02 0.000000000000000000e+00 0.000000000000000000e+00 1.873151394490556090e-03 4.914367552091807728e-02
0.000000000000000000e+00 0.000000000000000000e+00 1.389313571934055677e-02 1.510207430289046693e-01 1.536722131655716972e-01 2.823984173590129119e-03 1.007804803785996989e-01 1.163707108174679844e-01 6.725023051467395561e-03 0.000000000000000000e+00 0.000000000000000000e+00 2.833201942922098163e-02 0.000000000000000000e+00 0.000000000000000000e+00 3.497881974339536043e-02 1.136815717799160158e-01 0.000000000000000000e+00 0.000000000000000000e+00 4.751657655894395149e-02 1.131539926662035065e-03 0.000000000000000000e+00 2.491748820622562838e-02 2.134392131631489276e-02 1.696383294989552148e-01 1.317344320542385150e-02
3.547503318305297859e-02 3.460807835221976075e-02 0.000000000000000000e+00 7.902400570077783293e-02 0.000000000000000000e+00 0.000000000000000000e+00 1.209821825339704206e-02 1.202380597252567379e-01 1.432361399493232816e-03 0.000000000000000000e+00 0.000000000000000000e+00 1.348431338633792331e-01 0.000000000000000000e+00 8.228664613514439022e-03 4.471725163541315912e-02 0.000000000000000000e+00 3.679838706688837169e-02 2.420409532701361111e-01 1.818052681915879598e-01 0.000000000000000000e+00 1.168334398716455030e-02 5.515900730920481705e-04 0.000000000000000000e+00 3.244471293520412097e-05 5.642320597169153684e-02
0.000000000000000000e+00 0.000000000000000000e+00 0.000000000000000000e+00 4.110474396786728546e-02 8.577464903591829060e-02 0.000000000000000000e+00 2.216913730040847089e-02 0.000000000000000000e+00 0.000000000000000000e+00 2.954915823472007222e-02 0.000000000000000000e+00 3.856397160335245378e-02 0.000000000000000000e+00 0.000000000000000000e+00 1.916712983161217021e-01 1.318029466410328421e-01 0.000000000000000000e+00 0.000000000000000000e+00 1.244346944921537711e-02 5.930489825012858103e-03 1.045301445200465598e-02 1.314779651203090705e-02 0.000000000000000000e+00 1.561796579581294919e-01 2.612096667041854947e-01
0.000000000000000000e+00 3.256132758229286078e-02 3.705930496233875854e-02 1.179900986190342629e-02 2.451821241776472593e-01 8.566243146183734032e-04 6.811881055430120228e-03 0.000000000000000000e+00 0.000000000000000000e+00 1.254376760005065095e-01 0.000000000000000000e+00 0.000000000000000000e+00 1.773458961770566725e-03 0.000000000000000000e+00 1.104855567475948458e-01 1.018566248536460633e-01 1.103220364185324570e-01 1.049312484053663980e-02 1.919854897312235908e-01 1.067079756681273660e-02 0.000000000000000000e+00 0.000000000000000000e+00 2.704962925145781589e-03 0.000000000000000000e+00 0.000000000000000000e+00
0.000000000000000000e+00 1.770868737396395429e-02 0.000000000000000000e+00 1.483957075686631599e-03 1.087854236797166851e-06 2.747135721461694147e-03 1.131095727836975706e-01 8.584080944407239400e-02 1.940602343113648209e-02 7.281564562910508272e-04 0.000000000000000000e+00 3.866489254153672797e-03 1.938598670545292613e-02 2.191545677999990130e-02 2.466834834175505031e-01 1.151322732664810111e-01 0.000000000000000000e+00 0.000000000000000000e+00 1.613415674133413524e-01 6.126623086167381702e-03 1.284878631760081047e-01 2.403593366731034825e-02 2.794173863672044095e-02 4.057154456267819849e-03 0.000000000000000000e+00
