1.512546815064572947e-01 8.807724792787210294e-03 1.800922265455381921e-02 0.000000000000000000e+00 1.561076410008317185e-02 1.006307696650463185e-01 0.000000000000000000e+00 0.000000000000000000e+00 2.018697739735822172e-01 0.000000000000000000e+00 2.265149113915769855e-02 1.595672168794559087e-01 3.589718141528857633e-04 0.000000000000000000e+00 1.915682654042017569e-02 1.096379306134835988e-02 2.665952852950560087e-02 2.550553048804383646e-02 1.396033185466180049e-01 9.935038630878742505e-02
6.269107083457950425e-02 0.000000000000000000e+00 0.000000000000000000e+00 5.302687941237693714e-02 2.055972826986285015e-02 6.466730272114554201e-02 6.635102658921566976e-02 0.000000000000000000e+00 2.870276599648808324e-01 7.298578937085264430e-03 7.525309798068929509e-03 1.744555038446971296e-01 0.000000000000000000e+00 0.000000000000000000e+00 2.587929712731551393e-03 0.000000000000000000e+00 2.774257743463582476e-02 8.791380723316108425e-02 2.708184063901987113e-02 1.110707846085390998e-01
2.284338474648116568e-01 0.000000000000000000e+00 0.000000000000000000e+00 0.000000000000000000e+00 0.000000000000000000e+00 1.577607064972161299e-01 7.916719790438021820e-02 1.389534114574243057e-02 2.421101092346208267e-02 0.000000000000000000e+00 0.000000000000000000e+00 0.000000000000000000e+00 0.000000000000000000e+00 0.000000000000000000e+00 0.000000000000000000e+00 1.274506739121222254e-01 4.323005754740928686e-02 4.020770075554760958e-02 1.709118208141223449e-01 1.147316430351860844e-01
1.173165837436061787e-01 2.099903645664908064e-04 0.000000000000000000e+00 1.761032716630973188e-02 0.000000000000000000e+00 6.702264333535828955e-02 9.083255937299507254e-02 4.603731574522806208e-02 1.672470935372699641e-01 0.000000000000000000e+00 0.000000000000000000e+00 9.954604197872517213e-02 0.000000000000000000e+00 0.000000000000000000e+00 4.389918864127298481e-02 6.892847931032401905e-03 5.119617297645630283e-03 5.520019680308925480e-02 1.531950258531523390e-01 1.298705682297484620e-01
1.538114226182404343e-01 7.616297558541491874e-03 0.000000000000000000e+00 2.588473665665836157e-02 8.737564112296518359e-02 1.323662742781958057e-01 2.516905128725576042e-03 6.938401058520959896e-02 4.004500840426879378e-03 7.648348414718590324e-03 0.000000000000000000e+00 6.719220979178447406e-02 1.201640356878716093e-01 0.000000000000000000e+00 1.364030984954884814e-03 0.000000000000000000e+00 0.000000000000000000e+00 1.843795123461380164e-02 1.574204992241088064e-01 1.448131358729845553e-01
1.713525115932051368e-01 2.970668596293256358e-02 3.061732449206946288e-02 1.842308674410412031e-02 2.328453112761223395e-02 1.396397718534220511e-01 4.650737217143564861e-02 7.286701129151942902e-02 3.282441944935140209e-03 1.244375214738796115e-01 0.000000000000000000e+00 9.467078996015050596e-02 0.000000000000000000e+00 0.000000000000000000e+00 1.617000933299815417e-03 1.116521476099424232e-01 9.184540575930756623e-02 2.605589406730451918e-02 1.404050301487973912e-02 0.000000000000000000e+00
1.434704087641145154e-01 0.000000000000000000e+00 2.165333264747639277e-02 6.697307057473783631e-02 1.382431232068080662e-01 1.413308980933301873e-01 0.000000000000000000e+00 3.105134715643074333e-02 1.560594011755817856e-01 1.045895081545505784e-01 0.000000000000000000e+00 1.545747617459596601e-01 0.000000000000000000e+00 0.000000000000000000e+00 0.000000000000000000e+00 0.000000000000000000e+00 0.000000000000000000e+00 1.090805475074404889e-02 2.925893909983301108e-02 1.887154630433241029e-03
5.155529063836366416e-02 2.286687049127896984e-03 5.390316297896500380e-02 8.687667397482237708e-03 1.096852029579124810e-01 0.000000000000000000e+00 3.660021944339592742e-02 1.416319031842178389e-01 1.685983917797291565e-01 0.000000000000000000e+00 0.000000000000000000e+00 2.486505813700562173e-01 0.000000000000000000e+00 0.000000000000000000e+00 0.000000000000000000e+00 2.110023096908067441e-02 0.000000000000000000e+00 0.000000000000000000e+00 1.573006622316688863e-01 0.000000000000000000e+00
5.094018743163621771e-02 8.590931036618830452e-02 0.000000000000000000e+00 2.024025871446102909e-01 1.045465833813982726e-01 1.322134059018636176e-01 5.068630165945859668e-03 1.368033277149747762e-01 2.760709642224456334e-02 7.612311080386228133e-03 0.000000000000000000e+00 0.000000000000000000e+00 0.000000000000000000e+00 0.000000000000000000e+00 5.015130183418470278e-02 1.790563564083021142e-02 0.000000000000000000e+00 1.356404975105461042e-01 8.863052703984941258e-03 3.433607270120594968e-02
1.992807261804181024e-02 0.000000000000000000e+00 3.374190933719340563e-02 6.913385027520393966e-02 1.735560242985444979e-01 0.000000000000000000e+00 2.420110509501121037e-03 1.501439484508337030e-01 3.096778248922663762e-02 8.167964545098928275e-02 0.000000000000000000e+00 1.923209943800832933e-01 0.000000000000000000e+00 0.000000000000000000e+00 4.921121670771851087e-02 0.000000000000000000e+00 0.000000000000000000e+00 0.000000000000000000e+00 0.000000000000000000e+00 1.968964454826638011e-01
1.051764872234179776e-01 0.000000000000000000e+00 0.000000000000000000e+00 0.000000000000000000e+00 1.736681039794396239e-02 0.000000000000000000e+00 2.163396447685417973e-02 0.000000000000000000e+00 0.000000000000000000e+00 9.766290363607002534e-02 0.000000000000000000e+00 1.949005565898176418e-01 2.712631821283715064e-02 0.000000000000000000e+00 5.130939001942573519e-02 0.000000000000000000e+00 5.583188155708049098e-03 1.466819504907830030e-01 1.912807262978301059e-01 1.412777044993123454e-01
5.947575903398544424e-03 1.012569562448100563e-01 0.000000000000000000e+00 0.000000000000000000e+00 0.000000000000000000e+00 1.850037474419227168e-01 0.000000000000000000e+00 1.185629024871980020e-01 1.650740491018025113e-01 1.030764864120692174e-02 0.000000000000000000e+00 1.616399869082278395e-01 1.410236817095488621e-02 0.000000000000000000e+00 1.137684717649203522e-02 2.248659595383051529e-03 0.000000000000000000e+00 1.394358211442782158e-01 1.101671559549745110e-03 8.394176562477530246e-02
8.009185051799481633e-03 8.502646765604578161e-02 2.462919706558505673e-02 1.278740910326520430e-01 1.707392176965202568e-01 1.511200031169570857e-01 0.000000000000000000e+00 5.282200655039664787e-03 3.715866051546155152e-02 1.301912064847832451e-01 0.000000000000000000e+00 1.802865761831552449e-01 1.254186913803575706e-02 0.000000000000000000e+00 5.447139189074826776e-02 0.000000000000000000e+00 0.000000000000000000e+00 1.266993351321652438e-02 0.000000000000000000e+00 0.000000000000000000e+00
1.743223674303073234e-01 0.000000000000000000e+00 0.000000000000000000e+00 0.000000000000000000e+00 0.000000000000000000e+00 1.566698629140932664e-01 0.000000000000000000e+00 2.896494972257314740e-02 0.000000000000000000e+00 0.000000000000000000e+00 0.000000000000000000e+00 8.298793998149242568e-02 1.094557052673424125e-02 0.000000000000000000e+00 1.825152251198306208e-01 3.784776393907066105e-02 2.523621761656187346e-01 7.338414420027955520e-02 0.000000000000000000e+00 0.000000000000000000e+00
3.781615208590374810e-02 1.906606039166356889e-02 1.341545573558573269e-02 4.318691480564626484e-02 1.298890707338847816e-01 1.216836278877636845e-01 0.000000000000000000e+00 0.000000000000000000e+00 1.826183025449298614e-01 8.401180241011051153e-02 9.051447330759710211e-03 1.748248118288801001e-01 0.000000000000000000e+00 2.479940618007266812e-03 1.613696582407906088e-01 0.000000000000000000e+00 1.681290138778092011e-02 3.773853998293189189e-03 0.000000000000000000e+00 0.000000000000000000e+00
8.573496789016127329e-02 0.000000000000000000e+00 0.000000000000000000e+00 0.000000000000000000e+00 1.331218064973317509e-02 1.680522469978062983e-01 0.000000000000000000e+00 1.585624470491802662e-01 0.000000000000000000e+00 0.000000000000000000e+00 0.000000000000000000e+00 6.907985638388004779e-02 0.000000000000000000e+00 0.000000000000000000e+00 4.121454628873292420e-02 0.000000000000000000e+00 0.000000000000000000e+00 7.465111747355027139e-02 2.540075975045668621e-01 1.353850397623887480e-01
2.574458355366581186e-01 0.000000000000000000e+00 5.326854941218961415e-02 0.000000000000000000e+00 1.598033553797754969e-02 1.564410799006081820e-01 0.000000000000000000e+00 1.340638887287940728e-01 1.292370152123471262e-02 5.964158953913244188e-02 6.844464102116126075e-03 9.896183623338751512e-02 1.665848784595224232e-03 0.000000000000000000e+00 0.000000000000000000e+00 0.000000000000000000e+00 0.000000000000000000e+00 0.000000000000000000e+00 5.705210446878035413e-02 1.457107662345260291e-01
1.705565945337341738e-01 0.000000000000000000e+00 0.000000000000000000e+00 0.000000000000000000e+00 1.131619167427416611e-01 5.403996009859339360e-03 8.114973472684096009e-03 0.000000000000000000e+00 1.794696158181434131e-01 8.718128557668394785e-02 0.000000000000000000e+00 2.364517436232272951e-01 0.000000000000000000e+00 0.000000000000000000e+00 1.804156869995468537e-01 0.000000000000000000e+00 0.000000000000000000e+00 1.924418722337929016e-02 0.000000000000000000e+00 0.000000000000000000e+00
1.030797867878036761e-01 0.000000000000000000e+00 4.040749332569168462e-02 1.653910831611457855e-01 0.000000000000000000e+00 0.000000000000000000e+00 7.015799373017686524e-02 1.184197748742944478e-01 5.029654275329719509e-02 0.000000000000000000e+00 0.000000000000000000e+00 1.507009651859925747e-01 7.785736554895240566e-03 1.751767352694465641e-03 1.764424795905396304e-01 0.000000000000000000e+00 0.000000000000000000e+00 0.000000000000000000e+00 0.000000000000000000e+00 1.155663766834685163e-01
3.086204284803718834e-02 0.000000000000000000e+00 0.000000000000000000e+00 0.000000000000000000e+00 1.104608387812767156e-01 2.734164134908710284e-02 0.000000000000000000e+00 6.875076969791246717e-02 9.006678076490361173e-02 5.975381408075168543e-02 0.000000000000000000e+00 1.638860805526679287e-01 0.000000000000000000e+00 3.024190347069131632e-03 0.000000000000000000e+00 9.274208400271238828e-02 0.000000000000000000e+00 1.043212240752505217e-02 1.785954137789702023e-01 1.640842213890865431e-01
0.000000000000000000e+00 1.271628343420986018e-01 0.000000000000000000e+00 9.500087130427910254e-02 0.000000000000000000e+00 1.838362148584675665e-03 0.000000000000000000e+00 1.933191459768029974e-02 0.000000000000000000e+00 9.275442781719324403e-02 0.000000000000000000e+00 4.251414800519125459e-01 0.000000000000000000e+00 0.000000000000000000e+00 2.342454587136341415e-01 0.000000000000000000e+00 0.000000000000000000e+00 0.000000000000000000e+00 0.000000000000000000e+00 4.524651024617335274e-03
1.064083430274074399e-01 1.168951614344512953e-02 9.735607360986556214e-02 1.607333150443103764e-01 1.515152304540037277e-02 0.000000000000000000e+00 0.000000000000000000e+00 0.000000000000000000e+00 1.736667095042706555e-01 0.000000000000000000e+00 1.903621469528940860e-02 1.452765944383322128e-01 0.000000000000000000e+00 0.000000000000000000e+00 0.000000000000000000e+00 0.000000000000000000e+00 0.000000000000000000e+00 0.000000000000000000e+00 1.599100448162433796e-01 1.107716656754354490e-01
3.964881066348385774e-02 0.000000000000000000e+00 0.000000000000000000e+00 2.506511423247854975e-02 9.677174114624119416e-02 4.146010646079402451e-02 7.101793046703978873e-02 1.263495158589083012e-01 1.657102336243220786e-01 2.922349261185273189e-02 1.209911406487522434e-02 2.187523337674926738e-01 1.484952955834025964e-02 0.000000000000000000e+00 0.000000000000000000e+00 0.000000000000000000e+00 0.000000000000000000e+00 0.000000000000000000e+00 1.590520775441714163e-01 0.000000000000000000e+00
1.570391437481552868e-02 1.021384966820075846e-01 1.699077817263302745e-02 6.932265178533768453e-04 0.000000000000000000e+00 1.828197064053492804e-01 0.000000000000000000e+00 1.681052623463263063e-01 0.000000000000000000e+00 0.000000000000000000e+00 0.000000000000000000e+00 3.934490655195491821e-02 2.315009489720798886e-04 3.631707822317583462e-02 0.000000000000000000e+00 3.428112853369967225e-03 0.000000000000000000e+00 1.695382444577183123e-01 2.405267543178825629e-01 2.416201814794125338e-02
1.116737078734457017e-01 5.669773570268687654e-03 5.157576432615649555e-03 1.186813983618952156e-01 0.000000000000000000e+00 1.622158742202105819e-01 1.213354497254964942e-01 8.803323056227309318e-02 0.000000000000000000e+00 0.000000000000000000e+00 1.781130291067820753e-02 0.000000000000000000e+00 0.000000000000000000e+00 0.000000000000000000e+00 1.357098297279318300e-01 1.137449340191784702e-01 0.000000000000000000e+00 7.581845416570315299e-02 4.414846843030314355e-02 0.000000000000000000e+00
1.620352124115457398e-02 0.000000000000000000e+00 0.000000000000000000e+00 4.470481328306874502e-02 7.480908959302204342e-02 0.000000000000000000e+00 1.070090836662385553e-01 0.000000000000000000e+00 2.244592222518835001e-01 0.000000000000000000e+00 3.777430898403350695e-02 1.313425698825990418e-01 0.000000000000000000e+00 0.000000000000000000e+00 0.000000000000000000e+00 0.000000000000000000e+00 1.048878453715276493e-01 5.544618519464371287e-02 9.549130872040909046e-02 1.078720518114194837e-01
7.408482796088769473e-02 0.000000000000000000e+00 0.000000000000000000e+00 1.324776715327262433e-01 1.483464140131521558e-01 2.957128011623767413e-02 0.000000000000000000e+00 0.000000000000000000e+00 0.000000000000000000e+00 5.772585121214736381e-02 5.681120037363415753e-03 3.410292539427745573e-01 0.000000000000000000e+00 0.000000000000000000e+00 1.592894074160688678e-01 0.000000000000000000e+00 4.451370253099025398e-02 7.280471237651860161e-03 0.000000000000000000e+00 0.000000000000000000e+00
1.574923414614901318e-01 0.000000000000000000e+00 0.000000000000000000e+00 0.000000000000000000e+00 0.000000000000000000e+00 1.478593796300136098e-01 3.945050571013951368e-04 9.914868419088206097e-02 3.066701539474122051e-01 0.000000000000000000e+00 1.573287959766642499e-02 4.663842564016067865e-02 0.000000000000000000e+00 0.000000000000000000e+00 4.004714917136321245e-03 0.000000000000000000e+00 6.499284326191464602e-03 0.000000000000000000e+00 1.619126622640921220e-01 5.364696896785359215e-02
1.248207028124165979e-02 0.000000000000000000e+00 0.000000000000000000e+00 6.777161018242598700e-02 9.909904623172871574e-02 1.727605190450619624e-02 0.000000000000000000e+00 1.333306015964293677e-02 1.398287677595447774e-02 9.916997721005255118e-02 0.000000000000000000e+00 3.451367696978413502e-01 0.000000000000000000e+00 0.000000000000000000e+00 2.967324446268185516e-03 0.000000000000000000e+00 4.963787403840336926e-02 0.000000000000000000e+00 2.425166525363488812e-01 3.662668653558570631e-02
1.926912771586888340e-01 0.000000000000000000e+00 1.161166345575461029e-01 1.129475710012389084e-01 0.000000000000000000e+00 0.000000000000000000e+00 0.000000000000000000e+00 0.000000000000000000e+00 0.000000000000000000e+00 0.000000000000000000e+00 0.000000000000000000e+00 2.900895298538168077e-01 0.000000000000000000e+00 0.000000000000000000e+00 2.002350743823521351e-01 0.000000000000000000e+00 0.000000000000000000e+00 8.791991304635710103e-02 0.000000000000000000e+00 0.000000000000000000e+00
