0.000000000000000000e+00 2.303195428899545635e-02 5.189217476914801536e-02 3.413024480088532042e-02 9.634977770788514043e-03 0.000000000000000000e+00 1.023601561610100602e-01 1.778641310898556038e-01 1.946621674615892084e-02 0.000000000000000000e+00 0.000000000000000000e+00 1.606340930918554455e-01 0.000000000000000000e+00 0.000000000000000000e+00 1.194683600853060357e-01 0.000000000000000000e+00 8.160308506515527235e-03 0.000000000000000000e+00 0.000000000000000000e+00 0.000000000000000000e+00 4.801572232570651411e-02 0.000000000000000000e+00 1.038667526960686122e-01 1.609140159764729100e-02 1.253835060700587423e-01
9.654180856172982217e-02 1.282474049146360151e-01 0.000000000000000000e+00 0.000000000000000000e+00 2.250055440161320523e-03 0.000000000000000000e+00 1.861456796685719700e-02 1.011936825060048700e-01 1.160340548745577988e-01 0.000000000000000000e+00 1.742855245808252670e-02 7.033978637073406981e-02 0.000000000000000000e+00 0.000000000000000000e+00 5.659910956138023558e-02 0.000000000000000000e+00 8.017424195852684843e-02 0.000000000000000000e+00 0.000000000000000000e+00 0.000000000000000000e+00 2.622189146726306222e-02 0.000000000000000000e+00 3.094819276146532072e-02 1.460541072817932717e-01 1.093525438768075536e-01
1.645889702594186266e-01 1.093580314413829524e-01 0.000000000000000000e+00 1.098697426845732933e-01 3.461898001471532677e-02 1.401865017057691842e-01 1.302429299886033974e-02 4.364700051353825189e-02 0.000000000000000000e+00 3.730979398057747420e-02 0.000000000000000000e+00 1.171469193564269283e-02 2.906922391948066689e-02 1.502225816247558694e-02 1.639063705606436938e-01 0.000000000000000000e+00 0.000000000000000000e+00 0.000000000000000000e+00 0.000000000000000000e+00 0.000000000000000000e+00 0.000000000000000000e+00 1.928200659716648203e-03 1.185151595050960432e-01 7.240781658109123574e-03 0.000000000000000000e+00
1.059134704191322385e-02 0.000000000000000000e+00 0.000000000000000000e+00 4.116588515703540761e-04 1.483996819397708812e-02 0.000000000000000000e+00 2.020296237603050934e-03 0.000000000000000000e+00 7.428518481491268137e-03 0.000000000000000000e+00 4.369871457162027156e-02 1.109458262406087803e-01 0.000000000000000000e+00 0.000000000000000000e+00 1.327218872720710152e-01 0.000000000000000000e+00 1.338333158122449740e-01 0.000000000000000000e+00 1.011025686722077099e-01 0.000000000000000000e+00 5.896229256789078076e-03 8.763556103481758008e-02 1.656326381092855238e-01 1.541513251482212465e-01 2.909014507557891246e-02
0.000000000000000000e+00 1.673508357923219475e-02 0.000000000000000000e+00 0.000000000000000000e+00 0.000000000000000000e+00 0.000000000000000000e+00 1.495296300924721100e-01 0.000000000000000000e+00 0.000000000000000000e+00 0.000000000000000000e+00 0.000000000000000000e+00 2.024851612143837853e-01 2.915426477328902921e-02 6.983852127999536086e-02 1.945984001482113923e-01 0.000000000000000000e+00 2.324735848306117708e-02 0.000000000000000000e+00 1.941311415510049987e-01 1.180500503268505641e-01 0.000000000000000000e+00 0.000000000000000000e+00 2.230388551499247994e-03 0.000000000000000000e+00 0.000000000000000000e+00
0.000000000000000000e+00 1.487520526466032111e-01 3.664551467364420001e-02 1.357697869441715777e-01 0.000000000000000000e+00 0.000000000000000000e+00 5.150185336718851419e-03 2.918631657386309627e-02 0.000000000000000000e+00 1.573260285018915306e-03 5.879219410261257717e-02 3.248828910052220520e-02 0.000000000000000000e+00 0.000000000000000000e+00 2.310253282139040076e-01 0.000000000000000000e+00 0.000000000000000000e+00 0.000000000000000000e+00 7.115314411305818931e-02 1.811374707451671173e-02 0.000000000000000000e+00 3.765215490814240173e-02 9.239569053256532771e-02 5.608560336188060311e-03 9.569377515847056481e-02
2.590934177758478368e-02 1.123285999541416974e-01 9.322128807196711220e-02 6.601707294006886606e-02 1.820896810066441884e-01 0.000000000000000000e+00 0.000000000000000000e+00 3.308258291815581800e-03 1.597243320754481583e-02 1.384464531324351190e-02 0.000000000000000000e+00 0.000000000000000000e+00 0.000000000000000000e+00 0.000000000000000000e+00 1.546438021056896761e-01 0.000000000000000000e+00 3.250861843049027144e-02 0.000000000000000000e+00 1.225312533471359933e-01 0.000000000000000000e+00 1.022852104867225630e-02 3.096747559751225620e-02 7.779905850146658086e-02 0.000000000000000000e+00 5.862995040602243108e-02
0.000000000000000000e+00 1.203831259878300336e-01 5.145812355835760639e-03 0.000000000000000000e+00 0.000000000000000000e+00 0.000000000000000000e+00 0.000000000000000000e+00 9.842457467103900466e-04 0.000000000000000000e+00 1.227165867188304560e-01 6.287505751644154040e-02 3.676969268374707250e-02 2.470271409031661743e-04 0.000000000000000000e+00 1.835810811039780555e-01 0.000000000000000000e+00 1.219338439428230975e-01 0.000000000000000000e+00 4.861328165655971062e-02 0.000000000000000000e+00 0.000000000000000000e+00 0.000000000000000000e+00 1.488845035169421016e-01 1.006011565512504452e-01 4.726458507814827736e-02
2.842837065289497214e-02 9.125924397071397132e-02 0.000000000000000000e+00 0.000000000000000000e+00 4.347898158009295272e-02 0.000000000000000000e+00 0.000000000000000000e+00 1.578353289574581653e-01 1.100645982700652337e-01 0.000000000000000000e+00 0.000000000000000000e+00 1.813642012485955635e-01 0.000000000000000000e+00 3.133322515281718873e-02 1.795092474650410719e-01 0.000000000000000000e+00 0.000000000000000000e+00 0.000000000000000000e+00 0.000000000000000000e+00 7.549358493976489337e-02 0.000000000000000000e+00 0.000000000000000000e+00 1.012332177625559770e-01 0.000000000000000000e+00 0.000000000000000000e+00
1.231687674606687932e-02 1.092561528428415557e-01 0.000000000000000000e+00 4.154853667199802369e-02 4.030534388496648940e-02 0.000000000000000000e+00 1.205911441473180544e-02 1.183969182359610878e-01 3.832190241595063301e-02 1.488387399708858971e-01 2.501916183565289220e-02 1.184066705107890832e-01 1.155752817712240622e-02 0.000000000000000000e+00 1.491997201824102892e-01 0.000000000000000000e+00 0.000000000000000000e+00 0.000000000000000000e+00 0.000000000000000000e+00 0.000000000000000000e+00 0.000000000000000000e+00 3.033913199201441861e-03 0.000000000000000000e+00 0.000000000000000000e+00 1.717394209114215808e-01
2.160432829956244333e-02 7.047484500295897068e-04 1.337544701692499893e-01 2.030990988370713277e-03 1.765193984049070672e-02 0.000000000000000000e+00 1.611273180771976565e-01 0.000000000000000000e+00 2.737949590072807221e-02 0.000000000000000000e+00 0.000000000000000000e+00 1.838404158099565255e-01 5.717004243670528035e-02 0.000000000000000000e+00 1.600876149905941515e-01 0.000000000000000000e+00 0.000000000000000000e+00 7.049446883423820219e-03 0.000000000000000000e+00 3.104136560493558211e-02 0.000000000000000000e+00 2.583229510888453498e-02 1.663990688174438182e-01 0.000000000000000000e+00 4.326458622427197497e-03
0.000000000000000000e+00 0.000000000000000000e+00 3.046154003968520874e-02 5.333296222343950066e-03 1.347536404821945144e-01 1.068526390485862593e-02 4.878783870974174111e-03 1.357190544402349652e-01 3.148744531872858105e-02 6.022024740191894016e-02 0.000000000000000000e+00 2.965878916706387591e-01 0.000000000000000000e+00 0.000000000000000000e+00 0.000000000000000000e+00 0.000000000000000000e+00 0.000000000000000000e+00 0.000000000000000000e+00 1.366580486015224749e-01 1.518608903024259472e-02 0.000000000000000000e+00 4.459757361935895274e-03 1.335689416547212738e-01 0.000000000000000000e+00 0.000000000000000000e+00
0.000000000000000000e+00 1.746923236826805337e-01 0.000000000000000000e+00 0.000000000000000000e+00 2.039207529996985013e-02 7.735880182758338164e-02 1.486454794670919177e-01 0.000000000000000000e+00 1.009291904185016797e-02 5.749019000843342414e-02 3.979765001419123191e-03 1.954226348351355835e-01 0.000000000000000000e+00 0.000000000000000000e+00 0.000000000000000000e+00 0.000000000000000000e+00 0.000000000000000000e+00 0.000000000000000000e+00 1.803849177401591342e-01 0.000000000000000000e+00 4.858136799454632754e-02 4.008238770676503249e-02 3.054173849942331057e-02 0.000000000000000000e+00 1.233539889494218895e-02
0.000000000000000000e+00 1.276462430815664129e-01 0.000000000000000000e+00 9.867271780750915683e-03 1.945458195479058197e-02 7.171421627630077990e-03 0.000000000000000000e+00 0.000000000000000000e+00 0.000000000000000000e+00 8.226049131242771373e-02 0.000000000000000000e+00 2.532249578503789622e-01 0.000000000000000000e+00 3.143720621110516339e-02 1.781669453511090517e-01 0.000000000000000000e+00 0.000000000000000000e+00 0.000000000000000000e+00 1.530687557430779333e-01 0.000000000000000000e+00 1.024336283532573388e-01 3.526849673390588386e-02 0.000000000000000000e+00 0.000000000000000000e+00 0.000000000000000000e+00
0.000000000000000000e+00 8.848475671071509563e-02 6.302199758042660582e-02 0.000000000000000000e+00 9.089776754940517844e-02 0.000000000000000000e+00 3.881893898677590132e-02 9.893823775164371781e-02 0.000000000000000000e+00 1.119435130531019756e-01 0.000000000000000000e+00 2.810629351549516763e-01 1.540362475169294344e-02 0.000000000000000000e+00 1.741126259203644999e-01 0.000000000000000000e+00 0.000000000000000000e+00 1.576583099391971193e-02 0.000000000000000000e+00 0.000000000000000000e+00 0.000000000000000000e+00 0.000000000000000000e+00 2.155079006085863433e-03 1.939469254091675393e-02 0.000000000000000000e+00
4.867679250472973368e-02 0.000000000000000000e+00 0.000000000000000000e+00 1.198386974311065230e-02 1.222498779451933748e-01 0.000000000000000000e+00 0.000000000000000000e+00 0.000000000000000000e+00 0.000000000000000000e+00 1.347283317904619804e-01 0.000000000000000000e+00 0.000000000000000000e+00 8.649205090044869218e-03 0.000000000000000000e+00 8.552587008542615610e-02 0.000000000000000000e+00 0.000000000000000000e+00 0.000000000000000000e+00 1.671215145199218544e-01 2.434111579172581509e-03 5.961846434171440799e-03 1.094380978135247977e-02 1.593463891345549555e-01 7.028395483677984945e-02 1.720944265550799490e-01
1.070076428620705608e-02 5.256251274069514978e-02 1.508728663541268056e-01 1.093404935846030088e-02 1.228947496893854907e-01 1.360901650546878505e-01 8.239971694003757688e-03 0.000000000000000000e+00 1.933275241861414284e-03 1.391296520722891394e-01 2.644194816374744253e-02 7.053524007514956617e-02 1.067978421542808455e-02 0.000000000000000000e+00 1.129408487365059499e-01 0.000000000000000000e+00 0.000000000000000000e+00 0.000000000000000000e+00 0.000000000000000000e+00 1.729064035411993425e-03 0.000000000000000000e+00 7.958831961134633926e-02 1.734138838355219620e-02 1.384966603072648045e-02 3.353573425641503958e-02
0.000000000000000000e+00 1.145167238869285566e-03 1.384188676497615789e-01 0.000000000000000000e+00 3.254383153939596068e-02 0.000000000000000000e+00 3.211688105218265393e-02 1.413551029610199683e-01 8.577389250762387351e-04 2.033595154254998483e-01 0.000000000000000000e+00 1.668896916531156446e-02 0.000000000000000000e+00 0.000000000000000000e+00 2.555509799837796248e-01 0.000000000000000000e+00 4.199327258219040862e-03 0.000000000000000000e+00 1.401636964421663634e-01 0.000000000000000000e+00 0.000000000000000000e+00 2.203320134888931206e-02 0.000000000000000000e+00 2.348280771326813950e-03 9.218440238501846365e-03
0.000000000000000000e+00 5.056174199168888064e-03 0.000000000000000000e+00 3.255272643173370145e-02 1.381224162962216007e-01 0.000000000000000000e+00 0.000000000000000000e+00 0.000000000000000000e+00 4.652813877934587616e-02 0.000000000000000000e+00 0.000000000000000000e+00 8.290874048685605013e-02 3.320648037335316438e-02 0.000000000000000000e+00 1.952989193798894962e-01 1.577971060148163768e-02 0.000000000000000000e+00 9.108057574032714376e-02 3.607514138556697225e-02 0.000000000000000000e+00 4.806496936122534730e-02 0.000000000000000000e+00 4.396519662946362511e-02 3.162654527178134639e-02 1.997342650635850481e-01
4.785477222023706151e-02 1.135268481915905209e-01 0.000000000000000000e+00 0.000000000000000000e+00 0.000000000000000000e+00 1.544332715480020365e-02 8.742545413380306552e-03 6.985196130748952403e-02 7.702918397461339453e-03 2.029510765635595404e-01 0.000000000000000000e+00 0.000000000000000000e+00 5.858585984560012866e-02 0.000000000000000000e+00 1.716683046851093519e-01 0.000000000000000000e+00 0.000000000000000000e+00 0.000000000000000000e+00 0.000000000000000000e+00 2.760686636888255718e-02 5.727667431324565128e-02 1.477428119867181533e-02 1.348543475506151605e-02 4.184309669788244604e-03 1.863448199151221674e-01
1.933025496092529230e-02 4.440862375730018907e-02 1.835475925280853626e-02 3.198431772362502357e-03 1.146129571371621025e-01 1.617743555886139439e-01 9.192673919877392304e-04 3.502911650970905871e-02 0.000000000000000000e+00 4.851042926608403749e-02 0.000000000000000000e+00 2.851019874032767465e-01 0.000000000000000000e+00 6.741944144006064600e-03 0.000000000000000000e+00 0.000000000000000000e+00 2.081788979349596252e-02 9.204176798153709815e-02 1.497267570130510379e-02 2.119851991386468085e-02 0.000000000000000000e+00 0.000000000000000000e+00 2.906532258902612062e-02 0.000000000000000000e+00 8.392169683653469270e-02
1.414540026094156591e-02 6.247141370330284299e-02 9.199198944215396245e-02 9.337167932744593057e-02 0.000000000000000000e+00 0.000000000000000000e+00 3.297010626151614891e-03 3.418588717448670100e-02 0.000000000000000000e+00 1.059550607499937375e-01 0.000000000000000000e+00 0.000000000000000000e+00 5.624786262762616895e-02 2.182097744424799785e-02 2.826452453001664922e-01 0.000000000000000000e+00 2.309328329685345418e-02 0.000000000000000000e+00 0.000000000000000000e+00 0.000000000000000000e+00 0.000000000000000000e+00 0.000000000000000000e+00 1.108825603063825355e-01 0.000000000000000000e+00 9.989162974024688724e-02
1.516560425384466324e-02 1.185605666176042655e-01 0.000000000000000000e+00 0.000000000000000000e+00 7.178238907637012056e-02 9.353816481114198000e-02 7.478444772048310762e-02 5.226087543816094333e-02 0.000000000000000000e+00 3.703915100616189671e-02 0.000000000000000000e+00 1.719604769526513199e-01 9.157343476018865031e-03 3.708866619845051921e-02 2.898173585630636068e-02 0.000000000000000000e+00 0.000000000000000000e+00 5.849986577899576878e-04 1.417077017023861130e-01 0.000000000000000000e+00 0.000000000000000000e+00 0.000000000000000000e+00 1.302631874460167816e-01 6.884344415670677272e-03 1.024034637094235582e-02
0.000000000000000000e+00 0.000000000000000000e+00 0.000000000000000000e+00 0.000000000000000000e+00 2.124505474941319472e-01 0.000000000000000000e+00 0.000000000000000000e+00 0.000000000000000000e+00 1.795389959523744847e-02 1.062505195065722163e-01 0.000000000000000000e+00 1.931373815231454683e-02 2.720073763768245112e-02 0.000000000000000000e+00 1.362288173357177889e-01 0.000000000000000000e+00 0.000000000000000000e+00 2.270746031241067248e-02 1.657130059109886977e-01 0.000000000000000000e+00 0.000000000000000000e+00 7.755339026541240022e-02 1.483230978937015165e-01 6.630478589583023441e-02 0.000000000000000000e+00
1.211306931823183212e-02 1.109538195510838682e-01 7.578233936170350460e-02 0.000000000000000000e+00 7.264208669517509265e-02 0.000000000000000000e+00 0.000000000000000000e+00 1.084944241347420846e-01 0.000000000000000000e+00 4.826594803263324802e-03 0.000000000000000000e+00 2.275881237185604089e-01 3.090290781868072420e-02 6.045974154508853594e-03 1.531369014510560456e-01 0.000000000000000000e+00 0.000000000000000000e+00 0.000000000000000000e+00 1.138175694848730067e-02 0.000000000000000000e+00 0.000000000000000000e+00 0.000000000000000000e+00 2.593061534793102488e-02 0.000000000000000000e+00 1.602013866965760203e-01
9.231658184849933502e-02 2.095656436406153900e-01 0.000000000000000000e+00 0.000000000000000000e+00 1.321745098541600716e-01 5.203389885169974749e-02 7.855093877079166731e-02 0.000000000000000000e+00 0.000000000000000000e+00 0.000000000000000000e+00 0.000000000000000000e+00 1.892246509135667443e-01 0.000000000000000000e+00 0.000000000000000000e+00 1.914436046044949019e-02 0.000000000000000000e+00 0.000000000000000000e+00 0.000000000000000000e+00 1.919828750115868399e-01 0.000000000000000000e+00 0.000000000000000000e+00 0.000000000000000000e+00 0.000000000000000000e+00 3.500654064863079062e-02 0.000000000000000000e+00
7.350429394988940157e-02 1.146458209028157621e-01 0.000000000000000000e+00 0.000000000000000000e+00 0.000000000000000000e+00 9.661255624236551875e-02 2.039224472668343668e-01 0.000000000000000000e+00 3.711219577821035093e-02 8.643404810585404718e-02 1.472719735270965362e-03 1.574174002917905213e-01 3.884568615738828441e-04 0.000000000000000000e+00 1.258134844466684554e-01 0.000000000000000000e+00 0.000000000000000000e+00 1.196601813816177383e-02 2.244649088603662204e-02 0.000000000000000000e+00 0.000000000000000000e+00 4.549118144391825491e-02 0.000000000000000000e+00 2.277288595060991683e-02 0.000000000000000000e+00
1.308996985008212439e-02 4.499965776836209463e-02 1.671384161426955201e-02 1.498247983712008326e-02 1.364167309896810731e-01 0.000000000000000000e+00 8.889683897392886003e-02 0.000000000000000000e+00 4.943445359686787083e-02 1.429286523762814121e-01 0.000000000000000000e+00 3.402075436928202884e-02 4.443846767855037100e-02 0.000000000000000000e+00 1.519156369537475459e-01 1.022886828754857730e-01 0.000000000000000000e+00 0.000000000000000000e+00 0.000000000000000000e+00 0.000000000000000000e+00 9.119960214799018722e-03 0.000000000000000000e+00 4.364511160868623715e-03 1.463893617406735181e-01 0.000000000000000000e+00
0.000000000000000000e+00 0.000000000000000000e+00 1.234182393045056905e-02 0.000000000000000000e+00 4.856991660561303312e-03 0.000000000000000000e+00 2.095025715912864073e-02 1.282505308528295584e-01 4.709826318350020247e-03 0.000000000000000000e+00 0.000000000000000000e+00 2.581601835634340647e-01 0.000000000000000000e+00 4.051208864795785569e-02 1.626323135581137502e-01 0.000000000000000000e+00 0.000000000000000000e+00 0.000000000000000000e+00 0.000000000000000000e+00 0.000000000000000000e+00 4.223290969853454174e-02 0.000000000000000000e+00 1.813463676546681891e-01 1.440067069559714807e-01 0.000000000000000000e+00
1.082905475374943416e-01 3.862532487830364070e-02 1.592611000436612578e-02 0.000000000000000000e+00 7.852521615571338154e-02 0.000000000000000000e+00 2.315002263736853916e-02 0.000000000000000000e+00 1.243156440883435437e-02 1.220469255023388933e-02 0.000000000000000000e+00 1.680071376832821262e-01 0.000000000000000000e+00 1.383584241847164546e-02 1.388974482588086479e-01 0.000000000000000000e+00 0.000000000000000000e+00 0.000000000000000000e+00 9.341258702912835776e-02 7.522865461633182526e-04 0.000000000000000000e+00 1.733260092376945338e-02 5.492495024594891244e-03 1.442241932943414129e-01 1.288919306491258243e-01
0.000000000000000000e+00 1.501899774754175687e-01 3.292195722831586097e-02 0.000000000000000000e+00 2.115484072376291533e-02 2.088787101900909174e-02 8.407127197414139552e-02 8.339950411999384750e-02 0.000000000000000000e+00 0.000000000000000000e+00 0.000000000000000000e+00 9.002104911606481630e-03 0.000000000000000000e+00 0.000000000000000000e+00 2.363361329730438720e-01 0.000000000000000000e+00 0.000000000000000000e+00 0.000000000000000000e+00 1.697740463190260396e-01 0.000000000000000000e+00 0.000000000000000000e+00 1.029261988048656012e-01 8.597434089973504667e-02 0.000000000000000000e+00 3.361753551082257395e-03
2.859738520250195218e-02 1.158990890210675681e-02 1.336442899752136523e-02 0.000000000000000000e+00 2.892166326982860414e-02 1.366963722774487966e-01 0.000000000000000000e+00 1.041861025593927292e-01 9.430379367941915669e-02 2.917750558094482360e-01 2.457660430725935527e-02 0.000000000000000000e+00 0.000000000000000000e+00 0.000000000000000000e+00 5.195946371313691498e-02 0.000000000000000000e+00 0.000000000000000000e+00 0.000000000000000000e+00 2.151125378229817517e-03 2.198326766486841111e-02 1.200773953645767420e-03 1.000872204413231353e-01 0.000000000000000000e+00 8.860683384386891515e-02 0.000000000000000000e+00
0.000000000000000000e+00 0.000000000000000000e+00 0.000000000000000000e+00 0.000000000000000000e+00 0.000000000000000000e+00 0.000000000000000000e+00 5.909851575685621389e-02 2.022207196094054915e-01 3.671428296191624197e-02 7.993930710505262049e-02 0.000000000000000000e+00 1.493653450929511017e-01 0.000000000000000000e+00 0.000000000000000000e+00 3.390009672875791275e-02 2.608347906916038805e-03 0.000000000000000000e+00 0.000000000000000000e+00 0.000000000000000000e+00 0.000000000000000000e+00 4.122970332324286252e-03 3.247697194654326075e-02 3.692676629198890503e-02 2.256610211551128009e-01 1.369656551121751220e-01
0.000000000000000000e+00 0.000000000000000000e+00 4.103739211591488772e-02 0.000000000000000000e+00 1.112945587007669289e-02 0.000000000000000000e+00 7.469899737391527683e-02 0.000000000000000000e+00 0.000000000000000000e+00 4.993583126111783566e-02 0.000000000000000000e+00 1.944139075979048892e-01 0.000000000000000000e+00 0.000000000000000000e+00 1.902432340741833372e-01 0.000000000000000000e+00 0.000000000000000000e+00 1.155112800518431765e-01 0.000000000000000000e+00 0.000000000000000000e+00 1.165482800063257218e-01 2.900667144444638978e-03 4.970317523778704227e-02 1.538777792664864918e-01 0.000000000000000000e+00
0.000000000000000000e+00 1.396807081134571749e-01 4.487021099134080870e-02 0.000000000000000000e+00 6.253067994690654496e-02 1.223515087019213209e-02 1.275264942596221751e-01 1.483612646205994812e-01 0.000000000000000000e+00 4.359550606265714945e-03 1.187935449504882481e-02 2.674257237357369199e-01 0.000000000000000000e+00 3.948365120560567293e-03 2.165170624632749632e-02 0.000000000000000000e+00 0.000000000000000000e+00 0.000000000000000000e+00 0.000000000000000000e+00 0.000000000000000000e+00 0.000000000000000000e+00 0.000000000000000000e+00 0.000000000000000000e+00 1.528491215595701169e-01 2.681669434372043782e-03
0.000000000000000000e+00 1.379518172868675063e-01 0.000000000000000000e+00 1.832539281189571670e-02 0.000000000000000000e+00 0.000000000000000000e+00 4.873128003065248237e-02 0.000000000000000000e+00 0.000000000000000000e+00 0.000000000000000000e+00 7.618665999870384564e-02 2.139971909044930884e-02 0.000000000000000000e+00 0.000000000000000000e+00 4.059013898947620991e-01 0.000000000000000000e+00 0.000000000000000000e+00 8.290126794189400794e-02 1.322456063804453887e-02 0.000000000000000000e+00 0.000000000000000000e+00 0.000000000000000000e+00 0.000000000000000000e+00 5.586527351626070781e-02 1.395126387904697673e-01
0.000000000000000000e+00 1.027659078472838508e-02 3.860964224467752087e-02 4.899186998703983220e-02 6.938875474043243625e-03 0.000000000000000000e+00 0.000000000000000000e+00 6.535346298559911726e-02 0.000000000000000000e+00 1.203819845127300919e-01 0.000000000000000000e+00 1.550234233002243389e-01 1.499834961375938122e-02 7.994280191153250656e-03 1.205425648264492750e-01 0.000000000000000000e+00 0.000000000000000000e+00 5.783617090489242413e-02 3.765352112307696151e-03 0.000000000000000000e+00 0.000000000000000000e+00 3.207272353994299746e-02 1.578159539762454266e-01 1.593987555462069439e-01 0.000000000000000000e+00
0.000000000000000000e+00 1.260592360071177420e-01 0.000000000000000000e+00 5.583236788962417374e-02 0.000000000000000000e+00 0.000000000000000000e+00 8.931944124959555198e-02 0.000000000000000000e+00 3.354744792926033642e-03 1.055984393350952247e-02 0.000000000000000000e+00 3.843829307878409568e-02 0.000000000000000000e+00 0.000000000000000000e+00 1.868193796720582500e-01 0.000000000000000000e+00 0.000000000000000000e+00 0.000000000000000000e+00 9.665973877670108738e-02 0.000000000000000000e+00 7.549063729412861662e-03 2.310477879825877795e-02 0.000000000000000000e+00 2.186761326555378415e-01 1.436269794164740099e-01
0.000000000000000000e+00 8.226161625092290319e-02 0.000000000000000000e+00 0.000000000000000000e+00 4.560513305919810384e-02 1.240891603172023516e-01 3.104998073259970098e-02 0.000000000000000000e+00 9.090999199593360891e-02 1.551076651595509857e-02 0.000000000000000000e+00 1.121738124470374881e-02 0.000000000000000000e+00 0.000000000000000000e+00 2.563396347445872081e-01 0.000000000000000000e+00 0.000000000000000000e+00 0.000000000000000000e+00 0.000000000000000000e+00 1.943743307332896492e-02 4.334950155531361315e-02 0.000000000000000000e+00 0.000000000000000000e+00 1.432219842976514834e-01 1.370074162126031503e-01
0.000000000000000000e+00 1.472320222608850537e-01 0.000000000000000000e+00 4.448854813438896452e-03 8.186299296039234452e-02 0.000000000000000000e+00 0.000000000000000000e+00 1.767014459980333681e-03 0.000000000000000000e+00 1.487843249719217886e-01 0.000000000000000000e+00 4.473922966339621138e-02 2.120013934423943189e-03 0.000000000000000000e+00 1.849992423852524215e-01 7.392594734773567933e-02 1.720183325505559918e-03 3.217847315161445620e-02 1.890653206554070154e-01 0.000000000000000000e+00 4.859088257953123047e-02 0.000000000000000000e+00 3.684257964807442776e-02 0.000000000000000000e+00 1.722917842440708580e-03
