0.000000000000000000e+00 2.118782334154977257e-02 5.145107725684617411e-02 1.145592618312815843e-02 5.285488129040320088e-02 1.186111249205578332e-02 9.914162263858401769e-02 1.074536214407001283e-01 1.005846260816049137e-02 1.488029443792234646e-02 2.341546567691060298e-03 2.505813756448340909e-02 1.313767111866541090e-02 8.785602561594442819e-03 1.561379219528239715e-01 0.000000000000000000e+00 0.000000000000000000e+00 2.581166097587783963e-03 5.235916881705891639e-03 0.000000000000000000e+00 0.000000000000000000e+00 1.258401854843672896e-01 1.025415180904551277e-01 1.350279610134570707e-01 4.296755097781841670e-02
1.514104550299937620e-03 7.711078694780344051e-03 5.125723804737553502e-04 1.056623003263241871e-02 1.349422309790958563e-01 3.388389124567395966e-02 1.839227208913463835e-02 3.376099839427291051e-04 2.939633106044749547e-02 0.000000000000000000e+00 0.000000000000000000e+00 1.004716007209647127e-01 0.000000000000000000e+00 0.000000000000000000e+00 1.358841512555212516e-01 0.000000000000000000e+00 1.173102608813862413e-01 1.559038727657236501e-01 2.769135429135268292e-02 9.360795233885570513e-03 1.566844622858670636e-03 6.987363062990672481e-03 7.682878572366223791e-02 0.000000000000000000e+00 1.307386504251732973e-01
4.989022925978273300e-04 3.412849359936740053e-03 2.298436461252219981e-02 0.000000000000000000e+00 6.545867017994932979e-02 8.494499466293936650e-05 4.798863018626174648e-02 4.873828247940453773e-02 7.887032324621587320e-02 8.490966381477921265e-03 0.000000000000000000e+00 1.540078714549562577e-01 0.000000000000000000e+00 4.780024301671017065e-03 1.649605712530814727e-01 9.635233226815205498e-02 4.817073789293329538e-04 9.725917892132050768e-02 0.000000000000000000e+00 1.009442938080430396e-01 0.000000000000000000e+00 1.109596307316566312e-02 0.000000000000000000e+00 2.290060659908671470e-02 7.068951720856478382e-02
3.865287392577878428e-02 2.548250988180454993e-02 2.143386563183743293e-02 0.000000000000000000e+00 2.066729082847135537e-02 2.063456383517804291e-02 1.299787152284932190e-01 1.523073181465663464e-02 2.062254615524655374e-02 1.336521058497073811e-01 1.518004974624246814e-02 1.074194077084829613e-01 0.000000000000000000e+00 0.000000000000000000e+00 2.001415881681343698e-02 1.981928193885348563e-02 2.039289325100255776e-02 1.528075555162510153e-02 1.953590970169688801e-01 6.472872922206396925e-04 0.000000000000000000e+00 5.187348241257461884e-02 3.998205998410331308e-02 7.810775337052620892e-03 7.986554779288611294e-02
2.428837454369784168e-02 8.941317984687852105e-02 1.231913935427493730e-02 4.537951379766138466e-02 1.242755524415918439e-01 3.396939495310533769e-02 1.500630015869672540e-01 2.744570629663328765e-02 8.205206547632300229e-03 1.259706330223006043e-01 2.120618468518701161e-03 4.656375394229645553e-02 8.805134134975682592e-03 3.233826151481078957e-04 1.384969809061858403e-01 8.339402166988736089e-04 9.603555243301496736e-03 1.302084372134989718e-03 1.962817744305343868e-03 0.000000000000000000e+00 0.000000000000000000e+00 3.565355167250164325e-02 8.458680776649381283e-02 1.208555126109973551e-02 1.633211926559604080e-02
2.711347209100586214e-02 0.000000000000000000e+00 1.857956446397820982e-02 5.057069614475737628e-04 1.502463614345250498e-01 1.129289658786649265e-03 1.826133349815259044e-01 1.509197832234714376e-01 0.000000000000000000e+00 0.000000000000000000e+00 7.715280780816232559e-03 2.919012990141365838e-01 0.000000000000000000e+00 3.734184471721185752e-03 7.601662532360439501e-04 3.131729879931838528e-03 0.000000000000000000e+00 0.000000000000000000e+00 2.212296987212133276e-02 5.133880326046863507e-04 0.000000000000000000e+00 8.830509498020947673e-03 1.535671018421785753e-03 0.000000000000000000e+00 1.286472883642487408e-01
1.328020124282368319e-01 1.377769289347373707e-02 1.319942084378774964e-02 0.000000000000000000e+00 1.586071399899628698e-01 1.038064842355630596e-01 0.000000000000000000e+00 1.057009772599272479e-02 7.619631284089727410e-03 2.211462458173651946e-02 0.000000000000000000e+00 1.761741842007052234e-03 0.000000000000000000e+00 0.000000000000000000e+00 1.419476758864801624e-01 1.005967114294618603e-01 5.823254877047907840e-02 2.135485237806923967e-02 2.582402453713768600e-02 0.000000000000000000e+00 0.000000000000000000e+00 1.387891084003515987e-03 4.316218240994223326e-02 1.260714691529710510e-02 1.306281207642786824e-01
1.118445298723248077e-02 1.163188415054774993e-01 3.834378135630830964e-02 6.928163696040393060e-02 1.838891378331193871e-01 9.764487521486353528e-04 0.000000000000000000e+00 7.875907116074588876e-03 1.453233543486104340e-02 8.039443655566032298e-03 4.477491062484426770e-02 2.557421715937598095e-02 0.000000000000000000e+00 0.000000000000000000e+00 2.130430683621469257e-01 0.000000000000000000e+00 0.000000000000000000e+00 1.697316416090792826e-02 0.000000000000000000e+00 0.000000000000000000e+00 0.000000000000000000e+00 1.270252962506525085e-01 1.191148613874261492e-01 3.052496453454434620e-03 0.000000000000000000e+00
0.000000000000000000e+00 0.000000000000000000e+00 4.689245289537255154e-03 0.000000000000000000e+00 1.140937704043514384e-01 1.085616153248697945e-02 6.035763705713148575e-02 3.952596769689413828e-03 9.976336841034236236e-02 1.792200075057713213e-02 4.468416375780160515e-02 1.627548806589233510e-01 1.154720750540865057e-03 7.113935245949991326e-03 1.342642215916795279e-01 6.981352869818228946e-02 1.067795069229448852e-03 2.152894836698387646e-02 2.584322997833462133e-03 1.003405851781063451e-01 0.000000000000000000e+00 1.222829630826535730e-01 1.116624702899522703e-02 2.753770023439706775e-03 6.855137335564660990e-03
0.000000000000000000e+00 0.000000000000000000e+00 9.649348960475878645e-02 0.000000000000000000e+00 3.788348501008171471e-02 4.656819358529368236e-02 1.310737215032554970e-01 1.176590986467900418e-01 2.748057053679150985e-02 0.000000000000000000e+00 1.498675659056571130e-02 2.684196205588957329e-01 0.000000000000000000e+00 0.000000000000000000e+00 2.105092454838264956e-03 0.000000000000000000e+00 0.000000000000000000e+00 2.934421048040518343e-02 0.000000000000000000e+00 7.948305299195216472e-03 9.011972657275815410e-03 1.510975293845267520e-01 0.000000000000000000e+00 3.755067176446337529e-02 2.237728192286264281e-02
0.000000000000000000e+00 5.733008172863852080e-03 2.596127255116059684e-01 2.280370333820748267e-03 3.844321538677307470e-02 1.264536045096450179e-01 2.470350335932962327e-02 0.000000000000000000e+00 2.138591951885958006e-02 0.000000000000000000e+00 7.035583953088204480e-03 1.716004863801411373e-01 0.000000000000000000e+00 0.000000000000000000e+00 0.000000000000000000e+00 0.000000000000000000e+00 0.000000000000000000e+00 0.000000000000000000e+00 2.882608440957767221e-02 7.251330416398329287e-03 0.000000000000000000e+00 1.425139389684918489e-01 1.294740788356020800e-01 5.970931201276654700e-03 2.871521904252615637e-02
0.000000000000000000e+00 2.345236720102062897e-02 0.000000000000000000e+00 5.689130614802787034e-02 2.610673714711383431e-01 1.152926190181039617e-03 1.329334933863296209e-01 1.580394654825116596e-01 0.000000000000000000e+00 2.090104537813440664e-03 0.000000000000000000e+00 0.000000000000000000e+00 0.000000000000000000e+00 3.863529254330196755e-04 9.478415416960855877e-02 0.000000000000000000e+00 0.000000000000000000e+00 0.000000000000000000e+00 2.252037564308089108e-03 0.000000000000000000e+00 0.000000000000000000e+00 2.641214526908965913e-03 1.368271615243936146e-01 0.000000000000000000e+00 1.274820448723249788e-01
2.205168254477249141e-03 7.755770123905850362e-03 3.014825007202891205e-02 4.994198448161941278e-02 3.958567891481466067e-02 9.344189574383619801e-03 2.061107930747493044e-01 6.789939444034129301e-02 1.145374310709499910e-01 5.409816521459367283e-02 0.000000000000000000e+00 1.658583602149814665e-02 0.000000000000000000e+00 3.248225550368901478e-03 2.983673915115778522e-02 0.000000000000000000e+00 0.000000000000000000e+00 1.000013087755604740e-01 9.046975127186099308e-02 0.000000000000000000e+00 0.000000000000000000e+00 1.602640619252831689e-01 2.791232708074218877e-03 1.517601937433230887e-02 0.000000000000000000e+00
0.000000000000000000e+00 7.537004755729623771e-03 0.000000000000000000e+00 5.410010165114318564e-02 1.457435715595277459e-01 0.000000000000000000e+00 1.344527667467843024e-01 0.000000000000000000e+00 0.000000000000000000e+00 1.527176861340883568e-02 0.000000000000000000e+00 1.425092710967098275e-01 4.832041907223210558e-02 5.264134596966090016e-04 1.726438948011370933e-01 5.213285928116636291e-03 0.000000000000000000e+00 0.000000000000000000e+00 1.087589902534676425e-02 0.000000000000000000e+00 0.000000000000000000e+00 0.000000000000000000e+00 1.321500403128881285e-01 3.736909956083294846e-04 1.302818719816707382e-01
0.000000000000000000e+00 6.053477157481668147e-03 1.672356634189420821e-01 1.322992561696432513e-02 2.719814767774017539e-01 1.247506713895671637e-01 1.124328456820767805e-03 1.505724119707009230e-03 0.000000000000000000e+00 6.783026141128914270e-03 0.000000000000000000e+00 1.591699306572762762e-01 0.000000000000000000e+00 0.000000000000000000e+00 0.000000000000000000e+00 1.292129526796919892e-01 2.612168746790520871e-02 0.000000000000000000e+00 1.176897807934017964e-02 7.823389596730467160e-03 0.000000000000000000e+00 2.032227733981884291e-02 4.749548388253403697e-02 2.958565627224163906e-03 2.462441591465265329e-03
0.000000000000000000e+00 1.815706955221794289e-02 1.101579859823351021e-01 1.862889137723553953e-02 6.546203578521081479e-02 5.917380600001194424e-03 4.120993774252219161e-02 1.397000281306823855e-01 6.451176321685217485e-02 1.457446706470307170e-02 0.000000000000000000e+00 8.568574766099819329e-02 0.000000000000000000e+00 2.986014648343865950e-04 1.715017375996608362e-01 0.000000000000000000e+00 0.000000000000000000e+00 2.603122452657783900e-03 1.001739157903643596e-01 0.000000000000000000e+00 1.215482880042525506e-02 6.983277449869122397e-03 7.489580581328488841e-03 6.931804529289689945e-03 1.278578242188114500e-01
3.329684168640736647e-03 4.222835695891563601e-02 1.687566770415270812e-01 0.000000000000000000e+00 1.780576786338615713e-01 1.095968758329095710e-01 1.509470197188238216e-01 2.037125013118556028e-03 7.649459601203952019e-03 2.927623808334409508e-02 0.000000000000000000e+00 1.110117118048226104e-02 0.000000000000000000e+00 0.000000000000000000e+00 6.821673662590832521e-02 0.000000000000000000e+00 2.728654093011086742e-03 3.488817427954449268e-02 4.475510434295135870e-02 2.181679533672520668e-02 0.000000000000000000e+00 1.002623198301788032e-01 2.435192925885350940e-02 0.000000000000000000e+00 0.000000000000000000e+00
0.000000000000000000e+00 3.053476580225473677e-02 1.093377629695833353e-01 2.609444303726491873e-02 4.378280761191193776e-02 0.000000000000000000e+00 1.143071462508561675e-01 1.495571445791645526e-01 1.093875490498884620e-02 7.250977405874343973e-02 0.000000000000000000e+00 1.547027350520045474e-01 0.000000000000000000e+00 0.000000000000000000e+00 1.717976276817539602e-02 0.000000000000000000e+00 0.000000000000000000e+00 0.000000000000000000e+00 1.163437994159263328e-01 0.000000000000000000e+00 0.000000000000000000e+00 5.475935747724926944e-02 8.633493370075392970e-02 0.000000000000000000e+00 1.361681237112248762e-02
2.342988784370878333e-02 3.565229692585563520e-02 1.354781945766098117e-02 1.043414884898862527e-01 3.689117265345469993e-02 2.401800417037087924e-06 1.600843073577231102e-01 1.251424683970333088e-02 2.099789562352332925e-02 0.000000000000000000e+00 2.803122490272982534e-02 1.375241618831778145e-01 0.000000000000000000e+00 0.000000000000000000e+00 1.543938055248087748e-01 7.258071719405343944e-03 5.922800636406750849e-03 8.323326630614042571e-03 3.296286617041711397e-03 0.000000000000000000e+00 3.154417006019264585e-02 6.934683885164061486e-03 5.134362166913048441e-03 1.521511961869610567e-02 1.889604693629166610e-01
0.000000000000000000e+00 6.871876138125354756e-03 1.416193267289720878e-02 1.028827466103556521e-01 1.221240430775568514e-01 1.168234033277397721e-01 1.429773757706786774e-01 4.770988366519281904e-02 4.708405829485816547e-03 2.497252755265917321e-02 7.579951569638199160e-03 6.148816598225165936e-02 1.182500934232417165e-02 0.000000000000000000e+00 8.479173393655563273e-02 2.073865311733129584e-03 0.000000000000000000e+00 4.690593915220228334e-04 9.491074405704386097e-02 1.647725445418664195e-04 0.000000000000000000e+00 0.000000000000000000e+00 0.000000000000000000e+00 2.910362141523824015e-03 1.505541410781741640e-01
