0.000000000000000000e+00 2.014543151042632596e-01 0.000000000000000000e+00 9.713979643585267387e-02 0.000000000000000000e+00 0.000000000000000000e+00 5.804207099529608282e-02 0.000000000000000000e+00 1.043064670872305769e-02 0.000000000000000000e+00 1.181577886994133846e-02 1.389194379131831747e-01 1.173200404045843769e-03 1.033565699119963904e-01 9.231150283810629978e-03 0.000000000000000000e+00 6.232719017596084765e-02 1.462311924182568834e-01 1.486762662943461044e-01 1.120238448432379387e-02
2.768503975570185682e-02 0.000000000000000000e+00 1.119077598041523861e-02 3.273932971387756297e-01 0.000000000000000000e+00 1.166761542025495368e-01 0.000000000000000000e+00 0.000000000000000000e+00 1.742409897499860305e-01 0.000000000000000000e+00 0.000000000000000000e+00 0.000000000000000000e+00 6.289241238987170433e-03 1.299853026569321168e-02 0.000000000000000000e+00 0.000000000000000000e+00 5.442126104103683221e-02 1.441689350611955744e-01 0.000000000000000000e+00 1.249357755656590185e-01
4.851489878053252131e-02 1.285823774620571958e-01 4.073376840564454232e-02 8.033207490957712527e-02 1.377520407485081921e-01 5.230252323918148719e-03 1.250929590500423072e-01 0.000000000000000000e+00 1.703802961694168283e-01 0.000000000000000000e+00 0.000000000000000000e+00 0.000000000000000000e+00 0.000000000000000000e+00 1.299232529988517126e-01 0.000000000000000000e+00 0.000000000000000000e+00 7.104585197814919026e-03 1.639547804300536815e-02 0.000000000000000000e+00 1.099580159106312294e-01
0.000000000000000000e+00 5.074135755854886770e-02 0.000000000000000000e+00 1.490938091694253287e-01 0.000000000000000000e+00 7.680367412163564833e-02 0.000000000000000000e+00 0.000000000000000000e+00 1.617118862738305130e-01 3.762392294220485989e-02 0.000000000000000000e+00 0.000000000000000000e+00 1.033530674325020826e-01 1.140614811051788857e-01 2.824906098387537298e-02 3.527114364566433929e-03 0.000000000000000000e+00 0.000000000000000000e+00 7.756039506784755122e-02 1.972742309803844352e-01
0.000000000000000000e+00 1.720474863956163725e-01 0.000000000000000000e+00 2.942165998578014086e-01 1.162608264670390509e-02 5.430729886021752953e-03 0.000000000000000000e+00 1.100548437571851126e-02 6.233611147472519452e-03 2.638475903724329247e-03 0.000000000000000000e+00 1.704721821994667763e-01 0.000000000000000000e+00 1.605630503683534160e-01 0.000000000000000000e+00 0.000000000000000000e+00 1.162472737227191735e-03 0.000000000000000000e+00 1.646038244818938956e-01 0.000000000000000000e+00
1.801268670465237809e-01 2.731525133488312343e-02 1.210022992673869674e-02 2.780008852396399430e-02 1.116319633351455787e-01 1.395521488396446741e-01 6.124899380360380834e-03 8.647639654095184633e-03 9.275388216616922699e-02 1.015940451052007101e-02 7.105077483796369726e-03 7.004977990811175892e-02 5.391102701722416679e-02 0.000000000000000000e+00 0.000000000000000000e+00 0.000000000000000000e+00 1.107361030669187923e-01 0.000000000000000000e+00 1.185114909639704006e-01 2.347414684193377746e-02
2.552984117792517563e-02 6.506917374027452322e-03 0.000000000000000000e+00 1.666836209920044276e-01 2.423668098803937170e-03 2.635981125977205908e-01 1.440312384308408723e-02 4.740481759165087079e-03 1.844538171604721832e-01 2.793602539177983055e-02 0.000000000000000000e+00 1.630196949489326128e-02 2.559549521823083554e-02 0.000000000000000000e+00 0.000000000000000000e+00 0.000000000000000000e+00 0.000000000000000000e+00 1.139141191765650485e-01 1.479128077153281096e-01 0.000000000000000000e+00
3.634544086983534927e-02 1.028457814769211248e-01 8.017824528359535075e-02 1.262811792704840973e-02 1.456170385329196293e-01 0.000000000000000000e+00 1.435409671550200439e-01 9.565683455926475565e-02 3.309363566475084784e-02 0.000000000000000000e+00 0.000000000000000000e+00 5.625673614461624422e-02 0.000000000000000000e+00 7.968990308124421218e-02 0.000000000000000000e+00 1.460564742683406400e-02 1.378373107087937088e-01 0.000000000000000000e+00 5.617945306923997212e-02 5.524888099916327316e-03
0.000000000000000000e+00 0.000000000000000000e+00 0.000000000000000000e+00 1.677233470187642905e-01 1.680358932578793485e-01 1.793361549447914649e-01 0.000000000000000000e+00 0.000000000000000000e+00 1.658940003189946499e-01 4.670398697160233620e-02 0.000000000000000000e+00 0.000000000000000000e+00 0.000000000000000000e+00 0.000000000000000000e+00 1.263856441548884268e-01 0.000000000000000000e+00 0.000000000000000000e+00 1.459209733330796843e-01 0.000000000000000000e+00 0.000000000000000000e+00
4.604589941750617671e-02 1.454810407385618842e-01 0.000000000000000000e+00 7.217926989729933629e-02 2.965749727342974484e-01 0.000000000000000000e+00 3.600586941719055405e-03 0.000000000000000000e+00 0.000000000000000000e+00 0.000000000000000000e+00 0.000000000000000000e+00 2.183702664981842373e-02 0.000000000000000000e+00 1.375155128431177209e-01 6.183812917622120292e-02 2.528548674494971848e-03 0.000000000000000000e+00 6.906910468137826727e-03 1.476235904440681250e-02 1.907297434144191728e-01
1.424480643246434086e-01 3.456011906308704973e-02 3.795076856618479475e-04 9.943515085264846565e-02 0.000000000000000000e+00 1.339100685306711114e-01 2.174759263100432827e-02 0.000000000000000000e+00 1.744696445130105855e-01 1.058893387282028656e-02 0.000000000000000000e+00 1.092397456202772038e-01 6.807800508242967119e-02 0.000000000000000000e+00 0.000000000000000000e+00 0.000000000000000000e+00 4.892442391291596665e-02 1.447069353440998962e-01 1.151180856673021669e-02 0.000000000000000000e+00
1.344838870570343181e-01 1.517123056859629171e-01 3.688938390328033029e-02 9.987826375502457249e-03 0.000000000000000000e+00 0.000000000000000000e+00 0.000000000000000000e+00 0.000000000000000000e+00 6.842135244972885610e-02 0.000000000000000000e+00 0.000000000000000000e+00 1.458327894499601707e-01 0.000000000000000000e+00 0.000000000000000000e+00 6.809908024399131954e-02 2.331932920858098904e-02 1.693266634148473948e-01 1.625822664359122260e-01 2.934511577519913900e-02 0.000000000000000000e+00
0.000000000000000000e+00 1.340358175332548862e-01 8.344869499674520061e-03 9.815021075164194475e-03 9.246445633860361779e-02 1.773631028820661371e-01 0.000000000000000000e+00 1.726319703763777927e-02 2.430024755570127926e-01 0.000000000000000000e+00 6.167516291853249524e-03 1.422852132998258523e-01 1.348192206024444477e-03 0.000000000000000000e+00 4.838602546610606264e-02 0.000000000000000000e+00 1.195241128127763758e-01 0.000000000000000000e+00 0.000000000000000000e+00 0.000000000000000000e+00
1.850465238394892742e-01 1.663959609027213654e-02 1.440599782192383549e-01 0.000000000000000000e+00 0.000000000000000000e+00 2.051284656802747353e-01 6.790018395754067633e-03 0.000000000000000000e+00 1.124921209078777323e-01 0.000000000000000000e+00 0.000000000000000000e+00 6.819853165667476291e-02 0.000000000000000000e+00 0.000000000000000000e+00 9.390197073920707183e-02 1.463077095626711364e-02 1.749771384537716912e-02 1.038981185396117835e-02 1.252244978156062671e-01 0.000000000000000000e+00
2.641219606082267218e-02 1.241604367806284533e-02 1.084306942584942340e-01 1.671635566938177164e-01 0.000000000000000000e+00 2.574243225531401280e-01 0.000000000000000000e+00 0.000000000000000000e+00 1.797684860355664715e-01 1.432820282197105975e-03 0.000000000000000000e+00 0.000000000000000000e+00 0.000000000000000000e+00 4.810054563950951628e-02 0.000000000000000000e+00 2.320208972510331633e-02 5.723729291341545823e-03 0.000000000000000000e+00 1.699255157819444251e-01 0.000000000000000000e+00
