1.301884841390215097e-01 0.000000000000000000e+00 0.000000000000000000e+00 1.024210137832353568e-01 3.565897421488024160e-02 6.374936001260560203e-02 7.991919675793195121e-02 3.672417297293393418e-02 8.195634138840567073e-02 9.047934984300608783e-04 0.000000000000000000e+00 2.234194973174237764e-01 3.951379337999206404e-02 0.000000000000000000e+00 1.370950378291252783e-02 0.000000000000000000e+00 0.000000000000000000e+00 0.000000000000000000e+00 1.386847331181214893e-01 5.315013563410590086e-02
1.324184467225459072e-01 0.000000000000000000e+00 0.000000000000000000e+00 1.288356546225446764e-01 4.481789887771717162e-03 9.023196990515880422e-02 4.000230800333195308e-02 0.000000000000000000e+00 1.816683500065747470e-01 3.760550673034047942e-02 1.031594910130628241e-02 1.750957879676026119e-01 5.642635937609249974e-02 1.286506575162077101e-02 1.280028961543771236e-02 2.926941996030109697e-02 3.790288592482018038e-03 2.662914698670328789e-02 6.635514650847385877e-03 5.092815211933809233e-02
0.000000000000000000e+00 0.000000000000000000e+00 1.071392466822967439e-02 1.516231937026059629e-01 1.518749608122052230e-01 1.165495211638630131e-02 1.486928773828827830e-03 1.138652481130383032e-01 3.205615289197030759e-01 0.000000000000000000e+00 0.000000000000000000e+00 0.000000000000000000e+00 0.000000000000000000e+00 0.000000000000000000e+00 4.506648954510146521e-02 0.000000000000000000e+00 1.456340107250057988e-03 0.000000000000000000e+00 2.705981564740332287e-02 1.646366175942479415e-01
0.000000000000000000e+00 1.049961936814098641e-02 0.000000000000000000e+00 4.638507878451869453e-03 0.000000000000000000e+00 1.147568682312906374e-01 4.096716229272993892e-02 7.004919656050122290e-02 2.396894074211376180e-01 2.667007378431615963e-02 1.388773330710265513e-02 5.896954414842631859e-02 1.050212226920208963e-01 0.000000000000000000e+00 0.000000000000000000e+00 9.874046220765752072e-03 0.000000000000000000e+00 5.795714752166418113e-03 1.498507681784806977e-01 1.493301351644688302e-01
0.000000000000000000e+00 5.452558198887149515e-03 0.000000000000000000e+00 1.730638259339120910e-01 8.054266382860982010e-02 6.350720573089038701e-02 2.973447217688091060e-02 6.139315943951566962e-02 2.091809624394187078e-02 0.000000000000000000e+00 0.000000000000000000e+00 4.949016836956521325e-04 8.226384581992789158e-02 1.177909059286059296e-02 1.037336598109806357e-01 1.355982451380201015e-01 8.953925845441843001e-02 1.041341165513697264e-01 3.443665753775585620e-02 3.408242858333122155e-03
1.710225187075684328e-01 1.642502012293309277e-02 6.015447978370148507e-04 2.973147646614662104e-02 1.273168322394810648e-01 1.126369482827903473e-01 0.000000000000000000e+00 1.694707915899274636e-02 1.727410372733926280e-01 3.848246545777530420e-02 6.851902632819048674e-04 1.088367851050291851e-01 1.527462156883584079e-03 0.000000000000000000e+00 2.350327122542042631e-03 1.141621546996448577e-01 0.000000000000000000e+00 0.000000000000000000e+00 6.952644583610569085e-02 1.700671230959531835e-02
1.513218823922696243e-01 8.574462061620000044e-04 0.000000000000000000e+00 1.258027159499300052e-01 5.307398270640740351e-02 3.774605452835134989e-02 0.000000000000000000e+00 7.807516517945259360e-02 2.445820792890806838e-01 0.000000000000000000e+00 0.000000000000000000e+00 1.557040994328966477e-01 1.256372973178666169e-02 0.000000000000000000e+00 1.953363154911979573e-03 0.000000000000000000e+00 0.000000000000000000e+00 1.004619115117391832e-02 1.282732902775771955e-01 0.000000000000000000e+00
1.211891699284231294e-01 0.000000000000000000e+00 1.075345133903910996e-02 0.000000000000000000e+00 1.172893179766932581e-01 3.981246245434963416e-02 0.000000000000000000e+00 1.530968444791486584e-03 2.377191418314698879e-01 2.712781203225950524e-02 2.247519552495201838e-03 8.425031577548366957e-02 1.124401493397671724e-02 6.971668074237982390e-03 5.457044491114203255e-02 1.101899719891574619e-01 1.517966622730972277e-02 0.000000000000000000e+00 1.090724530165174816e-01 5.085162151265380792e-02
0.000000000000000000e+00 1.234702141516332528e-02 0.000000000000000000e+00 2.891685430935529988e-01 4.254375360743650747e-02 2.787103383302078422e-02 1.152436996301068189e-01 6.462071696406453125e-02 1.787118135209027625e-01 1.541222655832053456e-03 0.000000000000000000e+00 0.000000000000000000e+00 1.193001393124688359e-03 0.000000000000000000e+00 0.000000000000000000e+00 0.000000000000000000e+00 5.838079813587752648e-04 4.888773855174494490e-03 1.535332653305209183e-01 1.077533467197412526e-01
2.211578271870720813e-01 0.000000000000000000e+00 2.499285963113467152e-02 1.075316642748389145e-01 1.258822563681083750e-01 0.000000000000000000e+00 0.000000000000000000e+00 1.222798409114257134e-01 8.357050043297257688e-03 1.220497978198732507e-02 0.000000000000000000e+00 1.680742349632990129e-01 1.853553041330266785e-02 4.976783890067689939e-03 3.160222411085103489e-02 0.000000000000000000e+00 0.000000000000000000e+00 0.000000000000000000e+00 0.000000000000000000e+00 1.544047484246152679e-01
9.327085948586441577e-02 1.661212724171533955e-02 1.365896326742811230e-02 1.010559202729559708e-01 4.889312957292488160e-02 1.066794397511567766e-01 4.229369919413677320e-02 3.980333621135117260e-03 2.003529500344871372e-01 7.114669618436016271e-04 3.148720978301611413e-03 4.027547625930251451e-02 3.205570208622923051e-02 2.424344771039132866e-03 1.062461614300851398e-01 0.000000000000000000e+00 6.711263186399274439e-02 1.129022837614045566e-01 7.261748636014088779e-03 1.064040809982924954e-03
1.964785707606386822e-02 6.710623248611656544e-02 2.670566685721124500e-03 0.000000000000000000e+00 3.763179917210378572e-03 5.917632724768506769e-02 2.178012947444111710e-02 3.089950898255433911e-02 2.139490054783072248e-01 7.560325767273251563e-02 9.306554818821904246e-03 2.426000258496167072e-01 5.107141416779311521e-02 2.395665097752940238e-03 7.024349473083365278e-04 1.256647788921133992e-03 1.553938765631367874e-02 1.098542125300991795e-01 5.706779918543068708e-02 1.560979293711017152e-02
0.000000000000000000e+00 0.000000000000000000e+00 6.404974905696828209e-03 1.123413867092013518e-01 1.329527387581858344e-01 3.718497919168668731e-02 0.000000000000000000e+00 7.624235158185149741e-02 2.244966243621501212e-01 4.123619508719606613e-02 0.000000000000000000e+00 1.608436920535622761e-01 0.000000000000000000e+00 0.000000000000000000e+00 4.334983256218372799e-02 0.000000000000000000e+00 3.806666957162340575e-02 1.094981819310671955e-01 1.730509217181215370e-03 1.565186406841368935e-02
9.780641022135429241e-02 2.349029424261201999e-03 3.592646138644738779e-02 1.576158315553554401e-01 5.686478715933582229e-02 1.718148778198476737e-02 2.917896281609075673e-02 6.691552975842830764e-02 1.552425867900907863e-01 0.000000000000000000e+00 0.000000000000000000e+00 1.251331110772555266e-01 0.000000000000000000e+00 0.000000000000000000e+00 5.682247336994894482e-02 0.000000000000000000e+00 0.000000000000000000e+00 0.000000000000000000e+00 1.420468074507656719e-01 5.691652120868126441e-02
6.276517403010369554e-03 4.213129995192941429e-03 0.000000000000000000e+00 4.039091090974727266e-02 7.408249625721699538e-02 1.839821395041783131e-02 0.000000000000000000e+00 6.054069269515503261e-03 2.917648810185027863e-01 8.355588758867113497e-02 0.000000000000000000e+00 1.960541255931477211e-01 6.963653073355505034e-03 1.621007840479309417e-02 1.394658764116744332e-01 0.000000000000000000e+00 0.000000000000000000e+00 4.628252574804470054e-02 4.963849068408971582e-02 2.064914369262003946e-02
6.816685506094853630e-02 0.000000000000000000e+00 0.000000000000000000e+00 0.000000000000000000e+00 3.009192730365433874e-02 1.367160001674325685e-02 1.198312946290185366e-01 1.323677957773335689e-01 1.551446411265174352e-01 0.000000000000000000e+00 0.000000000000000000e+00 1.490565122582118984e-01 1.395893328824069912e-01 0.000000000000000000e+00 3.878040695018467737e-02 0.000000000000000000e+00 0.000000000000000000e+00 7.252289326813581710e-03 1.423504856199289403e-01 3.696859048238389667e-03
1.969148363467178864e-01 3.605506919013759916e-04 3.559000336504827833e-02 4.594133197325651896e-02 1.379174493460612501e-02 1.176499914396984259e-01 1.349606301554871768e-02 1.537083635624428568e-01 9.113749652785525790e-02 0.000000000000000000e+00 0.000000000000000000e+00 8.657206728974717325e-02 1.109115078196934966e-02 5.276902402526550268e-02 2.329181979266223713e-03 1.522037573498000130e-03 1.063870422115360467e-02 3.592190186943359869e-04 3.363090507529144929e-02 1.324973281780390255e-01
8.462171224860486063e-02 0.000000000000000000e+00 0.000000000000000000e+00 9.205156095429616048e-02 0.000000000000000000e+00 0.000000000000000000e+00 0.000000000000000000e+00 1.670001438070406810e-02 2.249866663929948607e-01 8.819660517069678740e-02 0.000000000000000000e+00 1.405374525641397698e-01 0.000000000000000000e+00 0.000000000000000000e+00 1.526786636278860410e-01 0.000000000000000000e+00 1.183239927474955509e-02 2.540857950820217884e-02 3.856663507483761716e-02 1.244197108028881477e-01
0.000000000000000000e+00 7.706737388184259352e-02 0.000000000000000000e+00 1.499886258079039247e-01 0.000000000000000000e+00 0.000000000000000000e+00 0.000000000000000000e+00 0.000000000000000000e+00 3.595260522900096678e-01 3.287610687844814278e-02 0.000000000000000000e+00 4.957843285917085119e-02 0.000000000000000000e+00 0.000000000000000000e+00 1.544511963779442165e-01 0.000000000000000000e+00 5.984662453152784362e-03 9.596287989003068897e-02 3.744280119601183648e-02 3.712186836548536650e-02
0.000000000000000000e+00 0.000000000000000000e+00 0.000000000000000000e+00 0.000000000000000000e+00 1.736594265799547843e-01 5.244196097115671334e-02 2.700415069501653151e-02 1.230930211951143105e-01 1.662361137522803400e-01 3.871213175707014995e-03 0.000000000000000000e+00 4.328730405260761138e-02 0.000000000000000000e+00 4.224496432258486450e-02 0.000000000000000000e+00 3.548134236808299369e-02 9.037042125284902583e-02 3.699696035840938785e-02 1.376073848455344473e-01 6.770573643070185166e-02
0.000000000000000000e+00 1.082041674584803270e-01 0.000000000000000000e+00 1.453548264917197130e-01 0.000000000000000000e+00 1.302976089435940732e-01 2.644845638286805536e-02 0.000000000000000000e+00 3.170276469897539973e-02 9.888604039994056127e-02 2.334828791517839369e-02 7.538335624722203310e-02 2.819845016506525998e-02 0.000000000000000000e+00 1.757749269630576872e-01 9.544710157031595366e-02 0.000000000000000000e+00 0.000000000000000000e+00 0.000000000000000000e+00 6.095401276358252546e-02
3.950178062352268510e-02 0.000000000000000000e+00 2.037509314915089340e-02 1.249312631094981196e-01 7.060654070960858258e-03 2.878658365250981802e-02 9.997369988142251751e-02 1.090729869314901179e-01 9.663250567785106049e-02 0.000000000000000000e+00 0.000000000000000000e+00 2.108828599906688583e-01 1.314276673763890456e-03 0.000000000000000000e+00 0.000000000000000000e+00 0.000000000000000000e+00 0.000000000000000000e+00 5.249398349772799871e-02 1.797283059323648846e-01 2.924600680906839709e-02
1.682567217002953544e-02 0.000000000000000000e+00 0.000000000000000000e+00 2.359784716984203445e-01 0.000000000000000000e+00 1.093293936572074659e-01 0.000000000000000000e+00 0.000000000000000000e+00 2.999519107558504261e-01 4.911018533699897798e-02 0.000000000000000000e+00 4.653347381657920584e-02 3.862799959577709052e-02 0.000000000000000000e+00 7.305245808692024077e-03 0.000000000000000000e+00 0.000000000000000000e+00 0.000000000000000000e+00 1.721039142737130212e-01 2.423373288673201162e-02
1.668620446347780437e-02 1.000373419178530038e-01 6.079637774064517927e-03 8.281423084971824278e-02 5.866246775713695322e-02 1.035866692716222170e-01 1.880608509166352763e-02 1.970057776675948336e-01 3.345791154591026134e-02 0.000000000000000000e+00 0.000000000000000000e+00 9.585641662032001742e-02 6.284381457931142783e-04 2.648571304820713720e-02 1.175148649125076945e-02 3.401927596487608341e-02 6.868317498140275208e-03 0.000000000000000000e+00 1.863827624495923430e-01 2.087126344277891871e-02
1.553397089829643418e-01 5.022999284185665665e-03 1.342357754955308523e-03 1.308148008495012560e-01 1.166125254078269891e-01 0.000000000000000000e+00 4.406066353375833605e-02 5.472380458821966137e-02 2.174431333766746813e-02 3.845628495545563158e-02 0.000000000000000000e+00 7.799373010632869307e-02 0.000000000000000000e+00 0.000000000000000000e+00 6.580254681024054475e-02 1.121187747036909294e-01 8.335570390405176722e-02 1.588832155178719271e-02 2.564336915031998135e-02 5.108009507904631014e-02
