0.000000000000000000e+00 0.000000000000000000e+00 3.761917971982630532e-02 0.000000000000000000e+00 1.416166839008948797e-01 0.000000000000000000e+00 9.312599038058218259e-02 9.027028670012053613e-02 0.000000000000000000e+00 1.092741054658551147e-02 0.000000000000000000e+00 0.000000000000000000e+00 1.772479432523682563e-02 1.773833139385460472e-03 1.446356792708140826e-01 0.000000000000000000e+00 3.571865819156663791e-02 0.000000000000000000e+00 8.651427318378458742e-03 2.872488978886907421e-02 0.000000000000000000e+00 0.000000000000000000e+00 1.207792127696979412e-01 8.335636153975529983e-02 1.850755924082869153e-01
4.450617518226156200e-02 2.790210011238551321e-03 0.000000000000000000e+00 0.000000000000000000e+00 0.000000000000000000e+00 4.767147818401833506e-03 5.599492902957779739e-02 2.182099518789614168e-01 0.000000000000000000e+00 0.000000000000000000e+00 9.203654949606147320e-04 2.971416979016941115e-02 0.000000000000000000e+00 6.005109164180948145e-03 1.252907034246454887e-01 0.000000000000000000e+00 1.527485555198872247e-01 0.000000000000000000e+00 0.000000000000000000e+00 0.000000000000000000e+00 0.000000000000000000e+00 0.000000000000000000e+00 0.000000000000000000e+00 1.829732248952700702e-01 1.760794577904449265e-01
0.000000000000000000e+00 1.479841912250694225e-01 1.549020041660401949e-02 0.000000000000000000e+00 1.710281681923336849e-02 0.000000000000000000e+00 9.806201373478114214e-02 2.760255121373378015e-02 8.503265905395313018e-02 5.106668801676629565e-02 3.735009955787932379e-02 0.000000000000000000e+00 9.787991758666476222e-03 0.000000000000000000e+00 1.568705646303978352e-01 0.000000000000000000e+00 0.000000000000000000e+00 1.162067919796784358e-02 0.000000000000000000e+00 9.247051589141355721e-02 0.000000000000000000e+00 0.000000000000000000e+00 1.275983026608267512e-01 5.670505665393092004e-02 6.525566916877607870e-02
0.000000000000000000e+00 1.847176595553126285e-02 0.000000000000000000e+00 0.000000000000000000e+00 1.416430375425942190e-01 0.000000000000000000e+00 0.000000000000000000e+00 0.000000000000000000e+00 9.704588316594588149e-02 8.164428039943896764e-03 0.000000000000000000e+00 1.621940024812187631e-01 0.000000000000000000e+00 0.000000000000000000e+00 2.164363170475030740e-01 0.000000000000000000e+00 0.000000000000000000e+00 0.000000000000000000e+00 1.076396681076582235e-01 0.000000000000000000e+00 0.000000000000000000e+00 0.000000000000000000e+00 2.556945887735618400e-02 1.710417111750980323e-01 5.179372760715041102e-02
1.423359152196309041e-01 0.000000000000000000e+00 6.384929636823900162e-04 0.000000000000000000e+00 0.000000000000000000e+00 0.000000000000000000e+00 1.933280615193195828e-01 0.000000000000000000e+00 0.000000000000000000e+00 1.702953772165701710e-03 8.422179296291512282e-03 6.038881653783551018e-02 2.981513251944637247e-02 2.136082728193799615e-02 2.075698656003087117e-01 9.175741029731424026e-02 0.000000000000000000e+00 1.066192529459584993e-03 4.272743317571604284e-04 4.693268652593543533e-02 0.000000000000000000e+00 0.000000000000000000e+00 0.000000000000000000e+00 1.942541916049149164e-01 0.000000000000000000e+00
4.301905716308149046e-03 1.218351049498107991e-01 2.715025917976515019e-02 0.000000000000000000e+00 8.302591357592595256e-02 0.000000000000000000e+00 5.371890955994872152e-02 1.537860998732725696e-03 0.000000000000000000e+00 1.315762588408813105e-01 0.000000000000000000e+00 8.591315507004113061e-02 1.255206294571700743e-02 0.000000000000000000e+00 8.535439150930727858e-02 0.000000000000000000e+00 0.000000000000000000e+00 0.000000000000000000e+00 6.729713388674481156e-02 8.303138716169194966e-03 0.000000000000000000e+00 9.676258989318542447e-02 1.362969962250543468e-02 7.490496229447386745e-02 1.321366532404830985e-01
1.460511477608182063e-01 6.617133172296550681e-02 2.928478068220964972e-02 0.000000000000000000e+00 1.561821240334463345e-01 0.000000000000000000e+00 2.260604293735679268e-02 4.364503223022935668e-02 7.237575853318917174e-02 0.000000000000000000e+00 0.000000000000000000e+00 0.000000000000000000e+00 5.208636308193607782e-03 8.589653554572450724e-04 1.655162927209114787e-01 8.602361406671632515e-02 0.000000000000000000e+00 0.000000000000000000e+00 1.928013662359883695e-01 0.000000000000000000e+00 0.000000000000000000e+00 0.000000000000000000e+00 0.000000000000000000e+00 1.051015829957029947e-02 2.764749112947698442e-03
0.000000000000000000e+00 1.167592676006564273e-01 1.516991536871104169e-02 0.000000000000000000e+00 0.000000000000000000e+00 0.000000000000000000e+00 0.000000000000000000e+00 2.175379736916142111e-03 0.000000000000000000e+00 1.061636629120642911e-01 0.000000000000000000e+00 5.641912409490416891e-02 6.692536014796593435e-02 0.000000000000000000e+00 1.849179734601504033e-01 0.000000000000000000e+00 1.120122932072620814e-01 4.371739164715700982e-02 6.076178973713775022e-02 0.000000000000000000e+00 0.000000000000000000e+00 0.000000000000000000e+00 9.649973409822520942e-02 0.000000000000000000e+00 1.384781079888495747e-01
0.000000000000000000e+00 1.379232044587041794e-01 0.000000000000000000e+00 0.000000000000000000e+00 2.421140814126388971e-02 0.000000000000000000e+00 1.315677296452680556e-01 0.000000000000000000e+00 0.000000000000000000e+00 0.000000000000000000e+00 0.000000000000000000e+00 2.079671350254861939e-01 2.715239231373506659e-02 0.000000000000000000e+00 1.467474065811951167e-01 0.000000000000000000e+00 1.157897570386806213e-01 1.498627639980404207e-02 2.343451690044458073e-03 2.079261339306760423e-02 0.000000000000000000e+00 0.000000000000000000e+00 1.305540737702976482e-02 1.574632179357210171e-01 0.000000000000000000e+00
4.633653085456732046e-02 1.284305102806756159e-02 2.754255277832606472e-03 2.150638353579276477e-02 1.019596409542845861e-01 9.696558490179404965e-02 5.611576817424804992e-02 2.578915160521661615e-02 5.967116532774687648e-02 1.203494255910457222e-01 0.000000000000000000e+00 0.000000000000000000e+00 3.391182305993399593e-02 0.000000000000000000e+00 8.829297273160001402e-03 0.000000000000000000e+00 8.724825288951739560e-03 0.000000000000000000e+00 1.390956864916162161e-01 0.000000000000000000e+00 0.000000000000000000e+00 2.354008605194610193e-02 3.064158570323506289e-02 5.642420179569707095e-02 1.545415370848635395e-01
7.477082109686418454e-02 0.000000000000000000e+00 1.159179754466230089e-01 7.299966882575356295e-03 0.000000000000000000e+00 5.546873664883528871e-02 1.106963711560572661e-01 1.340649530340886075e-01 4.354159936029798617e-02 0.000000000000000000e+00 1.289619907297451934e-02 1.730429036327288395e-01 2.988684727502964947e-02 0.000000000000000000e+00 1.057446868904338699e-01 0.000000000000000000e+00 0.000000000000000000e+00 0.000000000000000000e+00 0.000000000000000000e+00 3.625730294436518841e-02 0.000000000000000000e+00 1.690925879232043835e-02 8.350237776680595470e-02 0.000000000000000000e+00 0.000000000000000000e+00
1.522583774012780831e-03 4.575724832399633062e-05 5.758559034742350563e-02 0.000000000000000000e+00 3.539558416409806507e-01 0.000000000000000000e+00 7.885181848053209042e-02 1.284325221345045120e-01 0.000000000000000000e+00 0.000000000000000000e+00 0.000000000000000000e+00 8.893941235512789478e-02 0.000000000000000000e+00 0.000000000000000000e+00 1.427367607619520152e-03 0.000000000000000000e+00 6.402104840180782019e-02 0.000000000000000000e+00 0.000000000000000000e+00 0.000000000000000000e+00 0.000000000000000000e+00 0.000000000000000000e+00 3.604424999530398549e-02 1.635225519870602273e-01 2.565125602730307028e-02
0.000000000000000000e+00 3.821587149390663629e-02 2.465194933232716171e-02 0.000000000000000000e+00 2.070155162068740978e-02 1.029080997884392751e-01 9.411003995375093190e-02 0.000000000000000000e+00 2.131962998119982244e-02 8.809700491692926128e-02 0.000000000000000000e+00 1.536440380403353567e-01 1.105592166034938817e-01 0.000000000000000000e+00 0.000000000000000000e+00 0.000000000000000000e+00 0.000000000000000000e+00 0.000000000000000000e+00 1.769324179910313488e-01 0.000000000000000000e+00 0.000000000000000000e+00 7.038280590195440667e-02 7.507340342747989559e-02 1.692847755444508787e-02 6.475493394019401876e-03
0.000000000000000000e+00 1.835744012082998200e-01 0.000000000000000000e+00 8.100237173531524282e-02 1.585160639324375773e-02 1.577373491759795354e-02 9.427874493327383087e-02 8.763877182563825641e-02 0.000000000000000000e+00 2.946179932708388807e-02 0.000000000000000000e+00 1.589889828199290145e-01 0.000000000000000000e+00 0.000000000000000000e+00 0.000000000000000000e+00 0.000000000000000000e+00 0.000000000000000000e+00 0.000000000000000000e+00 1.842043013294496212e-01 0.000000000000000000e+00 0.000000000000000000e+00 1.991782287720610806e-02 3.520631015585878182e-02 0.000000000000000000e+00 9.410115247710368336e-02
1.876757129656483891e-02 3.329138192646888955e-02 1.123927425154723908e-01 3.274131626317251798e-02 1.237037375084792667e-01 0.000000000000000000e+00 0.000000000000000000e+00 4.983699866136241663e-02 2.720548551955487282e-02 9.640248708613174955e-02 0.000000000000000000e+00 1.505035935985560014e-01 6.309230353557294946e-02 0.000000000000000000e+00 0.000000000000000000e+00 0.000000000000000000e+00 0.000000000000000000e+00 0.000000000000000000e+00 0.000000000000000000e+00 6.239410574516509461e-02 0.000000000000000000e+00 1.923635595255248840e-02 1.888365200562797455e-02 1.913580490855578686e-01 1.902192997605385647e-04
0.000000000000000000e+00 0.000000000000000000e+00 6.331352223442502508e-03 0.000000000000000000e+00 2.713138634959829654e-01 0.000000000000000000e+00 4.667916874012955492e-02 0.000000000000000000e+00 0.000000000000000000e+00 0.000000000000000000e+00 0.000000000000000000e+00 2.008456281251220221e-01 1.817836756789696639e-02 0.000000000000000000e+00 5.126131660490924197e-02 0.000000000000000000e+00 1.059898538186488243e-01 1.848251236679792839e-02 1.940571689898657748e-01 1.000720419495146514e-02 0.000000000000000000e+00 0.000000000000000000e+00 7.685356387225274200e-02 0.000000000000000000e+00 0.000000000000000000e+00
6.160256403885617897e-03 0.000000000000000000e+00 1.483355048569156773e-02 6.587687276218019694e-02 1.399380490370019381e-01 5.329304913685390527e-02 8.044367445044914300e-03 1.391829794302064938e-01 2.418333693590143160e-03 8.739454587732216340e-02 0.000000000000000000e+00 1.768482717596702170e-01 0.000000000000000000e+00 2.073870422102595291e-03 2.149932088099055713e-02 0.000000000000000000e+00 6.220486467519443369e-02 2.108153676883799468e-02 2.281644342602673868e-03 0.000000000000000000e+00 0.000000000000000000e+00 7.624560015607548952e-03 1.620695881040854977e-02 1.730369680528084930e-01 0.000000000000000000e+00
0.000000000000000000e+00 6.169952647245995070e-02 1.204176984419647739e-02 0.000000000000000000e+00 0.000000000000000000e+00 0.000000000000000000e+00 2.033584723647337278e-01 1.512642899568104049e-01 0.000000000000000000e+00 1.333460316698883812e-02 0.000000000000000000e+00 1.669678212524700056e-01 1.353467722094004455e-01 0.000000000000000000e+00 1.675296355331617332e-02 0.000000000000000000e+00 0.000000000000000000e+00 0.000000000000000000e+00 2.050778358073877816e-01 0.000000000000000000e+00 0.000000000000000000e+00 3.320319103899384283e-02 0.000000000000000000e+00 0.000000000000000000e+00 9.527543332422027051e-04
1.226880240440176260e-02 1.566961151546009123e-01 0.000000000000000000e+00 0.000000000000000000e+00 5.922765370072460150e-02 1.855833808852126385e-02 7.831645189087042824e-02 5.505448228454936505e-02 3.677952114849117153e-03 0.000000000000000000e+00 0.000000000000000000e+00 1.309584083596602999e-01 2.061269328751482322e-03 0.000000000000000000e+00 1.463913053076408288e-01 0.000000000000000000e+00 0.000000000000000000e+00 0.000000000000000000e+00 1.338035729589077526e-03 1.088842643921365538e-01 0.000000000000000000e+00 0.000000000000000000e+00 4.030740817827777739e-02 3.537481363393912143e-02 1.508846994314873569e-01
3.106594352975320175e-02 8.153658257636113571e-02 0.000000000000000000e+00 5.959714983902114627e-02 1.412053802832053881e-02 0.000000000000000000e+00 1.238509223014928537e-02 6.053367239669805999e-02 1.439887804388744960e-02 1.546335429807360329e-01 0.000000000000000000e+00 4.090814799342115844e-03 4.170152299813717142e-03 0.000000000000000000e+00 2.723100288639223043e-01 7.341666688176316791e-02 0.000000000000000000e+00 0.000000000000000000e+00 5.094905709901334165e-03 0.000000000000000000e+00 2.609595941258203641e-02 0.000000000000000000e+00 5.396164738505430589e-03 2.129852649811999829e-02 1.598553811711230233e-01
5.799615790508468732e-02 7.245802116576505192e-02 0.000000000000000000e+00 9.125628745617385754e-03 1.926399724494126109e-01 1.420857437567755732e-01 2.363212166635817943e-02 4.093881477774110461e-02 0.000000000000000000e+00 6.270649144832786404e-02 0.000000000000000000e+00 1.641572887554996751e-01 2.210399150007939448e-02 0.000000000000000000e+00 0.000000000000000000e+00 0.000000000000000000e+00 1.729606209439219942e-03 1.162844143731654178e-01 3.021509985450936825e-02 0.000000000000000000e+00 6.392664739222449211e-02 0.000000000000000000e+00 0.000000000000000000e+00 0.000000000000000000e+00 0.000000000000000000e+00
3.063991586613724546e-02 1.750039646212264155e-01 3.365637982403622830e-02 0.000000000000000000e+00 1.925277884922319688e-02 0.000000000000000000e+00 1.039597872268922668e-01 1.266436233956342444e-02 1.678429071751463483e-02 1.222999282110678876e-01 0.000000000000000000e+00 6.700743943308784534e-02 2.042484328749203173e-02 0.000000000000000000e+00 2.058010895863047474e-01 0.000000000000000000e+00 1.829742297840352208e-02 0.000000000000000000e+00 0.000000000000000000e+00 0.000000000000000000e+00 0.000000000000000000e+00 0.000000000000000000e+00 9.686100794630097405e-03 7.942413771089380792e-02 8.509755855352649223e-02
0.000000000000000000e+00 0.000000000000000000e+00 7.911902017082990402e-02 0.000000000000000000e+00 1.277978151291845055e-01 0.000000000000000000e+00 1.328560404071965628e-01 5.632287834492306910e-02 4.058884657449625399e-02 0.000000000000000000e+00 0.000000000000000000e+00 1.776750448605643740e-01 3.525205741775075749e-05 0.000000000000000000e+00 6.302327410042889155e-02 0.000000000000000000e+00 9.418766089119831597e-02 0.000000000000000000e+00 1.887876092802483197e-01 0.000000000000000000e+00 0.000000000000000000e+00 0.000000000000000000e+00 3.960655818351227486e-02 0.000000000000000000e+00 0.000000000000000000e+00
1.232524364269501349e-01 0.000000000000000000e+00 0.000000000000000000e+00 3.616024142569409638e-03 3.521339531036062898e-01 4.109784427490294906e-02 6.063433286186577925e-02 0.000000000000000000e+00 0.000000000000000000e+00 3.906543836382836421e-03 0.000000000000000000e+00 1.789516998860399555e-01 0.000000000000000000e+00 0.000000000000000000e+00 0.000000000000000000e+00 0.000000000000000000e+00 0.000000000000000000e+00 0.000000000000000000e+00 1.733864637876841031e-01 0.000000000000000000e+00 6.343424885890614406e-04 0.000000000000000000e+00 0.000000000000000000e+00 3.449805658181378382e-02 2.788830260959572829e-02
0.000000000000000000e+00 1.892867436167766648e-02 3.898680931263241722e-03 0.000000000000000000e+00 1.165485572258631725e-01 3.619765550814033062e-02 3.184000711333169475e-02 7.531122635462282611e-02 7.285722909498266314e-03 1.153649413610716018e-01 7.487237634215512458e-03 4.365522665976986905e-02 1.795444214667070090e-02 0.000000000000000000e+00 2.878799117602359736e-01 0.000000000000000000e+00 3.234803669524178357e-03 0.000000000000000000e+00 0.000000000000000000e+00 0.000000000000000000e+00 0.000000000000000000e+00 0.000000000000000000e+00 4.070248005735583458e-02 0.000000000000000000e+00 1.937104323067591616e-01
3.259785793337353129e-03 2.008928055576439109e-01 7.022612135207943057e-03 8.970260652883393915e-02 1.291182775132677929e-02 0.000000000000000000e+00 9.072541207699822557e-03 1.644786665400848214e-03 0.000000000000000000e+00 3.604263610493430026e-02 0.000000000000000000e+00 3.221108309483431964e-01 0.000000000000000000e+00 6.091258312499230271e-04 8.615226446236955160e-02 0.000000000000000000e+00 0.000000000000000000e+00 0.000000000000000000e+00 9.104381064556142655e-02 0.000000000000000000e+00 0.000000000000000000e+00 0.000000000000000000e+00 0.000000000000000000e+00 1.125473638872619003e-01 2.698700248082917807e-02
0.000000000000000000e+00 1.240407399477655576e-01 0.000000000000000000e+00 0.000000000000000000e+00 3.454666453240238383e-02 0.000000000000000000e+00 9.977815628091585287e-02 2.737696467854145582e-02 0.000000000000000000e+00 0.000000000000000000e+00 6.722464791859926458e-02 3.700103033201514457e-01 0.000000000000000000e+00 0.000000000000000000e+00 3.503613466306239321e-02 0.000000000000000000e+00 0.000000000000000000e+00 0.000000000000000000e+00 3.929240839511950918e-03 0.000000000000000000e+00 0.000000000000000000e+00 9.950963841543127020e-02 1.083590073679130406e-02 1.277116086668271533e-01 0.000000000000000000e+00
0.000000000000000000e+00 1.200046874421313581e-02 4.218576365254460281e-02 3.769380246182168354e-02 8.163897412824563937e-02 0.000000000000000000e+00 1.379925490184673587e-01 1.867316394567564326e-03 7.764188574099908924e-02 0.000000000000000000e+00 0.000000000000000000e+00 2.087131175857228904e-01 6.824560065791585028e-02 3.017287420015813196e-02 1.454635341129910109e-01 0.000000000000000000e+00 0.000000000000000000e+00 0.000000000000000000e+00 3.530018843349204058e-03 0.000000000000000000e+00 0.000000000000000000e+00 0.000000000000000000e+00 1.212163873385231627e-01 0.000000000000000000e+00 3.163770712048057793e-02
9.514915890264501186e-02 0.000000000000000000e+00 5.403366677710491617e-02 0.000000000000000000e+00 1.217752411785624489e-01 0.000000000000000000e+00 0.000000000000000000e+00 9.772859730442731707e-02 0.000000000000000000e+00 7.675011550279033524e-04 0.000000000000000000e+00 1.769425853551064021e-01 0.000000000000000000e+00 0.000000000000000000e+00 1.892634784013833282e-01 0.000000000000000000e+00 0.000000000000000000e+00 0.000000000000000000e+00 1.156774250602298285e-02 0.000000000000000000e+00 0.000000000000000000e+00 6.277264204578175688e-02 3.815276541305088337e-02 1.518466209608870521e-01 0.000000000000000000e+00
1.198020904045370323e-02 1.667884453643355691e-01 0.000000000000000000e+00 2.711190379255118063e-02 0.000000000000000000e+00 0.000000000000000000e+00 1.755892630164801807e-02 0.000000000000000000e+00 0.000000000000000000e+00 1.039192276291961148e-01 0.000000000000000000e+00 8.506266842987077886e-03 3.045207737745308368e-02 0.000000000000000000e+00 2.246297926021959268e-01 0.000000000000000000e+00 0.000000000000000000e+00 0.000000000000000000e+00 9.477966009718585827e-02 8.178141417954871983e-03 0.000000000000000000e+00 4.083594577758485611e-02 1.060503071434765188e-01 1.551970892877514996e-01 4.012007325225675110e-03
0.000000000000000000e+00 1.281584018071502684e-01 0.000000000000000000e+00 1.901713266868038654e-01 1.610330203039166824e-02 0.000000000000000000e+00 8.993219227683993400e-03 0.000000000000000000e+00 7.171812055868988234e-02 9.381384474448396793e-03 0.000000000000000000e+00 8.624441725261358660e-02 0.000000000000000000e+00 0.000000000000000000e+00 1.863853398955847562e-02 0.000000000000000000e+00 0.000000000000000000e+00 0.000000000000000000e+00 1.935590587220017145e-01 1.683464968913778517e-02 0.000000000000000000e+00 9.822308272858042144e-02 2.251648913859043838e-02 0.000000000000000000e+00 1.394580136943495141e-01
3.467722057038416517e-02 1.510061025542228097e-01 2.763004011208658461e-02 0.000000000000000000e+00 5.127003096652646592e-03 0.000000000000000000e+00 3.639630674815860084e-02 3.039921293953417279e-03 4.323802372054089127e-02 1.387092128424686766e-01 0.000000000000000000e+00 4.377495135281717076e-02 0.000000000000000000e+00 0.000000000000000000e+00 1.947066114362596967e-01 1.073238106144234205e-01 2.521441085639755317e-02 0.000000000000000000e+00 0.000000000000000000e+00 1.976023615609893980e-02 3.535559933910226789e-04 0.000000000000000000e+00 0.000000000000000000e+00 1.473104046136390899e-01 2.173218803850530956e-02
0.000000000000000000e+00 3.615071632577174926e-02 0.000000000000000000e+00 9.158867186559264961e-02 0.000000000000000000e+00 2.171389026918359166e-02 1.459657969248170928e-01 0.000000000000000000e+00 0.000000000000000000e+00 7.128773760794911152e-02 0.000000000000000000e+00 1.226773335797405745e-01 0.000000000000000000e+00 0.000000000000000000e+00 1.570648895953793700e-01 0.000000000000000000e+00 0.000000000000000000e+00 0.000000000000000000e+00 1.833712770021007354e-01 0.000000000000000000e+00 0.000000000000000000e+00 1.230394875525995801e-01 1.587372374047954851e-02 2.527634787022581958e-02 5.990127666160176105e-03
0.000000000000000000e+00 3.722963155702737476e-02 2.093688199624901478e-02 1.351120299592891913e-02 9.628948159412148433e-03 0.000000000000000000e+00 8.409575934051670421e-02 0.000000000000000000e+00 0.000000000000000000e+00 9.099045203377358060e-02 0.000000000000000000e+00 2.237486817784447440e-02 0.000000000000000000e+00 0.000000000000000000e+00 1.667819638276945571e-01 0.000000000000000000e+00 6.153115988390842062e-02 1.019478470109831947e-01 0.000000000000000000e+00 6.126462463645782758e-02 7.535846397905088256e-02 0.000000000000000000e+00 2.075730485784256160e-02 2.335908915433104194e-01 0.000000000000000000e+00
0.000000000000000000e+00 0.000000000000000000e+00 1.004849556768255998e-02 1.098796952388272213e-02 1.263759075071226312e-01 0.000000000000000000e+00 6.976495104735794262e-02 1.252346598220326901e-01 0.000000000000000000e+00 4.296344178580712402e-03 1.519625029087323144e-02 1.030657346977408989e-01 0.000000000000000000e+00 2.536397391837495047e-02 1.249436492401272414e-01 0.000000000000000000e+00 0.000000000000000000e+00 1.876568896490522081e-02 0.000000000000000000e+00 0.000000000000000000e+00 0.000000000000000000e+00 0.000000000000000000e+00 0.000000000000000000e+00 1.857936160276825177e-01 1.801627592136366696e-01
