4.091205261939192400e-02 5.810089611540099341e-02 4.620332192759243027e-03 6.356521231182968128e-03 2.009753654382866184e-02 9.598652440136370978e-02 3.113689450372496975e-02 1.988682913814811010e-03 4.294444532211394439e-02 1.688430193252396863e-02 0.000000000000000000e+00 5.983364797726975493e-02 2.274048741136050489e-02 5.131458889123245021e-02 4.298051038832063214e-02 2.105945703946624295e-02 4.049313774228402441e-03 1.335471148798252072e-01 1.412714560289650145e-01 2.041752358332266648e-01
1.277639011921113737e-03 3.447312054112025570e-02 0.000000000000000000e+00 1.303428462517559061e-01 7.703171367252434343e-02 1.478833672426595192e-01 1.225314858032434256e-02 0.000000000000000000e+00 1.000934569811531005e-01 8.490130107233538614e-02 0.000000000000000000e+00 1.139050451025215432e-01 1.332592564377361533e-03 1.691040902093367444e-03 4.151158221112059149e-02 3.489825726814443918e-03 0.000000000000000000e+00 4.046057635165812780e-03 6.515852917004705258e-02 1.806087333340657686e-01
0.000000000000000000e+00 1.202515682887680785e-02 0.000000000000000000e+00 4.734862168605455390e-02 7.793791998868636328e-02 8.917871546940114857e-02 1.201884014444442039e-01 1.172792758717949718e-01 1.999411616654801771e-02 0.000000000000000000e+00 0.000000000000000000e+00 1.001737962502639162e-02 1.572407597858865302e-01 1.048214580649173278e-02 6.988420840382321420e-03 9.546807170261165446e-03 1.139168628765667435e-03 6.431339138653872911e-02 3.512335800306894823e-02 2.211963612977723703e-01
0.000000000000000000e+00 9.081454384730649337e-03 0.000000000000000000e+00 8.380288083388763576e-02 2.507611798484390454e-03 2.589182925426978046e-02 3.686938518675302728e-02 1.857871765384893903e-01 1.098827744423784142e-01 2.706333081069687424e-02 6.524398322651337552e-04 9.429178023635302608e-02 8.858669914597179507e-02 0.000000000000000000e+00 2.130899794636911815e-02 1.327677415967363009e-02 4.151644709614876055e-02 8.546673325487305628e-02 5.360193250940890886e-02 1.204117525692465634e-01
6.313613625004841539e-04 3.379568392426660767e-02 5.417772110694277048e-03 1.626214438119115424e-02 3.033823543268537523e-02 3.159039447716201210e-02 0.000000000000000000e+00 1.414807904378326264e-01 0.000000000000000000e+00 0.000000000000000000e+00 0.000000000000000000e+00 9.377912935308270470e-02 6.950329428276776078e-02 8.130216709246228246e-02 3.243090738522374367e-02 9.647482620569317047e-02 1.687578003369703187e-04 3.547655815871136875e-02 1.371153127115612158e-01 1.942326648838283432e-01
9.813531871970006260e-02 8.949539897540242928e-02 3.450715270256564556e-03 3.839764125596786815e-02 1.302117916319952551e-01 1.387694957127581230e-01 2.899122078590953000e-02 1.176680763782643122e-02 6.630052669328097281e-02 8.251385311951270340e-02 0.000000000000000000e+00 1.158788140435063618e-01 1.989297105004667748e-02 1.668833948133776560e-03 0.000000000000000000e+00 2.581358749711517436e-02 7.002948742352770040e-02 0.000000000000000000e+00 7.409706597636268877e-02 4.586470258697678340e-03
1.126626594032629700e-02 8.041378983899395705e-02 0.000000000000000000e+00 7.368979040716495954e-02 1.727904514905027333e-01 1.367608475753960273e-01 0.000000000000000000e+00 2.526155402173404368e-02 8.985371346438021656e-02 0.000000000000000000e+00 1.000088099046345450e-02 4.586030880281067451e-02 4.291560441304387297e-02 5.853236417268812414e-02 0.000000000000000000e+00 1.011310420059429414e-02 3.703697791446664001e-02 5.275884234050487454e-02 1.455596546934771751e-01 7.185849733452824746e-03
0.000000000000000000e+00 1.631437706385924571e-02 0.000000000000000000e+00 4.220392427284080927e-02 2.931018874769636059e-02 4.165557044155739075e-02 8.804347569777706828e-02 1.437925744520870130e-01 1.044560238620708265e-01 1.081642813634858119e-02 0.000000000000000000e+00 1.482080559105254658e-01 3.512141882343244870e-02 2.878041790729073384e-03 1.682006230366374952e-04 0.000000000000000000e+00 1.282064098009823815e-02 6.523034802080733552e-02 2.033323485727129565e-01 5.564838260442044049e-02
7.604428861264953335e-03 1.496816074619087555e-01 3.183112385716902609e-02 2.238373343016905326e-01 1.279274299784593227e-01 1.580232520762230586e-01 3.968682011532806420e-02 3.981488763743860730e-03 3.510799088640750854e-02 3.730161836086111349e-02 0.000000000000000000e+00 8.533267843024109484e-03 2.437788510095070110e-02 0.000000000000000000e+00 4.293941557766806603e-03 9.116699766377132919e-02 1.692854436687825804e-03 0.000000000000000000e+00 4.105744381091369632e-02 1.389451492382932571e-02
1.085125946699693443e-02 1.228533056057989764e-01 6.210910320553123150e-03 3.523850583404484343e-02 1.421703792724111903e-01 6.381103378163165141e-02 4.710194774494397274e-02 1.389427162733135931e-03 3.725841413491546433e-02 0.000000000000000000e+00 0.000000000000000000e+00 2.287964375320519425e-02 4.361449834026582054e-03 1.754779999377226729e-01 1.299925191461097085e-01 7.107674155835201971e-03 5.737795858783713808e-03 3.334304069782143345e-03 0.000000000000000000e+00 1.842234299205054993e-01
1.411304279787170199e-02 1.736430481388096664e-02 6.749084319373654939e-03 1.157882144511674927e-01 1.097368164839483858e-02 7.452441959742360511e-02 4.874808828372350494e-02 2.268539402191582441e-02 2.421222261979542878e-02 0.000000000000000000e+00 0.000000000000000000e+00 1.931286950773006550e-01 1.881616200768561620e-01 2.293955439403254706e-02 1.256459056382537298e-01 1.341582140064819786e-03 1.773905900519023512e-02 1.134299535192343084e-01 2.069881818898716176e-03 3.852957766219381624e-04
1.011964199500226501e-02 9.414880031653388714e-03 8.584699224605803029e-04 1.412721314900508736e-02 0.000000000000000000e+00 7.818063170290198705e-02 8.699052962433814762e-02 1.200569432601794329e-01 1.021306615027112591e-01 2.598228538046895228e-02 0.000000000000000000e+00 1.115983635747015007e-02 1.539559680674994907e-02 7.200586816958640113e-02 7.430433049197961159e-02 1.099330643986922845e-01 0.000000000000000000e+00 1.179570123412781862e-01 4.613715942487916361e-02 1.052458754406431357e-01
3.643126000273578385e-02 1.473156660417653321e-02 0.000000000000000000e+00 9.123862984148858879e-02 1.457323723238113655e-01 2.104372403034446004e-01 5.038552109297045334e-02 6.359047662357389906e-03 2.428726459552255079e-02 7.692051975404520271e-03 3.968263196378716759e-03 1.613645021243957922e-01 1.627654619381949455e-02 2.083267474589274235e-02 7.669623992943333524e-02 0.000000000000000000e+00 9.967584120402048393e-04 0.000000000000000000e+00 3.786730079293797960e-03 1.287833309168342488e-01
2.313102889556368277e-03 3.913521197152121378e-02 8.552429278794529410e-02 4.296054547899278570e-02 2.513582031003811640e-02 1.785868715340716284e-01 1.027157363062371209e-01 1.544057189156191057e-01 0.000000000000000000e+00 0.000000000000000000e+00 0.000000000000000000e+00 3.961566394968008518e-03 3.978321698160001280e-02 1.165787856150821405e-03 1.236323728862800675e-01 7.278205146225889821e-02 6.538830049686102097e-02 3.948408690274218119e-02 8.276431993684985750e-04 2.219767362578869627e-02
6.481737249718770404e-03 1.309350983854752105e-02 2.316041889101811291e-03 9.845122950404636489e-03 1.787272635646834085e-01 3.019921048346950812e-02 1.590694531319723770e-01 1.229365488495728562e-02 9.765765373673487848e-02 2.006047853523259400e-02 2.930259162074718218e-02 1.592048196009146726e-04 0.000000000000000000e+00 2.495171827381704663e-02 1.274029474921148930e-01 0.000000000000000000e+00 0.000000000000000000e+00 7.277790487803569019e-02 6.736854073970115209e-02 1.482929659111602572e-01
