2.861255495325771767e-02 5.270977519255408243e-03 1.326161231424135894e-03 4.978271411814074419e-04 3.609951304458092550e-03 8.040693794956804696e-02 1.072470888770191561e-01 8.425295427778246860e-02 1.380304767849634962e-01 5.695385288713433053e-02 0.000000000000000000e+00 1.574944263555111065e-02 3.251075792370217263e-04 1.212139177819319957e-02 1.331421088688647947e-01 1.587324527920360676e-04 1.173984102081062492e-01 3.923783203736130529e-03 1.109636920784612575e-02 7.289097508875442243e-03 1.659008134159935949e-02 0.000000000000000000e+00 2.768794847662735953e-02 6.301011927181374671e-03 1.420077318853455173e-01
3.319698904856091255e-04 0.000000000000000000e+00 1.393393722835216120e-01 0.000000000000000000e+00 7.875641342821783353e-02 3.080196431677971122e-02 1.388307633174667988e-01 8.843937172470220376e-02 2.650877747817658586e-02 5.033592569579274645e-02 6.106163889968762269e-03 8.076677179609172141e-02 0.000000000000000000e+00 9.251583397334420429e-05 2.640448796331941461e-03 8.080657985097205401e-04 0.000000000000000000e+00 0.000000000000000000e+00 0.000000000000000000e+00 0.000000000000000000e+00 1.956451180389785771e-02 4.603221329058741762e-02 1.436810195402977164e-01 1.415781430433529220e-01 5.385588071845417817e-03
0.000000000000000000e+00 1.196842363532961070e-02 0.000000000000000000e+00 0.000000000000000000e+00 5.102065284260309981e-03 3.316713722062994418e-02 1.778390221568891261e-01 1.009619309466185944e-01 1.161633372778062973e-01 4.671671688943316962e-03 0.000000000000000000e+00 2.180775500693364968e-02 0.000000000000000000e+00 0.000000000000000000e+00 1.143229659164254203e-01 1.354379974703686339e-02 4.047832604829326719e-02 7.161615379757711730e-02 4.312027535887736490e-03 9.859282264388191663e-02 3.789734424206885749e-02 0.000000000000000000e+00 0.000000000000000000e+00 1.353514702198183872e-01 1.220374663159959523e-02
0.000000000000000000e+00 1.508685523387917748e-06 8.426840213928335488e-02 0.000000000000000000e+00 5.624517159365079177e-03 2.513716003604080790e-02 6.658870871353347008e-03 1.251953790914201933e-02 1.403594109782377863e-01 4.075247673031293788e-02 0.000000000000000000e+00 3.047500151101740357e-02 4.470942581789632414e-03 0.000000000000000000e+00 1.803373325542155514e-01 6.835816264606932487e-03 7.518273539646135040e-02 1.165432218616382042e-03 3.087931489854423006e-02 1.192762950284409346e-01 5.588762765022533413e-02 2.614904942809220811e-02 3.791599597123316602e-03 1.393805555094232707e-01 1.084641285218477039e-02
5.423270983632795528e-02 2.257566004574526001e-03 0.000000000000000000e+00 4.655408400230813537e-03 0.000000000000000000e+00 8.939486839083257697e-03 1.002917970487654381e-01 2.285080303810874125e-02 9.099865015334943769e-03 1.524901202623419605e-01 0.000000000000000000e+00 2.250887017455039524e-02 8.365164625915798811e-04 6.705088362745847790e-03 1.439816508287029007e-01 8.057390731990477124e-04 1.577567665715534917e-01 4.490822102318980241e-02 7.211763347249669498e-03 2.608918404884154308e-04 0.000000000000000000e+00 0.000000000000000000e+00 1.425318685302122195e-03 1.474877035436784056e-01 1.112937136419807349e-01
0.000000000000000000e+00 0.000000000000000000e+00 3.514422883020026228e-02 5.007460828014892364e-04 2.157098928380636604e-02 7.675552977015414301e-03 1.399125307494993309e-01 0.000000000000000000e+00 2.167484572768194617e-01 3.988178468447624650e-03 1.079309052041453262e-03 3.236730673085783799e-02 5.928139960761375643e-03 7.452462930354852811e-04 1.823521852020779377e-01 6.841565174141801819e-02 3.015361224884934715e-02 0.000000000000000000e+00 3.087442227783777221e-03 0.000000000000000000e+00 1.207880088400557994e-04 0.000000000000000000e+00 2.191428994725636015e-02 2.381241748948065978e-02 2.044829274290077270e-01
0.000000000000000000e+00 6.695550748411669643e-04 1.040836740980392860e-01 0.000000000000000000e+00 1.314067624420942049e-01 8.417408449383175992e-03 1.536648602014432929e-01 0.000000000000000000e+00 1.176558323508295791e-02 1.241871485830014707e-02 7.004262806227965280e-03 1.041748196373765423e-01 0.000000000000000000e+00 0.000000000000000000e+00 1.520208922348529890e-01 0.000000000000000000e+00 4.988718144485719671e-04 1.017893256273290706e-02 8.878620219616593923e-02 0.000000000000000000e+00 0.000000000000000000e+00 3.269965834668993321e-02 1.080924680769913548e-01 1.729607559378376971e-02 5.682125837154578668e-02
9.891003123171216924e-03 4.379181633721969218e-03 1.290539274478062493e-01 1.010563717404972797e-03 1.117760443466126602e-02 0.000000000000000000e+00 3.883096339936916580e-02 5.025771237183503798e-02 1.119410655193408544e-01 9.461305961836272149e-02 1.638102463018215353e-03 3.829250959635592966e-03 0.000000000000000000e+00 0.000000000000000000e+00 1.423906809389289263e-01 0.000000000000000000e+00 1.306365702165792619e-01 0.000000000000000000e+00 0.000000000000000000e+00 0.000000000000000000e+00 1.813310767925829445e-02 1.195222045066683392e-01 7.695961048652218139e-02 7.375280655608061446e-03 4.836011082810762890e-02
0.000000000000000000e+00 6.542275810308153215e-03 3.269398967210461471e-02 1.520684858624526438e-02 7.837381543367952230e-02 1.449938467501507219e-02 1.439556786432908964e-01 5.192496181694377516e-02 6.921810476025698489e-03 8.883503232426122678e-03 4.844899777734328061e-03 4.517615553531608569e-02 1.058134557283460682e-02 6.516723573205155740e-04 1.437702022160158577e-01 8.100053050028132098e-03 1.115164703771622107e-01 9.881279532512384639e-03 7.086559857738019587e-03 0.000000000000000000e+00 0.000000000000000000e+00 1.032681083500705255e-01 1.551600850763132887e-04 1.097229864938519261e-01 8.624283844829994106e-02
0.000000000000000000e+00 0.000000000000000000e+00 1.307626899296128117e-02 0.000000000000000000e+00 2.115907690408517713e-02 1.438964070181665035e-02 1.931103788298832447e-01 1.763823654019062159e-01 1.284133295800372054e-01 6.833205412641993673e-03 4.100327290037449751e-03 1.021818078810933089e-01 1.108079124055928733e-01 3.605107705977527062e-03 1.301134454014001018e-01 1.670515063960369487e-02 0.000000000000000000e+00 0.000000000000000000e+00 1.633227725557151108e-02 1.289338736670904949e-02 1.820568907535801556e-03 1.631828088755078851e-04 4.503845524964012934e-04 1.786681676002409638e-02 2.959536520175073265e-02
0.000000000000000000e+00 0.000000000000000000e+00 1.334237027347277282e-01 2.034559118576097572e-02 4.378173311185327987e-02 0.000000000000000000e+00 1.677948634256144766e-01 1.233387808149178783e-01 6.123376208116926983e-02 2.888266339922011816e-02 0.000000000000000000e+00 1.158503619721100580e-01 0.000000000000000000e+00 5.043313577233883745e-03 7.350863340572352453e-03 0.000000000000000000e+00 1.810176492593734004e-02 0.000000000000000000e+00 4.288672109930465222e-03 0.000000000000000000e+00 6.100271225122424167e-03 2.460654908581851735e-02 2.462330988508991403e-02 1.512627195133982305e-01 6.397107761152308336e-02
0.000000000000000000e+00 0.000000000000000000e+00 8.337462423467209560e-02 0.000000000000000000e+00 4.444945474008751146e-02 0.000000000000000000e+00 1.201337910577849472e-01 1.812962387382540119e-01 3.416234607253301053e-02 1.600896941126340664e-02 0.000000000000000000e+00 1.193969624686382625e-01 0.000000000000000000e+00 0.000000000000000000e+00 1.334126468052753423e-01 9.622873662799470360e-03 1.647558461208600833e-02 1.600353501375677973e-02 1.242183086001263925e-01 8.628754986233772364e-03 0.000000000000000000e+00 0.000000000000000000e+00 1.616483168403210586e-03 4.684255561669302403e-02 4.435687081139268184e-02
9.622632376225054253e-04 0.000000000000000000e+00 1.439840237129054734e-01 1.336733472112362330e-03 8.309040548893299911e-04 9.669376947826671675e-02 1.444845709488792596e-01 4.933211642208322478e-02 1.941776870261910370e-02 7.541497520212472362e-03 0.000000000000000000e+00 1.268426762666691535e-02 0.000000000000000000e+00 0.000000000000000000e+00 1.677992341340964477e-01 1.965232945808123577e-03 3.805287380926338642e-02 4.528310243347252739e-02 1.178857620165526671e-01 0.000000000000000000e+00 8.017702454864073305e-03 0.000000000000000000e+00 0.000000000000000000e+00 2.493100059889711510e-03 1.412350769697955921e-01
0.000000000000000000e+00 8.278615052082451868e-04 1.470242610590897503e-01 1.960194475217886048e-02 8.484839828253734617e-02 1.310574884688628025e-03 8.726061505443896693e-02 2.188335721929248606e-03 8.632164076232367103e-03 1.568198554853337812e-01 2.100655785107455060e-03 1.524269911629303753e-01 0.000000000000000000e+00 1.247537155386916306e-02 8.257725954726307174e-03 1.112242874736655120e-03 0.000000000000000000e+00 0.000000000000000000e+00 1.368092833319139827e-03 1.204065121076474121e-01 9.661322676937185092e-03 7.767928505897952335e-03 2.560191017840427775e-03 2.707918495772092260e-02 1.462697697476299241e-01
0.000000000000000000e+00 0.000000000000000000e+00 1.471309885090081315e-01 0.000000000000000000e+00 4.735355687332121893e-02 0.000000000000000000e+00 1.141375036168052470e-01 2.070181879872780295e-02 8.309299556392602155e-04 1.188824870633522351e-01 0.000000000000000000e+00 1.137570183373721872e-01 0.000000000000000000e+00 0.000000000000000000e+00 2.459523626389835405e-02 3.207477249622655430e-02 4.779809416373038966e-02 5.575771789013821145e-02 6.504346714669031679e-03 1.451744335216799235e-02 5.781909229950638399e-03 1.109807849513572420e-01 1.958508649115442684e-03 7.094686969248643893e-02 6.629001344203358514e-02
7.676497730931494679e-02 2.104519895091643694e-02 3.581480602311350875e-02 3.081521664300906644e-03 1.536820837091548708e-02 4.940866090473650845e-04 1.422141676377754460e-01 1.843471157193732057e-01 1.309119404466393966e-01 1.002532559355236597e-03 0.000000000000000000e+00 6.480816099952900478e-02 0.000000000000000000e+00 7.604161664370692048e-03 1.440655280377703962e-01 0.000000000000000000e+00 0.000000000000000000e+00 4.732868846788398400e-03 0.000000000000000000e+00 9.852873951664480132e-04 0.000000000000000000e+00 2.885189341956912248e-02 0.000000000000000000e+00 1.336541485837884902e-01 4.253395762265385453e-03
2.423174369106001827e-02 1.253938332461781210e-04 3.515759088702784946e-03 0.000000000000000000e+00 4.560516862552645156e-02 0.000000000000000000e+00 2.636226554028013314e-01 1.973388000483056459e-01 1.388965389716573760e-02 2.443321163607911975e-02 0.000000000000000000e+00 5.266947195993658057e-03 0.000000000000000000e+00 0.000000000000000000e+00 7.585816207771660380e-02 0.000000000000000000e+00 5.390463070979484295e-03 5.610927702339621286e-03 1.225834477837519226e-01 2.857262908522188727e-02 0.000000000000000000e+00 1.332913668988616185e-01 4.089673687319017592e-02 0.000000000000000000e+00 9.766933089057910564e-03
3.162562439815176304e-03 6.459901550818605842e-02 8.771879923327810524e-02 3.097238453355602179e-03 6.012208105906599598e-02 4.601769203453552962e-03 2.298009453344448602e-02 1.340749955123475001e-01 5.494517681200357384e-02 1.656241925097354933e-02 0.000000000000000000e+00 2.013220707846209712e-01 4.953449698698529982e-03 0.000000000000000000e+00 2.559467256364257939e-02 0.000000000000000000e+00 2.269415266341251458e-02 1.278814908797480838e-02 1.221387388727630252e-01 5.655765624343346218e-03 0.000000000000000000e+00 1.142361804265419750e-01 1.101484043946983522e-02 0.000000000000000000e+00 2.773782783260873852e-02
6.499714443062541702e-02 5.180611247935854730e-02 1.678491091679702729e-02 6.297231104729895945e-02 5.672506550871014505e-03 3.389713512847190857e-02 3.063083440785743447e-02 1.093018952812657360e-02 6.945128176048468403e-03 1.105619606359877494e-01 0.000000000000000000e+00 1.600807292807055471e-01 8.092123173078601128e-02 4.139888125988209003e-03 1.553096294584639936e-01 0.000000000000000000e+00 0.000000000000000000e+00 1.666368738647817233e-02 2.631380640394244581e-03 2.070283331508915824e-03 1.065238422187035107e-02 0.000000000000000000e+00 1.532226394338638206e-02 1.507022947755844687e-02 1.419400591014168267e-01
3.330446399669834134e-02 1.037331709937079800e-02 4.795973764003216844e-02 9.430023990630077846e-02 3.525270674123510972e-02 2.865637482826317167e-02 2.034192099112559424e-02 3.700960604779546942e-02 3.040032027266233172e-02 9.052911647599065637e-02 0.000000000000000000e+00 7.473825815973023090e-02 0.000000000000000000e+00 0.000000000000000000e+00 1.354824221790438543e-01 0.000000000000000000e+00 1.189897478193216313e-01 4.981631271870611000e-02 2.008526909982527760e-03 2.948685328727507823e-03 1.607110923097602659e-02 1.258387337423486638e-03 2.153552161564780201e-03 1.885021473171639289e-02 1.495549794233330676e-01
0.000000000000000000e+00 0.000000000000000000e+00 0.000000000000000000e+00 1.313744372246700631e-03 1.929350575942646515e-02 1.132776952398291126e-01 3.412033208789919114e-02 1.295017334264861042e-01 2.228964614280876111e-03 3.639895247404782014e-02 3.963300828173255998e-03 2.123964182449404048e-01 4.994122209180381711e-04 1.604671739578282866e-02 1.448478066742580894e-01 0.000000000000000000e+00 0.000000000000000000e+00 0.000000000000000000e+00 0.000000000000000000e+00 1.837564077935649551e-03 3.198553349173646754e-02 1.376462831005516585e-01 3.189262014297659931e-02 3.424850463122663252e-02 4.850091121728408727e-02
0.000000000000000000e+00 5.895718743874078099e-03 1.427150211702770122e-01 3.573199853264335916e-03 1.972679232013923450e-02 5.354182901703721797e-02 1.557986346109752063e-01 1.989062898314382377e-02 1.391211350389556234e-01 6.511084815571070716e-02 0.000000000000000000e+00 3.952956242087326405e-03 0.000000000000000000e+00 0.000000000000000000e+00 7.765629023535573772e-02 0.000000000000000000e+00 0.000000000000000000e+00 0.000000000000000000e+00 0.000000000000000000e+00 2.264982602897910868e-02 0.000000000000000000e+00 5.094820718967613127e-02 3.630237322636549122e-03 9.818727668781121465e-02 1.376013984000766244e-01
0.000000000000000000e+00 1.127380306224435007e-03 1.584209346331433566e-01 1.869279845399765203e-02 0.000000000000000000e+00 0.000000000000000000e+00 1.457675332899138199e-01 1.443335108233727987e-03 1.124959382980839084e-01 0.000000000000000000e+00 0.000000000000000000e+00 5.528680125596738965e-02 8.167958922309990870e-04 1.441171342009219761e-03 2.867827894852458259e-01 0.000000000000000000e+00 0.000000000000000000e+00 6.457292649213705257e-03 2.834909718841103349e-02 0.000000000000000000e+00 0.000000000000000000e+00 2.826518335269158008e-02 1.443962416836102880e-01 1.025670706102310009e-02 0.000000000000000000e+00
1.177814659595526198e-01 0.000000000000000000e+00 5.323954125224588524e-02 3.328916726351468895e-04 2.956941954691651858e-02 9.814891122607610763e-03 1.410032098919165588e-01 0.000000000000000000e+00 6.847749866038911615e-02 0.000000000000000000e+00 8.099341739003026877e-04 0.000000000000000000e+00 0.000000000000000000e+00 0.000000000000000000e+00 1.514394674334150204e-01 3.283619518296588690e-04 2.417978018298382742e-02 0.000000000000000000e+00 1.225830483022311845e-01 1.876679706548869259e-02 0.000000000000000000e+00 8.352236392168548018e-02 1.365659255359690794e-01 4.001192283973304537e-02 1.573480486500254075e-03
9.123147502987649649e-02 0.000000000000000000e+00 2.133874921896988103e-02 0.000000000000000000e+00 1.764343386883047548e-03 2.086479285494257166e-02 0.000000000000000000e+00 1.420048118090267708e-01 3.221794675954835208e-02 4.888271819198919399e-02 5.277519112610727647e-03 2.595062946887201627e-01 4.346893710301662217e-03 3.935067117286215020e-03 1.643696422689815972e-01 2.108463177709930629e-03 3.313760381005067244e-04 1.433637401127901487e-02 1.171204731022658894e-02 5.494351750030273748e-03 7.278153618518379622e-03 2.091118351457805450e-03 1.048668390278966953e-02 7.217622511628104393e-03 1.432035551791230321e-01
9.178171981953198166e-03 4.863759582244547982e-04 3.934487975379818113e-03 0.000000000000000000e+00 4.607478492245091484e-02 1.737268494059410195e-02 1.343222707172839758e-01 5.705214338074476171e-02 8.804418061319725652e-02 5.142615712304643774e-03 0.000000000000000000e+00 1.032798970696473528e-01 0.000000000000000000e+00 0.000000000000000000e+00 1.270197826209570717e-02 9.405434594080491761e-02 1.261367188881777797e-02 1.503992470817670790e-01 9.913950910063524039e-03 2.459279114106026690e-02 5.771824568682785810e-03 3.273406531148579518e-04 0.000000000000000000e+00 7.147561140254177214e-02 1.532616248792708080e-01
0.000000000000000000e+00 2.350307253709753644e-02 5.415062575040675841e-02 1.040746404544243969e-01 1.921664579587723746e-03 0.000000000000000000e+00 1.579555870789894068e-01 1.291578515278574424e-01 1.546551904612302741e-01 2.361863602248573391e-02 0.000000000000000000e+00 2.438034719356931175e-03 0.000000000000000000e+00 0.000000000000000000e+00 1.298568256453676573e-01 0.000000000000000000e+00 5.934063327025732720e-02 0.000000000000000000e+00 0.000000000000000000e+00 0.000000000000000000e+00 8.567577592623496982e-03 1.356519504534390262e-02 0.000000000000000000e+00 1.276360323610512548e-01 9.558432953920168937e-03
2.593674861735454935e-03 6.248986134332039366e-02 1.579042417998503534e-01 0.000000000000000000e+00 8.301927005219136499e-03 1.706058945037392405e-03 1.356542708193658464e-01 1.812964542110578059e-01 4.470389478814961598e-02 6.784899807316285489e-03 0.000000000000000000e+00 3.655851671679817561e-02 0.000000000000000000e+00 0.000000000000000000e+00 0.000000000000000000e+00 0.000000000000000000e+00 4.668746196298464990e-03 3.140233681998796933e-02 1.302454893798618563e-02 2.109477863876491402e-02 4.840976372190526102e-03 5.749263557532537615e-03 1.762475935517702694e-02 7.505965779361953305e-02 1.885411320305925564e-01
4.978689092135577931e-04 0.000000000000000000e+00 8.019678703483293369e-02 4.995375438330872716e-04 6.220355758004347119e-03 0.000000000000000000e+00 0.000000000000000000e+00 5.885085151311506002e-02 5.819108133496140450e-02 6.838775486188861108e-02 0.000000000000000000e+00 7.298858584668211497e-03 0.000000000000000000e+00 1.343544178170908701e-03 1.306718533751088374e-01 7.570773006394813757e-03 4.910078668500453963e-02 0.000000000000000000e+00 1.134075462008200461e-02 4.464295304399841340e-03 1.438991158311255236e-01 5.878047211325670290e-02 7.016843908864142665e-02 1.276039179378521404e-01 1.149129523194459962e-01
2.041818107923388734e-02 6.485352882156647861e-03 3.987098159637157690e-02 0.000000000000000000e+00 1.001979195918378373e-03 4.011224477882480849e-02 5.819237374738734508e-02 6.139025485437978220e-03 1.724919851557865993e-02 1.300118649229467516e-01 0.000000000000000000e+00 1.133868374568672566e-01 0.000000000000000000e+00 1.557252907201609263e-02 3.783120785007366982e-02 5.494747076929706875e-03 1.270037827388502960e-01 7.354428987607340706e-02 1.386351406325119807e-02 1.633946278327384066e-02 5.115525205403433084e-03 7.275747037817048568e-02 2.214476107060222437e-02 1.286078167515798953e-01 4.885685347305253334e-02
