0.000000000000000000e+00 6.591936352442782920e-02 0.000000000000000000e+00 2.891720471924168895e-02 1.237776106010289590e-01 2.277087823903792968e-02 6.832525427296032294e-02 5.082775597603068907e-03 4.061958388139325082e-02 5.030128988002540054e-03 1.138548647201054892e-02 8.893904891404999513e-02 3.585996506747834295e-02 2.813325251689196595e-03 2.481472225669889564e-02 0.000000000000000000e+00 2.534211151307679336e-02 1.174892580448737150e-01 1.686420465003096447e-01 1.642712361561173562e-01
1.507707704690463592e-02 0.000000000000000000e+00 1.386216197779363730e-02 2.010850047620094672e-01 0.000000000000000000e+00 1.685804452947292087e-01 0.000000000000000000e+00 1.545895271899426215e-01 3.543721630337477724e-02 0.000000000000000000e+00 0.000000000000000000e+00 2.055902489216651294e-02 1.794237352340432579e-01 2.195932564972561882e-02 1.737843239978465251e-02 5.777096636141423186e-03 0.000000000000000000e+00 8.129084231646675762e-03 3.021093083109164731e-02 1.279309375506458568e-01
0.000000000000000000e+00 1.467392699828725944e-01 6.725602570109352751e-02 7.925026130485827991e-02 1.264757479821939090e-01 1.788786652926702969e-01 9.553994110478872259e-02 2.269142566084300303e-02 0.000000000000000000e+00 0.000000000000000000e+00 0.000000000000000000e+00 4.803942913679680460e-02 1.242560847158690092e-02 1.263450291843624083e-02 3.139707919305829986e-02 8.310829489936813821e-03 8.041815392133739443e-03 0.000000000000000000e+00 0.000000000000000000e+00 1.623193983687309661e-01
4.410024080235139081e-03 5.690645593976117328e-02 6.038216377871201412e-02 1.400619675041804568e-01 3.174518182192483801e-02 8.857931529208064314e-02 4.465102250242028795e-03 3.059478069666303132e-02 1.195111241855271872e-01 1.394448469359725884e-01 3.779719700811062094e-02 1.592154523007261943e-02 0.000000000000000000e+00 9.783822516156240323e-03 0.000000000000000000e+00 3.728886376149937419e-03 9.301508370917550839e-02 0.000000000000000000e+00 1.479070808305835150e-01 1.574542184445268389e-02
0.000000000000000000e+00 1.881083148253973047e-02 0.000000000000000000e+00 1.870982329485273293e-02 3.966194212377999878e-03 2.763188112744227945e-02 7.888040358376459393e-03 1.415711282959914996e-01 0.000000000000000000e+00 3.536600209946711478e-03 0.000000000000000000e+00 9.527655652852026757e-02 1.616910323851225573e-01 7.394665551232940115e-02 2.648006449461137203e-03 1.007888263108397409e-01 6.181420257330973340e-03 1.967772036860569382e-02 1.587507850076931848e-01 1.589244981985695193e-01
2.936613032620839087e-02 1.820391404634802701e-01 3.795897891833867940e-03 1.359857082021420360e-01 1.253016527482161691e-01 1.647375274422902556e-03 0.000000000000000000e+00 5.680168849550890769e-03 6.563979738304343003e-02 0.000000000000000000e+00 0.000000000000000000e+00 2.868492097465866544e-02 7.475500479361880946e-02 1.187859161995304252e-01 1.467765387415169258e-02 1.193111702740973362e-01 0.000000000000000000e+00 0.000000000000000000e+00 3.998875125837653838e-02 5.434071148666865664e-02
4.468753027141211809e-03 1.769360500534632175e-02 2.749592797225351628e-03 1.004465314659321734e-01 5.342528880588638673e-02 2.058891177274344286e-01 0.000000000000000000e+00 3.389422746948195231e-02 7.618643546601569158e-03 0.000000000000000000e+00 0.000000000000000000e+00 7.255787558116380542e-02 2.026259879559063337e-01 2.774529565283595078e-03 1.316073907858535397e-01 1.683751027421120233e-02 1.314825171237970491e-01 5.329903101135131938e-03 9.172095621106825377e-04 9.681316205489280680e-03
1.040017806921418077e-02 1.490020630231351506e-01 1.586573962715417951e-02 3.276054516757849477e-02 1.205264858389025334e-01 2.353184849765202480e-02 9.551092265021134120e-03 1.119032646837287287e-01 0.000000000000000000e+00 0.000000000000000000e+00 0.000000000000000000e+00 1.122926775230201346e-01 0.000000000000000000e+00 1.382507034998503061e-02 1.270551839796724425e-01 3.342756577339348750e-02 1.762324413852876526e-01 1.715141518521036412e-02 2.716698760397660145e-02 1.930744102706785995e-02
0.000000000000000000e+00 3.551602956820129608e-02 1.792700869591665105e-03 1.758722285928233375e-01 1.325641794784319094e-01 2.036585847568301577e-01 1.297350898409384105e-02 0.000000000000000000e+00 9.984094504137452919e-02 3.112495127945153275e-02 1.008447695073944397e-02 0.000000000000000000e+00 8.136501140258063647e-02 0.000000000000000000e+00 0.000000000000000000e+00 2.656637270451630596e-03 4.588703606734183260e-02 0.000000000000000000e+00 1.628118909569912787e-01 3.851818781096822981e-03
5.077351930348503878e-03 1.638338814806319654e-01 4.551709747402195999e-02 5.191009731032904251e-02 1.372252426003875148e-01 1.364770843073080109e-01 1.598134205472276012e-02 2.041731868835434602e-02 1.658255179725895423e-02 9.024286075918203434e-03 2.627718113294603107e-03 9.256469091080919698e-02 0.000000000000000000e+00 4.305278494666502781e-02 8.378195328798246355e-02 6.930478720059272957e-02 3.932425477395483371e-02 0.000000000000000000e+00 0.000000000000000000e+00 6.729755704741992306e-02
1.288728898000655321e-01 4.466139736077193861e-02 0.000000000000000000e+00 1.538187637995439838e-01 0.000000000000000000e+00 3.879965037257211702e-02 2.274476958646212427e-03 0.000000000000000000e+00 1.400910412199947164e-01 1.130621624512010955e-03 0.000000000000000000e+00 0.000000000000000000e+00 8.162088287832834632e-02 1.677488509235237624e-01 6.833152595627748835e-03 1.326502045521626705e-01 4.979324377068240770e-02 0.000000000000000000e+00 5.170482414356839668e-02 0.000000000000000000e+00
7.404763111402471419e-03 1.567260976535241601e-01 5.563370145819691165e-03 2.994304872065738435e-02 5.619930444263027819e-03 1.034607825964357214e-01 4.656005745704616672e-02 2.760604684522510732e-02 2.297833854004542042e-01 2.463237628362200532e-02 0.000000000000000000e+00 2.024661089583824625e-01 0.000000000000000000e+00 9.032054515383292764e-03 1.208359832259964500e-03 1.387661832452425636e-01 0.000000000000000000e+00 3.348050407232755856e-04 0.000000000000000000e+00 1.089262974955858970e-02
1.419660509817689646e-02 1.358004282766848703e-01 4.987296756800259183e-03 1.868634680768034018e-01 1.770886548066860633e-02 1.751380855915074253e-01 0.000000000000000000e+00 1.239113294489819217e-01 0.000000000000000000e+00 1.298576122644090960e-02 3.168437680288926223e-02 1.524084447018143329e-01 1.264815640076070655e-02 4.961641862185743081e-03 2.893005999619738602e-02 0.000000000000000000e+00 1.642665368663902281e-02 8.066285531850181378e-03 0.000000000000000000e+00 7.328254106159926007e-02
2.233678995116916005e-02 1.137715704262866334e-01 0.000000000000000000e+00 2.147656378625466267e-01 0.000000000000000000e+00 2.344275160650638023e-03 7.694082000930727375e-03 1.146120165455020573e-01 0.000000000000000000e+00 0.000000000000000000e+00 0.000000000000000000e+00 1.219398500700294430e-01 1.592648323107006547e-01 5.770168079926784460e-02 1.451349209457980793e-01 1.044431166561909409e-03 3.941317828582349171e-03 1.550340201485524670e-02 1.994519291711869743e-02 0.000000000000000000e+00
8.893538175436713211e-03 1.675832724541828356e-01 7.945752787589488789e-03 1.753649840231966128e-02 9.060243837031117103e-03 1.871508084194604959e-02 0.000000000000000000e+00 1.374569848031082786e-01 2.546649556835969830e-01 0.000000000000000000e+00 0.000000000000000000e+00 0.000000000000000000e+00 6.696113476910249204e-03 1.341970966747756989e-02 1.395144660063925846e-01 1.891872188917596365e-03 1.051240241805099195e-02 4.222812429654752842e-02 1.655222274419602306e-03 1.622257626860728053e-01
2.382618863431322856e-02 8.123029870546047068e-03 9.885753576164944822e-02 1.581203018968091456e-01 1.689031629314622848e-02 1.675461837216440653e-01 2.112230200766916990e-02 1.983089450408146437e-01 1.069585612712184962e-02 0.000000000000000000e+00 0.000000000000000000e+00 2.351932767247648728e-02 0.000000000000000000e+00 0.000000000000000000e+00 4.259231661812364067e-02 0.000000000000000000e+00 1.334436408569749863e-02 4.135249623926172402e-02 4.532727705385672379e-02 1.303735589768701131e-01
1.253392212723335175e-01 6.381554880085298087e-02 1.371652588893731983e-02 1.558826005180113071e-02 1.741245168556530831e-01 1.356146662018887228e-01 1.910465698031817497e-02 1.144639400664901607e-01 7.473303983072400458e-02 0.000000000000000000e+00 0.000000000000000000e+00 6.571327842994263702e-02 0.000000000000000000e+00 0.000000000000000000e+00 1.580913054991745295e-02 7.702529571550557376e-03 1.435064176393079441e-02 0.000000000000000000e+00 3.637193036323169149e-02 1.235521133724278714e-01
5.820373893058994330e-02 1.311156144906906462e-01 0.000000000000000000e+00 5.087687069608889945e-02 4.548714522789766568e-02 7.554530218691071775e-02 1.321273401379598200e-02 2.307837885432456604e-02 2.949614644603703890e-03 5.752421123086359431e-03 3.655073186891295844e-03 1.190072159808670815e-01 7.264176985733758474e-02 5.274797963181713113e-04 1.932561693027498584e-02 1.289321383032442959e-02 1.059444335987901747e-02 6.663512005976057230e-03 1.889931405673417886e-01 1.594767143168011603e-01
0.000000000000000000e+00 1.321090730178511585e-01 4.772423925315670470e-04 1.993463972057974154e-01 4.210476665475281627e-02 0.000000000000000000e+00 8.150781618669292183e-03 2.686050397636542773e-03 5.104124008177694793e-02 9.069883668797562581e-02 0.000000000000000000e+00 1.155587729941059127e-01 3.383248312822115592e-04 0.000000000000000000e+00 1.408610600898456688e-01 1.167731912515541405e-02 1.372784954901953014e-01 2.853588163402506067e-02 1.272227399262714376e-03 3.786353037913640224e-02
0.000000000000000000e+00 2.982347472883063386e-02 5.075872777941956016e-03 6.545004729487767514e-02 1.446952452279260115e-01 7.344004215494036357e-04 2.734211069251524934e-02 3.518283570553958073e-02 2.611929100048717561e-02 0.000000000000000000e+00 2.677403632333607425e-03 2.497693327394924848e-02 4.391922687056928204e-02 1.904610987498112917e-01 1.565389397462785617e-02 1.684103182030162113e-02 3.409120103916300076e-02 5.185101115498058286e-03 1.610773382242309537e-01 1.706934934498473555e-01
5.309329708452657434e-03 1.466443094963253702e-01 0.000000000000000000e+00 6.776465106869571098e-02 1.036890184808411525e-01 3.036602315385688710e-03 1.009410051566083082e-03 1.174874960887226927e-01 0.000000000000000000e+00 0.000000000000000000e+00 2.144235656058623291e-02 2.415729411189831977e-01 3.719882270656152401e-02 4.639322669543674560e-02 2.445610258266214809e-02 5.107683434109876533e-03 6.381395208211249667e-04 0.000000000000000000e+00 1.142439861703005953e-02 1.668255115538198052e-01
1.320591764001801879e-02 1.033699324344187348e-01 4.847016791543171804e-02 1.649799382347320043e-01 3.753829440835716735e-02 1.002642352776648808e-02 7.712754018041668470e-03 2.325823237328438972e-02 1.325225876827226812e-01 0.000000000000000000e+00 8.374283625522204290e-04 1.434045471079237744e-01 3.719738491448838780e-02 1.262313395937818099e-02 3.649125257421770557e-03 9.745012649328818610e-02 0.000000000000000000e+00 0.000000000000000000e+00 1.591061896742439752e-01 4.647815995930675188e-03
0.000000000000000000e+00 9.626661986282104844e-02 4.354987867741745046e-03 2.454792654957918263e-01 6.351520511982180865e-03 0.000000000000000000e+00 1.667330505492512632e-02 3.820647986452315164e-03 4.720686232243382491e-02 0.000000000000000000e+00 7.581117329163655164e-04 1.475379263531595431e-01 1.689896935941890277e-01 0.000000000000000000e+00 0.000000000000000000e+00 7.766896305436418908e-03 0.000000000000000000e+00 0.000000000000000000e+00 2.456833494342973156e-01 9.110813477853247147e-03
1.169664633452933006e-01 1.175315284666177407e-01 6.545030965500650208e-03 1.901681800393386149e-02 1.132788481917227849e-02 1.396670786852133306e-01 0.000000000000000000e+00 3.876496957194310727e-02 1.923914238027032431e-01 0.000000000000000000e+00 0.000000000000000000e+00 1.170264654132829527e-02 1.940700318085447282e-02 0.000000000000000000e+00 1.788718144638041727e-02 1.162302708682864776e-02 2.923363252501983908e-02 1.084121556596216902e-02 1.330323193577819807e-01 1.240617766354665114e-01
6.573895574383846474e-02 9.894704409669330403e-02 0.000000000000000000e+00 5.658776766483760573e-02 1.458117881085176371e-01 0.000000000000000000e+00 9.357116410533414252e-02 4.046785693300766762e-02 1.721930904987342215e-03 6.532516635073526683e-04 1.601193880220283527e-02 0.000000000000000000e+00 3.842676488774650345e-02 1.309774570504096958e-01 4.056137343529019751e-02 8.220253460925854017e-02 6.293765980994312469e-03 4.275641927851170192e-03 1.398512272584401207e-03 1.763522518129386485e-01
2.657299778366090104e-02 1.207767352993948939e-01 2.902204209266834572e-03 5.044742616633180604e-02 1.365015016700094584e-02 1.410316262045644420e-01 8.547736950337326851e-04 4.980115805279967944e-03 2.220004982696892337e-01 2.744907718028742269e-02 9.661126353466800883e-04 5.099854415340189517e-02 7.751368818479173342e-04 0.000000000000000000e+00 1.175235750564660175e-01 1.396590068143799095e-02 1.697275639313997886e-01 9.736686857760733574e-03 8.864271464162749858e-03 1.677660355766596653e-02
0.000000000000000000e+00 2.507883364078328584e-02 0.000000000000000000e+00 3.468825900343818214e-01 7.726948553233557726e-02 0.000000000000000000e+00 0.000000000000000000e+00 1.640295737604086090e-02 4.064291194580919170e-02 1.307036003716469108e-02 0.000000000000000000e+00 3.204732253678471005e-02 6.935860179237796769e-03 1.407495973957244989e-02 1.785057128013372851e-01 0.000000000000000000e+00 4.804719230248870321e-02 1.908192533672341817e-01 3.982102858805592130e-03 6.240457648023915380e-03
1.112631490932274557e-02 1.467628756897856879e-01 1.070593638472128011e-02 2.239775962168781553e-02 4.290112966599351346e-03 1.119272913172634186e-02 0.000000000000000000e+00 3.985036239550616977e-02 1.366505144061629928e-01 7.068514985473209680e-03 0.000000000000000000e+00 1.170805131349538369e-01 0.000000000000000000e+00 4.813317891180621255e-02 1.706605001784458273e-02 1.116529075546201025e-02 1.412465029185468735e-01 1.039366568540967123e-01 1.664194231587332595e-01 4.907263757570849184e-03
0.000000000000000000e+00 1.290906703473594930e-01 0.000000000000000000e+00 1.642452290946508631e-01 3.419428795160203705e-02 1.301197744471955242e-01 0.000000000000000000e+00 1.275317516450471533e-01 0.000000000000000000e+00 0.000000000000000000e+00 0.000000000000000000e+00 1.230683746926567873e-01 1.797586906469518866e-02 0.000000000000000000e+00 9.574991363003113390e-03 0.000000000000000000e+00 3.239692092361118325e-02 2.986664377849684512e-02 4.116539076746619785e-02 1.607700959242156502e-01
1.827583514999769898e-02 5.732443246988060820e-02 6.070905288182959839e-03 0.000000000000000000e+00 6.226520040313137522e-02 1.327676551107550007e-01 1.276874859059018083e-02 1.138236290160839388e-02 6.153649478356179592e-02 4.237959870290775033e-02 1.190527753428904760e-02 0.000000000000000000e+00 1.850693258275705466e-02 0.000000000000000000e+00 1.585767466376227994e-02 5.563354340166105916e-02 2.851624590692851124e-01 2.717768849469863121e-02 1.743203869373353143e-01 6.664803915595719427e-03
