0.000000000000000000e+00 5.080932314723484583e-02 1.398545437886846154e-01 0.000000000000000000e+00 5.418671427747120267e-02 1.130976392483658277e-02 1.207667406640355462e-01 8.755701212788752352e-02 2.678537725921459160e-03 0.000000000000000000e+00 1.679008120173125095e-04 2.458302417185064329e-02 0.000000000000000000e+00 0.000000000000000000e+00 1.103214597323605439e-01 0.000000000000000000e+00 4.421002273915342930e-03 2.335583573697709234e-02 3.755203336718462501e-03 0.000000000000000000e+00 2.405250379413753983e-02 1.182585882065542021e-02 1.353798897198154882e-01 5.465234355387732501e-02 1.403223423916029333e-01
1.070014346302501640e-01 2.353633416289001301e-02 0.000000000000000000e+00 7.465010765134559578e-02 1.289792920553626543e-01 6.698247362869581834e-02 1.023780922099186419e-01 4.157394014425525725e-02 0.000000000000000000e+00 0.000000000000000000e+00 0.000000000000000000e+00 4.189082099452863528e-02 0.000000000000000000e+00 0.000000000000000000e+00 2.265234069427807598e-02 0.000000000000000000e+00 7.537882299161666189e-02 0.000000000000000000e+00 0.000000000000000000e+00 0.000000000000000000e+00 1.545165571164132737e-02 0.000000000000000000e+00 1.164948044469773236e-01 1.830298806782399423e-01 0.000000000000000000e+00
0.000000000000000000e+00 1.723395716111758612e-03 1.266965091348715156e-01 0.000000000000000000e+00 4.553992475707809712e-03 1.960314375193102435e-02 1.903873083119249077e-01 2.335832847560721445e-02 7.145195727397292418e-02 2.705922569406407976e-02 3.467797779194904564e-04 4.432782482259141170e-03 0.000000000000000000e+00 2.059700506048050362e-06 1.431199945140237961e-01 0.000000000000000000e+00 1.561656685526568444e-01 4.726329594879625194e-03 4.631920837119817003e-02 8.367241354644981699e-02 0.000000000000000000e+00 1.587754098699170266e-02 0.000000000000000000e+00 1.062209766684884572e-02 6.988126397207528040e-02
0.000000000000000000e+00 8.513207880407320030e-03 1.361099878898509030e-01 0.000000000000000000e+00 2.657681677867208131e-02 0.000000000000000000e+00 0.000000000000000000e+00 0.000000000000000000e+00 9.930870828714518511e-03 0.000000000000000000e+00 0.000000000000000000e+00 2.340577924837208834e-01 0.000000000000000000e+00 3.375576070700942854e-03 6.987576846507470574e-02 7.408053102880494956e-02 3.505329299260123363e-03 1.002780959277303069e-01 5.488018096553999581e-02 4.000497632937124147e-03 9.779861665911788321e-03 4.985505616135332829e-02 0.000000000000000000e+00 1.289648043988061432e-01 8.621562252251485647e-02
1.408125950147485206e-01 1.666962102302231921e-03 5.268409638804866582e-03 0.000000000000000000e+00 1.165867974752647423e-03 5.969968741229301351e-02 1.553790916462873262e-01 9.924319293515199147e-03 6.051590967532302461e-03 1.920902413974875239e-02 1.126293038554660765e-02 6.704923064606337427e-03 0.000000000000000000e+00 0.000000000000000000e+00 1.465499877369043913e-01 0.000000000000000000e+00 8.238649815935723819e-02 5.145274700627239239e-02 1.017945637091752925e-02 1.674664928191279666e-04 0.000000000000000000e+00 7.257657373501008591e-02 0.000000000000000000e+00 1.628553309672413074e-01 5.668653789134020515e-02
0.000000000000000000e+00 0.000000000000000000e+00 7.178395360307825157e-02 0.000000000000000000e+00 9.637795314654951095e-02 7.438009963230802178e-03 1.687752379553766890e-01 0.000000000000000000e+00 9.697838884553718758e-03 1.066527495806440969e-02 8.937531223227295884e-04 6.348728970580146298e-03 0.000000000000000000e+00 0.000000000000000000e+00 1.413859224884484733e-01 9.894670826782993311e-02 0.000000000000000000e+00 1.532926971624506141e-01 0.000000000000000000e+00 7.717214479218566757e-03 0.000000000000000000e+00 3.402595656218617651e-03 2.472246855046446659e-02 1.561076038572981051e-01 4.244403893431494823e-02
3.169111034548125622e-02 1.153062917559989631e-02 2.106818925073057971e-02 0.000000000000000000e+00 1.705752014707842823e-01 0.000000000000000000e+00 2.136423007393887241e-01 1.332931082616075347e-01 5.217179754734370444e-04 0.000000000000000000e+00 0.000000000000000000e+00 0.000000000000000000e+00 0.000000000000000000e+00 0.000000000000000000e+00 1.561918209474848496e-01 0.000000000000000000e+00 4.067121819396334569e-03 5.063122917665077369e-04 5.147149277627797309e-02 2.506766874566680042e-04 0.000000000000000000e+00 4.604237373322649790e-02 1.826856007445561494e-02 8.850489678737825938e-03 1.320288947721320605e-01
0.000000000000000000e+00 7.447725273338776618e-03 1.108845689344712671e-01 2.840856872146815815e-02 2.301575488828005653e-02 2.564337984511938853e-03 1.136251484231847048e-01 1.189995317572824923e-01 4.164826933888253480e-02 5.566846120008904150e-03 0.000000000000000000e+00 3.006050606087705759e-02 1.010755691433211801e-03 0.000000000000000000e+00 1.619175919877182401e-01 0.000000000000000000e+00 0.000000000000000000e+00 0.000000000000000000e+00 0.000000000000000000e+00 0.000000000000000000e+00 0.000000000000000000e+00 1.094073469277832555e-01 5.719565064765998186e-02 1.450529881538479282e-01 4.319440908925152589e-02
0.000000000000000000e+00 0.000000000000000000e+00 1.340816413623861780e-01 0.000000000000000000e+00 5.684696880124467944e-02 0.000000000000000000e+00 4.079110384824728014e-02 7.601105529495377593e-03 6.008951851608506809e-04 1.034731876395396100e-01 0.000000000000000000e+00 0.000000000000000000e+00 4.896324031413191134e-03 6.940671496069641944e-05 1.363664578848062248e-01 0.000000000000000000e+00 1.219102372984394306e-01 0.000000000000000000e+00 0.000000000000000000e+00 1.121635453449814149e-02 4.304370445489930606e-03 8.131747638053266058e-02 1.115098177599911367e-01 1.636061590017832135e-01 2.140849358201134603e-02
0.000000000000000000e+00 0.000000000000000000e+00 8.867867122002029423e-02 7.208454264282200714e-03 2.777046802416429858e-02 0.000000000000000000e+00 1.551922533938047966e-01 9.554472444715871038e-02 1.288449553169781492e-01 1.305378755100797088e-02 8.660833605019558484e-03 6.175270067621019092e-03 1.046626170532521244e-01 0.000000000000000000e+00 1.500122983553485619e-02 9.465562432108295954e-02 9.263056760204594134e-03 5.358415915808284469e-02 2.792516022490176483e-02 0.000000000000000000e+00 0.000000000000000000e+00 1.385222260037608649e-02 3.632643824564718658e-03 5.081755168829488883e-03 1.412121131631134674e-01
0.000000000000000000e+00 0.000000000000000000e+00 1.703722246865048695e-01 1.505234562170046017e-03 2.335884217177416552e-03 8.253975969228501131e-02 7.974353191277382125e-02 5.898157418508172788e-03 5.709505571658850948e-02 0.000000000000000000e+00 0.000000000000000000e+00 1.342143555074555017e-01 0.000000000000000000e+00 0.000000000000000000e+00 1.733749638319139197e-01 0.000000000000000000e+00 6.659043291998362896e-03 1.626504629692039974e-02 5.475589716787109679e-02 0.000000000000000000e+00 0.000000000000000000e+00 6.703158417643240163e-02 9.770335299448520971e-02 4.000756879026408364e-02 1.049833973665117472e-02
0.000000000000000000e+00 0.000000000000000000e+00 9.987568474457997336e-02 0.000000000000000000e+00 2.247476019210253168e-02 0.000000000000000000e+00 1.309784129051206891e-01 2.100105666773049995e-01 1.217805255404531828e-02 8.304201576362620161e-04 2.358922990329649291e-03 4.048803220320819352e-02 0.000000000000000000e+00 4.154401697424239120e-02 8.770457647633893294e-02 0.000000000000000000e+00 0.000000000000000000e+00 0.000000000000000000e+00 1.348082006565531621e-01 5.950499023924663185e-03 0.000000000000000000e+00 9.120778165809004245e-02 3.565275703203937049e-03 7.942690674723741628e-02 3.659789033608171899e-02
0.000000000000000000e+00 2.033564722606483188e-03 1.406370547478142385e-01 0.000000000000000000e+00 3.142804298920716388e-02 2.310167697012633498e-03 1.486308788508849676e-01 0.000000000000000000e+00 5.417286717808523361e-02 6.565274828031626188e-03 0.000000000000000000e+00 7.761095806814078193e-03 4.106455088341064673e-03 0.000000000000000000e+00 2.396660099698849633e-01 0.000000000000000000e+00 0.000000000000000000e+00 4.468409008511838726e-02 1.225806657875655806e-02 0.000000000000000000e+00 1.615879188359162916e-02 2.257005864137689999e-01 1.897764388292776105e-02 3.182623495788607093e-02 1.308317431926824675e-02
1.480943754173927145e-02 1.711227773051771095e-02 1.686729924970559657e-03 0.000000000000000000e+00 4.644706929379480848e-02 7.123612223772249341e-02 1.455246512214294630e-01 3.454372730319444501e-02 0.000000000000000000e+00 1.018476402145833230e-02 1.325335734315727723e-02 2.947954046722727969e-02 0.000000000000000000e+00 4.014422718422915037e-03 1.066860036266188000e-01 1.533721975352261846e-02 0.000000000000000000e+00 2.161914157560382733e-03 1.519404485189651821e-01 1.781852332478573928e-02 0.000000000000000000e+00 0.000000000000000000e+00 1.409079633203465798e-01 2.804889171613297871e-02 1.488069357784332636e-01
0.000000000000000000e+00 0.000000000000000000e+00 1.203014365711090050e-01 4.899023406812513977e-03 4.880557592869436828e-02 1.423254115509618722e-02 8.784212813375245205e-03 1.658649636111025893e-01 7.389344768910080519e-02 2.847618867473701229e-02 0.000000000000000000e+00 2.535003557827772980e-01 0.000000000000000000e+00 7.988497153466457210e-03 0.000000000000000000e+00 0.000000000000000000e+00 0.000000000000000000e+00 1.721547973325479597e-02 6.351869668548874859e-02 0.000000000000000000e+00 1.243406002050284273e-02 9.737170617652465832e-02 1.294453268050847761e-02 8.448262963150347023e-04 6.892445562113411195e-02
0.000000000000000000e+00 8.246362991370354001e-03 8.622117614732487112e-02 0.000000000000000000e+00 1.312455188072853829e-01 0.000000000000000000e+00 1.327316675317479211e-01 0.000000000000000000e+00 2.153475203888516668e-02 0.000000000000000000e+00 6.081639426109753180e-03 3.474542880564950118e-03 0.000000000000000000e+00 0.000000000000000000e+00 1.680918718459459005e-01 5.422023590906202561e-02 4.790751120506043376e-02 5.345287046595403185e-02 1.514744140323648625e-01 6.325922724671280764e-03 0.000000000000000000e+00 1.062516185722110901e-01 2.035774978798718729e-02 1.312720848429336628e-03 1.069424785025424249e-03
1.969282192206194687e-02 0.000000000000000000e+00 5.477945820830718709e-02 3.271497754347301584e-02 1.095426334806933466e-01 3.247027396527625391e-03 1.404950359881280801e-02 1.299453598125518972e-01 6.818639171191973394e-03 2.139465059994932403e-02 0.000000000000000000e+00 0.000000000000000000e+00 0.000000000000000000e+00 0.000000000000000000e+00 6.999215998365507230e-02 0.000000000000000000e+00 1.506742826618686082e-01 0.000000000000000000e+00 1.371226334952624082e-01 5.867350363194814844e-02 0.000000000000000000e+00 7.351780563143932301e-02 9.448570658634757036e-02 0.000000000000000000e+00 2.334883627590988303e-02
0.000000000000000000e+00 2.460603656330469236e-02 1.233613056305436217e-01 8.394995551632492004e-02 2.097656390489417710e-02 1.690210233090268482e-04 1.206200985866877073e-01 1.266308198069977797e-01 1.799331666258952023e-02 1.302373115126624972e-02 0.000000000000000000e+00 1.591441586291263144e-01 0.000000000000000000e+00 0.000000000000000000e+00 4.557635628476571638e-02 5.621211437400954088e-03 3.170088413641039982e-03 7.501025972508987109e-03 1.327753618411318393e-01 0.000000000000000000e+00 4.101796597445641138e-03 2.875208204939152037e-02 6.882403530192185426e-02 0.000000000000000000e+00 1.320303462674836913e-02
2.673606672636419032e-02 6.111979570965551771e-03 0.000000000000000000e+00 0.000000000000000000e+00 1.300339772300315722e-02 0.000000000000000000e+00 1.575821468736420816e-01 9.804824689084147560e-02 5.780703721764699540e-04 1.213724888652192163e-01 0.000000000000000000e+00 4.723282389661144498e-02 0.000000000000000000e+00 0.000000000000000000e+00 1.018854245455755730e-01 4.436476851302695312e-02 0.000000000000000000e+00 2.149987234939041564e-02 5.327989075622229648e-02 0.000000000000000000e+00 0.000000000000000000e+00 5.384318193546103540e-03 4.091903802035134347e-02 1.144148480812786778e-01 1.475866186217850984e-01
3.990052928502274554e-02 0.000000000000000000e+00 1.308874343798225592e-01 1.014992507067175587e-01 2.148749245770628924e-01 4.855926308903842081e-02 1.108556360467689329e-02 4.883295793673388813e-02 7.187313958790299620e-03 8.647192113451213210e-04 0.000000000000000000e+00 1.176686191176304352e-02 8.931320851923068085e-03 0.000000000000000000e+00 1.903166170510860395e-03 3.241484837401438501e-02 6.128171661206787552e-02 1.419971237946092944e-02 7.301975531766340122e-02 1.318763165591801435e-02 6.350084181260321482e-07 1.366226548989361335e-02 0.000000000000000000e+00 2.142179856220591608e-02 1.445183309169503771e-01
2.986381752505763362e-02 0.000000000000000000e+00 2.981374434533278980e-02 4.181205776900549093e-02 6.159628657927484346e-02 5.035850361552814299e-04 3.399056200559636299e-03 1.489839531241117510e-01 1.360353519229137720e-02 1.541836370861457070e-02 0.000000000000000000e+00 1.530099216444568977e-01 6.616871858042211799e-03 0.000000000000000000e+00 1.336115933219696739e-01 9.377255137087554815e-02 0.000000000000000000e+00 0.000000000000000000e+00 3.121032951349726574e-03 1.046826760617371654e-03 5.232389502129303899e-03 2.317691451951515644e-02 3.360288146388473035e-02 1.382476325634180436e-01 6.356698456333803593e-02
0.000000000000000000e+00 6.724185422243562915e-02 8.380885241805147157e-02 1.845683201374319219e-03 1.251857061542349936e-01 0.000000000000000000e+00 0.000000000000000000e+00 0.000000000000000000e+00 0.000000000000000000e+00 1.346897990387216359e-01 0.000000000000000000e+00 1.970054822661409244e-01 0.000000000000000000e+00 1.744118909393339292e-03 1.463493033342617988e-01 3.524446459353114403e-02 0.000000000000000000e+00 4.231119461405671855e-02 0.000000000000000000e+00 3.244733182796073062e-02 0.000000000000000000e+00 6.608026286969410391e-03 0.000000000000000000e+00 4.267833970635627472e-02 8.283984342651169730e-02
2.113318181277790489e-02 0.000000000000000000e+00 6.012974404169565273e-02 0.000000000000000000e+00 0.000000000000000000e+00 2.650595722929271689e-02 1.585605600094009415e-01 9.364602555122452862e-03 1.272028191120672391e-01 6.576440588071813705e-03 0.000000000000000000e+00 2.045788599501915592e-02 0.000000000000000000e+00 0.000000000000000000e+00 1.766119390587244375e-01 8.592269774586670794e-02 0.000000000000000000e+00 1.520183382839579737e-03 0.000000000000000000e+00 5.837547503319846093e-03 0.000000000000000000e+00 0.000000000000000000e+00 1.559297507930130222e-01 1.442466901727884887e-01 0.000000000000000000e+00
1.279816653064450305e-01 0.000000000000000000e+00 1.529629500548447367e-02 3.394739873297238043e-04 1.112895913469083564e-02 0.000000000000000000e+00 1.237334319262694687e-01 5.259353134092706154e-03 2.504139591852835162e-02 2.269033877831896917e-02 0.000000000000000000e+00 8.246989522434926192e-04 9.270753739013065870e-04 0.000000000000000000e+00 2.403990766345859842e-01 1.338081867262748761e-02 0.000000000000000000e+00 4.086531115970250955e-02 1.322533722990081873e-01 3.787227413695861550e-02 1.820222182187253984e-02 1.084725395222321392e-01 0.000000000000000000e+00 3.871565209840913818e-02 3.661604613729915747e-02
8.959317506473699066e-02 0.000000000000000000e+00 2.798875460709451812e-02 0.000000000000000000e+00 3.757966154757968330e-02 0.000000000000000000e+00 1.178230037647569253e-03 1.406621689141537290e-01 4.711100812050484504e-02 2.095106536503669667e-02 0.000000000000000000e+00 1.012046129946425899e-01 1.663150628040262896e-02 5.534871682419772836e-03 9.492815991149972099e-02 0.000000000000000000e+00 1.155292885260250368e-01 1.437227729788465719e-02 1.882012299209086595e-02 1.610963109712414913e-03 0.000000000000000000e+00 8.341945063045328205e-04 1.219083525896343667e-01 0.000000000000000000e+00 1.435615864526292862e-01
1.354793914827543376e-02 1.110841387527871336e-02 0.000000000000000000e+00 0.000000000000000000e+00 2.279303412461366682e-02 5.355087566688290779e-02 1.611560572069748176e-01 3.240766425129636141e-02 1.448549113533808066e-02 1.831748756947029766e-02 1.643805597673654627e-03 1.278403277010633499e-01 4.312403286484418029e-03 7.228024499822127691e-03 1.288389199923040129e-01 1.215162973561548371e-01 0.000000000000000000e+00 1.398300259192876470e-03 0.000000000000000000e+00 0.000000000000000000e+00 0.000000000000000000e+00 0.000000000000000000e+00 1.772421149362047588e-01 3.272836421820198016e-02 6.988447917476790783e-02
0.000000000000000000e+00 1.038951978496102241e-01 5.081205518230949569e-02 5.113824327974905021e-02 1.578263665256616696e-02 0.000000000000000000e+00 1.204587192236026248e-02 1.660898052935961822e-01 1.225618269332944682e-01 7.105839776989972267e-02 0.000000000000000000e+00 3.096559829309581974e-03 1.822590932992021549e-03 0.000000000000000000e+00 3.894253127819419236e-02 0.000000000000000000e+00 1.277163326577347019e-02 1.593335437101712224e-03 1.597573600747854636e-02 6.645855195514573273e-03 4.823433588679563663e-03 2.470911894587073110e-02 2.447397683968079510e-02 2.182167282656576890e-01 5.354446553036145556e-02
0.000000000000000000e+00 1.524147558715998815e-02 2.134122142440414704e-01 0.000000000000000000e+00 4.595806207240118318e-02 0.000000000000000000e+00 1.477493043317239518e-01 1.865818335063293767e-02 2.870138541606179206e-02 0.000000000000000000e+00 0.000000000000000000e+00 0.000000000000000000e+00 1.944274796326488780e-02 0.000000000000000000e+00 4.688353499705370797e-02 0.000000000000000000e+00 0.000000000000000000e+00 0.000000000000000000e+00 6.648038903386078828e-03 3.704750850297076816e-03 0.000000000000000000e+00 1.160343287967970094e-01 1.789126799465061701e-01 1.586532935406738121e-01 0.000000000000000000e+00
0.000000000000000000e+00 0.000000000000000000e+00 1.666201287305164869e-01 3.296724366909495330e-02 1.537857484953892018e-01 0.000000000000000000e+00 1.107389986609607357e-01 1.137071366585060556e-01 9.332635101673358857e-02 0.000000000000000000e+00 0.000000000000000000e+00 5.757896117713685868e-02 0.000000000000000000e+00 0.000000000000000000e+00 7.950839884223789844e-02 0.000000000000000000e+00 1.987420069798336714e-02 1.706816611929567323e-02 0.000000000000000000e+00 0.000000000000000000e+00 0.000000000000000000e+00 2.785042410125599180e-02 0.000000000000000000e+00 1.244124139706375420e-01 2.561827860251588741e-03
1.220412610757859798e-02 1.203336330031328782e-01 2.704908583895816038e-02 0.000000000000000000e+00 1.150431204820619169e-02 0.000000000000000000e+00 5.331114591488125137e-02 0.000000000000000000e+00 1.300308395316325250e-01 8.196012589636288148e-02 9.625083760429218932e-04 1.237149604108028766e-02 0.000000000000000000e+00 0.000000000000000000e+00 1.520172655043309506e-01 0.000000000000000000e+00 1.764420893062304818e-01 4.586533050671398777e-03 2.340201112598392849e-02 1.492174687489179708e-03 0.000000000000000000e+00 0.000000000000000000e+00 0.000000000000000000e+00 1.894990289083479940e-01 2.833624659070361953e-03
1.163966967933898200e-01 3.523033377078932165e-04 6.710623825398179254e-02 1.012156785389218064e-02 5.702000749168819466e-03 0.000000000000000000e+00 0.000000000000000000e+00 0.000000000000000000e+00 1.258149011903289261e-01 8.496701978558821380e-03 0.000000000000000000e+00 2.736608530730045841e-01 0.000000000000000000e+00 0.000000000000000000e+00 3.641010107392939760e-02 0.000000000000000000e+00 1.802432762451244201e-04 1.414796350074505604e-01 1.423461011462546499e-01 1.569495008652547607e-03 0.000000000000000000e+00 1.161931908077155212e-02 0.000000000000000000e+00 0.000000000000000000e+00 5.874384217666328567e-02
5.936871134050852872e-02 0.000000000000000000e+00 2.597261538060118002e-02 7.207660699276491334e-02 1.085117837175417210e-02 4.585208110353962419e-02 1.624759626723450978e-01 7.157672832881697977e-02 1.728576141023927676e-03 7.030048954958918739e-02 0.000000000000000000e+00 3.537060229373073517e-02 0.000000000000000000e+00 0.000000000000000000e+00 2.566658862782904629e-02 9.831174244477235147e-02 0.000000000000000000e+00 0.000000000000000000e+00 6.986682576150171978e-03 3.824322363811429731e-02 4.049595300203451091e-03 1.987179896402900200e-02 0.000000000000000000e+00 9.942865666023034676e-02 1.518681596139970225e-01
8.655436011311391786e-03 0.000000000000000000e+00 1.069916886408653865e-02 0.000000000000000000e+00 8.268413690471028074e-03 0.000000000000000000e+00 5.843996654843857698e-03 1.068090252990898902e-02 1.499967849134921892e-02 7.000298346274354310e-04 0.000000000000000000e+00 2.467512618588515727e-01 0.000000000000000000e+00 0.000000000000000000e+00 7.401468438492721236e-02 0.000000000000000000e+00 0.000000000000000000e+00 4.208928727497306815e-02 1.605200156831607106e-01 3.246763258188427510e-04 1.471118038186284005e-01 2.590055570404007496e-02 4.442306168323294224e-02 3.631848241610954181e-02 1.626985447736592483e-01
0.000000000000000000e+00 8.399893052673888111e-03 7.600382928800942552e-03 1.658511081353170047e-02 1.306372328096523094e-01 0.000000000000000000e+00 6.309864808069495790e-02 5.115099227655753311e-02 9.252225366869704093e-02 0.000000000000000000e+00 0.000000000000000000e+00 1.419032158054520931e-01 0.000000000000000000e+00 0.000000000000000000e+00 1.062535831866308345e-01 0.000000000000000000e+00 0.000000000000000000e+00 1.534200219475558274e-03 3.452804194097706947e-03 1.538376133009405552e-02 0.000000000000000000e+00 3.214231373538066483e-03 1.760248939736553941e-01 1.822387962864479571e-01 0.000000000000000000e+00
1.091848975429117879e-01 0.000000000000000000e+00 0.000000000000000000e+00 2.630260710903071716e-02 6.354250936803257019e-03 1.238259846895464582e-02 1.231641332879240547e-01 2.288103414047736317e-01 1.335079424420520730e-03 5.860432339263494522e-03 0.000000000000000000e+00 9.173873254549236300e-02 1.462340302535963810e-02 0.000000000000000000e+00 4.946096988606168282e-02 0.000000000000000000e+00 0.000000000000000000e+00 2.469070042802437234e-02 1.262013312856254815e-02 1.252361880753121055e-02 3.311306638328160917e-04 0.000000000000000000e+00 0.000000000000000000e+00 1.421168353709966470e-01 1.385001356300566422e-01
3.717356561455060354e-02 1.007719815139037217e-01 2.146230866993315348e-02 0.000000000000000000e+00 7.208063750859800001e-02 0.000000000000000000e+00 3.034351745711129714e-02 0.000000000000000000e+00 9.533141968030110769e-02 4.522739323360027244e-04 0.000000000000000000e+00 1.581054682243863418e-01 2.889521985927766441e-03 0.000000000000000000e+00 1.406225302182950165e-01 0.000000000000000000e+00 0.000000000000000000e+00 1.045982684882102234e-02 6.932828334135694714e-02 0.000000000000000000e+00 0.000000000000000000e+00 0.000000000000000000e+00 1.913277914836169769e-01 5.017223457766870759e-02 1.947863894319328340e-02
3.472173071497830499e-02 0.000000000000000000e+00 1.776343127387581709e-03 0.000000000000000000e+00 1.187760872907436815e-02 0.000000000000000000e+00 1.439042569841437469e-01 0.000000000000000000e+00 3.194882620491269754e-02 1.009245590029146829e-03 0.000000000000000000e+00 2.103113154963643164e-02 0.000000000000000000e+00 9.468481940768951402e-03 2.358129084062814407e-01 0.000000000000000000e+00 4.378403382725447324e-02 0.000000000000000000e+00 0.000000000000000000e+00 0.000000000000000000e+00 0.000000000000000000e+00 6.121006577008915490e-03 2.510529768366508985e-01 2.074914495118732327e-01 0.000000000000000000e+00
1.252613177627195755e-02 3.581621464491932874e-03 1.842874685648773769e-02 0.000000000000000000e+00 5.187169456171837612e-02 1.760714814775216769e-02 5.721536101563133581e-02 7.592502506023582343e-02 8.004685121927666847e-02 4.033680429427619757e-02 0.000000000000000000e+00 2.309761851182880535e-02 2.772689457268456489e-02 0.000000000000000000e+00 1.528294232938366137e-01 0.000000000000000000e+00 3.834778550685025850e-02 8.600097291504937846e-02 1.450806670027713907e-01 1.535804557122838032e-04 0.000000000000000000e+00 0.000000000000000000e+00 4.321654710032377805e-03 2.364556586082460984e-02 1.412564527742675435e-01
0.000000000000000000e+00 0.000000000000000000e+00 3.004547342075778935e-03 0.000000000000000000e+00 2.834037057891864927e-02 0.000000000000000000e+00 4.894464788586835868e-02 4.618631536717026612e-04 2.352523983610845318e-02 2.766998650921561990e-03 4.205419312345005933e-03 1.459831652835625881e-01 0.000000000000000000e+00 0.000000000000000000e+00 1.480238942154349369e-01 6.765319434064387622e-04 5.777485945582605011e-03 1.615813569866682287e-02 1.473624200276905938e-01 4.024105126248895868e-06 1.012562302840787493e-01 3.275462754168496134e-03 9.059380091932441037e-02 8.472966080427110636e-02 1.449101012587776238e-01
1.593431592173345096e-02 1.010860029868563496e-03 1.333117854616354403e-01 8.296040973332920523e-03 1.202012593651003575e-02 1.045190172744947521e-01 1.475857156410867732e-01 3.338056603541565952e-03 1.259692241857874803e-02 1.106831816582747458e-01 0.000000000000000000e+00 5.098280844945336093e-02 0.000000000000000000e+00 0.000000000000000000e+00 7.804120539140740886e-02 1.341929678307799637e-03 0.000000000000000000e+00 1.039896102249800447e-01 1.195166825223084595e-01 0.000000000000000000e+00 0.000000000000000000e+00 7.155488049831011665e-02 1.765329936873684738e-02 1.181498175049739471e-03 6.442063772389114949e-03
5.108722535626762781e-04 4.551577209135757550e-03 1.628195601009000404e-01 0.000000000000000000e+00 1.087405398786338712e-01 5.285886840535634424e-04 9.079591308413343179e-03 1.332403493900515337e-02 0.000000000000000000e+00 0.000000000000000000e+00 1.820389997795073336e-02 2.569238358065346617e-01 0.000000000000000000e+00 0.000000000000000000e+00 3.702081132261218332e-03 0.000000000000000000e+00 0.000000000000000000e+00 1.311799915376397289e-03 7.480151401174718606e-02 0.000000000000000000e+00 1.626874695785368932e-02 0.000000000000000000e+00 1.612231067818453434e-01 2.354323260174630630e-02 1.444670184409799496e-01
4.966558085855805188e-02 0.000000000000000000e+00 2.594606485038108284e-02 0.000000000000000000e+00 0.000000000000000000e+00 0.000000000000000000e+00 1.391618689052731561e-01 4.629406063155267446e-03 7.456459796330103772e-03 1.947748713579311453e-02 6.074198514526406995e-03 9.425760639741687097e-02 0.000000000000000000e+00 4.344104421935394283e-03 1.403980425396699205e-01 8.849888149915156876e-02 1.322443914120641217e-01 1.927449296805911622e-02 0.000000000000000000e+00 2.992851879876707102e-02 0.000000000000000000e+00 8.731122095576568376e-02 1.018549105437698277e-01 3.787744719425057555e-02 1.159931714513260000e-02
6.012858631711807955e-02 0.000000000000000000e+00 0.000000000000000000e+00 7.350776342563018588e-03 2.202942277907626867e-03 3.311619761876132082e-03 1.387274467421234780e-01 0.000000000000000000e+00 1.699425223940549678e-02 5.645174742697302295e-02 0.000000000000000000e+00 2.909101836755173531e-02 0.000000000000000000e+00 1.656303152387716895e-04 1.487773760892592001e-01 7.026740646493345255e-04 0.000000000000000000e+00 9.492916997277348057e-02 1.389082842262185646e-01 0.000000000000000000e+00 0.000000000000000000e+00 1.056357718100754961e-01 1.633918584710153388e-01 2.094718270066523585e-02 1.228366287458592873e-02
0.000000000000000000e+00 0.000000000000000000e+00 1.119083555796459295e-01 6.924440324887866371e-02 2.411302980183307673e-02 0.000000000000000000e+00 1.176678021413902998e-03 8.884280809279533619e-02 2.121255571987279431e-02 1.448130488571954810e-01 0.000000000000000000e+00 1.153329267947742071e-01 0.000000000000000000e+00 3.779487676698751498e-03 5.437758190036627061e-03 0.000000000000000000e+00 0.000000000000000000e+00 0.000000000000000000e+00 1.014051854976460165e-01 0.000000000000000000e+00 1.738522742250849309e-02 3.779021229721575125e-03 1.030405600958786555e-01 4.598997610287609838e-02 1.425389776682243759e-01
6.979140616010051645e-02 0.000000000000000000e+00 3.686998432748651942e-04 3.583079403367796928e-02 0.000000000000000000e+00 0.000000000000000000e+00 1.368615030098785657e-01 6.499117064434235813e-02 6.225669449444367481e-02 0.000000000000000000e+00 0.000000000000000000e+00 1.180548806034638354e-02 0.000000000000000000e+00 1.700508550773235927e-03 1.182712381524016754e-01 0.000000000000000000e+00 9.348656962311806956e-03 1.524455691301091105e-02 1.523076236791121862e-01 6.268141219138355326e-04 1.455372786556369431e-02 7.637264319562069026e-02 3.473910905927007214e-02 6.915974652342454787e-02 1.257696187305329394e-01
0.000000000000000000e+00 1.037822709569420493e-01 1.744623301842989638e-01 6.441485093048242988e-03 1.907324367556020028e-01 1.340158182752586649e-03 1.911624296415910529e-02 1.381835993225397630e-01 1.488273245755232684e-02 8.074841371255173442e-03 0.000000000000000000e+00 3.358447195817180347e-02 0.000000000000000000e+00 0.000000000000000000e+00 8.632619157513708036e-03 0.000000000000000000e+00 3.614819464460224119e-02 0.000000000000000000e+00 5.423455297655026264e-02 0.000000000000000000e+00 0.000000000000000000e+00 4.384174744496455167e-03 4.478944768325405362e-03 1.723489761749987248e-01 2.917196828719111068e-02
0.000000000000000000e+00 1.821707045634333305e-02 1.036185271579390067e-03 2.516399421352749632e-02 5.334382075692533330e-03 0.000000000000000000e+00 1.520768128392844254e-01 1.290096719945262316e-01 3.791257593869047648e-02 0.000000000000000000e+00 0.000000000000000000e+00 9.244380221396772401e-02 1.712375703382347026e-04 4.025565378728921534e-03 8.733587227090375271e-02 5.687090538198793371e-03 7.233642225288493266e-02 2.764974596985798807e-03 1.468791237910518077e-01 1.085853261112910105e-02 0.000000000000000000e+00 1.448897538731437340e-01 8.593338851223597313e-04 3.858423616767575615e-02 2.441336206022509669e-02
0.000000000000000000e+00 0.000000000000000000e+00 1.176027832246415578e-01 2.576495932903051164e-02 7.940258210419164075e-02 0.000000000000000000e+00 1.458359472174008964e-01 1.283556583908678494e-01 4.784797878721176907e-03 0.000000000000000000e+00 0.000000000000000000e+00 2.795912543201132042e-02 0.000000000000000000e+00 5.280313868828364308e-03 2.281290691483344180e-01 4.026332977436971466e-02 0.000000000000000000e+00 0.000000000000000000e+00 6.856224691644824398e-02 1.322826396152807990e-02 0.000000000000000000e+00 8.591702286716192127e-02 1.288519414535392767e-02 4.069094588916306009e-03 1.195961115219406831e-02
0.000000000000000000e+00 6.759038266071641654e-02 1.869831143114605854e-01 4.208938068739082744e-02 1.388002447607877554e-01 1.334894752399391532e-04 1.048000816420312578e-02 0.000000000000000000e+00 6.600870774941766141e-03 5.553387829561731714e-02 0.000000000000000000e+00 8.026770523592793166e-03 0.000000000000000000e+00 0.000000000000000000e+00 8.141088293072994142e-02 1.025182981258003154e-02 2.985571059129822364e-03 3.679806257216636321e-03 1.386346080935386971e-01 7.695533035062559687e-03 0.000000000000000000e+00 0.000000000000000000e+00 1.435895929635451207e-01 4.065696484494930006e-03 9.144833970975171922e-02
8.686735828840708162e-02 6.780133125092265012e-02 5.068930201253324386e-02 4.505366318210283008e-03 1.207754694785722338e-01 0.000000000000000000e+00 3.635452106317655155e-03 9.457950244991008074e-03 8.146032673002093216e-02 6.232490218800783993e-02 3.725519613456152249e-03 0.000000000000000000e+00 0.000000000000000000e+00 1.742680332853295197e-02 1.765054673018525699e-01 1.789962925734655684e-04 0.000000000000000000e+00 1.999613585586229939e-02 1.405762308357947910e-01 8.205891068467571769e-02 0.000000000000000000e+00 0.000000000000000000e+00 0.000000000000000000e+00 5.308753130452710522e-02 1.892694616474199093e-02
