0.000000000000000000e+00 1.075932420768029446e-01 7.139705191150766753e-03 1.253098589506812521e-02 2.203032771057731598e-01 6.832876646053103256e-03 0.000000000000000000e+00 3.283052578358283680e-02 5.817983479138143232e-02 0.000000000000000000e+00 6.633916487682821328e-03 1.624900773804685838e-01 2.077691384097303529e-02 2.309299588507196521e-02 1.256048544572077041e-01 1.191328295577619156e-02 0.000000000000000000e+00 6.379692006009630469e-03 3.872080475794606458e-02 1.589770147390514865e-01
5.273886920475253509e-03 5.272537403059106287e-02 0.000000000000000000e+00 1.241604032295560017e-01 1.537125267212456278e-02 1.269745321762481838e-01 3.549212407339199377e-02 1.458719847291714555e-01 1.454843481901405833e-01 7.276206109263094572e-03 4.061928884755527241e-02 1.209224793933012243e-01 1.970879311377974220e-03 2.284064906418897464e-02 1.370986203798829801e-02 5.097093465221062651e-04 9.676975009733722322e-02 5.569033325025414712e-03 0.000000000000000000e+00 3.845823644574126315e-02
0.000000000000000000e+00 1.305122165592215444e-01 4.592269197454748597e-02 5.368389994570996193e-02 5.029449250429349205e-02 4.800797764617119323e-02 9.930491486230763609e-02 1.821869435700758399e-04 1.561910490265209783e-01 0.000000000000000000e+00 0.000000000000000000e+00 0.000000000000000000e+00 0.000000000000000000e+00 1.504735276435195390e-01 4.294406625089684099e-02 0.000000000000000000e+00 3.026983873082048516e-03 0.000000000000000000e+00 6.123396417405337772e-02 1.582220285961058459e-01
3.518771077210608965e-03 4.263017670800110098e-02 4.427125646770481426e-02 1.820598928131668681e-01 1.760097218465841648e-02 1.318003146159971335e-02 6.100027229120542037e-03 4.022431190733342932e-02 1.167541122979575130e-01 1.282210563657266642e-02 8.690016059877653243e-03 1.389443750112543396e-01 4.998348890853889642e-02 0.000000000000000000e+00 1.148094059629284520e-02 1.687828871966693994e-04 5.924156093337458288e-03 1.293015456237200655e-01 1.481085367290308763e-01 2.823650030742564168e-02
0.000000000000000000e+00 4.094672671335525260e-02 0.000000000000000000e+00 1.126271621930260980e-02 1.645070914135522144e-01 5.545475263754589407e-02 4.779471967996364902e-03 0.000000000000000000e+00 0.000000000000000000e+00 2.629628732693342370e-03 0.000000000000000000e+00 1.888215595574618821e-01 2.622870469679165414e-02 3.594533939763956687e-02 4.536275026314516567e-02 3.368984687381228887e-02 5.826419952905475229e-03 1.521557043768071230e-02 2.172115316498180460e-01 1.521178894862995623e-01
1.050877920107198132e-01 9.515838021717741568e-02 0.000000000000000000e+00 1.323677312403972149e-02 1.706567553289769779e-01 7.556777614801032114e-04 2.754646797736200539e-02 4.338001289711539143e-02 0.000000000000000000e+00 1.099092545872030861e-02 1.403401557034477439e-03 1.736436580844750721e-01 0.000000000000000000e+00 1.979866674634969334e-02 0.000000000000000000e+00 4.293623644773313184e-04 1.225326953144717096e-01 7.708458369553504615e-03 1.505653454197870833e-01 5.710562736825955388e-02
1.016819857524219189e-01 1.253938446924024973e-02 0.000000000000000000e+00 2.402257598635452324e-02 2.494467363072394583e-01 1.466092964847503510e-01 1.053076512929796912e-02 1.733789845016150272e-02 4.153817530131775904e-02 8.165191524438692589e-03 3.019786966889379323e-03 1.454390680952569459e-01 6.094437613440246287e-02 3.525597025540370380e-04 3.532067306624982845e-04 0.000000000000000000e+00 0.000000000000000000e+00 2.125398373316469275e-02 1.641999871781377185e-02 1.403450105140338910e-01
2.172270686070041507e-03 1.401096361512108313e-01 4.124842648268479267e-02 0.000000000000000000e+00 4.189885520438207944e-02 3.020693988293154594e-02 1.458957370245635154e-01 1.382714820498781305e-01 2.103246181542878582e-02 0.000000000000000000e+00 0.000000000000000000e+00 1.459044071214221083e-01 0.000000000000000000e+00 1.611977649610059002e-02 1.404970429027086170e-03 0.000000000000000000e+00 3.773707128271718177e-03 1.214563620636816971e-01 1.505049674643469670e-01 0.000000000000000000e+00
9.618420771192575866e-03 1.344472067383845615e-01 2.256173496941826090e-02 1.353834588842619535e-01 1.585858668582016962e-01 2.592572255943951035e-02 4.880976178133117349e-02 0.000000000000000000e+00 3.685010151622869056e-03 1.053492122656128349e-01 0.000000000000000000e+00 1.912293466953802687e-02 3.496041387644494708e-04 0.000000000000000000e+00 5.483335607651977986e-03 2.065806105182397059e-02 4.098999915929946863e-02 4.357242071563281749e-02 7.584350984381821315e-02 1.496137398340056657e-01
1.074578652113656642e-02 2.093882996876638425e-01 2.768815247997326659e-02 6.731986158977390500e-02 1.595332236663572767e-01 2.366532238351239797e-02 3.421167941723865470e-04 3.922364752721789471e-02 5.927942985115877694e-02 0.000000000000000000e+00 0.000000000000000000e+00 1.216266472397764010e-02 5.229501659264229260e-03 1.331297610695354461e-01 3.291374767651949335e-02 8.404369411432843773e-02 0.000000000000000000e+00 0.000000000000000000e+00 0.000000000000000000e+00 1.353347902554083992e-01
8.775977250715272238e-03 4.444438522898226662e-02 0.000000000000000000e+00 5.419324911892472313e-02 7.075945678231044395e-03 1.036210316828078265e-01 6.915790506645748403e-02 4.073965904067533561e-02 8.504533944215660057e-02 1.119500157436309346e-01 0.000000000000000000e+00 7.912417585724935976e-02 1.064791576453906763e-01 0.000000000000000000e+00 1.626717041708605205e-01 0.000000000000000000e+00 7.020592954661768192e-02 5.378050886836428790e-02 2.735015658935930054e-03 0.000000000000000000e+00
1.692432646434540670e-03 1.412705371619292216e-01 0.000000000000000000e+00 0.000000000000000000e+00 3.650969873667627569e-02 1.942663068878854038e-01 6.424019057824160821e-03 4.513182801550513074e-02 9.565938276955594788e-02 0.000000000000000000e+00 0.000000000000000000e+00 1.346406578186233882e-01 9.946332331925336612e-02 0.000000000000000000e+00 1.304933945706341150e-02 4.453991973309862074e-02 0.000000000000000000e+00 0.000000000000000000e+00 3.368126113309685005e-02 1.536712932630538153e-01
1.574178280490852802e-02 7.169412126217343528e-02 0.000000000000000000e+00 2.209743721489986629e-02 1.376288599789603911e-02 1.451710296716125781e-01 9.115641261170537302e-03 1.587076111810740708e-01 6.456761716058181944e-02 0.000000000000000000e+00 3.064254118567349625e-02 2.195954541182577324e-01 9.220287661154652481e-02 0.000000000000000000e+00 5.204422282672694277e-04 6.301472344263988647e-03 1.211720275562411520e-01 0.000000000000000000e+00 1.223360074627994828e-02 1.647345865515308441e-02
0.000000000000000000e+00 4.661273723667312685e-02 5.577299627603187274e-03 4.495510697619693047e-02 3.064096952188441123e-02 1.571783290442366199e-01 0.000000000000000000e+00 2.142396697805882544e-01 0.000000000000000000e+00 4.680808504066860665e-02 0.000000000000000000e+00 1.710809338085757803e-01 7.240096178013617420e-03 2.669673117679531235e-02 2.004333025747060543e-02 1.240059371440158445e-02 1.029689311363432003e-01 2.934122819605771218e-02 7.361523532989742991e-02 1.060072297459358978e-02
6.470883722362783495e-03 9.554800219195000444e-02 2.282497267525542689e-02 5.314059256127787179e-02 1.485138052552431240e-02 1.028445530582141124e-02 0.000000000000000000e+00 2.337260214523622509e-02 2.698860154212943674e-01 1.106725088680233539e-02 0.000000000000000000e+00 3.544380925790923385e-04 5.926173092946638091e-03 1.324972804599550691e-01 1.340892014062561033e-01 0.000000000000000000e+00 3.022810935234087476e-02 2.422513073913807463e-02 1.444788288464846603e-02 1.507856285366108440e-01
0.000000000000000000e+00 7.933822998124478998e-02 1.621213472899510344e-02 0.000000000000000000e+00 3.236257684388306466e-02 1.084452905409261647e-01 0.000000000000000000e+00 1.775339810798094720e-02 0.000000000000000000e+00 0.000000000000000000e+00 0.000000000000000000e+00 1.989140588854777791e-01 2.157014398913113806e-01 0.000000000000000000e+00 1.569360196284879175e-02 0.000000000000000000e+00 9.080370487194087958e-03 9.948739690481687298e-03 1.507762261997912245e-01 1.457739326798650759e-01
1.067535550210346601e-01 9.161158982320739830e-02 8.034070369446935644e-02 3.443961694759148807e-03 6.153062074180682545e-02 1.436199825366235028e-01 1.349611853647379907e-03 9.593289901321042090e-02 1.234194854281429610e-01 0.000000000000000000e+00 0.000000000000000000e+00 5.008846290803591755e-02 2.670034056504068734e-03 0.000000000000000000e+00 0.000000000000000000e+00 0.000000000000000000e+00 7.440091342412129272e-03 1.353060183960854736e-02 3.837094756406508184e-02 1.798974524824725751e-01
3.821481353975383910e-02 8.571402841671894868e-02 0.000000000000000000e+00 4.894726480779469473e-03 1.035250225013893133e-01 4.291158967456343287e-02 4.226683069334325783e-03 4.094715832341443151e-02 9.254837003554826705e-03 0.000000000000000000e+00 3.517838491036773957e-02 1.403947162638371216e-01 5.038274216955750118e-02 1.518719049323191770e-03 3.640357042364280454e-02 9.108900042094547622e-02 1.919165592166286252e-02 1.086561711080991262e-02 1.404008427516575952e-01 1.448858919686872859e-01
3.288560394436473855e-02 1.116942548335508184e-01 0.000000000000000000e+00 1.817787850878930800e-01 0.000000000000000000e+00 5.918750369915765780e-02 1.516871190949897405e-02 5.806340780934924478e-02 2.240934158238912927e-02 0.000000000000000000e+00 3.854244188901118084e-02 1.202026890999681463e-01 3.199517016158390237e-02 5.287672422645747772e-02 1.361334667574120028e-01 0.000000000000000000e+00 7.658423142167981867e-02 0.000000000000000000e+00 0.000000000000000000e+00 6.247766757768381807e-02
3.268877401145670828e-03 4.677183364557865874e-02 0.000000000000000000e+00 1.189915664302262505e-01 1.593934800351002046e-01 1.055840179497592735e-01 3.158574633556882755e-02 3.549137044033209148e-02 6.962455543578776815e-03 0.000000000000000000e+00 0.000000000000000000e+00 6.567971034807693065e-02 5.314217074726172718e-02 3.431907389514504301e-04 2.904100226835970230e-02 1.948788745568283062e-02 2.208477430176618642e-03 1.561569048079486099e-01 1.306601177628228805e-01 3.523119065942965228e-02
5.398564427353352152e-02 1.091672067716958489e-01 0.000000000000000000e+00 7.755983588363892477e-03 2.689768728667123968e-03 1.333741634798034197e-02 5.223315758899602090e-02 2.390725524754620194e-03 1.642495367171529774e-01 0.000000000000000000e+00 7.513032746847157686e-04 2.311391345349962934e-01 0.000000000000000000e+00 1.423290218588985911e-01 3.210568438272796976e-02 8.546074749538642816e-04 0.000000000000000000e+00 0.000000000000000000e+00 1.241283978988559807e-02 1.745979691427086700e-01
8.543280480104695901e-03 6.518968070631646350e-02 3.221099765739798837e-02 1.150954033592138381e-01 6.530449462824156406e-03 2.175967566203820119e-02 1.623402171711657918e-02 0.000000000000000000e+00 1.399521771977297879e-01 0.000000000000000000e+00 0.000000000000000000e+00 1.878498573692120865e-01 3.372718280234244907e-03 1.314248928860837218e-01 7.184696286807882963e-03 0.000000000000000000e+00 0.000000000000000000e+00 1.358928190023897791e-03 1.371682267365309515e-01 1.261249940083655763e-01
0.000000000000000000e+00 0.000000000000000000e+00 7.445185299910216667e-04 7.156998843682908784e-02 6.528934352520034123e-02 1.592255475111738899e-02 0.000000000000000000e+00 1.366842791268438329e-02 1.808009604923926372e-01 0.000000000000000000e+00 2.950563661011320130e-03 8.459157572916663204e-02 4.455848463011869570e-02 0.000000000000000000e+00 1.001969239709368971e-02 1.266276613620213659e-03 0.000000000000000000e+00 1.432351418883736349e-01 1.546240895191234310e-01 2.107583819132775038e-01
8.981809099718625344e-02 7.943199417870704104e-02 1.031628730485728562e-02 4.817800557153770202e-02 9.188612830508577356e-03 1.300087291453115856e-01 7.981087884180845804e-02 2.939392666507881918e-02 1.422933863846165096e-02 0.000000000000000000e+00 0.000000000000000000e+00 1.028749294310058460e-01 1.496789377367583329e-01 3.009244392099124765e-03 2.906163679116995080e-02 6.621408579839116459e-02 8.716144941706506499e-03 0.000000000000000000e+00 1.299576329270943353e-01 2.011152380831737405e-02
4.949738774526733082e-02 1.347646800758076913e-01 8.170919931966611968e-03 1.199144609548476181e-01 2.680490080733154493e-02 0.000000000000000000e+00 9.244877853453571659e-02 1.771261026982602280e-02 8.989657009639108465e-02 3.405889946372757122e-04 0.000000000000000000e+00 3.126327334210936282e-02 1.716544074928745035e-03 5.721299186559565542e-03 3.679928217608958302e-02 0.000000000000000000e+00 4.671657553721506213e-03 1.268732217118069550e-01 1.594290175151387434e-02 2.374609227926594568e-01
0.000000000000000000e+00 3.931170676310179884e-02 0.000000000000000000e+00 8.993121415568556751e-03 2.475861875810118906e-02 0.000000000000000000e+00 8.559084263334462706e-02 1.540875360541222889e-03 1.992915062396928561e-01 1.408087682933601148e-01 0.000000000000000000e+00 2.022602350989937681e-01 3.594483307372663833e-02 2.935787030957434651e-02 2.140651283197414663e-03 2.970131692518821354e-03 1.377621157184598655e-01 6.540480798923474504e-02 1.439710521591621058e-02 9.466810154667692698e-03
1.722372356022103604e-02 8.798193743606638750e-02 0.000000000000000000e+00 1.373715830676536798e-01 7.599172875412394008e-03 1.245896156813006278e-01 7.376093217343474180e-03 1.240855028289957473e-01 1.819858665178414048e-01 3.333565547257162035e-03 0.000000000000000000e+00 3.294234355011521620e-02 5.330440903962687521e-02 0.000000000000000000e+00 1.024360567271997147e-01 0.000000000000000000e+00 2.308380431721588841e-02 5.053748584735823918e-02 2.072818087890272373e-02 2.542065890748956142e-02
1.292898539951018236e-02 1.496004411247720545e-01 0.000000000000000000e+00 1.975564161304583718e-02 1.671409312607175790e-01 6.953593435332883210e-02 0.000000000000000000e+00 3.331461727585755938e-03 5.443023464000852456e-03 5.386098444438132751e-03 0.000000000000000000e+00 2.866971734449298703e-02 5.690817502707841207e-04 1.607041552555816544e-01 0.000000000000000000e+00 0.000000000000000000e+00 1.293455844816540634e-02 3.579246131463000870e-04 1.572681065731244276e-01 2.063739386278192200e-01
6.138656523952779054e-02 1.227529607865342209e-01 0.000000000000000000e+00 1.526549338093118697e-03 7.455482630921508001e-03 0.000000000000000000e+00 3.003114323157995286e-02 1.298155375030139030e-02 1.440952734599560137e-01 5.435837153683890921e-03 0.000000000000000000e+00 1.290526497397140593e-01 6.333516805192562771e-02 8.448723118147713484e-02 2.274400112009163435e-02 4.789236196386080675e-03 8.027384501294983210e-02 2.745943468647828525e-02 4.556041147237097078e-02 1.566326569480084585e-01
1.998503957268788281e-02 6.335657274177113052e-02 2.451030362378920583e-03 8.188766450404762198e-02 4.057552507928576663e-04 7.614698760651451848e-02 5.329271344539090322e-02 1.215386250748965759e-02 1.351393635007924199e-01 1.453046151024995625e-01 6.831178579218534497e-03 4.811372936650826215e-02 0.000000000000000000e+00 1.063976628482165704e-01 1.428380966927747797e-01 3.133686045689789562e-02 5.355051771830372787e-02 0.000000000000000000e+00 0.000000000000000000e+00 2.080834974371476367e-02
0.000000000000000000e+00 1.230508975930286047e-01 9.643368469038949425e-03 8.162549817307991964e-03 1.930671219379675174e-01 1.113563482538397764e-01 6.350251543435793400e-02 4.433581177317038463e-02 4.392337094854843055e-02 4.130827973137336448e-03 0.000000000000000000e+00 1.811208530868931021e-02 2.034370199654604236e-03 1.551776145099051096e-01 4.804621315802666548e-02 0.000000000000000000e+00 9.427932406505355398e-03 3.141426107119441253e-04 1.680977709049924496e-02 1.489050525156109250e-01
0.000000000000000000e+00 8.788095505749217353e-04 1.754319440759687760e-04 9.166894120754189024e-02 2.506078957244207289e-02 1.057424148953283877e-01 0.000000000000000000e+00 5.168976923666977145e-04 9.567043280149550855e-02 3.120283400318341754e-02 0.000000000000000000e+00 1.194867946956473942e-01 1.192566636424397114e-01 0.000000000000000000e+00 6.185878656345418676e-03 1.021867449281044782e-01 0.000000000000000000e+00 1.533783375839941482e-02 1.461300290145740866e-01 1.404995036374806494e-01
7.343718225060473677e-03 5.437196137894022285e-02 0.000000000000000000e+00 1.866510022213763425e-03 9.159591112449229355e-02 9.752891081124103606e-04 7.103245545628331797e-03 8.572895821945193673e-02 9.013931372251758611e-02 4.861985054614140905e-02 0.000000000000000000e+00 1.939390439134410227e-01 2.141875048797162520e-02 1.610549370268957517e-02 6.998335146967997293e-03 9.582772355100152573e-02 9.588475070025587275e-04 7.597817398044577619e-02 5.153773860366294562e-02 1.494911352142586636e-01
8.584685929511034000e-03 3.354993241530707104e-02 2.045534025743414672e-03 2.805094733739474031e-02 1.676733667705711250e-01 2.006230276768497522e-01 7.852835072674804393e-03 8.079956519745917429e-03 1.300148749655742619e-01 3.666794897496843467e-03 3.633427208165233152e-02 1.286335685423966868e-01 1.582329159589951437e-03 0.000000000000000000e+00 5.204254093170682105e-02 4.030237866680354275e-02 1.004774372745027983e-01 1.509627856704864879e-02 3.011647050997923528e-02 5.272768655450989217e-03
0.000000000000000000e+00 1.324009216731245053e-01 2.890516642146196205e-02 8.177033864350027534e-03 1.995934452850999796e-01 2.689168870285373047e-02 9.530617606536610775e-03 1.343937670412355678e-01 1.321817156197307441e-01 0.000000000000000000e+00 7.100879433841274582e-03 0.000000000000000000e+00 3.962538494539114345e-03 0.000000000000000000e+00 1.212730667346033873e-02 0.000000000000000000e+00 1.083969747335892771e-03 1.447645361350929005e-03 1.520566049957662869e-01 1.501466990793129397e-01
1.083772173397136440e-01 7.348642725962366024e-04 1.797306264016242106e-02 1.545137885633290041e-02 7.578168775860300022e-02 4.156921584569992639e-02 0.000000000000000000e+00 0.000000000000000000e+00 2.212422423683962566e-02 5.915911490045699245e-02 3.249709347896784987e-04 1.483437311579004214e-01 1.312258989929572517e-01 3.361696171358959789e-02 1.493935584460407973e-01 3.353625580798640093e-02 1.021802703259482442e-01 1.567478620127923938e-02 1.552866278890121382e-02 2.900413778020249911e-02
1.180102793649475020e-02 2.149906315202300411e-02 2.605526117281600600e-03 5.230522576607934265e-02 0.000000000000000000e+00 2.178061874717107313e-02 1.015645638082337959e-01 1.176454595215138156e-02 2.297737461556209893e-01 9.353540397206420347e-04 0.000000000000000000e+00 7.389432982012894557e-02 7.102610167691703058e-02 3.684439304686824845e-02 1.410035237088829718e-01 1.771325114157428979e-02 7.535610915617724096e-04 2.205131886151054030e-02 0.000000000000000000e+00 1.826838489777796171e-01
0.000000000000000000e+00 5.040550623951012277e-02 0.000000000000000000e+00 0.000000000000000000e+00 1.833185492322553234e-01 1.912929623651977440e-01 2.596373262732526790e-02 5.997912840304968178e-03 0.000000000000000000e+00 2.244636329395495455e-02 0.000000000000000000e+00 1.459026699178719300e-01 6.404714021045336547e-02 0.000000000000000000e+00 6.245935837996072909e-03 0.000000000000000000e+00 0.000000000000000000e+00 1.653029867996115912e-02 1.423288349369650208e-01 1.455200938182040493e-01
1.843749233580468244e-02 3.396726872864506454e-03 0.000000000000000000e+00 1.465297743705666900e-01 1.658307100778773358e-01 3.863052341537868278e-02 8.165461976637394814e-03 0.000000000000000000e+00 5.004499177739480525e-02 0.000000000000000000e+00 0.000000000000000000e+00 0.000000000000000000e+00 6.923789861716355895e-03 2.984999023381445724e-02 1.432909408419207331e-01 6.231345678411711470e-03 0.000000000000000000e+00 2.043374400573002292e-01 3.465567066291492387e-02 1.436751418373974909e-01
2.600009872015870971e-02 1.276360115543399842e-01 0.000000000000000000e+00 3.367946531257481196e-02 1.745523918760168158e-01 2.145082185561581478e-01 1.305351459726043252e-02 0.000000000000000000e+00 1.183015681493818994e-03 0.000000000000000000e+00 0.000000000000000000e+00 3.596707673227841906e-02 1.151304158115374135e-02 5.982277044407241506e-02 1.340931152570846996e-01 0.000000000000000000e+00 0.000000000000000000e+00 3.416343469868651870e-04 2.746575593085469683e-02 1.401838894095663590e-01
