1.596901836136777331e-01 1.706407410525090929e-01 0.000000000000000000e+00 1.581289704997201895e-02 1.065530434080385336e-01 1.266656423697146983e-01 1.051402754123806002e-02 0.000000000000000000e+00 2.114973425123067574e-01 0.000000000000000000e+00 0.000000000000000000e+00 1.587551313035603928e-01 0.000000000000000000e+00 0.000000000000000000e+00 0.000000000000000000e+00 2.989855290307116831e-02 0.000000000000000000e+00 0.000000000000000000e+00 0.000000000000000000e+00 9.972438245911546470e-03
1.267812249261359749e-02 0.000000000000000000e+00 2.291987128229929296e-02 4.233556535195969750e-01 0.000000000000000000e+00 5.071643201067937978e-02 3.613147623967317285e-02 1.520195256090666192e-01 0.000000000000000000e+00 1.156184242902262051e-02 1.256775528996820490e-01 1.406897702859076504e-01 0.000000000000000000e+00 1.230044994886446592e-02 0.000000000000000000e+00 0.000000000000000000e+00 1.194930328259417515e-02 0.000000000000000000e+00 0.000000000000000000e+00 0.000000000000000000e+00
6.415973842061627186e-02 1.305225495499003074e-01 0.000000000000000000e+00 2.865768037864346307e-01 5.908601065403540353e-02 1.330098870916462117e-01 0.000000000000000000e+00 7.565398276835341197e-03 1.811394433682224914e-01 0.000000000000000000e+00 0.000000000000000000e+00 0.000000000000000000e+00 0.000000000000000000e+00 1.066792645140099000e-01 0.000000000000000000e+00 0.000000000000000000e+00 1.246072022198770404e-02 0.000000000000000000e+00 0.000000000000000000e+00 1.880018411631160374e-02
2.231763550451787426e-02 2.493485145310004591e-01 0.000000000000000000e+00 1.586935902170799328e-01 0.000000000000000000e+00 1.588838251146920677e-02 0.000000000000000000e+00 0.000000000000000000e+00 1.727459392998771937e-01 0.000000000000000000e+00 0.000000000000000000e+00 1.590888441521472740e-01 2.512175992181817433e-02 0.000000000000000000e+00 0.000000000000000000e+00 7.728118375957421411e-03 0.000000000000000000e+00 1.655709136089693612e-01 0.000000000000000000e+00 2.349630187716303040e-02
6.349174888883053931e-03 2.377493391557250757e-01 7.269988254844803044e-02 1.616658038006183462e-01 1.071884432860400332e-01 0.000000000000000000e+00 0.000000000000000000e+00 7.230210750469862188e-04 2.376463275497337282e-02 2.517175157833101765e-02 0.000000000000000000e+00 1.926109333014616176e-01 0.000000000000000000e+00 0.000000000000000000e+00 9.276020379784083447e-02 0.000000000000000000e+00 2.606063142707628309e-03 4.859059573976618612e-02 1.880091457634986557e-02 9.319240353807873092e-03
1.619046575190632165e-01 1.514407667992983819e-01 6.134560389308289785e-02 0.000000000000000000e+00 1.083539642955889254e-01 3.210613806239466864e-03 1.047236654064563205e-01 0.000000000000000000e+00 1.958376711543814708e-01 1.107022911006396715e-01 0.000000000000000000e+00 8.015659760176564730e-02 0.000000000000000000e+00 0.000000000000000000e+00 0.000000000000000000e+00 0.000000000000000000e+00 0.000000000000000000e+00 0.000000000000000000e+00 0.000000000000000000e+00 2.232416842348402056e-02
8.010286737349978092e-03 1.059649097844768753e-02 0.000000000000000000e+00 1.699344647408770059e-01 1.357637150767344869e-01 0.000000000000000000e+00 1.115428373864676276e-01 6.301986884519943100e-02 0.000000000000000000e+00 3.979206488857845586e-02 6.671006228633089008e-02 1.785776485508554501e-01 6.529705322837061569e-04 3.364167127365343124e-02 0.000000000000000000e+00 9.428400543065479714e-03 0.000000000000000000e+00 1.569528427918360225e-01 1.537667536832041694e-02 0.000000000000000000e+00
1.679528655909512114e-01 5.782174081851721575e-02 3.711640263991962396e-03 1.177768281089097424e-01 0.000000000000000000e+00 9.201554536805878204e-03 9.083158838628643816e-02 4.792119638193687720e-02 2.126069346972447038e-01 0.000000000000000000e+00 0.000000000000000000e+00 1.818839368071505924e-01 0.000000000000000000e+00 1.688742712922567182e-02 0.000000000000000000e+00 0.000000000000000000e+00 0.000000000000000000e+00 0.000000000000000000e+00 9.340428727897977235e-02 0.000000000000000000e+00
0.000000000000000000e+00 0.000000000000000000e+00 1.131480451218855494e-02 2.841940233122317028e-01 5.370712356073072125e-02 2.769617310523214138e-01 0.000000000000000000e+00 0.000000000000000000e+00 1.532658639770705378e-01 1.343269680994953197e-01 0.000000000000000000e+00 2.508455284676676736e-02 0.000000000000000000e+00 0.000000000000000000e+00 0.000000000000000000e+00 0.000000000000000000e+00 0.000000000000000000e+00 0.000000000000000000e+00 6.114493263919507787e-02 0.000000000000000000e+00
1.354138425977188531e-01 1.351643025712719326e-01 5.361894355501209408e-02 6.191558944090238409e-02 0.000000000000000000e+00 0.000000000000000000e+00 7.697895717425311257e-02 1.160780076852730852e-01 0.000000000000000000e+00 2.327374201003561127e-02 0.000000000000000000e+00 2.278040248300650938e-01 2.892867624834062016e-03 1.245947429286189262e-02 2.677035837225069138e-03 6.606716472920033667e-02 0.000000000000000000e+00 0.000000000000000000e+00 0.000000000000000000e+00 8.565604765134637866e-02
1.211515758734479226e-01 2.293473428896085353e-01 0.000000000000000000e+00 1.313316296439505371e-01 0.000000000000000000e+00 2.277601478340348165e-02 0.000000000000000000e+00 0.000000000000000000e+00 1.921581216051673202e-01 1.017690770750036833e-01 0.000000000000000000e+00 5.046277100379841646e-02 1.453572210021515827e-02 0.000000000000000000e+00 0.000000000000000000e+00 0.000000000000000000e+00 0.000000000000000000e+00 1.288527614704441104e-01 7.614983554960968321e-03 0.000000000000000000e+00
8.087027226554546755e-02 1.989754683025281023e-01 0.000000000000000000e+00 4.026377648589399456e-03 0.000000000000000000e+00 2.638968177565986090e-02 3.150801145982624896e-02 9.909652154700056281e-02 1.618976905335430677e-02 1.715592039872947464e-02 0.000000000000000000e+00 1.590431611669797796e-01 9.024031878734906087e-02 2.216106332574634304e-03 1.745136380044997465e-02 1.014707075072188852e-01 0.000000000000000000e+00 1.158572476882506613e-01 1.090678674658891907e-02 2.860228551935449504e-02
3.586783230410396650e-02 0.000000000000000000e+00 0.000000000000000000e+00 1.542238666065901820e-01 0.000000000000000000e+00 1.224127381924249441e-01 0.000000000000000000e+00 8.371856658255068251e-02 1.535962536323893235e-01 1.197356082906660818e-02 1.276248120448990053e-01 1.696712658936833373e-01 9.847139661634559185e-03 0.000000000000000000e+00 1.111476044747468188e-02 0.000000000000000000e+00 1.960200932861893685e-03 9.095592924736478624e-02 2.703307362495608115e-02 0.000000000000000000e+00
3.239528311982656783e-01 1.060102163455174662e-01 1.401782813646048134e-02 0.000000000000000000e+00 0.000000000000000000e+00 0.000000000000000000e+00 0.000000000000000000e+00 0.000000000000000000e+00 0.000000000000000000e+00 1.302623234704759422e-02 0.000000000000000000e+00 1.872359751085158619e-01 0.000000000000000000e+00 1.789216791455306224e-02 1.223091663646385802e-01 1.593976146664659137e-03 1.366310340311411853e-01 7.733057240719530545e-02 0.000000000000000000e+00 0.000000000000000000e+00
1.199027412265917109e-01 1.412331464656335078e-01 0.000000000000000000e+00 1.487760072104855058e-01 0.000000000000000000e+00 1.859299456257610395e-01 0.000000000000000000e+00 0.000000000000000000e+00 2.494735743244342885e-01 1.347032799311070062e-01 0.000000000000000000e+00 0.000000000000000000e+00 0.000000000000000000e+00 0.000000000000000000e+00 0.000000000000000000e+00 0.000000000000000000e+00 0.000000000000000000e+00 1.998130521598685122e-02 0.000000000000000000e+00 0.000000000000000000e+00
1.374193366186600429e-01 1.536381453930568131e-01 0.000000000000000000e+00 2.786524727174904403e-01 3.684670352605137755e-02 1.544958829112506038e-01 0.000000000000000000e+00 3.300036751509347055e-02 0.000000000000000000e+00 0.000000000000000000e+00 1.245081170497223666e-01 1.589446528397259542e-02 0.000000000000000000e+00 0.000000000000000000e+00 1.171281287228070379e-02 0.000000000000000000e+00 0.000000000000000000e+00 0.000000000000000000e+00 5.383169611242146629e-02 0.000000000000000000e+00
1.836352948595502688e-01 0.000000000000000000e+00 0.000000000000000000e+00 7.992440870272649045e-03 6.738629993238579030e-02 1.532183810924958034e-01 6.181867560804960721e-02 7.257901461403175845e-03 2.350328926664793372e-01 0.000000000000000000e+00 1.013567317562565351e-01 6.137960682770368659e-02 0.000000000000000000e+00 5.299461447737266462e-02 0.000000000000000000e+00 5.126789611689653442e-02 0.000000000000000000e+00 1.604673158132566974e-02 0.000000000000000000e+00 6.125327498082369258e-04
5.162336861851274383e-03 1.244361993127994642e-01 0.000000000000000000e+00 0.000000000000000000e+00 1.252965988244156975e-02 0.000000000000000000e+00 0.000000000000000000e+00 2.148116364956182897e-02 7.859097071765468179e-02 1.037387361601462554e-01 3.031672002443509470e-02 1.624575606643454961e-01 7.442700664444749231e-03 1.404995360910528679e-01 1.842940251941387053e-01 5.477964749412973615e-03 6.555700434946680477e-02 1.671100600850315265e-03 1.210452523624697737e-03 5.513386855377328671e-02
7.470556633506434535e-03 1.179199411463601466e-01 0.000000000000000000e+00 3.190112245487585207e-01 0.000000000000000000e+00 0.000000000000000000e+00 2.768612649290782754e-02 0.000000000000000000e+00 1.782078234141097339e-01 0.000000000000000000e+00 5.841599901276167683e-02 4.481571968852764154e-02 0.000000000000000000e+00 0.000000000000000000e+00 4.127936801513094629e-04 0.000000000000000000e+00 7.953262564447276251e-03 2.381065528184693192e-01 0.000000000000000000e+00 0.000000000000000000e+00
1.531940086541592472e-01 1.180268927463652556e-01 2.341489034646589140e-01 0.000000000000000000e+00 6.178483422152401122e-02 1.735123610807469408e-01 0.000000000000000000e+00 0.000000000000000000e+00 2.007866256177539555e-01 0.000000000000000000e+00 0.000000000000000000e+00 0.000000000000000000e+00 0.000000000000000000e+00 0.000000000000000000e+00 0.000000000000000000e+00 5.675499538420518408e-02 0.000000000000000000e+00 0.000000000000000000e+00 0.000000000000000000e+00 1.791378830586564741e-03
0.000000000000000000e+00 1.266371497434961857e-01 0.000000000000000000e+00 2.877265655402883593e-01 0.000000000000000000e+00 2.817429076669558108e-01 0.000000000000000000e+00 0.000000000000000000e+00 1.637534255556555851e-01 0.000000000000000000e+00 1.988985499956087005e-02 6.290870093048479827e-02 3.250258231835730788e-02 0.000000000000000000e+00 1.127518987642881290e-02 1.356362336877227175e-02 0.000000000000000000e+00 0.000000000000000000e+00 0.000000000000000000e+00 0.000000000000000000e+00
0.000000000000000000e+00 2.046865358120182089e-03 1.879106106601404272e-02 1.316988373248648625e-03 1.065309814298310842e-01 6.115764841972081561e-02 1.367955556831101649e-01 5.906552707443815664e-02 2.910106188323537957e-01 2.041791997188138405e-02 3.410723546178019705e-02 1.411819913918268277e-01 7.530729683717343054e-03 0.000000000000000000e+00 0.000000000000000000e+00 3.571918458406033586e-02 0.000000000000000000e+00 0.000000000000000000e+00 1.382462261462667069e-02 7.050307005527026161e-02
2.553340255340656381e-02 4.131490619276128456e-02 0.000000000000000000e+00 1.504131497686054253e-01 6.615501733203438262e-02 1.310988814663282265e-01 0.000000000000000000e+00 0.000000000000000000e+00 1.797288362913797288e-01 1.499195865064784638e-01 1.104893439645593806e-01 2.219956657625971053e-02 4.518968543195960377e-03 1.166395460574123910e-02 0.000000000000000000e+00 1.657644992341529566e-02 0.000000000000000000e+00 0.000000000000000000e+00 9.038793627583427415e-02 0.000000000000000000e+00
2.291364745018644941e-02 1.324661223743843763e-01 0.000000000000000000e+00 0.000000000000000000e+00 4.160985629849062173e-02 1.441617903292211622e-01 7.717967198519376341e-03 1.223048441778366718e-01 5.871843802169605248e-02 8.708736246098255918e-02 0.000000000000000000e+00 0.000000000000000000e+00 1.041597008998600832e-01 0.000000000000000000e+00 0.000000000000000000e+00 5.697883859532319392e-03 0.000000000000000000e+00 1.301454792485693956e-01 1.373717495148693013e-01 5.645158165851692569e-03
1.668291368398736318e-01 5.335468164928267726e-02 9.273219079948437707e-03 0.000000000000000000e+00 1.432861797135934721e-02 1.477645098861727346e-01 4.843499071240433065e-03 0.000000000000000000e+00 2.272116843516031881e-01 2.706970062104780902e-03 5.482798257541001211e-03 0.000000000000000000e+00 0.000000000000000000e+00 4.387368105632519222e-02 0.000000000000000000e+00 1.285212161132845976e-01 0.000000000000000000e+00 1.654566578589759529e-01 0.000000000000000000e+00 3.035332780228780503e-02
0.000000000000000000e+00 1.441256342755734832e-01 3.447173695986602976e-02 3.765272211711420593e-03 0.000000000000000000e+00 0.000000000000000000e+00 1.887321521386806089e-01 7.334098142982585673e-03 2.068775878983316607e-01 9.101667643174900235e-02 3.825779183846794024e-02 1.269495037760982881e-01 0.000000000000000000e+00 1.282808824713097262e-01 1.513483378442515882e-02 0.000000000000000000e+00 5.168329596678638074e-03 0.000000000000000000e+00 9.885500474125379772e-03 0.000000000000000000e+00
1.575426608806785034e-01 6.472306574553993164e-02 1.141100160902116037e-02 1.661160120737565915e-01 0.000000000000000000e+00 3.739379034608601715e-02 0.000000000000000000e+00 1.361543043611762593e-01 0.000000000000000000e+00 0.000000000000000000e+00 0.000000000000000000e+00 3.087630415934656813e-01 0.000000000000000000e+00 0.000000000000000000e+00 2.494903288521256243e-02 0.000000000000000000e+00 9.294709050506334835e-02 0.000000000000000000e+00 0.000000000000000000e+00 0.000000000000000000e+00
1.518904362635234151e-01 1.290732097906977516e-01 0.000000000000000000e+00 0.000000000000000000e+00 0.000000000000000000e+00 1.371325340565889839e-01 0.000000000000000000e+00 2.849829226446417077e-02 6.859417537697439123e-03 7.903158584620575966e-02 6.231753575603366652e-02 1.228867454101984641e-01 0.000000000000000000e+00 0.000000000000000000e+00 0.000000000000000000e+00 4.257934826126036354e-02 0.000000000000000000e+00 0.000000000000000000e+00 8.107198989275213319e-02 1.586589049205777147e-01
3.514494751747165857e-02 2.451302805250949249e-02 0.000000000000000000e+00 1.977253769167442166e-01 1.496415797611195808e-01 1.290629784913517250e-02 1.339501710447147387e-01 3.014206161024087795e-04 0.000000000000000000e+00 3.754802307236323328e-02 2.819240168092932222e-02 2.143963615153639812e-01 6.704512868206790460e-03 0.000000000000000000e+00 0.000000000000000000e+00 0.000000000000000000e+00 7.271341121882575389e-04 1.412852912766689173e-01 0.000000000000000000e+00 1.696345371648237677e-02
2.208295040094201689e-01 6.447476512217139091e-03 6.630649873433101804e-02 0.000000000000000000e+00 2.981880685648460177e-02 2.335498282795111374e-02 3.077384900441120993e-02 0.000000000000000000e+00 2.825408676161285035e-02 1.210740182523829395e-01 0.000000000000000000e+00 1.275679679614027673e-01 0.000000000000000000e+00 1.111077716144039627e-02 1.134554085326139050e-01 0.000000000000000000e+00 0.000000000000000000e+00 1.261319517502428877e-01 9.344045339851421786e-03 8.553062629563767949e-02
3.527702712856614631e-02 2.118130884260042146e-01 0.000000000000000000e+00 0.000000000000000000e+00 6.055438948569497916e-03 9.108033537168427549e-03 0.000000000000000000e+00 1.996043809428507329e-02 0.000000000000000000e+00 8.579072198469553379e-03 5.340926371097081543e-02 1.556464268596606526e-01 0.000000000000000000e+00 0.000000000000000000e+00 0.000000000000000000e+00 6.552118418428468094e-02 6.266113358985130055e-02 1.479780529566298297e-01 4.428096719609494331e-02 1.797098731694447282e-01
3.152738025547103477e-03 2.367193760836996952e-01 4.710245278198867645e-03 1.303946107746699057e-01 0.000000000000000000e+00 1.919372336742844187e-01 0.000000000000000000e+00 0.000000000000000000e+00 2.010747715501385313e-01 2.304756241114415058e-02 0.000000000000000000e+00 6.976981338944433786e-02 3.964774716796639481e-02 6.398277192421484086e-03 8.996920850074449638e-02 0.000000000000000000e+00 0.000000000000000000e+00 3.178415951740501920e-03 0.000000000000000000e+00 0.000000000000000000e+00
1.316673785317411249e-01 7.442035922618253641e-02 0.000000000000000000e+00 0.000000000000000000e+00 1.135252440214499364e-01 0.000000000000000000e+00 0.000000000000000000e+00 0.000000000000000000e+00 1.776034551287628827e-01 1.192300584200683966e-01 0.000000000000000000e+00 1.285144467297625881e-01 0.000000000000000000e+00 0.000000000000000000e+00 0.000000000000000000e+00 1.436952983899785763e-01 4.285058492886183699e-03 9.724742921003443064e-02 9.811271849133310421e-03 0.000000000000000000e+00
1.298274897398009288e-03 1.249564342866822664e-01 2.075241890200214476e-02 1.288236019257185325e-02 1.607307190360849070e-01 1.198717608705285737e-01 2.916731995797659793e-02 2.446967972783228515e-02 4.587227604330035291e-02 1.051601307055272938e-01 1.473933738939514626e-01 1.471617729466100088e-01 0.000000000000000000e+00 0.000000000000000000e+00 0.000000000000000000e+00 4.881075768452623753e-02 1.147272085500807351e-02 0.000000000000000000e+00 0.000000000000000000e+00 0.000000000000000000e+00
1.710398973142059353e-01 1.689517975486995172e-01 0.000000000000000000e+00 2.670325770931554210e-01 2.540485590481761022e-02 0.000000000000000000e+00 0.000000000000000000e+00 0.000000000000000000e+00 2.985910468184261313e-01 1.114927369991129506e-02 0.000000000000000000e+00 0.000000000000000000e+00 0.000000000000000000e+00 0.000000000000000000e+00 0.000000000000000000e+00 0.000000000000000000e+00 0.000000000000000000e+00 5.783055162078420963e-02 0.000000000000000000e+00 0.000000000000000000e+00
