8.373006627869020169e-02 1.201441270461273136e-01 2.115135521506307948e-03 2.894877916068386639e-03 9.421899215429638610e-03 2.464490594060237370e-03 1.608611963718984683e-01 0.000000000000000000e+00 1.816088225717689408e-02 1.247648553580544412e-02 0.000000000000000000e+00 0.000000000000000000e+00 4.085661659770831872e-02 8.086102229913058603e-03 1.625261803100353786e-01 4.375063230080492309e-04 1.562365606719333735e-02 1.484415131644650429e-02 2.166320141493488158e-03 5.589873279372325164e-03 3.673422039022861130e-02 8.889017356354014365e-04 1.232119653600206033e-01 5.992482734907600417e-02 1.168405181631058942e-01
1.198530500490391365e-01 2.235831649995283499e-01 1.275910249382987416e-01 1.037123655293891583e-02 1.253116863999402808e-01 0.000000000000000000e+00 3.882293238710451261e-02 0.000000000000000000e+00 1.400312208698039664e-03 3.027630100853447720e-02 3.297836723383068785e-04 1.356317354401560538e-01 6.082584244175360741e-03 8.310637347057061534e-04 5.423283679183154432e-02 4.815896152055194890e-03 1.446768538470436481e-02 8.859923299299314603e-02 1.611636978840206430e-02 0.000000000000000000e+00 0.000000000000000000e+00 0.000000000000000000e+00 1.376404439281243668e-03 0.000000000000000000e+00 3.066988152746249335e-04
1.817492455572508256e-02 9.668330601503062616e-02 2.449107617523968005e-03 3.289659279302374422e-04 9.478414248333167508e-03 1.112137080313756882e-01 1.189407987347968487e-01 1.457311980170958587e-01 0.000000000000000000e+00 2.839352661405101369e-02 0.000000000000000000e+00 6.556622319415028599e-02 1.353312471898054647e-01 1.594917145238575890e-02 2.673796477483053602e-02 0.000000000000000000e+00 2.056687307171028295e-02 2.002607075806386167e-02 1.356029395581213968e-03 1.309500985364926706e-01 6.138114329634028910e-05 6.652765041430446467e-03 0.000000000000000000e+00 1.710161209893315808e-03 4.369806447049736503e-02
1.397442523079822467e-02 1.567112482727104628e-01 4.497574118253415583e-03 0.000000000000000000e+00 5.268436643462777458e-02 2.224923904149893154e-03 1.488066291281451015e-01 1.410492374816847971e-01 4.484026316535503348e-02 0.000000000000000000e+00 0.000000000000000000e+00 1.635764130564614782e-01 1.064015250283636971e-01 6.860521096493844666e-03 5.102823046048616563e-03 5.539824288124759778e-03 1.606883234352123133e-03 8.712773993580645582e-02 0.000000000000000000e+00 3.331406479778326740e-02 0.000000000000000000e+00 7.220830614556732890e-03 3.370737442604800310e-04 3.743240604358385060e-03 1.438039281766554864e-02
0.000000000000000000e+00 2.055648108368961224e-01 1.320812886246393748e-03 8.293804774293091989e-04 1.642453958127586544e-01 0.000000000000000000e+00 2.931389080804186822e-02 1.558833645511817911e-01 0.000000000000000000e+00 1.253698242380471735e-02 0.000000000000000000e+00 5.956813548597510166e-02 1.143971709369395601e-01 1.150544133146061410e-01 2.925254084407388072e-02 0.000000000000000000e+00 0.000000000000000000e+00 2.058780902398350821e-02 5.830973017647569749e-03 3.168723022746015860e-02 0.000000000000000000e+00 0.000000000000000000e+00 1.863201199810652839e-02 3.529507735484872094e-02 0.000000000000000000e+00
7.415848000984402721e-02 5.287836641162358547e-02 1.477578386283503187e-01 3.690779224842170858e-02 1.795921195946319215e-01 2.148099637195563169e-02 5.809234759154297510e-03 1.345909134521898476e-01 0.000000000000000000e+00 4.884718354048884527e-03 2.468607781538689067e-03 1.582046433043944322e-01 3.478379501202714073e-03 0.000000000000000000e+00 2.010013407224886528e-02 0.000000000000000000e+00 4.296305911172425274e-02 3.425756202280806975e-03 0.000000000000000000e+00 1.596110733613586088e-03 4.750150126216626419e-03 0.000000000000000000e+00 1.019855703315129258e-01 6.548280672876046187e-04 2.312300937759323525e-03
2.309734248823248209e-02 3.247006056202794005e-02 3.740168901813055967e-03 0.000000000000000000e+00 3.280155978175537390e-01 1.378965878376862964e-01 2.723830256677620132e-02 3.811942495913106608e-03 1.656824453612932039e-04 5.028834853475715704e-04 6.223845288069352211e-04 8.585602353927832692e-03 1.185560975162171515e-01 4.807544937658189688e-02 1.150292000582117495e-02 0.000000000000000000e+00 3.805835171030940746e-03 7.714239309998005903e-03 0.000000000000000000e+00 3.347680977083851016e-04 0.000000000000000000e+00 4.296481454368526742e-02 6.217039488730673885e-02 2.220364774385408940e-02 1.165252778643497550e-01
1.351999247494550457e-02 1.479584472894127090e-01 0.000000000000000000e+00 2.588589810382245331e-03 1.579688089665618259e-02 2.344668825625960407e-02 1.300897504600271593e-01 6.462486107608088814e-04 1.227642159900548154e-02 1.762446799342171078e-02 0.000000000000000000e+00 4.938501164584070680e-02 5.361107457756363048e-02 2.017706282462701159e-02 1.203551829211086180e-02 5.869381597602221085e-03 1.901199904327198487e-02 1.047328562666230145e-01 1.383468998459288536e-02 1.695469786792330735e-01 1.488231029652653699e-02 3.752436801161811858e-02 1.264258420830090268e-01 1.201296023438728306e-03 7.814123283070803852e-03
0.000000000000000000e+00 0.000000000000000000e+00 3.087425933361048411e-02 2.672546280475901134e-02 2.778952415128395081e-01 6.475192006720228814e-04 1.496254850613797371e-01 1.395346530938632035e-01 1.933983588215404045e-02 1.518428959008708869e-02 0.000000000000000000e+00 1.607632777047563188e-01 1.289962851536370081e-01 0.000000000000000000e+00 0.000000000000000000e+00 1.649252147346092282e-03 3.266965586105423890e-04 3.997630603537189256e-03 0.000000000000000000e+00 1.602233557011701790e-04 0.000000000000000000e+00 1.251582458577414798e-02 2.163774784792863934e-02 5.833552055366514853e-03 4.292763507977312779e-03
1.170579996311050565e-02 2.183289960347383624e-02 3.055521630773134698e-02 1.047166358161862184e-04 4.036027090977948456e-02 4.431896479021132929e-02 1.159503718670125277e-01 4.529285008073515029e-02 7.541271370316121603e-02 2.690393865345157634e-03 0.000000000000000000e+00 7.395667149835288834e-02 5.267535872878607167e-02 1.237546331866452680e-02 4.272983046395197743e-03 6.873689160443337276e-02 1.031615675175635294e-01 0.000000000000000000e+00 2.362827043200321775e-02 2.008064746776637866e-03 2.202178149500356487e-03 1.107817365940583637e-01 1.964112982648498831e-02 1.375101810935749069e-01 8.253057170290950886e-04
1.532779064469115202e-02 1.865717522510273313e-02 1.293568105976792004e-01 3.117757553395505282e-02 3.846849420849390161e-02 2.170864228236539257e-03 0.000000000000000000e+00 1.156637057290669790e-01 9.934173162973916182e-04 6.139568280172525566e-02 0.000000000000000000e+00 1.408477285832114290e-01 1.132371861004494440e-01 1.569849731190199951e-02 0.000000000000000000e+00 0.000000000000000000e+00 1.227626850098630235e-01 1.528468219495620999e-02 0.000000000000000000e+00 1.013692828612172692e-01 6.642069381585109225e-04 1.128912483840035889e-02 1.447962337109991345e-02 4.965854198343910841e-02 1.496924522054420264e-03
5.980648395047665454e-03 1.193343543997902462e-01 5.803035458754345760e-02 8.603600600494715894e-03 1.391956107351306482e-01 0.000000000000000000e+00 1.148059050986347390e-01 1.599516449956018826e-01 1.331996515243255227e-02 3.853781743777808660e-02 0.000000000000000000e+00 1.108295889914632376e-02 1.376864535799806298e-02 9.954768643451719634e-02 5.127260512630910615e-03 2.287153412695460374e-03 9.063839377858980834e-03 0.000000000000000000e+00 0.000000000000000000e+00 2.988274010241490433e-02 1.488441040537000389e-02 0.000000000000000000e+00 2.123480713757981003e-02 1.208128346478704561e-02 1.232793134925472545e-01
1.996367678361000153e-01 1.436682367614454670e-01 2.683248354045494541e-02 3.407120526983888759e-02 1.435333341074704339e-01 0.000000000000000000e+00 1.270928948307091869e-02 1.426055166998554946e-01 4.473877351620359800e-03 3.934432060192070285e-02 0.000000000000000000e+00 3.349894897663774655e-04 3.980476631610072036e-02 3.052944698422671924e-02 1.694322624119692575e-02 0.000000000000000000e+00 4.993321002337665002e-04 0.000000000000000000e+00 1.416580412768735954e-02 6.540548107993831954e-03 0.000000000000000000e+00 3.028512830283539101e-03 2.813138971180142566e-03 7.647704108074964736e-03 1.308174990714785213e-01
1.377876430453981414e-02 1.255573550304846520e-01 7.061551222394456262e-02 2.697012665057850131e-02 1.101539640656712671e-01 1.361046918865234934e-01 6.902716650513399804e-03 1.367906659931536310e-02 0.000000000000000000e+00 1.072032080437438717e-03 0.000000000000000000e+00 2.221753910249633923e-02 6.763081802425809086e-02 5.727164389988722432e-02 3.117818064307081860e-02 6.515840506326390060e-04 6.523997874998323926e-04 1.126216806385892284e-03 6.222298182911749354e-03 5.011099608142830777e-04 4.868473974966820716e-03 2.262801461343627932e-02 1.508502425499532729e-01 1.042695979350695065e-02 1.189402891181712690e-01
2.446970314340743240e-03 5.776382317645668146e-02 5.708082042228032442e-03 1.660748660267746162e-03 5.071742352366741258e-02 0.000000000000000000e+00 7.748722669674258309e-04 1.266659115692682636e-01 1.791111348045447763e-02 0.000000000000000000e+00 0.000000000000000000e+00 2.590294616990022614e-01 1.359089352011684515e-01 0.000000000000000000e+00 0.000000000000000000e+00 1.777845693756738982e-02 2.472603818586294883e-02 1.208910311548235944e-01 0.000000000000000000e+00 3.555431361694125214e-02 1.472768722042865118e-03 2.615083731646600761e-03 1.960676235684884194e-02 1.118713569625197878e-02 1.075810676641930363e-01
3.280120787562667293e-04 0.000000000000000000e+00 1.563925353140187269e-01 7.137956709103125165e-03 2.513021800947566886e-01 8.350737356191796981e-03 6.277020436758594391e-02 3.681451817409581075e-03 2.212645146112553543e-02 1.301340965829188463e-02 0.000000000000000000e+00 1.496797693427155684e-01 2.607445811958096146e-02 1.064631451184482047e-01 1.459534329149414847e-02 0.000000000000000000e+00 1.172535491699920433e-02 1.054451866327306281e-01 1.494159256482603063e-03 1.723526750804978483e-02 0.000000000000000000e+00 0.000000000000000000e+00 4.604781487520296333e-03 2.043439488561703613e-02 1.714520058312192161e-02
5.873205150856035395e-03 3.990829102221598451e-02 2.595916508062870443e-01 6.589120750064023438e-03 1.728025974235705697e-02 0.000000000000000000e+00 3.207546975678435535e-03 1.418732937523371762e-01 0.000000000000000000e+00 4.728131166462846979e-02 0.000000000000000000e+00 3.600382145204839100e-03 2.319056122390355384e-02 5.193081965835707851e-03 6.670107391672912278e-02 0.000000000000000000e+00 8.700581348947415694e-02 9.861675428947494146e-03 9.891178667061198415e-02 2.701714810298011527e-02 1.178987624184470867e-03 2.081343413413926091e-02 3.858900543655566923e-02 0.000000000000000000e+00 9.633236999700935110e-02
7.251229965504311925e-02 9.342557992503937314e-02 3.646944501337803096e-02 1.265651270096400938e-01 5.802251592696081040e-02 9.615431625066724747e-03 1.230064344080093958e-03 1.399911589486779462e-01 6.208609031867152496e-03 2.620071337268887589e-03 2.591425338469999489e-03 1.372450664079686855e-01 1.109998794999997873e-01 8.451234762992882593e-03 6.598864862503189821e-02 5.044300436325327257e-03 0.000000000000000000e+00 1.122479181349713903e-03 5.922408480333085472e-03 1.703840754095514720e-02 0.000000000000000000e+00 0.000000000000000000e+00 1.886623511072507480e-03 0.000000000000000000e+00 9.704922339847871227e-02
1.178635921231611094e-01 1.263706776686033539e-01 2.518564629974794772e-02 6.650470678343751519e-04 1.646569358506624892e-02 3.747719945122283958e-02 1.329388443129382591e-02 1.012013687085365626e-01 6.628765100016195677e-02 7.098303148295957710e-02 1.250073590641734940e-03 3.717938373084871215e-03 1.363763466589830269e-02 1.310911601423103180e-02 1.493371764950666425e-01 0.000000000000000000e+00 1.665909158781333599e-04 0.000000000000000000e+00 0.000000000000000000e+00 1.867097514601369357e-02 3.348602650229263317e-02 1.717082215070156329e-03 8.583430687478302984e-03 5.822729871949845759e-02 1.223028648562582560e-01
1.177298687239976965e-01 1.359427665966541840e-02 8.037555097522652847e-02 4.553212668687223706e-03 3.112265203830921236e-03 1.594573563892720178e-04 3.262102682114028512e-02 1.523556795443806733e-01 1.153443590845505337e-02 1.025418439647814671e-02 0.000000000000000000e+00 4.546511401181722541e-04 6.781044552178219775e-02 9.004441519253508427e-03 1.533250287124897360e-01 0.000000000000000000e+00 5.259595866804640113e-02 7.752716693652479674e-02 0.000000000000000000e+00 1.163524769610165075e-03 1.733323793838300111e-02 0.000000000000000000e+00 1.661636648846410991e-02 5.597763467649707891e-02 1.219015853705796015e-01
1.152660756902889605e-01 2.039279495239820772e-02 0.000000000000000000e+00 1.737577722180412608e-03 1.593365685075117943e-01 1.963049855210004507e-03 2.299800371049441280e-02 1.456243188585398252e-01 1.295480376270827585e-02 1.487881777014042096e-02 0.000000000000000000e+00 1.788307791956955106e-01 5.377428993925605777e-02 1.384600750721905020e-02 1.218014447732182134e-02 0.000000000000000000e+00 9.435570138188779932e-02 1.125575353409256490e-01 9.826082861316887476e-03 8.897049110018217383e-03 2.301836218248701042e-03 1.496837495034638059e-03 8.422253969856068057e-03 5.408650071897759537e-03 2.950821601849485352e-03
6.603849505355666779e-04 2.992059381524861741e-02 9.683861058321305282e-02 9.109322424119972728e-02 9.198489088691518337e-03 1.036153112642703017e-01 7.089970297688592653e-03 1.124110837892206144e-01 5.897896330503608550e-03 5.018121564004791174e-02 0.000000000000000000e+00 7.852969495569089853e-02 3.800672818988215518e-02 1.102054147590735868e-02 4.492541266772413083e-02 1.614874177299508058e-03 8.707154949072061327e-04 1.081095364736913700e-01 1.437780621553192903e-02 2.431338719063714376e-02 4.581761494414882466e-03 6.478296451810141091e-03 1.041670765575791920e-02 3.290303878686160616e-02 1.169447187692641138e-01
4.877398209746294788e-04 1.127429836476018070e-02 1.315563935874324852e-01 1.690756311673620449e-02 5.294651136891885546e-02 2.611991504499809255e-02 2.422228778450500469e-03 2.502711755096812332e-02 1.711368708794202068e-02 1.935689527292833948e-03 0.000000000000000000e+00 4.458883534952806649e-02 7.656440135189403196e-02 2.501831324038964431e-03 3.072993505297218486e-01 9.353151892007806247e-04 1.013763529193001389e-01 0.000000000000000000e+00 9.318451262612369732e-04 1.125846155563394180e-01 0.000000000000000000e+00 1.772286685522919680e-02 4.772560304108528634e-02 1.977838508927216767e-03 0.000000000000000000e+00
2.112322011985423749e-03 1.559576394112060782e-01 1.285498919284712716e-01 1.192932100300625117e-02 1.756056115922579458e-02 2.623766893503589465e-02 4.418230914344276755e-02 1.341006108561194621e-01 9.303057162567893168e-03 3.108850480481282694e-02 0.000000000000000000e+00 3.182926839556080578e-01 8.644735698778793775e-02 8.280406298077422475e-04 0.000000000000000000e+00 9.874312554224639812e-04 0.000000000000000000e+00 8.729122635822985157e-03 0.000000000000000000e+00 8.797595755572021683e-03 0.000000000000000000e+00 0.000000000000000000e+00 2.477088328495147002e-03 0.000000000000000000e+00 1.241879403560996499e-02
1.082145672694719875e-02 6.829981074774012229e-03 4.199343803999115721e-02 0.000000000000000000e+00 2.707411066344565520e-01 0.000000000000000000e+00 0.000000000000000000e+00 1.427688043957923703e-01 2.304465765872347211e-03 8.192050638463075143e-03 0.000000000000000000e+00 1.959916936874384064e-01 9.837489372953715783e-02 1.172395511028061221e-01 2.016913379420979396e-02 0.000000000000000000e+00 0.000000000000000000e+00 0.000000000000000000e+00 1.313976075078210348e-02 4.982505690325103424e-04 0.000000000000000000e+00 0.000000000000000000e+00 6.141813785669635734e-02 0.000000000000000000e+00 9.517275233201054341e-03
