0.000000000000000000e+00 5.233742444767964207e-03 1.192761421418578847e-02 8.971286706773275513e-03 1.213150319975201813e-01 0.000000000000000000e+00 8.201067619108540208e-02 1.136516396050728794e-01 0.000000000000000000e+00 4.894551488902615377e-02 0.000000000000000000e+00 1.573799023930663454e-01 0.000000000000000000e+00 4.264929621017069655e-02 6.115224387827484370e-02 0.000000000000000000e+00 0.000000000000000000e+00 4.981349725875972023e-02 0.000000000000000000e+00 0.000000000000000000e+00 1.198200381102403067e-02 4.026276705569735437e-02 1.006237538455615060e-01 0.000000000000000000e+00 1.440810294990139684e-01
0.000000000000000000e+00 4.146193636380027941e-02 0.000000000000000000e+00 1.319336574023809439e-01 0.000000000000000000e+00 1.731265159726996100e-02 4.474360837647223949e-02 0.000000000000000000e+00 0.000000000000000000e+00 1.081192177532874915e-01 5.514295851914717377e-03 8.049962151074473160e-02 0.000000000000000000e+00 1.246522617503682991e-02 1.677157746340766087e-01 0.000000000000000000e+00 0.000000000000000000e+00 6.575030451927378616e-02 0.000000000000000000e+00 0.000000000000000000e+00 2.703015887148880851e-03 0.000000000000000000e+00 7.438678841788433013e-03 1.802546643194522236e-01 1.340873467673529829e-01
7.412617593252809889e-02 2.244625190418181870e-01 0.000000000000000000e+00 1.424145768133668333e-01 6.159290527682042410e-02 0.000000000000000000e+00 4.089689690901333885e-02 4.417987502642613251e-02 2.609231173012034003e-03 9.801072613623129648e-02 1.289582375228350355e-02 3.261099701757800900e-04 0.000000000000000000e+00 0.000000000000000000e+00 5.835596124513546534e-02 0.000000000000000000e+00 4.091674837547925984e-03 4.594676170421964356e-02 0.000000000000000000e+00 1.789997404169271777e-02 0.000000000000000000e+00 2.888270609654215205e-03 0.000000000000000000e+00 1.527353299677577936e-01 1.656718756231653766e-02
9.122871808714301534e-02 1.223718814678144973e-01 9.088282323171740715e-03 0.000000000000000000e+00 4.316127522345401119e-02 2.611474522861871594e-02 0.000000000000000000e+00 0.000000000000000000e+00 0.000000000000000000e+00 0.000000000000000000e+00 3.047955378789327791e-03 1.109170262016077324e-01 0.000000000000000000e+00 3.581345129835578761e-02 1.170105834149570145e-01 0.000000000000000000e+00 0.000000000000000000e+00 0.000000000000000000e+00 5.773130531391978265e-02 1.495161739964197094e-02 0.000000000000000000e+00 0.000000000000000000e+00 4.973684975266796926e-03 2.662173065285324269e-01 9.737216715872713813e-02
0.000000000000000000e+00 8.600825292789080617e-03 1.356628255256120963e-01 3.833092369300689084e-02 9.428321896868450958e-03 0.000000000000000000e+00 1.176942467394548886e-01 0.000000000000000000e+00 4.101652322058720740e-03 9.532688734533939848e-03 0.000000000000000000e+00 1.382809283124387945e-01 0.000000000000000000e+00 2.918252113278605939e-02 1.821680813056644754e-01 0.000000000000000000e+00 0.000000000000000000e+00 2.807331235854962359e-02 1.806923958606605762e-02 3.096989721451939067e-03 8.917839812114849996e-02 0.000000000000000000e+00 1.070895377568956836e-02 1.620120376590776234e-01 1.587805382280334937e-02
8.564568690497721681e-02 1.297975712180707841e-01 0.000000000000000000e+00 1.962433644843917038e-02 6.605604072017053942e-03 0.000000000000000000e+00 1.763237904682650806e-02 1.400166629032620624e-01 1.914518717528918695e-02 1.515601381651835444e-01 0.000000000000000000e+00 5.531639484245375049e-02 0.000000000000000000e+00 0.000000000000000000e+00 4.549143833756536665e-02 0.000000000000000000e+00 0.000000000000000000e+00 0.000000000000000000e+00 0.000000000000000000e+00 3.099812681981555310e-02 0.000000000000000000e+00 0.000000000000000000e+00 1.333925266588563141e-01 1.272832381638981381e-01 3.749070924334522298e-02
1.243314102106760945e-02 0.000000000000000000e+00 9.369570392658345404e-02 5.950819202310147354e-02 1.391375679727587522e-01 0.000000000000000000e+00 1.925205627918307599e-02 0.000000000000000000e+00 0.000000000000000000e+00 0.000000000000000000e+00 0.000000000000000000e+00 0.000000000000000000e+00 0.000000000000000000e+00 0.000000000000000000e+00 3.345939318987886102e-01 0.000000000000000000e+00 0.000000000000000000e+00 0.000000000000000000e+00 4.780895303261346006e-03 0.000000000000000000e+00 0.000000000000000000e+00 8.811915466072895581e-03 0.000000000000000000e+00 2.964366176922631491e-01 3.134997841691974235e-02
9.007844488804759783e-03 1.118182526057981963e-01 1.960103242820299477e-02 6.408346387026626900e-02 6.945255247495495110e-02 0.000000000000000000e+00 2.754774513051803236e-02 0.000000000000000000e+00 0.000000000000000000e+00 1.167695964866402730e-01 0.000000000000000000e+00 4.501196678683330732e-02 0.000000000000000000e+00 0.000000000000000000e+00 1.868981842801882287e-01 1.095394038499368783e-01 4.250438464495439120e-03 0.000000000000000000e+00 5.563915985994982022e-02 0.000000000000000000e+00 0.000000000000000000e+00 0.000000000000000000e+00 3.382668002685283032e-02 1.449766902011016267e-01 1.576989045456380842e-03
2.745043772694635495e-02 1.014596021390502395e-01 2.738234364363246673e-02 8.683096685618830329e-03 1.987967491872773274e-02 0.000000000000000000e+00 1.112800691313726303e-01 9.346712663009811017e-02 0.000000000000000000e+00 5.952285641649216266e-03 0.000000000000000000e+00 0.000000000000000000e+00 8.983652016946596860e-03 0.000000000000000000e+00 1.822312837761266846e-01 8.434229928338997373e-03 1.227069040074220824e-01 5.815108878819754551e-02 0.000000000000000000e+00 0.000000000000000000e+00 0.000000000000000000e+00 0.000000000000000000e+00 9.167914684122337177e-02 1.052208907366630197e-01 2.703816738798606178e-02
6.474097001308436183e-02 0.000000000000000000e+00 0.000000000000000000e+00 1.372650500694449216e-01 0.000000000000000000e+00 0.000000000000000000e+00 1.208246856222203597e-01 5.442986619518855318e-02 3.457600766438598955e-02 5.322666772384476719e-02 0.000000000000000000e+00 0.000000000000000000e+00 0.000000000000000000e+00 2.005519247515666695e-02 2.006844522589683044e-01 0.000000000000000000e+00 0.000000000000000000e+00 0.000000000000000000e+00 0.000000000000000000e+00 0.000000000000000000e+00 0.000000000000000000e+00 0.000000000000000000e+00 0.000000000000000000e+00 1.486387311409202161e-01 1.655583768367859809e-01
0.000000000000000000e+00 6.094549989530052836e-03 1.353465968066759340e-01 0.000000000000000000e+00 0.000000000000000000e+00 1.054903653459823704e-01 9.917204387550433708e-02 6.801031365212957536e-02 2.905801611857324052e-02 1.795222873925143500e-02 4.942797467492372580e-03 1.260122246936158652e-01 0.000000000000000000e+00 0.000000000000000000e+00 1.676144954662058262e-01 1.024011733588502636e-02 6.223293960141482173e-02 0.000000000000000000e+00 3.008184418551050968e-02 0.000000000000000000e+00 4.134352155539024361e-03 3.432886953979120753e-04 6.076879944602971845e-02 2.086845836135109433e-02 5.163656806391087040e-02
0.000000000000000000e+00 0.000000000000000000e+00 1.414808997186251527e-01 0.000000000000000000e+00 2.322543864774325728e-01 0.000000000000000000e+00 0.000000000000000000e+00 0.000000000000000000e+00 0.000000000000000000e+00 0.000000000000000000e+00 0.000000000000000000e+00 3.463141014985385985e-02 0.000000000000000000e+00 0.000000000000000000e+00 2.426601442552612786e-01 1.100370860140850171e-01 0.000000000000000000e+00 2.810356716347513911e-02 1.679321950866809465e-01 0.000000000000000000e+00 0.000000000000000000e+00 0.000000000000000000e+00 0.000000000000000000e+00 3.026124487990949907e-02 1.263906625467655330e-02
2.011151001533782179e-01 8.075455762029334905e-02 0.000000000000000000e+00 1.681504933822464687e-01 1.240664270952482676e-02 2.499170140721919398e-02 4.140180012599361387e-02 3.086323441097139908e-02 2.291569369766710117e-03 1.345125489507310694e-02 0.000000000000000000e+00 4.428327569226704619e-02 0.000000000000000000e+00 8.202690877850042986e-03 5.317809804325678014e-02 0.000000000000000000e+00 0.000000000000000000e+00 1.270797869597948826e-01 1.510417714435653980e-01 0.000000000000000000e+00 0.000000000000000000e+00 0.000000000000000000e+00 0.000000000000000000e+00 5.996569064015063420e-03 3.479145384478405517e-02
1.272442691050531226e-02 0.000000000000000000e+00 0.000000000000000000e+00 2.252067688775981347e-02 1.291048238632974410e-01 0.000000000000000000e+00 5.991503058952511035e-02 8.683859108107159011e-03 0.000000000000000000e+00 4.523106187246742071e-02 0.000000000000000000e+00 7.882380113996373394e-02 0.000000000000000000e+00 0.000000000000000000e+00 1.447269241829870767e-01 0.000000000000000000e+00 0.000000000000000000e+00 2.327323152811698603e-02 1.746891861328998263e-01 0.000000000000000000e+00 0.000000000000000000e+00 0.000000000000000000e+00 1.163453876479903920e-01 6.632067362745333594e-02 1.176409165089264963e-01
1.127727211360987636e-02 0.000000000000000000e+00 1.077210402865798750e-01 0.000000000000000000e+00 4.032031174265231915e-02 5.740213325048776349e-02 1.482897619818935794e-02 1.334536739080347811e-01 0.000000000000000000e+00 4.992093019765023870e-02 0.000000000000000000e+00 1.520865657590672604e-01 1.074334736678739764e-02 7.126442014785847046e-02 1.283332683197046555e-02 0.000000000000000000e+00 9.710698074941813418e-03 1.673330354849381432e-02 0.000000000000000000e+00 6.092770239353737655e-02 0.000000000000000000e+00 2.836669081679936248e-03 0.000000000000000000e+00 1.573092936516197193e-01 9.063033544683958553e-02
0.000000000000000000e+00 0.000000000000000000e+00 1.424548185139842826e-01 0.000000000000000000e+00 1.250484329548635642e-01 0.000000000000000000e+00 0.000000000000000000e+00 0.000000000000000000e+00 0.000000000000000000e+00 1.398024173627555877e-02 0.000000000000000000e+00 2.124822394113774771e-02 0.000000000000000000e+00 0.000000000000000000e+00 1.662804313049896510e-01 0.000000000000000000e+00 0.000000000000000000e+00 3.710947130159682975e-03 0.000000000000000000e+00 0.000000000000000000e+00 1.891397092981515066e-02 8.416879000585668347e-02 1.512684207528042744e-02 2.711298930820991160e-01 1.379374083255380801e-01
2.560982576383325632e-02 2.465293220666975316e-02 2.453926846120191296e-02 0.000000000000000000e+00 1.105612295712624232e-01 3.377168421024537293e-02 0.000000000000000000e+00 0.000000000000000000e+00 1.366101421579746797e-03 1.818248891731918948e-01 0.000000000000000000e+00 1.161015349631913246e-01 0.000000000000000000e+00 4.044933162136495758e-02 2.454952357146568398e-01 0.000000000000000000e+00 1.346457177822950324e-01 0.000000000000000000e+00 0.000000000000000000e+00 0.000000000000000000e+00 0.000000000000000000e+00 0.000000000000000000e+00 3.154941481099638595e-02 2.555826815693632709e-02 3.874566142574780402e-03
4.476869569558209611e-02 0.000000000000000000e+00 8.003458972119174841e-02 1.246657300349328888e-02 0.000000000000000000e+00 5.466154151238124649e-04 1.293334627850332152e-01 1.130633202644621693e-01 1.672424350725859642e-03 5.828952827765393647e-03 0.000000000000000000e+00 1.477433292851534630e-01 7.027740380939425172e-03 0.000000000000000000e+00 1.972996164119976692e-01 1.684153479541597442e-02 5.234182733756988226e-02 2.305723205613171970e-04 1.459803617718429813e-01 0.000000000000000000e+00 0.000000000000000000e+00 4.722503076992986930e-03 9.842369391997020031e-03 0.000000000000000000e+00 3.025551116415183678e-02
7.554011279952259350e-02 1.540739856473413438e-01 9.654002059588460971e-03 0.000000000000000000e+00 3.234054539812374063e-02 0.000000000000000000e+00 4.068738164813806568e-02 9.443026715357355494e-02 0.000000000000000000e+00 9.173103536738874686e-02 0.000000000000000000e+00 0.000000000000000000e+00 0.000000000000000000e+00 0.000000000000000000e+00 8.418434568789157080e-02 0.000000000000000000e+00 0.000000000000000000e+00 0.000000000000000000e+00 0.000000000000000000e+00 0.000000000000000000e+00 0.000000000000000000e+00 8.693743080946683688e-02 1.189236977930165778e-01 5.279597072956734860e-02 1.587012249063811109e-01
0.000000000000000000e+00 0.000000000000000000e+00 4.721368522417424690e-02 0.000000000000000000e+00 9.562051654420981872e-02 0.000000000000000000e+00 2.410408280241123358e-02 0.000000000000000000e+00 0.000000000000000000e+00 1.422562875780096214e-01 0.000000000000000000e+00 2.128955811319478003e-02 0.000000000000000000e+00 2.002239568580741619e-02 2.068490811339772917e-01 0.000000000000000000e+00 0.000000000000000000e+00 4.430772930705001444e-02 5.499939512753060193e-03 5.498157754548613739e-03 0.000000000000000000e+00 3.780586878364079750e-02 0.000000000000000000e+00 1.200478742621120393e-01 2.294848232981110125e-01
2.929904942092535769e-02 2.571170633158487151e-02 0.000000000000000000e+00 2.967915326877468285e-02 2.848447159634540440e-02 1.234937756083321903e-01 4.126541956357353269e-02 0.000000000000000000e+00 0.000000000000000000e+00 3.624279539455668026e-02 0.000000000000000000e+00 9.907692008158489050e-02 2.103646950360572518e-02 1.737410856249118479e-02 1.609622761327384466e-01 3.770782763057220575e-03 0.000000000000000000e+00 0.000000000000000000e+00 5.056959775493748144e-02 3.098267375315619937e-02 0.000000000000000000e+00 9.154513469311641172e-02 1.291365382537662532e-01 5.370214837761618648e-02 2.766697893983727230e-02
7.861161843905425939e-02 8.257448149779231250e-02 2.106611174012484530e-02 5.216641936743053078e-03 8.543928101235841177e-02 0.000000000000000000e+00 0.000000000000000000e+00 0.000000000000000000e+00 0.000000000000000000e+00 2.127730482997201300e-01 0.000000000000000000e+00 0.000000000000000000e+00 0.000000000000000000e+00 1.425088256294236404e-02 2.530721077897006843e-01 0.000000000000000000e+00 5.653597259427873070e-03 1.057832128452099001e-02 1.945054178071827997e-02 0.000000000000000000e+00 0.000000000000000000e+00 1.006593604685558424e-03 1.938215709356549965e-02 6.076868872050866788e-02 1.301559269781370209e-01
3.260088527549023785e-02 0.000000000000000000e+00 0.000000000000000000e+00 1.143964183861532861e-02 0.000000000000000000e+00 0.000000000000000000e+00 1.074141909037959475e-01 0.000000000000000000e+00 7.790903932006152006e-03 8.717497932503041197e-03 1.040880708133717046e-02 1.216308909970876678e-01 0.000000000000000000e+00 0.000000000000000000e+00 1.850847745309313064e-01 4.126557458548675041e-03 0.000000000000000000e+00 3.198953521292800806e-02 1.577284910205131729e-01 0.000000000000000000e+00 0.000000000000000000e+00 8.896881922811028520e-02 1.055902153877617544e-01 1.265087892003712022e-01 0.000000000000000000e+00
3.254368418989315309e-02 2.575248134794346638e-02 9.493458420009147358e-02 0.000000000000000000e+00 1.320307768804412918e-01 0.000000000000000000e+00 0.000000000000000000e+00 0.000000000000000000e+00 0.000000000000000000e+00 3.042196985369812270e-02 0.000000000000000000e+00 0.000000000000000000e+00 0.000000000000000000e+00 0.000000000000000000e+00 2.320857881306526149e-01 0.000000000000000000e+00 0.000000000000000000e+00 2.452326634688360013e-02 2.025639641836470550e-01 3.759780881348304127e-03 0.000000000000000000e+00 0.000000000000000000e+00 0.000000000000000000e+00 1.304395074509398234e-01 9.094419653446082774e-02
3.841984793895154848e-02 8.832416927127285933e-02 0.000000000000000000e+00 6.629761861536628831e-02 1.154474644513065473e-01 0.000000000000000000e+00 6.484239214072654023e-02 0.000000000000000000e+00 0.000000000000000000e+00 9.901970566301249166e-02 0.000000000000000000e+00 1.131061838774208433e-01 0.000000000000000000e+00 2.589996682882506063e-02 2.162630919356684223e-01 0.000000000000000000e+00 1.352578750505586264e-02 0.000000000000000000e+00 0.000000000000000000e+00 0.000000000000000000e+00 0.000000000000000000e+00 0.000000000000000000e+00 1.125317572476361265e-02 0.000000000000000000e+00 1.476005960476299561e-01
0.000000000000000000e+00 0.000000000000000000e+00 0.000000000000000000e+00 0.000000000000000000e+00 3.595390342827006216e-04 1.037330323791717766e-03 1.456351813043391397e-01 0.000000000000000000e+00 6.298599655633107045e-03 1.486562567842958371e-02 0.000000000000000000e+00 1.281174174579138292e-01 4.031165550055621459e-03 0.000000000000000000e+00 8.842505215711878030e-02 6.943788232730692400e-02 0.000000000000000000e+00 1.342547653846517530e-01 0.000000000000000000e+00 2.917357284395330139e-02 0.000000000000000000e+00 0.000000000000000000e+00 0.000000000000000000e+00 2.097682803989622813e-01 1.685955878835612709e-01
0.000000000000000000e+00 2.316071948494390076e-01 2.998395838254170123e-02 1.645932193415313924e-02 3.402866197083797423e-02 0.000000000000000000e+00 2.497895293066526232e-02 0.000000000000000000e+00 0.000000000000000000e+00 1.048395428428310211e-01 0.000000000000000000e+00 1.201262402713253880e-01 7.294117515619676431e-03 2.233699905675851777e-02 1.895780011962150124e-01 0.000000000000000000e+00 0.000000000000000000e+00 0.000000000000000000e+00 0.000000000000000000e+00 0.000000000000000000e+00 0.000000000000000000e+00 0.000000000000000000e+00 2.754264913684137395e-02 1.596246298767303173e-01 3.159973003604156505e-02
1.225748714584142668e-02 0.000000000000000000e+00 3.890675598782642082e-03 0.000000000000000000e+00 8.247741327873429895e-02 0.000000000000000000e+00 1.174310054636090728e-01 3.419616821556497460e-02 3.369751676549718328e-02 3.600509681695052838e-02 0.000000000000000000e+00 2.817316216587673842e-03 2.977440056713237179e-02 0.000000000000000000e+00 1.587090215212809408e-01 6.949830843328459740e-02 9.111302653783089674e-04 4.716162153000086343e-02 0.000000000000000000e+00 2.230705744104365118e-02 1.364553362052109767e-02 0.000000000000000000e+00 1.127267351403584278e-01 1.402998214500957297e-01 8.219369052933618580e-02
0.000000000000000000e+00 0.000000000000000000e+00 7.635018467206400317e-02 2.206398927007566513e-01 1.386050000192507181e-01 0.000000000000000000e+00 5.880187851297692669e-02 3.512917595996216304e-03 0.000000000000000000e+00 6.062332889953241447e-03 0.000000000000000000e+00 6.313762391646796091e-02 0.000000000000000000e+00 0.000000000000000000e+00 1.617000372408173847e-01 0.000000000000000000e+00 0.000000000000000000e+00 3.804835247694427630e-02 1.679688572658112611e-02 0.000000000000000000e+00 0.000000000000000000e+00 0.000000000000000000e+00 4.470758522661641421e-02 1.716373090215751185e-01 0.000000000000000000e+00
1.301459447326182642e-02 0.000000000000000000e+00 4.821293438854091368e-02 1.678994714525646956e-02 0.000000000000000000e+00 0.000000000000000000e+00 0.000000000000000000e+00 0.000000000000000000e+00 5.059515302224798679e-03 2.491151409958971413e-02 0.000000000000000000e+00 1.206135007199938963e-01 0.000000000000000000e+00 6.373443820499721454e-03 2.373124847751946764e-01 0.000000000000000000e+00 0.000000000000000000e+00 4.943725055983159457e-03 0.000000000000000000e+00 0.000000000000000000e+00 0.000000000000000000e+00 1.207929421493489780e-01 5.419167998190153185e-02 2.039469168789282139e-01 1.438368012092762493e-01
1.146650958045544906e-02 2.388264637819402167e-02 1.227408007184633762e-02 3.084917248896185127e-02 1.267812138217853379e-01 0.000000000000000000e+00 9.489899112731080971e-03 0.000000000000000000e+00 0.000000000000000000e+00 1.302748591006837042e-01 0.000000000000000000e+00 2.811234437524205015e-02 0.000000000000000000e+00 0.000000000000000000e+00 1.608056409728893243e-01 0.000000000000000000e+00 1.848850765673292623e-02 1.389197396257435893e-02 1.428771010221627225e-01 1.329591424352732643e-01 0.000000000000000000e+00 5.522920186117554267e-03 1.775076464946246432e-03 0.000000000000000000e+00 1.505489123694037090e-01
0.000000000000000000e+00 0.000000000000000000e+00 0.000000000000000000e+00 5.961532795998471246e-02 0.000000000000000000e+00 8.077073347606361642e-02 1.721392629199652025e-01 0.000000000000000000e+00 1.656082134877053316e-02 9.358785576600563150e-02 0.000000000000000000e+00 0.000000000000000000e+00 0.000000000000000000e+00 0.000000000000000000e+00 1.610813253232988296e-01 1.130049881650137256e-01 0.000000000000000000e+00 0.000000000000000000e+00 0.000000000000000000e+00 0.000000000000000000e+00 0.000000000000000000e+00 2.882516703175851125e-02 0.000000000000000000e+00 2.547839880692787662e-01 1.963052993986044367e-02
0.000000000000000000e+00 0.000000000000000000e+00 0.000000000000000000e+00 5.797698236393403204e-02 1.286833501835086546e-01 0.000000000000000000e+00 9.749297988550790356e-03 0.000000000000000000e+00 0.000000000000000000e+00 0.000000000000000000e+00 0.000000000000000000e+00 5.635096002901422707e-02 0.000000000000000000e+00 0.000000000000000000e+00 1.705189896256303350e-01 0.000000000000000000e+00 0.000000000000000000e+00 0.000000000000000000e+00 1.627122734582523156e-01 0.000000000000000000e+00 1.812124008685085663e-02 2.450983355636201372e-02 0.000000000000000000e+00 1.452106395194498190e-01 2.261664331884468415e-01
8.995348475227797624e-02 0.000000000000000000e+00 0.000000000000000000e+00 4.886715128817936162e-03 4.140381459735537756e-02 0.000000000000000000e+00 1.306666997742265968e-01 1.123941968831219246e-01 0.000000000000000000e+00 3.586350785962786475e-02 0.000000000000000000e+00 0.000000000000000000e+00 1.370790896111232123e-02 1.491621045603185210e-02 4.683140877113168427e-02 0.000000000000000000e+00 3.064226861008367483e-02 1.170425809930419891e-01 0.000000000000000000e+00 2.296722315136483228e-02 0.000000000000000000e+00 6.528336706924579846e-02 0.000000000000000000e+00 2.734406129925600060e-01 0.000000000000000000e+00
1.737395722697067033e-02 0.000000000000000000e+00 7.866808534289826405e-02 1.201670309704608447e-01 1.208424658096814291e-01 0.000000000000000000e+00 1.136041683506853681e-02 2.408401665331695585e-02 0.000000000000000000e+00 0.000000000000000000e+00 1.279925002503380822e-02 6.095746134920881909e-02 0.000000000000000000e+00 0.000000000000000000e+00 1.445719234585549906e-01 2.529044262336249682e-02 7.401142700148662101e-02 0.000000000000000000e+00 9.375427145211296526e-03 0.000000000000000000e+00 0.000000000000000000e+00 0.000000000000000000e+00 0.000000000000000000e+00 1.911739457138660336e-01 1.093241498448793703e-01
1.574611638995947888e-02 1.090120677991801394e-02 5.781630376343193517e-02 1.238702318431714883e-02 8.238628054471215656e-02 0.000000000000000000e+00 1.245700584601759781e-01 0.000000000000000000e+00 9.436149146073446320e-03 0.000000000000000000e+00 1.329013113537995047e-02 6.142190322004671688e-03 0.000000000000000000e+00 7.078445905145933081e-03 2.209715405832140822e-01 9.152997238180374251e-02 0.000000000000000000e+00 9.794910539545191933e-03 8.595672590254427965e-04 0.000000000000000000e+00 0.000000000000000000e+00 0.000000000000000000e+00 3.111839027863696951e-03 1.499931563998764261e-01 1.839851081775527586e-01
1.307745485920418053e-02 0.000000000000000000e+00 1.279334779315277892e-01 4.868705390648582140e-03 1.468650822055599103e-01 1.306470939454539015e-03 1.120714898763866818e-01 1.460131304216760219e-02 0.000000000000000000e+00 1.043891399041023960e-01 0.000000000000000000e+00 6.817809956935050320e-02 0.000000000000000000e+00 0.000000000000000000e+00 1.845120375843887772e-01 0.000000000000000000e+00 9.287686536236749307e-03 1.739114861264895104e-02 0.000000000000000000e+00 0.000000000000000000e+00 0.000000000000000000e+00 0.000000000000000000e+00 3.549121423823270449e-02 1.600266793100906249e-01 0.000000000000000000e+00
9.337375693864575360e-03 0.000000000000000000e+00 1.678190042073990969e-03 1.332915874586242241e-03 0.000000000000000000e+00 2.947171617338754934e-03 0.000000000000000000e+00 0.000000000000000000e+00 0.000000000000000000e+00 5.011681929950286690e-02 0.000000000000000000e+00 0.000000000000000000e+00 0.000000000000000000e+00 0.000000000000000000e+00 3.085311287373386224e-01 0.000000000000000000e+00 0.000000000000000000e+00 5.979248883733803005e-02 5.803164980791445521e-02 0.000000000000000000e+00 0.000000000000000000e+00 0.000000000000000000e+00 5.263344676834082886e-02 3.260135789946773666e-01 1.295852343270244011e-01
0.000000000000000000e+00 0.000000000000000000e+00 3.146457609845328823e-02 0.000000000000000000e+00 1.346875326886113056e-01 0.000000000000000000e+00 1.159809515004010111e-01 0.000000000000000000e+00 3.649382986166738174e-02 0.000000000000000000e+00 1.424447523815407755e-02 7.630557359704204234e-02 0.000000000000000000e+00 0.000000000000000000e+00 1.140818644284724570e-01 7.294317367640854033e-02 0.000000000000000000e+00 0.000000000000000000e+00 4.865232564736570592e-02 6.993364171644238930e-03 0.000000000000000000e+00 0.000000000000000000e+00 2.404124846609027519e-02 1.448478678841584599e-01 1.792632167415310895e-01
2.052251683443222230e-02 2.094270579629649992e-02 2.152434554555305093e-02 1.545237706570001812e-02 2.259669396574108795e-03 6.505569692649141277e-03 1.900016844249882986e-01 3.251508780788297387e-02 1.201525436036070954e-02 4.248023181508304991e-02 0.000000000000000000e+00 1.367369708918802496e-01 0.000000000000000000e+00 2.095269862603294647e-03 6.141620791536108598e-02 9.547372200638609696e-02 0.000000000000000000e+00 1.452122365838090234e-01 3.804500751758030982e-03 4.154106125748608866e-03 0.000000000000000000e+00 0.000000000000000000e+00 1.065561934437912273e-03 1.414640618973682928e-01 4.435791929112731236e-02
8.027106609210898913e-02 4.873281346837075867e-02 1.607402033748355982e-02 0.000000000000000000e+00 1.131764271091891400e-01 0.000000000000000000e+00 1.011873248887235760e-01 3.321117386800041815e-02 0.000000000000000000e+00 1.803606587017477503e-01 0.000000000000000000e+00 6.504356029456402621e-02 0.000000000000000000e+00 0.000000000000000000e+00 2.734602956633467308e-01 6.400961610786382559e-03 8.386900982338121521e-04 0.000000000000000000e+00 3.001986067820028650e-02 0.000000000000000000e+00 0.000000000000000000e+00 0.000000000000000000e+00 2.995450623582889688e-02 1.517983198398995155e-02 6.088808969425860140e-03
7.157427890791023817e-02 0.000000000000000000e+00 3.844957038842429509e-02 1.654967676827585887e-02 6.055000543591029794e-02 0.000000000000000000e+00 1.391195520127060277e-02 1.501248124964755550e-02 0.000000000000000000e+00 3.109479699439394312e-02 2.266356972039363857e-02 1.056603896296269968e-01 0.000000000000000000e+00 0.000000000000000000e+00 2.846831768059647216e-01 2.396573387754464060e-02 0.000000000000000000e+00 1.329053614659368027e-02 4.630254120929580899e-03 0.000000000000000000e+00 0.000000000000000000e+00 8.835793758665587416e-02 1.093097775778719000e-01 9.098929986459464159e-02 9.306559723991565322e-03
0.000000000000000000e+00 8.857091765056036847e-02 0.000000000000000000e+00 6.030811601070436116e-03 4.982432727161779928e-02 2.176706780979212330e-03 3.680792205263978129e-03 0.000000000000000000e+00 8.848246467642276181e-03 4.628469608645697370e-02 0.000000000000000000e+00 1.287776634646033147e-01 0.000000000000000000e+00 3.024587462171948737e-02 1.397796392851352598e-02 5.936848022004694025e-02 1.323769867357031498e-02 8.799317164264089386e-02 0.000000000000000000e+00 0.000000000000000000e+00 0.000000000000000000e+00 0.000000000000000000e+00 3.824269787062008208e-02 2.481623847273660977e-01 1.745775667873282477e-01
0.000000000000000000e+00 0.000000000000000000e+00 6.382271125430963310e-02 0.000000000000000000e+00 3.805480439813201804e-02 1.074391890788943711e-02 3.841008076911228610e-03 0.000000000000000000e+00 4.848572012755740512e-02 5.820643636116205888e-02 0.000000000000000000e+00 1.258498884201528500e-01 0.000000000000000000e+00 0.000000000000000000e+00 1.680458792353668185e-01 2.813798762187300767e-02 0.000000000000000000e+00 0.000000000000000000e+00 4.909098254493093894e-02 0.000000000000000000e+00 0.000000000000000000e+00 0.000000000000000000e+00 1.275667888372419845e-01 1.011690876255747287e-02 2.680369654519152989e-01
2.276123059526071260e-02 3.703027032436498160e-03 0.000000000000000000e+00 1.960937948110931528e-01 8.774808829819475547e-03 0.000000000000000000e+00 6.457069040303743679e-02 0.000000000000000000e+00 9.992289835639333456e-03 1.393656494135242681e-02 0.000000000000000000e+00 6.941128903402944694e-02 2.769601456851169749e-03 0.000000000000000000e+00 3.311271865219348170e-03 0.000000000000000000e+00 1.592203928388337755e-02 1.308603854470691275e-01 1.819327095214566536e-01 1.666790215952601920e-02 8.931696272001349302e-02 0.000000000000000000e+00 0.000000000000000000e+00 8.429520279496946489e-02 8.568022926834278907e-02
0.000000000000000000e+00 1.154049079771636982e-01 2.579488270740877900e-02 1.186836902368168245e-01 1.921387953237373158e-02 1.872424423597874362e-03 5.342123767347150068e-03 1.254171730270274565e-01 0.000000000000000000e+00 0.000000000000000000e+00 0.000000000000000000e+00 1.567506161679633747e-01 0.000000000000000000e+00 1.516011195513571530e-03 0.000000000000000000e+00 0.000000000000000000e+00 0.000000000000000000e+00 0.000000000000000000e+00 6.194675303502324842e-02 0.000000000000000000e+00 0.000000000000000000e+00 8.045765429569810140e-03 6.436527695056246112e-02 2.956464955496319602e-01 0.000000000000000000e+00
9.290649994216496066e-02 2.100060332296405791e-02 0.000000000000000000e+00 1.002723353547609192e-01 5.700507105589396745e-02 0.000000000000000000e+00 1.094967833764088211e-01 0.000000000000000000e+00 3.478435945013443054e-02 0.000000000000000000e+00 0.000000000000000000e+00 1.304060022902543692e-01 0.000000000000000000e+00 0.000000000000000000e+00 5.864845743597013605e-02 0.000000000000000000e+00 5.809380362738041266e-03 1.245228233276410579e-01 1.530340347801493750e-01 1.453149821451333971e-02 0.000000000000000000e+00 0.000000000000000000e+00 4.089200911613297129e-02 0.000000000000000000e+00 5.669014197027361784e-02
0.000000000000000000e+00 0.000000000000000000e+00 1.249708473696197059e-01 1.928153473036977317e-01 2.389561668465101443e-02 0.000000000000000000e+00 0.000000000000000000e+00 1.378521451768604383e-02 0.000000000000000000e+00 0.000000000000000000e+00 0.000000000000000000e+00 2.084412180853493016e-02 0.000000000000000000e+00 1.167122192882515119e-02 3.362448000741562470e-01 0.000000000000000000e+00 0.000000000000000000e+00 3.536878747393129574e-02 0.000000000000000000e+00 0.000000000000000000e+00 0.000000000000000000e+00 1.918503052873801046e-02 0.000000000000000000e+00 1.735094069389884197e-01 4.770960537117148459e-02
0.000000000000000000e+00 0.000000000000000000e+00 4.574714832299177358e-02 0.000000000000000000e+00 2.259770150462382665e-01 2.080977348673892710e-02 0.000000000000000000e+00 0.000000000000000000e+00 3.990342047389410125e-04 2.646464762997082984e-02 4.460293190205803955e-03 0.000000000000000000e+00 0.000000000000000000e+00 2.030245864877979270e-02 1.831014586702466584e-01 0.000000000000000000e+00 8.712707500241821668e-02 2.112779511851881759e-02 1.749604197695516505e-01 0.000000000000000000e+00 0.000000000000000000e+00 0.000000000000000000e+00 0.000000000000000000e+00 4.686715041434201534e-02 1.426557304952582594e-01
9.847484121661205514e-02 1.581184302438596104e-02 7.295773648109696308e-03 0.000000000000000000e+00 0.000000000000000000e+00 2.313135955776685418e-02 1.190073366969742891e-01 3.020360150054249640e-02 0.000000000000000000e+00 7.029456224721414119e-03 2.552016367518029558e-02 0.000000000000000000e+00 0.000000000000000000e+00 2.260547552438300217e-02 2.679356882974341381e-01 3.155792880103547304e-02 1.833535211043054933e-02 0.000000000000000000e+00 1.473323102396663364e-01 1.377666477585419609e-02 0.000000000000000000e+00 9.592151557835182710e-03 2.529247901687316571e-02 1.370975741321948660e-01 0.000000000000000000e+00
