1.301016879059525566e-01 2.800507067261560554e-02 7.438605169931122862e-02 1.132494873596887053e-02 7.583034401811566960e-02 8.886325941135062023e-02 9.148577985982305968e-03 2.074783724363977403e-03 1.672911102067790173e-02 0.000000000000000000e+00 0.000000000000000000e+00 1.423899101584890081e-01 0.000000000000000000e+00 2.458730782049161831e-02 7.221921900234419545e-02 2.943723954259155721e-03 1.987630301843081732e-02 7.625343193922734519e-02 2.125493301414368430e-01 1.271693879098221083e-02
9.796216199999437102e-02 2.542243415816937760e-02 2.347730893680412545e-01 1.454873693170888049e-01 1.749787376985626570e-03 1.003704576562571460e-04 0.000000000000000000e+00 1.535730011259577033e-01 0.000000000000000000e+00 0.000000000000000000e+00 0.000000000000000000e+00 1.571106883359774664e-01 0.000000000000000000e+00 1.753107484612132644e-02 1.087181905178566665e-01 0.000000000000000000e+00 5.738037331553053760e-03 9.682472096325318509e-03 0.000000000000000000e+00 4.215132306827274605e-02
1.048856721156686588e-03 5.945366222712301224e-02 5.047152321345798470e-02 1.415569235167207784e-01 8.593575561436195276e-02 1.253553912176804397e-01 0.000000000000000000e+00 2.379820745840335611e-03 3.804051491833285170e-02 1.156592067615873180e-02 0.000000000000000000e+00 0.000000000000000000e+00 1.914303958559726571e-02 1.926998462570294127e-02 1.719064322981429457e-02 3.109812235795191351e-02 4.708565369153563246e-03 1.349793086856568292e-01 1.524161904499425624e-01 1.053857768453480004e-01
1.240934902545674373e-01 1.471745926875795418e-01 1.077156954778761729e-02 3.280958346352302185e-02 2.062383790087889482e-02 1.078057509521565017e-02 2.170190795036124401e-03 4.758097275248443156e-03 1.295442679685212817e-01 1.684831729391573010e-02 4.917095790462030699e-03 1.488914545521808352e-01 8.081197077217798508e-02 1.510672780860051112e-03 9.176548043555977918e-03 6.251299753946083608e-03 0.000000000000000000e+00 0.000000000000000000e+00 1.376367451479492132e-01 1.112296908765940534e-01
4.586844011036515095e-03 2.647833098545292196e-02 1.495776856051107273e-01 2.148602730860989518e-01 6.558766697115958610e-02 4.942154416791029459e-02 0.000000000000000000e+00 1.802622251196612027e-02 3.497866052747863885e-02 3.027722963639868908e-03 1.551304915036829388e-03 4.282350372956150730e-02 1.381309547541081754e-03 3.190319214352609761e-02 7.085023301991595635e-02 0.000000000000000000e+00 1.341812675230404650e-01 1.157331313176712950e-01 1.317966943483409904e-02 2.185143753901892805e-02
1.823782616266025058e-01 1.761727921305632563e-02 3.061939460527508469e-02 8.127520532206568282e-02 7.289843448186091035e-02 1.075734776977371604e-01 1.100323276032930987e-02 1.539877152886004741e-01 1.109930412122626768e-02 4.456485660739561636e-03 6.316495503948497828e-04 8.970246152882878354e-02 7.110958161377634035e-02 2.342553318364653733e-02 3.025951412406747282e-02 7.665787254338848888e-02 0.000000000000000000e+00 2.288514147796369066e-02 1.241945520044045355e-02 0.000000000000000000e+00
3.507792958176117904e-04 8.585207324667969457e-04 5.797759001923264571e-02 1.501216105254171429e-01 1.295794717460096723e-01 1.734681470139931569e-01 9.101002496819247597e-03 1.396824459907014537e-02 0.000000000000000000e+00 2.403408057256026242e-02 0.000000000000000000e+00 1.651342314444581849e-01 6.797175936500525484e-02 9.320072190082494268e-02 0.000000000000000000e+00 3.710786014863648279e-03 0.000000000000000000e+00 4.177929584063836549e-02 6.874375843282277965e-02 0.000000000000000000e+00
1.684858613972152197e-01 3.570020139016917560e-02 4.041807585438417921e-02 3.546718958974186264e-02 1.055077936912220821e-02 8.062016743812325942e-03 0.000000000000000000e+00 1.188667329113441001e-01 1.690182329723134702e-02 6.575285745537832148e-03 0.000000000000000000e+00 9.117684049613458686e-02 7.558573187102993196e-02 1.422074986964414270e-02 9.827818597859609359e-03 8.955907424563887276e-02 5.043993966691481291e-03 6.571355485181935852e-02 1.630857609549067888e-01 4.475850884771686439e-02
0.000000000000000000e+00 4.747034278608120751e-03 1.016196407473875518e-01 1.421443360021295010e-01 8.375999463205455187e-02 2.259830247206465192e-02 0.000000000000000000e+00 5.550592580263402024e-04 4.021434742309438343e-02 0.000000000000000000e+00 3.766144417653136123e-02 1.677550273630598887e-01 0.000000000000000000e+00 0.000000000000000000e+00 1.093084740354806003e-02 1.579375206926359951e-02 0.000000000000000000e+00 1.019005998310453104e-01 2.074126176818687495e-01 6.290699666131789602e-02
4.754532942761417746e-02 3.765572481682553235e-02 1.503968158215406720e-02 3.953502957058493972e-02 9.909650014056121947e-02 6.538464290148847564e-03 5.507366063412181406e-03 1.094511877192026611e-01 1.633430828184439035e-02 8.597339139410122011e-02 4.206939251374717734e-03 1.818127926847969977e-01 2.210852845619085821e-02 1.743342910271124535e-01 0.000000000000000000e+00 9.146649283896285398e-02 7.002760144547939825e-03 2.061317230618533308e-02 4.922912000511620034e-03 3.085512800386800911e-02
1.443625012250973616e-02 6.184683564443140685e-02 0.000000000000000000e+00 1.322089034850031652e-01 9.180234497637381613e-03 0.000000000000000000e+00 3.586963602670686663e-03 0.000000000000000000e+00 1.031821734883965891e-01 5.741869909028052624e-03 6.079883060098651565e-02 1.662062494387287481e-01 2.213417086776755562e-03 5.121848622806360329e-02 1.254182250567724699e-01 0.000000000000000000e+00 6.696625275099243879e-02 1.940059438194756125e-01 2.989364268526804522e-03 0.000000000000000000e+00
9.194491898275103381e-02 6.912488072409231354e-02 1.151476511045416984e-01 0.000000000000000000e+00 4.412501551089528275e-03 2.025458813556366144e-01 0.000000000000000000e+00 1.411021678477186909e-02 1.487256555531153365e-02 2.100115034880690318e-02 0.000000000000000000e+00 2.276682333737911068e-01 2.079187785212535666e-02 1.766751098660884203e-04 6.434279539827578685e-03 4.290728494259073850e-02 6.920864221647265307e-03 1.059699763634199404e-01 8.726709756379295163e-03 4.724433243335111887e-02
6.464348138876946370e-02 6.835321428713896086e-03 7.089762304894502761e-04 0.000000000000000000e+00 3.865177355503374851e-02 7.091144871080574952e-02 3.493203519780999772e-03 6.260988812253365232e-02 0.000000000000000000e+00 8.401695551098639636e-03 0.000000000000000000e+00 3.555794236518817764e-01 7.408038501526315045e-02 1.085388722245949483e-01 1.254977359067948051e-01 0.000000000000000000e+00 1.393880011757845684e-02 1.371995511740769190e-02 3.015257293816201237e-02 2.223646652109163499e-02
3.443616972669411025e-02 3.150696620537583870e-02 7.875043901079878395e-02 1.364425889882117104e-01 1.635300022044623020e-02 0.000000000000000000e+00 5.749222659753150562e-03 1.694486410000274384e-04 0.000000000000000000e+00 2.630062149038091615e-03 0.000000000000000000e+00 3.383221886685979785e-01 3.327937652520400989e-03 2.765055078608732661e-02 1.930530531847258202e-01 3.838751029253620328e-02 7.911619297072533183e-04 9.049216046481572961e-02 1.937539419691232997e-03 0.000000000000000000e+00
1.506166355013421020e-02 1.142472925510078924e-01 5.345401545659849568e-02 1.712874153847334909e-03 1.535301319365148243e-02 0.000000000000000000e+00 0.000000000000000000e+00 2.051910764569685186e-02 4.811884898051666665e-03 8.319810367091046155e-02 2.691345989538651475e-03 2.936349010368246581e-01 8.219162344956648658e-02 7.922900697502044398e-02 1.847396718374778035e-01 0.000000000000000000e+00 1.954539269557722253e-02 9.971716709821845659e-04 1.317536954346225538e-02 1.543756168165180166e-02
3.380742846294781251e-02 0.000000000000000000e+00 1.669922165430082900e-02 1.227031700430017830e-01 3.191163434284459421e-02 1.463669372541678559e-01 6.307350919604721128e-03 0.000000000000000000e+00 1.509631312954133782e-02 1.273519106845254906e-02 4.063292677586208268e-02 1.659244783582717597e-01 9.023847635902516873e-02 0.000000000000000000e+00 2.135394851408175393e-03 0.000000000000000000e+00 2.566812056846071600e-03 2.860794674884060626e-02 1.819673870001731197e-01 1.022993309747116664e-01
1.425677685422304664e-01 0.000000000000000000e+00 1.131666030019023023e-01 0.000000000000000000e+00 7.005585080485211835e-02 1.625435700184588439e-01 1.869134267551535514e-02 0.000000000000000000e+00 7.476607365772597324e-02 0.000000000000000000e+00 0.000000000000000000e+00 3.241419212100642849e-02 2.745250747013830428e-03 1.259632295212627373e-02 0.000000000000000000e+00 2.229112175665630066e-02 1.358339851067021965e-02 0.000000000000000000e+00 1.303211683585993319e-01 2.042573368532425993e-01
1.291731837801264882e-01 2.591444647553653099e-02 1.906822459997308981e-03 2.464516856168987198e-03 1.094300765331368136e-01 1.185357259498668048e-01 1.232097103763384310e-03 5.211126173815789839e-03 1.272801072193718297e-01 1.894937450296907411e-02 4.842336461870996867e-02 3.445661290162134460e-02 2.353729680703927490e-02 0.000000000000000000e+00 1.643027806749586262e-01 0.000000000000000000e+00 1.347484972031821361e-02 1.335637107310367611e-01 4.214390749156275706e-02 0.000000000000000000e+00
1.363022547264944040e-01 1.076144532521219749e-01 1.332794318331830506e-02 2.427033105271286101e-02 1.053871315913634636e-02 0.000000000000000000e+00 0.000000000000000000e+00 0.000000000000000000e+00 0.000000000000000000e+00 0.000000000000000000e+00 0.000000000000000000e+00 1.763804299096647377e-01 2.301530041082901819e-03 0.000000000000000000e+00 1.501346235387445160e-01 8.671545824861150165e-02 6.930819206855696156e-03 1.006530586913484127e-01 1.796441765356993417e-02 1.668659673363383777e-01
1.114674883705515096e-01 1.993418287596768288e-03 3.028286364910078715e-02 3.556750004279923827e-02 5.331832218914398652e-02 1.041714447807862327e-02 2.976643393938803450e-02 1.318190685143569851e-01 1.074270283546188975e-01 0.000000000000000000e+00 1.530477283993557890e-02 4.386218152696833017e-02 0.000000000000000000e+00 5.468699034060062192e-02 8.101368537304058301e-03 4.126138162987191133e-02 1.627788836616722579e-02 3.812726911889429554e-02 1.307103115956409212e-01 1.396085682189820432e-01
2.792958629301698845e-02 0.000000000000000000e+00 4.069206166435272026e-02 4.561082669670812190e-02 0.000000000000000000e+00 0.000000000000000000e+00 0.000000000000000000e+00 1.584362553454565347e-03 0.000000000000000000e+00 4.560153703170847367e-02 1.517986668691545526e-02 1.611059255359722497e-01 1.845870385558428528e-01 1.836198225973589560e-01 1.729557470313206058e-01 3.816849600943845230e-03 1.459837406516815289e-02 0.000000000000000000e+00 4.453656994693008797e-03 9.826434469254387294e-02
2.790109674448077934e-02 1.265290261713367115e-02 1.226710354000215275e-01 2.923181011215699246e-02 3.883279680726698865e-03 0.000000000000000000e+00 0.000000000000000000e+00 3.746894115009708620e-02 3.887565662793658226e-04 1.175801336621186063e-02 0.000000000000000000e+00 3.739633415724152310e-01 4.647348484581675064e-03 0.000000000000000000e+00 6.667124561161426322e-02 6.566474694801205543e-05 1.416489691385080206e-02 2.248758459594340023e-02 2.431441229960404626e-01 2.889995944149805276e-02
0.000000000000000000e+00 1.835975956134216353e-02 1.707560817428720179e-01 1.520637706807376199e-01 1.057106615912224018e-01 1.349993818196117967e-01 0.000000000000000000e+00 0.000000000000000000e+00 9.101570924494390563e-03 0.000000000000000000e+00 0.000000000000000000e+00 2.831112097847581291e-02 5.672785167897104186e-02 4.810890102899836179e-02 0.000000000000000000e+00 0.000000000000000000e+00 0.000000000000000000e+00 1.372025186917967890e-02 2.597688639692284363e-01 2.371784154866415310e-03
7.565396593141415771e-02 2.931238583959414751e-02 1.498505889071033159e-01 6.005655208821965990e-02 9.419307372308385884e-02 1.441132441517921359e-01 0.000000000000000000e+00 1.791579435304231291e-02 0.000000000000000000e+00 8.503108922584597107e-02 0.000000000000000000e+00 4.896453546621092057e-02 0.000000000000000000e+00 5.368234019756523007e-02 7.318332400887238645e-03 2.119675530722493068e-02 0.000000000000000000e+00 0.000000000000000000e+00 1.937271013178623602e-01 1.898424109015374450e-02
1.058307748580072233e-01 8.160441990311317895e-02 2.762222146088273711e-02 1.156743640011696356e-01 3.734495120264174489e-02 3.756513742250818921e-03 4.617448297908209598e-02 4.121887255460888848e-03 9.316168904792736932e-03 0.000000000000000000e+00 0.000000000000000000e+00 1.464904381835497316e-01 0.000000000000000000e+00 3.471971922588509840e-02 4.797637932060801885e-02 4.844498479383527699e-03 2.501313196471205771e-02 9.753129149779402041e-02 2.837979988848231272e-02 1.835989571321841873e-01
1.535743952060073247e-01 2.323670962909680365e-02 3.711468286102102138e-02 4.865581499165086421e-02 0.000000000000000000e+00 0.000000000000000000e+00 2.768549278949385215e-03 8.082466033691859675e-02 0.000000000000000000e+00 1.569018404724675450e-02 8.760972478840625688e-03 1.353989773403912467e-01 2.713081592722219049e-02 1.053265724530987740e-01 1.177943950119808222e-02 4.907227185504139250e-02 6.311821144723737953e-02 1.809163055889844579e-02 1.676829996587621829e-01 5.177311242841885208e-02
2.022813980434709155e-02 5.704943280988450383e-02 0.000000000000000000e+00 2.160252491601133695e-01 1.385751684015430057e-02 6.864979500884934444e-04 0.000000000000000000e+00 2.640919174338946657e-02 0.000000000000000000e+00 2.286051257249793398e-02 1.876598856064140737e-03 3.017091707662753475e-01 1.683973288938033636e-02 0.000000000000000000e+00 1.773241824594805338e-01 1.724035953468609577e-04 0.000000000000000000e+00 3.292155715889924505e-02 9.132785137123598795e-02 2.071196202284251303e-02
0.000000000000000000e+00 1.171079297455869805e-01 0.000000000000000000e+00 1.415341274942957805e-01 5.950241622049601276e-02 1.179373834349410760e-01 1.127857011107649340e-02 9.894085999248795893e-02 3.328293751903107361e-02 2.512035628708554971e-02 0.000000000000000000e+00 7.272404387976598439e-02 7.070590509975406557e-02 3.391979472092792464e-02 2.595724909058411134e-02 0.000000000000000000e+00 0.000000000000000000e+00 1.914564510423694133e-02 1.522716801709852741e-01 2.057110112874501601e-02
6.790917887762035199e-02 6.157173403932395678e-02 3.322704441408097509e-02 3.710703714901241596e-02 3.020493113393138418e-02 1.222550266755687426e-01 0.000000000000000000e+00 2.972036535356113729e-02 6.027014871520647125e-03 4.687691262998428671e-02 1.088063786914614207e-03 1.678554442263033852e-01 1.696793226705765314e-03 0.000000000000000000e+00 5.169939973226622687e-03 8.068031435317828126e-02 2.133607586919473650e-02 1.315152070128143835e-01 4.928825778241487793e-02 1.064706586246434855e-01
1.279130238499993077e-01 0.000000000000000000e+00 1.048115609911861035e-01 9.592598173093544456e-02 2.374235424641363973e-02 2.609797811104493104e-02 0.000000000000000000e+00 2.339539829602455684e-02 9.830669935549225802e-02 2.722263379560670160e-02 0.000000000000000000e+00 7.694027151893165217e-02 3.730197354090104833e-02 7.046125113903324577e-02 1.508769589504427577e-01 6.059746667469965119e-03 0.000000000000000000e+00 3.277324645049416174e-02 2.191071043733219814e-02 7.626021091869213120e-02
0.000000000000000000e+00 6.107390279214332252e-02 1.157541541149345043e-01 1.704861202007825760e-01 5.964972920107074889e-02 0.000000000000000000e+00 1.187090106575785196e-02 1.757407783587602509e-02 0.000000000000000000e+00 3.542183152528771695e-02 0.000000000000000000e+00 1.809458362451120683e-01 2.374913646158096844e-02 2.951789940446064228e-02 1.578932735031843004e-01 3.681847942936930518e-02 0.000000000000000000e+00 5.224621892773456547e-04 8.640727637989131793e-02 1.231491965127140542e-02
2.187438448445619410e-02 0.000000000000000000e+00 1.877608174421126555e-02 1.926960230622122572e-01 4.975487409777280129e-02 1.358730197406758378e-01 2.265850976313148191e-02 3.288994648267089954e-02 5.090836151846325069e-02 3.690118062205542844e-03 1.984435976730328233e-02 8.210217150313219026e-02 2.254928057276784498e-02 2.164764737757709015e-02 1.964044931618465911e-02 9.855004731460102751e-02 1.089852783624490305e-02 0.000000000000000000e+00 1.730951457960358542e-01 2.255105156035376590e-02
1.786124202309943496e-02 2.909280255955542724e-02 1.252411917133817720e-01 0.000000000000000000e+00 1.135014174299364409e-01 4.681198423856489099e-02 3.774513165530961334e-02 1.707476876402051497e-03 1.371151519543223340e-02 0.000000000000000000e+00 0.000000000000000000e+00 2.786750569668274280e-01 0.000000000000000000e+00 1.122792560229869119e-01 2.129518060724289175e-02 0.000000000000000000e+00 3.776065766377025967e-04 4.102576017410612674e-02 1.606743779605168954e-01 0.000000000000000000e+00
2.155154795046709537e-01 9.315518322735637236e-02 1.884645630499276747e-01 3.800483292029852023e-02 2.054933862656304830e-02 1.066853683614833320e-01 0.000000000000000000e+00 3.108100133607573715e-02 5.669079298275907924e-03 1.782391116664026887e-02 0.000000000000000000e+00 1.774408758593167545e-01 6.581858083473962444e-03 0.000000000000000000e+00 5.932063536926491382e-02 0.000000000000000000e+00 0.000000000000000000e+00 4.997483388924400111e-03 1.249122978780746809e-02 2.221916001992066056e-02
9.514419106225467312e-03 1.159040959919571817e-01 1.236674879794397997e-01 5.555684410533399953e-02 6.934715345607987691e-03 1.368566604794876629e-01 2.648760611387796643e-02 5.888382485183517659e-03 0.000000000000000000e+00 0.000000000000000000e+00 1.707121574053112800e-03 3.079217922660974771e-02 1.152402220805107402e-01 7.380593676817695514e-02 5.209404642655940387e-02 0.000000000000000000e+00 0.000000000000000000e+00 2.640032484709011959e-02 1.629873142042686518e-01 5.616264326561769271e-02
