0.000000000000000000e+00 0.000000000000000000e+00 7.603925565141647636e-02 0.000000000000000000e+00 0.000000000000000000e+00 0.000000000000000000e+00 1.368195487322644566e-01 9.441311791316829571e-02 6.054112975568863922e-03 9.261161289909636621e-03 0.000000000000000000e+00 1.320019754084525154e-01 0.000000000000000000e+00 0.000000000000000000e+00 1.149124366618505116e-01 1.833729953132206278e-03 6.793764620591147274e-02 1.034596176854301990e-02 4.400262404899599362e-03 1.314003027680607505e-02 7.712248601570381723e-03 1.040989744398417884e-02 1.085678814974031237e-01 5.491681800414120740e-02 1.512339152109780926e-01
1.024191112696376943e-01 1.299673603172984970e-01 0.000000000000000000e+00 1.006080420258561592e-01 5.590082721448261932e-03 0.000000000000000000e+00 2.025137127971083154e-02 5.023013159143829842e-02 1.630065769546905352e-02 0.000000000000000000e+00 0.000000000000000000e+00 2.012201076553338241e-02 0.000000000000000000e+00 0.000000000000000000e+00 1.986256748345138767e-02 0.000000000000000000e+00 1.959892398647361880e-02 1.996386883970223958e-01 0.000000000000000000e+00 1.109693840486007969e-03 0.000000000000000000e+00 0.000000000000000000e+00 0.000000000000000000e+00 1.794586865690305788e-01 1.348426720571437309e-01
0.000000000000000000e+00 0.000000000000000000e+00 1.450697023040452005e-01 5.940000502098856383e-03 2.608501106493658211e-02 1.242234409804692311e-02 1.582951944032031655e-01 5.172450682885899181e-02 6.931426066687984555e-02 0.000000000000000000e+00 0.000000000000000000e+00 0.000000000000000000e+00 7.247071981798091506e-03 0.000000000000000000e+00 1.186642062649961166e-01 0.000000000000000000e+00 0.000000000000000000e+00 1.675908959487241168e-01 0.000000000000000000e+00 1.554814851021724675e-01 0.000000000000000000e+00 0.000000000000000000e+00 3.874122807048108186e-02 9.424542424288858550e-03 3.399955033946962246e-02
7.118709274105344820e-02 4.877170323390804703e-03 0.000000000000000000e+00 0.000000000000000000e+00 1.321936285903864590e-02 1.560462513196069281e-02 4.207534582033752545e-03 0.000000000000000000e+00 2.082542942562891006e-02 1.067900177242406407e-01 2.138380862465206892e-04 7.007793968210639102e-02 0.000000000000000000e+00 0.000000000000000000e+00 0.000000000000000000e+00 7.623105225230240520e-03 6.048200262091249502e-02 2.365300107134246932e-01 1.782634611137286348e-03 5.152460902582511534e-03 3.626233711005645826e-03 0.000000000000000000e+00 0.000000000000000000e+00 2.139036111973718901e-01 1.638969304626354540e-01
0.000000000000000000e+00 0.000000000000000000e+00 9.491477714015567058e-03 0.000000000000000000e+00 0.000000000000000000e+00 0.000000000000000000e+00 9.782409981039104363e-02 2.053918614624983541e-01 0.000000000000000000e+00 7.496193496043444121e-03 0.000000000000000000e+00 8.938012585493172735e-02 0.000000000000000000e+00 0.000000000000000000e+00 7.805745451733845860e-03 3.455792878035783035e-03 5.997009509085930723e-04 9.030014635487960961e-02 0.000000000000000000e+00 0.000000000000000000e+00 1.593321060765347588e-02 2.465313333114140248e-01 4.645231356791828387e-02 1.672901475478443811e-01 1.204785099173183438e-02
0.000000000000000000e+00 0.000000000000000000e+00 8.053625758178201144e-02 5.755587121858754800e-04 9.603224280057050255e-02 0.000000000000000000e+00 1.553672816397333734e-01 9.418102146374733585e-02 2.662160940049031199e-02 1.523892974911662292e-02 0.000000000000000000e+00 1.826180962816279646e-02 0.000000000000000000e+00 0.000000000000000000e+00 1.419661491764344537e-02 8.331039933373106388e-02 3.316495326917277137e-02 1.481338520871783582e-01 0.000000000000000000e+00 5.472328730058625794e-03 0.000000000000000000e+00 9.339598435062237275e-03 7.246737154644299073e-02 1.471001707049218177e-01 0.000000000000000000e+00
8.079148750796927292e-02 4.136645869991366353e-02 2.792909214405533969e-02 2.403856172150758280e-02 1.509883297936378821e-01 0.000000000000000000e+00 1.701047971518677149e-01 2.219094411680689882e-01 0.000000000000000000e+00 4.853576684514912531e-02 0.000000000000000000e+00 0.000000000000000000e+00 0.000000000000000000e+00 0.000000000000000000e+00 1.623333806113669286e-01 1.379563002542082313e-02 0.000000000000000000e+00 0.000000000000000000e+00 3.389124270310676923e-02 0.000000000000000000e+00 0.000000000000000000e+00 0.000000000000000000e+00 0.000000000000000000e+00 0.000000000000000000e+00 2.431581162793597026e-02
8.655478815086722899e-02 0.000000000000000000e+00 5.353236248778898976e-02 0.000000000000000000e+00 1.499112267024244917e-02 1.234460841058651701e-03 4.658890567199389099e-02 1.188487117104911062e-01 0.000000000000000000e+00 2.028669541803649820e-02 0.000000000000000000e+00 1.137116652156548030e-02 0.000000000000000000e+00 0.000000000000000000e+00 1.211754726373889812e-01 0.000000000000000000e+00 1.310957796004266485e-01 5.392224642768579830e-03 0.000000000000000000e+00 0.000000000000000000e+00 2.875522378826398176e-02 1.467925245821907199e-01 1.065700727400341330e-02 1.637777239902405702e-01 3.894583001267284267e-02
1.042855422900169568e-02 1.079268053322173827e-02 9.391587681163970913e-02 5.282700078002845051e-03 8.453677921495993813e-03 0.000000000000000000e+00 1.691421299737194336e-02 1.417970493867637127e-01 2.225700149894473123e-02 1.946773082207090347e-02 0.000000000000000000e+00 7.860321228368429003e-02 6.637890495200675367e-02 3.576194330491183886e-03 5.328240918004133186e-02 0.000000000000000000e+00 1.929809628078666198e-02 9.014969524914058507e-02 0.000000000000000000e+00 5.031295593749360306e-02 0.000000000000000000e+00 1.198241843608535834e-01 2.730237566146150735e-03 1.551312001090914827e-01 3.140342547175121318e-02
0.000000000000000000e+00 0.000000000000000000e+00 2.750333181608688102e-02 1.553141902229733355e-02 0.000000000000000000e+00 0.000000000000000000e+00 2.325494010856292426e-01 1.069591953966529951e-01 0.000000000000000000e+00 1.932537563091135668e-02 0.000000000000000000e+00 2.004911731072867020e-01 1.558894546995292715e-02 0.000000000000000000e+00 6.348764461167021034e-02 0.000000000000000000e+00 0.000000000000000000e+00 0.000000000000000000e+00 1.873719534064544057e-02 0.000000000000000000e+00 0.000000000000000000e+00 9.887836348101486372e-02 1.852707435087713461e-01 1.567721152908062993e-02 0.000000000000000000e+00
0.000000000000000000e+00 0.000000000000000000e+00 1.675010050358739511e-01 0.000000000000000000e+00 0.000000000000000000e+00 9.142705551551420090e-03 5.179977340205497299e-02 1.714935153142687352e-01 1.411086132103583695e-03 1.613919700336817128e-02 0.000000000000000000e+00 1.293108195229381585e-01 5.337874689492887528e-03 0.000000000000000000e+00 9.138943820259021189e-02 0.000000000000000000e+00 1.769282798478650776e-01 0.000000000000000000e+00 0.000000000000000000e+00 1.853467801314188229e-02 2.375216788471714441e-03 1.151428699351324941e-02 1.052295149393131374e-01 0.000000000000000000e+00 4.189260856345287942e-02
8.698098107958709274e-03 5.790742511910029755e-03 1.147404268680883438e-01 2.987664465752113210e-03 1.698973610381109556e-01 0.000000000000000000e+00 1.399361435546810917e-01 1.574275270865550524e-01 1.091764895153682705e-02 0.000000000000000000e+00 0.000000000000000000e+00 0.000000000000000000e+00 0.000000000000000000e+00 0.000000000000000000e+00 3.699790977682471116e-02 0.000000000000000000e+00 0.000000000000000000e+00 0.000000000000000000e+00 1.278963531541018050e-01 7.478384416419474670e-03 0.000000000000000000e+00 8.422263288885331600e-02 3.609058971149472356e-02 1.620743708452272377e-02 8.071108038319003974e-02
0.000000000000000000e+00 2.750237746407697362e-03 1.639876825575661001e-01 1.182165301769495455e-02 0.000000000000000000e+00 4.389309882078735667e-03 1.584283896549876225e-01 4.436574968064629920e-02 8.967863577178046552e-02 1.182328758490258994e-02 0.000000000000000000e+00 1.123689838155368242e-01 0.000000000000000000e+00 0.000000000000000000e+00 4.653986389262476653e-02 1.615694055367925680e-02 0.000000000000000000e+00 0.000000000000000000e+00 3.639620205175975176e-02 0.000000000000000000e+00 0.000000000000000000e+00 1.523614255436312945e-02 1.759421629225999262e-01 2.693856852230023212e-03 1.074209014611419155e-01
7.564025168863275361e-02 0.000000000000000000e+00 0.000000000000000000e+00 0.000000000000000000e+00 1.448276558839224071e-01 5.019998705869885020e-04 2.336234571173199850e-03 1.362730881144398332e-01 7.091220389640304905e-03 3.534159851364043065e-02 0.000000000000000000e+00 2.521518164487115965e-02 0.000000000000000000e+00 0.000000000000000000e+00 1.263129364288940841e-02 7.660448183356895896e-04 0.000000000000000000e+00 9.195869926294764074e-02 4.653226839560290623e-02 0.000000000000000000e+00 2.065518210219398007e-02 1.099732074070575438e-01 9.150133034938794444e-03 1.151744497664181355e-01 1.659314908927088661e-01
0.000000000000000000e+00 0.000000000000000000e+00 1.395608861819539193e-01 0.000000000000000000e+00 5.552892043306809772e-03 1.114867148724315721e-01 2.307277013301058458e-02 2.832831284805524194e-02 0.000000000000000000e+00 0.000000000000000000e+00 0.000000000000000000e+00 1.288761130783928621e-01 2.883896836306617650e-03 9.664968964091035647e-03 7.347114428475791381e-03 2.024631919837006563e-02 3.222190185349367575e-02 0.000000000000000000e+00 0.000000000000000000e+00 1.728766074243212342e-03 3.853752365438817967e-02 1.738403379502266033e-01 3.404659916573100908e-02 1.499092131791823213e-01 9.269566953834049161e-02
0.000000000000000000e+00 0.000000000000000000e+00 1.676722769436420624e-01 4.151159107143537717e-03 1.642960674464512549e-01 0.000000000000000000e+00 1.412258950145106086e-02 0.000000000000000000e+00 8.424520431828399006e-03 0.000000000000000000e+00 0.000000000000000000e+00 1.158813969203930927e-01 0.000000000000000000e+00 0.000000000000000000e+00 1.933335927390058412e-02 0.000000000000000000e+00 0.000000000000000000e+00 1.823681093807109077e-01 0.000000000000000000e+00 1.479343663686180990e-02 1.769010854290949293e-03 0.000000000000000000e+00 0.000000000000000000e+00 1.591280380744532208e-01 1.480600354288731102e-01
7.464804769794634864e-02 0.000000000000000000e+00 2.562035750267396134e-02 7.322833258004837059e-03 1.976321710291094672e-02 0.000000000000000000e+00 0.000000000000000000e+00 1.559706424368926814e-01 0.000000000000000000e+00 1.093056198782970251e-01 4.175275825678227172e-03 2.382460328734794797e-01 0.000000000000000000e+00 0.000000000000000000e+00 1.764465333271870821e-03 0.000000000000000000e+00 3.268944673612076465e-03 5.998809244440828775e-02 1.409443722061832494e-01 6.221017788518327929e-02 0.000000000000000000e+00 6.202641402563101314e-02 4.994931012476526953e-03 0.000000000000000000e+00 2.975057584335023125e-02
0.000000000000000000e+00 0.000000000000000000e+00 1.443999549034545408e-02 0.000000000000000000e+00 1.369632851043158239e-01 1.329791574969359323e-03 1.576194609386355472e-01 1.614896354262860823e-01 1.061025935828262441e-02 1.490930117524755932e-02 0.000000000000000000e+00 1.774500311796895283e-02 0.000000000000000000e+00 0.000000000000000000e+00 1.044361229538402908e-01 8.143797070443763381e-04 1.802944655795332418e-01 8.551995128845076705e-03 1.335217346206754585e-01 0.000000000000000000e+00 3.545015310965261152e-02 2.182441671435754807e-02 0.000000000000000000e+00 0.000000000000000000e+00 0.000000000000000000e+00
0.000000000000000000e+00 3.201310748635388670e-02 0.000000000000000000e+00 1.474619827876215254e-02 0.000000000000000000e+00 0.000000000000000000e+00 1.847308954431735317e-01 1.889346964720505506e-01 0.000000000000000000e+00 1.484290464756381767e-01 0.000000000000000000e+00 0.000000000000000000e+00 0.000000000000000000e+00 0.000000000000000000e+00 1.376901600811371584e-01 0.000000000000000000e+00 0.000000000000000000e+00 0.000000000000000000e+00 3.278600528959744499e-03 3.933052009588563699e-03 0.000000000000000000e+00 4.573279526404329387e-02 2.231786844177476720e-02 4.061319051519753087e-02 1.775803890033208210e-01
1.172548149939688523e-03 2.349764954627166225e-03 1.257048234313641877e-01 0.000000000000000000e+00 0.000000000000000000e+00 0.000000000000000000e+00 1.500380896843257067e-02 0.000000000000000000e+00 8.711311351426588578e-03 4.686049646514055950e-02 0.000000000000000000e+00 3.165526748374779265e-02 2.566598806604595846e-03 7.646690784123933576e-03 1.202211939726030854e-01 1.569926077324407601e-02 8.355046193112007635e-02 1.278298094752850778e-01 0.000000000000000000e+00 3.617008532138518001e-02 0.000000000000000000e+00 0.000000000000000000e+00 0.000000000000000000e+00 6.239664353767163801e-02 3.124612345932838431e-01
7.042217710303669276e-02 1.481444838105741048e-02 0.000000000000000000e+00 0.000000000000000000e+00 7.390218993072276976e-02 0.000000000000000000e+00 0.000000000000000000e+00 1.701646000911676282e-01 1.823634756836955972e-02 9.146612624025424187e-02 0.000000000000000000e+00 2.295681924388427719e-02 0.000000000000000000e+00 8.990417303303827046e-03 1.212502017272722443e-01 0.000000000000000000e+00 0.000000000000000000e+00 4.012679691006675042e-02 4.093954838050365558e-02 0.000000000000000000e+00 0.000000000000000000e+00 2.834892275961437558e-01 1.394387405337861076e-02 3.338003574499097143e-03 2.595922189633952451e-02
0.000000000000000000e+00 8.041148178437674057e-03 1.271715463836764204e-01 7.173421453990774799e-02 9.740323431087648601e-03 0.000000000000000000e+00 1.414766039747334704e-02 0.000000000000000000e+00 2.684468117430196827e-03 9.687607220974470135e-02 0.000000000000000000e+00 1.576232198829538578e-02 0.000000000000000000e+00 0.000000000000000000e+00 7.273255609458879889e-02 0.000000000000000000e+00 1.532090380810293695e-01 1.183348780120548338e-01 0.000000000000000000e+00 0.000000000000000000e+00 0.000000000000000000e+00 0.000000000000000000e+00 8.838218560237134577e-03 3.112045048044058404e-02 2.696071035255961368e-01
0.000000000000000000e+00 0.000000000000000000e+00 1.595733556143028031e-01 0.000000000000000000e+00 5.676526788295196795e-03 0.000000000000000000e+00 1.716062836930320190e-01 4.641632825872267845e-03 1.025117861649628703e-01 7.058569283932149274e-02 0.000000000000000000e+00 6.392264626860376386e-02 4.072848099146238535e-03 0.000000000000000000e+00 8.516540678910218543e-02 9.024528554496971319e-03 0.000000000000000000e+00 1.553832682516971542e-01 4.278693217052256109e-02 0.000000000000000000e+00 0.000000000000000000e+00 0.000000000000000000e+00 0.000000000000000000e+00 1.175547124430828400e-01 7.494379497561634053e-03
1.023324874272365653e-01 1.501817881936465086e-02 0.000000000000000000e+00 0.000000000000000000e+00 5.010459309208070006e-02 0.000000000000000000e+00 1.617813366661935981e-01 0.000000000000000000e+00 9.733100019691647009e-02 5.313054093034019071e-03 0.000000000000000000e+00 5.717083676098143157e-03 0.000000000000000000e+00 0.000000000000000000e+00 9.648433990727847687e-02 0.000000000000000000e+00 5.490225822538928081e-03 2.197207841740064227e-01 1.416364262912976069e-01 4.282840304739361781e-03 0.000000000000000000e+00 3.205878407035076677e-02 0.000000000000000000e+00 6.142812377369762100e-02 1.300741685166661695e-03
8.626297453474863347e-03 4.799660682467651179e-02 1.488497608216838852e-01 7.099002592496543584e-02 1.117933914335044743e-01 0.000000000000000000e+00 0.000000000000000000e+00 7.652635636514988626e-02 9.649212376055227650e-03 0.000000000000000000e+00 0.000000000000000000e+00 1.320725136048319093e-01 0.000000000000000000e+00 0.000000000000000000e+00 1.182099979467783057e-01 0.000000000000000000e+00 7.174424632613429775e-02 0.000000000000000000e+00 0.000000000000000000e+00 0.000000000000000000e+00 0.000000000000000000e+00 1.139176095740960376e-02 2.680403449275222186e-02 0.000000000000000000e+00 1.653457954725833789e-01
