1.678979590457086446e-01 1.790987147815759628e-01 2.223391081510393396e-04 1.835003390378771304e-01 0.000000000000000000e+00 8.948727500898248644e-02 0.000000000000000000e+00 4.582356293617440360e-03 0.000000000000000000e+00 0.000000000000000000e+00 0.000000000000000000e+00 2.450531494904572075e-02 0.000000000000000000e+00 0.000000000000000000e+00 0.000000000000000000e+00 2.901414919144610412e-03 2.123511653527951001e-02 1.271454691734613951e-01 4.736078438103199367e-02 1.520629167661242676e-01
9.464601645977006872e-02 0.000000000000000000e+00 2.396883553771879394e-02 2.034722189028903838e-01 0.000000000000000000e+00 1.895312842666302400e-01 0.000000000000000000e+00 2.002608543469552860e-02 1.626835811914339458e-01 0.000000000000000000e+00 4.471315922916786409e-03 0.000000000000000000e+00 0.000000000000000000e+00 6.769163867019409309e-02 7.398856015598577474e-02 0.000000000000000000e+00 0.000000000000000000e+00 8.463490674711634599e-04 6.320802480359386097e-04 1.580420341422570929e-01
8.306419395163221198e-02 1.594042122784848914e-01 2.066788244472437044e-03 1.502080194684875247e-01 2.858119356634914246e-02 1.392562493957313907e-01 9.961915598065500255e-02 8.486615311236088421e-02 1.071676482142306036e-03 0.000000000000000000e+00 2.105023363598444025e-03 6.896502841540995410e-02 0.000000000000000000e+00 8.560024952723852346e-03 0.000000000000000000e+00 0.000000000000000000e+00 0.000000000000000000e+00 1.757776240550871821e-04 1.251029092523157048e-02 1.595462122386653026e-01
1.857444509342568439e-01 9.568614460134280963e-02 0.000000000000000000e+00 0.000000000000000000e+00 1.429507174914075411e-02 1.338177514806702245e-02 8.121808723279354270e-02 4.866389995699207157e-04 3.067842298752964172e-02 5.185002313321413620e-02 0.000000000000000000e+00 1.350481603199222003e-01 1.927075646152660027e-01 3.260112772576634951e-03 0.000000000000000000e+00 0.000000000000000000e+00 3.376293834225416006e-03 0.000000000000000000e+00 1.922672536720951286e-01 0.000000000000000000e+00
0.000000000000000000e+00 1.689492258727831250e-02 0.000000000000000000e+00 1.102799099576573516e-02 1.527599964150668510e-01 1.367699796512708565e-01 1.949140272988285696e-02 4.733254886758442304e-02 1.651796263722543276e-02 0.000000000000000000e+00 0.000000000000000000e+00 5.342976135304255969e-02 9.332330941362414201e-02 0.000000000000000000e+00 2.939393024673583703e-03 0.000000000000000000e+00 0.000000000000000000e+00 0.000000000000000000e+00 2.818893054718218938e-01 1.676234268527634907e-01
1.397325558412812196e-01 1.671855230880768262e-01 0.000000000000000000e+00 0.000000000000000000e+00 1.415061499280294011e-01 2.842515576474670125e-01 1.775453331417540387e-02 2.994930023950781450e-02 2.559461716167441350e-02 0.000000000000000000e+00 0.000000000000000000e+00 5.135101474099976193e-02 0.000000000000000000e+00 0.000000000000000000e+00 0.000000000000000000e+00 6.966455677909051680e-03 6.764733077242182646e-02 1.102634949333190984e-04 6.192584664869205113e-02 6.024851444831792399e-03
7.035701264484972572e-02 2.076869010483800571e-02 0.000000000000000000e+00 1.799070000303915340e-01 5.072126888321811661e-02 1.465163730570712974e-01 0.000000000000000000e+00 3.028335054521780201e-02 1.444277457425729473e-02 0.000000000000000000e+00 0.000000000000000000e+00 3.117666272783055012e-02 1.896411573404233747e-02 1.006242314937487031e-01 0.000000000000000000e+00 0.000000000000000000e+00 1.628675780062055489e-01 0.000000000000000000e+00 1.471065765403669623e-01 2.626436565796221728e-02
1.514122982172200205e-01 1.565753680727911545e-01 0.000000000000000000e+00 4.488494656765390327e-03 1.425559507660118519e-01 1.363702113263524484e-03 0.000000000000000000e+00 0.000000000000000000e+00 2.407450750795665437e-02 0.000000000000000000e+00 0.000000000000000000e+00 1.065776067304332192e-01 0.000000000000000000e+00 1.344360254571144997e-01 0.000000000000000000e+00 0.000000000000000000e+00 2.286457013774801511e-02 1.856806492664175509e-02 9.947419908228616325e-02 1.376092123317677052e-01
0.000000000000000000e+00 1.766020332313565366e-01 1.431552038325939295e-02 2.026636017763484843e-01 1.616384585049493727e-01 1.563032143785203498e-01 0.000000000000000000e+00 0.000000000000000000e+00 0.000000000000000000e+00 0.000000000000000000e+00 0.000000000000000000e+00 5.744994784456706853e-03 6.019377407080755624e-03 0.000000000000000000e+00 1.791715566164704121e-01 0.000000000000000000e+00 1.802676258767066603e-03 6.112887312511079306e-04 7.488580461495601692e-02 2.024147331258386445e-02
2.658722764287963988e-02 1.481410316483820211e-01 1.765236129537953516e-02 1.421911333775730500e-02 1.515867298114239869e-01 5.409571560083909630e-02 7.975294263258537325e-03 2.926035157171137657e-02 6.099715136966468026e-02 0.000000000000000000e+00 0.000000000000000000e+00 1.341490280711431227e-01 2.100013291049946870e-02 8.669645615905158600e-03 1.448934709071880156e-01 0.000000000000000000e+00 0.000000000000000000e+00 0.000000000000000000e+00 4.790123018479388456e-02 1.328715157691740811e-01
0.000000000000000000e+00 1.837130289439997764e-03 0.000000000000000000e+00 2.061264286431637449e-01 1.090336716109731319e-02 1.579834393049080465e-01 1.752965488166096297e-03 0.000000000000000000e+00 2.419392364681618914e-03 0.000000000000000000e+00 1.285165448024202378e-02 1.126259733921708001e-01 1.906788403302984991e-01 1.429363276308968575e-02 3.224590391705310644e-02 1.366987483927821490e-01 4.746382586014080002e-02 2.984486232934750738e-02 4.227383528341852742e-02 0.000000000000000000e+00
1.353762193943252624e-03 1.150835516294499150e-01 1.618927840121437518e-03 0.000000000000000000e+00 6.808740979360503043e-02 7.761022056278472567e-03 0.000000000000000000e+00 2.520042521076251360e-02 1.496096550814598192e-01 0.000000000000000000e+00 0.000000000000000000e+00 1.114256666592294276e-01 0.000000000000000000e+00 1.263553086697778716e-01 6.102834490160406050e-02 1.214507887522904839e-01 2.012720411979375488e-03 0.000000000000000000e+00 1.437768864733415253e-01 6.523553032615694858e-02
4.204600238786650873e-02 1.260466537094157013e-01 3.659261414243169305e-03 8.471614364332683000e-02 0.000000000000000000e+00 1.499585019485676907e-01 7.935597026407113785e-02 9.040312194969130077e-02 0.000000000000000000e+00 1.655559111060159877e-02 3.782441641176567670e-02 1.395901080204779710e-01 8.657217349590178024e-02 0.000000000000000000e+00 2.592968804824674622e-02 0.000000000000000000e+00 1.035976243078291642e-01 0.000000000000000000e+00 1.374474328799478971e-02 0.000000000000000000e+00
1.062628159904394909e-01 9.995515701258825270e-02 6.527142977638413467e-03 1.801229094727899993e-01 0.000000000000000000e+00 8.597408702588990592e-02 0.000000000000000000e+00 0.000000000000000000e+00 0.000000000000000000e+00 0.000000000000000000e+00 0.000000000000000000e+00 1.052421496093850894e-03 1.966180700010226046e-01 1.355786136832408395e-01 1.741319069559333910e-01 0.000000000000000000e+00 9.351700700884433073e-03 0.000000000000000000e+00 4.425174683478936243e-03 0.000000000000000000e+00
1.015124658375065290e-02 8.718808640784994624e-02 3.852692091418599262e-03 2.286797800179282344e-02 1.392780524007398157e-01 1.135009575506971541e-01 0.000000000000000000e+00 5.739158762671863617e-02 1.415718811523844489e-02 0.000000000000000000e+00 0.000000000000000000e+00 5.105433115395696664e-02 0.000000000000000000e+00 2.785415179784835049e-02 1.501558769173673147e-01 4.075078838368539728e-03 0.000000000000000000e+00 7.438847724875009837e-02 7.450622710908565149e-02 1.695780681564170167e-01
0.000000000000000000e+00 3.211052055375205987e-03 3.249497065805852236e-02 1.821833265027382187e-01 3.832254092364370535e-02 1.460276311100903446e-01 1.717036707482715377e-02 7.623775449400307935e-02 5.771236551994931435e-02 0.000000000000000000e+00 0.000000000000000000e+00 0.000000000000000000e+00 1.534521710652242410e-01 0.000000000000000000e+00 1.848964055319607114e-01 0.000000000000000000e+00 0.000000000000000000e+00 8.790094690276344103e-02 0.000000000000000000e+00 2.039046816136607168e-02
2.134814642427727838e-01 0.000000000000000000e+00 4.251568314114743258e-02 5.555632926586092507e-02 7.141550232688627375e-02 1.423598363501879516e-01 5.871337965354429117e-03 1.232617099194622812e-01 5.775859372285462034e-02 0.000000000000000000e+00 3.494922052852473399e-03 2.539802025756395659e-02 0.000000000000000000e+00 3.953051402790579844e-02 0.000000000000000000e+00 5.356432861306385969e-03 3.714857961213335197e-02 0.000000000000000000e+00 3.950730147379074436e-02 1.373437727799206309e-01
3.004098860539041946e-02 1.210973380971858970e-01 0.000000000000000000e+00 5.262978312559779895e-03 2.125011290797894446e-03 2.085909697722430553e-02 1.078382923341788119e-01 7.107851498314747551e-02 6.076247550524884605e-02 0.000000000000000000e+00 0.000000000000000000e+00 2.861927185199970858e-02 1.368469078806968386e-01 2.896448160251558369e-03 0.000000000000000000e+00 0.000000000000000000e+00 5.041468876075295980e-02 0.000000000000000000e+00 1.839804976812315640e-01 1.781774895593339902e-01
4.046294934589993696e-03 1.481628340668179056e-01 8.084535094520997611e-02 6.412604914561896574e-02 1.553138649191456444e-01 1.769851090746190139e-02 0.000000000000000000e+00 0.000000000000000000e+00 2.872503151712227365e-02 3.224854292142086132e-02 0.000000000000000000e+00 6.756622727580749443e-02 0.000000000000000000e+00 2.217218112703453481e-02 1.601981139029994838e-01 0.000000000000000000e+00 0.000000000000000000e+00 1.591481101455563887e-02 1.402663531217277458e-02 1.889555520100425767e-01
1.392510917241781589e-02 0.000000000000000000e+00 0.000000000000000000e+00 5.200823407620448063e-03 2.032184154921680974e-01 2.574930878365990772e-01 3.263724472754939154e-02 0.000000000000000000e+00 2.909090898264249034e-02 0.000000000000000000e+00 0.000000000000000000e+00 6.803028036202506124e-02 0.000000000000000000e+00 5.748045305042464833e-04 4.946813935652567135e-03 0.000000000000000000e+00 1.961802081800883418e-02 0.000000000000000000e+00 1.817291030147005770e-01 1.835353877201114647e-01
4.510453146149150105e-02 4.321172456353290087e-02 0.000000000000000000e+00 2.071614905643266724e-02 2.633031488207755733e-02 1.126808316370263435e-01 2.299587524810251318e-02 6.910189673961421308e-02 5.352373833521869434e-02 0.000000000000000000e+00 0.000000000000000000e+00 1.703811240253448878e-01 1.279699539542238917e-01 1.280424240522770596e-01 4.809809024101335470e-03 6.398263694186561920e-03 0.000000000000000000e+00 0.000000000000000000e+00 0.000000000000000000e+00 1.687333633263699006e-01
7.489856149288707729e-03 1.478288724405558696e-01 0.000000000000000000e+00 1.833471432609120322e-01 2.274001092831753022e-03 3.243592846275922953e-02 0.000000000000000000e+00 8.930184200777947084e-03 1.051648546112001897e-01 0.000000000000000000e+00 1.117402663514275836e-03 1.426205386318019352e-01 0.000000000000000000e+00 0.000000000000000000e+00 3.327180832531011472e-03 6.348984949624139618e-02 0.000000000000000000e+00 6.579938331402736436e-03 1.592014726362827592e-01 1.361927771899001383e-01
5.639476496977194331e-02 3.377218448467741302e-02 0.000000000000000000e+00 3.177095985294457747e-02 0.000000000000000000e+00 1.456533138389579374e-01 4.095433170145099111e-02 8.560605509171591819e-04 2.585018255432779827e-02 0.000000000000000000e+00 0.000000000000000000e+00 6.392600915600955835e-02 1.334306309715088401e-01 1.393762658279627809e-01 0.000000000000000000e+00 1.234212771231740433e-02 0.000000000000000000e+00 0.000000000000000000e+00 1.746787674018310255e-01 1.409944009773225482e-01
7.554058219591355816e-02 9.730808576427016354e-02 0.000000000000000000e+00 4.827878485735043190e-02 0.000000000000000000e+00 1.460295520681666182e-01 1.189911897510839145e-01 1.005492480137746281e-01 7.450231685918602687e-02 0.000000000000000000e+00 0.000000000000000000e+00 0.000000000000000000e+00 7.512819944759643355e-03 1.050639257683787589e-02 0.000000000000000000e+00 0.000000000000000000e+00 0.000000000000000000e+00 0.000000000000000000e+00 1.540074225619459114e-01 1.667736054067112950e-01
5.795767460925686787e-02 1.203677127594626473e-01 8.293661561204994717e-03 7.299535408049011298e-02 1.541221626735940486e-01 0.000000000000000000e+00 1.477369818612948860e-01 5.005167650202823693e-04 5.832302456814689867e-02 0.000000000000000000e+00 0.000000000000000000e+00 0.000000000000000000e+00 1.844730420239581135e-03 1.316092179755617431e-01 3.866125423661495846e-03 3.207617134563484768e-02 2.619098552408866826e-02 0.000000000000000000e+00 1.379517172634338318e-02 1.703205087059995460e-01
1.509699055677920232e-01 5.667568171142604166e-02 0.000000000000000000e+00 2.891406848792008391e-02 8.066467499011908959e-02 0.000000000000000000e+00 3.368663637007739131e-02 3.541574156659287737e-02 1.806016512680218566e-01 6.323022572020625676e-02 8.464393514727039380e-03 1.281715684997588034e-01 0.000000000000000000e+00 2.506946289169432671e-02 0.000000000000000000e+00 0.000000000000000000e+00 1.532177436207329546e-01 1.931507067083047119e-02 5.671125477504098712e-03 2.993204964259679052e-02
2.518789695514012106e-02 1.639009574692715243e-01 0.000000000000000000e+00 3.445902270043166848e-01 0.000000000000000000e+00 2.429665927608265150e-02 0.000000000000000000e+00 1.498654576080213352e-01 7.652443695600505413e-02 0.000000000000000000e+00 0.000000000000000000e+00 3.518764666992622771e-03 7.771388243604366447e-03 0.000000000000000000e+00 1.105760271375004350e-01 0.000000000000000000e+00 6.135167295921266622e-04 6.269260708740542754e-02 1.898479809166618223e-02 1.147726277440153618e-02
0.000000000000000000e+00 6.469568879774303949e-02 2.015218134550958787e-02 0.000000000000000000e+00 1.548797870219901507e-01 1.433757698186329255e-01 3.047848420528350560e-02 6.076454099799702413e-02 1.382455717102186324e-03 0.000000000000000000e+00 0.000000000000000000e+00 2.931159029991764128e-02 1.025934105476323209e-02 0.000000000000000000e+00 8.831825816955417990e-03 0.000000000000000000e+00 0.000000000000000000e+00 1.429217777417130519e-01 1.776238679232335638e-01 1.553226892591585695e-01
3.019548851949755038e-03 1.583916310713024411e-01 0.000000000000000000e+00 5.709995163423903231e-02 1.218242554553902041e-01 4.929460168606863979e-02 3.659164075809248629e-02 8.783730602501416823e-04 1.822105342126364297e-02 0.000000000000000000e+00 0.000000000000000000e+00 2.681526732857341111e-01 0.000000000000000000e+00 2.810527877446361567e-02 0.000000000000000000e+00 8.630157130702212354e-02 0.000000000000000000e+00 0.000000000000000000e+00 7.359935320132621108e-04 1.713834271622104166e-01
1.848880316663439327e-01 8.160604212357470966e-02 5.397532225137019295e-03 1.536294395766340526e-01 0.000000000000000000e+00 6.538572004316033732e-04 1.519190185669825558e-03 7.161543034145002873e-02 2.707450965519114100e-02 0.000000000000000000e+00 0.000000000000000000e+00 1.858706016850521781e-01 0.000000000000000000e+00 5.039209266756407291e-02 1.730298354969804220e-01 1.076984715571956304e-02 0.000000000000000000e+00 0.000000000000000000e+00 0.000000000000000000e+00 5.355359002025148613e-02
4.365823598421581658e-02 1.346269545972589576e-01 0.000000000000000000e+00 2.692193617665915653e-02 9.948509325735062359e-02 1.348313304331405157e-02 5.932307128098751603e-02 0.000000000000000000e+00 0.000000000000000000e+00 0.000000000000000000e+00 4.924641445731140800e-03 1.102602948278977174e-01 7.231827345791397299e-02 3.916779330134557979e-02 0.000000000000000000e+00 1.825344216307262651e-02 0.000000000000000000e+00 1.112808547275374593e-01 0.000000000000000000e+00 2.662962757367153266e-01
0.000000000000000000e+00 1.353266416424510066e-01 0.000000000000000000e+00 3.036932144172358253e-02 0.000000000000000000e+00 1.402902135095505654e-01 8.180132533602453571e-03 1.567474159296569766e-03 1.643642132829800651e-01 0.000000000000000000e+00 0.000000000000000000e+00 3.234098336459140244e-02 0.000000000000000000e+00 1.398509502916319425e-01 6.624208520751234154e-03 0.000000000000000000e+00 0.000000000000000000e+00 0.000000000000000000e+00 1.700069233245628808e-01 1.710789379288583933e-01
1.366215859936731336e-02 1.875267530162171015e-02 2.232752276032202911e-03 7.916414485867016848e-02 6.604642965649347441e-02 5.187075975324470511e-02 6.166436154375207895e-03 3.706952198689742947e-03 2.333827470609396160e-01 0.000000000000000000e+00 0.000000000000000000e+00 1.251035496153704851e-01 5.896825023288843060e-02 5.406785622271207542e-03 6.038629409529479297e-02 3.216818409948637297e-02 0.000000000000000000e+00 2.814043994887314298e-02 4.292458701965966295e-02 1.719168535067218118e-01
4.088703772680225834e-02 1.191961654592858244e-01 4.236370669823390049e-03 4.295290548409302217e-02 5.479860467524775430e-02 1.438422000271110945e-01 1.784398233074918063e-04 6.216921040909165197e-03 2.673209587478424590e-02 3.703014246289816364e-03 1.599234807588002490e-03 1.239482837063805437e-01 1.735720611926751811e-01 0.000000000000000000e+00 8.108320731841164516e-03 6.697615367645099772e-03 1.213972500905336344e-01 1.135749837661179920e-03 5.564602585676613200e-02 6.515170338125481075e-02
0.000000000000000000e+00 1.392778575627355575e-01 0.000000000000000000e+00 9.660924091542129333e-02 1.600732905754536639e-01 2.359685701182170081e-01 4.450530291523345505e-02 5.875473926257717555e-02 6.767380188690767795e-02 0.000000000000000000e+00 0.000000000000000000e+00 0.000000000000000000e+00 1.617725298979171044e-03 2.471832629917302890e-02 0.000000000000000000e+00 0.000000000000000000e+00 0.000000000000000000e+00 4.480121200187540259e-03 1.663210239651142508e-01 0.000000000000000000e+00
0.000000000000000000e+00 8.204757552210832638e-02 0.000000000000000000e+00 2.120572075404051487e-02 1.360016316264549552e-01 8.448567147238608688e-02 9.717614530653129190e-02 4.721569452361213531e-02 4.934131245607400323e-03 2.220854693849281386e-02 0.000000000000000000e+00 1.296427557977041789e-01 1.641338136574705953e-01 9.088170064730179132e-03 4.454929967679582131e-03 1.340705892536849485e-02 6.886365049050199860e-04 1.760733867884387363e-02 0.000000000000000000e+00 1.657021790140646156e-01
2.069097968595175890e-02 5.138581464590923596e-03 0.000000000000000000e+00 0.000000000000000000e+00 0.000000000000000000e+00 1.215581124703174198e-01 2.121985350875727622e-02 6.185632198045414726e-02 0.000000000000000000e+00 2.702259281024060617e-03 0.000000000000000000e+00 7.803449939436177263e-02 1.633418580715487456e-01 1.729269506611165116e-02 1.828270055115595871e-01 8.401591683064721025e-04 0.000000000000000000e+00 1.148444642509460489e-01 2.629289949569573945e-03 2.070239201965005382e-01
0.000000000000000000e+00 9.846292124060571083e-02 0.000000000000000000e+00 1.522317393672373009e-01 3.230545343962244569e-03 1.075358950076150677e-01 0.000000000000000000e+00 7.838779287846611710e-02 2.474177296993992914e-02 0.000000000000000000e+00 7.882548211298145285e-03 1.387920576907419601e-01 0.000000000000000000e+00 7.270896763168418868e-03 1.003697326265621387e-02 2.629847495517406448e-03 0.000000000000000000e+00 0.000000000000000000e+00 1.770311623983119309e-01 1.917658473704794697e-01
0.000000000000000000e+00 0.000000000000000000e+00 0.000000000000000000e+00 0.000000000000000000e+00 3.300171101786434930e-03 1.869674559417901505e-01 6.227446397345680860e-03 0.000000000000000000e+00 2.398206676702511475e-01 0.000000000000000000e+00 0.000000000000000000e+00 0.000000000000000000e+00 0.000000000000000000e+00 1.015861197726287413e-01 5.800926455117787726e-03 6.107190346219732585e-02 0.000000000000000000e+00 3.831908415753293960e-03 2.114851409338167343e-01 1.799082598493127461e-01
1.040039415306420884e-01 1.590234070803690225e-01 0.000000000000000000e+00 3.693547149317891881e-02 1.603521375980171415e-01 2.324625390223064927e-02 4.049085062135551923e-03 1.718369213359299125e-02 9.646441550696238654e-02 0.000000000000000000e+00 0.000000000000000000e+00 0.000000000000000000e+00 0.000000000000000000e+00 0.000000000000000000e+00 3.321530632584877157e-02 0.000000000000000000e+00 1.111215073443218120e-03 1.960294815219370268e-01 1.515463955399075080e-01 1.683919723173463515e-02
8.256798156446525094e-03 7.090073830901255647e-02 0.000000000000000000e+00 8.798883486457954872e-02 1.437421988949024246e-02 7.169662774105270593e-03 8.407979334013859427e-03 0.000000000000000000e+00 8.164859276736416427e-02 0.000000000000000000e+00 0.000000000000000000e+00 9.793772023646321601e-02 2.624954715124156596e-02 1.324694799056873595e-01 1.374562890692647144e-01 1.052587762495801882e-01 0.000000000000000000e+00 1.736717911210995322e-02 3.308040411394484043e-02 1.714337780666959632e-01
1.477866104246870760e-01 4.721239356833903389e-02 1.211535975142511989e-01 1.235524682968488011e-02 6.038161360351186613e-03 1.448976798458226634e-01 2.462586245797106221e-02 1.629988495517734337e-01 0.000000000000000000e+00 0.000000000000000000e+00 0.000000000000000000e+00 5.084075520440898416e-02 4.242786707696099419e-02 1.739615809032934524e-03 4.723417901268153751e-02 8.518304613744788478e-02 5.307385798811882494e-02 0.000000000000000000e+00 0.000000000000000000e+00 5.243227721846822204e-02
0.000000000000000000e+00 5.131100659197346953e-02 0.000000000000000000e+00 8.509991581281156625e-03 1.617197973918698128e-01 0.000000000000000000e+00 0.000000000000000000e+00 1.500195206430024811e-02 6.908668451661988119e-02 0.000000000000000000e+00 0.000000000000000000e+00 3.734175973791909603e-02 2.080686703408347882e-02 1.301913015930141193e-01 1.630653428067856256e-03 1.848618698463508001e-02 3.201705080311057286e-03 1.487310219564482727e-01 1.678560846286365482e-01 1.661249874108399194e-01
1.661984857158511630e-01 1.422470550684527824e-01 1.143098363458896691e-02 4.864709970137773981e-02 2.000608733389864710e-02 0.000000000000000000e+00 3.326230239977797948e-03 0.000000000000000000e+00 6.947855948082139015e-03 0.000000000000000000e+00 0.000000000000000000e+00 1.167784001835453639e-01 1.608241923157473496e-01 0.000000000000000000e+00 1.412275780043508898e-03 0.000000000000000000e+00 0.000000000000000000e+00 1.020856711500948422e-01 2.988271017734079205e-03 2.171073919106056294e-01
1.576860975654446606e-01 2.847885667226172403e-03 2.157945565319874335e-03 2.984614742608546721e-03 1.371723080149834517e-01 0.000000000000000000e+00 7.389716624914230425e-02 0.000000000000000000e+00 0.000000000000000000e+00 0.000000000000000000e+00 0.000000000000000000e+00 0.000000000000000000e+00 2.047035613872054682e-01 1.364576258052329905e-01 2.443033516743141620e-01 0.000000000000000000e+00 0.000000000000000000e+00 0.000000000000000000e+00 3.451096208444623392e-02 3.278481244076100667e-03
1.015284598667773458e-01 1.280903407365295010e-01 0.000000000000000000e+00 1.104240757613359492e-01 0.000000000000000000e+00 5.212046393239811934e-03 6.512461304558755590e-03 1.333922834737962526e-01 3.880560910914562095e-02 9.071734697050274840e-03 1.294626083615132636e-02 1.312355275345235550e-01 8.430867309754795647e-02 5.010238579775360551e-02 3.070586106649777353e-02 2.226954741605389337e-02 0.000000000000000000e+00 4.855878659484914699e-03 1.199982217761213499e-01 1.054063247343209678e-02
1.658373886900281202e-01 3.939860018637998673e-02 1.125655175977569311e-01 6.525350149104396438e-03 2.551422398873761169e-02 4.531266812674469152e-02 0.000000000000000000e+00 0.000000000000000000e+00 5.967619268936000948e-02 0.000000000000000000e+00 0.000000000000000000e+00 2.790973689757591386e-02 8.131809156694506935e-02 1.857437662908912324e-01 5.330810026507635385e-02 3.669958494941094693e-03 0.000000000000000000e+00 0.000000000000000000e+00 8.696376430878350813e-03 1.845240286255802054e-01
0.000000000000000000e+00 8.082686321594202694e-02 1.101693414027064000e-01 4.076019275254254282e-02 1.644191578830160316e-01 1.432741224572313676e-01 7.605979314783563490e-03 0.000000000000000000e+00 0.000000000000000000e+00 0.000000000000000000e+00 0.000000000000000000e+00 7.452773283966662721e-02 0.000000000000000000e+00 9.828724621106899040e-03 0.000000000000000000e+00 5.191469456269334065e-02 1.064667127450679568e-01 1.346383342242511195e-02 1.626665775538994607e-01 3.407606722891876050e-02
3.601205902701583306e-02 1.396965254671559964e-01 0.000000000000000000e+00 2.616604504335866554e-01 0.000000000000000000e+00 0.000000000000000000e+00 7.679077069310206310e-03 6.014356867066931490e-03 1.261423962383795283e-03 3.656778725041636563e-02 1.761793148384366292e-02 1.449573813667992817e-01 0.000000000000000000e+00 4.378644934455371007e-02 0.000000000000000000e+00 1.771586602357784436e-04 0.000000000000000000e+00 0.000000000000000000e+00 1.643429092952360948e-01 1.402264897723956572e-01
1.699769829798149223e-01 0.000000000000000000e+00 2.331662321841564221e-03 5.161371280390593397e-02 0.000000000000000000e+00 5.277138372316678844e-02 0.000000000000000000e+00 0.000000000000000000e+00 3.298716835188610780e-02 0.000000000000000000e+00 0.000000000000000000e+00 1.020787229461449092e-01 0.000000000000000000e+00 1.477733600260825175e-01 0.000000000000000000e+00 1.103813762998250014e-01 3.239978999804199629e-03 0.000000000000000000e+00 2.802177735079127707e-01 4.662787803961519068e-02
