0.000000000000000000e+00 5.385302256216738595e-03 1.804203307702043416e-02 1.857222685185940664e-02 3.979211433071256493e-02 7.226371427220167065e-02 1.822432552474651662e-02 0.000000000000000000e+00 1.923092790316863546e-02 2.226496284007941848e-02 0.000000000000000000e+00 3.208266166530034796e-02 8.025629249823858224e-02 4.098336705199737834e-02 2.497245157598003695e-01 4.899131218241714776e-03 8.773362930473131704e-02 1.137129852386755124e-01 1.715937343861661038e-02 6.542991167321489734e-03 1.856857548459804082e-05 6.392450401083313305e-03 0.000000000000000000e+00 2.279284207269625592e-02 1.239255845518071608e-01
1.755103056793665627e-04 1.240725594323465776e-02 3.274643909483786891e-02 6.575385063486336411e-04 1.521578731512176486e-01 8.882185445397986628e-03 1.149766527126856452e-01 1.015832131496213590e-02 6.850046093707159046e-04 1.019759748731345617e-01 7.441001890849572101e-03 1.845665703930349233e-01 0.000000000000000000e+00 0.000000000000000000e+00 3.523587208050135006e-02 0.000000000000000000e+00 0.000000000000000000e+00 1.294272099234635431e-01 0.000000000000000000e+00 0.000000000000000000e+00 1.513277180525272403e-03 1.056657353406357559e-02 7.444727084357494196e-02 0.000000000000000000e+00 1.219794681971175243e-01
0.000000000000000000e+00 0.000000000000000000e+00 4.951631237309547795e-02 0.000000000000000000e+00 1.152003463942483791e-01 0.000000000000000000e+00 1.543617788274505992e-02 1.249242462043535645e-01 9.232104227202306279e-02 1.407117107506541953e-02 8.993394910477943080e-03 1.741898863330564873e-01 8.956172430497507525e-03 2.547789613688778571e-03 1.525030100586631521e-01 0.000000000000000000e+00 0.000000000000000000e+00 5.991230718399305488e-02 6.374051510903450124e-03 1.119327180318848425e-01 0.000000000000000000e+00 3.695711188661156971e-02 0.000000000000000000e+00 2.008834118485383104e-03 2.415542772020688733e-02
1.827270335042532196e-02 0.000000000000000000e+00 7.285628024348991816e-02 2.275791476824596746e-02 8.855184033841946578e-02 1.493847837016347609e-02 0.000000000000000000e+00 1.717450940585374050e-02 1.487239567135302531e-01 1.587828793915158077e-01 0.000000000000000000e+00 1.439107880415149421e-01 0.000000000000000000e+00 0.000000000000000000e+00 2.008301741894166770e-02 2.726991377796243038e-02 0.000000000000000000e+00 3.217363986293397121e-02 9.734835242712785996e-02 8.449880689494633501e-02 0.000000000000000000e+00 2.769777424646187661e-02 0.000000000000000000e+00 1.123040899517503341e-02 1.372873575329211678e-02
4.470704086605450933e-03 2.286246190357675567e-02 9.437435586615722238e-03 1.331670177580482686e-02 2.697834584472012798e-02 0.000000000000000000e+00 1.873889438194891073e-03 1.609802137313008086e-01 8.325156784673191923e-02 1.502387012299583914e-02 9.205542362364569492e-03 1.178621942491277566e-02 3.572545926456743241e-03 0.000000000000000000e+00 1.876294381110980847e-01 1.056422453962776661e-03 3.557630469582625382e-02 2.066279466141490370e-02 2.009960972782947469e-02 1.671036282455366784e-01 7.112931474714137212e-03 1.247355380562053997e-03 6.618806593291354234e-02 1.255332936213876538e-01 5.030657644474068740e-03
3.199459168365339362e-02 0.000000000000000000e+00 8.788153276497739572e-03 3.724739434030788915e-02 1.482593572013016225e-01 0.000000000000000000e+00 1.555621532942077778e-01 1.563550565044544982e-01 1.166866534510132246e-02 0.000000000000000000e+00 0.000000000000000000e+00 1.290457992609851945e-01 0.000000000000000000e+00 1.506345992468272358e-03 8.009205238504864266e-02 5.852833919789284661e-03 4.281659153993803112e-03 0.000000000000000000e+00 1.508120933617975584e-02 0.000000000000000000e+00 0.000000000000000000e+00 3.861106456420267900e-03 5.605313323957491350e-02 1.161772332689120640e-01 3.817325534110353746e-02
6.450535666497289600e-02 0.000000000000000000e+00 3.526305039670013519e-02 0.000000000000000000e+00 1.431370990581350144e-01 1.041178440587269965e-01 6.906526982410725324e-02 1.359664965453997575e-03 0.000000000000000000e+00 0.000000000000000000e+00 1.169398723182228650e-02 6.706139145857344108e-02 9.735690750847358910e-02 0.000000000000000000e+00 1.338920450128732176e-01 0.000000000000000000e+00 0.000000000000000000e+00 0.000000000000000000e+00 1.046547145625416515e-02 3.475979780379514616e-03 2.661614589928185115e-02 1.482038237725702944e-02 7.447791334349240788e-02 1.351994335592198370e-03 1.413394966279039322e-01
5.425070887300891681e-02 1.149174084756614395e-01 5.247380043036332931e-02 0.000000000000000000e+00 2.527537629497698252e-02 1.009371702317761639e-02 1.656390522751493774e-02 1.086674471031480321e-01 8.413114095425894279e-02 6.180602929897640457e-02 0.000000000000000000e+00 1.553041848699741045e-01 1.770910698887778051e-02 0.000000000000000000e+00 2.184968880800078079e-03 0.000000000000000000e+00 1.782654147600539266e-02 4.471223916785001078e-03 0.000000000000000000e+00 1.736805972962955982e-02 0.000000000000000000e+00 1.284004062667445378e-01 1.061957894152815163e-01 1.025316538271943932e-02 1.210701939209586110e-02
4.715285220590098580e-02 0.000000000000000000e+00 5.820254710805748861e-03 0.000000000000000000e+00 1.305144490556622572e-01 1.935451873254311452e-03 6.926231570506759250e-02 3.920721963018566902e-02 4.780195896750565401e-03 5.061707462176056466e-03 0.000000000000000000e+00 1.333806073635402933e-01 1.827255546059498859e-02 0.000000000000000000e+00 1.282009389035407565e-01 5.544146215909194833e-03 0.000000000000000000e+00 2.727299515215569556e-02 0.000000000000000000e+00 2.326677284282785418e-02 0.000000000000000000e+00 1.091364545101622813e-01 1.324778206664817271e-01 4.131546788528669273e-02 7.739779445969729998e-02
4.435840561310626373e-02 5.507026403637427237e-02 6.087206326814869825e-03 0.000000000000000000e+00 6.028905145587493825e-02 6.165080169977542324e-03 1.572509450978268053e-01 1.405195476202587279e-01 1.460443310081503861e-02 9.022932208461577341e-02 0.000000000000000000e+00 4.238966811635034443e-02 0.000000000000000000e+00 0.000000000000000000e+00 1.812193082534088381e-02 1.093754113446542345e-02 3.500866435588023684e-02 0.000000000000000000e+00 1.254265701703235203e-01 2.087934132922468228e-03 0.000000000000000000e+00 0.000000000000000000e+00 6.006453353923900396e-02 7.307225663029495765e-04 1.306581796535108975e-01
0.000000000000000000e+00 0.000000000000000000e+00 1.736657175445819323e-01 5.406344443126666344e-02 1.477632611892179017e-02 0.000000000000000000e+00 1.685021815752248825e-02 1.211238135619341610e-03 2.170781386964697884e-02 1.610553196954412486e-02 0.000000000000000000e+00 1.542000290837767795e-01 0.000000000000000000e+00 0.000000000000000000e+00 1.112292990089290556e-01 1.688362368318073741e-04 9.532288077997647102e-02 1.308254973002999644e-01 0.000000000000000000e+00 9.462223111792691932e-03 0.000000000000000000e+00 4.371747774342041315e-02 3.694578021194813277e-03 1.332391923747223705e-01 1.975969611195243017e-02
0.000000000000000000e+00 6.633304578405846245e-04 5.670526593162257545e-02 2.792556349686597592e-02 3.231834020674810293e-01 1.406646916407166062e-02 0.000000000000000000e+00 1.579674974020049416e-01 3.214775597636764654e-02 0.000000000000000000e+00 0.000000000000000000e+00 1.428808338855042936e-01 2.501626043409596080e-03 0.000000000000000000e+00 1.049267867644777981e-02 1.153694592717328660e-01 5.645222521665564652e-02 4.889718829296263447e-02 0.000000000000000000e+00 1.074670411703275083e-02 0.000000000000000000e+00 0.000000000000000000e+00 0.000000000000000000e+00 0.000000000000000000e+00 0.000000000000000000e+00
0.000000000000000000e+00 8.236209982259556223e-04 9.665214675919785170e-02 1.411753592803923971e-03 6.329531773438178133e-02 1.603506786790933128e-02 1.503309748272841084e-01 0.000000000000000000e+00 7.074468894161078502e-04 4.150825318082505128e-02 0.000000000000000000e+00 8.916681879033071245e-02 0.000000000000000000e+00 0.000000000000000000e+00 2.333030833958865333e-02 0.000000000000000000e+00 3.070026012665328860e-02 1.915818118336648779e-01 1.355613065003470619e-01 2.230541779725803836e-02 0.000000000000000000e+00 1.130465351350823100e-01 0.000000000000000000e+00 1.029041748887364952e-02 1.325254213815734404e-02
1.528037563119378703e-03 0.000000000000000000e+00 0.000000000000000000e+00 0.000000000000000000e+00 2.696119188618399942e-01 3.395135299838697787e-03 1.436434569586149956e-01 0.000000000000000000e+00 0.000000000000000000e+00 1.224988634347250888e-01 0.000000000000000000e+00 2.715305307617518760e-01 1.108924102909791820e-02 0.000000000000000000e+00 2.653628832991485401e-02 7.101311157232703675e-02 0.000000000000000000e+00 0.000000000000000000e+00 0.000000000000000000e+00 1.157746653718561133e-03 0.000000000000000000e+00 3.646349216398647383e-03 7.434932031865297553e-02 0.000000000000000000e+00 0.000000000000000000e+00
0.000000000000000000e+00 4.715971288629818708e-02 1.672969781492180397e-01 6.200655002047687075e-02 2.385813235796113707e-01 2.788697713070168241e-02 5.795748549738781279e-03 8.986513753128672066e-03 0.000000000000000000e+00 0.000000000000000000e+00 0.000000000000000000e+00 1.452395905158224976e-01 0.000000000000000000e+00 0.000000000000000000e+00 0.000000000000000000e+00 1.214971229728252361e-01 4.978340988442704791e-03 2.723150030748752639e-03 9.732839444245054011e-03 2.934230228579453800e-02 0.000000000000000000e+00 2.684910095952538437e-03 1.096340194680878091e-03 0.000000000000000000e+00 1.249915994023140381e-01
0.000000000000000000e+00 2.277426496337162792e-02 7.379477619302171609e-02 0.000000000000000000e+00 1.079668955627297727e-01 0.000000000000000000e+00 8.767332459788904075e-02 8.658882963219814363e-03 1.076493080111111528e-01 2.304994186902899721e-03 2.043631316226153516e-03 1.485111364523312438e-01 2.749109064835466784e-02 1.156399153162042739e-03 1.061796133771029244e-02 0.000000000000000000e+00 3.662032282182508224e-03 7.573377690850255362e-02 8.548102540173836347e-04 1.168651192759506963e-01 0.000000000000000000e+00 5.097394639431077068e-02 1.040604477704814013e-01 1.943052840300222781e-02 2.777667332552197221e-02
7.081275870004412202e-04 0.000000000000000000e+00 7.593973366075536247e-02 8.028298207234442832e-03 2.862375872134665933e-01 1.349512856887281342e-01 5.543544141443378093e-02 3.486385200298805151e-03 0.000000000000000000e+00 2.494237214843266284e-02 0.000000000000000000e+00 4.142053232853243339e-02 0.000000000000000000e+00 0.000000000000000000e+00 9.081717376171634382e-02 0.000000000000000000e+00 2.435418366315806118e-02 1.069831144664092071e-01 1.631793177292068311e-02 0.000000000000000000e+00 0.000000000000000000e+00 1.118230539117106848e-01 1.061930754541082038e-02 2.281467349957591682e-03 5.654004079833951750e-03
0.000000000000000000e+00 6.314047157512109321e-02 9.960843770440554190e-02 1.315249567744010972e-01 1.098953529338736884e-01 1.077655743084778668e-03 1.098340233267940391e-01 1.200712288359819663e-01 1.669541529484232960e-04 9.632777141469130167e-02 0.000000000000000000e+00 3.969220324317561388e-02 0.000000000000000000e+00 0.000000000000000000e+00 2.650843614444866464e-02 0.000000000000000000e+00 3.937429006928376378e-03 1.439647000392174636e-02 7.234211553822034180e-02 5.452833339581813349e-02 3.388931039775630464e-04 0.000000000000000000e+00 6.263241521511426178e-03 3.590244406135574638e-03 4.675578117456062610e-02
2.665927218713511418e-02 1.422465642845845493e-02 4.649757590318603223e-02 1.179390784857011765e-01 1.036959309524316947e-01 1.201412401829392990e-01 3.044661528184781918e-02 9.533370172315000371e-04 2.042192906875030939e-02 3.287291790171742293e-04 9.759629977156276601e-03 3.768763663021744426e-02 0.000000000000000000e+00 2.801413504536062228e-03 2.500154555092946040e-01 0.000000000000000000e+00 0.000000000000000000e+00 6.722048373058951698e-02 9.724472529154986819e-03 2.184729615159155657e-03 0.000000000000000000e+00 4.399216005302147674e-03 0.000000000000000000e+00 8.747577743837992373e-03 1.261510200680533433e-01
0.000000000000000000e+00 9.913457267455465238e-02 2.984175324632069165e-02 1.190206314194042171e-03 1.258961069976561459e-02 5.042174388507857097e-02 9.896673332981926682e-03 2.785703604336543099e-02 2.175035041600646007e-02 1.917525964188041693e-02 2.583101142591025766e-03 2.210118725540283491e-01 0.000000000000000000e+00 0.000000000000000000e+00 1.172651677408689253e-01 1.023641373244463526e-01 2.794866051108698540e-02 2.408354890380017335e-02 2.483333120320950146e-03 3.167994783394846581e-02 5.239704656738379367e-03 1.254914644478175197e-02 7.662140664393023680e-03 3.843356094561829750e-02 1.348384719032295065e-01
1.597189608744057493e-02 0.000000000000000000e+00 8.807779162166760878e-02 2.272415287694629256e-03 2.747847762197582755e-01 0.000000000000000000e+00 2.321732758576156713e-03 2.756491931463994280e-02 2.512683213953751868e-02 2.204682250313893740e-02 0.000000000000000000e+00 2.958536307731599591e-01 3.501374927312254220e-02 1.273717840597981578e-02 1.825819231046403243e-02 2.685255347860310976e-02 8.543205753202204322e-02 4.636235382112372655e-02 0.000000000000000000e+00 0.000000000000000000e+00 0.000000000000000000e+00 1.061578956700885701e-02 0.000000000000000000e+00 6.888206337608181878e-03 3.819102568454199511e-03
1.327711642769812544e-02 5.268393204438465843e-03 1.108677967215991739e-01 6.650691447917338184e-02 1.126320101197768042e-01 0.000000000000000000e+00 7.758009901058053603e-02 5.074303545042312819e-02 3.520072555525863289e-02 1.155092287825813802e-01 0.000000000000000000e+00 0.000000000000000000e+00 0.000000000000000000e+00 0.000000000000000000e+00 1.391484122878481888e-01 3.229032547314247912e-03 1.583707558418697954e-03 1.256638987796211970e-01 1.044124848294663253e-02 1.398287311150727893e-02 0.000000000000000000e+00 3.562505786951679267e-03 0.000000000000000000e+00 3.079674081001362168e-02 8.400626088384868795e-02
4.592824830384308749e-02 0.000000000000000000e+00 0.000000000000000000e+00 0.000000000000000000e+00 2.349958073963491489e-02 0.000000000000000000e+00 1.574236902728852472e-01 0.000000000000000000e+00 1.271240643329025859e-02 0.000000000000000000e+00 0.000000000000000000e+00 2.736994427331023161e-01 0.000000000000000000e+00 3.560904310645191580e-03 1.140653352349553784e-01 0.000000000000000000e+00 5.894488335286300618e-02 1.431167952276433675e-01 9.153321236226353436e-03 2.419490927669938531e-03 3.259514336737792846e-04 1.253705297445117106e-01 2.077392300099007230e-02 1.059876352416186255e-03 7.945620695649304246e-03
3.534699992428696276e-04 0.000000000000000000e+00 1.122519566696760299e-02 0.000000000000000000e+00 7.610939385863524365e-02 0.000000000000000000e+00 1.421877598939373377e-01 0.000000000000000000e+00 2.273529262942833567e-03 3.635514389651491041e-02 0.000000000000000000e+00 4.504207434480909933e-02 5.278713501016852336e-04 0.000000000000000000e+00 1.966355713982601283e-01 0.000000000000000000e+00 6.304336261142969890e-03 1.678809735042753049e-01 1.136105244209411821e-02 1.198805964228680243e-01 0.000000000000000000e+00 0.000000000000000000e+00 6.590778686820096544e-02 1.035344671674829631e-01 1.442077766252393596e-02
8.569729397890473712e-04 0.000000000000000000e+00 0.000000000000000000e+00 1.413150519959313969e-02 1.914091677678063097e-01 0.000000000000000000e+00 0.000000000000000000e+00 0.000000000000000000e+00 0.000000000000000000e+00 4.853353007701433075e-02 0.000000000000000000e+00 1.669777240753655689e-01 0.000000000000000000e+00 1.632188745097075400e-02 1.980479854542573637e-01 0.000000000000000000e+00 8.831818631631957461e-02 1.863443746236061183e-02 0.000000000000000000e+00 0.000000000000000000e+00 0.000000000000000000e+00 1.134139985645271631e-01 1.433546046919961792e-01 0.000000000000000000e+00 0.000000000000000000e+00
0.000000000000000000e+00 1.356464730398455193e-02 4.449203817065672251e-02 0.000000000000000000e+00 1.397658606072654797e-01 0.000000000000000000e+00 2.245153646179668117e-01 0.000000000000000000e+00 2.586563914169920809e-03 0.000000000000000000e+00 0.000000000000000000e+00 1.408769713529062217e-01 2.273192427715566358e-03 0.000000000000000000e+00 1.810337837420400997e-01 0.000000000000000000e+00 0.000000000000000000e+00 6.723705782382149998e-02 0.000000000000000000e+00 0.000000000000000000e+00 0.000000000000000000e+00 0.000000000000000000e+00 0.000000000000000000e+00 1.923121246068071680e-02 1.644233075787925324e-01
0.000000000000000000e+00 9.074938141863997387e-03 1.216945272448366477e-01 1.885919941282760207e-02 2.380614929298304275e-02 2.707507152251016104e-03 3.163264815720854412e-02 1.225182529580849528e-01 3.818288165202264606e-02 5.141699947318785491e-02 8.570027952883228078e-03 1.320412641516327534e-01 2.151220856713908711e-02 0.000000000000000000e+00 1.779521982899288368e-01 0.000000000000000000e+00 5.977614917211045847e-02 8.197419097020802042e-03 2.350327911795615024e-02 0.000000000000000000e+00 6.072883015731810746e-02 5.165450423061093352e-03 1.788702117232726652e-03 0.000000000000000000e+00 8.087136746845041690e-02
4.893861107394482240e-02 3.904075686585366158e-03 7.492001631471827128e-02 0.000000000000000000e+00 1.609307126077465788e-01 0.000000000000000000e+00 2.498141798977758232e-01 8.962746409061012054e-02 6.969810917680603277e-04 0.000000000000000000e+00 0.000000000000000000e+00 2.707342301107955318e-02 0.000000000000000000e+00 0.000000000000000000e+00 0.000000000000000000e+00 0.000000000000000000e+00 0.000000000000000000e+00 3.811241152261229947e-02 0.000000000000000000e+00 1.025571840262483880e-01 0.000000000000000000e+00 5.251362741995305346e-03 1.297876412526597634e-01 4.187648446541503838e-02 2.650945221684074607e-02
0.000000000000000000e+00 1.807443667315326418e-03 6.818319487886725580e-03 1.295398802672429184e-01 7.939144189962664411e-02 2.847024085840102123e-02 2.906846019664065944e-02 1.308523143784205700e-01 5.010824762112132610e-03 2.045706832913936346e-02 0.000000000000000000e+00 1.467970838189631977e-01 5.969492077185639678e-03 1.824457501103921627e-03 7.667848622606797393e-03 1.919618933668429048e-02 8.946552668358816185e-03 0.000000000000000000e+00 1.158377950874752288e-01 0.000000000000000000e+00 3.848424187004424670e-04 1.176301057601621125e-01 9.282083687034663189e-02 3.542014010223831083e-02 1.608866188938928507e-02
1.609871770417586629e-03 5.046027576786776998e-03 2.246958440527779544e-01 2.148947502388206133e-03 1.329102179210859824e-01 1.818822508645682665e-02 2.334037665004078804e-02 1.588934935782589509e-04 9.009469795079380616e-02 1.545698468525896208e-01 1.658149904576151435e-04 8.191899547368022838e-02 1.045750124407883452e-02 3.024580909581515292e-02 1.344915451597533951e-01 1.301530878416835499e-02 1.079133392924959585e-02 4.311125162821973639e-02 9.926550169639194749e-04 6.653020060690644074e-04 0.000000000000000000e+00 0.000000000000000000e+00 3.818391648785037385e-03 0.000000000000000000e+00 1.756314216584334981e-02
2.757785811299751349e-03 3.943402541296105179e-02 0.000000000000000000e+00 1.988773846037642304e-02 7.179023043637057511e-02 3.995788823841871923e-02 4.861485313828869601e-03 0.000000000000000000e+00 8.467104994882136346e-03 1.806120992817491014e-02 0.000000000000000000e+00 1.875434554075558757e-01 0.000000000000000000e+00 0.000000000000000000e+00 1.178556421180412955e-01 9.268116192949132914e-02 7.203989684260316863e-03 7.546790082639312502e-02 3.855598914581198980e-03 1.860854783983315053e-02 6.882675858264881465e-03 1.485747327212988134e-01 1.037578734265548197e-01 1.384748130944641643e-02 1.850347136796625519e-02
0.000000000000000000e+00 3.138762647196207539e-02 8.087497872033753976e-02 0.000000000000000000e+00 0.000000000000000000e+00 1.163153519482720971e-01 1.463413216235372738e-01 0.000000000000000000e+00 0.000000000000000000e+00 2.136112342190923941e-02 2.617889656903002460e-03 1.445040647728697558e-01 0.000000000000000000e+00 0.000000000000000000e+00 3.833732050708139362e-03 9.562573491415603949e-03 0.000000000000000000e+00 2.729895114747699168e-03 6.958417221222951143e-02 1.188973855488734965e-01 0.000000000000000000e+00 2.294309420910485217e-02 1.070187256398183878e-01 1.220280651173113046e-01 0.000000000000000000e+00
0.000000000000000000e+00 5.059928474587172724e-04 3.087086458005756928e-02 0.000000000000000000e+00 2.989803137433844765e-02 6.690601947183721920e-02 1.939949524787156279e-02 0.000000000000000000e+00 4.214017389326994018e-02 0.000000000000000000e+00 0.000000000000000000e+00 1.975337234023340216e-01 0.000000000000000000e+00 5.108436696430969370e-03 8.545593098970377666e-03 1.283638753398910065e-02 6.189020947543735079e-02 1.387662303049922718e-01 1.239912933156389618e-02 3.286473946411605160e-03 0.000000000000000000e+00 0.000000000000000000e+00 1.103797258103283857e-01 1.053526704012291808e-02 2.489982459445855278e-01
1.968755811778863298e-03 0.000000000000000000e+00 2.233052276776957210e-02 8.915331348603490469e-02 1.586498489150373059e-01 1.305372034176337584e-02 1.388462206501672735e-01 3.086693446703769189e-02 0.000000000000000000e+00 5.711533838035367204e-03 0.000000000000000000e+00 1.330515007948753492e-01 0.000000000000000000e+00 0.000000000000000000e+00 3.125214604320379619e-02 0.000000000000000000e+00 1.032111431821230649e-02 1.572409770493650091e-02 0.000000000000000000e+00 2.506697099491366539e-03 0.000000000000000000e+00 7.021340954229338127e-02 1.295101791695706939e-01 1.333715198200538521e-01 1.346848522973844754e-02
3.307841951042739086e-03 3.221172577061004461e-02 1.170352864170024453e-02 0.000000000000000000e+00 6.467944191715266355e-02 0.000000000000000000e+00 1.166810601144556286e-01 1.175090420867117985e-01 5.875215759034181640e-02 2.972728682399054453e-02 0.000000000000000000e+00 1.961195080081149789e-01 0.000000000000000000e+00 0.000000000000000000e+00 8.968123586656016888e-02 3.476715353233424729e-03 0.000000000000000000e+00 5.057990564367618666e-03 6.518408466730097987e-03 1.301454138155657379e-02 0.000000000000000000e+00 2.411598764577644726e-03 2.984611758981166297e-04 1.230339869028655581e-01 1.258154686200903538e-01
0.000000000000000000e+00 0.000000000000000000e+00 1.424962365358709016e-01 0.000000000000000000e+00 2.337376512294390973e-02 0.000000000000000000e+00 0.000000000000000000e+00 0.000000000000000000e+00 3.178261882542920969e-02 3.917215909882858227e-03 0.000000000000000000e+00 2.168250396519593171e-01 0.000000000000000000e+00 0.000000000000000000e+00 1.369890716756420046e-01 4.207370335295860381e-02 8.013050943973093476e-02 2.411718838196601558e-02 1.251531862146987584e-01 9.598683434482812790e-03 0.000000000000000000e+00 0.000000000000000000e+00 1.520522617394783615e-01 0.000000000000000000e+00 1.149051971495623076e-02
0.000000000000000000e+00 2.428584319999450847e-02 1.264041167874272731e-01 2.607673844930047391e-03 2.268862276733748518e-01 3.299821053822656752e-02 0.000000000000000000e+00 7.821238012219842994e-02 4.116041299701332298e-03 1.220648063534339883e-01 0.000000000000000000e+00 1.690744342887403051e-01 0.000000000000000000e+00 0.000000000000000000e+00 8.208773075859940316e-02 1.166173377175157375e-03 4.682682446497465900e-02 4.973440179264213478e-04 4.628124381309374653e-03 5.091268875717689518e-02 0.000000000000000000e+00 0.000000000000000000e+00 1.395049970283612772e-02 0.000000000000000000e+00 1.328088043197452224e-02
1.238143330182126245e-01 1.357378119295098986e-03 0.000000000000000000e+00 1.163953281855666100e-01 2.057079399895417327e-01 1.797586462048450864e-02 0.000000000000000000e+00 0.000000000000000000e+00 1.010193450901463461e-03 2.201109792011003360e-03 0.000000000000000000e+00 1.632963614290792176e-01 0.000000000000000000e+00 0.000000000000000000e+00 3.203362844857159455e-03 0.000000000000000000e+00 2.641369217499289074e-02 1.527509349510049463e-01 1.046004015157579303e-03 1.800214938709398735e-02 0.000000000000000000e+00 2.911696028523703440e-03 8.997302913290972787e-03 1.014252712149775124e-02 1.447738219584887853e-01
0.000000000000000000e+00 1.173874224611967387e-01 7.476521380395168004e-02 1.718469328437563504e-02 0.000000000000000000e+00 1.504557220921502909e-02 3.975826916269613320e-02 3.137222218761511611e-02 7.228959446950954625e-03 9.975817581473233817e-03 3.916264398549708023e-03 6.392183681853700304e-03 0.000000000000000000e+00 0.000000000000000000e+00 3.271835216253109191e-02 0.000000000000000000e+00 2.841078182303300240e-02 1.581327573314994517e-01 3.546657744488487113e-02 1.669173180742268559e-02 1.288673030450378579e-02 1.778957828923529230e-02 1.039378395272424760e-01 1.342298693663183107e-01 1.367091637254509717e-01
0.000000000000000000e+00 6.577376355732759972e-02 9.633135040048602590e-03 2.493739900121523870e-02 7.786033722352986297e-02 3.564545556994055259e-02 2.157888961545122511e-02 6.730277433885135940e-03 8.178309661117376395e-02 1.188522277241831210e-01 0.000000000000000000e+00 1.925090286027140718e-01 3.539289770866545226e-02 0.000000000000000000e+00 1.615281977962580370e-02 2.206554032449293754e-02 9.327719000947755357e-02 0.000000000000000000e+00 9.850338240942001222e-02 0.000000000000000000e+00 0.000000000000000000e+00 4.274256444177567532e-02 6.010314266735186997e-03 4.587202382327235789e-02 4.679656857065826216e-03
1.113384162867113586e-01 4.872635696525659532e-02 2.576124614890434525e-03 4.832129801172447940e-03 2.198988207224980285e-01 7.037164837343971857e-02 2.711524001543238679e-02 0.000000000000000000e+00 4.294802158776891282e-03 8.161618813516230767e-03 0.000000000000000000e+00 5.650326480960982112e-02 0.000000000000000000e+00 0.000000000000000000e+00 1.857437662830597469e-01 0.000000000000000000e+00 9.077071578183781159e-03 0.000000000000000000e+00 0.000000000000000000e+00 0.000000000000000000e+00 0.000000000000000000e+00 8.684052883883998375e-02 1.331766435594327058e-01 0.000000000000000000e+00 3.134356717917995139e-02
0.000000000000000000e+00 0.000000000000000000e+00 6.498514009292555814e-03 0.000000000000000000e+00 3.389411643685928399e-01 0.000000000000000000e+00 1.792402816500103654e-03 2.805456757145746716e-02 0.000000000000000000e+00 1.122712617924051352e-02 7.373110501220061543e-03 8.138086689736701018e-02 0.000000000000000000e+00 0.000000000000000000e+00 1.468019040930936825e-01 4.255502953884366876e-03 1.664512780471351094e-01 1.349821837610337139e-01 0.000000000000000000e+00 0.000000000000000000e+00 9.816054534516118271e-03 3.640700312399703514e-03 4.135525965564733342e-02 1.541766444357857771e-02 2.011699855040981633e-03
9.611659347703084902e-03 1.166477261641722385e-01 0.000000000000000000e+00 2.445236233270842163e-02 2.594329710382765452e-03 4.486469194923629195e-02 4.124518241031545351e-02 4.203595334557776522e-03 1.707880207877774835e-03 8.979973021652978837e-02 0.000000000000000000e+00 2.184448606704993412e-01 0.000000000000000000e+00 0.000000000000000000e+00 7.644156073305903576e-02 0.000000000000000000e+00 0.000000000000000000e+00 0.000000000000000000e+00 0.000000000000000000e+00 1.155814260838724794e-01 1.704179295881847606e-02 3.658692628396457112e-03 1.147652414432959456e-01 1.116813064330852423e-01 7.257961375489418478e-03
0.000000000000000000e+00 1.316817968460009571e-02 1.530435467767031835e-02 1.279151672371466597e-01 5.301629443977750461e-02 5.113116246802677269e-03 1.408864982854189304e-02 1.298233044183487728e-01 2.094518207540077906e-02 7.184668999274818058e-02 0.000000000000000000e+00 1.537094583053584713e-02 9.172420372828592183e-02 0.000000000000000000e+00 1.544906724668606290e-01 3.627616381153049574e-02 4.068017087855810461e-03 1.441176114945948161e-02 6.903211222954568071e-02 3.300170795242045665e-03 0.000000000000000000e+00 6.944618428491135427e-03 0.000000000000000000e+00 2.189644762602508191e-02 1.312639482451310735e-01
9.427700082628817646e-03 2.772098677354026611e-02 1.938765203984007266e-03 4.829865745126204687e-03 1.762302172697219893e-01 1.278504559323523360e-02 1.226817134756206240e-01 0.000000000000000000e+00 7.948443467705726406e-02 1.457016113064532083e-02 3.347495891467258677e-02 3.935147068877069970e-02 0.000000000000000000e+00 0.000000000000000000e+00 6.420185645128054230e-02 8.134916109722400979e-02 6.800565847264554431e-02 0.000000000000000000e+00 8.881231136246850455e-03 0.000000000000000000e+00 0.000000000000000000e+00 9.313034421543488900e-03 1.102744382575800153e-01 1.105209169100717231e-01 2.495838369840486584e-02
