0.000000000000000000e+00 1.532343184475302156e-01 0.000000000000000000e+00 8.344800512763343725e-02 1.378783807778329595e-01 9.289639776917185676e-03 0.000000000000000000e+00 2.684827149718233344e-02 1.534748299176742770e-01 0.000000000000000000e+00 0.000000000000000000e+00 1.291330780199815009e-01 0.000000000000000000e+00 0.000000000000000000e+00 3.665710735676343257e-02 0.000000000000000000e+00 2.326708675511216309e-02 1.284482022058343886e-01 0.000000000000000000e+00 1.183210801175381272e-01
2.054699568153765463e-03 0.000000000000000000e+00 3.774258317168426718e-02 4.387175581615802566e-01 0.000000000000000000e+00 7.060454067687425839e-02 2.794591887474866254e-02 0.000000000000000000e+00 1.809148964478988764e-01 1.163920636411532668e-04 0.000000000000000000e+00 1.560662604515614116e-01 0.000000000000000000e+00 8.344118398170310980e-02 0.000000000000000000e+00 0.000000000000000000e+00 2.395966602154240340e-03 0.000000000000000000e+00 0.000000000000000000e+00 0.000000000000000000e+00
1.674422492418217029e-02 7.185336230981091699e-02 7.045886540659196395e-02 5.473030584294903689e-02 1.511049854720246666e-01 4.596466343424056127e-03 0.000000000000000000e+00 0.000000000000000000e+00 1.439457497750526727e-01 0.000000000000000000e+00 0.000000000000000000e+00 1.043950033182254426e-02 0.000000000000000000e+00 1.410750117427322092e-01 1.166793937290371286e-01 0.000000000000000000e+00 1.174135764278724618e-02 1.588070253014418898e-02 8.033015781057126214e-02 1.104199161388699918e-01
0.000000000000000000e+00 4.134248443391635996e-02 0.000000000000000000e+00 2.516008489543976046e-01 0.000000000000000000e+00 1.307582375430250687e-01 5.032650738825684283e-02 0.000000000000000000e+00 1.623950678564208827e-01 1.472474685484292251e-02 0.000000000000000000e+00 0.000000000000000000e+00 0.000000000000000000e+00 0.000000000000000000e+00 2.740740498551666113e-02 4.705093288783828050e-03 0.000000000000000000e+00 8.257341033222093118e-03 1.473821654872798370e-01 1.611001021743380668e-01
0.000000000000000000e+00 1.151744439062864639e-01 3.181382675379501590e-02 1.439671306515896698e-01 6.888733535019765652e-02 1.440118080076629170e-01 0.000000000000000000e+00 2.171879851492358737e-01 1.533527010076144066e-02 0.000000000000000000e+00 0.000000000000000000e+00 1.067650682281924140e-01 1.429293541118093099e-02 0.000000000000000000e+00 1.336947132873374938e-02 0.000000000000000000e+00 7.570712168309357004e-02 7.001720554417242273e-04 3.153076386082850902e-02 2.125666751300012494e-02
2.034676337804716129e-01 1.370488175158092736e-01 9.729766184441784871e-02 0.000000000000000000e+00 1.531788095189472731e-01 8.039461110799034360e-02 0.000000000000000000e+00 3.682489660104585477e-02 0.000000000000000000e+00 0.000000000000000000e+00 0.000000000000000000e+00 7.023361917064675775e-02 0.000000000000000000e+00 4.087005152422117787e-02 0.000000000000000000e+00 1.538569219567716834e-02 0.000000000000000000e+00 4.874234532521624225e-02 0.000000000000000000e+00 1.165558614155565997e-01
9.737849822073865735e-02 6.570129431142970877e-02 0.000000000000000000e+00 0.000000000000000000e+00 8.850881069091409356e-03 1.580578695370394582e-01 0.000000000000000000e+00 0.000000000000000000e+00 3.008962520932230711e-01 1.286077461288001322e-01 0.000000000000000000e+00 1.428761305275817739e-02 0.000000000000000000e+00 5.189765697365017472e-02 3.371138328065715478e-02 0.000000000000000000e+00 0.000000000000000000e+00 1.828369886496069088e-02 0.000000000000000000e+00 1.223271064676513947e-01
9.102304536100568055e-02 9.274320447889214392e-03 1.708137716911678136e-02 1.597306672975433717e-01 1.410673492875360868e-01 8.748014047350415046e-02 9.601440329128511919e-02 1.525866061621931891e-01 1.088808986306704085e-01 0.000000000000000000e+00 0.000000000000000000e+00 1.096966899403181489e-03 9.495225782096463479e-04 0.000000000000000000e+00 1.392574411051363849e-02 0.000000000000000000e+00 8.543481253384764898e-03 2.070579371784814215e-02 9.163968331989662264e-02 0.000000000000000000e+00
0.000000000000000000e+00 0.000000000000000000e+00 1.902151141314706122e-04 2.913184902096570550e-01 5.456337488417360715e-02 5.999142597468438975e-02 0.000000000000000000e+00 1.610041527908384340e-01 1.825389654351726454e-01 8.379137423162487386e-02 2.068931549538872722e-03 0.000000000000000000e+00 0.000000000000000000e+00 0.000000000000000000e+00 0.000000000000000000e+00 1.911857043188806089e-04 2.445285015404871989e-03 2.544750669540598014e-03 1.530009280664415272e-01 6.350920354472863738e-03
1.007210967868056584e-01 1.411652868751383516e-01 7.047108857106559876e-02 1.411302445581984200e-01 1.364568335809936139e-01 1.505188928759155498e-01 1.290296914559489576e-02 3.410331657950593787e-02 4.090011321662979926e-02 0.000000000000000000e+00 5.405023800988836792e-04 2.656205095719894535e-02 1.012154249754817770e-01 1.409316463418524082e-02 0.000000000000000000e+00 2.921901486318726621e-02 0.000000000000000000e+00 0.000000000000000000e+00 0.000000000000000000e+00 0.000000000000000000e+00
1.751468672338622745e-01 3.719607362014407115e-02 0.000000000000000000e+00 4.998362934074360511e-03 0.000000000000000000e+00 1.504395772533365927e-01 0.000000000000000000e+00 0.000000000000000000e+00 1.462766333005516839e-01 3.990636574958942445e-02 0.000000000000000000e+00 1.283499939074506102e-01 0.000000000000000000e+00 0.000000000000000000e+00 0.000000000000000000e+00 0.000000000000000000e+00 1.499973797554494948e-01 1.429311558446438035e-01 2.475759040089759236e-02 0.000000000000000000e+00
4.937195120895202828e-03 1.755123568625289732e-01 3.214827906949142833e-02 0.000000000000000000e+00 0.000000000000000000e+00 1.462669660779709613e-01 0.000000000000000000e+00 1.292780713954184979e-01 3.157113730185474171e-02 3.344092317796383291e-03 0.000000000000000000e+00 0.000000000000000000e+00 0.000000000000000000e+00 6.865849964425179731e-03 1.350392884062986132e-01 1.460227669719004438e-02 0.000000000000000000e+00 1.520754916230862286e-01 0.000000000000000000e+00 1.683589951630437564e-01
6.171973128759147137e-02 1.668294730585193064e-02 0.000000000000000000e+00 2.120399868705676732e-02 3.884239583014312963e-02 1.652456574170329540e-01 0.000000000000000000e+00 3.321043399543521096e-02 2.771518882236765347e-01 1.109451538195054508e-02 0.000000000000000000e+00 1.533086208122365346e-01 0.000000000000000000e+00 1.103286142611368953e-01 3.231639352969956774e-02 0.000000000000000000e+00 7.889480326818840150e-02 0.000000000000000000e+00 0.000000000000000000e+00 0.000000000000000000e+00
6.531787683209014372e-02 6.210529324478445551e-02 1.477781233013358009e-01 6.584437831888209636e-02 0.000000000000000000e+00 1.686914823393646234e-01 0.000000000000000000e+00 2.939030620352574633e-02 1.164322024883234288e-02 0.000000000000000000e+00 0.000000000000000000e+00 1.240752548736934746e-01 4.065764810353784432e-03 8.669885651913962488e-02 1.270161862437067524e-01 1.941104113593890290e-02 4.308849751413386386e-02 4.487371841421836094e-02 0.000000000000000000e+00 0.000000000000000000e+00
5.412784681332052320e-04 5.329682489209363640e-04 0.000000000000000000e+00 0.000000000000000000e+00 5.491698730549803530e-03 1.589847539821412359e-01 0.000000000000000000e+00 0.000000000000000000e+00 2.988486972410954179e-01 3.033509664576294895e-02 4.629923289038519012e-03 1.467489491129513324e-01 5.615319842133169315e-02 1.054004228438922552e-01 2.310651019566823533e-02 6.913360370987122437e-03 1.385222502395343780e-01 0.000000000000000000e+00 2.379089220999280538e-02 0.000000000000000000e+00
5.228104286240453993e-04 0.000000000000000000e+00 0.000000000000000000e+00 1.883901956453538640e-01 5.082894505348353742e-02 9.676736715608783013e-02 8.265999376493395057e-02 1.911095338858739001e-01 3.079467374577942677e-03 0.000000000000000000e+00 0.000000000000000000e+00 8.700284852859439810e-02 1.722931002017260085e-03 0.000000000000000000e+00 2.265511857370863542e-03 0.000000000000000000e+00 0.000000000000000000e+00 1.695794097114712573e-01 3.068642222708437353e-02 9.538456336452688644e-02
2.695781055540365512e-01 0.000000000000000000e+00 0.000000000000000000e+00 0.000000000000000000e+00 4.417581805705452641e-02 1.776676197420683223e-01 0.000000000000000000e+00 1.271821412029043030e-01 3.725376409815436135e-02 0.000000000000000000e+00 7.117889021889462105e-03 1.314386155310498516e-02 0.000000000000000000e+00 1.175709862996778821e-01 0.000000000000000000e+00 1.604545326435338412e-02 1.045712957584885895e-02 0.000000000000000000e+00 5.798267744752330644e-02 1.218245541833840595e-01
2.881013055594017214e-03 1.380918279883495692e-01 0.000000000000000000e+00 6.321242529696650611e-03 5.743260725830599822e-02 1.478091985140264353e-01 5.376320406945576599e-04 0.000000000000000000e+00 2.961455989161233537e-01 6.856061106926087875e-04 2.952930058672979113e-03 1.379833685205947569e-01 0.000000000000000000e+00 0.000000000000000000e+00 1.071023359121414144e-02 0.000000000000000000e+00 1.256957705354386223e-02 3.889874871722674016e-02 0.000000000000000000e+00 1.469804156452642341e-01
0.000000000000000000e+00 6.961699500176748989e-03 0.000000000000000000e+00 1.892743940468942510e-01 6.835829050477835317e-03 1.432125399191165327e-01 2.184888253519329943e-02 0.000000000000000000e+00 1.604740253364336788e-01 1.663792926250267853e-02 6.257510645509343009e-03 1.359916361270917251e-01 9.914639331046978810e-02 0.000000000000000000e+00 3.992035492799543561e-02 0.000000000000000000e+00 0.000000000000000000e+00 5.883136296570073802e-03 1.514522409566773642e-02 1.524104449459009192e-01
1.672502444060050206e-02 0.000000000000000000e+00 4.052021905554975567e-04 1.756848763228084295e-02 2.087690311469558857e-01 1.540787717314281713e-01 1.006689649601532829e-02 1.075564389040613994e-01 0.000000000000000000e+00 0.000000000000000000e+00 0.000000000000000000e+00 9.725014485679753240e-02 0.000000000000000000e+00 0.000000000000000000e+00 4.423497206029915543e-03 0.000000000000000000e+00 3.804376235236311271e-02 4.058774432307792751e-02 1.504267702749513824e-01 1.540982284448823569e-01
9.196010411842589450e-04 0.000000000000000000e+00 0.000000000000000000e+00 1.912573795709728852e-01 0.000000000000000000e+00 2.069261753571900453e-01 2.211531083419911517e-02 3.767984701479763082e-02 1.918749213124052444e-01 1.807015412331201007e-03 5.044529819218172839e-02 1.348608798081864235e-01 1.589391429198010880e-02 9.260694114488546985e-03 0.000000000000000000e+00 0.000000000000000000e+00 1.105459291657535925e-02 0.000000000000000000e+00 0.000000000000000000e+00 1.259043701335074705e-01
0.000000000000000000e+00 0.000000000000000000e+00 6.871777429827875686e-04 1.279730095417362934e-01 0.000000000000000000e+00 5.378272759090792741e-03 0.000000000000000000e+00 9.615643663018315704e-03 3.362027102782255694e-01 0.000000000000000000e+00 3.242672528812653217e-03 1.466230502558928950e-01 0.000000000000000000e+00 7.379730625315975012e-02 2.971442926523413380e-02 0.000000000000000000e+00 0.000000000000000000e+00 0.000000000000000000e+00 5.703680109215417994e-03 2.610620476026314085e-01
1.124753104914834045e-01 3.832982062569414983e-02 0.000000000000000000e+00 2.168576889045747413e-01 1.306026867130993113e-02 0.000000000000000000e+00 0.000000000000000000e+00 6.108775462843556332e-03 1.736145894844810245e-01 6.373060539605714114e-03 0.000000000000000000e+00 0.000000000000000000e+00 5.497929508955652286e-03 1.538238662127186240e-01 2.817246148742423226e-02 0.000000000000000000e+00 0.000000000000000000e+00 1.022979020546129492e-01 1.415538131472535988e-01 1.834513409042450157e-03
0.000000000000000000e+00 1.655314341275108680e-01 2.089555966991554214e-01 0.000000000000000000e+00 4.951381568865783483e-02 1.615581662831919174e-01 0.000000000000000000e+00 1.141855097928397983e-01 0.000000000000000000e+00 0.000000000000000000e+00 7.250498420886073575e-04 6.972598963521647875e-03 1.114081970637237871e-02 0.000000000000000000e+00 0.000000000000000000e+00 1.303950625020807363e-03 1.149013782663543398e-01 2.350447848375314397e-02 1.239991293930060440e-01 1.770807212852710741e-02
1.334950618168776748e-01 5.872491930135853577e-02 5.286008752641731256e-02 0.000000000000000000e+00 2.832156875072137318e-03 1.709998367936292063e-01 1.200016711572709227e-01 6.361074160160903879e-02 9.310372379123368902e-02 0.000000000000000000e+00 6.889657207063039877e-03 0.000000000000000000e+00 1.072625701896630541e-02 0.000000000000000000e+00 1.416563587339897227e-02 1.267821218608197915e-02 1.228134290914020960e-01 1.165908123562524878e-01 2.050779740336652196e-02 0.000000000000000000e+00
6.777089378643000664e-03 0.000000000000000000e+00 8.968251783321438964e-03 2.202577146691218554e-02 0.000000000000000000e+00 0.000000000000000000e+00 7.160879176504993116e-02 0.000000000000000000e+00 1.944554823388648657e-01 1.402536608162169296e-02 0.000000000000000000e+00 1.477041971012374999e-01 0.000000000000000000e+00 2.046181951751627204e-01 2.097397238551916912e-02 2.698835911698756543e-02 1.461129223324010296e-01 9.725828254449965515e-02 0.000000000000000000e+00 3.848331852977915357e-02
1.090425124087473774e-01 5.516080894515016514e-02 2.239651937726458084e-02 8.314915219820971648e-02 1.414667951249168332e-01 6.922279220841018321e-02 7.745089566386782753e-02 4.565812586085538083e-02 2.402368653349364752e-02 0.000000000000000000e+00 0.000000000000000000e+00 1.608753428647864414e-01 1.694320666668952882e-02 0.000000000000000000e+00 1.452652072682751594e-01 0.000000000000000000e+00 0.000000000000000000e+00 4.934495487933318603e-02 0.000000000000000000e+00 0.000000000000000000e+00
0.000000000000000000e+00 1.426113755920710990e-01 0.000000000000000000e+00 1.221888725442859397e-01 0.000000000000000000e+00 1.765965608993638747e-01 6.778525191111056322e-03 2.679144268931535344e-01 2.243387575973994352e-01 0.000000000000000000e+00 0.000000000000000000e+00 2.035385518509504402e-02 0.000000000000000000e+00 0.000000000000000000e+00 0.000000000000000000e+00 0.000000000000000000e+00 0.000000000000000000e+00 1.291067838840414921e-02 0.000000000000000000e+00 2.630694770911592290e-02
0.000000000000000000e+00 0.000000000000000000e+00 0.000000000000000000e+00 3.623394164981635912e-01 7.735190946633578590e-02 2.058299691762131289e-01 3.463685461583470432e-02 4.003778730816364567e-02 0.000000000000000000e+00 0.000000000000000000e+00 2.173452675292932880e-03 2.096414356369939447e-01 9.724548887822849486e-03 0.000000000000000000e+00 0.000000000000000000e+00 0.000000000000000000e+00 1.074521832915079078e-02 4.751940740602867558e-02 0.000000000000000000e+00 0.000000000000000000e+00
1.246508988311524971e-03 0.000000000000000000e+00 8.711131018342021040e-03 1.452564060844687421e-01 0.000000000000000000e+00 2.402433900440159326e-03 4.277825465572375474e-02 1.398260901641603660e-01 1.746186618277830171e-01 1.155681307672400777e-03 0.000000000000000000e+00 1.785640598960376579e-01 0.000000000000000000e+00 6.145686575000120638e-02 7.135869273643434540e-02 5.466396561019805367e-03 8.350814350206584025e-02 1.749218846220828086e-02 0.000000000000000000e+00 6.615848514533080593e-02
0.000000000000000000e+00 1.262349589554938789e-03 0.000000000000000000e+00 0.000000000000000000e+00 6.557589599645617662e-02 4.050601003354974139e-02 6.212489928542272444e-02 1.316431404418289333e-02 0.000000000000000000e+00 0.000000000000000000e+00 0.000000000000000000e+00 2.780218659062293485e-01 1.095675328016185168e-01 1.197832093727551200e-01 1.203863197652626192e-02 2.061965215576953142e-02 2.104885981299009848e-02 2.202392938951526144e-02 0.000000000000000000e+00 2.342628496354293710e-01
0.000000000000000000e+00 0.000000000000000000e+00 3.498164285718542710e-02 1.529530830437221545e-01 0.000000000000000000e+00 1.792294345928903687e-01 8.010550568129676252e-02 1.468294350947576318e-03 1.469105538921199050e-01 0.000000000000000000e+00 0.000000000000000000e+00 4.913046813957061554e-02 0.000000000000000000e+00 0.000000000000000000e+00 0.000000000000000000e+00 5.600610693183024442e-04 1.351130721695255610e-01 1.802034616728263317e-01 0.000000000000000000e+00 3.934442253059702854e-02
0.000000000000000000e+00 0.000000000000000000e+00 0.000000000000000000e+00 5.034117347502888029e-02 4.086198561901248361e-02 3.219710146378830518e-02 1.295174542501935540e-02 1.482561093068229807e-01 1.531700935062244584e-01 2.409466164126740362e-02 0.000000000000000000e+00 2.123566062347964287e-02 9.391645540173315654e-02 0.000000000000000000e+00 1.550940492045101426e-01 1.057293015582570911e-01 0.000000000000000000e+00 0.000000000000000000e+00 0.000000000000000000e+00 1.621516627748560146e-01
1.314430412059004044e-02 4.316365644508896038e-02 5.336432347397611353e-02 1.552886844354513796e-01 0.000000000000000000e+00 1.604706285564336254e-01 0.000000000000000000e+00 8.184991911207536996e-02 1.457193288962485523e-04 3.770163981237756833e-03 0.000000000000000000e+00 1.521661693492158685e-01 1.020258924146697083e-01 0.000000000000000000e+00 0.000000000000000000e+00 0.000000000000000000e+00 1.111201824558383372e-01 2.068648316905302362e-02 8.950630621683743071e-02 1.329756694063625490e-02
5.271173789122032827e-02 9.899415828302308637e-03 0.000000000000000000e+00 1.636240017107223887e-01 1.264294153371094409e-01 2.134971691215255818e-01 0.000000000000000000e+00 6.084353378612267216e-02 1.605533219551693452e-02 0.000000000000000000e+00 2.255645196877427427e-02 0.000000000000000000e+00 0.000000000000000000e+00 0.000000000000000000e+00 4.012459747468541393e-02 8.789474582532181808e-04 0.000000000000000000e+00 1.013352216716583570e-02 4.592930279227477181e-02 2.373165722683268364e-01
3.054608324469933883e-02 6.104539939069127813e-02 1.336655814757757577e-01 1.066537567319887116e-02 1.323711435418989668e-01 0.000000000000000000e+00 0.000000000000000000e+00 5.292998176492639401e-02 3.875957972679924118e-02 0.000000000000000000e+00 0.000000000000000000e+00 1.430163321781915964e-01 0.000000000000000000e+00 1.558523080903206903e-02 1.960226897188711848e-02 8.598626561157614312e-02 1.159507955168707048e-02 0.000000000000000000e+00 8.516956380011792005e-03 2.557147216796241684e-01
1.638349924268132363e-01 0.000000000000000000e+00 2.114526871865562985e-02 1.648083461602193045e-01 1.719795628404496282e-03 5.934470246312412850e-02 7.190243898424426849e-02 2.210560624482688086e-02 2.695617686123905066e-01 0.000000000000000000e+00 1.089497113571537409e-04 6.918610904966514437e-03 0.000000000000000000e+00 1.700330463771805925e-02 0.000000000000000000e+00 0.000000000000000000e+00 0.000000000000000000e+00 1.943740855338877138e-01 0.000000000000000000e+00 7.172129973392125761e-03
1.465754096557288499e-01 0.000000000000000000e+00 5.418936751811994496e-02 4.985376499794886597e-03 1.159033213183946198e-01 2.082059819859902877e-02 0.000000000000000000e+00 0.000000000000000000e+00 1.867386316933684898e-01 0.000000000000000000e+00 0.000000000000000000e+00 1.686096864810902041e-01 0.000000000000000000e+00 0.000000000000000000e+00 0.000000000000000000e+00 0.000000000000000000e+00 2.355067101373879979e-01 5.273428320689064336e-02 0.000000000000000000e+00 1.393661529062525072e-02
7.124059843012964417e-04 0.000000000000000000e+00 4.028758192300682661e-02 2.734786077393956960e-01 4.193062106538113232e-02 2.480902909868056005e-03 1.110866079962321076e-02 1.513633718129852868e-01 1.047027746159864131e-01 0.000000000000000000e+00 0.000000000000000000e+00 1.445210932641117774e-01 0.000000000000000000e+00 4.745479098935189571e-02 2.162496671341039567e-02 0.000000000000000000e+00 0.000000000000000000e+00 0.000000000000000000e+00 0.000000000000000000e+00 1.603342221825781178e-01
7.008647605675054348e-02 1.538420723405422574e-01 3.368439781315928777e-02 1.335515935394362974e-01 1.470130438769969294e-01 8.109939759494770584e-02 0.000000000000000000e+00 0.000000000000000000e+00 4.877357194446636790e-02 0.000000000000000000e+00 0.000000000000000000e+00 3.582883229805667452e-02 0.000000000000000000e+00 0.000000000000000000e+00 2.105507951034236644e-02 0.000000000000000000e+00 0.000000000000000000e+00 2.750655350253016218e-01 0.000000000000000000e+00 0.000000000000000000e+00
0.000000000000000000e+00 1.042432349539957753e-01 0.000000000000000000e+00 1.255419592083271141e-01 3.206597619170211549e-02 1.898820382739676779e-02 4.882586143133923334e-02 1.470356522785795927e-01 6.298860501527172966e-03 0.000000000000000000e+00 0.000000000000000000e+00 1.912813888416302344e-01 9.854324697237530975e-03 1.044575190825825124e-02 1.327508130823817079e-01 0.000000000000000000e+00 4.716515600612099235e-03 1.249584806662244578e-02 1.624389162444226167e-02 1.392117177859476251e-01
2.951643611157724334e-01 0.000000000000000000e+00 0.000000000000000000e+00 1.244434879061236121e-01 2.154808085216015565e-02 1.850515784983676193e-01 2.053769581877945560e-02 8.880775300949170226e-02 1.486067591093006013e-01 0.000000000000000000e+00 0.000000000000000000e+00 0.000000000000000000e+00 0.000000000000000000e+00 0.000000000000000000e+00 0.000000000000000000e+00 0.000000000000000000e+00 1.847993841301644050e-03 1.146963583850361609e-02 8.922730287740020250e-02 1.329535113279885390e-02
8.264339383335937705e-02 6.310041861068044211e-02 0.000000000000000000e+00 6.648939555881112906e-02 0.000000000000000000e+00 5.121731697662902649e-02 4.039843407597118463e-02 1.230794639660147821e-01 5.064874264639961099e-02 0.000000000000000000e+00 1.366142829223128408e-02 1.459293818322641989e-01 0.000000000000000000e+00 2.923332129883933310e-03 0.000000000000000000e+00 7.319406794782951087e-02 1.242348080820606382e-01 1.176392766099979004e-01 8.205268238422953192e-03 3.663527119944415961e-02
0.000000000000000000e+00 1.056549092166270132e-01 0.000000000000000000e+00 1.075667567913736744e-01 0.000000000000000000e+00 1.398470878445599863e-01 3.091963659417121257e-02 3.891914163902471246e-02 1.733998631631778267e-02 8.132252652865566700e-02 0.000000000000000000e+00 1.357469855910838352e-01 3.662808880833356290e-02 2.779716386098562281e-02 3.779129022705838420e-02 1.756522592672297642e-02 1.308463393058229007e-01 4.832870050641557835e-02 1.963015548255831952e-02 2.409600536028875389e-02
3.398533413247727814e-02 1.597050056962856512e-02 6.171753144024068327e-02 2.525938198677190050e-01 2.072681470697765871e-01 0.000000000000000000e+00 5.453160480636528445e-02 0.000000000000000000e+00 0.000000000000000000e+00 0.000000000000000000e+00 0.000000000000000000e+00 4.257696677275418957e-03 0.000000000000000000e+00 1.051382144473872182e-01 0.000000000000000000e+00 0.000000000000000000e+00 1.384453183082280658e-01 0.000000000000000000e+00 1.260918326809019607e-01 0.000000000000000000e+00
0.000000000000000000e+00 0.000000000000000000e+00 1.098084021132135490e-01 2.484336899798492704e-01 0.000000000000000000e+00 0.000000000000000000e+00 2.849295636767169848e-02 3.011198433186237922e-01 2.386770749761639790e-02 3.278788984538236889e-02 5.035098748430645588e-02 1.525155264270240119e-01 0.000000000000000000e+00 1.147141764839822685e-02 2.657261971296573030e-02 0.000000000000000000e+00 3.465428703773798785e-03 0.000000000000000000e+00 1.111353090117480485e-02 0.000000000000000000e+00
1.385307977921554357e-01 0.000000000000000000e+00 1.270458904420636026e-01 1.331245504907768995e-01 1.535655773261475517e-02 1.834507808427544573e-01 0.000000000000000000e+00 4.048741091133696568e-02 2.600726326378364206e-01 0.000000000000000000e+00 5.784886160247959541e-02 3.129894064056105291e-02 0.000000000000000000e+00 1.278357690742083601e-02 0.000000000000000000e+00 0.000000000000000000e+00 0.000000000000000000e+00 0.000000000000000000e+00 0.000000000000000000e+00 0.000000000000000000e+00
1.083367804928522284e-02 1.100921456053554660e-02 9.714694223001957285e-02 1.467703621075070186e-01 1.602384961205964575e-01 1.621048780136392642e-01 3.170230752432427052e-02 0.000000000000000000e+00 0.000000000000000000e+00 0.000000000000000000e+00 0.000000000000000000e+00 3.468226416929232753e-02 0.000000000000000000e+00 1.473025437510827075e-02 5.004457021761572755e-02 0.000000000000000000e+00 1.765964051957832209e-02 1.510336595293534090e-01 1.120437325831444841e-01 0.000000000000000000e+00
7.393547680294683400e-02 1.291304038840787316e-01 8.057594110599733753e-03 2.537571621556924395e-01 0.000000000000000000e+00 4.038939447221537304e-02 0.000000000000000000e+00 5.480240192511164933e-03 3.604387222616484143e-02 0.000000000000000000e+00 1.083179403525754911e-02 1.499420757000406723e-01 0.000000000000000000e+00 6.172381934172201101e-02 3.639598229208599440e-04 0.000000000000000000e+00 1.853773939998890757e-02 7.013997037551822876e-03 1.365712320681418956e-01 6.822123875016720962e-02
1.854206621773157653e-03 1.016453125668425814e-02 9.697341208059384599e-02 5.187231074252460911e-02 1.532341807545460621e-01 1.636517000253860932e-01 0.000000000000000000e+00 3.786594102304959974e-03 8.778159382677870951e-03 4.389360260961977858e-03 3.053992634127646738e-02 1.026772901433584129e-01 0.000000000000000000e+00 4.446273711417713520e-02 1.409525623397115401e-01 4.803720782998339989e-02 0.000000000000000000e+00 0.000000000000000000e+00 8.908286960600426962e-03 1.297175340434396640e-01
