0.000000000000000000e+00 5.842592690448859816e-02 1.356371237301123942e-05 2.940404645482922949e-02 1.502298441501063141e-02 2.006489862579145800e-02 2.360814959322888804e-02 2.731231181836484435e-03 3.198057720659244069e-02 5.442779099187811630e-03 0.000000000000000000e+00 2.113142348914512081e-01 1.376245898968682380e-01 3.411844986813993073e-04 5.213055488888288652e-02 1.709338904271400644e-02 8.508692629573119323e-03 1.447271397041466900e-01 1.309090075550586318e-01 1.106570496992852620e-01
1.716209515183264936e-02 0.000000000000000000e+00 0.000000000000000000e+00 3.296827136439393208e-02 1.588023258462502654e-02 8.595377045383342449e-03 2.573022321890824221e-02 1.243962037361913547e-01 1.536991455698779041e-01 3.792168172375062762e-02 7.117730799971455462e-03 1.770758179211466554e-01 0.000000000000000000e+00 1.709631393610670444e-02 0.000000000000000000e+00 2.032514617044442039e-03 0.000000000000000000e+00 3.580849072734530458e-01 2.184541475391163414e-03 2.005494358192358786e-02
0.000000000000000000e+00 0.000000000000000000e+00 0.000000000000000000e+00 5.294188231875886913e-02 1.238885483834893386e-01 6.433254367789298378e-02 1.380685236059292671e-02 2.047414822727366135e-01 4.226416446461667836e-02 3.747358453188591454e-02 0.000000000000000000e+00 5.645311184751810457e-02 1.109615688915123813e-02 1.070326798814969470e-02 3.431564206605760507e-03 0.000000000000000000e+00 2.253029046173070718e-03 1.227130192335186137e-01 4.021723587593349636e-02 2.136835569029766624e-01
0.000000000000000000e+00 4.092337126745741044e-02 1.677158671553147067e-03 1.886450704877837628e-02 2.377463527901160431e-02 1.087629104499037358e-03 2.710188370602380475e-03 7.113431076435548783e-02 2.639905150019797309e-01 2.218779277421437449e-02 6.401944197350212251e-03 1.452285558072995419e-01 0.000000000000000000e+00 0.000000000000000000e+00 1.519518355500418805e-01 0.000000000000000000e+00 3.600857759838061237e-03 1.082196427996803545e-01 2.624855625896218431e-02 1.119984993443761123e-01
0.000000000000000000e+00 1.589316126017938178e-03 9.908295526362281141e-03 4.822813542562699209e-03 1.318477482705772419e-01 6.505461157027712937e-02 2.358662937241706205e-03 1.264829002599216212e-01 0.000000000000000000e+00 9.774316785381723105e-02 0.000000000000000000e+00 1.851968375754572405e-01 0.000000000000000000e+00 2.655852442620729517e-02 1.352621063002949027e-03 7.007550152482999728e-03 3.652862689869636886e-02 9.364453938074422668e-02 1.691806402878736071e-01 4.072314412875749357e-02
3.942503192357497965e-02 1.199967989191727674e-01 4.181774136870482217e-02 1.461840961528668714e-01 6.866978739679114978e-04 1.836342893027823053e-02 0.000000000000000000e+00 2.759435655207918489e-02 2.045089283491778043e-01 0.000000000000000000e+00 0.000000000000000000e+00 9.349491143606247778e-02 0.000000000000000000e+00 1.309077970788366345e-02 7.406384008045778684e-03 1.113893887676173644e-01 2.973471280157097968e-02 1.102509424966142820e-01 3.605580071238288775e-02 0.000000000000000000e+00
3.700548962339711423e-02 0.000000000000000000e+00 0.000000000000000000e+00 3.093691862352935043e-02 6.896935782808083504e-02 0.000000000000000000e+00 0.000000000000000000e+00 1.428084133139083667e-01 1.471549302324303421e-01 4.432028820493617849e-02 0.000000000000000000e+00 2.429596276793498655e-01 1.962114546585670347e-02 1.891057407296125800e-02 2.509362317094610689e-02 9.346539084144291076e-02 0.000000000000000000e+00 1.174325525198392783e-01 0.000000000000000000e+00 1.132168842332153570e-02
3.950037953420049153e-02 1.358589962222336855e-01 3.351570254544862190e-04 1.139961147885669435e-02 1.452675041086517460e-01 8.018730915887083144e-03 0.000000000000000000e+00 1.345920275408372113e-01 1.270852947274799249e-01 0.000000000000000000e+00 0.000000000000000000e+00 1.491223072475225953e-01 9.178999356291985684e-03 0.000000000000000000e+00 8.790457489039482306e-03 7.688020907429384508e-03 0.000000000000000000e+00 1.204620971163528585e-02 1.621263805667245983e-01 4.898992316775518940e-02
6.038458833023079356e-03 1.415553490506898937e-01 2.062691916641237484e-03 3.260452928499354280e-02 1.216674081012241032e-01 1.121600323422438233e-01 1.243601937643285839e-02 1.345712627231500647e-01 5.117157233045734749e-02 7.865071754419833416e-03 0.000000000000000000e+00 1.357950364094801798e-01 1.145640378703938200e-02 0.000000000000000000e+00 1.177430909988955443e-01 5.780845437310195602e-03 4.676969356884521506e-03 4.919316612960159679e-02 1.156461615927653445e-02 4.165747600823624386e-02
1.843255983855171184e-02 1.055314717943890424e-01 0.000000000000000000e+00 1.732580695094582679e-01 1.410632061142156057e-01 1.516957123446145521e-02 1.041361827093756492e-01 7.000057823416151737e-02 2.926964232111138597e-02 0.000000000000000000e+00 0.000000000000000000e+00 1.471227602812833490e-01 0.000000000000000000e+00 0.000000000000000000e+00 1.598546048043809203e-02 6.784158150741855832e-03 0.000000000000000000e+00 0.000000000000000000e+00 0.000000000000000000e+00 1.732463393318120493e-01
0.000000000000000000e+00 1.778728727681819569e-02 0.000000000000000000e+00 0.000000000000000000e+00 2.253961155408279460e-02 6.606272121112136131e-02 3.797591017066299923e-02 0.000000000000000000e+00 5.131715684661504462e-02 0.000000000000000000e+00 1.227281068420307819e-02 1.404722066280792159e-01 1.366853154675204685e-01 1.596343509516054849e-03 4.688166455138057659e-02 1.551990825918902681e-02 6.269317703088712196e-04 1.488973973333158618e-01 1.959010122878776516e-01 1.054637224493087388e-01
0.000000000000000000e+00 4.045983183541329575e-02 4.300182183539714292e-02 2.215486350728919016e-03 1.034705185322351735e-02 1.314443264053119509e-02 1.122468896682138513e-02 6.234827103192151949e-03 1.642619319981454551e-01 2.273561188286649104e-02 0.000000000000000000e+00 3.696030277144823906e-01 5.054567339222867071e-04 3.773766676642979941e-04 4.267225657590738297e-02 9.758182764518987407e-04 9.224158289173314818e-02 1.181102093812048809e-01 1.210708727225939287e-02 4.978150002005463787e-02
1.674563257219061378e-03 7.819614507437247508e-02 0.000000000000000000e+00 1.015913115757292873e-02 3.639457460857065813e-02 0.000000000000000000e+00 0.000000000000000000e+00 6.373344943512630756e-02 1.803882126972979338e-01 6.157563797311284282e-02 0.000000000000000000e+00 2.677095684804672859e-01 0.000000000000000000e+00 1.162701869635327373e-01 1.383887901962373157e-01 0.000000000000000000e+00 1.268610983666199760e-02 0.000000000000000000e+00 0.000000000000000000e+00 3.282363031982848262e-02
2.976358248915313403e-03 0.000000000000000000e+00 4.799927410306434501e-03 4.217194147062418991e-02 3.899466154241019999e-02 6.767391197404002204e-03 2.251348277736945833e-02 1.794389950169738568e-01 0.000000000000000000e+00 5.770385497089110596e-03 4.906970778364185687e-02 1.698377368509089158e-01 5.759617687571402106e-02 5.591968113560235980e-03 1.317114772778208431e-01 3.120039061678988104e-02 3.206891399592274455e-02 2.089502084219772293e-01 1.054027690257168873e-02 0.000000000000000000e+00
3.505119866884709098e-03 2.877554227488248947e-02 1.688843973806056394e-03 1.241359772098211446e-02 8.241469801930827177e-02 0.000000000000000000e+00 2.254027036528337413e-02 8.777160608509526618e-03 1.484932251245239254e-01 7.518341884645650397e-02 0.000000000000000000e+00 2.600314594963500370e-01 1.834606717145581328e-03 0.000000000000000000e+00 5.190694335672869225e-02 8.093887568242737196e-02 8.811889821244539567e-02 1.131354833821229255e-01 9.037052001524001690e-03 1.120480435061913319e-02
0.000000000000000000e+00 0.000000000000000000e+00 5.400274832950010401e-02 4.955362020894652809e-03 2.092375517388412806e-02 0.000000000000000000e+00 6.762022291560705611e-03 3.159493667082900054e-02 8.703016247670216851e-03 0.000000000000000000e+00 0.000000000000000000e+00 3.436417146837075776e-01 1.546925508065598864e-01 0.000000000000000000e+00 2.839486657606408310e-02 0.000000000000000000e+00 0.000000000000000000e+00 1.014846050503356162e-02 1.992500307734571263e-01 1.369305359208390083e-01
9.616257086313678704e-02 0.000000000000000000e+00 4.520651818815877611e-03 3.776859206555317067e-02 1.215788827312499626e-01 5.201559124825624880e-02 3.876893051900278525e-03 1.157158789325709453e-01 1.451247850072381329e-01 2.923059169711455813e-03 0.000000000000000000e+00 1.256555364919334783e-01 0.000000000000000000e+00 0.000000000000000000e+00 2.185165585749616196e-02 3.767875603521968469e-03 2.409333448988888043e-02 1.224659781427629157e-01 1.984492591449048965e-02 1.026337886114732229e-01
9.770536449760116107e-03 9.607260507864498131e-03 0.000000000000000000e+00 0.000000000000000000e+00 1.465035376563648094e-02 5.884302021303920022e-02 3.691175998420093141e-02 7.758028385656962067e-02 1.285728649761576636e-01 1.818976965645517901e-03 3.584269934575382011e-02 1.126411165793071989e-01 1.409634841422628682e-01 0.000000000000000000e+00 1.042395058448474573e-03 5.604089359459926700e-03 1.441352565387096427e-02 9.185480318131931943e-02 1.287828003600502980e-01 1.311000296006530619e-01
0.000000000000000000e+00 1.463440070988118458e-01 1.807708927159509425e-03 1.004862852381180893e-01 1.565010966277986804e-01 0.000000000000000000e+00 1.004419065325662663e-01 0.000000000000000000e+00 0.000000000000000000e+00 0.000000000000000000e+00 0.000000000000000000e+00 1.894101593654991256e-01 0.000000000000000000e+00 0.000000000000000000e+00 1.277124417155051928e-01 8.434454427645527580e-03 0.000000000000000000e+00 2.270011423747568015e-03 1.545759266482375077e-03 1.650461693766658300e-01
8.835054502127032139e-02 4.496857539649015689e-02 5.713781842550157836e-02 0.000000000000000000e+00 1.401947936915775295e-01 1.100888143629445842e-01 4.125655162468609000e-02 4.250644131412600196e-02 0.000000000000000000e+00 0.000000000000000000e+00 2.390049086363294547e-03 6.632575094298132079e-02 0.000000000000000000e+00 0.000000000000000000e+00 4.076162255216808986e-03 4.927026860082945117e-03 2.644259182454066978e-03 2.036244054624414962e-02 1.422784274245620373e-01 2.324923438654991903e-01
8.800792540540752773e-03 1.360416912222539021e-01 0.000000000000000000e+00 3.214459112900878990e-02 1.539592023585197034e-01 3.545811830651743411e-03 5.701863034255503365e-02 1.003040158500009306e-02 1.283992517643678666e-01 6.390695583265293758e-03 3.258792153622320532e-03 2.253806339645165746e-01 2.436937378431307255e-02 9.189165899252418196e-03 5.719518101012988076e-02 0.000000000000000000e+00 1.209503817967906396e-02 0.000000000000000000e+00 1.161673974492738980e-02 1.205640069073961040e-01
1.691450584799889390e-04 1.550358951565117549e-01 0.000000000000000000e+00 2.580194026828393911e-02 1.496155090024183822e-02 2.455113702136147227e-02 1.437316578026797548e-02 1.274833631054736460e-01 1.507731181651667529e-01 1.312729009712593035e-02 3.376215594165905506e-04 1.624746843185922440e-01 3.116546872209549797e-03 0.000000000000000000e+00 1.529260663603802806e-01 9.428737251971264569e-03 0.000000000000000000e+00 9.833041728962747807e-02 1.221224193254588121e-02 3.489707886234342388e-02
1.421954173215416069e-02 8.258798584954680317e-04 0.000000000000000000e+00 5.424485213157647506e-02 0.000000000000000000e+00 0.000000000000000000e+00 6.062934446325297239e-02 5.746621113336027736e-02 1.289646388736124250e-01 1.472583326813432130e-04 1.246680199386044838e-02 1.888261821657183370e-01 1.051221217095231475e-01 0.000000000000000000e+00 1.315411013833502410e-02 6.897769293981122207e-02 8.797071690578426098e-03 1.212193934428258124e-01 1.649388993942144666e-01 0.000000000000000000e+00
1.013650223016173899e-02 1.435240797092517395e-01 2.212822587739252805e-03 4.095121662282766306e-02 7.993757946231583311e-03 1.264450261739297025e-02 0.000000000000000000e+00 1.378500697006645181e-01 6.906113714669993506e-03 7.720026667577353265e-04 0.000000000000000000e+00 2.030816290515156108e-01 3.893840893994148650e-02 5.216970919669780896e-03 1.852503060671782404e-03 1.280271725654030801e-02 2.298128019256533497e-02 4.180406948662587774e-02 1.990541131682321829e-01 1.112772401285404417e-01
9.412411536284005786e-02 1.517182408128693316e-01 2.834996978321048522e-03 1.116180466942755765e-02 9.066658948692422892e-02 0.000000000000000000e+00 1.463755907504430687e-01 1.023125785678237892e-01 0.000000000000000000e+00 5.075438813119625275e-03 0.000000000000000000e+00 1.202824817869106167e-01 8.347193596465183815e-03 0.000000000000000000e+00 4.371275173788284618e-02 9.955239682034128235e-03 1.261315195089009016e-02 2.461647734969817786e-02 7.647380703724274663e-03 1.685559677506261178e-01
0.000000000000000000e+00 2.143604648136547552e-02 2.999483541767027344e-03 4.585188461154916795e-02 1.495434640507163973e-02 0.000000000000000000e+00 4.430203291690611514e-03 1.744690421155494072e-03 2.454278850312595350e-02 1.070312070844823549e-01 1.435403411059729510e-02 1.456554203346238363e-01 6.735187283370887637e-03 1.889032845034521180e-01 5.040233499030011277e-02 1.043572345256717770e-01 8.390656583446329253e-02 3.717160789633441181e-02 1.292200827644761352e-01 1.630359741650239461e-02
0.000000000000000000e+00 2.292506368676696955e-03 6.342054561819888969e-03 1.302020176856451272e-01 2.973546643580252113e-01 0.000000000000000000e+00 1.163189692481814003e-01 3.081361523626514019e-03 1.038581423322153079e-02 8.375944948125284631e-03 0.000000000000000000e+00 1.538240323882292537e-01 0.000000000000000000e+00 1.166493972533098541e-03 1.411498685757169025e-01 2.030004731256395897e-02 0.000000000000000000e+00 8.661870686175368594e-02 7.602206757906745417e-03 1.498531120397468899e-02
2.873373010179341991e-02 1.131050655602221511e-01 0.000000000000000000e+00 1.193334271652911477e-01 1.678021180525121059e-01 5.716328061075519329e-02 2.478271673068679990e-03 2.335143689454336619e-02 5.023463528614456608e-03 6.103537333910467877e-03 0.000000000000000000e+00 1.161506759588771531e-01 1.094149162587062726e-03 0.000000000000000000e+00 3.352566187720666235e-03 2.349348345246071983e-03 0.000000000000000000e+00 1.088891991305011853e-01 1.404629702332988173e-01 1.046067600610582765e-01
2.082517997461851705e-02 1.422361478995632922e-01 1.105172158577353691e-03 2.074447405304095937e-03 8.394407600117904586e-03 0.000000000000000000e+00 1.007901479837570134e-02 6.486560763757726923e-03 0.000000000000000000e+00 2.756160998839829804e-02 0.000000000000000000e+00 2.956860771894900819e-01 2.366174412656482651e-01 9.708970152014682886e-03 1.507288044088825156e-02 2.312888680945444572e-02 7.230698130926248822e-03 1.153167466079108583e-01 1.307462560914177986e-02 6.540113320581257550e-02
1.557045734811088496e-02 1.422025975387379571e-01 3.447849118156955366e-04 3.549321842855139575e-02 6.500545229658091957e-03 7.047815691994809006e-02 2.242985241541168434e-02 1.433625430258851363e-01 4.026255003231737906e-02 2.576837306275281837e-03 2.718089856086195778e-03 1.248874184198257437e-01 3.267275608756967792e-02 0.000000000000000000e+00 3.009276314885908285e-02 0.000000000000000000e+00 1.020933695016125325e-01 0.000000000000000000e+00 6.202323364832829783e-02 1.662908261810068788e-01
0.000000000000000000e+00 1.101405793445138503e-01 0.000000000000000000e+00 1.340107277135201610e-03 1.151300043485333768e-01 1.297507758557540393e-02 1.122951243914387456e-02 6.658582243279204116e-02 1.649966344454413883e-02 1.042453423105577613e-02 1.500236552437097387e-02 3.296353694023830272e-01 1.324044914373688209e-01 9.549759933950456581e-03 2.422402092829765985e-02 2.289369068728759529e-03 0.000000000000000000e+00 1.658111924598811363e-02 2.888064054052702067e-03 1.231001393015658946e-01
1.647072611540693204e-02 0.000000000000000000e+00 0.000000000000000000e+00 2.571619928295119234e-02 0.000000000000000000e+00 1.814297627875725892e-03 2.747685340665441053e-02 1.309149592006545459e-01 2.065119617007235842e-01 1.362282469392180062e-01 1.435055523696565749e-05 6.532198428517933808e-02 0.000000000000000000e+00 1.472700431783911627e-02 1.109702868217512101e-01 9.823961809926169079e-04 3.217033309310898814e-02 1.050283585902594963e-01 0.000000000000000000e+00 1.256520418821476803e-01
0.000000000000000000e+00 1.168120418357608131e-01 0.000000000000000000e+00 1.368465815245148431e-01 1.005767549805527405e-01 1.284499567857778739e-03 0.000000000000000000e+00 4.845200851038355266e-02 1.519513953038580389e-01 0.000000000000000000e+00 0.000000000000000000e+00 2.349548521780160104e-01 0.000000000000000000e+00 0.000000000000000000e+00 6.491790391432925890e-03 8.002018600334634066e-03 0.000000000000000000e+00 4.502155181157395381e-02 5.752836371529797266e-03 1.438536689241848299e-01
1.116246746856465882e-01 8.608818923620836783e-02 1.489807998510605906e-02 0.000000000000000000e+00 6.449622159766024709e-02 1.139674385334184525e-01 7.484032216298097673e-02 5.038023438862245136e-03 0.000000000000000000e+00 2.389283694359751846e-03 2.308931929543326061e-04 1.760870620089237393e-01 1.948701661194885137e-01 1.228692816330395621e-02 4.025033397723664676e-03 4.811689742617104165e-02 3.530930320271271489e-02 3.768161912029659860e-02 6.832291947909335979e-03 1.121757208627337937e-02
4.626384453943854606e-04 7.004275152129611770e-02 0.000000000000000000e+00 9.341698516642252259e-03 1.502349639643651980e-01 4.379789864939847427e-02 8.350888982890812551e-02 1.706511777730974205e-04 0.000000000000000000e+00 4.213639387277767941e-03 0.000000000000000000e+00 2.114340583809639629e-01 1.591440049518965880e-02 0.000000000000000000e+00 8.879249679655416838e-02 2.739998090537142886e-03 1.049666481527989845e-02 9.667463157819057573e-02 1.163790346733810932e-01 9.579558367884827286e-02
