0.000000000000000000e+00 9.648388472656940426e-03 0.000000000000000000e+00 0.000000000000000000e+00 2.500335064533791563e-02 0.000000000000000000e+00 1.292544906511925717e-01 0.000000000000000000e+00 1.366995676005390015e-01 3.068968688489544499e-03 0.000000000000000000e+00 1.761445374997777993e-02 0.000000000000000000e+00 0.000000000000000000e+00 2.906004301292965941e-01 0.000000000000000000e+00 3.530406992627116436e-02 0.000000000000000000e+00 1.221630443460994947e-02 5.355374111863099281e-04 0.000000000000000000e+00 0.000000000000000000e+00 1.515177085798631584e-01 4.264243035366284407e-02 1.458942993569163904e-01
4.631299044104549706e-02 6.314941251641428312e-03 0.000000000000000000e+00 1.699254723574823017e-02 0.000000000000000000e+00 1.071047970471512931e-03 1.431753471304159919e-01 2.100907213145905839e-01 1.386678564163229266e-01 0.000000000000000000e+00 0.000000000000000000e+00 3.445418461783703035e-02 0.000000000000000000e+00 0.000000000000000000e+00 0.000000000000000000e+00 1.069333080796172480e-01 0.000000000000000000e+00 4.722250141912005122e-02 0.000000000000000000e+00 0.000000000000000000e+00 1.646140496809668854e-02 0.000000000000000000e+00 5.513085476563460430e-02 1.661304188871986220e-01 1.104187550225941769e-02
0.000000000000000000e+00 0.000000000000000000e+00 0.000000000000000000e+00 0.000000000000000000e+00 3.674844965173792305e-02 6.044507691238101138e-02 5.806823219708204253e-02 0.000000000000000000e+00 0.000000000000000000e+00 5.179476150254282152e-02 0.000000000000000000e+00 9.266976321498166316e-03 0.000000000000000000e+00 9.103744034189956841e-03 1.379934445172342761e-01 1.607115469999229052e-02 1.270328356097366260e-02 1.166796222962097895e-01 6.190537681509943047e-02 1.142207317674623218e-01 0.000000000000000000e+00 9.110965599111049695e-02 1.527119482329663824e-01 7.117754149951949216e-02 0.000000000000000000e+00
1.069016406863863844e-01 4.784523246496340254e-02 0.000000000000000000e+00 0.000000000000000000e+00 1.169037295456139530e-03 0.000000000000000000e+00 4.722512281579380362e-03 0.000000000000000000e+00 1.039836966462876350e-01 1.100560390914257641e-02 0.000000000000000000e+00 1.459393129746247228e-02 0.000000000000000000e+00 0.000000000000000000e+00 1.615451740185701313e-01 0.000000000000000000e+00 6.161127293885616807e-02 0.000000000000000000e+00 7.546609155919185852e-02 1.174844809034423232e-01 0.000000000000000000e+00 0.000000000000000000e+00 1.364177444300405662e-01 1.508312105100049205e-01 6.422371058616012721e-03
9.535746596542482578e-02 5.619941715352898921e-04 0.000000000000000000e+00 8.919582309858595237e-02 0.000000000000000000e+00 0.000000000000000000e+00 1.489416894364115895e-01 0.000000000000000000e+00 5.747683013244474226e-02 6.274154307679512266e-02 0.000000000000000000e+00 8.074087261501193546e-02 0.000000000000000000e+00 0.000000000000000000e+00 1.779642177808326564e-01 0.000000000000000000e+00 0.000000000000000000e+00 2.442178125897831106e-02 0.000000000000000000e+00 4.994629883798102493e-02 0.000000000000000000e+00 0.000000000000000000e+00 3.686651791288286101e-02 1.757849657131156929e-01 0.000000000000000000e+00
0.000000000000000000e+00 0.000000000000000000e+00 1.283508144460833167e-01 1.263884850317511729e-02 2.207067290250857780e-02 0.000000000000000000e+00 1.567064562649602144e-01 3.244491877541220287e-02 0.000000000000000000e+00 1.047245496652473296e-01 0.000000000000000000e+00 1.190104645542110484e-01 0.000000000000000000e+00 0.000000000000000000e+00 4.436560232985990032e-02 1.472268541713353876e-02 5.765201989663214927e-02 0.000000000000000000e+00 0.000000000000000000e+00 0.000000000000000000e+00 0.000000000000000000e+00 0.000000000000000000e+00 1.753768741033955372e-02 1.458098370017544554e-01 1.439654428326826718e-01
0.000000000000000000e+00 0.000000000000000000e+00 0.000000000000000000e+00 0.000000000000000000e+00 1.572879027081306169e-01 0.000000000000000000e+00 1.581696112060394224e-03 0.000000000000000000e+00 0.000000000000000000e+00 6.076376314138688672e-02 0.000000000000000000e+00 0.000000000000000000e+00 0.000000000000000000e+00 0.000000000000000000e+00 1.986519324283325116e-01 1.182095208813063736e-02 1.436708131054133530e-01 9.849930171874009266e-02 9.168173706943598400e-02 0.000000000000000000e+00 0.000000000000000000e+00 0.000000000000000000e+00 1.298650483302332681e-01 5.423764504166846134e-02 5.193920825646777123e-02
0.000000000000000000e+00 1.704380800890607436e-02 1.019525389732161835e-01 7.992323460115056261e-03 1.164167820848609758e-01 1.431650388417304203e-03 8.119783130394660556e-03 0.000000000000000000e+00 7.080096829343353326e-02 6.147528904839796166e-02 0.000000000000000000e+00 0.000000000000000000e+00 7.126850295847372840e-02 0.000000000000000000e+00 2.137581032161685601e-01 0.000000000000000000e+00 0.000000000000000000e+00 0.000000000000000000e+00 1.863857533218762181e-04 0.000000000000000000e+00 0.000000000000000000e+00 1.147773055766779238e-01 6.168932156435398724e-03 1.828218186786358668e-01 2.578580827254509100e-02
3.965014830169380825e-04 0.000000000000000000e+00 1.237394789661731831e-01 0.000000000000000000e+00 1.144389739815695473e-01 1.906249477713191321e-03 1.173752247555034239e-01 0.000000000000000000e+00 2.556512097015115059e-02 6.596331621416321594e-03 0.000000000000000000e+00 5.861228052730223410e-03 7.519173893185351724e-03 8.468917004836167559e-04 1.531452494584119584e-01 0.000000000000000000e+00 1.051555256732049776e-01 1.282884270780625460e-02 8.623631773888301710e-02 0.000000000000000000e+00 0.000000000000000000e+00 0.000000000000000000e+00 1.234679063163370422e-01 1.149209832034138040e-01 0.000000000000000000e+00
9.647105932776806059e-02 0.000000000000000000e+00 3.711518083357605302e-02 8.663137594455198832e-04 3.359811782135305180e-02 0.000000000000000000e+00 4.430566890286669751e-02 0.000000000000000000e+00 0.000000000000000000e+00 1.210727770711284984e-01 0.000000000000000000e+00 2.031591317128579946e-02 0.000000000000000000e+00 1.509006505170413983e-03 3.060813694295035914e-01 0.000000000000000000e+00 4.186566371996933156e-02 0.000000000000000000e+00 1.226657964846205040e-01 1.170263317942396748e-03 3.481057503752395125e-04 0.000000000000000000e+00 4.525078823431538666e-02 0.000000000000000000e+00 1.273639756706793635e-01
0.000000000000000000e+00 1.218902237209483659e-02 1.380606733824211174e-01 0.000000000000000000e+00 1.693842582130890631e-02 0.000000000000000000e+00 1.214538004922183501e-01 1.208481000078598655e-01 1.686235854627841230e-02 1.135716557114112985e-02 0.000000000000000000e+00 2.649952018347206950e-01 0.000000000000000000e+00 0.000000000000000000e+00 1.002358344606770896e-01 0.000000000000000000e+00 0.000000000000000000e+00 0.000000000000000000e+00 4.551059224191075087e-02 0.000000000000000000e+00 0.000000000000000000e+00 3.771696304016270568e-02 4.223070897858158951e-02 0.000000000000000000e+00 7.160115325062461900e-02
0.000000000000000000e+00 0.000000000000000000e+00 6.904161790553148270e-02 0.000000000000000000e+00 1.362862070830207217e-01 0.000000000000000000e+00 0.000000000000000000e+00 0.000000000000000000e+00 0.000000000000000000e+00 0.000000000000000000e+00 0.000000000000000000e+00 4.976707928145996523e-02 0.000000000000000000e+00 0.000000000000000000e+00 2.273391613862231209e-01 0.000000000000000000e+00 0.000000000000000000e+00 0.000000000000000000e+00 1.183713892745894003e-01 8.302888992627308062e-03 1.678300397790246853e-02 1.073068215650160445e-01 1.412443184882431479e-01 0.000000000000000000e+00 1.255575120453862881e-01
0.000000000000000000e+00 0.000000000000000000e+00 1.372074056065128722e-01 1.809524406225979792e-02 6.922511617983984067e-02 0.000000000000000000e+00 1.346704302365738237e-01 8.364681557401508483e-02 7.336963994222497898e-02 5.296066603325473576e-02 0.000000000000000000e+00 1.194426284999597215e-01 0.000000000000000000e+00 0.000000000000000000e+00 0.000000000000000000e+00 4.009159487531195609e-02 0.000000000000000000e+00 1.385812897959207493e-02 1.379507321679607733e-02 4.767553271541549731e-02 0.000000000000000000e+00 8.478410119941472145e-03 1.343181943294957936e-01 4.662718294295480070e-03 4.850240133451078767e-02
0.000000000000000000e+00 4.615049259526595934e-03 0.000000000000000000e+00 0.000000000000000000e+00 1.271464998737876217e-01 0.000000000000000000e+00 3.795264602486214580e-03 0.000000000000000000e+00 0.000000000000000000e+00 1.024393538124373920e-01 0.000000000000000000e+00 0.000000000000000000e+00 0.000000000000000000e+00 1.481623132756990438e-02 2.643694057891868288e-01 0.000000000000000000e+00 0.000000000000000000e+00 0.000000000000000000e+00 4.109754740607219486e-02 9.679307993204418203e-02 0.000000000000000000e+00 0.000000000000000000e+00 1.513166442171823001e-01 2.062759468713375177e-02 1.729833290925729961e-01
0.000000000000000000e+00 0.000000000000000000e+00 0.000000000000000000e+00 0.000000000000000000e+00 8.867786422810017277e-02 0.000000000000000000e+00 3.155876447931815765e-02 9.116334834712134724e-03 0.000000000000000000e+00 1.494048605980971001e-01 0.000000000000000000e+00 2.000506354216690652e-01 2.179061309017120418e-02 0.000000000000000000e+00 2.317285682000364833e-01 0.000000000000000000e+00 0.000000000000000000e+00 1.746133347652101958e-02 1.273188021477074557e-02 0.000000000000000000e+00 1.418713054531204687e-03 0.000000000000000000e+00 2.360604324020727784e-01 0.000000000000000000e+00 0.000000000000000000e+00
0.000000000000000000e+00 5.937601693201512501e-03 3.644850276370217856e-02 5.044710909844906874e-03 1.136805350250808498e-02 5.011205039448397153e-03 1.311625595514876452e-01 0.000000000000000000e+00 1.262081430790537584e-01 0.000000000000000000e+00 0.000000000000000000e+00 7.469784765772874424e-02 7.524376144851083192e-02 0.000000000000000000e+00 1.763024531993407917e-01 6.587544435566185241e-02 4.281173522790740482e-02 0.000000000000000000e+00 0.000000000000000000e+00 9.912253224879806479e-02 0.000000000000000000e+00 0.000000000000000000e+00 0.000000000000000000e+00 1.335683904577232017e-01 1.119705886508263505e-02
0.000000000000000000e+00 0.000000000000000000e+00 5.103424169467130761e-02 0.000000000000000000e+00 1.517080813158623864e-01 0.000000000000000000e+00 0.000000000000000000e+00 0.000000000000000000e+00 3.238904560266687993e-02 1.590808434144481698e-01 0.000000000000000000e+00 6.522962728782429574e-03 0.000000000000000000e+00 3.675907267940392575e-02 1.483884059083076246e-01 0.000000000000000000e+00 1.161302256561376339e-01 3.310286372470222505e-02 1.166467843919374442e-01 1.631534410187521905e-02 5.884269781310488877e-04 1.532515581922865543e-02 9.352321750171528614e-02 2.248532848212978635e-02 0.000000000000000000e+00
0.000000000000000000e+00 0.000000000000000000e+00 6.777425837998198033e-02 1.154530358742424274e-02 1.322181109622019568e-01 0.000000000000000000e+00 7.843722868577726257e-03 1.276413267812481211e-01 1.250206185810007198e-01 0.000000000000000000e+00 8.930036464277304672e-03 1.469299620735244061e-01 0.000000000000000000e+00 0.000000000000000000e+00 1.087836668744128210e-01 0.000000000000000000e+00 0.000000000000000000e+00 0.000000000000000000e+00 1.037963276246564315e-01 0.000000000000000000e+00 0.000000000000000000e+00 1.081616364695279636e-01 0.000000000000000000e+00 0.000000000000000000e+00 5.135502933316641455e-02
0.000000000000000000e+00 2.483178203245105589e-02 4.607202737528182795e-02 0.000000000000000000e+00 5.755363866069816009e-02 4.343684365148394594e-03 0.000000000000000000e+00 0.000000000000000000e+00 3.277902339340728333e-02 1.908841628365745557e-02 1.137386148139944535e-02 1.235967396705911492e-01 0.000000000000000000e+00 0.000000000000000000e+00 1.424056877214269212e-01 0.000000000000000000e+00 1.602731516540040202e-02 1.267476879772881926e-01 1.529111154239629240e-02 7.624084617679768860e-02 0.000000000000000000e+00 1.329687274601226987e-01 0.000000000000000000e+00 0.000000000000000000e+00 1.706794506939328937e-01
0.000000000000000000e+00 0.000000000000000000e+00 1.209596826529797525e-01 0.000000000000000000e+00 1.348785410877913205e-01 0.000000000000000000e+00 1.428957962354820629e-03 2.315457357794539067e-02 4.070717239533316878e-02 1.279127794019202236e-01 0.000000000000000000e+00 0.000000000000000000e+00 0.000000000000000000e+00 1.889355845238665024e-02 5.445263921235451998e-02 1.709030879734736372e-02 1.295425412082346628e-01 4.019739860432999627e-03 9.269131993964438432e-03 0.000000000000000000e+00 0.000000000000000000e+00 0.000000000000000000e+00 1.763340521001724448e-02 4.015314137833709413e-02 2.599038268086003023e-01
9.832534292430597511e-03 1.089944764702170318e-02 0.000000000000000000e+00 0.000000000000000000e+00 8.661084733980124392e-03 0.000000000000000000e+00 4.126754515817378233e-02 1.042492373317800876e-02 2.296032284455662778e-02 9.882100155014560128e-02 0.000000000000000000e+00 1.014764327973892433e-01 0.000000000000000000e+00 1.755957731327680536e-03 1.741647821049521205e-01 0.000000000000000000e+00 1.093580131297477442e-01 4.148792927024359291e-03 3.154787282818977134e-02 0.000000000000000000e+00 0.000000000000000000e+00 1.006456337180177546e-01 1.591300732100724147e-01 0.000000000000000000e+00 1.149055815937924663e-01
0.000000000000000000e+00 8.169563225546119800e-02 1.288497682633895081e-01 0.000000000000000000e+00 1.158119735156284552e-01 2.804043797039655183e-03 1.711656749077025350e-02 7.736998135986596255e-03 0.000000000000000000e+00 1.511623068869271669e-01 0.000000000000000000e+00 1.658084596886496287e-01 0.000000000000000000e+00 0.000000000000000000e+00 2.468254514026352597e-01 0.000000000000000000e+00 0.000000000000000000e+00 0.000000000000000000e+00 0.000000000000000000e+00 0.000000000000000000e+00 0.000000000000000000e+00 0.000000000000000000e+00 1.674299053088406167e-02 1.977387988430607743e-02 4.567192814832215370e-02
2.388170678836177771e-02 8.597443975947154093e-02 4.018545866075105139e-02 0.000000000000000000e+00 1.723642797846640026e-02 0.000000000000000000e+00 1.328116617953823027e-02 0.000000000000000000e+00 5.521979389877433586e-02 0.000000000000000000e+00 0.000000000000000000e+00 0.000000000000000000e+00 0.000000000000000000e+00 0.000000000000000000e+00 3.699155530481837983e-01 0.000000000000000000e+00 3.190314784653731223e-02 0.000000000000000000e+00 9.641877816333507822e-02 0.000000000000000000e+00 0.000000000000000000e+00 1.288416210894569869e-01 1.316125709926952436e-01 0.000000000000000000e+00 5.529335594428134992e-03
0.000000000000000000e+00 0.000000000000000000e+00 0.000000000000000000e+00 0.000000000000000000e+00 1.734641144303157301e-01 0.000000000000000000e+00 0.000000000000000000e+00 1.182958174483256519e-01 1.389897445604343085e-01 0.000000000000000000e+00 0.000000000000000000e+00 5.124992426494792697e-03 1.081051775935035729e-02 0.000000000000000000e+00 5.047482974631023467e-02 3.526012752920168296e-03 1.706181341706166921e-01 1.334342712747948745e-01 1.257797938962707252e-01 2.536648150876667351e-03 0.000000000000000000e+00 0.000000000000000000e+00 0.000000000000000000e+00 6.501697589547822398e-02 1.928147487811462295e-03
0.000000000000000000e+00 3.471231628509460765e-02 1.556810382364042233e-01 0.000000000000000000e+00 0.000000000000000000e+00 0.000000000000000000e+00 0.000000000000000000e+00 9.587723968255527918e-02 1.626171741371446478e-03 5.494108373884786997e-03 0.000000000000000000e+00 1.196995927402285248e-01 0.000000000000000000e+00 0.000000000000000000e+00 2.037573018859739626e-01 0.000000000000000000e+00 1.361642933842887593e-01 3.320789594508144482e-02 1.618323906118558989e-02 5.358458147207313151e-03 0.000000000000000000e+00 2.278879184962384272e-02 1.477850316054998836e-02 0.000000000000000000e+00 1.546710495065501401e-01
0.000000000000000000e+00 2.272604253798839267e-03 0.000000000000000000e+00 0.000000000000000000e+00 2.189708775391926432e-01 1.186643294063179782e-02 1.215385150391850300e-01 4.093430205883869660e-02 0.000000000000000000e+00 1.348913404057011101e-01 0.000000000000000000e+00 1.094883604090817197e-01 0.000000000000000000e+00 0.000000000000000000e+00 1.266393668512083015e-01 1.374597515959674887e-01 0.000000000000000000e+00 2.785925062083317080e-03 1.004611234109718636e-02 0.000000000000000000e+00 0.000000000000000000e+00 0.000000000000000000e+00 2.051604413337402774e-02 0.000000000000000000e+00 6.259036736983988880e-02
0.000000000000000000e+00 1.534778720955679299e-01 4.598259240494925043e-02 1.824041611104898876e-03 0.000000000000000000e+00 0.000000000000000000e+00 8.097451338816316624e-02 0.000000000000000000e+00 3.061260992561502803e-02 1.299160987193515582e-01 0.000000000000000000e+00 0.000000000000000000e+00 0.000000000000000000e+00 9.135465729084810138e-02 3.145035595883381718e-02 0.000000000000000000e+00 0.000000000000000000e+00 1.297358009374424605e-03 0.000000000000000000e+00 0.000000000000000000e+00 0.000000000000000000e+00 5.263862608642845553e-02 1.412702980304589018e-01 1.907185770625970944e-01 4.848239941670744874e-02
3.398905346052847470e-02 0.000000000000000000e+00 0.000000000000000000e+00 0.000000000000000000e+00 2.511509025223822647e-02 0.000000000000000000e+00 1.780958889409621215e-01 8.011359304714941662e-03 3.693874015121128835e-04 2.652672274830247257e-01 0.000000000000000000e+00 0.000000000000000000e+00 1.444611774760003187e-02 0.000000000000000000e+00 1.638365278738337649e-01 0.000000000000000000e+00 0.000000000000000000e+00 0.000000000000000000e+00 1.643434587888810763e-02 1.888812053060551915e-02 0.000000000000000000e+00 6.857513239955859152e-02 1.554136685188960143e-01 1.401885207643018168e-02 3.753922813120735141e-02
3.525506952665428961e-02 0.000000000000000000e+00 0.000000000000000000e+00 0.000000000000000000e+00 1.401857876950239612e-01 0.000000000000000000e+00 0.000000000000000000e+00 0.000000000000000000e+00 0.000000000000000000e+00 1.253264290367907957e-02 0.000000000000000000e+00 1.175944135925398870e-01 0.000000000000000000e+00 0.000000000000000000e+00 2.590613341951944482e-01 1.046008746865781103e-01 0.000000000000000000e+00 0.000000000000000000e+00 1.335708246944827642e-02 0.000000000000000000e+00 0.000000000000000000e+00 0.000000000000000000e+00 1.517131413002766882e-01 1.656996536306051815e-01 0.000000000000000000e+00
0.000000000000000000e+00 8.280837041613147917e-03 1.293926798451744964e-01 0.000000000000000000e+00 1.841275613081011508e-02 0.000000000000000000e+00 1.116638100249996331e-02 0.000000000000000000e+00 1.651929164770935543e-01 0.000000000000000000e+00 0.000000000000000000e+00 0.000000000000000000e+00 0.000000000000000000e+00 0.000000000000000000e+00 1.077579455332224045e-01 0.000000000000000000e+00 1.811918950224605251e-01 3.799692539423276533e-02 1.558432991720366855e-03 7.365935827829564984e-03 0.000000000000000000e+00 9.863807128540813887e-03 0.000000000000000000e+00 1.703774804091428841e-01 1.514420071956593949e-01
2.155670058089834747e-03 0.000000000000000000e+00 0.000000000000000000e+00 0.000000000000000000e+00 1.239614691612193759e-01 0.000000000000000000e+00 0.000000000000000000e+00 7.487947391023389021e-02 3.417063039169501715e-02 0.000000000000000000e+00 0.000000000000000000e+00 0.000000000000000000e+00 0.000000000000000000e+00 4.259831640870950092e-02 1.901090045057174938e-01 4.127519727014596074e-02 0.000000000000000000e+00 0.000000000000000000e+00 2.609249586894109990e-02 0.000000000000000000e+00 0.000000000000000000e+00 1.275000809753775166e-01 1.512212896590702516e-01 0.000000000000000000e+00 1.860363717907999870e-01
0.000000000000000000e+00 0.000000000000000000e+00 8.330837856363388846e-03 9.629430053258919431e-02 1.212819360979321831e-02 5.819708843009819416e-02 2.424163663871112609e-02 4.381328318736234240e-02 1.426277714784700834e-01 1.559604831713450046e-01 0.000000000000000000e+00 3.472076147156214453e-03 0.000000000000000000e+00 0.000000000000000000e+00 2.501797619391720601e-02 1.314948635379557806e-01 1.123193423929232451e-02 0.000000000000000000e+00 5.194272398066273472e-02 0.000000000000000000e+00 0.000000000000000000e+00 7.997991379580082077e-04 1.301448867139068724e-02 1.808950106105884359e-01 4.053753257634603452e-02
0.000000000000000000e+00 0.000000000000000000e+00 0.000000000000000000e+00 0.000000000000000000e+00 0.000000000000000000e+00 0.000000000000000000e+00 1.996058733827997880e-02 0.000000000000000000e+00 3.135683001005712400e-02 2.840170594572609397e-02 3.110280483775432138e-04 1.643805753321781193e-01 0.000000000000000000e+00 0.000000000000000000e+00 2.161182229059355753e-01 0.000000000000000000e+00 0.000000000000000000e+00 4.272157234639937379e-02 8.279467607895138470e-02 0.000000000000000000e+00 0.000000000000000000e+00 0.000000000000000000e+00 1.165861532170125447e-01 1.456310602284360267e-01 1.517375885486461629e-01
7.501433760394009276e-02 6.347928344846793559e-03 0.000000000000000000e+00 4.926586106589166125e-02 1.114127243563792780e-01 6.007212167333217433e-04 1.769692959809660016e-01 0.000000000000000000e+00 2.381028427174262593e-02 1.731139393727434972e-02 0.000000000000000000e+00 3.032585293240393914e-02 0.000000000000000000e+00 8.373213650087828197e-02 7.075853685273940374e-02 0.000000000000000000e+00 0.000000000000000000e+00 3.988702482577017455e-02 0.000000000000000000e+00 2.033475566346671683e-04 0.000000000000000000e+00 0.000000000000000000e+00 1.547212611821286166e-01 1.596392933716708207e-01 0.000000000000000000e+00
0.000000000000000000e+00 3.704333714143269018e-04 0.000000000000000000e+00 0.000000000000000000e+00 6.854987569076090824e-03 0.000000000000000000e+00 1.566539252341759723e-03 1.451040677959888336e-01 1.105896163889844496e-03 0.000000000000000000e+00 0.000000000000000000e+00 2.604982457923252226e-02 1.799573833592674546e-02 0.000000000000000000e+00 2.852289288726084782e-01 1.548772914726871119e-01 2.290205920617236629e-02 0.000000000000000000e+00 0.000000000000000000e+00 0.000000000000000000e+00 1.921363488275917852e-02 0.000000000000000000e+00 7.059096374560190970e-03 1.485049460083311401e-01 1.631665561150116017e-01
0.000000000000000000e+00 0.000000000000000000e+00 0.000000000000000000e+00 0.000000000000000000e+00 7.181568854006611935e-02 0.000000000000000000e+00 2.039444336569050109e-01 0.000000000000000000e+00 8.410214203075913608e-02 6.808316925949285149e-03 2.282492088842365003e-03 0.000000000000000000e+00 0.000000000000000000e+00 0.000000000000000000e+00 1.922423170009389115e-01 0.000000000000000000e+00 0.000000000000000000e+00 1.159956845017725002e-01 1.059400242166635628e-02 0.000000000000000000e+00 8.769332718281570849e-02 0.000000000000000000e+00 0.000000000000000000e+00 0.000000000000000000e+00 2.245215956502846499e-01
0.000000000000000000e+00 0.000000000000000000e+00 0.000000000000000000e+00 0.000000000000000000e+00 2.405708328388197603e-03 0.000000000000000000e+00 6.605590553666109430e-04 1.248747594330368443e-01 3.502316557967691257e-02 8.508044843108558686e-02 0.000000000000000000e+00 0.000000000000000000e+00 0.000000000000000000e+00 0.000000000000000000e+00 8.057660724093969329e-02 0.000000000000000000e+00 1.443387282510716352e-01 0.000000000000000000e+00 1.326904029466369943e-03 0.000000000000000000e+00 0.000000000000000000e+00 1.545504708153026298e-02 3.129275564254589415e-01 1.765254644046281574e-01 2.080505173935070021e-02
8.813517620616118098e-02 0.000000000000000000e+00 0.000000000000000000e+00 0.000000000000000000e+00 0.000000000000000000e+00 1.011874129027522384e-01 0.000000000000000000e+00 0.000000000000000000e+00 7.495669701895786227e-03 1.897536086773877161e-03 0.000000000000000000e+00 9.597166250499714057e-02 6.338621394594522174e-02 0.000000000000000000e+00 1.649109450048939773e-01 0.000000000000000000e+00 1.111207274673377265e-01 0.000000000000000000e+00 1.301494068199074983e-01 0.000000000000000000e+00 0.000000000000000000e+00 2.540861742144037358e-02 2.666108028160543708e-02 0.000000000000000000e+00 1.836755516562894319e-01
0.000000000000000000e+00 0.000000000000000000e+00 1.150962023955643017e-02 0.000000000000000000e+00 6.028356842389651082e-02 0.000000000000000000e+00 1.941353521263101956e-02 0.000000000000000000e+00 8.001221211725993709e-03 1.694383716761843975e-02 0.000000000000000000e+00 2.406640488314143178e-01 0.000000000000000000e+00 0.000000000000000000e+00 1.062317368328493522e-01 1.443255111236745880e-01 0.000000000000000000e+00 9.057957144055316101e-02 9.660288234822947059e-03 0.000000000000000000e+00 0.000000000000000000e+00 0.000000000000000000e+00 0.000000000000000000e+00 1.520597731947362918e-01 1.403272880865211458e-01
0.000000000000000000e+00 1.642976629146311596e-02 0.000000000000000000e+00 1.057072316717325502e-02 7.068881736794879397e-03 6.379862584160504724e-02 6.237538852188399124e-02 1.348109594437895686e-01 1.129005106655912166e-01 1.282999114466930879e-01 0.000000000000000000e+00 8.521071467750296335e-02 0.000000000000000000e+00 0.000000000000000000e+00 1.333529125268020053e-02 1.185727274914937651e-01 0.000000000000000000e+00 1.290101526621215307e-02 1.178909217451559188e-01 0.000000000000000000e+00 0.000000000000000000e+00 0.000000000000000000e+00 4.064177525844248767e-02 3.283923246309595340e-02 4.235355473042246716e-02
4.077876147479070866e-03 1.157251145987193003e-01 1.459728802977565409e-01 0.000000000000000000e+00 4.446529436708115263e-03 0.000000000000000000e+00 2.862292136053846275e-02 1.046458130777589562e-02 5.571483570459704465e-02 1.638070624154370492e-01 0.000000000000000000e+00 0.000000000000000000e+00 0.000000000000000000e+00 0.000000000000000000e+00 1.804564731274741762e-01 1.633874753494257703e-02 1.445940401866304681e-01 0.000000000000000000e+00 1.392853741565591589e-03 7.521396694281804428e-03 0.000000000000000000e+00 0.000000000000000000e+00 0.000000000000000000e+00 6.612557934011937914e-03 1.142521295120819125e-01
0.000000000000000000e+00 0.000000000000000000e+00 0.000000000000000000e+00 0.000000000000000000e+00 0.000000000000000000e+00 0.000000000000000000e+00 0.000000000000000000e+00 0.000000000000000000e+00 3.676266727796204115e-02 6.880955425868836954e-03 7.360498073467367647e-03 3.455485479672910226e-02 1.098764282721318266e-03 3.610613147145512458e-02 3.913987185518070788e-01 3.438636510948040598e-02 7.087196793813860252e-02 1.092188902873845041e-01 3.876559767599548068e-02 4.282903970469462140e-02 0.000000000000000000e+00 2.712998021789096020e-02 0.000000000000000000e+00 9.956247703571844548e-03 1.526793214828328082e-01
4.582357136561666239e-02 8.046136212036036905e-02 0.000000000000000000e+00 3.495808020303319691e-02 0.000000000000000000e+00 1.072282738285578081e-02 1.268035718670092182e-01 7.936761659454210499e-03 0.000000000000000000e+00 1.065420180889375956e-01 0.000000000000000000e+00 5.451435647741285223e-02 7.825034471992368826e-04 0.000000000000000000e+00 1.257087264077404454e-01 0.000000000000000000e+00 0.000000000000000000e+00 0.000000000000000000e+00 0.000000000000000000e+00 0.000000000000000000e+00 0.000000000000000000e+00 0.000000000000000000e+00 2.528874782233967999e-01 1.528587427569834678e-01 0.000000000000000000e+00
0.000000000000000000e+00 1.602941949549020403e-02 1.258555349683919411e-01 0.000000000000000000e+00 7.424228722875202136e-02 0.000000000000000000e+00 0.000000000000000000e+00 0.000000000000000000e+00 3.743104023195437807e-02 8.145584547488318727e-02 0.000000000000000000e+00 3.156767719332694705e-02 0.000000000000000000e+00 0.000000000000000000e+00 1.573935183709632424e-01 3.288490182367974357e-02 0.000000000000000000e+00 2.016798110366232674e-02 8.884845391662818392e-02 5.364110654655083327e-02 8.202946590628652779e-03 0.000000000000000000e+00 9.267421483324147710e-03 1.179954571763529303e-02 2.512123198541288405e-01
1.124760383593205459e-01 0.000000000000000000e+00 0.000000000000000000e+00 2.693443922872625768e-02 3.256017419074862251e-02 0.000000000000000000e+00 9.807785874282270999e-03 1.651854087787789707e-02 1.084032456080604064e-02 1.366906396023293557e-01 0.000000000000000000e+00 1.898946224412225575e-02 0.000000000000000000e+00 0.000000000000000000e+00 1.067118674814018092e-01 0.000000000000000000e+00 8.942252485533665196e-02 0.000000000000000000e+00 0.000000000000000000e+00 3.644276192597588164e-03 0.000000000000000000e+00 1.641929472003382431e-03 1.458330782123955782e-01 2.207055741313786734e-01 6.722334471667321121e-02
