0.000000000000000000e+00 0.000000000000000000e+00 1.387730726293941695e-02 1.354641210254933434e-03 1.374682884386195236e-01 0.000000000000000000e+00 1.620566824335387957e-01 0.000000000000000000e+00 4.180096795770102402e-02 0.000000000000000000e+00 0.000000000000000000e+00 0.000000000000000000e+00 0.000000000000000000e+00 0.000000000000000000e+00 1.048185262573798904e-01 0.000000000000000000e+00 1.092603296214676896e-02 1.347075749863696770e-01 0.000000000000000000e+00 1.431113124804779188e-02 1.415697232434181413e-02 0.000000000000000000e+00 1.539886282838296705e-01 8.501872262533545499e-02 1.255145240094950598e-01
0.000000000000000000e+00 1.006129893505895538e-02 1.346356698843552968e-01 3.673944574812052638e-02 1.169656213752720553e-01 0.000000000000000000e+00 0.000000000000000000e+00 1.510343783044071631e-01 3.640313049303638138e-02 1.744693946823918096e-01 0.000000000000000000e+00 0.000000000000000000e+00 0.000000000000000000e+00 0.000000000000000000e+00 3.219928730601512301e-02 2.099096444131012471e-02 1.379918088420059863e-01 2.136994028193506603e-02 0.000000000000000000e+00 0.000000000000000000e+00 0.000000000000000000e+00 0.000000000000000000e+00 0.000000000000000000e+00 0.000000000000000000e+00 1.271390597060913785e-01
7.767192519419651407e-03 0.000000000000000000e+00 1.799935400783255757e-01 0.000000000000000000e+00 1.516087323811841359e-01 0.000000000000000000e+00 1.737268143564292544e-01 2.671397978233899795e-01 8.273172105963055856e-02 0.000000000000000000e+00 0.000000000000000000e+00 0.000000000000000000e+00 0.000000000000000000e+00 0.000000000000000000e+00 0.000000000000000000e+00 0.000000000000000000e+00 0.000000000000000000e+00 0.000000000000000000e+00 7.642135384534318870e-03 1.076008054882651305e-01 0.000000000000000000e+00 2.178926090882138400e-02 0.000000000000000000e+00 0.000000000000000000e+00 0.000000000000000000e+00
0.000000000000000000e+00 2.210612765412165726e-01 0.000000000000000000e+00 0.000000000000000000e+00 8.726206239497123762e-02 0.000000000000000000e+00 0.000000000000000000e+00 0.000000000000000000e+00 1.557342281776817328e-01 0.000000000000000000e+00 0.000000000000000000e+00 3.428933500038881810e-02 0.000000000000000000e+00 0.000000000000000000e+00 1.552959838100890222e-01 0.000000000000000000e+00 4.864430954513331018e-02 4.166007107260212561e-02 7.865160417963196204e-02 0.000000000000000000e+00 0.000000000000000000e+00 3.123410591322917443e-02 0.000000000000000000e+00 1.461670233650559092e-01 0.000000000000000000e+00
0.000000000000000000e+00 8.597271616357403390e-02 1.321288534036976943e-02 0.000000000000000000e+00 0.000000000000000000e+00 0.000000000000000000e+00 1.128690860542105878e-02 1.854469368851046629e-01 1.397638873094808332e-01 1.512804152963501125e-01 0.000000000000000000e+00 0.000000000000000000e+00 3.645209707592382531e-04 0.000000000000000000e+00 3.218804325398388205e-02 0.000000000000000000e+00 1.204707390273587198e-01 1.387742341157655879e-01 9.164847932589402502e-02 0.000000000000000000e+00 0.000000000000000000e+00 0.000000000000000000e+00 1.931625014379730054e-02 1.027398356214069899e-02 0.000000000000000000e+00
6.519107645385358550e-03 0.000000000000000000e+00 0.000000000000000000e+00 0.000000000000000000e+00 2.406059571347759773e-01 0.000000000000000000e+00 1.770945985317256832e-01 0.000000000000000000e+00 1.176254070800126922e-01 7.077314477009376791e-03 0.000000000000000000e+00 0.000000000000000000e+00 0.000000000000000000e+00 0.000000000000000000e+00 7.978691159440991221e-02 2.433799091059149489e-02 2.721396183623574910e-02 0.000000000000000000e+00 0.000000000000000000e+00 0.000000000000000000e+00 0.000000000000000000e+00 1.149613390835494686e-01 9.991900068067757767e-02 8.516340668763154598e-02 1.969500433799512354e-02
0.000000000000000000e+00 1.181763434195095691e-01 1.723740934103505096e-01 1.336377226684498654e-01 0.000000000000000000e+00 0.000000000000000000e+00 2.280222773735024466e-01 0.000000000000000000e+00 2.243930244904943430e-02 1.137992840078517892e-01 0.000000000000000000e+00 0.000000000000000000e+00 0.000000000000000000e+00 0.000000000000000000e+00 9.134018421856257217e-03 0.000000000000000000e+00 0.000000000000000000e+00 2.325777251503735252e-02 0.000000000000000000e+00 0.000000000000000000e+00 0.000000000000000000e+00 8.371048409138919866e-04 0.000000000000000000e+00 1.697298681192170866e-01 8.592212774261701741e-03
0.000000000000000000e+00 0.000000000000000000e+00 2.443327215165490007e-01 0.000000000000000000e+00 2.226742899813519694e-01 1.457317041847069339e-01 6.584226484673136315e-02 0.000000000000000000e+00 2.247070330245192968e-02 1.239657280998972821e-01 0.000000000000000000e+00 0.000000000000000000e+00 8.964006646623510870e-04 0.000000000000000000e+00 4.789269268833277332e-03 0.000000000000000000e+00 3.308550536857769037e-02 0.000000000000000000e+00 2.237736780570946313e-02 1.025527503780960803e-01 0.000000000000000000e+00 6.009798094174898138e-03 1.878199499788509724e-03 3.393296988469230151e-03 0.000000000000000000e+00
9.945549696808032858e-03 0.000000000000000000e+00 1.520773883715083041e-01 0.000000000000000000e+00 2.448350783178760981e-01 1.609651995250920009e-02 1.492961640051800043e-02 1.788872858977233193e-01 7.471092183490866956e-02 1.614507719136001884e-01 0.000000000000000000e+00 0.000000000000000000e+00 0.000000000000000000e+00 0.000000000000000000e+00 0.000000000000000000e+00 0.000000000000000000e+00 3.314773647421080660e-02 0.000000000000000000e+00 0.000000000000000000e+00 0.000000000000000000e+00 6.531749284549088173e-03 7.441781466785027388e-02 3.296956718793800367e-02 0.000000000000000000e+00 0.000000000000000000e+00
0.000000000000000000e+00 0.000000000000000000e+00 1.066386065493781232e-01 0.000000000000000000e+00 1.291066205495378927e-01 3.729568613143797312e-02 2.031658136127666714e-01 1.824885918079165170e-01 1.524053730886569709e-02 0.000000000000000000e+00 0.000000000000000000e+00 0.000000000000000000e+00 1.597755089217281748e-03 0.000000000000000000e+00 1.018649703073460679e-02 9.819730910093817100e-02 8.946665800120520750e-04 3.571412792212439596e-02 0.000000000000000000e+00 4.932424615652193645e-03 0.000000000000000000e+00 2.339075672345976298e-02 0.000000000000000000e+00 1.511506069779585681e-01 0.000000000000000000e+00
0.000000000000000000e+00 3.283375801971780833e-02 1.410004786296493728e-01 0.000000000000000000e+00 1.969221265241610508e-01 0.000000000000000000e+00 7.147363922604185738e-02 1.724927851757434294e-01 1.004424740402331678e-01 1.090828360701145000e-01 0.000000000000000000e+00 1.274449235914521250e-01 0.000000000000000000e+00 0.000000000000000000e+00 0.000000000000000000e+00 0.000000000000000000e+00 0.000000000000000000e+00 0.000000000000000000e+00 0.000000000000000000e+00 7.508043593166389973e-03 0.000000000000000000e+00 1.118684831213796950e-06 4.079781644488911230e-02 0.000000000000000000e+00 0.000000000000000000e+00
0.000000000000000000e+00 1.329643602142253356e-01 1.540457217508600929e-01 0.000000000000000000e+00 5.767487999121292258e-02 0.000000000000000000e+00 2.797658147824089864e-02 1.994843854368921199e-01 0.000000000000000000e+00 0.000000000000000000e+00 0.000000000000000000e+00 1.030022445038626493e-02 0.000000000000000000e+00 0.000000000000000000e+00 0.000000000000000000e+00 0.000000000000000000e+00 2.657238033411459671e-02 0.000000000000000000e+00 1.538410834703473618e-01 1.422152383147624356e-02 8.939702640797511646e-02 8.190599699481021512e-02 9.582193024382453655e-03 0.000000000000000000e+00 4.203364261507645111e-02
0.000000000000000000e+00 1.058956189752779109e-01 1.812644683311129545e-01 9.576883895335057406e-02 0.000000000000000000e+00 1.325093767313736404e-01 1.873695604530183911e-01 3.842743125477058892e-03 7.713496015423718100e-03 0.000000000000000000e+00 0.000000000000000000e+00 0.000000000000000000e+00 7.329494742104297744e-02 0.000000000000000000e+00 0.000000000000000000e+00 0.000000000000000000e+00 0.000000000000000000e+00 0.000000000000000000e+00 0.000000000000000000e+00 0.000000000000000000e+00 0.000000000000000000e+00 0.000000000000000000e+00 1.015436070391485812e-02 5.993095561397694671e-02 1.422556336760309459e-01
0.000000000000000000e+00 9.759998977245989624e-03 0.000000000000000000e+00 0.000000000000000000e+00 2.495035883200652504e-01 0.000000000000000000e+00 1.787538274364848245e-01 1.674015746757867018e-01 0.000000000000000000e+00 7.302382736120864408e-03 0.000000000000000000e+00 2.691809727166019628e-02 0.000000000000000000e+00 0.000000000000000000e+00 0.000000000000000000e+00 0.000000000000000000e+00 9.378052641643879958e-03 2.111968770729180309e-02 1.660348665060920881e-01 1.316737971434329274e-02 0.000000000000000000e+00 0.000000000000000000e+00 7.116631951633651436e-04 0.000000000000000000e+00 1.499488808181017041e-01
0.000000000000000000e+00 0.000000000000000000e+00 1.467157301045457496e-01 0.000000000000000000e+00 1.684239668198658502e-01 4.409405767950414640e-02 0.000000000000000000e+00 3.776110292187422057e-02 4.113820212436399698e-02 1.238544577020742887e-01 0.000000000000000000e+00 1.271790370432241413e-01 0.000000000000000000e+00 0.000000000000000000e+00 0.000000000000000000e+00 1.091236893591568669e-01 0.000000000000000000e+00 1.034933697505816333e-02 1.604413095958831439e-03 6.063702794427618809e-02 0.000000000000000000e+00 6.318462537265769063e-02 0.000000000000000000e+00 1.632064966251892471e-02 4.961370319492086622e-02
0.000000000000000000e+00 0.000000000000000000e+00 2.307468676967444621e-02 1.414728700054414812e-01 1.310826015891950261e-02 2.068757389386243362e-03 1.638755942284571276e-01 1.490466495964283267e-01 7.107219713610939127e-02 2.042404539279147474e-02 0.000000000000000000e+00 0.000000000000000000e+00 0.000000000000000000e+00 0.000000000000000000e+00 0.000000000000000000e+00 0.000000000000000000e+00 8.215966401684972331e-02 0.000000000000000000e+00 1.629775621151220988e-01 0.000000000000000000e+00 0.000000000000000000e+00 9.190328614557072284e-02 6.520128122462166831e-02 0.000000000000000000e+00 1.361514582062770852e-02
1.907957125819893796e-02 1.412550693820124048e-01 2.666933948771529894e-03 1.557005816892708672e-01 4.405356854253129201e-02 1.029848168421438476e-02 0.000000000000000000e+00 1.721436152315176105e-01 2.604354501009887787e-03 5.554630180213140922e-03 0.000000000000000000e+00 1.600504097522498573e-02 0.000000000000000000e+00 0.000000000000000000e+00 2.299344027967102633e-02 0.000000000000000000e+00 9.013623086809494089e-02 1.364948688461533610e-01 1.607623197835030826e-01 2.386997342790730774e-03 0.000000000000000000e+00 1.547781418461898623e-02 1.430464509299530064e-03 0.000000000000000000e+00 9.560167929034366638e-04
9.384150099605419182e-02 0.000000000000000000e+00 1.849507121029771162e-02 1.424449076056041041e-01 0.000000000000000000e+00 1.287175631444176932e-02 2.263809070445779725e-01 2.329684715834466902e-01 0.000000000000000000e+00 7.340039925790665942e-03 0.000000000000000000e+00 8.808924837715058007e-03 0.000000000000000000e+00 0.000000000000000000e+00 3.457140290209959749e-02 0.000000000000000000e+00 0.000000000000000000e+00 6.366732192758950415e-02 1.464273519121303269e-01 0.000000000000000000e+00 0.000000000000000000e+00 0.000000000000000000e+00 1.164612747671509019e-02 0.000000000000000000e+00 5.362162635372867778e-04
9.642193945938876132e-02 0.000000000000000000e+00 0.000000000000000000e+00 1.497546073253808695e-02 1.278696646016441174e-01 0.000000000000000000e+00 1.642982386718527255e-01 3.066069778529490961e-02 0.000000000000000000e+00 1.261984299350331629e-01 2.568426730361657827e-03 2.667161371045734947e-02 0.000000000000000000e+00 0.000000000000000000e+00 1.095812390074523690e-01 0.000000000000000000e+00 6.193662881562261163e-02 7.076835352804948520e-02 2.474560540687599855e-02 0.000000000000000000e+00 0.000000000000000000e+00 0.000000000000000000e+00 9.715565798296980915e-02 5.345050987953492948e-03 4.080299264450563262e-02
0.000000000000000000e+00 0.000000000000000000e+00 2.522301537270416616e-01 0.000000000000000000e+00 3.415990095109856794e-02 2.993361385632674170e-03 2.427158520456337322e-03 1.803084780384467053e-02 1.615468478748103009e-01 1.467795800471319821e-02 0.000000000000000000e+00 8.399683203954190144e-03 0.000000000000000000e+00 0.000000000000000000e+00 1.543617034489728757e-01 3.261002865130547407e-02 0.000000000000000000e+00 7.791893238012209157e-03 0.000000000000000000e+00 2.689484952986904293e-02 1.101319668619547415e-01 2.521928383869412316e-02 0.000000000000000000e+00 5.608823013886697975e-03 1.429155399457532893e-01
1.888570045323297378e-02 1.448424099738544919e-02 0.000000000000000000e+00 9.229625650594510539e-03 2.603069925713398861e-02 0.000000000000000000e+00 1.829910172818592917e-01 2.413881334491097264e-01 4.158011936973612238e-02 1.247498656114924970e-01 1.382768928981124336e-02 2.839097950909974088e-03 0.000000000000000000e+00 0.000000000000000000e+00 0.000000000000000000e+00 0.000000000000000000e+00 1.316976452025716282e-01 1.204622964487677139e-01 0.000000000000000000e+00 0.000000000000000000e+00 2.913362992166990822e-02 0.000000000000000000e+00 0.000000000000000000e+00 0.000000000000000000e+00 4.270023911572483344e-02
0.000000000000000000e+00 0.000000000000000000e+00 4.902479535965588442e-02 1.264803862515550825e-01 4.845084940593793327e-02 2.428471438357578116e-02 1.625779795378612669e-01 8.795121530252190956e-02 2.615755220490371957e-02 1.172228933996257577e-01 0.000000000000000000e+00 2.050822228359676369e-02 7.787112984612530944e-03 0.000000000000000000e+00 1.260842100569596613e-01 0.000000000000000000e+00 8.590308253276714157e-02 0.000000000000000000e+00 2.270024212552675807e-02 7.643052003552840146e-02 0.000000000000000000e+00 0.000000000000000000e+00 6.497317907402130714e-03 1.193890622796929708e-02 0.000000000000000000e+00
4.799222168888999697e-03 1.834168084203000038e-02 2.315209796495432404e-01 0.000000000000000000e+00 0.000000000000000000e+00 0.000000000000000000e+00 1.864661721379001769e-01 0.000000000000000000e+00 1.226904100228299044e-01 0.000000000000000000e+00 7.164177651357750420e-02 0.000000000000000000e+00 0.000000000000000000e+00 0.000000000000000000e+00 0.000000000000000000e+00 3.077774479301600627e-02 0.000000000000000000e+00 0.000000000000000000e+00 1.244320485004619531e-01 0.000000000000000000e+00 1.008468686012176652e-01 0.000000000000000000e+00 3.421045930270781577e-02 0.000000000000000000e+00 7.427263746782669651e-02
0.000000000000000000e+00 1.452079857903725568e-01 0.000000000000000000e+00 0.000000000000000000e+00 6.150682583986617769e-02 0.000000000000000000e+00 8.652037120683634536e-03 1.894764191135382414e-01 0.000000000000000000e+00 5.182729534222606932e-02 0.000000000000000000e+00 0.000000000000000000e+00 0.000000000000000000e+00 0.000000000000000000e+00 2.364885663592960000e-02 0.000000000000000000e+00 0.000000000000000000e+00 0.000000000000000000e+00 1.626444916463246904e-01 1.046325992002788557e-01 5.579401245102167534e-02 0.000000000000000000e+00 1.148484424156974854e-01 3.975591725219684153e-02 4.200511719186414417e-02
8.634967389368032945e-03 3.622981613827286340e-02 1.393974912749545436e-01 0.000000000000000000e+00 2.874554889533427748e-01 2.172691043012798390e-02 0.000000000000000000e+00 1.367063798730423496e-01 8.366525036013870362e-03 5.293483882850437416e-02 0.000000000000000000e+00 7.439458368786701185e-03 1.307233518099065533e-04 5.658287751809112053e-03 0.000000000000000000e+00 0.000000000000000000e+00 0.000000000000000000e+00 0.000000000000000000e+00 1.567808147825567322e-01 4.801024619623694457e-03 0.000000000000000000e+00 0.000000000000000000e+00 8.150543060390411099e-03 0.000000000000000000e+00 1.255867301413966519e-01
1.024205406331911601e-02 0.000000000000000000e+00 0.000000000000000000e+00 1.352557234840331135e-01 9.669271425401744502e-02 0.000000000000000000e+00 1.871873371561107446e-01 0.000000000000000000e+00 0.000000000000000000e+00 0.000000000000000000e+00 0.000000000000000000e+00 0.000000000000000000e+00 0.000000000000000000e+00 0.000000000000000000e+00 1.433937148918843218e-01 0.000000000000000000e+00 0.000000000000000000e+00 1.691799678898825710e-01 8.806092471638458929e-03 0.000000000000000000e+00 6.448189065551490455e-03 0.000000000000000000e+00 0.000000000000000000e+00 1.616547147711004939e-01 8.113949195246210333e-02
0.000000000000000000e+00 9.445238674281548896e-02 1.394386693701620168e-02 3.295805594645354053e-02 1.824425611297852690e-01 0.000000000000000000e+00 0.000000000000000000e+00 1.794718421977913314e-01 2.302530632310249847e-02 1.711155216600935558e-01 0.000000000000000000e+00 0.000000000000000000e+00 0.000000000000000000e+00 0.000000000000000000e+00 1.065004016585157642e-01 0.000000000000000000e+00 0.000000000000000000e+00 4.322070798389271440e-02 0.000000000000000000e+00 9.875365237297839896e-03 0.000000000000000000e+00 2.226481027450844669e-02 1.126643022449524273e-01 8.064871663774906066e-03 0.000000000000000000e+00
0.000000000000000000e+00 3.213407475864613061e-02 1.862498190493351302e-01 0.000000000000000000e+00 2.036224285551039292e-01 0.000000000000000000e+00 1.836672274501791324e-01 1.138239715888835213e-01 8.704899871894565544e-02 0.000000000000000000e+00 6.235316051472155480e-02 0.000000000000000000e+00 0.000000000000000000e+00 0.000000000000000000e+00 0.000000000000000000e+00 0.000000000000000000e+00 0.000000000000000000e+00 0.000000000000000000e+00 0.000000000000000000e+00 9.633234955683384060e-02 0.000000000000000000e+00 0.000000000000000000e+00 4.983814278943939600e-03 2.978415552840714409e-02 0.000000000000000000e+00
0.000000000000000000e+00 0.000000000000000000e+00 1.485813844649901405e-01 0.000000000000000000e+00 1.378674979522490629e-01 1.150587250966583763e-01 1.326052376200661520e-01 0.000000000000000000e+00 1.640197877903277202e-01 0.000000000000000000e+00 0.000000000000000000e+00 0.000000000000000000e+00 0.000000000000000000e+00 0.000000000000000000e+00 4.135506718998753495e-03 0.000000000000000000e+00 1.046073686944595620e-03 1.348886987423266737e-01 0.000000000000000000e+00 0.000000000000000000e+00 0.000000000000000000e+00 1.005656270732637088e-02 6.879500960175842679e-03 1.345661562693949431e-01 1.029486799054124373e-02
0.000000000000000000e+00 0.000000000000000000e+00 3.723674376145890558e-02 4.166513522355714400e-02 0.000000000000000000e+00 0.000000000000000000e+00 1.600579196462859344e-01 0.000000000000000000e+00 1.492545935455589223e-01 7.750590800597250730e-03 0.000000000000000000e+00 0.000000000000000000e+00 0.000000000000000000e+00 0.000000000000000000e+00 0.000000000000000000e+00 0.000000000000000000e+00 1.214997463234193803e-01 1.377866500166379238e-01 8.479053267190723997e-02 0.000000000000000000e+00 0.000000000000000000e+00 0.000000000000000000e+00 0.000000000000000000e+00 1.342009868087264135e-01 1.257571012018509349e-01
0.000000000000000000e+00 6.570892042779515226e-03 3.007037336107540315e-02 0.000000000000000000e+00 0.000000000000000000e+00 0.000000000000000000e+00 1.761699825639759243e-01 1.577578619121467740e-01 5.125061926523125783e-02 3.201050693102472540e-03 0.000000000000000000e+00 1.432666179501805304e-01 0.000000000000000000e+00 0.000000000000000000e+00 7.193087619106170545e-04 0.000000000000000000e+00 0.000000000000000000e+00 2.382252262545571375e-02 1.533644295688433856e-01 2.922988390072207496e-02 0.000000000000000000e+00 9.422443657090903701e-02 1.303520207836672828e-01 0.000000000000000000e+00 0.000000000000000000e+00
0.000000000000000000e+00 8.065144179033874317e-03 7.922644754551480539e-02 0.000000000000000000e+00 0.000000000000000000e+00 0.000000000000000000e+00 1.751575428897511610e-01 1.719049145439399129e-01 0.000000000000000000e+00 6.324825053243332551e-03 0.000000000000000000e+00 3.801640323930124965e-02 0.000000000000000000e+00 0.000000000000000000e+00 1.311871175521864552e-01 1.001190185366873098e-01 0.000000000000000000e+00 0.000000000000000000e+00 6.210437215306771619e-02 0.000000000000000000e+00 8.642276671168941382e-02 0.000000000000000000e+00 0.000000000000000000e+00 0.000000000000000000e+00 1.414714475955847206e-01
0.000000000000000000e+00 0.000000000000000000e+00 0.000000000000000000e+00 1.104980875957420200e-01 1.420835150535346494e-02 1.612481113215919262e-02 2.591848034010355573e-01 1.691799236191439959e-01 0.000000000000000000e+00 0.000000000000000000e+00 0.000000000000000000e+00 2.991445900449420797e-02 0.000000000000000000e+00 0.000000000000000000e+00 0.000000000000000000e+00 0.000000000000000000e+00 0.000000000000000000e+00 0.000000000000000000e+00 1.697494964406673079e-01 0.000000000000000000e+00 3.201991547596359788e-02 0.000000000000000000e+00 0.000000000000000000e+00 6.620767504517656443e-02 1.329124767802641882e-01
0.000000000000000000e+00 0.000000000000000000e+00 1.715620145364487870e-01 4.879213430214209175e-03 1.450660070517346412e-01 0.000000000000000000e+00 7.786949211924366898e-02 2.499734777723529311e-01 0.000000000000000000e+00 1.243845298800108808e-02 0.000000000000000000e+00 0.000000000000000000e+00 2.138256973066945607e-02 0.000000000000000000e+00 8.066447388283192951e-03 4.207556122863093800e-02 9.711421293856833947e-02 0.000000000000000000e+00 0.000000000000000000e+00 1.755064730828067784e-02 0.000000000000000000e+00 0.000000000000000000e+00 4.756509514485206952e-03 1.472653939930869404e-01 0.000000000000000000e+00
0.000000000000000000e+00 0.000000000000000000e+00 7.323263591332746653e-03 0.000000000000000000e+00 2.497196527772914051e-02 1.339135538371237326e-02 1.637605599436456616e-01 2.321479660496124364e-01 0.000000000000000000e+00 1.043992289019307932e-03 0.000000000000000000e+00 1.175258753385362842e-01 0.000000000000000000e+00 9.497006450373978619e-05 8.621858611970074915e-03 2.020630236811564538e-03 1.200567062065256568e-01 1.338407695485886451e-01 0.000000000000000000e+00 3.030582370952081966e-02 0.000000000000000000e+00 0.000000000000000000e+00 0.000000000000000000e+00 1.410448291917057728e-01 3.849434556785890933e-03
