6.185263011111820364e-02 1.317186390191063816e-01 1.325857297391560274e-01 4.791104409384992942e-04 1.135162843373259574e-02 2.474542503369261404e-01 2.159551111686616558e-03 8.380501420590726058e-02 0.000000000000000000e+00 0.000000000000000000e+00 0.000000000000000000e+00 1.756501606861739784e-01 1.050949931592599397e-02 1.886075413946702081e-03 1.478481260078181236e-03 0.000000000000000000e+00 4.971532593819370273e-03 0.000000000000000000e+00 4.917286355939658876e-02 8.492483377208731588e-02
2.922630230197340202e-03 3.844921114673181123e-02 1.359998230728367563e-01 1.340815098877027461e-02 1.257157061333158132e-01 0.000000000000000000e+00 7.757263723827603763e-02 1.018069624457957068e-01 0.000000000000000000e+00 2.628237184550263807e-03 4.933746457365390924e-04 7.774137300543072782e-02 0.000000000000000000e+00 4.143386733504939717e-02 9.367963535516698881e-06 1.943219271306202483e-03 2.365112779365130102e-03 1.224765942942632468e-01 1.108435320589859635e-01 1.441902002058532972e-01
1.368534192925730322e-02 4.535456445242775497e-02 4.738943182287174566e-02 1.129078916538374250e-01 1.662663016651982073e-01 1.717028607502828208e-02 9.180769679452475962e-02 1.425496670019264778e-01 2.565062175838081146e-02 0.000000000000000000e+00 0.000000000000000000e+00 1.095227771051728721e-01 0.000000000000000000e+00 1.798771590510883644e-02 0.000000000000000000e+00 9.890504470003432056e-04 3.868964656539686676e-03 4.928816952648422400e-02 2.176384885658878138e-02 1.337976703496524533e-01
0.000000000000000000e+00 1.677088830207121295e-01 9.617077132714627399e-03 2.450955601829215014e-01 2.208066548356728970e-02 1.436888933671566781e-01 1.486978987006240815e-01 5.999919034814283486e-02 1.260846842493791864e-01 0.000000000000000000e+00 0.000000000000000000e+00 6.360027184299704706e-03 5.407627644447919428e-04 1.519488045840929578e-02 1.694408664768574588e-02 1.530651815284980212e-02 4.111144610015340928e-03 0.000000000000000000e+00 8.335010207002573187e-04 1.773622667637651459e-02
6.314642784087743169e-03 1.087732315353610348e-02 8.324203470854044107e-02 1.055715916654004355e-01 1.743139954237676037e-01 1.500815681093697340e-01 1.635928864115897470e-04 9.315898396396322945e-02 1.882498386587529811e-03 9.238252682751260658e-03 0.000000000000000000e+00 5.868265427469710610e-02 0.000000000000000000e+00 7.055635949062904859e-03 1.809796680548808948e-03 3.957140972989422155e-03 0.000000000000000000e+00 0.000000000000000000e+00 1.578757528872978266e-01 1.357745354709882779e-01
1.143847485168003747e-01 6.670187526573652381e-02 1.465621276009305141e-01 1.331293852622222884e-01 1.721671425425872204e-01 1.463234360419291280e-01 1.808576086775606079e-02 8.308250150683331448e-02 6.044005385339610778e-03 0.000000000000000000e+00 0.000000000000000000e+00 1.727318877419154949e-02 7.943699344816965158e-03 2.768855496700019410e-03 0.000000000000000000e+00 4.213623444806220177e-03 6.958044426276686900e-02 0.000000000000000000e+00 6.012482365715454864e-03 5.726723320867953271e-03
9.225106695306012350e-02 1.496193853177841572e-02 0.000000000000000000e+00 2.545377758770080850e-02 2.777700335322860412e-02 2.066857963326222680e-01 2.420885158824670133e-02 1.426030782625205794e-02 1.960005347128935538e-01 1.746186179890340043e-02 1.653391578640606879e-04 5.780158078346661621e-02 1.573840910105114149e-02 9.209252352717384182e-02 1.103274624399110115e-01 8.026193982139167779e-03 0.000000000000000000e+00 0.000000000000000000e+00 8.535991347464581130e-03 8.825136097624357301e-02
8.546971090660215875e-03 1.434502264112442471e-01 1.376120709950105769e-01 3.668569984595987377e-02 3.099481849666065741e-02 1.802251566803553902e-03 1.183429827315922306e-01 1.690891303885698124e-02 1.923416659478151963e-02 2.258263461191468632e-03 3.129844223299604617e-03 1.870211462230727539e-01 3.196244837646923282e-04 1.664501233643108258e-04 1.149904664405653615e-01 1.136612272442999970e-02 5.993224644386526030e-03 2.560700684555970025e-02 8.373781527934656688e-02 5.183193477944916805e-02
1.096645615850356803e-01 5.664731651970775217e-02 7.311981139310676225e-02 2.847880043559661845e-01 7.361320482869312953e-02 5.992403455045559706e-03 1.261388351822356627e-03 6.058389472676339177e-02 0.000000000000000000e+00 0.000000000000000000e+00 7.379267757527276268e-03 9.076926548970050412e-02 2.349648003597656562e-02 6.250900486951056073e-03 1.643808697409820723e-03 6.049231447753534996e-02 1.982052358079805857e-02 6.486909166384473811e-04 1.209080184320385498e-01 2.920144909283434523e-03
1.394411111640393719e-02 2.771727376260059161e-01 3.377394837550504181e-02 7.171896546321467059e-02 1.557355466960405888e-01 1.518658108063713208e-01 3.341107668732742203e-02 2.071022909868805786e-02 0.000000000000000000e+00 0.000000000000000000e+00 0.000000000000000000e+00 4.250110292647597647e-03 5.339250161938965261e-02 4.987601185458289711e-04 0.000000000000000000e+00 6.767239691697357618e-02 1.515224877289323997e-04 0.000000000000000000e+00 1.305783423926799728e-03 1.143964992712306894e-01
1.005561764697361637e-01 6.467178060042984289e-02 2.412029116054699440e-02 1.134418784586806728e-01 1.403033079838663516e-02 9.035329032896867452e-02 1.267298601499273480e-01 4.425071879426241417e-02 6.180662371537704036e-02 0.000000000000000000e+00 1.311708595346846012e-03 1.431772042971976855e-01 4.252498596664816902e-03 7.933490379045914087e-04 5.917803095019135481e-04 0.000000000000000000e+00 2.325978295599596957e-02 1.184032036828483042e-01 5.111111760975998314e-02 1.713840443846405270e-02
9.577677668287871982e-02 2.122205553099439437e-02 1.471194575530289980e-03 1.003626222702983378e-01 0.000000000000000000e+00 7.799545581288325202e-02 1.461982531487293537e-03 2.741120369470300897e-02 1.238521813947235511e-01 5.436406161002656917e-02 0.000000000000000000e+00 2.183217443299422522e-01 1.900093517986190883e-03 6.868252756708534412e-03 1.413733345305057294e-02 1.153614160121088639e-02 2.332356038842410897e-02 1.177690355349408635e-01 1.156446328668096594e-02 9.066184102753017948e-02
1.513794533204307347e-01 4.639893570618325302e-02 2.940384490126635771e-03 9.091957867482170635e-03 0.000000000000000000e+00 1.700455725783342198e-01 2.610127495111252624e-02 9.382785404577730082e-02 3.548744219916057097e-02 4.287242403231959070e-02 1.249159266581585832e-02 1.969152525960017330e-01 1.323384273684584111e-01 0.000000000000000000e+00 4.316480638667841846e-02 1.665477974956850122e-04 2.026703858342267933e-02 1.845193987339111257e-03 5.852753894720152603e-03 8.813087529140945300e-03
1.311792639710328834e-01 6.995714589007191730e-02 3.861679914990122538e-03 7.628818540641539581e-02 2.457728253375188188e-02 1.543955355489124714e-01 1.428581009374410848e-01 2.707654041691759036e-02 1.661726557868385093e-04 1.903707748036474702e-03 6.688311064830256350e-03 2.605445844479563691e-02 1.952855922019788512e-02 9.189522688348036872e-02 1.320577333462785198e-02 1.184581927619682701e-01 1.373716241121581902e-02 1.879044893148516457e-02 5.937825192404211361e-02 0.000000000000000000e+00
3.519087603607473635e-02 1.655992313958654116e-04 9.703965403030104242e-03 1.348351506710738779e-01 5.890709362539955918e-02 2.216413071511415256e-02 0.000000000000000000e+00 2.317747834918056360e-01 7.504725981801733947e-02 1.146657768912327964e-02 3.100250394718906681e-04 7.760874805952357874e-03 9.706821158497648191e-03 2.304956871193551693e-03 1.149826501405860069e-01 1.859916120619055629e-03 2.258540381139026096e-02 1.188322414380629383e-01 8.379974699113739225e-03 1.340216992340779734e-01
3.856260251409902688e-03 1.401327243316211613e-01 1.475997446870717239e-02 1.313592449089471259e-01 3.228619768531175438e-02 7.895174460346780472e-04 1.210054261711328849e-01 6.692270670980615677e-02 2.573681936578694485e-01 1.455124237657868776e-03 0.000000000000000000e+00 4.009703768620182657e-02 2.763336943236624141e-02 3.153924961376303442e-03 0.000000000000000000e+00 0.000000000000000000e+00 0.000000000000000000e+00 2.963740464523657251e-03 1.910623035574855744e-02 1.371103272312853283e-01
1.180594913638711441e-01 6.216989961709646836e-03 1.305714691015842921e-01 7.857541253192829988e-04 8.825962813309601307e-02 2.030853758776799134e-01 4.279259402387422528e-02 1.594929009613979265e-01 3.146078571388626066e-02 0.000000000000000000e+00 0.000000000000000000e+00 2.497143421528477333e-02 0.000000000000000000e+00 0.000000000000000000e+00 2.156627125626385533e-02 0.000000000000000000e+00 1.710200671359905214e-03 5.708058989877174381e-03 3.648389351460098323e-02 1.288351520901948044e-01
1.264659966191465090e-01 6.556874631658825281e-02 1.319431638471377510e-01 1.524296259427999770e-03 3.195192147178212150e-02 1.370356381828282122e-01 6.775203586599652140e-03 6.804623373763572791e-02 3.375681013619100806e-03 7.256945587599118730e-02 0.000000000000000000e+00 5.425839179739147533e-02 1.240088436692237707e-02 0.000000000000000000e+00 1.750091546455418085e-03 1.394724765479980148e-03 3.689397754373827804e-03 0.000000000000000000e+00 1.427364350882608657e-01 1.385137377703594685e-01
1.050755761178268771e-02 1.760102361697172754e-02 0.000000000000000000e+00 1.502115558779841820e-01 1.932168041166718378e-02 6.647769867365525831e-02 7.068030416920417780e-02 1.006933978828558444e-02 1.419259666712099910e-01 0.000000000000000000e+00 6.727033609518246089e-03 8.554613895247375338e-03 9.619315654462845533e-02 5.076578782485791780e-02 1.007685833854183866e-01 5.092768648086092725e-02 2.191879606817086212e-02 1.297888470101376535e-01 2.344032491326620248e-03 4.521633586907285868e-02
6.090941397675384700e-03 1.261527920266193870e-01 7.146062133992102383e-02 1.532735074789564611e-01 1.930203204517668136e-01 1.441722196737556805e-01 1.275474039784045277e-01 7.973924980855133515e-02 1.202690334767878011e-02 0.000000000000000000e+00 0.000000000000000000e+00 1.919513012465923901e-02 0.000000000000000000e+00 0.000000000000000000e+00 0.000000000000000000e+00 2.081845293748585922e-03 7.369259810744967221e-03 0.000000000000000000e+00 4.419729717957046611e-02 1.367250808794742700e-02
9.950293418749249930e-04 3.265484826490502868e-02 4.906412372585050238e-03 2.013306756814369769e-01 4.614442233082557271e-02 1.351775071799658778e-01 1.116466038303571065e-02 1.673411477291441296e-01 3.223672240175973897e-02 0.000000000000000000e+00 4.977025726922411093e-04 4.105019622375671515e-03 9.234075179300418879e-02 8.430702160504939535e-02 4.289550171341757756e-02 4.062780283473127994e-03 7.528415377737949533e-03 0.000000000000000000e+00 4.049100888579277788e-03 1.282622804581375620e-01
3.001135541690474334e-02 1.424700399957459784e-01 1.299911241977489695e-01 4.873752781390406491e-02 1.414798734594254230e-03 1.901738196566124181e-02 8.199705840110423083e-02 9.066928450458731220e-03 1.022146131248681533e-01 1.658746561420762369e-04 0.000000000000000000e+00 1.336701561298169194e-01 5.498061497191421981e-03 6.338869541542087316e-02 0.000000000000000000e+00 5.893614236659314859e-02 0.000000000000000000e+00 8.992048036653620124e-03 1.403892105472259177e-01 2.403898324996559324e-02
3.329880473947941888e-04 9.025140215797410048e-02 1.385309219553979877e-02 2.054822972623077393e-01 9.571351386754614957e-03 0.000000000000000000e+00 4.523354652568903345e-02 3.188608642555026962e-02 1.306162507341053491e-01 1.623963407215449264e-04 5.691256861107108801e-03 2.471365788622252677e-03 4.598927196248980831e-02 0.000000000000000000e+00 0.000000000000000000e+00 1.970750535076762344e-02 0.000000000000000000e+00 2.330967764861105740e-01 1.491237443961187514e-01 1.653066807874653890e-02
1.333845516207292081e-01 6.475061784178948177e-02 4.142089998666233230e-02 9.529023581927503761e-03 5.768292696685086741e-03 1.513633663862494205e-01 4.430553704499152340e-02 6.286670606524727423e-02 0.000000000000000000e+00 1.076761970399696053e-02 0.000000000000000000e+00 2.984121117805039330e-02 8.545976720664047455e-02 1.751313236216639133e-02 1.311283057787231924e-03 2.734429791475863347e-02 0.000000000000000000e+00 3.644859226672247932e-02 1.200154042683332506e-01 1.579096968172624127e-01
3.304125231715202698e-02 2.391618010412292078e-02 3.053267710494083145e-02 1.507937409252700089e-01 5.967306926082537738e-02 1.354757397622878556e-01 1.640916841077867672e-01 9.261041657796095783e-02 2.344452002306061933e-02 0.000000000000000000e+00 0.000000000000000000e+00 2.868507679846112046e-02 0.000000000000000000e+00 0.000000000000000000e+00 0.000000000000000000e+00 6.231810220413977475e-02 0.000000000000000000e+00 8.810254793098162840e-02 9.752087159068170696e-02 9.794121292328306777e-03
2.686716133949599780e-02 1.570186367640996269e-02 3.475899483475014540e-02 1.047305472551022243e-01 1.306789806327610104e-01 6.654154060502857730e-03 1.256300192622433198e-01 4.388145827023488300e-03 1.841675311894434564e-01 4.186904497119098463e-03 0.000000000000000000e+00 2.062782453675902558e-02 5.812527968762960535e-04 1.445565493138206981e-01 7.596926245869937977e-02 3.506378460502019389e-07 1.439487212829655693e-02 2.606790841817389903e-02 7.806125202620969872e-02 1.976425108466836177e-03
8.969567290025558248e-02 0.000000000000000000e+00 2.852510888294783331e-02 2.432076302805059043e-01 4.989569750124683845e-02 4.389123057257525093e-03 1.660672651453237378e-02 2.240269990293021138e-02 9.319130777323016146e-02 2.946232677081216111e-02 2.105489323293250822e-02 2.074458245851003857e-01 0.000000000000000000e+00 0.000000000000000000e+00 5.117920934443716610e-03 2.472885715852423533e-02 0.000000000000000000e+00 3.816015560534017498e-02 8.499258345354424732e-03 1.176167965545860533e-01
1.096671865053901324e-01 1.747959253021058867e-01 4.334581810676847724e-02 1.322555892415120671e-01 1.657908490849834557e-03 1.824955726045633386e-01 3.132903449298894000e-02 5.257857706472881393e-02 9.906475910971932961e-03 4.638458037091223313e-02 0.000000000000000000e+00 8.378097083660046920e-03 2.256814537144476249e-03 6.113731301155723476e-03 0.000000000000000000e+00 0.000000000000000000e+00 0.000000000000000000e+00 1.742488234198722938e-02 1.434066039817100680e-01 3.800320266355089460e-02
6.182357959003497577e-02 1.761108786699482065e-01 0.000000000000000000e+00 8.773639724162120290e-02 2.086900477911693419e-02 1.311377696781760027e-01 1.508033713862459990e-01 1.267826463637977130e-01 9.855660572305852130e-02 2.071882449425517785e-03 6.851230259591028181e-03 3.439185387774901931e-02 0.000000000000000000e+00 4.241841902255832214e-03 0.000000000000000000e+00 6.370627045040351023e-03 1.364917946221640317e-02 3.753143448057473519e-02 4.107169709114763534e-02 0.000000000000000000e+00
3.032904381189314991e-02 2.807847299922207329e-03 2.487352709733762341e-05 1.837539707719845206e-01 1.078792535344518105e-01 3.517296287248208864e-02 1.250340059151321473e-02 1.833931560551830542e-01 1.197908139191907612e-02 1.816971490272605407e-03 0.000000000000000000e+00 1.222138202981766647e-01 1.586541156940239963e-02 1.474348101511543767e-02 2.247454003953894969e-02 5.746834246633687054e-02 3.032599046593715403e-03 6.420123084227496524e-04 9.205355927917155401e-02 1.018456726305226046e-01
1.489103993872111301e-02 1.438822867127220462e-01 1.126025493146317821e-02 9.101198891529962282e-03 2.119003360149476489e-01 1.414388434770893349e-02 1.348461507824289252e-01 2.897195420671644026e-02 4.087181575950186302e-02 0.000000000000000000e+00 5.546956375147491652e-03 7.723856754617200449e-02 8.892210055704335980e-02 0.000000000000000000e+00 8.361551798174956737e-03 2.661453047310599618e-02 9.726481581125061629e-03 2.576708015906499158e-02 4.378078384000720418e-04 1.475160020860257493e-01
3.070541338885798832e-02 1.277808454689999540e-01 6.409037733487721322e-03 1.282488379194063610e-01 1.677322093578431095e-01 1.442033899486987458e-01 5.811557618753252635e-02 7.636322553780043598e-02 3.741464636539796468e-03 7.860943308369495097e-04 0.000000000000000000e+00 8.753414231656682365e-02 0.000000000000000000e+00 4.912811397378021548e-04 0.000000000000000000e+00 2.318267023564225815e-02 8.919827990553194641e-02 9.962455915713049059e-03 2.065290687595277772e-02 2.489216910085168682e-02
1.096948754409429183e-01 1.168091631462457453e-01 4.134576716825755921e-03 1.685718215989063032e-02 8.427401323868685679e-02 1.194789398693416223e-02 4.919795162940274365e-03 2.182634211222470588e-01 1.890460073402646518e-02 1.665855412835208721e-04 0.000000000000000000e+00 1.039010330717888148e-01 4.974972340592462294e-02 1.065776354320571717e-02 1.136836933805359523e-02 2.281465315894850784e-02 1.478320599751491680e-02 3.326421716359893171e-02 9.461331158933114840e-03 1.580275959120083507e-01
1.231367716500921111e-01 6.045094985951442873e-02 1.669049388270870404e-01 1.337350180005782985e-01 6.815586893875309749e-02 1.388318341960969593e-01 2.093694944765400745e-02 0.000000000000000000e+00 3.191479101709832761e-02 0.000000000000000000e+00 0.000000000000000000e+00 1.257003236073128971e-01 0.000000000000000000e+00 0.000000000000000000e+00 2.030971210371067693e-03 0.000000000000000000e+00 0.000000000000000000e+00 0.000000000000000000e+00 2.489167981642283548e-02 1.033099034290188845e-01
1.186128679280106391e-03 1.104256580079609196e-01 7.879235256185879166e-02 2.185832373139728196e-02 2.232938713083278404e-01 1.954058341914529651e-01 8.609407247318932171e-03 1.171846148685158975e-02 1.030075233662846035e-01 3.416523691556773087e-03 1.638287273048831256e-04 1.212062282326500581e-02 0.000000000000000000e+00 6.847351916522212076e-03 4.973414545325218579e-04 0.000000000000000000e+00 9.635873250334008044e-02 0.000000000000000000e+00 1.237074100312044733e-01 2.590628271541131795e-03
1.314271775188607938e-02 1.425490354486557421e-01 1.492223652605734752e-01 1.247027392191846079e-01 3.922000713313844589e-02 1.573245705402902261e-01 1.310193041861670328e-02 1.922771874710109061e-02 1.683025281262843509e-01 0.000000000000000000e+00 0.000000000000000000e+00 1.119175701934147470e-02 0.000000000000000000e+00 1.458399360628196068e-04 1.085934238172044930e-01 9.305451055232423843e-03 1.659850941138365718e-02 0.000000000000000000e+00 1.168904222429264887e-02 1.568236389075186588e-02
5.538501143813596810e-04 1.308068002219899550e-01 1.760213806606850950e-01 1.768378489599992456e-02 4.670106247780933528e-02 1.531261102957036033e-02 8.741521311954100065e-03 6.748904721089893366e-02 1.317658252626225657e-01 1.413620039286966890e-03 2.980875694916365354e-03 1.537298513418161316e-01 2.228241115055471389e-03 3.406363420766498479e-02 2.982448714528117620e-03 9.964903500209020687e-04 2.577684753205944455e-03 1.244329167934426529e-02 1.500198901371007352e-04 1.913579590281121456e-01
8.802719415955191640e-02 2.111733612259901471e-02 7.096233173483468444e-03 1.090100364106498798e-01 1.922555018718067332e-01 3.438087095432914436e-02 3.729076094161284244e-03 1.562075172938329204e-01 4.552423714155443869e-04 0.000000000000000000e+00 0.000000000000000000e+00 1.899473329317461281e-02 4.191750332694946929e-02 1.427285570372703767e-02 6.098745533030811364e-03 1.209847836839846730e-02 3.428305751480269486e-03 6.818682012269765454e-03 1.517009223510689675e-01 1.323907652080706931e-01
2.623776956378425992e-02 3.822694371349077275e-02 1.429959243323878915e-01 6.921636048409625375e-02 1.543263918337897111e-01 1.502755580743266317e-01 0.000000000000000000e+00 2.208716855479887341e-03 2.619182266824270425e-03 0.000000000000000000e+00 0.000000000000000000e+00 0.000000000000000000e+00 0.000000000000000000e+00 7.867444713762916306e-03 6.658102844841934419e-04 5.496890283986169586e-03 2.231217291749927351e-03 1.062109872755129941e-01 1.508823402078087184e-01 1.405384628185154527e-01
3.131524613130664842e-03 1.841515401082443049e-01 1.577873832640365112e-02 1.239514601455478093e-01 1.689259370589045739e-01 1.047343446155560159e-01 2.265829231767587174e-02 3.231328628996639387e-03 6.967511947299841017e-03 1.665866725365861077e-04 3.164986426284048266e-03 2.980883011986308617e-02 2.151742077726306185e-03 0.000000000000000000e+00 1.659497223945021610e-04 7.323933835612329683e-03 8.921437238221934310e-03 1.504983202460295488e-01 3.129884448359254029e-02 1.329686914159796396e-01
2.192047173578064168e-02 1.188615764720375167e-01 1.302170641900941284e-01 5.875559964411195685e-03 3.104297621473431357e-02 6.554120691012668698e-02 4.023468271461738688e-02 4.322921082393680475e-02 1.163798614716472640e-01 0.000000000000000000e+00 0.000000000000000000e+00 1.303403668662613535e-01 0.000000000000000000e+00 0.000000000000000000e+00 1.165676548306702476e-01 1.549786592313736515e-03 3.774292398902306857e-03 2.054813508456789645e-02 2.193699398125127653e-02 1.319801597486472411e-01
1.327840333291967490e-01 8.157576946922753813e-02 5.112846112340460603e-02 1.131838000179168219e-01 7.577266049129012526e-02 1.355282131756197495e-01 1.120173549833709953e-01 6.114101156075026772e-02 5.218780151886120988e-02 6.427923794883898603e-03 3.097216555001516066e-04 3.135164918504012438e-02 2.783009368845719075e-03 0.000000000000000000e+00 3.329395802669141407e-04 2.222575041896596160e-02 5.653754761964540493e-03 1.184859589612475769e-02 1.759133376203371587e-03 1.019884162925664139e-01
1.259491644190121121e-02 1.793025425309242027e-01 5.704951560700528834e-02 8.595861348514619721e-03 6.789270006045199741e-04 5.391824726552008583e-03 8.313238890912084478e-04 1.562531078325168632e-01 6.921809750998062470e-03 4.904472844896014261e-02 3.929843707271549191e-03 2.407787223956398548e-01 0.000000000000000000e+00 0.000000000000000000e+00 1.322816812015482945e-03 2.850685495099299603e-03 1.468192397935550071e-03 9.925216464244824167e-04 1.255089683981482629e-01 1.464836915703973119e-01
3.940270163318842361e-02 1.024416580126396997e-01 2.741913745937446870e-02 4.340117804754573677e-02 6.426352143845887044e-02 5.740948298183355669e-03 1.393409343487427010e-01 6.001467990922162293e-02 2.229047914364139793e-01 1.657997425854931264e-04 0.000000000000000000e+00 1.390385324715004145e-01 3.792490326453390286e-03 0.000000000000000000e+00 4.837391541449896984e-04 4.870367438448867177e-04 2.725478198593960649e-03 4.341825639362313963e-04 1.482712733994717182e-02 1.331160628752247610e-01
0.000000000000000000e+00 3.859341551083108474e-02 0.000000000000000000e+00 1.724643439561188429e-01 1.733546581536463127e-01 6.900293873323494476e-02 5.057257942433033421e-02 8.018058961037688448e-03 1.842022538541385548e-02 1.523139689564193336e-02 0.000000000000000000e+00 9.652758228304974750e-03 1.063510861381729809e-02 1.220076548400769179e-01 7.113239544885800736e-02 1.665967100225641557e-04 9.265388101703048379e-04 1.207940181455401281e-03 1.209526258902896556e-01 1.176607642567498863e-01
4.932408367967069463e-04 3.827282349396372158e-02 2.046583876030682713e-03 1.449719540219547853e-01 3.346675752704401235e-02 1.510615753138574435e-01 1.106570514290588364e-01 1.303353390677945700e-01 1.278390351075269216e-01 2.475885489862469230e-02 2.581287133431180159e-02 6.441606055934946673e-03 1.009084177661924986e-01 3.675081106857583726e-03 5.647609248499756845e-03 9.088293686647484423e-03 4.795651823315008611e-02 5.978614396970923298e-03 2.464018703157034099e-02 5.947585567212214722e-03
7.035657143062254426e-02 1.166703444771132261e-02 1.351250334022102186e-02 3.061941261394096267e-02 6.716935720211866800e-02 1.354903623429222492e-01 1.149193798786535964e-01 1.692622523238627302e-02 1.406145072005553498e-01 0.000000000000000000e+00 1.422128558557526120e-03 8.139279511091217223e-03 9.094593594187569408e-02 9.305891885672380737e-02 1.097828752112964129e-01 5.071634448042048118e-03 4.672057596797550560e-02 0.000000000000000000e+00 3.747391699557708900e-02 6.109380819728639327e-03
1.953107450711898292e-03 1.593433153622199339e-02 4.208768602702828154e-02 2.010498857365539127e-01 1.533050000905426258e-01 1.380932287629899058e-01 1.122239235596128072e-02 4.777305067166558866e-02 1.109221757100062045e-01 1.587826803058224254e-02 0.000000000000000000e+00 1.778170591537914930e-02 0.000000000000000000e+00 1.196425497235868891e-02 1.809585561975505467e-03 0.000000000000000000e+00 0.000000000000000000e+00 1.701539674306053532e-02 1.489260588787317541e-01 6.428387155623055405e-02
2.173243964470498724e-01 1.325032520766044331e-01 1.427150245403059348e-01 1.402301984869762548e-02 1.703682634319031095e-02 5.626821649873464670e-03 8.883398537584340227e-02 3.899848633325079042e-03 1.603804107938830992e-01 0.000000000000000000e+00 0.000000000000000000e+00 4.057320963740492642e-02 4.749853753945882349e-03 3.218453334548198740e-04 9.826843897000222400e-03 0.000000000000000000e+00 1.851536004140116182e-02 1.652550499451506437e-03 1.420167511285683193e-01 0.000000000000000000e+00
8.504425274648527364e-03 1.169018389751665457e-02 1.904505668712169197e-01 1.826732318920798806e-02 1.501608660537862572e-01 1.407930969288999912e-01 1.086439336476438533e-02 2.568916423001369603e-02 0.000000000000000000e+00 2.198903094445341447e-02 1.332702280532186909e-02 5.565878216249061511e-02 4.703504008897343644e-03 3.264840464128833386e-02 4.652651408678173820e-04 0.000000000000000000e+00 0.000000000000000000e+00 4.433490214405946123e-03 1.802331970796468563e-01 1.301212831925734337e-01
