0.000000000000000000e+00 6.222526975647994785e-02 0.000000000000000000e+00 1.840712296709490561e-02 8.795567069551502373e-03 9.303602999556177811e-02 4.946825965419659327e-02 6.096944108486287983e-02 1.499727361651625318e-02 0.000000000000000000e+00 0.000000000000000000e+00 7.171722953531189937e-02 1.793016463975915728e-02 9.679278268167114743e-03 5.498281829099663925e-02 8.019260491836375723e-03 8.588607220023898592e-02 1.101600621578557870e-01 1.248711950151626948e-01 2.088549552564073208e-01
5.297557253938919852e-03 4.241850757759977469e-02 0.000000000000000000e+00 3.280463945615542942e-02 4.780810056760340099e-02 5.728572628144990714e-02 4.960551416903008493e-02 1.255316513814237478e-01 1.433010186563147548e-01 1.208051014571221923e-02 3.300675157244490482e-02 1.819014578459020870e-01 0.000000000000000000e+00 0.000000000000000000e+00 8.809234636217464984e-03 0.000000000000000000e+00 2.679094699677788717e-03 2.098074475709778564e-01 6.828353381596518820e-03 4.083443480395517605e-02
7.965208440506037560e-03 6.924163135525043811e-02 4.646480622332436160e-03 9.468072509028951922e-02 6.451187791746107458e-02 2.366626037322452566e-02 1.999534622794875149e-01 6.154002239427314169e-02 1.081492508428484600e-01 5.791256338053137054e-02 8.108070193299878048e-03 2.123341932615239319e-03 1.092590205590797947e-01 1.041490985869504213e-02 1.306018928699062553e-02 0.000000000000000000e+00 0.000000000000000000e+00 1.146041452171277751e-02 4.120315315488115929e-03 1.491862556359138670e-01
0.000000000000000000e+00 4.808498060275648994e-02 4.728616300830274476e-03 2.253625123771505756e-01 1.926657341824121461e-02 2.897005953839529996e-02 9.192873023471957727e-02 2.438926623987524786e-02 1.153200405728854600e-01 6.314008966324848558e-03 1.893920255721618859e-02 1.038525035055671980e-01 0.000000000000000000e+00 0.000000000000000000e+00 0.000000000000000000e+00 5.460086699423231417e-03 0.000000000000000000e+00 1.479002583039075447e-01 9.148508060500482042e-02 6.799808007770202778e-02
0.000000000000000000e+00 5.511725492027601953e-02 4.372302699646601724e-03 1.035048407503958712e-01 1.068232508947719178e-01 1.740259952648184893e-02 2.850217003340922012e-02 1.636518628468523195e-01 0.000000000000000000e+00 0.000000000000000000e+00 0.000000000000000000e+00 1.298585296083009100e-01 2.502920609198771348e-03 1.757571387039630686e-02 1.292626912604928624e-02 2.118619357204925766e-03 4.779369141919300422e-03 7.423580078083827360e-02 1.325612547948427367e-01 1.440672410394156222e-01
9.402224247056566175e-02 1.530981615813222230e-01 0.000000000000000000e+00 0.000000000000000000e+00 1.775233692296006305e-01 2.987691594208160759e-02 1.217574735164081295e-01 0.000000000000000000e+00 1.544645551542508759e-02 1.257985877809867648e-01 0.000000000000000000e+00 2.197160662939547371e-01 0.000000000000000000e+00 0.000000000000000000e+00 0.000000000000000000e+00 1.986282984372921001e-02 1.207073561864063956e-02 0.000000000000000000e+00 3.082716220728546133e-02 0.000000000000000000e+00
4.516534967002200536e-03 4.301117987135197329e-02 0.000000000000000000e+00 4.061420563277751833e-02 8.846182683084638509e-02 1.788400441494420456e-01 1.612618385329153692e-02 9.647806890917394462e-02 2.264052967750865286e-01 7.969562331021346315e-04 0.000000000000000000e+00 2.630462603450561820e-02 4.136851726008902025e-02 2.827346748643078805e-02 3.252562342908277802e-03 1.728870293840708075e-02 3.481494622213981635e-03 5.595521952370505203e-02 1.288251125696659727e-01 0.000000000000000000e+00
5.394848506892404444e-02 7.438531326041245006e-02 3.325098839829391324e-04 7.927132259471968145e-02 1.412006162335271986e-01 1.456975241593985552e-02 1.057586239904875353e-01 1.343720678696201654e-01 0.000000000000000000e+00 0.000000000000000000e+00 0.000000000000000000e+00 1.605000878679863630e-01 0.000000000000000000e+00 8.594139080748827708e-02 2.365724186854034888e-03 9.305122013322298866e-03 8.450059484923090614e-03 4.926525514904646352e-02 7.737651494274351560e-02 2.957154230022074337e-03
1.760450601186502873e-02 1.169972601799486589e-01 1.168879635905313574e-02 1.000558042367681727e-01 1.148697560491589338e-02 1.374203250039191249e-01 3.912487876013353086e-03 1.794884027249674385e-01 1.587724444654863287e-01 2.203234853544324898e-02 0.000000000000000000e+00 2.031195975603512088e-02 7.601988373616123951e-02 1.178946472405410523e-03 1.642942188365133921e-03 1.979997231315545978e-03 3.902455993990713856e-02 2.645670503873687272e-03 2.624354255504130623e-02 7.149314661851495500e-02
4.035341596412583137e-02 1.183838521747642980e-01 1.278676104163897417e-02 2.583146175513734502e-02 1.623750810690081092e-01 1.843108343062945242e-01 9.321870033497615948e-02 1.164283016399604714e-01 8.976471097658528589e-03 0.000000000000000000e+00 5.392426960576491256e-03 2.739166976706633796e-02 1.811666460812849655e-03 7.838139798432243455e-02 4.753048915009044396e-03 6.039685654803951878e-03 8.261438456112021878e-02 0.000000000000000000e+00 0.000000000000000000e+00 3.095084031272444039e-02
0.000000000000000000e+00 9.852034887419316989e-02 0.000000000000000000e+00 7.137830283599122527e-02 3.520428370213062041e-02 2.513987091952211289e-02 1.917472811656140835e-02 2.290438695980525838e-02 1.411297535388508495e-01 5.360293866915623838e-03 5.112665431855872855e-02 1.076372730066871841e-01 2.118019173030004018e-03 4.636968083586136269e-03 5.263914330610071357e-02 0.000000000000000000e+00 9.788658370944997369e-03 1.108335952347929004e-01 1.325805149577742870e-01 1.098272047345547758e-01
2.949704987016707816e-02 1.397795951764166898e-02 1.133806393214372293e-01 1.604380965551730279e-02 9.784477567251068791e-03 6.716884925788765837e-02 1.665791613709478036e-01 6.430052549134428197e-02 1.292274821262185368e-02 0.000000000000000000e+00 0.000000000000000000e+00 6.806751370319319427e-02 0.000000000000000000e+00 1.440327353057251937e-02 1.253833989501889346e-01 1.514333909775564431e-02 0.000000000000000000e+00 1.096224436685258458e-01 4.649539711284459559e-02 1.272294136721033031e-01
1.152922703743394957e-02 2.461288799675418956e-02 0.000000000000000000e+00 1.110565800473290315e-01 7.707717923648950420e-02 1.331025450667783216e-01 5.631561397428953147e-02 7.346330447500913630e-02 1.510412481997582823e-01 5.091241260661819035e-02 9.694266139379340312e-04 1.410663296896682017e-01 1.299141613216962809e-02 0.000000000000000000e+00 8.434500427386103227e-03 0.000000000000000000e+00 6.344933415589197601e-02 0.000000000000000000e+00 4.149489179389563576e-02 4.248310254659037888e-02
0.000000000000000000e+00 1.101220379006129096e-01 6.743369734652608638e-04 1.251980162830211400e-02 2.019599536132136719e-01 1.349811933125439067e-01 1.759284112063171368e-01 2.023480007380532575e-01 0.000000000000000000e+00 6.188712126782934921e-04 0.000000000000000000e+00 6.194036218772565154e-03 2.724754356994626980e-02 0.000000000000000000e+00 4.660662682413801994e-02 2.897442495721096623e-03 1.532813129485451065e-02 5.371168434709106682e-02 0.000000000000000000e+00 8.861928664289952726e-03
0.000000000000000000e+00 1.021955613013067060e-01 4.163074924344842970e-03 2.063929201810969088e-02 1.561398391638097738e-01 1.760193729134677809e-02 0.000000000000000000e+00 2.379522716782557779e-01 9.555317649182940021e-02 1.001186172002049890e-05 0.000000000000000000e+00 8.030079006675393608e-03 0.000000000000000000e+00 5.500330714345021826e-02 1.416527564173072351e-01 2.258624685910724360e-03 3.314416374473528291e-03 2.821694415655313145e-03 9.481121292396256853e-03 1.431828359334082756e-01
0.000000000000000000e+00 0.000000000000000000e+00 0.000000000000000000e+00 0.000000000000000000e+00 2.288166398884846908e-01 0.000000000000000000e+00 1.614709010702409381e-02 1.246465819576452055e-01 4.095466086693575793e-03 4.372629357773901056e-03 1.441500160030932676e-02 8.133713518889020000e-02 7.944629422365862698e-03 1.765839169444827564e-02 2.901091258144463531e-02 0.000000000000000000e+00 2.947609585548833719e-03 1.549384931274456756e-01 1.199325748723151924e-01 1.937368445296104580e-01
6.139634709803687418e-02 3.708652316634143686e-02 8.045434843200414618e-03 0.000000000000000000e+00 3.174250442720243787e-02 1.354650291438355691e-01 4.771209684448668095e-03 1.201127642801986667e-01 1.468620176736720462e-01 0.000000000000000000e+00 0.000000000000000000e+00 1.241639691191582379e-01 0.000000000000000000e+00 1.731133054105827435e-02 1.348662594993027194e-02 0.000000000000000000e+00 2.777529954760864922e-02 2.384365934495332948e-02 6.280067079735039692e-02 1.851366143830047717e-01
7.259872375899784069e-03 8.714240048348044498e-02 0.000000000000000000e+00 0.000000000000000000e+00 2.634859137648810218e-02 4.987985960086851718e-04 7.712463751266049328e-02 1.357501184604761602e-01 1.451076624820034355e-01 5.507534473317256610e-04 1.118002621708673837e-02 7.123139574214708281e-02 0.000000000000000000e+00 3.711770771315676259e-02 5.153305617793915022e-02 0.000000000000000000e+00 1.438460536952293305e-02 6.213056010473254863e-03 1.918987753280861908e-01 1.366585427072390946e-01
1.535048951763768807e-02 7.816362125933012939e-02 0.000000000000000000e+00 9.217467022850844849e-02 2.609029638096538317e-01 3.437474937670856323e-02 2.456895825991567417e-02 0.000000000000000000e+00 5.578629183496206824e-03 0.000000000000000000e+00 0.000000000000000000e+00 1.241807689059777758e-01 0.000000000000000000e+00 1.041104099285406343e-01 1.244950050883185666e-01 3.940466657990083360e-02 0.000000000000000000e+00 5.282196268375901477e-02 0.000000000000000000e+00 4.387310517825272760e-02
3.088159277196424711e-03 6.458951074326936548e-02 0.000000000000000000e+00 3.165722210275422749e-02 1.506764618291855928e-01 5.011298164043192366e-02 1.334924672599114431e-02 1.029121600240191781e-01 2.424062648544748205e-02 0.000000000000000000e+00 0.000000000000000000e+00 1.116442953683197820e-02 9.350557534381758254e-03 1.472446294526283117e-01 1.161507757264770568e-01 3.963420120160501825e-03 8.587611610476753032e-02 2.430069753171018240e-02 5.702283174847947583e-02 1.043001734162677663e-01
0.000000000000000000e+00 4.620908518512301111e-02 0.000000000000000000e+00 0.000000000000000000e+00 1.769557793032988657e-01 8.268063778865331797e-04 7.615577592079973701e-02 1.001196481231956814e-01 1.096138213517163819e-02 2.857409296223973726e-03 4.153881181846948850e-03 1.029993532216720853e-01 9.633038496359111816e-03 2.058642700102607526e-01 5.597784742578438416e-02 2.636674234608843946e-03 0.000000000000000000e+00 0.000000000000000000e+00 1.235876575189386560e-02 1.922902833358746955e-01
8.674268681857701113e-03 4.197796943341360748e-02 1.413968328112847695e-03 1.290930184793764868e-02 7.080531451648468255e-02 1.059984577910860412e-02 1.269502816699934547e-02 1.387521119789627277e-01 1.806488848294627008e-03 5.544147005347366264e-02 4.310930279348928687e-07 1.555366554900177445e-01 6.449223732093751528e-03 1.920253101173413288e-02 1.156978628959445254e-01 0.000000000000000000e+00 8.133888399873253142e-03 5.586587571902044969e-02 1.323944198071995149e-01 1.516433442164431544e-01
1.083647298006422816e-01 7.384759473023817453e-03 1.277558230569342604e-02 1.276822236644223167e-02 4.742212901960203564e-02 6.862080840316640840e-02 5.602827084511483036e-02 6.057230662408300687e-02 7.953600194208754193e-02 1.701724953820422817e-04 1.688833832395466672e-04 4.487499354489134229e-02 5.653536484687967517e-02 1.159861486488186350e-01 6.752787453892559501e-03 2.314421895755950503e-02 1.130437279944390971e-01 1.026510616224801144e-02 1.371141457244252071e-01 3.847164000836873071e-02
2.526608292712360232e-02 1.751066100239593304e-01 3.515043334571033452e-03 3.593523313391307206e-02 5.421021757079752534e-02 2.169412520075625697e-02 1.484548621791606862e-02 1.298681129821541713e-01 0.000000000000000000e+00 7.335887912427824405e-03 0.000000000000000000e+00 1.625584964824066669e-01 1.395155830676374775e-01 2.982654575423528132e-02 3.341810966442949611e-04 0.000000000000000000e+00 4.897361294683411082e-02 7.668107228813748726e-03 1.261550452340082507e-01 1.719162888580126267e-02
3.326519888009559639e-02 2.349479173757389183e-02 1.443801827838907216e-03 1.103448180073880874e-01 3.484202947152079122e-02 0.000000000000000000e+00 2.290079486212893700e-01 1.550334795092845885e-01 7.714445043407115038e-03 7.598631822522025105e-03 4.856913615365307524e-02 4.675588578788121563e-02 1.846641285734560572e-02 1.117977099035647945e-02 4.344144944662239882e-02 1.463176657880111648e-06 8.504874193257211390e-03 3.914291045570280486e-02 4.978037925539305179e-03 1.762149140920634960e-01
3.982025722928773741e-04 1.772781242568432104e-03 4.053217582758334228e-03 7.707798559891736179e-02 6.951200948948738079e-02 2.835624915522934331e-02 2.740850344317424109e-02 5.808749633581879873e-02 1.754260606392993860e-01 2.222448086911448656e-02 6.121270265257525850e-02 1.299629987744387316e-01 0.000000000000000000e+00 2.947684880054599055e-02 1.924037817187747778e-03 1.676883595954326012e-02 1.051487043277122974e-01 5.970145833136751568e-02 1.976137278543692657e-02 1.117260536225317541e-01
0.000000000000000000e+00 5.424533300252853962e-02 6.225294001617484065e-03 6.586564768049278651e-02 1.612426757726816706e-01 1.760479471170445787e-01 9.242522111631241988e-03 1.799443169833751799e-01 0.000000000000000000e+00 0.000000000000000000e+00 0.000000000000000000e+00 8.155206790968291819e-02 0.000000000000000000e+00 3.890306098580002120e-02 1.173318734094260934e-01 0.000000000000000000e+00 3.339846104942791050e-03 3.669342469975937077e-02 5.764868778608240457e-02 1.171730243493485611e-02
8.074309192826777115e-03 1.504913134445702849e-01 0.000000000000000000e+00 1.125418059335468908e-02 3.647978632680840688e-02 1.006448765869132587e-02 2.113798597010990623e-03 2.880844795445187609e-02 6.975662521401332361e-02 1.094594023332430902e-02 5.031238091744893309e-03 2.718803556438515456e-01 7.148177983216601195e-02 1.571221765152362021e-04 2.365243286454819099e-02 0.000000000000000000e+00 0.000000000000000000e+00 3.306142249240068883e-03 1.744880213388213808e-01 1.220140185880607409e-01
8.731728692883539145e-02 8.766621428816881445e-02 1.491560976182514228e-03 1.367511191472612318e-02 1.504230235411563310e-01 8.180934672943493413e-03 2.997398423258468281e-02 1.007068830512260066e-01 5.987628685212759150e-02 0.000000000000000000e+00 3.240135378241732964e-03 8.731142621825740968e-02 2.454015737581444895e-02 1.090178416436815567e-01 7.046828994795696979e-03 3.431290508588865935e-03 0.000000000000000000e+00 4.236738496207992366e-02 4.101753059446197613e-02 1.427161178661275620e-01
1.477333535509556348e-03 1.369727675196472372e-01 0.000000000000000000e+00 0.000000000000000000e+00 5.249310092730263833e-02 3.508331755838721422e-02 1.180340341724987613e-01 1.295946901192853717e-01 1.508329979191425640e-01 1.208565814747051409e-02 0.000000000000000000e+00 2.311563262286968901e-01 0.000000000000000000e+00 1.188282697363299278e-02 6.029188101761551871e-02 5.357949393551291253e-03 5.005160153496569092e-02 9.757848081896623770e-04 0.000000000000000000e+00 3.709730144104222537e-03
0.000000000000000000e+00 1.050084039554105703e-01 0.000000000000000000e+00 1.007692979487754496e-03 2.326761582268680739e-01 1.123017986655162614e-01 1.902024500456075268e-02 2.109589246853595390e-01 4.771445064255376567e-02 3.168255710385284307e-02 0.000000000000000000e+00 8.690782381476379326e-02 0.000000000000000000e+00 4.922490648907588105e-03 5.075960175976101767e-03 1.494565714903139724e-03 1.655654969216730204e-03 0.000000000000000000e+00 0.000000000000000000e+00 1.395732734126229890e-01
0.000000000000000000e+00 0.000000000000000000e+00 0.000000000000000000e+00 3.035960106991653432e-02 6.977286970119146725e-02 8.370046054120999779e-02 2.871392460823120937e-03 1.954749796333888900e-01 3.076916893131233753e-03 2.559233962575174076e-02 0.000000000000000000e+00 2.064941584991864809e-01 1.819688378294823106e-01 0.000000000000000000e+00 1.128671836388387972e-01 4.480915133894640412e-03 0.000000000000000000e+00 1.602219360946247062e-02 1.877479956891159318e-02 4.854335179481076429e-02
0.000000000000000000e+00 9.703059104740624496e-02 9.191153446781449160e-03 5.986818924411263509e-02 1.501524799245847197e-01 1.957789626914451242e-01 1.304316615185567296e-01 1.194496445341116861e-02 1.966160468326167560e-03 2.051318051828606229e-02 0.000000000000000000e+00 1.213843202587394920e-01 3.698722260952463925e-02 0.000000000000000000e+00 6.666876633691969957e-03 1.960080643038938399e-03 2.202281084258508968e-03 1.548498095290658239e-02 2.262994002178104536e-04 1.382105951047115366e-01
0.000000000000000000e+00 1.203039777952266687e-01 0.000000000000000000e+00 2.847935964771061354e-02 1.497722513664243860e-01 5.103274530054074248e-02 1.056342642960502870e-01 1.366540016336061369e-01 9.702544434543106805e-03 2.731741032591273634e-03 0.000000000000000000e+00 1.019155674430902297e-01 2.729323089111607061e-03 1.672605455754051871e-04 2.703971807931318180e-02 6.287583442677330790e-03 1.346530501310940764e-01 2.920093795666455286e-02 9.369567380578028293e-02 0.000000000000000000e+00
1.358352855550603276e-02 7.957745971487215075e-02 7.892476594840491799e-03 1.477109399638639187e-01 1.786641396774705515e-01 3.775128130343243654e-02 1.425024027820268567e-02 2.094997774727233586e-02 0.000000000000000000e+00 0.000000000000000000e+00 0.000000000000000000e+00 1.633047424791400637e-01 1.440333745544477954e-02 1.150719144480650824e-01 5.233459487132317151e-02 0.000000000000000000e+00 3.301816655778800030e-04 0.000000000000000000e+00 1.244216503664917206e-01 2.975353487849665551e-02
2.772369597688586346e-02 5.002320063543932299e-02 0.000000000000000000e+00 1.315862888045833809e-03 7.678500504620038676e-04 0.000000000000000000e+00 1.312837636595430568e-01 2.766155614394794626e-01 9.150419555717070885e-02 1.859358702744485841e-03 0.000000000000000000e+00 1.394374306297514465e-01 4.293443972037022660e-02 2.622701924810172044e-02 1.205228885067076566e-01 0.000000000000000000e+00 9.554002103392123663e-03 6.249429486767860836e-02 1.513269418709198809e-02 2.603741827135542912e-03
6.448947120801616769e-04 4.173027436000005530e-02 0.000000000000000000e+00 6.304641834596397265e-02 1.986563918374290583e-01 7.550102179338915621e-03 1.377335236418484044e-01 3.321009375741954678e-02 0.000000000000000000e+00 0.000000000000000000e+00 0.000000000000000000e+00 1.738648745062965420e-02 7.649735958508825651e-02 5.274319888925887295e-02 1.296169134222812103e-01 0.000000000000000000e+00 0.000000000000000000e+00 1.724668845893232716e-01 1.172244616449762307e-02 5.699501106484102658e-02
4.361905500818235096e-03 3.988298701880798464e-02 0.000000000000000000e+00 1.135640074070199367e-02 2.231222132945371861e-01 3.582338935489186305e-02 3.046458750618698599e-02 1.823002623106687124e-03 0.000000000000000000e+00 2.131247902753786311e-02 0.000000000000000000e+00 1.458796725437101205e-01 0.000000000000000000e+00 0.000000000000000000e+00 0.000000000000000000e+00 8.961834774458516534e-03 0.000000000000000000e+00 1.420309184087314713e-01 1.395692595594514029e-01 1.954113496470596123e-01
7.669716196029631450e-02 5.676604353857689356e-02 9.802802213468623203e-04 5.269746519085988234e-03 1.965924302323268369e-01 1.710605303850862638e-02 4.634343107087111890e-02 8.342099661589071069e-02 8.718192820954736091e-03 0.000000000000000000e+00 9.789470843096526390e-03 4.020988575497846072e-03 4.728259243409000528e-02 1.363147255473756425e-01 3.954393638926471943e-02 7.308436345362035597e-03 5.685693241821914400e-03 6.729701519563760330e-04 1.571868353138099472e-01 1.003000151398669298e-01
1.166117079372328089e-03 1.241306269278071861e-01 1.660060136495254343e-02 9.689878101133102273e-02 1.536977421815239331e-01 3.464494971790675615e-02 1.036815940294766175e-01 1.021273420494538293e-02 4.334965101882275185e-02 1.210734249488354952e-01 0.000000000000000000e+00 1.530225914961702016e-01 7.163400372297070448e-04 3.025319503390762679e-02 6.849976991363514178e-02 2.050478274174651755e-02 0.000000000000000000e+00 3.877184249680751000e-03 4.754822484973173294e-03 1.291509155768303350e-02
3.275419753940992437e-04 6.465249806016105938e-02 4.624949251310512925e-03 1.285758528598996905e-02 7.942091960990040056e-02 0.000000000000000000e+00 1.635501057115011213e-03 4.545567467417172686e-02 1.513220778735452077e-01 3.034793779519204650e-04 0.000000000000000000e+00 1.500141471544092775e-01 1.340738555795346031e-02 1.305685785859486692e-01 1.340385555538363416e-01 1.370313108908586316e-03 1.115937026926061863e-03 2.319238594254234218e-02 4.907443570247749243e-02 1.366180342014579330e-01
9.250426683765144986e-02 7.467561827942900687e-02 0.000000000000000000e+00 2.996630212581211442e-02 4.039945374210551776e-02 1.938009368444890135e-01 1.115615470881563820e-01 1.117927272022110619e-01 1.587933754592680269e-01 0.000000000000000000e+00 0.000000000000000000e+00 5.291822421225662182e-02 2.231856516044856270e-02 3.552446519293294466e-03 4.173305320465749146e-02 0.000000000000000000e+00 0.000000000000000000e+00 1.211479158323517345e-02 9.458223877039205127e-03 4.441046786394708262e-02
5.626257082714991933e-03 1.346577948085364851e-01 8.310564111738428508e-04 9.183015061774860502e-03 2.084088016144211020e-01 1.399587268354035297e-01 1.280452838260551229e-01 1.166613712618462251e-01 0.000000000000000000e+00 0.000000000000000000e+00 0.000000000000000000e+00 8.720186553649243721e-02 2.357648750787633835e-03 0.000000000000000000e+00 1.493851950869969167e-03 7.132357355472092493e-03 0.000000000000000000e+00 1.453349968142152865e-02 1.189092497171765211e-01 2.499922010585359927e-02
6.140454180885323437e-02 8.239919000723402304e-03 9.119368402896260717e-02 2.762678451231360965e-02 1.864615212964422855e-02 3.196120714784028011e-02 5.445447627529866053e-02 5.417119376447489948e-02 9.731107684737845542e-02 0.000000000000000000e+00 1.032273362953349885e-03 1.162238471540511381e-01 8.368199335008363882e-02 0.000000000000000000e+00 1.230750037702424554e-01 1.173038605562439548e-03 1.183449063270185092e-01 7.279066398722086606e-02 7.860107185037485192e-03 3.080913074234062007e-02
9.158542063573672787e-03 2.240214953959240862e-02 7.267967556510010994e-03 6.522121834306965349e-02 1.614676650394017976e-01 1.005824409680517867e-01 1.908228751561461545e-01 8.330513274585711267e-04 6.549892338587598450e-02 1.454904707949213755e-02 0.000000000000000000e+00 1.555659701962179911e-02 0.000000000000000000e+00 0.000000000000000000e+00 2.415175081013794939e-02 0.000000000000000000e+00 7.541352145589844732e-04 3.203906741480593012e-02 1.314363004529967016e-01 1.582582686287064833e-01
