7.884420805671697383e-03 6.005567690375485795e-03 7.957535521123102959e-03 1.423911632904692193e-01 2.246966103518301464e-02 7.997121257608007239e-02 4.996239885362051270e-02 2.548502560644867049e-02 1.297380724346428212e-02 1.006016294548175549e-03 1.846715356565080922e-03 4.912032268153676551e-02 9.949520366768580676e-04 1.506635006435493376e-02 3.830772702019309695e-02 6.836190021118072370e-03 8.196342104583877186e-02 1.145135923457030053e-01 1.410958707170463788e-01 1.941480497939826744e-01
5.001751369200221203e-02 8.615657765511841593e-02 1.625438744411369582e-02 1.253282231782101297e-01 1.874900968161717293e-02 2.523826468669470094e-02 6.765978593763953552e-03 1.514680778272519124e-01 1.153438013933365119e-01 1.513733210616919830e-02 2.521235489860753146e-02 1.252213190282611688e-01 7.825427349468543070e-02 2.688882814029608034e-02 3.015875574391180258e-02 3.406730910675463166e-03 8.053448807428890618e-03 0.000000000000000000e+00 1.831655563377751830e-02 7.402856708407813680e-02
9.280374575080966443e-03 1.551644560563148201e-01 8.870245068157819879e-02 1.535348766139020549e-01 3.420576952255393460e-02 1.295845566616598242e-02 7.674241916178031753e-02 3.890698726087722659e-02 3.513166798343320563e-03 0.000000000000000000e+00 5.113529703288556419e-04 0.000000000000000000e+00 8.514927759961410381e-02 1.000129608073485055e-01 3.875773286342205221e-02 2.505044468570315555e-02 8.530891692691060192e-04 3.727223785706469065e-03 1.873975694547601323e-02 1.541892048365349210e-01
1.844623700293156242e-03 5.776494995031254687e-02 1.626156210535101851e-03 7.533101473285169769e-02 6.012318593376998754e-02 1.866174213286145578e-01 1.595321591471151115e-02 1.045516990927714968e-01 1.642174449157442484e-01 4.865044260472220841e-03 1.788270210816161193e-02 1.057811876060033990e-01 1.454334303837250333e-02 4.589645242301303857e-03 0.000000000000000000e+00 1.033637916766974758e-02 1.715042098963955736e-02 0.000000000000000000e+00 3.428252380416791506e-02 1.225390420036074623e-01
4.465550789971408155e-03 4.451422932655486192e-02 8.568371850595448216e-03 1.356111961670805333e-01 4.843634494418110753e-02 1.560060591604680615e-02 0.000000000000000000e+00 7.468054281427199698e-04 1.042440411606307578e-03 6.544746983864823753e-04 1.298103494141430352e-03 1.286302276492678753e-01 4.111916886968068618e-02 1.504697869096548735e-01 1.228159153170741910e-02 3.307988927994891942e-02 3.659674242488767520e-02 2.827797385914601613e-02 1.651585444097443400e-01 1.434479520392550611e-01
5.693411838157523552e-02 1.141631579689935533e-01 1.824823529188342825e-03 1.548484805536460007e-01 3.481611258735763624e-04 9.105697916618197196e-04 7.879868267967471071e-03 1.127228884968245470e-01 4.798009666971101567e-02 1.401080360360901916e-02 0.000000000000000000e+00 1.632865250845187133e-01 1.460564915736551339e-01 3.079960452044263816e-02 4.760610632439937415e-03 1.190214346102102527e-01 6.292100931791958819e-03 0.000000000000000000e+00 4.460576900023302364e-03 1.369968735786750852e-02
2.783367449415117059e-02 4.033553757877290057e-03 0.000000000000000000e+00 6.927523930229617655e-02 8.821570026715554180e-02 1.324380745621337729e-01 2.908960854463198478e-03 2.284552044500773663e-02 6.973697478484086609e-02 2.341145554290264500e-03 8.905404986660385783e-03 6.897039755923004001e-02 1.907956619679359450e-02 1.247848167146921317e-01 3.314367396435565719e-03 1.228582669223599599e-01 1.329742696908234878e-01 2.454495340315826415e-03 8.504177967024592610e-02 1.198779150022698248e-02
2.908650541526643790e-02 1.032047803833559541e-01 0.000000000000000000e+00 1.092246862752507472e-02 1.760119291922402351e-01 2.320043354738808572e-02 1.444121470752414730e-03 1.289605638664685638e-01 3.757518325853318603e-02 2.378765647196254187e-03 0.000000000000000000e+00 1.032139838366822326e-01 1.203530807966079206e-03 2.473280621034404728e-02 2.830473528772298186e-02 7.758989489279811969e-02 1.847371865898755905e-02 9.139688527064702972e-02 9.149540662147140346e-02 5.080428700465434988e-02
1.954519861582269119e-03 6.513267360868977597e-03 9.771022532341688827e-02 9.447730287364937418e-02 5.431140009589856960e-02 1.980202531237622993e-02 1.764603906164617653e-02 1.906140413514047505e-01 2.983441653748393138e-02 1.884458855971832617e-02 8.694247592197803381e-03 1.274718930235296255e-01 1.916024257933864744e-02 2.403407509687701966e-03 1.606172363566590877e-02 3.865679420346487816e-02 1.412207016106016566e-01 0.000000000000000000e+00 3.402664573850853330e-02 8.059651776895972175e-02
1.822642763697971194e-02 1.344362524526284408e-01 3.586744068080148506e-02 1.488518613510657063e-01 1.437939994382467501e-01 1.129604300067557077e-01 1.269620881491744652e-02 7.184285839359269045e-03 8.938495852215925727e-03 0.000000000000000000e+00 1.367649698879583515e-04 1.299541294898200194e-01 1.131249194389995823e-03 8.938220514347977597e-03 4.471593250865765756e-02 1.494104727799008304e-02 2.667070819486164809e-03 2.723279292924968287e-02 5.218959135390196027e-03 1.421084310878097945e-01
0.000000000000000000e+00 8.537538646295857181e-02 0.000000000000000000e+00 1.122429310361797855e-01 1.215224690645732609e-02 1.097722306474064741e-01 1.244090662672093020e-02 1.285358521277434399e-02 4.990059072421011710e-03 1.393877214821401516e-03 1.033764719416218301e-02 1.751749870108242901e-01 1.382373733579142228e-01 4.913170514300316954e-02 3.366899927225087269e-02 1.182782043520293896e-01 4.079899877586110057e-02 2.789719734949750590e-02 4.187237307192163971e-02 1.338129129279578416e-02
3.182340263207297619e-03 5.291891110226737416e-02 1.640793326846271688e-02 3.416155849054018645e-02 3.613628606703375712e-02 1.618255694061727368e-01 0.000000000000000000e+00 1.709907381826678563e-01 1.543396758146690917e-01 0.000000000000000000e+00 9.792580270202935495e-04 8.444895290992082693e-02 7.463212672482642807e-03 2.391171697273876753e-02 7.117186667501661755e-03 1.165987044759714403e-01 3.429718613153437314e-03 3.733190942423331160e-03 2.785553430720507859e-02 9.449951181656143784e-02
1.434556694002971089e-02 2.660822732606712461e-03 8.342688816575235394e-03 7.650895959005241109e-02 1.355563674090189685e-01 1.273024996564992850e-01 4.769407350910636473e-02 9.562430718804129301e-03 1.502513717077625655e-01 6.625345287705326075e-03 3.157754586956680598e-02 1.270369946517785065e-01 7.651196623549059994e-02 1.655963429429069224e-03 3.937231270361044033e-02 2.661462272297738033e-02 1.753798229290619293e-02 4.753901201662309728e-02 2.516354288390827698e-02 2.813993082554897690e-02
8.623474134531849966e-02 9.291456941600159669e-02 1.421176138122962236e-02 2.034179540811102138e-01 2.297300844760003652e-02 1.506310488665538461e-01 6.371290792940740785e-03 4.184302608774833482e-02 0.000000000000000000e+00 0.000000000000000000e+00 0.000000000000000000e+00 1.226226308579446977e-01 4.099962976493842781e-03 2.373576615668471917e-02 3.356077338817233663e-02 5.003546745057785294e-02 3.175962591089818987e-02 5.543991600156867455e-02 1.098374064246755537e-02 4.916471619668928705e-02
2.570547982793812414e-02 3.765348883634091204e-02 2.497832666683144631e-02 5.763212968289578055e-03 1.739086657294293958e-01 1.020663159781658863e-01 0.000000000000000000e+00 4.076625181384108815e-02 7.830925230761651840e-03 0.000000000000000000e+00 6.641460810004225224e-04 5.359987606849520372e-03 6.090019938337611766e-02 1.533935433818635341e-01 1.326055610514907390e-01 1.260950602622451337e-02 0.000000000000000000e+00 2.921791809877835946e-02 3.375889318586649396e-02 1.528175781329522975e-01
0.000000000000000000e+00 1.356728470810113774e-01 0.000000000000000000e+00 1.189015813267180676e-03 1.498658654468880691e-01 1.150966693202651048e-01 5.413722699365966333e-03 2.431602548940831054e-02 0.000000000000000000e+00 5.410572444357344100e-03 6.625929424757600640e-03 1.748169884343842295e-01 7.884394271020578326e-02 0.000000000000000000e+00 1.463334211952554975e-02 0.000000000000000000e+00 3.391837624590974404e-02 6.979359161518883248e-02 1.453142747152858794e-01 3.908883644017918657e-02
1.008188477617746326e-01 1.026946704548581529e-01 4.749145346285330027e-03 0.000000000000000000e+00 1.769713226376438131e-01 1.680609677673042535e-01 4.225791289226088487e-02 1.256175150134136442e-01 2.333767429989185016e-02 2.549871747405909727e-03 0.000000000000000000e+00 3.209162480863013683e-03 0.000000000000000000e+00 0.000000000000000000e+00 1.312018813483467085e-02 0.000000000000000000e+00 4.928740697910673728e-03 4.211924405093810803e-02 6.627040216571498943e-02 1.232943345489001946e-01
3.770579787276913397e-03 5.363406537598976176e-02 0.000000000000000000e+00 2.219084028540143413e-03 1.206653511346598151e-01 1.383443712330179320e-01 2.459950674746673276e-03 5.914186644165797535e-02 1.474771138226096956e-01 4.047277676275414307e-03 4.670665950863497375e-03 7.149957390350326902e-02 4.514668730388298780e-03 1.326185103833461268e-03 3.579704204090544684e-02 4.123970855444050905e-03 7.982463376981451669e-03 2.348641572748742801e-02 1.559980533254360924e-01 1.588413008103825852e-01
2.306087511730364747e-02 6.643192124130703480e-02 0.000000000000000000e+00 8.367656012063746929e-02 4.275256190448804838e-02 1.517298803880151592e-02 2.034558483348218334e-03 3.431486178772915480e-02 3.182583177755847481e-03 0.000000000000000000e+00 5.339038579520353524e-03 1.154605116424241157e-01 1.726141359170150769e-01 2.927062710517041449e-02 1.250320798057305283e-01 2.266963862639777630e-03 2.946044641550126658e-02 1.800637133747779728e-01 1.462951610415042653e-02 5.523605732169916543e-02
5.646631121330501248e-03 3.606871047252812462e-02 4.176825006919419360e-03 2.924169014296901670e-03 1.626364890182503131e-01 1.740669296572806835e-02 2.169585631804809775e-02 5.026844720246788356e-02 6.808670003743720611e-02 1.686356151385539834e-02 1.183277542028203077e-03 1.346574625725523444e-01 3.400903731101299898e-02 6.133420411364109287e-02 1.688278276987478441e-02 2.313273011233514531e-02 1.498441916107373303e-02 3.848321840784874048e-02 1.279083203507530297e-01 1.616504649880180500e-01
0.000000000000000000e+00 3.045040353790717802e-02 1.051617629621809250e-03 6.142872112594369161e-02 1.457998228979572597e-01 5.526182888785883401e-02 8.009224609489891400e-03 3.195199612039745923e-02 1.151752494702632107e-01 1.216432715590944937e-03 1.935075140651319444e-03 1.198791996989889280e-01 2.070875574237802941e-02 1.214371683741073821e-01 3.549839833892486085e-02 1.039327866779723129e-02 5.540057760880894022e-02 0.000000000000000000e+00 1.908178839501984206e-02 1.653204610382932593e-01
1.803022266874764303e-03 1.219070859746027302e-01 5.655543376407237699e-02 2.973784665658542326e-02 1.929868288543452187e-02 1.406607550820979449e-02 6.379222838514804483e-02 1.237897671634079905e-01 1.522392887674494906e-03 2.309608371657662085e-02 0.000000000000000000e+00 1.311163866993286520e-01 3.263639761108531705e-03 7.994091774350842172e-03 1.077088788182559154e-01 6.352262407561490862e-04 1.003508992150701634e-01 5.157260451274799963e-03 1.516675625637164265e-02 1.730382415748965286e-01
2.546558435935902809e-02 1.295330246056219659e-01 0.000000000000000000e+00 1.957184836626258695e-01 1.124221943731854197e-02 1.373003670020217226e-01 1.651297024832648966e-02 3.638085273803571065e-03 1.089238428624846738e-01 0.000000000000000000e+00 0.000000000000000000e+00 4.159912262568230684e-02 4.988797218847040507e-05 3.879459239122855924e-02 2.487995714694450980e-03 4.766992398641261772e-03 5.023997250113588359e-03 1.011276124313935550e-02 1.386544397774264747e-01 1.301756331753236018e-01
5.680608515616173207e-03 5.686166999550832518e-02 1.622280375599504006e-03 2.870447115824545370e-02 1.539413294653481645e-01 1.586264761910982091e-01 1.035908010184886235e-01 9.366015216818304734e-02 0.000000000000000000e+00 0.000000000000000000e+00 1.203928345355816153e-03 3.099477830891966129e-02 8.062004587039867110e-02 3.190608484692698810e-02 3.276525769137693389e-02 2.292784945573250743e-02 2.628706097578263363e-03 0.000000000000000000e+00 1.266760724987683051e-01 6.758948799685549069e-02
5.452185980352498851e-02 1.838142914034855691e-01 1.838264924490004906e-02 1.823479232591326132e-02 0.000000000000000000e+00 9.535392550011935475e-03 7.519963380213900983e-02 1.603455674959259059e-01 4.027460130229199020e-02 0.000000000000000000e+00 0.000000000000000000e+00 1.348204257479554587e-02 1.459178877099743532e-01 7.719984529150336616e-02 4.078676100016377648e-02 4.601909061826352579e-03 1.476813777653444675e-03 4.900094205805059430e-03 4.238402338450021969e-03 1.470874561116354007e-01
