1.285618288619776346e-02 2.299991891175445433e-03 6.273841688430607799e-02 7.496709690138379789e-02 1.511011225857465945e-01 5.718857536371550060e-02 9.710815830146568572e-02 4.705011883901440845e-02 1.044550579719440674e-02 0.000000000000000000e+00 0.000000000000000000e+00 3.772076453588631140e-02 7.618828906957160474e-02 7.150955400899149453e-03 4.805761914236461249e-03 9.464578803407848028e-04 1.386160437259764504e-02 1.224284110589853036e-01 1.133701091632005747e-01 1.077724771540824328e-01
1.179328629277549313e-02 5.289305789521503431e-02 3.006729731320711280e-02 8.790564845172547936e-02 1.256122805256872088e-01 1.678329214730358426e-02 1.126824542805304336e-01 2.120678940410181471e-02 1.280975792876321850e-01 7.428667351504644962e-04 1.585323890314329839e-02 1.292162087098906731e-01 0.000000000000000000e+00 9.802699664134009727e-02 7.939623739446186393e-03 4.978790704467870839e-04 1.035429103651396530e-02 1.359865773758893170e-01 0.000000000000000000e+00 1.434063219000093412e-02
3.321624187079614187e-04 7.900394670434483790e-02 3.032493713494639753e-02 1.451033880346019322e-01 1.378238876210119424e-01 1.474615129663568724e-01 8.803882842812618681e-02 4.916393008634204614e-02 6.347904237926757856e-03 6.564359167082125125e-04 0.000000000000000000e+00 8.318095118542125294e-04 0.000000000000000000e+00 7.323320206437278213e-02 1.190054431018473455e-02 0.000000000000000000e+00 6.072018132982427707e-02 1.663925210342439773e-02 4.170471486932779068e-03 1.482476056443338130e-01
2.313191517548373127e-05 8.939863579575270391e-02 1.515325994115980870e-04 1.152561033914872440e-01 1.517325046940525869e-02 9.607204899354875038e-02 2.742002856213151402e-02 6.684149092541609438e-02 2.191143184370449304e-01 1.409350420989778988e-02 1.451434028911866708e-02 3.843345847006631594e-02 0.000000000000000000e+00 6.554944286461362275e-04 0.000000000000000000e+00 6.554734514863922758e-04 6.141770009035295991e-02 1.133775043488754325e-01 1.210822304749251954e-01 6.319753147257627969e-03
8.817446493839533120e-03 5.735524947014364154e-03 4.901209708388529901e-02 2.933952463164823856e-03 1.646267918275865494e-01 5.014560904157337740e-02 5.335963282255248678e-03 2.401797533267258089e-01 7.226715787253946803e-03 2.665095983676570241e-05 5.172942406426243823e-04 6.277595210687517135e-02 1.091480037444954136e-02 2.679035948387384868e-03 1.175304580820712335e-03 3.102873217676895348e-02 7.276231612036906937e-02 1.747640122618477482e-02 1.315892482021812360e-01 1.350404098101848638e-01
1.178220099661057840e-01 1.205906352387383640e-01 7.587025737228986905e-03 1.050963984321295341e-01 1.484346323370044074e-01 2.532196559725996901e-02 4.391267170838195066e-03 7.118021411230414375e-02 7.636630403451610816e-02 1.772287009591030004e-03 1.399445478223461728e-03 1.069308665675455967e-02 3.839296676227204295e-03 1.285423555291815290e-01 1.662812280421669937e-04 0.000000000000000000e+00 1.770192891611800309e-03 4.629470823477039275e-03 5.171879071517267168e-02 1.186783403655929936e-01
6.590238873518498852e-02 3.300579911052017867e-02 2.864756090371163230e-03 7.321311096101250360e-02 4.152258756092127440e-02 1.441198682606742443e-01 1.871175422826423448e-02 6.848858896631027440e-03 1.181782775675274261e-01 0.000000000000000000e+00 7.993212784168118867e-03 1.462787119983790813e-03 1.062139816018809746e-01 1.379377932892722480e-01 8.622692937132574176e-02 1.801527523422837875e-03 3.489700473755957821e-02 9.643605809026315964e-03 4.987827755156087851e-04 1.089569735767376563e-01
7.631703609518097897e-02 6.480404936989335452e-02 2.029830363771132490e-02 3.321954342284058094e-04 1.418662112491520660e-02 1.029163433733904821e-02 1.562307451226064847e-01 2.089308354257819189e-01 3.111887908720250076e-02 2.059072628174234317e-03 1.000120990827485122e-03 1.394804910915310725e-01 0.000000000000000000e+00 1.590221065595565433e-02 1.067365214561848998e-02 0.000000000000000000e+00 2.578538155021347332e-03 8.749738353031003002e-02 1.399831772963437693e-01 1.831505387135860460e-02
2.029107086675141156e-02 6.208210297658532661e-02 1.156110059797074846e-01 1.318848672107983122e-01 8.245665961840516200e-03 2.421553936125184769e-01 2.241793551925454556e-02 5.139146623767903294e-02 2.822981698571735976e-02 1.260998779381778019e-02 0.000000000000000000e+00 0.000000000000000000e+00 1.333421863020595524e-04 3.500232390429065419e-04 6.574197997278501474e-04 1.203290028400148641e-02 9.370791088076306508e-02 0.000000000000000000e+00 1.656831656286630872e-02 1.816307739026259971e-01
9.804812913503406155e-03 2.691098768458363155e-01 1.768101131564225013e-03 1.755061833294385698e-01 1.579362548594115678e-01 1.670927048779043411e-01 5.439050731195495605e-03 5.648873466432172835e-02 1.663079545276624288e-04 1.663919901746214948e-04 1.623814970438820782e-03 2.785715929782005620e-02 0.000000000000000000e+00 0.000000000000000000e+00 3.319775635391393541e-04 2.534039797612206834e-03 1.103446423164751835e-03 1.665606591965998170e-04 4.624795455209673029e-03 1.182797865351407351e-01
1.933488217242137347e-02 5.035848463430041277e-02 1.335982212438858729e-01 1.246567049336880506e-01 1.209171408996373848e-01 9.801642161188575675e-03 1.184424776792366435e-01 3.263325948509437089e-04 4.224576320670734436e-02 1.050478468185267336e-03 0.000000000000000000e+00 5.983258569654714004e-02 2.328179254141097762e-02 5.038664634378100388e-02 9.318557248519040992e-02 9.911342677000615359e-03 1.538700957392528414e-02 1.193768860454374192e-01 3.418824926932577130e-03 4.487211715672855677e-03
9.049230993319702654e-02 7.271903490874662146e-02 1.561087193046421795e-01 5.848699541931910544e-03 4.299082968236699748e-02 1.573025873933014962e-01 9.643423966086672738e-02 7.045403592673153692e-02 9.917593365350779733e-03 1.130961374043099651e-03 0.000000000000000000e+00 1.106167218729025153e-01 3.996249726506877556e-03 6.538914278571805435e-04 1.798493002296782522e-02 1.218053969399201901e-02 6.690664993018814559e-03 1.115920052071381896e-01 4.495258511834822161e-03 2.839072745260355288e-02
1.203443631775217848e-01 1.665752489370101895e-04 0.000000000000000000e+00 4.763752290661579097e-02 2.204242963290466845e-02 1.208297842961330165e-01 6.211501994277116717e-02 1.170728535585542074e-01 1.463771313143988617e-01 4.174228997849363521e-02 1.690353769800804346e-02 1.527668594619546183e-01 5.091799113267313215e-03 3.784917530292054161e-02 3.473732039203172167e-02 1.159493998040247824e-03 1.022141845887308831e-02 5.653849464985604562e-02 1.461423974168394061e-03 4.942506894549863160e-03
2.058841943555355866e-02 1.250276076100898248e-01 2.432069419399153151e-02 1.573410249885384415e-01 2.293783615466933601e-01 1.490689407139006162e-01 2.947448208627736002e-02 1.792299542825514722e-02 0.000000000000000000e+00 4.985902063469286206e-04 0.000000000000000000e+00 0.000000000000000000e+00 5.325608513991313825e-03 6.483061960060225448e-02 1.236339576183980021e-01 4.794792359348667987e-02 0.000000000000000000e+00 0.000000000000000000e+00 0.000000000000000000e+00 4.640774463874969107e-03
1.166574807338594325e-02 1.431918582361567105e-01 2.173381618608018814e-03 1.405788013735214115e-01 7.415306518003088321e-03 7.117299046867456638e-03 1.726303558023531068e-02 9.153479721906870176e-03 1.506240961408994716e-01 6.458216808282890185e-04 4.954305471699408693e-03 4.979059098332624250e-04 1.605459943272115331e-02 1.552663231582491754e-01 1.147784360977910922e-01 8.151031200472955499e-03 3.427663427885897784e-03 0.000000000000000000e+00 7.342025506480652497e-02 1.336206522461280410e-01
1.584457875148654118e-02 1.096826960659012806e-01 1.936815277196080043e-02 1.408852774338788805e-01 2.867183720379939266e-02 2.537168690297912366e-01 1.796730437299353181e-02 3.740039608926618020e-02 0.000000000000000000e+00 0.000000000000000000e+00 0.000000000000000000e+00 3.302794436304815257e-04 0.000000000000000000e+00 2.429367360429629703e-03 0.000000000000000000e+00 8.924632306662018746e-03 4.280314064033538535e-02 1.479912773403163073e-01 1.453766831647213265e-01 2.860750802482697058e-02
1.231712733625477951e-01 6.987796187414897775e-02 1.548317492416742200e-02 7.161223995958425348e-02 8.350139812398424052e-03 1.606437138499165473e-01 5.490211200159713506e-02 1.560262797892807973e-01 1.811071054950781287e-02 1.114133004895565410e-01 2.061591272209309551e-03 1.290341645099343272e-02 1.428227041894176291e-02 0.000000000000000000e+00 4.701879114418276891e-03 0.000000000000000000e+00 3.265653721707382530e-03 0.000000000000000000e+00 4.849662001304500675e-02 1.246976623959790698e-01
5.773666145968687005e-03 1.391789244848531670e-01 2.214249238004098799e-02 1.106920695105715648e-02 1.600791051801337891e-02 2.255238423345857189e-03 9.442329405454055052e-03 1.516075715883540287e-01 2.778823276930015296e-01 0.000000000000000000e+00 3.697669088640417271e-03 5.558991644827353945e-02 2.629374829480840645e-03 0.000000000000000000e+00 4.016251724626641005e-03 1.502932190735070542e-03 1.022655500352616029e-02 3.413154579046575460e-02 1.230299469213872732e-01 1.298161404127754770e-01
3.704863492705274229e-03 1.924464672146959654e-02 1.604456277112619594e-02 2.988993997041303752e-01 3.676828254002384444e-02 2.592745225034709215e-04 1.018151089922239849e-01 3.017006006580355559e-02 2.326704417027047056e-01 0.000000000000000000e+00 9.032789816249955700e-04 3.111105478758361201e-02 4.556749732998502736e-03 1.414559998764963467e-01 0.000000000000000000e+00 0.000000000000000000e+00 0.000000000000000000e+00 1.479197940439512960e-03 5.632012795155569469e-03 7.528506537301041246e-02
1.799593186542929393e-02 1.925009523178753956e-01 2.806487885547033836e-02 5.955257686050874355e-02 1.826909582164421009e-01 2.068360229262368732e-01 2.589056077384998059e-02 1.459063744333956303e-02 0.000000000000000000e+00 0.000000000000000000e+00 1.102864498111724668e-03 9.472904492608740998e-03 7.689228383802078348e-02 2.855649147082149879e-03 3.898068661678070340e-02 6.913688519423312820e-03 0.000000000000000000e+00 1.995858877857553323e-02 0.000000000000000000e+00 1.157008148502448042e-01
2.390079708262373911e-02 1.929655642677977345e-01 2.809785333918540795e-02 1.427734129060335977e-02 3.025069997729617696e-03 1.754122732667821871e-01 1.194003413625694537e-01 1.324906179564059316e-01 1.409124205071035363e-01 0.000000000000000000e+00 0.000000000000000000e+00 1.884125406322875729e-02 0.000000000000000000e+00 3.371226794712190757e-03 5.789137401964798008e-03 1.034415397745007924e-02 1.928342492134958383e-02 0.000000000000000000e+00 9.855022114174796094e-03 1.020335016563186231e-01
4.621667090694421554e-02 1.115254544844376527e-01 6.514668406366311282e-02 1.404764757375376039e-01 8.931299593038620130e-03 2.280597711548019643e-02 1.084721616690842855e-01 1.390148898944106037e-02 7.818774264890203385e-02 2.969876745661411289e-03 3.451434161744216730e-03 2.049763480712842867e-01 7.623593523554519956e-04 4.953859278471866787e-03 5.704178126310182652e-03 1.073818494871996675e-02 0.000000000000000000e+00 0.000000000000000000e+00 1.350615301191653295e-01 3.571827398775848095e-02
1.342517075144890881e-01 6.595591927990142322e-02 2.025349038092813699e-03 1.157566091742564529e-01 9.002746643707737126e-03 7.188744985981709856e-02 2.010036609710407970e-02 1.151613386972548045e-02 1.295246433225093474e-01 1.622047770890601773e-02 2.227814207621938575e-02 2.456053732106585133e-02 4.006503530335167075e-03 1.162854601088552861e-02 0.000000000000000000e+00 5.616786053284698182e-03 2.513562707526503532e-03 2.123825443597768536e-01 1.406074422977180716e-01 1.645331346784079031e-04
4.939548672296929050e-04 1.329843505358631606e-01 2.296507437566720853e-03 1.793130508195347750e-01 1.423168224850905085e-02 1.513961773182468384e-01 5.329027873016384254e-02 1.004715783613591151e-01 1.240888926840369860e-01 2.851809282444694657e-02 1.989248116676354660e-03 1.371300787751871531e-01 2.508926434270485756e-03 1.843942959495971064e-03 8.126947277906191799e-03 9.757785847464366634e-04 1.716679418218358417e-03 8.291472736926371523e-04 4.606255354823964726e-02 1.173213178460972769e-02
7.657179742662460764e-02 1.657608741735310670e-02 9.534768971019171035e-02 7.339483344828899580e-02 4.192309015238438949e-03 1.512635829456959458e-01 1.092905768938884775e-01 2.177905965395481036e-01 5.240944304357523370e-02 4.092724278884208103e-03 0.000000000000000000e+00 8.636992594502928460e-04 7.465192420290038544e-02 1.469459596541042821e-02 7.713524672848959957e-04 1.752519146284156268e-02 4.085875644378080505e-03 2.842749385952710213e-03 6.686938314581815368e-03 7.694803257791089923e-02
3.333505366020972816e-04 6.874636008466554482e-02 1.414363685749518151e-01 1.471450396940305327e-01 4.806598682481308393e-02 7.968944860452424617e-02 2.282152556724763651e-02 1.570090638891456433e-02 1.921084643569646588e-01 0.000000000000000000e+00 7.483379393108303577e-04 1.700256977023393082e-02 4.746841505581161046e-03 1.060128053817851468e-01 6.271016106454990746e-02 1.881283083156247166e-03 1.634699746798748312e-04 1.589849946274922779e-02 1.866703535324631263e-02 5.612154583199312208e-02
1.290054274654150179e-01 1.541580592230485658e-01 3.020210452183456429e-04 1.742971641862011561e-02 3.372209404639273100e-02 5.396821921618381174e-02 1.132751377472916016e-01 4.314376687696354351e-02 4.915778572346693465e-03 1.144738760601855636e-02 3.701085000079928477e-03 1.427929610450925646e-01 2.235974699005833198e-03 3.307808239990721278e-04 1.208257099362338161e-01 6.569324309833163549e-04 1.304113860676429371e-01 6.849512044680165258e-03 4.816114356586474569e-03 2.601193537819682447e-02
3.274947429468075526e-03 1.096576486457480210e-01 2.125605658965587161e-02 2.985623225412162851e-01 1.551236667889019094e-01 1.994680007429672774e-01 6.623187981902987909e-02 2.467228803549583599e-02 2.505613701117715385e-03 2.456372093789047084e-02 3.382221509106837776e-03 3.045778396701561558e-02 2.301246787247736899e-03 0.000000000000000000e+00 1.446502791507350665e-03 0.000000000000000000e+00 6.262924198877436880e-04 0.000000000000000000e+00 0.000000000000000000e+00 5.646980729374342228e-02
1.237932999596510070e-01 2.126456923130314314e-01 1.613499614833489165e-02 7.673637764614384127e-02 4.113115532485259185e-02 1.586527214548623110e-01 6.238941057709137400e-02 6.227487601535232516e-03 3.682166419175201405e-02 5.255360360584260954e-02 0.000000000000000000e+00 1.983137799821120192e-02 0.000000000000000000e+00 3.331082673624008645e-04 4.988437483653789840e-03 0.000000000000000000e+00 0.000000000000000000e+00 6.681702060461502946e-02 4.131714502304246334e-02 7.962650180001780431e-02
1.586648435907849278e-02 8.059255807584105036e-03 1.828256703424869789e-01 5.470036473548288425e-02 5.180436994640959247e-02 9.057273611034479324e-03 1.100299727624690638e-01 1.624006906828959484e-01 1.606040842674787972e-01 1.619140931681550951e-03 2.333705922266303846e-03 1.475253474751878902e-01 0.000000000000000000e+00 1.481566865590961508e-04 2.738204622026200324e-02 1.926922556632862599e-03 8.077787267776574687e-03 3.287038439194518019e-02 1.079636844628660986e-03 2.168870518813961756e-02
1.059223863264491423e-02 1.773759252045255946e-02 1.556487026756634892e-04 1.183164738313873532e-01 1.395516624693052543e-01 5.889206551326470196e-02 1.312131095307956206e-02 1.062740965162867028e-02 6.388723319689462721e-02 1.159735163638504719e-03 1.458417400679215656e-04 1.513506691938045767e-01 7.332311544901418121e-02 3.955622420385033339e-02 2.544903190017883815e-02 1.296006387906233764e-02 2.645540393161545031e-03 9.821577502053574493e-02 4.139104200699684523e-03 1.581732633846530678e-01
0.000000000000000000e+00 5.315503797069570657e-02 1.844610628541598282e-02 1.854065223118977201e-01 8.618719897661551374e-03 1.712020976585734711e-01 3.404156370684950639e-02 2.219007494530822466e-01 1.451001808834102291e-01 0.000000000000000000e+00 2.098882844604560600e-03 1.937608390736048503e-03 0.000000000000000000e+00 5.354055196375913372e-02 9.458747336532504976e-03 0.000000000000000000e+00 9.356948321464098051e-02 0.000000000000000000e+00 0.000000000000000000e+00 1.523748082140317667e-03
1.058877389833879669e-02 1.098085020367812331e-02 1.320070823919511360e-01 5.152524846476540243e-02 8.623222461047487519e-02 2.250297085838381950e-02 7.411365616067109273e-03 1.367796852798626728e-01 1.909956953400781254e-01 1.398685385900679153e-02 5.906008799576250613e-03 6.895075956755136737e-02 6.442119865231062115e-02 0.000000000000000000e+00 1.661147944342587768e-04 4.486179805516579515e-03 0.000000000000000000e+00 4.124306128288649995e-03 3.990122334290962386e-02 1.490334583868057061e-01
2.394537996794194323e-01 1.469683904486592529e-01 1.941756603787183483e-02 2.290039408613228980e-02 6.073120190383284739e-02 2.055569021507665795e-01 6.085594883093266988e-02 3.834196426317317170e-03 2.958130313041258674e-02 2.413348940646221213e-02 1.014084955033250739e-02 1.396466682948273863e-01 0.000000000000000000e+00 1.750092213192090684e-03 4.114472812926206480e-03 0.000000000000000000e+00 0.000000000000000000e+00 1.377884812113833526e-02 1.532027428645220749e-02 1.815602620324299884e-03
4.845255435398382847e-03 5.831160120391162133e-02 7.491552553636796410e-03 1.362419217030871876e-01 1.814545591232203658e-01 2.420517067563520419e-01 6.884105886187294292e-03 9.267159756991180317e-03 2.479126366436315912e-02 2.963168232914716992e-04 4.990785501278617977e-04 4.974888958582066728e-02 1.570487429802387355e-02 0.000000000000000000e+00 1.173668096329138072e-01 1.694326806732194082e-04 3.095452529026981783e-04 0.000000000000000000e+00 3.522312697565124079e-02 1.093428001174470837e-01
9.565735677759951150e-03 2.335763684022003697e-02 1.533188042867207890e-01 0.000000000000000000e+00 1.464221517119096705e-01 0.000000000000000000e+00 1.177978198730352949e-01 6.889010127578485201e-03 8.227979456886644685e-03 6.867572825945919904e-03 6.738550615488190197e-03 1.980891615104771186e-01 2.038835099890118005e-02 8.349667540313939276e-03 1.265877777769378598e-01 1.647133395533020134e-04 4.341593963342700591e-02 9.408752305169774954e-02 2.254792338490280851e-02 7.183681348244046368e-03
2.506898354489952435e-02 1.117858908577291088e-01 8.218033594966407673e-02 1.670312500069645045e-01 4.246694924450788305e-02 1.563409794675402753e-01 6.652405194429294186e-04 7.631639844944872186e-02 1.296352418416878982e-01 1.149545685381336835e-02 9.591967952640060441e-03 3.634866325320138675e-02 4.337269013117126676e-02 0.000000000000000000e+00 6.636250873772358075e-04 0.000000000000000000e+00 1.675982068419277007e-02 2.265296542020116266e-03 1.343521351084282723e-06 8.800986609234784375e-02
2.375985444369671431e-03 1.359490336582703518e-01 1.477822148826125059e-01 2.262439957952377349e-03 1.124664908865008646e-02 8.867414852360021651e-03 2.362314881442046516e-02 1.358005972699248276e-01 3.689546546715136155e-02 6.949960110256239720e-03 1.468438701351107043e-03 1.641732556599325987e-01 4.230315348006458620e-04 3.665999342476510881e-04 1.155475153890806253e-02 1.683499957189108637e-02 4.520479275353768422e-03 1.261484517526245859e-02 1.265161614020819947e-01 1.497745276602027997e-01
0.000000000000000000e+00 4.742284427392385454e-02 0.000000000000000000e+00 9.121355683380630991e-03 1.663633668558603118e-01 6.534951664730051166e-03 1.549148084865937802e-01 1.030962429676231668e-01 1.200107235741809247e-01 3.072688940980318473e-02 6.249111432065103649e-04 3.298448140112998639e-02 3.041286939144395747e-03 0.000000000000000000e+00 1.499128045992983646e-02 1.340230561683520855e-03 1.037460815287967984e-02 3.288433199013618413e-02 1.259244100663997334e-01 1.396432763693941648e-01
2.254761214528472769e-03 1.603171130511235609e-01 3.798766661364876354e-03 1.681482388632460634e-01 1.661462746977009353e-01 1.128200781768682326e-01 2.130021934073732248e-02 2.865823442037179064e-02 0.000000000000000000e+00 0.000000000000000000e+00 8.094501568858608262e-03 3.148439549862264153e-02 1.515874282100210116e-03 1.591382809673628942e-04 1.162210277824215765e-01 1.665420607263898918e-04 0.000000000000000000e+00 1.453877908497055171e-01 1.413823525235655132e-02 1.938880799829975285e-02
