0.000000000000000000e+00 1.084593529623026353e-01 1.343109605531168926e-01 0.000000000000000000e+00 9.452891676597558954e-03 1.555330733378736986e-02 4.158756321007697071e-02 0.000000000000000000e+00 3.283417507120559020e-02 1.472540128319626551e-01 0.000000000000000000e+00 2.276659704753129093e-02 0.000000000000000000e+00 3.812625506092348193e-03 1.334990150264185882e-01 0.000000000000000000e+00 0.000000000000000000e+00 0.000000000000000000e+00 3.422205906474430886e-03 0.000000000000000000e+00 9.958641530116624230e-02 0.000000000000000000e+00 9.339925240001514806e-02 8.443433024017234570e-03 1.456181921492349929e-01
0.000000000000000000e+00 1.207804271781794669e-01 1.761121200061964154e-01 4.935324262620336550e-03 1.394800155157146782e-01 1.732910282353070097e-02 2.514818202021339502e-02 7.703391701616586762e-02 6.909513352309212125e-03 3.080406207252776168e-02 0.000000000000000000e+00 1.168150557952105789e-01 5.733011762354364022e-02 0.000000000000000000e+00 0.000000000000000000e+00 0.000000000000000000e+00 4.066982126188273608e-03 8.526767658727980870e-02 0.000000000000000000e+00 3.660090615939876318e-03 0.000000000000000000e+00 0.000000000000000000e+00 0.000000000000000000e+00 1.077394763446549997e-01 2.658793665972505882e-02
1.729855289581885489e-02 1.169937395481578241e-01 4.648019851272645192e-02 0.000000000000000000e+00 1.424508229569982076e-01 0.000000000000000000e+00 8.843447417684471845e-02 1.346862862755680845e-01 0.000000000000000000e+00 8.324710186838855941e-03 7.602945835639659741e-03 8.130346228013651810e-02 0.000000000000000000e+00 0.000000000000000000e+00 6.169333753783746987e-02 0.000000000000000000e+00 1.960218546993662547e-02 6.683535005007823493e-02 5.559659418934658620e-02 1.266224938015398094e-01 0.000000000000000000e+00 1.693020706598269420e-02 0.000000000000000000e+00 6.072538128117122534e-03 3.072101088432483383e-03
0.000000000000000000e+00 3.410222570292173461e-02 1.354788138232713157e-01 2.058122808489224950e-02 1.210946018009895625e-01 0.000000000000000000e+00 1.578416436709066395e-01 0.000000000000000000e+00 1.114349889768393997e-01 0.000000000000000000e+00 6.342643911879647378e-02 0.000000000000000000e+00 0.000000000000000000e+00 7.852467228655068965e-03 2.685894319689830292e-02 0.000000000000000000e+00 0.000000000000000000e+00 2.037480123150409855e-02 0.000000000000000000e+00 1.694792575237253143e-02 0.000000000000000000e+00 1.105101255272263189e-01 3.785938514586691117e-02 1.356364107388593754e-01 0.000000000000000000e+00
1.135851320727927216e-01 0.000000000000000000e+00 1.098498139091718187e-02 5.132450848895261930e-02 6.314467081345158730e-03 8.057433445319469797e-03 1.352431892329244434e-01 1.448736237025219364e-01 1.960165476247164792e-02 4.661637429147794109e-02 5.938942975117465078e-03 3.343828605923295644e-02 0.000000000000000000e+00 0.000000000000000000e+00 4.997839661079164081e-02 0.000000000000000000e+00 1.001638426644606283e-01 0.000000000000000000e+00 1.134360701926792787e-02 1.933302695276242766e-02 0.000000000000000000e+00 1.004247360360823460e-01 0.000000000000000000e+00 1.221612637152864611e-01 2.061653349827493459e-02
0.000000000000000000e+00 1.707336332813081184e-03 1.206270013127479918e-01 6.333092654299471436e-02 1.298216119965974469e-01 0.000000000000000000e+00 1.809245976574500869e-01 4.862638466990899799e-02 1.062119976704634615e-02 0.000000000000000000e+00 0.000000000000000000e+00 7.237803093734006786e-03 0.000000000000000000e+00 1.696706047354707586e-04 1.285046384479970605e-01 2.177039193591180817e-03 9.216033736561976553e-03 5.564764748309389102e-03 0.000000000000000000e+00 0.000000000000000000e+00 0.000000000000000000e+00 1.182160421928000376e-03 1.316787250756613070e-01 1.456003304531234277e-01 1.300977594479958005e-02
8.290447955472305492e-04 1.228380776317105766e-01 1.359786895069522716e-01 4.910548536364701608e-03 3.110399461316697752e-03 0.000000000000000000e+00 6.341209066182962317e-02 1.292511930358740402e-01 1.277990918307585766e-01 7.403406769875762496e-03 0.000000000000000000e+00 1.443822758748680435e-01 0.000000000000000000e+00 0.000000000000000000e+00 1.047377135877917975e-02 0.000000000000000000e+00 0.000000000000000000e+00 7.359103389472657552e-04 4.999783855434746307e-04 7.268374722170467539e-02 0.000000000000000000e+00 5.773504052731632044e-03 0.000000000000000000e+00 1.480146722147159810e-01 2.190359832248005290e-02
2.543576304367724684e-03 2.070549912640705023e-02 1.588435891339684825e-01 3.895664120340566750e-02 1.970997208893087924e-02 0.000000000000000000e+00 0.000000000000000000e+00 1.435954211000201319e-01 5.713769063611921079e-02 9.389100341271964731e-03 1.094134309097831784e-02 1.358817820408095289e-01 0.000000000000000000e+00 0.000000000000000000e+00 7.164386916851443743e-02 0.000000000000000000e+00 2.553177302953260359e-03 6.092187721116681248e-02 4.594760033237057367e-02 9.842620931189560718e-02 0.000000000000000000e+00 0.000000000000000000e+00 1.019557085044395933e-03 4.461900556515441263e-02 7.716408895662155154e-02
0.000000000000000000e+00 1.449328432390835537e-02 2.275867501330248455e-01 4.350449836927447467e-02 1.149848271174833125e-01 0.000000000000000000e+00 1.564005027637250037e-02 1.937414518183804280e-01 6.478387085051610927e-02 3.609307798229446917e-02 4.208496513462867648e-03 1.383500025072119943e-01 0.000000000000000000e+00 0.000000000000000000e+00 1.757775567054786423e-02 0.000000000000000000e+00 2.877870067101601006e-03 0.000000000000000000e+00 0.000000000000000000e+00 0.000000000000000000e+00 0.000000000000000000e+00 1.151089898938064933e-03 2.468265328201253803e-03 0.000000000000000000e+00 1.225387091432818681e-01
0.000000000000000000e+00 0.000000000000000000e+00 1.252509179415451923e-01 2.315403467285072625e-01 1.902216935069439910e-02 1.104127082661721972e-03 1.790796996660428964e-01 2.187603062165844880e-01 1.499388627906731060e-02 0.000000000000000000e+00 3.018069331345909004e-02 1.383862464631399440e-02 0.000000000000000000e+00 6.773109358646944205e-04 0.000000000000000000e+00 1.116532406490471259e-02 0.000000000000000000e+00 0.000000000000000000e+00 0.000000000000000000e+00 0.000000000000000000e+00 4.189015204526693034e-04 8.480204485410199750e-04 0.000000000000000000e+00 2.420929297007061790e-02 1.289103788352899960e-01
0.000000000000000000e+00 3.503425538975277892e-02 2.851338339504181363e-01 6.452247533323277051e-02 0.000000000000000000e+00 1.198069379116454558e-01 5.990547897821085072e-02 3.613381792375145590e-02 0.000000000000000000e+00 0.000000000000000000e+00 8.157500885004781085e-03 1.449120226937521960e-01 3.139899247412353267e-02 0.000000000000000000e+00 8.493239650990165590e-02 0.000000000000000000e+00 0.000000000000000000e+00 0.000000000000000000e+00 4.991793512852592957e-02 1.779526459683529807e-02 0.000000000000000000e+00 0.000000000000000000e+00 0.000000000000000000e+00 0.000000000000000000e+00 6.234908822484527824e-02
6.533010404440588344e-03 1.462062303326959120e-02 1.408807391542987175e-01 1.366139775692081226e-01 1.089490717603011777e-01 1.765984917638431170e-02 1.562974190728635693e-01 1.438748528682669836e-01 2.254931732448770335e-02 0.000000000000000000e+00 0.000000000000000000e+00 0.000000000000000000e+00 0.000000000000000000e+00 0.000000000000000000e+00 7.865558525693944203e-02 0.000000000000000000e+00 0.000000000000000000e+00 8.763759315489297319e-03 1.172731563930291682e-01 3.079838835711807155e-03 0.000000000000000000e+00 0.000000000000000000e+00 0.000000000000000000e+00 1.597287265357680980e-02 2.827592718173259356e-02
2.185909383977465044e-03 1.042544195087450193e-01 1.584692739108088111e-01 1.559960259769535285e-01 0.000000000000000000e+00 6.658725541846462767e-04 1.571573857513850481e-01 1.564487333324547647e-01 2.853036515578737456e-02 6.836941583506055131e-03 0.000000000000000000e+00 0.000000000000000000e+00 0.000000000000000000e+00 0.000000000000000000e+00 1.035370946914981882e-02 0.000000000000000000e+00 0.000000000000000000e+00 0.000000000000000000e+00 0.000000000000000000e+00 0.000000000000000000e+00 0.000000000000000000e+00 1.860075268117270322e-02 0.000000000000000000e+00 5.566859906854693119e-02 1.448320116233277888e-01
1.143218797632252203e-04 7.912569965347089965e-03 0.000000000000000000e+00 0.000000000000000000e+00 1.529260976003502803e-01 6.177864718185254247e-03 1.885893356699629153e-01 0.000000000000000000e+00 1.033177851199227129e-02 1.550995949095248898e-02 0.000000000000000000e+00 4.457774165364659230e-02 0.000000000000000000e+00 0.000000000000000000e+00 8.532654022538471716e-02 3.077088623676268574e-03 0.000000000000000000e+00 1.339859192241310004e-01 9.495571653619762353e-02 1.844676533306002179e-03 0.000000000000000000e+00 7.243574461357354249e-03 0.000000000000000000e+00 1.244699359129924632e-01 1.229568789927545092e-01
0.000000000000000000e+00 1.377586344143530775e-02 1.928302166391112349e-01 1.021200487732638667e-03 5.780957681744330889e-02 1.202840337816727008e-03 0.000000000000000000e+00 9.406974416903543523e-02 7.117370419097467094e-02 3.182352580497509187e-02 3.773543558989552599e-02 2.331341866205504099e-01 0.000000000000000000e+00 0.000000000000000000e+00 0.000000000000000000e+00 0.000000000000000000e+00 0.000000000000000000e+00 4.296071208932277646e-02 0.000000000000000000e+00 8.662697197488104794e-02 0.000000000000000000e+00 6.860067625771926539e-03 1.523095371457084714e-02 4.084713674073981587e-02 7.289786375574322519e-02
0.000000000000000000e+00 0.000000000000000000e+00 1.417508884913296074e-01 1.001159294675219441e-01 1.357743123494680459e-01 0.000000000000000000e+00 2.365213588772856479e-01 1.436196309219242573e-01 5.907370222076847172e-02 8.215967313448183096e-02 0.000000000000000000e+00 0.000000000000000000e+00 0.000000000000000000e+00 0.000000000000000000e+00 1.293985737459646401e-02 0.000000000000000000e+00 0.000000000000000000e+00 0.000000000000000000e+00 0.000000000000000000e+00 2.926036882762350980e-02 1.878195710368816065e-02 1.037588068354021106e-02 0.000000000000000000e+00 0.000000000000000000e+00 2.962644054777183872e-02
1.634152156037726317e-02 8.564382238538401429e-03 3.932547255515355528e-02 2.626904349303172889e-02 1.261925128873667423e-01 4.824623040667264801e-02 0.000000000000000000e+00 1.509633401424240184e-01 1.180333699642649795e-03 2.130268304626543041e-01 2.399607037914700241e-03 2.248246832411223903e-02 0.000000000000000000e+00 0.000000000000000000e+00 4.332283186878223280e-02 0.000000000000000000e+00 1.142732597109683695e-02 0.000000000000000000e+00 1.154355321082121549e-01 2.422565580171859995e-02 0.000000000000000000e+00 9.269091490809573675e-02 1.131163403459818639e-02 0.000000000000000000e+00 4.659436249960793863e-02
0.000000000000000000e+00 3.646116858414630291e-02 1.028233427244639314e-01 1.584825382150154005e-01 0.000000000000000000e+00 8.948884662252184347e-03 1.394908614136383847e-02 1.653611615622427866e-01 1.050743810936876216e-01 1.201830820887047138e-02 0.000000000000000000e+00 9.961771611397156334e-03 0.000000000000000000e+00 0.000000000000000000e+00 1.130842296312477568e-01 2.599579376021669830e-03 8.958184338183705978e-03 0.000000000000000000e+00 1.118523117386940186e-01 1.239234375575629446e-02 0.000000000000000000e+00 1.305515258697003411e-01 0.000000000000000000e+00 0.000000000000000000e+00 7.481182486956446803e-03
0.000000000000000000e+00 6.450297042973163197e-02 4.932590782100463450e-02 1.377330506562617629e-01 1.113681629477393693e-02 1.014512030602070930e-01 4.288418040675477660e-02 0.000000000000000000e+00 6.118831828652273458e-03 1.370398697774070917e-01 0.000000000000000000e+00 4.230054431568189971e-02 0.000000000000000000e+00 1.730749763043168269e-04 1.017392049259053660e-01 8.655609010847706286e-04 5.753477785060469654e-03 1.284322983659758333e-01 1.790682900168323252e-02 0.000000000000000000e+00 0.000000000000000000e+00 0.000000000000000000e+00 0.000000000000000000e+00 6.876112102853825479e-03 1.457600673506571631e-01
0.000000000000000000e+00 0.000000000000000000e+00 1.322809040602520858e-01 9.793588701460008775e-03 1.172427201092480359e-01 4.655949941723140639e-02 1.227251493874676885e-01 1.525080794016235308e-01 4.362257754277205218e-02 2.130532003783935924e-02 0.000000000000000000e+00 9.040105995265601546e-02 0.000000000000000000e+00 1.715741224257284845e-04 4.922403409268169550e-02 1.017333642204582694e-02 0.000000000000000000e+00 0.000000000000000000e+00 0.000000000000000000e+00 5.546902042372094804e-03 0.000000000000000000e+00 0.000000000000000000e+00 1.003331752374174955e-02 8.537571348817636976e-03 1.798743658373650744e-01
0.000000000000000000e+00 8.430533809969388559e-02 1.311749897430956359e-02 0.000000000000000000e+00 1.029659349311177058e-01 5.654207359105661163e-02 1.522969301651976200e-02 1.624506381676194267e-01 2.877627228755900643e-02 1.001781176997366546e-01 1.535214518769271140e-02 1.472264501611787457e-01 0.000000000000000000e+00 2.670959151121768838e-03 2.208018000829286773e-02 0.000000000000000000e+00 2.268534639019422882e-03 8.739611406598585264e-02 0.000000000000000000e+00 2.333031609524548536e-02 0.000000000000000000e+00 0.000000000000000000e+00 3.138883619587384821e-02 0.000000000000000000e+00 1.047208977279764641e-01
0.000000000000000000e+00 1.241588810556753728e-02 1.226548544782889022e-01 2.340858021098511932e-01 4.318075977285060207e-02 0.000000000000000000e+00 1.806175339433322147e-01 1.608897283670059908e-01 2.623815956363270696e-02 5.240963302580123676e-03 0.000000000000000000e+00 3.355729951998911564e-04 5.354835958254814781e-05 0.000000000000000000e+00 4.168180916684181316e-03 0.000000000000000000e+00 3.004434209275817780e-02 1.825550017166233455e-02 0.000000000000000000e+00 0.000000000000000000e+00 0.000000000000000000e+00 0.000000000000000000e+00 0.000000000000000000e+00 2.444882394658483282e-02 1.373703418744186555e-01
1.927160774934988038e-02 1.645265956056032181e-02 6.191972905042876507e-02 0.000000000000000000e+00 0.000000000000000000e+00 0.000000000000000000e+00 2.611413555118925478e-01 3.759532102731269997e-03 3.609450146294180400e-02 1.100113229339390736e-01 5.998919714288774435e-02 7.815209933919860241e-02 0.000000000000000000e+00 0.000000000000000000e+00 9.020585860324492611e-02 4.606652727045525142e-02 8.457830951908433970e-04 2.023783143610370910e-03 1.595381666992191569e-02 0.000000000000000000e+00 0.000000000000000000e+00 0.000000000000000000e+00 0.000000000000000000e+00 0.000000000000000000e+00 1.981122263636466152e-01
6.461647393413746075e-03 1.320380706098601697e-01 1.401615445032320939e-01 1.557069999040690267e-01 4.698409939793565110e-02 0.000000000000000000e+00 1.634392015924010788e-01 1.573508578194312002e-01 0.000000000000000000e+00 0.000000000000000000e+00 3.391437866408569205e-03 2.461822850345072797e-02 0.000000000000000000e+00 2.877403631396319942e-03 3.324607180729205946e-04 0.000000000000000000e+00 6.970569879482743821e-03 9.645714756144948415e-03 1.056463989335189868e-01 1.485123348293648782e-02 0.000000000000000000e+00 2.502615227498039205e-03 0.000000000000000000e+00 0.000000000000000000e+00 2.702151578074735855e-02
1.548308373873993338e-01 0.000000000000000000e+00 2.366571650256431639e-02 0.000000000000000000e+00 4.006181256290665404e-02 0.000000000000000000e+00 0.000000000000000000e+00 6.611671656866489888e-02 2.074632979912954117e-02 1.435786582689912716e-01 0.000000000000000000e+00 2.134625076523329334e-01 1.352159552628962903e-03 0.000000000000000000e+00 1.036375571359166720e-01 6.119005082797165235e-03 1.345335002128147245e-02 0.000000000000000000e+00 2.397030691027469702e-03 0.000000000000000000e+00 0.000000000000000000e+00 0.000000000000000000e+00 6.477973839938996892e-02 1.058146002365170819e-03 1.447404343726041709e-01
0.000000000000000000e+00 0.000000000000000000e+00 8.903106311898592584e-02 0.000000000000000000e+00 1.950742029138657074e-01 5.275563329408159557e-02 1.753556297518906182e-01 1.691386042498222997e-01 1.739432869176648581e-03 0.000000000000000000e+00 0.000000000000000000e+00 0.000000000000000000e+00 1.742885711815090602e-03 0.000000000000000000e+00 8.316505312348584922e-02 2.445514365618002561e-02 0.000000000000000000e+00 2.001810388129791896e-02 1.301052427142643242e-01 0.000000000000000000e+00 0.000000000000000000e+00 0.000000000000000000e+00 0.000000000000000000e+00 2.129217343663385512e-02 3.612683127850022796e-02
0.000000000000000000e+00 2.158514290171055158e-02 9.337631506109499158e-02 1.381741812431778182e-01 4.997125003686803818e-02 0.000000000000000000e+00 2.681916748672681650e-02 1.600196847194938765e-01 6.075405823520101112e-02 1.179200261660863780e-01 0.000000000000000000e+00 0.000000000000000000e+00 0.000000000000000000e+00 0.000000000000000000e+00 7.354394148183096211e-03 0.000000000000000000e+00 1.710672932615247286e-03 2.908622522179562207e-03 0.000000000000000000e+00 6.212110584149480377e-03 0.000000000000000000e+00 1.533719798529261935e-01 0.000000000000000000e+00 1.324990582882557000e-01 2.732333582133135430e-02
1.940610074025097415e-03 9.949856765898727751e-02 1.744833876527185912e-01 1.148712870164738387e-01 1.079857534877406988e-01 4.495883692262035887e-03 1.802736974135348558e-01 0.000000000000000000e+00 9.768210339456634417e-02 5.343938489560269393e-03 0.000000000000000000e+00 1.539948628596760766e-02 1.337393049360055845e-03 0.000000000000000000e+00 6.010737400221126576e-03 0.000000000000000000e+00 3.827217269759145696e-02 1.197805138524710329e-02 8.219608484446878222e-03 8.856975959418052213e-02 0.000000000000000000e+00 0.000000000000000000e+00 0.000000000000000000e+00 2.157811621652913625e-02 2.205944600658709537e-02
5.313088649046485493e-03 0.000000000000000000e+00 3.307587233832549600e-01 5.503842505465533080e-02 7.780610110290770744e-03 0.000000000000000000e+00 1.481644522795257657e-01 2.109038249178646351e-02 1.386449020188926795e-01 0.000000000000000000e+00 0.000000000000000000e+00 0.000000000000000000e+00 0.000000000000000000e+00 0.000000000000000000e+00 1.330721786040462151e-01 0.000000000000000000e+00 1.198457910077862197e-02 0.000000000000000000e+00 4.529048404491411647e-03 0.000000000000000000e+00 0.000000000000000000e+00 8.572895178878610356e-03 0.000000000000000000e+00 1.350507147243526773e-01 0.000000000000000000e+00
0.000000000000000000e+00 2.930502888529893171e-02 7.028141234275478433e-02 1.016673336621960917e-02 0.000000000000000000e+00 0.000000000000000000e+00 1.624610604852056162e-01 0.000000000000000000e+00 1.367675279730467264e-01 2.260835752257576645e-03 0.000000000000000000e+00 2.031302809276307880e-02 0.000000000000000000e+00 0.000000000000000000e+00 6.478269598657181161e-02 0.000000000000000000e+00 1.689032910354436035e-01 1.334279363624028547e-01 1.802989370937664495e-04 1.294024533773473033e-02 0.000000000000000000e+00 2.198722015047084415e-03 0.000000000000000000e+00 1.375547745641393094e-01 4.845640886402047959e-02
0.000000000000000000e+00 1.339091568448533840e-03 7.904010956938396781e-02 1.398991571468548023e-01 1.232868589071896975e-01 1.100997151916326827e-01 5.666020608371227785e-02 0.000000000000000000e+00 6.449760429909266735e-02 1.229357077880360166e-01 0.000000000000000000e+00 1.395727003306682784e-02 0.000000000000000000e+00 0.000000000000000000e+00 0.000000000000000000e+00 0.000000000000000000e+00 0.000000000000000000e+00 0.000000000000000000e+00 8.080919120752622087e-03 3.381039656654865103e-04 0.000000000000000000e+00 0.000000000000000000e+00 1.212184433170778591e-01 0.000000000000000000e+00 1.586468130090864237e-01
0.000000000000000000e+00 0.000000000000000000e+00 1.189119560141631698e-01 0.000000000000000000e+00 0.000000000000000000e+00 2.122239226519655533e-02 1.674123578493144360e-01 1.857500011212245838e-01 7.881064615611336338e-03 0.000000000000000000e+00 0.000000000000000000e+00 7.732413146215333377e-02 0.000000000000000000e+00 0.000000000000000000e+00 1.961787306789134488e-01 0.000000000000000000e+00 0.000000000000000000e+00 0.000000000000000000e+00 0.000000000000000000e+00 6.570339691511747904e-02 0.000000000000000000e+00 7.952917625908000054e-02 0.000000000000000000e+00 4.601913080516600169e-02 3.406766201405969641e-02
0.000000000000000000e+00 0.000000000000000000e+00 1.242997180463354875e-02 3.413891074001714626e-02 1.193132473688972555e-03 1.143675335584710268e-01 1.271891197119740316e-02 0.000000000000000000e+00 1.092704618400546085e-01 4.413334043159675146e-02 0.000000000000000000e+00 1.538867927348414599e-01 0.000000000000000000e+00 0.000000000000000000e+00 4.507290845555760733e-02 0.000000000000000000e+00 8.436850312382216527e-03 9.694897783856371021e-02 1.412857394282440726e-01 1.228479166491577325e-02 0.000000000000000000e+00 1.485801505485820871e-02 1.642212754385245777e-02 3.869747801243673957e-02 1.438540561346883517e-01
0.000000000000000000e+00 0.000000000000000000e+00 2.718688302845390092e-01 3.997097762852910158e-02 1.429769892407932730e-01 0.000000000000000000e+00 5.796259188797357742e-02 3.732160461293646675e-02 2.060494625861505891e-02 7.010575892655313002e-02 0.000000000000000000e+00 1.560375414615484124e-01 0.000000000000000000e+00 0.000000000000000000e+00 1.062438815000836013e-02 0.000000000000000000e+00 0.000000000000000000e+00 0.000000000000000000e+00 0.000000000000000000e+00 5.662532278744191599e-02 0.000000000000000000e+00 0.000000000000000000e+00 0.000000000000000000e+00 1.359010487610615991e-01 0.000000000000000000e+00
0.000000000000000000e+00 1.230972361378226704e-03 2.011083922696601800e-01 0.000000000000000000e+00 1.244749486958629664e-01 0.000000000000000000e+00 1.797597672587206499e-02 1.560377412283698098e-02 8.829639185851776914e-03 1.469773646486852939e-03 0.000000000000000000e+00 5.271635969920183268e-02 0.000000000000000000e+00 1.169072640941629148e-03 1.471836234781962183e-01 0.000000000000000000e+00 0.000000000000000000e+00 1.338112443725365253e-01 0.000000000000000000e+00 1.619980760948457055e-02 6.985921699107058673e-03 0.000000000000000000e+00 0.000000000000000000e+00 1.307954926654165684e-01 1.404450008271664330e-01
