7.793719007034345669e-02 1.355100101740188412e-01 3.094665153236299260e-02 9.353754202158170994e-03 5.759362523665188111e-03 1.110730701711180463e-01 1.874403108611232341e-02 1.047204005439730107e-01 2.894477365958789475e-02 2.648159294929248314e-03 0.000000000000000000e+00 3.731910274809200484e-02 6.658145227556430592e-04 0.000000000000000000e+00 1.657476220544607274e-03 1.143736147139911815e-03 2.290109697676205938e-02 1.061873982633474434e-01 1.975626872540767742e-01 1.069252846090123360e-01
1.359384488313762629e-02 0.000000000000000000e+00 2.328206551100296326e-02 1.249903265802815647e-02 9.302856276979304395e-02 1.353652267824268507e-01 1.263478149056521671e-01 9.838072366957764658e-02 1.565970848836434060e-01 1.669004286158272561e-04 0.000000000000000000e+00 1.420579289882121232e-01 8.560400937860456957e-03 3.813656688547038300e-03 1.732167085485497582e-02 2.492985847485235714e-03 0.000000000000000000e+00 6.006203803324417639e-02 1.661024063400818977e-03 1.047690380945174859e-01
5.017877439133891504e-02 8.804451345785677119e-02 1.023176398664339820e-01 1.147352361248884234e-01 1.629553150394694172e-01 1.975911648861317441e-02 9.814655021574432425e-02 4.012400073473325335e-02 1.867054522615837694e-02 6.961171405516161387e-04 7.078170521821843713e-04 8.502261999052362212e-03 1.585716453713103061e-02 2.619011390914690804e-02 0.000000000000000000e+00 6.615509473645751412e-04 7.948195648462447497e-04 1.108103901086728155e-01 7.394565998314016168e-03 1.334535071975017084e-01
8.475151399553149459e-03 1.907552853621937577e-02 4.263741789766474499e-02 1.990411235014362956e-01 1.759110064571150003e-02 1.013738156201613450e-01 9.769297427210055229e-02 5.442030604458359538e-02 1.738973121001416988e-01 7.264169260236166825e-02 1.556006457715264314e-03 9.883547222069489005e-03 0.000000000000000000e+00 6.207356724859214997e-02 5.886096265066859470e-03 3.270919845016666619e-03 2.296631863670609355e-03 0.000000000000000000e+00 1.190882849921409831e-01 9.098523485794105317e-03
0.000000000000000000e+00 3.768550565506949973e-02 5.388772183616177130e-02 2.992701530761880391e-01 2.827355046496001639e-02 2.291039405019267700e-02 2.025899183853834343e-02 1.967400889436629330e-01 0.000000000000000000e+00 0.000000000000000000e+00 0.000000000000000000e+00 1.295837208713764843e-01 0.000000000000000000e+00 1.592161882385313395e-03 1.811067567231350317e-02 1.637622434678127556e-02 3.282597519293583123e-04 1.467268986401703244e-03 1.689213968157050605e-01 4.593885808334060086e-03
1.088218694199320630e-01 5.523604967994277110e-02 0.000000000000000000e+00 2.111082590483800980e-01 1.650293906251776854e-01 1.456728176352902748e-01 1.629707563565121337e-02 1.991928069507829802e-01 2.930569555585406730e-02 0.000000000000000000e+00 0.000000000000000000e+00 3.938166846370502738e-02 0.000000000000000000e+00 8.321298286534255283e-04 2.796443480901423737e-03 9.845905687981064761e-03 0.000000000000000000e+00 1.669408656292500860e-03 1.049388242846891958e-02 4.316596902986558591e-03
2.917877546611881423e-02 1.543016930828964295e-01 0.000000000000000000e+00 8.735909198391312094e-03 1.602468089401450635e-01 9.588461463361324516e-03 1.787734743624908723e-02 9.613130825963005568e-04 1.479442285851034766e-01 1.144328237572048504e-02 8.817547557689642311e-04 1.358424478069871766e-01 0.000000000000000000e+00 5.978945863916042269e-02 5.514198654337115410e-03 1.060017466938724048e-02 2.665290265599657218e-02 2.112478487488101131e-01 7.320280348054852490e-03 1.873114090915361336e-03
9.722819563614364113e-02 1.695066704040575079e-02 2.336796333765283132e-02 8.399167236153356336e-03 1.641722154851917581e-01 0.000000000000000000e+00 3.619642176109390957e-02 1.519958536025959872e-01 2.488739599890600965e-03 0.000000000000000000e+00 0.000000000000000000e+00 0.000000000000000000e+00 5.464207369015007532e-02 1.456938620839397514e-01 0.000000000000000000e+00 0.000000000000000000e+00 0.000000000000000000e+00 0.000000000000000000e+00 1.523268794661979120e-01 1.465379610605843930e-01
1.138849741919913984e-02 3.957801667841089154e-06 6.387972117604266611e-04 4.713276662903802955e-02 1.754879167793131356e-01 1.810991690816740052e-01 1.150386132546081693e-02 1.496882710539706174e-01 5.763921439446027806e-02 8.144403464365004841e-02 0.000000000000000000e+00 1.917866005071586222e-02 4.465038253240113941e-02 0.000000000000000000e+00 9.880042924963705619e-02 1.008177224560657601e-02 1.064189019868447099e-02 7.155556560777996677e-02 1.326205636574765735e-02 1.580275740923296063e-02
4.766594380194387991e-03 2.736058996880945116e-01 5.315377714472360737e-02 3.308493381894159896e-02 1.551052999084034101e-01 1.541094311351697554e-01 3.807094756950525714e-03 2.812170631732720597e-02 0.000000000000000000e+00 5.718180758389188913e-04 3.002044898154325047e-04 3.477184126613445253e-02 1.044961104538359442e-01 0.000000000000000000e+00 3.155234310641555264e-03 1.704889253787008783e-03 3.862584774438530735e-03 6.630247309179044049e-03 3.573610849621186841e-03 1.351787220669027900e-01
2.181073982564711404e-03 5.073695044399281068e-02 2.449228924959231599e-02 1.314587575954250520e-01 1.910350590557088196e-02 8.484679232517204628e-02 1.522191983375430491e-01 1.255365621083080925e-02 1.170719848596621926e-01 0.000000000000000000e+00 0.000000000000000000e+00 1.134901188541598133e-01 1.475671285258446652e-02 3.440833428336402284e-03 1.336924379614444769e-01 0.000000000000000000e+00 0.000000000000000000e+00 1.282636898829927763e-01 7.434692306763207408e-03 4.257305803364909609e-03
1.868902605589354282e-01 1.033182298094497964e-01 3.046841906027674893e-02 8.336796357138095970e-02 4.451433034379414545e-03 4.862231677941983993e-02 4.726108556981574275e-03 3.725169742478221663e-02 7.307847931060366953e-02 0.000000000000000000e+00 0.000000000000000000e+00 1.422796520708327905e-01 1.420378279208840688e-02 1.480690795273345746e-02 1.450510475898515034e-02 8.066557709243700469e-03 2.043400636136055194e-03 1.241850254009030929e-01 9.657333479471329543e-03 9.807732709339621324e-02
1.200654790369899173e-02 8.537518296069504520e-02 0.000000000000000000e+00 1.079546985340569670e-01 3.661707495200915152e-02 1.325305544308541528e-01 2.543108952363245211e-03 1.582027414508977714e-01 1.810428839766370368e-01 1.544387986167228277e-02 0.000000000000000000e+00 1.436741720183864757e-01 7.851552854059562145e-03 5.840782774678187489e-02 0.000000000000000000e+00 1.194424985502661385e-03 2.768029989655379150e-02 1.061558413546129405e-02 0.000000000000000000e+00 1.885946534036977290e-02
1.588579358753729317e-03 1.383423091528543890e-02 9.895825248782885719e-02 3.392745178042499282e-02 1.877463611322092649e-02 1.543788736082530033e-01 1.256807659923423748e-01 2.634574949096792906e-01 6.542341457271868936e-03 3.637438821243825764e-03 0.000000000000000000e+00 1.332227550708184050e-01 6.088411369685683971e-02 6.849869397090796452e-02 7.042648362824170324e-03 1.239943618346379603e-03 6.904952807082278404e-03 1.426827028859541796e-03 0.000000000000000000e+00 0.000000000000000000e+00
2.118833894821167338e-03 1.225460628761493587e-01 3.482874623210473197e-03 7.408097680430217324e-02 6.857896386869146571e-03 1.271070607392060098e-02 4.843980060439135454e-02 2.519987699993317953e-01 1.610737505393970426e-01 5.887801999427524045e-03 7.354760144126777470e-03 1.398784292501159821e-01 1.491241960514656881e-03 6.460689955550084906e-02 0.000000000000000000e+00 1.059416947410583452e-03 6.772313664978309167e-02 2.203586643733763256e-02 5.485973876437405181e-03 1.166801376952487533e-03
6.607854582983026248e-02 1.009880230521899569e-01 4.937760896958387144e-03 4.925789100714472735e-02 1.267880052675564584e-01 4.310747132801619891e-02 1.125164339793733844e-03 7.031627456340969196e-02 1.004464758805756128e-02 6.421967422922615631e-02 0.000000000000000000e+00 3.784689004419732744e-02 3.509751967876836853e-02 1.218628971384896759e-01 6.448840663145993801e-02 6.682333350218089274e-02 5.842394397032044280e-03 1.335152130646090340e-03 9.504835755737881670e-03 1.203351126193045878e-01
1.604259851286689020e-01 0.000000000000000000e+00 2.925223017888537239e-03 0.000000000000000000e+00 1.570538229242661177e-01 1.458472815721844063e-01 1.287330856097298505e-02 1.622959712865051918e-01 5.165390417884599406e-02 6.669984250750961990e-03 0.000000000000000000e+00 5.615615393525911353e-02 3.274345053279648391e-04 0.000000000000000000e+00 1.280686162224657816e-02 4.848160068079847979e-03 7.996365068373753604e-02 0.000000000000000000e+00 1.371034546069747062e-01 9.048803658291177873e-03
8.702183197662299863e-02 1.488677532659644920e-01 6.613391252227055145e-04 8.489283903609173842e-03 8.863953676239707397e-03 4.002660357649437742e-03 2.659703026344342053e-02 3.414691290952435315e-02 1.481339469970084921e-01 0.000000000000000000e+00 4.103198438572956339e-03 5.701203991783929115e-02 7.134532498844883830e-02 0.000000000000000000e+00 8.181232162098898628e-04 2.239340763521530542e-03 5.697230162739498269e-03 1.136667053113755155e-01 1.345048777576911270e-01 1.438284469683167310e-01
1.002018388628886196e-02 6.999936188517183466e-02 1.873432102769069518e-02 1.171565518417780061e-01 9.318971069974190183e-03 0.000000000000000000e+00 1.062030720628009128e-01 5.567435983967739671e-02 6.282052743158551833e-02 0.000000000000000000e+00 1.752432518904965819e-02 6.503496368108958869e-02 5.774748103635658075e-02 5.170725120937185761e-03 1.288629657943882734e-01 1.824646467188314677e-02 1.077158202862365521e-01 1.233194259217767763e-01 0.000000000000000000e+00 2.645047925331476396e-02
2.163589873743560626e-02 8.736396915423351450e-02 9.126183032403568929e-02 1.729080870327885100e-01 1.767181721730158583e-01 9.619069797302558233e-03 3.470627507925062166e-02 5.818583827932860553e-02 0.000000000000000000e+00 7.348174220009684801e-03 0.000000000000000000e+00 2.958039491971375078e-03 0.000000000000000000e+00 1.207701010233744043e-01 7.736703325775190487e-02 8.276812585504220990e-04 2.541582975140347072e-03 0.000000000000000000e+00 2.004838372459869650e-02 1.157398634712122204e-01
2.650305689664178132e-03 2.306491491352670453e-02 0.000000000000000000e+00 1.369143817950299880e-01 5.610582692534761551e-02 1.475434111808440196e-01 3.795576552552651795e-03 1.757828303736292952e-01 2.428239194504825393e-01 1.462643995176408050e-02 0.000000000000000000e+00 9.744190875268799942e-03 4.629221536530766200e-03 0.000000000000000000e+00 4.327703638374660877e-03 2.926983235448736217e-03 0.000000000000000000e+00 0.000000000000000000e+00 3.014356079401544000e-02 1.449207330875204591e-01
8.871480163263992247e-02 7.856038114395140493e-02 2.145873629735791863e-02 2.497694787635125827e-02 1.413049098536194592e-01 1.513155272903569104e-01 8.231367422565508477e-04 1.536005806835540610e-01 2.403982770473196001e-02 0.000000000000000000e+00 0.000000000000000000e+00 3.214807635052276125e-02 8.743277474445103684e-03 0.000000000000000000e+00 1.196063051723626203e-01 0.000000000000000000e+00 0.000000000000000000e+00 3.654474134531343968e-03 1.315645382482240333e-02 1.378965638184963538e-01
1.327855040794257259e-04 1.128993352666888550e-01 4.762464823552912821e-04 1.975522787482974219e-01 1.677719138497628035e-02 2.118228490607286345e-03 7.209772450678990363e-02 0.000000000000000000e+00 1.550339675644645254e-01 8.956375685892394023e-03 6.944119147786144766e-03 4.584230689106482716e-03 7.329520303782496513e-03 1.342065247810745598e-01 1.153701165780613661e-03 7.580530942204828979e-06 1.597109343353751709e-02 9.267104407047999093e-02 1.497529278106895512e-01 2.133512443266922728e-02
0.000000000000000000e+00 2.149870051616754527e-02 5.827953106463498040e-03 8.033431787154848847e-02 1.648289359548166244e-01 2.960137951473117840e-02 1.125556791350369734e-01 1.667532634778487732e-01 1.000337283180620096e-01 2.517494604047145531e-03 0.000000000000000000e+00 2.929353607123741376e-02 0.000000000000000000e+00 1.304818073475660367e-01 0.000000000000000000e+00 1.342102198807536978e-02 0.000000000000000000e+00 0.000000000000000000e+00 8.066363145095635512e-02 6.218855064344270406e-02
5.004194357651615271e-02 8.328191826906689021e-02 2.775531384612239978e-03 1.195495515673732634e-01 1.462571248796274148e-01 1.377526736027080700e-01 1.041934250822192654e-01 2.772413473258129868e-02 1.475936006106846323e-03 0.000000000000000000e+00 1.658711014518653528e-04 0.000000000000000000e+00 4.950551047221892279e-03 7.040374471122219646e-02 2.138584623684536626e-02 7.715251047609120172e-02 3.831134394647633251e-02 0.000000000000000000e+00 5.757867491008378247e-02 5.699921846979611600e-02
9.208384471977849872e-02 3.110648753401519181e-02 1.854272811283973199e-02 3.858746278567060095e-02 2.738601067849930418e-02 7.288724913604280320e-02 3.271037465316763843e-02 1.260964094295907445e-01 1.598113972420951434e-01 6.748171682873708825e-03 0.000000000000000000e+00 9.843167093279882318e-02 1.355470594767184617e-03 1.200227734024151005e-01 1.154855950167740265e-02 1.215750864809182416e-02 4.614013236711958662e-04 9.233115765411532838e-02 1.007047901663666320e-03 5.672427406622602281e-02
2.478296219823807739e-02 1.260631512573492756e-02 2.778563626107971238e-02 1.375478707333338373e-02 1.698408417264615222e-01 1.506517448769116863e-01 1.105987240006590586e-02 1.700047238074557099e-01 1.106572067629670864e-01 2.135189465165288070e-02 0.000000000000000000e+00 4.603375172461714876e-03 0.000000000000000000e+00 5.147931824419845447e-03 1.398332343930102917e-01 0.000000000000000000e+00 1.056586650068680744e-01 4.067017201563855044e-03 1.954952727728695439e-02 8.644264240488567022e-03
5.402634369636866163e-03 1.245031248851988515e-01 2.385098439114084409e-02 1.320121318003547595e-01 3.126632693786199346e-02 1.663740769224977822e-01 4.163992094863324701e-03 3.924054783074263503e-02 3.696733667264596318e-02 8.261916845645328727e-04 0.000000000000000000e+00 2.714846244566859745e-01 9.258560593447820453e-02 0.000000000000000000e+00 9.439301099975929213e-03 0.000000000000000000e+00 0.000000000000000000e+00 3.514624961555167654e-02 1.559273607832271924e-02 1.114413522547808705e-02
7.646236762192408845e-03 1.655895180774325792e-01 0.000000000000000000e+00 3.814983868870241990e-02 1.055294717395632333e-02 1.574083123814043472e-02 8.062791206207624295e-02 2.378356846010683950e-02 5.545697403669896247e-02 6.027727213781938764e-02 1.546772938882935364e-02 2.239506125168591044e-01 3.947861656375507150e-02 0.000000000000000000e+00 1.723414562531733543e-02 2.637636581245125095e-02 3.529751239134845849e-03 1.207812475602619978e-01 5.557381769846278866e-03 8.979905088641913780e-02
1.555028075540239394e-03 1.650981115766596329e-03 7.604692352261856192e-02 2.232846745010700837e-02 4.824718886069433166e-02 1.589949256351539664e-01 4.885127556047068331e-02 1.710108452625462294e-01 1.270184839397713039e-01 2.093453680077771162e-02 2.149044871053408176e-02 2.811200834159186326e-02 4.475744381928014638e-03 3.278641398177102291e-04 1.316635495187453986e-01 4.215396083370560182e-03 8.158199607552012178e-02 7.677180525094194283e-03 3.013980579714354083e-02 1.367735020280798353e-02
3.401616880324190989e-02 3.365764925345381825e-02 9.200147222429211000e-03 2.494266405327808314e-02 1.721705484954079435e-01 1.517050279898841600e-02 3.569211040681200681e-02 1.419569063090818373e-01 2.722153163983761712e-02 7.949992485416246257e-02 1.428653780257190670e-04 2.146119009320178184e-01 0.000000000000000000e+00 5.113153555521122648e-03 7.886166816065577970e-03 0.000000000000000000e+00 0.000000000000000000e+00 4.880912513634930866e-02 1.734497067670446799e-02 1.325636636686226832e-01
0.000000000000000000e+00 1.401798942510274794e-03 6.660815709552092264e-04 1.688791120269173551e-01 0.000000000000000000e+00 1.331107912553666506e-01 1.272169056818815980e-01 1.591301537213717643e-01 1.399598654253765041e-02 4.829727448984978341e-04 0.000000000000000000e+00 1.416981717874514490e-01 6.567471386619648521e-02 0.000000000000000000e+00 1.358286423867883230e-01 7.495042553808180241e-03 0.000000000000000000e+00 1.489227651754485363e-02 3.324345688713647778e-04 2.919491583290038939e-02
1.062787545836065134e-01 0.000000000000000000e+00 1.886527621245521688e-02 2.601903896570822994e-02 2.405437293568231036e-02 1.292659881995958937e-01 1.988416484333946875e-03 2.368460318243379437e-01 1.192425504947340342e-01 1.527845948808921790e-04 6.516298283980117862e-04 4.796604002103989350e-02 2.621072292163173501e-02 0.000000000000000000e+00 1.761798916192741865e-03 3.462429546729781094e-02 0.000000000000000000e+00 8.747269196194078569e-03 8.178426829911558671e-02 1.355407610547949004e-01
0.000000000000000000e+00 1.279581401018100029e-01 7.653126962461111356e-03 0.000000000000000000e+00 1.941924086574368380e-01 1.552586931415168015e-01 8.979149394076486879e-02 1.475796090815390815e-01 9.308338303237048694e-02 2.868390461817728332e-02 0.000000000000000000e+00 1.770497665703912871e-02 7.391571340924187050e-02 1.084574527422870957e-02 3.208374347154835382e-02 0.000000000000000000e+00 2.582639454343709211e-03 1.304392366733891223e-02 4.784669905468812851e-03 8.378286247140718027e-04
1.348995035426393558e-03 1.194674339554476911e-01 1.006769547819372362e-01 1.505783861735372937e-02 7.506166484610794776e-02 1.409470618040985224e-01 2.394785094818975904e-02 1.400215920432001659e-01 9.734806144607491274e-02 2.987711062212738272e-02 0.000000000000000000e+00 3.735198404764133139e-03 0.000000000000000000e+00 0.000000000000000000e+00 0.000000000000000000e+00 5.701588698493655766e-03 6.082717479496690587e-07 1.205013403224277496e-01 1.259754689922795712e-01 3.312312103230998384e-04
6.422124770606676969e-02 1.289264626304205061e-02 1.115732462848582907e-02 1.228191874456609559e-02 2.672300990117025543e-02 3.070770843587062107e-02 1.973249306220962312e-02 1.218499764186375817e-01 1.520342401925862674e-01 0.000000000000000000e+00 1.208021587732301073e-03 1.340865576867155962e-01 8.370292342906225647e-02 7.216032207908439078e-02 0.000000000000000000e+00 1.878917008940769739e-02 8.201845738307554645e-02 6.328963639221670337e-03 2.370565754581405431e-03 1.477344529984838950e-01
9.773881085112248734e-03 1.465120739908242486e-01 7.387946202204368970e-03 1.334555217212423095e-01 1.348679858901304374e-01 1.439007496031403655e-01 1.127252828591172179e-02 6.344855682805209014e-03 2.547590469905442259e-02 0.000000000000000000e+00 0.000000000000000000e+00 6.216788631610653537e-02 2.070425961214554175e-02 8.935414721495523946e-03 1.348054657801717460e-01 1.946912586539839346e-03 6.312502742800655403e-03 9.359355445416595032e-02 0.000000000000000000e+00 5.254255662614883832e-02
2.376376456826465033e-02 1.629721495478215522e-04 1.552434840549915887e-02 7.867330451139468994e-02 6.909202850637714485e-03 5.698183528555456068e-02 7.052093146045582128e-02 1.208173742164180692e-01 2.228815478718828846e-01 2.786579361708953987e-03 6.939133030580733365e-03 1.452632404855825343e-01 0.000000000000000000e+00 0.000000000000000000e+00 4.043996496882812895e-03 0.000000000000000000e+00 0.000000000000000000e+00 3.091641511517209781e-04 6.563322859448655379e-03 2.378592822949892605e-01
8.978063883841955889e-03 0.000000000000000000e+00 1.155666375543280694e-01 6.307098695072937966e-02 1.847655671304239411e-01 1.558314184814156289e-01 1.426799390340372231e-01 1.246038988496516869e-01 0.000000000000000000e+00 0.000000000000000000e+00 0.000000000000000000e+00 0.000000000000000000e+00 0.000000000000000000e+00 0.000000000000000000e+00 1.389063206224416258e-01 1.905844940913252808e-02 9.250335500310629885e-03 1.867863801621208464e-02 1.711749271246074469e-02 1.492251855014579314e-03
2.923028245666614913e-02 2.724469472055220942e-01 2.518389586460928822e-02 2.440537396160940772e-02 1.641230385628676958e-01 2.222181024303010455e-02 1.406262631526472399e-02 1.138305562574638691e-01 0.000000000000000000e+00 0.000000000000000000e+00 0.000000000000000000e+00 0.000000000000000000e+00 1.660917997630125898e-04 6.093524499069048750e-02 2.416680161767747678e-03 3.327488580618164849e-04 2.018983626459676037e-02 0.000000000000000000e+00 1.182019602319344109e-01 1.322529068261524554e-01
