0.000000000000000000e+00 1.116838833561238364e-01 1.159942445122762733e-01 0.000000000000000000e+00 9.248201327595390042e-02 0.000000000000000000e+00 9.978022245867959258e-03 1.300154382209612811e-02 1.020579641066964027e-01 5.899759796308285884e-03 0.000000000000000000e+00 4.681141354949139993e-02 0.000000000000000000e+00 0.000000000000000000e+00 2.785684392228969242e-01 2.782935091046521286e-03 0.000000000000000000e+00 0.000000000000000000e+00 2.196051181149489412e-02 1.785162048784784405e-02 1.186768536795822140e-03 0.000000000000000000e+00 4.197782799442328211e-02 0.000000000000000000e+00 1.377630521906805239e-01
0.000000000000000000e+00 1.428354843336118382e-02 0.000000000000000000e+00 5.718403647464382483e-02 3.411889357118670120e-03 0.000000000000000000e+00 8.859457431788375506e-04 4.952229062060751336e-03 0.000000000000000000e+00 1.170475875703746310e-01 3.482213026425027419e-02 4.601770575100087163e-02 1.892657844352742356e-04 8.552530856875009777e-04 1.878650223081134163e-01 1.874818747781526146e-04 1.167152309562710794e-01 1.371778223755313886e-01 0.000000000000000000e+00 3.742303905387011774e-04 0.000000000000000000e+00 0.000000000000000000e+00 0.000000000000000000e+00 1.369627418474408387e-01 1.410678787212146235e-01
0.000000000000000000e+00 8.322907162414316939e-02 6.992143727050076363e-02 5.903554832085291387e-02 8.870790834849155010e-03 1.432110604778411289e-01 6.795224242751334021e-02 1.567271522310063198e-02 0.000000000000000000e+00 7.286896054356582775e-02 0.000000000000000000e+00 6.894481862336623856e-02 0.000000000000000000e+00 0.000000000000000000e+00 9.891399186678244415e-02 0.000000000000000000e+00 3.336704913572757780e-02 7.819086598994232085e-02 0.000000000000000000e+00 1.343898645173473849e-01 0.000000000000000000e+00 1.259310559664497502e-02 0.000000000000000000e+00 0.000000000000000000e+00 5.283847754782203254e-02
5.802862684012199262e-02 1.127371531952833274e-02 0.000000000000000000e+00 0.000000000000000000e+00 2.717768326043819571e-01 1.281622980156950919e-01 0.000000000000000000e+00 0.000000000000000000e+00 1.210714481520671348e-01 0.000000000000000000e+00 0.000000000000000000e+00 1.559112107954296056e-01 0.000000000000000000e+00 0.000000000000000000e+00 1.946496972065554776e-02 0.000000000000000000e+00 0.000000000000000000e+00 5.667220869389103660e-02 7.857864284152980437e-04 1.319194719912265140e-02 0.000000000000000000e+00 1.955893880031605789e-02 0.000000000000000000e+00 1.441020174303752621e-01 0.000000000000000000e+00
5.389506637327680372e-02 0.000000000000000000e+00 9.888541676156795308e-04 0.000000000000000000e+00 5.714998997343607653e-03 0.000000000000000000e+00 1.290018610701418322e-01 1.560896292613685732e-01 2.172937227890433740e-03 1.616279164384217815e-01 7.067820981182584839e-02 8.693675027381846110e-02 0.000000000000000000e+00 0.000000000000000000e+00 9.116340370660798442e-02 0.000000000000000000e+00 9.200626582558010802e-02 0.000000000000000000e+00 7.199183463562660104e-03 0.000000000000000000e+00 4.616783623559037909e-03 0.000000000000000000e+00 0.000000000000000000e+00 1.379081397589872748e-01 0.000000000000000000e+00
0.000000000000000000e+00 0.000000000000000000e+00 3.636243812514062396e-02 0.000000000000000000e+00 0.000000000000000000e+00 0.000000000000000000e+00 1.684365799584182644e-01 4.208886680828092391e-02 4.441845327471995869e-02 1.406530615904733883e-01 0.000000000000000000e+00 0.000000000000000000e+00 0.000000000000000000e+00 0.000000000000000000e+00 0.000000000000000000e+00 0.000000000000000000e+00 0.000000000000000000e+00 1.278832901192445692e-01 1.053242059583285040e-01 9.044876928182209175e-02 0.000000000000000000e+00 2.639229888747454331e-02 0.000000000000000000e+00 9.338349034597905052e-02 1.246085456501180300e-01
0.000000000000000000e+00 1.360752787303463052e-01 1.596589168522383473e-01 9.477628451606500554e-03 0.000000000000000000e+00 4.735732981486207721e-02 2.438488968415452041e-01 0.000000000000000000e+00 7.549474963239728893e-03 1.246031895266750018e-02 5.987131251809407750e-02 0.000000000000000000e+00 0.000000000000000000e+00 1.576288298550054812e-03 2.829386773044724121e-02 0.000000000000000000e+00 0.000000000000000000e+00 0.000000000000000000e+00 1.420867869152228451e-02 9.368040467183008646e-03 0.000000000000000000e+00 0.000000000000000000e+00 1.037770444880658366e-01 1.621280502857829278e-02 1.502641181710536178e-01
0.000000000000000000e+00 0.000000000000000000e+00 2.324152721812720035e-01 3.715637508492967284e-02 1.662127139167912937e-01 7.336704015845056485e-03 1.926036989430340157e-02 5.049204968377488112e-02 3.348194919644043727e-02 0.000000000000000000e+00 0.000000000000000000e+00 9.937742797808454126e-03 0.000000000000000000e+00 0.000000000000000000e+00 2.456658958337174792e-01 0.000000000000000000e+00 0.000000000000000000e+00 6.877347434211520706e-03 1.252531747783855540e-03 1.048533930581220797e-01 0.000000000000000000e+00 5.736084167401974028e-03 0.000000000000000000e+00 7.932157098759783087e-02 0.000000000000000000e+00
0.000000000000000000e+00 0.000000000000000000e+00 5.924906032003805778e-02 0.000000000000000000e+00 2.272512699334916786e-01 7.449753134617720547e-03 1.858367737599521952e-01 1.571539504354265981e-01 6.263872995544940078e-03 7.007757579463179398e-02 0.000000000000000000e+00 9.522017908382333570e-03 0.000000000000000000e+00 0.000000000000000000e+00 0.000000000000000000e+00 0.000000000000000000e+00 0.000000000000000000e+00 1.003597795267448661e-01 0.000000000000000000e+00 0.000000000000000000e+00 5.649769203894371671e-03 1.043681559304240059e-01 2.222880478894976100e-02 0.000000000000000000e+00 4.458921626790168097e-02
0.000000000000000000e+00 5.226113227878401157e-02 1.185815987372725588e-01 9.641605913525740090e-02 1.522470492990637275e-02 7.461144366725057722e-03 2.042767253835276187e-01 2.102969479874787218e-01 8.996762298416857706e-02 1.018413348083232681e-02 0.000000000000000000e+00 0.000000000000000000e+00 0.000000000000000000e+00 0.000000000000000000e+00 0.000000000000000000e+00 0.000000000000000000e+00 0.000000000000000000e+00 0.000000000000000000e+00 0.000000000000000000e+00 8.278203760380685450e-02 0.000000000000000000e+00 2.932004768992607299e-02 0.000000000000000000e+00 8.322784542231455307e-02 0.000000000000000000e+00
0.000000000000000000e+00 6.946868386810595153e-02 1.875441714263272608e-01 5.012750065198970373e-02 0.000000000000000000e+00 0.000000000000000000e+00 9.082880764699165221e-02 0.000000000000000000e+00 6.360798946013926369e-02 1.418029856289101387e-01 0.000000000000000000e+00 2.463316747345763724e-01 0.000000000000000000e+00 0.000000000000000000e+00 0.000000000000000000e+00 0.000000000000000000e+00 0.000000000000000000e+00 0.000000000000000000e+00 1.755070732661466806e-02 6.718459213740440861e-02 6.555288711894056985e-02 0.000000000000000000e+00 0.000000000000000000e+00 0.000000000000000000e+00 0.000000000000000000e+00
1.278164434551575315e-02 0.000000000000000000e+00 2.199913304749644416e-01 8.772666854165009354e-02 9.769054197779107607e-02 0.000000000000000000e+00 1.835280114258838191e-01 1.478743385735163951e-01 1.532700690424056156e-02 0.000000000000000000e+00 0.000000000000000000e+00 0.000000000000000000e+00 0.000000000000000000e+00 0.000000000000000000e+00 0.000000000000000000e+00 0.000000000000000000e+00 0.000000000000000000e+00 2.050450984891060736e-03 1.341361522452975963e-01 3.855504621659595378e-03 0.000000000000000000e+00 0.000000000000000000e+00 0.000000000000000000e+00 2.705378483113768731e-02 6.798456507345178312e-02
0.000000000000000000e+00 1.072343107830725506e-01 1.814974965404833884e-01 1.345548543197487013e-01 1.950900445096671529e-02 1.322860058656385729e-01 1.709376507257993061e-01 3.251129705805812925e-02 1.042391945945554503e-02 0.000000000000000000e+00 0.000000000000000000e+00 0.000000000000000000e+00 0.000000000000000000e+00 0.000000000000000000e+00 0.000000000000000000e+00 0.000000000000000000e+00 0.000000000000000000e+00 0.000000000000000000e+00 0.000000000000000000e+00 0.000000000000000000e+00 0.000000000000000000e+00 0.000000000000000000e+00 0.000000000000000000e+00 6.187545139904062491e-02 1.491700093977364749e-01
0.000000000000000000e+00 3.397738366724119968e-02 0.000000000000000000e+00 0.000000000000000000e+00 1.157502983412272979e-01 7.276560526898298055e-03 1.974045483264098011e-01 2.324207842647374456e-02 0.000000000000000000e+00 1.424236955664301141e-01 0.000000000000000000e+00 0.000000000000000000e+00 0.000000000000000000e+00 0.000000000000000000e+00 0.000000000000000000e+00 0.000000000000000000e+00 0.000000000000000000e+00 1.335300539570197231e-02 1.666509773653050419e-01 0.000000000000000000e+00 9.295992640283431627e-04 0.000000000000000000e+00 1.249424885912931715e-01 1.790878241466049847e-02 1.561405821143306283e-01
0.000000000000000000e+00 8.362416246439496534e-03 1.619619887003262426e-01 0.000000000000000000e+00 1.509966784102077242e-01 3.028749625767158601e-02 0.000000000000000000e+00 4.772994440956306213e-03 1.766853771746032531e-02 1.126754030135268259e-01 0.000000000000000000e+00 1.493997277046184013e-01 0.000000000000000000e+00 0.000000000000000000e+00 0.000000000000000000e+00 1.033564968897761199e-01 1.524315529859959079e-02 0.000000000000000000e+00 5.596789034347675112e-04 8.165340488296218835e-02 0.000000000000000000e+00 1.145337317852045400e-01 1.661538461956860863e-02 2.532653220220932450e-02 6.586372927037961213e-03
0.000000000000000000e+00 6.241192589535998585e-03 1.426489766221928357e-01 1.063841108023105657e-02 1.868121155627723851e-01 0.000000000000000000e+00 4.727708279810126368e-02 5.353469246494483441e-02 7.269345511031836959e-02 1.420695838107395026e-01 0.000000000000000000e+00 0.000000000000000000e+00 0.000000000000000000e+00 0.000000000000000000e+00 1.732542550269174919e-01 0.000000000000000000e+00 0.000000000000000000e+00 3.428275678444997476e-02 4.294355782531661565e-03 0.000000000000000000e+00 0.000000000000000000e+00 4.137087624527259998e-03 0.000000000000000000e+00 0.000000000000000000e+00 1.221160347427373838e-01
6.950166772432360071e-03 0.000000000000000000e+00 2.593274560755636296e-02 1.500194897811837902e-01 1.739779501580972221e-01 4.443399376483594260e-02 3.630562093274510710e-02 1.794416189929322336e-01 0.000000000000000000e+00 3.446350217507528069e-02 1.212659740061092575e-02 1.097792854194108714e-02 0.000000000000000000e+00 0.000000000000000000e+00 1.004645490072144688e-02 0.000000000000000000e+00 0.000000000000000000e+00 0.000000000000000000e+00 1.614112471228966172e-01 1.263732618906526495e-01 0.000000000000000000e+00 2.753942195831896381e-02 0.000000000000000000e+00 0.000000000000000000e+00 0.000000000000000000e+00
0.000000000000000000e+00 1.178416067639297682e-01 4.940159203183101116e-02 1.113343561541456188e-02 1.985823375082642894e-01 0.000000000000000000e+00 2.010715860051607087e-02 1.932227124084713032e-01 8.784321960978202712e-03 1.766258953172272078e-02 0.000000000000000000e+00 0.000000000000000000e+00 0.000000000000000000e+00 0.000000000000000000e+00 7.559267905606839588e-02 0.000000000000000000e+00 3.001785824143372861e-02 0.000000000000000000e+00 1.280405073635988433e-01 1.880880388312120878e-03 0.000000000000000000e+00 1.216825767542290271e-01 2.095243624878116717e-02 0.000000000000000000e+00 5.097307526448823477e-03
0.000000000000000000e+00 0.000000000000000000e+00 2.205537202371527991e-02 1.193670895113422975e-01 1.425274647731115119e-01 0.000000000000000000e+00 1.929040856682694427e-01 6.366635130183656566e-02 0.000000000000000000e+00 0.000000000000000000e+00 3.868808492596018719e-03 0.000000000000000000e+00 0.000000000000000000e+00 0.000000000000000000e+00 2.495655691153333688e-01 1.113954746048584354e-02 0.000000000000000000e+00 0.000000000000000000e+00 3.116803021805162124e-02 9.437194337120554874e-03 1.597947159883113645e-03 0.000000000000000000e+00 1.400160680883929002e-03 8.232724945630884653e-03 1.430696543117395136e-01
3.275522078513627700e-02 0.000000000000000000e+00 3.696839050165403456e-02 5.575691013923621958e-02 2.581362825094158375e-01 0.000000000000000000e+00 7.178668490713833311e-03 0.000000000000000000e+00 1.392637793429291927e-02 1.486181482164879164e-01 0.000000000000000000e+00 1.732940539572805361e-01 0.000000000000000000e+00 0.000000000000000000e+00 5.360281812421885395e-02 0.000000000000000000e+00 0.000000000000000000e+00 0.000000000000000000e+00 0.000000000000000000e+00 0.000000000000000000e+00 0.000000000000000000e+00 4.717012301405773544e-02 0.000000000000000000e+00 2.094123949106987265e-02 1.516517668364359417e-01
0.000000000000000000e+00 0.000000000000000000e+00 0.000000000000000000e+00 6.651372904419593224e-02 1.053600627072876217e-01 1.889945019041515406e-02 9.120419128495966740e-03 0.000000000000000000e+00 0.000000000000000000e+00 1.140452859145070774e-01 1.334275000925061287e-02 1.487066781490807288e-01 0.000000000000000000e+00 0.000000000000000000e+00 1.215178944673460729e-02 0.000000000000000000e+00 1.056547473353213334e-01 2.577076666269472738e-01 1.222063158873186277e-02 0.000000000000000000e+00 0.000000000000000000e+00 0.000000000000000000e+00 0.000000000000000000e+00 0.000000000000000000e+00 1.362767898590319660e-01
0.000000000000000000e+00 1.023884627332940223e-01 1.441009754639433760e-01 1.337352104026118815e-01 6.597333851361531984e-03 0.000000000000000000e+00 2.405616754755465075e-02 3.111338593165828559e-02 1.273845285321132358e-02 1.551585640585188275e-01 1.343100512853478068e-03 5.179065769861154744e-02 0.000000000000000000e+00 0.000000000000000000e+00 1.399531808444860470e-01 0.000000000000000000e+00 0.000000000000000000e+00 0.000000000000000000e+00 0.000000000000000000e+00 0.000000000000000000e+00 2.128078868229044043e-03 1.405206913863436650e-02 0.000000000000000000e+00 8.086153135462895158e-02 9.998282874040266555e-02
4.730731045206240659e-02 1.096255817780431158e-01 2.852261050167757828e-02 0.000000000000000000e+00 0.000000000000000000e+00 0.000000000000000000e+00 1.845446957409490052e-01 1.627289476303520610e-01 1.436982668755542314e-01 0.000000000000000000e+00 0.000000000000000000e+00 3.907484210160348803e-02 2.065502586750842320e-02 0.000000000000000000e+00 1.746640451465940325e-01 5.738685180966929950e-02 0.000000000000000000e+00 0.000000000000000000e+00 5.973442976200844801e-03 0.000000000000000000e+00 0.000000000000000000e+00 2.581837911978562827e-02 0.000000000000000000e+00 0.000000000000000000e+00 0.000000000000000000e+00
0.000000000000000000e+00 0.000000000000000000e+00 4.801989180301705767e-02 1.895961914052488734e-02 1.356176892390450472e-01 1.231629585405689259e-01 1.415542298506459740e-01 2.255263654313206800e-02 0.000000000000000000e+00 2.560043957904507839e-02 0.000000000000000000e+00 2.289475320256193977e-02 2.133867938942112658e-03 0.000000000000000000e+00 2.846187162239721680e-02 6.083815895973630804e-04 0.000000000000000000e+00 1.588344654739502204e-01 1.377291916274534511e-01 8.407541165025717023e-02 0.000000000000000000e+00 0.000000000000000000e+00 0.000000000000000000e+00 4.979459219886152310e-02 0.000000000000000000e+00
0.000000000000000000e+00 1.424204557993607144e-03 6.592579655231846358e-02 0.000000000000000000e+00 1.307049862774147808e-01 0.000000000000000000e+00 0.000000000000000000e+00 4.550595737693709231e-02 1.521174642251268971e-02 1.452963818389192696e-01 0.000000000000000000e+00 9.971387849156906208e-03 3.075065557666962070e-04 0.000000000000000000e+00 3.000297962965520759e-01 0.000000000000000000e+00 9.851486805975420702e-02 5.863016163104499065e-03 0.000000000000000000e+00 0.000000000000000000e+00 0.000000000000000000e+00 0.000000000000000000e+00 3.674195177542406016e-02 0.000000000000000000e+00 1.445024002741455427e-01
0.000000000000000000e+00 1.150985129869656065e-01 0.000000000000000000e+00 0.000000000000000000e+00 1.915984499780969963e-01 3.060474625647377489e-02 2.036851294283232860e-01 1.418526493937670163e-01 0.000000000000000000e+00 0.000000000000000000e+00 0.000000000000000000e+00 1.626733334344257487e-02 0.000000000000000000e+00 0.000000000000000000e+00 7.782688123575162709e-02 0.000000000000000000e+00 2.820659959853179244e-03 0.000000000000000000e+00 1.161017819828815724e-02 0.000000000000000000e+00 0.000000000000000000e+00 0.000000000000000000e+00 0.000000000000000000e+00 1.748968542174872687e-01 3.373860500155053538e-02
0.000000000000000000e+00 1.114226211632058233e-01 1.682893294364965209e-01 2.183221069775468509e-02 6.964875652570254316e-02 0.000000000000000000e+00 1.247005109829913728e-02 1.493162896593988043e-01 5.222372333792212745e-02 6.483898342499083006e-03 3.154770907532626623e-02 1.295396888734648977e-01 0.000000000000000000e+00 0.000000000000000000e+00 0.000000000000000000e+00 0.000000000000000000e+00 0.000000000000000000e+00 6.867791851295352613e-03 0.000000000000000000e+00 2.952774659357161949e-02 0.000000000000000000e+00 1.835776779705216091e-02 0.000000000000000000e+00 1.561404262918258401e-01 3.633198925618516539e-02
0.000000000000000000e+00 0.000000000000000000e+00 1.842581301562977447e-01 0.000000000000000000e+00 1.027462902821673907e-01 0.000000000000000000e+00 1.708301007576938646e-01 4.757624912818468610e-02 2.303937859631670707e-02 0.000000000000000000e+00 0.000000000000000000e+00 7.410799627990447003e-02 0.000000000000000000e+00 0.000000000000000000e+00 1.025498011649607494e-01 0.000000000000000000e+00 0.000000000000000000e+00 0.000000000000000000e+00 7.553223572538737308e-03 9.928182447560983392e-02 0.000000000000000000e+00 0.000000000000000000e+00 9.102075150229758937e-02 5.292678728232334817e-02 4.410946680170501483e-02
0.000000000000000000e+00 0.000000000000000000e+00 3.837322404879862231e-02 1.165115337886899003e-03 1.635071472396787406e-01 1.517486452162142285e-01 1.110912679821730170e-01 0.000000000000000000e+00 0.000000000000000000e+00 0.000000000000000000e+00 2.853786178711196705e-02 8.991683063677867460e-02 0.000000000000000000e+00 0.000000000000000000e+00 4.186168426545559124e-02 0.000000000000000000e+00 0.000000000000000000e+00 0.000000000000000000e+00 8.729188919890483803e-03 0.000000000000000000e+00 5.753090477902320088e-02 0.000000000000000000e+00 6.005766708396542003e-03 1.415843787370725804e-01 1.599479843415194946e-01
0.000000000000000000e+00 1.185481511124340248e-01 6.586988267786982910e-03 8.888248859303862770e-02 2.148198017601210194e-02 0.000000000000000000e+00 0.000000000000000000e+00 0.000000000000000000e+00 4.632980473404222158e-03 1.723115282441493035e-01 0.000000000000000000e+00 1.765912192308388418e-01 0.000000000000000000e+00 0.000000000000000000e+00 9.292258979363307581e-02 0.000000000000000000e+00 0.000000000000000000e+00 0.000000000000000000e+00 1.831753698046174016e-03 3.348967830347609250e-03 0.000000000000000000e+00 0.000000000000000000e+00 0.000000000000000000e+00 1.477091254829429878e-01 1.651522270973658779e-01
0.000000000000000000e+00 1.237678450819173076e-01 7.524460058646231797e-02 3.379882920183239787e-03 0.000000000000000000e+00 0.000000000000000000e+00 2.424111555713160115e-01 0.000000000000000000e+00 1.027221259386756902e-01 2.039226415104060386e-02 2.756081438139929788e-03 1.439226998761593823e-01 0.000000000000000000e+00 0.000000000000000000e+00 1.462410559013024598e-03 5.509462014602194840e-02 0.000000000000000000e+00 2.037582858271896891e-02 1.381042950296579586e-01 0.000000000000000000e+00 8.031333975506630210e-03 1.063019267429361932e-02 2.749232700760341833e-02 0.000000000000000000e+00 2.421233646129014594e-02
0.000000000000000000e+00 1.001777186939061259e-01 5.685209921886571344e-02 3.097777062019557801e-03 0.000000000000000000e+00 0.000000000000000000e+00 1.749835235541475353e-01 1.916905725276738803e-01 0.000000000000000000e+00 0.000000000000000000e+00 0.000000000000000000e+00 2.919147494680784244e-02 0.000000000000000000e+00 0.000000000000000000e+00 6.531769845969329948e-03 8.857053030929176729e-02 0.000000000000000000e+00 0.000000000000000000e+00 3.144363192754013464e-02 0.000000000000000000e+00 5.935959169893729494e-03 1.638061058441371435e-03 0.000000000000000000e+00 1.616038010990529517e-01 1.482830805863900037e-01
0.000000000000000000e+00 0.000000000000000000e+00 0.000000000000000000e+00 0.000000000000000000e+00 1.263964117208830062e-01 1.380308065488466684e-01 1.665475748954242108e-01 0.000000000000000000e+00 3.069455899205731850e-02 0.000000000000000000e+00 0.000000000000000000e+00 1.106397986000133560e-01 0.000000000000000000e+00 4.249971596254462775e-02 0.000000000000000000e+00 0.000000000000000000e+00 0.000000000000000000e+00 5.069345571753466895e-03 1.652775843095010966e-01 9.501609041626635568e-03 0.000000000000000000e+00 0.000000000000000000e+00 0.000000000000000000e+00 6.006634368096733928e-02 1.452762506763822514e-01
0.000000000000000000e+00 0.000000000000000000e+00 4.968493711555816914e-03 1.578636142124372477e-01 2.544837340918189306e-02 0.000000000000000000e+00 2.341253868831057461e-01 8.551032605596167735e-02 0.000000000000000000e+00 6.155591608078094662e-02 0.000000000000000000e+00 3.341957060494012144e-02 0.000000000000000000e+00 0.000000000000000000e+00 1.805861392200632182e-03 0.000000000000000000e+00 0.000000000000000000e+00 2.312576187010209061e-01 0.000000000000000000e+00 2.911673625754648484e-02 0.000000000000000000e+00 0.000000000000000000e+00 0.000000000000000000e+00 1.349281026912685921e-01 0.000000000000000000e+00
0.000000000000000000e+00 9.573995470718370260e-02 1.551251375205591754e-01 0.000000000000000000e+00 1.178250470327798713e-02 9.303740889503022901e-03 1.184975355404226105e-02 0.000000000000000000e+00 1.598381225034811812e-03 1.202609489819689813e-02 0.000000000000000000e+00 2.068495492895823518e-01 1.115541155659709183e-02 0.000000000000000000e+00 2.353574264390199608e-02 0.000000000000000000e+00 0.000000000000000000e+00 1.503258616918635715e-01 0.000000000000000000e+00 2.927193155818577294e-02 1.462553982483922287e-02 0.000000000000000000e+00 0.000000000000000000e+00 1.265916659097554853e-01 1.402187300274767845e-01
4.670533752918852415e-03 1.377864113867178185e-02 6.362185614171898818e-02 5.791294931485441860e-02 8.255018182885542899e-03 0.000000000000000000e+00 1.374190843654157224e-01 1.648083131243770760e-01 0.000000000000000000e+00 8.763624455066542848e-03 1.318748936092648677e-02 0.000000000000000000e+00 0.000000000000000000e+00 2.083626449744915496e-02 2.374739269946739006e-01 0.000000000000000000e+00 8.166095534026558689e-02 4.185050457373627741e-03 2.784200394957088084e-02 0.000000000000000000e+00 0.000000000000000000e+00 0.000000000000000000e+00 0.000000000000000000e+00 0.000000000000000000e+00 1.555842889238314708e-01
0.000000000000000000e+00 1.273441731275456179e-01 2.501085289358273567e-02 1.224707647948009986e-01 1.847846641455131236e-02 0.000000000000000000e+00 0.000000000000000000e+00 1.806114602562671478e-01 0.000000000000000000e+00 9.760578585354658110e-02 3.037711497089006039e-03 0.000000000000000000e+00 0.000000000000000000e+00 0.000000000000000000e+00 1.212945117270553819e-01 0.000000000000000000e+00 0.000000000000000000e+00 2.353755032971925273e-02 0.000000000000000000e+00 0.000000000000000000e+00 0.000000000000000000e+00 1.081355000437528441e-01 2.345384596564682733e-02 1.397499506560952731e-01 9.269426440346929807e-03
0.000000000000000000e+00 3.214791507277396654e-02 0.000000000000000000e+00 6.755518407948837845e-02 2.469163569966080149e-02 1.037627991114126180e-02 1.226291341935951962e-01 6.772883138866502006e-02 5.936608555768019832e-04 1.757332858441431342e-03 7.073213580955937940e-02 0.000000000000000000e+00 0.000000000000000000e+00 0.000000000000000000e+00 8.568587929378028434e-02 0.000000000000000000e+00 5.622118233144521651e-03 0.000000000000000000e+00 1.647859148474103419e-01 4.547125988164762989e-02 0.000000000000000000e+00 9.686609329402519689e-03 1.118436082384282881e-01 2.547708632191972647e-02 1.532154139853644237e-01
0.000000000000000000e+00 1.589078034830103403e-02 3.982065194001330188e-02 0.000000000000000000e+00 2.323058539321758709e-01 0.000000000000000000e+00 1.603966223063280350e-01 0.000000000000000000e+00 1.118932812580467930e-02 1.465759505788266637e-01 0.000000000000000000e+00 3.720512751670543294e-02 0.000000000000000000e+00 0.000000000000000000e+00 1.222530039339345988e-02 0.000000000000000000e+00 0.000000000000000000e+00 0.000000000000000000e+00 1.550695091888304178e-01 0.000000000000000000e+00 5.423569540538152479e-04 0.000000000000000000e+00 0.000000000000000000e+00 4.367833605268547914e-02 1.451001826628818547e-01
0.000000000000000000e+00 0.000000000000000000e+00 4.787145436647840743e-03 1.360818571209897535e-02 1.320104586816376324e-01 3.838647470565464959e-02 1.773500767376562093e-01 0.000000000000000000e+00 1.085151904756958274e-01 1.297751886935061272e-01 0.000000000000000000e+00 2.818637153575013002e-02 0.000000000000000000e+00 0.000000000000000000e+00 1.820688656848141324e-02 7.107759437848920050e-04 1.013750319949407314e-02 1.090365857076802669e-01 1.268282529545109449e-01 2.197249771228865570e-03 0.000000000000000000e+00 0.000000000000000000e+00 0.000000000000000000e+00 0.000000000000000000e+00 1.002636538761721707e-01
8.303787540026799641e-02 8.391735210199041672e-02 0.000000000000000000e+00 0.000000000000000000e+00 1.267812495098106507e-01 0.000000000000000000e+00 1.387981299014164338e-01 0.000000000000000000e+00 0.000000000000000000e+00 6.256289023108856096e-02 0.000000000000000000e+00 0.000000000000000000e+00 0.000000000000000000e+00 0.000000000000000000e+00 1.802460888957700125e-01 0.000000000000000000e+00 1.245163952464321648e-02 6.263144622584403132e-02 6.037599531074350906e-02 2.328382465114076094e-02 0.000000000000000000e+00 0.000000000000000000e+00 0.000000000000000000e+00 1.996216492732343431e-02 1.459513433199611243e-01
0.000000000000000000e+00 0.000000000000000000e+00 1.201649801226417763e-01 0.000000000000000000e+00 0.000000000000000000e+00 0.000000000000000000e+00 1.322181008359902821e-01 5.747864985959484641e-02 6.141951993530519321e-02 8.053821411194737184e-03 4.131551620684942154e-05 5.198694532430506859e-02 0.000000000000000000e+00 0.000000000000000000e+00 2.284083848035677322e-01 8.347210410399693485e-04 0.000000000000000000e+00 1.976450476429271741e-01 0.000000000000000000e+00 0.000000000000000000e+00 0.000000000000000000e+00 0.000000000000000000e+00 4.961334574694344600e-04 1.212538454318960734e-01 1.999853461786075398e-02
0.000000000000000000e+00 1.928941427817163282e-02 0.000000000000000000e+00 1.864478222056050599e-02 1.108345675894801263e-01 1.499591873533802633e-01 2.331899047786658782e-02 3.531437256197218766e-02 0.000000000000000000e+00 1.798864361819598467e-01 0.000000000000000000e+00 3.456899563355320549e-03 0.000000000000000000e+00 0.000000000000000000e+00 9.559581364541316906e-02 0.000000000000000000e+00 0.000000000000000000e+00 6.327957702501101935e-03 1.485437967838115769e-01 0.000000000000000000e+00 0.000000000000000000e+00 1.546181354576510632e-02 3.740827020107775208e-02 6.433243066224741784e-03 1.495244548284599684e-01
0.000000000000000000e+00 9.439866696096445298e-02 1.904247125748120828e-01 0.000000000000000000e+00 0.000000000000000000e+00 0.000000000000000000e+00 1.623585340923422160e-01 1.521240088025448134e-01 0.000000000000000000e+00 0.000000000000000000e+00 0.000000000000000000e+00 6.701214790065632143e-02 1.353994844152618671e-02 0.000000000000000000e+00 2.153000073926789049e-02 0.000000000000000000e+00 0.000000000000000000e+00 0.000000000000000000e+00 5.573444262619868528e-02 0.000000000000000000e+00 0.000000000000000000e+00 0.000000000000000000e+00 0.000000000000000000e+00 9.659604723465350928e-02 1.462814906270338833e-01
1.418974737612745986e-02 2.677704984498916960e-02 2.157038808246649307e-03 2.151292168044539529e-02 4.658739253557871163e-02 0.000000000000000000e+00 1.532316065092940716e-01 1.500936603768985300e-01 1.080113007583933041e-02 3.186116237832391923e-02 9.887419287487684422e-04 3.697664240790202173e-02 0.000000000000000000e+00 3.778482787116081622e-03 3.905667464289359903e-02 0.000000000000000000e+00 2.562332130850346612e-01 0.000000000000000000e+00 1.468576888030063143e-01 5.767755222603045649e-03 0.000000000000000000e+00 0.000000000000000000e+00 0.000000000000000000e+00 4.147181245704267827e-02 1.165727907990967045e-02
0.000000000000000000e+00 5.306190226819235828e-02 2.043506996507804714e-03 1.557876443619608531e-01 4.696538427229759310e-02 0.000000000000000000e+00 1.739373221043111119e-03 1.556565744797783479e-01 0.000000000000000000e+00 0.000000000000000000e+00 0.000000000000000000e+00 2.751227864560509828e-01 0.000000000000000000e+00 0.000000000000000000e+00 1.385871578725034713e-02 0.000000000000000000e+00 1.396718469864178733e-03 0.000000000000000000e+00 0.000000000000000000e+00 0.000000000000000000e+00 0.000000000000000000e+00 5.036191982327908011e-03 0.000000000000000000e+00 1.388169113953259537e-01 1.505142903094004725e-01
0.000000000000000000e+00 9.232140072070418868e-02 0.000000000000000000e+00 2.310697734068578937e-02 0.000000000000000000e+00 0.000000000000000000e+00 1.720301205098153652e-01 2.148051656833243825e-02 7.066271386115907660e-02 1.570900368137509717e-01 0.000000000000000000e+00 0.000000000000000000e+00 4.387405453602172267e-02 0.000000000000000000e+00 1.272449046410050189e-01 0.000000000000000000e+00 0.000000000000000000e+00 0.000000000000000000e+00 1.831147845721632361e-01 0.000000000000000000e+00 0.000000000000000000e+00 1.090744904363621093e-01 0.000000000000000000e+00 0.000000000000000000e+00 0.000000000000000000e+00
0.000000000000000000e+00 0.000000000000000000e+00 6.457691230701204099e-02 1.433780319237022427e-01 1.339543625307255126e-01 0.000000000000000000e+00 1.723719826401338973e-01 4.046541443007426603e-02 1.721814327911877149e-02 0.000000000000000000e+00 0.000000000000000000e+00 0.000000000000000000e+00 0.000000000000000000e+00 0.000000000000000000e+00 1.317147779094391541e-02 4.914746051457212841e-03 0.000000000000000000e+00 0.000000000000000000e+00 1.549637042358021632e-01 0.000000000000000000e+00 3.970199535217304281e-03 1.039588605322171178e-01 1.470561647435955632e-01 0.000000000000000000e+00 0.000000000000000000e+00
0.000000000000000000e+00 1.937773300883792113e-03 1.166144902864700850e-01 0.000000000000000000e+00 0.000000000000000000e+00 0.000000000000000000e+00 2.064996119514002360e-02 0.000000000000000000e+00 0.000000000000000000e+00 5.410676864703427985e-02 0.000000000000000000e+00 1.431040711334416182e-01 0.000000000000000000e+00 0.000000000000000000e+00 1.971862456427863342e-01 0.000000000000000000e+00 8.485617089148807246e-03 1.058231060860750639e-01 1.421828298816160130e-01 2.899129553664106865e-02 0.000000000000000000e+00 0.000000000000000000e+00 3.935174705251210520e-02 3.091324356951319092e-03 1.384747697912995235e-01
0.000000000000000000e+00 2.557091379885830656e-02 3.528864584654069561e-03 0.000000000000000000e+00 2.504630455964856547e-02 3.473204638126401247e-03 1.537289595841887235e-01 1.033170246120136346e-02 4.432791330541553491e-03 0.000000000000000000e+00 0.000000000000000000e+00 0.000000000000000000e+00 0.000000000000000000e+00 0.000000000000000000e+00 1.426756478007620565e-01 9.081033473905318620e-02 1.696256106344049171e-03 7.370499623937727673e-02 2.036426985147715696e-01 1.249393278568821652e-01 0.000000000000000000e+00 1.679236383486401585e-02 1.160139097407557746e-01 3.611724209970869435e-03 0.000000000000000000e+00
