0.000000000000000000e+00 1.369999533324005592e-01 4.716721405590062338e-02 0.000000000000000000e+00 4.546957580274370130e-03 0.000000000000000000e+00 8.248028615633874738e-02 1.608197932938589536e-01 4.832186290879093155e-02 1.104492625226769116e-02 0.000000000000000000e+00 1.297726731916365728e-01 0.000000000000000000e+00 3.622284647480542626e-03 5.721954198419958171e-02 0.000000000000000000e+00 1.607442382359163327e-02 3.865345175626715493e-03 0.000000000000000000e+00 0.000000000000000000e+00 0.000000000000000000e+00 1.173374279551987198e-01 2.648313607647913986e-02 1.100024052228703968e-02 1.432439330436682534e-01
0.000000000000000000e+00 9.417993613683518783e-02 2.274441519983192578e-02 0.000000000000000000e+00 6.455873779978447274e-03 0.000000000000000000e+00 2.990885207965258280e-02 7.002994867979989158e-02 0.000000000000000000e+00 5.080811160987197539e-02 0.000000000000000000e+00 1.296585335003855866e-01 0.000000000000000000e+00 1.379445665919334235e-02 2.612679366979008943e-03 4.662506228229705389e-03 1.065858356519291811e-01 2.222804368975301106e-02 0.000000000000000000e+00 0.000000000000000000e+00 9.941279459420658549e-03 0.000000000000000000e+00 1.126575625551391457e-01 1.599736569283780052e-01 1.637583084746222772e-01
0.000000000000000000e+00 9.390525835504760777e-02 1.192002908028059333e-01 0.000000000000000000e+00 7.987529357760864493e-03 2.131079184793990139e-02 1.296750729601793273e-01 1.447523560047381253e-01 3.482967334504934176e-02 1.377690595269902632e-02 0.000000000000000000e+00 0.000000000000000000e+00 2.849338251567252664e-02 0.000000000000000000e+00 1.785762032062903626e-01 0.000000000000000000e+00 0.000000000000000000e+00 1.744011469189373073e-03 1.423338104050074319e-02 1.207958416708570792e-01 0.000000000000000000e+00 2.249188218133229417e-02 0.000000000000000000e+00 2.288036065527599902e-02 4.534705863466145792e-02
5.838089597904003517e-03 0.000000000000000000e+00 1.680739992400085703e-01 0.000000000000000000e+00 1.200372389063876361e-01 9.096512922711347607e-03 1.433747923995148943e-02 0.000000000000000000e+00 7.243049936472119137e-03 1.279905830269281453e-01 6.708804311405428640e-04 1.352485303687313012e-01 3.239405668461813742e-02 1.888975403505165074e-02 1.285141660789070051e-01 1.800407939985634170e-02 3.471280279594794456e-04 7.921460312560066330e-02 1.241326281336572373e-03 7.440431587876004775e-03 0.000000000000000000e+00 5.507165290939068474e-04 0.000000000000000000e+00 1.241809632247428130e-01 6.864113547221346390e-04
0.000000000000000000e+00 8.554311894972480013e-02 0.000000000000000000e+00 0.000000000000000000e+00 1.659416181885303432e-01 0.000000000000000000e+00 6.109256696021726774e-02 1.436907734316937302e-01 0.000000000000000000e+00 2.441959349026397164e-02 0.000000000000000000e+00 2.071929831245419851e-01 4.748571505333449433e-02 4.550534713214680199e-02 2.225724648673431741e-02 0.000000000000000000e+00 8.035670511130970847e-03 1.995614915693826388e-02 1.190549638611529404e-01 3.100826767365394074e-02 0.000000000000000000e+00 0.000000000000000000e+00 0.000000000000000000e+00 1.259059453861683005e-02 6.225391441319477748e-03
0.000000000000000000e+00 2.022443461827004574e-02 7.688279445973131287e-02 1.065079430022888201e-03 1.214764745538001595e-01 4.725003748613442259e-03 1.654423716801680655e-01 6.111936513783382263e-02 2.256916510156766267e-02 2.064293192969136881e-02 0.000000000000000000e+00 4.907822221091283355e-03 1.802360826991030243e-02 0.000000000000000000e+00 3.220613215037594623e-02 8.870539451656098140e-02 0.000000000000000000e+00 3.271411076219567921e-02 1.683589973131197895e-03 1.660055783081944639e-02 1.159302953621521720e-01 0.000000000000000000e+00 8.984063039095930084e-03 1.770204865773933323e-01 9.076318637574961462e-03
0.000000000000000000e+00 1.457538456393390157e-02 1.149135087578478653e-01 0.000000000000000000e+00 2.766324967997205175e-01 0.000000000000000000e+00 8.847254385648671560e-02 5.706255812362383446e-03 0.000000000000000000e+00 1.333561662226469269e-01 1.749571047738881753e-03 0.000000000000000000e+00 0.000000000000000000e+00 3.836633234543895821e-02 1.551094051125964657e-01 0.000000000000000000e+00 0.000000000000000000e+00 4.391379036886676815e-03 3.548283387159178147e-03 5.331095684906530250e-04 3.329544177605072569e-02 1.001789991648986688e-02 0.000000000000000000e+00 0.000000000000000000e+00 1.193322217961503423e-01
1.799127180053584907e-02 4.684450915941801991e-02 4.826624970971653272e-02 4.636306840603174328e-02 1.331479296643004601e-02 0.000000000000000000e+00 2.958463323215436078e-02 3.323012170099175211e-02 2.120417019039918735e-02 1.449961022719473414e-01 0.000000000000000000e+00 1.409004537449364903e-03 0.000000000000000000e+00 0.000000000000000000e+00 1.331048806704942522e-01 0.000000000000000000e+00 7.863678557163791827e-02 7.791494412170547196e-03 2.109497244245714387e-02 1.237059548959526176e-02 1.973639857440154591e-02 2.702423542121845657e-01 2.734235799613862761e-03 2.167807984420330302e-03 4.891655086795031887e-02
3.416292890657730841e-02 0.000000000000000000e+00 2.792943233910442219e-03 2.985597288092510168e-02 2.389779058345986307e-01 0.000000000000000000e+00 2.230110849626428665e-02 1.341307137028245611e-01 1.510119778370498829e-02 1.693502993557477552e-03 3.890080067664330923e-03 1.842476394515958904e-01 2.256522166815353586e-02 0.000000000000000000e+00 0.000000000000000000e+00 1.940044419362748230e-03 5.115342279842758494e-02 4.368007593193530894e-03 0.000000000000000000e+00 1.035855362924988643e-01 5.103495780598310549e-02 0.000000000000000000e+00 0.000000000000000000e+00 1.108421849069712514e-02 8.711459758006051546e-02
0.000000000000000000e+00 1.625959137373083480e-02 2.032219661066572702e-02 5.199067430315413604e-06 1.235999160455209141e-02 4.643669486528940321e-02 2.383305755152331229e-01 7.084276086331538734e-03 1.063799251592024014e-01 5.539502030334514382e-02 0.000000000000000000e+00 1.053879085993625342e-01 0.000000000000000000e+00 0.000000000000000000e+00 2.411801500154545780e-02 0.000000000000000000e+00 0.000000000000000000e+00 4.553334052252870461e-03 5.317692395172334691e-02 0.000000000000000000e+00 0.000000000000000000e+00 5.125989711546916723e-04 1.570964763335432057e-01 1.605408091504760548e-02 1.365271915895895916e-01
0.000000000000000000e+00 5.963893458606929487e-02 1.339470339668891730e-01 6.945573790897273392e-02 2.815227642947669071e-02 1.235455688251804740e-02 4.450106216697080619e-02 0.000000000000000000e+00 0.000000000000000000e+00 5.222268965740496649e-02 0.000000000000000000e+00 1.639051715472880644e-01 1.042004176125866100e-01 0.000000000000000000e+00 3.639159799383968885e-02 1.977372076776575879e-02 3.199332913850085058e-02 0.000000000000000000e+00 0.000000000000000000e+00 1.009284785028415204e-01 0.000000000000000000e+00 1.698146308685815134e-02 5.004678325639393827e-02 5.779261816705366650e-02 1.771412832856996897e-02
0.000000000000000000e+00 1.724422424436417370e-02 1.439159261677095958e-01 0.000000000000000000e+00 2.464647332731689233e-01 7.939262720292430617e-03 8.315164252626726371e-02 0.000000000000000000e+00 0.000000000000000000e+00 2.522627075748858083e-03 0.000000000000000000e+00 1.330266259207069091e-01 0.000000000000000000e+00 0.000000000000000000e+00 0.000000000000000000e+00 3.472478404307696720e-02 8.234025754187426771e-03 1.558567379367259420e-01 1.467163961613315859e-01 0.000000000000000000e+00 0.000000000000000000e+00 0.000000000000000000e+00 0.000000000000000000e+00 0.000000000000000000e+00 2.020301417641977987e-02
0.000000000000000000e+00 1.405134524953130515e-02 1.119185119528062489e-01 7.669517183730589598e-03 7.224790645543364975e-02 5.151581167170082159e-02 1.436431140816501473e-01 4.608416647709558459e-03 1.085760457132766421e-01 0.000000000000000000e+00 0.000000000000000000e+00 1.164143930968275231e-01 2.201110576401961363e-03 7.320551131666634855e-03 0.000000000000000000e+00 0.000000000000000000e+00 1.141710086199708256e-02 4.585116585099298370e-02 2.539195424691525604e-03 0.000000000000000000e+00 0.000000000000000000e+00 5.122589889945638976e-04 1.542016749118289010e-01 1.889849692875905825e-03 1.434220305078839630e-01
8.629882514360819046e-02 6.096262862686370118e-03 0.000000000000000000e+00 1.207042749103667406e-01 1.264443504107653216e-01 0.000000000000000000e+00 1.425318994546425147e-02 4.806992449518805027e-02 0.000000000000000000e+00 1.413136210593888553e-01 1.190338277027532150e-02 1.366847094840961951e-01 0.000000000000000000e+00 0.000000000000000000e+00 2.549388859792173223e-02 0.000000000000000000e+00 0.000000000000000000e+00 1.454620862212693648e-02 1.811347673027982955e-02 0.000000000000000000e+00 0.000000000000000000e+00 4.583707650257284882e-03 0.000000000000000000e+00 6.139513178130171639e-02 1.840990455362733758e-01
0.000000000000000000e+00 6.822982946814201699e-03 1.355381076213091618e-01 0.000000000000000000e+00 6.320795874713183715e-02 0.000000000000000000e+00 1.249115952573990329e-01 2.693024283263665761e-02 9.972660219497957168e-02 1.612348179716471125e-02 0.000000000000000000e+00 1.254342999147697868e-01 0.000000000000000000e+00 0.000000000000000000e+00 2.362632826691416985e-02 4.305936073974808015e-02 0.000000000000000000e+00 1.039618932642847188e-01 1.315227055573598217e-03 5.031839587883880222e-03 1.010680781153800757e-02 9.026114346614651923e-03 1.043381910667661415e-02 1.339984610250326835e-01 6.074487748352854627e-02
9.355873008455305173e-02 5.433305660760395089e-02 3.306434139097982894e-02 0.000000000000000000e+00 1.432195819297544803e-01 0.000000000000000000e+00 1.306121222899811751e-01 5.424170088271369457e-04 3.027427634521773561e-02 1.961185222936301722e-02 0.000000000000000000e+00 1.346160109831702131e-02 0.000000000000000000e+00 0.000000000000000000e+00 1.437629520372036285e-01 0.000000000000000000e+00 0.000000000000000000e+00 0.000000000000000000e+00 1.389991231099104996e-01 3.075431045289781905e-03 0.000000000000000000e+00 2.703297084134663811e-02 1.331394203486569172e-01 0.000000000000000000e+00 3.531212363299510854e-02
9.814894742955740381e-02 0.000000000000000000e+00 7.023440780113518640e-03 4.007586135540087274e-02 1.841430253833443720e-01 0.000000000000000000e+00 0.000000000000000000e+00 0.000000000000000000e+00 0.000000000000000000e+00 1.314960232936031870e-01 0.000000000000000000e+00 1.409016494372697936e-01 1.598670318273836752e-02 0.000000000000000000e+00 5.970195859590266343e-03 0.000000000000000000e+00 1.586546829660724078e-01 0.000000000000000000e+00 1.517235356424285753e-01 0.000000000000000000e+00 0.000000000000000000e+00 1.906372745776487368e-02 3.269196839946336697e-02 0.000000000000000000e+00 1.412023881265313772e-02
0.000000000000000000e+00 1.015425748467126965e-01 7.905535775814687138e-02 9.508272572864494288e-02 1.688941740370429601e-01 0.000000000000000000e+00 2.356024221251275599e-02 1.333104915958370773e-01 0.000000000000000000e+00 1.381797448001293588e-02 0.000000000000000000e+00 5.843753404382490829e-02 0.000000000000000000e+00 0.000000000000000000e+00 1.211665276812887021e-01 1.214881825954221978e-02 2.831504814124716739e-03 0.000000000000000000e+00 1.337112261109010547e-01 3.426719539258847591e-02 0.000000000000000000e+00 3.695238792346780630e-03 0.000000000000000000e+00 0.000000000000000000e+00 1.847841424647290662e-02
0.000000000000000000e+00 5.429123838200386812e-03 2.342139521529823867e-02 1.936640895875043136e-02 4.533158954724275658e-02 0.000000000000000000e+00 1.736891983306919907e-01 2.820838368142275510e-01 5.378011563925675503e-03 1.165385254438363986e-02 0.000000000000000000e+00 5.060271228764496448e-02 2.149761333134593902e-02 1.048251665010383089e-02 1.237736103209516325e-01 6.679948046935414979e-04 1.749380672985985982e-03 3.172538763984389387e-02 0.000000000000000000e+00 0.000000000000000000e+00 8.232228987359008210e-03 0.000000000000000000e+00 4.978852519082016710e-03 2.925506934485857732e-02 1.506812166284100252e-01
0.000000000000000000e+00 0.000000000000000000e+00 1.388301903732676590e-01 8.181889432824865360e-02 1.369666777561202309e-01 4.758976330887536819e-03 4.771776996576854168e-03 5.481431706223083983e-02 0.000000000000000000e+00 1.171187735359431187e-01 0.000000000000000000e+00 1.437436093911819701e-01 0.000000000000000000e+00 0.000000000000000000e+00 5.658031897374737884e-02 5.175321643778630319e-03 7.272787170744815510e-02 3.616280481010372520e-03 1.201361500374195646e-02 0.000000000000000000e+00 2.566455125409177439e-03 5.651477458869770543e-03 2.531676631945152089e-03 4.426428150530018618e-03 1.518873390490624586e-01
0.000000000000000000e+00 3.352877993257239592e-02 7.149033062786590113e-03 1.703281278159976542e-02 7.058152630842778885e-02 0.000000000000000000e+00 1.768520684531234288e-01 1.311834534176233025e-01 2.315642861490021381e-02 8.838696934918369164e-02 0.000000000000000000e+00 6.223079886037820654e-03 2.302688216218978269e-03 0.000000000000000000e+00 1.035772529166037598e-01 1.056451512943069708e-02 2.106854654693188136e-03 5.389372360252811869e-03 1.185461882904366160e-01 0.000000000000000000e+00 1.240690118454857056e-03 1.153265179404674295e-01 0.000000000000000000e+00 1.243942111805061571e-03 8.560782645538157765e-02
0.000000000000000000e+00 2.601945714114128113e-03 8.631288843063697480e-02 6.342407261059158224e-03 6.976024306201561442e-02 7.931934591786453381e-02 5.745045738170755090e-02 2.989323778343035490e-02 0.000000000000000000e+00 7.013612514314745972e-02 0.000000000000000000e+00 5.543972708753646577e-04 0.000000000000000000e+00 9.357394118224144882e-04 1.091014775868832110e-01 5.874392733243660042e-02 1.289093579160545122e-01 1.975467494772718130e-02 0.000000000000000000e+00 1.721698470917754466e-03 0.000000000000000000e+00 0.000000000000000000e+00 1.178553457361894014e-01 2.393868536137488956e-03 1.582128620969803223e-01
0.000000000000000000e+00 4.667629799740923013e-02 1.491925121036587754e-01 5.199178646230042181e-03 6.101422614048684738e-03 4.981624714921219915e-03 1.359058375426829002e-01 7.698592299329453346e-03 5.763610973251830083e-02 4.987245427486426859e-03 0.000000000000000000e+00 3.225503798959244300e-02 5.065895671898186514e-02 0.000000000000000000e+00 2.866300030500281704e-01 0.000000000000000000e+00 0.000000000000000000e+00 0.000000000000000000e+00 0.000000000000000000e+00 5.233384712859873861e-02 7.619796971413680953e-02 9.992292171600252945e-03 4.191093948274903641e-02 2.543130578632308431e-02 6.210826879704515850e-03
0.000000000000000000e+00 0.000000000000000000e+00 2.633359945252964143e-02 4.294709058430846819e-03 1.234151646508515818e-02 1.672258076320600959e-02 2.406587493172706871e-01 0.000000000000000000e+00 2.086034553979869421e-02 1.358169674306073868e-02 1.845251908421908181e-05 3.428533491369904068e-02 0.000000000000000000e+00 8.594814926349649865e-04 1.428450430969707974e-01 0.000000000000000000e+00 2.200624234377075022e-02 1.495766347143753262e-02 1.299032693691937468e-01 2.065465126602446938e-02 3.293477235138512777e-04 9.624966769239941267e-02 1.508061855603243517e-01 3.739303638168500754e-02 1.489842682988015699e-02
0.000000000000000000e+00 4.064301471963584732e-03 8.537988226024116611e-02 0.000000000000000000e+00 0.000000000000000000e+00 0.000000000000000000e+00 1.379700252024525751e-02 2.781929573232529498e-02 2.718236960973894820e-03 5.048452394086577061e-02 0.000000000000000000e+00 4.106435985708349612e-02 1.101660444863969759e-02 0.000000000000000000e+00 2.280677933128199553e-01 8.699621218706474202e-02 8.390191541440901457e-02 6.545737424802271741e-03 3.917930012244599802e-02 0.000000000000000000e+00 1.644238831860217465e-02 9.760266561330072088e-02 2.348670812578055375e-03 5.256396607339612614e-02 1.500071435282427090e-01
1.850111012128727696e-03 1.381299016338343073e-02 2.534032769655221798e-02 0.000000000000000000e+00 3.354069690741124667e-04 4.666481594228873847e-02 1.674446290509441770e-01 1.240336259067745077e-02 1.804624976331594246e-03 2.710245113024691618e-03 0.000000000000000000e+00 1.268827792938218013e-01 2.403815555135253856e-03 0.000000000000000000e+00 2.807434496371048749e-02 7.726656691739888783e-02 1.339142683813554328e-02 1.002935385120579462e-02 3.323006534990252669e-02 0.000000000000000000e+00 2.476287664496152740e-03 0.000000000000000000e+00 1.309727577547263044e-01 1.418376860135676654e-01 1.610684022834944218e-01
1.245051283164168993e-02 4.470230499376045240e-03 1.163121364909064925e-01 0.000000000000000000e+00 2.531425267243655464e-01 0.000000000000000000e+00 9.959079680702438708e-02 1.335799876559912447e-01 0.000000000000000000e+00 5.686040301558440563e-02 3.952556094661236613e-03 1.020542826110592063e-02 0.000000000000000000e+00 8.179378256991129068e-03 9.870826725457010342e-02 0.000000000000000000e+00 0.000000000000000000e+00 5.627488645309254578e-02 0.000000000000000000e+00 2.726551459145675708e-03 0.000000000000000000e+00 1.050990185048232689e-01 0.000000000000000000e+00 1.447393719876952436e-02 2.397338249195082871e-02
1.131286802069294412e-02 6.868400718857567422e-02 1.135590061349642937e-01 0.000000000000000000e+00 2.924976564503284360e-02 0.000000000000000000e+00 1.330370185383542569e-01 3.872762988186060490e-02 1.696097189329581409e-02 2.836906179643472470e-02 0.000000000000000000e+00 3.232164339771356754e-02 1.441684358796319065e-02 0.000000000000000000e+00 1.270764619546042029e-01 0.000000000000000000e+00 2.047650235440158853e-02 1.451076613663013215e-01 1.171188463543611571e-02 0.000000000000000000e+00 3.290552639530068308e-04 7.436541874578084244e-02 3.671909390055294597e-03 1.306222902045796330e-01 0.000000000000000000e+00
0.000000000000000000e+00 7.059863157904402650e-04 1.483123891764245028e-01 0.000000000000000000e+00 1.166626365965207912e-01 0.000000000000000000e+00 1.426815309865943626e-01 5.899642891928965488e-02 7.621454314924209703e-03 0.000000000000000000e+00 0.000000000000000000e+00 5.016609642039476097e-02 3.652356680722983456e-03 0.000000000000000000e+00 1.493444432391390908e-01 0.000000000000000000e+00 9.945065082697920888e-03 2.307241942338723525e-02 0.000000000000000000e+00 2.681247337872701597e-04 1.337004032638762496e-01 1.822614955903231054e-02 7.966013413678972241e-03 1.286785018737391373e-01 0.000000000000000000e+00
0.000000000000000000e+00 0.000000000000000000e+00 3.519101088679758155e-02 0.000000000000000000e+00 2.493384145924833206e-02 0.000000000000000000e+00 1.867247856748198154e-01 4.668047128348448011e-03 1.221651713460250449e-01 1.647124213472449250e-02 0.000000000000000000e+00 1.185264008423800586e-01 1.954905126317661029e-02 0.000000000000000000e+00 4.161590491247046941e-02 1.647263067750971699e-02 7.382867621174674100e-02 2.154404325032172052e-02 1.781203418746859048e-04 6.732809643493883802e-04 2.301818901632074737e-03 2.015947342627628230e-03 1.626469393181258494e-01 1.233480637944095043e-01 2.714502354941182583e-02
