4.987042515963977830e-03 8.072822746046026676e-02 0.000000000000000000e+00 3.903880448010938614e-02 4.055840678094592422e-02 1.584085630359204078e-01 4.964126600559083712e-04 3.430607625302209765e-03 7.765066961584929373e-02 0.000000000000000000e+00 9.841116287168773583e-03 9.980099046847495936e-02 1.890945253748767541e-01 4.553632842671176406e-02 2.295795864556936933e-02 3.179252549367812992e-03 1.240547201495450017e-02 1.139719688346318982e-01 2.790924710687288715e-02 7.000440611676392311e-02
1.031548429851139419e-02 7.261775364486766551e-04 0.000000000000000000e+00 1.009450771129620644e-01 1.008526296355991697e-01 7.222563189896369883e-03 4.614650553000596012e-02 1.352996910316225099e-01 4.444224708101086885e-02 7.166301795288879117e-02 2.971621602982573926e-02 1.570465637867298758e-01 0.000000000000000000e+00 1.334852741818780796e-02 7.333159356944390396e-03 0.000000000000000000e+00 8.584944858908741608e-03 1.106321468109616041e-01 8.860648534862725079e-02 6.711856302086868786e-02
4.675949929774943226e-02 1.082201347891013632e-01 0.000000000000000000e+00 1.886847469510319342e-02 1.288363708712019773e-01 1.698141305328940750e-03 3.605610456783148177e-02 7.648529186562652571e-02 1.135123320699211735e-01 0.000000000000000000e+00 2.619423807309848376e-02 1.212436217359932761e-01 5.454733658586621153e-02 4.296297906515973708e-02 3.347192255524967380e-02 1.810963670508471124e-02 0.000000000000000000e+00 9.731988868167050846e-03 5.039234029491641842e-03 1.582626929200252330e-01
2.024892253277076754e-02 1.102283845244728944e-01 0.000000000000000000e+00 6.897935665239704472e-02 1.880512133805992830e-02 0.000000000000000000e+00 6.373070844128816970e-03 5.910207672725020442e-03 1.185601645800599124e-01 1.455498751421993031e-01 0.000000000000000000e+00 5.877035137601083897e-02 9.074594142392516938e-02 6.968497713008223182e-02 1.427514346815502919e-02 9.716329235995288527e-02 2.201855725691050092e-02 1.690067910362727868e-02 1.300421106916511416e-01 5.743843902871288362e-03
1.121884875366887906e-02 9.671225430256544242e-02 0.000000000000000000e+00 2.520088838153937503e-03 1.410348503043177548e-01 1.576723105770026778e-01 4.232002089708711973e-02 4.684943489205560530e-02 0.000000000000000000e+00 8.344784136444714090e-03 1.249723221556634043e-03 1.009476975350324796e-01 0.000000000000000000e+00 0.000000000000000000e+00 4.344022043867812495e-03 2.005943135781441608e-02 6.137296438599838290e-03 5.943818622283876529e-02 1.438755893743675351e-01 1.572754611046265072e-01
1.907737491222032816e-02 2.925285146166784270e-02 9.744076406578151828e-02 8.379657966935656621e-02 1.318745529603286906e-02 8.483281380793065984e-02 0.000000000000000000e+00 1.951043211200293934e-02 1.401679340121799733e-01 6.584832609198654207e-02 0.000000000000000000e+00 1.760658213904582881e-01 7.173822645090445482e-02 1.632197783033929872e-02 3.134029236737808592e-03 1.251718311228102176e-01 2.699218952179521097e-02 0.000000000000000000e+00 2.711678989207722684e-02 3.446031257181211556e-04
1.265778705268588928e-03 1.118214699930916434e-01 0.000000000000000000e+00 1.798456893254938294e-01 1.766516190379995299e-01 1.437463809002136328e-01 0.000000000000000000e+00 8.483851822826017630e-02 1.821419912431697591e-03 5.187767364204174877e-03 0.000000000000000000e+00 1.297189835213900799e-01 3.340387684884841418e-02 0.000000000000000000e+00 3.588400128225497331e-03 0.000000000000000000e+00 0.000000000000000000e+00 8.038579377398899495e-02 2.392450294812058231e-02 2.379979931246304151e-02
0.000000000000000000e+00 1.407509582054219666e-01 0.000000000000000000e+00 2.781750397811100922e-02 1.157875490214359607e-02 1.078833939005366671e-01 0.000000000000000000e+00 1.340552123353103142e-01 6.389721699666899013e-02 2.261698979976824869e-02 0.000000000000000000e+00 1.374811824746480504e-01 2.619779874487744228e-02 3.722261963495696567e-03 2.165106720598567770e-03 8.986093850369865355e-02 6.467804606249670518e-02 1.734797553493936393e-04 1.671211556568745760e-01 0.000000000000000000e+00
9.275200848463149503e-03 8.605885314403437236e-02 0.000000000000000000e+00 1.312605956912546445e-01 1.610922514699220931e-01 6.804783141300400906e-02 2.437262558762644249e-02 0.000000000000000000e+00 8.283760734352228761e-02 1.007696270408773714e-01 0.000000000000000000e+00 6.405461515339966327e-02 4.897497755119713247e-02 0.000000000000000000e+00 2.899477452433206134e-02 4.498926459232954929e-03 9.592677062913325392e-02 0.000000000000000000e+00 4.501359184291731097e-02 4.882175130108308558e-02
8.512323981076030943e-02 1.323596582091323692e-01 0.000000000000000000e+00 7.531567718154492767e-03 1.541213684090196601e-01 1.833323686349809800e-01 2.682974292581804740e-02 2.810436473559203840e-02 2.019887756423633524e-03 0.000000000000000000e+00 0.000000000000000000e+00 2.401107979453980662e-02 0.000000000000000000e+00 9.313726432732469251e-03 4.373399554352901814e-02 1.063875214545160902e-01 4.691117931908941885e-02 6.949119428544184643e-03 1.119951544786441516e-01 3.127602534852311905e-02
0.000000000000000000e+00 9.216192905416575876e-02 0.000000000000000000e+00 1.927953115351823676e-01 2.580018453124606828e-02 1.304094182753548214e-01 2.823478329068901393e-02 0.000000000000000000e+00 1.754578938306519120e-01 0.000000000000000000e+00 3.824667780770090592e-02 5.278247516924471083e-02 1.239314056781554846e-02 1.231148476435852714e-02 1.512269391897734343e-02 1.136101791750896012e-01 4.662607371247406984e-02 0.000000000000000000e+00 6.404775436704913949e-02 0.000000000000000000e+00
1.064471653833908571e-01 0.000000000000000000e+00 1.868617069488170035e-04 7.432788742494980932e-04 3.433124533987170351e-02 5.086458890563382712e-02 5.009017568843988216e-02 2.208825738574002676e-02 3.713990151343124577e-03 4.651807328132279151e-02 4.749305937142446650e-03 2.251054916778005843e-01 5.634097110973665390e-02 6.647290365287751579e-03 3.162518462310633105e-02 1.102789433918772155e-01 6.153300046252815209e-02 0.000000000000000000e+00 1.277494385247419373e-01 6.098673719083833739e-02
5.060419860934184432e-04 4.749524268359172491e-02 9.357945965469863236e-02 0.000000000000000000e+00 3.421083765729356335e-03 1.446636657309854079e-01 7.843795626702491919e-02 3.109883118572559849e-02 1.564564210140746425e-01 3.234028541760420455e-02 2.418281541629162604e-02 1.445627348612537888e-01 0.000000000000000000e+00 7.781584496375430759e-02 1.145405852713011260e-03 0.000000000000000000e+00 3.742992924310527270e-02 0.000000000000000000e+00 4.758625835784641850e-02 7.927802359950764099e-02
0.000000000000000000e+00 1.326981332618011322e-01 0.000000000000000000e+00 0.000000000000000000e+00 7.348355373995734546e-03 1.806585820423449451e-01 2.895741882753695949e-03 2.273465275681341158e-01 0.000000000000000000e+00 4.655389820786053935e-03 4.586620815794712619e-03 1.518424712828684853e-01 2.450241756606280977e-02 2.601631440060320731e-03 4.533471511106748619e-02 7.164607296696017501e-03 1.108493760971635822e-01 2.549568285118290756e-02 7.201974758928821052e-02 0.000000000000000000e+00
1.396330284055096946e-02 1.790288076104456227e-01 1.732703091581044852e-02 2.108264612562978785e-02 1.318737904960145813e-01 8.194170919790636637e-03 1.575903705599207907e-02 4.384261164079429271e-03 2.484611455124809826e-02 0.000000000000000000e+00 4.830194403103664871e-05 1.004934231562066606e-02 1.274611026662127514e-02 1.443558164420097600e-01 1.337277350314806101e-01 1.274581589381776564e-03 9.108384510847500337e-03 0.000000000000000000e+00 1.217407533312462736e-01 1.504898128891994091e-01
9.356838514512900952e-04 7.753301962678715159e-03 6.927498395805425924e-02 1.231104161267580488e-01 7.275737628491285060e-03 1.368483181450174946e-01 3.566549226409139505e-04 1.435516941903791088e-01 4.023905473782418175e-03 8.166154375313872116e-02 2.581828781001846082e-02 5.156930746484583022e-02 1.206195377478342344e-02 0.000000000000000000e+00 5.292426123510005770e-02 0.000000000000000000e+00 0.000000000000000000e+00 1.371517712826265251e-02 1.361779715459990603e-01 1.329408010285982322e-01
7.359041067950711223e-02 3.987209197397518362e-02 1.124707179033782589e-01 2.362377206954386147e-02 4.414348544435439670e-02 1.287962430797137958e-01 1.389967122548545556e-02 1.691739722815925606e-01 6.240689537827141808e-02 2.892370835736305691e-03 2.051747469720326122e-02 8.178566259757177881e-02 1.723528066219560701e-04 1.018936588804884337e-02 0.000000000000000000e+00 0.000000000000000000e+00 1.330359902671049074e-02 1.542250259708834517e-03 6.836878011278227363e-02 1.332508837397942403e-01
2.499101717644691819e-04 1.370822632249712181e-01 0.000000000000000000e+00 1.322390069299279707e-02 1.453062105887254762e-01 2.265989968851638697e-02 0.000000000000000000e+00 2.084665427377749292e-02 8.156801318464641792e-03 1.275709602924963298e-02 2.665237394432319606e-02 1.244041654307460748e-01 1.426920383373608547e-01 1.976125417335739334e-02 3.571881800809641183e-02 0.000000000000000000e+00 0.000000000000000000e+00 2.454403303085447765e-03 1.307121470303619359e-01 1.573220637842065173e-01
0.000000000000000000e+00 3.222548278808200911e-02 0.000000000000000000e+00 1.490622642445740831e-01 2.161808967049940744e-01 1.389134752680595275e-01 2.216908824825217315e-03 0.000000000000000000e+00 1.260840411303325824e-02 3.414420580807782379e-02 0.000000000000000000e+00 1.377428039576369112e-01 0.000000000000000000e+00 0.000000000000000000e+00 1.447015495113450623e-01 1.465682178339631526e-03 0.000000000000000000e+00 0.000000000000000000e+00 4.584859370228088621e-02 8.488973289875151318e-02
0.000000000000000000e+00 7.916794207932941916e-04 0.000000000000000000e+00 4.470567918867698019e-03 1.337438539632512524e-01 3.662938633122757304e-02 2.084606704682847103e-02 2.525670754932577422e-01 3.596106128078555703e-02 0.000000000000000000e+00 2.480074667490373558e-02 1.269865899653098706e-01 1.197696335473392602e-03 0.000000000000000000e+00 0.000000000000000000e+00 0.000000000000000000e+00 1.197249690240603445e-02 6.573292729865952075e-03 1.898524674232094089e-01 1.536070185138200539e-01
7.073616349522215963e-02 7.241807224065721638e-02 0.000000000000000000e+00 6.218495267906931113e-03 1.730048172259248188e-02 2.848305017077841939e-03 0.000000000000000000e+00 2.411950441574043508e-02 1.157696615938833967e-01 9.691899906461182504e-03 2.245882806284527078e-02 2.709788775158920027e-01 1.346018298002018415e-02 1.286821447898970350e-01 2.720075885570372859e-02 1.012494166747136565e-03 7.814875256624189553e-03 0.000000000000000000e+00 5.547754052681660997e-02 1.538117141859121351e-01
2.344941027315712752e-03 9.250291337404022152e-03 2.027626181806847089e-02 2.240523044119099166e-02 0.000000000000000000e+00 1.130539725748177932e-01 2.333260996009513775e-03 1.608676237319360824e-01 1.363013457628896134e-02 0.000000000000000000e+00 1.125474525848604154e-05 6.580735791211056451e-02 0.000000000000000000e+00 5.394514748192667103e-02 1.471622508997700307e-01 3.493543841244146930e-04 3.375122209083301905e-02 1.239881922024226452e-01 3.167064513038948120e-02 1.991528586501330744e-01
0.000000000000000000e+00 3.163263369452513213e-03 0.000000000000000000e+00 1.217712352211947069e-01 1.488921949488753727e-01 1.293941090376450886e-01 0.000000000000000000e+00 2.172801753152715787e-02 0.000000000000000000e+00 6.739592872373602328e-02 0.000000000000000000e+00 1.104865895948385635e-01 1.568966314472545476e-01 1.630358027325006648e-02 0.000000000000000000e+00 0.000000000000000000e+00 0.000000000000000000e+00 0.000000000000000000e+00 1.644718197793192116e-01 5.949663007290681427e-02
0.000000000000000000e+00 2.752767131110295945e-02 0.000000000000000000e+00 1.872967028319009672e-02 2.297161987501194214e-01 1.431977644685679674e-01 2.424438552590573240e-02 4.942730432699739967e-02 0.000000000000000000e+00 2.896332262247709385e-02 2.525981944138037255e-02 1.989102355088521665e-02 6.647295690759600457e-04 3.990428849424176860e-02 1.718150122321580159e-04 1.995823964061801598e-05 1.018467089003106648e-03 9.005045227090151738e-04 2.228112558987704328e-01 1.675518208937006037e-01
4.486537470855919696e-02 8.670028852353987847e-02 2.174017569797688076e-03 1.030343901012472328e-02 1.375016743326420987e-01 0.000000000000000000e+00 7.754792291988926722e-02 2.288993738701448344e-01 0.000000000000000000e+00 5.052922340683986546e-02 9.919112469158834072e-03 0.000000000000000000e+00 0.000000000000000000e+00 3.751552545809682532e-02 4.306393228477570917e-02 2.209197286050487100e-03 3.370372121445682628e-02 4.053042527958036767e-02 2.615879461536647650e-03 1.919208922048067645e-01
0.000000000000000000e+00 8.078761303265773186e-02 5.017297322341171539e-03 2.534958464600471726e-03 3.439470292557526149e-02 5.302359703581875465e-03 0.000000000000000000e+00 1.545639056430810239e-03 1.476303099905927341e-01 5.574840649703703688e-02 0.000000000000000000e+00 2.528445966174963089e-01 2.339811160262626755e-02 1.247875882270074038e-02 1.903016341140830207e-03 1.026128023437999914e-02 2.310285641629824804e-01 6.854568057864844632e-02 2.779867163533591631e-02 3.878003301187181451e-02
0.000000000000000000e+00 2.288048900146786441e-02 0.000000000000000000e+00 9.744862696659599421e-02 3.198236514303365308e-02 3.586779084781133511e-03 4.906730507107576883e-02 1.326227923756942706e-01 1.607234258239327194e-03 9.584472511140652851e-02 4.320688319375273756e-02 1.947715345186045721e-01 1.184917424359872504e-02 8.254287387940525966e-03 1.420741169752962052e-01 2.783067144605742144e-02 0.000000000000000000e+00 6.214954085140937667e-02 6.105070758806315639e-02 1.377276678298261156e-02
1.788641199918334593e-04 6.754797949711729976e-02 0.000000000000000000e+00 2.776835144800383556e-02 3.810344959812562993e-02 3.228525096402016376e-02 0.000000000000000000e+00 5.776867059792547415e-02 2.372572893748150710e-02 3.215194685857176386e-03 0.000000000000000000e+00 1.555950462097852316e-01 1.130285837527767595e-01 7.681110070797317335e-02 1.501562404157520333e-02 0.000000000000000000e+00 8.911906671594633025e-03 1.422774360608771993e-01 1.304759259990917741e-01 1.072908867078031375e-01
0.000000000000000000e+00 1.028627217149451906e-01 0.000000000000000000e+00 5.779805007684387687e-03 1.456037146498965172e-02 0.000000000000000000e+00 1.744811044640543971e-02 7.289640163988263255e-02 1.304623776153326364e-01 4.372534911376721456e-03 0.000000000000000000e+00 1.161659483521463448e-01 1.677053182987787161e-01 7.963774653158242622e-03 1.650774159825329351e-02 5.572972293981336492e-03 8.913259518738274323e-03 1.317264223721503758e-01 3.658757232218775440e-02 1.604746677899888396e-01
0.000000000000000000e+00 0.000000000000000000e+00 1.333446155501944175e-01 7.628614397194255492e-02 1.428468848298825589e-01 4.282596001962695603e-02 2.080615566405609115e-02 0.000000000000000000e+00 6.369431912992336298e-02 3.624169463888494980e-02 2.171517272854642244e-02 1.497604322770320628e-01 3.640465572552163947e-04 8.760514472318908785e-02 1.468038059453312949e-01 0.000000000000000000e+00 5.044495067350676654e-02 0.000000000000000000e+00 1.027541570043749575e-02 1.698525759019086853e-02
0.000000000000000000e+00 1.186268273160991926e-01 0.000000000000000000e+00 0.000000000000000000e+00 9.925001243080099067e-02 0.000000000000000000e+00 6.567044897807953162e-03 1.875788301238993094e-01 1.427739623855086952e-02 6.731682602103898974e-03 1.978788746350622699e-02 2.181957879113034238e-01 1.588863796001955819e-01 0.000000000000000000e+00 1.005569578604634771e-02 0.000000000000000000e+00 0.000000000000000000e+00 0.000000000000000000e+00 2.308249886548902931e-03 1.577342057431372346e-01
4.251502816965371107e-03 0.000000000000000000e+00 0.000000000000000000e+00 5.244861621148988115e-03 2.507827229718809919e-02 1.534862161081060883e-01 6.344671358930746748e-03 1.552054847915818325e-01 1.027933698135887058e-01 3.967469009547384962e-02 0.000000000000000000e+00 1.420383666572550552e-01 0.000000000000000000e+00 7.648326082245252011e-02 1.305824142072612160e-01 0.000000000000000000e+00 0.000000000000000000e+00 2.149316362884402722e-03 1.540178584583893999e-02 1.412657872013240723e-01
0.000000000000000000e+00 9.070845656857509653e-02 0.000000000000000000e+00 5.229656291358950049e-02 9.055800622085577456e-02 1.191884625839168405e-01 2.950475639750109111e-02 1.702165887643516257e-02 1.462036409261641967e-01 1.016938998634340195e-02 0.000000000000000000e+00 6.909041700404729147e-02 0.000000000000000000e+00 1.872056538799605693e-02 7.413775248746225927e-03 7.992143946774209542e-03 1.029358198489990495e-01 2.547375232801774372e-02 5.767188688386699208e-02 1.550507048781712971e-01
3.455249184277785820e-03 1.501689376170835533e-01 2.644661548910832993e-03 5.242546651766296154e-03 1.503880920873046922e-01 1.959986998947944314e-01 6.683367795924278695e-03 1.166111212421097262e-02 1.182077161338175170e-01 1.712109394908975816e-03 2.620958623932859513e-02 1.265831999725168522e-01 1.998253823520483238e-02 3.207346075080446442e-03 2.318498128628560060e-03 0.000000000000000000e+00 1.082935529335082997e-01 1.272155314868483184e-02 4.456638582969392470e-02 9.954847004354413706e-03
0.000000000000000000e+00 1.301157726379227608e-01 2.341762219326891034e-02 0.000000000000000000e+00 4.739815627956129457e-02 1.530943911538565072e-01 0.000000000000000000e+00 7.147885289004650379e-04 1.740770026870337994e-01 0.000000000000000000e+00 0.000000000000000000e+00 2.839778050220569811e-02 1.424285054995026722e-01 0.000000000000000000e+00 0.000000000000000000e+00 0.000000000000000000e+00 5.767062572120940783e-03 0.000000000000000000e+00 1.843391787717251484e-01 1.102497391739020310e-01
3.767064538627816917e-03 6.741805341970028009e-02 0.000000000000000000e+00 1.102461218042883606e-01 2.081905558742138534e-02 0.000000000000000000e+00 0.000000000000000000e+00 4.617669725316703860e-02 1.907054788286458372e-02 6.309396447724749390e-02 6.162459658370490409e-03 1.256457484443271877e-01 1.307921402760592045e-01 6.941592413627226121e-02 1.543359450690711954e-01 1.309492530012601637e-02 1.395625076924576768e-01 2.598214221453929470e-04 3.013902303785357187e-02 0.000000000000000000e+00
4.686349885074493973e-03 1.156568513392945835e-01 1.183105396595396513e-01 3.212925983197439939e-02 9.757877158498519388e-02 1.343017380278709871e-01 4.696693465061775596e-03 2.792542365283605388e-02 8.558256121723010340e-03 3.152771170928238536e-03 0.000000000000000000e+00 8.173238031137412818e-02 2.932669166892580906e-02 1.375796252548254148e-02 1.384961626869784801e-01 4.571630879111643103e-04 3.222129689195513819e-02 1.123216119809245517e-01 2.812908821031342554e-03 4.187716728612844025e-02
1.021160415616234607e-01 1.550335961610310453e-01 5.519938278792834579e-03 9.457164648293894804e-03 2.464241472590791501e-02 1.926043255587979730e-01 1.459183471972087625e-04 1.564884599560531497e-02 5.743005983445086809e-02 0.000000000000000000e+00 1.685808701194046848e-04 6.640955631369135914e-02 1.811895061508836001e-03 1.442812494715210898e-02 0.000000000000000000e+00 0.000000000000000000e+00 1.494166767270194759e-03 2.831524105816782613e-03 1.614416090276730165e-01 1.888162377950676762e-01
1.042227172875305474e-02 5.972080339375573921e-02 0.000000000000000000e+00 4.590701506304502300e-02 1.738516412059596949e-01 2.181975229014535833e-01 9.997948563217194662e-03 7.343764620140006208e-03 7.348993154071596645e-02 0.000000000000000000e+00 1.209071105735274286e-02 1.397159132072093093e-02 2.693669712220642110e-02 6.704199001122190978e-03 2.770855299516086084e-02 1.763585721135354416e-04 1.001423702537771881e-01 8.607727406535255199e-02 1.206794351073747218e-01 6.581911487778542569e-03
0.000000000000000000e+00 1.275770631657024423e-01 1.096592955056594106e-02 1.172175165149864778e-01 1.480080841590784568e-01 1.103193893531121406e-01 1.189117985667537559e-03 1.553285368778220587e-03 2.180531376732111962e-03 1.914536488103398548e-01 0.000000000000000000e+00 1.918352488564017272e-02 5.421199504556508536e-02 0.000000000000000000e+00 0.000000000000000000e+00 5.220581366272031981e-04 0.000000000000000000e+00 3.377626941023054163e-02 1.449088293709363540e-01 3.693275686603751662e-02
2.091754044137190353e-03 4.261295117063810395e-02 0.000000000000000000e+00 2.144731440177975040e-02 1.509543999971787662e-02 8.985649541023255082e-02 9.072878995142369049e-03 6.909903963358411672e-02 1.332320666996652803e-01 0.000000000000000000e+00 4.237272788219341446e-02 1.283490748525010772e-01 0.000000000000000000e+00 0.000000000000000000e+00 1.349108395052720788e-01 1.185342243536616214e-02 3.843174833259645207e-02 2.152475684410020892e-02 8.997237899621964019e-02 1.500771107968537632e-01
1.060510637083311447e-01 1.191303169076573798e-01 7.691993330476583866e-03 9.620405074956797642e-02 1.753126913250424579e-01 1.632093117377907965e-01 0.000000000000000000e+00 4.600038492152328656e-02 1.005610061862932114e-01 0.000000000000000000e+00 0.000000000000000000e+00 2.417238565938798975e-02 2.501933885446660372e-02 1.355056979839889403e-02 6.954345056371905205e-04 2.492505497464410705e-02 0.000000000000000000e+00 0.000000000000000000e+00 9.737286937959903355e-02 1.035279611833043762e-04
2.099136230127254202e-03 7.885941835160784064e-02 7.175629784143267020e-02 1.810592393579822353e-03 9.975900389469993801e-02 3.350057131874886740e-02 1.641082204858929777e-02 3.429181517597766626e-02 0.000000000000000000e+00 0.000000000000000000e+00 0.000000000000000000e+00 1.534360722924995868e-01 0.000000000000000000e+00 1.153425016020441368e-01 7.735690178741797332e-03 1.104792109708167408e-01 3.878734951841547596e-02 0.000000000000000000e+00 1.259079976076781238e-01 1.098235205750409810e-01
0.000000000000000000e+00 9.182301697600307733e-02 0.000000000000000000e+00 2.248110663695979811e-02 8.382066450533283072e-03 9.189927064061178749e-03 8.366575816913189231e-03 1.227921136811166714e-01 7.703038205515458370e-02 3.835365625794499530e-04 0.000000000000000000e+00 3.049142433558266196e-02 6.851319117434342965e-02 0.000000000000000000e+00 3.076552040303652102e-03 6.428636308686918634e-03 2.782906738264859792e-01 4.023658847470445998e-02 1.272670638846800650e-01 1.052471447118915326e-01
0.000000000000000000e+00 1.211716253456390502e-01 1.891938316039466078e-02 6.735573342041611955e-02 1.411193749818392129e-01 1.722291901951410187e-01 2.386286452545839393e-03 9.033540703881339992e-03 4.003026504400776509e-02 1.149832871178241567e-01 0.000000000000000000e+00 1.174898268319671951e-02 3.196792818533051618e-03 8.021013710451158421e-03 1.178348454620746777e-01 0.000000000000000000e+00 2.864041812272750606e-02 2.333651429394471757e-03 1.698183749017093819e-02 1.240137718617622120e-01
