0.000000000000000000e+00 0.000000000000000000e+00 3.687589558659983696e-02 6.082955704074118584e-03 0.000000000000000000e+00 0.000000000000000000e+00 9.489372446140115561e-03 8.306348806513173810e-02 5.372910331156435793e-02 9.138546278179466437e-03 1.226664469487682117e-02 1.342790037812911508e-01 0.000000000000000000e+00 1.128876162607262909e-02 1.287391732439735481e-01 8.757086283436485430e-02 1.010196481072079266e-01 1.245129983717578603e-01 0.000000000000000000e+00 1.642231427881421339e-03 1.484616624592867418e-02 0.000000000000000000e+00 0.000000000000000000e+00 4.485051957617453705e-02 1.406046286987809313e-01
2.560526804380460625e-02 0.000000000000000000e+00 0.000000000000000000e+00 0.000000000000000000e+00 1.940974576568386262e-02 0.000000000000000000e+00 4.489114502066274270e-02 6.124218770331438244e-02 2.006708416408158752e-02 1.429886453251117684e-01 0.000000000000000000e+00 0.000000000000000000e+00 4.411626867769599669e-02 0.000000000000000000e+00 5.043341973855772729e-03 0.000000000000000000e+00 1.849645458502556794e-01 0.000000000000000000e+00 0.000000000000000000e+00 0.000000000000000000e+00 0.000000000000000000e+00 0.000000000000000000e+00 1.560994785307210087e-01 1.491583212138625769e-01 1.464139677309501397e-01
1.059012899156723704e-03 0.000000000000000000e+00 1.405484023451827325e-01 0.000000000000000000e+00 3.432225992322399805e-02 0.000000000000000000e+00 1.451554060276745162e-01 3.375458058134981482e-02 8.267043525223183309e-02 2.231415680682466776e-02 0.000000000000000000e+00 0.000000000000000000e+00 0.000000000000000000e+00 0.000000000000000000e+00 2.027214089064185709e-01 0.000000000000000000e+00 0.000000000000000000e+00 1.722056387784194065e-01 0.000000000000000000e+00 1.041103471238228467e-01 0.000000000000000000e+00 4.718048207165951788e-03 0.000000000000000000e+00 0.000000000000000000e+00 5.642030314852894413e-02
3.006406118514196816e-03 0.000000000000000000e+00 0.000000000000000000e+00 0.000000000000000000e+00 1.266243861193524015e-02 3.102456442948278714e-02 5.184246463279158085e-02 2.023823304107282700e-02 6.196587398793741014e-02 1.440337421604531154e-01 0.000000000000000000e+00 1.247775939127890449e-01 0.000000000000000000e+00 0.000000000000000000e+00 3.654214652593908846e-02 7.226241093053645953e-03 2.025487500370131144e-01 3.117904552190095893e-02 1.157421370854824216e-01 4.938312714989086943e-02 6.183053461596457745e-02 0.000000000000000000e+00 8.281254064844770224e-03 1.727613098711353740e-02 2.043931602382068752e-02
0.000000000000000000e+00 3.910596528445614214e-03 6.660782856454738887e-02 2.478596613317389508e-03 0.000000000000000000e+00 0.000000000000000000e+00 2.410292287531924094e-01 2.108648264191516006e-02 8.667841739352959846e-03 1.475669842966482320e-02 0.000000000000000000e+00 1.137902879587101151e-01 1.293315973686576421e-03 0.000000000000000000e+00 1.279411246365318722e-01 0.000000000000000000e+00 0.000000000000000000e+00 1.310079644192483489e-02 1.142891653146390837e-02 0.000000000000000000e+00 0.000000000000000000e+00 1.459026821211321934e-01 0.000000000000000000e+00 1.892196733948594278e-01 3.878592967125524954e-02
6.158776877692000162e-03 0.000000000000000000e+00 6.074050268864839008e-02 0.000000000000000000e+00 1.274116950230307910e-01 6.230321661926644175e-03 1.561887118373581074e-01 0.000000000000000000e+00 1.845430594887760914e-02 5.692932557126592630e-02 0.000000000000000000e+00 0.000000000000000000e+00 0.000000000000000000e+00 0.000000000000000000e+00 1.887038808605031037e-01 1.095348029355972114e-01 0.000000000000000000e+00 0.000000000000000000e+00 0.000000000000000000e+00 0.000000000000000000e+00 0.000000000000000000e+00 8.495429198612304555e-02 1.659187878049574183e-01 0.000000000000000000e+00 1.877459680401976500e-02
6.338780197697807539e-02 0.000000000000000000e+00 1.487886634199619418e-01 0.000000000000000000e+00 1.384312665988911006e-01 0.000000000000000000e+00 2.768968113417694110e-01 1.536648314934001003e-01 4.355327218284799941e-03 0.000000000000000000e+00 0.000000000000000000e+00 0.000000000000000000e+00 0.000000000000000000e+00 0.000000000000000000e+00 9.945893598580703154e-03 0.000000000000000000e+00 0.000000000000000000e+00 0.000000000000000000e+00 0.000000000000000000e+00 0.000000000000000000e+00 2.803140235845658426e-02 0.000000000000000000e+00 0.000000000000000000e+00 1.764980019936772115e-01 0.000000000000000000e+00
0.000000000000000000e+00 3.828548166394957902e-03 1.269517862347032955e-01 0.000000000000000000e+00 2.967738751454215146e-02 5.182663843211005907e-03 6.279824152938694518e-03 1.440518395520803685e-01 1.345866134460945995e-01 2.446235392876940778e-02 0.000000000000000000e+00 1.652437071578122529e-01 0.000000000000000000e+00 0.000000000000000000e+00 3.302178862386838387e-02 0.000000000000000000e+00 0.000000000000000000e+00 1.566827889009959895e-02 0.000000000000000000e+00 0.000000000000000000e+00 2.108416567971436312e-02 1.242026445875419466e-01 1.855819094791207524e-03 1.639025791274378585e-01 0.000000000000000000e+00
0.000000000000000000e+00 0.000000000000000000e+00 0.000000000000000000e+00 0.000000000000000000e+00 1.219053954748925001e-01 0.000000000000000000e+00 4.362233004008132797e-02 3.444505116400767980e-02 4.732248879436589534e-02 1.396522694612104161e-02 0.000000000000000000e+00 7.350814692750753943e-02 2.228657612547400163e-02 4.228213041744731567e-03 1.292347712872324861e-01 0.000000000000000000e+00 1.152800093301060286e-01 3.642028937864454086e-02 2.568704869177083211e-02 6.584461598770436665e-03 9.896376968907823896e-03 0.000000000000000000e+00 1.389409709913287660e-01 7.317709132745035816e-02 1.034955519115938610e-01
0.000000000000000000e+00 1.034674262470871436e-02 9.788680486467489505e-02 0.000000000000000000e+00 2.684043273259690762e-02 0.000000000000000000e+00 2.669891918941507125e-01 8.609370577610728215e-02 1.324732980019334705e-01 0.000000000000000000e+00 0.000000000000000000e+00 0.000000000000000000e+00 0.000000000000000000e+00 0.000000000000000000e+00 2.155289312114414338e-02 1.187681290596986766e-01 0.000000000000000000e+00 0.000000000000000000e+00 0.000000000000000000e+00 0.000000000000000000e+00 0.000000000000000000e+00 1.228067386805089950e-01 0.000000000000000000e+00 1.162420632444762375e-01 0.000000000000000000e+00
0.000000000000000000e+00 0.000000000000000000e+00 1.981154481222651143e-01 1.828300977969661220e-02 0.000000000000000000e+00 1.022104198811914361e-01 3.263535051614945282e-01 0.000000000000000000e+00 3.836272610309007791e-02 5.589905975591391574e-02 4.604028652310973926e-03 1.615402717205791372e-01 0.000000000000000000e+00 0.000000000000000000e+00 1.288317981270111282e-02 0.000000000000000000e+00 0.000000000000000000e+00 0.000000000000000000e+00 0.000000000000000000e+00 0.000000000000000000e+00 0.000000000000000000e+00 7.831019489116854138e-02 3.438156119588500065e-03 0.000000000000000000e+00 0.000000000000000000e+00
0.000000000000000000e+00 9.292225646182206145e-03 9.841849203311166250e-02 0.000000000000000000e+00 4.271030568832149404e-02 0.000000000000000000e+00 1.080374219874136177e-01 1.277809252124392503e-01 1.226141755558530083e-01 0.000000000000000000e+00 0.000000000000000000e+00 0.000000000000000000e+00 0.000000000000000000e+00 1.639352426892371232e-03 9.886661597711254856e-02 0.000000000000000000e+00 7.988042033793120444e-02 1.719630998825658758e-02 1.241676642318733925e-01 9.837147322472489241e-02 0.000000000000000000e+00 3.041820873626342389e-02 0.000000000000000000e+00 0.000000000000000000e+00 4.060640895362425257e-02
0.000000000000000000e+00 0.000000000000000000e+00 1.333236211810945593e-01 1.194418446073631851e-03 0.000000000000000000e+00 6.315727943323971860e-02 2.781415140612653047e-01 3.325485511093782126e-02 1.393627114804590339e-01 2.720920003383501314e-03 6.800815946964240731e-04 1.286885111441624097e-02 0.000000000000000000e+00 0.000000000000000000e+00 0.000000000000000000e+00 0.000000000000000000e+00 0.000000000000000000e+00 3.404029042866319604e-02 1.349363598055974278e-01 0.000000000000000000e+00 0.000000000000000000e+00 0.000000000000000000e+00 1.643065585107423773e-02 0.000000000000000000e+00 1.498884414890988837e-01
0.000000000000000000e+00 0.000000000000000000e+00 0.000000000000000000e+00 0.000000000000000000e+00 7.349339621746449336e-02 4.437882769086982232e-02 1.852039633000935881e-01 0.000000000000000000e+00 4.207173041867634522e-02 0.000000000000000000e+00 0.000000000000000000e+00 1.184569755647869593e-01 0.000000000000000000e+00 1.165105014190109985e-02 1.793319982611807709e-02 1.896551015269316506e-02 0.000000000000000000e+00 3.584657516106827535e-02 2.894962760428929083e-03 0.000000000000000000e+00 2.274614157134934294e-03 0.000000000000000000e+00 2.671507772441117923e-01 1.552623677551608072e-01 2.441604960949193479e-02
0.000000000000000000e+00 0.000000000000000000e+00 8.511129253392696326e-02 3.367081163638630664e-02 1.616046169177369485e-01 8.544348598692053098e-02 4.172559234248007787e-02 1.894548579020555873e-02 0.000000000000000000e+00 1.206313697983426442e-01 0.000000000000000000e+00 5.438020431101907304e-02 0.000000000000000000e+00 0.000000000000000000e+00 5.357074455273560382e-02 0.000000000000000000e+00 3.695586400315545306e-02 0.000000000000000000e+00 0.000000000000000000e+00 0.000000000000000000e+00 0.000000000000000000e+00 3.494416871593475360e-02 1.303215875418188563e-01 0.000000000000000000e+00 1.426947758693370982e-01
0.000000000000000000e+00 0.000000000000000000e+00 6.798466581807044440e-02 0.000000000000000000e+00 1.007014040339317962e-01 3.599356681684953013e-02 2.898354260120735160e-01 1.777696299549651193e-02 2.417105336640993155e-02 0.000000000000000000e+00 0.000000000000000000e+00 0.000000000000000000e+00 3.067509912893182436e-02 0.000000000000000000e+00 0.000000000000000000e+00 0.000000000000000000e+00 0.000000000000000000e+00 1.272604139182815230e-01 1.334706946433091845e-01 0.000000000000000000e+00 0.000000000000000000e+00 0.000000000000000000e+00 2.025817953519531197e-03 2.580189442052684915e-03 1.675247058710736259e-01
8.314268159032106587e-02 0.000000000000000000e+00 0.000000000000000000e+00 5.256500548001873802e-02 1.810581662017845053e-02 3.816876214799735587e-03 9.726779606238604436e-02 4.836441227004347615e-02 1.025984793572891351e-01 1.577964002384117104e-01 0.000000000000000000e+00 0.000000000000000000e+00 0.000000000000000000e+00 7.392353560136169163e-03 1.552965933307858849e-02 0.000000000000000000e+00 2.339288923895443684e-01 0.000000000000000000e+00 1.183422061921429042e-01 2.979474112621909032e-02 0.000000000000000000e+00 2.565531313769764052e-02 5.699366427732873407e-03 0.000000000000000000e+00 0.000000000000000000e+00
0.000000000000000000e+00 0.000000000000000000e+00 9.876930063703104334e-02 0.000000000000000000e+00 7.463917373644561939e-03 4.837619225072652823e-03 2.731840535859261232e-01 2.097737553873986471e-01 1.280176114598095827e-01 2.694618711720484991e-02 0.000000000000000000e+00 0.000000000000000000e+00 0.000000000000000000e+00 0.000000000000000000e+00 6.517966051154047702e-02 0.000000000000000000e+00 3.957584298939087128e-03 0.000000000000000000e+00 1.248623957793239536e-01 3.845492467381821013e-03 0.000000000000000000e+00 4.242176510703333375e-02 0.000000000000000000e+00 0.000000000000000000e+00 1.074065704969390592e-02
1.602793038884554877e-02 2.552339777591112677e-02 1.064182775378510505e-02 1.451345958218112214e-03 0.000000000000000000e+00 7.329468521894508953e-04 1.973084969282652701e-01 1.613414144443456322e-01 1.938415516263292462e-02 1.807802030797232016e-03 0.000000000000000000e+00 0.000000000000000000e+00 3.436912053071754757e-03 0.000000000000000000e+00 1.739878968463401676e-01 5.211399515588295561e-02 0.000000000000000000e+00 1.367002196893154775e-01 4.894253027996795305e-03 0.000000000000000000e+00 2.486376191568858904e-02 0.000000000000000000e+00 1.425819645098615196e-02 0.000000000000000000e+00 1.555254475657278646e-01
0.000000000000000000e+00 0.000000000000000000e+00 1.222307861598912887e-01 1.267089431348275286e-01 1.218240562050227904e-01 1.822409980669280338e-02 0.000000000000000000e+00 0.000000000000000000e+00 1.767920249125350118e-02 1.213888345250574846e-01 0.000000000000000000e+00 1.359094712242866175e-03 0.000000000000000000e+00 4.414277065941534656e-03 8.932298889301516776e-02 0.000000000000000000e+00 4.124056737537620115e-02 7.365978901153302782e-02 0.000000000000000000e+00 0.000000000000000000e+00 2.153788233568964747e-02 0.000000000000000000e+00 0.000000000000000000e+00 2.382899422729057443e-02 2.165804840561654787e-01
1.068864728674555689e-03 0.000000000000000000e+00 0.000000000000000000e+00 0.000000000000000000e+00 2.058972023931966017e-02 0.000000000000000000e+00 1.435439164642649534e-01 8.665200354540054939e-02 0.000000000000000000e+00 2.480655714134569201e-02 0.000000000000000000e+00 0.000000000000000000e+00 0.000000000000000000e+00 0.000000000000000000e+00 1.315432221504749810e-01 1.085955889195410473e-01 1.138391673224146972e-01 5.163859070408874374e-02 3.489211534588163716e-02 4.535907672849211203e-02 1.423275349493215158e-02 0.000000000000000000e+00 1.201111079255350184e-01 0.000000000000000000e+00 1.031273152896340639e-01
0.000000000000000000e+00 1.678709710277521625e-02 8.618575758593746694e-02 0.000000000000000000e+00 0.000000000000000000e+00 0.000000000000000000e+00 6.079098157841151401e-02 0.000000000000000000e+00 2.312754362820368045e-02 1.393081274347557907e-01 0.000000000000000000e+00 1.463874839688870944e-02 0.000000000000000000e+00 0.000000000000000000e+00 1.834952289213901411e-01 5.471232236638215451e-02 2.373312327459823484e-02 0.000000000000000000e+00 0.000000000000000000e+00 1.494762772046880073e-01 0.000000000000000000e+00 0.000000000000000000e+00 6.515252020050366077e-02 3.093065135180340930e-02 1.516616209536619797e-01
0.000000000000000000e+00 7.235464219833445676e-02 1.625540004000332051e-01 0.000000000000000000e+00 7.976431739312029104e-03 0.000000000000000000e+00 1.546314505412141882e-01 2.388464258856246719e-02 1.174392022744765729e-01 3.517085893996463753e-03 0.000000000000000000e+00 0.000000000000000000e+00 1.013949859862532318e-02 1.300985966403897694e-02 1.337710929671281079e-01 0.000000000000000000e+00 1.265720122538409147e-02 0.000000000000000000e+00 0.000000000000000000e+00 0.000000000000000000e+00 0.000000000000000000e+00 0.000000000000000000e+00 1.640712810797970433e-01 1.239936108290972117e-01 0.000000000000000000e+00
8.733828720707205451e-02 2.358335544876350581e-02 0.000000000000000000e+00 0.000000000000000000e+00 1.657478894307514317e-03 1.031025569129785796e-01 1.711380928455030481e-01 1.547521139023783944e-02 0.000000000000000000e+00 0.000000000000000000e+00 1.041404952556311721e-02 0.000000000000000000e+00 0.000000000000000000e+00 1.427321777716601507e-02 4.116436393547175804e-02 0.000000000000000000e+00 0.000000000000000000e+00 1.334546698537861509e-01 1.489515170656330045e-01 3.127724957850476495e-02 1.458514929343107669e-02 0.000000000000000000e+00 3.836100143757149254e-03 5.134508264849777653e-02 1.484036174793266494e-01
0.000000000000000000e+00 1.016398281945640608e-01 6.741274822437866299e-02 0.000000000000000000e+00 3.300347526088386052e-02 0.000000000000000000e+00 1.052746906882925590e-02 0.000000000000000000e+00 2.630943898638737899e-02 0.000000000000000000e+00 0.000000000000000000e+00 4.280726360672382907e-02 0.000000000000000000e+00 1.659226845584871324e-02 2.727207636622785425e-01 1.159891361151455941e-01 4.637516928163184365e-02 0.000000000000000000e+00 0.000000000000000000e+00 0.000000000000000000e+00 1.008364093436825010e-01 4.434509323036068054e-03 6.290164430994769386e-03 0.000000000000000000e+00 1.550613560456149120e-01
