0.000000000000000000e+00 8.338066135798211098e-02 0.000000000000000000e+00 5.662675130065642111e-03 3.944519660796719923e-02 1.451628695439668715e-01 4.138855933300440021e-02 5.678549727345377079e-02 0.000000000000000000e+00 0.000000000000000000e+00 0.000000000000000000e+00 1.310163862523484966e-03 3.009924854286688545e-02 2.891892088556652102e-03 4.508930347216534573e-02 2.571465735230983943e-03 3.712795908638141101e-02 1.196211827770252700e-01 1.538357584349715201e-01 2.356275667538383634e-01
2.893458277414079349e-02 9.471382796060932863e-03 3.139735867410282932e-02 2.437598066501319161e-01 1.477261365913626334e-01 1.230853312400025101e-01 3.351502361223699517e-02 1.752133713003687365e-01 6.107401973200188988e-03 0.000000000000000000e+00 0.000000000000000000e+00 5.728874722979978087e-03 0.000000000000000000e+00 1.666047653368104122e-04 0.000000000000000000e+00 6.648353658592600019e-04 3.248449358659555547e-04 3.224209611181747318e-05 4.000368885684024017e-02 1.538685136453986357e-01
2.184418337614965535e-03 1.332600753655330816e-01 4.270818487150397288e-03 1.383503909166840518e-01 1.798768665187071847e-01 4.727710884711748551e-02 8.788173548387602507e-02 1.128804282338206379e-02 5.340585991931001003e-02 9.638334770104443894e-02 0.000000000000000000e+00 8.424466822091714394e-03 0.000000000000000000e+00 6.218588542817855142e-02 2.244026097411362056e-03 1.450010526389912575e-02 1.895550907242232698e-03 1.997806312881599076e-03 1.384636757392343487e-01 1.610981902864149287e-02
0.000000000000000000e+00 3.286692068954610163e-02 1.231405179939283785e-02 1.766337612989445638e-01 1.791224487584839589e-03 1.042030807462339670e-01 1.265543497975193665e-01 1.413201947272449410e-01 1.472253454830565467e-01 3.160288807187631999e-02 6.680684040643225866e-03 1.028681436160402696e-01 9.940434077625339912e-03 0.000000000000000000e+00 8.979468619938282131e-03 8.775551178595207558e-03 2.937845876152440569e-02 5.763219560863136297e-03 2.919707371949480101e-02 2.390514932387573580e-02
0.000000000000000000e+00 3.587147738102202527e-02 7.825807888856314669e-04 2.179823358325170268e-01 2.289050649802005372e-02 1.745733736248033519e-01 1.200092721449550100e-03 1.100154374211283204e-01 1.258236107837620854e-01 4.110384663532568213e-03 0.000000000000000000e+00 6.574151416045423413e-02 8.775349989711923870e-02 0.000000000000000000e+00 0.000000000000000000e+00 0.000000000000000000e+00 0.000000000000000000e+00 1.607741467187292703e-02 1.371777715554330646e-01 0.000000000000000000e+00
1.171733598560327355e-01 1.701878550609943475e-01 9.008970275363419392e-03 1.227244220011771900e-02 1.473511645877348675e-01 0.000000000000000000e+00 5.204996645387448967e-02 1.381307059239369854e-02 1.762911197787990492e-02 4.674295251980508693e-03 0.000000000000000000e+00 1.802843925924023372e-01 4.835901900232877047e-03 3.014035988099241295e-03 0.000000000000000000e+00 0.000000000000000000e+00 5.240042095341663347e-02 0.000000000000000000e+00 1.639611745969305201e-01 5.134383771254664997e-02
4.761198960395751113e-04 3.311523980332042177e-02 0.000000000000000000e+00 2.136547145209340692e-01 1.296553482629723142e-01 1.655731072507855839e-01 2.225725325080446862e-02 2.753198589612645270e-02 3.330337235958122236e-04 2.973764723570008432e-03 1.013822412257453683e-02 1.460983245470260095e-01 1.699306797358598742e-01 1.030406340805438788e-04 3.439061836268546800e-03 1.142403096724415538e-03 0.000000000000000000e+00 1.558182092881941257e-03 5.100798277061807662e-02 2.101153383581737949e-02
4.447359209550415943e-02 4.962861017550593279e-02 0.000000000000000000e+00 2.145811728087862746e-01 0.000000000000000000e+00 3.282448380151748823e-04 1.096204601431863684e-01 1.501315289575524403e-01 9.307687310350538923e-02 6.551589922155751956e-03 0.000000000000000000e+00 1.669879568538230330e-01 8.733727302038094345e-03 1.740553471019800139e-02 4.540918418852549904e-02 0.000000000000000000e+00 4.981050929380561980e-03 2.006278507151333657e-02 6.572850674743919985e-02 2.299182152870782748e-03
8.857721632748493182e-03 3.624860001420597555e-02 7.917118483650262967e-04 1.406079992344967389e-01 1.549815653923033443e-01 1.317485141546032579e-01 3.889586944278101976e-02 1.330522443070590310e-01 1.551912481814451128e-01 1.650874080616262238e-03 5.738409144695307473e-04 9.895752365833815345e-03 1.008581430101001576e-02 0.000000000000000000e+00 0.000000000000000000e+00 4.543275775934088601e-02 2.613909125510320217e-03 7.846839777405183723e-05 9.089678727683185534e-04 1.283841409746686313e-01
5.248931384438444703e-03 1.926070409358558444e-01 1.042609628915374675e-01 6.010635016950729298e-02 1.502333899964883868e-01 3.957216004935525458e-03 7.360408492097389455e-02 5.905186808370824908e-03 1.661902169189725367e-04 3.735069728514909572e-03 1.092006894322305847e-03 1.162455772073151539e-01 1.350978044957336019e-02 9.771984754835514892e-04 1.221720699361284607e-01 3.967941829569664701e-03 0.000000000000000000e+00 1.538536029247620292e-04 9.969870462996953744e-04 1.410601615008414689e-01
0.000000000000000000e+00 8.817426103697917350e-02 0.000000000000000000e+00 1.281354113607501843e-01 1.610388901923536301e-02 7.009774178708400028e-02 3.449814227541866257e-02 1.925468760625068197e-03 1.202528682781698124e-02 0.000000000000000000e+00 2.740749676571973582e-03 2.045444862348173853e-01 1.557911755725229497e-01 0.000000000000000000e+00 4.419767000157589880e-03 0.000000000000000000e+00 5.253485193668435034e-03 1.144827579171204673e-01 1.287828558884164254e-01 3.302452144881531937e-02
8.035145128106199741e-03 2.930378687691907041e-02 2.161229204192162499e-03 1.015422982782034425e-02 0.000000000000000000e+00 6.308758311961820686e-02 4.578012915329728733e-02 4.494755531005809046e-02 2.021368431084172856e-01 3.599338785848060773e-02 0.000000000000000000e+00 2.244770003487441545e-01 0.000000000000000000e+00 2.132791013768853012e-03 5.093867259010147718e-03 5.259633481312820866e-03 1.186587385141813292e-02 1.261474586768533690e-01 3.247665428829031586e-02 1.509468314936928957e-01
4.894681321995705825e-03 1.252825498701510935e-02 6.538628519427041631e-04 1.524716070476149765e-01 4.307851465046226049e-03 2.501516529317523441e-01 5.906952520045296445e-02 1.155221747843467317e-01 5.354203153429868550e-02 8.987269633277033881e-04 9.968717819067215297e-03 2.526687687843595098e-01 1.359923760738365045e-02 0.000000000000000000e+00 3.160435646395338277e-02 0.000000000000000000e+00 1.192495792646279529e-02 3.319992844619115225e-04 2.158589609034978346e-02 4.275696936168532289e-03
2.453104037089310144e-03 1.497744597229354602e-01 0.000000000000000000e+00 1.756438150859994940e-01 8.053991256148441968e-02 1.367434960319822146e-01 4.578993261705861795e-02 1.355067372183255958e-01 5.871086892587664557e-03 3.292685036251269729e-04 3.843278966079098982e-03 1.280639715721818561e-01 9.957654742730583444e-04 0.000000000000000000e+00 6.429871465397875817e-03 5.611242423800043462e-03 4.124434253306574066e-02 5.395850732919897511e-04 8.062012982082238099e-02 0.000000000000000000e+00
2.479360849500961443e-04 5.079850826623028004e-02 1.628777241216522323e-03 2.838184293694997473e-01 0.000000000000000000e+00 7.053759839237205842e-02 0.000000000000000000e+00 1.659302015446823680e-02 2.472055056874286616e-01 1.203073419017892769e-02 0.000000000000000000e+00 3.325728703813788517e-02 0.000000000000000000e+00 1.716557489272932044e-02 4.902269919120417260e-04 8.754860008302808036e-04 8.348881000762319732e-03 9.316545846920455676e-02 1.576055526640700033e-01 6.231023556008919058e-03
0.000000000000000000e+00 1.291196388029491049e-01 6.536374060818209153e-03 1.419780485285621618e-01 1.306946783043368143e-01 1.018881524962711727e-01 6.914422848885882524e-03 3.096756326450355451e-02 1.604753512234875171e-03 9.696118940469622416e-03 0.000000000000000000e+00 1.589134668070492362e-01 0.000000000000000000e+00 0.000000000000000000e+00 2.176199303821601747e-03 0.000000000000000000e+00 0.000000000000000000e+00 8.350930022074450065e-02 7.142119756891454618e-02 1.245800853404386843e-01
1.043213551046958676e-01 1.408875657815811949e-02 1.934223678712814268e-02 0.000000000000000000e+00 6.135956897587361430e-02 1.997199352097744351e-01 5.307628443095681672e-03 1.729285654165418351e-01 1.457379658525873867e-01 0.000000000000000000e+00 0.000000000000000000e+00 3.695412330123811623e-02 0.000000000000000000e+00 0.000000000000000000e+00 1.561946163399229514e-03 0.000000000000000000e+00 2.134767530644213901e-02 1.856204195220035420e-03 7.108086357120821375e-02 1.443931750946371440e-01
3.635499258905481191e-03 6.791630553845255658e-02 8.173443550316794592e-03 2.192478730359203112e-02 9.152479642289071404e-02 4.606226646519246543e-02 2.302663659990591624e-02 8.080731688804557514e-03 7.131341976207974942e-02 3.244461507187820087e-04 2.994174476633329647e-03 1.369565352616943787e-01 9.033550087823355446e-02 3.073547193128950417e-02 1.338417886207410867e-01 1.401170476804894718e-02 3.339742085852706599e-02 8.801314046563421534e-02 4.661347957984955659e-02 8.111845041848923799e-02
1.108555900993061227e-01 1.237254861563387431e-01 1.044411902846175376e-02 1.824261650832830206e-01 2.586699861905232198e-02 9.800205694806276083e-03 3.649949789061136124e-02 7.167370954314525311e-02 2.982372783253019188e-02 1.385081538431041752e-03 0.000000000000000000e+00 1.288480133356891544e-01 7.465717277443693423e-04 7.137651746567558186e-02 1.358887597768196620e-01 5.706008819632718727e-03 1.602708230205091477e-04 1.225833399739390851e-02 4.750279644438590754e-04 4.203991460361424654e-02
0.000000000000000000e+00 6.647967855532181669e-02 2.939956066549556744e-03 0.000000000000000000e+00 1.661411478183183188e-01 2.150674634727482437e-01 3.067080426694320308e-02 8.153056309633048560e-02 0.000000000000000000e+00 0.000000000000000000e+00 0.000000000000000000e+00 2.209794468903514275e-02 0.000000000000000000e+00 0.000000000000000000e+00 3.965950800059938643e-03 0.000000000000000000e+00 0.000000000000000000e+00 5.234171925385002616e-02 2.227576631865443579e-01 1.360071087942990031e-01
1.497365989220625186e-03 1.154601875005585171e-01 4.786874088478347577e-04 4.552349187432380706e-02 1.934182823668061102e-02 3.266267805646291128e-02 7.417680251188799034e-02 3.325821270801487123e-02 2.795194765466990552e-03 7.889340298313848865e-02 0.000000000000000000e+00 1.337866714632750254e-01 1.047503633981915899e-01 3.755691498968449782e-02 1.480019110393049897e-01 6.589089586748772195e-03 3.824380304182091461e-03 0.000000000000000000e+00 1.532729634816628120e-02 1.460755208358440749e-01
2.472505586220041102e-02 9.963305547550256602e-02 4.261999818072843838e-02 1.630785618017419059e-02 1.880786003691315572e-02 0.000000000000000000e+00 3.616051291095565001e-02 1.655934332652840568e-01 1.533735227249760080e-01 1.662564545696101047e-04 3.695794182467156044e-03 1.308595364385123361e-01 5.193506053437200488e-03 3.360307698042418190e-02 1.256913508414342524e-02 5.485182962281066887e-02 0.000000000000000000e+00 2.631097676491832814e-03 1.448706770685499745e-01 5.433779580185899710e-02
0.000000000000000000e+00 8.416365362648441095e-03 1.581915262699667719e-03 8.753600478708266353e-02 1.047720256406651645e-01 6.225451926512685051e-03 8.324543792192554397e-04 1.306187968225133167e-01 6.412840921775074532e-02 1.099730305512331210e-02 1.161774621573543470e-03 1.404821378536101339e-01 6.383078394858737736e-02 9.040554943179797409e-03 7.296750868273370154e-03 7.374388853036205338e-02 5.303111590370670429e-04 7.424020110972534559e-02 1.611071676497439487e-01 5.345770286169206076e-02
0.000000000000000000e+00 1.465090628222831259e-01 1.949674436641565551e-03 1.387644445055523194e-02 2.458901939168665549e-02 1.552021948000125579e-02 1.878300365040936060e-01 1.281543666437890139e-01 6.389439531034818431e-02 1.163643756857651868e-03 0.000000000000000000e+00 1.071370301341514203e-02 1.466313385377935319e-01 0.000000000000000000e+00 6.925283588721101342e-03 2.340767403276518624e-02 1.087917714935876003e-02 4.240810126184778144e-03 1.384889434102381800e-01 7.522620734526699882e-02
4.831060960562862105e-02 1.194785071408192151e-01 4.529944780830242636e-03 2.337810138100890334e-02 8.035519655837243536e-03 0.000000000000000000e+00 9.852653150089715761e-02 1.547317715586194742e-01 3.031695214643043146e-01 5.859751701173790753e-03 2.295648596496500753e-05 1.425816597689300719e-02 0.000000000000000000e+00 1.284481627221464688e-02 5.026045738779031519e-02 0.000000000000000000e+00 7.654878426836908643e-04 7.392051772336682633e-03 6.786008145709864804e-03 1.416497973272877187e-01
5.496827063368353583e-02 6.858699537617519992e-02 0.000000000000000000e+00 5.400472819172155714e-02 1.381560034898896699e-02 1.301047935106471737e-02 6.234281371126706994e-02 2.896258078907221895e-02 1.954525199369807897e-01 5.325198245774021011e-02 0.000000000000000000e+00 1.462129265786270005e-01 3.782479814231629045e-02 1.809552967006566176e-02 0.000000000000000000e+00 3.418785788853403312e-03 9.642067725203436190e-02 2.115565842681759248e-02 1.305248307965115873e-01 1.950822548079751131e-03
1.611141037304729580e-04 1.297068089707792415e-02 4.375511937980626660e-03 2.544722211076431151e-01 1.725518437141617123e-01 3.241492203619334572e-02 1.460900534244827936e-02 1.579526524899622919e-01 1.144944445229412883e-01 0.000000000000000000e+00 9.692761566990301322e-03 1.726144746566315308e-02 1.044997073803466230e-02 8.852670318234272251e-03 1.365023467212065911e-01 0.000000000000000000e+00 5.100067228386183892e-03 3.607262385371322322e-02 1.025081522765693837e-02 1.814900727975808040e-03
0.000000000000000000e+00 1.538666081096013716e-01 1.744756982296599354e-02 6.445677930305726555e-02 1.420973392199296765e-03 2.181868146733810868e-02 0.000000000000000000e+00 2.220254874427512234e-03 1.584380683098277620e-01 0.000000000000000000e+00 0.000000000000000000e+00 1.823499623452632390e-01 0.000000000000000000e+00 1.818352278937258176e-02 7.871849715113118234e-03 0.000000000000000000e+00 1.279489673302298437e-02 7.404757738166539704e-02 1.575555430179434724e-01 1.275277127382017650e-01
8.649775953528985543e-05 3.818314415182654659e-02 2.983378173126874019e-02 9.370229418967703297e-03 2.377819580522179052e-02 7.249509689951318114e-02 9.117427196488144328e-03 4.444959549097206308e-02 1.137510374655094775e-01 2.096333136976512648e-02 0.000000000000000000e+00 2.393840335841525280e-01 1.507817742002021122e-01 4.900144651413876340e-02 6.023220678552589254e-04 0.000000000000000000e+00 1.100350167558720527e-03 2.237024379046979525e-02 3.520760250511333067e-02 1.395238898814415984e-01
0.000000000000000000e+00 2.972894710235975818e-02 3.501133876563532893e-02 9.382686439483181595e-02 4.179040754870971819e-02 7.293278360782023961e-02 2.583762300714440366e-02 7.919261559772235171e-02 1.667181387455675238e-04 1.265918562292971811e-02 0.000000000000000000e+00 8.210156211178469554e-02 1.222630958776323301e-01 4.499087731922059991e-02 1.500884772991966376e-01 3.954744606859091072e-02 1.374953869793023829e-02 1.371492535316192196e-01 0.000000000000000000e+00 1.896326530812624325e-02
0.000000000000000000e+00 3.506889410502360416e-02 2.250721579565533037e-02 1.648472515037105735e-01 7.876986534237710724e-02 1.257728049565484951e-01 5.844882006529441426e-02 4.422861494826079570e-02 1.378702039298330129e-01 0.000000000000000000e+00 3.826789432289817369e-03 1.406203274539318156e-02 3.330122194273098073e-04 0.000000000000000000e+00 1.397248217466021958e-01 1.257613957842500067e-02 1.795598369366904756e-02 2.270796632512988786e-02 3.759590994680034673e-03 1.175399926176801668e-01
0.000000000000000000e+00 0.000000000000000000e+00 1.414436112041805686e-02 6.562256505333131712e-04 0.000000000000000000e+00 1.960257276602976328e-01 3.122649676257639728e-02 1.579393140880031715e-02 2.148538089633698078e-01 0.000000000000000000e+00 0.000000000000000000e+00 1.953284507249808122e-01 8.810065718888209982e-03 0.000000000000000000e+00 1.812237067166038579e-02 0.000000000000000000e+00 0.000000000000000000e+00 3.366722902736124837e-04 1.733443608108629352e-01 1.313575282173385650e-01
0.000000000000000000e+00 4.045717606095135775e-03 1.332202700672403296e-02 9.910872452387758935e-02 2.022254246313588688e-01 0.000000000000000000e+00 1.887904996542425634e-02 5.587951932877015943e-02 1.180137981986233847e-01 0.000000000000000000e+00 1.365914604345360057e-02 4.619519769101143591e-02 0.000000000000000000e+00 0.000000000000000000e+00 0.000000000000000000e+00 1.356854673786489843e-02 0.000000000000000000e+00 1.604427812341601145e-01 1.403526852276099079e-01 1.143073818050266005e-01
3.475483253666724476e-02 1.527206624201823681e-01 2.312582216240231803e-02 5.659580784681670328e-03 1.678825191707759151e-02 2.909628195628653768e-02 1.143109187979826358e-01 1.296256518576723860e-01 1.594375021356308764e-01 7.833116480769127411e-04 0.000000000000000000e+00 1.512982156105264486e-01 1.184077300960442204e-02 0.000000000000000000e+00 3.825831228745664447e-02 0.000000000000000000e+00 6.457594852010055397e-02 5.186224412524857025e-02 7.546387409592828291e-03 8.315302820809805651e-03
0.000000000000000000e+00 2.928036424305481555e-02 5.251936355520825384e-02 1.556100845545896894e-01 4.129559670862980453e-02 1.814146535137819705e-01 0.000000000000000000e+00 1.463288646060167397e-01 7.949867984880033822e-02 0.000000000000000000e+00 0.000000000000000000e+00 0.000000000000000000e+00 1.671797505827954944e-01 0.000000000000000000e+00 0.000000000000000000e+00 6.020973188054806746e-03 7.215579477391177114e-04 0.000000000000000000e+00 1.396308210804701744e-01 4.992901708587463121e-04
9.382673737534662217e-02 2.737860273588230836e-02 4.833645000077145884e-03 1.970843069492790936e-02 2.983954770148910043e-02 1.161875029258147701e-01 4.582855256767926627e-02 7.957924962678390723e-02 4.889683614153550462e-02 1.167982245709423168e-02 1.536223385283156642e-04 1.519304936085786595e-01 3.331356095942585201e-03 8.185573773997614766e-02 9.428766460209564784e-03 5.027164380748061967e-04 3.557793636924002495e-02 7.424204491425977215e-02 1.318144436450873272e-02 1.520369544440504928e-01
1.297485272349940908e-03 8.826130777324675547e-02 2.227986676057392215e-02 1.060624382235114127e-01 1.362117438554628357e-01 1.301887947931748557e-01 1.390892993957592860e-01 2.051960714893180660e-02 1.064088767889522467e-02 0.000000000000000000e+00 4.541418442925842028e-03 1.202103865012100203e-01 8.884243433056233236e-03 2.488792034772565123e-02 1.437949898018992811e-01 0.000000000000000000e+00 0.000000000000000000e+00 0.000000000000000000e+00 3.951142384337138005e-03 3.917846818693970085e-02
0.000000000000000000e+00 7.211798351545549435e-02 3.289066305366495431e-04 2.515295130249963883e-03 5.784960000805684094e-02 1.020163536487785488e-01 1.570852803496940522e-02 1.532355662887463776e-01 3.344633108312329572e-02 0.000000000000000000e+00 0.000000000000000000e+00 1.987184438505575079e-02 7.516957352568302830e-02 0.000000000000000000e+00 1.320736372063647211e-02 9.246558693994126610e-02 3.700400884797717255e-02 1.044546561854237761e-03 1.555288041934550503e-01 1.684897074854803667e-01
4.371954265821560888e-03 8.876305206592658911e-03 0.000000000000000000e+00 1.834157597200637355e-02 1.922383008157681206e-01 1.468148967582759146e-01 1.054549586636767816e-01 3.282628974813246031e-02 3.512175824160415627e-02 0.000000000000000000e+00 0.000000000000000000e+00 5.460898688153917324e-02 0.000000000000000000e+00 3.213384403832525264e-03 8.168009009619538185e-02 3.114491466929737370e-02 2.910142466928090921e-03 2.302242725529699829e-01 2.138681451170230952e-02 3.078535474565722782e-02
4.707592280475490949e-03 1.454938394186773010e-01 4.921544587338761746e-03 1.387321563708858729e-01 1.409173234983385203e-01 6.708027754121441422e-02 7.629336407266278097e-02 4.962198815244021942e-04 8.593289248247069911e-02 1.470003121030819589e-03 0.000000000000000000e+00 2.308330907329930043e-02 3.676277946700704652e-02 4.386603017733218743e-03 0.000000000000000000e+00 1.817372265053163270e-03 0.000000000000000000e+00 0.000000000000000000e+00 2.277113544342400098e-01 4.019336848804840739e-02
