1.095040720257570849e-01 1.475658738657997515e-01 9.276430378841033636e-03 1.933490967952561151e-03 0.000000000000000000e+00 3.416126734838686660e-03 1.148364593587850382e-02 1.001456327612645957e-03 1.810650809771614800e-01 0.000000000000000000e+00 9.952391965535706611e-03 1.621163909545139392e-01 5.311222974596833263e-02 2.049324087196284505e-02 1.299940467364262553e-01 6.419447047978511789e-03 4.893618905093609188e-03 4.418788038032420845e-02 8.677502627592129439e-03 9.490707355076276330e-02
1.188418305244165196e-01 2.531785732147566123e-02 8.171929928107779517e-03 1.318568480733542207e-02 2.423578779402546166e-02 0.000000000000000000e+00 1.844453133007399256e-02 0.000000000000000000e+00 1.612506263590334499e-01 3.919283599170151483e-02 0.000000000000000000e+00 2.189254862717769368e-01 0.000000000000000000e+00 1.144046416862215358e-02 1.603935822045582382e-02 0.000000000000000000e+00 2.344927956974895977e-02 2.798150752904184912e-01 3.431825168333583337e-02 7.371000739472079871e-03
3.488138181444458853e-03 3.664345477200604134e-02 4.643539330531088610e-02 9.126020453696065404e-02 1.577184542566752445e-01 1.445066000062595300e-02 7.457627651691541015e-02 1.432083530996384156e-02 8.981380654911532303e-04 1.643258611626309150e-03 0.000000000000000000e+00 1.166442149697682479e-01 5.144508758832225942e-02 3.669316376436139449e-02 8.431761576174093969e-03 0.000000000000000000e+00 3.259165441412983227e-02 1.507737812859819559e-01 1.433762855879563702e-01 1.860923725628587516e-02
4.063136723507928226e-03 4.473454607538828592e-02 1.701379789952433587e-03 3.784018472483405282e-02 9.574238698846417039e-02 7.690097590511778269e-02 1.184736414445029112e-02 8.501244853533379553e-02 1.545050359975058685e-01 2.289944221406786922e-03 3.316473411113476282e-04 1.162003110921236565e-01 6.366021441404982883e-02 3.019492210094395709e-02 1.228001007761919117e-01 1.092433109576377431e-02 1.151366836610169617e-03 8.194689112087454042e-02 3.458718272714115388e-02 2.356562938922832778e-02
1.639796085474175703e-03 2.599415380691793079e-02 0.000000000000000000e+00 2.072822699159539844e-02 7.663966602888087898e-02 1.170091223940753766e-01 2.598745999756099656e-02 1.695975605878342896e-01 2.642389744588316894e-02 9.592842885366376429e-04 1.889372874647277838e-03 5.016982491226112256e-02 1.732002313322161466e-02 1.181551122496109045e-02 6.483713040187367429e-04 0.000000000000000000e+00 2.024260662438621267e-02 7.621924087521611546e-02 2.193745080928066193e-01 1.373413733317223329e-01
1.073821237677118207e-01 2.192294270783125276e-02 7.563596265210187353e-02 1.292714911810868665e-02 2.593049876717798755e-02 5.767745159279274308e-02 3.900877412635602413e-03 1.445437761014499722e-01 5.445852975874033303e-02 1.095227842638748540e-02 7.822949770657667071e-03 6.558644509740357842e-02 6.934741250016653036e-02 6.504618565849186289e-03 1.032450782262198628e-02 9.025983439125480345e-02 9.029360403756202247e-02 6.217378099645040623e-02 1.771789253924303115e-02 6.463736397385308474e-02
1.488522833223909769e-01 1.208298185944041772e-02 0.000000000000000000e+00 9.097276384929241233e-02 3.710769833854437455e-02 7.478858301581123476e-03 0.000000000000000000e+00 2.687525465199010200e-02 1.646739711938955408e-01 1.553624954271510573e-02 7.005312797644093654e-03 1.422196983665108272e-01 1.200672286772680591e-01 8.052660443966183634e-02 0.000000000000000000e+00 0.000000000000000000e+00 0.000000000000000000e+00 3.916776282159558503e-02 5.627828568294357403e-02 5.115504615452610981e-02
1.131848296221211470e-01 0.000000000000000000e+00 5.945866362434254482e-02 1.016261598034430211e-02 7.918733734883640551e-04 0.000000000000000000e+00 8.474675586628827029e-02 1.573872971458756612e-02 4.702222033526488182e-02 3.718846768358380871e-03 6.993014756314776086e-03 8.756801335323428914e-02 5.191191734560638565e-02 3.784736196264795738e-02 7.718684963119774867e-03 0.000000000000000000e+00 9.172013206209975872e-03 9.621781478160428003e-02 1.758447055580254215e-01 1.919019387884416949e-01
8.175116006040811234e-02 0.000000000000000000e+00 4.560475111994389055e-03 1.548113525602300145e-01 4.842475395240553732e-02 6.750119116442465650e-02 5.630799064672898507e-02 1.122213294880212847e-01 8.548886591256633829e-04 6.628993667172383870e-03 1.415005530449677034e-06 1.546791853330316269e-01 0.000000000000000000e+00 1.809503506195724379e-02 3.447427215172517434e-02 3.570741608455704069e-02 1.035732470879800887e-01 1.177858508819952799e-01 8.592019217852441383e-04 1.762241160926783729e-03
7.301522296889122188e-03 0.000000000000000000e+00 1.422279021850700320e-03 1.042105388005627221e-02 1.315808470537701835e-01 3.864772238462472337e-02 4.260980809452118157e-02 1.872743108902113485e-01 1.442584400546924051e-01 0.000000000000000000e+00 6.922073394363151451e-03 1.618115559153102123e-01 0.000000000000000000e+00 8.066634358573705060e-03 2.316116013345963578e-02 1.807120924878283935e-02 6.521101407273385830e-02 1.497365021896902328e-02 8.121605179697342913e-02 5.705066718421811234e-02
6.651886180639171586e-02 6.199056664663341043e-02 6.539697194790520217e-03 1.100403783005816233e-01 3.982325456113316314e-02 4.669741343339876144e-02 3.309536113699861233e-03 4.987789051965135605e-03 3.641683585824046637e-02 1.003171654213263521e-02 5.473317929904463440e-03 1.385513414332220639e-01 7.235322847622602076e-03 2.487942567914397732e-02 1.271771601714599409e-01 0.000000000000000000e+00 1.445347616796423817e-01 1.517375691528564663e-01 1.405505159718101020e-02 0.000000000000000000e+00
6.301810607128865982e-02 2.739421458240936386e-02 1.229628270165621963e-02 2.326655660427451658e-02 6.537530192742883883e-03 1.802356319155697453e-02 2.457536359151336197e-02 8.289890631919306918e-02 9.140469442951904000e-02 9.968655776635771196e-04 3.626088938352359237e-02 1.354007117148978701e-01 1.630354288995758058e-02 6.522525930482975113e-04 0.000000000000000000e+00 5.119589073702749543e-02 1.367405106738679363e-02 1.630803713607388572e-01 4.242877049168901349e-02 1.905914364999127530e-01
3.416242179840220383e-02 2.399791513957977990e-02 0.000000000000000000e+00 1.428589742504053905e-01 8.872171588200294945e-02 1.089081210948054101e-01 9.344781479140537583e-02 1.521550554984337465e-02 1.830311048416460029e-01 3.393623346780778871e-02 0.000000000000000000e+00 1.623180847757166034e-01 6.112988025691131269e-03 1.734787294408782904e-02 3.552291198322155702e-02 3.058797389111895734e-03 0.000000000000000000e+00 2.024927628397712922e-03 1.850433663737614115e-02 3.083027380049897792e-02
4.758406009645151091e-02 3.143116399162559395e-03 2.468309275337761399e-02 3.651977946087289068e-02 4.845916102407346604e-02 1.140506066030118754e-01 3.848418679341287368e-02 2.524667294823583485e-02 9.130018023848085126e-03 0.000000000000000000e+00 2.443718510979626946e-02 2.282268201151398668e-01 3.145544951852568237e-03 6.849277207083021013e-02 5.573258567891900550e-02 8.443904303151426177e-03 1.289990686712178536e-01 1.110329087229136868e-01 3.408772221804420226e-04 2.384763905155212402e-02
7.058560336326087821e-03 4.992313623962684604e-02 0.000000000000000000e+00 1.067229178939957390e-01 1.235778811836444752e-01 4.382786844520005637e-02 1.558860712886548207e-03 8.325996054218550661e-04 1.825683334204246111e-01 1.704608785869104332e-02 0.000000000000000000e+00 1.653721041504319089e-01 4.573027178774104369e-03 1.037336788896553452e-01 1.509785003246818247e-01 7.344965171177534127e-03 0.000000000000000000e+00 2.928719543162653510e-02 5.594283157435645491e-03 0.000000000000000000e+00
