0.000000000000000000e+00 3.044894579698170442e-02 1.208773669841753558e-02 0.000000000000000000e+00 1.234967506627945161e-01 0.000000000000000000e+00 1.634295858525183082e-02 1.734541184014280479e-01 6.405507508332128341e-02 0.000000000000000000e+00 0.000000000000000000e+00 1.022193059603042527e-02 0.000000000000000000e+00 0.000000000000000000e+00 1.518548396739931861e-01 0.000000000000000000e+00 1.075269469019830837e-01 7.113572719603102057e-02 0.000000000000000000e+00 0.000000000000000000e+00 5.479929964016465316e-03 2.756107122236358883e-02 3.762988279309478767e-02 1.300811959959119989e-02 1.556959668247012429e-01
1.505604859580815802e-01 1.082443848101456302e-01 0.000000000000000000e+00 0.000000000000000000e+00 0.000000000000000000e+00 0.000000000000000000e+00 0.000000000000000000e+00 1.177021096314905535e-01 5.684119200911131112e-03 1.468633089170031693e-02 9.875683210666411083e-02 0.000000000000000000e+00 9.163944562580488007e-02 4.838801348037906867e-03 6.305193836490233239e-02 0.000000000000000000e+00 1.582581288870342495e-01 0.000000000000000000e+00 0.000000000000000000e+00 0.000000000000000000e+00 0.000000000000000000e+00 0.000000000000000000e+00 0.000000000000000000e+00 1.639069890534409768e-01 2.267043412178635156e-02
3.990444752050568283e-02 0.000000000000000000e+00 0.000000000000000000e+00 0.000000000000000000e+00 4.398939198970727715e-02 0.000000000000000000e+00 9.546703821015592450e-02 1.421624134474571144e-01 0.000000000000000000e+00 6.371586299729499470e-02 0.000000000000000000e+00 1.545836486730264685e-02 0.000000000000000000e+00 0.000000000000000000e+00 1.408142448893608678e-01 8.543168565808001436e-02 0.000000000000000000e+00 0.000000000000000000e+00 7.208431532912617200e-03 1.054497680379141711e-01 0.000000000000000000e+00 5.061851286646603526e-02 1.497113537319863796e-01 5.117696303000048019e-02 8.891521220855864299e-03
0.000000000000000000e+00 1.339513411472663118e-01 4.921519569202375405e-02 2.793059132959951722e-03 0.000000000000000000e+00 0.000000000000000000e+00 0.000000000000000000e+00 0.000000000000000000e+00 0.000000000000000000e+00 5.606201705424427445e-02 6.562743952060195660e-03 0.000000000000000000e+00 0.000000000000000000e+00 3.225653021447822885e-03 1.489081842281465007e-01 0.000000000000000000e+00 3.888623240857027458e-02 9.053883866073937636e-02 5.678462693084258828e-02 7.379689168160720458e-02 0.000000000000000000e+00 1.403125890405488296e-01 4.020964316551889350e-02 1.440150333986221498e-01 1.473795048540194920e-02
8.914550658723201237e-02 1.406804117055032721e-02 0.000000000000000000e+00 8.352245837805130635e-02 0.000000000000000000e+00 0.000000000000000000e+00 1.564285206345819579e-01 0.000000000000000000e+00 3.269048509294879279e-02 2.767783158065988125e-02 0.000000000000000000e+00 1.145956083682118931e-01 7.978827241933961201e-02 0.000000000000000000e+00 1.681436863416821692e-01 0.000000000000000000e+00 0.000000000000000000e+00 1.314870986440062894e-02 1.351947802545376120e-03 0.000000000000000000e+00 0.000000000000000000e+00 0.000000000000000000e+00 3.675205265831137796e-02 1.826868791014846505e-01 0.000000000000000000e+00
0.000000000000000000e+00 1.283001523453405068e-01 1.454750783399998137e-01 9.276527155293862528e-03 3.695924465531744509e-04 0.000000000000000000e+00 2.706136389692002583e-02 4.152314575835971272e-02 0.000000000000000000e+00 1.489699702011777205e-01 0.000000000000000000e+00 1.930598398609228716e-01 0.000000000000000000e+00 0.000000000000000000e+00 3.230301090125378694e-02 0.000000000000000000e+00 0.000000000000000000e+00 0.000000000000000000e+00 0.000000000000000000e+00 3.323016057237963838e-02 0.000000000000000000e+00 6.931082077535170860e-02 1.246872411012434068e-01 2.280155893262940381e-02 2.363153771257441374e-02
0.000000000000000000e+00 1.823623981943815406e-02 5.691962114210864093e-02 0.000000000000000000e+00 1.798025818697232825e-01 1.765453772765679941e-01 2.937069505557506066e-03 0.000000000000000000e+00 0.000000000000000000e+00 1.597593616440711644e-03 0.000000000000000000e+00 0.000000000000000000e+00 0.000000000000000000e+00 0.000000000000000000e+00 9.532879051353750424e-03 0.000000000000000000e+00 1.541984033392151954e-01 0.000000000000000000e+00 2.135872595738301793e-01 4.251264011663458825e-02 0.000000000000000000e+00 0.000000000000000000e+00 0.000000000000000000e+00 9.743120951744517477e-02 4.669912517168486182e-02
1.088686384063224655e-01 1.213930009735929849e-01 9.603408679227605277e-04 0.000000000000000000e+00 1.208639445740889440e-01 0.000000000000000000e+00 8.864945678316683148e-03 0.000000000000000000e+00 0.000000000000000000e+00 1.450653080924148020e-01 7.586651505721257738e-02 1.148983021981051303e-02 0.000000000000000000e+00 0.000000000000000000e+00 2.605017589221494956e-01 0.000000000000000000e+00 1.183521398654423934e-01 0.000000000000000000e+00 1.596632880012373995e-02 0.000000000000000000e+00 0.000000000000000000e+00 0.000000000000000000e+00 3.315505977609546542e-03 7.651451148765714243e-03 8.402914162273177577e-04
0.000000000000000000e+00 0.000000000000000000e+00 4.361649743296146936e-02 0.000000000000000000e+00 7.630783445307978696e-02 0.000000000000000000e+00 1.455455099685819542e-01 3.515206040864294473e-02 8.522778061263097671e-02 0.000000000000000000e+00 0.000000000000000000e+00 1.589080830760791763e-01 7.236263678573088068e-03 1.792345759582548298e-02 1.503349896842056388e-01 0.000000000000000000e+00 1.290686950316817239e-01 1.146097144335199852e-01 0.000000000000000000e+00 0.000000000000000000e+00 0.000000000000000000e+00 0.000000000000000000e+00 5.336612002902637025e-04 0.000000000000000000e+00 3.553545242392751324e-02
1.151302159488321597e-01 1.039291909273194758e-01 0.000000000000000000e+00 0.000000000000000000e+00 1.680783998562854903e-02 0.000000000000000000e+00 2.770377101017357235e-02 9.396749879504738600e-04 0.000000000000000000e+00 1.634418214888773424e-01 2.588258884181137559e-02 1.499426212159281346e-01 2.231195259305470899e-02 4.065954893933457909e-02 1.554148914325615971e-01 0.000000000000000000e+00 1.507288673423541614e-01 0.000000000000000000e+00 9.288632418700024746e-04 0.000000000000000000e+00 0.000000000000000000e+00 0.000000000000000000e+00 2.617815204430401499e-02 0.000000000000000000e+00 0.000000000000000000e+00
0.000000000000000000e+00 0.000000000000000000e+00 1.402588871236075951e-01 0.000000000000000000e+00 0.000000000000000000e+00 1.191184697703203538e-01 1.600535722575175956e-01 4.662474310973821479e-02 2.071218172671382505e-03 2.934131267937784698e-02 7.582930053350739330e-02 1.365064064121838672e-01 0.000000000000000000e+00 0.000000000000000000e+00 1.466459550989053784e-01 0.000000000000000000e+00 0.000000000000000000e+00 0.000000000000000000e+00 0.000000000000000000e+00 1.077273609246146274e-03 0.000000000000000000e+00 6.779229357217430446e-03 6.151182092427714965e-02 3.367154837401842120e-03 7.081465611402769367e-02
0.000000000000000000e+00 3.225930821353224093e-02 1.115750734527757165e-01 0.000000000000000000e+00 1.765159670517942314e-01 0.000000000000000000e+00 2.433257213133610819e-01 1.680554697566816746e-01 0.000000000000000000e+00 4.899456654364530393e-03 0.000000000000000000e+00 1.803373163202272311e-02 0.000000000000000000e+00 0.000000000000000000e+00 5.144373893127108556e-03 0.000000000000000000e+00 0.000000000000000000e+00 0.000000000000000000e+00 1.367478350349245753e-01 3.131295368550330444e-02 1.042568400311389386e-02 0.000000000000000000e+00 3.169531699685588372e-02 0.000000000000000000e+00 3.000910831194300230e-02
0.000000000000000000e+00 3.482036248230493264e-02 1.153351141571097860e-01 7.952185571308001411e-02 0.000000000000000000e+00 0.000000000000000000e+00 1.862416634222451295e-01 1.543756462166064325e-01 2.617332579871604892e-02 8.367588530043725947e-04 0.000000000000000000e+00 0.000000000000000000e+00 1.356304482802425486e-02 0.000000000000000000e+00 0.000000000000000000e+00 0.000000000000000000e+00 0.000000000000000000e+00 0.000000000000000000e+00 1.678733761945015446e-01 0.000000000000000000e+00 0.000000000000000000e+00 8.883209398418775993e-02 3.435092966538956776e-03 6.354158624801223287e-02 6.545007913566852631e-02
0.000000000000000000e+00 1.098741092659994735e-02 0.000000000000000000e+00 7.516182651894045413e-03 2.570710230790742012e-01 2.366613826384340868e-02 1.592719611095834431e-02 0.000000000000000000e+00 3.591053764837884993e-02 5.516905368398101334e-02 3.683605189231635847e-04 1.102818169393547515e-01 1.274977870734906758e-03 0.000000000000000000e+00 4.259211784427636288e-02 0.000000000000000000e+00 0.000000000000000000e+00 1.067999955353895469e-01 6.301414473777146308e-02 1.030196105673394508e-01 0.000000000000000000e+00 0.000000000000000000e+00 2.107229387416294578e-02 0.000000000000000000e+00 1.453291397473177315e-01
0.000000000000000000e+00 0.000000000000000000e+00 1.786506749291663920e-01 0.000000000000000000e+00 1.193278932101696499e-01 0.000000000000000000e+00 8.074548005690100616e-02 3.387425755871510246e-03 1.030112132241708077e-02 2.220099666305890007e-01 0.000000000000000000e+00 1.678107454487505756e-01 0.000000000000000000e+00 0.000000000000000000e+00 0.000000000000000000e+00 0.000000000000000000e+00 0.000000000000000000e+00 8.636354743495349220e-03 1.983557219018849439e-03 0.000000000000000000e+00 0.000000000000000000e+00 1.521204600252644423e-01 8.461024684057941517e-03 3.882513528133020586e-02 7.740160692967924631e-03
0.000000000000000000e+00 0.000000000000000000e+00 1.327209537408560458e-01 0.000000000000000000e+00 1.709897788746036207e-01 0.000000000000000000e+00 1.486945858729858405e-01 1.310750588097206182e-01 3.954809758539896275e-02 0.000000000000000000e+00 1.073692114126340857e-01 5.767814880988929825e-03 0.000000000000000000e+00 0.000000000000000000e+00 1.377640008088570726e-02 0.000000000000000000e+00 8.081907993605071117e-02 0.000000000000000000e+00 0.000000000000000000e+00 0.000000000000000000e+00 0.000000000000000000e+00 0.000000000000000000e+00 2.420768313539118505e-02 1.432334891042237324e-01 1.797846566260560223e-03
2.507674740386792861e-02 0.000000000000000000e+00 1.108494528552197295e-01 0.000000000000000000e+00 1.186112180518501397e-01 0.000000000000000000e+00 1.084208043733908416e-01 1.580070178573350637e-01 1.061884833702170759e-02 3.376065223599436504e-02 0.000000000000000000e+00 1.604049061827332867e-01 1.921381211931448910e-02 2.757269088583294038e-03 6.876057154522378922e-02 0.000000000000000000e+00 1.041215774114398647e-02 0.000000000000000000e+00 1.467184403997192077e-01 0.000000000000000000e+00 0.000000000000000000e+00 2.638810180860219623e-02 0.000000000000000000e+00 0.000000000000000000e+00 0.000000000000000000e+00
0.000000000000000000e+00 1.164032692526091456e-01 0.000000000000000000e+00 9.866859487779480395e-03 5.016118759361160723e-02 0.000000000000000000e+00 1.817343161988080880e-01 2.215887510756927026e-01 0.000000000000000000e+00 5.992724643827201242e-03 4.818702444702246263e-02 2.833510811540159921e-02 0.000000000000000000e+00 0.000000000000000000e+00 5.650382817921754952e-02 0.000000000000000000e+00 0.000000000000000000e+00 0.000000000000000000e+00 1.507254818106172067e-01 0.000000000000000000e+00 0.000000000000000000e+00 1.103512535303003000e-01 0.000000000000000000e+00 1.604770711259480981e-02 4.102488552517912987e-03
0.000000000000000000e+00 1.877998067001729332e-02 0.000000000000000000e+00 0.000000000000000000e+00 8.223851542788002122e-02 0.000000000000000000e+00 1.030025338589252576e-01 2.095725131383664730e-01 0.000000000000000000e+00 2.853163059814223246e-02 0.000000000000000000e+00 3.707278726508674710e-02 0.000000000000000000e+00 0.000000000000000000e+00 1.499555236575943196e-01 0.000000000000000000e+00 0.000000000000000000e+00 1.491596049492871223e-01 1.616622641724190651e-02 1.383880351885854662e-02 0.000000000000000000e+00 4.323335142197760710e-03 2.016606692800745199e-02 0.000000000000000000e+00 1.671924784283950471e-01
4.254732161344382084e-03 0.000000000000000000e+00 2.794739131023718862e-02 0.000000000000000000e+00 0.000000000000000000e+00 0.000000000000000000e+00 0.000000000000000000e+00 1.655997221380359763e-01 3.636127917717630470e-02 5.827726889622331791e-02 0.000000000000000000e+00 1.192287505027615213e-01 0.000000000000000000e+00 0.000000000000000000e+00 1.632265395768265626e-01 0.000000000000000000e+00 4.963397564157766284e-02 2.601126142562918894e-02 0.000000000000000000e+00 8.025303779242656810e-02 0.000000000000000000e+00 0.000000000000000000e+00 3.772461895502734423e-03 9.276027146777936216e-02 1.726733080144791654e-01
1.827904437453105736e-04 9.599614939998666815e-03 0.000000000000000000e+00 0.000000000000000000e+00 7.584750564307754517e-02 1.702956186343317913e-01 6.078347462232447374e-02 3.365065474102014315e-02 1.837083387206656700e-03 1.364771791597262640e-01 0.000000000000000000e+00 1.152827271247572755e-01 0.000000000000000000e+00 0.000000000000000000e+00 1.570072918061427847e-01 1.831369194852676050e-04 0.000000000000000000e+00 5.006666323380790790e-02 5.798854047166036169e-02 0.000000000000000000e+00 0.000000000000000000e+00 1.123795872145574165e-01 1.841813165815804967e-02 0.000000000000000000e+00 0.000000000000000000e+00
0.000000000000000000e+00 3.512890891197777837e-02 1.220637875933411748e-01 2.102579491509608267e-02 2.154638747249936967e-02 0.000000000000000000e+00 2.816457763235802672e-02 0.000000000000000000e+00 0.000000000000000000e+00 1.655782819364462199e-01 0.000000000000000000e+00 1.611172670442899690e-01 6.950192570482652266e-02 2.189824996367983542e-02 1.550828830440769968e-01 0.000000000000000000e+00 0.000000000000000000e+00 0.000000000000000000e+00 0.000000000000000000e+00 0.000000000000000000e+00 0.000000000000000000e+00 0.000000000000000000e+00 1.698972060000793899e-02 1.415638365222018566e-02 1.677458315291797675e-01
0.000000000000000000e+00 0.000000000000000000e+00 5.600754570621475220e-02 0.000000000000000000e+00 1.424482190942300830e-01 0.000000000000000000e+00 1.154612018577540339e-01 0.000000000000000000e+00 0.000000000000000000e+00 0.000000000000000000e+00 8.700841455780167905e-04 9.208697207471648605e-02 0.000000000000000000e+00 0.000000000000000000e+00 1.943377864805166388e-01 0.000000000000000000e+00 2.379862622546689496e-02 1.027095899863037509e-01 1.318145921657304098e-01 0.000000000000000000e+00 0.000000000000000000e+00 0.000000000000000000e+00 1.299696196039067109e-01 0.000000000000000000e+00 1.049576265958210124e-02
0.000000000000000000e+00 6.157961611012328917e-02 0.000000000000000000e+00 0.000000000000000000e+00 6.193349670616810770e-02 1.329406070617870743e-02 1.448108323042539558e-01 1.548291449885782767e-01 0.000000000000000000e+00 0.000000000000000000e+00 0.000000000000000000e+00 1.176067626226757756e-01 0.000000000000000000e+00 0.000000000000000000e+00 9.094470239491288244e-02 8.516081103342658387e-02 2.851680327702527801e-02 0.000000000000000000e+00 1.585263406643049877e-01 0.000000000000000000e+00 0.000000000000000000e+00 1.858194292020643248e-02 1.052429475862885939e-02 3.971267736292913991e-02 1.397851415058764743e-02
0.000000000000000000e+00 0.000000000000000000e+00 6.360428523341955798e-02 0.000000000000000000e+00 1.722501722266813612e-02 0.000000000000000000e+00 0.000000000000000000e+00 4.432835693074441141e-02 3.777152699364475278e-04 3.711602251071537822e-02 2.151840103042625130e-02 1.784604900547354933e-01 7.734625126179055232e-02 0.000000000000000000e+00 2.320875224101665579e-01 0.000000000000000000e+00 7.657948460863575613e-02 0.000000000000000000e+00 1.505400844374868256e-02 1.988276342896814347e-02 0.000000000000000000e+00 0.000000000000000000e+00 2.671982750363871215e-02 0.000000000000000000e+00 1.896998540904058783e-01
4.184663077286428223e-02 1.180429921191242792e-01 0.000000000000000000e+00 0.000000000000000000e+00 4.032111637969492887e-03 4.573111829163304526e-02 4.340236123524355595e-03 0.000000000000000000e+00 0.000000000000000000e+00 9.190008150751487193e-02 1.001188533886044826e-02 2.852862032643086465e-01 0.000000000000000000e+00 0.000000000000000000e+00 4.779599481033925540e-02 9.481784829181176544e-02 2.581412188444942753e-03 0.000000000000000000e+00 0.000000000000000000e+00 0.000000000000000000e+00 0.000000000000000000e+00 0.000000000000000000e+00 8.915698553186966746e-02 1.354385281827084342e-01 2.901797193902639141e-02
0.000000000000000000e+00 0.000000000000000000e+00 0.000000000000000000e+00 2.946435531400807759e-02 1.485598384222692470e-01 0.000000000000000000e+00 1.196340944905720516e-01 1.435496351980389551e-01 0.000000000000000000e+00 2.083293029201882252e-01 0.000000000000000000e+00 0.000000000000000000e+00 0.000000000000000000e+00 0.000000000000000000e+00 5.283231135406453449e-02 0.000000000000000000e+00 3.241642064839624776e-02 0.000000000000000000e+00 0.000000000000000000e+00 0.000000000000000000e+00 0.000000000000000000e+00 2.319247674480359993e-03 1.422336885536484297e-01 7.867137722929071209e-02 4.198972819504306203e-02
0.000000000000000000e+00 1.023269848795730838e-02 5.043935568205406422e-02 0.000000000000000000e+00 1.443701780740354323e-01 0.000000000000000000e+00 3.282165131865125846e-02 0.000000000000000000e+00 0.000000000000000000e+00 1.218905373971043427e-01 0.000000000000000000e+00 3.103367658008388333e-03 0.000000000000000000e+00 0.000000000000000000e+00 1.493271785782817329e-01 3.187418835256576165e-03 1.008106390272963671e-01 9.886399046303746829e-02 7.789168334952513602e-03 2.323717368074968218e-02 0.000000000000000000e+00 1.423866339200609114e-02 2.286505540629051036e-01 5.915848351481807661e-03 5.121576656221893745e-03
0.000000000000000000e+00 0.000000000000000000e+00 1.340819397078849562e-01 0.000000000000000000e+00 5.110360606245009478e-03 9.861030731893513646e-02 7.668412053294502984e-02 0.000000000000000000e+00 0.000000000000000000e+00 9.828878828618457797e-02 0.000000000000000000e+00 1.878438078312922865e-01 0.000000000000000000e+00 0.000000000000000000e+00 5.248969589366312555e-02 0.000000000000000000e+00 1.387513199848075529e-02 0.000000000000000000e+00 7.400091403671578937e-03 0.000000000000000000e+00 0.000000000000000000e+00 6.689925773291187372e-02 1.085508269253819824e-01 1.501656717624037518e-01 0.000000000000000000e+00
0.000000000000000000e+00 0.000000000000000000e+00 0.000000000000000000e+00 0.000000000000000000e+00 1.598335019536761548e-01 1.571628137786443835e-01 4.889700231187590201e-02 0.000000000000000000e+00 1.069254676464321957e-01 1.089577880445980335e-01 0.000000000000000000e+00 0.000000000000000000e+00 0.000000000000000000e+00 0.000000000000000000e+00 6.991538312087207385e-02 0.000000000000000000e+00 0.000000000000000000e+00 1.243880019555710648e-01 0.000000000000000000e+00 0.000000000000000000e+00 0.000000000000000000e+00 2.533770702492175314e-02 7.501494067828986395e-03 1.652714756085595926e-01 2.580936448701994998e-02
1.374264149170018601e-01 1.950093852201653666e-04 0.000000000000000000e+00 0.000000000000000000e+00 3.746244673690988375e-02 0.000000000000000000e+00 1.455164614453104133e-01 1.040267248707080552e-02 0.000000000000000000e+00 1.590584536013489808e-03 2.008986704742905891e-03 1.330195454294634538e-01 0.000000000000000000e+00 1.314949937161484202e-03 1.848787393100400356e-01 0.000000000000000000e+00 2.571411366791464398e-02 0.000000000000000000e+00 1.772069840324130008e-01 0.000000000000000000e+00 0.000000000000000000e+00 0.000000000000000000e+00 0.000000000000000000e+00 0.000000000000000000e+00 1.432630914107378695e-01
0.000000000000000000e+00 0.000000000000000000e+00 0.000000000000000000e+00 0.000000000000000000e+00 2.517207333985243146e-03 0.000000000000000000e+00 1.315564595148762117e-01 1.460974465695518698e-01 8.854640017181231171e-02 1.100568081674948018e-01 0.000000000000000000e+00 9.880893997065730294e-02 0.000000000000000000e+00 0.000000000000000000e+00 1.100447437018596819e-01 0.000000000000000000e+00 0.000000000000000000e+00 3.793593055932900637e-02 0.000000000000000000e+00 0.000000000000000000e+00 0.000000000000000000e+00 1.706815500779155365e-02 0.000000000000000000e+00 1.499081772657724354e-01 1.074597317368696237e-01
0.000000000000000000e+00 0.000000000000000000e+00 0.000000000000000000e+00 0.000000000000000000e+00 0.000000000000000000e+00 1.186386836205104156e-01 5.695291173728769807e-02 1.318523938527045233e-02 5.897390367920890553e-02 0.000000000000000000e+00 0.000000000000000000e+00 3.788495776886578043e-02 0.000000000000000000e+00 0.000000000000000000e+00 5.143310712456504452e-02 0.000000000000000000e+00 0.000000000000000000e+00 8.564915770285251584e-02 0.000000000000000000e+00 0.000000000000000000e+00 0.000000000000000000e+00 1.447407969103743364e-01 1.043041895007030054e-02 1.705009362410271623e-01 2.516098868799674371e-01
0.000000000000000000e+00 7.753666686192407786e-02 4.642187747279569870e-02 0.000000000000000000e+00 3.318990034225004302e-03 0.000000000000000000e+00 6.282926648229517075e-02 4.812984061793041356e-03 0.000000000000000000e+00 7.570635801983969723e-03 0.000000000000000000e+00 3.262344319875223886e-02 1.450719418272604193e-02 0.000000000000000000e+00 2.317084092053290079e-01 0.000000000000000000e+00 1.362568090784214148e-01 0.000000000000000000e+00 1.426707796665671601e-02 0.000000000000000000e+00 0.000000000000000000e+00 1.012105378426504318e-02 1.151964902890455777e-01 2.428291015797870156e-01 0.000000000000000000e+00
0.000000000000000000e+00 2.149621390004540292e-02 0.000000000000000000e+00 7.990382312856718350e-02 1.484898900053767123e-01 1.521017240533252268e-01 4.535100579123521602e-02 1.593580739672105159e-02 0.000000000000000000e+00 9.943105094590858062e-02 0.000000000000000000e+00 5.438114963816306074e-02 0.000000000000000000e+00 0.000000000000000000e+00 1.286179863422837882e-02 0.000000000000000000e+00 0.000000000000000000e+00 0.000000000000000000e+00 0.000000000000000000e+00 4.089001411166465899e-02 0.000000000000000000e+00 0.000000000000000000e+00 1.249885300385985241e-03 1.718951328785911503e-01 1.560125042157873565e-01
0.000000000000000000e+00 0.000000000000000000e+00 0.000000000000000000e+00 0.000000000000000000e+00 1.183815140186461196e-01 0.000000000000000000e+00 1.252110551257232772e-02 0.000000000000000000e+00 2.618122839867300169e-02 3.842280938873976481e-02 0.000000000000000000e+00 1.758774358571705831e-01 0.000000000000000000e+00 2.920699663874060797e-02 1.536655274070789501e-01 0.000000000000000000e+00 9.498630188327916724e-03 1.054234847360498023e-01 7.438997470544751744e-03 2.754345995639871387e-03 0.000000000000000000e+00 0.000000000000000000e+00 2.494862010253570683e-02 0.000000000000000000e+00 2.956793042852807751e-01
0.000000000000000000e+00 0.000000000000000000e+00 5.848068395169838535e-02 0.000000000000000000e+00 5.469572451798906249e-02 0.000000000000000000e+00 0.000000000000000000e+00 2.597400468613345059e-02 0.000000000000000000e+00 0.000000000000000000e+00 0.000000000000000000e+00 7.942973600664057776e-02 1.487723781541492978e-02 0.000000000000000000e+00 2.338309249120711641e-01 0.000000000000000000e+00 1.332775988965552993e-01 0.000000000000000000e+00 0.000000000000000000e+00 0.000000000000000000e+00 0.000000000000000000e+00 8.928132790134966218e-03 1.284369042460485610e-01 2.415481141458520054e-01 2.052093803146156845e-02
0.000000000000000000e+00 0.000000000000000000e+00 0.000000000000000000e+00 0.000000000000000000e+00 0.000000000000000000e+00 1.541694765940024303e-01 0.000000000000000000e+00 1.270983063622564170e-02 0.000000000000000000e+00 1.476656758185835028e-01 0.000000000000000000e+00 8.632036139930887586e-02 0.000000000000000000e+00 0.000000000000000000e+00 7.439286434012443161e-02 0.000000000000000000e+00 4.030482222297018802e-02 4.819847205888434100e-02 1.365200784450551486e-01 0.000000000000000000e+00 0.000000000000000000e+00 1.855876528854327398e-02 1.119715815870845309e-02 1.163938961668026378e-01 1.535685988707910787e-01
0.000000000000000000e+00 1.854740164889588216e-03 1.587134499477856064e-01 0.000000000000000000e+00 1.087005004080430007e-02 0.000000000000000000e+00 2.486184400871785036e-02 0.000000000000000000e+00 0.000000000000000000e+00 5.135957572342317312e-02 0.000000000000000000e+00 1.544396488637658216e-01 9.709122262514939192e-03 0.000000000000000000e+00 1.676769724681046458e-01 1.456912130137712333e-03 0.000000000000000000e+00 5.296904131706225635e-03 1.644154434325193967e-02 0.000000000000000000e+00 7.567829836372086914e-03 0.000000000000000000e+00 1.986735654074605478e-02 1.586801396508943918e-01 2.112039098868855602e-01
4.849475886573955535e-02 0.000000000000000000e+00 0.000000000000000000e+00 0.000000000000000000e+00 4.039795014005942431e-02 1.186350871933016665e-01 5.501138989541381336e-02 3.913305650744938052e-02 0.000000000000000000e+00 1.424827760562440704e-01 0.000000000000000000e+00 0.000000000000000000e+00 0.000000000000000000e+00 0.000000000000000000e+00 1.126530626845520869e-02 0.000000000000000000e+00 1.232539708446082211e-01 1.891494599534796969e-02 1.188488065472835115e-01 0.000000000000000000e+00 0.000000000000000000e+00 0.000000000000000000e+00 2.756845196950308274e-02 8.620023647693947355e-02 1.697932632396547403e-01
0.000000000000000000e+00 1.136504340424922821e-01 4.923904054611781544e-02 0.000000000000000000e+00 5.700244996457495654e-03 2.951981847461310551e-02 1.479502221500553771e-01 0.000000000000000000e+00 0.000000000000000000e+00 1.620092043516506430e-01 8.274591410799447821e-02 3.947519191951734917e-03 0.000000000000000000e+00 0.000000000000000000e+00 2.403681530849642312e-01 0.000000000000000000e+00 0.000000000000000000e+00 1.191583802318953583e-01 3.515241903097471050e-04 2.090469689755410955e-03 0.000000000000000000e+00 0.000000000000000000e+00 0.000000000000000000e+00 0.000000000000000000e+00 4.326907494174224433e-02
3.640923838855602418e-02 0.000000000000000000e+00 0.000000000000000000e+00 0.000000000000000000e+00 2.441685730616826450e-03 0.000000000000000000e+00 1.139075712265321116e-01 0.000000000000000000e+00 3.043101464653432189e-02 2.631216695738023640e-03 0.000000000000000000e+00 1.215505929754273212e-01 9.886661131504315136e-02 0.000000000000000000e+00 1.632977276096043706e-01 0.000000000000000000e+00 1.712053911262756689e-01 1.236262762729604114e-01 0.000000000000000000e+00 5.381895389595436896e-02 0.000000000000000000e+00 1.094938668095040389e-02 3.266615202940807705e-02 1.081438577212715012e-03 3.711674282918635270e-02
0.000000000000000000e+00 1.336957782323771604e-01 4.752643710431873197e-02 0.000000000000000000e+00 0.000000000000000000e+00 1.572992737231562743e-02 8.370106288128311561e-03 4.773593809452153502e-02 6.188548779397876759e-02 1.895719419349184073e-02 0.000000000000000000e+00 1.465768512671974666e-01 0.000000000000000000e+00 0.000000000000000000e+00 1.502763805755461535e-01 3.721493553963937245e-02 4.724373836116264359e-03 0.000000000000000000e+00 1.514528330521075217e-01 0.000000000000000000e+00 0.000000000000000000e+00 0.000000000000000000e+00 1.542329031511392723e-01 2.443440082509232801e-03 1.917741341661279367e-02
0.000000000000000000e+00 0.000000000000000000e+00 0.000000000000000000e+00 0.000000000000000000e+00 6.061513227876502014e-02 0.000000000000000000e+00 6.718486573476444013e-02 2.040894352432848918e-02 9.080353729637903604e-02 0.000000000000000000e+00 0.000000000000000000e+00 9.725490424703243930e-02 0.000000000000000000e+00 0.000000000000000000e+00 2.179965766424218909e-01 0.000000000000000000e+00 2.443142826706255072e-02 1.128580452062910022e-01 6.296087890986145665e-03 0.000000000000000000e+00 0.000000000000000000e+00 9.038156406628081174e-02 0.000000000000000000e+00 4.314531361051996555e-02 1.686236012351680913e-01
0.000000000000000000e+00 3.253550643436696477e-02 0.000000000000000000e+00 0.000000000000000000e+00 0.000000000000000000e+00 0.000000000000000000e+00 1.591356912483057051e-01 1.439942877189765436e-01 0.000000000000000000e+00 2.053804074732104579e-02 5.307746483603331678e-02 1.957216880202391762e-01 0.000000000000000000e+00 0.000000000000000000e+00 9.657259985979306516e-02 1.089678884211810889e-01 0.000000000000000000e+00 0.000000000000000000e+00 1.613329157796978552e-01 0.000000000000000000e+00 0.000000000000000000e+00 0.000000000000000000e+00 1.981535409306569521e-03 2.614238152477858790e-02 0.000000000000000000e+00
