0.000000000000000000e+00 1.885875025586810361e-01 1.424231299564530095e-01 0.000000000000000000e+00 4.505675127201319574e-02 0.000000000000000000e+00 0.000000000000000000e+00 0.000000000000000000e+00 8.352981319769332835e-02 1.250859613804831127e-01 1.119601867071101653e-02 2.116674223270627320e-01 1.296994032276388154e-01 0.000000000000000000e+00 3.884341125354181384e-02 0.000000000000000000e+00 6.033952421300991902e-03 4.944397545405588429e-03 0.000000000000000000e+00 0.000000000000000000e+00 0.000000000000000000e+00 0.000000000000000000e+00 1.293223618901541937e-02 0.000000000000000000e+00 0.000000000000000000e+00
1.119221150783072383e-01 1.474462668420920552e-01 3.511615381824669674e-02 3.336609708345194495e-03 0.000000000000000000e+00 8.040347579298326441e-02 1.027070240773151760e-01 2.958923304266911167e-03 0.000000000000000000e+00 0.000000000000000000e+00 0.000000000000000000e+00 0.000000000000000000e+00 1.306279831431381155e-01 0.000000000000000000e+00 1.287711297878778027e-01 0.000000000000000000e+00 0.000000000000000000e+00 0.000000000000000000e+00 0.000000000000000000e+00 0.000000000000000000e+00 1.116143381582669451e-02 0.000000000000000000e+00 1.788313206960314428e-01 0.000000000000000000e+00 6.671756393556960152e-02
1.473628247951863923e-01 7.237901709404440109e-02 0.000000000000000000e+00 2.563703447080967375e-03 1.079100729629586634e-02 0.000000000000000000e+00 4.322156912738882480e-03 1.728676072516026618e-01 2.025502964708763426e-02 0.000000000000000000e+00 3.561622550335754450e-02 0.000000000000000000e+00 0.000000000000000000e+00 4.081412256392672605e-02 8.018500679075668547e-02 0.000000000000000000e+00 2.074711554292280741e-02 2.302353880454502122e-01 3.709905609831567336e-02 1.188328218781590784e-01 0.000000000000000000e+00 0.000000000000000000e+00 0.000000000000000000e+00 5.928917133074532858e-03 0.000000000000000000e+00
0.000000000000000000e+00 1.651068703482058697e-01 1.946286261127259595e-02 0.000000000000000000e+00 1.332079577508560597e-01 0.000000000000000000e+00 2.297117460017344959e-02 1.770049936590918360e-01 5.499208462355922866e-02 4.988832410780881521e-02 0.000000000000000000e+00 1.863236943134123080e-01 0.000000000000000000e+00 0.000000000000000000e+00 7.809605613541539468e-03 0.000000000000000000e+00 0.000000000000000000e+00 0.000000000000000000e+00 0.000000000000000000e+00 0.000000000000000000e+00 0.000000000000000000e+00 0.000000000000000000e+00 1.832324323720781745e-01 0.000000000000000000e+00 0.000000000000000000e+00
7.302812516733368439e-03 0.000000000000000000e+00 4.090941521440966816e-02 0.000000000000000000e+00 1.322252738179032494e-01 0.000000000000000000e+00 1.239260450809284014e-01 1.777836459174063077e-01 3.750830536093115869e-02 5.966239931651773007e-03 3.695625881518269790e-02 1.328966316627227390e-02 1.334526396599327036e-01 5.772817673446646071e-03 9.739795598192840798e-02 0.000000000000000000e+00 0.000000000000000000e+00 9.920783013150902274e-02 5.433613466021640880e-03 2.354349081204764119e-02 0.000000000000000000e+00 0.000000000000000000e+00 5.354734920730973291e-02 5.776643246385276473e-03 0.000000000000000000e+00
1.612261591328735533e-01 1.649239304570230824e-01 5.101011005089907402e-02 1.052855190305269362e-01 0.000000000000000000e+00 0.000000000000000000e+00 0.000000000000000000e+00 2.855321992809261786e-02 0.000000000000000000e+00 0.000000000000000000e+00 0.000000000000000000e+00 1.209667905609307370e-01 0.000000000000000000e+00 0.000000000000000000e+00 4.373834317004884203e-02 0.000000000000000000e+00 0.000000000000000000e+00 0.000000000000000000e+00 0.000000000000000000e+00 0.000000000000000000e+00 0.000000000000000000e+00 4.378284323756097274e-02 1.512493651911628878e-01 1.292637192408812308e-01 0.000000000000000000e+00
7.983520369522718874e-02 1.726023997909014174e-01 4.052942724852265366e-03 0.000000000000000000e+00 1.569504246123114843e-01 3.275567454412828816e-01 0.000000000000000000e+00 0.000000000000000000e+00 0.000000000000000000e+00 0.000000000000000000e+00 0.000000000000000000e+00 0.000000000000000000e+00 0.000000000000000000e+00 3.766984171008745663e-02 0.000000000000000000e+00 0.000000000000000000e+00 0.000000000000000000e+00 0.000000000000000000e+00 0.000000000000000000e+00 0.000000000000000000e+00 0.000000000000000000e+00 0.000000000000000000e+00 4.484449404594360866e-02 1.460839375198434362e-02 1.618795542274093224e-01
2.993165453918023022e-01 6.983976428347925258e-02 0.000000000000000000e+00 0.000000000000000000e+00 1.925344673980820820e-02 0.000000000000000000e+00 3.538877305958663261e-02 1.601128074474115204e-01 1.120479186958346467e-02 4.073609483115699786e-02 0.000000000000000000e+00 4.306176427589021583e-03 2.088866039684604894e-02 0.000000000000000000e+00 0.000000000000000000e+00 0.000000000000000000e+00 1.435477235484186043e-01 2.425890694114953006e-02 0.000000000000000000e+00 1.152130494172652481e-01 0.000000000000000000e+00 0.000000000000000000e+00 8.301417241364140651e-03 1.680392881751050166e-03 4.595144952278811673e-02
4.176953610842216308e-02 1.350496663289599553e-01 0.000000000000000000e+00 0.000000000000000000e+00 2.820956680760594582e-01 0.000000000000000000e+00 2.102694616318749599e-02 1.701793123370249350e-01 1.049285473853108289e-02 7.691398007764245308e-03 0.000000000000000000e+00 1.576898350510842761e-01 1.628294181151475617e-01 1.117536507381879617e-02 0.000000000000000000e+00 0.000000000000000000e+00 0.000000000000000000e+00 0.000000000000000000e+00 0.000000000000000000e+00 0.000000000000000000e+00 0.000000000000000000e+00 0.000000000000000000e+00 0.000000000000000000e+00 0.000000000000000000e+00 0.000000000000000000e+00
3.226976864698474085e-02 1.899313181564916931e-04 6.343798426822980230e-02 0.000000000000000000e+00 9.128406771699495992e-02 1.248831677859278816e-01 0.000000000000000000e+00 6.378456781104806066e-03 1.326219781007257660e-02 1.262595798049471196e-01 0.000000000000000000e+00 1.824768101939186205e-01 0.000000000000000000e+00 4.227697863024642427e-02 0.000000000000000000e+00 0.000000000000000000e+00 1.594383557919772099e-01 6.099676676884537713e-02 8.896074159528470637e-02 4.229161235122981359e-03 3.656031652186320265e-03 0.000000000000000000e+00 0.000000000000000000e+00 0.000000000000000000e+00 0.000000000000000000e+00
0.000000000000000000e+00 1.226561992665666234e-01 1.326760700560332407e-01 0.000000000000000000e+00 2.885940291903046472e-03 1.552129555488214185e-01 3.210138438431853203e-02 3.457805541117663778e-02 6.880738934454390388e-02 3.620256449620817135e-02 0.000000000000000000e+00 1.595945003480770397e-01 0.000000000000000000e+00 0.000000000000000000e+00 3.858602889514608364e-02 0.000000000000000000e+00 1.553766664046549451e-01 0.000000000000000000e+00 0.000000000000000000e+00 6.132224555255034321e-02 0.000000000000000000e+00 0.000000000000000000e+00 0.000000000000000000e+00 0.000000000000000000e+00 0.000000000000000000e+00
6.518352201706864579e-03 0.000000000000000000e+00 1.959381284311735860e-01 0.000000000000000000e+00 5.774656836411572874e-02 0.000000000000000000e+00 2.369599358850567761e-03 1.763003952224859450e-01 1.212901466953283935e-02 6.855672309624597817e-03 0.000000000000000000e+00 1.428204729678913265e-01 1.301818990667381326e-01 1.214941617751623681e-01 4.512933675238162828e-02 0.000000000000000000e+00 7.320175041931085286e-03 0.000000000000000000e+00 2.435949853650946906e-02 0.000000000000000000e+00 0.000000000000000000e+00 0.000000000000000000e+00 0.000000000000000000e+00 6.824116912192772222e-02 2.595556179968152959e-03
2.755420788395440135e-01 2.248381523173330065e-01 0.000000000000000000e+00 2.313590680918686804e-02 0.000000000000000000e+00 0.000000000000000000e+00 3.597001185551027685e-02 1.920081128174111196e-01 0.000000000000000000e+00 2.284027371232383048e-03 0.000000000000000000e+00 3.909342536878416402e-02 0.000000000000000000e+00 0.000000000000000000e+00 0.000000000000000000e+00 0.000000000000000000e+00 0.000000000000000000e+00 2.295606296306917232e-02 0.000000000000000000e+00 0.000000000000000000e+00 0.000000000000000000e+00 9.700653763626892676e-03 6.091678397685337809e-02 0.000000000000000000e+00 1.135547839174486928e-01
8.224275686165342936e-02 7.070095201180795486e-02 0.000000000000000000e+00 0.000000000000000000e+00 1.091176800568256777e-01 1.213286950112859724e-01 2.245706781990632062e-03 1.284988925994540176e-01 0.000000000000000000e+00 8.709931031679056523e-02 0.000000000000000000e+00 9.148677093955397133e-02 3.846414317447839626e-02 0.000000000000000000e+00 9.441904180677452695e-04 5.080902567681903209e-03 0.000000000000000000e+00 1.124322790045569204e-01 1.133511962702750051e-02 0.000000000000000000e+00 1.047211965336609235e-02 0.000000000000000000e+00 1.013380376365599460e-02 0.000000000000000000e+00 1.184166772118033228e-01
1.261309028184102732e-01 5.415588427033483920e-02 2.156066477899263104e-02 0.000000000000000000e+00 1.067099209214460720e-01 0.000000000000000000e+00 0.000000000000000000e+00 0.000000000000000000e+00 0.000000000000000000e+00 5.484032227280188215e-02 0.000000000000000000e+00 1.608262532705971304e-01 1.601562182589332806e-01 1.204696990870801751e-03 1.527407504918886494e-01 0.000000000000000000e+00 0.000000000000000000e+00 1.123654768225635370e-01 0.000000000000000000e+00 1.876148431727563126e-02 0.000000000000000000e+00 2.522272902947054335e-02 5.324695756414875129e-03 0.000000000000000000e+00 0.000000000000000000e+00
1.571309976846614956e-02 0.000000000000000000e+00 7.390854368344262904e-02 2.823052845400434926e-03 1.303684866041903700e-01 0.000000000000000000e+00 0.000000000000000000e+00 1.729855424777757278e-01 0.000000000000000000e+00 7.569550545530336072e-02 1.892619883514435816e-02 1.515572783119085443e-01 1.458526787350518938e-01 1.320349571075399384e-03 0.000000000000000000e+00 0.000000000000000000e+00 1.346834830903850533e-01 4.205340920279523886e-02 0.000000000000000000e+00 0.000000000000000000e+00 0.000000000000000000e+00 0.000000000000000000e+00 3.180554189236963619e-02 2.306829526691239925e-03 0.000000000000000000e+00
7.624761340989606728e-02 0.000000000000000000e+00 0.000000000000000000e+00 0.000000000000000000e+00 1.235993345296746426e-01 0.000000000000000000e+00 7.196236536648274382e-03 1.854946113052767520e-01 0.000000000000000000e+00 1.390048663945082363e-01 0.000000000000000000e+00 1.718691767185026864e-01 0.000000000000000000e+00 1.244893317377788189e-01 2.271157315933871115e-02 0.000000000000000000e+00 1.213285589393205827e-01 2.288953967407738460e-02 0.000000000000000000e+00 2.322254902770425847e-03 0.000000000000000000e+00 0.000000000000000000e+00 2.846902692207316753e-03 0.000000000000000000e+00 0.000000000000000000e+00
0.000000000000000000e+00 0.000000000000000000e+00 1.222622001704760097e-01 0.000000000000000000e+00 7.603787842330337948e-04 0.000000000000000000e+00 1.376930577899334318e-01 1.869460099486947302e-01 0.000000000000000000e+00 1.299468580453982600e-02 3.047743467076642274e-02 3.974487851827312318e-02 1.365478931024081688e-01 0.000000000000000000e+00 1.809249890871921784e-01 0.000000000000000000e+00 1.156875353991723282e-01 0.000000000000000000e+00 1.608133639411661944e-02 7.688628688367921127e-03 0.000000000000000000e+00 0.000000000000000000e+00 1.219097164182634911e-02 0.000000000000000000e+00 0.000000000000000000e+00
1.194174131665554778e-01 1.263810463856752664e-01 3.806617904774385608e-02 0.000000000000000000e+00 0.000000000000000000e+00 1.637396916193493979e-02 4.864224821611206478e-03 1.971944125290073235e-02 1.100030955667718607e-01 1.739334620710538404e-01 0.000000000000000000e+00 0.000000000000000000e+00 8.802441854146003664e-02 0.000000000000000000e+00 1.414851171300024746e-01 0.000000000000000000e+00 0.000000000000000000e+00 9.989152240286673645e-03 1.549001903524543228e-02 0.000000000000000000e+00 0.000000000000000000e+00 0.000000000000000000e+00 1.421620034840850345e-02 9.316990403805479326e-02 2.886635719229480729e-02
0.000000000000000000e+00 0.000000000000000000e+00 1.692371557959231609e-01 0.000000000000000000e+00 1.855397480894213913e-01 0.000000000000000000e+00 1.306828945333386900e-02 1.301244570947709400e-01 2.120155282751679665e-02 1.344648179355935336e-01 0.000000000000000000e+00 1.564631996381752044e-01 6.861621709991892748e-02 2.427690135190014274e-03 0.000000000000000000e+00 0.000000000000000000e+00 0.000000000000000000e+00 1.188568719301560245e-01 0.000000000000000000e+00 0.000000000000000000e+00 0.000000000000000000e+00 0.000000000000000000e+00 0.000000000000000000e+00 0.000000000000000000e+00 0.000000000000000000e+00
0.000000000000000000e+00 3.249552847339324743e-03 1.055763223166374977e-02 0.000000000000000000e+00 1.509944646449280781e-01 0.000000000000000000e+00 1.199302726715243267e-01 1.879598311926186094e-01 0.000000000000000000e+00 7.211980683140203907e-03 0.000000000000000000e+00 5.386333184975625188e-02 0.000000000000000000e+00 3.546298441202722085e-02 0.000000000000000000e+00 0.000000000000000000e+00 1.371336613397488580e-01 1.583727665219532565e-01 4.187877130542892908e-03 0.000000000000000000e+00 0.000000000000000000e+00 0.000000000000000000e+00 0.000000000000000000e+00 0.000000000000000000e+00 1.310756444747570859e-01
3.913515290473683350e-02 3.140148734540423869e-01 2.791993580806378245e-03 4.937265808173135762e-03 1.552591148474348568e-03 0.000000000000000000e+00 0.000000000000000000e+00 1.507574499442279267e-02 0.000000000000000000e+00 1.535173343016851821e-01 0.000000000000000000e+00 0.000000000000000000e+00 1.450414875013776306e-01 3.586654150049321810e-02 1.532517871922212671e-01 0.000000000000000000e+00 6.263643522481825328e-03 0.000000000000000000e+00 0.000000000000000000e+00 1.119601399026474986e-01 0.000000000000000000e+00 0.000000000000000000e+00 4.401312259982977960e-03 0.000000000000000000e+00 1.219013192845465332e-02
4.868654616938888902e-02 1.184399090305178481e-01 1.188266329185032610e-01 0.000000000000000000e+00 0.000000000000000000e+00 0.000000000000000000e+00 5.955234649681414444e-02 5.145068417108007719e-02 1.059865662971654632e-01 0.000000000000000000e+00 0.000000000000000000e+00 9.457511985248390207e-02 1.247228648012867940e-03 0.000000000000000000e+00 1.965851379456552417e-01 0.000000000000000000e+00 5.841350537095045883e-03 1.911326555252163125e-03 6.460083324426672824e-02 7.485646003573518531e-03 0.000000000000000000e+00 0.000000000000000000e+00 1.211349990636993862e-01 3.675673066491406960e-03 0.000000000000000000e+00
4.764592133498789933e-02 2.345982496906335313e-01 1.448689146110862247e-01 2.700230784631870926e-02 3.161171375054001864e-02 7.206098600563531908e-02 4.631593946562853614e-02 0.000000000000000000e+00 8.468447042077391351e-02 1.214492295527635490e-01 0.000000000000000000e+00 0.000000000000000000e+00 0.000000000000000000e+00 0.000000000000000000e+00 1.331759523363386377e-01 0.000000000000000000e+00 0.000000000000000000e+00 0.000000000000000000e+00 5.383003874892795804e-02 0.000000000000000000e+00 0.000000000000000000e+00 0.000000000000000000e+00 1.947297923373649746e-04 0.000000000000000000e+00 2.561546444028344957e-03
1.290743127948003888e-01 1.457761799647551704e-01 1.008562703794299992e-01 0.000000000000000000e+00 6.770913002813489824e-03 1.413981083853455556e-01 0.000000000000000000e+00 0.000000000000000000e+00 1.047346878648382044e-02 3.360781349985408201e-02 0.000000000000000000e+00 4.751114931353098841e-02 3.802087296165525265e-02 4.908535355448372106e-02 2.304507520759834227e-01 0.000000000000000000e+00 4.250800262842229643e-02 2.339038802995719452e-02 1.760622168721991500e-04 0.000000000000000000e+00 0.000000000000000000e+00 0.000000000000000000e+00 9.003524056123429634e-04 0.000000000000000000e+00 0.000000000000000000e+00
0.000000000000000000e+00 1.948778888588985903e-01 0.000000000000000000e+00 1.613179839010836156e-02 1.384428611916111995e-01 0.000000000000000000e+00 2.531914222019418861e-02 1.516997347290690024e-01 9.333392741864111886e-02 0.000000000000000000e+00 0.000000000000000000e+00 0.000000000000000000e+00 1.640536526043772370e-01 1.382741671635716596e-01 5.035866799425325890e-02 0.000000000000000000e+00 0.000000000000000000e+00 0.000000000000000000e+00 0.000000000000000000e+00 0.000000000000000000e+00 0.000000000000000000e+00 0.000000000000000000e+00 0.000000000000000000e+00 2.750815942927535215e-02 0.000000000000000000e+00
1.485549452489957727e-02 1.788064717065837930e-02 2.876934609366277752e-03 1.956213609535137690e-03 1.816530825125921844e-01 0.000000000000000000e+00 0.000000000000000000e+00 1.647227134460033382e-01 0.000000000000000000e+00 6.543316285470999680e-03 0.000000000000000000e+00 1.595364674314052600e-01 1.269011569650046467e-01 1.481868774581296955e-01 5.532353848240368493e-02 0.000000000000000000e+00 0.000000000000000000e+00 0.000000000000000000e+00 0.000000000000000000e+00 1.116155269798095595e-01 0.000000000000000000e+00 1.314618471925063301e-03 0.000000000000000000e+00 0.000000000000000000e+00 6.633412052796100813e-03
1.394785813135274721e-01 0.000000000000000000e+00 1.521996672592243818e-02 3.579753246231587175e-04 1.386897891457770648e-01 0.000000000000000000e+00 2.074881836429901261e-01 4.817097248507500040e-02 1.197115570802545076e-01 6.443065798643611737e-03 0.000000000000000000e+00 0.000000000000000000e+00 1.092022175524953453e-01 0.000000000000000000e+00 1.259676288622201545e-01 0.000000000000000000e+00 0.000000000000000000e+00 1.804382958711723758e-02 8.779103707177363450e-03 0.000000000000000000e+00 0.000000000000000000e+00 1.228128980775359223e-02 0.000000000000000000e+00 0.000000000000000000e+00 5.016583896642307777e-02
0.000000000000000000e+00 0.000000000000000000e+00 1.375545981475435053e-01 0.000000000000000000e+00 1.639786068834555577e-01 0.000000000000000000e+00 0.000000000000000000e+00 0.000000000000000000e+00 9.771797496844628408e-03 6.917705640821421309e-02 0.000000000000000000e+00 1.605807789763081528e-01 1.286175742522122911e-01 2.072142910315177139e-02 7.060045568907445668e-02 0.000000000000000000e+00 1.833061369225327157e-04 9.473059504421728338e-02 0.000000000000000000e+00 1.248198181467934653e-01 0.000000000000000000e+00 0.000000000000000000e+00 1.710548862305199744e-02 0.000000000000000000e+00 2.158495092210112234e-03
0.000000000000000000e+00 1.615251806689420866e-01 1.381718082844298201e-01 3.699273535368880080e-04 0.000000000000000000e+00 0.000000000000000000e+00 0.000000000000000000e+00 0.000000000000000000e+00 1.305704664181925045e-01 1.667209825480222840e-01 0.000000000000000000e+00 0.000000000000000000e+00 0.000000000000000000e+00 0.000000000000000000e+00 1.271906630927856219e-01 0.000000000000000000e+00 6.410823652001226836e-02 0.000000000000000000e+00 0.000000000000000000e+00 0.000000000000000000e+00 0.000000000000000000e+00 0.000000000000000000e+00 7.625387154745004448e-02 1.350888635666282755e-01 0.000000000000000000e+00
1.213968421655616248e-01 2.722268968836010772e-01 0.000000000000000000e+00 0.000000000000000000e+00 0.000000000000000000e+00 0.000000000000000000e+00 0.000000000000000000e+00 4.582610448868220526e-02 0.000000000000000000e+00 1.541917183002902703e-01 0.000000000000000000e+00 0.000000000000000000e+00 0.000000000000000000e+00 1.153243809318170721e-01 1.937080066188145988e-01 0.000000000000000000e+00 0.000000000000000000e+00 3.751402763490021414e-02 0.000000000000000000e+00 0.000000000000000000e+00 0.000000000000000000e+00 1.458475152408302434e-03 5.835354782392465633e-02 0.000000000000000000e+00 0.000000000000000000e+00
0.000000000000000000e+00 1.588895678921626586e-01 1.502743140435882918e-01 0.000000000000000000e+00 0.000000000000000000e+00 1.077630877185653015e-02 3.490372827594370037e-02 1.711991879731187272e-01 0.000000000000000000e+00 2.548596245512690928e-02 0.000000000000000000e+00 6.945332714798391205e-02 0.000000000000000000e+00 0.000000000000000000e+00 2.899904098844861139e-03 0.000000000000000000e+00 0.000000000000000000e+00 9.104301814925855330e-02 9.666883904231773905e-03 9.880012748254672628e-02 0.000000000000000000e+00 4.752178468173954423e-02 0.000000000000000000e+00 1.273769428175863527e-01 1.708942306011564365e-03
0.000000000000000000e+00 0.000000000000000000e+00 0.000000000000000000e+00 0.000000000000000000e+00 0.000000000000000000e+00 1.109395115702342671e-01 0.000000000000000000e+00 2.598587315689353527e-01 8.359945344860723881e-02 1.361315286465646611e-02 0.000000000000000000e+00 1.691721424778351579e-01 0.000000000000000000e+00 1.210891971822158630e-01 9.661815883143421921e-03 1.602557516221804826e-02 1.362582875129477455e-01 0.000000000000000000e+00 0.000000000000000000e+00 6.887342522605237327e-02 0.000000000000000000e+00 1.049563759912047235e-02 0.000000000000000000e+00 0.000000000000000000e+00 4.130695040336905023e-04
1.152882733564633416e-01 1.753560924156369050e-01 1.563374355746877109e-01 6.438955308093473155e-03 1.543179158849091459e-01 0.000000000000000000e+00 2.166236535843714655e-03 1.906092202627307497e-01 0.000000000000000000e+00 0.000000000000000000e+00 2.315127517678636226e-02 1.914284124674759877e-02 1.420750864604369279e-01 6.889737262137314404e-03 1.381259767703922050e-03 0.000000000000000000e+00 0.000000000000000000e+00 1.154508939191095391e-03 0.000000000000000000e+00 0.000000000000000000e+00 0.000000000000000000e+00 5.691161808631817892e-03 0.000000000000000000e+00 0.000000000000000000e+00 0.000000000000000000e+00
0.000000000000000000e+00 1.570703536709003589e-01 0.000000000000000000e+00 0.000000000000000000e+00 0.000000000000000000e+00 7.612805922333976127e-02 2.256907315205690032e-02 2.443946216177392619e-02 1.223574799207184510e-01 0.000000000000000000e+00 0.000000000000000000e+00 2.762970941336470032e-01 0.000000000000000000e+00 3.880947512129952204e-02 6.979014893131629815e-03 0.000000000000000000e+00 0.000000000000000000e+00 5.252212973418116104e-02 0.000000000000000000e+00 0.000000000000000000e+00 0.000000000000000000e+00 0.000000000000000000e+00 1.715966755346870765e-01 0.000000000000000000e+00 5.123118245426422357e-02
2.229522132900458864e-01 0.000000000000000000e+00 0.000000000000000000e+00 0.000000000000000000e+00 1.520082541601960324e-01 1.463692051840467523e-01 0.000000000000000000e+00 0.000000000000000000e+00 0.000000000000000000e+00 1.981784191682555221e-02 1.042689581295027645e-01 1.621339690516882537e-01 0.000000000000000000e+00 0.000000000000000000e+00 4.150506196883556320e-02 0.000000000000000000e+00 0.000000000000000000e+00 3.930788906215049866e-02 0.000000000000000000e+00 1.054710539934399088e-01 0.000000000000000000e+00 0.000000000000000000e+00 0.000000000000000000e+00 0.000000000000000000e+00 6.165553243268749595e-03
1.426384489043478962e-02 0.000000000000000000e+00 1.847663144936516622e-01 0.000000000000000000e+00 1.390895332758349534e-01 1.215065487365609292e-01 0.000000000000000000e+00 0.000000000000000000e+00 0.000000000000000000e+00 2.038956874970621752e-02 0.000000000000000000e+00 2.747520963722561993e-02 6.537094965232698174e-02 0.000000000000000000e+00 1.886168581589130200e-01 0.000000000000000000e+00 0.000000000000000000e+00 3.618257744067152754e-02 0.000000000000000000e+00 0.000000000000000000e+00 0.000000000000000000e+00 1.101474054453240557e-02 5.653517312068807865e-02 1.347886812994538164e-01 0.000000000000000000e+00
1.416715400187402163e-01 6.861086901141755234e-02 1.342875412360662046e-01 8.940404376887929605e-02 1.640715690964932721e-02 1.610005331603534817e-01 9.046306384773709908e-03 0.000000000000000000e+00 0.000000000000000000e+00 1.246862891604237807e-02 0.000000000000000000e+00 6.608421263789340805e-02 0.000000000000000000e+00 3.299835293030038003e-02 8.759786147597875550e-02 0.000000000000000000e+00 0.000000000000000000e+00 1.739250581938426091e-02 0.000000000000000000e+00 2.946597511192506139e-02 0.000000000000000000e+00 1.837355422861173258e-04 0.000000000000000000e+00 1.333807370763098465e-01 0.000000000000000000e+00
0.000000000000000000e+00 2.054248568868681235e-01 1.335997007219570376e-01 0.000000000000000000e+00 7.365310651376612283e-02 0.000000000000000000e+00 3.504695179750711548e-04 0.000000000000000000e+00 0.000000000000000000e+00 7.975739406917881080e-02 0.000000000000000000e+00 9.345019820256833532e-02 4.835621648028943370e-02 0.000000000000000000e+00 1.360317415458008328e-01 0.000000000000000000e+00 0.000000000000000000e+00 0.000000000000000000e+00 9.836191930003287953e-02 0.000000000000000000e+00 0.000000000000000000e+00 0.000000000000000000e+00 0.000000000000000000e+00 1.236131192304370657e-01 7.401277531126326456e-03
1.486740712499892425e-01 2.327801385934885892e-01 0.000000000000000000e+00 0.000000000000000000e+00 0.000000000000000000e+00 1.579981590658032509e-01 0.000000000000000000e+00 1.370387624222055983e-02 8.162697690191850208e-02 0.000000000000000000e+00 0.000000000000000000e+00 1.369065233348495947e-01 1.320463685801153975e-01 8.649746465720482835e-03 2.324008891364995333e-02 0.000000000000000000e+00 0.000000000000000000e+00 1.231150597035597129e-02 0.000000000000000000e+00 3.316428850662631739e-02 0.000000000000000000e+00 1.889825617526210214e-02 0.000000000000000000e+00 0.000000000000000000e+00 0.000000000000000000e+00
