0.000000000000000000e+00 1.917698551006036256e-01 1.500093172673842498e-02 1.393782104891540530e-01 0.000000000000000000e+00 6.843737594269269642e-02 9.865189918301237038e-02 0.000000000000000000e+00 7.857953643136043886e-02 7.532515616400702009e-04 7.578257611758666863e-03 6.778321992443084310e-02 0.000000000000000000e+00 1.422779800775555992e-01 1.800763535694655665e-02 0.000000000000000000e+00 0.000000000000000000e+00 4.255693558225397133e-02 0.000000000000000000e+00 1.292249110118526834e-01
4.219637927475057408e-04 0.000000000000000000e+00 0.000000000000000000e+00 4.184445432125099007e-01 0.000000000000000000e+00 3.696404078263437754e-02 0.000000000000000000e+00 3.053490692758721245e-02 1.763947896979147500e-01 2.360452732136887437e-03 7.946966718879328040e-02 8.562844285389148435e-02 0.000000000000000000e+00 7.579777810906565202e-03 0.000000000000000000e+00 0.000000000000000000e+00 0.000000000000000000e+00 1.622014150008780076e-01 0.000000000000000000e+00 0.000000000000000000e+00
1.511498424315084743e-01 2.618698915905184540e-02 0.000000000000000000e+00 0.000000000000000000e+00 0.000000000000000000e+00 1.466649290780359105e-01 2.900783251056987880e-02 1.502355087366429032e-01 2.013556845367623083e-01 0.000000000000000000e+00 0.000000000000000000e+00 0.000000000000000000e+00 0.000000000000000000e+00 1.122219037551395321e-01 0.000000000000000000e+00 1.317113943567612688e-01 5.146591543552789944e-02 0.000000000000000000e+00 0.000000000000000000e+00 0.000000000000000000e+00
0.000000000000000000e+00 1.677237749627992769e-01 0.000000000000000000e+00 1.657493021324147608e-01 0.000000000000000000e+00 0.000000000000000000e+00 0.000000000000000000e+00 4.798894923165787640e-02 1.824267683602971146e-01 0.000000000000000000e+00 0.000000000000000000e+00 7.423336715332934377e-02 1.577669800381812371e-01 0.000000000000000000e+00 0.000000000000000000e+00 0.000000000000000000e+00 0.000000000000000000e+00 1.512606648349044680e-01 0.000000000000000000e+00 5.285019328641595016e-02
0.000000000000000000e+00 1.086135272354302322e-01 0.000000000000000000e+00 2.137374839176204092e-02 1.205995865775243009e-01 1.324017553223363064e-01 2.499192496570630875e-02 0.000000000000000000e+00 0.000000000000000000e+00 1.140866140535370110e-01 1.102095418187265530e-02 7.970384148333307939e-02 2.026295591677357982e-02 1.580156289318268015e-01 4.044637303742970591e-02 0.000000000000000000e+00 0.000000000000000000e+00 1.383564207749729200e-02 0.000000000000000000e+00 1.546474478249705575e-01
1.255288195615382185e-01 2.300247850798691623e-02 0.000000000000000000e+00 5.328534221276253618e-03 1.865982302917768842e-01 1.084090847628421672e-01 6.917969330426426700e-02 1.303236257329980739e-02 7.784740372101534023e-02 6.920152071409971239e-02 0.000000000000000000e+00 0.000000000000000000e+00 0.000000000000000000e+00 2.006039938506855649e-02 0.000000000000000000e+00 1.226540833696804361e-01 9.223176918975468236e-04 1.540710712680519456e-01 1.622925683808915803e-02 7.934743789112916681e-03
1.583561861087016409e-01 0.000000000000000000e+00 0.000000000000000000e+00 0.000000000000000000e+00 7.320431268932291180e-02 1.620579200795972952e-01 0.000000000000000000e+00 1.996275655252390674e-02 1.819159027358804581e-01 1.086033479794522999e-01 0.000000000000000000e+00 0.000000000000000000e+00 1.356073262811952340e-01 0.000000000000000000e+00 0.000000000000000000e+00 1.417096101482354376e-01 0.000000000000000000e+00 1.858263742509093375e-02 0.000000000000000000e+00 0.000000000000000000e+00
1.591836741097499008e-01 1.885257749421772877e-01 1.028693922600028288e-02 2.213502588131998350e-01 0.000000000000000000e+00 0.000000000000000000e+00 0.000000000000000000e+00 6.433765812620860503e-02 1.053225989528045747e-01 0.000000000000000000e+00 1.693358140394178035e-01 3.439346550160162636e-02 0.000000000000000000e+00 0.000000000000000000e+00 0.000000000000000000e+00 9.710921003613967595e-03 0.000000000000000000e+00 0.000000000000000000e+00 3.755289528522622045e-02 0.000000000000000000e+00
1.411326220093122273e-02 3.355917985055439923e-02 0.000000000000000000e+00 2.874366312680233793e-01 5.604451916482568880e-02 1.987197171671677143e-01 0.000000000000000000e+00 0.000000000000000000e+00 1.492098636010307511e-01 1.159226935050472890e-01 0.000000000000000000e+00 4.445318978590352688e-02 0.000000000000000000e+00 0.000000000000000000e+00 9.983588972585206653e-03 7.051712576494854889e-02 0.000000000000000000e+00 0.000000000000000000e+00 2.004022871898231140e-02 0.000000000000000000e+00
1.405497513930558107e-01 2.432737404591615027e-01 2.471986059455429791e-02 8.290768289250603773e-02 5.737605695702804182e-02 8.146386170074483568e-02 2.564496539464474617e-02 1.424332429275474918e-02 0.000000000000000000e+00 0.000000000000000000e+00 0.000000000000000000e+00 5.639173953812880863e-02 0.000000000000000000e+00 7.616753556143045223e-02 2.209920468337310887e-02 3.271107724290933660e-02 0.000000000000000000e+00 0.000000000000000000e+00 7.041292483251228957e-04 1.417470700413832052e-01
1.309636956011903386e-01 1.052564550915634500e-01 0.000000000000000000e+00 8.120289915278344761e-02 3.416610346982291990e-02 0.000000000000000000e+00 1.299095653842716469e-01 0.000000000000000000e+00 2.223047157395238171e-01 2.066308746386190040e-02 7.314616128653233596e-04 5.666049616199578948e-02 2.085421923097188421e-02 0.000000000000000000e+00 0.000000000000000000e+00 0.000000000000000000e+00 0.000000000000000000e+00 1.972873010911496694e-01 0.000000000000000000e+00 0.000000000000000000e+00
7.554012486211536537e-02 7.234572193011817864e-02 0.000000000000000000e+00 0.000000000000000000e+00 0.000000000000000000e+00 1.636865278205031360e-01 0.000000000000000000e+00 0.000000000000000000e+00 2.077493641609927388e-02 1.711084332589383750e-01 0.000000000000000000e+00 1.360857030454776795e-01 0.000000000000000000e+00 0.000000000000000000e+00 0.000000000000000000e+00 1.261448137540387981e-01 1.323231470173018808e-02 1.488993140798393067e-01 0.000000000000000000e+00 7.218211013113978725e-02
9.186499079569143689e-02 2.674425371564602763e-02 0.000000000000000000e+00 0.000000000000000000e+00 1.907861817389238171e-02 0.000000000000000000e+00 0.000000000000000000e+00 7.538755357171694760e-02 1.840170199083035751e-01 7.789689558866907948e-02 0.000000000000000000e+00 8.452990924986424071e-02 0.000000000000000000e+00 1.373116023564082688e-01 1.457919875244207963e-01 0.000000000000000000e+00 0.000000000000000000e+00 1.573771691153870722e-01 0.000000000000000000e+00 0.000000000000000000e+00
2.788427110493582051e-01 5.973194907347093713e-02 1.086448304209097077e-02 8.885973244689533701e-02 5.050033807175437206e-02 1.486731906035615725e-01 0.000000000000000000e+00 8.013849536400317886e-02 0.000000000000000000e+00 0.000000000000000000e+00 1.446114991817432083e-01 4.355191866546538615e-02 0.000000000000000000e+00 0.000000000000000000e+00 0.000000000000000000e+00 1.223941871533162744e-02 1.333084467327699980e-02 6.030261380982684244e-02 8.352805303221218572e-03 0.000000000000000000e+00
2.271868358175628266e-01 0.000000000000000000e+00 0.000000000000000000e+00 1.597315914163614514e-01 0.000000000000000000e+00 1.525592788360081997e-01 0.000000000000000000e+00 1.609817466868429525e-02 1.783140650921585246e-01 1.265681367930303058e-01 0.000000000000000000e+00 0.000000000000000000e+00 0.000000000000000000e+00 0.000000000000000000e+00 0.000000000000000000e+00 0.000000000000000000e+00 7.807649364391974767e-03 0.000000000000000000e+00 1.317342680118022968e-01 0.000000000000000000e+00
3.477894498872831364e-02 1.402922425121875816e-01 0.000000000000000000e+00 2.910223115592492360e-01 9.897068153861824508e-03 1.585704197793856296e-01 8.621287501070124676e-03 8.937060066922900003e-02 0.000000000000000000e+00 2.988152077372048521e-02 1.423645988284367725e-01 1.005928206571808647e-02 0.000000000000000000e+00 0.000000000000000000e+00 0.000000000000000000e+00 0.000000000000000000e+00 0.000000000000000000e+00 0.000000000000000000e+00 6.585994478158301024e-02 1.928177838682977943e-02
2.537509975182863919e-01 3.403609124607678837e-02 0.000000000000000000e+00 0.000000000000000000e+00 1.094039948714373850e-01 1.548562869490392180e-01 7.490803391678343276e-03 0.000000000000000000e+00 1.226622841622834748e-01 6.154927482614311329e-02 1.212596772603084933e-01 3.547385052027803715e-02 0.000000000000000000e+00 0.000000000000000000e+00 5.614430782353249660e-02 3.197472715044559488e-02 6.025920491373092970e-03 5.371783789117720587e-03 0.000000000000000000e+00 0.000000000000000000e+00
9.326422432344376456e-03 6.921624395426646814e-02 0.000000000000000000e+00 0.000000000000000000e+00 0.000000000000000000e+00 4.837635576177572866e-02 1.185029464538823601e-01 5.540860188654806069e-03 0.000000000000000000e+00 1.272076016271272703e-01 2.179788702972884379e-04 1.988176424801579023e-01 1.301506014082372820e-01 0.000000000000000000e+00 2.475435123695938697e-02 0.000000000000000000e+00 4.710710695321169462e-03 2.034999136038706351e-03 1.072726521239247832e-01 1.538706336310124712e-01
1.483102914399922756e-01 6.393293007961890762e-02 0.000000000000000000e+00 1.968471243972072515e-01 0.000000000000000000e+00 0.000000000000000000e+00 2.940472896884455123e-02 0.000000000000000000e+00 2.713866481354516580e-01 0.000000000000000000e+00 0.000000000000000000e+00 7.706251967999452890e-02 0.000000000000000000e+00 0.000000000000000000e+00 0.000000000000000000e+00 0.000000000000000000e+00 0.000000000000000000e+00 1.629565963011694596e-01 5.009916099772129122e-02 0.000000000000000000e+00
1.002501961989508833e-01 0.000000000000000000e+00 0.000000000000000000e+00 0.000000000000000000e+00 1.036173860330649316e-01 1.564923088407706442e-01 2.457082447469445194e-02 0.000000000000000000e+00 0.000000000000000000e+00 3.757069850999082694e-02 4.774990387031864680e-02 2.801141807616855384e-02 4.037698099407433286e-04 1.431489695414587225e-02 4.553593444423659903e-02 2.238112982803857065e-01 0.000000000000000000e+00 0.000000000000000000e+00 6.714951011214673193e-02 1.505218543951853116e-01
