0.000000000000000000e+00 3.586561486886022387e-02 0.000000000000000000e+00 0.000000000000000000e+00 2.095779463387403840e-02 7.880571612074918630e-02 0.000000000000000000e+00 1.200269124281038435e-01 0.000000000000000000e+00 0.000000000000000000e+00 0.000000000000000000e+00 2.610499070232832342e-01 3.177297068421793685e-02 6.186703626977882453e-02 0.000000000000000000e+00 0.000000000000000000e+00 8.351794828143992155e-02 1.322022645284511855e-01 1.657400547704254157e-01 8.193780390816128925e-03
0.000000000000000000e+00 0.000000000000000000e+00 3.270089610979562411e-02 2.551538031303702270e-01 0.000000000000000000e+00 1.641229757465822309e-02 1.375559778281644323e-02 1.859092428045970580e-02 2.349094459200069818e-03 0.000000000000000000e+00 1.632781472907545578e-02 2.971673159185553303e-01 1.409381922671634930e-02 1.786079633353147844e-02 8.008712161885386815e-02 0.000000000000000000e+00 0.000000000000000000e+00 1.576946963812547731e-01 3.816925234832482111e-03 7.398889721987995938e-02
0.000000000000000000e+00 8.754778416541365155e-03 7.250841792756727855e-02 0.000000000000000000e+00 0.000000000000000000e+00 1.190746017274638829e-01 0.000000000000000000e+00 3.824629734287808037e-03 1.289711064834461463e-01 0.000000000000000000e+00 0.000000000000000000e+00 0.000000000000000000e+00 9.673651542075771548e-02 0.000000000000000000e+00 8.912975935939190797e-03 0.000000000000000000e+00 0.000000000000000000e+00 1.679910619270037209e-01 2.415682134513253143e-01 1.516576989756675820e-01
0.000000000000000000e+00 1.859609811952321959e-02 1.118355695867745414e-02 0.000000000000000000e+00 0.000000000000000000e+00 0.000000000000000000e+00 0.000000000000000000e+00 6.714166805114651915e-02 1.216647693077557713e-01 1.153257107225783007e-01 3.087763098949555460e-02 1.267934456881466831e-01 9.996093683576071087e-02 4.675854266362073491e-02 0.000000000000000000e+00 8.180489437650045881e-02 0.000000000000000000e+00 0.000000000000000000e+00 2.410059496870068096e-01 3.888679659978765829e-02
0.000000000000000000e+00 1.296122233934877965e-01 1.429400694390740023e-01 0.000000000000000000e+00 1.147385661294762910e-01 3.332259714943949097e-02 0.000000000000000000e+00 0.000000000000000000e+00 1.750104397628064745e-02 0.000000000000000000e+00 5.455184548046170152e-03 2.508276199922127581e-01 0.000000000000000000e+00 3.950237568263828547e-02 7.920871315350436204e-02 0.000000000000000000e+00 0.000000000000000000e+00 0.000000000000000000e+00 1.400125481028473241e-03 1.854914810548117243e-01
2.091115013349646445e-01 1.073070490878385158e-01 7.933517616086588342e-02 7.008722561869180911e-02 2.634520825367924618e-03 1.215106183865409806e-01 3.702337752710010196e-03 0.000000000000000000e+00 3.360834933085863480e-02 0.000000000000000000e+00 0.000000000000000000e+00 8.989901913567817371e-02 1.045435435511078009e-02 2.768710252865635990e-02 9.728946618816288611e-03 1.013138791784487652e-01 0.000000000000000000e+00 4.221710892436222884e-02 1.027189513851419714e-03 9.037562124723758084e-02
7.987211603836790602e-03 0.000000000000000000e+00 0.000000000000000000e+00 1.679388236359032338e-01 0.000000000000000000e+00 1.618322141370987510e-01 5.225513010494426541e-02 1.801377946637985339e-01 0.000000000000000000e+00 3.149202036614748984e-02 1.497158680819025804e-02 1.939639830167537160e-01 9.490917968691987838e-02 0.000000000000000000e+00 0.000000000000000000e+00 2.577606266641547031e-02 0.000000000000000000e+00 4.863572276175770481e-02 2.010027054823398246e-02 0.000000000000000000e+00
5.460226692860337128e-02 7.307257706434015614e-03 8.499790376761769128e-02 2.536924831546965090e-02 1.184933300050406008e-01 0.000000000000000000e+00 1.290669727575074165e-02 2.373857966625431970e-01 1.207394661293900995e-01 0.000000000000000000e+00 0.000000000000000000e+00 8.190872442238997242e-02 0.000000000000000000e+00 2.049469299878579898e-02 0.000000000000000000e+00 0.000000000000000000e+00 2.239305011246586763e-02 0.000000000000000000e+00 1.895036597375075460e-01 2.389790593800137850e-02
0.000000000000000000e+00 7.465365602559585756e-02 1.228035871020176709e-03 2.610562628544343400e-01 4.490961477652591349e-02 2.782305716404037677e-02 0.000000000000000000e+00 0.000000000000000000e+00 0.000000000000000000e+00 0.000000000000000000e+00 0.000000000000000000e+00 1.584883946130826726e-01 0.000000000000000000e+00 0.000000000000000000e+00 1.859161586517282250e-01 7.124275712126859617e-02 1.916903680333953419e-02 1.286478053118103315e-01 2.686522080715394653e-02 0.000000000000000000e+00
0.000000000000000000e+00 4.192131706394391748e-03 0.000000000000000000e+00 1.230413346404879010e-01 1.155807360051256810e-01 0.000000000000000000e+00 0.000000000000000000e+00 1.233047170226552747e-01 1.138797049062476724e-01 0.000000000000000000e+00 0.000000000000000000e+00 1.719011586816161230e-01 6.933700407635795537e-02 5.543848972204576397e-02 0.000000000000000000e+00 0.000000000000000000e+00 0.000000000000000000e+00 0.000000000000000000e+00 0.000000000000000000e+00 2.233247232390692671e-01
0.000000000000000000e+00 0.000000000000000000e+00 0.000000000000000000e+00 0.000000000000000000e+00 0.000000000000000000e+00 1.732508990910619842e-02 0.000000000000000000e+00 0.000000000000000000e+00 0.000000000000000000e+00 1.317272701165195410e-02 0.000000000000000000e+00 4.648973117734501725e-01 0.000000000000000000e+00 0.000000000000000000e+00 0.000000000000000000e+00 0.000000000000000000e+00 4.329226763226182856e-02 2.304399786045243093e-01 4.494505688654069908e-02 1.859275681824648918e-01
3.551418344024938074e-03 1.266890482932335645e-02 1.575394062446092841e-02 9.927359401838355135e-02 0.000000000000000000e+00 1.758510783441847858e-01 0.000000000000000000e+00 0.000000000000000000e+00 0.000000000000000000e+00 5.349457588697460048e-02 0.000000000000000000e+00 1.971299285142071867e-01 0.000000000000000000e+00 4.697245531597325080e-02 0.000000000000000000e+00 0.000000000000000000e+00 0.000000000000000000e+00 1.230692130680975660e-01 9.369440491377528657e-02 1.785404861405943677e-01
0.000000000000000000e+00 4.379218508408133648e-02 0.000000000000000000e+00 7.560455934187832773e-03 7.808951606009357019e-03 2.295016928302722192e-01 0.000000000000000000e+00 3.980770475766687300e-02 1.136144597342810675e-02 7.875367579345760038e-03 0.000000000000000000e+00 1.653438912101639624e-01 0.000000000000000000e+00 1.908476053788978055e-01 5.012774272846693552e-02 0.000000000000000000e+00 3.458075138157267608e-02 3.569026459518900851e-02 5.994449123321268086e-02 1.157574497075054415e-01
1.526173938830176387e-02 1.419486164163739905e-02 7.296604706035024479e-02 1.333947848782116308e-01 2.288420878554319263e-02 4.060774057154875605e-02 0.000000000000000000e+00 9.916532220245019569e-02 0.000000000000000000e+00 0.000000000000000000e+00 0.000000000000000000e+00 1.273114910349575357e-01 1.451248367399017303e-01 0.000000000000000000e+00 1.927406529428079274e-01 0.000000000000000000e+00 0.000000000000000000e+00 5.921881287608305594e-03 4.867722885913642467e-02 8.174920460754496465e-02
2.976705028211302714e-02 5.024941420872515441e-02 1.059933482727976745e-02 0.000000000000000000e+00 0.000000000000000000e+00 0.000000000000000000e+00 0.000000000000000000e+00 5.005933996180913365e-02 0.000000000000000000e+00 0.000000000000000000e+00 1.734991318693144061e-02 3.074079488961480866e-01 0.000000000000000000e+00 2.118308877965988657e-01 1.901948295275271428e-01 0.000000000000000000e+00 9.879438923900890623e-02 0.000000000000000000e+00 5.492912755643647449e-03 2.825397931821478636e-02
1.482229685172765758e-02 0.000000000000000000e+00 6.488648173318395385e-02 2.154250686306458940e-01 0.000000000000000000e+00 1.067294945148013208e-01 6.775308680271333907e-03 1.478744719289155074e-01 1.918604330531490862e-02 1.042843723945017197e-02 0.000000000000000000e+00 9.507631749043709765e-03 0.000000000000000000e+00 0.000000000000000000e+00 2.032998310631720269e-03 0.000000000000000000e+00 0.000000000000000000e+00 1.295346238979983577e-01 1.597658810252616246e-01 1.130312621327538153e-01
4.999140266356054407e-02 0.000000000000000000e+00 3.816586883817709580e-02 8.593482398759595686e-02 5.989114646436220074e-02 4.950861700095244428e-02 0.000000000000000000e+00 1.224810752344191594e-01 0.000000000000000000e+00 0.000000000000000000e+00 0.000000000000000000e+00 2.262296411693456855e-01 8.298359144265353080e-03 0.000000000000000000e+00 0.000000000000000000e+00 0.000000000000000000e+00 0.000000000000000000e+00 1.363958972360179989e-01 1.112860673901120145e-01 1.118171008711915521e-01
0.000000000000000000e+00 1.185652609406152684e-02 0.000000000000000000e+00 0.000000000000000000e+00 0.000000000000000000e+00 2.161169589283060827e-02 0.000000000000000000e+00 1.247193728307817995e-01 0.000000000000000000e+00 0.000000000000000000e+00 9.272619223033715802e-03 3.434779188084196022e-01 0.000000000000000000e+00 1.279721149168337457e-01 1.985650909241012119e-01 0.000000000000000000e+00 0.000000000000000000e+00 1.625246613099376181e-01 0.000000000000000000e+00 0.000000000000000000e+00
0.000000000000000000e+00 8.294483504900371229e-02 0.000000000000000000e+00 1.933853960756706236e-01 0.000000000000000000e+00 0.000000000000000000e+00 0.000000000000000000e+00 0.000000000000000000e+00 2.662168237646656693e-02 0.000000000000000000e+00 0.000000000000000000e+00 8.431552459510344155e-02 0.000000000000000000e+00 7.378179840451222493e-02 2.042084236550273935e-01 8.324861595726924801e-02 0.000000000000000000e+00 1.313026966783444327e-01 0.000000000000000000e+00 1.201910272086022941e-01
1.302632180875378520e-01 0.000000000000000000e+00 1.426032675804888850e-01 0.000000000000000000e+00 1.486906747709949850e-01 1.319032765994654910e-01 0.000000000000000000e+00 5.584306514141403749e-02 0.000000000000000000e+00 0.000000000000000000e+00 0.000000000000000000e+00 1.048782281220101698e-01 1.437917312995216045e-02 0.000000000000000000e+00 0.000000000000000000e+00 0.000000000000000000e+00 0.000000000000000000e+00 0.000000000000000000e+00 4.240999136379262208e-02 2.290291052043437470e-01
0.000000000000000000e+00 1.165319855604969035e-01 0.000000000000000000e+00 1.611935460094392203e-02 0.000000000000000000e+00 1.802500152917156998e-02 0.000000000000000000e+00 0.000000000000000000e+00 0.000000000000000000e+00 0.000000000000000000e+00 1.015465784514373720e-02 3.189545384921906312e-01 1.245813764029541082e-01 1.748688959683491195e-01 2.031705617018691457e-01 0.000000000000000000e+00 0.000000000000000000e+00 0.000000000000000000e+00 0.000000000000000000e+00 1.759362789888071349e-02
0.000000000000000000e+00 0.000000000000000000e+00 0.000000000000000000e+00 9.556450151134565640e-02 1.145826093570152457e-02 3.890725441337485740e-02 0.000000000000000000e+00 9.540334610983570995e-02 9.043774535931482783e-02 0.000000000000000000e+00 0.000000000000000000e+00 1.735315816409297718e-01 0.000000000000000000e+00 5.528832085808822738e-02 0.000000000000000000e+00 0.000000000000000000e+00 0.000000000000000000e+00 3.922362124569631721e-04 2.014492062812593687e-01 2.375675466776930866e-01
1.479875924399294161e-03 3.190176799707664101e-02 5.757297394106828531e-03 7.365690782959878613e-02 0.000000000000000000e+00 0.000000000000000000e+00 0.000000000000000000e+00 7.320720743306134703e-02 6.026372911328982396e-02 0.000000000000000000e+00 1.852413233489449279e-02 1.832949013804190397e-01 1.107976947911809146e-01 0.000000000000000000e+00 3.962476881897919641e-03 0.000000000000000000e+00 0.000000000000000000e+00 1.438602313791832177e-01 1.622189449661994298e-01 1.310748325746922405e-01
0.000000000000000000e+00 1.165697400373773632e-02 5.287371407672505214e-02 2.176010107448712871e-02 0.000000000000000000e+00 1.736967020262227945e-03 0.000000000000000000e+00 1.546088740101485282e-01 0.000000000000000000e+00 0.000000000000000000e+00 0.000000000000000000e+00 3.533239036338375882e-02 0.000000000000000000e+00 1.116630405153623135e-01 0.000000000000000000e+00 6.341564449023263071e-03 5.293254845124571728e-03 1.454147394390035986e-01 1.802551536466223958e-01 2.730632265561193095e-01
2.690704620671583933e-02 0.000000000000000000e+00 1.073818317043429005e-02 1.317711106195065818e-01 1.783497852383847740e-02 0.000000000000000000e+00 3.534850122551143337e-02 1.227012455363466759e-01 3.182342727734222693e-02 3.728620990199411900e-02 0.000000000000000000e+00 0.000000000000000000e+00 1.209942461248217534e-02 8.050701070664445513e-02 2.400915532002073898e-03 0.000000000000000000e+00 0.000000000000000000e+00 1.958344325507256900e-01 1.009462842269628208e-01 1.938012299094931667e-01
2.070916944447150423e-02 0.000000000000000000e+00 6.188181202813265724e-02 3.681988723466152191e-02 2.738280660867553444e-03 0.000000000000000000e+00 0.000000000000000000e+00 1.271476653467205897e-02 1.990345528564342048e-01 0.000000000000000000e+00 0.000000000000000000e+00 1.251295210133256952e-01 2.310024386296892149e-02 1.163361517655688709e-01 8.443890762401320971e-02 0.000000000000000000e+00 0.000000000000000000e+00 8.081627520168832568e-02 1.330859990619164268e-01 1.031944327112790522e-01
2.143769753794600233e-02 0.000000000000000000e+00 0.000000000000000000e+00 1.247468371916007346e-01 4.827123732194638778e-02 1.159297390983239640e-02 3.533318988298310512e-03 1.114212236521515964e-01 3.462738178734216243e-02 0.000000000000000000e+00 1.909055755967305895e-02 3.012011692339455204e-01 3.629285301635956640e-02 1.192009073999971379e-02 1.626807678458949968e-01 0.000000000000000000e+00 4.790893237539876719e-03 9.791053683563612914e-03 4.347678853918437482e-03 9.425426543998761952e-02
1.222472328608929376e-01 2.878303935054335114e-02 7.185736072743501013e-02 0.000000000000000000e+00 0.000000000000000000e+00 1.260314202183053234e-01 0.000000000000000000e+00 7.867328177434672332e-02 0.000000000000000000e+00 0.000000000000000000e+00 0.000000000000000000e+00 2.749441696696195425e-01 0.000000000000000000e+00 0.000000000000000000e+00 1.459498050002276150e-02 0.000000000000000000e+00 0.000000000000000000e+00 4.051169633129170222e-02 1.606936604714840067e-01 8.166315809605850795e-02
9.131342032345233020e-03 4.903545581503632178e-02 0.000000000000000000e+00 6.812652637070402972e-02 3.867932765869568079e-02 1.289201265124794438e-01 0.000000000000000000e+00 3.058985766190440783e-02 0.000000000000000000e+00 3.756133333332224017e-02 0.000000000000000000e+00 2.514662563398705197e-01 0.000000000000000000e+00 0.000000000000000000e+00 0.000000000000000000e+00 7.153799428504584862e-03 2.715831264921473795e-02 1.526354590089533392e-01 3.176678623022845954e-02 1.677754169587411248e-01
1.422988716817342181e-01 0.000000000000000000e+00 0.000000000000000000e+00 5.973361535334245631e-02 0.000000000000000000e+00 1.069310634041795334e-02 0.000000000000000000e+00 0.000000000000000000e+00 2.631834465535211505e-03 0.000000000000000000e+00 0.000000000000000000e+00 2.251060032261293919e-01 1.462788866483101802e-01 3.089468677811084071e-02 2.121402632310071534e-01 0.000000000000000000e+00 9.147260065562622111e-02 0.000000000000000000e+00 7.875013161978638987e-02 0.000000000000000000e+00
0.000000000000000000e+00 0.000000000000000000e+00 5.809403993628629859e-02 8.959824947071997128e-03 1.127115941088340130e-02 1.419381049262147775e-02 0.000000000000000000e+00 7.788819678800104618e-02 8.627962626554483080e-03 0.000000000000000000e+00 0.000000000000000000e+00 2.461211772078167603e-01 1.319791811962403305e-01 0.000000000000000000e+00 2.342641070201500475e-01 1.191454471952886965e-02 0.000000000000000000e+00 1.686068673241898908e-01 0.000000000000000000e+00 2.807912833065540417e-02
0.000000000000000000e+00 1.590547071083778588e-02 0.000000000000000000e+00 1.324396343310042523e-01 0.000000000000000000e+00 2.132116275506302713e-02 5.651384850208334559e-02 6.742805994569890660e-02 2.120309058724627674e-02 0.000000000000000000e+00 0.000000000000000000e+00 2.378775683551759834e-01 0.000000000000000000e+00 0.000000000000000000e+00 8.641393795924484644e-02 0.000000000000000000e+00 1.263458947258969678e-01 5.451545467951983415e-02 1.719534938598259732e-01 8.082383588402734798e-03
0.000000000000000000e+00 0.000000000000000000e+00 0.000000000000000000e+00 0.000000000000000000e+00 9.188436359628054245e-03 7.238846273356886775e-03 0.000000000000000000e+00 0.000000000000000000e+00 1.790810186511838931e-01 2.061223575224204949e-02 0.000000000000000000e+00 2.427971131243042147e-01 0.000000000000000000e+00 0.000000000000000000e+00 0.000000000000000000e+00 0.000000000000000000e+00 0.000000000000000000e+00 2.642841381230748299e-01 1.789459963550799615e-01 9.785221536113025698e-02
9.420372137150950093e-03 1.518583185605284006e-02 0.000000000000000000e+00 2.056323094919162639e-02 2.625068903689474487e-02 1.865752202419135586e-01 0.000000000000000000e+00 1.028522895384539476e-01 1.308071875156863531e-02 1.653069944163662597e-02 2.301557022913843994e-02 1.745110102862984514e-01 1.297854804321869060e-01 1.884516949983909562e-02 7.135985636544277255e-02 2.238185241989214865e-03 0.000000000000000000e+00 7.047691353709877038e-02 1.193087624551433107e-01 0.000000000000000000e+00
0.000000000000000000e+00 0.000000000000000000e+00 0.000000000000000000e+00 1.298649946088473173e-01 1.241282747864816544e-01 0.000000000000000000e+00 0.000000000000000000e+00 0.000000000000000000e+00 3.812715481323959710e-02 0.000000000000000000e+00 0.000000000000000000e+00 2.028077150645224147e-01 0.000000000000000000e+00 0.000000000000000000e+00 1.004760565099825365e-01 0.000000000000000000e+00 0.000000000000000000e+00 0.000000000000000000e+00 2.346702516196134680e-01 1.699255525973129288e-01
1.513917516730858143e-02 0.000000000000000000e+00 0.000000000000000000e+00 3.349679751096416858e-02 0.000000000000000000e+00 1.296410113211749482e-01 3.516591462488693337e-02 1.221280681380643024e-01 1.229809729416322592e-02 0.000000000000000000e+00 3.272563934072433151e-02 1.788689943141840710e-01 0.000000000000000000e+00 1.032614173739760111e-01 0.000000000000000000e+00 0.000000000000000000e+00 7.915202970428423038e-03 0.000000000000000000e+00 1.136495840759859655e-01 2.157100978681390779e-01
1.143874355284381500e-01 6.242267423621098571e-02 0.000000000000000000e+00 0.000000000000000000e+00 1.400536748307102675e-01 4.465945684551867606e-02 0.000000000000000000e+00 8.020800399558743188e-02 0.000000000000000000e+00 0.000000000000000000e+00 0.000000000000000000e+00 0.000000000000000000e+00 1.541269855639485972e-02 5.631712195961787251e-03 2.200372970823367136e-01 0.000000000000000000e+00 0.000000000000000000e+00 1.860066265887907674e-02 0.000000000000000000e+00 2.985863840699620186e-01
1.472973992735663110e-02 0.000000000000000000e+00 0.000000000000000000e+00 9.161615684617695210e-02 4.310532240610790572e-02 7.494789408171149969e-02 1.945498233331345713e-03 4.118033117108780422e-02 9.152509210914736015e-02 0.000000000000000000e+00 0.000000000000000000e+00 2.435761323417883761e-01 0.000000000000000000e+00 1.270317072052166985e-01 0.000000000000000000e+00 1.910685630352091562e-03 0.000000000000000000e+00 5.500127822572441205e-02 1.877680338321688069e-01 2.566212798983017254e-02
0.000000000000000000e+00 0.000000000000000000e+00 1.330526739366033606e-02 7.473503103178816276e-02 0.000000000000000000e+00 2.885368113239610011e-02 0.000000000000000000e+00 4.033137117757368967e-02 0.000000000000000000e+00 0.000000000000000000e+00 0.000000000000000000e+00 1.781060633718581365e-01 1.485454294037857718e-02 2.655729182397469426e-02 7.210860858294675102e-02 7.973976130758334002e-02 2.213655925260690684e-03 1.440578374764424352e-01 1.668779017352922667e-01 1.582589861008447951e-01
1.100180593570691985e-02 3.273883026081129272e-02 0.000000000000000000e+00 6.225127332148389092e-02 0.000000000000000000e+00 0.000000000000000000e+00 0.000000000000000000e+00 1.289695678330822493e-01 1.378558539993833022e-02 0.000000000000000000e+00 4.556068854312940626e-03 2.115608936694819697e-01 7.915006647614039256e-03 1.053239008163854296e-01 7.652024916492751461e-02 7.321792924420846005e-02 0.000000000000000000e+00 1.045761268183461185e-01 6.145309888856773789e-02 1.061296631451330436e-01
1.904624230907985341e-02 1.205021317663377244e-02 0.000000000000000000e+00 0.000000000000000000e+00 0.000000000000000000e+00 1.291301778961736202e-01 0.000000000000000000e+00 9.222503326028935744e-02 6.515809973041127023e-02 0.000000000000000000e+00 7.194839567694986254e-04 0.000000000000000000e+00 2.399728680647376239e-02 1.206307568057036761e-01 4.801743329935426879e-02 8.837213761540237134e-02 2.243061827556488974e-02 5.380500663241208348e-03 0.000000000000000000e+00 3.728420162049024822e-01
2.464280856953821042e-02 8.906699819276472918e-02 0.000000000000000000e+00 2.861573061658289827e-02 5.379040633466262815e-03 2.652992790035943807e-02 0.000000000000000000e+00 2.397404569338060509e-01 1.166488648701003751e-02 8.839564252810393208e-02 3.485091584212136190e-02 1.752839190795512647e-01 0.000000000000000000e+00 1.727279077770994820e-01 3.966424713400105127e-03 0.000000000000000000e+00 0.000000000000000000e+00 2.460242416341093877e-02 7.282454911708233052e-03 6.725046165107707863e-02
0.000000000000000000e+00 1.227789873743198590e-02 4.508804738393921985e-02 0.000000000000000000e+00 2.171587109457893960e-02 0.000000000000000000e+00 0.000000000000000000e+00 1.828316710804129552e-01 5.807832925218944092e-02 0.000000000000000000e+00 0.000000000000000000e+00 9.830427499336948094e-02 0.000000000000000000e+00 0.000000000000000000e+00 0.000000000000000000e+00 0.000000000000000000e+00 0.000000000000000000e+00 1.448162563490783816e-01 1.901061047834170237e-01 2.467815463255825237e-01
1.249678465157294666e-01 6.605099780232541462e-02 1.538145508843643816e-01 0.000000000000000000e+00 5.792720997298439478e-03 0.000000000000000000e+00 0.000000000000000000e+00 0.000000000000000000e+00 4.307759025212933024e-02 1.932729837308820239e-02 0.000000000000000000e+00 9.036743989957372880e-02 7.242104902365993635e-02 0.000000000000000000e+00 5.126863306872051634e-02 0.000000000000000000e+00 0.000000000000000000e+00 1.816407029827984410e-01 1.310918419836059889e-01 6.017932821670607391e-02
0.000000000000000000e+00 1.102161585612926598e-01 8.768745074410509710e-02 1.390596497957985733e-01 2.825203611607891505e-02 1.333848729934805910e-01 3.206927032752907025e-02 0.000000000000000000e+00 0.000000000000000000e+00 0.000000000000000000e+00 0.000000000000000000e+00 8.454610581588910267e-03 0.000000000000000000e+00 5.297078114391498560e-02 2.020895291841918462e-01 1.442086038042200181e-02 2.102684153430663463e-02 0.000000000000000000e+00 1.208604680396838452e-02 1.582818918333223357e-01
0.000000000000000000e+00 4.137667212727130783e-02 0.000000000000000000e+00 2.534764193419912146e-03 1.166480582085376166e-01 0.000000000000000000e+00 0.000000000000000000e+00 2.089573845633720395e-01 1.212982139153532118e-01 4.036384908287050238e-02 3.913010404991584812e-02 2.239289214357097491e-01 7.298304936174680561e-03 6.526641510570174373e-03 7.544614316501098428e-02 0.000000000000000000e+00 1.140801895936206616e-03 3.666935479817116927e-02 0.000000000000000000e+00 7.868078611768668240e-02
3.103716856411002645e-02 3.039052133149241358e-02 1.412212262695124732e-01 0.000000000000000000e+00 1.341800837675546053e-02 0.000000000000000000e+00 0.000000000000000000e+00 0.000000000000000000e+00 9.363173727915111155e-02 0.000000000000000000e+00 0.000000000000000000e+00 2.191809741124278454e-01 0.000000000000000000e+00 1.546757091812148155e-01 0.000000000000000000e+00 0.000000000000000000e+00 0.000000000000000000e+00 0.000000000000000000e+00 5.885313531772248287e-03 3.105593413535636671e-01
0.000000000000000000e+00 0.000000000000000000e+00 0.000000000000000000e+00 4.422436101846276280e-02 1.031761257376352797e-01 1.121954184304028157e-01 0.000000000000000000e+00 2.350023355692301696e-02 0.000000000000000000e+00 8.835526953901303229e-03 0.000000000000000000e+00 1.256192936590018461e-01 1.089782810250447959e-01 0.000000000000000000e+00 7.141543238913110846e-03 0.000000000000000000e+00 8.341261949424744540e-03 1.544805599872070001e-01 1.514049535181447304e-01 1.521024409249383536e-01
4.394362939070001889e-02 0.000000000000000000e+00 0.000000000000000000e+00 6.409664173927074812e-03 0.000000000000000000e+00 1.770713731659279838e-02 0.000000000000000000e+00 0.000000000000000000e+00 9.116232524057393816e-02 0.000000000000000000e+00 0.000000000000000000e+00 1.713253838704944798e-01 0.000000000000000000e+00 1.259223348706511869e-01 5.459769373156622002e-02 0.000000000000000000e+00 3.529503769667237389e-02 7.664767755392951076e-02 2.226787767706803478e-01 1.543103393842120974e-01
0.000000000000000000e+00 0.000000000000000000e+00 0.000000000000000000e+00 0.000000000000000000e+00 0.000000000000000000e+00 0.000000000000000000e+00 0.000000000000000000e+00 0.000000000000000000e+00 0.000000000000000000e+00 2.488004815862408445e-02 2.760493549732675675e-02 1.176686390572379837e-01 0.000000000000000000e+00 4.009364942945536220e-02 0.000000000000000000e+00 6.911858787274872962e-02 1.011236501978665797e-01 1.520626477644201613e-01 2.771286031963738905e-01 1.903192388259463685e-01
