7.131815308381579677e-02 1.152199312155171018e-01 1.554330877756017817e-02 0.000000000000000000e+00 1.380979935058067598e-01 1.532344493156279639e-03 0.000000000000000000e+00 1.435666045790351918e-03 1.444431662656496008e-03 9.175341766409427294e-03 0.000000000000000000e+00 0.000000000000000000e+00 1.456645915418961802e-02 0.000000000000000000e+00 1.209928251914906550e-01 0.000000000000000000e+00 1.818953270735573086e-02 0.000000000000000000e+00 0.000000000000000000e+00 9.931074761136066131e-02 7.904626905099316342e-03 0.000000000000000000e+00 6.682845376444772334e-02 1.102693678755016365e-01 2.081708162398422934e-01
0.000000000000000000e+00 4.506115504131132793e-02 0.000000000000000000e+00 5.819807173571062142e-02 1.366363674501954173e-01 0.000000000000000000e+00 8.994497236150008138e-03 1.412630632673589348e-02 0.000000000000000000e+00 1.021044505036388392e-03 2.953544778918098360e-05 3.671616941819200869e-02 3.956404453996070075e-03 0.000000000000000000e+00 1.008908526102080677e-01 2.889470145393806255e-02 1.498659398039854651e-01 6.139628777469745106e-03 0.000000000000000000e+00 0.000000000000000000e+00 1.137065786420788554e-03 0.000000000000000000e+00 1.737966834915480666e-02 1.692843596767511227e-01 2.216682319269550339e-01
3.389654482628681048e-02 1.586404888374807476e-01 0.000000000000000000e+00 0.000000000000000000e+00 0.000000000000000000e+00 2.283596147799432131e-03 7.289291271046477450e-02 4.210441986325191149e-02 0.000000000000000000e+00 1.273511548835830065e-01 8.818227030750440051e-03 0.000000000000000000e+00 0.000000000000000000e+00 0.000000000000000000e+00 2.658481165039791594e-01 1.147425671115529094e-01 0.000000000000000000e+00 1.192949497213811744e-01 1.081591585067245495e-02 2.313551864278338629e-02 0.000000000000000000e+00 0.000000000000000000e+00 0.000000000000000000e+00 2.017558787001385440e-02 0.000000000000000000e+00
3.164718794468130130e-03 0.000000000000000000e+00 0.000000000000000000e+00 0.000000000000000000e+00 1.315328021068535302e-01 6.568164961715088068e-02 0.000000000000000000e+00 1.092924348486358221e-01 6.755400256251800628e-02 3.144383088873314164e-02 0.000000000000000000e+00 6.391523519815217602e-02 0.000000000000000000e+00 2.319654742130559250e-03 6.043825423981005057e-02 0.000000000000000000e+00 7.702733939852243750e-02 3.632201622210234210e-02 3.728268682991029564e-02 0.000000000000000000e+00 0.000000000000000000e+00 1.542350598136422654e-02 1.331695707256211336e-01 1.654322978440273262e-01 0.000000000000000000e+00
0.000000000000000000e+00 2.156742372919448643e-04 3.494385814519743172e-02 2.094876129874486022e-03 1.437989492119239390e-02 4.002143678703719981e-02 7.804893289744015139e-02 5.146124993666964520e-02 5.557615764111906685e-03 1.159463075144420430e-01 0.000000000000000000e+00 1.246405010572867733e-01 7.967984629486947815e-03 5.842286453437835377e-03 1.782087506635265661e-01 0.000000000000000000e+00 3.012460534243587354e-02 2.645963859093907952e-02 1.952384902944169455e-03 1.787569008886418648e-03 9.816680715178245642e-02 9.647342332320833552e-04 1.771601819708077188e-02 1.603737861924070252e-01 3.125087243296785847e-03
0.000000000000000000e+00 1.289942736344782959e-01 8.919469847406621618e-03 0.000000000000000000e+00 0.000000000000000000e+00 0.000000000000000000e+00 1.919747464786497257e-02 0.000000000000000000e+00 8.764549630141229078e-04 1.071523266593083223e-01 4.990204761935271641e-03 8.689404263239686177e-02 1.809790671547534952e-04 0.000000000000000000e+00 8.065240172404075647e-02 1.657887271653418412e-02 1.662582672990205734e-01 4.854740398786688838e-02 1.577730844986859624e-03 5.120337592123645754e-02 0.000000000000000000e+00 0.000000000000000000e+00 9.972967176228035580e-02 1.275468646986666343e-01 5.070018483180815244e-02
0.000000000000000000e+00 1.102043725298398474e-01 0.000000000000000000e+00 7.071947484021311181e-03 2.283053159142718336e-01 0.000000000000000000e+00 0.000000000000000000e+00 5.109645853870720122e-02 0.000000000000000000e+00 0.000000000000000000e+00 6.610716314739953272e-04 1.975063691223594847e-02 9.044699471491618459e-02 3.154478279127675023e-03 1.980022160372452711e-01 1.315676507356138003e-02 1.080675741802781392e-01 1.974076974784797975e-02 8.140451724033999359e-03 3.376682747280840974e-02 2.177883490766158517e-02 1.297360097137830945e-02 3.482459009215464057e-02 1.693053818120812334e-02 2.192655560722816740e-02
0.000000000000000000e+00 1.677189756178836255e-01 0.000000000000000000e+00 0.000000000000000000e+00 2.106784252291783038e-02 1.872160131080204733e-03 0.000000000000000000e+00 4.823040300781711309e-02 3.412013547942603642e-02 1.061049274970584239e-01 0.000000000000000000e+00 8.268781323151630502e-02 7.787190640382161966e-02 1.459499978728091146e-03 1.917478052757971008e-01 1.156107778975814099e-01 0.000000000000000000e+00 0.000000000000000000e+00 5.168138475971327528e-02 0.000000000000000000e+00 0.000000000000000000e+00 0.000000000000000000e+00 5.905847593688963101e-03 2.761783796524882803e-02 6.630268263772115533e-02
1.448986995191953522e-02 5.678046873200576911e-03 3.764755978505320011e-02 5.734298931472980865e-03 8.480022978533023614e-02 1.752991642209078310e-04 2.315496780998174339e-02 2.085063506287052060e-02 0.000000000000000000e+00 1.066398295148645731e-01 1.278053838620153270e-03 5.942744179074052613e-02 2.185434439291230116e-02 3.815374629938796287e-03 1.482203563032724603e-01 2.848243508865806739e-02 1.086322167947213757e-01 1.268759676031236232e-02 0.000000000000000000e+00 0.000000000000000000e+00 5.245258176597950711e-03 0.000000000000000000e+00 1.268808307428911930e-01 1.585670219588229124e-01 2.573833264359758413e-02
8.128144713929780218e-03 1.125651685502281341e-01 0.000000000000000000e+00 5.288519735342854522e-02 1.229950921878539410e-01 2.015040914905704902e-02 3.377489552963255232e-02 0.000000000000000000e+00 3.080493863257850740e-02 1.073144069487567409e-01 0.000000000000000000e+00 1.463751339743180058e-02 0.000000000000000000e+00 0.000000000000000000e+00 1.499481893154774315e-01 6.177350486634641119e-02 0.000000000000000000e+00 2.383012821072611268e-03 1.129811536796410248e-01 5.369384827912742318e-03 4.663975505537738819e-02 0.000000000000000000e+00 0.000000000000000000e+00 4.879451535213747554e-02 6.885471761913769528e-02
3.291477045940622084e-03 3.334520271212381651e-03 1.229635393069910404e-02 6.468140682415017551e-02 1.992096734799096713e-02 0.000000000000000000e+00 6.812188020355423868e-02 0.000000000000000000e+00 1.046164518625081067e-03 0.000000000000000000e+00 9.620747416330696286e-03 1.076667513000937326e-01 0.000000000000000000e+00 0.000000000000000000e+00 1.948486849435587809e-01 1.719566574313714513e-01 0.000000000000000000e+00 3.235257781192971138e-02 1.781069836562002573e-01 0.000000000000000000e+00 6.884869661979562587e-04 0.000000000000000000e+00 7.193969973186073452e-02 5.549446224653751397e-02 4.632178353746808572e-03
1.501929901648383497e-02 1.367644162209078265e-02 1.073440226263979030e-01 9.101917988888685515e-04 2.573684846910342383e-01 0.000000000000000000e+00 0.000000000000000000e+00 1.243469181205715882e-02 3.037369243871891264e-02 1.983611276703217685e-02 0.000000000000000000e+00 1.059880800060246896e-02 1.996681223450254544e-03 0.000000000000000000e+00 1.492482511110675425e-01 3.057173298610472295e-02 0.000000000000000000e+00 0.000000000000000000e+00 1.630025040283964721e-01 9.003223536344770114e-03 0.000000000000000000e+00 0.000000000000000000e+00 2.154882276319928201e-03 2.586221510091856000e-03 1.738747585549183239e-01
0.000000000000000000e+00 2.118379715773863192e-02 1.148046841902921056e-01 0.000000000000000000e+00 5.937071343309929805e-02 0.000000000000000000e+00 3.051900157319594950e-02 1.309315892711739593e-01 0.000000000000000000e+00 4.659113918618626796e-03 0.000000000000000000e+00 1.236083189426438918e-02 2.089325434173637877e-02 0.000000000000000000e+00 9.772235134884864772e-04 4.371744499264315631e-02 1.486593987912570303e-01 9.544868653747669296e-02 1.649021457396344925e-01 9.415948660970391293e-02 0.000000000000000000e+00 2.224227640307840578e-02 1.642560917692865996e-02 3.843920761274100418e-03 1.490082169439587052e-02
0.000000000000000000e+00 2.889617618738114443e-02 0.000000000000000000e+00 9.978107383727727320e-02 4.213839398657606532e-03 4.441202802910242803e-02 1.216240671632236661e-02 1.862223650338365455e-02 0.000000000000000000e+00 2.973593206521665464e-02 1.007493970495212422e-02 6.789464240974296683e-02 7.943549426292738358e-03 4.001553052301463215e-03 0.000000000000000000e+00 0.000000000000000000e+00 1.032214463705351248e-01 5.212776937158896187e-03 1.599515369607323878e-01 6.547063788057637390e-02 3.392059345134115778e-02 2.022551248850691305e-02 9.638047698742836789e-02 2.865535136979514147e-02 1.592232902232953440e-01
0.000000000000000000e+00 1.333401553678645879e-01 0.000000000000000000e+00 0.000000000000000000e+00 9.930169887017972763e-02 0.000000000000000000e+00 0.000000000000000000e+00 0.000000000000000000e+00 0.000000000000000000e+00 1.185921551229899423e-02 0.000000000000000000e+00 0.000000000000000000e+00 0.000000000000000000e+00 0.000000000000000000e+00 2.431543344510093407e-01 8.719130048712686945e-03 3.902712110619755564e-03 8.104317594865582952e-02 7.480438830033868738e-03 2.620180348228120376e-02 1.897915079536696345e-02 0.000000000000000000e+00 1.380412699435074053e-01 5.536566965642087529e-02 1.726112449830488615e-01
0.000000000000000000e+00 3.539884828967376600e-03 1.026020286643379992e-01 5.704451089692012204e-04 1.297281435941474437e-01 0.000000000000000000e+00 2.633665386579761916e-02 7.278413869424230076e-02 4.534644676919575429e-02 1.422796950686555477e-02 0.000000000000000000e+00 2.489617645682622865e-02 0.000000000000000000e+00 6.554921089525699365e-03 1.707812644647418998e-01 0.000000000000000000e+00 1.255942966659048809e-01 0.000000000000000000e+00 6.000964729484346838e-02 0.000000000000000000e+00 0.000000000000000000e+00 4.298993248908445156e-03 0.000000000000000000e+00 1.627333103687959304e-01 4.999567937793020916e-02
3.667741874024519483e-02 3.092683296819856171e-03 5.457382255331987529e-03 1.672837386246020866e-02 2.620225588068483269e-01 0.000000000000000000e+00 0.000000000000000000e+00 0.000000000000000000e+00 0.000000000000000000e+00 1.411456466549201594e-01 0.000000000000000000e+00 1.389448218173531396e-02 0.000000000000000000e+00 5.773427357540638835e-03 2.158853553567289252e-01 0.000000000000000000e+00 1.267572158845658818e-02 0.000000000000000000e+00 1.650812282208677650e-01 1.215657216780449829e-01 0.000000000000000000e+00 0.000000000000000000e+00 0.000000000000000000e+00 0.000000000000000000e+00 0.000000000000000000e+00
5.064314716078553106e-04 2.175930791231050349e-02 0.000000000000000000e+00 3.507668460099615249e-02 8.453087360624929325e-02 1.379154357591810647e-02 1.155539995702164514e-02 1.528034962890636728e-01 3.481386568075893473e-02 1.715379551904180622e-01 0.000000000000000000e+00 3.907503762917973605e-02 5.729407799104037011e-03 0.000000000000000000e+00 5.018101567515461520e-02 4.755146384873648602e-02 0.000000000000000000e+00 1.932927590223769681e-03 1.586738813045686369e-01 3.872829583594269293e-02 3.851605140770471367e-03 2.924777135593297807e-03 2.419223247826620196e-03 0.000000000000000000e+00 1.225568065085555075e-01
2.150013145470667034e-02 1.268243466816394369e-02 1.342252167356172525e-02 0.000000000000000000e+00 9.298951199419544511e-02 1.115531116459625265e-03 4.646724075413374844e-02 2.576088442353283593e-03 0.000000000000000000e+00 0.000000000000000000e+00 0.000000000000000000e+00 1.734274111481566572e-02 2.171142103733932072e-03 3.684795088382825188e-03 2.191104613601944084e-01 4.627765577478611635e-03 2.728053546110684180e-02 1.225667514424026759e-03 0.000000000000000000e+00 9.840891873387219713e-02 4.521395560441844944e-03 1.920569649395788628e-02 1.253388132310896685e-01 8.509158231615664147e-02 2.012370253407710086e-01
0.000000000000000000e+00 0.000000000000000000e+00 0.000000000000000000e+00 3.530899286894003449e-03 9.901260507403686351e-02 2.303768955468055678e-03 1.359783910523131370e-02 5.582594551528817506e-02 0.000000000000000000e+00 2.139468942757817571e-02 0.000000000000000000e+00 0.000000000000000000e+00 6.292408498424778562e-02 5.208372421059193069e-02 2.373207847421651140e-01 2.717762370513502820e-02 1.022317933665865125e-02 1.034976982608167145e-01 1.310456353166490270e-02 1.051772961738224182e-01 0.000000000000000000e+00 0.000000000000000000e+00 2.531035945989565383e-02 1.513521016681891075e-02 1.523797280636861595e-01
8.266815336643314194e-02 2.727806199428669913e-03 1.630328348016747350e-02 0.000000000000000000e+00 1.892878352406995868e-02 1.164070362243441875e-01 1.162260409155860263e-02 2.002653820327439382e-02 8.341276515852332971e-03 1.499729747976515648e-01 2.644597516641582213e-02 2.645388064809318582e-02 1.154141273397887857e-02 2.660395103975630050e-03 2.431057223587421712e-01 8.385735040015188102e-02 6.828813901887016008e-03 9.841298961861075657e-04 1.881005934295454374e-02 7.325943399853661157e-03 2.924343343132662296e-02 5.545756506501508046e-03 2.114692532374137443e-02 5.524026431307247319e-03 8.352771895210391040e-02
8.978243785196060589e-02 5.012250090585707724e-02 4.454040890918502422e-03 5.224501787353080622e-03 1.595396950010093823e-02 4.000013433818402908e-02 2.101748913459175819e-02 3.840561761963056514e-02 1.229511213001026684e-02 2.177108624591191921e-01 4.456079819745255993e-03 5.880475792484141269e-03 7.482719351362996513e-03 0.000000000000000000e+00 2.692434664015390666e-01 3.097227930225291467e-03 0.000000000000000000e+00 9.802867699207262753e-02 2.290517889522067363e-02 1.623813250834870228e-03 0.000000000000000000e+00 0.000000000000000000e+00 2.913393104401133110e-02 1.319815491408191099e-02 4.998360899069591995e-02
3.666673508259088421e-04 4.390343080090812131e-03 0.000000000000000000e+00 5.301914090699751114e-02 0.000000000000000000e+00 0.000000000000000000e+00 3.230539628627897980e-02 5.319876954115492634e-02 0.000000000000000000e+00 3.164097450073944523e-02 2.059587622534807868e-03 1.454559828810654265e-01 7.921224472413981865e-02 0.000000000000000000e+00 6.574564773700024289e-02 0.000000000000000000e+00 7.361094593219193183e-02 5.220727642970838384e-02 1.582087345837235870e-01 1.729931193841426768e-02 0.000000000000000000e+00 0.000000000000000000e+00 1.644536953273073032e-01 5.018821808657786265e-02 1.663706307124885805e-02
3.183518288805826241e-02 0.000000000000000000e+00 0.000000000000000000e+00 1.185142772861611932e-01 1.384095275145911241e-01 3.032933253674914217e-03 3.939533848535929292e-03 2.854721439603624331e-02 2.786397136401623856e-02 1.005777149538046311e-01 1.790087456943660962e-02 1.412940107252108786e-02 0.000000000000000000e+00 2.026528089209309394e-02 1.250218955645540919e-01 6.676995866567043969e-02 5.403478444661797588e-04 9.237034029069174021e-03 1.483946034040176387e-01 2.879971358175562827e-03 1.225023902142379460e-02 2.838996507799186955e-02 9.206611037994815588e-03 0.000000000000000000e+00 9.229346195770703198e-02
7.252805555285420092e-02 4.545177856477330275e-02 1.192431803461051903e-01 0.000000000000000000e+00 0.000000000000000000e+00 8.039887618298524044e-04 3.489774554772983369e-04 4.230301185323555313e-02 2.396180441113974005e-02 1.391957016488992727e-01 0.000000000000000000e+00 1.063341686769173483e-01 1.096815729470234854e-02 8.952856048695466418e-03 1.937807392417033037e-01 0.000000000000000000e+00 7.232723901996833925e-03 3.279287374473815325e-03 2.538879500737274003e-02 3.085059727662190637e-02 0.000000000000000000e+00 4.801563027162737349e-03 6.287746592517601263e-03 3.775626060399933995e-03 1.545112409031215717e-01
