0.000000000000000000e+00 2.549398282738984250e-02 2.406944395695752650e-02 2.801908092521513110e-03 2.772354046240636805e-02 0.000000000000000000e+00 7.982334048574210583e-02 1.715324094183560133e-01 7.456875530624122728e-03 0.000000000000000000e+00 1.215201539850982101e-02 1.498980825958309837e-01 5.104220776485753758e-03 5.279190330578145815e-04 1.125944980659361605e-01 1.228979745042066071e-02 1.046384400776301793e-01 9.551654986169060002e-02 0.000000000000000000e+00 0.000000000000000000e+00 0.000000000000000000e+00 1.456967054327447213e-02 1.765801312369553663e-02 7.338086748152426037e-03 1.288112055513181142e-01
0.000000000000000000e+00 1.876211153117754091e-02 9.426887109754812644e-02 4.254206523784528904e-02 1.659095082723126002e-01 1.499893133958262641e-03 0.000000000000000000e+00 0.000000000000000000e+00 8.923007817140631362e-03 1.259226776585401497e-01 0.000000000000000000e+00 2.699028360469511029e-02 1.441982935760986392e-02 5.015726336306390587e-03 1.434580681084265674e-01 0.000000000000000000e+00 2.241488619506175339e-02 0.000000000000000000e+00 0.000000000000000000e+00 0.000000000000000000e+00 0.000000000000000000e+00 0.000000000000000000e+00 6.757517029308134082e-02 1.711981456088149667e-01 9.109975574748127580e-02
1.776092927042327296e-01 7.518190265235251413e-02 0.000000000000000000e+00 8.449566363876145902e-02 9.103120517567724057e-02 0.000000000000000000e+00 2.761265502602896355e-02 1.228086622976069936e-01 3.451688666187907595e-02 4.275072026324646529e-02 0.000000000000000000e+00 4.243503096244050782e-02 3.056809188922528231e-02 7.189579353613234809e-03 2.718344180056491560e-02 0.000000000000000000e+00 7.762668904937405738e-03 0.000000000000000000e+00 0.000000000000000000e+00 1.516824516914794772e-02 5.501287196190763479e-02 0.000000000000000000e+00 1.173523982003258220e-01 4.132068333805186122e-02 0.000000000000000000e+00
5.342148607907293290e-02 0.000000000000000000e+00 2.032565031850049400e-02 0.000000000000000000e+00 1.358162140911333138e-01 0.000000000000000000e+00 5.945140967041993851e-02 0.000000000000000000e+00 5.876867238646998025e-03 0.000000000000000000e+00 0.000000000000000000e+00 2.391228811516815378e-01 0.000000000000000000e+00 0.000000000000000000e+00 1.365165709147573847e-01 0.000000000000000000e+00 8.957559540811649290e-03 2.587253254150428949e-02 0.000000000000000000e+00 4.042945953214597404e-02 0.000000000000000000e+00 7.768264892143601774e-02 0.000000000000000000e+00 1.965267199998893266e-01 0.000000000000000000e+00
0.000000000000000000e+00 1.186891249667691890e-02 2.042525696105876309e-02 0.000000000000000000e+00 0.000000000000000000e+00 1.835800396286502850e-02 9.812324322027225765e-02 0.000000000000000000e+00 0.000000000000000000e+00 0.000000000000000000e+00 0.000000000000000000e+00 1.645670879713131141e-01 5.666461024086141829e-02 1.956785359500877106e-02 2.200139776443639228e-01 0.000000000000000000e+00 0.000000000000000000e+00 0.000000000000000000e+00 1.615250245962322057e-02 0.000000000000000000e+00 0.000000000000000000e+00 1.197976777147286981e-01 9.995031523526526351e-02 1.545105584979625801e-01 0.000000000000000000e+00
1.449495070799803123e-02 1.174100856790110115e-01 8.346349164671926224e-02 3.357535065590596529e-02 1.133704661772612504e-01 3.391601181211360838e-02 4.354464000388106812e-03 2.176241780276544704e-02 1.185409863096727710e-02 1.231937190153807593e-01 1.275379800548000035e-02 3.954301365409686186e-02 0.000000000000000000e+00 1.475146248898159644e-02 5.697514000348042479e-02 2.470480643921129163e-02 0.000000000000000000e+00 0.000000000000000000e+00 4.268624314750028848e-02 1.728483580287488476e-03 0.000000000000000000e+00 8.262140627993688757e-02 1.903952957437504917e-03 4.026787516696340996e-02 1.246687621481135794e-01
4.850870160138240350e-02 7.790659092049259833e-03 1.053331773222009327e-01 0.000000000000000000e+00 1.964098619139083290e-01 1.393324685447242146e-02 4.743988449401660007e-02 4.432224925351438069e-03 0.000000000000000000e+00 0.000000000000000000e+00 7.829735029412154129e-03 7.723234623443727027e-03 1.405952499593519575e-03 0.000000000000000000e+00 1.570477067092446721e-01 5.372267778997237564e-02 0.000000000000000000e+00 4.507026161043765043e-03 4.969220717427171724e-02 1.168568695156426210e-02 1.805334763008112006e-02 1.041620557402289475e-02 1.451269497069221925e-01 8.822907769453951568e-04 1.080592231701009015e-01
1.026943648089026495e-01 1.194162264620306363e-01 1.717747276589150912e-02 3.220659922280310478e-02 2.937790904113704582e-02 0.000000000000000000e+00 5.987604668633815519e-03 1.401443996693639282e-01 0.000000000000000000e+00 1.245951114732732901e-01 1.492647547448159662e-03 5.174380152877538358e-02 7.808499296528553790e-02 0.000000000000000000e+00 6.580064845870092771e-02 0.000000000000000000e+00 9.663193247472809388e-02 0.000000000000000000e+00 0.000000000000000000e+00 0.000000000000000000e+00 0.000000000000000000e+00 3.900003590384868574e-02 2.336651522719636331e-02 0.000000000000000000e+00 7.227973778198074073e-02
1.127116809790886798e-01 0.000000000000000000e+00 8.806770457422541387e-02 2.405193632441981685e-02 6.944496747070337539e-02 2.856750977280014207e-03 1.485006238329185206e-02 0.000000000000000000e+00 6.814336241100618641e-02 0.000000000000000000e+00 3.418984491905502788e-03 6.860380770141687179e-02 3.790130943820187864e-02 9.198368218835501972e-03 1.482043132262358676e-01 0.000000000000000000e+00 1.225553693393058308e-02 0.000000000000000000e+00 2.464136113662597841e-02 0.000000000000000000e+00 0.000000000000000000e+00 9.917706387510218102e-02 1.399022204329558594e-01 7.301214400674929661e-02 3.558425418025205206e-03
0.000000000000000000e+00 1.553378876758883080e-02 6.589189455611434154e-02 3.700983597761241251e-02 7.870914533683061320e-02 2.305807997737695930e-02 1.562153679585346917e-03 0.000000000000000000e+00 9.835426389623060095e-02 1.065934358877211746e-01 7.861468499391434384e-03 1.189698074724142123e-02 3.704748547288327920e-02 0.000000000000000000e+00 1.831240183111781661e-01 0.000000000000000000e+00 0.000000000000000000e+00 5.474039356253383032e-02 1.037875442773143198e-01 0.000000000000000000e+00 0.000000000000000000e+00 6.404052128398973753e-02 0.000000000000000000e+00 0.000000000000000000e+00 1.107889897664075113e-01
0.000000000000000000e+00 0.000000000000000000e+00 1.072776658572899833e-01 0.000000000000000000e+00 4.520151366837112800e-03 1.240874459050047840e-01 7.013754673599460754e-02 0.000000000000000000e+00 0.000000000000000000e+00 2.813458758256119976e-02 0.000000000000000000e+00 2.284936392826847074e-01 2.060333645389037308e-02 0.000000000000000000e+00 1.158266253296287573e-01 1.587399994611394388e-02 0.000000000000000000e+00 0.000000000000000000e+00 1.008952721575488189e-02 5.252040667803608426e-02 0.000000000000000000e+00 2.353921065203459784e-02 1.652547756555624858e-01 2.797416067060551695e-02 5.666920668000873136e-03
0.000000000000000000e+00 0.000000000000000000e+00 8.195169923730177830e-02 2.208674479151132714e-03 2.530609863675289395e-01 3.512502888714670243e-03 3.415485342312113426e-02 1.247098798465244990e-01 5.642205137412401039e-02 0.000000000000000000e+00 0.000000000000000000e+00 6.154176448342619024e-03 0.000000000000000000e+00 0.000000000000000000e+00 3.558547025621171256e-02 0.000000000000000000e+00 0.000000000000000000e+00 6.994172021543249018e-02 1.144576887495052028e-02 1.159206739289717902e-01 0.000000000000000000e+00 1.530066664862737499e-02 3.190079468180633676e-02 1.577300813291910297e-01 0.000000000000000000e+00
0.000000000000000000e+00 0.000000000000000000e+00 0.000000000000000000e+00 2.866365273006617892e-02 1.853018977724025379e-02 0.000000000000000000e+00 8.813338640799348034e-02 1.452297787893351566e-01 0.000000000000000000e+00 1.447867745934247087e-02 0.000000000000000000e+00 1.569552208999224763e-01 1.192903447268556377e-01 1.907988813098993736e-03 6.518907781548791136e-02 0.000000000000000000e+00 0.000000000000000000e+00 0.000000000000000000e+00 1.479681199786309076e-01 0.000000000000000000e+00 0.000000000000000000e+00 1.100759471078924384e-01 4.966826230326427949e-02 1.480983640346405714e-02 3.909951678740577335e-02
1.587314365160714252e-02 2.225125195859981864e-01 0.000000000000000000e+00 0.000000000000000000e+00 1.886174575099014428e-02 0.000000000000000000e+00 0.000000000000000000e+00 1.359895557143500633e-01 0.000000000000000000e+00 2.486691037221170492e-02 0.000000000000000000e+00 2.312665446317191398e-01 0.000000000000000000e+00 3.161851895874299989e-02 0.000000000000000000e+00 0.000000000000000000e+00 0.000000000000000000e+00 0.000000000000000000e+00 1.473200360373787821e-01 0.000000000000000000e+00 0.000000000000000000e+00 2.980485833913644120e-02 5.696916690957279372e-02 4.333985142291504195e-02 4.157714862537754963e-02
8.189765044843540232e-03 0.000000000000000000e+00 1.025566912183203117e-01 0.000000000000000000e+00 1.832977302608650993e-01 0.000000000000000000e+00 5.895556509785473097e-03 2.065564991531586639e-02 1.442744061040332655e-02 0.000000000000000000e+00 7.066914653540173896e-03 1.518793905491667706e-01 4.402644003541839393e-03 0.000000000000000000e+00 0.000000000000000000e+00 0.000000000000000000e+00 8.732839469019466894e-02 4.009558722628252247e-02 6.857497649174761067e-02 6.025006957772232469e-02 0.000000000000000000e+00 6.789832114303048782e-02 1.200746876325458311e-02 1.654733993419854332e-01 0.000000000000000000e+00
1.743288699359085356e-02 1.599315556481673006e-01 9.890737989351987280e-02 1.284217065877432673e-03 1.413254213947100768e-01 5.208004009704887693e-02 8.949289202102433949e-02 0.000000000000000000e+00 2.360249179271211098e-02 0.000000000000000000e+00 0.000000000000000000e+00 1.469768612894178927e-01 0.000000000000000000e+00 1.216449310021098726e-03 0.000000000000000000e+00 0.000000000000000000e+00 2.018708713544420733e-02 0.000000000000000000e+00 0.000000000000000000e+00 0.000000000000000000e+00 0.000000000000000000e+00 2.113232359949126365e-02 0.000000000000000000e+00 1.367282706356009181e-01 8.970212312337381977e-02
9.088496338754609161e-03 2.842894403874395189e-03 2.131464477321833376e-02 1.220132002750162932e-02 1.856008417701369984e-01 1.926214671775365594e-02 2.549777265872682150e-02 1.783365668662204029e-02 6.265838063171533245e-02 8.924224279026612278e-03 0.000000000000000000e+00 8.015543423783484667e-02 0.000000000000000000e+00 0.000000000000000000e+00 1.701538331137501525e-01 0.000000000000000000e+00 0.000000000000000000e+00 0.000000000000000000e+00 1.790577986446644160e-04 1.062541386886761089e-03 0.000000000000000000e+00 5.240185764859595086e-02 1.008579612751915877e-01 6.226300850047401109e-02 1.677019277512917239e-01
5.169293952864961045e-02 0.000000000000000000e+00 1.022888443679050713e-01 0.000000000000000000e+00 0.000000000000000000e+00 2.893475881023347893e-02 3.972631430670021252e-02 1.585186050718441764e-01 0.000000000000000000e+00 2.653491142054104426e-02 5.200517280738310190e-03 0.000000000000000000e+00 6.217945219693145342e-02 0.000000000000000000e+00 1.565062745291692092e-01 0.000000000000000000e+00 1.782865180616191939e-02 9.775128862074082547e-02 1.468031919674230579e-01 0.000000000000000000e+00 0.000000000000000000e+00 1.060342500929615656e-01 0.000000000000000000e+00 0.000000000000000000e+00 0.000000000000000000e+00
0.000000000000000000e+00 1.325525906870912429e-01 4.107356322440129659e-03 7.092959274698263511e-03 1.126772907671237944e-01 0.000000000000000000e+00 3.125319870729183908e-02 1.286246283963979609e-01 9.501414481620536201e-02 0.000000000000000000e+00 2.282844513438141154e-02 3.616009598212790999e-02 0.000000000000000000e+00 0.000000000000000000e+00 1.649932389114685261e-01 0.000000000000000000e+00 0.000000000000000000e+00 1.631526176826394656e-02 2.522922908462723116e-02 0.000000000000000000e+00 1.233339760454203217e-02 0.000000000000000000e+00 6.440798096080569031e-03 7.217738895834104051e-02 1.321999754889186252e-01
1.161730342342207761e-01 9.423883097275531640e-02 6.274711762961396842e-03 0.000000000000000000e+00 7.891495846582229773e-03 0.000000000000000000e+00 1.255748172476406702e-02 1.477417437539018941e-01 9.559781365015843774e-03 2.992836520524746330e-02 2.476932050097581297e-03 3.213985889279150077e-02 2.989834382444327143e-02 3.246600811222187175e-03 3.125302669100882280e-01 0.000000000000000000e+00 0.000000000000000000e+00 0.000000000000000000e+00 9.552995417120489080e-03 5.158165703131562668e-03 0.000000000000000000e+00 3.454634410613714041e-02 1.073011409172872771e-02 2.628359506972929600e-03 1.327265738208174561e-01
9.480624381674564172e-02 1.690437332054755271e-01 0.000000000000000000e+00 1.199381826283541820e-02 1.101020585172978045e-01 1.168222799938031624e-02 1.431553460356806314e-02 5.986633550339904436e-02 0.000000000000000000e+00 0.000000000000000000e+00 1.962842767917532399e-02 1.508695820403381516e-01 9.640599957692949640e-02 0.000000000000000000e+00 8.301388988262763113e-03 1.744467730730637697e-02 3.192963535610295750e-02 1.430709770497537968e-02 5.588912486495339893e-02 0.000000000000000000e+00 0.000000000000000000e+00 7.879918511682025561e-02 3.823579600910699799e-03 0.000000000000000000e+00 5.079134985552343634e-02
5.088135326340965242e-02 2.038256477630006891e-01 0.000000000000000000e+00 3.551468843527630023e-03 7.080983027421230980e-02 3.274015171997304158e-02 1.215264865984771927e-03 0.000000000000000000e+00 2.069762167710565912e-02 9.978363186011800223e-02 0.000000000000000000e+00 6.662432796467565588e-02 5.163424170321333218e-03 1.817745167386373983e-02 1.665403655564570151e-01 0.000000000000000000e+00 2.852137326845337328e-02 7.159452617320917478e-02 0.000000000000000000e+00 4.135405718766507061e-02 0.000000000000000000e+00 0.000000000000000000e+00 7.730181027241530244e-03 4.496613878011855581e-02 6.582318393066280415e-02
1.006462475859580957e-01 8.932668285632570926e-02 0.000000000000000000e+00 2.594771770893444188e-03 4.225326444975149864e-02 3.825381563294391694e-03 5.152339944539108263e-02 1.563466975066369474e-02 1.260452092638625864e-02 9.827001236513838167e-03 0.000000000000000000e+00 2.271230200308453628e-01 5.348203374556701611e-02 0.000000000000000000e+00 1.950218018902058204e-01 0.000000000000000000e+00 0.000000000000000000e+00 0.000000000000000000e+00 0.000000000000000000e+00 4.985572648240503557e-03 2.520881990111685511e-02 1.124096524809031078e-02 1.079994324786257565e-01 4.498893575895382413e-02 1.713478713176482329e-03
0.000000000000000000e+00 5.544957420183019552e-04 9.371992234234023667e-02 2.704358612285611557e-02 1.452010912828363975e-01 2.632443303940322152e-02 2.416900369559820891e-02 1.231651778189904178e-01 4.027450015410401901e-02 3.027574968998328689e-02 0.000000000000000000e+00 1.645889943598274341e-01 0.000000000000000000e+00 0.000000000000000000e+00 5.118565530302338074e-02 0.000000000000000000e+00 9.454055402204468786e-03 0.000000000000000000e+00 1.389377695099012211e-01 0.000000000000000000e+00 0.000000000000000000e+00 9.508138529076372303e-02 6.609109273681578432e-03 1.997981179424212009e-02 3.435259178225888877e-03
0.000000000000000000e+00 1.191595424886018537e-02 1.312110764132231244e-03 5.581865549088388563e-03 1.746384898641635819e-01 0.000000000000000000e+00 0.000000000000000000e+00 1.519271137261206661e-01 4.005692442527512831e-02 4.690074810444282843e-02 0.000000000000000000e+00 4.202703636257534847e-02 1.258141984521894685e-02 5.091200699701966224e-03 5.086153672779455959e-02 0.000000000000000000e+00 0.000000000000000000e+00 3.762155021640973618e-04 0.000000000000000000e+00 0.000000000000000000e+00 0.000000000000000000e+00 1.129116860887859758e-01 4.612562499203611693e-02 4.809859905479405701e-02 2.495934740448458866e-01
