0.000000000000000000e+00 1.455019430534553772e-02 0.000000000000000000e+00 0.000000000000000000e+00 1.981240264258505440e-02 7.106669632872850140e-02 6.405542168297936531e-03 0.000000000000000000e+00 1.109230885126335359e-01 0.000000000000000000e+00 0.000000000000000000e+00 2.515649660623776041e-01 1.171011449562994397e-02 0.000000000000000000e+00 0.000000000000000000e+00 0.000000000000000000e+00 9.464980392310311241e-02 2.199788158580232300e-01 1.318514825635508370e-01 6.748689313972454362e-02
2.578922126676653354e-02 0.000000000000000000e+00 1.551019716739360623e-03 5.793231909270907254e-02 0.000000000000000000e+00 1.242755557985734775e-02 1.521432042386420625e-03 1.394464372644950156e-01 1.258997479607727454e-01 2.325129703965240352e-02 0.000000000000000000e+00 1.654906263154976576e-01 7.901331332091661441e-02 8.442857067383108260e-02 0.000000000000000000e+00 0.000000000000000000e+00 0.000000000000000000e+00 3.675165523099743065e-02 2.393610018157640157e-02 2.225607043138021768e-01
0.000000000000000000e+00 1.382949818562368045e-02 0.000000000000000000e+00 0.000000000000000000e+00 3.602791629674574614e-02 0.000000000000000000e+00 1.547184264240953622e-01 1.070786019023198671e-01 3.274777855134514137e-01 0.000000000000000000e+00 0.000000000000000000e+00 0.000000000000000000e+00 0.000000000000000000e+00 0.000000000000000000e+00 1.938810346533624274e-01 0.000000000000000000e+00 0.000000000000000000e+00 1.603306026896480219e-01 0.000000000000000000e+00 6.656134334753424815e-03
5.023715474784141294e-02 1.014201878588461697e-02 0.000000000000000000e+00 0.000000000000000000e+00 8.708838321803781535e-03 3.005663523872799739e-02 1.252763715105243425e-01 5.072815714987527480e-02 1.608641121393719620e-01 6.699536205084510865e-02 0.000000000000000000e+00 2.887501302206120224e-01 0.000000000000000000e+00 0.000000000000000000e+00 1.172675932820710538e-02 0.000000000000000000e+00 0.000000000000000000e+00 0.000000000000000000e+00 2.794207359334642538e-02 1.685723869129598929e-01
0.000000000000000000e+00 0.000000000000000000e+00 1.783443029650511394e-02 1.811032912605965994e-01 2.158335088688373149e-01 5.209745063182360386e-02 1.479918586257782456e-02 1.193122371203142115e-02 0.000000000000000000e+00 0.000000000000000000e+00 0.000000000000000000e+00 8.316536246563686896e-02 1.290631453109785109e-01 1.721739203913576557e-02 0.000000000000000000e+00 0.000000000000000000e+00 0.000000000000000000e+00 7.842730420016687243e-02 2.079782778483470207e-02 1.777298775668753328e-01
1.200948971708404728e-01 7.953672834309089001e-02 0.000000000000000000e+00 0.000000000000000000e+00 1.193583717955695039e-01 1.194942577407135664e-01 2.918734486860331476e-02 1.916157252541096090e-01 2.598104486219877680e-03 0.000000000000000000e+00 0.000000000000000000e+00 7.079286000741925877e-02 0.000000000000000000e+00 0.000000000000000000e+00 8.280672351525361977e-03 9.219191377510282948e-02 4.242811265066044613e-02 4.998786955222028761e-02 5.344015068292209264e-02 2.099299132100234874e-02
0.000000000000000000e+00 1.236357279929984829e-02 0.000000000000000000e+00 8.226293308381979474e-02 9.524322888125758002e-02 1.347735886633809888e-01 1.692588511327489803e-02 8.864318697233444788e-02 2.325907722875529271e-01 7.816274996912760120e-02 1.055170648048126339e-02 1.510012370904552370e-01 5.396495162997645700e-02 0.000000000000000000e+00 0.000000000000000000e+00 0.000000000000000000e+00 0.000000000000000000e+00 9.418063927029998728e-03 3.409812310200886765e-02 0.000000000000000000e+00
1.470734846733089407e-01 0.000000000000000000e+00 1.871008378003795325e-02 0.000000000000000000e+00 1.944936473149581346e-01 6.080139575954658995e-03 0.000000000000000000e+00 1.334261595818869162e-01 1.803213200149891143e-02 0.000000000000000000e+00 2.176987493380314054e-03 2.221327286368030840e-01 7.139219079495656185e-03 6.968322952946155724e-02 0.000000000000000000e+00 0.000000000000000000e+00 0.000000000000000000e+00 0.000000000000000000e+00 1.643574603413700541e-01 1.669472799184395367e-02
4.577111442004563185e-02 2.011944579290193477e-02 1.911105124565063568e-02 1.329538724800612692e-01 1.386821805599949275e-01 3.099028117611412475e-02 9.394868756476518201e-02 3.803402976717323164e-02 1.878179864037871627e-01 1.170657543890290114e-01 0.000000000000000000e+00 0.000000000000000000e+00 0.000000000000000000e+00 0.000000000000000000e+00 0.000000000000000000e+00 0.000000000000000000e+00 0.000000000000000000e+00 1.886774932324492698e-03 1.336169810899238142e-01 4.000184017822851212e-02
2.355756097809058314e-01 0.000000000000000000e+00 3.540587564343460059e-02 7.040724697743135779e-03 1.206349050319846655e-01 0.000000000000000000e+00 6.935111513236971725e-02 1.302973148071688014e-01 1.587842094514950175e-01 2.993929248283522856e-03 4.852764372811672194e-02 0.000000000000000000e+00 0.000000000000000000e+00 2.035671172833036432e-02 1.801138037048462953e-02 0.000000000000000000e+00 0.000000000000000000e+00 0.000000000000000000e+00 0.000000000000000000e+00 1.530205803796831632e-01
0.000000000000000000e+00 1.007419718891905125e-01 0.000000000000000000e+00 1.074072363020958931e-01 7.324944012172862617e-02 5.177969740304539520e-02 7.946074220960108736e-02 0.000000000000000000e+00 3.901103819616114510e-03 0.000000000000000000e+00 3.375689997652316521e-03 2.251551454628038240e-01 1.165365994978915937e-01 0.000000000000000000e+00 3.607336748728125209e-02 0.000000000000000000e+00 0.000000000000000000e+00 1.226357617242625070e-01 7.968324408483071220e-02 0.000000000000000000e+00
1.081705552327915099e-01 4.821459803105789498e-03 0.000000000000000000e+00 5.239674386389165522e-02 0.000000000000000000e+00 4.628349470821774975e-02 0.000000000000000000e+00 1.317180244184770199e-01 8.924527772886624299e-03 1.282291711804833811e-01 4.527735900305306614e-03 3.074445796652655050e-01 0.000000000000000000e+00 0.000000000000000000e+00 2.149852119797178440e-02 0.000000000000000000e+00 1.265085345156173428e-02 1.249674481212582483e-01 1.910402560303023703e-02 2.926285908075354839e-02
1.132490171408550711e-01 5.763193575559633769e-02 6.328546360189216992e-03 0.000000000000000000e+00 1.188991689427691123e-01 1.222682362298168346e-01 2.987663444350059649e-02 1.667469745821600208e-02 1.330983367139258744e-01 2.934379417542725202e-02 2.222492388512518902e-02 1.608702586115707545e-01 0.000000000000000000e+00 0.000000000000000000e+00 3.300255846648233321e-02 0.000000000000000000e+00 0.000000000000000000e+00 1.335788871830988767e-01 2.295300463342652905e-02 0.000000000000000000e+00
1.462025939484448873e-02 1.460966293477234945e-01 1.226996341197377632e-02 1.722658461972185473e-01 1.567883836659671529e-02 5.315382715532931263e-02 6.586699780729972364e-02 1.296353203782798780e-01 0.000000000000000000e+00 0.000000000000000000e+00 0.000000000000000000e+00 1.572785082236019261e-01 0.000000000000000000e+00 0.000000000000000000e+00 1.581728007029012950e-01 0.000000000000000000e+00 0.000000000000000000e+00 6.446649304613689957e-02 0.000000000000000000e+00 1.049451596809392040e-02
0.000000000000000000e+00 1.206011693299768595e-01 2.367172869369450847e-03 0.000000000000000000e+00 1.367277843792565929e-02 4.574446444635944797e-02 0.000000000000000000e+00 1.879314701159402225e-04 2.007798526350435819e-01 9.544223080854219443e-02 0.000000000000000000e+00 2.152713264836383089e-01 0.000000000000000000e+00 0.000000000000000000e+00 1.540980705402784368e-01 3.723044421801405268e-02 2.346831398515439576e-03 9.218160512231424186e-02 9.551565766249426465e-03 1.052455647365701900e-02
3.108274210420751416e-02 0.000000000000000000e+00 0.000000000000000000e+00 1.559486561029476970e-01 1.738369248628641450e-01 3.918221147840528218e-02 0.000000000000000000e+00 1.795921823438058063e-01 0.000000000000000000e+00 3.995310438234063455e-02 0.000000000000000000e+00 0.000000000000000000e+00 2.234682808418167466e-02 0.000000000000000000e+00 0.000000000000000000e+00 0.000000000000000000e+00 0.000000000000000000e+00 5.933286704844958209e-02 1.780907865041767291e-01 1.206336970886209420e-01
3.228500950135852060e-02 0.000000000000000000e+00 2.624495065656352183e-02 3.672163992555272510e-02 3.303652465460047566e-02 1.317746488580136821e-01 0.000000000000000000e+00 1.249739404911614227e-01 2.320917003165820502e-01 0.000000000000000000e+00 0.000000000000000000e+00 2.082560182458240428e-01 0.000000000000000000e+00 0.000000000000000000e+00 0.000000000000000000e+00 0.000000000000000000e+00 0.000000000000000000e+00 3.889559284247560717e-03 1.971204622912920909e-02 1.510139618369667758e-01
1.386242558331262364e-01 0.000000000000000000e+00 0.000000000000000000e+00 0.000000000000000000e+00 4.268599458781933975e-02 4.783037837269091958e-02 1.393476320443202097e-02 1.309070726890963487e-01 1.483436704667902284e-01 2.451600871571979132e-02 0.000000000000000000e+00 1.690976672377508261e-01 0.000000000000000000e+00 0.000000000000000000e+00 1.682489426049381676e-01 0.000000000000000000e+00 9.729528538683569761e-02 0.000000000000000000e+00 0.000000000000000000e+00 1.851596090080049814e-02
1.175299016534654545e-01 8.568074089663237081e-02 4.397849235737038426e-02 2.994511916742813584e-01 0.000000000000000000e+00 0.000000000000000000e+00 0.000000000000000000e+00 0.000000000000000000e+00 1.658538748606892266e-01 0.000000000000000000e+00 0.000000000000000000e+00 0.000000000000000000e+00 1.910110819912332406e-02 0.000000000000000000e+00 1.878860948267377373e-01 0.000000000000000000e+00 0.000000000000000000e+00 8.051859553170022388e-02 0.000000000000000000e+00 0.000000000000000000e+00
1.240872286586575113e-01 0.000000000000000000e+00 1.309489258290826574e-01 1.672699785221113539e-02 1.283274553279445118e-01 1.605791815599298678e-02 0.000000000000000000e+00 5.963065078980638728e-02 5.597399176181803993e-02 0.000000000000000000e+00 0.000000000000000000e+00 1.438196270891833051e-01 0.000000000000000000e+00 4.186256401333383892e-02 0.000000000000000000e+00 9.454590195876497877e-03 5.926543380296826063e-02 0.000000000000000000e+00 6.519052740526880274e-02 1.486540891178559365e-01
1.376506354159493795e-01 0.000000000000000000e+00 0.000000000000000000e+00 2.015026477009438377e-01 0.000000000000000000e+00 1.890580920321062453e-02 0.000000000000000000e+00 2.022901741535344453e-02 0.000000000000000000e+00 0.000000000000000000e+00 0.000000000000000000e+00 1.956464456704867794e-01 3.130211320823252791e-02 6.801196471995570904e-03 1.954803152283184908e-01 0.000000000000000000e+00 0.000000000000000000e+00 0.000000000000000000e+00 0.000000000000000000e+00 1.924818196855092589e-01
7.031379907098185555e-02 4.057706975804800144e-03 0.000000000000000000e+00 1.321058932100536154e-01 2.557271048972617131e-02 0.000000000000000000e+00 1.202760586937486401e-02 3.376093063744907419e-02 2.490208884876992379e-01 0.000000000000000000e+00 4.979975362355846917e-03 2.197287134397539754e-01 0.000000000000000000e+00 0.000000000000000000e+00 4.063599488294949991e-02 3.714603043198834442e-02 0.000000000000000000e+00 2.657637704930229661e-03 1.679921134369322666e-01 0.000000000000000000e+00
3.648579076884472805e-02 2.605554724703592132e-02 0.000000000000000000e+00 5.312847020261395048e-02 1.220071151689137434e-01 0.000000000000000000e+00 0.000000000000000000e+00 1.362121720364443955e-01 1.555636232857374457e-01 5.609772030495341344e-02 0.000000000000000000e+00 2.218443531386540823e-01 8.845281887974246193e-03 0.000000000000000000e+00 0.000000000000000000e+00 0.000000000000000000e+00 0.000000000000000000e+00 1.548362737360429141e-02 1.682762985852238047e-01 0.000000000000000000e+00
5.581699916059617780e-03 1.095888643138865359e-01 0.000000000000000000e+00 1.473062786187389894e-01 1.783668335550287615e-02 4.806447508205584536e-03 4.752412311224631786e-02 1.362668152456686099e-01 1.594924496114230594e-01 0.000000000000000000e+00 0.000000000000000000e+00 1.088108729019268694e-01 4.864535620964216371e-03 3.330407312603018977e-02 1.082106762699348987e-03 1.720346932870595036e-02 2.410641053016656515e-02 1.484287298376121833e-02 1.528572329932954554e-01 1.452506407071876490e-02
2.334341024895631583e-02 1.885666129610610031e-01 3.885966339747595321e-03 1.364279115035602341e-01 0.000000000000000000e+00 0.000000000000000000e+00 1.628820457531367227e-01 1.223669719332560329e-01 1.202969439890137909e-01 2.053124157703271196e-02 5.316478900699641089e-03 0.000000000000000000e+00 0.000000000000000000e+00 6.468139167427980687e-03 1.104047531977676681e-02 0.000000000000000000e+00 0.000000000000000000e+00 4.768725692892233220e-02 4.112589723597121286e-03 1.470739556538117609e-01
1.345484390113768913e-01 6.650290669476260907e-02 3.808406974909191861e-02 7.956486100631659716e-03 0.000000000000000000e+00 0.000000000000000000e+00 9.811617143521855766e-02 2.175770223080404284e-02 9.253092196915450179e-03 8.135197907841793105e-04 0.000000000000000000e+00 1.949569419995759445e-01 0.000000000000000000e+00 0.000000000000000000e+00 5.211307427127982034e-02 9.771479069182617549e-03 1.006235017664502546e-01 1.789966468726327531e-01 1.486307544667930108e-02 7.164289336461403257e-02
0.000000000000000000e+00 4.143784472889165682e-02 0.000000000000000000e+00 5.303762843746685773e-02 1.331791333428934410e-01 8.150211208031468701e-02 0.000000000000000000e+00 6.342662342825794441e-02 1.891910519297751725e-01 1.437192052708315126e-02 0.000000000000000000e+00 2.315168325966108775e-01 4.653061915765182438e-03 1.330457230559631233e-03 1.560703220731086138e-01 3.525249513458361163e-03 0.000000000000000000e+00 2.504714437989096279e-02 1.710617815923398720e-03 0.000000000000000000e+00
0.000000000000000000e+00 1.009386402553299616e-01 2.388999857700579293e-02 3.518410153016695435e-02 0.000000000000000000e+00 2.321177359400485030e-02 9.607747870856456207e-02 0.000000000000000000e+00 3.429493553857680677e-02 1.084711010549395047e-02 0.000000000000000000e+00 2.629582736784378261e-01 6.049333224505567402e-03 0.000000000000000000e+00 0.000000000000000000e+00 1.674198851541053995e-02 5.675329480699396051e-02 1.526177556022884352e-01 1.469091112521525855e-01 3.352620461106834565e-02
3.974620243571367825e-03 7.741962866272628085e-02 0.000000000000000000e+00 7.917300057753047515e-02 5.029948130784601956e-02 0.000000000000000000e+00 9.354819214298429331e-02 7.594486069262906293e-03 0.000000000000000000e+00 1.399240979100946081e-01 0.000000000000000000e+00 2.681545484733801610e-01 0.000000000000000000e+00 0.000000000000000000e+00 0.000000000000000000e+00 0.000000000000000000e+00 9.101582408841479843e-02 3.753711735726087979e-03 1.484191588602790934e-01 3.672324992818389033e-02
2.091034127809119139e-02 3.477130093748302675e-02 0.000000000000000000e+00 0.000000000000000000e+00 1.123244770139476545e-01 0.000000000000000000e+00 0.000000000000000000e+00 0.000000000000000000e+00 1.506696964749332512e-01 6.234466681712774912e-03 0.000000000000000000e+00 2.888592882891106717e-01 1.057396465673017018e-02 1.128999594793408529e-01 1.703269921274999099e-01 0.000000000000000000e+00 1.611641827800871715e-02 3.983448567785233263e-02 2.026213880446504564e-03 3.445239522484287720e-02
0.000000000000000000e+00 2.011447220621554177e-01 0.000000000000000000e+00 3.300900558423914416e-02 1.784665986658651171e-02 0.000000000000000000e+00 1.000084495756223130e-01 4.175533561056023191e-02 5.433069623967410298e-03 0.000000000000000000e+00 0.000000000000000000e+00 2.262628511850737767e-01 0.000000000000000000e+00 0.000000000000000000e+00 1.834509305943509416e-01 3.883455428006325760e-02 1.247057585198724644e-01 1.145754416876326037e-02 0.000000000000000000e+00 1.609111892874544661e-02
0.000000000000000000e+00 0.000000000000000000e+00 0.000000000000000000e+00 3.474738164639735657e-03 0.000000000000000000e+00 1.592460467923700607e-01 0.000000000000000000e+00 7.647084404331697116e-02 2.105998087575081112e-01 0.000000000000000000e+00 4.414974972914762624e-02 1.330183305581451592e-01 0.000000000000000000e+00 0.000000000000000000e+00 7.057339717247959610e-02 0.000000000000000000e+00 1.176164306979737006e-01 0.000000000000000000e+00 1.848506540844190582e-01 0.000000000000000000e+00
0.000000000000000000e+00 0.000000000000000000e+00 2.147087355261027570e-04 3.248991019972571025e-03 1.301660478515772879e-01 9.328114858724086134e-02 5.648034805600640751e-02 0.000000000000000000e+00 2.649184979552424157e-01 1.329617098202449110e-01 0.000000000000000000e+00 1.774939111510711806e-02 0.000000000000000000e+00 0.000000000000000000e+00 0.000000000000000000e+00 8.457176069326949319e-02 0.000000000000000000e+00 0.000000000000000000e+00 1.801093217350931974e-01 3.629807443071959849e-02
1.819651215182499782e-01 1.340102840225823044e-01 1.810864666168015419e-02 4.683970829246517087e-02 1.414881870532563868e-02 1.302694682298893847e-01 8.038688581791250676e-02 1.556419650348648404e-02 8.104444401508981155e-03 0.000000000000000000e+00 0.000000000000000000e+00 1.565091683048400462e-01 1.294283173169293588e-01 9.420499730000687867e-04 2.357226317795168766e-02 3.991442672316890955e-03 0.000000000000000000e+00 5.615918440186122573e-02 0.000000000000000000e+00 0.000000000000000000e+00
3.863573936330335495e-02 1.461614329490151243e-01 0.000000000000000000e+00 0.000000000000000000e+00 1.253504494248281198e-01 1.191606097227454752e-01 0.000000000000000000e+00 3.088029989860270608e-02 3.024143425709627797e-01 0.000000000000000000e+00 0.000000000000000000e+00 0.000000000000000000e+00 0.000000000000000000e+00 0.000000000000000000e+00 6.165336688942715804e-02 0.000000000000000000e+00 0.000000000000000000e+00 0.000000000000000000e+00 1.529447054001144279e-01 2.279905378100082272e-02
5.585949586744939910e-02 1.378637355089357697e-01 6.910901730756203488e-04 7.670976411943969744e-03 1.305560386273580120e-01 9.368785932044890186e-03 1.169397037241647931e-02 1.395922320469716316e-01 1.478950770170024132e-01 0.000000000000000000e+00 0.000000000000000000e+00 1.539247697236997559e-01 0.000000000000000000e+00 0.000000000000000000e+00 0.000000000000000000e+00 0.000000000000000000e+00 0.000000000000000000e+00 0.000000000000000000e+00 2.653640359282006742e-02 1.783474247262820389e-01
1.358878637958675639e-01 9.121993231792299706e-02 0.000000000000000000e+00 0.000000000000000000e+00 1.225983019808050412e-01 9.046417229953862549e-02 8.219479090753176176e-02 1.436474052959023362e-02 1.059575683490492359e-01 0.000000000000000000e+00 0.000000000000000000e+00 0.000000000000000000e+00 0.000000000000000000e+00 0.000000000000000000e+00 1.803563819753890296e-01 0.000000000000000000e+00 0.000000000000000000e+00 0.000000000000000000e+00 0.000000000000000000e+00 1.769562478443056086e-01
1.591762049707219351e-01 0.000000000000000000e+00 0.000000000000000000e+00 4.302972803215805893e-03 3.855251216240340381e-03 4.422185399001504064e-02 2.667451140522933938e-03 8.849869871208592906e-03 2.560739222099682813e-02 1.429150575773438861e-02 2.239396650057835780e-02 3.768423804219688811e-01 0.000000000000000000e+00 0.000000000000000000e+00 0.000000000000000000e+00 3.901491364786136831e-04 1.252177167832019267e-01 3.091329201222677014e-02 1.812699931748896764e-01 0.000000000000000000e+00
0.000000000000000000e+00 1.560732682502499052e-02 1.373988799615965574e-02 5.816032257582998827e-02 0.000000000000000000e+00 4.629767796755662745e-02 0.000000000000000000e+00 1.397330586523919671e-01 1.514933944791561349e-01 1.520029090186304777e-02 1.429990124131340357e-02 2.374363732501695579e-01 0.000000000000000000e+00 7.429017184757676605e-03 5.273227290464564850e-03 0.000000000000000000e+00 1.169701135097327149e-01 0.000000000000000000e+00 9.258484187387420669e-03 1.691009239381921769e-01
9.356583990948535989e-02 0.000000000000000000e+00 1.087886246307834086e-02 1.245815211248619409e-01 1.366382190712737421e-01 2.292926664787499347e-02 1.189391520475273356e-01 0.000000000000000000e+00 9.319996478250291982e-02 0.000000000000000000e+00 0.000000000000000000e+00 0.000000000000000000e+00 2.199454092561044108e-04 0.000000000000000000e+00 0.000000000000000000e+00 0.000000000000000000e+00 0.000000000000000000e+00 4.734787204720938836e-02 2.861367653642712949e-02 3.230856799605026364e-01
6.338395866726203101e-03 8.380537845152488674e-02 0.000000000000000000e+00 5.652194271132673746e-03 0.000000000000000000e+00 1.083266544982262013e-02 4.161906189697458375e-02 1.943177550478416005e-01 0.000000000000000000e+00 0.000000000000000000e+00 0.000000000000000000e+00 1.463143232037617258e-01 1.705489418124133544e-02 0.000000000000000000e+00 7.555873070600473140e-02 3.770221606695238568e-03 4.811433034929104430e-02 1.171962396040444054e-01 2.367586703648410021e-02 2.257499423284548279e-01
1.165379304423894147e-02 1.366879174955979437e-01 4.913999615874194149e-02 1.115414473539617229e-01 1.928681121248660216e-02 0.000000000000000000e+00 1.865835834761881903e-02 4.563054569357914703e-02 1.961706660516255030e-01 1.504944416960672660e-01 2.146336209120688204e-02 1.509723572799790692e-01 0.000000000000000000e+00 0.000000000000000000e+00 3.502742876532807109e-02 0.000000000000000000e+00 1.758416164572549137e-02 3.568871316384254061e-02 0.000000000000000000e+00 0.000000000000000000e+00
0.000000000000000000e+00 0.000000000000000000e+00 0.000000000000000000e+00 1.088035716218168324e-02 1.387503384770379655e-01 8.542992830150159672e-03 1.117130313355441523e-01 1.180274368936761742e-01 1.796822321657491894e-01 0.000000000000000000e+00 0.000000000000000000e+00 5.026299709339368538e-02 0.000000000000000000e+00 0.000000000000000000e+00 6.062071022881668388e-03 7.045820900647541303e-03 1.971877501503833258e-02 1.776097364373002419e-01 1.702489371584269551e-01 1.455273507972247582e-03
1.741605513920826687e-01 9.554219882646551587e-02 1.146420545654943252e-01 6.857825845458898062e-02 0.000000000000000000e+00 3.116114037407445927e-02 1.780810156886300510e-02 0.000000000000000000e+00 1.076613373324059597e-01 4.297332799135048127e-03 0.000000000000000000e+00 2.205679589878496022e-02 0.000000000000000000e+00 1.708146475585483551e-03 8.015191822275459163e-03 6.954242626398432492e-03 6.398060040640946022e-02 0.000000000000000000e+00 1.196085682440828496e-01 1.638254792133534143e-01
1.696223866814646486e-01 0.000000000000000000e+00 0.000000000000000000e+00 1.403687318435542231e-01 1.704858060830608812e-01 0.000000000000000000e+00 0.000000000000000000e+00 0.000000000000000000e+00 2.212490403270517825e-01 3.381937624366625206e-02 0.000000000000000000e+00 0.000000000000000000e+00 0.000000000000000000e+00 0.000000000000000000e+00 2.201628811198315383e-01 0.000000000000000000e+00 1.116112380179306619e-02 0.000000000000000000e+00 3.313065389957763757e-02 0.000000000000000000e+00
0.000000000000000000e+00 1.147887110614223133e-01 2.697996207286982098e-03 1.338087828071788943e-01 6.093530427111672199e-03 1.076125654783686991e-02 4.100495385491399747e-02 1.307746954769175296e-01 5.819985726394361070e-02 1.017860988092682550e-01 0.000000000000000000e+00 1.647132278427676233e-01 0.000000000000000000e+00 3.438628229671509412e-02 2.641649750801963389e-03 0.000000000000000000e+00 0.000000000000000000e+00 1.455411061901196179e-01 2.585264837155678078e-02 2.694920309215862245e-02
2.084693950134054730e-02 0.000000000000000000e+00 4.649035902075437932e-02 1.293086223572272320e-01 2.232611996655742975e-02 5.476522307629148878e-03 5.786073699005764986e-02 6.036960945172620274e-02 1.964919112659008205e-01 0.000000000000000000e+00 0.000000000000000000e+00 1.716700891057819922e-01 0.000000000000000000e+00 7.118792916614714861e-02 1.348538397053804759e-02 0.000000000000000000e+00 0.000000000000000000e+00 0.000000000000000000e+00 3.500352277118012889e-02 1.694822541251591874e-01
0.000000000000000000e+00 0.000000000000000000e+00 0.000000000000000000e+00 2.386086634730850697e-01 1.431112825068123762e-01 2.143734767658457274e-01 0.000000000000000000e+00 0.000000000000000000e+00 0.000000000000000000e+00 0.000000000000000000e+00 0.000000000000000000e+00 0.000000000000000000e+00 6.119372341722343484e-02 0.000000000000000000e+00 3.766133356202808896e-02 1.209592985490653833e-01 0.000000000000000000e+00 5.788635370169894351e-02 1.032837243281271578e-01 2.292214369611404734e-02
1.349298215757060715e-01 1.552292705154367618e-02 3.155912830228954635e-02 1.460565811931027747e-01 4.390661222474735378e-03 6.318569316782557399e-02 3.853159829963219429e-02 0.000000000000000000e+00 7.292324014192148309e-04 3.521287527368700820e-02 0.000000000000000000e+00 2.341958782812958162e-01 0.000000000000000000e+00 2.293969628550365097e-02 0.000000000000000000e+00 0.000000000000000000e+00 4.469503045589312377e-03 9.265752811409856682e-02 1.756188757858316851e-01 0.000000000000000000e+00
0.000000000000000000e+00 0.000000000000000000e+00 0.000000000000000000e+00 1.719741371717244671e-01 1.115367928499599870e-01 1.586779010490218522e-01 6.605867491182577760e-03 0.000000000000000000e+00 1.839749191340865273e-02 0.000000000000000000e+00 2.086965716166591829e-03 2.127646409878404532e-01 0.000000000000000000e+00 0.000000000000000000e+00 0.000000000000000000e+00 9.103815760543188668e-03 0.000000000000000000e+00 0.000000000000000000e+00 1.760371851889457051e-01 1.328152018712064619e-01
