0.000000000000000000e+00 1.139459205574684802e-01 0.000000000000000000e+00 9.774346583156831580e-02 5.505799285792489957e-03 1.336750404983230167e-01 1.268515835765926308e-03 1.285655612674619936e-03 1.538111971651764942e-01 0.000000000000000000e+00 0.000000000000000000e+00 7.709056593739022079e-03 1.431908712595640967e-02 0.000000000000000000e+00 3.089606794165569020e-02 1.292684894143180004e-02 0.000000000000000000e+00 1.411240865435377245e-01 1.439152833856745806e-01 1.418739746812354152e-01
5.636657488473086411e-03 0.000000000000000000e+00 8.669405800717462640e-03 2.898251510185502200e-01 0.000000000000000000e+00 1.410449816292556890e-01 0.000000000000000000e+00 0.000000000000000000e+00 1.638036535284964623e-01 0.000000000000000000e+00 0.000000000000000000e+00 1.143681600919931873e-01 0.000000000000000000e+00 6.231107945897608469e-02 1.755151305735460909e-01 0.000000000000000000e+00 0.000000000000000000e+00 3.882578040999167673e-02 0.000000000000000000e+00 0.000000000000000000e+00
1.234917598248548576e-01 2.775925601513472112e-03 9.736262735614105088e-04 1.397113522647681350e-01 6.431866857508211632e-02 8.523816986272780838e-02 7.593658441198923581e-02 0.000000000000000000e+00 1.940393412385538966e-04 0.000000000000000000e+00 0.000000000000000000e+00 5.223899682407946721e-02 1.348851101497827807e-03 1.401182510534153824e-01 8.939977891220005080e-02 0.000000000000000000e+00 0.000000000000000000e+00 2.716361790748873448e-02 2.823914345048356492e-02 1.688512345950992921e-01
1.660377911125434161e-02 3.508971925418274268e-02 0.000000000000000000e+00 8.617189453780241259e-02 0.000000000000000000e+00 1.682817855296126208e-01 2.485616418169691796e-02 7.543450140232548819e-03 1.393651254023979547e-01 0.000000000000000000e+00 0.000000000000000000e+00 1.543043114300785834e-01 1.177995821748339389e-01 0.000000000000000000e+00 2.630587272828632805e-02 1.389452871350777274e-01 6.117976327939072395e-03 3.359048968931890172e-02 0.000000000000000000e+00 4.502456235728577449e-02
3.888944580379451177e-02 3.238837471776107035e-02 0.000000000000000000e+00 1.865536492467679761e-02 1.707373005605132277e-01 3.573167013036627343e-02 5.172072509885517269e-03 1.531549966747556280e-01 0.000000000000000000e+00 0.000000000000000000e+00 0.000000000000000000e+00 8.386232471740587280e-02 0.000000000000000000e+00 0.000000000000000000e+00 6.673120156190851318e-03 0.000000000000000000e+00 3.237920613905857174e-03 9.307866933009045773e-02 1.549289557354574520e-01 2.034897841251965545e-01
2.638683155017964091e-02 1.145297465907512968e-01 1.439045523073740306e-02 1.144385879412729290e-01 5.037093626079864467e-03 1.499416597266555184e-01 1.320950499740144134e-02 4.467832118030051758e-02 2.486994922425165289e-01 0.000000000000000000e+00 0.000000000000000000e+00 6.467704807396082445e-02 0.000000000000000000e+00 0.000000000000000000e+00 1.648986013881433704e-02 1.248001206538578156e-01 6.738738152626675380e-03 1.357975846024321760e-02 0.000000000000000000e+00 4.240278143460187582e-02
7.148344690351583243e-03 0.000000000000000000e+00 0.000000000000000000e+00 1.530413270899753236e-02 3.699021114562246748e-02 1.562087352562278875e-01 1.127470009337935581e-03 6.609930396597671343e-02 1.351647772406615877e-01 0.000000000000000000e+00 0.000000000000000000e+00 8.757234742718914000e-02 1.228917967661887906e-01 0.000000000000000000e+00 8.285825187351662097e-03 1.129594680752757027e-02 1.119276132411539532e-01 3.393587333372394960e-02 1.393050235734758779e-01 6.674259864621341631e-02
0.000000000000000000e+00 1.306390629961558802e-01 0.000000000000000000e+00 1.219556181488907071e-01 1.312920919405784481e-01 1.246921460327553993e-01 0.000000000000000000e+00 0.000000000000000000e+00 4.371218099115062317e-02 0.000000000000000000e+00 0.000000000000000000e+00 1.272564211408113710e-01 0.000000000000000000e+00 5.593687246935021701e-02 0.000000000000000000e+00 1.893662120345372679e-02 1.347539318749962634e-01 2.918170805854732736e-02 7.825158316611816045e-02 3.391761977192067363e-03
0.000000000000000000e+00 1.630125281867259371e-02 0.000000000000000000e+00 1.480518452778198657e-01 1.559321308934622785e-01 6.962094357799204769e-02 0.000000000000000000e+00 0.000000000000000000e+00 8.300840143397283932e-02 0.000000000000000000e+00 0.000000000000000000e+00 1.299802331567808111e-01 7.703240185719907596e-02 3.424298201605095737e-02 0.000000000000000000e+00 5.637176221253545685e-03 7.180841432396792290e-02 2.042117633005433308e-01 4.172455122284606313e-03 0.000000000000000000e+00
3.360331032705028004e-02 1.327309135936130535e-01 1.306071459963411251e-02 4.100069537819096832e-02 1.511727639517909949e-01 7.310866395093176817e-02 2.968665453933410150e-02 2.257293112174813335e-02 5.580393084595207387e-02 0.000000000000000000e+00 0.000000000000000000e+00 1.232389093742717601e-01 1.252768552006161898e-02 0.000000000000000000e+00 1.380107168914024851e-01 3.999292451972087138e-03 0.000000000000000000e+00 0.000000000000000000e+00 4.326346933921822874e-02 1.262193481148282670e-01
7.135578275507271570e-03 4.336213589503889500e-03 0.000000000000000000e+00 0.000000000000000000e+00 1.208379483059394410e-01 1.880123292472958910e-02 6.236148024341372186e-03 1.246816402001341704e-03 2.432135204520298466e-02 0.000000000000000000e+00 0.000000000000000000e+00 1.314883169443067101e-01 2.101991686435005224e-01 2.503640014605435036e-03 2.846601195019403743e-02 0.000000000000000000e+00 0.000000000000000000e+00 1.430864977651837289e-01 1.525090426347666672e-01 1.488320324802170636e-01
2.863710223915136993e-02 8.491967614787478136e-02 0.000000000000000000e+00 0.000000000000000000e+00 0.000000000000000000e+00 5.044558004258944094e-03 6.979386845740577494e-02 1.101757204223562381e-01 1.745261396267318299e-02 3.047269740868124854e-02 0.000000000000000000e+00 2.686440726443999893e-01 1.880646027327884107e-01 0.000000000000000000e+00 4.189109698867135925e-03 3.256866090535111974e-02 0.000000000000000000e+00 1.478909168175037148e-01 0.000000000000000000e+00 1.214640055868810957e-02
8.213255300131346026e-03 1.439311941847944698e-01 6.986922600993048307e-04 6.531019636990638422e-02 1.310108979107764415e-01 1.426281679557873938e-01 4.851697071613361376e-03 4.011788412948744803e-02 6.263300813264439937e-02 1.671776417943400192e-02 4.381190157504518193e-03 1.217577593875994457e-01 1.090041135293728924e-02 9.796006967721976669e-03 4.216446853133161421e-02 0.000000000000000000e+00 1.641629106984521802e-01 0.000000000000000000e+00 5.934691008983057105e-03 2.478980440079540590e-02
1.637092109867523404e-01 6.537567775499093792e-02 5.248130920044448118e-04 4.830771954887455762e-03 0.000000000000000000e+00 1.633762352556432651e-01 0.000000000000000000e+00 4.594871814385045189e-02 0.000000000000000000e+00 0.000000000000000000e+00 0.000000000000000000e+00 2.993132792238818451e-01 2.094479696659031775e-01 0.000000000000000000e+00 1.517453534861176387e-02 1.637711851155264787e-03 5.613197941330150438e-03 1.348029685324625936e-02 0.000000000000000000e+00 1.156758192774264525e-02
1.123267739141928408e-02 7.390912067862880075e-02 2.990724240296262649e-03 0.000000000000000000e+00 1.429132580277922837e-01 1.134363402289908784e-01 0.000000000000000000e+00 8.398921749735326070e-03 3.415564295063405753e-02 1.775766008608176800e-04 0.000000000000000000e+00 6.345213717042588741e-02 7.190125863007189311e-02 0.000000000000000000e+00 1.386125022278105745e-01 5.485963662030586552e-03 8.912941047465355870e-02 8.530225396633424328e-02 5.151846825385061369e-03 1.537503651749304590e-01
5.893232514154904400e-03 0.000000000000000000e+00 1.172563919972013646e-01 3.015045609708855504e-03 1.548389237289100051e-01 0.000000000000000000e+00 0.000000000000000000e+00 1.867723600466684314e-02 0.000000000000000000e+00 0.000000000000000000e+00 1.151880373680533136e-02 3.132986514600309691e-02 9.147814732793123349e-02 0.000000000000000000e+00 9.013708105989689731e-03 0.000000000000000000e+00 3.443680953511617498e-03 9.010572372857911239e-02 2.764802832792015441e-01 1.869489578673362851e-01
1.323079978314705141e-01 0.000000000000000000e+00 0.000000000000000000e+00 3.904666468250649058e-02 4.662208624451334021e-02 1.657645278642605469e-01 0.000000000000000000e+00 1.191775597945895909e-01 1.219767944616229581e-02 0.000000000000000000e+00 0.000000000000000000e+00 8.000121400037875363e-02 1.619558182229516863e-01 3.594729031758403526e-02 0.000000000000000000e+00 8.768600829512722059e-03 0.000000000000000000e+00 0.000000000000000000e+00 4.970549061307637934e-02 1.485050701529936068e-01
1.168197106008855499e-02 5.869303719903586763e-02 0.000000000000000000e+00 6.807487148717198365e-03 1.206386099880795426e-01 1.447401891484769998e-01 0.000000000000000000e+00 3.738821308957493948e-04 1.499140169456971983e-01 2.658812139444578088e-02 0.000000000000000000e+00 6.349742591887992671e-02 8.736985061826071930e-02 0.000000000000000000e+00 2.826688726882596939e-02 0.000000000000000000e+00 0.000000000000000000e+00 0.000000000000000000e+00 1.414870563707701090e-01 1.599414648078263668e-01
2.077611195590908441e-02 1.330806871738034747e-01 1.019967800117808493e-01 6.592913066465648508e-02 1.598943549117042562e-01 0.000000000000000000e+00 2.079540219193109704e-02 0.000000000000000000e+00 2.032995366082530550e-02 5.085310047723749088e-02 0.000000000000000000e+00 4.717687599307435892e-02 0.000000000000000000e+00 1.176524752092863654e-02 1.575407811946319681e-01 0.000000000000000000e+00 0.000000000000000000e+00 1.486406086225693958e-02 0.000000000000000000e+00 1.949975133812600070e-01
7.529171497856449943e-03 0.000000000000000000e+00 1.652196188911088381e-02 0.000000000000000000e+00 1.692923682452391887e-01 1.067489923342411322e-02 2.853712720138268724e-02 1.743850884768306242e-01 4.167951261247501010e-02 0.000000000000000000e+00 0.000000000000000000e+00 1.202482707494630515e-01 8.794875478825446569e-02 0.000000000000000000e+00 0.000000000000000000e+00 4.451159837320639578e-03 1.116869307954802132e-02 0.000000000000000000e+00 1.576802915624971047e-01 1.698827008265977323e-01
0.000000000000000000e+00 5.579737442195752822e-02 0.000000000000000000e+00 0.000000000000000000e+00 0.000000000000000000e+00 1.514164051013060786e-01 3.534786372055855053e-02 1.501973750077345848e-01 0.000000000000000000e+00 0.000000000000000000e+00 0.000000000000000000e+00 1.304077171010059322e-01 2.344829807576472858e-01 2.192694485147932137e-02 9.503849641728930389e-03 2.399928588438707613e-02 0.000000000000000000e+00 0.000000000000000000e+00 0.000000000000000000e+00 1.869202035121947381e-01
0.000000000000000000e+00 8.263139184775343538e-02 0.000000000000000000e+00 1.412768609330788960e-01 0.000000000000000000e+00 4.547362422736547782e-02 4.828984371339353765e-02 1.330868012825039415e-01 9.685685083997011557e-02 0.000000000000000000e+00 0.000000000000000000e+00 3.638786624729009600e-02 7.115663182422025945e-02 1.215191706221403073e-01 1.002096154835514091e-02 1.744310352642086670e-02 2.406566217071389943e-02 1.599404537448158997e-02 1.523475126864056450e-01 3.449673155906716679e-03
1.837590259417235146e-04 0.000000000000000000e+00 0.000000000000000000e+00 1.464332528845999626e-01 1.680878396677348841e-01 1.442620008922028130e-01 3.121626118950919515e-02 2.891085456995098890e-02 3.936059064429656140e-02 0.000000000000000000e+00 0.000000000000000000e+00 5.990459771798130328e-02 3.806766088086321886e-02 7.189393872881632078e-03 1.171613368291897321e-02 0.000000000000000000e+00 0.000000000000000000e+00 0.000000000000000000e+00 1.572622178765603895e-01 1.674054370945582404e-01
2.383891011512022720e-02 2.014903358181552306e-03 0.000000000000000000e+00 1.959760799978420842e-01 2.378281003716379780e-02 1.801025381932501446e-01 0.000000000000000000e+00 1.429590827602597591e-01 4.254087745677349180e-02 0.000000000000000000e+00 0.000000000000000000e+00 7.081076692096183699e-03 0.000000000000000000e+00 0.000000000000000000e+00 0.000000000000000000e+00 2.823150712859756259e-02 9.940677388915247770e-02 3.940145653954100352e-02 1.526754524074757646e-01 6.198853142454571058e-02
8.125014568342617260e-02 1.447258486961522650e-01 0.000000000000000000e+00 1.973513712604232084e-01 0.000000000000000000e+00 0.000000000000000000e+00 7.928731207752605370e-02 1.270767540158440345e-01 8.806723574126884557e-02 0.000000000000000000e+00 0.000000000000000000e+00 0.000000000000000000e+00 2.844885604308245233e-02 5.973720489143144463e-02 2.781940488712387333e-02 3.797055406718193114e-04 0.000000000000000000e+00 0.000000000000000000e+00 0.000000000000000000e+00 1.658561611630498811e-01
3.795931766196381646e-02 1.376345786777471158e-01 1.169009771702747905e-02 9.602752640794007255e-02 6.467901671353574154e-03 0.000000000000000000e+00 1.574835524962901745e-02 5.679903242283582815e-02 1.673710937803358501e-01 3.276049714550133274e-02 2.016585127142109940e-02 2.071347457533046776e-01 0.000000000000000000e+00 9.291426066087866281e-03 5.501113161040592503e-03 0.000000000000000000e+00 1.397707040762469766e-01 2.657481926075566658e-02 2.587315534588062807e-02 3.229784330928524468e-03
0.000000000000000000e+00 1.146796632243503311e-01 0.000000000000000000e+00 2.687665345292452601e-01 4.648344774975926748e-03 2.053920961022875080e-01 0.000000000000000000e+00 2.665252841293113545e-02 0.000000000000000000e+00 0.000000000000000000e+00 0.000000000000000000e+00 1.210934615837697993e-03 0.000000000000000000e+00 3.315599527878498962e-03 1.752507484721137765e-01 0.000000000000000000e+00 3.215624557873550393e-02 0.000000000000000000e+00 7.013220457857101409e-02 9.779510018307334407e-02
4.021364207525021835e-03 0.000000000000000000e+00 0.000000000000000000e+00 0.000000000000000000e+00 2.624709027557496285e-02 5.660972947969418467e-02 1.896224654974632343e-02 1.506627479159156346e-01 1.656947449261695071e-01 0.000000000000000000e+00 0.000000000000000000e+00 1.408968431184831893e-01 1.522649354909445286e-02 1.260887229898235984e-02 2.676361432911189900e-02 9.520865918313033138e-03 1.071084053562013638e-01 7.675758639864802002e-02 1.889193956765400917e-01 0.000000000000000000e+00
1.128388336231963933e-02 1.242530927639651644e-01 0.000000000000000000e+00 3.617897596525934353e-04 4.852525555660393286e-02 3.108123207347493130e-02 0.000000000000000000e+00 1.760134790220567180e-01 0.000000000000000000e+00 1.004023678170366113e-02 0.000000000000000000e+00 2.505475276908341042e-01 0.000000000000000000e+00 8.030145771960012224e-03 1.100783599589704245e-02 0.000000000000000000e+00 8.986767418778165983e-02 3.603435716607357453e-02 2.998615105866045405e-02 1.729673388090165187e-01
2.917711079322453036e-02 0.000000000000000000e+00 0.000000000000000000e+00 1.141167020900746842e-01 0.000000000000000000e+00 1.580873219982242839e-01 2.247015192424178364e-03 0.000000000000000000e+00 5.807759344439859112e-02 0.000000000000000000e+00 0.000000000000000000e+00 5.642279150972508844e-02 1.577846205555001324e-01 1.203957679889253868e-01 1.794402790626961897e-01 6.858390785381726466e-03 4.097216196024543178e-02 5.117325891938470650e-02 0.000000000000000000e+00 2.524698569979505480e-02
0.000000000000000000e+00 1.341900867694733601e-01 0.000000000000000000e+00 7.447643078387483628e-02 6.822453444996542937e-02 8.819652355140526756e-02 2.953911527880950447e-02 1.240192873753655084e-01 2.169587397850852254e-03 0.000000000000000000e+00 1.479484522358868494e-03 3.655041522786962524e-03 2.273056712859351791e-02 0.000000000000000000e+00 0.000000000000000000e+00 1.025182444988641667e-01 7.061696936902743527e-02 2.340943740051804750e-02 9.077599884963009902e-02 1.639986911014761906e-01
0.000000000000000000e+00 0.000000000000000000e+00 2.149661870994851577e-04 1.329326661692408207e-01 0.000000000000000000e+00 8.749502738427754334e-02 3.144671246640925316e-02 4.918571053889273653e-02 2.473458041449431988e-02 2.638608181693946966e-03 2.485138335669566812e-03 1.764893029681474934e-01 9.000471420148441204e-02 0.000000000000000000e+00 4.408857925657713034e-02 0.000000000000000000e+00 3.188322565854710688e-02 0.000000000000000000e+00 1.708469863467189376e-01 1.555537818907472003e-01
0.000000000000000000e+00 0.000000000000000000e+00 0.000000000000000000e+00 0.000000000000000000e+00 2.181591877620093212e-01 3.185709753488944612e-02 1.434032392422773458e-02 1.579900790296084878e-01 2.192888659656126379e-02 0.000000000000000000e+00 0.000000000000000000e+00 1.439599358296352605e-01 8.096971904775610018e-02 0.000000000000000000e+00 7.171537302207742735e-03 0.000000000000000000e+00 9.193448091263404717e-03 1.224506446845842651e-02 1.311219037533035703e-01 1.710628166600791922e-01
7.864635736844632213e-03 9.940063309198626795e-02 0.000000000000000000e+00 0.000000000000000000e+00 2.489355317544082735e-01 6.792589559968209567e-02 1.047242426630287139e-02 1.375641535177224428e-01 3.141116417941640371e-02 0.000000000000000000e+00 0.000000000000000000e+00 6.086983895693937226e-03 3.796092162888396390e-04 5.167176097506448115e-03 2.033806389391469224e-02 3.913283859564216371e-02 1.563000440120202172e-01 0.000000000000000000e+00 8.883121760474285700e-02 8.018962853782786449e-02
5.912979867187150712e-03 1.475526419104811471e-01 0.000000000000000000e+00 9.635101691840777804e-02 1.367976505205076021e-01 8.127906553398542289e-02 1.410370743134774056e-02 1.846125238488300624e-01 8.227218573059738582e-02 1.789163831476379800e-03 0.000000000000000000e+00 0.000000000000000000e+00 0.000000000000000000e+00 0.000000000000000000e+00 3.665627135919569818e-02 0.000000000000000000e+00 0.000000000000000000e+00 2.095274336454182318e-02 1.648901775879850484e-01 2.682987209545670618e-02
0.000000000000000000e+00 0.000000000000000000e+00 0.000000000000000000e+00 1.261239267916532958e-01 5.764592196846793012e-03 1.566815843076708459e-01 3.290557595231673182e-02 5.712392946415680017e-02 1.282049489361455907e-01 0.000000000000000000e+00 2.063138894549219546e-02 2.697685441511303572e-02 7.149883173726166719e-02 0.000000000000000000e+00 0.000000000000000000e+00 9.443520889184934403e-03 1.510066573400570544e-01 0.000000000000000000e+00 1.416447540180634790e-01 7.199343500603758161e-02
7.766910957378587131e-03 5.524591170186974459e-03 4.001613353294457276e-03 0.000000000000000000e+00 1.424214743345343127e-02 1.354081596899957551e-01 3.189827343650488561e-02 9.187730278258642025e-02 0.000000000000000000e+00 0.000000000000000000e+00 0.000000000000000000e+00 4.971348123415797460e-02 1.544781158019992717e-01 1.596072842113257020e-02 1.631100800942779094e-01 0.000000000000000000e+00 0.000000000000000000e+00 1.324174175458152358e-01 0.000000000000000000e+00 1.936011780792165349e-01
0.000000000000000000e+00 2.143325862917741520e-01 0.000000000000000000e+00 0.000000000000000000e+00 1.768778382498093285e-02 9.698910998878070358e-03 7.108788886645785003e-03 1.616643091232655149e-01 6.349102649579391709e-03 0.000000000000000000e+00 0.000000000000000000e+00 4.080874869139854838e-02 8.511747883971615414e-02 0.000000000000000000e+00 0.000000000000000000e+00 1.245087862091878300e-01 0.000000000000000000e+00 2.094930034634422816e-02 1.461906988017125097e-01 1.655835053365169451e-01
1.934740608687200020e-02 2.363297148984931650e-02 0.000000000000000000e+00 1.261275931005895190e-01 1.624950697080819184e-01 7.211262594712936069e-02 1.846668645945924100e-02 2.935541714696784932e-02 0.000000000000000000e+00 0.000000000000000000e+00 0.000000000000000000e+00 1.343509960239145373e-01 0.000000000000000000e+00 4.296344013677928092e-02 2.216598429805330395e-02 2.090855007776628704e-03 6.442278437177116623e-02 9.267747256782067622e-02 2.498628370811133495e-02 1.648044139468238245e-01
1.888486498952607296e-03 1.385616911671794516e-01 3.238736197134806788e-02 1.486662301003632281e-01 1.547526585239691055e-01 0.000000000000000000e+00 0.000000000000000000e+00 0.000000000000000000e+00 5.469037831722855895e-03 1.794992588638742378e-02 0.000000000000000000e+00 6.511916466170789008e-02 4.117178439676875967e-02 0.000000000000000000e+00 2.077313365208502752e-02 1.151082396947577559e-03 6.830952367765483202e-02 1.706746336110344375e-01 0.000000000000000000e+00 1.331252856238787086e-01
3.451562191522569972e-03 2.828010237602478563e-02 0.000000000000000000e+00 7.893399654064744975e-02 0.000000000000000000e+00 0.000000000000000000e+00 9.979100965817664856e-03 8.737979143497373591e-02 0.000000000000000000e+00 0.000000000000000000e+00 0.000000000000000000e+00 1.401479623266794206e-01 2.032329435704801068e-01 1.097402999301388959e-01 1.516119407437261091e-01 9.502292933440042999e-03 0.000000000000000000e+00 0.000000000000000000e+00 1.006423771645451222e-02 1.676757692700946711e-01
9.292144824157697047e-02 1.080885425692808544e-01 0.000000000000000000e+00 1.449074217568297185e-01 3.749997304219732010e-03 1.610708790153857761e-01 8.360681445468670647e-02 1.424125842035653955e-01 1.350415429970926520e-02 0.000000000000000000e+00 1.656323213099834346e-03 4.272097480809619596e-02 6.487362750168772577e-03 0.000000000000000000e+00 0.000000000000000000e+00 4.002550446909347581e-02 8.050175415715201538e-03 3.643363779213872750e-02 4.783649706632685239e-02 6.652768264010637533e-02
0.000000000000000000e+00 1.340689904505079355e-01 0.000000000000000000e+00 0.000000000000000000e+00 1.843120288049083233e-01 1.072473923090605380e-01 0.000000000000000000e+00 1.534184357767443517e-02 0.000000000000000000e+00 0.000000000000000000e+00 0.000000000000000000e+00 3.778410345174919999e-02 0.000000000000000000e+00 0.000000000000000000e+00 5.725662700781865982e-03 0.000000000000000000e+00 1.622177118672473578e-02 1.759073253548164850e-01 1.565759351134803079e-01 1.668149470502963139e-01
4.585430628552378263e-02 2.297228380656320679e-01 1.434267830659167464e-01 3.059189589725529613e-03 1.381108717083398899e-02 0.000000000000000000e+00 8.283979556783811760e-02 5.159715778424078803e-02 5.035156461482569006e-03 5.915178630522752168e-03 0.000000000000000000e+00 1.083860292248901014e-01 1.266908075772726905e-01 0.000000000000000000e+00 1.413964553724340878e-03 0.000000000000000000e+00 1.469975645975568346e-01 1.973051252131676619e-02 4.894576245383083085e-03 1.062505265813963769e-02
7.046736034324757071e-03 1.462008958446796847e-01 0.000000000000000000e+00 1.280429790771613757e-02 2.354159501762336237e-01 1.349276297787592727e-01 1.386770298874185070e-01 0.000000000000000000e+00 3.786363318034596109e-02 0.000000000000000000e+00 0.000000000000000000e+00 4.063204347140858541e-02 3.322032308315939122e-03 5.307132234598323922e-02 1.499874157423020105e-01 5.084670131418918618e-03 0.000000000000000000e+00 0.000000000000000000e+00 3.496634319109327010e-02 0.000000000000000000e+00
0.000000000000000000e+00 0.000000000000000000e+00 3.940850866703292550e-03 6.663790101685672373e-02 3.208784386533504104e-03 1.423771512074409329e-01 9.410289181883217322e-03 1.375139563135525378e-01 4.880035051915205396e-02 1.052616787880062410e-01 1.430731493412719380e-02 2.283974101930814210e-02 1.430457544663264746e-01 0.000000000000000000e+00 1.464007421507277085e-01 0.000000000000000000e+00 1.556364967430473242e-02 0.000000000000000000e+00 1.450220248362486461e-02 1.261896329914523329e-01
1.768366389810469563e-01 0.000000000000000000e+00 0.000000000000000000e+00 0.000000000000000000e+00 5.427135330587515294e-02 9.585555288190932000e-02 3.531654913740468749e-02 9.725990334185427707e-04 2.316585969693197855e-01 0.000000000000000000e+00 0.000000000000000000e+00 1.265595896775791561e-02 0.000000000000000000e+00 1.338254994076603366e-01 0.000000000000000000e+00 0.000000000000000000e+00 0.000000000000000000e+00 1.246320816249980130e-03 7.952626291011057058e-02 1.778346675892468753e-01
0.000000000000000000e+00 7.280778618994376838e-02 0.000000000000000000e+00 4.004870715418300253e-02 3.152785138629305428e-01 1.481648446675302988e-01 0.000000000000000000e+00 0.000000000000000000e+00 0.000000000000000000e+00 0.000000000000000000e+00 0.000000000000000000e+00 0.000000000000000000e+00 3.873040626247351622e-03 1.095178826561880175e-02 0.000000000000000000e+00 1.232194781857017668e-02 7.302456282070500515e-02 9.690257744392338779e-02 2.108495148817493281e-01 1.577671626859824747e-02
0.000000000000000000e+00 1.813118817517873349e-01 8.872911821134489216e-03 2.489186030079932818e-02 1.426117279825901869e-02 1.934000272646222666e-04 4.799543683431877795e-03 6.226590762800301819e-03 8.245509342655471530e-02 1.859762722927867790e-02 0.000000000000000000e+00 1.271909470848447687e-01 1.524180605839848546e-01 6.417158435109020231e-02 4.327622108408161507e-03 0.000000000000000000e+00 2.076573571856496214e-01 6.550119234432974849e-03 5.025423349931922717e-02 4.581999415095967809e-02
0.000000000000000000e+00 0.000000000000000000e+00 0.000000000000000000e+00 7.160173847430700844e-02 1.086260097653964952e-02 1.740497646156838885e-01 4.065492021721468785e-03 2.251522997452139879e-02 4.351849007002646375e-03 0.000000000000000000e+00 1.031347118344365203e-02 8.641217387914529313e-02 2.766747589361780862e-02 7.388883771842219561e-02 2.180427657347972295e-02 0.000000000000000000e+00 1.014656059087089557e-01 0.000000000000000000e+00 2.266474021317846921e-01 1.643540816416215467e-01
