1.290044763584855814e-01 1.068430888222346616e-02 7.568839056139325949e-02 0.000000000000000000e+00 0.000000000000000000e+00 1.620122452333282725e-01 8.895224195869932959e-02 1.218680450818789701e-02 3.425334451602890518e-02 1.130490589384641406e-03 0.000000000000000000e+00 1.478895963111576395e-01 3.712846342154894896e-02 0.000000000000000000e+00 1.675549612827664445e-02 2.842455132356010508e-03 1.451608080019962076e-02 3.593395686599660469e-03 1.904508254408205647e-01 7.291138447130959821e-02
1.577510939114720387e-02 1.267818817068225856e-01 4.750977594372137597e-02 1.588108859699203790e-01 0.000000000000000000e+00 9.878683799081444672e-02 3.180336109383734983e-02 1.117313181191780663e-01 2.052901191755240190e-02 1.189013766482626272e-01 0.000000000000000000e+00 1.571576207821710480e-01 0.000000000000000000e+00 5.558217665635672511e-04 3.346381368110178806e-02 0.000000000000000000e+00 1.246041632375271538e-03 3.091897103211900880e-02 0.000000000000000000e+00 4.602817232441283601e-02
8.461969905364008504e-02 4.425788425529916109e-02 8.401603413188181435e-02 1.394247241167613782e-01 4.418093403743773157e-02 0.000000000000000000e+00 2.293511961072109556e-02 0.000000000000000000e+00 1.586688917329662496e-01 0.000000000000000000e+00 0.000000000000000000e+00 0.000000000000000000e+00 0.000000000000000000e+00 5.447720065735023841e-03 3.134083783350380403e-02 0.000000000000000000e+00 1.618837437236475899e-02 1.958439057278740236e-01 1.730758750618149044e-01 0.000000000000000000e+00
1.469729079997286192e-01 1.022602034573352747e-01 5.679271007100395591e-02 1.245509763863573288e-01 0.000000000000000000e+00 0.000000000000000000e+00 0.000000000000000000e+00 3.536273868755882704e-02 3.094947514588942614e-02 2.374133790974616159e-02 9.091988018980784458e-03 1.880375483978983797e-01 1.015451673783696329e-01 2.300191257402550270e-03 0.000000000000000000e+00 2.930947956388805717e-02 0.000000000000000000e+00 0.000000000000000000e+00 1.490852757258408212e-01 0.000000000000000000e+00
4.068516007743330082e-02 1.161982736930487065e-01 1.313006192292206775e-01 1.845515315533284018e-01 4.383425880397830154e-02 1.807352035284045394e-02 0.000000000000000000e+00 1.366974278167000789e-01 0.000000000000000000e+00 0.000000000000000000e+00 0.000000000000000000e+00 1.719014250506037678e-01 1.425168472588859417e-03 0.000000000000000000e+00 6.810540066185181984e-02 0.000000000000000000e+00 8.722721428840568558e-02 0.000000000000000000e+00 0.000000000000000000e+00 0.000000000000000000e+00
1.252423854015786708e-01 1.350107406089474660e-01 8.845924138191463282e-02 1.426905568416004244e-01 0.000000000000000000e+00 0.000000000000000000e+00 8.500304361413139193e-03 8.838542817361563428e-03 1.202492399919453114e-01 1.896246016114796270e-04 0.000000000000000000e+00 1.782807455751534154e-01 0.000000000000000000e+00 0.000000000000000000e+00 0.000000000000000000e+00 8.850184892098514333e-02 0.000000000000000000e+00 3.557205779164110317e-03 1.004795637183246992e-01 0.000000000000000000e+00
8.455252236634654139e-02 7.407577817316254865e-02 6.475033137140043075e-03 2.069277889302637008e-01 2.626342649691658718e-02 8.603258299518851474e-03 0.000000000000000000e+00 6.560533168405020821e-02 0.000000000000000000e+00 1.292967188890446414e-02 1.557762132138779468e-02 1.540631096902420616e-01 3.154521606892371488e-02 1.130578579158153241e-01 7.124195612301664933e-03 7.109484606907443254e-04 2.460719132245200134e-03 1.628900226297710641e-01 2.713749819231931967e-02 0.000000000000000000e+00
1.613419520010243025e-01 0.000000000000000000e+00 1.129319894294114335e-01 5.702266283717347117e-02 0.000000000000000000e+00 1.137479603418117304e-02 1.205321031531720877e-01 3.906465277508368306e-02 1.423543466159462034e-01 0.000000000000000000e+00 0.000000000000000000e+00 3.322816735281944843e-03 0.000000000000000000e+00 0.000000000000000000e+00 0.000000000000000000e+00 0.000000000000000000e+00 5.068055569130356687e-03 4.190915600566257754e-02 2.190397756098813042e-01 8.603769323405145719e-02
1.810407224546018573e-02 1.581983090745190113e-01 1.261342394808999123e-01 2.860614942272880490e-01 1.770124903095006744e-04 0.000000000000000000e+00 0.000000000000000000e+00 4.867144141413746496e-03 1.785736610471680696e-01 1.146291370593569003e-01 0.000000000000000000e+00 0.000000000000000000e+00 1.445099026550233055e-02 0.000000000000000000e+00 1.605172805582727111e-02 2.066349886878254306e-03 1.990784323647937920e-02 5.043516662869802769e-02 1.034285216019944359e-02 0.000000000000000000e+00
1.477401545056130638e-01 2.094505785318187541e-02 7.901456016443844654e-02 4.647167585505870835e-02 9.932076097175904228e-02 7.199080002060490036e-02 5.016802531787146330e-02 4.081046322022960360e-02 1.531169895307150745e-02 3.314087942139826506e-03 0.000000000000000000e+00 1.176843691977481204e-01 1.064273361803912132e-02 9.093119586249446109e-04 1.761006948793653049e-01 8.716264644283772123e-02 0.000000000000000000e+00 0.000000000000000000e+00 2.565929786044672534e-02 6.753661238969707950e-03
1.016803115320298080e-02 4.847967962263847325e-02 0.000000000000000000e+00 1.406020586073915002e-01 3.319999614666470627e-03 0.000000000000000000e+00 5.143263451330681163e-02 1.159100983182160122e-01 1.073670423224571124e-01 0.000000000000000000e+00 3.522063098590087239e-03 1.274606321039602197e-01 1.105965954692458009e-01 1.274392228519598443e-02 8.338699948959477082e-02 0.000000000000000000e+00 2.168376207471039117e-03 1.517896348551342478e-01 3.105223233892826992e-02 0.000000000000000000e+00
8.417575487777627374e-02 4.524933865517000164e-02 2.655502202738240988e-02 0.000000000000000000e+00 0.000000000000000000e+00 1.017643610759267764e-01 0.000000000000000000e+00 1.982826456133610429e-02 1.317521655883327203e-01 3.409494045681206453e-02 0.000000000000000000e+00 1.828440438657896738e-01 1.013917911736376132e-01 9.401401759912529372e-04 3.854940875604029316e-02 2.782686661091278435e-03 0.000000000000000000e+00 1.838561022942682144e-01 2.533867372647896979e-02 2.087730610396635461e-02
4.838246837482448881e-02 1.062078056127896825e-01 1.101564342290568821e-02 8.865245491033564573e-02 5.186850829334989366e-02 1.001105275833356761e-01 0.000000000000000000e+00 6.516568659938708208e-03 1.442822480531270324e-01 7.664688436347925904e-02 0.000000000000000000e+00 2.038479837136889794e-01 2.236728108786110655e-02 0.000000000000000000e+00 7.697761746442113862e-02 1.537779577861510781e-03 1.063189361473506700e-03 6.052303952060774511e-02 0.000000000000000000e+00 0.000000000000000000e+00
2.035038460258176696e-01 7.502920011546994426e-04 2.251474384390160163e-02 2.346231460261359592e-01 9.813084744574440688e-02 6.828211170269125885e-03 1.865145717439644117e-04 0.000000000000000000e+00 0.000000000000000000e+00 0.000000000000000000e+00 0.000000000000000000e+00 1.620735759235981122e-01 4.654846745952341547e-02 0.000000000000000000e+00 1.821830939837080776e-01 0.000000000000000000e+00 6.545519542263530596e-03 1.238821273154422538e-02 1.630617268392911545e-02 7.417356590666066354e-03
8.088303379664994741e-02 2.871975363648546567e-02 2.686192971003681026e-02 1.583871141695045726e-01 7.978149295361169901e-02 0.000000000000000000e+00 2.486257002989216564e-02 1.165185090067577256e-01 1.412811364064437414e-01 1.204753471806948861e-01 0.000000000000000000e+00 4.045438107374514647e-02 0.000000000000000000e+00 1.620224891242661933e-02 7.512783210247821197e-02 0.000000000000000000e+00 3.764138915626481091e-02 4.904646952359417722e-02 0.000000000000000000e+00 3.756792341414059034e-03
0.000000000000000000e+00 5.272636241092943515e-02 5.384688691115402381e-02 1.523622664494097556e-01 1.641981925998404297e-03 0.000000000000000000e+00 0.000000000000000000e+00 2.851872312469499668e-02 4.583111512229458978e-02 6.910601707792805859e-03 0.000000000000000000e+00 1.200263092433765250e-01 1.156753759245387758e-01 0.000000000000000000e+00 1.241755021450901553e-01 0.000000000000000000e+00 1.878308611487234173e-02 2.153251639532872963e-01 5.132406485646615751e-02 1.285256011009477950e-02
2.274032147885503563e-01 0.000000000000000000e+00 2.034994066812967697e-02 0.000000000000000000e+00 1.400527764016167298e-01 1.292673256296870132e-01 8.674714325790597660e-03 1.083749676052342820e-01 1.255147066789988053e-01 1.976132497966566221e-03 0.000000000000000000e+00 3.254103598639401101e-02 6.805406905143812288e-03 0.000000000000000000e+00 2.568736252369369089e-02 1.470659480047690516e-02 1.725928648700050458e-02 1.228930668042203661e-01 1.736610521944543031e-02 1.127362677651093685e-03
1.959641358966021374e-01 4.099346977411348278e-03 0.000000000000000000e+00 2.045609610591202915e-02 0.000000000000000000e+00 1.983077194895100856e-02 2.697766448697881680e-03 5.236065382826178560e-03 2.405968164278117147e-02 8.544273830072006415e-02 0.000000000000000000e+00 3.484130739538291444e-01 8.192522549981909319e-02 0.000000000000000000e+00 1.753650340506319738e-01 0.000000000000000000e+00 0.000000000000000000e+00 0.000000000000000000e+00 1.727982664700884047e-02 1.923023714480903354e-02
9.457953562874493736e-02 3.534130391265709326e-02 1.105349547874985433e-01 1.713567805503275754e-01 2.249448072449329941e-02 0.000000000000000000e+00 8.425070214761742893e-03 1.648887268904649771e-03 1.534814942303916185e-01 0.000000000000000000e+00 0.000000000000000000e+00 0.000000000000000000e+00 0.000000000000000000e+00 1.527105952456772782e-02 1.791912606570489341e-01 2.025303423044088127e-02 1.887408450007821772e-02 1.627194290055844206e-01 5.828624764500157755e-03 0.000000000000000000e+00
4.215964043959458812e-02 1.006150105931026134e-01 1.057929788231822543e-01 0.000000000000000000e+00 1.621439065136826702e-02 4.876135456000114943e-02 3.250333008491873565e-02 6.625804179939705219e-02 1.242378478029078637e-01 2.277205922201474761e-02 0.000000000000000000e+00 0.000000000000000000e+00 5.285177426804804450e-03 2.734482762741120149e-03 2.082346125116297207e-03 0.000000000000000000e+00 3.877480273826056784e-02 8.526054014441507289e-02 1.453247054734697619e-01 1.612232913527051337e-01
9.150438281343682700e-02 1.122880229634660998e-01 6.600606292936095701e-03 1.940703735571292221e-01 0.000000000000000000e+00 0.000000000000000000e+00 3.361368392026085200e-03 1.068431886642324108e-01 2.802875711547452020e-02 3.591084989318166915e-02 0.000000000000000000e+00 5.981153369776225082e-02 4.345872768334077541e-02 1.011852399622326960e-02 1.847711741434791555e-01 0.000000000000000000e+00 0.000000000000000000e+00 0.000000000000000000e+00 0.000000000000000000e+00 1.232324907873115910e-01
7.400524570340007158e-02 5.116124170931302638e-03 0.000000000000000000e+00 1.705346983711889808e-01 0.000000000000000000e+00 1.078738167973315731e-02 2.105229050124522369e-02 3.980074952210016677e-03 1.056458549340320990e-01 9.045720262368932285e-02 0.000000000000000000e+00 1.733146570289309241e-01 1.966405878623839892e-02 0.000000000000000000e+00 2.057477016641285836e-02 0.000000000000000000e+00 0.000000000000000000e+00 5.329748687827359777e-02 2.515701542037140914e-01 0.000000000000000000e+00
1.014683566120429606e-02 5.388783153910282897e-02 0.000000000000000000e+00 1.662625781014643034e-01 1.409719656928663245e-01 0.000000000000000000e+00 1.201580028809331596e-01 0.000000000000000000e+00 0.000000000000000000e+00 2.911710266827412241e-03 0.000000000000000000e+00 1.521179715113477882e-01 1.089321898981048947e-01 0.000000000000000000e+00 0.000000000000000000e+00 4.768022400323031207e-02 0.000000000000000000e+00 2.135501499493843846e-04 1.662375189255808072e-01 3.047962136938841410e-02
1.306448367503886820e-01 1.262298927589797226e-02 0.000000000000000000e+00 5.169371643813078926e-02 1.709454572135256645e-01 1.136453634192760437e-01 1.112197174421455763e-02 1.175420200872705767e-01 2.368730982150295001e-03 4.677032867644002022e-03 0.000000000000000000e+00 1.901686129422473434e-02 4.681412194535522486e-02 0.000000000000000000e+00 7.285504281152030415e-02 0.000000000000000000e+00 1.188254489311884113e-03 8.039582671820319840e-03 1.381996001066949642e-01 9.862441790257404917e-02
1.622267287582805362e-01 2.420272874910229036e-02 1.219208828930770788e-01 1.614383677222672731e-01 9.091498520696748853e-02 0.000000000000000000e+00 8.210181516096889953e-02 3.722646545896739299e-03 1.613150723987037335e-02 2.799444336717882634e-02 0.000000000000000000e+00 9.392975234772828197e-02 0.000000000000000000e+00 6.775310670780999855e-03 6.207210007418573899e-02 0.000000000000000000e+00 0.000000000000000000e+00 1.135387683643750666e-02 9.075853514601380650e-03 1.261390009126566736e-01
6.168211272083280045e-02 1.512430287415597249e-02 0.000000000000000000e+00 1.703729732333358199e-02 4.752125548882199513e-03 0.000000000000000000e+00 3.568449629174324372e-02 9.937599417129026891e-02 9.110244451856976122e-02 5.448308094475173835e-02 1.910913487187113069e-02 9.576565784830248784e-02 1.936916825673359183e-02 8.581829925135806003e-02 6.066864896947424257e-02 1.732527524463251326e-02 0.000000000000000000e+00 1.223901151215642802e-01 1.179593201473402575e-01 8.235252589516381394e-02
8.845495725970656253e-02 1.021877658730883792e-01 5.911009026325990921e-03 1.585304889794004746e-01 8.221816287156595571e-02 1.833100392853214550e-02 1.673170028714550742e-02 6.872989284135418153e-02 1.585193774336957906e-01 0.000000000000000000e+00 0.000000000000000000e+00 4.684331590376979854e-02 0.000000000000000000e+00 0.000000000000000000e+00 1.777535057810237795e-01 0.000000000000000000e+00 1.786580969088180215e-03 6.563361380929445821e-02 6.745314622718549986e-03 1.623310413290375001e-03
4.565764501597169983e-02 2.676345487775225185e-02 4.985380105043844129e-02 0.000000000000000000e+00 7.828056896699779610e-02 1.170210123875564147e-02 2.172897136455880906e-03 1.655673567824244088e-02 1.626965054060325322e-01 1.290033593352309937e-01 0.000000000000000000e+00 1.376096830405434124e-01 2.862771857398428710e-02 0.000000000000000000e+00 6.704998395514322022e-03 1.294806968310047678e-02 3.994504414366003599e-03 1.265919856023498269e-01 1.579068701515242701e-01 2.929101432739731562e-03
4.930573146101965148e-02 0.000000000000000000e+00 2.216539263954499586e-02 1.416739255443937306e-01 1.903360379132146007e-01 5.400979874156887350e-02 0.000000000000000000e+00 3.867012196051933248e-02 3.217231617779577751e-02 0.000000000000000000e+00 2.354789154371894275e-02 1.624579054242753229e-01 0.000000000000000000e+00 6.352546077437336638e-03 0.000000000000000000e+00 2.494595265589145267e-02 2.169126450164086603e-02 1.465335154529631978e-01 2.920584081789153255e-02 5.693175908812452002e-02
1.233274769017260603e-01 3.944500898723347221e-02 8.587520888964941812e-02 1.092908448565379081e-01 1.893005564747298197e-01 1.039357034868212681e-01 0.000000000000000000e+00 6.616122794433260818e-03 0.000000000000000000e+00 1.127548321144639966e-02 0.000000000000000000e+00 6.612769144214863948e-02 7.139796239367779407e-03 0.000000000000000000e+00 1.654907722198993292e-01 0.000000000000000000e+00 4.810100596619540370e-02 3.949123781784368709e-02 4.815852758301797192e-05 4.534932184384491381e-03
5.818596859082512257e-02 0.000000000000000000e+00 0.000000000000000000e+00 2.610518528217672940e-02 2.031694996279694715e-02 0.000000000000000000e+00 3.257202480791978466e-02 1.799790415947557717e-02 1.458464807789571493e-01 2.527233148073722638e-02 0.000000000000000000e+00 1.905941461792929337e-01 2.412445019268744106e-02 1.858605460358384650e-04 2.464901214130452711e-01 0.000000000000000000e+00 1.008423340740462019e-02 1.287955927707853665e-01 1.108988515085357167e-02 6.233886527700656377e-02
0.000000000000000000e+00 0.000000000000000000e+00 0.000000000000000000e+00 2.132711759774801319e-01 0.000000000000000000e+00 1.419239976730267694e-01 1.070146402580090667e-01 0.000000000000000000e+00 1.665537907009591589e-01 5.352921970785937166e-04 0.000000000000000000e+00 1.341361614123966033e-02 0.000000000000000000e+00 9.085964074017387681e-04 1.670217695110704503e-01 4.260498322711384241e-03 8.866932467862226330e-02 6.853537909271560646e-02 1.522470547495310446e-02 1.266721356473210318e-02
9.787483877195664664e-03 1.132121945387723899e-01 3.709557213609039790e-03 0.000000000000000000e+00 8.866472479038605900e-03 1.135871493541881425e-02 0.000000000000000000e+00 0.000000000000000000e+00 2.619418866051194117e-01 1.582273868293507550e-03 1.423267761949305278e-03 1.547483004518861449e-01 6.430261582407188758e-02 0.000000000000000000e+00 1.319130212017487376e-02 3.095377294257262071e-03 0.000000000000000000e+00 1.987554879242859826e-02 2.091125925591310608e-01 1.237924116786534995e-01
3.653617582698397842e-02 1.251935781881167720e-01 9.350717581554633673e-02 1.089667612524904475e-02 4.238354677739427680e-03 9.778201798215775675e-02 7.114747923114137472e-03 4.499471308312819398e-03 1.241411610318361586e-01 3.090263006130657825e-02 0.000000000000000000e+00 1.604549438019625407e-01 4.229377731995081352e-02 0.000000000000000000e+00 4.347879865719109053e-03 1.324681795621714467e-02 1.431026145869006630e-02 1.484737561114292115e-01 7.680677242891983947e-02 5.253802116748212785e-03
0.000000000000000000e+00 1.116196875813414008e-01 1.450366982247805747e-01 1.528109523337771447e-01 9.673406674154935714e-02 6.644700026226821321e-02 0.000000000000000000e+00 2.099989267119575093e-02 2.347303354383921750e-02 3.234012274673633142e-02 1.818879574899070648e-03 7.015184789976107449e-02 7.957759139831514436e-03 0.000000000000000000e+00 8.725116519564760781e-03 0.000000000000000000e+00 1.002573325348980610e-01 0.000000000000000000e+00 1.604896321504459267e-01 1.137978075111509019e-03
5.881423423785611670e-02 4.580396647633950408e-02 1.116039003348679448e-01 3.473891251299669053e-02 1.496653440206570027e-02 1.300068582954085235e-02 0.000000000000000000e+00 1.126180370899435186e-02 1.529849346293321033e-01 1.291594396314903366e-02 1.755599989715673614e-03 1.396084932589213845e-01 2.304117483159863825e-02 0.000000000000000000e+00 1.702420258830818489e-01 2.606178184244623258e-03 6.401119725066381494e-02 2.543452777968725764e-03 1.147340256123434987e-01 2.536693611631955780e-02
1.370949852473780650e-01 3.858315479077859683e-02 1.433874386993643502e-01 5.113080026560456320e-02 6.389074619068290349e-03 1.371830846723010866e-01 3.221540233805483822e-03 5.852917611241491291e-02 1.011698342403838519e-01 1.724635819849837035e-02 0.000000000000000000e+00 0.000000000000000000e+00 8.750819490482369956e-03 0.000000000000000000e+00 1.782120133345025115e-01 0.000000000000000000e+00 0.000000000000000000e+00 0.000000000000000000e+00 0.000000000000000000e+00 1.191017200954174737e-01
7.892628298721622582e-03 3.383597108761796091e-02 8.988038091497194126e-02 3.581276001020873567e-02 4.246623648435637194e-02 2.580247787655337924e-02 1.924453665117371870e-02 8.153841187512425592e-02 2.405725961994127984e-02 1.387499223106782899e-02 1.074303744505227497e-02 2.464633933196537230e-01 0.000000000000000000e+00 0.000000000000000000e+00 1.367558457458332294e-02 0.000000000000000000e+00 3.952394774490987535e-03 6.408021158426770170e-02 2.669930791942844439e-01 1.968664405793028524e-02
8.180772450668599705e-02 8.276313642770326967e-03 8.806626925145284723e-02 1.311703665167140986e-01 1.562181854922920984e-02 2.376073920116924393e-02 1.801804635348324898e-02 9.360273338951050071e-03 5.557963100633950271e-02 1.987068739265976380e-02 3.631774710365266723e-02 1.381316863472425716e-01 1.899172019969533678e-02 0.000000000000000000e+00 9.437950716918756811e-02 0.000000000000000000e+00 0.000000000000000000e+00 1.578107247200798424e-01 8.956891889608198376e-02 1.326782580460491787e-02
7.228878302792890453e-02 4.968411557894291362e-03 7.961356945059602785e-02 1.410956787901114229e-01 1.188521166279796065e-01 0.000000000000000000e+00 1.468655950960421437e-03 2.526147869298750893e-03 1.071309512524285940e-01 2.166302530992350074e-03 0.000000000000000000e+00 8.287225082110281915e-02 5.527511806274280556e-03 0.000000000000000000e+00 4.113898554041888617e-02 0.000000000000000000e+00 0.000000000000000000e+00 9.143007051939031071e-02 1.031863241528114955e-01 1.457342401018116573e-01
5.555098474215916515e-02 9.023966802949517918e-02 1.077444587599578341e-01 7.065910096547817210e-02 0.000000000000000000e+00 4.903095285430070921e-02 1.043847835568589497e-02 2.880753087400858906e-03 8.409515908097571490e-02 2.999506156105470611e-02 0.000000000000000000e+00 1.504997508155387909e-01 0.000000000000000000e+00 0.000000000000000000e+00 1.464732522044229490e-01 7.697094835327295860e-03 1.456516190783613447e-02 0.000000000000000000e+00 3.832163993583699579e-02 1.418084828645295448e-01
6.462958173562194375e-02 1.402932776546660272e-02 1.062333758804641509e-01 1.322706563259078982e-01 1.668276821838420021e-02 4.607733161690105023e-02 6.748407225767096007e-02 3.608226467593655257e-02 2.928997666955744650e-02 1.073243285739764880e-01 0.000000000000000000e+00 1.673797918244288307e-01 3.534463137383673376e-02 0.000000000000000000e+00 7.948416486848311480e-03 3.575256166119610002e-03 0.000000000000000000e+00 1.135936225610352235e-01 2.313242406661539588e-02 2.892217380122845752e-02
4.319660421325510063e-02 8.501122392326217192e-02 0.000000000000000000e+00 8.981407824044974897e-03 2.125036571284424358e-01 9.870651279844022685e-02 3.577114235286844163e-02 0.000000000000000000e+00 1.579562754760973631e-01 0.000000000000000000e+00 0.000000000000000000e+00 2.673925943117426082e-02 5.582611211444397231e-02 9.493257787189937971e-03 1.548206291454624385e-02 2.607613869430575049e-02 0.000000000000000000e+00 7.256901402613648300e-02 1.516873313157926229e-01 0.000000000000000000e+00
1.310545587893930386e-01 1.392033344399583872e-01 0.000000000000000000e+00 7.111144712501991927e-02 6.776972508250350040e-04 5.709245173011103652e-02 1.380135416654515099e-02 4.518849459627622550e-02 1.714660649619530186e-01 1.187568472593842350e-01 0.000000000000000000e+00 1.039719531119371876e-01 5.833781404196975579e-02 0.000000000000000000e+00 2.177619258184867578e-03 0.000000000000000000e+00 3.101714809422736682e-02 0.000000000000000000e+00 4.080069051861576895e-02 1.534252465559895161e-02
1.149457430027100852e-01 0.000000000000000000e+00 0.000000000000000000e+00 1.558989806693717173e-01 5.591060302609647537e-02 0.000000000000000000e+00 1.295592741891481506e-02 0.000000000000000000e+00 5.617191027760830291e-02 0.000000000000000000e+00 0.000000000000000000e+00 7.556147255167858234e-02 1.030155615409234122e-02 2.178199665882740894e-03 2.797570807737740917e-01 2.998141624506847971e-02 8.953674391670843336e-02 0.000000000000000000e+00 1.092427973631708849e-01 7.557568934923214118e-03
