0.000000000000000000e+00 3.481122668015609184e-02 5.830250264432659292e-03 0.000000000000000000e+00 9.882403253885290936e-03 0.000000000000000000e+00 1.153404993124811789e-01 1.652142426275431675e-01 6.870865512800695442e-03 6.840259162796450375e-03 0.000000000000000000e+00 1.389144480771866974e-01 0.000000000000000000e+00 2.452393170301432612e-02 1.546260738614301800e-01 4.566929805014700861e-02 9.202380092890406760e-02 1.213684123233058250e-02 0.000000000000000000e+00 0.000000000000000000e+00 1.663705308424765286e-02 0.000000000000000000e+00 0.000000000000000000e+00 4.122721208313489399e-02 1.294515941655089986e-01
0.000000000000000000e+00 1.819886191854507285e-01 0.000000000000000000e+00 0.000000000000000000e+00 7.351266637619750799e-03 0.000000000000000000e+00 1.055115330489994063e-01 1.745683153305106483e-01 3.585673950619244071e-02 0.000000000000000000e+00 0.000000000000000000e+00 1.281290924834384455e-02 0.000000000000000000e+00 0.000000000000000000e+00 6.727235752883374380e-03 1.295999081008949831e-02 1.547434141011944098e-01 0.000000000000000000e+00 2.817812597374675602e-03 0.000000000000000000e+00 0.000000000000000000e+00 0.000000000000000000e+00 1.147426004785608855e-01 1.899195633027804808e-01 0.000000000000000000e+00
6.119545963562086563e-03 0.000000000000000000e+00 1.883869373760902952e-02 1.485657488944297500e-01 1.159068571361508704e-01 0.000000000000000000e+00 8.631921723087221388e-02 9.063539293443519107e-02 0.000000000000000000e+00 8.978642187828478338e-02 0.000000000000000000e+00 4.445467810256587340e-03 5.233167595545374501e-02 0.000000000000000000e+00 7.931345838800865633e-02 0.000000000000000000e+00 0.000000000000000000e+00 5.576970898791488995e-02 3.459312922847562061e-02 8.273849336063662796e-03 2.143299529069528364e-02 0.000000000000000000e+00 1.222132712770636065e-01 6.545456595072393635e-02 0.000000000000000000e+00
1.240843471982070456e-01 7.782435747220387001e-02 0.000000000000000000e+00 0.000000000000000000e+00 1.625037439240991921e-01 1.645341448860671366e-02 4.185323273801846988e-02 0.000000000000000000e+00 1.890860805196888442e-02 0.000000000000000000e+00 8.453651401097379836e-02 1.646736943127839470e-01 0.000000000000000000e+00 0.000000000000000000e+00 0.000000000000000000e+00 0.000000000000000000e+00 3.249096672474715165e-03 0.000000000000000000e+00 3.086615268792985978e-02 0.000000000000000000e+00 0.000000000000000000e+00 0.000000000000000000e+00 0.000000000000000000e+00 2.750468384427335877e-01 0.000000000000000000e+00
9.982844116165177917e-02 1.850323890009129618e-03 0.000000000000000000e+00 0.000000000000000000e+00 0.000000000000000000e+00 0.000000000000000000e+00 2.447637022091189718e-01 7.682572926473049679e-02 0.000000000000000000e+00 0.000000000000000000e+00 0.000000000000000000e+00 7.864145836807918954e-02 0.000000000000000000e+00 0.000000000000000000e+00 1.971496529114633578e-01 0.000000000000000000e+00 0.000000000000000000e+00 1.022201203522259128e-01 0.000000000000000000e+00 2.058231547536814449e-02 2.304361166824440543e-03 0.000000000000000000e+00 0.000000000000000000e+00 1.758338952005286393e-01 0.000000000000000000e+00
0.000000000000000000e+00 1.139418300686134145e-01 4.670940356353816408e-02 1.284853025441949348e-01 5.006234486149636204e-02 0.000000000000000000e+00 0.000000000000000000e+00 1.134408268848562523e-01 0.000000000000000000e+00 1.952661577926666572e-02 4.845847001253254793e-02 1.595914128845905833e-01 0.000000000000000000e+00 0.000000000000000000e+00 3.742403678473914252e-02 0.000000000000000000e+00 0.000000000000000000e+00 0.000000000000000000e+00 1.054392857201987554e-01 0.000000000000000000e+00 0.000000000000000000e+00 0.000000000000000000e+00 0.000000000000000000e+00 9.082108607133504430e-02 8.609938482463817822e-02
0.000000000000000000e+00 3.978013266501589235e-02 0.000000000000000000e+00 0.000000000000000000e+00 1.635425810102436317e-01 0.000000000000000000e+00 0.000000000000000000e+00 0.000000000000000000e+00 0.000000000000000000e+00 3.234898625944235967e-02 0.000000000000000000e+00 0.000000000000000000e+00 1.509346496412128924e-01 0.000000000000000000e+00 1.757862714961710704e-01 0.000000000000000000e+00 6.649814088610349339e-02 0.000000000000000000e+00 2.046421435139592349e-01 0.000000000000000000e+00 4.777778972099142735e-02 0.000000000000000000e+00 0.000000000000000000e+00 9.083008882509689685e-02 2.785921598176320513e-02
0.000000000000000000e+00 1.100314958519921227e-01 5.769965557148724195e-02 1.136148969159679056e-01 1.213385257491195884e-02 0.000000000000000000e+00 1.374702837654442622e-01 0.000000000000000000e+00 0.000000000000000000e+00 0.000000000000000000e+00 0.000000000000000000e+00 0.000000000000000000e+00 0.000000000000000000e+00 0.000000000000000000e+00 1.233101379780528889e-01 0.000000000000000000e+00 1.064611943463894955e-01 1.046055208828503696e-01 2.188253121335933804e-01 0.000000000000000000e+00 0.000000000000000000e+00 0.000000000000000000e+00 1.157125938739157756e-02 4.276390591918807077e-03 0.000000000000000000e+00
3.473268613276585953e-02 0.000000000000000000e+00 0.000000000000000000e+00 0.000000000000000000e+00 8.721264829158613396e-02 3.216204901297479296e-02 5.298492362908833325e-02 1.571227652811032771e-01 0.000000000000000000e+00 9.090352582295804784e-02 0.000000000000000000e+00 5.317006759433885038e-02 1.134505332402390987e-01 6.667366313699509169e-03 1.601954189814370488e-01 5.759404656486391376e-03 0.000000000000000000e+00 1.283974680160202345e-02 6.590847155774208488e-02 0.000000000000000000e+00 0.000000000000000000e+00 0.000000000000000000e+00 9.716754794320414668e-02 2.972284474077441230e-02 0.000000000000000000e+00
0.000000000000000000e+00 0.000000000000000000e+00 1.452435190418359043e-02 0.000000000000000000e+00 0.000000000000000000e+00 0.000000000000000000e+00 3.952134234294345932e-02 1.996997416071518705e-01 3.620432182304275659e-02 1.883176442423757646e-01 9.678893787475214422e-03 6.478727715935708731e-02 0.000000000000000000e+00 0.000000000000000000e+00 1.502574493892007423e-01 0.000000000000000000e+00 0.000000000000000000e+00 0.000000000000000000e+00 1.428675362275502736e-01 0.000000000000000000e+00 1.445949075777841313e-02 1.399397762422890761e-02 0.000000000000000000e+00 0.000000000000000000e+00 1.256879731347119722e-01
0.000000000000000000e+00 1.361005185796336503e-01 1.469183859387375723e-01 1.194829537894981711e-02 2.405453821992237402e-03 0.000000000000000000e+00 0.000000000000000000e+00 2.504780746597271707e-02 0.000000000000000000e+00 7.019967234403220145e-03 0.000000000000000000e+00 1.703600113054538900e-01 0.000000000000000000e+00 0.000000000000000000e+00 1.963716043029221647e-01 0.000000000000000000e+00 0.000000000000000000e+00 0.000000000000000000e+00 0.000000000000000000e+00 2.245537552096892042e-02 0.000000000000000000e+00 0.000000000000000000e+00 0.000000000000000000e+00 1.718647373653995614e-01 1.095078430855662560e-01
0.000000000000000000e+00 1.523239545978927016e-02 7.840862667310805056e-02 0.000000000000000000e+00 1.450551202108860960e-01 0.000000000000000000e+00 1.519781841260713215e-03 1.727859942172070284e-01 0.000000000000000000e+00 0.000000000000000000e+00 0.000000000000000000e+00 5.436748777436652830e-02 0.000000000000000000e+00 5.519801128778796528e-02 1.408671093712442202e-01 2.221684365968997626e-02 0.000000000000000000e+00 2.455899468131765226e-03 1.977204403025133728e-01 0.000000000000000000e+00 0.000000000000000000e+00 0.000000000000000000e+00 0.000000000000000000e+00 0.000000000000000000e+00 1.141722897340150950e-01
0.000000000000000000e+00 1.405106409846628157e-01 6.847501099710230632e-02 8.984378119228560167e-02 0.000000000000000000e+00 5.305328305934627758e-02 2.717240231527271246e-02 8.454654003006492613e-02 0.000000000000000000e+00 0.000000000000000000e+00 0.000000000000000000e+00 2.119097451465153104e-01 2.817689334446437863e-02 0.000000000000000000e+00 0.000000000000000000e+00 1.641847199751724981e-02 0.000000000000000000e+00 0.000000000000000000e+00 1.827598277802193472e-01 0.000000000000000000e+00 0.000000000000000000e+00 0.000000000000000000e+00 1.177242176281309387e-02 1.406148655258345100e-02 7.129949483715242176e-02
5.379850962687931365e-02 1.508289316211424702e-01 0.000000000000000000e+00 0.000000000000000000e+00 0.000000000000000000e+00 4.210331558444982414e-03 9.636395325074613785e-03 0.000000000000000000e+00 0.000000000000000000e+00 1.714495320817812640e-01 0.000000000000000000e+00 0.000000000000000000e+00 4.257231454285904243e-04 0.000000000000000000e+00 1.597547011265793293e-01 1.049039110699462492e-02 0.000000000000000000e+00 0.000000000000000000e+00 2.797973153674119251e-01 0.000000000000000000e+00 7.872696098073060644e-02 0.000000000000000000e+00 8.088120805953240289e-02 0.000000000000000000e+00 0.000000000000000000e+00
1.684493240561501029e-02 1.066903690108370051e-01 1.443433909552468142e-01 1.037007719364231410e-02 3.841384752661933938e-02 0.000000000000000000e+00 0.000000000000000000e+00 5.681038590202187877e-02 0.000000000000000000e+00 1.917789441394405214e-01 8.005333374735484897e-02 1.487450477151882611e-01 0.000000000000000000e+00 3.552892457477752758e-02 1.410012990523476784e-01 0.000000000000000000e+00 2.655050354779769309e-03 0.000000000000000000e+00 0.000000000000000000e+00 0.000000000000000000e+00 0.000000000000000000e+00 1.140590158771473102e-03 0.000000000000000000e+00 0.000000000000000000e+00 2.562380726335765010e-02
0.000000000000000000e+00 7.360283430670655838e-03 0.000000000000000000e+00 8.112108216511870751e-03 0.000000000000000000e+00 0.000000000000000000e+00 2.125656271966697985e-01 1.435747052439353411e-01 0.000000000000000000e+00 1.307921180498279323e-01 0.000000000000000000e+00 2.562464883636995649e-01 0.000000000000000000e+00 0.000000000000000000e+00 0.000000000000000000e+00 0.000000000000000000e+00 0.000000000000000000e+00 1.957807018091203832e-02 1.811077849574597165e-01 0.000000000000000000e+00 0.000000000000000000e+00 0.000000000000000000e+00 0.000000000000000000e+00 0.000000000000000000e+00 4.066281436031309732e-02
0.000000000000000000e+00 0.000000000000000000e+00 1.133967178459414568e-02 0.000000000000000000e+00 9.565181583079897243e-02 5.118149114270615502e-02 1.142247322217761485e-01 0.000000000000000000e+00 1.245969182893253216e-02 1.610964434728393846e-01 0.000000000000000000e+00 1.296406428073418604e-01 0.000000000000000000e+00 6.135945456160963457e-03 7.099439788482879432e-02 0.000000000000000000e+00 0.000000000000000000e+00 0.000000000000000000e+00 1.602143879169093399e-01 4.365956321912835975e-02 0.000000000000000000e+00 0.000000000000000000e+00 1.281916187614538516e-01 1.520959767252942976e-02 0.000000000000000000e+00
0.000000000000000000e+00 0.000000000000000000e+00 0.000000000000000000e+00 0.000000000000000000e+00 0.000000000000000000e+00 0.000000000000000000e+00 2.893443584786005163e-01 1.709469441515216737e-01 0.000000000000000000e+00 4.945782344883131038e-02 0.000000000000000000e+00 1.076574748225837957e-01 1.684931842748994824e-02 0.000000000000000000e+00 1.304399007714031333e-01 0.000000000000000000e+00 4.776754782863553567e-02 0.000000000000000000e+00 1.875366320709340728e-01 0.000000000000000000e+00 0.000000000000000000e+00 0.000000000000000000e+00 0.000000000000000000e+00 0.000000000000000000e+00 0.000000000000000000e+00
4.500061657674613025e-02 2.459179598974895742e-01 2.453056867395982197e-03 0.000000000000000000e+00 0.000000000000000000e+00 0.000000000000000000e+00 5.282062416166584395e-03 7.002039380428330684e-02 0.000000000000000000e+00 4.868037928748425447e-02 0.000000000000000000e+00 7.691301606651866629e-02 8.760745267029899919e-02 0.000000000000000000e+00 1.487661137996873495e-01 0.000000000000000000e+00 0.000000000000000000e+00 0.000000000000000000e+00 5.506339984925742725e-02 2.166186626999883763e-02 1.349799767754462226e-02 0.000000000000000000e+00 1.590175268001596878e-02 2.305727452845949405e-02 1.401766576086529159e-01
0.000000000000000000e+00 0.000000000000000000e+00 3.575830924685493434e-02 2.931420420551923700e-02 0.000000000000000000e+00 2.057741852403368113e-02 7.130476036642360849e-02 1.144580253731298097e-01 4.077219105134517393e-03 1.678371160948726737e-01 0.000000000000000000e+00 6.423961630179200744e-02 1.159675155292192762e-02 0.000000000000000000e+00 1.865218090734313827e-01 7.102156495674645520e-02 0.000000000000000000e+00 9.076849249239736170e-03 0.000000000000000000e+00 0.000000000000000000e+00 2.482176797425056369e-02 0.000000000000000000e+00 5.016777239957008298e-03 5.701819105564891188e-02 1.273596196800434177e-01
4.246436204967909966e-02 3.245431706974118147e-02 1.456967750023053232e-01 1.276150896882351227e-01 1.260716934632315767e-01 1.073137653908967509e-01 1.551822122557666500e-03 6.949624620916117733e-03 0.000000000000000000e+00 1.224227767285350210e-01 7.216824399761670450e-02 9.204031017966383260e-03 2.935628412441792026e-02 0.000000000000000000e+00 1.523911922965716648e-01 0.000000000000000000e+00 0.000000000000000000e+00 0.000000000000000000e+00 0.000000000000000000e+00 9.441319500324694969e-03 1.489870292700474705e-02 0.000000000000000000e+00 0.000000000000000000e+00 0.000000000000000000e+00 0.000000000000000000e+00
0.000000000000000000e+00 1.868685974934287397e-01 3.196732447521243720e-02 4.116798613114992442e-03 0.000000000000000000e+00 0.000000000000000000e+00 8.712021315465197369e-02 0.000000000000000000e+00 0.000000000000000000e+00 1.610426217666917625e-01 1.647104277722200721e-02 1.231755355790791762e-01 0.000000000000000000e+00 0.000000000000000000e+00 2.664132230890789987e-01 0.000000000000000000e+00 0.000000000000000000e+00 0.000000000000000000e+00 0.000000000000000000e+00 0.000000000000000000e+00 0.000000000000000000e+00 0.000000000000000000e+00 0.000000000000000000e+00 2.519043714117953636e-02 9.763420591034040197e-02
8.760091083483894508e-03 1.127229131174565108e-01 0.000000000000000000e+00 0.000000000000000000e+00 0.000000000000000000e+00 0.000000000000000000e+00 8.045015527166349267e-02 1.316963082702295174e-01 0.000000000000000000e+00 0.000000000000000000e+00 0.000000000000000000e+00 7.135432621366678829e-02 0.000000000000000000e+00 2.254274038401347935e-02 8.873185398242765254e-02 0.000000000000000000e+00 1.198186266356350144e-01 2.920881235497746475e-02 1.595002412485601040e-01 0.000000000000000000e+00 0.000000000000000000e+00 1.800244767218442399e-02 1.280994814534010262e-01 2.911200231230060345e-02 0.000000000000000000e+00
1.362107994163653905e-02 8.783678880873177844e-03 0.000000000000000000e+00 2.140497262889187735e-02 1.594878841947074966e-01 0.000000000000000000e+00 1.143931533362489150e-01 1.252643891922318731e-01 4.052560188223522375e-02 5.772879209714421034e-02 0.000000000000000000e+00 1.568926274810895916e-01 0.000000000000000000e+00 1.415009869557432888e-02 0.000000000000000000e+00 0.000000000000000000e+00 0.000000000000000000e+00 0.000000000000000000e+00 1.822733822779420421e-01 0.000000000000000000e+00 0.000000000000000000e+00 0.000000000000000000e+00 6.769699769130820000e-02 3.777734170011660259e-02 0.000000000000000000e+00
0.000000000000000000e+00 1.689478872064650514e-02 6.703880916571959558e-02 0.000000000000000000e+00 2.170601630882956767e-02 0.000000000000000000e+00 1.291744929173048451e-02 1.188595533631402329e-01 0.000000000000000000e+00 1.199397381654758801e-02 0.000000000000000000e+00 2.630389502857257145e-01 4.125096091853885233e-02 0.000000000000000000e+00 1.927148738557368512e-01 8.911851647250103314e-02 1.318383049430219695e-02 1.372368734258406359e-02 0.000000000000000000e+00 0.000000000000000000e+00 0.000000000000000000e+00 0.000000000000000000e+00 3.719271857298660135e-03 0.000000000000000000e+00 1.338393181066985238e-01
