2.954771503091154633e-02 8.448469595970291290e-02 0.000000000000000000e+00 0.000000000000000000e+00 5.808852704761919596e-03 6.533663820484318652e-02 5.176319315618690270e-02 5.488708385791753706e-03 1.190176337170323617e-01 2.820971677961474095e-03 0.000000000000000000e+00 1.699500417622163140e-01 1.018051213400776762e-02 0.000000000000000000e+00 4.072964585749559024e-02 0.000000000000000000e+00 1.162249342559860781e-02 1.413645738485954095e-01 1.435947957335892977e-01 1.182895284013049247e-01
1.996313030386590807e-03 8.630385684931102253e-02 0.000000000000000000e+00 1.380707419505722566e-01 4.042444489268952335e-02 3.655988594573781475e-02 2.142594297419963059e-02 1.763175872438072223e-01 3.002899871260655915e-03 1.282792460813426093e-02 1.160432773755400437e-01 1.368485922307852709e-01 0.000000000000000000e+00 1.731494061301340134e-02 0.000000000000000000e+00 0.000000000000000000e+00 1.074170379858311042e-01 0.000000000000000000e+00 5.918295547005848235e-03 9.952825888172522895e-02
0.000000000000000000e+00 3.511448906955275118e-02 2.256148932477466690e-03 4.807785485553571492e-02 1.333967735421438261e-01 1.461916445185936220e-01 2.213072816752320940e-02 6.663894201526548988e-02 1.362701183430868046e-01 0.000000000000000000e+00 0.000000000000000000e+00 0.000000000000000000e+00 1.520352767366877911e-01 0.000000000000000000e+00 8.094259305487522260e-02 0.000000000000000000e+00 2.884120478730913418e-03 1.490391611568774380e-02 0.000000000000000000e+00 1.591573941698396222e-01
1.998668346070800808e-03 1.443085038705210488e-01 0.000000000000000000e+00 1.538408070577395870e-01 0.000000000000000000e+00 1.387680562528307293e-01 1.023202199463830661e-02 7.165747112533176442e-03 1.614337747622136832e-01 0.000000000000000000e+00 7.265826533993362084e-03 4.970156749189968276e-02 1.536047664274850511e-01 0.000000000000000000e+00 2.214922255118762298e-02 1.054746309152820721e-01 0.000000000000000000e+00 0.000000000000000000e+00 2.426052332068369746e-02 1.979588336292114475e-02
0.000000000000000000e+00 0.000000000000000000e+00 0.000000000000000000e+00 0.000000000000000000e+00 2.187020070691103324e-01 1.705498149215696133e-02 2.679945849508826548e-03 2.984659454842746862e-01 0.000000000000000000e+00 0.000000000000000000e+00 0.000000000000000000e+00 3.870595714142876370e-02 0.000000000000000000e+00 1.010134443574825791e-01 4.802849667703982042e-03 0.000000000000000000e+00 1.508697870057725682e-02 0.000000000000000000e+00 1.470393145979840832e-01 1.564485756397725469e-01
0.000000000000000000e+00 7.758216620941055242e-02 5.190142075371192813e-03 9.819393671096793286e-02 0.000000000000000000e+00 1.229647433776187848e-01 9.875385984337718692e-02 1.885013845114204278e-01 6.906235192999993222e-02 0.000000000000000000e+00 0.000000000000000000e+00 2.949406239370338384e-02 0.000000000000000000e+00 0.000000000000000000e+00 0.000000000000000000e+00 1.994276831264534255e-01 0.000000000000000000e+00 0.000000000000000000e+00 1.108296698216771348e-01 0.000000000000000000e+00
9.402998994884032014e-02 1.156237727259905868e-01 0.000000000000000000e+00 6.020988903443672685e-02 4.376847496559808925e-02 2.078955649806131512e-01 0.000000000000000000e+00 2.970327499304068961e-02 1.083907201117367304e-02 0.000000000000000000e+00 0.000000000000000000e+00 1.276650698661430938e-01 1.812753941959494852e-01 0.000000000000000000e+00 3.009030596842356131e-02 0.000000000000000000e+00 0.000000000000000000e+00 0.000000000000000000e+00 1.150084005985039896e-02 8.739835124994020654e-02
0.000000000000000000e+00 1.928882117759600501e-02 2.218204997799989170e-02 1.741515438363230028e-01 1.859097650048860684e-01 0.000000000000000000e+00 9.220111546487515242e-02 2.231679287800639178e-01 0.000000000000000000e+00 0.000000000000000000e+00 0.000000000000000000e+00 1.881452559451425588e-02 5.574000483314418136e-02 1.116662829918060309e-03 0.000000000000000000e+00 0.000000000000000000e+00 0.000000000000000000e+00 1.689637677651782133e-01 0.000000000000000000e+00 3.846381473550138097e-02
0.000000000000000000e+00 5.875190973645750409e-02 0.000000000000000000e+00 1.377867720989201794e-01 1.532983518532935185e-01 1.423779988762176874e-01 0.000000000000000000e+00 2.006870345049558135e-01 0.000000000000000000e+00 0.000000000000000000e+00 0.000000000000000000e+00 1.759924255076548635e-02 4.789316560109568160e-02 0.000000000000000000e+00 0.000000000000000000e+00 2.488777584039154195e-02 0.000000000000000000e+00 1.761841515299945038e-01 4.053359740790794807e-02 0.000000000000000000e+00
5.528240922901305962e-03 1.231613254849016625e-01 5.781036391096049110e-02 8.804080782778059278e-02 1.581960318176332536e-01 3.719612230743138404e-02 0.000000000000000000e+00 2.459900150020910212e-02 7.350992175115879379e-02 0.000000000000000000e+00 3.725904928302231026e-03 1.452277949882126995e-01 0.000000000000000000e+00 8.253269761411503869e-02 1.287379755836720041e-01 4.877907758995515125e-02 0.000000000000000000e+00 0.000000000000000000e+00 0.000000000000000000e+00 2.295473377276628299e-02
0.000000000000000000e+00 2.541039432162876810e-02 0.000000000000000000e+00 0.000000000000000000e+00 1.025490737525318052e-01 2.160652411543999632e-02 5.374360900840188804e-03 0.000000000000000000e+00 4.903420784313827774e-02 0.000000000000000000e+00 0.000000000000000000e+00 6.539160872339540298e-02 1.683154744758198762e-01 2.301711829013858984e-02 8.189435214969140175e-02 0.000000000000000000e+00 1.929070157038406327e-02 1.478197364876142061e-01 1.619508547744461513e-01 1.283455925949312793e-01
2.324043676594368668e-02 5.806838574620585419e-03 0.000000000000000000e+00 8.520304546546380448e-03 1.771062355308969383e-02 1.181786104586244647e-02 0.000000000000000000e+00 5.972808199408013302e-02 9.217118925283046202e-03 3.244516614005913541e-02 0.000000000000000000e+00 3.421152390774538365e-01 1.642296822133966494e-01 1.986674008361452581e-02 0.000000000000000000e+00 2.359348068025435632e-02 6.148609985826471863e-02 1.346611470045579184e-01 0.000000000000000000e+00 8.556117953697300882e-02
1.177036083362890603e-02 3.718751804683301937e-02 0.000000000000000000e+00 5.651338349455361024e-03 9.001820877265935550e-02 2.064105651919818096e-01 0.000000000000000000e+00 7.245714000519314080e-02 2.147713342282860371e-01 0.000000000000000000e+00 0.000000000000000000e+00 1.365809769847433075e-01 0.000000000000000000e+00 0.000000000000000000e+00 3.372704304744859882e-02 0.000000000000000000e+00 6.618415935616718537e-02 1.007407488099685139e-01 4.808960995525041020e-03 1.969164537810977680e-02
1.512025843596342956e-02 1.361877801015924823e-02 0.000000000000000000e+00 1.435807670406046566e-01 0.000000000000000000e+00 1.627927737110415052e-01 2.704176534113285259e-03 1.163256203757050307e-02 0.000000000000000000e+00 0.000000000000000000e+00 1.885918498679065372e-02 3.555113850346819371e-01 1.209772611384300756e-01 0.000000000000000000e+00 4.225741612974376338e-02 0.000000000000000000e+00 0.000000000000000000e+00 7.066109075960416708e-02 0.000000000000000000e+00 4.228434618129656847e-02
0.000000000000000000e+00 1.172162617821853603e-01 1.347852210541058138e-01 4.978767351315473849e-02 0.000000000000000000e+00 3.186105264870309900e-02 0.000000000000000000e+00 6.639122529124820427e-02 6.574082674526920966e-02 0.000000000000000000e+00 0.000000000000000000e+00 8.316540283891952351e-03 0.000000000000000000e+00 7.097667667616826270e-02 1.603436656926438830e-01 4.977534401025526106e-02 2.105891604005094564e-03 2.549822666664229576e-02 5.784431985620683975e-02 1.593570741755199194e-01
0.000000000000000000e+00 1.203108697292141621e-01 0.000000000000000000e+00 1.950491734437828362e-01 1.471040805829440801e-01 2.550359635196274288e-01 0.000000000000000000e+00 8.721984468350088560e-02 1.417621717752310870e-02 0.000000000000000000e+00 0.000000000000000000e+00 0.000000000000000000e+00 0.000000000000000000e+00 0.000000000000000000e+00 0.000000000000000000e+00 0.000000000000000000e+00 0.000000000000000000e+00 0.000000000000000000e+00 3.279050389591742221e-02 1.483133469674899896e-01
7.845664163206925168e-02 2.373465842690898608e-02 0.000000000000000000e+00 3.947777750870449381e-02 1.812097401508048766e-01 1.340247626042747886e-01 0.000000000000000000e+00 1.070182584401318943e-01 1.011497678234932023e-02 0.000000000000000000e+00 0.000000000000000000e+00 1.845441190636003814e-01 0.000000000000000000e+00 0.000000000000000000e+00 2.505700253355040014e-02 3.047610278118546151e-02 0.000000000000000000e+00 0.000000000000000000e+00 4.020986377481971380e-02 1.456760963016004717e-01
1.008541835481836790e-02 1.465504605008456918e-01 0.000000000000000000e+00 0.000000000000000000e+00 2.250560815552015911e-02 3.936087776152369377e-03 7.885576154613689950e-03 2.820812318283945075e-01 1.252156486740665930e-01 0.000000000000000000e+00 9.270499745791820415e-03 3.363760992357484741e-02 1.463979382012634521e-02 0.000000000000000000e+00 4.288318168020725796e-02 0.000000000000000000e+00 2.994210677926027568e-03 0.000000000000000000e+00 1.448847773012899298e-01 1.534298954066723730e-01
0.000000000000000000e+00 1.698402889232050739e-01 4.761055034139345145e-03 6.179289548251016423e-02 1.648852046526846638e-01 0.000000000000000000e+00 1.291664791870970885e-01 0.000000000000000000e+00 0.000000000000000000e+00 0.000000000000000000e+00 0.000000000000000000e+00 1.354517264395342091e-01 6.904490116043651357e-04 5.947788984931737244e-02 1.408221346309609101e-01 5.055378230452851592e-04 0.000000000000000000e+00 7.123149558044170049e-02 0.000000000000000000e+00 6.137484338545973889e-02
0.000000000000000000e+00 0.000000000000000000e+00 3.975211749863025862e-02 2.683458639398538653e-02 1.580895275953977663e-01 9.854240223689300637e-02 5.272167227892402344e-03 1.362846538497913540e-01 0.000000000000000000e+00 0.000000000000000000e+00 0.000000000000000000e+00 1.224153945049749614e-01 0.000000000000000000e+00 5.445468516855182795e-02 0.000000000000000000e+00 2.682136185645836793e-02 2.284117244518915277e-02 1.281210734194677091e-02 9.699520277451423311e-02 1.988846211057744839e-01
1.789569860510380195e-02 1.372597399051020232e-02 0.000000000000000000e+00 6.080220659647105758e-02 2.081439673232578572e-02 1.248829656150023254e-01 6.315111121565747387e-02 5.432791971426112476e-02 1.888157924933208873e-02 1.678948337672729260e-02 2.366749850082586898e-02 2.179018504411304180e-01 4.784701299765680566e-02 3.025865147742023455e-03 4.646190669501273907e-02 9.237514260375577491e-02 0.000000000000000000e+00 0.000000000000000000e+00 0.000000000000000000e+00 1.774493885184851849e-01
1.213418145859222058e-02 1.520211965699951734e-02 1.136690532539192094e-03 4.880113695463696166e-02 6.503936717746038043e-03 0.000000000000000000e+00 0.000000000000000000e+00 2.720961947547559934e-01 1.339337931718873886e-01 0.000000000000000000e+00 1.903669238529168140e-02 1.164691884455241050e-01 5.325742273049333120e-02 0.000000000000000000e+00 1.527958372289486000e-01 0.000000000000000000e+00 7.309691330193039465e-04 1.189487874987193647e-02 3.062491593539280309e-03 1.529444664861545067e-01
1.413608648006071423e-02 2.787984489709297714e-03 0.000000000000000000e+00 7.925693559964877566e-03 1.976543345032218124e-02 0.000000000000000000e+00 1.394825358183482134e-01 1.106742561073030678e-01 3.710898921146302265e-02 0.000000000000000000e+00 9.864301557940585892e-04 2.867138781547504817e-02 1.445439381029375026e-01 8.666019337537274325e-02 7.552482740073389843e-03 1.270827311514683387e-03 0.000000000000000000e+00 0.000000000000000000e+00 2.450296057813182715e-01 1.534041556003428175e-01
8.506904682895742587e-02 9.390873616779553748e-03 3.593655848447501605e-02 2.101371195502213865e-02 1.992337790040955153e-02 1.664204893459316492e-01 4.939423624250563645e-03 1.330874821669244534e-01 0.000000000000000000e+00 0.000000000000000000e+00 4.799046225299387174e-03 4.428916949506675298e-03 2.074648856280805753e-01 0.000000000000000000e+00 2.263401973056012456e-02 8.599428462197701226e-03 8.622895555606219231e-02 0.000000000000000000e+00 1.489299230348803127e-01 4.113386049066263678e-02
6.987280025073105971e-02 2.019721302363884294e-02 7.044152612341435249e-02 1.300478969592970824e-01 3.774133519229255079e-02 0.000000000000000000e+00 2.490162640814600481e-01 8.742037323272094235e-03 0.000000000000000000e+00 0.000000000000000000e+00 0.000000000000000000e+00 0.000000000000000000e+00 0.000000000000000000e+00 1.407735238744426409e-01 6.110699049218404344e-02 0.000000000000000000e+00 0.000000000000000000e+00 3.427897868730906544e-02 3.519281705177072089e-03 1.742621522867809913e-01
3.519937873222713187e-05 1.508694382605267059e-01 2.389634405863727551e-02 1.068077427690383857e-01 9.494662889806244899e-02 0.000000000000000000e+00 0.000000000000000000e+00 5.463770030334914179e-02 1.584842537328616796e-01 1.744488552815853452e-02 1.261627662502124228e-02 1.427028553060775973e-01 0.000000000000000000e+00 0.000000000000000000e+00 3.122748013206472217e-02 0.000000000000000000e+00 1.253210975682518269e-01 5.411316572724769736e-02 0.000000000000000000e+00 2.689693171197048496e-02
0.000000000000000000e+00 0.000000000000000000e+00 4.279063960736856874e-03 2.190565114697149984e-01 2.932695210173472122e-01 1.302866221871741559e-01 0.000000000000000000e+00 5.378377842551811117e-02 0.000000000000000000e+00 0.000000000000000000e+00 0.000000000000000000e+00 5.032268500790786775e-02 0.000000000000000000e+00 0.000000000000000000e+00 1.605647103976617085e-01 0.000000000000000000e+00 2.832177051190353650e-02 5.618608768178151580e-02 3.929249340254003034e-03 0.000000000000000000e+00
0.000000000000000000e+00 2.988661090968443637e-02 0.000000000000000000e+00 8.771023406470529471e-02 4.611328354531041285e-03 1.684908437232495804e-03 1.351789948498920702e-01 1.816266275592537394e-01 1.330210883654290958e-02 0.000000000000000000e+00 0.000000000000000000e+00 3.100221939654361214e-01 5.787031332201015600e-03 0.000000000000000000e+00 0.000000000000000000e+00 4.117950027642161559e-02 1.962943770907354859e-03 0.000000000000000000e+00 1.870475176431917463e-01 0.000000000000000000e+00
0.000000000000000000e+00 1.490679764396635743e-01 0.000000000000000000e+00 0.000000000000000000e+00 1.226693987190968921e-01 6.220384187165491768e-02 2.861895959322754198e-03 1.479566129723668307e-02 0.000000000000000000e+00 2.268209228801507105e-02 0.000000000000000000e+00 2.316594696302343992e-01 5.535500359462529330e-02 5.229564765730682768e-03 0.000000000000000000e+00 0.000000000000000000e+00 1.142359195136260636e-01 3.377586594819168703e-02 3.554554052982604462e-02 1.499177694427760166e-01
7.566165777302021056e-02 0.000000000000000000e+00 5.118913235482837332e-02 0.000000000000000000e+00 2.104559708595190801e-02 0.000000000000000000e+00 1.463546598481553669e-02 2.703669738438896006e-02 1.823042280633879828e-03 0.000000000000000000e+00 0.000000000000000000e+00 4.993671824025713163e-02 1.304386656681887080e-01 8.465469309869864956e-02 1.885969453729866852e-01 0.000000000000000000e+00 3.198808558625332310e-02 1.779600581928792447e-01 4.406556142718333346e-02 1.009676795499139107e-01
0.000000000000000000e+00 6.590237111529964609e-02 0.000000000000000000e+00 0.000000000000000000e+00 1.971775081491295156e-01 1.058274607018470648e-01 1.589019875726070952e-01 4.063510954712131612e-02 1.298772512178717198e-01 1.112849931189519893e-02 0.000000000000000000e+00 2.674566755130598078e-02 0.000000000000000000e+00 2.416314539347038520e-02 1.478915005605746166e-02 0.000000000000000000e+00 5.940684977721582410e-03 7.240532138885441560e-02 0.000000000000000000e+00 1.465058430168186820e-01
0.000000000000000000e+00 2.118997999345699577e-03 0.000000000000000000e+00 0.000000000000000000e+00 0.000000000000000000e+00 1.283061390868844576e-01 2.048488488040444422e-01 7.786066539570724032e-02 1.643284726358896011e-02 0.000000000000000000e+00 0.000000000000000000e+00 1.787107844140127244e-01 7.284758426806241249e-02 0.000000000000000000e+00 5.835814667039366382e-02 0.000000000000000000e+00 7.611533347627912809e-05 0.000000000000000000e+00 1.458751946669359645e-01 1.145646760975480849e-01
0.000000000000000000e+00 0.000000000000000000e+00 0.000000000000000000e+00 0.000000000000000000e+00 2.800751052691110576e-01 1.923981437430462849e-01 8.445570633266568858e-03 7.794643954690212706e-02 3.211381693580588753e-02 0.000000000000000000e+00 0.000000000000000000e+00 1.371604181277120138e-01 3.408988819063081543e-02 0.000000000000000000e+00 3.760763248442026974e-02 0.000000000000000000e+00 0.000000000000000000e+00 1.824777575395367113e-02 1.758414506227237717e-02 1.643310642528789667e-01
1.588785230046741229e-02 1.104611570019180394e-01 8.237091280148083755e-03 0.000000000000000000e+00 1.530739322244519529e-01 1.897182311270324828e-01 4.503842187003059133e-02 0.000000000000000000e+00 1.401661945742572329e-02 0.000000000000000000e+00 0.000000000000000000e+00 1.784522679381019272e-01 5.927592876897521540e-02 1.795647615764573921e-04 2.008815142641718829e-02 4.466707842816396851e-03 6.811093146647846652e-02 3.596917339104748553e-04 1.326334508002496582e-01 0.000000000000000000e+00
2.074040781772245549e-03 1.303065032863177097e-01 1.445993246244162700e-01 1.553845644510562785e-01 1.977475095614625311e-02 9.170944211983608763e-02 5.617149296557347876e-02 1.503229716992443288e-01 4.041913250581606609e-02 0.000000000000000000e+00 0.000000000000000000e+00 1.675144286183644212e-03 0.000000000000000000e+00 0.000000000000000000e+00 1.329363921805621490e-02 0.000000000000000000e+00 0.000000000000000000e+00 0.000000000000000000e+00 1.589583559918515410e-01 3.531063711372976754e-02
0.000000000000000000e+00 7.133938068029357926e-02 4.663771764610359638e-02 2.136196695070132628e-02 1.570350311100921770e-01 3.023395509095950714e-02 1.155036773985157333e-01 1.016596812732637883e-01 1.184224207476403945e-01 0.000000000000000000e+00 0.000000000000000000e+00 1.271378282407591709e-01 0.000000000000000000e+00 0.000000000000000000e+00 3.905996467155437718e-02 2.427118096019683161e-02 2.692259432966996689e-03 0.000000000000000000e+00 0.000000000000000000e+00 1.446449357969525062e-01
3.878904366881831198e-04 4.634011425468317902e-02 7.781605693069898596e-04 1.459804221365372801e-01 2.037552343223770351e-02 7.877341521208896732e-03 3.865974935902145165e-02 1.135708793290384072e-01 0.000000000000000000e+00 0.000000000000000000e+00 0.000000000000000000e+00 1.457074244757890491e-01 1.686152216408374482e-01 1.105924825241792753e-01 1.515329442464773135e-01 0.000000000000000000e+00 0.000000000000000000e+00 0.000000000000000000e+00 0.000000000000000000e+00 4.958184607399489935e-02
0.000000000000000000e+00 7.247719391419431278e-02 0.000000000000000000e+00 0.000000000000000000e+00 1.786629180595626365e-01 1.378411031615627280e-01 1.317614130943502680e-02 8.371633998660249487e-02 2.833140412314881507e-02 9.300314168914046442e-03 0.000000000000000000e+00 1.689294383463963434e-01 5.010276100166836770e-04 0.000000000000000000e+00 0.000000000000000000e+00 0.000000000000000000e+00 0.000000000000000000e+00 0.000000000000000000e+00 1.338573805855566567e-01 1.732067387346103438e-01
0.000000000000000000e+00 2.542154744910146702e-02 2.300935049366392357e-02 1.423015061863157626e-01 1.959623829004441820e-01 1.716950013554696397e-01 4.177603655404345945e-02 2.142896310332446375e-01 0.000000000000000000e+00 0.000000000000000000e+00 0.000000000000000000e+00 4.787068856464939820e-02 0.000000000000000000e+00 2.113148041046791770e-02 0.000000000000000000e+00 1.234121859048511322e-02 0.000000000000000000e+00 9.280480690659995147e-02 1.139634955551451813e-02 0.000000000000000000e+00
2.758646254748521945e-02 1.516424873735883749e-01 3.403015894566408048e-03 3.530881579693161132e-02 1.571912123201701372e-01 1.795440425178860266e-01 0.000000000000000000e+00 0.000000000000000000e+00 3.070096955653607226e-02 0.000000000000000000e+00 6.482129631827966351e-03 5.310986377325522395e-02 0.000000000000000000e+00 0.000000000000000000e+00 7.343060097648889187e-03 0.000000000000000000e+00 4.995895839144902199e-03 5.263850310190569017e-03 1.348039699000480873e-01 2.026242244407204796e-01
6.882503505417441290e-03 1.125297462328530979e-01 0.000000000000000000e+00 1.823321631585753458e-02 7.288828276372071036e-02 6.462307533710758001e-02 1.692545507599926878e-03 7.789354704540925323e-02 7.334416904479328959e-03 0.000000000000000000e+00 1.901728749559243939e-02 1.539389342308664921e-01 4.471311859986922682e-02 0.000000000000000000e+00 1.395372707311409999e-01 0.000000000000000000e+00 0.000000000000000000e+00 0.000000000000000000e+00 1.245005649252660246e-01 1.562154904048199955e-01
3.717089769610439770e-02 1.011151224531194881e-01 1.677655396287172293e-02 9.592274235906289581e-02 1.060641132982347761e-03 1.348828611732511840e-01 1.599707925956662113e-01 7.074612422465155481e-02 3.363284039417033938e-02 0.000000000000000000e+00 0.000000000000000000e+00 1.396627009711035559e-02 2.226201488159980021e-02 1.044473761262748081e-02 2.969861739141381463e-02 4.713998448140905954e-03 1.662763185303441082e-02 0.000000000000000000e+00 6.832452347394472880e-02 1.826836302502485021e-01
0.000000000000000000e+00 1.223552350040293807e-01 0.000000000000000000e+00 0.000000000000000000e+00 1.658688092543273429e-01 1.009474140113955642e-01 0.000000000000000000e+00 1.394892295777188929e-01 0.000000000000000000e+00 0.000000000000000000e+00 0.000000000000000000e+00 7.007739548257166384e-02 0.000000000000000000e+00 0.000000000000000000e+00 9.504567575696581776e-04 1.846971340599152731e-02 0.000000000000000000e+00 1.062887829330447925e-01 1.476937254110302078e-01 1.278592381623209484e-01
7.652853769211160305e-03 1.785161019492131074e-01 1.203762979376872405e-01 4.770323369867694036e-02 7.168716468502161002e-03 2.436630763285894258e-02 5.283012503231156176e-02 0.000000000000000000e+00 4.695933230192970292e-02 1.491689777038019728e-02 2.974947381646953631e-02 1.967449455940693537e-01 0.000000000000000000e+00 9.381595420094913235e-03 2.538681536393110148e-03 0.000000000000000000e+00 1.453892803072600048e-01 8.107294093224988452e-02 2.526298573803353875e-02 9.370230094658562464e-03
0.000000000000000000e+00 6.672089131384295602e-02 0.000000000000000000e+00 4.730137921552923785e-02 1.574150494291544355e-01 9.812574806136933891e-02 1.834714021605673151e-01 0.000000000000000000e+00 3.194069186860635373e-02 0.000000000000000000e+00 0.000000000000000000e+00 2.239021146473987173e-02 3.417440761697349005e-02 9.681700740029197325e-03 3.006025768432369228e-03 8.374180097461859928e-03 2.546602569765222396e-02 1.592945655115817483e-01 1.368574763699155206e-01 1.578024468414409090e-02
