1.103180279638852207e-01 1.262503690236211062e-01 0.000000000000000000e+00 3.435684015469379904e-02 1.121043699941235740e-02 1.740625537420412150e-02 2.032988684728550058e-02 0.000000000000000000e+00 1.522922012357652566e-01 1.334935095381614527e-02 0.000000000000000000e+00 1.551799310703321499e-01 8.823109037115932363e-02 0.000000000000000000e+00 0.000000000000000000e+00 0.000000000000000000e+00 3.607661744447305738e-03 4.877347824553960459e-02 8.106310957591504607e-02 1.376313604399231616e-01
9.552460314430473443e-03 1.183703734151440173e-02 2.040397135336533690e-02 2.053186794638591495e-01 3.433156131557357814e-04 1.293565192957567000e-01 1.201307624839513880e-02 1.473520994104605963e-01 1.628322642535792730e-01 0.000000000000000000e+00 0.000000000000000000e+00 9.436943286583751589e-02 0.000000000000000000e+00 4.445482756867494625e-03 6.648776241302065473e-03 0.000000000000000000e+00 2.309904162308696468e-02 0.000000000000000000e+00 3.092987609867106288e-02 1.414979671197180988e-01
5.231944433018565323e-04 1.294619661595732552e-01 9.966230344695999055e-02 8.597258621287562352e-02 7.772979532626769772e-02 1.593166407484028213e-01 1.089802209655425520e-04 1.117437261731291376e-01 0.000000000000000000e+00 0.000000000000000000e+00 3.070509916562322913e-03 0.000000000000000000e+00 7.474774142073296879e-02 2.648795866502749122e-03 7.089532470203771530e-02 4.836655672243357911e-04 1.414723107856342456e-02 4.114378577426194665e-03 0.000000000000000000e+00 1.653731601394742012e-01
1.300824488868200512e-01 1.730735371457080979e-03 0.000000000000000000e+00 4.520093182031389295e-02 0.000000000000000000e+00 5.846982672533589109e-02 0.000000000000000000e+00 8.256355324557299036e-02 5.545461534929336384e-02 0.000000000000000000e+00 0.000000000000000000e+00 1.343058849612486505e-01 1.663247559160644651e-01 1.158870590480650248e-01 1.048528598762596929e-02 7.527301683954045657e-04 1.786828885240795885e-03 1.415228235430585979e-03 1.670648103891661795e-01 2.847530500996965294e-02
1.177196628494487848e-02 1.789352323724286570e-02 0.000000000000000000e+00 4.430970407715616698e-03 2.177520286859177256e-01 2.461141034007587047e-02 1.285656059234292249e-02 3.308062332509338621e-02 0.000000000000000000e+00 0.000000000000000000e+00 0.000000000000000000e+00 7.749085270295116845e-02 1.260103070710629110e-02 2.299060288181721257e-01 1.739268017629873667e-03 0.000000000000000000e+00 3.749550905932170683e-04 9.391976940827688122e-03 1.704989789458182248e-01 1.755998259035682074e-01
0.000000000000000000e+00 9.738739988373198986e-02 9.118360492167734352e-03 2.017190865488844853e-01 1.332582903414868680e-01 9.348609495431217664e-02 4.446507411971075026e-03 1.834881544612550599e-03 6.652461799005430533e-03 8.710744302260063632e-03 0.000000000000000000e+00 7.146345732263556516e-02 1.409201281618698530e-02 2.070821787498208777e-02 0.000000000000000000e+00 1.211535713194129282e-01 2.887550471206157612e-02 1.345728243440015293e-01 6.949577734537311369e-03 4.557100659774977747e-02
1.072375443581680306e-02 3.882017727663087531e-02 0.000000000000000000e+00 1.390245117581005441e-01 3.497468659018970749e-02 1.393878718972351438e-01 8.477625747644036008e-03 9.515738221725468515e-02 2.364036455000046583e-02 0.000000000000000000e+00 1.669373551582271594e-04 3.426400703653044444e-02 1.758965620488793791e-01 6.335303921660086213e-02 3.121945343218793440e-04 1.930811910048005342e-02 1.317790977968956445e-01 4.062807719296190195e-02 9.115742776768478994e-03 3.496984846853069123e-02
4.433681884961198499e-02 1.459071460128132658e-01 4.301082227286831192e-03 6.167183859297086651e-02 1.185165175555171202e-01 0.000000000000000000e+00 1.902279225410407476e-02 5.520932924644816886e-02 5.843361570936266014e-02 0.000000000000000000e+00 1.985459695083138364e-03 1.667755985738188229e-02 0.000000000000000000e+00 4.504065439400635473e-03 1.317980939810428076e-01 3.635457524666653797e-03 1.384218352293442589e-01 3.660900427601857660e-02 6.955257128792728671e-02 8.941681226101988456e-02
0.000000000000000000e+00 5.147756171952756060e-02 7.565267930536563601e-02 1.756934261849221746e-01 1.566540560290403394e-01 1.375449598524712547e-01 2.527288868207537911e-02 0.000000000000000000e+00 7.694937307992989750e-02 4.191205397741256528e-02 7.200764025663268508e-03 0.000000000000000000e+00 5.468913776383735326e-02 0.000000000000000000e+00 0.000000000000000000e+00 1.981043763213454281e-03 1.886925523295533702e-02 0.000000000000000000e+00 1.761028003835857225e-01 0.000000000000000000e+00
4.550222361995909411e-03 1.553816740138130037e-01 1.197149579236073992e-02 3.568973605022980611e-02 1.444027747603643108e-01 1.575765484889419532e-01 5.571145006917563314e-02 1.588076476142608745e-03 1.581885327737419730e-02 0.000000000000000000e+00 0.000000000000000000e+00 8.588887843996571847e-02 0.000000000000000000e+00 2.575563375938159233e-02 9.138428588433017419e-02 7.548031271025615330e-02 5.448058817321664582e-02 1.438735930781975987e-02 0.000000000000000000e+00 6.993211043463176679e-02
1.972692957262376582e-04 1.010399685802976788e-01 0.000000000000000000e+00 1.301836580451681269e-01 8.743758955420115331e-03 1.367919022861183442e-01 9.578794460854550552e-03 5.250897790676707297e-03 3.363232820804343964e-02 0.000000000000000000e+00 0.000000000000000000e+00 3.172346006769847376e-02 1.257900613186365424e-01 1.400597190820632720e-01 1.430200295397856050e-02 1.269213231248705331e-01 7.686754378710544677e-02 1.336355005043990234e-02 3.819284774613420502e-02 7.360914246767718758e-03
1.196341633164797746e-02 7.935547875472803714e-02 1.123065646142055313e-01 3.687386161370613535e-02 1.466674112517236082e-02 7.399845311926970745e-03 0.000000000000000000e+00 1.123474546963598025e-01 0.000000000000000000e+00 0.000000000000000000e+00 0.000000000000000000e+00 9.315756878367277560e-02 0.000000000000000000e+00 1.138506281272544662e-01 5.238330027240870046e-02 1.973801403080870376e-01 3.643407308905094455e-02 2.979279398765614928e-02 4.287980017917670389e-02 5.920833280494654238e-02
2.722989468299385693e-02 1.186041908150459318e-01 0.000000000000000000e+00 6.730551094659761868e-02 1.426477993167976077e-01 1.395980767742785178e-01 0.000000000000000000e+00 4.589129346918222399e-03 6.867584702163606267e-03 1.388474866968688118e-02 4.420332570435881597e-02 1.370392886927308540e-01 0.000000000000000000e+00 9.542950754396069268e-02 3.598525507953691249e-02 7.562520602773519125e-05 0.000000000000000000e+00 9.564299788848817929e-03 2.673938983106772388e-02 1.302363728989861802e-01
7.422762528770573964e-02 1.768045595275724233e-02 1.041145321991186756e-02 2.104871144827988316e-01 0.000000000000000000e+00 1.500283038600304653e-01 4.393476640033265601e-02 3.473291693817210507e-02 0.000000000000000000e+00 9.468046117868896862e-04 0.000000000000000000e+00 1.215381887305876096e-01 7.200037224995714524e-02 0.000000000000000000e+00 0.000000000000000000e+00 5.824663201914027921e-02 1.720096153533753891e-01 9.852293921233010697e-04 1.636110235227859408e-02 1.640941914904198162e-02
1.055852445458181979e-02 1.342819701848136094e-01 1.254864133160891147e-02 3.297104059432046791e-02 1.497800277806115021e-01 1.350519011158044513e-01 1.360143534899360164e-02 1.133226055612805844e-01 5.419042260189365495e-02 0.000000000000000000e+00 0.000000000000000000e+00 0.000000000000000000e+00 0.000000000000000000e+00 0.000000000000000000e+00 1.331636770203533382e-01 1.804845893786348986e-03 3.244126851842180775e-02 1.358310876363622022e-02 3.374987833091468940e-03 1.593255429968022663e-01
6.331440935242192702e-02 0.000000000000000000e+00 6.219869249881592463e-04 2.891892868413045107e-03 6.337742342922281225e-02 1.381983810788233076e-02 1.323277886142881603e-02 4.589784561953594300e-02 1.676453686702291529e-02 4.628832807591171800e-02 4.964778526042177252e-03 1.526608948633636220e-01 1.615288663489881649e-01 3.857271051813309509e-02 2.287481269286032945e-02 0.000000000000000000e+00 1.468496406803723453e-01 5.009124680820931964e-03 2.013301315825916371e-01 0.000000000000000000e+00
1.159715936980298817e-01 1.102521932530921012e-01 4.661769918708114427e-03 4.772816315422467696e-03 1.536113631935002652e-02 1.892037512469388616e-01 1.667128123648205229e-02 1.184960986544529721e-01 1.405832597863684585e-01 0.000000000000000000e+00 0.000000000000000000e+00 4.974705502360628195e-02 0.000000000000000000e+00 0.000000000000000000e+00 8.013071859834405147e-03 9.182070909038607051e-03 4.889033193634952784e-03 5.758083252962667084e-03 6.883019191990086272e-02 1.376065934121773471e-01
1.743200059524839876e-02 1.343670737238125690e-01 1.803545933197915618e-02 0.000000000000000000e+00 4.406617628884166790e-03 2.420928684567789368e-01 4.054835040253973455e-03 1.385203524107694352e-02 6.852193839626699590e-02 0.000000000000000000e+00 1.286032175593962955e-02 1.750740559821740636e-02 1.154181036756434242e-01 0.000000000000000000e+00 2.010339791135492410e-02 0.000000000000000000e+00 1.366028955330256950e-02 0.000000000000000000e+00 1.449124796399915982e-01 1.727751734512493198e-01
3.878288270346277877e-02 1.703372814212656128e-01 6.554621116373481049e-02 4.453528497055828789e-02 1.261163480521767521e-01 9.061457625480160425e-05 2.662375113256803746e-02 0.000000000000000000e+00 1.499315895514946595e-02 0.000000000000000000e+00 2.228878390669734172e-02 7.399059392176621230e-02 1.315285876863764580e-01 5.430544198729986977e-02 1.281342913290684504e-01 1.138850522237240363e-02 1.039170851062674178e-02 1.325011836678509011e-02 6.895554581150515651e-03 6.080088151268649155e-02
1.110158886838912180e-02 4.799978732690032834e-02 4.543998414852278012e-02 1.472384245799088394e-02 1.631169531059357691e-01 4.726167313460338110e-02 1.744202207226988599e-02 4.756789888436843000e-02 3.632480788536118343e-04 0.000000000000000000e+00 0.000000000000000000e+00 8.357205809009842987e-04 1.690704073712588672e-03 2.163214576680270174e-01 1.087489495394664864e-02 2.680206537666617733e-02 1.687795844066564480e-02 0.000000000000000000e+00 1.595634359247837530e-01 1.720167649034630430e-01
9.124114870208095696e-02 8.890756415884182307e-02 0.000000000000000000e+00 4.935668601272479548e-03 2.678632724516576136e-02 1.350719955711616738e-01 3.005157890715334009e-03 4.740399240825209776e-02 1.616066279199268596e-01 0.000000000000000000e+00 3.862094237241400514e-03 1.637362238967666750e-01 3.524068777821888054e-03 1.679547263664556492e-02 2.775300818496576755e-02 0.000000000000000000e+00 3.832232732248980894e-02 0.000000000000000000e+00 1.997868140627719058e-02 1.670696410403747778e-01
6.871062700179486919e-04 1.778472560003399872e-01 3.379725557712501965e-02 1.705335012678198953e-02 5.261005571255881162e-03 3.498742432854053119e-02 1.336448251640711023e-02 2.309195990506366647e-01 4.189732560758494678e-02 0.000000000000000000e+00 0.000000000000000000e+00 4.241574651472344165e-02 1.156871797013963102e-02 2.760061344228490615e-03 1.353961239356556712e-01 0.000000000000000000e+00 0.000000000000000000e+00 7.580555533801872081e-02 3.150125899312019445e-02 1.447377308554238518e-01
3.384941680007828857e-02 1.310654246315579308e-01 2.715436964274313067e-02 1.549182202529756636e-01 3.373770933908987885e-02 0.000000000000000000e+00 0.000000000000000000e+00 5.481283798824198618e-03 1.130633565022474696e-01 0.000000000000000000e+00 0.000000000000000000e+00 6.836496522287437150e-02 1.457889712327557763e-01 0.000000000000000000e+00 0.000000000000000000e+00 1.949524613206871570e-03 0.000000000000000000e+00 1.542746916788112661e-02 2.456137330742903802e-01 2.358555572147486706e-02
8.748465571692461140e-02 1.268429618015608218e-01 1.550410245519432155e-03 2.691439090326779374e-02 9.487180341841984846e-03 1.501958381312862301e-01 2.547885243948605494e-02 1.227577630222781851e-01 2.532616632535127435e-02 0.000000000000000000e+00 5.378596939692222717e-04 1.329696564252159929e-02 1.552494506470458724e-01 2.568581412804823647e-02 1.608507196045934817e-03 0.000000000000000000e+00 9.834765311418377717e-03 1.787406627581840943e-03 1.394881744793252387e-01 7.647283734652754461e-02
4.272244302521177595e-02 5.872954829728082443e-02 1.802209430490747091e-04 7.484051933444599292e-02 1.319080017363422064e-01 0.000000000000000000e+00 1.319813150621755582e-01 1.467350946225163266e-01 7.933721396648692192e-02 8.978788963649823049e-04 7.893989568136318717e-04 6.884967199637131129e-03 0.000000000000000000e+00 4.968299816436625794e-04 2.976158862095160118e-02 0.000000000000000000e+00 4.328801128256776036e-03 4.257215048822973053e-02 3.884871591271735203e-02 2.089853118278765798e-01
1.063933978481661630e-01 1.059519538470346661e-01 4.356592842617024717e-04 5.216042195770540651e-02 2.951388286305079572e-02 1.231373010491314812e-01 1.233949533097422266e-02 1.080562509528098028e-02 2.404350314395646282e-01 1.075067873767135765e-02 1.493067804173577560e-02 9.740629052923201192e-03 0.000000000000000000e+00 1.921080258766797843e-03 3.158976640932480671e-03 0.000000000000000000e+00 1.568360418840512860e-01 2.429658475270718779e-02 9.479271088918993227e-02 2.399851026851955709e-03
1.931726118026026381e-02 2.842054776747010569e-02 1.344425525139211763e-02 2.514590999010055672e-01 1.745932568171056909e-01 1.890947885049305000e-01 0.000000000000000000e+00 6.698986333675506499e-02 3.099321763539382088e-02 0.000000000000000000e+00 0.000000000000000000e+00 4.458661536280730808e-02 0.000000000000000000e+00 0.000000000000000000e+00 1.394666400727307687e-01 0.000000000000000000e+00 2.551995468223422145e-02 0.000000000000000000e+00 1.611449948791462972e-02 0.000000000000000000e+00
4.619488874800745451e-03 5.420596392532641555e-02 0.000000000000000000e+00 4.608232370003264439e-02 4.734830058627079868e-02 3.841610003504006277e-02 0.000000000000000000e+00 7.309402345515976507e-02 4.059679246058172514e-02 6.073323133344936918e-03 0.000000000000000000e+00 1.328141768192854510e-01 1.406202669228724389e-01 4.618317354772315947e-02 0.000000000000000000e+00 0.000000000000000000e+00 9.904292252524411842e-04 1.662025284931828162e-01 1.697345674486701594e-01 3.301854137245632120e-02
1.353033747438447260e-02 1.619873783405441914e-01 0.000000000000000000e+00 0.000000000000000000e+00 1.342276685847860196e-01 3.605191826355743159e-03 1.637562710049261794e-02 1.185932169699278060e-01 4.104302986117085161e-02 1.659112901333664042e-02 1.641525743019488616e-03 2.317405315683880307e-01 5.923745054808800085e-03 4.827190371222896690e-04 3.407374375099028047e-02 6.970378876271042870e-03 6.472369949596944866e-03 4.165071666213351897e-02 4.280555575182105194e-03 1.608101346114891583e-01
4.042536431394991997e-02 2.049012309296882953e-02 1.784608456065759621e-03 3.992745086491543416e-02 1.861734402346622019e-01 1.754426409507534590e-01 0.000000000000000000e+00 3.829112294228480262e-02 9.288521282458027384e-02 3.087234007483631668e-03 1.519051479298119851e-04 2.155473007269736660e-02 2.559085524672058756e-02 3.213787134321641897e-02 6.364594790030328464e-02 5.383288658662414849e-02 1.618532229024189917e-01 1.534247769178655706e-02 1.290691653757802988e-02 1.447598888306038910e-02
0.000000000000000000e+00 3.126483005966323135e-03 0.000000000000000000e+00 6.738299449217721726e-02 7.987653343558286101e-02 6.757599758306054305e-02 8.994518522214521583e-02 2.041244626375743332e-02 1.086058125656902190e-03 9.472635658854301061e-03 0.000000000000000000e+00 1.463447525731152721e-01 1.192297836571149516e-01 4.071787133905861722e-02 3.905619409347577814e-02 2.830239151935505428e-03 1.008238796135320497e-01 2.979265864343841677e-02 9.793842001677868433e-03 1.725324451394509295e-01
1.002834422994911684e-02 3.175759954099116600e-02 7.159275458053231123e-02 2.253868000603075905e-01 0.000000000000000000e+00 1.777577897868329315e-01 4.523724644180564941e-02 3.971949698115681548e-02 4.797888635118915251e-02 0.000000000000000000e+00 0.000000000000000000e+00 4.464470325688611047e-02 0.000000000000000000e+00 0.000000000000000000e+00 4.709997909890854990e-03 1.248554963546677915e-01 2.584224733546866028e-03 6.967146699073162655e-03 1.662389210100891634e-01 5.405920630812973511e-04
1.253272161442803637e-02 1.169728497027079234e-01 1.000023172969056670e-03 9.418113276537236345e-02 2.858552827089759149e-02 1.617443503417999584e-01 7.751516727145620587e-03 1.110493390146198300e-01 1.678935424141685673e-01 1.017696081965148089e-02 0.000000000000000000e+00 1.815399633599473761e-02 7.867760302136653922e-03 0.000000000000000000e+00 6.302058621272487587e-03 4.887504865132182019e-03 7.063230716461751241e-04 2.278218288898269279e-03 8.405083893772290204e-02 1.638653347334362853e-01
1.381777598650724831e-02 1.417276780377753065e-01 0.000000000000000000e+00 0.000000000000000000e+00 5.223697005838191798e-02 1.833711158554532927e-01 8.569305000287043284e-02 1.273708810151090720e-01 1.337303689873375612e-01 0.000000000000000000e+00 0.000000000000000000e+00 1.935241100836044420e-02 5.511540131122918268e-02 0.000000000000000000e+00 1.117133781244965436e-02 0.000000000000000000e+00 6.772385300600887448e-02 5.268165160517051041e-03 9.847525015013128269e-02 4.945741607868746684e-03
0.000000000000000000e+00 1.309139704106039859e-01 0.000000000000000000e+00 1.430631254437174371e-01 1.614852900634199118e-01 1.349748823748826432e-01 0.000000000000000000e+00 9.706468673758661403e-02 4.377112614954486308e-02 9.184285644996362241e-03 0.000000000000000000e+00 6.220493879143906141e-02 0.000000000000000000e+00 0.000000000000000000e+00 7.012199500987918895e-03 0.000000000000000000e+00 0.000000000000000000e+00 0.000000000000000000e+00 1.679101593601062259e-01 4.241533552271498780e-02
1.781029916142018964e-03 4.129502453578353001e-03 0.000000000000000000e+00 9.230604927146709993e-02 1.488583662657254336e-02 2.084268421405028049e-01 1.763525936622194895e-03 1.469466892286012960e-01 3.091905917926117756e-02 0.000000000000000000e+00 0.000000000000000000e+00 0.000000000000000000e+00 8.832184872774745399e-02 3.317260447965281883e-02 1.227242240177120296e-02 0.000000000000000000e+00 1.779639579662398718e-01 3.894730153610904272e-02 1.481633301357320742e-01 0.000000000000000000e+00
1.059735740288348348e-02 1.656723930990456339e-01 2.312686553957449265e-02 2.664581638265345331e-02 0.000000000000000000e+00 1.939498182858261921e-01 6.882142509321658146e-04 4.744683267261496501e-02 5.883195983671056853e-03 0.000000000000000000e+00 5.450570366677407255e-03 2.651928807261591872e-02 1.451976425744180288e-01 2.686212218336982843e-02 1.447979931208220328e-01 0.000000000000000000e+00 0.000000000000000000e+00 7.584037749687870533e-02 3.269688911471137476e-03 9.805182365654552257e-02
2.165099449367478748e-03 0.000000000000000000e+00 6.019649836320323938e-03 8.116965180689678788e-03 1.369928385388515524e-01 2.177090800763743506e-01 1.780600266901914350e-02 3.482673429961726658e-02 1.384301304103343344e-01 1.704918649667282789e-03 5.204020404334187616e-04 5.088025178592647108e-02 1.579989265855455828e-04 2.645890642441760948e-03 0.000000000000000000e+00 4.628697319016510797e-02 0.000000000000000000e+00 1.421303819309476142e-02 1.548071908189775636e-01 1.667168352921338803e-01
0.000000000000000000e+00 1.247289560290660987e-01 3.557207688280877855e-02 8.991497333182153773e-02 2.813980199875016491e-03 1.297825538932098274e-02 4.938744184085620999e-03 5.468242336687964555e-02 1.852366419724594745e-02 0.000000000000000000e+00 0.000000000000000000e+00 0.000000000000000000e+00 3.311239884046963261e-02 1.240931818080962812e-01 1.131852228619679990e-02 2.450075637417575836e-01 1.458353554672573186e-03 0.000000000000000000e+00 1.809113390780184571e-01 5.994556710968505092e-02
2.284166149188304046e-02 1.418480988271342003e-01 1.739191559177709085e-04 2.832211809661893190e-02 1.459524082820769786e-01 1.532870019048182264e-01 1.398566707602863501e-02 2.455147890597738844e-02 4.038667069987109115e-02 0.000000000000000000e+00 0.000000000000000000e+00 1.429610833300465345e-01 3.235125682146103299e-02 5.282899268562660363e-04 3.521977294405573278e-02 0.000000000000000000e+00 1.166116418203971827e-01 1.886009658272430395e-03 2.526694395832652582e-02 7.382597710025802507e-02
6.138108474157837752e-03 1.448229191728922505e-01 0.000000000000000000e+00 1.165012919202729896e-02 1.483655112084511507e-01 1.640421824911845669e-02 1.413303437156879575e-02 5.037785843568393096e-02 8.925829811043961559e-02 0.000000000000000000e+00 0.000000000000000000e+00 2.381252055081052935e-02 3.627713640844201087e-02 1.096178201622189652e-01 1.370928988029424256e-01 1.872508797771503964e-03 2.535488701369859044e-02 1.416486626107777390e-02 7.765359461136224148e-03 1.628919253275626089e-01
1.192434161500282586e-01 1.433211453725674878e-01 1.058228113702536222e-01 4.693350666275183242e-03 8.899089860457986764e-03 1.441803407854470587e-01 0.000000000000000000e+00 1.301121318052095577e-01 1.035607315831417463e-01 0.000000000000000000e+00 0.000000000000000000e+00 0.000000000000000000e+00 1.940205982534578405e-02 9.436551574470382342e-03 1.297768547272554716e-02 9.597174675560275758e-02 5.740002961933531739e-02 4.727452785671065576e-03 0.000000000000000000e+00 4.025145637346817101e-02
3.078179224129716507e-02 3.627647066819980333e-04 1.056653559429445062e-02 1.055483626791738905e-01 1.279315537592383145e-01 8.884026646705713015e-02 1.358747338226446583e-02 2.491213189465519076e-02 0.000000000000000000e+00 4.832047326328344460e-03 0.000000000000000000e+00 2.903029456090230886e-02 1.506868781602146035e-04 1.192061504296495628e-01 1.066034247054615733e-02 2.039705253580346642e-02 1.976666102724271984e-02 3.038447870794946243e-02 1.592455084565629064e-01 2.037958968821921846e-01
9.992977620415675888e-02 1.313932276264625498e-01 1.406331352032840192e-03 2.953085397611848045e-02 1.155112001282424840e-02 1.369822899923019838e-02 1.244088652290578634e-02 5.177067544367884577e-02 2.852139092960278080e-02 0.000000000000000000e+00 0.000000000000000000e+00 7.193006231669174522e-02 1.420143093792675393e-01 1.516114181693450219e-02 2.083061623530193737e-02 0.000000000000000000e+00 2.071727965760696288e-01 4.515504124678224734e-02 7.688298821067760316e-03 1.098052425408722332e-01
0.000000000000000000e+00 1.001579257389055427e-01 1.761982236514301331e-02 8.279268334947066654e-02 1.445602828275600604e-01 1.158132178477775664e-01 8.991501128884518690e-02 7.327928417410724260e-02 4.869878399138025810e-02 0.000000000000000000e+00 0.000000000000000000e+00 5.223090719325986647e-02 4.060716195356061861e-03 1.127442469251761920e-01 2.796589734022896217e-03 0.000000000000000000e+00 8.934715389331861213e-02 2.247903332643843774e-02 2.390161930789627687e-02 1.960272184134213835e-02
2.148942271592685013e-03 1.257801525756527816e-01 2.076689249927916869e-02 3.923942624740674179e-02 4.186016111889643426e-02 4.961035598091977084e-02 1.398004848757618095e-02 1.008596880667209372e-01 3.688141607762376872e-02 0.000000000000000000e+00 0.000000000000000000e+00 2.089990358324001624e-02 8.686261723000970880e-02 2.288174805887706331e-02 1.289556687568094995e-01 1.143102652299595422e-02 1.530066618570822545e-01 1.190524647225653376e-01 1.314213793847519851e-02 1.264068800427660400e-02
1.036000453270620736e-01 0.000000000000000000e+00 3.478820170790665467e-02 9.710728359307778390e-02 3.450505242231261677e-02 8.490193261907507880e-03 5.208101236952103474e-03 6.271024322078570801e-02 1.446043674555648750e-01 1.053980428009928215e-02 1.990862612670753901e-02 1.083750036900816144e-01 2.274955738507898617e-02 1.142663267161944385e-01 9.517145566191584144e-04 3.305437789981809094e-02 1.910541626556471612e-03 0.000000000000000000e+00 3.212306187351719744e-02 1.651074976197577926e-01
1.889298713583593622e-02 4.498101011797780296e-02 1.076122050161729682e-01 5.793419472255342817e-02 1.979877615048712125e-01 1.536732918799180447e-01 8.684569443824868840e-03 1.897014232364081093e-02 1.708852348280639859e-03 0.000000000000000000e+00 0.000000000000000000e+00 0.000000000000000000e+00 1.638789497297621009e-02 1.432920381060356560e-02 9.212559607783803173e-02 0.000000000000000000e+00 1.188931918098841967e-01 5.334541696864739807e-02 3.041542354965497477e-02 6.405825831732002429e-02
5.602201771703671680e-03 1.095713417813334173e-01 4.714133567004091807e-03 1.547007560127742209e-01 1.142887377995072812e-02 1.117419224821820795e-01 2.536738863547089492e-03 6.566361535023498841e-02 7.039330543575048060e-02 4.570132516067616085e-02 0.000000000000000000e+00 3.130821715111347520e-02 1.250958311212172769e-01 3.537679162142466638e-02 6.594049825360914861e-04 0.000000000000000000e+00 1.356500958664446088e-01 1.512254519093985360e-02 1.232731963076177592e-02 6.240558023040527341e-02
0.000000000000000000e+00 3.639266782574807069e-02 4.558478145971105178e-02 1.037256984385881570e-01 5.856218577557810445e-02 1.405641275363559983e-01 2.828552719326526965e-02 3.332845823018180248e-02 5.574987965443296833e-02 4.166826493254154745e-03 2.330444802874383908e-02 6.950302041742278947e-02 5.933512517617408298e-03 5.728597550949032779e-02 0.000000000000000000e+00 1.279584658989788362e-02 5.507059567147949176e-03 3.884990904349190210e-03 1.682773818005642574e-01 1.471476120576508395e-01
