1.879378499881748099e-02 9.229602806965124875e-03 7.040981964516233871e-02 0.000000000000000000e+00 4.894215615523242469e-02 2.217434619626486303e-03 7.906273362781893188e-02 1.083190076021205844e-01 1.177271314014133145e-02 7.389894519196357932e-03 0.000000000000000000e+00 1.461426239430472541e-02 5.839692134571983391e-03 6.120428518382745389e-03 2.530395862113991035e-01 6.699824234067431293e-03 1.561909385308126452e-01 1.278809198885544514e-02 0.000000000000000000e+00 0.000000000000000000e+00 1.537016993621722998e-02 0.000000000000000000e+00 1.366181827417739959e-03 1.818467902887268423e-02 1.536489980800172239e-01
8.101772938275152158e-02 6.224392328708429345e-02 3.151249892415254605e-02 0.000000000000000000e+00 1.322950148651834135e-01 2.348299199639295592e-02 8.596203540413639710e-02 2.330965317047248644e-02 1.125499702840714739e-02 2.312331192654411977e-02 0.000000000000000000e+00 8.273096554937346692e-03 2.678295789402803176e-02 2.682182716117523756e-03 1.403654273165199085e-01 0.000000000000000000e+00 1.760485377014285244e-02 7.795042234913701629e-02 0.000000000000000000e+00 6.746848329402437353e-03 0.000000000000000000e+00 0.000000000000000000e+00 0.000000000000000000e+00 1.369709189228072166e-01 1.084211361617828107e-01
1.874100977056417398e-03 5.120869559459267223e-02 2.668497870542497347e-02 4.993663742818179978e-03 2.030967956404464841e-02 3.402486717057142968e-03 1.132180110215119523e-01 3.964908248389834716e-02 0.000000000000000000e+00 0.000000000000000000e+00 0.000000000000000000e+00 1.773069508265185390e-01 1.699391249543012739e-02 6.469973280708580035e-03 1.303143330129989952e-01 5.518647619192385521e-03 7.209106040947010907e-02 1.173639506526476771e-02 1.537742734771359657e-02 9.273064261038388434e-02 1.653063614697023506e-03 9.701805954363016543e-03 1.465432064774567326e-02 2.800785028233964899e-02 1.561029180267693994e-01
6.487562921328743869e-03 0.000000000000000000e+00 1.252922797398768051e-01 0.000000000000000000e+00 3.229236109426299184e-02 1.851154787403200969e-02 3.456047827568312081e-02 1.287687612412462546e-01 1.704458800712552180e-02 3.094276068813116634e-02 0.000000000000000000e+00 3.696822726182213970e-02 4.568326591481331952e-03 0.000000000000000000e+00 3.975193217844472798e-02 4.492897736100964941e-03 1.554552648511821622e-01 7.171037049622266957e-02 1.274049270461306144e-02 0.000000000000000000e+00 5.737249658793610631e-03 5.414310356039376453e-04 8.258554588391880946e-02 1.421493517319496191e-01 4.939857002818030807e-02
2.563770094112780441e-03 5.185670805652141217e-03 3.429733550646740098e-02 0.000000000000000000e+00 1.607126633999673461e-03 0.000000000000000000e+00 2.103670007359640104e-01 1.630816894987472121e-01 1.456807973215951298e-02 3.477741691609564922e-02 0.000000000000000000e+00 1.812245988245691011e-02 0.000000000000000000e+00 0.000000000000000000e+00 2.493746074551840206e-02 1.202471584912193916e-04 2.788144222801362641e-03 7.400162107077387641e-02 4.250280564230305563e-02 3.315842359475042883e-02 7.429224418122752681e-04 1.076035833425931093e-01 5.662870585865819803e-03 1.796491208711032961e-01 4.426225051833182489e-02
1.245704922594706096e-02 9.170241736337373870e-03 6.896951905239320779e-02 0.000000000000000000e+00 6.915324607524192882e-03 1.642434726056807640e-02 1.549222611600647725e-01 3.328780275125206578e-02 0.000000000000000000e+00 1.342504873430972303e-03 6.637846655338900965e-04 3.429680382987666809e-03 0.000000000000000000e+00 1.516852777884938278e-03 2.053096698733826719e-01 8.444837381567622814e-02 4.362147547435074602e-02 1.377378278482950524e-01 3.176889081393127062e-02 2.857085749234306634e-03 1.358072216810104170e-02 0.000000000000000000e+00 2.351333460933485719e-02 2.239503651462263975e-02 1.256682146391468469e-01
3.306646641933605989e-03 6.658169111049960917e-04 0.000000000000000000e+00 0.000000000000000000e+00 1.452386752521928892e-01 1.758527405108645594e-02 1.057367142632336943e-01 1.157227625346102656e-01 2.738073270234697362e-02 6.163400817894910087e-03 0.000000000000000000e+00 3.146413061485008739e-02 0.000000000000000000e+00 5.798426700200602114e-03 1.228620313642616868e-01 3.738794779019732895e-02 1.444252877666523938e-01 1.105527533363649499e-02 1.801289486825341296e-03 9.702373787361205995e-03 2.566889727573864154e-03 1.338586364203942294e-02 3.984304911015573887e-03 1.156176044271230302e-01 7.814855127385927913e-02
8.978587011727673373e-02 4.666705557110642499e-03 1.865171437298954529e-02 2.902797903176069713e-02 1.757825144762531211e-01 6.565453997785100637e-02 2.673322351383052020e-02 2.665386506491621010e-02 1.540215536737529235e-02 1.269527547416670482e-03 0.000000000000000000e+00 6.823307114218650840e-03 0.000000000000000000e+00 7.804113726078596594e-06 1.326325409768688290e-01 1.417412276647868861e-02 1.102947493877548396e-01 9.442770493174924146e-03 4.105235211127210293e-02 2.146882913226589099e-03 2.818927676319009368e-02 1.237980398699186080e-01 0.000000000000000000e+00 3.555680754702869595e-02 4.225325091636163155e-02
1.069028297963231511e-01 0.000000000000000000e+00 8.340439150645187136e-03 0.000000000000000000e+00 2.582040282940607778e-02 1.870835583905661181e-02 2.799567674682078289e-02 9.081770267488414525e-03 1.284602535050916733e-02 1.490681857718887671e-01 3.173360447594822387e-03 3.678804633283361963e-02 7.883325394467047623e-03 3.980156704361838271e-03 1.326355472846772465e-01 0.000000000000000000e+00 1.093448708967135474e-01 3.000724200780037140e-02 2.888654786583061754e-03 0.000000000000000000e+00 2.084701795078927773e-04 6.679190825668478680e-03 3.590162402960543012e-03 1.781333490478915205e-01 1.259239379368017608e-01
0.000000000000000000e+00 5.025268995647366038e-04 1.767074364728407274e-02 0.000000000000000000e+00 1.081010895620495606e-02 1.694506611936489118e-02 1.838588645043378877e-01 4.471254569004575602e-02 1.463666158643383078e-02 6.969124939412396635e-02 2.605695034780116065e-04 3.211874456694679275e-02 7.894867045677066370e-04 2.237297086798155973e-03 9.979221335438043239e-02 8.246322417869182686e-02 1.384315500971328335e-03 7.426989789424721933e-03 5.621275443301368066e-03 4.575810587822672949e-03 3.677583219541937041e-03 1.873407702617519224e-02 5.833503555781402970e-03 2.309549712163322388e-01 1.453021714684259724e-01
0.000000000000000000e+00 4.376902709936580232e-02 4.179029128576455809e-02 2.996542870948479178e-03 1.724934932484360403e-02 0.000000000000000000e+00 3.450491275561176630e-02 1.301488527672577111e-01 1.234963336251337050e-02 2.896019604825187440e-03 1.671621448651169255e-03 1.383411294409179482e-01 1.523533322438687908e-02 0.000000000000000000e+00 1.278934594959919568e-01 2.584033869006146893e-03 8.376417145362613503e-02 7.291421362867403846e-03 8.868761046630348416e-04 1.786323487728351230e-03 0.000000000000000000e+00 1.443948786130107020e-01 1.422244715566643378e-02 1.655898041343455140e-01 1.063387113800790505e-02
2.737437461733513086e-02 0.000000000000000000e+00 1.498189744020843039e-01 7.810350051051527564e-04 5.341720650889125732e-02 0.000000000000000000e+00 1.494149577053259792e-01 1.284189644747773806e-01 7.160989155106742103e-03 3.210911692657109073e-02 0.000000000000000000e+00 4.877450924987252606e-02 0.000000000000000000e+00 2.046869636775114614e-03 2.051287947135636142e-02 0.000000000000000000e+00 3.469835316558369468e-03 4.599420443833531630e-02 1.170227403004347744e-01 3.288203142798725581e-02 0.000000000000000000e+00 0.000000000000000000e+00 3.684282589806637392e-02 3.229820536245255058e-02 1.116602801029643738e-01
6.431530956795691260e-04 2.752829901289557263e-02 2.043324454496135700e-01 5.642082611536163375e-03 8.360270911586786466e-03 2.420816424967025746e-02 1.829677326837908513e-01 1.475672065405984890e-01 2.175370764798542893e-03 1.511785995176364618e-02 9.547924719425771728e-03 8.457604547106221948e-02 2.612311861439329998e-03 0.000000000000000000e+00 2.963709225127319005e-02 0.000000000000000000e+00 0.000000000000000000e+00 1.911321344346713150e-02 7.433389849648933123e-02 1.886055627436520254e-03 1.478880218630377295e-02 1.007104468511449274e-01 0.000000000000000000e+00 1.450344902083340864e-03 4.280127891794103384e-02
1.048824235432240931e-01 5.064420197550338620e-02 1.709131204415592631e-02 2.264738608228303741e-03 1.060503117353281399e-01 1.704026167344010155e-04 6.676890375318030556e-03 2.711163893200046679e-02 2.445096208537547808e-03 3.355369449585752367e-02 5.523676190830708373e-04 1.518481331468325979e-01 0.000000000000000000e+00 2.889355656618398677e-03 1.586112764213487847e-01 1.183881954206335643e-02 4.064484831385133112e-02 7.983016694995238860e-02 2.461671876212821069e-04 1.838942456734310839e-03 0.000000000000000000e+00 2.734890482337079654e-05 1.976067861260183758e-02 2.619551833347931111e-02 1.548256663201021677e-01
0.000000000000000000e+00 1.788337176261246136e-02 1.210874789177857347e-01 6.818107230734417150e-03 5.809599264689438262e-03 2.492109349835740922e-02 1.267993039727257319e-02 5.790747885190051375e-02 1.702389774541567327e-02 4.805706921442361168e-02 8.649993548055134179e-03 1.268021124996580873e-01 7.199454924390642253e-03 4.472651040824564272e-02 9.650360482869674988e-03 6.452723633559763472e-02 4.213261557023784999e-03 7.344942559680918935e-03 2.917781755011058381e-02 1.843186805514906643e-03 9.803415362313640247e-02 1.253087978931404223e-01 3.088414978446510709e-02 4.973470198850657963e-03 1.244765249460686035e-01
0.000000000000000000e+00 0.000000000000000000e+00 1.914060991931355593e-01 1.691485474446130391e-04 1.578680365255886661e-02 0.000000000000000000e+00 1.437293902229044573e-01 8.270068553158889391e-02 2.431710152822613713e-02 1.943221971683645882e-02 0.000000000000000000e+00 1.888921071004724325e-02 0.000000000000000000e+00 0.000000000000000000e+00 6.480505709562474348e-02 4.831403453499067248e-04 0.000000000000000000e+00 2.137082430589065316e-02 1.189701775920194368e-02 0.000000000000000000e+00 0.000000000000000000e+00 0.000000000000000000e+00 6.816798821699714345e-04 2.652692642351526242e-01 1.390623572738680092e-01
3.340115395331889198e-02 3.668055438332299550e-02 4.111978051002707080e-02 3.565775377291861142e-04 1.470307105277286752e-01 0.000000000000000000e+00 1.373309839745983363e-01 1.339593945259915653e-01 7.441261600258068307e-03 8.381299878822734417e-02 0.000000000000000000e+00 7.833520520070422558e-03 0.000000000000000000e+00 1.425154812221819190e-03 5.544721240631238918e-02 0.000000000000000000e+00 4.748424223682027462e-02 4.332731905028296138e-02 1.221163159807578252e-01 1.535343655243728324e-02 2.317156533396153104e-03 4.182530178711839353e-02 2.522460335627794894e-03 1.170031925207172877e-02 2.751414473168076538e-02
9.301431305114585268e-02 1.872223295891344702e-02 0.000000000000000000e+00 9.664896757677322002e-04 4.715820432690483871e-02 0.000000000000000000e+00 1.137719517105940381e-01 1.279252864221480934e-01 8.763443885953717608e-03 1.475554711874597566e-02 0.000000000000000000e+00 1.641482856618449795e-02 3.113914054734324456e-03 0.000000000000000000e+00 5.135861205246052691e-02 3.488071085365686014e-03 6.120885039873802391e-02 1.755289466409078528e-02 1.264970059459379070e-01 1.051424856353123383e-01 1.718713619970220095e-03 6.286360773272051811e-03 5.670078717811342754e-03 3.685206736594664328e-02 1.396186479700019800e-01
5.170939852456679642e-02 8.901495398102884926e-02 1.054134167799887153e-02 3.360342402601705115e-04 1.209570249122731214e-02 0.000000000000000000e+00 6.762080928693375848e-02 1.699484984512397018e-02 0.000000000000000000e+00 2.333404962869311053e-02 1.550054615737881183e-02 2.299863360009963067e-02 0.000000000000000000e+00 3.214127908546271506e-02 2.392787020358733141e-01 0.000000000000000000e+00 1.640098819334801783e-01 7.089617635678287233e-02 2.077769941993735242e-02 1.960441764698490994e-03 0.000000000000000000e+00 1.628822298922802782e-03 0.000000000000000000e+00 5.518302547611236841e-03 1.536423751239196778e-01
1.070384086010472136e-01 6.531928202456109382e-03 2.158770027015001827e-02 3.871222725009629273e-03 1.508899511530143178e-01 4.595733004033478696e-03 6.477591053743896043e-02 1.499196185465280148e-02 5.166301850992594848e-03 1.076462354131436233e-01 4.250505327456525345e-03 5.270464358986736916e-03 6.698505207205461554e-03 4.680487024449256524e-03 1.397385726458255650e-01 1.839942371024435100e-02 7.541373555478164854e-03 3.689177326481999936e-03 1.113181577283816129e-02 8.713139732680962946e-04 0.000000000000000000e+00 9.838426331137474501e-02 5.600650944440633758e-03 5.043681208164743635e-02 1.562112811483642172e-01
1.088680141490642878e-01 0.000000000000000000e+00 8.764532832546407040e-03 4.194508991683240651e-02 4.094154329873034986e-02 2.660487518889547223e-03 1.788065763741148589e-02 9.482681191569229673e-02 6.586477786174381975e-03 0.000000000000000000e+00 1.450278647300947809e-03 1.172331796518762299e-02 5.684784869484118403e-03 1.299521261075905695e-02 1.254689707540445898e-01 6.704853174591899299e-03 1.080639168669271233e-01 1.166040051386862814e-01 1.135992137403476522e-02 1.693305590068802343e-04 0.000000000000000000e+00 1.058408970304130642e-01 1.269303942715396295e-02 2.146843372736962838e-02 1.372994227996988670e-01
0.000000000000000000e+00 2.459164618231958130e-02 1.261377512469036566e-01 1.228903584736179902e-02 1.181642993865442528e-03 1.365283768631411244e-02 4.856579039816071031e-02 1.027148174335964365e-01 6.591001379590884224e-02 1.325026661656093507e-01 0.000000000000000000e+00 4.044134245995121418e-03 5.286783756261069500e-02 0.000000000000000000e+00 1.582793382481835140e-02 0.000000000000000000e+00 1.365569707893908580e-01 5.056287137887709171e-02 0.000000000000000000e+00 0.000000000000000000e+00 9.879761855978010186e-04 0.000000000000000000e+00 1.010554829494482790e-02 5.303695340102272671e-02 1.484635725667025341e-01
5.065882554473028106e-03 2.955631326970657724e-02 1.657983489074749961e-01 0.000000000000000000e+00 2.057553744294042530e-02 0.000000000000000000e+00 1.406615583790863377e-01 1.455476311591493710e-01 6.287708988402835632e-03 4.924674476808106431e-03 0.000000000000000000e+00 1.121878262684403854e-02 0.000000000000000000e+00 2.128585655044018879e-02 1.100751634685663144e-01 6.966143731289448646e-04 4.068213244321247646e-02 4.718983447302283266e-03 1.290235421713975261e-01 9.444026679796511947e-04 3.607065017996039132e-03 0.000000000000000000e+00 0.000000000000000000e+00 1.541276020346574009e-02 1.439170418516252936e-01
2.978879841863710590e-02 1.092504664425381945e-02 2.708160119614769212e-02 0.000000000000000000e+00 1.274474162292246748e-01 0.000000000000000000e+00 1.449903139624905690e-01 0.000000000000000000e+00 5.294790501726823889e-03 1.077889701807678569e-02 0.000000000000000000e+00 3.530580722402147653e-02 0.000000000000000000e+00 3.378122220136473008e-02 1.197595809342476003e-01 4.992155036043226420e-03 0.000000000000000000e+00 6.642147243300564052e-02 1.215245690623138336e-01 1.168290099086892811e-02 1.031663528819281167e-01 3.467360818769131547e-02 3.477678183211285745e-02 6.105102277555526230e-02 1.655766247028959970e-02
1.110774395825754185e-01 3.132578304220395155e-02 4.888205088955684813e-02 1.584286137321279028e-02 6.102236380788327030e-02 8.933594894268639605e-03 0.000000000000000000e+00 3.347348672957273230e-03 5.444782170028403256e-03 5.308805486567922879e-03 0.000000000000000000e+00 1.477260545733574126e-01 8.100642114229854307e-02 1.473646411841338447e-02 2.359741743381988666e-01 2.937049732145390491e-03 1.474138486580051782e-02 3.993395339894401097e-02 9.558297022692646043e-04 0.000000000000000000e+00 3.194090048375463481e-03 6.144715774671079267e-03 6.667815274930833855e-03 1.605100101466967570e-03 1.531919170098736405e-01
1.393973508834400223e-02 5.068186766244818378e-04 4.190077826387274273e-02 1.686391310767907476e-04 2.647183583755747735e-03 3.366476683265787889e-03 1.397068098833955663e-01 1.472106836197948632e-01 3.898466584831150258e-03 4.379428736729078925e-02 0.000000000000000000e+00 8.051065453634339772e-03 1.080218659529411269e-02 1.673379145876440497e-04 3.713375186753506418e-02 4.102600228894405510e-02 0.000000000000000000e+00 9.105205924881862312e-02 3.291381426625888257e-02 2.291331337231456485e-03 0.000000000000000000e+00 3.703480661092627829e-02 2.171563491925729283e-02 1.235710930631831322e-01 1.971010375520772240e-01
4.313835143912163675e-03 2.382516118156339027e-02 5.440789406272179829e-02 2.274315910050955878e-03 3.326666339469428607e-02 1.786940597946232124e-04 1.559626161151757007e-01 1.443195439144652481e-01 3.434783040083599914e-02 6.646537241618714897e-02 0.000000000000000000e+00 1.362246360439667292e-02 0.000000000000000000e+00 3.800820176756765801e-03 8.812686194082011704e-02 0.000000000000000000e+00 0.000000000000000000e+00 3.127349414346367040e-02 1.764098870414327475e-02 0.000000000000000000e+00 0.000000000000000000e+00 4.050756107875820577e-02 7.737543761536766485e-02 1.867256539093960221e-01 2.156479222749628152e-02
1.189773942810440355e-02 9.436041595320942763e-03 1.326874851082801010e-01 0.000000000000000000e+00 1.723396144142767122e-02 3.294627517595833874e-03 1.480033292345576956e-01 1.570127758765480219e-01 1.249438524607938278e-02 3.904116141344792217e-03 0.000000000000000000e+00 2.122835493702067075e-02 1.431991903719880867e-02 4.792509600576054301e-04 8.916726230546397070e-02 0.000000000000000000e+00 2.685089963193605309e-02 5.744794650626871722e-04 1.170118017737395042e-03 4.370323254695769426e-03 0.000000000000000000e+00 3.823833838570090543e-02 3.928671858326454082e-03 1.544905242209079765e-01 1.492173963366330569e-01
2.822991464975138295e-02 9.922065617723820757e-03 1.737532096783014623e-01 0.000000000000000000e+00 1.063831769254205695e-01 0.000000000000000000e+00 0.000000000000000000e+00 1.197428461690002027e-01 7.915880576160294613e-02 4.934526231868351792e-02 0.000000000000000000e+00 1.154837514773345702e-02 0.000000000000000000e+00 0.000000000000000000e+00 1.623968223449461304e-02 0.000000000000000000e+00 1.481484533059327924e-01 0.000000000000000000e+00 5.189560455362279964e-04 0.000000000000000000e+00 5.965832553911220616e-03 4.571059806860545277e-02 2.554709097251189540e-02 1.424411592080790934e-01 3.734457134271123441e-02
0.000000000000000000e+00 0.000000000000000000e+00 1.285547339288224955e-01 4.144855824906213022e-03 1.913547676639951872e-02 0.000000000000000000e+00 3.722837950655702444e-02 0.000000000000000000e+00 1.632764002409027929e-02 5.941348453288657072e-02 0.000000000000000000e+00 6.362610230492384174e-03 6.730096851993811954e-04 4.234457191390633007e-03 1.366750440468105510e-01 1.571893899839629793e-02 1.458373869554809577e-01 3.656411137717943856e-03 1.932671259932587302e-02 5.441898645494212816e-02 1.978797865377938600e-02 0.000000000000000000e+00 1.601241313104546579e-02 1.699859994588511225e-01 1.425054808729057654e-01
