0.000000000000000000e+00 7.480103960825817445e-03 2.450481956927174840e-02 2.061969270473144617e-03 5.370666935202662168e-02 0.000000000000000000e+00 4.268831040124174657e-03 2.054055355315960174e-01 3.945271648426357941e-02 0.000000000000000000e+00 0.000000000000000000e+00 1.469093416059783774e-01 0.000000000000000000e+00 4.202115575802324587e-02 1.153976916383273599e-01 1.114019506285467004e-01 1.962406892024197089e-02 0.000000000000000000e+00 6.283452823520491518e-03 1.156117640346388887e-03 0.000000000000000000e+00 0.000000000000000000e+00 3.977574213507255492e-03 3.586300492012454988e-02 1.804849966428025143e-01
9.710711021020378142e-02 2.070143276885260883e-02 1.983283267309740930e-02 0.000000000000000000e+00 9.531406767990174139e-03 1.174077486488919603e-01 1.399616405027049870e-01 1.501904160944757816e-01 1.928884746322921673e-02 0.000000000000000000e+00 0.000000000000000000e+00 4.828245478373993649e-02 0.000000000000000000e+00 1.032881946338615534e-02 3.312259300217463426e-02 0.000000000000000000e+00 0.000000000000000000e+00 1.642797353949188022e-02 0.000000000000000000e+00 0.000000000000000000e+00 2.759944170861004017e-03 0.000000000000000000e+00 1.353328276764313720e-03 1.704562482743333385e-01 1.432472033598027605e-01
6.852158036267973207e-02 0.000000000000000000e+00 2.932318743350696699e-02 7.834164979400180112e-03 3.048748250023934278e-02 5.786485209597557258e-03 1.332701473008076620e-01 2.451512183323041258e-02 7.364917660890528406e-02 0.000000000000000000e+00 0.000000000000000000e+00 0.000000000000000000e+00 0.000000000000000000e+00 0.000000000000000000e+00 1.637549104965328461e-01 0.000000000000000000e+00 0.000000000000000000e+00 1.766906603807900378e-01 4.837995115624622866e-02 1.104621725158786150e-01 0.000000000000000000e+00 0.000000000000000000e+00 0.000000000000000000e+00 3.077404684691270251e-02 9.655091237527249626e-02
0.000000000000000000e+00 0.000000000000000000e+00 0.000000000000000000e+00 0.000000000000000000e+00 5.827128132768664981e-02 0.000000000000000000e+00 0.000000000000000000e+00 0.000000000000000000e+00 2.783558744899298706e-02 2.960436096131178335e-02 0.000000000000000000e+00 1.568025489065499878e-01 3.217299568071443905e-02 1.528016642444159946e-02 1.560232484118355932e-02 1.244993423173545444e-01 0.000000000000000000e+00 0.000000000000000000e+00 2.692253368844697500e-02 0.000000000000000000e+00 0.000000000000000000e+00 0.000000000000000000e+00 1.616755972887798654e-01 1.741861389959437068e-01 1.771471221185938472e-01
0.000000000000000000e+00 0.000000000000000000e+00 2.547092442334264635e-03 0.000000000000000000e+00 0.000000000000000000e+00 1.108289528533315874e-02 2.017904533858429911e-02 1.285205914238934932e-01 3.454323337900866171e-03 8.938654282262344444e-03 0.000000000000000000e+00 2.205504143286387761e-02 1.043331213967724040e-02 0.000000000000000000e+00 1.726772899109321746e-01 9.557755913786265822e-02 1.406657588167193884e-01 3.333295551677982471e-02 1.602450127775161270e-01 7.078854860450788621e-03 5.251565104457577710e-03 1.467932798617684054e-01 0.000000000000000000e+00 0.000000000000000000e+00 3.116676833066354957e-02
0.000000000000000000e+00 4.600985498891115195e-03 2.532201397532996695e-02 0.000000000000000000e+00 1.185325259961067697e-02 0.000000000000000000e+00 1.589037593222782929e-01 1.644655592026149360e-02 0.000000000000000000e+00 4.671565613078815064e-03 0.000000000000000000e+00 0.000000000000000000e+00 0.000000000000000000e+00 0.000000000000000000e+00 1.955475826983563148e-01 1.115188128411351426e-01 8.760482013103046417e-02 0.000000000000000000e+00 0.000000000000000000e+00 2.501398898351079453e-02 2.048030147598405362e-02 1.211695689986584668e-02 1.657854971641874731e-01 1.577323001109012524e-01 2.401606765578328737e-03
9.526200165522630617e-03 0.000000000000000000e+00 1.165037722577063339e-01 0.000000000000000000e+00 1.480373216517439083e-01 1.287808934579188769e-01 0.000000000000000000e+00 1.859570247776618640e-02 0.000000000000000000e+00 1.094661853634141951e-01 0.000000000000000000e+00 0.000000000000000000e+00 0.000000000000000000e+00 0.000000000000000000e+00 5.978032623319498584e-02 0.000000000000000000e+00 9.811808644750308339e-02 0.000000000000000000e+00 1.775331982067953618e-01 0.000000000000000000e+00 8.048131471468296383e-02 0.000000000000000000e+00 9.428483350786184478e-03 0.000000000000000000e+00 4.374851567296528937e-02
6.704825284906019978e-02 0.000000000000000000e+00 1.508044669192725590e-02 0.000000000000000000e+00 4.465470891844949483e-03 0.000000000000000000e+00 2.665993533341937203e-03 1.219279341518501036e-01 2.279696423919786927e-02 2.926468248976257444e-02 0.000000000000000000e+00 0.000000000000000000e+00 2.054907119668741497e-02 0.000000000000000000e+00 2.092117649130422752e-01 0.000000000000000000e+00 1.274919218835149359e-01 0.000000000000000000e+00 6.926250372828691645e-03 0.000000000000000000e+00 0.000000000000000000e+00 1.480568737232064447e-01 7.967825585915503175e-03 1.670566185775078094e-01 4.948992890031195246e-02
0.000000000000000000e+00 1.333086539590658086e-02 9.677878900477737689e-02 1.134177092465978552e-02 2.460807208935963594e-02 0.000000000000000000e+00 1.347098559893290933e-03 1.867386384470251237e-01 7.943770728899290923e-02 5.745908236596195852e-03 0.000000000000000000e+00 6.813989227511275948e-02 0.000000000000000000e+00 0.000000000000000000e+00 4.146533651484207716e-02 0.000000000000000000e+00 3.002594799824670826e-02 7.744563140710279681e-02 0.000000000000000000e+00 1.284138521744611697e-02 1.261157459256621698e-02 1.518830779099906159e-01 8.419401044979086396e-03 1.436662400327686495e-01 3.417266305973409163e-02
0.000000000000000000e+00 0.000000000000000000e+00 5.834746568826196245e-02 0.000000000000000000e+00 0.000000000000000000e+00 6.841991410804980356e-02 1.486173846122296471e-01 1.764939750998761880e-02 1.065846682797951389e-01 1.043879186864850664e-02 0.000000000000000000e+00 6.047229358033655994e-02 0.000000000000000000e+00 1.401317531619811338e-03 6.314016841740935186e-03 1.132416330675295180e-01 2.539328290467013274e-03 0.000000000000000000e+00 3.671224968185504006e-02 0.000000000000000000e+00 1.615726554719025196e-02 1.856573622181923594e-02 1.981210572621996957e-01 1.279239688176647405e-01 8.493511090604366487e-03
0.000000000000000000e+00 0.000000000000000000e+00 1.433555503623532845e-01 0.000000000000000000e+00 6.563029627292468575e-03 8.575250474943461876e-02 3.880759382461826390e-02 3.506573964517811781e-02 4.936922162903927686e-02 2.395342894352038999e-03 0.000000000000000000e+00 1.391983272618335932e-01 0.000000000000000000e+00 0.000000000000000000e+00 1.397126333670098419e-01 0.000000000000000000e+00 3.208341310892425663e-02 1.043731749306985555e-02 0.000000000000000000e+00 3.727214462782280080e-02 0.000000000000000000e+00 8.108264635931838882e-02 7.018654149915702634e-02 0.000000000000000000e+00 1.287179935505962658e-01
0.000000000000000000e+00 0.000000000000000000e+00 1.087403937330109066e-01 0.000000000000000000e+00 8.987657526998952748e-03 1.251884631492288132e-02 2.299472484472018519e-01 1.593765070550688667e-01 0.000000000000000000e+00 0.000000000000000000e+00 0.000000000000000000e+00 0.000000000000000000e+00 0.000000000000000000e+00 0.000000000000000000e+00 6.930208445342131429e-02 0.000000000000000000e+00 4.656984616978142311e-02 0.000000000000000000e+00 1.628338262599846320e-01 1.271950801830234179e-01 1.373536286649169880e-02 0.000000000000000000e+00 2.554878981934283026e-03 0.000000000000000000e+00 5.823826800815982280e-02
0.000000000000000000e+00 0.000000000000000000e+00 1.459473930025405319e-01 4.290256475791134026e-03 1.355816760738519922e-01 1.905299300985779541e-03 0.000000000000000000e+00 0.000000000000000000e+00 6.634529190640577230e-03 5.893006316927582033e-02 0.000000000000000000e+00 0.000000000000000000e+00 0.000000000000000000e+00 0.000000000000000000e+00 0.000000000000000000e+00 0.000000000000000000e+00 6.014049268550661353e-03 1.543115823061621816e-01 1.869526021960482287e-01 0.000000000000000000e+00 0.000000000000000000e+00 2.827487712038787016e-02 1.738849650300990351e-03 9.348166929828691241e-03 2.600706553156355572e-01
6.955326504042438907e-02 2.013975065853464922e-03 0.000000000000000000e+00 0.000000000000000000e+00 1.740779740512561069e-01 0.000000000000000000e+00 1.625484686267792203e-02 1.436823729452662013e-01 0.000000000000000000e+00 1.904328992974468893e-02 0.000000000000000000e+00 2.938715432218081194e-02 0.000000000000000000e+00 2.044309436654140593e-03 0.000000000000000000e+00 0.000000000000000000e+00 1.149638837545440689e-02 1.134739915110353492e-01 7.227383225982278447e-02 0.000000000000000000e+00 0.000000000000000000e+00 0.000000000000000000e+00 1.967486047617172940e-02 6.335261998249146209e-02 2.636711197409664087e-01
0.000000000000000000e+00 0.000000000000000000e+00 1.204879287801390447e-01 0.000000000000000000e+00 7.561723842708646670e-02 6.536009656875878260e-02 2.637625975538231832e-02 8.633019993317957164e-02 0.000000000000000000e+00 0.000000000000000000e+00 0.000000000000000000e+00 1.568234653358017983e-01 1.477596622181696386e-02 3.660553019109042891e-03 2.220717400287233745e-02 1.502343984315546686e-02 0.000000000000000000e+00 0.000000000000000000e+00 2.825656873915156561e-03 0.000000000000000000e+00 1.147129870808034219e-01 7.253139296398691815e-02 0.000000000000000000e+00 1.483074079849955873e-01 7.496023320899714015e-02
0.000000000000000000e+00 0.000000000000000000e+00 0.000000000000000000e+00 0.000000000000000000e+00 2.333752921014231249e-02 0.000000000000000000e+00 3.920554406243246387e-02 1.438204712081877501e-01 1.255925909022761328e-02 0.000000000000000000e+00 0.000000000000000000e+00 1.575351972380217846e-01 0.000000000000000000e+00 0.000000000000000000e+00 0.000000000000000000e+00 0.000000000000000000e+00 2.475315982896695022e-01 5.157909505297908134e-03 1.553237648998537779e-01 0.000000000000000000e+00 0.000000000000000000e+00 1.656551374849180858e-01 2.621744985572466852e-02 6.655232450821213334e-03 1.700090670470287210e-02
1.109136269755501419e-01 0.000000000000000000e+00 0.000000000000000000e+00 2.877116222811913412e-02 1.141487254533819079e-01 0.000000000000000000e+00 6.075129836611215493e-03 1.530095288479210169e-01 0.000000000000000000e+00 1.183132092793513432e-02 0.000000000000000000e+00 1.337814644831336330e-01 0.000000000000000000e+00 3.858993247388481374e-02 1.406392259673351110e-02 2.950481007371338373e-03 1.726397156817452982e-01 0.000000000000000000e+00 1.591867694505723074e-01 1.321172088578837119e-02 0.000000000000000000e+00 4.082649915125218659e-02 0.000000000000000000e+00 0.000000000000000000e+00 0.000000000000000000e+00
0.000000000000000000e+00 7.106569949900819194e-02 1.387530093363694428e-01 0.000000000000000000e+00 1.419646486390979331e-02 0.000000000000000000e+00 7.108041945761811586e-02 1.667493169899612881e-01 0.000000000000000000e+00 9.228154842588591478e-02 0.000000000000000000e+00 0.000000000000000000e+00 0.000000000000000000e+00 0.000000000000000000e+00 3.565232465427412706e-02 0.000000000000000000e+00 2.947904676297578158e-02 1.476541226313103292e-02 1.445346119074649438e-01 0.000000000000000000e+00 3.705723441325192279e-03 2.040631060075620562e-01 0.000000000000000000e+00 0.000000000000000000e+00 1.367331639051413104e-02
0.000000000000000000e+00 1.793251245672874278e-02 0.000000000000000000e+00 2.729226372522971025e-02 1.777094778922531093e-01 1.238339383666375443e-01 2.513849824955879247e-02 4.820190747691398964e-02 0.000000000000000000e+00 1.122836862599881635e-01 0.000000000000000000e+00 0.000000000000000000e+00 0.000000000000000000e+00 0.000000000000000000e+00 1.212336133914236197e-01 5.443162361607732647e-02 0.000000000000000000e+00 0.000000000000000000e+00 5.268303801576812440e-02 6.375286070813474849e-04 0.000000000000000000e+00 4.407181355479065921e-02 0.000000000000000000e+00 1.294940121758388248e-02 1.816006971699651307e-01
6.045952602211323614e-03 0.000000000000000000e+00 1.065128009297253292e-01 0.000000000000000000e+00 0.000000000000000000e+00 9.135272816266849782e-02 0.000000000000000000e+00 1.510512995940106185e-01 5.004465705132021131e-02 4.271397957876809509e-02 0.000000000000000000e+00 1.405994024167385170e-01 6.183271959806710405e-02 0.000000000000000000e+00 1.146001631582887759e-01 1.477596851605400422e-03 1.019159140794567361e-02 0.000000000000000000e+00 0.000000000000000000e+00 0.000000000000000000e+00 1.076715657548399548e-02 0.000000000000000000e+00 2.439576871218047255e-02 1.387373663352428795e-02 1.745404467274617177e-01
1.155673949524054639e-01 8.519793801494849120e-03 0.000000000000000000e+00 1.713840942847028037e-02 0.000000000000000000e+00 1.639279308938410441e-03 0.000000000000000000e+00 1.450225292692216839e-01 0.000000000000000000e+00 0.000000000000000000e+00 0.000000000000000000e+00 4.293144125558368690e-02 0.000000000000000000e+00 1.945811115506642427e-03 2.242590254168892044e-02 0.000000000000000000e+00 1.329891593918426651e-01 1.490650916133068049e-01 1.462994864089108837e-01 1.689418283021000989e-03 0.000000000000000000e+00 1.517600729496439149e-01 0.000000000000000000e+00 1.075601251891920677e-02 5.225019716104563339e-02
0.000000000000000000e+00 9.464547284109979704e-04 1.304057654453676385e-01 2.716391849261417385e-02 8.063317800030928787e-05 3.621498580201388401e-02 1.965653998860073803e-01 1.410354866480270086e-01 2.834006652274591309e-02 7.132757828654372190e-02 0.000000000000000000e+00 0.000000000000000000e+00 0.000000000000000000e+00 0.000000000000000000e+00 0.000000000000000000e+00 0.000000000000000000e+00 8.383386862512968996e-02 5.370928497090016879e-02 0.000000000000000000e+00 0.000000000000000000e+00 0.000000000000000000e+00 1.175183204280332017e-02 3.391520858323262590e-03 4.664725031180239762e-02 1.685859542013100065e-01
1.721252182156571883e-03 7.057976964931407873e-03 8.758822975430452518e-02 0.000000000000000000e+00 0.000000000000000000e+00 0.000000000000000000e+00 2.217955453536878951e-01 1.369275767458087711e-02 1.768888306841952598e-02 9.962721876263012921e-02 0.000000000000000000e+00 5.344561357195336260e-02 0.000000000000000000e+00 0.000000000000000000e+00 1.556162270715659435e-01 2.554881898126061188e-02 0.000000000000000000e+00 0.000000000000000000e+00 1.574356030419613861e-01 0.000000000000000000e+00 0.000000000000000000e+00 3.700789467711883014e-03 0.000000000000000000e+00 0.000000000000000000e+00 1.550810841048358424e-01
0.000000000000000000e+00 0.000000000000000000e+00 0.000000000000000000e+00 0.000000000000000000e+00 1.301038056369162831e-02 0.000000000000000000e+00 3.423034459063877682e-02 3.766674103587050416e-04 7.415742675400970041e-02 0.000000000000000000e+00 0.000000000000000000e+00 1.308495225963416109e-01 0.000000000000000000e+00 3.464622009558343541e-02 1.518452366522781427e-01 9.820514256296088151e-02 0.000000000000000000e+00 1.431455225136604448e-01 1.500103806020306185e-01 1.431766919683217024e-02 5.011457366216675452e-03 0.000000000000000000e+00 7.070594729178987514e-02 3.810562697032426199e-02 4.138245483328310825e-02
2.127790498337994371e-02 3.773488102413775219e-02 2.114143942051611991e-02 4.457000921324046593e-03 8.361844781806274454e-03 0.000000000000000000e+00 1.345543483413773507e-02 6.292090734273644674e-03 4.721007592819779532e-03 1.225109250740019640e-02 0.000000000000000000e+00 0.000000000000000000e+00 7.765580489926890428e-02 0.000000000000000000e+00 3.276326984199464110e-01 9.526436092428912372e-02 5.401899954847823315e-02 2.425861451271830690e-04 0.000000000000000000e+00 0.000000000000000000e+00 1.144295108982934517e-01 3.845062789719105433e-03 1.081549050858260320e-03 2.347804361943856694e-02 1.726586869047852246e-01
