6.133663270901305864e-03 1.227970123423229309e-01 6.619638083900978784e-03 1.053481521726694625e-01 2.835393664643924821e-03 2.264584669053659044e-02 1.903603871089711713e-02 6.352865119730142542e-03 5.687280601473694054e-03 0.000000000000000000e+00 4.812306610337994473e-04 1.270547347304457619e-01 1.120826967919378719e-01 0.000000000000000000e+00 1.759825014861255690e-03 3.293975655615137034e-03 3.344897497055086127e-02 1.215440944315502175e-01 1.536200246797231328e-01 1.492585524072059522e-01
7.876405838195836562e-02 2.761332675934368569e-02 5.835374264998052958e-03 1.359452356591570599e-01 7.066164393959394052e-02 1.348226630803330828e-01 7.650084964431739902e-03 1.396092310575319621e-02 1.528789230447983871e-01 2.676311227635363478e-03 2.919773470492835303e-03 1.437014453220132049e-01 0.000000000000000000e+00 9.010059898083270027e-03 1.552002732094986612e-02 0.000000000000000000e+00 3.350586713855652557e-04 4.483981727477287516e-02 1.431132086296900722e-03 1.514341415280025527e-01
7.621537559219911107e-03 1.261986652274989934e-02 4.839495994935456152e-03 2.239030698135497377e-01 5.711606034126692766e-02 4.805353956863633175e-02 9.807966541115016590e-02 1.089727962270451017e-01 9.262755569840616654e-02 4.200933658936809034e-02 0.000000000000000000e+00 2.857838945640489223e-02 6.976590797850096282e-02 2.503236896577899773e-02 2.444205033635708010e-03 6.685322721342220817e-03 2.683235654161437219e-03 4.699187325017476977e-03 5.726447108100288230e-03 1.585420120307302616e-01
0.000000000000000000e+00 1.125103417231209102e-01 1.005463995283198408e-02 1.795800975412225609e-01 2.168243220527468068e-03 0.000000000000000000e+00 5.449310078039818275e-03 5.150253088705888374e-04 1.157000500048706443e-01 3.836801440966267768e-02 5.159928896082206551e-05 1.837314682367000573e-01 6.438817080722393504e-03 0.000000000000000000e+00 1.051066029219563033e-02 8.952864560358696558e-03 0.000000000000000000e+00 1.726588345157769877e-01 1.234209566948022835e-01 2.988907709133626842e-02
0.000000000000000000e+00 7.473583050172080688e-02 1.969239106780717313e-02 3.741325033949166601e-03 1.032706165596483303e-02 2.267494175039783816e-02 7.028645844964186325e-03 1.305244547850328007e-01 6.660102620389064809e-02 4.131859045917503359e-02 1.422053456351594697e-03 4.313864544854716099e-02 5.334917581391494801e-02 8.291666456500870752e-02 2.789344780182304376e-02 9.842178553110465800e-02 0.000000000000000000e+00 2.344377519654020081e-02 1.427714787938205998e-01 1.499987060899866664e-01
1.426567776292355094e-01 1.688204117020865591e-01 5.086971523326990277e-03 2.549847199479566423e-02 1.495174418559960250e-01 0.000000000000000000e+00 4.119679446973297139e-03 2.919242164994995808e-02 2.816408714011101044e-02 6.307032848216072296e-02 0.000000000000000000e+00 2.135638496225751581e-01 8.942973924507272715e-03 1.569653473239700572e-02 7.350771183729845441e-03 2.546735016656943851e-02 3.471777953962621593e-02 0.000000000000000000e+00 6.982501189374730466e-02 8.309137512212032631e-03
3.922704618847869598e-03 1.098668797848296047e-01 0.000000000000000000e+00 1.163566385818845389e-01 7.927192786206131714e-02 4.716099285843230321e-02 2.170659171525870894e-03 3.006155030687584356e-02 1.556897972685088172e-01 0.000000000000000000e+00 2.796451436404275709e-03 1.813801936205113041e-01 0.000000000000000000e+00 3.109563046119337166e-03 9.285982267745821958e-03 0.000000000000000000e+00 3.006070141982431897e-03 3.039005229369450695e-02 1.355519413102767579e-01 8.997859543029912421e-02
5.686882535575885599e-03 1.131926110291457538e-01 4.908707419248768689e-02 1.036064538009323459e-02 1.251452331883217972e-01 1.295318435464581641e-01 9.903608455359924623e-03 3.021634961688196910e-02 3.852208304469107673e-03 1.038121865349331957e-02 6.046795753281692873e-03 1.363637873454882909e-01 2.902179862312496625e-02 2.269262322135543689e-03 1.360909095433077975e-01 0.000000000000000000e+00 1.264415938800570738e-01 1.734079230319149692e-02 5.925994124993857678e-03 5.314139120213250828e-02
7.346212043597801118e-03 8.853863659300123187e-03 0.000000000000000000e+00 1.349654723356506214e-01 1.363854082934371770e-01 3.556770393168567218e-02 2.936653792741576383e-02 9.277724707126426204e-03 8.939696517642413409e-02 1.401066156884595015e-01 2.576745991660714125e-03 1.277775314166501282e-03 1.109249850403965232e-01 0.000000000000000000e+00 4.576691316661304909e-02 8.310037998405168935e-02 5.048668270498726796e-02 5.728376212873234619e-02 4.276854171764268159e-02 1.454771018865218431e-02
2.054675153441632221e-02 1.253753040016056808e-01 4.112308628335137675e-03 2.441098823929464118e-02 1.691174725171632753e-01 1.479636436281798195e-01 1.251349460603243778e-02 2.522856459841587781e-02 4.312612891493881710e-03 2.629231733505259672e-03 0.000000000000000000e+00 1.102552483139070394e-01 2.490240928231558792e-02 1.198122866871052794e-02 0.000000000000000000e+00 2.913719558491472544e-02 1.091235960944777622e-01 6.687722375540990777e-03 1.154225330792911924e-01 5.627969422239975650e-02
4.871827327725278961e-02 4.833399761226962743e-02 0.000000000000000000e+00 1.156146932769565837e-03 1.381308154205440793e-02 7.839863162360564963e-02 0.000000000000000000e+00 0.000000000000000000e+00 5.814036078385863976e-02 2.901009626354134324e-03 2.478836968798815038e-04 6.311629833680251767e-02 1.654858826078856870e-01 2.811437221733675655e-03 5.416885748219975316e-02 0.000000000000000000e+00 3.738871823447489917e-02 1.330160024977745103e-01 1.470967319325570399e-01 1.452066865915273286e-01
4.495060597362466291e-03 4.163552262039432045e-02 0.000000000000000000e+00 1.173668081946240976e-01 0.000000000000000000e+00 0.000000000000000000e+00 0.000000000000000000e+00 1.360600440302297542e-01 1.006895801868171875e-01 2.940609896557302289e-02 0.000000000000000000e+00 2.078890195200826241e-01 5.570174504115836533e-02 0.000000000000000000e+00 0.000000000000000000e+00 0.000000000000000000e+00 0.000000000000000000e+00 1.153166817294496438e-01 1.788639653921515749e-02 1.735530425750932970e-01
3.053547516240108593e-03 2.547092839006328407e-02 0.000000000000000000e+00 3.294908547292072637e-02 4.347868754008309827e-02 1.843061857281169669e-01 9.656579053788599820e-02 1.341311328980179796e-01 1.814033440020323407e-01 1.899013506662033252e-02 2.565010160265629099e-02 1.351183427103769263e-01 5.305685354852618732e-03 1.569727172300075871e-02 4.325180627088810043e-02 2.725888604620735952e-03 2.604613681220043289e-02 0.000000000000000000e+00 6.444124970891517215e-03 1.941180479853187729e-02
1.194435934400698293e-03 7.833831345815331360e-02 1.299653721578413954e-02 2.780028085422312500e-01 2.970187917786156536e-03 1.310606696125015125e-01 2.082868103219997005e-02 4.257719412425299554e-02 0.000000000000000000e+00 0.000000000000000000e+00 0.000000000000000000e+00 1.321825833017866159e-01 2.102165990440340027e-01 0.000000000000000000e+00 1.087857879391517998e-02 3.578519853713654775e-02 3.932637807555675047e-02 2.637160629199885274e-03 1.004673781061002748e-03 0.000000000000000000e+00
6.926111319776409331e-04 1.303913545938953089e-01 3.417774582189154337e-02 0.000000000000000000e+00 4.693207917445785943e-02 8.937904156166789904e-02 0.000000000000000000e+00 2.308233056558615590e-02 1.633172949689717102e-01 0.000000000000000000e+00 1.867536278557407762e-03 0.000000000000000000e+00 9.364904949121975741e-03 0.000000000000000000e+00 1.481624635360495046e-01 6.664361657951076373e-04 1.260835308484381002e-02 1.536785619797490787e-01 1.687423549257516253e-02 1.688050506948599039e-01
4.015213566786466834e-03 0.000000000000000000e+00 1.031608592731025342e-01 2.257368099028300365e-03 7.106262153507704460e-02 2.183437006948233533e-02 2.622337076653261621e-03 2.553418583493726607e-02 1.539227461297851540e-01 2.326060698927459331e-03 0.000000000000000000e+00 1.036107732094924683e-01 1.978018122475415710e-02 1.055067699503453860e-01 4.457097229169737496e-02 8.387886824925951113e-03 2.505467766879300017e-03 1.871849680289062318e-02 1.469616152669272757e-01 1.632220743783076577e-01
8.052809323725607094e-02 2.036967256847400758e-03 3.165817463851459870e-03 2.089259127579701572e-03 3.193746484561078153e-02 1.206382882658598443e-01 1.731095416387715483e-02 1.431879993357545178e-01 1.285340482115272798e-02 3.543215531794439814e-03 0.000000000000000000e+00 5.945789254802881507e-02 4.773816637087727188e-02 5.913280307523747364e-02 3.370065994038027452e-02 2.280300077505469352e-03 1.178335523208587504e-01 1.943372067911314574e-02 8.847316612654046453e-02 1.546582748118743578e-01
6.785248636259119843e-03 1.106231341042885202e-01 4.013254015718314971e-02 9.829057172062845293e-03 1.868662577658769530e-02 0.000000000000000000e+00 0.000000000000000000e+00 1.075963815625712167e-01 5.316928016816215713e-02 8.095376063914141995e-02 1.560779932831034408e-03 8.029544949554912048e-02 1.225854619872949886e-01 0.000000000000000000e+00 2.858109161253835975e-03 0.000000000000000000e+00 2.429703939458587730e-02 3.585882383190917150e-02 1.437081686220398891e-01 1.610601393582798968e-01
1.428943318842704202e-01 7.248711107277840127e-02 2.300357115428282653e-02 6.067919968408132941e-03 0.000000000000000000e+00 1.560715118157844916e-01 2.295765249865853661e-02 0.000000000000000000e+00 1.495704323053300422e-01 3.809983688140186728e-04 0.000000000000000000e+00 1.433343576651757018e-02 5.263102413307416128e-02 4.722242757378134793e-03 1.476507014679344920e-01 1.705782997007171788e-03 7.519820666160251937e-03 7.101576480081674136e-02 0.000000000000000000e+00 1.269876983427845329e-01
0.000000000000000000e+00 6.390832454505486482e-02 2.688801277452350022e-02 4.712826254431765061e-02 1.393020427430539665e-01 1.186172653587833602e-02 1.113570252683998389e-02 1.826866151209461664e-01 0.000000000000000000e+00 3.928832415296159815e-04 0.000000000000000000e+00 1.344047798066616284e-01 0.000000000000000000e+00 4.257941120141214841e-02 1.923733480254555045e-03 2.279949408910441136e-02 9.838079982967359860e-03 0.000000000000000000e+00 1.439459220289847075e-01 1.612050093784710425e-01
