0.000000000000000000e+00 1.210725997395128012e-01 1.775074517237760705e-02 0.000000000000000000e+00 7.933293454348191998e-03 0.000000000000000000e+00 2.956406267741319097e-03 0.000000000000000000e+00 0.000000000000000000e+00 0.000000000000000000e+00 0.000000000000000000e+00 1.619965996439445832e-01 0.000000000000000000e+00 1.906693009122992222e-02 1.347773282763778391e-01 9.230472659125679713e-02 0.000000000000000000e+00 3.595567121540859529e-02 0.000000000000000000e+00 6.645075000317748892e-02 1.937006406726593868e-02 0.000000000000000000e+00 1.316651829761290027e-01 2.671615534672786701e-02 1.619835471545020000e-01
1.313611365056512048e-01 1.006061378156090785e-01 0.000000000000000000e+00 0.000000000000000000e+00 1.880137487344780700e-01 1.000334409373489358e-01 0.000000000000000000e+00 0.000000000000000000e+00 0.000000000000000000e+00 0.000000000000000000e+00 0.000000000000000000e+00 1.602703675192480581e-01 2.352676196414547199e-02 0.000000000000000000e+00 1.213852635899859284e-01 0.000000000000000000e+00 0.000000000000000000e+00 0.000000000000000000e+00 0.000000000000000000e+00 0.000000000000000000e+00 0.000000000000000000e+00 0.000000000000000000e+00 0.000000000000000000e+00 1.748031429335331066e-01 0.000000000000000000e+00
5.016168525184681870e-02 0.000000000000000000e+00 0.000000000000000000e+00 1.127549958676499070e-01 8.196624950998501746e-03 4.415085674247258736e-03 2.205644874936379118e-01 1.093954339112622048e-01 0.000000000000000000e+00 1.030141386756815332e-02 0.000000000000000000e+00 0.000000000000000000e+00 0.000000000000000000e+00 0.000000000000000000e+00 3.361584856156554085e-02 1.718955153733778968e-02 2.799037933172687093e-02 2.176484244370265747e-02 3.434287693558148863e-02 0.000000000000000000e+00 0.000000000000000000e+00 5.665508390264130389e-02 1.527109112034547855e-01 4.221358571137118210e-02 9.772719335540763774e-02
4.630282698079436071e-02 1.174183552064977931e-01 0.000000000000000000e+00 5.853404826674014905e-02 1.089868977894414559e-01 0.000000000000000000e+00 7.280661854403651378e-02 1.641901827985055018e-01 7.008495787820560874e-02 1.626928737309850728e-02 0.000000000000000000e+00 0.000000000000000000e+00 0.000000000000000000e+00 0.000000000000000000e+00 1.263842983672161351e-02 0.000000000000000000e+00 0.000000000000000000e+00 0.000000000000000000e+00 0.000000000000000000e+00 8.794498562735372782e-02 0.000000000000000000e+00 0.000000000000000000e+00 0.000000000000000000e+00 2.260979758010097096e-01 1.872543389759516105e-02
1.681695611003971441e-02 1.205680415821958618e-01 0.000000000000000000e+00 0.000000000000000000e+00 4.283073616876224843e-02 0.000000000000000000e+00 6.778038453293429300e-02 2.522599263427479643e-01 0.000000000000000000e+00 4.515332418317487273e-02 0.000000000000000000e+00 4.787323018955007281e-02 0.000000000000000000e+00 1.507924436735941925e-02 2.341945449422451128e-02 1.560652787026826742e-02 0.000000000000000000e+00 1.289678867274541597e-02 3.052690003871961003e-02 0.000000000000000000e+00 0.000000000000000000e+00 1.519613362178390548e-01 0.000000000000000000e+00 1.572271492294386452e-01 0.000000000000000000e+00
0.000000000000000000e+00 8.352328267669811845e-02 8.380336393965105712e-02 2.842193024073298019e-02 2.070139118484306054e-02 7.623435687174683712e-04 1.560192114881732706e-01 4.644256764568071433e-02 0.000000000000000000e+00 7.514733893209129927e-03 0.000000000000000000e+00 9.624693720323161715e-04 0.000000000000000000e+00 0.000000000000000000e+00 0.000000000000000000e+00 1.457814740111413598e-01 2.968434653652801333e-02 1.448867304625739427e-02 0.000000000000000000e+00 0.000000000000000000e+00 0.000000000000000000e+00 0.000000000000000000e+00 1.777266562977528330e-01 1.455137416003251805e-01 5.865381449825700366e-02
0.000000000000000000e+00 4.922946124711348459e-02 1.308950594703901793e-01 4.030319232496232251e-02 1.760366938712643881e-01 0.000000000000000000e+00 1.353225912443943232e-02 4.399952188965861044e-02 1.703006609584373221e-02 5.121016503424885569e-02 0.000000000000000000e+00 0.000000000000000000e+00 0.000000000000000000e+00 0.000000000000000000e+00 1.770576870165841143e-01 0.000000000000000000e+00 1.143907564364316232e-01 0.000000000000000000e+00 2.427936750747428964e-03 0.000000000000000000e+00 0.000000000000000000e+00 0.000000000000000000e+00 0.000000000000000000e+00 1.209869705581497201e-01 6.290023018016613343e-02
1.164783598633510192e-01 8.366081173356120296e-03 2.480269528475423715e-02 0.000000000000000000e+00 1.378092917549420260e-01 1.438709058659933503e-02 2.606445476044922174e-02 1.317881913001000826e-01 1.897660174484452206e-02 4.862520251111817488e-02 0.000000000000000000e+00 0.000000000000000000e+00 0.000000000000000000e+00 0.000000000000000000e+00 1.029154798174533314e-01 0.000000000000000000e+00 1.259077537954075288e-01 4.788563602596578560e-03 8.719211287425231161e-02 0.000000000000000000e+00 0.000000000000000000e+00 1.348550755876171681e-01 0.000000000000000000e+00 8.626197003467138413e-03 8.416848339691166900e-03
1.480760066720789025e-01 0.000000000000000000e+00 8.502281856701947652e-03 0.000000000000000000e+00 1.979969340686801860e-01 0.000000000000000000e+00 3.909736919321733090e-02 1.512720636320871725e-01 0.000000000000000000e+00 1.663297126339139190e-02 0.000000000000000000e+00 1.485328294421989770e-01 0.000000000000000000e+00 0.000000000000000000e+00 0.000000000000000000e+00 1.633573842662020686e-02 0.000000000000000000e+00 0.000000000000000000e+00 0.000000000000000000e+00 0.000000000000000000e+00 1.090689144783520831e-01 0.000000000000000000e+00 1.688796535178600441e-02 1.475969256148857434e-01 0.000000000000000000e+00
1.171388898641521209e-02 0.000000000000000000e+00 4.794984793868160844e-03 0.000000000000000000e+00 1.439376955751973386e-01 4.993709472143471710e-03 1.912334240957057896e-01 9.942416655463529040e-02 0.000000000000000000e+00 0.000000000000000000e+00 0.000000000000000000e+00 7.656737866288311489e-02 0.000000000000000000e+00 0.000000000000000000e+00 2.956540509311594844e-02 1.087509094287378714e-01 0.000000000000000000e+00 0.000000000000000000e+00 2.903470182640969025e-02 9.866159653286155073e-02 0.000000000000000000e+00 0.000000000000000000e+00 1.775865363780136097e-01 2.373560260001295052e-02 0.000000000000000000e+00
0.000000000000000000e+00 4.200613845031188343e-02 3.760855764585846906e-03 4.920820739602827128e-03 0.000000000000000000e+00 2.823592760483052168e-03 1.198423394493661337e-01 5.125108595924175725e-02 3.855738130910327244e-02 9.186943462263440219e-02 0.000000000000000000e+00 1.278684718945407028e-01 0.000000000000000000e+00 0.000000000000000000e+00 1.245324535122801363e-01 0.000000000000000000e+00 2.995930179452626144e-02 0.000000000000000000e+00 6.009384564168194359e-02 0.000000000000000000e+00 0.000000000000000000e+00 0.000000000000000000e+00 1.812759842687984568e-01 1.368598736945524780e-02 1.075523064633880088e-01
0.000000000000000000e+00 0.000000000000000000e+00 1.413242825565500793e-01 0.000000000000000000e+00 3.337194426855658591e-01 5.279775805196009614e-02 6.342425891653294401e-02 1.214983904799040414e-02 0.000000000000000000e+00 2.064091749889172562e-03 0.000000000000000000e+00 0.000000000000000000e+00 0.000000000000000000e+00 0.000000000000000000e+00 1.263124252025549406e-02 1.572845887978538415e-02 0.000000000000000000e+00 0.000000000000000000e+00 1.831786140616827874e-01 1.071024790807800775e-02 1.361349675888423316e-01 0.000000000000000000e+00 0.000000000000000000e+00 0.000000000000000000e+00 3.613679603286740205e-02
0.000000000000000000e+00 5.232781539067891258e-02 1.720041565765111358e-01 7.605666402772226671e-03 7.286659384276043816e-02 6.991267006136888101e-04 1.620289642458142276e-01 1.007644142558271755e-01 2.831780863002498691e-02 2.444997873734097715e-02 0.000000000000000000e+00 2.774573413361002688e-02 1.491709219589865409e-01 0.000000000000000000e+00 1.631295634765273818e-03 1.542757057891628800e-02 2.228274711632503499e-03 1.581862433711780751e-03 8.825270349634156686e-02 8.106505109916144203e-02 0.000000000000000000e+00 0.000000000000000000e+00 0.000000000000000000e+00 1.183206117053078703e-02 0.000000000000000000e+00
0.000000000000000000e+00 0.000000000000000000e+00 0.000000000000000000e+00 5.850325783671257718e-02 1.440736670896082261e-01 0.000000000000000000e+00 1.330354044294856652e-01 1.253699791264372421e-01 0.000000000000000000e+00 4.848596955344307985e-02 0.000000000000000000e+00 4.608371617171912876e-02 0.000000000000000000e+00 0.000000000000000000e+00 4.401539871053550268e-02 0.000000000000000000e+00 0.000000000000000000e+00 4.251290453158187294e-02 0.000000000000000000e+00 0.000000000000000000e+00 1.467682377379229131e-01 0.000000000000000000e+00 3.313117427434768975e-02 0.000000000000000000e+00 1.780202905382061440e-01
0.000000000000000000e+00 1.481110676678032423e-01 0.000000000000000000e+00 1.312934585280036981e-01 6.072064939015263396e-02 0.000000000000000000e+00 2.769384824728889083e-02 0.000000000000000000e+00 0.000000000000000000e+00 3.238024321849176934e-02 0.000000000000000000e+00 9.167249660290453794e-02 0.000000000000000000e+00 0.000000000000000000e+00 0.000000000000000000e+00 9.097511109901035287e-02 5.550823409747893816e-02 4.886360090188968802e-02 2.448482042761723765e-02 1.810469742496141621e-02 0.000000000000000000e+00 0.000000000000000000e+00 1.039327173262200449e-01 0.000000000000000000e+00 1.662590550681775914e-01
0.000000000000000000e+00 0.000000000000000000e+00 0.000000000000000000e+00 0.000000000000000000e+00 1.521463646001857128e-01 0.000000000000000000e+00 1.723271969980843810e-01 2.846042997661896168e-02 0.000000000000000000e+00 6.620914249600754441e-03 0.000000000000000000e+00 9.064293963292532896e-02 0.000000000000000000e+00 0.000000000000000000e+00 0.000000000000000000e+00 0.000000000000000000e+00 1.867640441886965208e-01 1.372197639047598450e-01 2.387980879470194551e-02 0.000000000000000000e+00 0.000000000000000000e+00 1.975337665226691367e-02 0.000000000000000000e+00 1.621186936414907298e-01 2.006646736066872161e-02
0.000000000000000000e+00 1.680344279078046545e-03 0.000000000000000000e+00 8.286334295551518389e-03 2.155756371224493151e-01 3.192596450275293068e-02 0.000000000000000000e+00 0.000000000000000000e+00 0.000000000000000000e+00 2.677028911416438894e-02 0.000000000000000000e+00 1.658254318385617987e-01 0.000000000000000000e+00 0.000000000000000000e+00 1.376917543303683433e-01 0.000000000000000000e+00 7.878829327205340294e-02 0.000000000000000000e+00 1.770202786179415066e-01 1.548782449699163087e-02 1.095603713675157159e-01 3.138747676257136465e-02 0.000000000000000000e+00 0.000000000000000000e+00 0.000000000000000000e+00
0.000000000000000000e+00 9.210746677200334909e-02 6.513268615364256608e-02 0.000000000000000000e+00 3.926391141577777882e-02 0.000000000000000000e+00 1.958296506848486995e-01 1.977653238541439984e-01 3.320796434153359261e-02 2.829236697301646536e-02 0.000000000000000000e+00 3.685229490194105294e-03 0.000000000000000000e+00 0.000000000000000000e+00 0.000000000000000000e+00 0.000000000000000000e+00 0.000000000000000000e+00 0.000000000000000000e+00 1.415994355162786544e-01 8.630997248452164719e-03 0.000000000000000000e+00 1.220117334966647621e-01 0.000000000000000000e+00 0.000000000000000000e+00 7.247323405344388569e-02
0.000000000000000000e+00 4.675456798137226505e-02 0.000000000000000000e+00 0.000000000000000000e+00 2.822232669277972492e-02 0.000000000000000000e+00 2.827968649530386847e-01 1.218447850632730783e-01 0.000000000000000000e+00 1.290549053303303717e-01 0.000000000000000000e+00 4.751302117621747367e-02 0.000000000000000000e+00 6.252626674926523367e-03 1.188385670125372690e-01 0.000000000000000000e+00 0.000000000000000000e+00 8.271253228797450716e-03 3.768552038618654815e-03 0.000000000000000000e+00 0.000000000000000000e+00 0.000000000000000000e+00 1.285005629839817108e-02 2.977714314624826941e-02 1.640553304034617910e-01
0.000000000000000000e+00 0.000000000000000000e+00 1.374438516172051539e-01 8.174204812001129028e-02 1.407273359045991823e-01 4.002304246210008909e-02 1.362111872676870228e-01 9.373475681040610227e-03 0.000000000000000000e+00 1.683645104188902231e-02 0.000000000000000000e+00 8.980435912309087110e-02 1.485244230962675868e-02 0.000000000000000000e+00 4.354031867722451404e-02 1.748758982141129098e-02 8.189226116337282660e-03 6.417590690093324945e-02 0.000000000000000000e+00 0.000000000000000000e+00 0.000000000000000000e+00 0.000000000000000000e+00 0.000000000000000000e+00 3.576154243681391870e-02 1.638312225200296013e-01
2.718051313843937097e-02 2.230451873720305442e-02 1.782175544603729509e-03 2.515605182116929447e-02 2.514674494279546257e-01 0.000000000000000000e+00 6.683066313319667440e-02 1.491749190210838460e-01 0.000000000000000000e+00 1.115343797723619551e-01 0.000000000000000000e+00 8.080005887130080333e-02 0.000000000000000000e+00 0.000000000000000000e+00 4.826328946925402541e-02 0.000000000000000000e+00 8.882271635743968496e-02 6.859105333981560179e-03 0.000000000000000000e+00 1.329689315249698526e-03 0.000000000000000000e+00 1.173083279828294329e-01 0.000000000000000000e+00 0.000000000000000000e+00 1.186142073932377637e-03
0.000000000000000000e+00 3.249840257660432247e-02 1.599737510616477398e-01 8.893337981476473475e-02 1.667012102144849531e-02 7.371583702542294780e-02 0.000000000000000000e+00 9.851702572560483775e-03 0.000000000000000000e+00 9.408832998606064812e-02 0.000000000000000000e+00 2.811762801131024656e-02 7.909888527410623973e-04 0.000000000000000000e+00 2.755705882335183696e-02 0.000000000000000000e+00 1.569137674442290797e-01 1.152935753528017693e-01 0.000000000000000000e+00 5.265524598899388141e-03 0.000000000000000000e+00 0.000000000000000000e+00 8.519330229622880044e-03 2.041951783671476853e-02 1.613910847918195723e-01
0.000000000000000000e+00 7.328248607220475171e-03 4.684116411587534862e-02 0.000000000000000000e+00 1.255372218457235893e-02 1.165292263254327255e-02 2.418565709518257500e-01 2.516303582159128138e-02 3.842497797428436057e-02 6.912409458994562411e-03 0.000000000000000000e+00 8.493954804261369396e-02 0.000000000000000000e+00 2.130858088862218336e-02 2.402242586539513058e-01 0.000000000000000000e+00 0.000000000000000000e+00 1.275997206443335238e-02 7.979927471901532982e-03 0.000000000000000000e+00 8.292997993636275211e-02 8.148154982799944712e-02 1.320335058121503225e-03 3.635349771096065691e-02 3.996929859812618779e-02
0.000000000000000000e+00 0.000000000000000000e+00 1.531483987018101289e-01 3.133735309298198504e-03 1.562008789907515238e-01 0.000000000000000000e+00 1.453593648905977254e-01 1.440817306488121619e-01 0.000000000000000000e+00 0.000000000000000000e+00 0.000000000000000000e+00 1.354004314518543169e-03 0.000000000000000000e+00 0.000000000000000000e+00 1.029839883233469033e-01 0.000000000000000000e+00 2.637424120331384805e-02 3.369486650342462530e-02 1.442003256822862733e-01 2.846599244435490603e-02 3.968042041350597717e-04 0.000000000000000000e+00 0.000000000000000000e+00 4.772836277904100172e-02 1.287730600430908937e-02
1.973903920585977009e-02 4.937156429138101627e-02 5.818663534093973869e-03 2.187806393617514403e-02 4.748799834444499685e-02 8.455670720463180634e-02 0.000000000000000000e+00 1.502194872777251611e-01 2.141708709061630050e-02 5.457845569092099891e-02 0.000000000000000000e+00 1.274466348847848752e-03 8.600635598246007124e-03 2.658157533642501250e-03 1.213074032478516917e-01 8.976708393785980122e-02 1.328439356725761022e-01 0.000000000000000000e+00 1.050729234235552381e-02 0.000000000000000000e+00 6.058797809042509516e-03 0.000000000000000000e+00 3.370775137981401812e-03 0.000000000000000000e+00 1.685443857957475144e-01
