0.000000000000000000e+00 6.753338453832873067e-02 6.766870195724802861e-02 0.000000000000000000e+00 0.000000000000000000e+00 0.000000000000000000e+00 1.952047243719721992e-02 0.000000000000000000e+00 0.000000000000000000e+00 0.000000000000000000e+00 0.000000000000000000e+00 1.507688900313426394e-01 0.000000000000000000e+00 0.000000000000000000e+00 1.837632054990700203e-01 6.329301161246948804e-02 0.000000000000000000e+00 1.446144314868424985e-01 0.000000000000000000e+00 8.696354464357094333e-03 5.303158599340011305e-03 1.059842489119476178e-01 0.000000000000000000e+00 2.899410652160218024e-02 1.538600339402545203e-01
6.216126091637710904e-02 5.801304210233513420e-02 1.340276707728371430e-01 0.000000000000000000e+00 9.079343270235190611e-02 9.332351850098843937e-02 1.724457941230608526e-01 1.669111085180757514e-01 0.000000000000000000e+00 2.288109266052508473e-02 0.000000000000000000e+00 3.432554795585537888e-02 0.000000000000000000e+00 7.301354127236345248e-02 6.689213680872513335e-02 0.000000000000000000e+00 0.000000000000000000e+00 7.623271691880995245e-03 0.000000000000000000e+00 3.395975747537793247e-03 0.000000000000000000e+00 0.000000000000000000e+00 0.000000000000000000e+00 0.000000000000000000e+00 1.419260622708585357e-02
5.624954048287553188e-02 0.000000000000000000e+00 0.000000000000000000e+00 0.000000000000000000e+00 0.000000000000000000e+00 0.000000000000000000e+00 8.687774469050042747e-02 1.401180992912562651e-01 0.000000000000000000e+00 1.167589543508616018e-01 0.000000000000000000e+00 2.334596284779320505e-02 0.000000000000000000e+00 0.000000000000000000e+00 3.653315973665068050e-02 1.468792031237798647e-02 1.235368903324720810e-02 1.356333429591239093e-01 3.865797295004221815e-03 1.198734677844675994e-01 0.000000000000000000e+00 9.069077165085723258e-02 1.525524893133100857e-01 0.000000000000000000e+00 1.045906025167416160e-02
2.981126667232325556e-02 8.439637553045324647e-02 0.000000000000000000e+00 0.000000000000000000e+00 0.000000000000000000e+00 0.000000000000000000e+00 0.000000000000000000e+00 0.000000000000000000e+00 1.732534600121667448e-02 1.470804591100467740e-01 5.459363575260480807e-03 9.484948356197688002e-02 0.000000000000000000e+00 0.000000000000000000e+00 1.746491774854580514e-01 9.575396896394776022e-03 0.000000000000000000e+00 9.044429334909036278e-02 1.448255316281909511e-01 9.162639355003748820e-03 0.000000000000000000e+00 1.696694924571904017e-01 2.003291566769438772e-02 2.718258709700058142e-03 0.000000000000000000e+00
3.590049572923680737e-02 1.536576936677439276e-01 0.000000000000000000e+00 0.000000000000000000e+00 4.058432287444917880e-02 0.000000000000000000e+00 1.232811458918939007e-01 2.382706511698351737e-01 0.000000000000000000e+00 1.404686637209339728e-01 0.000000000000000000e+00 7.725608463875682785e-02 0.000000000000000000e+00 0.000000000000000000e+00 0.000000000000000000e+00 0.000000000000000000e+00 0.000000000000000000e+00 2.382984550739609617e-02 1.401348892099805177e-01 2.661620758977373616e-02 0.000000000000000000e+00 0.000000000000000000e+00 0.000000000000000000e+00 0.000000000000000000e+00 0.000000000000000000e+00
8.031916341964211170e-02 0.000000000000000000e+00 0.000000000000000000e+00 3.429580646465783811e-02 0.000000000000000000e+00 0.000000000000000000e+00 1.675789540579713521e-01 0.000000000000000000e+00 0.000000000000000000e+00 0.000000000000000000e+00 0.000000000000000000e+00 2.726143538875144476e-02 0.000000000000000000e+00 9.638244383510871302e-03 7.808575713174528872e-03 1.309651937136490085e-01 3.501478954091812729e-02 3.227518558121149350e-02 1.486551998533162666e-01 1.339024170735649520e-02 1.408424703410174894e-01 0.000000000000000000e+00 3.668605406005471994e-03 0.000000000000000000e+00 1.682861344288174577e-01
0.000000000000000000e+00 1.361870010675311771e-01 1.839654696744402740e-01 0.000000000000000000e+00 0.000000000000000000e+00 0.000000000000000000e+00 2.245752050796810395e-01 1.466704705228399075e-01 0.000000000000000000e+00 0.000000000000000000e+00 0.000000000000000000e+00 0.000000000000000000e+00 0.000000000000000000e+00 0.000000000000000000e+00 0.000000000000000000e+00 0.000000000000000000e+00 0.000000000000000000e+00 0.000000000000000000e+00 0.000000000000000000e+00 0.000000000000000000e+00 0.000000000000000000e+00 0.000000000000000000e+00 1.301610271644693673e-01 1.582613518024328370e-01 2.017947468860540813e-02
9.187683139174064595e-02 0.000000000000000000e+00 2.116192616198726492e-02 0.000000000000000000e+00 0.000000000000000000e+00 0.000000000000000000e+00 1.330737828492882802e-01 4.845595144022949580e-02 0.000000000000000000e+00 0.000000000000000000e+00 0.000000000000000000e+00 0.000000000000000000e+00 0.000000000000000000e+00 0.000000000000000000e+00 2.400516541151694883e-01 0.000000000000000000e+00 1.339314912460267404e-01 0.000000000000000000e+00 0.000000000000000000e+00 0.000000000000000000e+00 0.000000000000000000e+00 1.483257846396200674e-01 6.381928352756716452e-04 1.824843853206624678e-01 0.000000000000000000e+00
3.056543836776354217e-02 4.590249805315283621e-02 0.000000000000000000e+00 0.000000000000000000e+00 1.324688869152313708e-01 0.000000000000000000e+00 1.492672692022485592e-01 1.692865692833304403e-01 0.000000000000000000e+00 3.570805819674583576e-02 0.000000000000000000e+00 2.224589183327041197e-01 0.000000000000000000e+00 0.000000000000000000e+00 0.000000000000000000e+00 0.000000000000000000e+00 0.000000000000000000e+00 5.251740756108565916e-02 9.806966703771996530e-02 0.000000000000000000e+00 0.000000000000000000e+00 3.220170217199998242e-02 0.000000000000000000e+00 0.000000000000000000e+00 3.155358487801775136e-02
0.000000000000000000e+00 0.000000000000000000e+00 0.000000000000000000e+00 0.000000000000000000e+00 0.000000000000000000e+00 8.398256771331802373e-02 1.728946683789518157e-01 9.894473268472875338e-02 0.000000000000000000e+00 0.000000000000000000e+00 0.000000000000000000e+00 1.389931615969028644e-01 4.249614936302709839e-02 0.000000000000000000e+00 0.000000000000000000e+00 1.201562012867806242e-02 0.000000000000000000e+00 7.328948697933973522e-02 1.352751662331206084e-01 0.000000000000000000e+00 1.013007160478048008e-01 7.392286063815635411e-02 0.000000000000000000e+00 0.000000000000000000e+00 6.688487023597192160e-02
0.000000000000000000e+00 0.000000000000000000e+00 2.077226673275502644e-01 0.000000000000000000e+00 0.000000000000000000e+00 2.481465914753267984e-02 1.555049350139532660e-01 0.000000000000000000e+00 0.000000000000000000e+00 0.000000000000000000e+00 0.000000000000000000e+00 1.537213396716352598e-01 0.000000000000000000e+00 0.000000000000000000e+00 0.000000000000000000e+00 0.000000000000000000e+00 0.000000000000000000e+00 0.000000000000000000e+00 1.651774726620399147e-01 0.000000000000000000e+00 0.000000000000000000e+00 1.413698781109041791e-01 1.516890480663843910e-01 0.000000000000000000e+00 0.000000000000000000e+00
0.000000000000000000e+00 1.000318083537149461e-01 0.000000000000000000e+00 0.000000000000000000e+00 1.604639936965508995e-01 0.000000000000000000e+00 1.895692656680392219e-01 1.543099510702880817e-01 0.000000000000000000e+00 0.000000000000000000e+00 0.000000000000000000e+00 0.000000000000000000e+00 0.000000000000000000e+00 0.000000000000000000e+00 3.109849083784425872e-02 0.000000000000000000e+00 0.000000000000000000e+00 0.000000000000000000e+00 1.592490922385980667e-01 2.052773981349645671e-01 0.000000000000000000e+00 0.000000000000000000e+00 0.000000000000000000e+00 0.000000000000000000e+00 0.000000000000000000e+00
0.000000000000000000e+00 1.226219845241629108e-01 1.711638626659002793e-01 0.000000000000000000e+00 0.000000000000000000e+00 7.465558292995663758e-02 1.720837960363017227e-01 0.000000000000000000e+00 0.000000000000000000e+00 1.212891332369444436e-01 0.000000000000000000e+00 7.259891622480843520e-02 0.000000000000000000e+00 0.000000000000000000e+00 1.369512691464781495e-01 0.000000000000000000e+00 6.303994270522239596e-02 0.000000000000000000e+00 0.000000000000000000e+00 0.000000000000000000e+00 0.000000000000000000e+00 4.728501804498249500e-02 0.000000000000000000e+00 0.000000000000000000e+00 1.831049448524262740e-02
0.000000000000000000e+00 0.000000000000000000e+00 0.000000000000000000e+00 0.000000000000000000e+00 1.203840683502329784e-01 7.649758034330306211e-02 1.671720964544017307e-01 0.000000000000000000e+00 0.000000000000000000e+00 0.000000000000000000e+00 0.000000000000000000e+00 1.353915285797880896e-01 0.000000000000000000e+00 1.820539085906561216e-02 0.000000000000000000e+00 0.000000000000000000e+00 0.000000000000000000e+00 0.000000000000000000e+00 1.444871063172724346e-01 0.000000000000000000e+00 2.102514099574046350e-02 0.000000000000000000e+00 1.485266317925879598e-01 0.000000000000000000e+00 1.683104563076076587e-01
0.000000000000000000e+00 0.000000000000000000e+00 1.666973298486043586e-01 0.000000000000000000e+00 0.000000000000000000e+00 0.000000000000000000e+00 1.557159033831807537e-01 1.702986432937632355e-01 0.000000000000000000e+00 0.000000000000000000e+00 0.000000000000000000e+00 1.853242905912957650e-01 0.000000000000000000e+00 1.021539901545684415e-01 0.000000000000000000e+00 4.281798572960276994e-02 0.000000000000000000e+00 0.000000000000000000e+00 0.000000000000000000e+00 0.000000000000000000e+00 0.000000000000000000e+00 0.000000000000000000e+00 1.330649767055301635e-02 0.000000000000000000e+00 1.636853593284317843e-01
0.000000000000000000e+00 9.364069609192829380e-02 0.000000000000000000e+00 0.000000000000000000e+00 0.000000000000000000e+00 0.000000000000000000e+00 2.105989353043183632e-01 1.279736733566672890e-01 0.000000000000000000e+00 4.619652319528622444e-03 0.000000000000000000e+00 1.669915528703204144e-01 0.000000000000000000e+00 0.000000000000000000e+00 2.857002938301060960e-02 0.000000000000000000e+00 0.000000000000000000e+00 1.312565744721797545e-01 1.562667389411642738e-01 1.439600596975072408e-02 0.000000000000000000e+00 0.000000000000000000e+00 4.484501378179649167e-02 0.000000000000000000e+00 2.084112750933522079e-02
0.000000000000000000e+00 0.000000000000000000e+00 1.393248685928679120e-01 0.000000000000000000e+00 0.000000000000000000e+00 0.000000000000000000e+00 1.512992219073538702e-01 1.534959228912461671e-01 0.000000000000000000e+00 1.334160559616131073e-02 0.000000000000000000e+00 3.470808407452216637e-02 0.000000000000000000e+00 6.068805568782358918e-03 0.000000000000000000e+00 0.000000000000000000e+00 2.560265190282876371e-02 0.000000000000000000e+00 1.554980795715311670e-01 1.946234894971028140e-01 0.000000000000000000e+00 1.260372703976033737e-01 0.000000000000000000e+00 0.000000000000000000e+00 0.000000000000000000e+00
0.000000000000000000e+00 0.000000000000000000e+00 1.454613476150425355e-01 0.000000000000000000e+00 0.000000000000000000e+00 3.022031860656879121e-02 3.449329724976524236e-02 1.564705790929377116e-01 0.000000000000000000e+00 1.970758570026186762e-01 0.000000000000000000e+00 0.000000000000000000e+00 0.000000000000000000e+00 0.000000000000000000e+00 3.306219781446171485e-02 0.000000000000000000e+00 1.637113497211996616e-01 0.000000000000000000e+00 1.600141687545101610e-01 0.000000000000000000e+00 0.000000000000000000e+00 0.000000000000000000e+00 0.000000000000000000e+00 0.000000000000000000e+00 7.949088414289530446e-02
0.000000000000000000e+00 6.104805691728111550e-02 1.015054534767434041e-01 0.000000000000000000e+00 0.000000000000000000e+00 0.000000000000000000e+00 1.891080634980337738e-01 0.000000000000000000e+00 0.000000000000000000e+00 5.087062027565791844e-02 0.000000000000000000e+00 0.000000000000000000e+00 0.000000000000000000e+00 0.000000000000000000e+00 1.392249343338959888e-01 0.000000000000000000e+00 0.000000000000000000e+00 1.182316664299323389e-01 0.000000000000000000e+00 4.081422818247874319e-03 1.580565781570704986e-01 2.678249092968961950e-02 0.000000000000000000e+00 0.000000000000000000e+00 1.510907131634476042e-01
0.000000000000000000e+00 0.000000000000000000e+00 4.685404877020537401e-02 0.000000000000000000e+00 1.229684619444342819e-01 0.000000000000000000e+00 1.435783215250599210e-01 1.413893711858599245e-01 4.205796380906397930e-02 2.142039363837261803e-02 0.000000000000000000e+00 1.847210034110132182e-01 0.000000000000000000e+00 0.000000000000000000e+00 1.328499234214992608e-01 0.000000000000000000e+00 0.000000000000000000e+00 0.000000000000000000e+00 0.000000000000000000e+00 0.000000000000000000e+00 0.000000000000000000e+00 0.000000000000000000e+00 0.000000000000000000e+00 1.594238382498567447e-02 1.482181284695057166e-01
0.000000000000000000e+00 0.000000000000000000e+00 0.000000000000000000e+00 0.000000000000000000e+00 5.795187314721192418e-02 0.000000000000000000e+00 0.000000000000000000e+00 1.594131892575226805e-01 0.000000000000000000e+00 0.000000000000000000e+00 0.000000000000000000e+00 1.590004525832907634e-01 0.000000000000000000e+00 1.007552938623812039e-01 1.368472636990669955e-01 0.000000000000000000e+00 2.387409611156682959e-02 1.695257699135438723e-01 0.000000000000000000e+00 1.681107424588139942e-01 0.000000000000000000e+00 0.000000000000000000e+00 0.000000000000000000e+00 0.000000000000000000e+00 2.452131896660165664e-02
0.000000000000000000e+00 0.000000000000000000e+00 0.000000000000000000e+00 0.000000000000000000e+00 3.238126206828796649e-02 0.000000000000000000e+00 7.590146056717050893e-02 0.000000000000000000e+00 0.000000000000000000e+00 1.170490745966040191e-01 0.000000000000000000e+00 9.597385696198039440e-02 0.000000000000000000e+00 0.000000000000000000e+00 1.590277219757059435e-01 0.000000000000000000e+00 1.682912167974331130e-01 1.385985942168168061e-01 0.000000000000000000e+00 2.605363487752170373e-02 0.000000000000000000e+00 0.000000000000000000e+00 0.000000000000000000e+00 4.237514075139735270e-02 1.443480371870821677e-01
1.374225501421157680e-01 0.000000000000000000e+00 5.226515035354347555e-02 0.000000000000000000e+00 0.000000000000000000e+00 0.000000000000000000e+00 1.770332901557341854e-01 3.666252154868995805e-02 2.991025338331243164e-02 0.000000000000000000e+00 0.000000000000000000e+00 0.000000000000000000e+00 0.000000000000000000e+00 1.094899897891248863e-01 1.545465029380546640e-01 0.000000000000000000e+00 0.000000000000000000e+00 1.320983581525534412e-01 4.866268845607151991e-03 2.099180784404567745e-03 0.000000000000000000e+00 0.000000000000000000e+00 0.000000000000000000e+00 1.636059339068594298e-01 0.000000000000000000e+00
1.125570905101016574e-02 5.619366051206339113e-02 0.000000000000000000e+00 7.099980188912018153e-02 0.000000000000000000e+00 0.000000000000000000e+00 1.316120779704969823e-01 5.726130056725402956e-02 0.000000000000000000e+00 0.000000000000000000e+00 0.000000000000000000e+00 0.000000000000000000e+00 1.299706124670219239e-02 0.000000000000000000e+00 4.431992130131757329e-02 0.000000000000000000e+00 1.452665336226155457e-01 1.660107379770414671e-01 1.659959539497266878e-01 0.000000000000000000e+00 0.000000000000000000e+00 1.201068217788662934e-01 7.132564005739128014e-03 1.084785612804635424e-02 0.000000000000000000e+00
0.000000000000000000e+00 0.000000000000000000e+00 9.199041131772759186e-03 1.554162945037772595e-02 0.000000000000000000e+00 0.000000000000000000e+00 0.000000000000000000e+00 1.623317004783099426e-01 0.000000000000000000e+00 5.589737846756186873e-02 0.000000000000000000e+00 1.466289795790688133e-01 0.000000000000000000e+00 1.431131842844452634e-02 1.367234423207305538e-01 0.000000000000000000e+00 1.638676296208330108e-02 1.156289124146838432e-01 0.000000000000000000e+00 4.704078515747205091e-02 0.000000000000000000e+00 7.095706202080237328e-03 1.042510565428322183e-02 0.000000000000000000e+00 2.627892377531311774e-01
2.623623219296546821e-02 0.000000000000000000e+00 0.000000000000000000e+00 0.000000000000000000e+00 1.117014747131605812e-01 0.000000000000000000e+00 1.693918983469026029e-01 1.522350770137022302e-01 0.000000000000000000e+00 0.000000000000000000e+00 0.000000000000000000e+00 0.000000000000000000e+00 0.000000000000000000e+00 0.000000000000000000e+00 1.734971064070571223e-01 0.000000000000000000e+00 0.000000000000000000e+00 1.491267941890142557e-01 0.000000000000000000e+00 0.000000000000000000e+00 0.000000000000000000e+00 0.000000000000000000e+00 0.000000000000000000e+00 1.560327311783344106e-01 6.177868595886330111e-02
0.000000000000000000e+00 0.000000000000000000e+00 0.000000000000000000e+00 5.034550320248013487e-03 1.469602098880780638e-01 0.000000000000000000e+00 4.535323775411174985e-02 1.537127635851735508e-01 0.000000000000000000e+00 2.280430743728544332e-02 0.000000000000000000e+00 1.425526513283937868e-01 0.000000000000000000e+00 1.224756342891015481e-01 0.000000000000000000e+00 0.000000000000000000e+00 0.000000000000000000e+00 0.000000000000000000e+00 0.000000000000000000e+00 8.030535295948836721e-03 0.000000000000000000e+00 2.026726523222049658e-01 0.000000000000000000e+00 1.504034577794540750e-01 0.000000000000000000e+00
9.881832753215388787e-02 3.658559687720986525e-02 2.318770343117738386e-01 0.000000000000000000e+00 0.000000000000000000e+00 0.000000000000000000e+00 1.788304651979370496e-01 3.408211488133598005e-02 0.000000000000000000e+00 1.818146370467361300e-02 0.000000000000000000e+00 0.000000000000000000e+00 0.000000000000000000e+00 0.000000000000000000e+00 7.785615739356523124e-02 0.000000000000000000e+00 1.023124516298549481e-02 0.000000000000000000e+00 0.000000000000000000e+00 0.000000000000000000e+00 0.000000000000000000e+00 0.000000000000000000e+00 1.447282359810218577e-01 0.000000000000000000e+00 1.688093589573431974e-01
0.000000000000000000e+00 0.000000000000000000e+00 5.518511430395649231e-02 3.320901344228040925e-02 1.608839843323664753e-01 3.616825198143255177e-02 0.000000000000000000e+00 0.000000000000000000e+00 8.773450165255864894e-03 1.577179646165469823e-02 0.000000000000000000e+00 1.541763777746274766e-01 6.691984647253624392e-04 1.064861607022161809e-02 5.778505344355789296e-03 0.000000000000000000e+00 2.067802958116175815e-02 1.410258307189059812e-01 6.135626531914926962e-02 1.351910005683183424e-01 5.303058702098668517e-03 1.277428078254305155e-01 0.000000000000000000e+00 2.743869894405886675e-02 0.000000000000000000e+00
0.000000000000000000e+00 0.000000000000000000e+00 1.560406050717256243e-01 0.000000000000000000e+00 6.737268355609730931e-04 3.065011773366697195e-02 1.980466039646923762e-02 0.000000000000000000e+00 1.334148377990311204e-02 1.560374995204857618e-01 0.000000000000000000e+00 1.683959664641734300e-01 0.000000000000000000e+00 0.000000000000000000e+00 5.407091275771862965e-02 0.000000000000000000e+00 1.537198170641981276e-01 0.000000000000000000e+00 1.443968216866689802e-01 0.000000000000000000e+00 0.000000000000000000e+00 0.000000000000000000e+00 8.542934115184591670e-02 0.000000000000000000e+00 1.743904753758302589e-02
0.000000000000000000e+00 0.000000000000000000e+00 0.000000000000000000e+00 1.322661626658185562e-02 0.000000000000000000e+00 0.000000000000000000e+00 1.649497668167335951e-01 1.530239438083484116e-01 0.000000000000000000e+00 3.457769490747857055e-02 0.000000000000000000e+00 1.519682812599597033e-01 0.000000000000000000e+00 1.931786558491782255e-02 2.608607447647663669e-02 0.000000000000000000e+00 0.000000000000000000e+00 1.371618739874868875e-01 1.601787102246221839e-01 0.000000000000000000e+00 0.000000000000000000e+00 1.395091726673942101e-01 0.000000000000000000e+00 0.000000000000000000e+00 0.000000000000000000e+00
1.915308848793484398e-02 0.000000000000000000e+00 6.938048818845767018e-02 0.000000000000000000e+00 0.000000000000000000e+00 2.225466438628941751e-02 1.740554297355596525e-01 1.255612554409697990e-01 0.000000000000000000e+00 0.000000000000000000e+00 0.000000000000000000e+00 0.000000000000000000e+00 0.000000000000000000e+00 0.000000000000000000e+00 1.251584567884889698e-01 2.316355307267964347e-01 0.000000000000000000e+00 2.304893452682896249e-02 1.426052412104743435e-02 0.000000000000000000e+00 4.758854081343090112e-03 1.669291788338977955e-01 0.000000000000000000e+00 1.865277622844480759e-02 5.150818453941057203e-03
0.000000000000000000e+00 0.000000000000000000e+00 0.000000000000000000e+00 2.819267096742048700e-02 3.242990593684359074e-02 1.645293457633112966e-01 1.595339342303359054e-01 0.000000000000000000e+00 0.000000000000000000e+00 0.000000000000000000e+00 0.000000000000000000e+00 0.000000000000000000e+00 0.000000000000000000e+00 0.000000000000000000e+00 1.536926608306078412e-01 0.000000000000000000e+00 1.345594767516669898e-01 0.000000000000000000e+00 1.622830342498732259e-01 0.000000000000000000e+00 0.000000000000000000e+00 0.000000000000000000e+00 0.000000000000000000e+00 0.000000000000000000e+00 1.647789712699407050e-01
0.000000000000000000e+00 0.000000000000000000e+00 0.000000000000000000e+00 0.000000000000000000e+00 1.217569667141875228e-01 0.000000000000000000e+00 2.523064853349940018e-01 0.000000000000000000e+00 0.000000000000000000e+00 8.352405155703304662e-03 0.000000000000000000e+00 1.468019395172196206e-01 0.000000000000000000e+00 0.000000000000000000e+00 0.000000000000000000e+00 3.500701777223618524e-04 0.000000000000000000e+00 3.123375229332833389e-02 0.000000000000000000e+00 0.000000000000000000e+00 0.000000000000000000e+00 1.596727474045022688e-01 1.468949663567548081e-01 1.326306670455878467e-01 0.000000000000000000e+00
0.000000000000000000e+00 8.529645904067767459e-02 1.074849398892003260e-01 0.000000000000000000e+00 1.252865411705858800e-01 0.000000000000000000e+00 1.247059942882060013e-01 1.793352740164579073e-02 0.000000000000000000e+00 0.000000000000000000e+00 0.000000000000000000e+00 5.942677601680639021e-02 0.000000000000000000e+00 0.000000000000000000e+00 4.088809063255104820e-02 0.000000000000000000e+00 0.000000000000000000e+00 1.258897375447792233e-01 0.000000000000000000e+00 0.000000000000000000e+00 4.059803698660623995e-03 4.497402727713676815e-03 0.000000000000000000e+00 1.570926703187056905e-01 1.474380572704676595e-01
0.000000000000000000e+00 0.000000000000000000e+00 0.000000000000000000e+00 8.185900551838831002e-03 2.550269903298064134e-01 0.000000000000000000e+00 1.873552082551539488e-01 0.000000000000000000e+00 2.547627986223112082e-02 0.000000000000000000e+00 0.000000000000000000e+00 0.000000000000000000e+00 4.940263185751065864e-03 1.579647418328107289e-01 1.434861802495815131e-01 0.000000000000000000e+00 0.000000000000000000e+00 0.000000000000000000e+00 0.000000000000000000e+00 0.000000000000000000e+00 5.804162611950487542e-03 0.000000000000000000e+00 0.000000000000000000e+00 0.000000000000000000e+00 2.117602731208758637e-01
0.000000000000000000e+00 0.000000000000000000e+00 4.101260111547421622e-02 0.000000000000000000e+00 0.000000000000000000e+00 0.000000000000000000e+00 0.000000000000000000e+00 2.707222248937226072e-01 0.000000000000000000e+00 1.443566612027285534e-01 0.000000000000000000e+00 9.013384250871006587e-02 2.514416053349054908e-02 0.000000000000000000e+00 1.773076014821884649e-01 0.000000000000000000e+00 1.580551491292010169e-01 4.144450220420686087e-02 0.000000000000000000e+00 2.461923838582930069e-02 0.000000000000000000e+00 0.000000000000000000e+00 0.000000000000000000e+00 2.720401854444843767e-02 0.000000000000000000e+00
3.128030393229411926e-02 0.000000000000000000e+00 0.000000000000000000e+00 4.488946164199252888e-03 1.536822493945970425e-01 0.000000000000000000e+00 1.284991297864378212e-01 1.509533785420892893e-01 0.000000000000000000e+00 2.108695732995492702e-03 0.000000000000000000e+00 0.000000000000000000e+00 0.000000000000000000e+00 0.000000000000000000e+00 0.000000000000000000e+00 0.000000000000000000e+00 0.000000000000000000e+00 0.000000000000000000e+00 1.457965809130054025e-01 2.331266423477815763e-01 0.000000000000000000e+00 0.000000000000000000e+00 0.000000000000000000e+00 0.000000000000000000e+00 1.500640731866000055e-01
0.000000000000000000e+00 0.000000000000000000e+00 9.053434771373120027e-02 0.000000000000000000e+00 1.212653691546669715e-01 1.249673087841017272e-01 1.481844378694462949e-01 0.000000000000000000e+00 0.000000000000000000e+00 0.000000000000000000e+00 0.000000000000000000e+00 7.537144189897015956e-02 0.000000000000000000e+00 0.000000000000000000e+00 3.168318235726919757e-02 2.035874424635412613e-02 0.000000000000000000e+00 0.000000000000000000e+00 0.000000000000000000e+00 0.000000000000000000e+00 0.000000000000000000e+00 0.000000000000000000e+00 0.000000000000000000e+00 2.407775380529360298e-01 1.468576299225242410e-01
6.059482732440370917e-02 0.000000000000000000e+00 0.000000000000000000e+00 0.000000000000000000e+00 0.000000000000000000e+00 1.827923911836250347e-03 1.301373392365049245e-02 0.000000000000000000e+00 0.000000000000000000e+00 1.406157822325378171e-01 0.000000000000000000e+00 2.763351747011622561e-01 0.000000000000000000e+00 1.281539874194071067e-02 0.000000000000000000e+00 0.000000000000000000e+00 5.508872921548402940e-02 1.306328497934472199e-01 1.440025294960313451e-01 1.393334537559157323e-02 0.000000000000000000e+00 1.148183131684779035e-01 1.580698477517572531e-02 5.172285055324718321e-03 1.534212228493612822e-02
5.868375515044405716e-02 0.000000000000000000e+00 0.000000000000000000e+00 0.000000000000000000e+00 1.271208897011260885e-01 2.085364145342452277e-02 1.300426127946490984e-01 6.862929942093898804e-03 0.000000000000000000e+00 2.941963130071266388e-03 0.000000000000000000e+00 6.443432144245084259e-02 2.816276798059230615e-03 0.000000000000000000e+00 1.565188681744515142e-01 0.000000000000000000e+00 2.232119657703650339e-02 8.948382700776467968e-02 2.027242828162971466e-02 7.510633657262801542e-03 1.432286818126766448e-01 0.000000000000000000e+00 0.000000000000000000e+00 0.000000000000000000e+00 1.469079740768592657e-01
0.000000000000000000e+00 0.000000000000000000e+00 3.627256415289461817e-03 0.000000000000000000e+00 1.528061369346813414e-01 4.743037281971600183e-02 0.000000000000000000e+00 0.000000000000000000e+00 0.000000000000000000e+00 0.000000000000000000e+00 0.000000000000000000e+00 1.704690250962291043e-01 0.000000000000000000e+00 0.000000000000000000e+00 1.412215795267548757e-01 0.000000000000000000e+00 1.810427612698604569e-02 0.000000000000000000e+00 0.000000000000000000e+00 3.477267091784169151e-01 0.000000000000000000e+00 1.445314844139833528e-02 0.000000000000000000e+00 6.785000281997302651e-02 3.631149264055490156e-02
6.441004601956075437e-02 0.000000000000000000e+00 0.000000000000000000e+00 0.000000000000000000e+00 0.000000000000000000e+00 0.000000000000000000e+00 1.162556910442839736e-01 1.639856571107161654e-01 0.000000000000000000e+00 3.796565521861738901e-02 0.000000000000000000e+00 1.758886456622443251e-01 1.037864119693859277e-01 9.826807149760008464e-02 4.689230905760157810e-03 0.000000000000000000e+00 0.000000000000000000e+00 0.000000000000000000e+00 1.772378086109773765e-01 0.000000000000000000e+00 0.000000000000000000e+00 0.000000000000000000e+00 5.751278196085395783e-02 0.000000000000000000e+00 0.000000000000000000e+00
2.386533883370128492e-03 7.241658737005540747e-02 1.422848712663956142e-02 0.000000000000000000e+00 0.000000000000000000e+00 0.000000000000000000e+00 1.922075714629217086e-02 1.684641478500279177e-01 0.000000000000000000e+00 1.604203512158731415e-01 0.000000000000000000e+00 1.910216473144819294e-01 0.000000000000000000e+00 5.528424489948236160e-03 1.889525145693022115e-02 0.000000000000000000e+00 0.000000000000000000e+00 5.802890841409905076e-02 6.788611036795560993e-02 0.000000000000000000e+00 0.000000000000000000e+00 0.000000000000000000e+00 4.573013312373153810e-02 1.405817410833888614e-02 1.617144861322562799e-01
0.000000000000000000e+00 0.000000000000000000e+00 9.957416851904563049e-02 0.000000000000000000e+00 0.000000000000000000e+00 1.133343546230102528e-01 2.741401176161316622e-01 5.226687188122753486e-02 0.000000000000000000e+00 2.938535081496902041e-02 0.000000000000000000e+00 1.721767749016545057e-02 0.000000000000000000e+00 0.000000000000000000e+00 0.000000000000000000e+00 0.000000000000000000e+00 1.391712265385164349e-01 0.000000000000000000e+00 1.714553626211598181e-01 1.488918184075724814e-02 0.000000000000000000e+00 0.000000000000000000e+00 2.868066528560118608e-02 1.295122858928334647e-02 4.693379418013245846e-02
