0.000000000000000000e+00 1.226937629310602268e-01 0.000000000000000000e+00 1.562002227652477815e-01 1.478989359947694739e-02 3.741565945225862333e-02 7.301224060552698528e-03 0.000000000000000000e+00 1.504203532167415203e-01 0.000000000000000000e+00 1.158025745372303489e-02 6.807233982105915029e-03 0.000000000000000000e+00 1.029788668460189238e-01 1.431101470020995983e-02 1.372018665965759610e-01 1.000647478877516733e-01 2.522474099028752109e-02 2.425706331115367806e-02 8.875309220683542943e-02
0.000000000000000000e+00 4.639702959379723123e-03 0.000000000000000000e+00 8.520878576112962677e-02 3.383074145742593491e-02 5.261403584666630301e-02 6.937541727313008277e-02 1.497517346566932250e-01 1.173552236317738362e-01 1.345194225720102998e-01 0.000000000000000000e+00 1.444801031745478193e-01 3.845470389069333139e-02 2.382922637745315056e-02 0.000000000000000000e+00 0.000000000000000000e+00 1.166376708255093264e-01 2.930323157358722883e-02 0.000000000000000000e+00 0.000000000000000000e+00
0.000000000000000000e+00 1.574260611977161828e-01 1.041239486487609625e-02 0.000000000000000000e+00 3.043364665182834994e-01 0.000000000000000000e+00 1.051894896757907955e-02 2.436155432825956244e-02 1.338386288530418189e-01 0.000000000000000000e+00 5.252134707230496705e-03 0.000000000000000000e+00 0.000000000000000000e+00 1.540234018275621619e-01 0.000000000000000000e+00 0.000000000000000000e+00 0.000000000000000000e+00 0.000000000000000000e+00 3.090389676358196516e-02 1.689265119718691976e-01
0.000000000000000000e+00 3.042812590133470857e-02 3.238478790373850932e-03 2.270480861489464208e-01 0.000000000000000000e+00 2.715351256943649566e-02 0.000000000000000000e+00 0.000000000000000000e+00 1.463241963600513951e-01 0.000000000000000000e+00 0.000000000000000000e+00 1.748312091773383259e-01 1.171304599962101484e-01 3.598058911380776735e-03 0.000000000000000000e+00 3.295049264137711684e-03 0.000000000000000000e+00 1.274244336732939242e-01 1.579488727662525793e-02 1.237335019308710427e-01
0.000000000000000000e+00 1.424242678779366056e-01 3.004573215891850890e-02 0.000000000000000000e+00 2.152296707638385043e-01 1.322943372264663575e-01 0.000000000000000000e+00 0.000000000000000000e+00 1.022286851951726902e-02 0.000000000000000000e+00 7.515813991777375164e-03 1.545913191586092694e-01 0.000000000000000000e+00 1.532319101128810646e-01 0.000000000000000000e+00 0.000000000000000000e+00 7.772992261460613846e-03 0.000000000000000000e+00 0.000000000000000000e+00 1.466710879285944291e-01
5.313463973647920141e-02 1.931120755769965558e-01 2.465642520208692276e-02 1.152907060629568964e-01 4.000949948197877332e-02 2.838550378890512538e-01 0.000000000000000000e+00 1.098673793329459254e-02 9.628334623742650089e-02 0.000000000000000000e+00 0.000000000000000000e+00 0.000000000000000000e+00 0.000000000000000000e+00 0.000000000000000000e+00 4.238169528767560083e-03 1.345096978110399133e-01 0.000000000000000000e+00 4.392366453992181674e-02 0.000000000000000000e+00 0.000000000000000000e+00
0.000000000000000000e+00 3.139799038258452805e-03 4.380231377074392599e-03 0.000000000000000000e+00 1.778441324004318425e-01 1.716679912586081824e-01 0.000000000000000000e+00 0.000000000000000000e+00 1.606290759377413113e-01 1.391461007722793186e-01 1.208886140451242014e-01 0.000000000000000000e+00 0.000000000000000000e+00 2.333304419195681226e-02 0.000000000000000000e+00 0.000000000000000000e+00 4.948838238955529517e-02 8.554493509793856254e-02 6.393769349103174682e-02 0.000000000000000000e+00
3.388145505863311702e-02 1.370180273565715368e-01 9.977963827642748196e-02 1.366956350598483583e-01 1.313897568727109277e-01 1.714877089249850287e-02 0.000000000000000000e+00 2.320735629487339149e-02 1.152942590502729729e-02 0.000000000000000000e+00 0.000000000000000000e+00 1.297859647292569640e-01 0.000000000000000000e+00 4.483901993587258161e-02 0.000000000000000000e+00 0.000000000000000000e+00 1.302152836915620449e-01 1.045096659267177458e-01 0.000000000000000000e+00 0.000000000000000000e+00
0.000000000000000000e+00 1.161205345484852547e-01 1.028062433662700753e-01 0.000000000000000000e+00 1.150426015866799906e-01 7.427197363266942187e-02 0.000000000000000000e+00 0.000000000000000000e+00 2.719246043790386411e-02 0.000000000000000000e+00 0.000000000000000000e+00 1.181436166365216062e-01 1.375141591529543961e-01 0.000000000000000000e+00 1.232371056548520541e-02 7.603636430963202179e-03 1.340479872877269607e-01 1.370139581372311621e-01 1.791911821710887379e-02 0.000000000000000000e+00
1.172223723091121023e-01 1.418418529975918885e-01 1.736054516475039194e-02 3.712290492756043143e-04 1.802704801402547907e-01 0.000000000000000000e+00 2.422144688548105718e-02 6.475098774316755124e-03 1.504947602136180174e-01 0.000000000000000000e+00 1.684605275981672021e-03 2.833382523395594488e-02 0.000000000000000000e+00 1.486978566489324805e-01 2.927858027644968109e-02 0.000000000000000000e+00 0.000000000000000000e+00 0.000000000000000000e+00 0.000000000000000000e+00 1.537473470302795631e-01
1.290373104095645096e-01 1.702353836376778104e-02 3.397388915878742088e-02 3.143762734962692734e-02 0.000000000000000000e+00 0.000000000000000000e+00 5.948521905423702349e-02 0.000000000000000000e+00 1.694830455472257635e-01 1.518177517063161175e-01 0.000000000000000000e+00 1.341299207128199833e-01 1.536827128622829941e-01 2.224248422389408023e-02 1.960715041910556216e-03 0.000000000000000000e+00 8.151087000532462878e-02 0.000000000000000000e+00 1.421491556424230376e-02 0.000000000000000000e+00
0.000000000000000000e+00 1.363847040549106548e-01 0.000000000000000000e+00 2.281049595087900669e-03 0.000000000000000000e+00 2.093468405466964444e-01 0.000000000000000000e+00 1.522202596309247223e-02 1.194620185343356952e-03 1.767942486829252036e-01 0.000000000000000000e+00 0.000000000000000000e+00 1.406823937020184601e-01 0.000000000000000000e+00 7.877951367278976380e-02 1.048206938583867622e-03 6.931334051501826521e-02 4.801174777845342717e-02 0.000000000000000000e+00 1.209413083650801718e-01
3.044147726382596258e-02 1.310801438277812703e-01 1.287376183238548612e-02 3.667074878097546092e-02 1.799537022839307540e-02 1.498061540456815388e-01 0.000000000000000000e+00 0.000000000000000000e+00 1.152392686732366528e-01 0.000000000000000000e+00 3.189748469761231886e-02 1.384659063425061065e-01 1.395292683060193328e-01 1.618368201956515984e-02 3.463821140886849670e-02 0.000000000000000000e+00 1.392986964324952892e-01 5.879826140653804031e-03 0.000000000000000000e+00 0.000000000000000000e+00
2.642127128652110857e-03 3.529906043745325434e-02 1.872400507401755787e-02 6.536443024132239377e-02 2.728162126387198138e-03 1.484731628895989974e-01 0.000000000000000000e+00 2.608356518587359729e-02 0.000000000000000000e+00 0.000000000000000000e+00 0.000000000000000000e+00 1.762227549728419829e-01 3.720618350168081179e-02 1.420841535664948141e-01 1.371363215128950513e-02 0.000000000000000000e+00 2.629629024126668990e-01 6.849586031172096023e-02 0.000000000000000000e+00 0.000000000000000000e+00
9.061080274722769709e-03 0.000000000000000000e+00 1.666563212573910283e-02 1.298512253747857170e-01 0.000000000000000000e+00 1.234505003916619159e-01 0.000000000000000000e+00 8.644287161699657634e-03 5.337909579636716112e-02 0.000000000000000000e+00 0.000000000000000000e+00 0.000000000000000000e+00 0.000000000000000000e+00 2.009297898365342838e-01 1.447159928965702780e-01 1.013450324247325840e-01 3.399803323470759059e-02 0.000000000000000000e+00 2.747619174900799849e-02 1.504831387334709392e-01
0.000000000000000000e+00 1.595725421412935718e-01 3.569269983036478522e-02 1.448290468103446971e-01 0.000000000000000000e+00 1.739217269049561088e-01 0.000000000000000000e+00 7.730120657155288566e-02 0.000000000000000000e+00 0.000000000000000000e+00 9.130612544741137371e-03 0.000000000000000000e+00 1.854373049736263157e-01 0.000000000000000000e+00 1.719765826468440950e-01 0.000000000000000000e+00 0.000000000000000000e+00 3.256697448615048646e-02 0.000000000000000000e+00 9.571303090126007107e-03
7.434987196051387470e-02 0.000000000000000000e+00 1.147989528630657778e-02 1.018865916072941857e-02 3.647349817812441108e-02 1.425833786766442790e-01 2.395624809684289945e-03 1.158381201837686281e-01 8.308235759035673129e-02 0.000000000000000000e+00 1.493954926705498287e-01 2.708925053028210517e-02 0.000000000000000000e+00 2.938067310951757161e-02 0.000000000000000000e+00 4.880341682565667027e-02 1.159791841541470553e-01 0.000000000000000000e+00 2.905377697473046292e-02 1.239067998889881311e-01
2.297594170331699118e-02 2.324360557130759550e-02 0.000000000000000000e+00 0.000000000000000000e+00 1.410310623888481052e-01 0.000000000000000000e+00 4.374743963583323757e-03 3.957932744299318129e-02 1.350567665221986610e-02 1.145278534305941981e-01 8.290697514507108876e-04 3.793849693054602845e-01 4.932723145646197155e-02 0.000000000000000000e+00 3.688842283431254497e-03 0.000000000000000000e+00 3.363335071512769253e-02 2.736099914013983767e-02 0.000000000000000000e+00 1.465373261950650152e-01
0.000000000000000000e+00 0.000000000000000000e+00 0.000000000000000000e+00 1.013407114348532922e-01 2.264648329495864143e-01 0.000000000000000000e+00 0.000000000000000000e+00 0.000000000000000000e+00 0.000000000000000000e+00 0.000000000000000000e+00 0.000000000000000000e+00 1.560556146668380939e-01 0.000000000000000000e+00 1.559849129421684577e-01 1.570898421183786198e-01 1.168266165473871333e-02 0.000000000000000000e+00 3.706499672130261769e-02 9.462845601607473150e-03 1.448535819105262190e-01
2.060695766760452241e-02 0.000000000000000000e+00 2.552273140043410590e-02 2.061269744120424949e-02 1.707926450114656269e-01 2.898274087706024793e-01 0.000000000000000000e+00 0.000000000000000000e+00 0.000000000000000000e+00 0.000000000000000000e+00 0.000000000000000000e+00 0.000000000000000000e+00 1.260717237916180178e-01 5.609152242255604527e-03 0.000000000000000000e+00 2.961877062183261924e-02 4.943127547971498670e-02 0.000000000000000000e+00 1.424619083947014919e-01 1.194447291785662169e-01
0.000000000000000000e+00 0.000000000000000000e+00 0.000000000000000000e+00 1.648768049849137773e-01 0.000000000000000000e+00 0.000000000000000000e+00 3.611036962257417604e-02 0.000000000000000000e+00 1.628726536038265782e-01 0.000000000000000000e+00 0.000000000000000000e+00 5.787527377693140601e-02 1.098601060693726872e-01 1.733375937749891682e-01 1.732179550583227978e-01 0.000000000000000000e+00 0.000000000000000000e+00 0.000000000000000000e+00 0.000000000000000000e+00 1.218492431090694716e-01
0.000000000000000000e+00 0.000000000000000000e+00 1.745503203281450685e-02 4.284523680725554201e-02 1.471565115030092352e-01 0.000000000000000000e+00 0.000000000000000000e+00 8.509198653435159215e-04 1.385689648048950562e-01 5.096274490050068523e-02 2.283304729163488592e-03 1.399383376483820107e-01 1.230605358780538644e-01 0.000000000000000000e+00 6.642524843644561673e-03 0.000000000000000000e+00 0.000000000000000000e+00 4.801766110259294423e-02 0.000000000000000000e+00 2.822182258843445868e-01
0.000000000000000000e+00 0.000000000000000000e+00 4.376466918655684372e-03 5.722257260813558288e-02 1.604093881079465267e-01 0.000000000000000000e+00 0.000000000000000000e+00 0.000000000000000000e+00 2.519355859715280976e-01 2.249569976444139863e-01 0.000000000000000000e+00 0.000000000000000000e+00 0.000000000000000000e+00 0.000000000000000000e+00 0.000000000000000000e+00 1.273670601698656145e-03 0.000000000000000000e+00 0.000000000000000000e+00 1.591199693213623811e-01 1.407053488262589858e-01
9.666763869084105121e-02 3.013543964644048792e-02 5.935839889684390441e-02 1.077163647348711693e-02 1.092746832006823848e-01 1.442797543009133043e-01 0.000000000000000000e+00 0.000000000000000000e+00 0.000000000000000000e+00 1.406837160731935210e-01 3.647434666033820549e-02 0.000000000000000000e+00 1.575913984484128005e-01 0.000000000000000000e+00 3.827634771455172558e-02 2.925008265316314526e-02 1.192350757837572633e-01 0.000000000000000000e+00 0.000000000000000000e+00 2.800148145737520189e-02
2.517310520256032733e-02 1.305491146827540139e-01 1.221080876279068417e-01 0.000000000000000000e+00 0.000000000000000000e+00 0.000000000000000000e+00 6.672448885333719104e-02 1.198405173530181361e-01 0.000000000000000000e+00 0.000000000000000000e+00 7.464593981152171064e-03 0.000000000000000000e+00 1.595326328521894377e-01 3.146570910579342406e-02 1.532723417257522182e-02 4.912021545736203329e-04 0.000000000000000000e+00 8.292626117472148839e-02 8.440821289353103718e-02 1.539888399458872181e-01
0.000000000000000000e+00 1.532750962130063344e-01 9.052969572034164081e-03 1.065945278469388434e-02 1.548310798773572770e-02 1.392774518972600128e-01 2.940154558633904791e-02 0.000000000000000000e+00 1.276392204070653513e-01 1.896704929565592654e-02 1.353125986251168811e-01 2.421776011794954386e-02 0.000000000000000000e+00 0.000000000000000000e+00 0.000000000000000000e+00 1.461645982708889013e-01 1.429646220680456659e-01 1.500431852731023627e-02 0.000000000000000000e+00 3.258020864689836760e-02
0.000000000000000000e+00 3.579603697499092463e-02 0.000000000000000000e+00 1.850032284110419700e-01 2.025806699990737904e-03 0.000000000000000000e+00 0.000000000000000000e+00 0.000000000000000000e+00 0.000000000000000000e+00 7.229350133019063485e-02 0.000000000000000000e+00 1.568150214280920329e-01 1.354361269198292236e-02 8.071173691690139429e-02 1.529238676531458341e-01 1.494064843408628440e-01 1.325049367997390981e-01 1.897576675306165278e-02 0.000000000000000000e+00 0.000000000000000000e+00
0.000000000000000000e+00 1.111802656902864533e-01 6.154244592574771057e-03 8.883073992891163395e-02 0.000000000000000000e+00 1.408245969131688424e-01 0.000000000000000000e+00 0.000000000000000000e+00 1.931792047102463550e-01 6.763643797923331530e-04 0.000000000000000000e+00 5.580509371203114244e-02 1.496070385580075546e-01 0.000000000000000000e+00 0.000000000000000000e+00 0.000000000000000000e+00 1.635909274366615512e-02 1.861036556776000245e-02 7.758466101836020146e-02 1.411883321851944706e-01
0.000000000000000000e+00 0.000000000000000000e+00 0.000000000000000000e+00 9.935784823218710149e-02 2.180711876568672547e-01 4.068162153961060040e-02 1.508928990874748013e-03 1.536315233596098964e-03 0.000000000000000000e+00 1.171585515979825659e-01 0.000000000000000000e+00 1.993025212239599164e-01 0.000000000000000000e+00 3.275580715324911268e-02 0.000000000000000000e+00 7.922033307763015619e-02 0.000000000000000000e+00 2.341942028289743793e-02 3.859582494190912788e-02 1.483916400692357473e-01
1.951626107241626051e-02 0.000000000000000000e+00 0.000000000000000000e+00 1.758215891347146911e-02 0.000000000000000000e+00 1.522746877501022778e-01 0.000000000000000000e+00 2.651098876493978088e-02 0.000000000000000000e+00 1.741893727529714997e-01 0.000000000000000000e+00 0.000000000000000000e+00 6.299368055092148533e-02 3.947665133126923576e-02 1.813880417720954430e-01 0.000000000000000000e+00 1.264136279289850839e-01 6.910018506605122846e-02 0.000000000000000000e+00 1.305543440967762148e-01
0.000000000000000000e+00 1.531159879642536303e-01 0.000000000000000000e+00 0.000000000000000000e+00 1.402683974363800046e-01 0.000000000000000000e+00 0.000000000000000000e+00 0.000000000000000000e+00 0.000000000000000000e+00 1.488374281193277082e-01 0.000000000000000000e+00 1.695113009494512712e-01 1.615447564641635525e-01 5.408652061116917854e-03 1.576698419975922361e-01 0.000000000000000000e+00 0.000000000000000000e+00 7.331862071298541478e-03 0.000000000000000000e+00 5.631177293641618370e-02
0.000000000000000000e+00 1.193818610162935001e-01 2.291943668315789620e-02 2.967640190635683489e-02 0.000000000000000000e+00 1.674408404513633430e-01 0.000000000000000000e+00 6.217579421602761197e-02 1.023582401057201025e-01 1.532436944042278593e-01 1.150214326723669571e-02 1.680411055507648969e-03 1.564598333258932217e-01 0.000000000000000000e+00 0.000000000000000000e+00 0.000000000000000000e+00 1.346297550302823741e-02 0.000000000000000000e+00 2.454037123109694893e-02 1.351579968340900773e-01
0.000000000000000000e+00 4.637145486044672721e-02 1.652947011025763299e-03 0.000000000000000000e+00 2.313221516010376955e-01 7.867627921135949068e-03 4.377324869364323384e-02 8.762323264305269324e-03 2.581741351700876652e-02 1.139722801406234803e-01 5.871046941178834945e-03 2.660427660616892509e-01 0.000000000000000000e+00 0.000000000000000000e+00 3.168561509615863692e-02 0.000000000000000000e+00 2.217972851428519007e-02 2.856253431146618324e-02 1.685928066956128221e-02 1.492595813964337492e-01
7.386864698607426005e-02 8.734651733455468803e-02 2.343934760661444544e-02 7.842026889186531902e-03 8.198324769400905376e-02 1.494627657544238541e-01 0.000000000000000000e+00 5.007193429671337633e-03 1.508301012775621897e-01 8.414547140036940029e-03 9.099313779754996181e-03 1.371548615829936424e-01 1.659651165423963459e-01 1.012987332561931684e-03 0.000000000000000000e+00 0.000000000000000000e+00 4.228457285490324485e-02 3.362851316862793677e-02 2.266024062662860827e-02 0.000000000000000000e+00
9.039497005072720526e-03 5.639167027902899226e-02 0.000000000000000000e+00 0.000000000000000000e+00 1.524755989036647164e-01 1.483421805863511245e-01 0.000000000000000000e+00 0.000000000000000000e+00 2.161694098726368030e-01 1.154647486265513029e-01 2.411447521413969883e-03 0.000000000000000000e+00 0.000000000000000000e+00 0.000000000000000000e+00 7.388814705373386582e-02 0.000000000000000000e+00 5.025546161225308284e-02 0.000000000000000000e+00 1.263144915587058603e-01 4.924734698058767790e-02
0.000000000000000000e+00 4.427774018971036840e-02 9.413912048560877516e-03 0.000000000000000000e+00 1.401678404931462341e-01 1.090135176344455767e-02 4.868400921727688430e-02 8.775121726469384265e-02 1.991385453773373421e-02 5.249863120411427109e-02 0.000000000000000000e+00 1.448566632144497879e-01 0.000000000000000000e+00 7.800628604374214292e-02 0.000000000000000000e+00 1.614269867535769731e-01 0.000000000000000000e+00 0.000000000000000000e+00 2.946345211481224066e-02 1.726380551547379849e-01
0.000000000000000000e+00 0.000000000000000000e+00 8.880413947560433785e-02 1.449820384131056961e-01 3.448493166405294796e-02 5.485576769549893594e-02 0.000000000000000000e+00 1.073754859295162206e-01 7.889669976108609761e-02 0.000000000000000000e+00 0.000000000000000000e+00 0.000000000000000000e+00 0.000000000000000000e+00 1.491108873561528547e-01 1.706594312581351802e-01 0.000000000000000000e+00 0.000000000000000000e+00 0.000000000000000000e+00 2.076423122987751738e-02 1.500663872169701041e-01
5.311364782547570856e-02 0.000000000000000000e+00 6.501935159999947672e-03 0.000000000000000000e+00 1.334349449795462772e-01 9.995872782036617152e-03 0.000000000000000000e+00 0.000000000000000000e+00 1.067338762850117972e-01 0.000000000000000000e+00 0.000000000000000000e+00 1.334987437931829390e-01 0.000000000000000000e+00 7.580059695750059057e-02 0.000000000000000000e+00 1.510856409869315298e-01 0.000000000000000000e+00 2.770967190786138845e-02 1.552287591599533501e-01 1.468963101624999601e-01
0.000000000000000000e+00 9.870803580020601903e-03 1.690286096367387900e-02 8.417190960219095297e-02 2.323820785245284959e-01 0.000000000000000000e+00 0.000000000000000000e+00 0.000000000000000000e+00 1.931798823260512388e-02 0.000000000000000000e+00 0.000000000000000000e+00 0.000000000000000000e+00 0.000000000000000000e+00 1.606767401756608801e-02 3.478599615982880255e-02 1.673454248572354142e-01 0.000000000000000000e+00 2.231540749658454670e-01 1.282088682070186003e-01 6.779232088948650148e-02
1.749206466993576126e-02 1.458878937589012104e-01 0.000000000000000000e+00 2.609574724498272408e-02 1.771700135086913541e-01 0.000000000000000000e+00 0.000000000000000000e+00 0.000000000000000000e+00 4.818209028834124705e-03 0.000000000000000000e+00 0.000000000000000000e+00 1.603645212292874878e-01 0.000000000000000000e+00 0.000000000000000000e+00 6.570488935682915459e-04 3.156712752972243470e-03 0.000000000000000000e+00 1.772460274573175176e-01 1.616134659597615042e-01 1.254982954957477581e-01
0.000000000000000000e+00 0.000000000000000000e+00 0.000000000000000000e+00 3.467665845032866234e-02 0.000000000000000000e+00 1.615429489465847468e-01 0.000000000000000000e+00 1.070789346886639667e-02 1.155463764893991524e-01 3.265696547683221568e-02 1.538601246331489647e-01 2.486695390898110980e-02 1.520696009002204252e-01 4.077880464282146455e-03 2.275725318908911748e-02 1.137127674252598995e-02 0.000000000000000000e+00 0.000000000000000000e+00 1.271887813302783610e-01 1.486772859994625606e-01
5.186694330385008787e-03 1.229123440811515228e-01 6.729984560052833589e-03 0.000000000000000000e+00 1.446231523876414515e-01 1.482426775078658221e-01 0.000000000000000000e+00 0.000000000000000000e+00 9.893250280994934920e-02 1.351094606993390457e-01 2.358369066014046750e-02 0.000000000000000000e+00 0.000000000000000000e+00 0.000000000000000000e+00 6.386210383372602217e-02 0.000000000000000000e+00 1.901897983596614883e-01 0.000000000000000000e+00 0.000000000000000000e+00 6.062759077008689906e-02
1.063349004035436945e-01 4.286117836195371678e-02 4.657753511021688227e-03 0.000000000000000000e+00 0.000000000000000000e+00 8.241300943480547175e-03 0.000000000000000000e+00 6.200537224878798631e-02 5.692765178896971867e-02 0.000000000000000000e+00 4.711465716100849549e-02 1.477453259772083527e-01 1.174306560942672550e-01 1.728996062730067673e-02 5.280941561813098234e-02 1.412094548196725086e-01 1.314979617224672492e-01 6.247953368231789345e-03 5.762645735395544727e-02 0.000000000000000000e+00
7.224238123926352700e-03 1.984702543128876451e-01 0.000000000000000000e+00 2.765907442058114160e-02 0.000000000000000000e+00 1.227886139078398081e-01 0.000000000000000000e+00 0.000000000000000000e+00 1.756545749329878614e-01 0.000000000000000000e+00 4.697540120420710778e-03 9.123695097745351812e-02 1.617815051501724222e-01 4.315660610745400243e-03 1.692554412472038056e-02 1.444427607704964513e-02 1.388361676518280463e-01 2.467739011690681800e-02 0.000000000000000000e+00 1.128820947248030879e-02
1.125735383581396437e-02 0.000000000000000000e+00 2.929875001102797902e-02 1.454914239774171003e-01 1.612148029373769997e-01 1.325001428307368001e-01 1.195265168829918491e-02 0.000000000000000000e+00 0.000000000000000000e+00 3.879632674792335423e-02 0.000000000000000000e+00 0.000000000000000000e+00 0.000000000000000000e+00 6.511560331277923067e-03 0.000000000000000000e+00 0.000000000000000000e+00 1.282341364995103969e-02 1.266724671347856934e-01 1.739014744493175280e-01 1.495796324060723326e-01
