0.000000000000000000e+00 9.084438290418915540e-02 4.956651095933510554e-03 1.077637882752602132e-02 8.008954542137984578e-02 0.000000000000000000e+00 0.000000000000000000e+00 1.061234933873313607e-01 0.000000000000000000e+00 4.600926958418490378e-03 5.910115289468277980e-03 8.308037650131071261e-03 0.000000000000000000e+00 2.373017901325381526e-02 2.167710739495931904e-01 0.000000000000000000e+00 0.000000000000000000e+00 1.649203794367647413e-01 0.000000000000000000e+00 3.646728132363664943e-02 0.000000000000000000e+00 2.103343913182775804e-02 4.239028652156442284e-02 0.000000000000000000e+00 1.830778290889816806e-01
2.792502303509768538e-02 2.191665977284444622e-02 0.000000000000000000e+00 0.000000000000000000e+00 1.612084884289912423e-01 7.974530034290984448e-02 0.000000000000000000e+00 2.647787572264089992e-02 0.000000000000000000e+00 0.000000000000000000e+00 0.000000000000000000e+00 0.000000000000000000e+00 0.000000000000000000e+00 0.000000000000000000e+00 3.106549234988781327e-02 1.554682362371227478e-01 0.000000000000000000e+00 6.968991139356368880e-02 0.000000000000000000e+00 0.000000000000000000e+00 0.000000000000000000e+00 0.000000000000000000e+00 1.037896649509562202e-01 1.818562188642419697e-01 1.408571289017433448e-01
8.501675238889355724e-02 0.000000000000000000e+00 0.000000000000000000e+00 0.000000000000000000e+00 0.000000000000000000e+00 0.000000000000000000e+00 5.614567418900287543e-02 0.000000000000000000e+00 0.000000000000000000e+00 0.000000000000000000e+00 7.808532978835185101e-02 3.858906074676059662e-03 1.549077291261018868e-02 0.000000000000000000e+00 3.149188655229496758e-01 1.077185923408568446e-01 4.526541224479719433e-02 6.983293773023158124e-02 1.245311385479379654e-02 7.435342047073572637e-03 0.000000000000000000e+00 2.290287595941708013e-02 1.075714404948923536e-01 7.330398445145340502e-02 0.000000000000000000e+00
0.000000000000000000e+00 0.000000000000000000e+00 1.631547985426624603e-01 1.388949942189304440e-02 1.740015732309376228e-01 0.000000000000000000e+00 0.000000000000000000e+00 0.000000000000000000e+00 0.000000000000000000e+00 0.000000000000000000e+00 1.098135270162243701e-02 0.000000000000000000e+00 0.000000000000000000e+00 0.000000000000000000e+00 9.203172862494417295e-02 4.150351300869609128e-02 0.000000000000000000e+00 1.751957142186195970e-01 4.096578868925489919e-02 9.521196974702170190e-02 0.000000000000000000e+00 0.000000000000000000e+00 0.000000000000000000e+00 1.930640618143480147e-01 0.000000000000000000e+00
0.000000000000000000e+00 9.644563942197119377e-02 6.236532913888267332e-02 0.000000000000000000e+00 1.284926928355484554e-01 0.000000000000000000e+00 0.000000000000000000e+00 0.000000000000000000e+00 0.000000000000000000e+00 0.000000000000000000e+00 0.000000000000000000e+00 8.242097394419892198e-02 3.019967227908082127e-02 1.160236828311160817e-01 2.456001389032566040e-01 0.000000000000000000e+00 1.370996344152369470e-02 0.000000000000000000e+00 0.000000000000000000e+00 0.000000000000000000e+00 0.000000000000000000e+00 0.000000000000000000e+00 3.822916354021656943e-02 1.865127436642049774e-01 0.000000000000000000e+00
1.084113720282379595e-01 0.000000000000000000e+00 1.761126348624658111e-01 1.153428068673445633e-01 0.000000000000000000e+00 0.000000000000000000e+00 1.614759825244429514e-01 1.309227248798379983e-01 0.000000000000000000e+00 0.000000000000000000e+00 0.000000000000000000e+00 0.000000000000000000e+00 0.000000000000000000e+00 0.000000000000000000e+00 2.178814001973914394e-01 7.306828493686699788e-02 0.000000000000000000e+00 0.000000000000000000e+00 5.155541396907991313e-03 0.000000000000000000e+00 0.000000000000000000e+00 0.000000000000000000e+00 2.920697774204613056e-03 0.000000000000000000e+00 8.708554532299878082e-03
1.318054432228434325e-01 9.436436665698171369e-03 0.000000000000000000e+00 1.103565687970898546e-01 1.689585314938338023e-01 0.000000000000000000e+00 1.367659577358874660e-02 2.802782864556412415e-02 0.000000000000000000e+00 1.605102738840289978e-01 0.000000000000000000e+00 0.000000000000000000e+00 1.409261173010562321e-02 0.000000000000000000e+00 2.108420939887658274e-01 2.550599429962321571e-02 1.585767129276139872e-02 0.000000000000000000e+00 9.560419194313867636e-03 1.013695310117829762e-01 0.000000000000000000e+00 0.000000000000000000e+00 0.000000000000000000e+00 0.000000000000000000e+00 0.000000000000000000e+00
0.000000000000000000e+00 1.976349058899891931e-01 0.000000000000000000e+00 1.401125280389754757e-01 7.323855198748840077e-03 2.004524983333630384e-03 8.626007084501531846e-04 1.232205164646406857e-02 0.000000000000000000e+00 1.421933129878446000e-01 0.000000000000000000e+00 0.000000000000000000e+00 0.000000000000000000e+00 0.000000000000000000e+00 1.720346278221522029e-01 1.319572395747151961e-01 6.927697567100238318e-02 0.000000000000000000e+00 2.988360610069502529e-02 0.000000000000000000e+00 0.000000000000000000e+00 0.000000000000000000e+00 2.362881798153250446e-02 0.000000000000000000e+00 7.076495339609661928e-02
9.029709659461335192e-02 0.000000000000000000e+00 0.000000000000000000e+00 0.000000000000000000e+00 8.833628170376053856e-02 0.000000000000000000e+00 1.150681622488788740e-02 0.000000000000000000e+00 7.998608116802675971e-03 0.000000000000000000e+00 0.000000000000000000e+00 1.883000549035244303e-02 1.854273904512227650e-02 0.000000000000000000e+00 1.728703446131764077e-01 1.053686819544369102e-01 0.000000000000000000e+00 3.376409914100509529e-02 0.000000000000000000e+00 0.000000000000000000e+00 0.000000000000000000e+00 5.994591438675794803e-02 1.259583532063853761e-01 1.161001195837827044e-01 1.504809399389165081e-01
8.748078979235472674e-02 0.000000000000000000e+00 0.000000000000000000e+00 0.000000000000000000e+00 0.000000000000000000e+00 2.177129217450175791e-02 2.223933854624814688e-01 1.868465025882677932e-01 0.000000000000000000e+00 0.000000000000000000e+00 0.000000000000000000e+00 0.000000000000000000e+00 0.000000000000000000e+00 0.000000000000000000e+00 2.561891270916627494e-01 0.000000000000000000e+00 0.000000000000000000e+00 0.000000000000000000e+00 1.870817203604761836e-02 9.239565052184350868e-02 0.000000000000000000e+00 0.000000000000000000e+00 0.000000000000000000e+00 0.000000000000000000e+00 1.142150803328402797e-01
0.000000000000000000e+00 0.000000000000000000e+00 1.002321378560575155e-01 1.169862907808093960e-01 0.000000000000000000e+00 0.000000000000000000e+00 1.784323980005783350e-01 0.000000000000000000e+00 0.000000000000000000e+00 0.000000000000000000e+00 0.000000000000000000e+00 0.000000000000000000e+00 0.000000000000000000e+00 0.000000000000000000e+00 2.459572108157090375e-01 8.453534299701641330e-02 7.586740986644707752e-02 1.292027777202124361e-01 4.164692186810771413e-02 0.000000000000000000e+00 0.000000000000000000e+00 2.713951009506214776e-02 0.000000000000000000e+00 0.000000000000000000e+00 0.000000000000000000e+00
0.000000000000000000e+00 0.000000000000000000e+00 1.638234324457482904e-01 0.000000000000000000e+00 2.024457209463415008e-01 4.128237837565307961e-02 0.000000000000000000e+00 1.891368946359340067e-02 0.000000000000000000e+00 0.000000000000000000e+00 0.000000000000000000e+00 0.000000000000000000e+00 0.000000000000000000e+00 0.000000000000000000e+00 9.218041434923569116e-03 0.000000000000000000e+00 0.000000000000000000e+00 8.013074931202237086e-03 1.989535316822323985e-01 1.636318725071328820e-02 0.000000000000000000e+00 1.025353272961401913e-01 3.186489691211814856e-02 0.000000000000000000e+00 2.065867192613339842e-01
1.032336297076059083e-02 0.000000000000000000e+00 1.538435821643069634e-01 0.000000000000000000e+00 0.000000000000000000e+00 0.000000000000000000e+00 1.898994889571604672e-01 8.747117950422567470e-03 0.000000000000000000e+00 0.000000000000000000e+00 0.000000000000000000e+00 0.000000000000000000e+00 0.000000000000000000e+00 0.000000000000000000e+00 1.796269314972422926e-01 0.000000000000000000e+00 7.505177366909500207e-03 1.505541860378185187e-02 1.733231502806042990e-01 0.000000000000000000e+00 0.000000000000000000e+00 1.992645158022006147e-01 0.000000000000000000e+00 1.957278515109808423e-02 4.283846925551280244e-02
1.498488903855058618e-01 1.043728906791470679e-01 0.000000000000000000e+00 0.000000000000000000e+00 0.000000000000000000e+00 0.000000000000000000e+00 1.882234650790904629e-01 0.000000000000000000e+00 0.000000000000000000e+00 2.695012399422766838e-02 0.000000000000000000e+00 0.000000000000000000e+00 8.003234217402153700e-04 7.732408479832941252e-03 1.693213109558343310e-01 0.000000000000000000e+00 0.000000000000000000e+00 3.511875567248686197e-03 1.884402166228408559e-01 0.000000000000000000e+00 3.327622614870521817e-03 0.000000000000000000e+00 0.000000000000000000e+00 0.000000000000000000e+00 1.574708721996613270e-01
0.000000000000000000e+00 1.531597958648029008e-02 1.129665174354680252e-01 2.274215670275396822e-03 5.038369322993623174e-03 7.704960736495611306e-02 1.017144603911648501e-02 3.319038367954385560e-02 0.000000000000000000e+00 5.703272964139570467e-02 0.000000000000000000e+00 0.000000000000000000e+00 2.638516464273595041e-02 1.385316912073848994e-01 1.134014949152858387e-01 2.760309905238381156e-02 3.944451980232845101e-02 0.000000000000000000e+00 0.000000000000000000e+00 0.000000000000000000e+00 0.000000000000000000e+00 1.612516465984735470e-02 1.526933667188929977e-01 1.000327662042610199e-01 7.274348405665016781e-02
0.000000000000000000e+00 0.000000000000000000e+00 1.583623141992026029e-01 0.000000000000000000e+00 1.618633406900196747e-01 0.000000000000000000e+00 2.266987352199673067e-01 0.000000000000000000e+00 0.000000000000000000e+00 0.000000000000000000e+00 0.000000000000000000e+00 0.000000000000000000e+00 0.000000000000000000e+00 2.145156425763562053e-03 3.503069772746419952e-02 0.000000000000000000e+00 1.675209273751871245e-02 0.000000000000000000e+00 0.000000000000000000e+00 1.239682028233696637e-01 0.000000000000000000e+00 0.000000000000000000e+00 4.625311594646372426e-02 2.102458604183548574e-01 1.868048381187573798e-02
1.061788233976860008e-01 0.000000000000000000e+00 0.000000000000000000e+00 0.000000000000000000e+00 1.525019985978814940e-01 5.666844059442685023e-03 0.000000000000000000e+00 0.000000000000000000e+00 0.000000000000000000e+00 0.000000000000000000e+00 3.612681874558433884e-03 0.000000000000000000e+00 0.000000000000000000e+00 1.940372830876767318e-02 1.783918788243956111e-01 0.000000000000000000e+00 7.819889547166547494e-02 1.374022917363729446e-01 3.429191312207629377e-02 9.365786592217295592e-02 0.000000000000000000e+00 0.000000000000000000e+00 1.488127169170451181e-01 0.000000000000000000e+00 4.188036176793530352e-02
1.573098832766559041e-01 0.000000000000000000e+00 2.624711204985958127e-02 0.000000000000000000e+00 0.000000000000000000e+00 0.000000000000000000e+00 2.226006007324889957e-01 2.972431196310411083e-01 2.321866460582886621e-02 0.000000000000000000e+00 0.000000000000000000e+00 3.360911008881861672e-03 1.204476576716288338e-03 0.000000000000000000e+00 5.227036855370120749e-02 0.000000000000000000e+00 0.000000000000000000e+00 0.000000000000000000e+00 2.126712706919096085e-01 0.000000000000000000e+00 0.000000000000000000e+00 9.581304559975634561e-04 0.000000000000000000e+00 0.000000000000000000e+00 2.915462416919005571e-03
7.608875740967932511e-02 7.079733570685818600e-02 0.000000000000000000e+00 0.000000000000000000e+00 2.814076721413068943e-02 0.000000000000000000e+00 6.726180517270496928e-02 4.921236861319286393e-02 0.000000000000000000e+00 1.955873102747873911e-03 5.659358918719056310e-03 0.000000000000000000e+00 0.000000000000000000e+00 1.565254791336543605e-01 1.806015528694606964e-01 4.006536925735808968e-03 0.000000000000000000e+00 0.000000000000000000e+00 7.411522018977830840e-03 0.000000000000000000e+00 6.976216106923804894e-02 0.000000000000000000e+00 7.753223693077792265e-03 8.147303578795399293e-02 1.933502223638685069e-01
9.068252040403664005e-02 0.000000000000000000e+00 5.053150664452763646e-02 4.282292907674645557e-03 1.005329279146056388e-02 0.000000000000000000e+00 0.000000000000000000e+00 9.797333424066785243e-03 0.000000000000000000e+00 4.402895591403350323e-02 0.000000000000000000e+00 0.000000000000000000e+00 4.549537634339215902e-03 0.000000000000000000e+00 2.736283491510706489e-01 0.000000000000000000e+00 4.900228389353593339e-02 1.171588769440376349e-01 0.000000000000000000e+00 8.388559717808762028e-02 0.000000000000000000e+00 3.491290821369519293e-02 4.281674572657262479e-02 2.628651685541335756e-02 1.583832823174479154e-01
0.000000000000000000e+00 0.000000000000000000e+00 3.807670147913268244e-02 0.000000000000000000e+00 1.592912967034710303e-01 1.546379049360087354e-01 0.000000000000000000e+00 0.000000000000000000e+00 0.000000000000000000e+00 3.283825456620775157e-02 0.000000000000000000e+00 0.000000000000000000e+00 2.731064406786297416e-03 1.307777105922575955e-01 1.779202352068294246e-01 1.373721098316621758e-01 0.000000000000000000e+00 0.000000000000000000e+00 0.000000000000000000e+00 0.000000000000000000e+00 0.000000000000000000e+00 7.557245764296283575e-04 0.000000000000000000e+00 0.000000000000000000e+00 1.655989977012147785e-01
1.474485888863283183e-02 3.593026853594400577e-02 0.000000000000000000e+00 0.000000000000000000e+00 1.655068019318082506e-01 0.000000000000000000e+00 2.703877214361445624e-02 0.000000000000000000e+00 0.000000000000000000e+00 1.539675879390762225e-01 0.000000000000000000e+00 0.000000000000000000e+00 7.749635446820083047e-03 7.375810579197268624e-02 2.726416565243287016e-01 0.000000000000000000e+00 1.718038301412301225e-02 1.460986168381495920e-01 0.000000000000000000e+00 0.000000000000000000e+00 0.000000000000000000e+00 0.000000000000000000e+00 0.000000000000000000e+00 0.000000000000000000e+00 8.538331294553018480e-02
0.000000000000000000e+00 2.174593265157399521e-02 1.344843403329328835e-01 0.000000000000000000e+00 0.000000000000000000e+00 0.000000000000000000e+00 1.525504795962904503e-01 3.082925980961348511e-02 0.000000000000000000e+00 0.000000000000000000e+00 0.000000000000000000e+00 0.000000000000000000e+00 0.000000000000000000e+00 2.262639600400165873e-01 1.562195030686804598e-01 0.000000000000000000e+00 0.000000000000000000e+00 0.000000000000000000e+00 2.627762872692918639e-01 0.000000000000000000e+00 0.000000000000000000e+00 0.000000000000000000e+00 1.902595040588385281e-03 1.322764219101185690e-02 0.000000000000000000e+00
0.000000000000000000e+00 7.230875711017058054e-03 3.372358641129507423e-02 0.000000000000000000e+00 0.000000000000000000e+00 0.000000000000000000e+00 0.000000000000000000e+00 7.642423350487073143e-03 0.000000000000000000e+00 1.110348930407539444e-02 0.000000000000000000e+00 0.000000000000000000e+00 9.058463387746898063e-03 7.514743049572479572e-02 5.586418359152223873e-02 0.000000000000000000e+00 0.000000000000000000e+00 1.890398035354326767e-01 1.428949299029501352e-01 2.972047583524175043e-02 0.000000000000000000e+00 9.126213181765122084e-02 1.318061805868668557e-01 7.118405426162875693e-02 1.443219718083600667e-01
0.000000000000000000e+00 0.000000000000000000e+00 0.000000000000000000e+00 0.000000000000000000e+00 1.596208786338731977e-01 0.000000000000000000e+00 0.000000000000000000e+00 0.000000000000000000e+00 0.000000000000000000e+00 6.101108616629602466e-02 3.093843566152367289e-02 0.000000000000000000e+00 1.757129722645508693e-02 1.018331438713749593e-01 1.852344711386556542e-01 0.000000000000000000e+00 7.559702653680389073e-02 1.446430066413658955e-01 0.000000000000000000e+00 1.120817782379923688e-02 8.510289729312192977e-03 9.873182432086995836e-03 2.393269105772481350e-02 0.000000000000000000e+00 1.700263130807283252e-01
0.000000000000000000e+00 4.044774857708611712e-03 0.000000000000000000e+00 2.810478183691462323e-02 6.488669220472308152e-02 0.000000000000000000e+00 1.493798541588895468e-01 0.000000000000000000e+00 0.000000000000000000e+00 0.000000000000000000e+00 0.000000000000000000e+00 0.000000000000000000e+00 0.000000000000000000e+00 1.650851330881791812e-01 1.944360126294991664e-01 0.000000000000000000e+00 0.000000000000000000e+00 1.425489908639524517e-01 1.406754749985341113e-01 0.000000000000000000e+00 0.000000000000000000e+00 0.000000000000000000e+00 5.776497733918409955e-02 5.307330802241507633e-02 0.000000000000000000e+00
3.566327382567806986e-02 0.000000000000000000e+00 1.535200630054163184e-01 0.000000000000000000e+00 2.119361169654314092e-01 0.000000000000000000e+00 0.000000000000000000e+00 1.526160184179914392e-01 0.000000000000000000e+00 8.152227493802826491e-03 0.000000000000000000e+00 0.000000000000000000e+00 0.000000000000000000e+00 1.172261149584767062e-03 2.884275245476439903e-02 0.000000000000000000e+00 0.000000000000000000e+00 0.000000000000000000e+00 0.000000000000000000e+00 0.000000000000000000e+00 0.000000000000000000e+00 1.859209990232069953e-01 7.110928843816693469e-03 2.150653588203069733e-01 0.000000000000000000e+00
0.000000000000000000e+00 1.259244286157024661e-01 0.000000000000000000e+00 0.000000000000000000e+00 1.660566424328106527e-01 0.000000000000000000e+00 2.480371897704145359e-02 0.000000000000000000e+00 6.171423987151614457e-03 9.088305371083453543e-03 0.000000000000000000e+00 4.358613097583236007e-02 5.396960580226721829e-03 1.759922682732976626e-02 1.707124664754616494e-01 5.120273788568500961e-02 0.000000000000000000e+00 5.195038027808437930e-02 1.663497172036512706e-02 0.000000000000000000e+00 0.000000000000000000e+00 1.771476580192948500e-02 1.374073121674550535e-01 1.797128967456194590e-02 1.377792382292788442e-01
3.064937878802152446e-02 0.000000000000000000e+00 9.064102752790648143e-02 1.460628688605636848e-02 0.000000000000000000e+00 8.756266203283525826e-03 0.000000000000000000e+00 0.000000000000000000e+00 0.000000000000000000e+00 0.000000000000000000e+00 0.000000000000000000e+00 0.000000000000000000e+00 5.234090385894099931e-03 0.000000000000000000e+00 3.114965428144438331e-01 1.357623682804042775e-01 1.094910692633104497e-02 0.000000000000000000e+00 1.754799676563332383e-02 0.000000000000000000e+00 0.000000000000000000e+00 3.049885242847095741e-03 1.701920939418803957e-01 2.011149562372981647e-01 0.000000000000000000e+00
0.000000000000000000e+00 4.904891582188081883e-02 1.269495197432125577e-01 9.390490937894092893e-02 0.000000000000000000e+00 2.577927068814643476e-03 1.409496343436170418e-01 0.000000000000000000e+00 0.000000000000000000e+00 1.552073469204610229e-02 0.000000000000000000e+00 0.000000000000000000e+00 0.000000000000000000e+00 1.321413162793051536e-02 2.033537670223431737e-01 0.000000000000000000e+00 0.000000000000000000e+00 0.000000000000000000e+00 4.445546857786738214e-03 0.000000000000000000e+00 0.000000000000000000e+00 1.772004351121796439e-01 0.000000000000000000e+00 1.728344783312478483e-01 0.000000000000000000e+00
0.000000000000000000e+00 3.095376690260036659e-02 0.000000000000000000e+00 0.000000000000000000e+00 0.000000000000000000e+00 0.000000000000000000e+00 2.075005663791822386e-01 0.000000000000000000e+00 0.000000000000000000e+00 0.000000000000000000e+00 4.013852512156269696e-03 0.000000000000000000e+00 2.050449187264275983e-02 0.000000000000000000e+00 1.813259025529765645e-01 1.276285645315975437e-01 1.097626725730994485e-01 6.965860626774410258e-02 2.051259680208605551e-01 1.658746340672454661e-02 0.000000000000000000e+00 0.000000000000000000e+00 0.000000000000000000e+00 0.000000000000000000e+00 2.693814498041549946e-02
5.313825761973639018e-03 3.465292464127339017e-02 9.234389993125531604e-02 1.619917530608046274e-02 0.000000000000000000e+00 1.137030218853553876e-01 1.540552355093790238e-01 0.000000000000000000e+00 0.000000000000000000e+00 1.959999763339996537e-02 0.000000000000000000e+00 8.965677965351906420e-02 0.000000000000000000e+00 9.092362765299545624e-02 0.000000000000000000e+00 1.114676495830689146e-01 0.000000000000000000e+00 0.000000000000000000e+00 1.044224418157116072e-02 0.000000000000000000e+00 0.000000000000000000e+00 1.261557886395479888e-01 0.000000000000000000e+00 1.081545674523309436e-01 2.733126216824946844e-02
0.000000000000000000e+00 0.000000000000000000e+00 0.000000000000000000e+00 0.000000000000000000e+00 7.600134322194075642e-02 0.000000000000000000e+00 1.670310721640673457e-01 1.545384943484985896e-01 0.000000000000000000e+00 0.000000000000000000e+00 0.000000000000000000e+00 0.000000000000000000e+00 0.000000000000000000e+00 0.000000000000000000e+00 0.000000000000000000e+00 1.229734816036563705e-01 0.000000000000000000e+00 0.000000000000000000e+00 2.219363762451231903e-01 0.000000000000000000e+00 0.000000000000000000e+00 0.000000000000000000e+00 7.004414188253980933e-02 5.303206512803926298e-02 1.344430254061346752e-01
1.304500623044882977e-02 0.000000000000000000e+00 0.000000000000000000e+00 0.000000000000000000e+00 2.243806437301550105e-01 0.000000000000000000e+00 0.000000000000000000e+00 0.000000000000000000e+00 0.000000000000000000e+00 0.000000000000000000e+00 0.000000000000000000e+00 0.000000000000000000e+00 0.000000000000000000e+00 2.090730915734650280e-02 2.336795737654389082e-01 0.000000000000000000e+00 4.320106172287129648e-02 1.619838512441189315e-01 0.000000000000000000e+00 0.000000000000000000e+00 0.000000000000000000e+00 1.223493492136626115e-01 0.000000000000000000e+00 1.804532049359579005e-01 0.000000000000000000e+00
0.000000000000000000e+00 0.000000000000000000e+00 3.878438228254411924e-02 1.352841286114986330e-03 2.946825705297663744e-01 1.961041547836388579e-02 0.000000000000000000e+00 1.591726950316278916e-03 0.000000000000000000e+00 0.000000000000000000e+00 0.000000000000000000e+00 0.000000000000000000e+00 0.000000000000000000e+00 1.888088889162437278e-01 1.957640329908064414e-01 2.045066149804636042e-03 0.000000000000000000e+00 2.476033870714748012e-03 0.000000000000000000e+00 2.500358190534501812e-02 0.000000000000000000e+00 0.000000000000000000e+00 0.000000000000000000e+00 2.019993342767953393e-01 2.788112536318452725e-02
2.563905419789105911e-02 9.024102155409716164e-02 0.000000000000000000e+00 0.000000000000000000e+00 2.498344567785103568e-02 0.000000000000000000e+00 1.602558287112276214e-01 5.576848073176332576e-02 0.000000000000000000e+00 0.000000000000000000e+00 0.000000000000000000e+00 5.956152827133404451e-03 0.000000000000000000e+00 2.123977837401285970e-02 1.708201351489270214e-01 0.000000000000000000e+00 0.000000000000000000e+00 1.534803636498303092e-01 3.381718815219197406e-03 0.000000000000000000e+00 9.593043385640360673e-03 0.000000000000000000e+00 0.000000000000000000e+00 0.000000000000000000e+00 2.786409769264065472e-01
0.000000000000000000e+00 8.203238545482303967e-02 0.000000000000000000e+00 0.000000000000000000e+00 1.953656422140876703e-01 0.000000000000000000e+00 3.107455359407257367e-02 0.000000000000000000e+00 0.000000000000000000e+00 0.000000000000000000e+00 0.000000000000000000e+00 0.000000000000000000e+00 0.000000000000000000e+00 2.607144212949018269e-02 2.173608533464183590e-01 0.000000000000000000e+00 0.000000000000000000e+00 0.000000000000000000e+00 0.000000000000000000e+00 0.000000000000000000e+00 0.000000000000000000e+00 1.566452527455522159e-01 6.164647811241265318e-02 2.298033924031432917e-01 0.000000000000000000e+00
0.000000000000000000e+00 6.454416627012167507e-02 0.000000000000000000e+00 2.447529699051146507e-02 1.713025687881107040e-01 1.781544663224502167e-01 0.000000000000000000e+00 4.702108509097297511e-06 0.000000000000000000e+00 0.000000000000000000e+00 0.000000000000000000e+00 0.000000000000000000e+00 0.000000000000000000e+00 1.055249284087496076e-01 1.950817976389708219e-01 0.000000000000000000e+00 1.673315367392091968e-02 0.000000000000000000e+00 0.000000000000000000e+00 0.000000000000000000e+00 0.000000000000000000e+00 1.393817449439034295e-01 0.000000000000000000e+00 0.000000000000000000e+00 1.047971748547520815e-01
0.000000000000000000e+00 1.302161301106549707e-02 1.168874093704282691e-01 0.000000000000000000e+00 2.767695687404475233e-02 0.000000000000000000e+00 3.894533384333758591e-02 2.067740292174169783e-02 0.000000000000000000e+00 2.934012074648617921e-02 2.474898871218909197e-02 0.000000000000000000e+00 0.000000000000000000e+00 1.212594579255787813e-01 1.355985575249604169e-01 0.000000000000000000e+00 0.000000000000000000e+00 0.000000000000000000e+00 1.523073264052114961e-01 6.729640608520734944e-03 1.855682781367262377e-02 9.868087397854456710e-02 5.611648034744490601e-03 5.629089225524766538e-02 1.336669499742261791e-01
1.606525707822701200e-03 0.000000000000000000e+00 6.690873816019354825e-02 3.666105077803696877e-02 2.115621213343318180e-02 0.000000000000000000e+00 5.480058046305945341e-02 0.000000000000000000e+00 0.000000000000000000e+00 1.409151604152952819e-01 0.000000000000000000e+00 0.000000000000000000e+00 2.262814272076165128e-03 1.572704509027892661e-01 1.178784788383472996e-02 1.125919377092182982e-01 9.525038446252387381e-02 1.206124614244258042e-01 1.708784759107954132e-01 0.000000000000000000e+00 0.000000000000000000e+00 0.000000000000000000e+00 0.000000000000000000e+00 0.000000000000000000e+00 7.297359776495301875e-03
