1.585838872854703971e-02 6.359377466019061620e-02 2.325896383926385341e-02 0.000000000000000000e+00 3.237061982871326273e-03 5.194088345221359662e-03 2.289844593223313782e-02 1.594408128190592799e-01 4.053942363363823020e-03 2.059273208634822966e-02 0.000000000000000000e+00 2.264463530397414076e-02 1.627959613662692930e-03 1.570620687363925017e-01 1.494423346287291621e-01 1.213433429473767707e-02 0.000000000000000000e+00 2.247751479120488598e-03 0.000000000000000000e+00 0.000000000000000000e+00 3.428087468043829297e-04 1.322922429813042393e-03 4.077276817150744109e-02 1.208467424307069632e-01 1.734274634074528532e-01
2.157459836056746169e-02 2.597382919294668469e-01 9.568856820158937876e-03 4.076893464228014546e-02 2.201252318584831155e-02 6.441544800708476348e-02 1.324685289713938008e-02 1.382572488073569549e-02 1.278227629225358111e-02 8.126193651259433492e-02 0.000000000000000000e+00 7.651668273529910191e-02 2.675145641625421844e-02 3.001798134517097080e-03 3.106662840345011944e-02 9.690088526748594222e-02 1.915276691300278611e-02 2.557563657953499173e-02 3.214564998915809928e-03 6.222523113665844735e-03 0.000000000000000000e+00 2.397438944081215287e-02 2.324230579841175988e-03 1.444591580314726897e-01 1.643835857618515658e-03
0.000000000000000000e+00 2.027559320581773517e-01 4.384253935546410588e-03 1.158608302499411769e-01 1.813155975038094336e-02 3.879938095052883843e-03 6.250169675144832959e-02 3.646066235951438139e-02 0.000000000000000000e+00 0.000000000000000000e+00 0.000000000000000000e+00 6.677173795356879105e-02 3.153749439102124935e-02 4.105491723568256701e-02 1.830236023976022919e-01 0.000000000000000000e+00 0.000000000000000000e+00 8.902439029886755062e-02 0.000000000000000000e+00 4.012635361992835520e-02 0.000000000000000000e+00 0.000000000000000000e+00 3.283373742061155426e-02 1.297722401704440309e-02 5.867566946561167396e-02
0.000000000000000000e+00 8.248172039654072529e-02 0.000000000000000000e+00 0.000000000000000000e+00 1.756712933110292363e-01 7.427601599330012740e-04 3.920132563310372957e-03 1.564561552834687896e-01 0.000000000000000000e+00 1.877253273331629037e-04 0.000000000000000000e+00 0.000000000000000000e+00 0.000000000000000000e+00 1.609118565332284118e-02 1.012795004493235174e-01 9.555444341594098237e-03 0.000000000000000000e+00 4.907270885778890895e-02 8.125007366259991148e-02 4.574213302242602364e-02 0.000000000000000000e+00 0.000000000000000000e+00 0.000000000000000000e+00 2.663948121099220523e-01 1.115435486140757548e-02
0.000000000000000000e+00 2.074988821075423196e-03 8.001650946802149611e-03 0.000000000000000000e+00 0.000000000000000000e+00 1.184179765023668854e-02 1.378150523206762845e-01 5.229740516412565571e-02 0.000000000000000000e+00 1.053685637610059928e-02 0.000000000000000000e+00 4.801967019905565778e-03 5.262299104130179622e-02 1.337250380723603027e-01 1.534456873770260743e-01 0.000000000000000000e+00 4.190198572669523794e-03 9.596505857591661193e-02 3.966084530499645877e-02 5.574787833073360614e-03 1.216579627739559043e-02 0.000000000000000000e+00 0.000000000000000000e+00 2.672546513922912093e-01 8.025227254046737868e-03
0.000000000000000000e+00 1.188119332432523434e-01 4.735454426663240901e-02 1.446414302712918376e-01 1.117776934938989747e-01 9.616479499685365306e-02 2.453436973300864715e-02 7.791281413078747151e-03 3.888044195245651032e-03 0.000000000000000000e+00 7.750566214709744307e-03 4.061724859277865418e-02 0.000000000000000000e+00 8.816799049949856915e-03 7.777439107847185229e-02 0.000000000000000000e+00 7.571887316433450858e-03 0.000000000000000000e+00 6.236739429599413159e-03 1.161934841224821456e-02 8.590998759138832389e-03 0.000000000000000000e+00 0.000000000000000000e+00 1.101054111023844484e-01 1.659525184310232937e-01
0.000000000000000000e+00 7.434707622782436853e-02 0.000000000000000000e+00 0.000000000000000000e+00 1.580968957849303580e-01 5.556340467500018448e-02 3.727898900475719052e-03 0.000000000000000000e+00 0.000000000000000000e+00 0.000000000000000000e+00 0.000000000000000000e+00 0.000000000000000000e+00 0.000000000000000000e+00 3.369749263372148057e-02 1.983193513602339586e-01 1.923458464722289235e-02 1.156099552718854208e-02 9.517113832096023296e-02 2.214069175890095165e-01 0.000000000000000000e+00 0.000000000000000000e+00 0.000000000000000000e+00 0.000000000000000000e+00 1.288742443334326970e-01 0.000000000000000000e+00
5.223905425193313976e-04 1.157499487900726792e-01 3.273282550485541453e-02 5.273879941970879143e-02 2.349579056613782316e-02 3.504718945575875655e-02 1.212541375502421311e-02 2.929974775319459449e-02 3.982292978689222669e-03 1.469157918340642244e-01 0.000000000000000000e+00 1.205028212282480832e-02 7.050335228421483746e-02 2.770417072931928570e-03 2.286723942964258571e-01 9.754958648465934801e-02 3.259829782198904718e-03 0.000000000000000000e+00 6.861290915941403723e-02 9.255822972096200765e-03 0.000000000000000000e+00 0.000000000000000000e+00 9.914498533211075007e-03 1.808341943610900296e-02 2.671729725588894294e-02
2.238939296762580775e-03 5.558775176683181281e-03 1.363829883164414114e-01 1.082288838018302113e-01 1.322072122960371854e-01 0.000000000000000000e+00 8.354983829723459932e-03 1.124695082392814793e-01 0.000000000000000000e+00 2.497909021349634714e-03 0.000000000000000000e+00 6.465756659917430704e-02 1.088670835207405409e-02 1.973894155779864004e-02 1.517049379266632581e-01 0.000000000000000000e+00 1.213952490976125814e-01 2.318217326815028359e-02 3.585645729292325033e-03 5.299124229509996620e-03 1.538874742001744740e-02 1.888316443252966792e-03 5.117434017910350158e-02 2.315904921924148707e-02 0.000000000000000000e+00
1.938244233396583041e-02 1.610236044530227728e-01 6.463699243099903236e-02 9.148715309920990579e-02 6.435838899034508620e-02 3.558039311690403689e-02 4.158153041143869411e-02 1.501562368970320860e-01 0.000000000000000000e+00 1.139215770177919307e-01 0.000000000000000000e+00 0.000000000000000000e+00 1.133987200768740884e-02 3.522378089314889132e-02 9.206040400348956820e-02 1.344000234778580313e-02 0.000000000000000000e+00 0.000000000000000000e+00 4.044903930192889768e-02 0.000000000000000000e+00 0.000000000000000000e+00 1.337367671809514338e-02 5.198490597715482026e-02 0.000000000000000000e+00 0.000000000000000000e+00
0.000000000000000000e+00 1.164305372194832273e-02 2.228025063349369297e-02 3.371863698846933564e-03 1.621507271983112924e-02 1.180849181516827051e-02 1.239409553855038842e-01 1.192864877649664652e-02 0.000000000000000000e+00 0.000000000000000000e+00 9.848648499789700722e-03 8.063529306896329019e-02 0.000000000000000000e+00 2.720570134689094532e-02 1.760258344096800320e-01 8.945217163631133395e-02 3.221859093840658689e-02 3.632551291089772955e-02 1.870674758229944890e-01 1.522892545382433481e-02 1.795227228924263854e-02 0.000000000000000000e+00 1.555108154876263735e-02 2.887381836621097115e-03 1.084127734863262610e-01
2.904384889253978225e-02 2.754122825463565464e-03 8.436653907154482990e-02 0.000000000000000000e+00 1.964837984910367819e-01 1.012184122446432577e-01 1.172183416834759843e-02 6.954258340848652742e-03 9.144014718541251243e-04 3.061048085592904533e-02 0.000000000000000000e+00 2.282524646019337342e-02 0.000000000000000000e+00 1.882099075555860868e-01 1.183014614565274514e-01 1.452410195660205731e-02 0.000000000000000000e+00 0.000000000000000000e+00 0.000000000000000000e+00 1.511174895256124293e-02 0.000000000000000000e+00 0.000000000000000000e+00 1.893151478565063828e-02 1.758541493390856220e-02 1.404429075367629454e-01
0.000000000000000000e+00 1.374730739493287557e-01 4.007127897565642555e-03 3.976033838406254489e-03 1.156849413506681329e-01 3.746260591165529591e-02 2.492925752302366585e-02 0.000000000000000000e+00 5.953952688758607642e-02 1.208537515622920035e-02 1.312304386320133683e-03 2.198593692253345347e-02 4.759488061170179252e-02 1.225655736464905943e-01 0.000000000000000000e+00 7.377850331196248411e-03 1.062133641845348364e-01 5.251942672046280153e-02 1.883095444360663173e-01 1.511121795565014379e-02 0.000000000000000000e+00 5.898850823040249422e-03 1.537493830191639932e-02 2.057816916562396625e-02 0.000000000000000000e+00
0.000000000000000000e+00 1.899477962215943491e-02 1.142362638235842713e-02 0.000000000000000000e+00 1.461635908859211241e-01 9.626314952523645774e-02 1.901143835615346292e-02 5.801702886680678434e-02 0.000000000000000000e+00 3.601880397694118274e-02 0.000000000000000000e+00 0.000000000000000000e+00 0.000000000000000000e+00 2.235903496108253632e-02 9.319363124240186147e-02 9.549676222102077006e-02 4.338505820557812982e-03 7.282037496832961809e-03 2.071474328616519367e-01 0.000000000000000000e+00 6.238243252370398451e-02 0.000000000000000000e+00 8.932669046631881368e-03 5.125142005955298169e-04 1.124625620099438394e-01
0.000000000000000000e+00 1.336852496036044224e-01 2.051258405461518775e-02 1.531767111301684803e-01 8.826292575450611980e-03 1.553797911117233083e-03 4.451618291854132770e-02 5.622134923885131058e-02 1.814298404982678681e-03 2.100883664637071685e-02 0.000000000000000000e+00 1.744952826424223460e-02 6.022100712292246085e-04 2.682320955645722121e-02 4.863451941561747205e-02 1.329062121667919372e-01 0.000000000000000000e+00 0.000000000000000000e+00 9.425846222726195003e-03 1.061599514324109220e-02 4.240423124285937553e-03 2.238130409425353930e-03 4.007899646232895158e-02 1.934195560801454591e-02 2.463276710719378704e-01
0.000000000000000000e+00 2.071767811102370998e-03 1.127190362211783897e-01 1.342708114084871507e-01 2.279092973024802737e-01 0.000000000000000000e+00 6.974503751094403292e-02 5.562500430634670368e-02 0.000000000000000000e+00 1.565985335585967295e-02 8.428323138923282665e-02 6.199434179316961648e-03 0.000000000000000000e+00 7.522867314453940413e-02 4.511637033647834111e-02 5.429068360497018089e-03 0.000000000000000000e+00 0.000000000000000000e+00 1.636880164149893957e-01 0.000000000000000000e+00 0.000000000000000000e+00 0.000000000000000000e+00 0.000000000000000000e+00 2.054398258547465370e-03 0.000000000000000000e+00
5.871900333275660751e-03 0.000000000000000000e+00 1.067644949335751076e-01 1.339391141515813843e-01 2.659410937098171113e-01 0.000000000000000000e+00 7.272625367731359695e-03 0.000000000000000000e+00 0.000000000000000000e+00 0.000000000000000000e+00 2.568638081325745268e-02 1.129847997475295213e-02 0.000000000000000000e+00 1.485693233720764284e-01 1.917157650564494970e-04 0.000000000000000000e+00 5.146342371690380141e-02 0.000000000000000000e+00 1.782183622750551644e-01 1.568311053894357737e-02 0.000000000000000000e+00 1.882821004054643574e-03 1.525104299662043226e-03 3.210536386984889218e-02 1.358668587440813903e-02
4.870723977405172836e-03 1.681036494347391830e-02 1.238695072076752279e-01 9.406813522950410386e-03 1.165907956854441707e-01 0.000000000000000000e+00 4.904849119086366477e-02 1.586023691925690371e-01 0.000000000000000000e+00 1.059031691283087162e-01 0.000000000000000000e+00 8.795195029880570683e-03 0.000000000000000000e+00 0.000000000000000000e+00 1.765525403470562804e-01 0.000000000000000000e+00 0.000000000000000000e+00 0.000000000000000000e+00 2.070174943760895447e-01 1.818987763031657597e-03 0.000000000000000000e+00 0.000000000000000000e+00 0.000000000000000000e+00 4.948480443402466546e-03 1.576506719184908936e-02
0.000000000000000000e+00 4.482691708728644975e-02 2.742692788342441373e-02 0.000000000000000000e+00 5.750263188152948679e-02 0.000000000000000000e+00 2.652240985418415770e-02 0.000000000000000000e+00 0.000000000000000000e+00 1.154799457747054392e-01 0.000000000000000000e+00 0.000000000000000000e+00 7.156928719692731526e-03 3.289065643375779086e-02 2.799784354434756706e-01 1.116177793090747210e-02 1.997322652374068554e-03 9.889264722191261348e-02 3.793215915779648423e-02 1.460366341407440260e-02 6.051932699616825034e-02 0.000000000000000000e+00 4.388161273156204051e-02 1.315186259748289122e-01 7.708010842319735177e-03
0.000000000000000000e+00 1.448121540136882435e-01 5.285274483033283038e-02 4.731669336886133552e-03 2.999573020810538532e-02 3.423523510052466773e-03 4.123463257884110722e-02 3.295719415024728899e-03 0.000000000000000000e+00 1.290757572153004851e-01 2.894933118516815340e-02 4.002538748105967381e-02 8.695743964895193828e-03 1.004813503275035248e-02 2.860901035899408584e-01 8.316994182326271131e-04 1.460962342259610521e-03 6.821589672613963089e-03 8.696463415480111883e-03 4.941404067587604719e-03 2.028198809928484850e-02 0.000000000000000000e+00 5.099387028812801250e-04 2.936058564732052165e-02 1.438647362722938194e-01
0.000000000000000000e+00 3.265869333783299328e-02 2.078365702447373953e-02 6.379565230416985640e-04 1.518883444396748605e-01 1.345066857882337430e-01 1.931179967297491987e-03 2.526452080555335530e-02 0.000000000000000000e+00 0.000000000000000000e+00 0.000000000000000000e+00 1.331874144595827101e-03 0.000000000000000000e+00 3.495671670636595193e-04 2.026229728270860231e-01 3.658101225313048488e-02 2.006977432266236067e-02 1.294831624981366280e-01 1.056789826143306535e-02 1.536502253363674492e-02 2.564404856470481071e-03 7.533193094069698392e-02 2.725815058968405341e-02 9.277354170292868157e-03 1.015258375490031006e-01
0.000000000000000000e+00 1.400310461714533994e-01 0.000000000000000000e+00 2.019105386791799836e-02 1.304892926919824503e-01 0.000000000000000000e+00 1.012243161681783410e-01 0.000000000000000000e+00 1.224559686682263849e-03 1.380802933645104980e-01 0.000000000000000000e+00 1.822581691999922149e-02 8.284435465665161702e-02 1.125342148619788880e-02 1.753406860629647956e-01 0.000000000000000000e+00 2.273135613636444955e-03 0.000000000000000000e+00 0.000000000000000000e+00 3.775188613021766663e-03 1.320682162890246883e-02 2.255030766496989893e-03 2.414669606506855953e-03 4.247478484266235810e-02 1.146955278522347466e-01
0.000000000000000000e+00 8.419121739327958820e-02 1.256246265511393005e-02 4.508339053017520331e-02 2.648713424143464557e-02 0.000000000000000000e+00 2.169995414945400172e-02 6.271665278229784750e-03 4.312554035302701427e-02 1.387934687967539577e-02 0.000000000000000000e+00 1.213964430622967855e-02 8.025228014925086042e-03 2.374792056393960210e-02 1.437928630979110889e-01 5.414196580663958175e-02 8.822583883620165046e-02 5.697979009603215683e-02 1.594431743955130876e-01 1.929404745795083170e-02 0.000000000000000000e+00 0.000000000000000000e+00 1.094166962665697185e-01 4.221511959753351806e-02 2.927700008016440383e-02
0.000000000000000000e+00 1.905113453739437634e-01 9.376232984904669943e-02 1.336813020290264498e-01 5.607537950188982989e-02 0.000000000000000000e+00 1.897655383805549323e-02 1.341862458056067298e-01 2.887010948061869905e-02 8.323377747607775545e-02 0.000000000000000000e+00 0.000000000000000000e+00 2.749031741251875289e-03 0.000000000000000000e+00 0.000000000000000000e+00 0.000000000000000000e+00 1.306375570835428476e-02 1.275399133372807740e-02 1.840051664793784514e-01 3.534368280990082736e-03 0.000000000000000000e+00 0.000000000000000000e+00 1.417101132366277959e-02 0.000000000000000000e+00 3.042563177836910687e-02
0.000000000000000000e+00 5.675847086933707118e-03 3.705025094042958128e-02 4.539657199307870622e-02 2.576117139300432846e-01 0.000000000000000000e+00 1.665592888893410728e-02 3.598518755780673057e-03 4.190894292982390301e-02 2.233363812219212735e-02 1.939978948359449840e-02 1.565084456547970009e-03 3.314913291946056800e-02 5.834180392147363114e-02 1.605944435574668816e-01 9.053436998868902297e-02 0.000000000000000000e+00 3.602242164416753073e-03 1.316331729858402286e-02 1.005605506851831726e-02 0.000000000000000000e+00 0.000000000000000000e+00 1.206759331268970059e-01 0.000000000000000000e+00 5.868641536713535556e-02
1.473112511122093272e-04 1.322080608427056159e-01 6.968047642706786879e-03 0.000000000000000000e+00 3.284747261751313086e-03 0.000000000000000000e+00 1.403968043120368617e-03 6.575170072602495169e-03 0.000000000000000000e+00 4.191346232023555191e-02 1.345379447503710323e-02 1.027436293203737583e-01 1.402740786808547371e-02 1.655719785696673219e-01 2.021649845118126398e-01 0.000000000000000000e+00 3.703753865107000526e-02 1.474209771095059789e-02 4.666820435234792560e-04 0.000000000000000000e+00 2.828376021354418518e-04 0.000000000000000000e+00 8.207291505809120868e-02 4.669061756107600186e-02 1.282447491939427142e-01
0.000000000000000000e+00 7.473505349833510503e-02 1.041523290588718120e-02 1.353145187755509099e-02 1.602191851313447268e-01 0.000000000000000000e+00 8.237835749846964678e-03 2.123427083327236453e-01 1.766942678347968240e-02 2.172441272844010188e-03 1.107868258488852202e-03 4.243946654718186960e-03 0.000000000000000000e+00 1.491090615201921821e-01 1.336121511612470836e-01 0.000000000000000000e+00 0.000000000000000000e+00 0.000000000000000000e+00 7.495503891189681444e-04 0.000000000000000000e+00 0.000000000000000000e+00 6.067881705795236287e-04 4.970881118871421644e-02 1.414820592467039284e-01 2.005642785822068022e-02
2.197941373920581781e-02 2.222044000334008271e-02 8.109111671365442850e-03 1.080993576001415546e-01 2.518484712764894606e-01 0.000000000000000000e+00 8.788390821116853421e-03 2.348407160162489793e-02 0.000000000000000000e+00 1.526398561728689075e-02 0.000000000000000000e+00 0.000000000000000000e+00 0.000000000000000000e+00 4.773146349540036484e-03 1.555798748782928065e-01 2.457694065896654997e-02 1.731648136181085796e-04 6.813453784741080321e-02 1.043675042901959097e-03 1.671434695655326166e-02 1.282892653255948874e-02 0.000000000000000000e+00 2.108770452881608970e-01 3.358046234390754149e-03 4.214705306703435406e-02
0.000000000000000000e+00 0.000000000000000000e+00 8.367255615799464030e-02 2.691463915985291624e-02 1.944821004757224803e-01 0.000000000000000000e+00 0.000000000000000000e+00 1.571892006991184587e-01 0.000000000000000000e+00 9.810057364069096550e-03 4.298757963821051725e-05 7.634106981072159848e-02 0.000000000000000000e+00 1.302553656178658502e-02 2.164164755010667893e-02 0.000000000000000000e+00 1.605222548550660697e-02 9.948635877990485987e-02 7.089343106651720128e-03 5.553712163307776518e-04 1.405248252063209975e-02 8.367078271616531365e-03 0.000000000000000000e+00 1.559084293419051026e-01 1.153689159184416169e-01
0.000000000000000000e+00 8.614745589312683329e-04 1.021677819765302170e-01 3.495196173457068914e-03 2.380746306127858314e-01 0.000000000000000000e+00 4.603599070266030727e-03 0.000000000000000000e+00 0.000000000000000000e+00 9.982074614975173718e-03 0.000000000000000000e+00 3.951187417326553625e-02 0.000000000000000000e+00 1.733412476320303486e-01 2.430444864839949592e-01 0.000000000000000000e+00 0.000000000000000000e+00 0.000000000000000000e+00 1.789707264556792896e-02 3.571180097632914528e-03 1.647477034183445974e-02 0.000000000000000000e+00 0.000000000000000000e+00 1.350118525206593090e-01 1.196275909806898165e-02
2.567907410317895114e-02 8.994602319632946652e-02 4.877191560553179039e-02 1.165103758817555707e-01 1.531257357427156796e-01 0.000000000000000000e+00 7.304250823886130088e-04 0.000000000000000000e+00 0.000000000000000000e+00 0.000000000000000000e+00 0.000000000000000000e+00 7.290238181763675218e-02 0.000000000000000000e+00 3.292155428742989803e-02 1.787578877591866622e-01 0.000000000000000000e+00 0.000000000000000000e+00 0.000000000000000000e+00 1.690679717080905697e-01 8.399649629798945985e-03 5.078433206153737389e-02 0.000000000000000000e+00 3.178583073354959709e-02 0.000000000000000000e+00 2.061684239087010692e-02
0.000000000000000000e+00 1.576394584901746887e-01 1.369236652094952059e-03 2.917124712131385564e-02 2.981568706584025643e-03 0.000000000000000000e+00 5.676969077092803434e-02 1.294205275793368914e-01 3.939161694582946072e-02 1.082876503485254022e-01 0.000000000000000000e+00 2.004988337750808480e-02 1.753133883255895541e-03 4.508191495750324407e-03 1.592081728382998412e-02 1.018986749557085209e-01 0.000000000000000000e+00 0.000000000000000000e+00 4.770928531936406702e-02 1.376744731861129917e-03 0.000000000000000000e+00 0.000000000000000000e+00 5.791139971792994001e-02 1.706324657436538994e-01 5.320840687635085275e-02
0.000000000000000000e+00 0.000000000000000000e+00 2.115946309719926935e-02 6.631566665704149988e-02 1.643948692535155548e-02 8.792999349483106644e-04 7.113262432817922531e-02 9.234654413975749987e-02 1.538166797423912158e-02 6.993248486838037070e-02 0.000000000000000000e+00 2.270092411002099311e-02 1.088645901942798810e-02 6.384243847085631363e-02 1.023264476136929307e-01 1.490841515746415755e-02 1.363007958059095880e-02 0.000000000000000000e+00 1.766360162125421851e-01 8.855709718450503103e-04 0.000000000000000000e+00 0.000000000000000000e+00 1.043628937587275513e-01 1.362335171797348921e-01 0.000000000000000000e+00
1.833737318591181081e-02 0.000000000000000000e+00 1.101164451404500894e-01 2.725935220668522160e-02 1.475148531172212618e-01 0.000000000000000000e+00 3.393021943697682036e-02 0.000000000000000000e+00 1.152580005790216494e-02 1.428643069181303737e-01 2.876287030238380837e-02 3.285280823378066567e-02 9.102478033595042331e-04 1.081346657133918504e-01 2.929550071691743307e-01 0.000000000000000000e+00 0.000000000000000000e+00 5.309643710571300976e-04 1.914023813808665014e-02 0.000000000000000000e+00 0.000000000000000000e+00 0.000000000000000000e+00 2.516484820548833476e-02 0.000000000000000000e+00 0.000000000000000000e+00
0.000000000000000000e+00 2.617298069427892795e-02 5.221052168208074884e-02 4.301782781853809648e-03 1.726963843577455360e-01 0.000000000000000000e+00 0.000000000000000000e+00 1.396322256361834380e-01 0.000000000000000000e+00 8.081468229872783640e-03 0.000000000000000000e+00 4.642924160600823275e-02 0.000000000000000000e+00 1.432835350684938738e-02 3.291638161391333833e-02 7.961710647386993633e-02 5.016282177491001443e-02 0.000000000000000000e+00 0.000000000000000000e+00 1.214892447709577453e-02 2.850781630874798384e-02 2.957045505708168903e-02 3.300950554331771869e-03 2.020946838149770275e-01 9.782790143019959306e-02
8.411680356255583565e-03 1.344865531690053184e-01 1.869348827296258772e-02 1.433542931220594396e-01 1.834695333260249195e-01 0.000000000000000000e+00 4.006592003659797951e-02 0.000000000000000000e+00 0.000000000000000000e+00 0.000000000000000000e+00 0.000000000000000000e+00 5.850520468688336952e-03 2.686260595627972675e-02 9.368864612408983952e-03 1.588945615591436655e-01 5.479123829857969474e-02 2.349937234791697749e-02 0.000000000000000000e+00 3.859830557292522751e-02 0.000000000000000000e+00 0.000000000000000000e+00 0.000000000000000000e+00 1.778512187766874853e-03 2.760630190672509927e-03 1.491139205227122178e-01
0.000000000000000000e+00 1.681193001274095822e-01 1.663552235917910294e-02 0.000000000000000000e+00 1.518402386385570013e-01 0.000000000000000000e+00 2.877523830039507152e-02 0.000000000000000000e+00 0.000000000000000000e+00 0.000000000000000000e+00 0.000000000000000000e+00 7.835313435830126849e-02 0.000000000000000000e+00 0.000000000000000000e+00 2.395891688810249387e-01 0.000000000000000000e+00 3.387150199927296736e-03 2.694622068014396882e-02 8.730898928323917478e-04 3.271040669789254673e-03 3.449411643132565750e-03 0.000000000000000000e+00 0.000000000000000000e+00 2.681533116235312320e-01 1.060717262577636107e-02
0.000000000000000000e+00 1.908536787483309793e-01 0.000000000000000000e+00 2.959515374831717116e-02 1.453535206348866848e-01 1.230700775311771300e-01 0.000000000000000000e+00 1.028145366616950267e-02 7.971984001578528642e-03 2.986490179329999786e-02 0.000000000000000000e+00 0.000000000000000000e+00 6.726917359794809537e-02 5.052960788007658695e-03 1.926614085280707045e-01 0.000000000000000000e+00 8.595963681234577297e-03 2.655098913623888876e-02 0.000000000000000000e+00 8.817603999562551031e-03 3.933327818119472519e-02 0.000000000000000000e+00 6.958970898995514576e-02 2.239813476882459783e-02 2.274000820520294744e-02
0.000000000000000000e+00 6.611711705260059704e-03 0.000000000000000000e+00 7.060050128630705052e-03 2.011980247518165565e-01 0.000000000000000000e+00 3.593305012063918204e-03 1.687884366596095666e-03 0.000000000000000000e+00 2.501915043872127240e-03 6.452339399532895127e-03 1.753178096159818330e-02 0.000000000000000000e+00 3.080467453445934894e-02 2.693879596433836343e-01 1.178086698008423260e-03 0.000000000000000000e+00 1.746555447293249297e-02 1.468047827150425477e-01 0.000000000000000000e+00 5.195516561653791034e-03 0.000000000000000000e+00 5.173960875988897062e-02 9.546037557634165505e-02 1.353264296689185853e-01
2.847252828370586738e-03 1.351267893211351712e-01 9.229932895066416537e-03 0.000000000000000000e+00 1.639111887180612626e-01 0.000000000000000000e+00 4.518930693095954756e-03 1.972034430546826811e-01 0.000000000000000000e+00 1.213958251332955957e-01 0.000000000000000000e+00 0.000000000000000000e+00 1.019214978714160467e-02 1.497274735274293361e-02 6.662314641751527697e-03 7.731639346500260301e-02 1.773325587247207707e-02 1.216077064874612236e-02 1.594786995176347144e-01 2.422131286680184910e-03 0.000000000000000000e+00 0.000000000000000000e+00 6.324854078547366421e-02 0.000000000000000000e+00 1.579633998646935754e-03
