1.640964729845451747e-02 5.696052704528428712e-03 4.477477041843244687e-02 8.284590679201207786e-02 6.078514136516122157e-02 1.353521896009567682e-01 4.831958250225761899e-03 0.000000000000000000e+00 4.669826615495174110e-02 0.000000000000000000e+00 0.000000000000000000e+00 1.572660002185071459e-01 8.791819718713524134e-02 0.000000000000000000e+00 1.586021357776452303e-03 0.000000000000000000e+00 1.145168335277636923e-01 1.279458067368708374e-01 0.000000000000000000e+00 1.133732083872237006e-01
6.510175259316143548e-02 0.000000000000000000e+00 0.000000000000000000e+00 2.623175773363187538e-02 1.302676882189774399e-01 1.846097224492274785e-02 6.213820904203081613e-02 1.517592062774456851e-01 0.000000000000000000e+00 0.000000000000000000e+00 1.101301106814147474e-01 1.945015435101397905e-01 0.000000000000000000e+00 0.000000000000000000e+00 0.000000000000000000e+00 0.000000000000000000e+00 0.000000000000000000e+00 1.699451706546986282e-02 3.639772453127503721e-02 1.880165181015308051e-01
1.507531106057068970e-01 2.049717642212388682e-02 0.000000000000000000e+00 4.538127203132893278e-02 1.778577562480729846e-01 0.000000000000000000e+00 5.429455240928291598e-02 0.000000000000000000e+00 0.000000000000000000e+00 0.000000000000000000e+00 4.333105613314740256e-02 0.000000000000000000e+00 5.031798154047386479e-02 0.000000000000000000e+00 5.339094785222322365e-02 6.503039768059720380e-03 2.773007872165866167e-02 3.239763920641133138e-02 3.165697838578256929e-01 2.097560520368433809e-02
0.000000000000000000e+00 1.800930330048958888e-02 0.000000000000000000e+00 1.197035838343745995e-01 0.000000000000000000e+00 0.000000000000000000e+00 0.000000000000000000e+00 0.000000000000000000e+00 1.593001381206181691e-02 0.000000000000000000e+00 1.338358685814615701e-01 1.459817672832026958e-01 4.260693199580703472e-02 0.000000000000000000e+00 1.381663156736871179e-01 1.554407007963768371e-02 0.000000000000000000e+00 7.925893113064320927e-02 1.554763000626266378e-01 1.354869142460080056e-01
0.000000000000000000e+00 0.000000000000000000e+00 0.000000000000000000e+00 1.880646309128302662e-01 5.831944234363626960e-03 0.000000000000000000e+00 0.000000000000000000e+00 0.000000000000000000e+00 0.000000000000000000e+00 6.098284046742714903e-02 1.616449079050916171e-01 1.820270725235076381e-01 0.000000000000000000e+00 0.000000000000000000e+00 1.157514550497716101e-02 0.000000000000000000e+00 0.000000000000000000e+00 0.000000000000000000e+00 3.898734584518024904e-01 0.000000000000000000e+00
5.378995859405411722e-02 1.103786229024981691e-01 1.557078351783806325e-01 0.000000000000000000e+00 1.875049386126747750e-02 1.509137758634490345e-01 0.000000000000000000e+00 1.438820662690140084e-01 0.000000000000000000e+00 0.000000000000000000e+00 1.619739659716896707e-01 1.568031984595363304e-01 7.884018432444200256e-04 0.000000000000000000e+00 0.000000000000000000e+00 0.000000000000000000e+00 0.000000000000000000e+00 0.000000000000000000e+00 4.701168105686613641e-02 0.000000000000000000e+00
1.047952265312598469e-01 0.000000000000000000e+00 0.000000000000000000e+00 3.751616321596933784e-02 1.940697065208571992e-01 1.440445952439638466e-01 0.000000000000000000e+00 0.000000000000000000e+00 4.664921898810701038e-03 0.000000000000000000e+00 1.550401229160687511e-02 2.799913119923966298e-01 0.000000000000000000e+00 4.722038855645781241e-02 0.000000000000000000e+00 0.000000000000000000e+00 0.000000000000000000e+00 0.000000000000000000e+00 1.721936737486778335e-01 0.000000000000000000e+00
3.867170429713782248e-02 0.000000000000000000e+00 8.283475081678948193e-02 8.302672574821080842e-02 9.158913215543100506e-02 5.651641670675112972e-02 0.000000000000000000e+00 1.550086520237163035e-01 1.263002540365768811e-01 0.000000000000000000e+00 0.000000000000000000e+00 1.376134250914107194e-03 0.000000000000000000e+00 0.000000000000000000e+00 0.000000000000000000e+00 0.000000000000000000e+00 6.929483304260992960e-02 1.117695473215288698e-01 1.836118496003335265e-01 0.000000000000000000e+00
0.000000000000000000e+00 0.000000000000000000e+00 0.000000000000000000e+00 3.397914788424043486e-01 0.000000000000000000e+00 1.597331500407440652e-01 0.000000000000000000e+00 2.285290845046213104e-01 0.000000000000000000e+00 4.354312444137190506e-03 0.000000000000000000e+00 0.000000000000000000e+00 1.447339001717891649e-01 0.000000000000000000e+00 1.228580739963039126e-01 0.000000000000000000e+00 0.000000000000000000e+00 0.000000000000000000e+00 0.000000000000000000e+00 0.000000000000000000e+00
1.071870268554530048e-01 1.451736738464083909e-01 2.501798000565668909e-02 1.119661450120474321e-02 1.839675451440083154e-01 0.000000000000000000e+00 1.575177881726635282e-02 0.000000000000000000e+00 0.000000000000000000e+00 0.000000000000000000e+00 3.830002940868908190e-02 1.623490661755733200e-01 0.000000000000000000e+00 2.797462956905750336e-02 0.000000000000000000e+00 1.281745174163696210e-01 0.000000000000000000e+00 0.000000000000000000e+00 1.045768270811976881e-02 1.444494555521933232e-01
2.508270657957266045e-02 0.000000000000000000e+00 0.000000000000000000e+00 1.315382376034215928e-01 0.000000000000000000e+00 1.829254969167263822e-01 2.675017606611933274e-02 1.164417934780727221e-01 4.625401474188032408e-02 0.000000000000000000e+00 1.684984117191716188e-02 1.868208173022072593e-01 0.000000000000000000e+00 0.000000000000000000e+00 4.938305480400736330e-02 0.000000000000000000e+00 0.000000000000000000e+00 1.317886657047193100e-01 8.616519563135605075e-02 0.000000000000000000e+00
7.399310731158387222e-02 0.000000000000000000e+00 7.892239696148087291e-02 0.000000000000000000e+00 0.000000000000000000e+00 4.073483494525356741e-02 0.000000000000000000e+00 0.000000000000000000e+00 7.137515935575085291e-02 2.059398148576120288e-02 1.725269610631419703e-01 6.286441341695968299e-02 0.000000000000000000e+00 0.000000000000000000e+00 2.489675456527555286e-01 0.000000000000000000e+00 0.000000000000000000e+00 2.438597175860646518e-02 6.488286096650705548e-02 1.407527670821989707e-01
1.871447110612234344e-02 6.226481567729284794e-02 0.000000000000000000e+00 0.000000000000000000e+00 5.814935380656961923e-03 1.953189451678820354e-01 0.000000000000000000e+00 1.157326211765631468e-01 3.267470230716568863e-02 2.434582440873168507e-03 7.981473652855297640e-02 1.859756427537160861e-01 1.985644554728458952e-02 0.000000000000000000e+00 2.088837787863801268e-02 0.000000000000000000e+00 1.065031687128927818e-01 2.943812174052053143e-02 8.293155579214203654e-02 4.163687778969694248e-02
8.675080777407524757e-02 0.000000000000000000e+00 6.203559220692389520e-02 2.003284435208970149e-01 5.594380075889468507e-02 0.000000000000000000e+00 0.000000000000000000e+00 0.000000000000000000e+00 0.000000000000000000e+00 3.045407816261171824e-02 0.000000000000000000e+00 2.350454704634682979e-01 0.000000000000000000e+00 0.000000000000000000e+00 1.983324210222739692e-01 0.000000000000000000e+00 9.646269242335629712e-02 0.000000000000000000e+00 3.464669366749879853e-02 0.000000000000000000e+00
0.000000000000000000e+00 1.030151668017036254e-01 1.219395265973728798e-01 1.349859057851867938e-01 0.000000000000000000e+00 1.243935320613022838e-01 0.000000000000000000e+00 0.000000000000000000e+00 6.112769791446889117e-02 1.247612965803595979e-02 4.485409794953193648e-03 1.661543119107465882e-01 2.993997938172384202e-02 6.207284941800693401e-02 1.794094906764990838e-01 0.000000000000000000e+00 0.000000000000000000e+00 0.000000000000000000e+00 0.000000000000000000e+00 0.000000000000000000e+00
0.000000000000000000e+00 9.816315385601580984e-03 0.000000000000000000e+00 2.093631845907465705e-01 0.000000000000000000e+00 2.080659109261571438e-01 0.000000000000000000e+00 1.024519327671724878e-01 0.000000000000000000e+00 0.000000000000000000e+00 2.100293112399863327e-01 0.000000000000000000e+00 0.000000000000000000e+00 0.000000000000000000e+00 2.072991768625998821e-01 0.000000000000000000e+00 0.000000000000000000e+00 0.000000000000000000e+00 0.000000000000000000e+00 5.297416822773588080e-02
0.000000000000000000e+00 0.000000000000000000e+00 0.000000000000000000e+00 1.562346164947054639e-01 7.477592382568537532e-03 1.703584642691585715e-01 0.000000000000000000e+00 4.073202295827025449e-02 0.000000000000000000e+00 0.000000000000000000e+00 1.802157472158268381e-01 4.078739931625093712e-02 0.000000000000000000e+00 0.000000000000000000e+00 1.852615681655254976e-01 0.000000000000000000e+00 0.000000000000000000e+00 0.000000000000000000e+00 1.642724255856626570e-01 5.466016361203112489e-02
1.349679788040943351e-01 0.000000000000000000e+00 1.330161916109286468e-01 2.756601997658017484e-06 0.000000000000000000e+00 6.839815018307103534e-02 0.000000000000000000e+00 0.000000000000000000e+00 3.976284935629165185e-02 0.000000000000000000e+00 0.000000000000000000e+00 2.138118388858233909e-01 0.000000000000000000e+00 0.000000000000000000e+00 1.985272249936828326e-01 0.000000000000000000e+00 0.000000000000000000e+00 5.652034031900757954e-02 0.000000000000000000e+00 1.549926692451029098e-01
0.000000000000000000e+00 0.000000000000000000e+00 0.000000000000000000e+00 3.330822588422144293e-01 0.000000000000000000e+00 0.000000000000000000e+00 0.000000000000000000e+00 0.000000000000000000e+00 0.000000000000000000e+00 0.000000000000000000e+00 1.417739403925579178e-01 4.513756184518732950e-02 0.000000000000000000e+00 0.000000000000000000e+00 2.436643134161220747e-01 0.000000000000000000e+00 2.532427119678147195e-02 0.000000000000000000e+00 8.083699046243982000e-02 1.301806638446968978e-01
0.000000000000000000e+00 9.365810873820022697e-02 0.000000000000000000e+00 0.000000000000000000e+00 8.839576582317079656e-02 5.302283290612330724e-02 0.000000000000000000e+00 5.201522347103817306e-02 2.337363390506941307e-02 0.000000000000000000e+00 3.467292013662041233e-02 6.597882691818882095e-02 6.181238202605477891e-03 0.000000000000000000e+00 1.567279943489339328e-02 0.000000000000000000e+00 1.537492206110045202e-02 1.844550502600617384e-02 1.227483627081193684e-01 4.104598606688638629e-01
1.091860273693108091e-01 0.000000000000000000e+00 0.000000000000000000e+00 1.775875356731211052e-01 0.000000000000000000e+00 1.697092927419121058e-02 0.000000000000000000e+00 0.000000000000000000e+00 0.000000000000000000e+00 0.000000000000000000e+00 5.683841247635119248e-02 1.845675048092990655e-01 9.167883550844599036e-03 0.000000000000000000e+00 2.155978030946234802e-01 9.003241202248237623e-03 0.000000000000000000e+00 0.000000000000000000e+00 0.000000000000000000e+00 2.210806625500101874e-01
1.266087759989527155e-02 2.846164600631185398e-02 0.000000000000000000e+00 1.719360723628277354e-01 0.000000000000000000e+00 4.054019057490691053e-02 0.000000000000000000e+00 0.000000000000000000e+00 3.595806697795027318e-02 0.000000000000000000e+00 1.417736547779326842e-03 2.338692647575341121e-01 5.956236908180620286e-04 3.131568016016034357e-03 1.597844854198772133e-02 0.000000000000000000e+00 0.000000000000000000e+00 9.485398589755099363e-02 0.000000000000000000e+00 3.605965190264218134e-01
1.283185513226157634e-02 6.144336407266988605e-03 0.000000000000000000e+00 0.000000000000000000e+00 1.693744746248493915e-01 1.707326878023900096e-01 0.000000000000000000e+00 0.000000000000000000e+00 8.635155858520610073e-02 4.841972785341492475e-02 1.699086194236233971e-01 3.471584832018604488e-02 4.766731862060584338e-04 0.000000000000000000e+00 0.000000000000000000e+00 0.000000000000000000e+00 0.000000000000000000e+00 0.000000000000000000e+00 1.680878343848746514e-01 1.329563842797207018e-01
5.333191006815888278e-03 1.075566083688732216e-01 3.334270345799855012e-02 1.209630204985990241e-02 1.150446839733916121e-01 1.758144792330213202e-01 0.000000000000000000e+00 1.334280367586430927e-01 0.000000000000000000e+00 6.866962339731169651e-02 2.200219243540458853e-03 5.051545244292503234e-02 2.132290783954341601e-02 0.000000000000000000e+00 4.821222440646627701e-03 4.352553579747346808e-03 8.008222319381243237e-02 0.000000000000000000e+00 1.808709308959451922e-01 4.548862117924168565e-03
1.594961942567071356e-01 5.209531449898069377e-02 6.213762280032984059e-02 1.791695358749992861e-01 1.288666555016006361e-02 1.564621469816165622e-01 2.979748428833769655e-02 1.412350929545521175e-02 3.765282671568262809e-03 0.000000000000000000e+00 1.634747886622691868e-02 0.000000000000000000e+00 2.176882925837770807e-03 1.515118629158800599e-02 9.292537469931864275e-03 1.041423571718270158e-01 0.000000000000000000e+00 0.000000000000000000e+00 1.829558010564337756e-01 0.000000000000000000e+00
0.000000000000000000e+00 1.372829303841351656e-01 4.079268559851516318e-02 0.000000000000000000e+00 1.550065946339256387e-02 0.000000000000000000e+00 0.000000000000000000e+00 0.000000000000000000e+00 9.179825554993155390e-02 4.366548837097932595e-02 1.363913683882692907e-01 2.311865971910482542e-01 0.000000000000000000e+00 0.000000000000000000e+00 1.845762317173103573e-01 8.946547699728624181e-02 1.931044827960919086e-02 0.000000000000000000e+00 0.000000000000000000e+00 1.002985805952294820e-02
3.501179820218111582e-02 1.660843504128049807e-03 0.000000000000000000e+00 2.357954152226856559e-01 0.000000000000000000e+00 1.950025735424642387e-02 0.000000000000000000e+00 0.000000000000000000e+00 0.000000000000000000e+00 0.000000000000000000e+00 0.000000000000000000e+00 2.658704153638072332e-01 8.184267411150253010e-03 0.000000000000000000e+00 1.929008265675732914e-01 0.000000000000000000e+00 0.000000000000000000e+00 1.279477414098101062e-01 0.000000000000000000e+00 1.131284349644177956e-01
0.000000000000000000e+00 0.000000000000000000e+00 0.000000000000000000e+00 1.818481021737334835e-01 0.000000000000000000e+00 1.940130123409850860e-01 0.000000000000000000e+00 0.000000000000000000e+00 5.785003092436150247e-03 0.000000000000000000e+00 2.261952503599237371e-02 0.000000000000000000e+00 0.000000000000000000e+00 0.000000000000000000e+00 4.445295247744752987e-02 0.000000000000000000e+00 4.274679827113569280e-02 1.669427762058396381e-01 1.838953499278649650e-01 1.576964804745649151e-01
0.000000000000000000e+00 2.203787200168942639e-02 0.000000000000000000e+00 6.592839088387975055e-02 2.947179708923009997e-02 2.514966017813519139e-02 0.000000000000000000e+00 0.000000000000000000e+00 5.390430880847860845e-02 8.633902914276182783e-02 1.014863080737747787e-02 2.287541629843470037e-01 0.000000000000000000e+00 0.000000000000000000e+00 0.000000000000000000e+00 6.427472910475605372e-02 2.493400978977311500e-02 2.139505140259919114e-01 2.282888019679463892e-02 1.522780149867847266e-01
2.186467539897173767e-02 0.000000000000000000e+00 1.110108706531907352e-01 7.757739305227717708e-02 0.000000000000000000e+00 0.000000000000000000e+00 0.000000000000000000e+00 0.000000000000000000e+00 0.000000000000000000e+00 0.000000000000000000e+00 0.000000000000000000e+00 1.947139958252344372e-01 5.660845735557729595e-03 0.000000000000000000e+00 2.088907418229528357e-01 1.498840058866854515e-02 0.000000000000000000e+00 1.640131928091614344e-01 1.731193758060092514e-01 2.816050830797617657e-02
0.000000000000000000e+00 1.274347231881965414e-01 0.000000000000000000e+00 0.000000000000000000e+00 2.557201951874393253e-01 0.000000000000000000e+00 0.000000000000000000e+00 0.000000000000000000e+00 0.000000000000000000e+00 0.000000000000000000e+00 1.750196290247580111e-01 1.975825597675801015e-01 1.551522871762630457e-02 0.000000000000000000e+00 2.223238327885202481e-01 0.000000000000000000e+00 0.000000000000000000e+00 6.403831325879452349e-03 0.000000000000000000e+00 0.000000000000000000e+00
0.000000000000000000e+00 0.000000000000000000e+00 1.876808728806905191e-01 3.716776212795631640e-01 0.000000000000000000e+00 1.870852761765949834e-01 0.000000000000000000e+00 0.000000000000000000e+00 0.000000000000000000e+00 0.000000000000000000e+00 0.000000000000000000e+00 0.000000000000000000e+00 0.000000000000000000e+00 0.000000000000000000e+00 2.535562296631512780e-01 0.000000000000000000e+00 0.000000000000000000e+00 0.000000000000000000e+00 0.000000000000000000e+00 0.000000000000000000e+00
8.535512589156094010e-02 0.000000000000000000e+00 0.000000000000000000e+00 8.887167395477078846e-02 2.570879903361522958e-02 1.693860030779919049e-02 4.044226750932539138e-02 0.000000000000000000e+00 7.401892877075544330e-02 1.349694357956765338e-02 0.000000000000000000e+00 1.843376475374893242e-01 0.000000000000000000e+00 0.000000000000000000e+00 0.000000000000000000e+00 1.841627374766743874e-02 1.241446933026820465e-01 1.662288365716199923e-01 1.620402097931466223e-01 0.000000000000000000e+00
9.600296008639323808e-02 0.000000000000000000e+00 9.450319879284282965e-02 0.000000000000000000e+00 1.230492822018332093e-02 1.947214469829623151e-01 3.655979994739751854e-02 1.110967860906085687e-02 0.000000000000000000e+00 0.000000000000000000e+00 4.540789104916572588e-02 1.822229763797085234e-01 5.016271345775246554e-02 0.000000000000000000e+00 0.000000000000000000e+00 0.000000000000000000e+00 7.579200248424446118e-02 4.480941490868720761e-02 1.564029890816015511e-01 0.000000000000000000e+00
8.430928560837229815e-03 1.216204675615288888e-01 0.000000000000000000e+00 3.087492036168699716e-01 3.972660225999784245e-02 0.000000000000000000e+00 0.000000000000000000e+00 0.000000000000000000e+00 0.000000000000000000e+00 2.120262543547761502e-02 1.072756452712142899e-01 1.716478904541162698e-01 0.000000000000000000e+00 0.000000000000000000e+00 2.213466368399580053e-01 0.000000000000000000e+00 0.000000000000000000e+00 0.000000000000000000e+00 0.000000000000000000e+00 0.000000000000000000e+00
6.012157388969119332e-02 0.000000000000000000e+00 1.085608366352073251e-01 0.000000000000000000e+00 7.326701752099583353e-02 9.983920252570045728e-02 0.000000000000000000e+00 4.188846782034703897e-03 8.439322726042143563e-02 0.000000000000000000e+00 7.126069810145316263e-02 2.142189923181642419e-01 0.000000000000000000e+00 0.000000000000000000e+00 1.736107479123051300e-01 0.000000000000000000e+00 0.000000000000000000e+00 0.000000000000000000e+00 1.074371680699685444e-01 3.101688984058046002e-03
5.588154846004409620e-02 7.832619188524720874e-03 0.000000000000000000e+00 1.392831073210683557e-01 1.777464741081674071e-01 4.908237671737562466e-03 0.000000000000000000e+00 0.000000000000000000e+00 0.000000000000000000e+00 0.000000000000000000e+00 2.181621231990786558e-01 0.000000000000000000e+00 1.181529263078331393e-01 0.000000000000000000e+00 2.492848668065097417e-01 0.000000000000000000e+00 0.000000000000000000e+00 5.127319464470655704e-04 0.000000000000000000e+00 2.823536499058917557e-02
1.923612498232806986e-02 0.000000000000000000e+00 0.000000000000000000e+00 0.000000000000000000e+00 7.841901762434967671e-02 0.000000000000000000e+00 2.820556546142326954e-02 9.910843260117298270e-02 1.318174080957274820e-02 0.000000000000000000e+00 1.148898031475412487e-02 2.839052541438980004e-01 4.312104392435715111e-02 0.000000000000000000e+00 0.000000000000000000e+00 0.000000000000000000e+00 0.000000000000000000e+00 8.348005696154942035e-02 1.612694363786876528e-01 1.785843467979070787e-01
0.000000000000000000e+00 0.000000000000000000e+00 1.078477997817020861e-01 1.827877804861596511e-01 3.559813997218593679e-02 0.000000000000000000e+00 0.000000000000000000e+00 1.469068352286070356e-01 0.000000000000000000e+00 0.000000000000000000e+00 0.000000000000000000e+00 1.648253744496054884e-01 0.000000000000000000e+00 4.538219264180888557e-02 0.000000000000000000e+00 2.275404883914866269e-02 0.000000000000000000e+00 1.546644572336982812e-02 1.318866581288683504e-01 1.465447247485440196e-01
4.072985898499621726e-02 1.017862852632367837e-01 1.614412242988869928e-01 1.955010183905355192e-01 1.580967363243278856e-01 1.065356798927601534e-03 0.000000000000000000e+00 0.000000000000000000e+00 2.973794608872296855e-03 0.000000000000000000e+00 0.000000000000000000e+00 2.253827663658176383e-01 0.000000000000000000e+00 0.000000000000000000e+00 8.890767386454673238e-02 0.000000000000000000e+00 0.000000000000000000e+00 2.411528509985220309e-02 0.000000000000000000e+00 0.000000000000000000e+00
