2.217934762540252694e-02 0.000000000000000000e+00 3.411004158726234359e-02 5.758907787516721714e-03 3.499608568005555670e-02 1.441686817453043112e-02 5.756834997203857940e-02 2.179225890869726859e-03 2.007878239673056842e-02 1.130270217457161885e-01 6.728347389203987589e-03 1.835138024340183527e-01 5.024859535206790788e-04 0.000000000000000000e+00 2.625808606103042786e-01 0.000000000000000000e+00 0.000000000000000000e+00 2.265584284503589091e-02 0.000000000000000000e+00 1.444588309223640045e-02 0.000000000000000000e+00 6.025092922421570671e-03 3.241040167953485041e-03 5.458196150514461192e-02 1.414100522200382459e-01
7.143060892278867147e-02 9.947014939631197185e-04 3.738720133651356192e-02 1.004773891996018969e-03 7.496479950853438858e-03 8.381043836369339584e-04 3.453010940791349792e-02 2.108260877975637049e-01 1.898077858035155177e-02 2.124510368352227827e-02 0.000000000000000000e+00 9.415172852050633645e-02 0.000000000000000000e+00 2.056271694589742200e-03 7.330379333633284256e-02 3.389288790848845353e-04 1.351806794654336619e-01 7.625553807579073468e-04 2.627222778408240447e-03 1.932842109573731535e-03 0.000000000000000000e+00 5.591466688991635244e-03 1.470098882924535284e-02 1.368330201366924070e-01 1.277865527312804228e-01
1.150687147678655826e-02 3.099919560434560330e-03 6.072691079337302206e-02 7.244388051655137675e-03 9.759387946068688591e-02 0.000000000000000000e+00 1.273602705402706869e-01 1.220615370218529512e-02 6.584102274661222942e-02 7.971745728402791775e-03 3.199527322244553060e-04 3.446092699654339925e-02 0.000000000000000000e+00 8.136513420740147098e-04 1.584209343432002592e-01 6.677160890886892075e-02 4.283472296437842129e-03 1.641813945587225210e-01 7.880845113945059372e-04 1.239211547703846089e-01 0.000000000000000000e+00 2.377060384117361033e-03 3.273180445152591104e-03 4.165678934878336986e-02 5.180627301688954349e-03
0.000000000000000000e+00 1.040026359157829663e-02 9.865591301081119702e-02 7.489773665465916663e-03 1.143714613814336006e-01 0.000000000000000000e+00 5.813395342939026850e-02 1.060894308641236600e-02 1.115815052379845115e-02 9.003925606811144511e-02 0.000000000000000000e+00 1.158683596036710894e-01 1.223390071718421721e-02 1.716455213659317039e-02 2.409861679625726616e-01 0.000000000000000000e+00 5.113124560012078518e-02 2.434331636269895446e-02 6.757946208399773702e-04 1.134174251427583040e-02 0.000000000000000000e+00 1.340181207954348371e-03 0.000000000000000000e+00 1.225409718254249908e-01 1.516052691662465304e-03
6.768434622025748006e-03 5.675231150087093127e-03 1.703544050144823764e-04 0.000000000000000000e+00 5.490681716432853007e-03 4.302259524395818553e-03 6.433138182869715949e-02 1.613031177737958566e-01 2.482971797999986886e-03 1.334627300799830496e-01 0.000000000000000000e+00 2.030240772381067815e-01 1.427215312278784336e-03 1.350317853175311616e-03 5.479758212876234547e-02 0.000000000000000000e+00 6.499601431893843595e-02 2.537811339641230565e-03 1.467077436669670006e-02 7.685667774781382300e-02 1.273364026427624938e-02 1.361198470741288233e-02 6.277758474614284975e-03 1.536453754860013787e-01 1.008360786384977087e-02
3.550526392324062502e-02 0.000000000000000000e+00 3.935660845447094824e-02 4.453876217695823016e-03 5.383511835457328865e-02 1.825089542385635241e-02 1.275200071219753373e-01 4.683534800531227033e-02 2.223917416172615374e-02 1.975456986466824633e-02 3.255410991087829241e-03 1.089549378469843177e-01 9.755082111262164402e-02 3.377645189754236712e-04 1.292155995967909921e-01 8.478917764219665032e-02 9.650511420820507419e-03 1.748654744853149576e-04 2.570274896148406693e-02 1.843764833098982068e-03 2.071060634714140536e-02 1.124596435995985633e-01 2.402365406374190864e-03 1.958988708687753669e-02 1.561103363394348957e-02
6.974109433894500054e-02 3.185321248919479719e-03 5.861869254736461199e-02 1.319352759516555403e-02 1.694126531840612071e-01 9.823228975790288670e-03 3.075908273600602358e-02 5.886587423968962784e-02 0.000000000000000000e+00 4.894393340676516215e-04 0.000000000000000000e+00 1.456512699210042727e-01 1.055952971733154500e-01 0.000000000000000000e+00 1.371706532509049496e-02 0.000000000000000000e+00 1.963503697518585375e-02 0.000000000000000000e+00 1.162672582045154723e-01 0.000000000000000000e+00 3.688418716276532609e-03 1.035703978385398710e-01 1.366472985307383946e-02 1.817217365552274960e-03 6.230439442743655742e-02
0.000000000000000000e+00 7.889031824030513784e-02 1.205495616177376106e-01 1.286779514670421606e-02 5.133864728964388641e-02 0.000000000000000000e+00 1.802366383942704056e-02 1.348330618621118027e-01 1.134625721823389645e-02 3.058800074407167988e-02 0.000000000000000000e+00 1.733095012571213567e-01 2.571851012171616144e-03 0.000000000000000000e+00 1.113489605978572189e-01 5.398327901367894026e-03 1.004636414765691351e-03 4.152031752188217566e-03 3.675395057104750840e-02 1.196999509159825531e-01 3.512309622018645883e-02 3.078439090749466190e-03 9.827638751975489775e-04 4.402182325680394775e-02 4.117361176325184426e-03
6.158564320237312414e-03 0.000000000000000000e+00 2.740961504058707712e-02 0.000000000000000000e+00 9.286915597597952821e-02 1.464669817630963734e-04 1.663532930819446032e-01 1.275396055160815945e-01 2.456872372847997404e-03 1.644565271405480623e-04 0.000000000000000000e+00 1.925060990096275904e-01 5.841584896227007030e-03 0.000000000000000000e+00 2.108866924196300952e-02 4.374958006177574743e-02 2.397165827225726173e-02 1.348265024014606503e-02 2.270306614384542520e-03 2.541192023564971952e-02 8.789461228641919782e-03 5.416662790963329421e-02 9.852589389562817906e-03 1.337543276865224562e-01 4.201649539702673186e-02
0.000000000000000000e+00 1.493981353538524756e-03 7.857667403306586862e-02 1.585246931882841191e-04 9.811208814327581143e-03 4.298466116756884461e-03 2.077922050171096546e-01 3.730540049216947429e-02 7.781819574766659330e-03 1.163373688753645101e-02 0.000000000000000000e+00 1.478018868653135087e-01 5.123516238532668278e-03 6.451219698006157004e-04 3.436196582743370614e-02 2.527914933203393930e-02 5.767351087544465155e-03 0.000000000000000000e+00 0.000000000000000000e+00 3.862213860874704613e-02 0.000000000000000000e+00 5.329407583752557125e-03 1.628705384944504342e-01 9.436074745310586709e-02 1.209861595568258730e-01
0.000000000000000000e+00 2.977282004390266468e-02 1.387803359081762611e-01 6.302648609669318606e-03 1.984543586359355585e-02 0.000000000000000000e+00 1.060776661642918312e-01 0.000000000000000000e+00 0.000000000000000000e+00 0.000000000000000000e+00 0.000000000000000000e+00 1.425439068673375054e-01 1.192188131979003696e-01 1.343717703628426532e-02 1.716346999908031079e-01 7.960528119767797594e-04 1.437240852124280037e-02 0.000000000000000000e+00 9.764915173984929642e-02 3.096473224564175609e-03 0.000000000000000000e+00 4.808471073442634885e-02 5.021484286031635547e-02 1.261579560808036163e-03 3.691127686485733139e-02
0.000000000000000000e+00 1.194045679247033274e-02 9.228955629480781186e-02 4.101265719089734903e-04 8.484341795398352495e-03 0.000000000000000000e+00 1.635549114567814294e-02 1.319369618843443392e-01 4.742380542871500737e-02 2.517533855396390449e-02 0.000000000000000000e+00 1.834829050942932971e-01 0.000000000000000000e+00 0.000000000000000000e+00 1.304954570893242793e-01 0.000000000000000000e+00 2.236959761476188177e-02 1.027108817762408151e-02 1.200725104879861449e-01 1.309494118358825107e-02 1.086326312293300900e-02 7.530498364030284442e-02 2.484299892170161242e-02 1.282119440795209545e-03 7.390405675940250885e-02
1.043758669730174803e-02 1.619256310138054360e-04 5.680328941926760661e-02 9.854721165937550906e-04 4.217953162426641561e-03 7.211251372511730783e-03 1.703442108126608789e-01 1.562392873206260718e-02 1.471148985175783214e-02 1.279344109005228769e-01 1.663019994195836506e-04 1.498106459336799312e-01 0.000000000000000000e+00 0.000000000000000000e+00 3.941304803331022871e-02 7.135507017855363676e-02 1.480465453487805720e-02 5.125720360733825899e-03 1.338273297739021872e-01 8.359392954276571169e-04 0.000000000000000000e+00 2.391453804306728839e-02 0.000000000000000000e+00 1.414243322177951949e-02 1.381727999291286202e-01
2.000012341952747165e-03 8.718433650439823268e-02 8.711397794925465621e-02 1.600614161346733053e-03 1.980805341956396459e-01 1.745160526150217519e-03 2.345099551871578786e-02 1.207984130806447898e-01 0.000000000000000000e+00 1.910250900373979682e-02 3.159903167986328337e-03 7.203244063148175891e-02 9.388076181252138705e-03 7.264642992892935379e-03 3.621144413279565877e-02 0.000000000000000000e+00 8.342800087257062902e-02 0.000000000000000000e+00 3.588049286202681792e-02 7.174976206123017536e-03 5.082758299179396255e-03 7.336705272364042567e-03 2.828401668547966580e-04 3.552942667969372081e-02 1.561517392529362114e-01
0.000000000000000000e+00 1.678806950939237819e-02 1.308897855973876201e-01 3.170007768270276249e-02 3.332233277232135886e-04 7.756906410547573412e-04 9.254062423097663206e-03 1.210727795691212277e-01 5.276005764956524791e-02 3.270991214606425168e-02 0.000000000000000000e+00 1.726641714918194237e-01 1.964277665961435687e-03 6.253605443382847552e-03 2.764108792187138300e-02 0.000000000000000000e+00 0.000000000000000000e+00 8.621972959944022158e-03 5.172008786032906806e-03 9.984268319277042614e-02 1.799073031879408610e-03 1.044670627551728438e-02 1.500558676347950038e-01 2.101023792035563043e-03 1.171538632578810746e-01
1.009753067351470829e-01 7.062966518295475497e-03 3.452689730717848748e-03 7.442975713037734871e-03 4.536864380088467819e-02 5.524086746983353745e-03 1.364084551080055330e-01 1.214443209697105008e-01 3.345593894171861732e-02 1.694755691841016640e-02 0.000000000000000000e+00 4.162687498315299078e-02 0.000000000000000000e+00 1.312339493215501033e-03 1.287555278022735894e-01 5.598042997821348239e-03 3.371372839621825795e-02 6.760236408802472972e-03 1.266417459919069177e-01 3.649641995968837708e-06 4.557235613864420859e-02 1.107994005587592812e-01 0.000000000000000000e+00 1.356070005179701478e-02 7.572456352501334524e-03
4.695425118779564776e-03 1.960700788515212789e-02 4.269090859786831005e-02 1.161656852340300916e-02 1.034132855374698678e-01 9.981731547083160221e-04 1.908856253985748708e-01 1.312746180033011190e-01 2.190834985455271215e-03 7.757202126113092733e-02 0.000000000000000000e+00 1.976325896126301593e-02 0.000000000000000000e+00 8.285812763462267186e-04 1.411997662475810156e-01 0.000000000000000000e+00 4.564318840291871175e-03 1.593675777705572593e-03 1.207813503153458978e-01 3.331396068130885839e-03 4.272213606717835399e-02 1.950990474310830211e-02 1.492635329261571319e-03 2.400120343421865282e-02 3.526730447372533606e-02
4.305128784889076772e-04 1.500616222957019096e-02 3.333139182434559367e-02 4.918512666313771403e-02 3.253002730431123202e-02 4.502781501211671096e-03 9.827195231756825911e-02 1.306343952935521135e-01 8.930994229482219727e-04 1.031339292625110295e-02 0.000000000000000000e+00 3.057932658219362776e-01 0.000000000000000000e+00 1.679241525567726212e-04 2.872398079063662180e-02 1.076289276213176181e-02 4.801459840503713612e-03 9.108772216746227959e-03 1.178096853725219828e-01 1.163301682653056918e-02 0.000000000000000000e+00 8.898164483509514444e-02 1.672008191849913561e-02 3.128906099017596948e-03 2.726952700243919642e-02
4.324112817304699707e-02 4.061945927301293530e-02 8.560029579780679965e-02 2.018223892618512070e-03 4.599925868330588356e-03 0.000000000000000000e+00 5.622402782901520825e-03 1.196092126773748987e-01 1.234099037309289342e-03 9.818339222955861385e-04 3.268497875138520661e-03 2.135193631247763180e-01 4.258957677741314306e-03 1.211810433988537786e-02 1.053321464743312147e-01 3.321275819286215419e-04 2.000264570673257209e-03 1.200222288643517793e-01 3.687919550290297277e-02 4.242080712831772520e-04 0.000000000000000000e+00 0.000000000000000000e+00 2.260626924371391538e-02 2.105433202679242444e-02 1.546577232217840325e-01
8.916296111171983715e-03 0.000000000000000000e+00 8.709430538967606605e-02 5.035424336738009155e-03 1.386509894222679451e-01 8.723597343245719643e-03 4.324385192050004406e-03 0.000000000000000000e+00 1.611221480580674742e-02 1.108433522403641236e-01 0.000000000000000000e+00 1.658485737200674770e-01 8.008851813242448547e-02 4.667307388121356114e-03 1.509293051759896531e-01 6.826673257144653777e-03 8.601482052976764173e-03 5.352518857582436174e-03 0.000000000000000000e+00 3.693809542097157422e-02 0.000000000000000000e+00 5.527388580573778555e-03 7.354877238777618453e-03 3.902856278474137967e-03 1.442618390555753527e-01
8.420586777536079662e-03 1.006037308457558314e-03 1.608801738229200245e-04 9.079388752028984960e-03 3.358905663228273220e-02 0.000000000000000000e+00 2.871912266895664326e-02 5.612464339988380846e-02 7.590037371708234504e-03 2.919461239297427291e-02 2.687340996662899214e-03 2.316975885870892760e-01 3.663238577323539580e-02 0.000000000000000000e+00 4.636291650897331890e-02 8.137617864296696479e-02 6.217889141359229932e-02 7.326376628953501155e-03 9.526244470829611528e-04 5.114821340848518805e-02 9.428843603522583938e-02 2.614909673623710268e-02 4.625858078314555415e-03 1.412297350268838236e-01 3.945999223864574135e-02
9.144155948055529559e-02 1.028266591415267009e-02 1.238914113918959947e-01 3.169252926494637440e-02 1.143566326386856458e-01 0.000000000000000000e+00 6.337631457964572335e-02 0.000000000000000000e+00 1.756666192710245808e-02 4.677806141539456869e-03 0.000000000000000000e+00 1.132559035149961410e-02 0.000000000000000000e+00 1.164555523067528370e-03 1.621518674341341781e-01 2.837045779111053295e-02 3.207138031235472111e-03 5.817675563053232961e-03 0.000000000000000000e+00 0.000000000000000000e+00 9.850486240435823992e-02 1.320062948300537026e-02 5.664876942371101232e-02 1.936516489541519059e-02 1.429577077608860936e-01
1.139054353008973897e-01 7.678296261052407375e-03 3.369313758782137985e-02 1.318292093143939815e-03 2.000688452654961202e-02 7.662435091115193074e-03 1.288530098304069005e-01 1.532198876438306198e-02 2.282630599826463921e-02 7.919778219271037673e-03 0.000000000000000000e+00 6.567301008712553290e-02 5.010148756518015408e-04 0.000000000000000000e+00 1.446175396306954020e-01 5.051994818725734533e-03 0.000000000000000000e+00 1.487239320452941049e-01 6.313315311937395084e-03 3.360951024778780199e-03 2.357724217112394747e-03 8.549387471540309535e-02 9.170192377104102038e-03 1.340411763179123195e-01 3.550971090535372243e-02
1.626436750046375210e-02 3.605664110261815741e-02 4.464162098008812862e-02 1.806541888886683276e-03 0.000000000000000000e+00 0.000000000000000000e+00 1.551662777590452347e-01 1.260987191798163820e-01 1.959270438494931099e-02 1.827350801014811059e-03 0.000000000000000000e+00 7.733973885048434083e-02 0.000000000000000000e+00 0.000000000000000000e+00 1.113184582754239010e-02 0.000000000000000000e+00 1.558455598389857921e-01 0.000000000000000000e+00 1.285151588622327479e-01 2.517153356888222372e-03 3.148534798046974392e-02 9.226483215095268586e-03 8.637309960284212523e-03 4.584609603800610805e-02 1.280010824731288299e-01
0.000000000000000000e+00 5.991311319752044319e-03 1.642109620872970743e-01 1.358262164960280342e-02 1.165941318740859739e-01 0.000000000000000000e+00 0.000000000000000000e+00 4.472106359464361053e-02 1.285732555966167048e-02 1.222801735077831860e-02 0.000000000000000000e+00 8.624954027797626654e-02 0.000000000000000000e+00 7.060294593841297262e-03 2.331585922383621334e-01 0.000000000000000000e+00 0.000000000000000000e+00 1.176851543823670410e-02 0.000000000000000000e+00 2.521762382114956305e-03 9.988025427278741930e-02 7.241409790722098776e-03 1.568373857600027094e-02 2.185784513604578649e-02 1.443926138580916008e-01
2.168503329481866887e-02 2.137449758505067816e-03 0.000000000000000000e+00 1.170580875511246892e-02 1.828964088460515933e-02 6.065918163252141844e-03 1.269689630311569839e-01 1.723742287935565165e-01 1.064023883910918643e-02 0.000000000000000000e+00 0.000000000000000000e+00 1.001358668471167557e-01 2.802965169426851382e-04 0.000000000000000000e+00 1.040882606954857542e-01 7.532576514338211460e-02 2.403739426836610724e-02 4.344328142379350229e-03 3.277192277255686678e-03 2.295478812792662443e-02 4.890760184557934112e-03 1.499727515075216511e-02 5.457976532620035549e-03 1.248508526833468357e-01 1.454919619097518046e-01
3.753464462386695011e-02 1.757457607777310193e-02 8.812739725059515195e-02 9.836884265471704247e-02 5.290175167352949293e-02 0.000000000000000000e+00 1.664807274454649724e-02 1.268805514157100300e-01 1.319556044612229650e-03 8.037694961759234494e-03 1.530582900497052569e-02 1.144709223765748157e-01 3.355317552137495793e-04 9.746520323177832205e-04 8.672423138590443226e-02 0.000000000000000000e+00 3.096736921975256837e-02 5.718011637953622495e-03 2.652321930580150717e-03 4.253890359454740033e-02 0.000000000000000000e+00 9.637905895460957550e-02 0.000000000000000000e+00 1.385465677344876745e-01 1.799351292597800925e-02
0.000000000000000000e+00 3.826431821749964012e-03 1.418086786707716263e-01 4.437040861920947543e-03 2.869991927182491409e-02 1.748018110922157364e-03 1.435695920860830532e-01 7.881300766839553773e-02 3.197605431839353057e-02 6.486069109510259056e-02 0.000000000000000000e+00 3.106487385066785192e-02 2.902512963146278158e-02 0.000000000000000000e+00 1.341956433366262892e-02 0.000000000000000000e+00 0.000000000000000000e+00 2.508504575484825014e-02 2.527717894644017360e-03 2.106295877196322913e-02 0.000000000000000000e+00 9.568684214446217251e-02 2.542343311446573079e-02 2.193002857681679574e-01 3.766471483049103897e-02
9.759491990284127616e-02 2.106081285618146502e-05 1.755339848217784757e-02 6.247618808586836731e-04 5.525765902560408199e-02 7.701242533010045632e-02 7.636306185761326283e-03 1.286787301019814457e-02 2.301615798726473761e-03 2.112762689239401637e-02 2.861420950163211501e-03 1.955490708794423715e-01 1.774431820397201595e-04 1.789221618473780346e-04 2.048008998202170000e-02 1.548360541853700985e-02 1.263026126072836625e-02 1.446774307046972963e-01 9.545235530439837024e-03 1.458426331268690146e-01 0.000000000000000000e+00 1.879127888004992336e-02 6.242844458403585053e-03 1.275636957530305871e-01 7.978420390211611243e-03
0.000000000000000000e+00 0.000000000000000000e+00 3.373891497372814852e-02 1.381506865584314001e-02 5.380072368714861226e-03 9.763520479127344928e-03 1.378338775260964932e-01 5.149479685364596881e-03 7.605224829874032699e-02 2.903385355592282002e-02 0.000000000000000000e+00 1.287843446790973290e-01 2.367068639555921367e-02 0.000000000000000000e+00 6.243307099895605700e-02 1.096335406863205818e-03 1.086661754157288579e-01 1.682811035818415873e-04 2.292104780503238532e-03 9.008923494145205935e-03 0.000000000000000000e+00 3.013462636548025833e-02 1.633158779237071923e-01 1.291419997722330071e-01 3.052053812060690971e-02
8.074727590556567136e-02 1.613431979815611872e-02 8.746582391329010137e-03 2.010818009382189190e-03 7.246352195399205498e-02 7.006144957222661986e-03 0.000000000000000000e+00 0.000000000000000000e+00 5.177253906202864200e-03 4.454918904508295072e-03 3.900804406365774440e-02 1.221173828532904071e-01 7.077581337640538595e-02 0.000000000000000000e+00 8.035959697363496967e-02 3.535718745147042180e-02 1.188217936666931263e-01 1.109388638686716229e-02 1.296858800245519749e-01 4.954619552352564071e-02 4.806731446626781416e-03 1.102442612108613662e-01 3.849246256290904909e-03 6.444971053612301090e-03 2.114817388615292462e-02
1.808355245640813277e-02 9.807620318986215446e-03 2.754559373712176656e-02 3.560507841788390637e-02 8.272463403131410931e-03 4.314193056340046364e-03 1.490962239990074600e-01 6.314231373257794822e-02 1.682249108172493429e-02 1.602909720858537376e-02 0.000000000000000000e+00 2.752517137485346183e-02 4.934370662702232922e-03 0.000000000000000000e+00 1.514741943317650559e-02 8.441734051531141203e-02 9.295060472560061349e-03 4.979101225787249674e-03 1.199328146331593292e-01 5.913896024094197641e-04 4.022986095767366183e-02 1.425824949769005472e-02 1.429451797576888894e-01 4.186644795489754406e-02 1.451589665003230056e-01
4.208064157903797925e-02 0.000000000000000000e+00 4.992615787345842243e-02 1.262524558480675185e-02 3.289801414341373027e-03 0.000000000000000000e+00 4.990447774161815885e-04 1.762411609081424371e-02 0.000000000000000000e+00 2.236570158104003725e-02 0.000000000000000000e+00 3.041653526401731367e-01 0.000000000000000000e+00 2.773578211931528731e-02 1.593884981766967301e-01 0.000000000000000000e+00 0.000000000000000000e+00 5.441834997730649742e-02 8.366121310503349395e-03 0.000000000000000000e+00 0.000000000000000000e+00 1.206779836048238637e-02 1.357727010351622750e-02 1.290885576180179350e-01 1.427815607930734976e-01
6.083193640589694764e-03 1.064734710531196026e-02 9.009094933454143972e-02 1.509200291458871399e-02 1.800853410365590990e-01 2.114890432879607506e-03 4.447286509233163571e-02 3.746104012853745946e-02 4.103480701282896832e-03 9.418860324441984816e-03 0.000000000000000000e+00 1.122066326714203366e-01 3.344635785240109363e-04 1.465569899434950409e-04 1.348763980732656242e-01 1.423052267187605979e-03 1.185345715740613280e-02 7.782966455714580845e-02 1.674009598785078173e-04 1.362034025347718010e-02 0.000000000000000000e+00 1.029909042533141972e-01 5.301351847747090562e-03 1.201030054588436424e-01 1.957680122078189408e-02
4.821156901865417468e-03 0.000000000000000000e+00 1.666012685361970697e-02 2.388980758351345532e-02 5.013483765699389139e-02 0.000000000000000000e+00 2.427191127654044003e-02 7.510700948414524014e-02 7.509363426372792777e-03 8.766890917493164181e-02 4.839988616249203505e-03 1.768543080788586574e-01 0.000000000000000000e+00 2.964567976982600273e-02 1.552943403272479261e-01 6.641412353239862891e-03 8.962427041570823630e-04 2.031742983064595016e-03 0.000000000000000000e+00 2.487181904082260211e-03 0.000000000000000000e+00 1.368255336995319966e-03 6.221648341845082558e-02 1.256143674432623758e-01 1.420468747065833648e-01
0.000000000000000000e+00 7.608944568266893908e-03 2.367339127057754497e-02 2.056260795928000883e-03 1.556642070427099456e-01 0.000000000000000000e+00 1.127509848612135400e-02 4.189512284525646370e-03 0.000000000000000000e+00 1.555442029419638536e-02 0.000000000000000000e+00 2.577775134383646916e-01 1.663518430994176932e-04 0.000000000000000000e+00 1.203208643042541076e-01 9.500378297075116885e-02 1.596934716196233769e-02 0.000000000000000000e+00 4.706130151060613359e-02 5.794686927632053050e-03 0.000000000000000000e+00 6.786606785786707119e-03 8.029967294494241847e-02 3.451678847104979603e-03 1.473463585231702122e-01
1.171653706000607906e-02 0.000000000000000000e+00 1.010673813359284218e-01 1.120654200088868312e-02 3.670615430391287182e-02 1.108219109257076824e-03 9.727660320304327979e-02 7.811958750798238260e-02 0.000000000000000000e+00 4.682980906243923436e-03 3.583277664394019651e-02 1.466173231008622568e-01 2.076270889484314614e-03 0.000000000000000000e+00 1.722010067945994316e-01 0.000000000000000000e+00 6.734244815275086497e-03 5.792391409716482562e-04 6.040029458807583650e-03 1.077197785466073310e-01 0.000000000000000000e+00 2.305391893537333051e-03 0.000000000000000000e+00 1.235306778517625270e-01 5.447925543688954264e-02
2.920773456787788616e-02 0.000000000000000000e+00 6.663667480513749304e-03 5.416108997660541019e-02 1.231449374482158736e-02 0.000000000000000000e+00 1.622349783161053105e-01 1.609000530880370095e-01 3.823479471772010113e-02 7.203768497929773952e-03 0.000000000000000000e+00 2.912935474558222756e-02 2.870012949600828328e-04 1.686668058067648888e-04 4.045285271143071043e-02 1.345158742640236403e-02 1.144558958127998849e-02 6.490153226061798342e-02 1.305809131233629794e-01 1.419543551931959184e-02 6.733053344897064162e-03 0.000000000000000000e+00 2.989833535450654202e-03 2.040776461672457950e-02 1.943358346445542006e-01
7.452347851538207446e-02 3.456539649813285004e-03 3.308846070861265910e-03 1.673815009263863660e-02 0.000000000000000000e+00 1.335546792302389884e-03 1.958129222880674869e-01 8.462293671472503540e-03 3.096334110046987387e-02 0.000000000000000000e+00 0.000000000000000000e+00 1.129722463974282692e-01 0.000000000000000000e+00 0.000000000000000000e+00 3.466047939812477025e-02 1.347822917378508917e-03 0.000000000000000000e+00 1.263904976747804443e-01 1.274443566945671902e-01 3.482613822777277240e-02 1.005712263023982207e-02 1.677478971555027357e-02 2.665948352167100271e-02 1.641000098040827290e-02 1.578559436610710021e-01
7.585749502402541755e-02 5.583197846357089260e-03 0.000000000000000000e+00 0.000000000000000000e+00 6.894825977055975448e-03 1.019592310369055524e-02 4.404194592075894032e-02 3.764162127825509876e-03 1.063598446434996930e-02 1.154444156086876783e-01 3.394024103053536450e-03 1.490288973816618345e-01 6.044587770084152573e-02 6.904654737780489999e-03 1.697786691585091157e-01 0.000000000000000000e+00 5.471940509944831811e-03 3.005856165601874727e-02 9.392833983776598117e-02 1.125627120311410365e-02 0.000000000000000000e+00 3.819677604495386875e-02 1.538051022629381009e-02 9.720169487441662412e-03 1.340173578798694032e-01
0.000000000000000000e+00 7.445342675038717391e-03 1.229669722199680099e-01 1.663320400087256110e-02 9.860367760790064717e-02 7.032648223038680257e-03 1.633363875172931870e-02 2.413654051639381182e-01 6.640339232697392699e-04 4.441963606190772740e-02 0.000000000000000000e+00 1.454161358334310206e-01 0.000000000000000000e+00 9.699752191267532915e-04 3.858313220155680512e-02 1.427016404314879095e-05 1.170838822709679289e-02 2.657925134804352361e-03 6.304462924016331071e-02 7.889688076254269562e-04 1.342255995559723733e-02 3.342726135917428862e-04 0.000000000000000000e+00 2.446506031835185210e-02 1.431301236569480217e-01
0.000000000000000000e+00 0.000000000000000000e+00 1.419380081354571499e-01 1.653926300943028155e-04 0.000000000000000000e+00 2.586645531748162212e-06 1.474237021330588975e-02 0.000000000000000000e+00 2.157203458502567756e-02 2.471319480605357541e-02 0.000000000000000000e+00 1.527020756811777735e-01 0.000000000000000000e+00 0.000000000000000000e+00 1.213248886106806368e-01 1.410935451557645756e-03 1.650905442335311446e-01 7.490919443197144312e-02 3.984839604091031107e-03 1.096110456286113338e-01 0.000000000000000000e+00 2.458928634971160876e-02 0.000000000000000000e+00 5.098124896305664816e-02 9.226235403014235170e-02
5.939013865061041827e-03 0.000000000000000000e+00 3.589826088991898700e-02 3.191901469603935192e-04 3.037222396084154549e-02 6.080846009177822559e-03 1.510368566867223150e-01 4.768640283830980625e-02 0.000000000000000000e+00 2.439033023997526362e-02 0.000000000000000000e+00 1.145751448274628798e-01 3.368561189433847899e-03 1.951936412592516828e-03 1.562402607584013059e-01 0.000000000000000000e+00 4.078158942117193070e-02 1.014396185913644666e-01 1.295885254856619373e-01 0.000000000000000000e+00 0.000000000000000000e+00 3.286489067032929198e-03 2.495781911228116268e-02 1.985013249224855912e-03 1.201019172484050213e-01
0.000000000000000000e+00 5.931344345643188576e-02 1.038299783170273383e-01 1.930587635005752770e-02 1.093928997732943227e-02 5.329898548916639153e-03 3.096867188369290674e-02 1.737528791940148344e-03 7.013159285858912295e-02 1.570067756490753016e-02 0.000000000000000000e+00 2.041812513510400384e-01 0.000000000000000000e+00 3.301344497006076378e-02 1.664515409885333197e-01 0.000000000000000000e+00 6.694985336086959997e-04 8.324685188030524208e-02 0.000000000000000000e+00 0.000000000000000000e+00 7.004567297102041491e-03 4.152890586630438724e-02 2.287909086366436869e-03 8.727274403086214940e-04 1.434863448374780193e-01
1.212892299819899322e-01 2.079731521108274615e-03 1.213927989838222560e-02 6.678752771770513075e-02 7.144831275150852548e-03 0.000000000000000000e+00 1.515646045157130473e-01 4.033699511717359076e-02 5.383291594436414272e-03 8.992196252727903405e-02 0.000000000000000000e+00 4.076466520317363618e-02 0.000000000000000000e+00 8.051041323184241622e-03 3.673859683454440417e-02 1.384760673890822772e-03 2.814109369394598645e-02 3.023388489115015534e-03 1.313868445522177741e-01 3.174468232129734006e-03 1.921035859018140751e-02 5.242150586921200117e-03 3.595374485812359230e-03 4.745348385665009577e-02 1.751863193292948206e-01
