7.510540410135904676e-02 1.016406208795087029e-01 8.762086007354971326e-03 3.624876700279153902e-02 1.212196218476781356e-01 5.385383756645267805e-02 3.831768746638700672e-03 0.000000000000000000e+00 4.826882585275899668e-02 0.000000000000000000e+00 2.990388616658338616e-03 5.125646888812263567e-03 3.486110676235951167e-02 5.360575177488972540e-03 3.929459000558920695e-02 0.000000000000000000e+00 4.484838244960015485e-03 9.927113245095660343e-02 1.679777824180839763e-01 1.917030074305483278e-01
4.956746760256765033e-04 6.519496657452938937e-03 1.145375696881799788e-03 1.185689560635528744e-01 1.595914870804308883e-01 5.161254986006524881e-02 3.282547449540292039e-02 1.820324016901392616e-01 5.469623725387693508e-02 4.573873468210889331e-03 4.278387860850489883e-04 1.434646685392367005e-01 2.577965664258301346e-03 2.960446214518186112e-02 0.000000000000000000e+00 0.000000000000000000e+00 1.104674616602023401e-01 4.801281624903942780e-02 4.561385650349794596e-02 7.769403510458816088e-03
0.000000000000000000e+00 4.680870612789390234e-02 3.418397046675929283e-03 9.360703455404116580e-02 1.650209635628072657e-01 1.814257113802666133e-01 8.872572302549872059e-02 3.063322046956527475e-03 2.809139739493242416e-02 1.177812696969015574e-03 6.839145392216461339e-02 1.255655627279756055e-02 9.782223312456837794e-03 2.652273091927404708e-02 4.613178273527211021e-02 0.000000000000000000e+00 1.555171353685736758e-02 1.140849679905399892e-02 4.929702255307420733e-02 1.490189521130076411e-01
0.000000000000000000e+00 1.082134474459329337e-01 4.867564032790815641e-03 5.353598714994613900e-02 1.423650248872302959e-01 1.452028051265922548e-01 9.341116327101644384e-03 6.659617960653506363e-02 1.432762396707661923e-01 3.180381489298751696e-02 1.452607823641610500e-02 1.121330789603398534e-02 7.947133728175405365e-02 1.905291001536854991e-03 1.752687191204200211e-03 1.389307554761399360e-02 0.000000000000000000e+00 3.991848047613790612e-03 1.241237454332990986e-01 4.392045022464496906e-02
0.000000000000000000e+00 2.116139848731897824e-02 0.000000000000000000e+00 1.233336593257760433e-02 1.080844663280660783e-01 2.795794804195320810e-02 1.231214784919326503e-02 1.258741764459079815e-01 3.051090855433514007e-02 0.000000000000000000e+00 2.877527717763910323e-03 1.334039623946486341e-01 6.622811280925586762e-03 8.132503043965272349e-02 2.136319001684746505e-02 9.325613907966867622e-02 1.380318527993145729e-02 6.202886458423192972e-03 1.550410557912414167e-01 1.478697999015446407e-01
3.054105808446396300e-03 5.161022322297704329e-02 8.049302218919979213e-02 1.010601879440855694e-01 2.615528659360518565e-02 1.504051122236355342e-01 1.761435025246763661e-03 7.609294194830744373e-02 4.633429408186422183e-02 5.863789899513223783e-03 6.750775784074303405e-03 1.049199595932245321e-01 9.939649144173053064e-02 2.650311785310779239e-02 2.328282408731970066e-02 1.192488596357011571e-01 1.807687673177562834e-02 1.889118392676288061e-02 2.933689827366484093e-02 1.076261373575741580e-02
1.070240139945457525e-01 4.449437860203397932e-02 2.415281494043063429e-03 5.911207023980439429e-02 2.293640625147578410e-02 1.933408370449128388e-01 0.000000000000000000e+00 1.925356808313630902e-02 6.214421408662579305e-02 5.598696183275078501e-03 4.956166793906777689e-04 1.336684628148951115e-01 1.942912969009199242e-01 4.348551052722838227e-03 1.400522642980229528e-02 1.862626628611325705e-02 1.023643816592391537e-01 2.793565058631640365e-03 1.045947677916251803e-02 2.627690359269534062e-03
3.062300053095707523e-03 1.164264588125394628e-01 1.070732016663012917e-02 1.109578646627683296e-01 1.442889474650185244e-01 3.433455428545386517e-02 3.180044552153820508e-02 4.704179723053165257e-03 2.452824454595840808e-02 0.000000000000000000e+00 0.000000000000000000e+00 1.349935751320486821e-01 4.337965313004882480e-03 2.602453618042792696e-02 7.706023430444726430e-02 5.456160877379825740e-03 2.234128221479494691e-01 1.208569631658883321e-02 1.364219930724228612e-02 2.217649518485504540e-02
1.595612569012759205e-02 7.204833690951008285e-02 6.105359913089005580e-02 1.397778604940570768e-01 1.632634313777955870e-01 8.617558897722903122e-02 1.677411584120716906e-02 5.343487337857054029e-03 1.234291954529605218e-01 3.129140222383275383e-02 6.303618551027618915e-03 5.054442464279976233e-02 0.000000000000000000e+00 0.000000000000000000e+00 1.542701678725347421e-02 3.279524719525695603e-02 1.306908406945447576e-01 7.376524666307000648e-03 1.414315334778568946e-02 2.760603067955775050e-02
1.994944084349380836e-02 1.283352976906683984e-01 7.589749498649225878e-03 2.074872017456626597e-02 1.385301673664701971e-01 3.948652006692152105e-02 5.467971766058300417e-03 4.100599961218418660e-02 1.062434990428882953e-01 1.554140357265366632e-02 2.611545743113902066e-04 1.558449868628099255e-01 1.146933363670180712e-03 8.096344984388229027e-03 5.600870308469249256e-03 3.751110097685393836e-03 1.289124885439667523e-01 1.157909774503590589e-01 8.829295521066832936e-03 4.886706865871907196e-02
2.236189821186032340e-03 6.422554774521135879e-02 2.478489226955090849e-04 1.358600436802174030e-02 4.994708457150713382e-04 9.104729906535172224e-02 3.942740776354722830e-03 3.997415400991145840e-02 1.053613021618792639e-01 6.114099134950846080e-03 0.000000000000000000e+00 5.464737827307920848e-02 1.552648626691525424e-01 1.217523400648580917e-01 1.871913394945149411e-01 5.658437669086168083e-04 7.517171366408337274e-03 7.855540702327501110e-03 5.848463012243833477e-03 1.321224037992292100e-01
2.941154896366347110e-02 7.681258757463847731e-02 2.442578190590386292e-03 1.196432272993279075e-02 5.186445982818817246e-03 1.125984652433345001e-01 7.108659780891772584e-02 8.246174801769678986e-02 4.602218938476267118e-03 2.486040492926262866e-03 4.874453347208463423e-04 2.192828680420157716e-01 1.326939911164007058e-01 1.740197107569576573e-01 1.472241478943335687e-02 2.087016064655319858e-03 1.725153844724054350e-02 0.000000000000000000e+00 1.126119192029912536e-02 2.914126958528118205e-02
4.697005555317000067e-05 8.676259302807920459e-02 0.000000000000000000e+00 7.475501285931653202e-03 3.026355386751761883e-02 1.508605381839228654e-01 8.477195184929224581e-03 1.023172536171914199e-01 6.751561879000175792e-02 3.868765447689625527e-03 4.384657168572157759e-02 2.054079052342554224e-01 1.232390124416088001e-01 3.948982074731703651e-02 1.130397790337003524e-03 1.893452042316360381e-03 1.216011653852108604e-01 5.070940008963562657e-04 5.296591211520067753e-03 0.000000000000000000e+00
8.910685899903930890e-04 2.147335248928492271e-02 7.007253619195723260e-02 2.769312984496479640e-02 1.152168518166236250e-01 1.338991463849188990e-01 1.423708851639375952e-02 3.681919269954265356e-02 1.787875642981944348e-03 2.451228720581703421e-03 0.000000000000000000e+00 2.381841071543200627e-01 1.220486214034345075e-02 3.787943148168390617e-02 4.221809900726488513e-02 2.203918308600357270e-02 1.278791292850134653e-01 5.796571386147136157e-02 1.139010855099705996e-02 2.569789453566234672e-02
1.031772252016377629e-02 1.058048237031262995e-01 3.093586432855601354e-03 1.397064154798446749e-02 1.281490103118102242e-01 1.338401246125877075e-01 0.000000000000000000e+00 1.133079039219426626e-01 1.317975188210508408e-01 4.284878544644181095e-03 0.000000000000000000e+00 1.600551191304261378e-02 4.745105596894854403e-04 1.226889035618290540e-02 1.407911882766373357e-01 6.005453044456765315e-04 0.000000000000000000e+00 2.587418601066400481e-02 1.522654369680565695e-02 1.441924134663666035e-01
6.221700193472320950e-02 1.599416536119194557e-02 4.431981832505759583e-02 1.449971498473249243e-01 7.425995555830937345e-02 8.134627373785650178e-03 0.000000000000000000e+00 1.832972946892161281e-02 1.632119288854985001e-02 2.515345916642687876e-02 9.061005422435694512e-03 1.385414799119452645e-01 0.000000000000000000e+00 5.098837587125162191e-02 2.627419225815768450e-02 0.000000000000000000e+00 0.000000000000000000e+00 2.290196724837710932e-02 2.075335266311542637e-01 1.349723527323871963e-01
7.135305978292648399e-02 4.000185949803782698e-02 5.775672245354879566e-03 3.334922451858639975e-02 1.138093734167770071e-01 1.431767280742524684e-01 5.435907403214245218e-03 9.091248256617641410e-02 1.215364633044730691e-01 2.153898838274886929e-02 0.000000000000000000e+00 6.978560120978796397e-03 1.266560115400616575e-02 6.206104541036312587e-03 2.798350921252536400e-04 5.043399422734814661e-03 2.744221707805279478e-02 2.249261768448564125e-02 8.106642844084067934e-02 1.909354772731916838e-01
1.992464055674647832e-03 1.211545565624652654e-01 0.000000000000000000e+00 1.396890182808909787e-02 4.497417080227456010e-02 8.646340152072192267e-03 0.000000000000000000e+00 1.169971758237903642e-01 1.154688686498174105e-01 2.388891501351664629e-02 1.329158284772337644e-03 1.342047117610342399e-01 4.642110546781919034e-02 0.000000000000000000e+00 1.592191231841663668e-01 7.532689424205819308e-03 7.845932903137996239e-02 5.233200224836496300e-02 1.635169888943265037e-02 5.705878882112434825e-02
0.000000000000000000e+00 1.684515272997028634e-01 0.000000000000000000e+00 5.315814048562557403e-02 1.404114412889212737e-01 0.000000000000000000e+00 1.704210387178308351e-03 4.125656087685673074e-03 3.803215461400130670e-02 7.424414528769692802e-03 0.000000000000000000e+00 2.596202523988386246e-01 1.845083711448037081e-02 4.425685985432897124e-02 1.603311386098698610e-01 7.026543897245600412e-02 0.000000000000000000e+00 3.279523143013122078e-03 6.533893008742125766e-04 2.983501591425415447e-02
5.884022675724179773e-03 3.967573534226788087e-03 8.387386132049769183e-02 4.711449126223523319e-03 1.531957297464855150e-01 1.457849946212998737e-01 2.533036682203027024e-02 8.771959637386331221e-02 3.009240712369013956e-02 0.000000000000000000e+00 4.006952195072512740e-02 0.000000000000000000e+00 0.000000000000000000e+00 2.197813897500676752e-02 0.000000000000000000e+00 1.678964638297790815e-02 1.122211840701431559e-03 2.957347458180554015e-02 1.586890177485182352e-01 1.912179871762237637e-01
