0.000000000000000000e+00 0.000000000000000000e+00 9.710613520859914805e-02 7.053777975827014469e-03 3.082822966061491213e-02 1.353652703935529222e-01 1.335161558366929936e-02 0.000000000000000000e+00 0.000000000000000000e+00 1.442837770450984547e-02 7.128701018870270412e-02 1.403472606549184820e-01 0.000000000000000000e+00 8.014828894063722245e-03 1.429032875151246551e-01 0.000000000000000000e+00 5.463842018727488314e-02 0.000000000000000000e+00 2.646595431462647752e-02 1.154906387336759356e-02 0.000000000000000000e+00 0.000000000000000000e+00 5.446087104615172231e-02 3.364269502265528761e-02 1.585572017763411945e-01
1.500571865539583050e-01 6.685470437049149950e-02 0.000000000000000000e+00 0.000000000000000000e+00 1.015248761219167753e-02 1.310092160254688609e-01 1.574499211847640023e-01 0.000000000000000000e+00 0.000000000000000000e+00 0.000000000000000000e+00 0.000000000000000000e+00 1.808512638614358931e-02 0.000000000000000000e+00 0.000000000000000000e+00 6.265722411417480597e-02 0.000000000000000000e+00 1.150250693876811725e-01 6.626340294078286730e-02 0.000000000000000000e+00 0.000000000000000000e+00 0.000000000000000000e+00 0.000000000000000000e+00 0.000000000000000000e+00 1.576935754281299784e-01 6.475208599621309902e-02
6.419403848727597839e-02 0.000000000000000000e+00 0.000000000000000000e+00 0.000000000000000000e+00 5.697679148055457415e-02 3.754989105996964921e-03 5.427977645859789063e-02 4.907994639211821220e-02 0.000000000000000000e+00 3.459707359929806159e-02 0.000000000000000000e+00 5.370130322094442132e-03 0.000000000000000000e+00 0.000000000000000000e+00 2.224273913604653818e-01 0.000000000000000000e+00 0.000000000000000000e+00 9.768018658330629433e-02 7.884361992990680454e-03 1.045137090112991662e-01 0.000000000000000000e+00 7.660778816565766425e-02 1.612342484521927799e-01 5.803984870677471319e-02 3.359719881377271240e-03
1.279822925664089173e-01 5.652998642194431538e-03 0.000000000000000000e+00 1.229191467475760063e-03 1.164904540453140236e-01 0.000000000000000000e+00 0.000000000000000000e+00 0.000000000000000000e+00 0.000000000000000000e+00 1.365025757573502807e-01 9.068078854790244045e-03 9.678193977860359565e-02 0.000000000000000000e+00 0.000000000000000000e+00 2.447673832738460897e-01 0.000000000000000000e+00 0.000000000000000000e+00 3.908140061037602107e-03 6.153575715229604032e-02 0.000000000000000000e+00 0.000000000000000000e+00 5.075035271768647827e-02 0.000000000000000000e+00 1.453308356829964842e-01 0.000000000000000000e+00
0.000000000000000000e+00 1.310398398641170747e-01 5.193113677687020285e-02 0.000000000000000000e+00 0.000000000000000000e+00 0.000000000000000000e+00 4.850177021776764380e-02 0.000000000000000000e+00 0.000000000000000000e+00 0.000000000000000000e+00 0.000000000000000000e+00 1.223026188925800672e-01 7.475004926079485690e-02 1.728775531189046324e-02 1.529859736158214190e-01 0.000000000000000000e+00 2.840766231229039165e-03 9.102029664612236448e-02 0.000000000000000000e+00 7.606653012823149339e-03 0.000000000000000000e+00 1.193162534700886040e-01 1.290193953202578396e-02 1.675149471678691881e-01 0.000000000000000000e+00
1.591400579530219961e-01 6.700405191053553609e-03 1.549755955613998579e-02 0.000000000000000000e+00 1.180923649357977778e-01 0.000000000000000000e+00 1.401700760918910826e-01 4.581750399968695375e-02 0.000000000000000000e+00 0.000000000000000000e+00 0.000000000000000000e+00 0.000000000000000000e+00 8.765338679610944900e-03 0.000000000000000000e+00 2.390872125402199733e-01 1.770256024197004383e-02 0.000000000000000000e+00 1.544212122592926104e-02 0.000000000000000000e+00 0.000000000000000000e+00 0.000000000000000000e+00 0.000000000000000000e+00 7.028126288500988195e-02 1.633035366996683779e-01 0.000000000000000000e+00
8.579516955980507134e-03 0.000000000000000000e+00 1.430743671600182843e-01 0.000000000000000000e+00 1.540825399536496498e-01 1.489666703961118888e-01 0.000000000000000000e+00 0.000000000000000000e+00 0.000000000000000000e+00 1.224988649763646548e-01 0.000000000000000000e+00 0.000000000000000000e+00 0.000000000000000000e+00 0.000000000000000000e+00 1.109565322056103170e-01 0.000000000000000000e+00 3.943628489149692690e-02 0.000000000000000000e+00 2.320303559709765706e-01 0.000000000000000000e+00 0.000000000000000000e+00 0.000000000000000000e+00 3.580274585704169149e-02 4.572121632749441555e-03 0.000000000000000000e+00
1.351099902878214742e-01 1.894525375204549889e-01 0.000000000000000000e+00 0.000000000000000000e+00 0.000000000000000000e+00 5.536572460404236458e-04 1.525087177697575722e-02 0.000000000000000000e+00 0.000000000000000000e+00 1.424205579578930181e-01 0.000000000000000000e+00 1.197505278889533266e-02 0.000000000000000000e+00 0.000000000000000000e+00 2.222475494631320214e-01 3.251774751322372616e-03 1.423274405552519273e-01 0.000000000000000000e+00 2.090192640906061647e-02 0.000000000000000000e+00 0.000000000000000000e+00 0.000000000000000000e+00 9.151471512695292035e-03 2.200300022663921259e-02 8.535416950381762013e-02
7.524327647751703763e-02 1.287442410483363997e-01 0.000000000000000000e+00 0.000000000000000000e+00 9.356853218362978786e-02 0.000000000000000000e+00 1.483246467576431783e-02 4.126669037984510152e-02 0.000000000000000000e+00 0.000000000000000000e+00 0.000000000000000000e+00 1.749018315891813780e-01 3.054527173202828405e-02 0.000000000000000000e+00 1.536588846257907204e-01 8.904451512852912254e-02 1.254864075438632265e-01 2.728298991081856695e-02 0.000000000000000000e+00 0.000000000000000000e+00 0.000000000000000000e+00 0.000000000000000000e+00 0.000000000000000000e+00 5.504590972746224026e-03 3.992030373194983828e-02
0.000000000000000000e+00 0.000000000000000000e+00 4.705215740551380726e-02 1.207367016627719850e-02 0.000000000000000000e+00 7.529849891606112209e-04 2.005212044147929584e-01 1.408411778825937877e-01 4.797616838199046663e-02 6.341585873177060795e-02 0.000000000000000000e+00 1.619139846270690186e-01 7.927813543905409127e-03 0.000000000000000000e+00 1.269546507373038591e-01 0.000000000000000000e+00 1.474295002801622595e-02 2.076881488082809105e-02 0.000000000000000000e+00 7.945206886014292980e-02 0.000000000000000000e+00 0.000000000000000000e+00 5.565674207452681044e-02 1.699461358983471101e-02 2.955139686273656249e-03
0.000000000000000000e+00 0.000000000000000000e+00 1.693587239703175373e-01 0.000000000000000000e+00 0.000000000000000000e+00 0.000000000000000000e+00 1.993518884683851689e-01 1.399948004466080864e-01 0.000000000000000000e+00 1.211658048361228673e-01 0.000000000000000000e+00 1.376356034818218832e-01 1.811596957433281698e-03 0.000000000000000000e+00 1.195573846717492561e-01 0.000000000000000000e+00 1.546623004247411545e-02 0.000000000000000000e+00 1.370603525828200872e-02 0.000000000000000000e+00 0.000000000000000000e+00 0.000000000000000000e+00 6.600448717302333235e-02 7.048442956668497274e-03 8.899001737113982832e-03
0.000000000000000000e+00 1.175599434067554766e-01 1.391687437716699338e-01 0.000000000000000000e+00 9.901651449271591313e-03 0.000000000000000000e+00 7.305212398832761078e-02 1.417080527926088962e-01 1.877823851926445982e-04 1.015533855035271119e-02 0.000000000000000000e+00 7.531297724727605003e-02 0.000000000000000000e+00 2.177421026630164957e-02 1.706954806165153493e-02 0.000000000000000000e+00 3.672847998243679996e-02 2.923491390692865149e-02 1.434449741538020295e-01 6.622496535540531477e-03 0.000000000000000000e+00 1.680892360776699013e-01 0.000000000000000000e+00 0.000000000000000000e+00 9.989527424213939799e-03
3.012550955573903102e-05 3.491972953313908501e-02 0.000000000000000000e+00 2.186515218019520826e-02 0.000000000000000000e+00 0.000000000000000000e+00 2.639048571599776905e-01 0.000000000000000000e+00 1.166339525842312579e-03 0.000000000000000000e+00 0.000000000000000000e+00 3.983023869441844333e-02 4.916087770173445393e-02 0.000000000000000000e+00 1.783086464122533021e-01 0.000000000000000000e+00 0.000000000000000000e+00 3.245055577234469413e-02 2.407458501953431973e-01 6.260926870882565923e-04 0.000000000000000000e+00 0.000000000000000000e+00 1.459597796962386687e-02 1.018137353622582397e-01 2.058182129622537770e-02
0.000000000000000000e+00 1.294647723418662633e-01 0.000000000000000000e+00 0.000000000000000000e+00 1.284635763972654110e-01 1.346827309364454460e-02 0.000000000000000000e+00 0.000000000000000000e+00 3.044913463407994750e-02 4.054597490393497400e-02 0.000000000000000000e+00 5.519522326061194334e-02 2.394007884765274319e-02 0.000000000000000000e+00 1.112021715923933590e-01 0.000000000000000000e+00 2.397733572678398609e-03 8.378239185345680295e-02 7.064736520179752677e-02 0.000000000000000000e+00 0.000000000000000000e+00 0.000000000000000000e+00 1.400177391988405851e-01 0.000000000000000000e+00 1.704255651017774487e-01
0.000000000000000000e+00 1.276660673413188268e-03 1.532152283194210263e-01 0.000000000000000000e+00 1.205375745179177310e-01 0.000000000000000000e+00 0.000000000000000000e+00 1.296429743360284215e-01 0.000000000000000000e+00 9.816806475708084179e-02 0.000000000000000000e+00 1.833463603799616592e-01 0.000000000000000000e+00 3.084351863863114222e-03 4.766117108524025106e-03 0.000000000000000000e+00 1.486797652427458618e-03 0.000000000000000000e+00 0.000000000000000000e+00 5.399258608322793926e-04 0.000000000000000000e+00 1.032065377840665488e-01 1.363346149747549640e-01 6.076752591669345310e-02 3.627265855015166483e-03
0.000000000000000000e+00 0.000000000000000000e+00 0.000000000000000000e+00 4.894579486317206073e-05 2.972353283744778515e-02 0.000000000000000000e+00 1.775370101160639591e-01 1.522510935725094050e-01 0.000000000000000000e+00 1.773469285526972899e-03 0.000000000000000000e+00 1.882568342945160622e-01 0.000000000000000000e+00 0.000000000000000000e+00 6.670396776855382071e-02 0.000000000000000000e+00 1.437435218770689027e-01 4.272552062101738629e-02 1.752383975882186584e-01 0.000000000000000000e+00 0.000000000000000000e+00 0.000000000000000000e+00 2.042224330159941176e-02 0.000000000000000000e+00 1.575462942614430433e-03
3.968797955233401703e-02 0.000000000000000000e+00 1.242317428446977484e-01 0.000000000000000000e+00 0.000000000000000000e+00 0.000000000000000000e+00 8.110138785735307790e-03 1.513492213415568721e-01 9.034413580155280232e-02 2.521071698711479722e-02 0.000000000000000000e+00 1.078274255721309721e-01 1.694124231658779289e-02 0.000000000000000000e+00 1.913770712118334841e-02 0.000000000000000000e+00 1.232650318517084093e-01 0.000000000000000000e+00 1.562221074990453318e-01 5.593269663139153504e-03 0.000000000000000000e+00 0.000000000000000000e+00 1.320792806632133942e-01 0.000000000000000000e+00 0.000000000000000000e+00
0.000000000000000000e+00 1.999594886777351140e-03 0.000000000000000000e+00 0.000000000000000000e+00 0.000000000000000000e+00 0.000000000000000000e+00 1.806409183883288250e-01 1.558197276892956118e-01 2.302629418779763779e-02 8.278776343802800308e-02 2.059057125281924319e-02 1.431073766728683527e-01 7.098390879736042602e-02 0.000000000000000000e+00 6.614174040375964125e-02 0.000000000000000000e+00 0.000000000000000000e+00 9.911974255449773619e-02 1.483064960816410649e-01 6.880302853210440266e-03 0.000000000000000000e+00 5.955627936156915022e-04 0.000000000000000000e+00 0.000000000000000000e+00 0.000000000000000000e+00
0.000000000000000000e+00 1.636075518144080865e-01 0.000000000000000000e+00 0.000000000000000000e+00 0.000000000000000000e+00 1.526278919510111291e-02 1.327382217011072452e-01 1.021348168625049041e-02 0.000000000000000000e+00 1.485245693312145683e-02 0.000000000000000000e+00 0.000000000000000000e+00 3.386990746593358803e-02 0.000000000000000000e+00 1.519040957933789626e-01 2.751019428661183319e-03 2.893270129394952261e-02 7.574912339571142350e-02 2.038920149967528642e-02 3.619166018744795349e-02 0.000000000000000000e+00 0.000000000000000000e+00 5.304279144739335733e-02 0.000000000000000000e+00 2.604949981578604246e-01
6.746913044822712424e-02 0.000000000000000000e+00 1.304428813853963226e-02 2.258930388611215742e-02 1.134073624319047596e-01 1.147498279075797600e-01 2.259676740077807416e-02 4.924992450613518979e-02 7.820517146333116898e-02 3.303649384367123715e-02 0.000000000000000000e+00 1.689775441178081178e-02 0.000000000000000000e+00 0.000000000000000000e+00 1.341202137114238246e-01 0.000000000000000000e+00 1.038134966021248690e-01 6.496977748703789204e-03 0.000000000000000000e+00 0.000000000000000000e+00 0.000000000000000000e+00 0.000000000000000000e+00 1.951754250219091616e-02 4.359820408662693630e-02 1.612075409108697233e-01
2.319602304539908344e-02 1.102518693567273722e-01 1.398806118218943462e-01 6.715359002988119906e-03 5.236134439007934099e-02 1.289030835470266478e-01 7.161555687209385235e-02 0.000000000000000000e+00 0.000000000000000000e+00 3.858000705533588121e-02 0.000000000000000000e+00 1.485590974969761870e-02 0.000000000000000000e+00 2.449942045365994733e-02 1.611577778994682519e-01 0.000000000000000000e+00 8.138649370679812770e-03 0.000000000000000000e+00 1.870364060561765726e-02 0.000000000000000000e+00 0.000000000000000000e+00 9.899839794209594479e-02 8.947887793559439196e-02 7.625727355077099347e-03 5.037743596564428841e-03
0.000000000000000000e+00 0.000000000000000000e+00 4.327266175908120460e-02 0.000000000000000000e+00 0.000000000000000000e+00 0.000000000000000000e+00 1.307337405425021415e-02 0.000000000000000000e+00 9.138741585446745475e-02 1.609386643579636678e-01 0.000000000000000000e+00 1.195276998522650513e-01 3.322380467577416147e-02 0.000000000000000000e+00 1.801828969312560258e-01 0.000000000000000000e+00 1.749789004612812377e-03 1.154569526602417517e-01 0.000000000000000000e+00 0.000000000000000000e+00 0.000000000000000000e+00 0.000000000000000000e+00 4.619863845505709637e-02 6.353095260454875992e-02 1.314571497904817865e-01
0.000000000000000000e+00 3.940359154611532133e-02 1.360206328936484355e-01 0.000000000000000000e+00 0.000000000000000000e+00 0.000000000000000000e+00 1.280349809566192210e-01 0.000000000000000000e+00 1.229069471732928825e-01 0.000000000000000000e+00 0.000000000000000000e+00 2.035616212728074415e-01 5.207820839433950025e-04 6.584176473387894600e-04 2.043327012397864184e-01 0.000000000000000000e+00 0.000000000000000000e+00 0.000000000000000000e+00 1.287984827033253066e-01 0.000000000000000000e+00 6.918770719330034208e-04 0.000000000000000000e+00 3.132557020923516095e-02 0.000000000000000000e+00 3.744395201954562637e-03
0.000000000000000000e+00 2.731923405132689192e-02 0.000000000000000000e+00 0.000000000000000000e+00 1.171190882591343838e-02 1.150676470884592628e-01 0.000000000000000000e+00 0.000000000000000000e+00 0.000000000000000000e+00 0.000000000000000000e+00 0.000000000000000000e+00 1.630753381360993404e-01 0.000000000000000000e+00 0.000000000000000000e+00 3.069260204396514688e-02 9.098427723101036591e-02 1.493352396785737335e-01 3.654684530143711540e-03 1.671214151974092788e-01 0.000000000000000000e+00 0.000000000000000000e+00 0.000000000000000000e+00 2.569310227801225796e-02 5.245180343224642439e-02 1.628927475068401021e-01
1.373414860440384279e-02 2.769174225551658194e-02 1.408349005838324675e-01 0.000000000000000000e+00 1.879133711912473099e-04 0.000000000000000000e+00 3.570092895186068662e-05 1.332887247647542850e-01 0.000000000000000000e+00 4.157865312159367971e-02 0.000000000000000000e+00 2.705189200546563866e-01 2.082866634696606961e-02 0.000000000000000000e+00 1.701883465608536317e-01 0.000000000000000000e+00 6.495562678221719101e-03 0.000000000000000000e+00 2.547593940748564025e-03 0.000000000000000000e+00 0.000000000000000000e+00 0.000000000000000000e+00 2.553580003134120306e-03 1.303470207914937153e-02 1.564808447060261065e-01
8.711741564446404129e-02 1.245744301433095030e-01 0.000000000000000000e+00 0.000000000000000000e+00 1.752481241991757106e-03 0.000000000000000000e+00 2.123705951681232884e-01 1.195681390574006818e-02 0.000000000000000000e+00 0.000000000000000000e+00 2.118847356893536951e-03 1.689418937228306383e-01 4.492448483079496124e-02 0.000000000000000000e+00 1.016529246160598893e-02 9.389461124072671916e-02 2.113963427939860584e-03 0.000000000000000000e+00 0.000000000000000000e+00 0.000000000000000000e+00 0.000000000000000000e+00 0.000000000000000000e+00 5.639432217598241287e-02 3.989276581373210617e-02 1.437820828658651073e-01
0.000000000000000000e+00 4.036688067263042440e-03 4.173866107181588292e-02 0.000000000000000000e+00 1.253230492528546736e-01 0.000000000000000000e+00 1.035955282657224225e-01 1.847818979374231951e-01 0.000000000000000000e+00 1.449948233087831970e-03 4.100989266080429241e-02 2.340649850948122931e-02 0.000000000000000000e+00 0.000000000000000000e+00 7.025105258808314601e-02 0.000000000000000000e+00 1.781667526078986943e-02 7.723155200073558192e-03 0.000000000000000000e+00 0.000000000000000000e+00 0.000000000000000000e+00 1.945922669588971143e-01 6.282245538324839236e-03 1.573753564028242125e-01 2.061708405255477730e-02
0.000000000000000000e+00 1.926693467502769985e-02 0.000000000000000000e+00 0.000000000000000000e+00 1.338431348146454924e-01 0.000000000000000000e+00 1.569241847565560344e-01 0.000000000000000000e+00 0.000000000000000000e+00 1.211741596964837631e-01 0.000000000000000000e+00 6.077368791482232711e-03 5.493761245886941841e-02 9.184427953561321916e-04 1.771062820615591504e-01 0.000000000000000000e+00 2.991813786029163397e-02 9.465573808057808902e-02 4.869203270352573387e-02 0.000000000000000000e+00 0.000000000000000000e+00 6.688406144902579557e-03 1.144721967638992893e-01 1.650734629993141564e-02 1.881802209689133198e-02
1.620380600545924185e-02 0.000000000000000000e+00 1.455596825919479032e-01 1.927389706525001536e-03 9.124776134987960807e-02 0.000000000000000000e+00 0.000000000000000000e+00 0.000000000000000000e+00 0.000000000000000000e+00 0.000000000000000000e+00 0.000000000000000000e+00 1.074573317927120936e-01 2.344615661754378966e-02 0.000000000000000000e+00 1.876693640147016062e-01 2.404507178195632901e-03 4.316857305969646480e-02 0.000000000000000000e+00 1.442338044688214714e-02 9.193538476261367554e-02 0.000000000000000000e+00 1.275888374150731808e-01 0.000000000000000000e+00 1.469678250587697910e-01 0.000000000000000000e+00
0.000000000000000000e+00 0.000000000000000000e+00 0.000000000000000000e+00 2.855437856415021097e-02 1.534420856940379996e-01 1.498709548899413990e-01 3.397746869918317342e-02 0.000000000000000000e+00 9.007792922435005345e-02 1.304463454539188105e-01 0.000000000000000000e+00 3.340627875596255403e-02 0.000000000000000000e+00 0.000000000000000000e+00 1.341814548860268547e-02 0.000000000000000000e+00 0.000000000000000000e+00 1.093171010832006823e-01 6.665996062252906029e-02 0.000000000000000000e+00 0.000000000000000000e+00 0.000000000000000000e+00 0.000000000000000000e+00 1.720327512762074296e-01 1.879660024791611136e-02
