1.245897295175680680e-01 7.477299855349106572e-02 0.000000000000000000e+00 0.000000000000000000e+00 0.000000000000000000e+00 4.331345423848833448e-02 0.000000000000000000e+00 9.437556400625067565e-03 1.865122274016761672e-01 1.167451261239983024e-02 1.640047061779744547e-02 1.429264919090430797e-01 0.000000000000000000e+00 7.986315771278193476e-02 1.307594775611681526e-01 3.007359497929344358e-02 0.000000000000000000e+00 2.003637269448558383e-02 3.575465865631713338e-03 1.260644899355502779e-01
1.432550969797912188e-01 0.000000000000000000e+00 3.764204643345064882e-02 1.920691121678684901e-02 3.347872568311504454e-02 2.432038850834743540e-02 0.000000000000000000e+00 0.000000000000000000e+00 1.744827435173087471e-01 0.000000000000000000e+00 1.652571150885215378e-03 1.455134411229213331e-01 0.000000000000000000e+00 2.732924445309663913e-02 3.435782842412481424e-03 0.000000000000000000e+00 1.311416372106796457e-01 8.220697570385585018e-02 2.403233407322374893e-02 1.523021011041251760e-01
1.356256412657518839e-01 4.502084793110464056e-02 3.203917657614140796e-02 2.927918003949603679e-02 0.000000000000000000e+00 1.209017961436185430e-02 0.000000000000000000e+00 1.210673368767448133e-02 1.302655961498557502e-01 0.000000000000000000e+00 0.000000000000000000e+00 1.421695775955339469e-02 1.656062010625055161e-02 5.057814593971744072e-02 4.820833578050429634e-03 0.000000000000000000e+00 0.000000000000000000e+00 2.357299015430592559e-01 1.529157427578060613e-01 1.287504430511767772e-01
0.000000000000000000e+00 3.949912580341220086e-02 0.000000000000000000e+00 9.746251436425511228e-02 0.000000000000000000e+00 1.061433404888888210e-02 4.199043925177008141e-02 1.110758827588830544e-01 1.494983063313672367e-01 3.195968617714443211e-02 0.000000000000000000e+00 0.000000000000000000e+00 4.718002505713943251e-02 1.232038963816362437e-01 0.000000000000000000e+00 6.180260166364882728e-03 4.253651221352516831e-03 1.304968217727431601e-01 2.014718627726320432e-01 5.113193892410663847e-03
0.000000000000000000e+00 1.741025205023796762e-02 1.133508365034911454e-03 1.615618018148030355e-01 0.000000000000000000e+00 0.000000000000000000e+00 8.907105811036899329e-03 1.129125097237319297e-01 0.000000000000000000e+00 0.000000000000000000e+00 0.000000000000000000e+00 1.820497919542596876e-01 7.641524136466947004e-02 7.021446599214874185e-02 4.719227961106670262e-03 0.000000000000000000e+00 2.683589254466699128e-03 2.981249643686959341e-02 1.768547803380835781e-01 1.553252289335507463e-01
1.599595784809407506e-01 2.224524324601986208e-02 1.112889668911519053e-01 5.898458421225638224e-03 1.065269982023533263e-01 6.616589313875559202e-03 9.844461301212820842e-03 0.000000000000000000e+00 1.025356799427888307e-02 3.281858299297129092e-03 0.000000000000000000e+00 1.942501994369317808e-01 5.516895557593720287e-03 5.084766219682747279e-02 4.571312113499417448e-03 0.000000000000000000e+00 0.000000000000000000e+00 1.070906774795466476e-01 6.916403694261612223e-02 1.326434941226290742e-01
1.635671396172279912e-01 0.000000000000000000e+00 0.000000000000000000e+00 1.639775793200047294e-01 0.000000000000000000e+00 1.188014037627888042e-01 0.000000000000000000e+00 1.494568914571169777e-02 1.714169155746000373e-01 0.000000000000000000e+00 0.000000000000000000e+00 1.396902202639538071e-01 1.815799040451888946e-02 0.000000000000000000e+00 3.435456324256952465e-02 1.493926297865600349e-02 0.000000000000000000e+00 7.533409885988545142e-03 8.694215682522317412e-02 6.567366897875685783e-02
1.256104318204828152e-01 1.097777604971065940e-01 0.000000000000000000e+00 0.000000000000000000e+00 9.806378405734704484e-02 1.079600254363813766e-01 0.000000000000000000e+00 7.962359866249484053e-02 0.000000000000000000e+00 0.000000000000000000e+00 0.000000000000000000e+00 1.367702550106265624e-01 7.480848387332231404e-03 1.257209715805790440e-01 0.000000000000000000e+00 7.899185922454619174e-03 3.120594539350083664e-03 1.213859020432940874e-02 4.168038439860057010e-02 1.441535694829146619e-01
0.000000000000000000e+00 1.064748481601576896e-01 0.000000000000000000e+00 2.415981465213446477e-01 6.274711145449250738e-02 0.000000000000000000e+00 0.000000000000000000e+00 1.465371453552057335e-01 2.113766243267325550e-03 5.226970253604136529e-02 0.000000000000000000e+00 1.556906945368535244e-01 4.194217731072020366e-02 0.000000000000000000e+00 1.163714888900320606e-02 1.196367900418930652e-02 8.866777351427964152e-03 2.723183853145545036e-02 1.309269641058409817e-01 0.000000000000000000e+00
1.212049806146966655e-02 1.024842714283093481e-01 0.000000000000000000e+00 1.762001600459256467e-01 1.122554103671143805e-01 1.244348731777271677e-01 7.074569331669067207e-02 1.765375952540041218e-02 2.680243936028008436e-02 1.000353380565695838e-01 0.000000000000000000e+00 1.858773320268239104e-01 0.000000000000000000e+00 1.052645260536764008e-02 1.788470876042658241e-03 0.000000000000000000e+00 0.000000000000000000e+00 9.552900176082469372e-03 0.000000000000000000e+00 4.952240097619632631e-02
0.000000000000000000e+00 1.310434731693433568e-03 0.000000000000000000e+00 4.373576043065967311e-02 2.257324346375030877e-03 3.069432242112665743e-02 0.000000000000000000e+00 1.231954657232681334e-02 9.231681202061672864e-02 1.108702101910837706e-02 0.000000000000000000e+00 1.148288785157662167e-01 0.000000000000000000e+00 4.180838852485071339e-02 7.545207166213611927e-02 0.000000000000000000e+00 1.244735926197026860e-01 1.047623199068427463e-01 2.123956985190579294e-01 1.325578287097368413e-01
7.479451758349490997e-02 9.376805134096627414e-02 0.000000000000000000e+00 0.000000000000000000e+00 0.000000000000000000e+00 6.736775954096631096e-03 0.000000000000000000e+00 2.837133389843556897e-01 1.233341424073166187e-01 1.123086193714453208e-02 0.000000000000000000e+00 1.225771846112132801e-01 1.779459361434401060e-02 6.324181059088908145e-03 1.789971821613436584e-02 0.000000000000000000e+00 2.809421534177415289e-03 1.182531329732125353e-01 0.000000000000000000e+00 1.207640797844548308e-01
6.535952988653966240e-03 2.609434223797284930e-02 0.000000000000000000e+00 5.072181865331836653e-02 8.315240367094295718e-03 1.241695783794365265e-01 0.000000000000000000e+00 3.307750916766244442e-02 2.917644312768692405e-01 1.388435162174256332e-02 0.000000000000000000e+00 1.454678057610383213e-01 0.000000000000000000e+00 0.000000000000000000e+00 3.348241040917911832e-02 0.000000000000000000e+00 1.406094905574596654e-01 8.868382886418399447e-02 0.000000000000000000e+00 3.719323971538859852e-02
4.691162284847943433e-03 4.391924152601836551e-02 6.656522332896033789e-02 1.403615065506634840e-01 6.749894246332260872e-02 1.567709283633083595e-01 0.000000000000000000e+00 1.422771061871525022e-01 0.000000000000000000e+00 0.000000000000000000e+00 0.000000000000000000e+00 1.470423124842270557e-01 0.000000000000000000e+00 0.000000000000000000e+00 1.661480637187951748e-01 0.000000000000000000e+00 4.115977814554506314e-02 1.982762975037345894e-03 2.158297197212174015e-02 0.000000000000000000e+00
1.221139801504425582e-02 1.446848142358420596e-02 0.000000000000000000e+00 3.803315288164750563e-02 0.000000000000000000e+00 2.075680990424123244e-03 0.000000000000000000e+00 1.279013187312844253e-02 2.079010489315420152e-01 0.000000000000000000e+00 0.000000000000000000e+00 1.098428677617055843e-01 0.000000000000000000e+00 2.258071419681698111e-01 1.276745753832031205e-01 9.752666684899793242e-03 0.000000000000000000e+00 5.373729501604877085e-02 3.939326476239564390e-02 1.463122943082068306e-01
0.000000000000000000e+00 0.000000000000000000e+00 3.690380923572515737e-02 9.476257496448550754e-03 4.375067125654538008e-02 4.179542075923416838e-02 0.000000000000000000e+00 5.436932093603322885e-02 0.000000000000000000e+00 0.000000000000000000e+00 2.781704064711161203e-03 2.515269020840203429e-01 1.063609681613745112e-01 0.000000000000000000e+00 1.158348309611072907e-02 0.000000000000000000e+00 4.092362423416996339e-03 0.000000000000000000e+00 2.643070797882454692e-01 1.730520206981343290e-01
1.363565091174638866e-01 0.000000000000000000e+00 0.000000000000000000e+00 0.000000000000000000e+00 1.650829406653530479e-02 1.765137312692401095e-01 8.051504498507371099e-02 2.737555186393070827e-01 0.000000000000000000e+00 0.000000000000000000e+00 0.000000000000000000e+00 2.357270069157871989e-02 0.000000000000000000e+00 6.762726250637672576e-02 1.143150914199208071e-02 0.000000000000000000e+00 5.296539993798742019e-02 0.000000000000000000e+00 7.460936723861899544e-02 8.614466240582582812e-02
1.306682818117366716e-02 0.000000000000000000e+00 1.731215992437652382e-02 1.912957895648948470e-01 0.000000000000000000e+00 0.000000000000000000e+00 0.000000000000000000e+00 0.000000000000000000e+00 0.000000000000000000e+00 5.321597456405957605e-02 6.462911006791419860e-03 2.010662392369401072e-02 4.240584729085312282e-02 2.459316354136748678e-02 4.142546157706104154e-02 0.000000000000000000e+00 4.597784663641061101e-03 1.042261355848548426e-01 2.146416601505992949e-01 2.666496600266329842e-01
1.268882187618421420e-01 1.592831789546570176e-01 4.896879768429503871e-02 5.115479535244464582e-02 1.313481594797876600e-02 0.000000000000000000e+00 0.000000000000000000e+00 0.000000000000000000e+00 0.000000000000000000e+00 2.325866802784368539e-02 0.000000000000000000e+00 1.775655111118327467e-01 0.000000000000000000e+00 0.000000000000000000e+00 1.398389370823584221e-01 1.698653977894657927e-02 9.545632800830786135e-02 1.012286397643770014e-01 9.826655563957356621e-03 3.640891396115875089e-02
1.606953038014269017e-02 8.290227100757519008e-02 0.000000000000000000e+00 7.599992548989505624e-03 8.340392338434012010e-02 0.000000000000000000e+00 1.072729480141447825e-02 4.264832105756599656e-02 1.488338958177888027e-01 0.000000000000000000e+00 0.000000000000000000e+00 1.364065698952420663e-02 0.000000000000000000e+00 1.820726003498539525e-01 6.412781004531195594e-02 4.865795037802400982e-03 2.963326297892252340e-02 0.000000000000000000e+00 1.599010838140055568e-01 1.535735617867625136e-01
1.529712552495348099e-01 1.553144533822294338e-01 6.398745567500138676e-02 1.541436232783528933e-02 6.164061402967768721e-03 4.828352445692140477e-02 0.000000000000000000e+00 1.193055081712404014e-02 0.000000000000000000e+00 0.000000000000000000e+00 2.189207271501444549e-02 2.952690559999104902e-01 2.873978555157973014e-02 2.118344768114189050e-02 2.225154196904712001e-02 0.000000000000000000e+00 0.000000000000000000e+00 0.000000000000000000e+00 0.000000000000000000e+00 1.565984327716922475e-01
0.000000000000000000e+00 9.325988254229876373e-02 0.000000000000000000e+00 1.332347901522990541e-01 0.000000000000000000e+00 0.000000000000000000e+00 1.927873224818757100e-02 0.000000000000000000e+00 1.720121454287510676e-01 0.000000000000000000e+00 3.943742777227930534e-03 1.466649752419089958e-01 7.151754300263987729e-02 3.096534419204301225e-02 3.143455026959559445e-02 3.067296797499010838e-02 0.000000000000000000e+00 1.256424358491882790e-02 0.000000000000000000e+00 2.544510825851391544e-01
2.907465769486197379e-02 8.551928095512564831e-02 5.147250796445782678e-02 1.277375437735924768e-01 0.000000000000000000e+00 1.357591496434705780e-01 0.000000000000000000e+00 1.283047054261478026e-01 3.519713051891120575e-02 1.195811359988503825e-01 0.000000000000000000e+00 1.827315772339126176e-02 0.000000000000000000e+00 0.000000000000000000e+00 0.000000000000000000e+00 0.000000000000000000e+00 0.000000000000000000e+00 0.000000000000000000e+00 2.433649290549427802e-01 2.571580124624815722e-02
3.645556565680125455e-02 1.460082634943318802e-01 4.552206154943206316e-03 2.480572763030870417e-02 2.778361852420647982e-02 1.449927961574645208e-01 5.242144614623856815e-03 5.634297551512044977e-02 2.524201275832490751e-03 0.000000000000000000e+00 0.000000000000000000e+00 0.000000000000000000e+00 1.079407156135189609e-02 0.000000000000000000e+00 1.346949821295785783e-02 7.079674149177579701e-02 2.554530734001365655e-01 0.000000000000000000e+00 1.863744287195462368e-01 1.440468759059872726e-02
9.036140118389233977e-02 1.086793870819448282e-01 2.118178399457862349e-02 1.392891441845205414e-01 0.000000000000000000e+00 0.000000000000000000e+00 3.542802840081351462e-02 8.177498967099687543e-02 4.117138166562679669e-02 8.877976444444447487e-03 0.000000000000000000e+00 0.000000000000000000e+00 1.075756784882955647e-01 6.746230659356326764e-02 5.472709903980886581e-02 0.000000000000000000e+00 0.000000000000000000e+00 1.480900662330144300e-02 7.301992477811963811e-02 1.556418918500930837e-01
