0.000000000000000000e+00 7.515369743166150363e-02 0.000000000000000000e+00 0.000000000000000000e+00 1.993339886708156428e-02 7.056198475291038108e-02 0.000000000000000000e+00 0.000000000000000000e+00 0.000000000000000000e+00 0.000000000000000000e+00 1.525511850461278296e-01 1.906419001989420603e-01 5.029731499806356504e-02 1.211831496729482288e-01 3.304829558578582099e-02 5.309172532469829536e-02 0.000000000000000000e+00 1.290151391565292904e-01 5.150379774454549864e-02 5.301841122070608675e-02
1.333233703150508154e-01 0.000000000000000000e+00 0.000000000000000000e+00 1.238834606663251209e-01 1.613162798342893667e-01 9.070664452906423286e-03 0.000000000000000000e+00 1.318760219011153589e-01 0.000000000000000000e+00 0.000000000000000000e+00 1.024436642386698966e-02 1.813727948321360028e-01 0.000000000000000000e+00 3.089992188562389747e-02 0.000000000000000000e+00 0.000000000000000000e+00 7.056466334180459821e-02 3.864990935975431280e-02 7.712920082065408134e-02 3.166934616647295447e-02
0.000000000000000000e+00 2.922035803452316394e-02 5.088807609874846510e-02 8.418570086263683916e-02 0.000000000000000000e+00 1.722493668494516628e-01 4.129148301616819561e-02 0.000000000000000000e+00 0.000000000000000000e+00 0.000000000000000000e+00 0.000000000000000000e+00 0.000000000000000000e+00 0.000000000000000000e+00 1.147644526055422165e-01 1.723655668775053024e-02 0.000000000000000000e+00 0.000000000000000000e+00 1.065365882722010132e-01 2.143123423990619392e-01 1.693150751739158910e-01
1.154148784035885361e-01 6.088280516679187016e-02 1.513165111863347123e-01 0.000000000000000000e+00 6.608065665260016985e-02 8.970099137532144828e-02 0.000000000000000000e+00 0.000000000000000000e+00 1.502513674666452505e-02 0.000000000000000000e+00 3.029536684142448977e-02 4.258508923009392960e-02 3.089994252528896826e-02 3.116162760868216967e-03 3.754528269688742204e-02 8.067211600307250263e-02 5.141024828592815482e-02 5.180383102712060595e-02 1.732509810980144282e-01 0.000000000000000000e+00
0.000000000000000000e+00 4.214004720255981086e-03 1.450800104014325631e-01 5.834638370852510830e-02 9.033181551099324358e-02 1.137902047624659851e-01 0.000000000000000000e+00 0.000000000000000000e+00 0.000000000000000000e+00 0.000000000000000000e+00 8.619919018570601846e-03 1.756425407803598737e-01 0.000000000000000000e+00 8.790072007376885377e-02 4.222966258964989950e-03 0.000000000000000000e+00 2.027243803551520909e-02 9.128613455805492660e-02 1.376161268595029429e-02 1.865312494851422420e-01
1.165726399030565658e-01 6.605650057871015335e-02 1.975669013913028405e-01 1.494004580708019163e-02 0.000000000000000000e+00 2.243632348054274903e-02 3.696117257991017070e-03 5.084382056464772925e-02 0.000000000000000000e+00 1.152796551754415276e-02 0.000000000000000000e+00 1.737422590042121406e-01 9.603736006573698747e-02 3.629438345575778518e-02 3.457166398272804291e-03 1.399743709015187909e-01 0.000000000000000000e+00 2.417450638039756947e-02 6.608424232706896183e-03 3.607121506052166776e-02
1.116702734213043946e-01 0.000000000000000000e+00 0.000000000000000000e+00 1.613018857182242916e-01 1.724836384781750498e-01 2.392880384134369320e-01 0.000000000000000000e+00 5.584876585405666033e-02 1.734000133544238292e-02 2.165792761228519520e-02 3.782782187015174772e-03 1.808591717365553853e-01 8.530957112529777633e-03 2.314473485231506589e-02 0.000000000000000000e+00 0.000000000000000000e+00 0.000000000000000000e+00 1.831362498391386545e-03 2.260460780268556957e-03 0.000000000000000000e+00
1.084802940133466898e-01 0.000000000000000000e+00 9.666681081586446511e-02 1.212582247435519955e-01 3.276230544734855255e-02 1.074623886207163176e-01 0.000000000000000000e+00 1.017409183972215747e-01 0.000000000000000000e+00 0.000000000000000000e+00 0.000000000000000000e+00 5.127273628646100007e-02 5.269721126804979491e-03 2.822219738684375936e-02 0.000000000000000000e+00 1.093380469497240853e-01 0.000000000000000000e+00 6.149040153646481016e-02 1.550801012496507980e-01 2.095585342600099141e-02
0.000000000000000000e+00 0.000000000000000000e+00 2.946371028919875235e-02 1.671035842169634189e-01 4.892819709216595682e-03 1.514884911097701681e-01 0.000000000000000000e+00 1.626766883141237408e-01 2.801278806747104638e-02 0.000000000000000000e+00 0.000000000000000000e+00 1.572945690082200310e-01 1.492274983490447793e-01 0.000000000000000000e+00 0.000000000000000000e+00 0.000000000000000000e+00 0.000000000000000000e+00 8.513396282778855351e-02 6.470588810820285253e-02 0.000000000000000000e+00
0.000000000000000000e+00 1.311349563548777908e-01 0.000000000000000000e+00 8.730131882753033867e-02 1.326586673703278318e-01 6.715305104293975424e-02 3.565634135038018432e-02 0.000000000000000000e+00 4.482390584340648770e-02 0.000000000000000000e+00 0.000000000000000000e+00 1.342717777000408952e-01 8.886358630272653270e-02 2.899331502634033136e-02 1.074921841294428915e-01 0.000000000000000000e+00 0.000000000000000000e+00 0.000000000000000000e+00 0.000000000000000000e+00 1.416508960519869409e-01
0.000000000000000000e+00 4.200888971704789393e-02 6.646673913116908639e-02 1.165362838446271782e-01 1.205158765207329716e-02 5.069029919601303336e-02 6.698654952868209750e-03 9.974832605739575309e-02 0.000000000000000000e+00 0.000000000000000000e+00 1.719607829624712064e-02 1.328039778988205355e-01 5.005542372221817582e-02 1.147266424645151765e-02 6.155758114625425187e-02 0.000000000000000000e+00 1.228797263220127028e-01 1.814941022082803279e-01 2.833966560852080666e-02 0.000000000000000000e+00
1.954726290637026978e-03 9.460717049575873006e-02 1.426997629300916226e-01 0.000000000000000000e+00 0.000000000000000000e+00 1.617689726892716784e-02 0.000000000000000000e+00 5.190829459066760576e-02 0.000000000000000000e+00 7.128581669461541911e-03 0.000000000000000000e+00 3.101219946489325308e-01 6.637955026928465951e-02 4.897633231812208165e-02 3.729542917225329296e-02 3.430925361160820641e-02 2.637788228407982050e-02 1.337740628226911366e-01 0.000000000000000000e+00 2.829006162748457995e-02
7.276505445527426535e-03 0.000000000000000000e+00 0.000000000000000000e+00 9.702188541219548823e-02 7.689459941195944670e-02 1.934120186640098105e-01 0.000000000000000000e+00 8.487277649144352523e-03 1.989496901726305490e-03 3.895166998768692657e-02 8.468145954067236858e-02 2.219227468298176353e-01 1.920321495592436020e-02 9.732901393378093347e-02 8.186361619539998802e-03 1.179949742076765867e-01 0.000000000000000000e+00 2.664877544033834519e-02 0.000000000000000000e+00 0.000000000000000000e+00
5.329975626187137550e-02 2.578914954599061116e-02 1.931447086600268995e-02 1.838449343740673481e-01 0.000000000000000000e+00 4.213971218115333817e-02 4.351114110135432395e-02 0.000000000000000000e+00 1.160855056853853269e-02 0.000000000000000000e+00 1.252248937887821545e-01 1.099353953301473591e-01 8.882274267036986389e-04 7.599381783347165797e-02 1.329798483641003171e-01 0.000000000000000000e+00 5.585870284050550860e-02 0.000000000000000000e+00 1.196113995173111733e-01 0.000000000000000000e+00
0.000000000000000000e+00 1.587771208605920081e-01 1.429863387045375023e-01 0.000000000000000000e+00 0.000000000000000000e+00 7.246791228691125755e-03 0.000000000000000000e+00 5.165546065520038206e-03 2.201615903501419336e-02 0.000000000000000000e+00 1.285002305673813884e-02 1.880377843599423116e-01 4.649868436884399547e-02 8.569371403420583677e-02 1.915014602819150313e-01 8.579837638337017847e-02 4.782423548224937898e-02 5.603766138380237433e-03 0.000000000000000000e+00 0.000000000000000000e+00
1.630434402423406454e-02 0.000000000000000000e+00 0.000000000000000000e+00 0.000000000000000000e+00 2.574874446786301063e-01 5.441351311092471055e-02 0.000000000000000000e+00 2.586566772159833508e-02 0.000000000000000000e+00 2.369634803869441128e-02 0.000000000000000000e+00 1.650860841052410599e-01 0.000000000000000000e+00 0.000000000000000000e+00 3.968645814677211614e-02 0.000000000000000000e+00 7.659825234261039006e-02 0.000000000000000000e+00 1.930450584201446607e-01 1.478168294111501802e-01
1.340917448586790295e-01 0.000000000000000000e+00 2.637074630369442424e-02 9.119527834427085256e-02 3.113144077876762311e-02 1.107651998152949513e-01 0.000000000000000000e+00 1.666034237716768618e-01 0.000000000000000000e+00 0.000000000000000000e+00 9.540508101406044647e-03 6.842055145576576847e-02 0.000000000000000000e+00 1.453288015591718552e-01 2.579060644091973192e-02 0.000000000000000000e+00 0.000000000000000000e+00 0.000000000000000000e+00 1.081489008531784889e-02 1.799468084850349425e-01
1.004448310739084887e-01 3.313646666411890901e-02 0.000000000000000000e+00 5.926467637629669917e-03 1.378318925263445349e-01 4.103634414005427611e-02 0.000000000000000000e+00 1.837625642408100696e-02 0.000000000000000000e+00 7.576862770839430661e-03 0.000000000000000000e+00 1.000301615058888857e-02 0.000000000000000000e+00 1.566426935702128487e-01 2.205289066062001424e-01 0.000000000000000000e+00 8.163541227460305305e-02 0.000000000000000000e+00 2.951050370735018927e-02 1.573503464540684238e-01
1.173881002791032219e-01 0.000000000000000000e+00 0.000000000000000000e+00 1.212417668843496915e-01 8.109317918337942410e-02 0.000000000000000000e+00 2.920499474317683405e-02 1.243080387832288386e-02 0.000000000000000000e+00 0.000000000000000000e+00 0.000000000000000000e+00 1.302640984924345879e-01 0.000000000000000000e+00 4.642496818049931390e-02 1.828066067841980225e-01 1.104073572909371366e-02 0.000000000000000000e+00 1.360617268828417104e-01 0.000000000000000000e+00 1.320430189626006778e-01
0.000000000000000000e+00 9.919675784499516757e-02 6.089585749580266570e-03 8.591867051573424952e-02 3.195495742645892978e-02 3.590468646753549459e-02 0.000000000000000000e+00 4.501389077027270758e-02 0.000000000000000000e+00 0.000000000000000000e+00 0.000000000000000000e+00 3.012845342358389661e-02 7.453891089450983762e-03 9.750259899783621578e-03 0.000000000000000000e+00 1.163348236258669594e-01 2.925160144282575037e-02 7.763718092783927771e-02 1.630732777869233485e-01 2.622919630291491999e-01
6.531033617489001575e-02 1.055706856219546241e-01 0.000000000000000000e+00 1.682022978502988736e-02 0.000000000000000000e+00 1.104485350343130529e-01 0.000000000000000000e+00 1.357704871449492111e-02 0.000000000000000000e+00 2.215860417669184360e-02 1.219143711498041210e-01 3.055460033049954560e-02 9.692084951242667390e-02 1.668005849267307494e-01 1.928526488681900908e-01 2.670357252612700141e-02 0.000000000000000000e+00 0.000000000000000000e+00 0.000000000000000000e+00 3.036793317884743312e-02
1.648651671501719443e-02 0.000000000000000000e+00 0.000000000000000000e+00 1.049929258553893019e-01 1.400884119820036411e-01 4.929011266514536638e-03 0.000000000000000000e+00 0.000000000000000000e+00 5.717180907555735082e-03 0.000000000000000000e+00 1.247555652301920309e-02 1.647421504574994588e-01 1.726784200879128567e-02 1.251839303504592438e-01 6.102337981898959922e-03 0.000000000000000000e+00 0.000000000000000000e+00 1.154934573613946858e-01 1.672351508880318416e-01 1.192855277024250094e-01
7.169530922899311487e-02 2.332916177418889458e-02 0.000000000000000000e+00 9.863275973354046489e-02 2.444659694640890363e-02 0.000000000000000000e+00 0.000000000000000000e+00 3.877677680131797074e-04 4.292945850968776789e-02 1.881216515248697319e-02 3.313009739191385972e-02 1.456387681597464956e-01 9.759326478484643685e-02 1.449112954796125396e-01 0.000000000000000000e+00 0.000000000000000000e+00 0.000000000000000000e+00 7.348507321539974116e-03 1.605549110964213655e-01 1.305899366525999361e-01
2.750230952413641392e-02 6.816717109913282557e-02 1.390577668778293294e-02 0.000000000000000000e+00 1.236647234881481459e-03 1.344530733086747309e-01 2.558650360386247047e-02 5.265615739641293924e-02 0.000000000000000000e+00 0.000000000000000000e+00 3.953358563948281695e-02 0.000000000000000000e+00 1.087145012996317134e-01 9.462960112865285989e-02 0.000000000000000000e+00 7.350607466496288100e-03 0.000000000000000000e+00 6.816769656307773706e-02 1.555209762998863154e-01 2.025753927478884386e-01
1.257703895090590274e-01 6.077684608035273384e-02 1.381339196077089604e-01 5.004736674135814439e-02 1.820651979569593709e-02 0.000000000000000000e+00 1.564790079694591829e-02 4.927238099465792998e-02 0.000000000000000000e+00 5.107201725025269784e-02 3.351799977084953669e-02 0.000000000000000000e+00 4.847472949274323623e-02 1.640175177615759219e-02 2.004631033579188509e-02 4.566206677706336620e-02 0.000000000000000000e+00 9.237159185907445336e-02 7.691604957562216127e-02 1.576821596366665967e-01
