7.514081420685413300e-03 0.000000000000000000e+00 3.540653835016695922e-02 7.469623327057141673e-03 6.164048311830563204e-02 0.000000000000000000e+00 1.795682000963654684e-02 5.302578500681989077e-02 0.000000000000000000e+00 0.000000000000000000e+00 0.000000000000000000e+00 0.000000000000000000e+00 0.000000000000000000e+00 3.401444822261548429e-02 2.540039879224429975e-01 1.775365200067130847e-02 0.000000000000000000e+00 1.368429759186139995e-02 0.000000000000000000e+00 5.058320378357659963e-02 0.000000000000000000e+00 1.512946808539848177e-02 1.654509218524709835e-01 6.028795128836762426e-03 2.603378941794544099e-01
3.685465505489732285e-02 1.225342721936759083e-01 5.259448569840706467e-02 0.000000000000000000e+00 0.000000000000000000e+00 0.000000000000000000e+00 1.624179353267097281e-01 0.000000000000000000e+00 0.000000000000000000e+00 0.000000000000000000e+00 0.000000000000000000e+00 0.000000000000000000e+00 0.000000000000000000e+00 7.363782239514843342e-02 1.734601176671105027e-01 1.098153894533714092e-01 4.736934589707126816e-03 6.025315221058107767e-02 0.000000000000000000e+00 0.000000000000000000e+00 0.000000000000000000e+00 0.000000000000000000e+00 2.015651574484159103e-02 1.835387196655497710e-01 0.000000000000000000e+00
2.245968957927000492e-02 0.000000000000000000e+00 2.533813415876325428e-02 1.356651010916856137e-01 1.438471154631453842e-02 0.000000000000000000e+00 8.915187069777671947e-02 3.275199156264695793e-02 0.000000000000000000e+00 4.163464766430208241e-02 8.739838069553623745e-02 0.000000000000000000e+00 0.000000000000000000e+00 4.925463202303973637e-02 1.982227399013819225e-01 8.569095242825365555e-02 7.788176041010984492e-03 0.000000000000000000e+00 0.000000000000000000e+00 1.869787664247748798e-04 0.000000000000000000e+00 0.000000000000000000e+00 1.229042679105788322e-01 2.500866961814867881e-02 6.215905631486607491e-02
1.394178467731023718e-01 4.975912346566847833e-02 1.106609004347103437e-01 1.239535257980423077e-01 1.387697581055067665e-02 0.000000000000000000e+00 0.000000000000000000e+00 0.000000000000000000e+00 0.000000000000000000e+00 0.000000000000000000e+00 0.000000000000000000e+00 0.000000000000000000e+00 0.000000000000000000e+00 0.000000000000000000e+00 1.546570551062785293e-01 0.000000000000000000e+00 0.000000000000000000e+00 0.000000000000000000e+00 5.139230912066111712e-02 9.521870442377507876e-03 0.000000000000000000e+00 0.000000000000000000e+00 1.554048719687595725e-01 1.635003548672076534e-01 2.785516621264143289e-02
1.096217329648481592e-01 0.000000000000000000e+00 0.000000000000000000e+00 0.000000000000000000e+00 5.487729266397572275e-02 3.690227944902636087e-03 4.464189538791915601e-02 2.640594329427826958e-02 0.000000000000000000e+00 2.949179843499563289e-02 0.000000000000000000e+00 0.000000000000000000e+00 0.000000000000000000e+00 1.554328501436021180e-03 1.654948032284233594e-01 0.000000000000000000e+00 0.000000000000000000e+00 3.663623662231602768e-02 6.148801605929018338e-02 1.229748305633127231e-01 5.306212184067498477e-02 0.000000000000000000e+00 6.063437074728791898e-02 1.688872088157170881e-01 6.053919293062213353e-02
8.191906580252976411e-02 1.500373087069433176e-01 6.340713971290472262e-02 0.000000000000000000e+00 0.000000000000000000e+00 1.448016710774745197e-02 1.134167729373798152e-02 0.000000000000000000e+00 1.341982608546532854e-02 1.323015840341707772e-01 0.000000000000000000e+00 0.000000000000000000e+00 0.000000000000000000e+00 6.241461943869554274e-02 7.354150830679771766e-02 0.000000000000000000e+00 0.000000000000000000e+00 3.463236396496031932e-02 0.000000000000000000e+00 0.000000000000000000e+00 2.872187675878554863e-02 2.383955975916165343e-02 7.530139472466104711e-02 6.923607584567113837e-02 1.654058324577678818e-01
4.340251788652066400e-02 0.000000000000000000e+00 3.342273542139410913e-02 4.034328976088943398e-03 1.472512320812957853e-01 0.000000000000000000e+00 9.866539688372047423e-02 1.207872281170698642e-01 0.000000000000000000e+00 9.161185959337824966e-03 0.000000000000000000e+00 0.000000000000000000e+00 2.616756285604704413e-02 7.133037396989514237e-03 1.624391004797315352e-01 0.000000000000000000e+00 0.000000000000000000e+00 0.000000000000000000e+00 2.016647458634401036e-01 0.000000000000000000e+00 0.000000000000000000e+00 0.000000000000000000e+00 2.154937550038725155e-02 0.000000000000000000e+00 1.243215525779769737e-01
8.897057278031567096e-02 1.040940880396427487e-01 5.756388627526227292e-02 2.180272282109678786e-02 0.000000000000000000e+00 4.619827563173379420e-02 5.793439355237526948e-03 4.028813640271509261e-02 0.000000000000000000e+00 1.160385328565640972e-01 0.000000000000000000e+00 2.978136324157365164e-02 1.553371804505702079e-03 1.145127382420280532e-01 8.457319311163441489e-02 1.014550168077233000e-01 1.879998621453702820e-02 4.486025896094193895e-03 3.797936005667417597e-02 8.078691188349028038e-03 9.954967854405831137e-03 0.000000000000000000e+00 2.696842565728468574e-02 1.486181614729845113e-02 6.624538961532352999e-02
7.666271703195086384e-02 0.000000000000000000e+00 1.772007713362209677e-02 0.000000000000000000e+00 1.584541429450865013e-01 0.000000000000000000e+00 0.000000000000000000e+00 1.344276507955530046e-02 0.000000000000000000e+00 4.248177435480627456e-02 0.000000000000000000e+00 0.000000000000000000e+00 1.039220501476932276e-02 0.000000000000000000e+00 1.662702247512883591e-01 0.000000000000000000e+00 7.126405861882834092e-02 1.074760800964381091e-01 2.733697984809909179e-02 9.228405717576129708e-02 0.000000000000000000e+00 0.000000000000000000e+00 2.670607303831003948e-02 8.175058253489422833e-02 1.077582623765902387e-01
1.997078759365596146e-02 0.000000000000000000e+00 3.206667068809371246e-02 5.725414468773840776e-02 7.066996640953073471e-03 7.348996096600218797e-02 1.174957838379857566e-01 2.103533835333689650e-01 1.095114635110533419e-02 8.195679263923168201e-02 0.000000000000000000e+00 2.838490974123137126e-03 0.000000000000000000e+00 0.000000000000000000e+00 1.683350760253247702e-01 0.000000000000000000e+00 9.781794956307137551e-03 7.287679905703237484e-04 6.761919816090322666e-02 0.000000000000000000e+00 0.000000000000000000e+00 2.121629977114598137e-02 0.000000000000000000e+00 1.213680364179615251e-02 1.067379015416941024e-01
1.340092202482243144e-02 2.244310713243108032e-03 1.157277096687650206e-02 0.000000000000000000e+00 6.142080924441611217e-02 5.587815935458654432e-02 1.320154836730180747e-01 0.000000000000000000e+00 0.000000000000000000e+00 3.449670472554646622e-02 0.000000000000000000e+00 1.847238119445044149e-04 0.000000000000000000e+00 0.000000000000000000e+00 2.707219135449839831e-01 0.000000000000000000e+00 3.740492346671205059e-02 1.156379805803835342e-01 3.144157137388154527e-02 1.115215804011564504e-01 5.644348075423289562e-04 7.886672103109139409e-02 4.012201743114632291e-02 0.000000000000000000e+00 2.504972848648706705e-03
9.320370188422498481e-02 0.000000000000000000e+00 5.551638004998232789e-02 0.000000000000000000e+00 1.486383708392450265e-01 2.944895257314423045e-02 1.241170667211622877e-02 0.000000000000000000e+00 3.464575614037097764e-03 1.190717577827866275e-01 0.000000000000000000e+00 2.519800740875315775e-02 0.000000000000000000e+00 2.047453429763931576e-01 1.252285390046547868e-02 1.520000411693082920e-03 5.938342533037763160e-02 2.335659852164550035e-02 0.000000000000000000e+00 0.000000000000000000e+00 4.416402541225173881e-03 0.000000000000000000e+00 1.978784200563203990e-02 8.300845629948305771e-02 1.043056251887952007e-01
6.665574892559331110e-02 1.093640742701602608e-01 1.197074487826920233e-02 1.430859301551429263e-01 4.514353918984185393e-02 0.000000000000000000e+00 3.237186622526271734e-02 3.056230577498968148e-02 0.000000000000000000e+00 0.000000000000000000e+00 0.000000000000000000e+00 0.000000000000000000e+00 0.000000000000000000e+00 2.753010747250824938e-02 2.446648887413099133e-02 1.650386820162870125e-02 0.000000000000000000e+00 1.343235007123598501e-01 1.959324001154131301e-01 8.951692102980349230e-02 3.892117540866778073e-03 4.457377263868800982e-02 2.410661399534073240e-02 0.000000000000000000e+00 0.000000000000000000e+00
2.720493339562313900e-02 2.016128775150542729e-02 0.000000000000000000e+00 5.329388296052594773e-03 7.578191425435269746e-02 0.000000000000000000e+00 7.897983073403801180e-02 1.114225349374674962e-02 0.000000000000000000e+00 1.714694811609666913e-02 0.000000000000000000e+00 0.000000000000000000e+00 0.000000000000000000e+00 1.048667295994967913e-01 2.454190735083920313e-02 0.000000000000000000e+00 0.000000000000000000e+00 1.475466257435724682e-01 2.578638634154997722e-01 9.226911471914992294e-03 1.245367597109592502e-02 5.563162618330037834e-02 0.000000000000000000e+00 0.000000000000000000e+00 1.521221042228652343e-01
3.631253422073560388e-02 1.130532014412590353e-01 1.485171833888445925e-01 6.295724356329679416e-02 8.488588662322968381e-02 0.000000000000000000e+00 2.376331643926104034e-02 8.091350212050478496e-03 0.000000000000000000e+00 3.719230864939893490e-04 0.000000000000000000e+00 0.000000000000000000e+00 0.000000000000000000e+00 1.164125496261297389e-02 1.426786171978308426e-01 7.200915834662090231e-02 3.364930265141591326e-03 1.289133407863849931e-03 7.005824159333960688e-02 1.315332632734547182e-02 0.000000000000000000e+00 1.154015231541812882e-02 1.270442547807998368e-01 1.077157634628246596e-02 5.849671548157323042e-02
8.232761676240409054e-02 5.680291198675250369e-02 0.000000000000000000e+00 1.408196344800270450e-01 1.906169489249991966e-01 0.000000000000000000e+00 3.593468585298348339e-02 1.458005042692996078e-01 0.000000000000000000e+00 0.000000000000000000e+00 0.000000000000000000e+00 0.000000000000000000e+00 0.000000000000000000e+00 0.000000000000000000e+00 5.421215960947792928e-02 0.000000000000000000e+00 0.000000000000000000e+00 1.517374437263795291e-02 1.897033242492930372e-01 0.000000000000000000e+00 0.000000000000000000e+00 1.031554293893875360e-02 0.000000000000000000e+00 0.000000000000000000e+00 7.829292655318638439e-02
1.282496391202090913e-01 0.000000000000000000e+00 0.000000000000000000e+00 0.000000000000000000e+00 2.271712384670608043e-01 5.033599692046527435e-03 0.000000000000000000e+00 0.000000000000000000e+00 0.000000000000000000e+00 2.035199977570910368e-02 3.991567334307835439e-03 3.317241795991114628e-02 0.000000000000000000e+00 1.368220569318530366e-01 1.637497953562750685e-01 3.952777594920311999e-02 3.762793881447428022e-03 2.070609775016566886e-02 3.494304339089857048e-02 3.884723203267253372e-02 8.361453786083404560e-03 7.167798396437708580e-03 1.281414901757188252e-01 0.000000000000000000e+00 0.000000000000000000e+00
1.019225914664814159e-01 0.000000000000000000e+00 1.323753268773339986e-01 3.290742886935921208e-02 0.000000000000000000e+00 0.000000000000000000e+00 1.544893627894494692e-01 1.198872913594988543e-01 7.712495389341733100e-03 0.000000000000000000e+00 0.000000000000000000e+00 0.000000000000000000e+00 1.756855284601580025e-03 0.000000000000000000e+00 0.000000000000000000e+00 0.000000000000000000e+00 1.984838159794418203e-02 0.000000000000000000e+00 2.431431752984062056e-01 1.478311878667763236e-02 0.000000000000000000e+00 0.000000000000000000e+00 1.640075959896416039e-02 0.000000000000000000e+00 1.547732126819416076e-01
4.649273069071296199e-03 9.391716081007665459e-03 0.000000000000000000e+00 1.453019274799424165e-01 1.160863038620241552e-02 4.182487720468069936e-02 5.357654141850046875e-02 2.191986235576090514e-02 0.000000000000000000e+00 1.069404801615084395e-02 0.000000000000000000e+00 0.000000000000000000e+00 0.000000000000000000e+00 1.960606265981027288e-02 1.664393396096184585e-01 0.000000000000000000e+00 0.000000000000000000e+00 1.156305286482251643e-01 4.108117628642230651e-02 9.919201151338596922e-02 3.235749369873978931e-02 0.000000000000000000e+00 0.000000000000000000e+00 1.764398286113256489e-03 2.249621132863681983e-01
0.000000000000000000e+00 0.000000000000000000e+00 4.875126932279880143e-02 0.000000000000000000e+00 3.214882287168135261e-02 0.000000000000000000e+00 2.012675710578786664e-02 2.301877731042837119e-02 7.391304634187064425e-03 1.503758691181724672e-01 0.000000000000000000e+00 0.000000000000000000e+00 0.000000000000000000e+00 1.771172253756256353e-03 2.172705159743174574e-01 2.779714799414315443e-02 1.487597302776169812e-02 7.509798954635328594e-02 0.000000000000000000e+00 7.358708534158868442e-02 0.000000000000000000e+00 9.932694078019296824e-02 7.351862378990914847e-03 0.000000000000000000e+00 2.011085123398397290e-01
1.102563600982871123e-01 6.715581452346552904e-02 0.000000000000000000e+00 9.092817557780992488e-02 3.219908125290824041e-02 1.733497863267217665e-01 7.866545945790529015e-02 0.000000000000000000e+00 1.817590824884700263e-03 1.614735910677458919e-02 0.000000000000000000e+00 8.908404697418813648e-03 0.000000000000000000e+00 1.185056246534017949e-01 1.650898140973101058e-01 2.054731247769370564e-02 0.000000000000000000e+00 1.099467368379285041e-02 0.000000000000000000e+00 0.000000000000000000e+00 0.000000000000000000e+00 1.325100691683388232e-02 5.168197012795875539e-02 0.000000000000000000e+00 4.050156617683302318e-02
0.000000000000000000e+00 0.000000000000000000e+00 9.264052920031026241e-04 0.000000000000000000e+00 1.800132214185756474e-01 0.000000000000000000e+00 2.153081297838752017e-02 3.514830463118308324e-02 0.000000000000000000e+00 2.846629865458373265e-01 0.000000000000000000e+00 1.885302098533595330e-02 0.000000000000000000e+00 2.069382756365366425e-04 1.862196906053395495e-01 5.357065134133797563e-02 0.000000000000000000e+00 0.000000000000000000e+00 0.000000000000000000e+00 1.356381719101716621e-01 0.000000000000000000e+00 0.000000000000000000e+00 0.000000000000000000e+00 2.910712627872608094e-02 5.412266973746558685e-02
8.968219856156473338e-03 9.291672593260640045e-02 5.481045847209993493e-02 1.008816465237292181e-01 0.000000000000000000e+00 0.000000000000000000e+00 2.142907323551432319e-02 2.312433550810095301e-02 7.027060321133777460e-03 0.000000000000000000e+00 0.000000000000000000e+00 1.123987304116875682e-02 0.000000000000000000e+00 0.000000000000000000e+00 2.129641244918062115e-01 2.628379731725074067e-02 3.879904095863909250e-03 5.210922080814341800e-02 1.038556789944838042e-02 9.191972715298836472e-02 1.408464161345543766e-02 2.123348691518760906e-02 1.625967638225793988e-01 4.497352758784631255e-02 3.917184540492034406e-02
8.158086238654374545e-02 3.610841194187575098e-02 1.669683029012158579e-02 0.000000000000000000e+00 1.526123230565344657e-01 0.000000000000000000e+00 0.000000000000000000e+00 1.191150894708553065e-01 2.329455128744746181e-02 0.000000000000000000e+00 0.000000000000000000e+00 0.000000000000000000e+00 0.000000000000000000e+00 1.021366020613459075e-01 1.757798181126783432e-01 5.288696601732154057e-02 0.000000000000000000e+00 3.598161794556842957e-02 1.813831913520139449e-01 0.000000000000000000e+00 0.000000000000000000e+00 0.000000000000000000e+00 0.000000000000000000e+00 0.000000000000000000e+00 2.242373607769367755e-02
3.686741506289218512e-02 0.000000000000000000e+00 0.000000000000000000e+00 0.000000000000000000e+00 1.446747650959086806e-01 0.000000000000000000e+00 0.000000000000000000e+00 0.000000000000000000e+00 0.000000000000000000e+00 0.000000000000000000e+00 0.000000000000000000e+00 1.589058995581701939e-02 0.000000000000000000e+00 1.231337584238291760e-01 1.619585710979986604e-01 0.000000000000000000e+00 8.644866821406468199e-03 1.452006066047294153e-01 8.325987450509665655e-02 2.804222115345983510e-03 0.000000000000000000e+00 1.608087350276916905e-02 3.954310282919697855e-02 0.000000000000000000e+00 2.219413539850096095e-01
