7.745875361378063047e-03 1.505593938757581740e-01 0.000000000000000000e+00 3.819289293450197492e-02 0.000000000000000000e+00 1.277987936506051747e-01 4.344709915624445085e-02 4.425264365135564947e-03 2.086103840687174305e-02 6.194383867733604943e-02 3.140983267618099178e-02 1.223878048349163888e-01 1.179356693699291220e-01 3.228983585425515622e-04 1.580637409693415882e-03 0.000000000000000000e+00 4.979714227549371375e-02 1.099029972064748985e-02 1.963537767332781125e-01 1.424774219348708126e-02
7.686966797235773863e-03 8.900238577729377432e-02 5.407720943629820741e-04 3.531027475774306534e-01 0.000000000000000000e+00 1.367989308703794205e-01 0.000000000000000000e+00 0.000000000000000000e+00 1.349680139593621708e-01 5.192930329080665264e-02 6.989613091371901787e-02 2.200248926895152779e-02 0.000000000000000000e+00 1.218559949789989501e-02 0.000000000000000000e+00 1.916955721655197106e-03 3.700750803886280072e-03 8.484026101735153702e-03 1.077849273252815127e-01 0.000000000000000000e+00
2.758466663908985539e-01 1.368331028617650325e-02 1.340493823039240993e-02 1.636194618347925067e-01 3.633461108578967674e-02 1.593214883534387338e-01 0.000000000000000000e+00 9.342762786606050376e-03 1.761839776808563074e-01 0.000000000000000000e+00 2.764346995057715556e-02 0.000000000000000000e+00 0.000000000000000000e+00 0.000000000000000000e+00 2.282774980847244572e-03 1.357457758077401308e-02 2.497788616889796108e-03 5.610404307032033216e-02 0.000000000000000000e+00 5.016012915164081570e-02
0.000000000000000000e+00 1.856042046502517640e-01 6.057680807322900120e-04 1.511734458577202733e-01 0.000000000000000000e+00 1.165407409246517617e-01 0.000000000000000000e+00 0.000000000000000000e+00 1.458275089577014128e-01 1.818507572273771189e-01 0.000000000000000000e+00 8.721737500310517213e-03 9.790065096256821142e-02 0.000000000000000000e+00 1.616199869214491464e-02 1.683018824101317409e-02 1.293371541889711245e-03 7.346770415721441683e-02 3.089604810329547521e-03 9.323183960949172960e-04
8.533748149369350944e-03 3.932268612465029956e-02 0.000000000000000000e+00 2.729969758217830056e-01 3.083944649246668154e-02 3.036491970482300094e-03 0.000000000000000000e+00 6.029927359739136079e-03 0.000000000000000000e+00 1.305731061321380448e-01 8.733362779662511011e-02 1.440408344970113552e-01 5.382919392171341740e-04 0.000000000000000000e+00 3.011883942533712891e-03 1.117397170757591755e-02 2.272489720490066673e-02 1.174681645245300859e-01 1.216913307480467776e-01 6.846155889304337888e-04
2.693142332148352747e-01 1.414208179036481050e-01 5.531053081981960468e-02 8.865157558285476080e-02 6.324719585535505673e-02 5.790420061754100733e-02 0.000000000000000000e+00 7.102297030711871451e-04 7.513626027457399881e-02 5.345579389914712973e-03 0.000000000000000000e+00 1.229843626629165548e-01 0.000000000000000000e+00 1.310310165182932557e-02 1.284434413390565279e-02 9.851002725517418041e-03 0.000000000000000000e+00 0.000000000000000000e+00 7.851446247361494601e-02 5.662102990602381827e-03
1.481175726173996066e-01 7.609209373908223939e-02 0.000000000000000000e+00 1.188366547989012645e-01 6.416849127096795058e-02 1.731122471579858990e-01 0.000000000000000000e+00 0.000000000000000000e+00 1.671130027358060932e-01 0.000000000000000000e+00 3.709473717170672785e-02 9.211997252703574843e-04 1.534608110493890509e-01 0.000000000000000000e+00 3.865708238660007373e-02 2.047627025699282326e-03 0.000000000000000000e+00 6.098837119735587946e-03 4.405408535713688234e-03 9.874234665742160147e-03
1.426604715645417298e-01 1.342807070582935636e-01 0.000000000000000000e+00 7.621173939171871532e-03 6.920455481601525682e-02 9.204528728913807800e-03 0.000000000000000000e+00 4.236980013607981321e-02 2.657070942287443893e-01 0.000000000000000000e+00 1.108780943396019125e-01 6.622042117032603259e-02 0.000000000000000000e+00 8.952780850605820961e-02 0.000000000000000000e+00 3.538198982493623128e-03 8.585550655048220479e-04 4.513343016629536679e-03 5.341524844762558788e-02 0.000000000000000000e+00
1.110267923376173117e-02 1.186111811919459136e-01 0.000000000000000000e+00 3.438695614171233816e-01 2.578435313010214551e-03 3.292887153357668129e-02 0.000000000000000000e+00 0.000000000000000000e+00 6.806751251678731796e-02 1.363606253644925881e-01 2.288479883734699169e-02 9.090249548543906377e-02 1.403634595894524221e-03 0.000000000000000000e+00 0.000000000000000000e+00 4.744355334474427421e-02 0.000000000000000000e+00 1.061334687141029989e-03 1.227853164787361673e-01 0.000000000000000000e+00
1.328489716298526524e-01 2.363913478276955249e-01 1.004162074039416895e-02 7.934382786799759613e-02 6.833817789922505548e-02 2.717706319904623566e-02 4.493321057609513114e-02 1.338841209116129697e-03 9.005498228476073799e-03 5.212502063417558812e-02 1.249365864357467465e-01 2.202936351229773521e-02 0.000000000000000000e+00 6.458261846187418609e-02 7.824441978023875116e-03 6.688038187271963010e-03 4.154318881188550673e-03 1.051985705660089809e-01 4.982454800594111931e-04 2.544236685454368246e-03
1.470448179562398872e-01 7.158359671799230384e-02 0.000000000000000000e+00 3.152174834609312859e-02 0.000000000000000000e+00 5.968303176108415847e-02 1.452005436364730293e-03 0.000000000000000000e+00 1.624417725311921301e-01 1.310436327726602623e-01 9.353787497210104551e-02 1.329717734648918487e-02 1.889111807039795671e-02 0.000000000000000000e+00 0.000000000000000000e+00 1.531393734178588184e-03 1.359913902553043161e-02 1.495249846957808215e-01 1.048477066338953795e-01 0.000000000000000000e+00
2.210673783618516686e-01 4.571646829980132581e-02 0.000000000000000000e+00 1.077919246041833881e-02 1.186035851371875817e-02 2.722555792682243223e-02 0.000000000000000000e+00 1.049664423646032713e-01 3.037985854300023769e-02 2.107630979179424269e-01 3.331632498526776454e-02 1.062799000384463260e-01 5.094200390572424780e-04 0.000000000000000000e+00 2.199899424015434261e-03 6.772025761004223099e-02 0.000000000000000000e+00 1.184292059606441988e-01 0.000000000000000000e+00 8.786637554368313327e-03
5.576265174438931049e-02 0.000000000000000000e+00 3.530700411590781862e-04 1.072223496993587877e-01 0.000000000000000000e+00 1.978828045247426476e-02 0.000000000000000000e+00 6.018063704636178457e-02 2.071396845472187054e-01 1.356654780462045184e-01 0.000000000000000000e+00 1.394116993832545393e-01 1.475513902813772871e-01 7.019610070036501250e-04 1.403833512933953939e-03 0.000000000000000000e+00 2.236257675291168645e-03 1.225827065629728901e-01 0.000000000000000000e+00 0.000000000000000000e+00
3.622847008100877897e-01 9.083902459547481267e-02 9.133235724627221039e-03 1.065459248772335638e-01 0.000000000000000000e+00 1.781455768890810587e-01 7.837420194117926051e-03 1.217609853106818990e-01 0.000000000000000000e+00 6.438795966695240111e-03 5.373768399202614315e-02 3.854391541114077918e-02 1.260106129587687009e-02 5.130957577046398954e-04 0.000000000000000000e+00 1.153294958783654921e-03 8.104543270069085661e-03 0.000000000000000000e+00 2.360740946399355646e-03 0.000000000000000000e+00
1.652101824221388904e-01 1.197073317048222701e-01 0.000000000000000000e+00 1.449044897002687848e-01 4.482601156632568667e-02 1.547060903997825865e-01 0.000000000000000000e+00 2.281847154817468783e-03 1.371688573105760423e-01 9.807966936330630991e-02 2.111806584560707058e-03 2.082062932725001897e-02 1.573604720889567807e-03 0.000000000000000000e+00 0.000000000000000000e+00 4.381881993642699168e-03 7.533112572229039294e-02 0.000000000000000000e+00 1.022242456089329787e-02 1.867404746843536953e-02
6.327249062275654146e-02 0.000000000000000000e+00 0.000000000000000000e+00 1.445243875151481228e-01 1.278473160473209483e-02 1.738725327071493076e-01 0.000000000000000000e+00 8.525768930756449926e-02 9.835116135089749800e-03 7.843390456067891869e-02 1.660955066210744735e-01 6.960649791984792160e-03 1.237749987724808265e-01 2.016003216997164574e-02 5.726675967394330088e-03 0.000000000000000000e+00 0.000000000000000000e+00 6.429453578306282106e-03 4.334818258941323249e-02 5.952364805625522115e-02
6.753766345200104548e-02 0.000000000000000000e+00 3.631483023164687463e-02 3.894278864734439932e-02 8.971594951709615465e-04 1.698062305444507092e-01 2.511480485172361971e-02 0.000000000000000000e+00 1.553897368739152463e-01 4.928073945462558419e-02 2.054654058169365360e-01 3.164793363092648776e-02 0.000000000000000000e+00 1.851920915699437759e-02 0.000000000000000000e+00 1.178559466450390253e-01 7.501757709567398458e-02 0.000000000000000000e+00 0.000000000000000000e+00 8.209974103551072322e-03
3.174433865601071492e-02 1.125072026966561977e-03 3.239096505085053436e-04 1.316201519749300441e-01 1.081866867548694350e-01 1.456753055101653871e-01 6.575992913830254645e-03 4.728655265878182329e-03 6.658658248145046810e-02 1.234807430660096739e-01 6.331183973921854224e-02 6.394004804338787595e-02 0.000000000000000000e+00 0.000000000000000000e+00 2.901412639261616213e-03 9.845294054004605569e-03 9.240092186156850448e-03 1.548869803647572041e-02 9.303265007668849729e-02 1.221925269241870560e-01
2.703022883694767772e-02 2.003825446092989959e-01 0.000000000000000000e+00 2.369103594567520954e-01 0.000000000000000000e+00 0.000000000000000000e+00 1.771008402371309146e-03 0.000000000000000000e+00 1.613900818178492791e-01 1.310161994844965538e-01 1.385144378335454764e-02 1.306252503153236544e-02 0.000000000000000000e+00 4.748091963060895038e-02 2.024613269724477929e-02 2.219527582440289359e-02 0.000000000000000000e+00 1.246632804251405491e-01 0.000000000000000000e+00 0.000000000000000000e+00
1.399742449386168763e-01 1.479638866711011913e-01 1.383546028841592780e-03 0.000000000000000000e+00 8.143760307290191661e-04 1.978502093969803921e-01 7.197544394453411071e-03 1.985472151347515701e-02 1.231314843933712863e-02 1.294515873059558786e-01 3.272370012221974267e-02 1.774432203767795980e-04 0.000000000000000000e+00 6.442202611253571585e-04 5.127503569840416876e-04 1.122641226064344383e-01 3.874263754566696638e-03 9.965640950319385252e-03 5.703863170654163012e-02 1.259959623019413222e-01
6.910563689696872739e-04 6.481107139567758579e-02 0.000000000000000000e+00 1.835194565350831142e-01 5.040713085210883973e-03 1.681633853761515807e-01 5.357628783242634335e-02 7.161353074730684998e-02 1.603315387938847869e-01 6.173627625876952629e-02 1.492728438833208493e-01 6.094210484349629059e-03 4.569263033213383056e-03 2.334034571477546297e-02 3.828395176483209011e-02 1.595225961591178890e-03 0.000000000000000000e+00 0.000000000000000000e+00 3.696031082891833817e-03 3.664811681545232600e-03
1.744440622494449616e-02 3.140749937040487882e-02 1.023485110311190931e-03 2.372502191213616829e-01 1.225895663885402664e-02 9.197684151056073620e-02 1.085782983547357861e-01 3.150364169004289672e-02 1.704920163774463829e-02 4.980669276093961130e-03 3.142998157281012145e-02 1.181919965022655561e-01 7.024544437227426760e-03 0.000000000000000000e+00 9.935295398608646328e-03 4.577926661075059668e-03 2.340266695648165682e-02 2.709825920942206604e-02 1.831592250058689322e-02 2.065501878264683622e-01
3.768015985966495507e-02 4.741252268041126240e-03 6.052069071558375743e-03 1.487602825370955562e-01 0.000000000000000000e+00 1.638102387194554643e-01 0.000000000000000000e+00 0.000000000000000000e+00 1.380838389748157147e-01 1.340295122888672252e-01 5.347835294904440540e-02 4.864942592431435210e-03 6.157589790312066429e-03 9.524828925204902041e-02 0.000000000000000000e+00 1.460925011044359734e-01 2.453276037509254104e-02 3.526545083931945015e-04 7.891830223997838359e-03 2.822372548474507900e-02
7.121458288924410740e-02 1.309553818491017707e-01 1.078221632854839407e-01 3.429260055436906401e-02 7.962150894527625020e-03 1.772780497590540072e-01 1.893998045101652483e-03 1.210359170307911438e-02 6.823068860052357298e-02 8.953081247712493806e-02 2.009856278647330699e-02 9.868327399114954282e-03 0.000000000000000000e+00 1.086608720956351304e-01 3.329216798524134695e-03 2.667342164547856914e-02 0.000000000000000000e+00 2.909818163325292653e-02 0.000000000000000000e+00 1.009873975839112314e-01
1.127712752232165466e-01 9.434039681402356381e-02 0.000000000000000000e+00 1.540491816158496841e-01 1.633856410837467299e-01 1.613127829466920737e-01 1.605698594480885200e-02 6.970023407386011227e-02 5.138572753736839888e-02 3.129450870463016537e-02 3.444125886877445427e-04 0.000000000000000000e+00 5.031737863715195387e-03 0.000000000000000000e+00 0.000000000000000000e+00 9.259079013113809264e-02 0.000000000000000000e+00 0.000000000000000000e+00 4.756558236374907461e-02 1.707431085137809973e-04
4.451800546266439229e-02 7.257000736106511418e-02 0.000000000000000000e+00 1.013480215116255856e-01 0.000000000000000000e+00 1.414396498631144694e-01 6.349457304046707273e-02 0.000000000000000000e+00 1.491346717973791036e-01 1.008980960140138938e-01 5.172579311741101055e-02 3.172460737867850017e-02 0.000000000000000000e+00 1.214379783767880749e-01 1.135316110844148199e-02 5.057422551660635535e-02 0.000000000000000000e+00 2.585414941902105385e-02 3.392706003272388110e-02 0.000000000000000000e+00
1.245813334864225019e-01 1.866408484743728446e-02 2.980936309477303855e-02 1.663799573856581393e-01 1.533759883849077077e-01 1.302070784094132017e-01 0.000000000000000000e+00 1.763451592612597443e-02 1.295430408622174900e-01 5.071416181243983828e-02 2.299268056277128242e-02 1.381893357762558061e-01 1.106157401217968891e-02 0.000000000000000000e+00 0.000000000000000000e+00 0.000000000000000000e+00 0.000000000000000000e+00 7.491326895705408689e-04 0.000000000000000000e+00 6.097752749827524410e-03
8.997140922813971764e-03 1.939540400264688491e-01 0.000000000000000000e+00 2.052480592435576012e-01 0.000000000000000000e+00 1.703233528488975745e-01 0.000000000000000000e+00 1.150324477317349742e-01 1.454029557436145315e-01 8.678242393883867090e-02 1.610130284854440624e-02 5.198799030572376703e-03 3.976692675967820334e-03 0.000000000000000000e+00 8.796433093024682345e-04 0.000000000000000000e+00 5.553961349783478711e-03 5.179948433824787916e-04 1.224731284934953666e-02 2.978387263717122146e-02
1.203807504234275100e-01 1.407674948410525817e-01 3.322403509299971694e-04 1.124913370632757564e-01 1.164400752755921226e-01 1.687574556527881020e-01 2.275860533412972855e-03 4.188278821468847946e-02 8.083796329515537116e-02 8.290073229861395776e-02 7.661716644313768844e-03 1.009213180974172924e-01 7.645232583684902564e-03 0.000000000000000000e+00 4.145884236719596036e-03 6.132083122878747086e-03 0.000000000000000000e+00 0.000000000000000000e+00 0.000000000000000000e+00 6.427067366048917589e-03
1.280686233425190890e-01 9.779643249604005190e-03 5.178276577751036308e-02 1.234897058686508092e-01 3.282154297752895057e-03 2.036524857199823596e-02 1.091857886642017168e-02 1.033831752510232065e-02 4.427088220670626767e-02 9.982595424341741963e-02 3.073297565787587449e-02 8.705348676182939061e-02 1.792093679581508283e-03 6.256101549593011402e-02 0.000000000000000000e+00 5.594732058171660027e-03 3.526191727611920762e-02 1.336779676407270634e-01 0.000000000000000000e+00 1.412039374800834746e-01
