0.000000000000000000e+00 1.742190784275388926e-01 8.957248898328459483e-04 0.000000000000000000e+00 9.146527517687231407e-03 0.000000000000000000e+00 1.252144145226630201e-02 5.575945852191212943e-02 1.190597406968834648e-01 2.118904904571025302e-03 0.000000000000000000e+00 2.920085590100437480e-03 0.000000000000000000e+00 1.565672610771740025e-02 2.264790420378092195e-01 0.000000000000000000e+00 2.218078462351200097e-02 0.000000000000000000e+00 1.476654014841892286e-02 0.000000000000000000e+00 0.000000000000000000e+00 2.752967853068640728e-03 1.733307527407589588e-01 2.412507437584371361e-02 1.440671501120788234e-01
0.000000000000000000e+00 4.142487132994272792e-02 1.459267890109588739e-01 2.145826681056536237e-03 1.367344585822811709e-01 1.327863863414530943e-01 0.000000000000000000e+00 9.490760003342517404e-02 0.000000000000000000e+00 9.847852229782185288e-03 0.000000000000000000e+00 0.000000000000000000e+00 1.062603649110542975e-01 3.719529983354884217e-02 0.000000000000000000e+00 1.221361674807064888e-02 1.280574172980590286e-01 6.366267495503330313e-03 0.000000000000000000e+00 6.212990909813277500e-03 0.000000000000000000e+00 0.000000000000000000e+00 0.000000000000000000e+00 0.000000000000000000e+00 1.399202585950507782e-01
1.243146241054081808e-01 6.751868887732798141e-02 0.000000000000000000e+00 5.886323293773904237e-03 1.860491416343769064e-02 1.107997273731926718e-01 7.969182540319851016e-02 1.654855757923295034e-01 0.000000000000000000e+00 0.000000000000000000e+00 0.000000000000000000e+00 4.957880699851206080e-02 1.207086860712919124e-01 3.654734402472468308e-02 7.960453249765320552e-03 0.000000000000000000e+00 2.008123301895589977e-02 0.000000000000000000e+00 0.000000000000000000e+00 1.144876435350250243e-01 0.000000000000000000e+00 1.108605875667192757e-02 0.000000000000000000e+00 4.222112746878303041e-02 2.502696786760177233e-02
1.348254081934143617e-03 1.392394541926601781e-01 0.000000000000000000e+00 0.000000000000000000e+00 6.428944652043010188e-02 1.344275736729417907e-02 0.000000000000000000e+00 1.344923165317745695e-01 1.595130918437313514e-02 0.000000000000000000e+00 0.000000000000000000e+00 1.626708162956135018e-01 1.035906872801954648e-01 9.655000243028806495e-02 1.245524890969448156e-02 5.382856465979055788e-02 0.000000000000000000e+00 0.000000000000000000e+00 0.000000000000000000e+00 1.347902383889295896e-01 0.000000000000000000e+00 6.735090415702203737e-02 0.000000000000000000e+00 0.000000000000000000e+00 0.000000000000000000e+00
0.000000000000000000e+00 1.001671717413437496e-01 2.332817328587013031e-02 1.584077697074742427e-02 1.645163145422137985e-01 1.164184909542164033e-02 0.000000000000000000e+00 1.406242993504266126e-01 2.706667407669705386e-02 2.152721939437287832e-02 0.000000000000000000e+00 4.594606011802305004e-03 1.387263295463078416e-01 1.262818644682023594e-01 1.442107897383899662e-01 0.000000000000000000e+00 3.303086711137036974e-02 9.090103664366985456e-03 0.000000000000000000e+00 0.000000000000000000e+00 0.000000000000000000e+00 4.619915557373759606e-03 3.473304544509314001e-02 0.000000000000000000e+00 0.000000000000000000e+00
7.559239805556934588e-02 4.269263017635851684e-03 1.492489488641512707e-01 0.000000000000000000e+00 1.603587576178691354e-01 0.000000000000000000e+00 3.328742094641262000e-02 1.672948525898187433e-01 5.880173160285415840e-03 0.000000000000000000e+00 0.000000000000000000e+00 2.036353084245902945e-01 1.562639231575638221e-02 0.000000000000000000e+00 3.781630205932030864e-02 0.000000000000000000e+00 0.000000000000000000e+00 0.000000000000000000e+00 0.000000000000000000e+00 0.000000000000000000e+00 0.000000000000000000e+00 3.298504850686865414e-02 1.140051344417220003e-01 0.000000000000000000e+00 0.000000000000000000e+00
1.133796386854765553e-01 5.037468122498676981e-02 1.453685525262928824e-01 0.000000000000000000e+00 2.961835848762306433e-01 1.431671855584107922e-01 0.000000000000000000e+00 5.887730396607155497e-02 0.000000000000000000e+00 0.000000000000000000e+00 0.000000000000000000e+00 0.000000000000000000e+00 1.200039295587789767e-01 6.314010912343116094e-03 1.931520878453552026e-02 4.006784804740063863e-03 1.401876951732138402e-02 0.000000000000000000e+00 0.000000000000000000e+00 0.000000000000000000e+00 0.000000000000000000e+00 0.000000000000000000e+00 0.000000000000000000e+00 2.899034958481171848e-02 0.000000000000000000e+00
1.728030516260980198e-01 1.455953093213835370e-01 0.000000000000000000e+00 5.408271448951433406e-03 0.000000000000000000e+00 1.425388438246483203e-02 0.000000000000000000e+00 1.945940529310901876e-02 1.066074247331424106e-02 4.386782273619725496e-03 0.000000000000000000e+00 0.000000000000000000e+00 4.582694349075438350e-02 3.015969208417662584e-02 5.335735831040695765e-02 0.000000000000000000e+00 3.080097841331254187e-03 2.079436872809207679e-02 5.256863348152095161e-02 0.000000000000000000e+00 0.000000000000000000e+00 1.234224796888217374e-01 1.297048455116292520e-01 7.615285594154498627e-02 9.236527810278093165e-02
0.000000000000000000e+00 0.000000000000000000e+00 1.802540149940265179e-01 0.000000000000000000e+00 3.317428723881419295e-01 0.000000000000000000e+00 6.074893665547585406e-03 1.393746920128789424e-01 5.114647525292656538e-02 0.000000000000000000e+00 0.000000000000000000e+00 0.000000000000000000e+00 4.344314189774773488e-02 2.869761204817456932e-02 2.363493628300181518e-02 0.000000000000000000e+00 0.000000000000000000e+00 0.000000000000000000e+00 0.000000000000000000e+00 2.756287819243058088e-02 0.000000000000000000e+00 0.000000000000000000e+00 2.211110713541132936e-02 1.448951318023865009e-01 1.062244327325919573e-03
1.118015888073542879e-01 1.217906432052117405e-01 0.000000000000000000e+00 2.965355463926263799e-02 2.358262814455267323e-02 0.000000000000000000e+00 1.662867435722435294e-03 1.335394263360795142e-01 0.000000000000000000e+00 0.000000000000000000e+00 0.000000000000000000e+00 1.540473949607704673e-01 3.342092714154456384e-02 4.211366355183868843e-02 1.167076684762867883e-01 5.666196938786419342e-03 9.730938777921713245e-02 0.000000000000000000e+00 5.043855973103503892e-02 4.870642564488737725e-02 0.000000000000000000e+00 2.019479179614018863e-02 9.364275411310036407e-03 0.000000000000000000e+00 0.000000000000000000e+00
0.000000000000000000e+00 5.440599667684285073e-02 1.590598332861994646e-01 4.902378450720133035e-02 2.218122153766798055e-02 0.000000000000000000e+00 7.855678481354190501e-02 1.385617785590417261e-01 1.382283737404526973e-03 0.000000000000000000e+00 1.294846759414080423e-02 1.893679620762463989e-01 2.212593364018622735e-02 0.000000000000000000e+00 1.340310538752794711e-01 0.000000000000000000e+00 0.000000000000000000e+00 0.000000000000000000e+00 1.898227047748822852e-02 1.148947486526537692e-01 0.000000000000000000e+00 0.000000000000000000e+00 0.000000000000000000e+00 0.000000000000000000e+00 4.477880566105541839e-03
9.369570175806367363e-02 1.425371436188974661e-01 1.056450563161163009e-01 0.000000000000000000e+00 2.304004156807910042e-01 0.000000000000000000e+00 3.757466291608136614e-04 1.749686421752200682e-01 0.000000000000000000e+00 4.332218636592925082e-02 0.000000000000000000e+00 0.000000000000000000e+00 0.000000000000000000e+00 0.000000000000000000e+00 7.890996521282833687e-03 0.000000000000000000e+00 0.000000000000000000e+00 0.000000000000000000e+00 0.000000000000000000e+00 0.000000000000000000e+00 0.000000000000000000e+00 1.133665693110300424e-02 0.000000000000000000e+00 1.777325546332825801e-01 1.209489937015288501e-02
1.397894578850722609e-02 1.431785698338006452e-01 1.320727136302252691e-01 7.087963424497335796e-02 1.783784420491513548e-02 0.000000000000000000e+00 0.000000000000000000e+00 1.523399414079304737e-01 1.295433380731537687e-01 2.803147148481888173e-02 0.000000000000000000e+00 0.000000000000000000e+00 3.759520597068818221e-02 1.267404704062125020e-02 0.000000000000000000e+00 0.000000000000000000e+00 2.794888661121674653e-02 9.402652899086698379e-02 0.000000000000000000e+00 0.000000000000000000e+00 0.000000000000000000e+00 1.945573533771777404e-04 0.000000000000000000e+00 3.096394924647661532e-03 1.366019204402572906e-01
2.484743802603857910e-01 1.751327396816013647e-03 0.000000000000000000e+00 0.000000000000000000e+00 2.221174514090541452e-01 1.699447401606798969e-02 1.969217928268280921e-03 0.000000000000000000e+00 0.000000000000000000e+00 1.151715482059040702e-01 0.000000000000000000e+00 9.430352495890927198e-04 2.513127704099759382e-03 3.180012105797537514e-02 3.638161057515561236e-02 0.000000000000000000e+00 4.905650063548355928e-03 1.327967159576017298e-01 0.000000000000000000e+00 4.723375876274415802e-04 2.643688072524171939e-03 0.000000000000000000e+00 2.214962381102832806e-02 0.000000000000000000e+00 1.589156907043537958e-01
7.561871917936001906e-03 0.000000000000000000e+00 1.504131260477886145e-01 0.000000000000000000e+00 4.958177880871811327e-02 0.000000000000000000e+00 6.136075575152089012e-02 9.785220624148953383e-02 0.000000000000000000e+00 1.017549214283355180e-02 0.000000000000000000e+00 2.615251261992463938e-01 3.655330099092966162e-02 1.631249459074403732e-02 2.629117902447207847e-02 0.000000000000000000e+00 1.167173044507548441e-01 0.000000000000000000e+00 0.000000000000000000e+00 1.238579771364981819e-01 0.000000000000000000e+00 1.633046750268666095e-02 0.000000000000000000e+00 0.000000000000000000e+00 2.546691919438145643e-02
0.000000000000000000e+00 0.000000000000000000e+00 2.669009670786188226e-01 6.253017059045598743e-03 1.515574031870775273e-01 3.798005767548451317e-02 1.556996978431666734e-01 3.411916085082468929e-03 1.852867822083145710e-02 1.300164166041269630e-03 0.000000000000000000e+00 1.567650953137573744e-01 0.000000000000000000e+00 1.312330843349526766e-02 1.167546853652479122e-01 0.000000000000000000e+00 6.116460285942602881e-02 0.000000000000000000e+00 6.863530356553081829e-03 0.000000000000000000e+00 0.000000000000000000e+00 0.000000000000000000e+00 0.000000000000000000e+00 0.000000000000000000e+00 3.696876356172045831e-03
1.017639190047798237e-01 1.334692574003718268e-01 0.000000000000000000e+00 0.000000000000000000e+00 1.775481273282899022e-02 2.320630359831255332e-02 1.072409911018333550e-01 1.560181020499360471e-01 1.160966657475065306e-01 1.267568849836647749e-01 0.000000000000000000e+00 1.363325429344389161e-02 0.000000000000000000e+00 4.822306656823436427e-02 3.925742579457647957e-02 0.000000000000000000e+00 0.000000000000000000e+00 0.000000000000000000e+00 0.000000000000000000e+00 1.077814651756484228e-02 0.000000000000000000e+00 0.000000000000000000e+00 1.058011702069464877e-01 0.000000000000000000e+00 0.000000000000000000e+00
1.447216884181275476e-01 1.481682571694257263e-03 1.339446835560078597e-01 0.000000000000000000e+00 2.317161863924995305e-02 0.000000000000000000e+00 2.147341025641346865e-02 1.837725637621660246e-01 1.717000641426489824e-02 3.461814698506131271e-02 0.000000000000000000e+00 9.937639504050048422e-02 0.000000000000000000e+00 0.000000000000000000e+00 1.475955715092840959e-01 1.915694675145390713e-02 5.509497500545326026e-02 0.000000000000000000e+00 1.130389455806912608e-01 0.000000000000000000e+00 0.000000000000000000e+00 0.000000000000000000e+00 0.000000000000000000e+00 5.383365509631711163e-03 0.000000000000000000e+00
0.000000000000000000e+00 1.298774934585046337e-01 1.416216237733842753e-01 0.000000000000000000e+00 2.729662325211323903e-01 1.048481100274179095e-01 1.710265531870803352e-02 4.647395041913300606e-02 0.000000000000000000e+00 0.000000000000000000e+00 0.000000000000000000e+00 0.000000000000000000e+00 0.000000000000000000e+00 2.040683105419170901e-04 7.759422143585437137e-02 5.434285084530307737e-03 7.888817939041017913e-03 0.000000000000000000e+00 0.000000000000000000e+00 0.000000000000000000e+00 0.000000000000000000e+00 1.486865019642758315e-03 2.144504927063948033e-02 3.176038389748517959e-02 1.412962435239846215e-01
0.000000000000000000e+00 1.754951594069898979e-01 2.554557116701510755e-01 0.000000000000000000e+00 3.124025970048599846e-02 4.639627460287337225e-03 0.000000000000000000e+00 3.501260257280909560e-02 7.180387761543281788e-02 4.644995062247527645e-02 0.000000000000000000e+00 0.000000000000000000e+00 1.130902433791131784e-01 1.604039208810484340e-02 7.416819060250712248e-02 0.000000000000000000e+00 0.000000000000000000e+00 0.000000000000000000e+00 0.000000000000000000e+00 0.000000000000000000e+00 0.000000000000000000e+00 5.923891341706427182e-04 0.000000000000000000e+00 2.521392043816263542e-02 1.507976753093101252e-01
1.188549058329793906e-01 8.598952206441351498e-02 0.000000000000000000e+00 0.000000000000000000e+00 1.524003548261206875e-01 0.000000000000000000e+00 1.089212351935643121e-02 1.462992378835776541e-01 4.830409425284218350e-03 0.000000000000000000e+00 0.000000000000000000e+00 0.000000000000000000e+00 1.103793831352729710e-01 3.721952419754871039e-02 1.334644135684701083e-01 0.000000000000000000e+00 8.707094666559364593e-02 0.000000000000000000e+00 0.000000000000000000e+00 1.198418958708594162e-02 0.000000000000000000e+00 9.697844840426436686e-02 3.636540890032360484e-03 0.000000000000000000e+00 0.000000000000000000e+00
0.000000000000000000e+00 3.320270991273390794e-03 1.241966231335280141e-01 5.027537396480741272e-02 1.100760495766836024e-02 0.000000000000000000e+00 3.139861341209047862e-02 1.740070108837100393e-01 5.171385741627110982e-02 2.369479668756682700e-03 0.000000000000000000e+00 2.194340770315947597e-01 9.727068869436189535e-02 2.981762507776345057e-03 4.479427655513022744e-02 0.000000000000000000e+00 1.546153038356615217e-02 0.000000000000000000e+00 0.000000000000000000e+00 0.000000000000000000e+00 0.000000000000000000e+00 0.000000000000000000e+00 2.544467964212864322e-02 1.410315756751188455e-02 1.322209931898244983e-01
2.081320067078974156e-01 1.427464612952024092e-01 0.000000000000000000e+00 4.706308354782215951e-03 1.031324360226345237e-02 4.545020721709267311e-03 4.005907822473779687e-04 1.327853285107765020e-02 2.013409991182673123e-02 0.000000000000000000e+00 0.000000000000000000e+00 8.378646556852130389e-02 1.864605136448735725e-02 2.733538386254626487e-02 1.727070797770508259e-01 0.000000000000000000e+00 0.000000000000000000e+00 0.000000000000000000e+00 2.972065017147848195e-02 1.102858851047638089e-01 2.594983953222495046e-02 0.000000000000000000e+00 1.273123803919205821e-01 0.000000000000000000e+00 0.000000000000000000e+00
0.000000000000000000e+00 1.296490044511908468e-01 2.228813945111985384e-01 0.000000000000000000e+00 7.207646107088408471e-02 4.816249792190180345e-02 1.568491264439391200e-02 1.083661295150960616e-02 1.000049629885943481e-01 2.779118654956492726e-02 0.000000000000000000e+00 3.586727322673101404e-02 1.791209157936101901e-02 4.119218128501075937e-02 1.413540226480740347e-01 0.000000000000000000e+00 3.568787428034670556e-03 0.000000000000000000e+00 0.000000000000000000e+00 0.000000000000000000e+00 9.269958273064591789e-03 0.000000000000000000e+00 1.237486524704859009e-01 0.000000000000000000e+00 0.000000000000000000e+00
0.000000000000000000e+00 1.847471728264418189e-01 4.258642531672603496e-03 0.000000000000000000e+00 2.045491645435632555e-01 0.000000000000000000e+00 0.000000000000000000e+00 0.000000000000000000e+00 1.076154904096430914e-01 1.037888077478343364e-02 0.000000000000000000e+00 7.399474663089805615e-02 0.000000000000000000e+00 3.963361117718187943e-02 0.000000000000000000e+00 0.000000000000000000e+00 0.000000000000000000e+00 0.000000000000000000e+00 0.000000000000000000e+00 0.000000000000000000e+00 0.000000000000000000e+00 3.192134610640689606e-03 1.815205924816794270e-01 0.000000000000000000e+00 1.901095640134958242e-01
7.847566580446076190e-02 1.491626584084208285e-01 1.525471920241806834e-01 0.000000000000000000e+00 7.602907853328685905e-02 1.439894222386276131e-02 0.000000000000000000e+00 0.000000000000000000e+00 0.000000000000000000e+00 0.000000000000000000e+00 8.557009710146407794e-03 3.204595086445312102e-01 1.122260939829504423e-02 1.049559444370868899e-01 3.686189763766910960e-02 0.000000000000000000e+00 4.406477943845175937e-02 0.000000000000000000e+00 0.000000000000000000e+00 0.000000000000000000e+00 0.000000000000000000e+00 0.000000000000000000e+00 0.000000000000000000e+00 0.000000000000000000e+00 3.264713739607597639e-03
3.577318733199687933e-02 1.668602241974674258e-02 0.000000000000000000e+00 0.000000000000000000e+00 1.626519293407987787e-01 8.549240559941924042e-03 3.034325986483856971e-02 1.563910041411731011e-01 0.000000000000000000e+00 0.000000000000000000e+00 0.000000000000000000e+00 1.772735103920642097e-01 1.418466970995241327e-01 1.743529583198610844e-01 1.857490004397053390e-02 0.000000000000000000e+00 0.000000000000000000e+00 7.755729048608397957e-02 0.000000000000000000e+00 0.000000000000000000e+00 0.000000000000000000e+00 0.000000000000000000e+00 0.000000000000000000e+00 0.000000000000000000e+00 0.000000000000000000e+00
1.130737052377901730e-01 5.175433055907528029e-02 2.276506567455957933e-02 0.000000000000000000e+00 3.148340365545378595e-03 0.000000000000000000e+00 1.660966233516063539e-01 8.248747395489508527e-02 0.000000000000000000e+00 2.173525094185346090e-02 1.249986107194996435e-02 0.000000000000000000e+00 1.239979885506556495e-01 1.497384153996360601e-01 1.200684848093646617e-01 0.000000000000000000e+00 0.000000000000000000e+00 1.262497305853106135e-02 1.007896780974379680e-01 1.250758571747416850e-02 0.000000000000000000e+00 0.000000000000000000e+00 0.000000000000000000e+00 0.000000000000000000e+00 6.712223209625022002e-03
0.000000000000000000e+00 0.000000000000000000e+00 1.342031449045699154e-01 0.000000000000000000e+00 1.970323395459157023e-01 0.000000000000000000e+00 0.000000000000000000e+00 2.526757343206511783e-02 0.000000000000000000e+00 1.708443615570361465e-02 0.000000000000000000e+00 1.059991372573225038e-01 1.571054837199511722e-01 2.221624643815719655e-02 1.391707085235194263e-01 1.149361965233179194e-03 0.000000000000000000e+00 0.000000000000000000e+00 0.000000000000000000e+00 0.000000000000000000e+00 0.000000000000000000e+00 0.000000000000000000e+00 6.623013047151865562e-02 1.345414375860434775e-01 0.000000000000000000e+00
0.000000000000000000e+00 2.163673725657817293e-01 1.576184530096388370e-01 0.000000000000000000e+00 1.715822611239147324e-02 0.000000000000000000e+00 2.640661250997916251e-02 0.000000000000000000e+00 1.376395508718279148e-01 0.000000000000000000e+00 0.000000000000000000e+00 8.633915104767352078e-02 6.582549295004304357e-02 4.827179091702592587e-03 1.599195031148170631e-01 0.000000000000000000e+00 0.000000000000000000e+00 0.000000000000000000e+00 4.246721928457811352e-04 0.000000000000000000e+00 0.000000000000000000e+00 7.722745429555462858e-03 1.034690545644130627e-01 0.000000000000000000e+00 1.628198653933034604e-02
2.121801692390054908e-02 2.645878762975122922e-01 0.000000000000000000e+00 0.000000000000000000e+00 0.000000000000000000e+00 0.000000000000000000e+00 9.478945084331148740e-02 2.227058835630185696e-01 2.307230353838587295e-02 0.000000000000000000e+00 0.000000000000000000e+00 2.148566007267089240e-01 3.408786794574114598e-02 0.000000000000000000e+00 0.000000000000000000e+00 0.000000000000000000e+00 0.000000000000000000e+00 0.000000000000000000e+00 4.411104583515717409e-03 1.335377931807173527e-03 0.000000000000000000e+00 9.246170002909817956e-03 1.096893476431883008e-01 0.000000000000000000e+00 0.000000000000000000e+00
9.277547825826001904e-03 1.573440590353326618e-01 1.400426447302042243e-01 4.432623275260858670e-02 0.000000000000000000e+00 1.839968274779484603e-01 0.000000000000000000e+00 7.298252712197922376e-02 2.840997421977131676e-02 0.000000000000000000e+00 0.000000000000000000e+00 3.348030388727085693e-02 0.000000000000000000e+00 1.139828194172421982e-01 8.724716522385048828e-03 0.000000000000000000e+00 0.000000000000000000e+00 0.000000000000000000e+00 0.000000000000000000e+00 6.483397120867009922e-02 0.000000000000000000e+00 5.308934576421915586e-04 1.107914599715182670e-03 1.041208214474974303e-01 3.683874629590647154e-02
0.000000000000000000e+00 0.000000000000000000e+00 0.000000000000000000e+00 0.000000000000000000e+00 0.000000000000000000e+00 0.000000000000000000e+00 4.967621591687559901e-02 1.142068553905491862e-01 0.000000000000000000e+00 8.626762320790871963e-02 0.000000000000000000e+00 2.228938316832301536e-01 0.000000000000000000e+00 7.999886812996125085e-02 0.000000000000000000e+00 0.000000000000000000e+00 0.000000000000000000e+00 0.000000000000000000e+00 1.990466587253059312e-03 1.015968582077078075e-01 0.000000000000000000e+00 1.141918627664548630e-01 1.520084337874715308e-01 3.630642147432978917e-02 4.086256284825791341e-02
1.214284393681496210e-01 0.000000000000000000e+00 1.270997868071140069e-01 0.000000000000000000e+00 2.879338303894857787e-01 3.246909042558364378e-02 7.506283111520291318e-02 1.645791137522405190e-01 0.000000000000000000e+00 6.256441594232689529e-02 0.000000000000000000e+00 0.000000000000000000e+00 0.000000000000000000e+00 0.000000000000000000e+00 0.000000000000000000e+00 0.000000000000000000e+00 0.000000000000000000e+00 0.000000000000000000e+00 0.000000000000000000e+00 0.000000000000000000e+00 0.000000000000000000e+00 1.490445085104159101e-02 6.790973897582223973e-02 4.604830237303280532e-02 0.000000000000000000e+00
1.210607352096530337e-01 1.405329744342398157e-01 0.000000000000000000e+00 0.000000000000000000e+00 2.029204466953469510e-01 0.000000000000000000e+00 0.000000000000000000e+00 1.765056617299010366e-01 9.434619565062071778e-02 1.290495835383889504e-02 0.000000000000000000e+00 3.425331002108938927e-02 0.000000000000000000e+00 4.362904255621782162e-02 0.000000000000000000e+00 0.000000000000000000e+00 0.000000000000000000e+00 0.000000000000000000e+00 0.000000000000000000e+00 0.000000000000000000e+00 0.000000000000000000e+00 0.000000000000000000e+00 0.000000000000000000e+00 2.215616917496159022e-03 1.716310584315962340e-01
1.116705474831916761e-01 1.640371443407046340e-02 4.138515355071994972e-02 1.769949433623399168e-02 1.570315217917968853e-01 1.270910839703891237e-01 8.096053765477307165e-03 0.000000000000000000e+00 2.885621294491975963e-02 0.000000000000000000e+00 0.000000000000000000e+00 1.595803235506848550e-01 3.396749080736140118e-03 5.185465475727350088e-03 0.000000000000000000e+00 3.229255097955702203e-02 7.702062766837432239e-02 0.000000000000000000e+00 0.000000000000000000e+00 8.814035807360316721e-02 0.000000000000000000e+00 4.720902553884153731e-03 8.191627055473908736e-02 2.293807753472468583e-02 1.657489225117003695e-02
3.210287194563669899e-02 1.470795071676585797e-01 7.657205191960581026e-02 0.000000000000000000e+00 9.194056080285367694e-03 1.217301097969151202e-01 0.000000000000000000e+00 6.362484092009829291e-03 9.918518558974998012e-02 6.748368121206712450e-03 0.000000000000000000e+00 2.093724690460235446e-02 6.445315474982127486e-03 8.248759826223495475e-03 1.447004883322211000e-01 0.000000000000000000e+00 2.099454221525417705e-02 0.000000000000000000e+00 8.256591781598465393e-03 0.000000000000000000e+00 0.000000000000000000e+00 0.000000000000000000e+00 1.540650565268764927e-01 1.373773642251737703e-01 0.000000000000000000e+00
6.557097773999964740e-02 1.618382023592332963e-01 1.400687892940839507e-01 0.000000000000000000e+00 1.700468375720796399e-01 1.892915423646473749e-01 0.000000000000000000e+00 1.016237596146517437e-02 0.000000000000000000e+00 4.297948862514062995e-02 0.000000000000000000e+00 0.000000000000000000e+00 0.000000000000000000e+00 0.000000000000000000e+00 1.260906383380355211e-01 0.000000000000000000e+00 0.000000000000000000e+00 0.000000000000000000e+00 4.673247102638170697e-02 0.000000000000000000e+00 0.000000000000000000e+00 1.205705585784236714e-02 3.516162086109061308e-02 0.000000000000000000e+00 0.000000000000000000e+00
0.000000000000000000e+00 1.507161509417755119e-01 1.632699863040903143e-01 0.000000000000000000e+00 1.373992195556529572e-01 1.766072717510213941e-01 1.267326033491059968e-02 0.000000000000000000e+00 0.000000000000000000e+00 0.000000000000000000e+00 1.361824666895944391e-02 1.389043322890237131e-01 1.093843896706708230e-01 0.000000000000000000e+00 2.949285949510411717e-02 0.000000000000000000e+00 0.000000000000000000e+00 0.000000000000000000e+00 6.212701798674665626e-03 1.139526572583726867e-02 0.000000000000000000e+00 0.000000000000000000e+00 0.000000000000000000e+00 5.032631546427920183e-02 0.000000000000000000e+00
1.009771954231256930e-01 2.308668217555203683e-01 1.071102213541195586e-01 0.000000000000000000e+00 1.061875084697323085e-01 1.305882533344447927e-01 2.240903467472210239e-02 0.000000000000000000e+00 0.000000000000000000e+00 0.000000000000000000e+00 0.000000000000000000e+00 1.676856052248319046e-02 0.000000000000000000e+00 4.021065833895785813e-02 0.000000000000000000e+00 0.000000000000000000e+00 1.493794752969085631e-03 2.011394185694094852e-02 0.000000000000000000e+00 1.102341753912113378e-02 0.000000000000000000e+00 1.819852951092647275e-01 2.381579245743048120e-02 0.000000000000000000e+00 6.449504411167827217e-03
0.000000000000000000e+00 1.732897785117818445e-01 1.536867967415467828e-01 0.000000000000000000e+00 3.491976417957072254e-01 7.577327561153974003e-03 0.000000000000000000e+00 1.706964943894744013e-01 0.000000000000000000e+00 0.000000000000000000e+00 0.000000000000000000e+00 2.718067618289721210e-02 4.605038977388777217e-03 4.265433141615632834e-02 3.634551507542009563e-02 0.000000000000000000e+00 1.199238697678061414e-03 0.000000000000000000e+00 2.062193060529956753e-02 1.294523004549577062e-02 0.000000000000000000e+00 0.000000000000000000e+00 0.000000000000000000e+00 0.000000000000000000e+00 0.000000000000000000e+00
0.000000000000000000e+00 0.000000000000000000e+00 4.105314915594526770e-02 0.000000000000000000e+00 3.021433552739396511e-01 0.000000000000000000e+00 0.000000000000000000e+00 7.430118515999133144e-02 0.000000000000000000e+00 1.808131253384413079e-02 0.000000000000000000e+00 4.309359496500868303e-02 1.468777242928980820e-01 0.000000000000000000e+00 1.493270623177487266e-01 8.881359938209805460e-02 2.660241763659925568e-02 1.014687054103115271e-01 0.000000000000000000e+00 0.000000000000000000e+00 0.000000000000000000e+00 0.000000000000000000e+00 0.000000000000000000e+00 8.237893871615203228e-03 0.000000000000000000e+00
1.144929005466581873e-03 1.702221195625421707e-02 7.469381115611629929e-02 4.013437764083582771e-03 3.548907309756022671e-02 0.000000000000000000e+00 0.000000000000000000e+00 0.000000000000000000e+00 0.000000000000000000e+00 9.851521936176284300e-02 0.000000000000000000e+00 1.801202945323526761e-02 8.036506275914108433e-02 1.431949060958673803e-01 1.666855494291941131e-01 0.000000000000000000e+00 6.418419354805295074e-02 0.000000000000000000e+00 0.000000000000000000e+00 0.000000000000000000e+00 0.000000000000000000e+00 0.000000000000000000e+00 4.213658284608520072e-02 1.392617423468144877e-01 1.152812511803658901e-01
7.127853685822817253e-02 0.000000000000000000e+00 1.669827261168119192e-01 1.147184285825867366e-02 5.298247614235494091e-02 1.364264834165220333e-02 0.000000000000000000e+00 1.547823501492165410e-01 5.537361198465868065e-03 7.255405452450261472e-02 1.719105638422531446e-02 1.456557182452202226e-01 0.000000000000000000e+00 4.620929995759810727e-02 1.451053688253328422e-01 0.000000000000000000e+00 0.000000000000000000e+00 7.956078184421212784e-02 0.000000000000000000e+00 0.000000000000000000e+00 0.000000000000000000e+00 0.000000000000000000e+00 1.704577855392041055e-02 0.000000000000000000e+00 0.000000000000000000e+00
7.581939076798513422e-02 1.380017085458146442e-01 1.084662695293786144e-01 0.000000000000000000e+00 1.504691547885264324e-01 1.190384515401961135e-01 9.320533630082424026e-02 4.038254763065091818e-02 0.000000000000000000e+00 2.826365401843412492e-02 0.000000000000000000e+00 2.295178633589356823e-02 0.000000000000000000e+00 9.328506072343635547e-02 0.000000000000000000e+00 0.000000000000000000e+00 1.445824564035044606e-02 0.000000000000000000e+00 0.000000000000000000e+00 4.265746763336341132e-03 0.000000000000000000e+00 0.000000000000000000e+00 0.000000000000000000e+00 7.875941255524498280e-03 1.035167061596485860e-01
