2.819239373231460354e-03 3.051903210131063499e-02 3.353352216892888072e-04 0.000000000000000000e+00 5.644658042522028747e-03 1.054494811798628584e-01 3.798176213315856281e-02 5.644820157929528182e-02 2.176938775354389857e-02 3.292875704469776926e-02 0.000000000000000000e+00 9.501729302351952233e-02 0.000000000000000000e+00 1.943538575243432829e-05 1.267630502116227909e-01 4.155325104734968605e-03 1.213725295151253519e-01 1.604279544773015362e-02 2.249972823673743617e-03 3.345571817317607999e-04 3.833439809910645785e-02 6.308354553564225232e-03 1.143650627941420472e-01 4.299773830684047726e-02 1.381436331231442327e-01
1.552476886309234888e-02 8.271767382561115781e-03 4.286972016398577640e-02 0.000000000000000000e+00 1.257916720478397810e-01 1.528323216060270551e-02 4.745378957663717867e-02 4.848010260933772672e-03 2.886804093976479135e-02 0.000000000000000000e+00 2.007912496207526609e-03 1.129467741662235347e-01 0.000000000000000000e+00 0.000000000000000000e+00 1.340014751086690825e-01 5.892776207731940767e-03 2.544143979851710285e-02 9.844200563288843520e-03 3.471947633558209768e-03 1.992724993082117813e-02 3.327214141556501109e-04 1.397542376045284723e-02 1.417611304869786926e-01 2.405379751498887275e-01 9.479718880890893908e-04
4.647825214583108794e-02 9.891254546574974882e-02 1.898281710240135381e-02 0.000000000000000000e+00 1.681390268886413840e-03 1.090154450983306898e-02 3.932075539359419086e-02 5.535060847897575048e-02 2.214374404774914831e-02 1.379795794584756374e-01 4.842827628528969391e-03 8.280051564546503373e-02 1.186445058304906944e-02 6.201540857118647936e-03 5.249993723005826757e-02 4.678548304776125599e-02 6.815875975657088859e-02 1.377089049687537682e-02 8.507827911833533430e-02 0.000000000000000000e+00 8.851446667105110355e-02 8.312437274191004921e-02 0.000000000000000000e+00 8.750537862658998994e-03 1.585670148912062330e-02
0.000000000000000000e+00 0.000000000000000000e+00 4.143556376854829956e-03 9.993664675116917251e-02 1.725350956459237306e-01 0.000000000000000000e+00 1.686839276045402902e-02 1.140547149076858308e-01 8.982242471806207995e-02 1.167033371876332985e-02 0.000000000000000000e+00 8.080396898668568140e-02 0.000000000000000000e+00 0.000000000000000000e+00 1.113907166936567439e-01 2.205338185662627896e-03 2.293175309009647025e-03 4.780892760082738197e-03 6.474990191839188891e-02 6.736373350768183610e-02 2.045440147420282337e-02 0.000000000000000000e+00 3.022213551834429003e-03 1.208384862027692686e-01 1.306600653110935421e-02
0.000000000000000000e+00 3.516293195421209359e-03 9.554898737153694893e-03 1.661495229774107919e-04 0.000000000000000000e+00 1.276159340576272280e-04 2.853816432434526096e-01 1.011522996300501659e-01 6.870933325037704292e-03 1.813539825800235955e-02 0.000000000000000000e+00 3.902116969635148480e-02 3.953171511464684089e-03 2.824728615990747260e-02 1.518379555558700411e-01 0.000000000000000000e+00 2.995462286845096758e-02 3.918218024494378969e-03 2.695750944980995073e-02 0.000000000000000000e+00 0.000000000000000000e+00 0.000000000000000000e+00 2.006017354668882067e-03 1.470289952550770662e-01 1.421698222777524057e-01
5.094564244997765168e-02 0.000000000000000000e+00 6.606853387734885202e-03 0.000000000000000000e+00 9.679290438857526824e-03 0.000000000000000000e+00 2.124981197419696932e-01 1.389280931226230253e-01 1.381831640393606786e-01 1.349745312734727809e-02 0.000000000000000000e+00 2.443748755874100564e-02 0.000000000000000000e+00 1.491468767094474880e-02 3.488382649759933646e-02 6.625767505268566337e-02 1.106298347952181828e-02 1.759728969539800991e-03 2.691370425945237201e-03 2.392471772761873769e-02 0.000000000000000000e+00 2.055861874554041485e-02 1.589978302888720163e-01 5.881217136805031581e-02 1.136028590707021876e-02
6.003614779522669503e-02 2.430672651298888560e-03 2.660416354720469660e-03 0.000000000000000000e+00 1.865134710209183089e-01 0.000000000000000000e+00 1.192505258524029499e-01 1.673915445828184911e-02 1.793139178760235972e-02 5.021071877583598020e-03 0.000000000000000000e+00 0.000000000000000000e+00 2.200694183911612936e-03 0.000000000000000000e+00 1.484125367003736318e-01 0.000000000000000000e+00 1.070719034363416255e-01 7.739137611476041775e-03 4.385470509142000428e-02 2.963700385788370969e-03 4.170450932185469466e-03 8.979826535868219370e-03 2.166326987718467101e-01 2.287787058521111028e-02 2.451362396754221476e-02
1.141289696215421062e-01 3.957156635371977121e-02 3.892939424692649919e-02 7.011006842708214157e-03 2.812136900255874164e-02 4.328922592237372663e-03 1.669886646938951308e-02 1.477814616855179387e-03 3.913651472486044669e-02 1.033687365075771497e-01 0.000000000000000000e+00 2.215803611482927010e-02 1.663080360924273048e-03 2.811022437172915056e-02 1.147915242950649645e-01 0.000000000000000000e+00 1.184557847428034938e-01 8.040148517477335721e-04 2.420865257565779638e-02 0.000000000000000000e+00 3.545087795420435312e-02 1.105205601303289875e-01 1.615366120803216760e-02 1.179094506177825324e-01 1.700097179852031251e-02
8.483115291111268177e-03 8.121549919361865542e-04 1.169076105378530905e-01 3.133995245123181398e-03 4.901903793378127941e-03 3.759823253151318729e-03 0.000000000000000000e+00 1.225136498050698047e-01 2.676788961154715277e-02 1.191223678689311422e-01 8.753684022626715897e-04 3.823783535173536779e-02 5.857302781227588691e-03 1.699447606086372173e-02 1.485797780814381575e-01 0.000000000000000000e+00 1.320912548768606309e-01 2.043234927144941659e-03 6.526072600272983179e-03 0.000000000000000000e+00 0.000000000000000000e+00 1.006946132786085690e-01 3.642639738743638344e-03 1.290964000328626571e-01 8.958513469877816757e-03
5.118170063206855559e-03 6.202013722006999470e-03 2.007635568882622581e-02 0.000000000000000000e+00 5.161692002108028698e-02 5.568631874255124126e-03 1.467208986228800138e-01 1.060266624592969692e-01 0.000000000000000000e+00 1.119923155395639164e-02 0.000000000000000000e+00 1.315050165098566315e-01 5.698757857674235060e-03 1.823434226969807004e-02 7.867852798538611803e-02 3.446371713205723109e-02 5.456329909660758391e-03 1.041858582553510312e-03 1.428433734639361075e-01 0.000000000000000000e+00 0.000000000000000000e+00 8.021973450187043844e-03 1.575738900978018442e-01 0.000000000000000000e+00 6.395332873567939613e-02
0.000000000000000000e+00 0.000000000000000000e+00 1.632808980682892153e-01 1.648167741927655458e-03 6.967857534069903797e-03 8.117480669624976830e-02 8.752429232429213835e-02 5.711467734814796443e-02 5.739230996747004404e-02 1.341212447994194956e-03 1.248711138594431162e-02 1.253257575193183482e-01 2.617431074541984055e-03 0.000000000000000000e+00 1.857557696582034235e-01 1.122190627233917787e-04 5.864597973930122353e-03 0.000000000000000000e+00 0.000000000000000000e+00 8.597977240112762709e-03 1.838780407724692478e-03 7.479875723642898100e-02 6.434719829160885640e-02 5.081594428926469037e-02 1.099423373175749050e-02
7.345892279448640316e-02 2.764711931645463892e-03 2.440105097937076903e-02 0.000000000000000000e+00 9.281543359600506748e-02 0.000000000000000000e+00 3.896939620339428395e-02 1.963709530624578592e-01 8.123830023917655296e-02 0.000000000000000000e+00 0.000000000000000000e+00 8.001456578104261183e-03 0.000000000000000000e+00 7.084217140905453569e-02 1.192968670281217419e-01 2.960834722486488900e-03 2.991123995760651064e-03 4.651914910052354704e-03 1.473655564867513423e-01 3.161630508968029524e-02 0.000000000000000000e+00 8.541813816049173211e-03 1.037159714015684076e-02 0.000000000000000000e+00 8.334159001724589233e-02
1.439431678043458229e-02 8.032935558472538429e-02 1.305912019352788445e-01 4.524258225617167929e-03 1.724353478665612699e-02 2.184042500233925391e-02 1.460437932751993961e-01 8.102995613109577333e-02 1.804370793720877775e-01 1.993502171057748296e-02 2.619902564962674207e-03 3.574197120705115919e-03 5.094313138886465316e-03 4.025106957452450479e-02 5.961808460265329707e-02 0.000000000000000000e+00 0.000000000000000000e+00 2.188704467235467327e-02 2.211943159896492817e-02 3.678595720356401047e-03 0.000000000000000000e+00 1.332604098969945861e-01 0.000000000000000000e+00 0.000000000000000000e+00 1.152800830558557525e-02
0.000000000000000000e+00 8.352769951721077286e-04 0.000000000000000000e+00 0.000000000000000000e+00 0.000000000000000000e+00 2.066090860677368898e-02 1.431084453403698442e-01 4.951465286313842112e-02 0.000000000000000000e+00 6.648284584329614000e-02 8.843662081796268074e-03 1.066967709505014239e-01 0.000000000000000000e+00 0.000000000000000000e+00 5.452174520638058269e-02 0.000000000000000000e+00 0.000000000000000000e+00 3.811178931718077478e-02 0.000000000000000000e+00 0.000000000000000000e+00 1.644134689849861830e-01 1.098393023742075675e-01 0.000000000000000000e+00 1.273983426193346924e-01 1.095727888168622488e-01
5.685912129435795629e-04 0.000000000000000000e+00 1.262158133696711926e-01 9.372384914663226766e-04 6.228756297051345203e-02 2.429849176595275280e-03 1.832995112394940340e-02 7.201040724239918256e-02 1.788759757438308784e-02 4.244035286397106199e-02 6.718626364197723307e-03 1.631236770198557506e-01 1.414333831398987456e-03 2.549358951078783703e-03 4.144024708315611344e-02 1.847438131107057360e-03 5.727907543387976419e-02 0.000000000000000000e+00 9.919539316615108918e-03 0.000000000000000000e+00 2.871048978784083040e-03 9.561904329771706013e-02 1.241753775010442512e-01 1.418639588613554992e-01 8.070911203917273749e-03
0.000000000000000000e+00 3.328690418143790135e-04 4.268181019337910498e-02 0.000000000000000000e+00 8.140240625600531424e-03 0.000000000000000000e+00 1.483006448534283928e-01 2.215651622400811038e-01 6.514829631260513065e-02 0.000000000000000000e+00 0.000000000000000000e+00 6.522958526896656395e-02 4.341950427206866386e-02 0.000000000000000000e+00 5.187257931922360787e-02 0.000000000000000000e+00 0.000000000000000000e+00 0.000000000000000000e+00 1.330883265471547172e-01 4.974997203706914718e-04 4.780026854821857983e-03 1.153851019886001500e-01 2.674703770174276588e-02 1.098867360260871902e-02 6.182264145753367524e-02
0.000000000000000000e+00 0.000000000000000000e+00 1.297628053806712360e-02 0.000000000000000000e+00 1.566614563598507093e-01 3.783385933028381165e-02 2.561669934153989331e-02 2.659072661559582981e-02 0.000000000000000000e+00 2.481865954101855065e-01 0.000000000000000000e+00 6.061460863040411123e-02 0.000000000000000000e+00 3.837257170328393918e-03 1.318941458744316286e-01 0.000000000000000000e+00 4.564102237678036716e-02 1.472632805383749903e-02 1.419796501373551123e-01 7.728980089816276690e-03 5.142445985753332782e-02 2.450260173027593233e-02 9.785328483714604217e-03 0.000000000000000000e+00 0.000000000000000000e+00
7.000484646664116573e-02 0.000000000000000000e+00 7.478505735510230720e-03 0.000000000000000000e+00 2.075731970410708144e-02 0.000000000000000000e+00 2.775795551510226722e-01 1.765685127229856544e-01 9.291710199763044548e-03 2.906792872474617609e-02 7.346311482980648865e-03 6.100126070373374648e-03 1.312464893416045520e-03 0.000000000000000000e+00 1.375945724948590132e-01 0.000000000000000000e+00 7.565136262289784592e-03 0.000000000000000000e+00 1.415898530667248634e-01 0.000000000000000000e+00 0.000000000000000000e+00 5.461022181991422031e-02 3.877300153992006143e-02 6.878533362585185877e-03 7.481400302160782535e-03
1.645987176382449416e-02 0.000000000000000000e+00 8.266259920228913663e-03 0.000000000000000000e+00 0.000000000000000000e+00 0.000000000000000000e+00 1.906356680311640794e-01 2.292170922422949175e-01 2.680924226348019301e-02 1.471652262548870391e-03 0.000000000000000000e+00 7.702155378792421847e-02 8.561163420610426802e-03 5.029412826555272609e-02 1.419555199062110529e-01 4.909905837712101942e-03 6.667971775965461992e-04 6.138427325287315432e-03 3.466957325464141860e-03 0.000000000000000000e+00 3.614406921429797609e-03 0.000000000000000000e+00 5.955725666873511182e-02 2.957811044115966209e-02 1.413759864387754972e-01
4.810347050903512715e-03 5.932022336920131367e-02 6.936553851020475780e-02 0.000000000000000000e+00 0.000000000000000000e+00 6.661561119659811878e-04 7.559575681757829679e-02 1.715579309771308458e-01 6.103612608907084923e-03 1.251823913214445139e-01 0.000000000000000000e+00 6.105200853181591558e-02 3.113963083556421652e-02 0.000000000000000000e+00 1.705589412626809798e-01 4.304744791903562795e-03 0.000000000000000000e+00 1.573616536010970755e-03 1.587650750591215743e-02 1.220183698980808508e-02 0.000000000000000000e+00 0.000000000000000000e+00 0.000000000000000000e+00 5.046927970777805722e-02 1.402214770711898151e-01
2.032761089429568901e-02 0.000000000000000000e+00 5.767428385613462827e-03 7.943458725613805832e-04 1.284383741988382732e-01 9.796424089625463405e-02 2.911908158072915725e-02 4.553120343598452552e-02 3.238693292233702642e-02 5.629597133684719618e-03 2.872087160834695813e-02 1.654415509861443534e-01 1.508546089405937707e-02 3.390360282164152101e-03 1.555591937407790615e-01 6.408175605029858835e-02 3.597007546236783565e-02 2.575929997770010083e-02 0.000000000000000000e+00 2.851666580808460971e-02 6.649272055171694118e-02 2.133475605301006148e-02 7.117273007688711128e-03 0.000000000000000000e+00 1.657120025734030652e-02
1.922322153258178984e-02 4.924736370953952322e-03 3.120528540359906317e-02 4.903047466524971002e-04 2.162732063433394063e-03 7.564181833182065384e-02 5.390387951935419336e-02 1.133511357230706368e-02 4.476393094971930879e-03 1.245477238637779649e-01 0.000000000000000000e+00 1.085153424055159029e-02 0.000000000000000000e+00 0.000000000000000000e+00 1.037094500318815199e-01 0.000000000000000000e+00 1.259788961364145532e-01 1.075783906109380531e-02 0.000000000000000000e+00 1.878244688119987474e-02 9.392548127138561354e-02 0.000000000000000000e+00 1.133513601692670014e-01 5.950740871481600969e-02 1.352243749939374129e-01
0.000000000000000000e+00 3.212356332704362216e-02 1.531943363658524182e-01 6.737670693408125480e-03 0.000000000000000000e+00 2.758403649357436729e-03 1.413209666272000342e-01 2.644284668872984648e-02 8.406670598304638239e-03 2.805826759460581382e-02 0.000000000000000000e+00 3.913611687992486765e-02 0.000000000000000000e+00 0.000000000000000000e+00 1.507722734066748449e-01 4.996682491668031495e-03 7.253789426023136326e-04 0.000000000000000000e+00 1.437210548402982069e-01 0.000000000000000000e+00 0.000000000000000000e+00 9.708792666104981706e-02 1.534088682870876630e-01 0.000000000000000000e+00 1.110897294619220092e-02
9.638158864917627938e-03 9.774424523254818253e-03 0.000000000000000000e+00 1.601052337961476890e-03 1.513843156884844311e-02 0.000000000000000000e+00 4.302441803942812226e-03 2.278110010364373279e-03 2.202356976982642114e-02 1.175954794062902264e-01 0.000000000000000000e+00 5.599868385166574536e-02 0.000000000000000000e+00 0.000000000000000000e+00 1.412326920568542643e-01 6.368213238594714470e-03 1.513724127795376684e-01 5.334593938076937630e-02 1.374139134100710036e-01 0.000000000000000000e+00 5.845463221842800601e-03 6.302975648771403511e-03 8.066335154406653607e-02 7.388213086269608543e-02 1.052225557197241645e-01
1.058809648413649579e-01 5.842865024532729185e-03 1.525819663064463191e-02 0.000000000000000000e+00 1.860784538230445331e-02 0.000000000000000000e+00 1.523089416852476535e-02 1.256061821684123780e-01 2.896010483130393581e-02 7.754949250914125458e-02 0.000000000000000000e+00 1.153853895326796275e-01 1.955370089055233698e-02 1.060787682269978462e-03 1.605046227253873192e-01 0.000000000000000000e+00 1.283116733825001854e-01 4.409521037319972213e-03 2.119589707688814689e-02 2.936436490712834358e-05 1.230890871356801492e-03 8.111905805593946570e-04 8.007137074019609127e-03 9.536251474710153928e-03 1.370270277506202283e-01
2.531341051903907013e-02 0.000000000000000000e+00 6.500723397803619607e-04 0.000000000000000000e+00 1.014535604441314659e-01 1.541338794163964578e-03 1.638603029474722528e-01 7.328100669627975183e-02 9.320071606279321103e-03 1.063168074405250983e-02 0.000000000000000000e+00 8.952999471500339146e-02 0.000000000000000000e+00 0.000000000000000000e+00 2.445386508235746978e-02 5.797663173486762578e-02 0.000000000000000000e+00 4.121761655003714289e-03 1.044497270868262329e-02 1.187004522907816710e-02 1.611792190781604489e-02 0.000000000000000000e+00 1.737935461696784867e-01 6.995690517029155842e-02 1.556829115360222338e-01
9.551289009024279287e-04 4.558838858079502371e-02 8.267668890348586763e-02 1.007853854050718423e-01 1.804042141607803450e-03 0.000000000000000000e+00 5.515633003845733795e-02 1.241383292326240784e-01 4.966409018876946635e-02 4.545864662754377575e-03 0.000000000000000000e+00 7.360577791673110493e-02 0.000000000000000000e+00 1.566000942333611520e-02 1.363969315255893766e-01 9.147940655602645977e-04 6.636001545487139885e-02 0.000000000000000000e+00 6.853350303767884351e-03 0.000000000000000000e+00 0.000000000000000000e+00 7.811914761868689328e-02 0.000000000000000000e+00 1.281849731026979966e-01 2.859075253429070249e-02
0.000000000000000000e+00 7.311650957286577879e-02 1.747156231281734307e-01 0.000000000000000000e+00 4.858468964909372356e-02 0.000000000000000000e+00 1.700934986674687566e-01 1.413573063324477519e-01 3.158233793583597321e-02 8.467821201781200458e-02 0.000000000000000000e+00 3.303970294478314387e-03 1.277343402602375971e-02 1.387123201623078825e-02 5.441512758754844456e-03 7.026095767837732195e-03 3.207016232227015429e-02 0.000000000000000000e+00 4.897476022515701022e-02 7.867691787409602372e-03 0.000000000000000000e+00 1.139472668132749111e-01 5.026437856846947046e-04 1.908996055534280603e-02 1.100309234383811674e-02
8.072051295391424004e-04 2.821728107866057489e-02 5.259929283987030413e-02 1.021459780668301232e-01 1.658394418293937522e-02 0.000000000000000000e+00 2.477111962008933868e-02 1.249752956097917866e-01 1.329166587416068523e-01 1.190155322859478594e-02 0.000000000000000000e+00 6.760434712747533104e-02 0.000000000000000000e+00 0.000000000000000000e+00 9.609306966353874102e-02 2.188452900798254150e-02 1.640094982517741051e-02 3.114039322955816473e-03 5.224849454042269220e-03 0.000000000000000000e+00 0.000000000000000000e+00 1.312897300292687752e-01 7.709146859106359023e-03 1.216470995804333072e-01 3.411391063209715663e-02
0.000000000000000000e+00 3.326465526715219638e-04 4.580111788421296903e-02 0.000000000000000000e+00 0.000000000000000000e+00 2.525141376385077116e-02 1.377482738787718930e-01 0.000000000000000000e+00 1.744050759251084826e-01 1.192928970865229088e-01 1.206959566353469314e-02 9.336720150861183010e-02 4.969801227949318312e-04 0.000000000000000000e+00 3.005554422162797987e-02 0.000000000000000000e+00 6.149978031108074839e-03 0.000000000000000000e+00 1.285514322655157970e-01 7.623546356555012220e-03 7.165515770625471327e-03 0.000000000000000000e+00 1.943207035250431869e-01 8.718196397814624229e-03 8.649881045629774154e-03
0.000000000000000000e+00 0.000000000000000000e+00 1.044126310780627842e-01 0.000000000000000000e+00 0.000000000000000000e+00 0.000000000000000000e+00 5.026366151575718116e-02 1.306274497546603373e-02 3.956897513496746011e-02 1.447417870464752510e-01 9.970009238789239413e-04 9.025409523732415285e-02 7.679459965817563754e-04 0.000000000000000000e+00 1.267315796223563162e-01 0.000000000000000000e+00 1.646920330018704435e-04 0.000000000000000000e+00 1.379930908153409741e-01 9.528173994552545378e-02 1.000057646180033252e-03 1.007383178232687249e-01 0.000000000000000000e+00 2.688776566655398659e-02 6.713391453925905694e-02
0.000000000000000000e+00 0.000000000000000000e+00 2.178622890355680006e-02 0.000000000000000000e+00 7.510485703952839154e-02 1.210396013825990186e-01 1.568612427558759570e-01 1.259769006274404080e-01 5.657623280424428636e-02 2.524520554095136329e-02 1.025082057626815722e-03 4.304056679716413564e-02 0.000000000000000000e+00 0.000000000000000000e+00 3.415285785198778502e-03 3.840456146112596059e-02 1.219876998549673623e-02 0.000000000000000000e+00 1.439342129362083667e-01 9.337610737574466441e-03 1.004914596571713781e-01 4.836642382019986502e-02 3.363489677238123109e-04 1.054574528875691294e-02 6.313663451556660727e-03
0.000000000000000000e+00 0.000000000000000000e+00 6.488808816274764524e-02 1.611578961806913422e-03 6.851117071883999939e-03 8.598904882816435502e-03 5.598674871087430671e-02 2.196317593417496713e-03 1.033230633311353446e-02 8.205931846830012699e-02 0.000000000000000000e+00 1.184322892469873434e-01 0.000000000000000000e+00 2.890915934374873458e-02 1.402861562850701016e-01 0.000000000000000000e+00 1.671653389901981215e-02 8.672887636989860816e-03 1.459289644313028211e-01 4.420947388534199329e-03 0.000000000000000000e+00 4.887686680288626934e-02 1.073307134393890611e-01 5.044589506444352445e-02 9.745520627666778846e-02
9.251844332636208462e-04 0.000000000000000000e+00 1.164958914877623486e-01 4.815848837109735874e-03 1.744802240533207260e-01 0.000000000000000000e+00 2.172195215917359368e-01 6.566038786674842365e-02 1.261742027954152953e-02 2.141341779528412384e-02 1.685710217849396657e-04 3.437968020645728456e-02 5.815634907368307308e-04 0.000000000000000000e+00 1.765430641622673935e-01 0.000000000000000000e+00 4.340956055857057676e-03 1.611823637832640599e-02 1.264900592352606482e-04 8.878263351024755223e-03 0.000000000000000000e+00 0.000000000000000000e+00 4.403500755138074763e-03 1.348872248941924701e-01 5.944553280213233683e-03
1.084227173543638040e-01 0.000000000000000000e+00 0.000000000000000000e+00 0.000000000000000000e+00 1.944068286517095390e-03 2.338137497636384472e-03 1.347454628965612522e-01 1.640698158571082255e-01 3.307819190472151543e-03 2.849384318679957021e-02 0.000000000000000000e+00 5.896632971114251776e-02 4.676472924772536420e-03 0.000000000000000000e+00 1.844182034109527468e-01 5.781039666047690061e-03 0.000000000000000000e+00 2.497110183038312933e-02 1.342323310869314966e-03 0.000000000000000000e+00 3.175553693794362035e-03 3.365677933604170396e-04 0.000000000000000000e+00 1.358188607954306792e-01 1.371916825937881113e-01
0.000000000000000000e+00 2.332327709050925103e-03 0.000000000000000000e+00 0.000000000000000000e+00 5.165945462881911532e-03 5.954078750630560982e-03 0.000000000000000000e+00 2.792493947934231516e-02 1.059732683551665583e-01 1.742642881197416782e-01 4.926231520648971518e-03 1.322033772322693257e-01 1.793416923356675602e-02 3.495777542193418894e-03 1.308247486889167199e-01 9.287031294323294314e-03 4.363717846022657082e-02 3.026394028699869176e-02 1.564328434692859038e-01 0.000000000000000000e+00 0.000000000000000000e+00 0.000000000000000000e+00 9.919228304082670922e-02 1.057215691257900290e-02 3.961541444135066592e-02
0.000000000000000000e+00 1.651641707316778252e-04 1.287689339005098632e-01 0.000000000000000000e+00 1.255454332512434545e-01 0.000000000000000000e+00 1.227852288924796836e-01 4.608159490845317036e-02 7.468691266111808329e-03 1.661153779976745149e-03 0.000000000000000000e+00 9.234195727316280716e-03 9.729508374857793671e-03 0.000000000000000000e+00 2.204517859735376228e-01 6.952091040261475230e-02 4.317864358812518316e-02 1.003925687169478394e-02 7.617216938541312814e-03 2.323056774895827618e-03 0.000000000000000000e+00 5.400040540315780013e-02 0.000000000000000000e+00 1.385313615580778257e-01 2.897458217674428287e-03
0.000000000000000000e+00 1.348310479756449382e-04 4.956602080676723865e-02 8.779058279145865451e-03 7.704431918586093775e-02 3.584353365594682150e-02 6.182153784153804343e-02 5.134564163852823465e-02 3.874101927731586625e-02 7.108248182552332796e-03 0.000000000000000000e+00 1.035737611988679641e-02 0.000000000000000000e+00 0.000000000000000000e+00 1.297656437682966901e-01 0.000000000000000000e+00 1.293733213590463234e-02 0.000000000000000000e+00 1.523312909742782773e-01 3.596607405778028729e-03 2.151611945235743298e-03 1.121599601119869687e-05 8.453332439820775146e-02 1.116117013536029601e-01 1.623196859871670061e-01
0.000000000000000000e+00 0.000000000000000000e+00 1.102172051927726160e-01 0.000000000000000000e+00 0.000000000000000000e+00 1.103270424773864465e-02 2.343760687312730975e-02 4.963525500099963492e-04 1.455550617563275417e-01 3.281102255286427738e-02 0.000000000000000000e+00 1.228433937754497551e-01 1.978033976488144385e-02 2.929742035696064964e-02 1.563934552196318828e-01 0.000000000000000000e+00 0.000000000000000000e+00 2.769132277902136736e-03 1.501563817393995470e-01 0.000000000000000000e+00 0.000000000000000000e+00 0.000000000000000000e+00 0.000000000000000000e+00 5.553714817400161319e-02 1.396727755189325626e-01
4.957504773151735940e-03 0.000000000000000000e+00 1.076345939241440397e-01 2.860111825869252750e-02 2.778820102630391586e-03 1.715436610017024091e-02 6.474216975850108358e-02 4.029109515029978203e-03 5.802080321184006212e-02 1.321965152855886783e-01 3.494352653973757140e-03 1.137411082031480336e-01 1.854023458094602886e-04 9.460622453139616453e-04 2.041750173411132491e-02 3.701133608379360892e-03 2.435996554031320989e-03 1.180500201557915380e-01 1.464736154033874360e-01 1.221761103739491677e-02 1.153744837345248428e-03 0.000000000000000000e+00 6.346181661203610311e-03 1.001554658890460407e-02 1.407067220414567610e-01
0.000000000000000000e+00 1.614381749918544426e-02 1.110101564957584330e-01 0.000000000000000000e+00 0.000000000000000000e+00 0.000000000000000000e+00 5.968810529734218905e-03 2.414579232959029528e-02 1.401317021182451883e-01 5.142783915856503907e-02 2.990434827859249616e-03 1.342606199596661776e-01 0.000000000000000000e+00 1.637162327320674376e-02 2.755893421146149436e-01 0.000000000000000000e+00 0.000000000000000000e+00 0.000000000000000000e+00 4.519704634561515222e-02 1.653956305618866154e-02 6.969431045724046835e-03 1.971986523569739438e-03 0.000000000000000000e+00 1.601772811724224213e-02 1.352641066052344410e-01
0.000000000000000000e+00 4.949550279261920056e-04 1.255801075680198498e-01 7.458814011702811272e-04 8.130126919753758938e-03 8.699029759687851304e-03 5.908607128476012216e-02 1.841724110631079089e-02 1.240701533887565017e-01 6.853517214544858384e-03 9.295599017702138242e-03 2.298513477959903545e-02 1.346827152596887303e-02 0.000000000000000000e+00 1.751360389823246322e-01 0.000000000000000000e+00 1.896185056055367801e-01 3.611770516287256261e-02 2.217548311726182803e-02 1.176208388027482482e-02 3.952044248691833662e-03 1.143004838068510803e-01 0.000000000000000000e+00 3.130037127548850745e-02 1.781119492649765879e-02
9.831174837829867452e-02 0.000000000000000000e+00 4.594012591148292392e-03 6.543874497212301584e-03 4.904324927079514555e-03 7.114812264601805269e-02 1.430578540300857515e-01 6.462796629666121839e-02 3.145387852119289895e-02 7.034282932332305838e-02 0.000000000000000000e+00 9.667948843981472029e-02 0.000000000000000000e+00 1.142007579335412026e-02 7.920103824738239373e-02 0.000000000000000000e+00 0.000000000000000000e+00 4.283753557344158192e-03 1.405216904573346193e-01 6.242838973616375575e-03 0.000000000000000000e+00 0.000000000000000000e+00 0.000000000000000000e+00 2.967555343734787788e-03 1.636989479763991395e-01
0.000000000000000000e+00 0.000000000000000000e+00 3.269208285078086668e-02 4.943820996806629455e-04 0.000000000000000000e+00 3.970743112037881489e-05 3.366283207287079637e-02 1.459149375194650489e-01 1.661672065539898646e-04 0.000000000000000000e+00 1.932811489918485198e-02 2.227157086479138182e-01 2.308997877954957825e-02 1.077296919432956523e-01 5.635617030312721487e-02 0.000000000000000000e+00 0.000000000000000000e+00 1.967850103746083060e-02 1.105923553078493465e-01 0.000000000000000000e+00 8.285416822295968431e-02 0.000000000000000000e+00 0.000000000000000000e+00 8.654455317605466366e-03 1.360307463605818223e-01
2.136215100307319384e-02 3.285701048894225937e-04 0.000000000000000000e+00 8.063016597902637013e-04 3.035483883872467162e-02 0.000000000000000000e+00 8.262714149665603691e-02 9.605251590670649264e-02 4.627502015866509846e-03 5.938599287024128558e-03 0.000000000000000000e+00 5.149227804734989727e-02 2.120188948049200623e-03 3.858579754662531253e-02 9.952567956267312221e-02 0.000000000000000000e+00 1.085728007416975061e-01 6.325092787323825100e-03 1.496318731375163857e-01 7.760393655269267645e-03 4.568507494547509318e-02 4.121059412454852050e-02 9.367390065359117168e-02 3.122128327421226993e-02 8.209742226293767486e-02
