2.358466568569046046e-02 1.180242557455698504e-01 3.333269945967127362e-02 0.000000000000000000e+00 1.190540599598667593e-02 1.814675377989484841e-04 9.299010869221269182e-02 1.277128350179226879e-01 1.684243904081093521e-02 1.521301171085687187e-02 0.000000000000000000e+00 1.116274544297080409e-02 0.000000000000000000e+00 0.000000000000000000e+00 6.595658071543934742e-03 0.000000000000000000e+00 1.360739242841060015e-01 5.957199932410183613e-02 3.179716342941175250e-02 0.000000000000000000e+00 2.847765667415487825e-03 2.138806366167010642e-02 1.239298552922645513e-01 7.267320719062821512e-04 1.661192038680888716e-01
8.507393072697268244e-02 5.251577806603147797e-02 0.000000000000000000e+00 3.558025745125949907e-03 1.661695744273871400e-01 5.026093169955036383e-02 3.366854457805983775e-02 1.467635979049041195e-01 0.000000000000000000e+00 0.000000000000000000e+00 0.000000000000000000e+00 1.410739543281955555e-01 0.000000000000000000e+00 8.048957922140366483e-03 1.064121390942317086e-01 0.000000000000000000e+00 4.585754425199731199e-02 1.774073433485017295e-02 0.000000000000000000e+00 0.000000000000000000e+00 3.970507020792568478e-04 0.000000000000000000e+00 0.000000000000000000e+00 1.424592362184740613e-01 0.000000000000000000e+00
4.305273791405348632e-02 1.190543361118765187e-01 4.840396226129654866e-02 0.000000000000000000e+00 0.000000000000000000e+00 0.000000000000000000e+00 7.071527472207408960e-02 5.153948002618815964e-03 0.000000000000000000e+00 1.427464502481219089e-01 0.000000000000000000e+00 0.000000000000000000e+00 0.000000000000000000e+00 0.000000000000000000e+00 1.003394480485228502e-01 0.000000000000000000e+00 0.000000000000000000e+00 1.015290055152247850e-01 3.910820787345871408e-02 7.154144549249337286e-03 1.317667628583958916e-01 1.071526766933480201e-01 5.266706261312245618e-03 6.373129343458736051e-02 1.482504550585946219e-02
3.362492697254533536e-02 5.451409125058183369e-02 8.119548925229441716e-02 0.000000000000000000e+00 4.619795873605795494e-02 0.000000000000000000e+00 1.195871439897921648e-02 1.396432327596640599e-01 2.253319493337382906e-02 5.637951110547392841e-02 0.000000000000000000e+00 1.154226329028512493e-01 0.000000000000000000e+00 0.000000000000000000e+00 0.000000000000000000e+00 0.000000000000000000e+00 1.622424556362556947e-01 4.161427276591089970e-03 0.000000000000000000e+00 0.000000000000000000e+00 0.000000000000000000e+00 0.000000000000000000e+00 7.984291000215365530e-02 1.329340216948041165e-01 5.934943307837364790e-02
0.000000000000000000e+00 6.919904130910972673e-02 0.000000000000000000e+00 0.000000000000000000e+00 1.340382538230435183e-01 0.000000000000000000e+00 1.644860442228425479e-01 1.492400627703611149e-01 0.000000000000000000e+00 5.625222072320212180e-02 0.000000000000000000e+00 7.194561333982826823e-02 0.000000000000000000e+00 0.000000000000000000e+00 6.691933814897378652e-02 0.000000000000000000e+00 4.494137761716621160e-02 4.936254048964923424e-02 1.433108120330253976e-01 2.651707148840167297e-03 3.755704869371729888e-03 0.000000000000000000e+00 0.000000000000000000e+00 2.289919093236255157e-03 4.160736441134998270e-02
0.000000000000000000e+00 9.522576817043425235e-02 3.510162101085211733e-02 0.000000000000000000e+00 4.676599138953402290e-02 7.281029041683978811e-03 1.409158370634176760e-01 3.362773764118666409e-02 5.918520880805153844e-02 1.246019089495791279e-02 1.421284677540356157e-03 0.000000000000000000e+00 3.044657365535867292e-03 0.000000000000000000e+00 8.294797294488284733e-02 9.590850079147529572e-02 8.851309079102094579e-03 3.407347721554707110e-02 4.129161990003095244e-03 3.556718345311501994e-03 0.000000000000000000e+00 6.595470519531538428e-03 1.556360296376159413e-01 1.302310705742598385e-01 4.304096283907651865e-02
0.000000000000000000e+00 3.155502552123901072e-02 1.352887283238657923e-01 0.000000000000000000e+00 1.611404661314549402e-01 6.687602554387507559e-02 0.000000000000000000e+00 0.000000000000000000e+00 2.135414234644209854e-03 8.667587510469979689e-03 1.362654414706740424e-02 0.000000000000000000e+00 0.000000000000000000e+00 0.000000000000000000e+00 8.838035703877503146e-02 2.448673926515955272e-03 1.360079910334241471e-01 0.000000000000000000e+00 1.160342058969186935e-01 0.000000000000000000e+00 1.348187214562359543e-02 0.000000000000000000e+00 1.470306026389361087e-01 0.000000000000000000e+00 7.732650590719014616e-02
8.342100060169552189e-02 0.000000000000000000e+00 4.475363409444196167e-02 1.578133403363614351e-02 5.211454546332190685e-02 1.246088924492753935e-02 2.007343867064885143e-02 1.392772636168146116e-01 9.014666346481396697e-02 3.424115784741118412e-02 0.000000000000000000e+00 0.000000000000000000e+00 9.066761696594965525e-04 0.000000000000000000e+00 7.382054108695419725e-02 0.000000000000000000e+00 1.357843754184407115e-01 4.827430711033348781e-02 3.675093514801505007e-02 0.000000000000000000e+00 8.727541832863616733e-03 1.594868956888092770e-01 2.886144673586787598e-02 0.000000000000000000e+00 1.511735377134462710e-02
7.489768198109726660e-02 2.064170723238241748e-04 2.786207411563003736e-02 4.272656551855691029e-03 1.642252948741341478e-01 0.000000000000000000e+00 0.000000000000000000e+00 1.416418596965608179e-01 0.000000000000000000e+00 1.138337474268648342e-02 0.000000000000000000e+00 1.489426659135439646e-01 0.000000000000000000e+00 0.000000000000000000e+00 3.506765019950505019e-02 0.000000000000000000e+00 9.209360590173538280e-03 3.679765089472843143e-02 0.000000000000000000e+00 0.000000000000000000e+00 0.000000000000000000e+00 1.627090354247494319e-01 8.284289692016012438e-03 1.603429845013399080e-01 1.415700374965542414e-02
7.122881659320658143e-03 0.000000000000000000e+00 5.182230623084397789e-03 7.021494294763128054e-04 1.542959145676670585e-01 0.000000000000000000e+00 1.982577112173307954e-01 4.643517836668325377e-02 2.789999385154122435e-02 1.868224781481018365e-02 0.000000000000000000e+00 6.383651348891232480e-02 0.000000000000000000e+00 2.610971612014348613e-03 1.040846973013034339e-02 9.661586710667974254e-02 0.000000000000000000e+00 2.566757486524023132e-03 1.307520175792041377e-02 0.000000000000000000e+00 0.000000000000000000e+00 0.000000000000000000e+00 1.488392953801075114e-01 7.604743247237187587e-02 1.274211834354255501e-01
0.000000000000000000e+00 5.240894579939939235e-03 1.084259931118413400e-01 5.332095554110971971e-04 1.523361028975647458e-01 3.278739529429107458e-02 1.238145043130967626e-01 5.074889077236788282e-02 6.348782667225764953e-03 0.000000000000000000e+00 0.000000000000000000e+00 4.679761667890199039e-02 1.179748607335857164e-03 0.000000000000000000e+00 3.211411969267207595e-02 0.000000000000000000e+00 1.085877514863205218e-01 0.000000000000000000e+00 0.000000000000000000e+00 0.000000000000000000e+00 1.323152348992235119e-02 2.118580507806344659e-02 1.640881193248646674e-01 8.519489503596237856e-02 4.738464741421804377e-02
0.000000000000000000e+00 0.000000000000000000e+00 1.375582565376469169e-01 0.000000000000000000e+00 1.678311624770865151e-01 1.792718342474932422e-04 6.909017395058872357e-02 1.401676233103663072e-01 1.189498480543846153e-02 7.982817659921695766e-07 0.000000000000000000e+00 4.284618878089292704e-02 0.000000000000000000e+00 0.000000000000000000e+00 0.000000000000000000e+00 0.000000000000000000e+00 2.378838980312057982e-01 1.097640070674107439e-02 1.764202405401447959e-01 0.000000000000000000e+00 0.000000000000000000e+00 0.000000000000000000e+00 0.000000000000000000e+00 0.000000000000000000e+00 5.151000743874932335e-03
8.755520745254179171e-02 5.547262720158380178e-02 5.403868172694633806e-03 0.000000000000000000e+00 1.376221574728922759e-01 0.000000000000000000e+00 1.586969541178515630e-01 1.299440324210583697e-02 3.121714528364873814e-03 1.168496891636826860e-03 0.000000000000000000e+00 0.000000000000000000e+00 5.071460356831974242e-02 0.000000000000000000e+00 1.316525133939480396e-01 0.000000000000000000e+00 5.741222384397299400e-03 1.562194397952891556e-02 1.796979961750949928e-01 0.000000000000000000e+00 9.045058768632451007e-03 9.322090477417725729e-02 7.590642961188067382e-03 3.704947327710405788e-03 4.097473758733109761e-02
6.998246850531565644e-02 6.801526589949985144e-03 0.000000000000000000e+00 0.000000000000000000e+00 1.420461790537365376e-01 0.000000000000000000e+00 2.935918704264268292e-02 9.228668839634358856e-02 0.000000000000000000e+00 1.367614914822181393e-01 0.000000000000000000e+00 5.040203120118397218e-02 0.000000000000000000e+00 0.000000000000000000e+00 5.292112326520179676e-03 0.000000000000000000e+00 7.297189405817726404e-02 4.373134170617465344e-02 2.850636852093150000e-02 1.699466363980881847e-03 1.337745817730321696e-01 0.000000000000000000e+00 0.000000000000000000e+00 4.587031081971521679e-03 1.817976318978212491e-01
0.000000000000000000e+00 1.219044010551216251e-01 2.888287079391754775e-02 0.000000000000000000e+00 3.503990860392096340e-02 1.002017592809749565e-02 1.041284514255525484e-01 9.538433890013948979e-02 5.640203010765254890e-03 1.079368425729951841e-01 0.000000000000000000e+00 6.829021184370938358e-02 8.176299227893544033e-03 0.000000000000000000e+00 4.960143276042104643e-02 0.000000000000000000e+00 2.912300095516609857e-03 0.000000000000000000e+00 3.390014125359037955e-02 2.627944846517231859e-03 0.000000000000000000e+00 3.803208072633478681e-02 1.059880224364558310e-01 2.617842558082086532e-02 1.553559489382302927e-01
0.000000000000000000e+00 9.277641833546151906e-03 1.291371531054691657e-01 0.000000000000000000e+00 8.936053759168217925e-02 0.000000000000000000e+00 1.254261669693461541e-02 4.519281309686947953e-03 1.183376418447188577e-02 0.000000000000000000e+00 0.000000000000000000e+00 1.485500613912461290e-03 0.000000000000000000e+00 0.000000000000000000e+00 4.769935442124304675e-02 0.000000000000000000e+00 1.487937220190421461e-01 7.841541035251103908e-02 1.663801958546560211e-01 1.787968116626042071e-04 0.000000000000000000e+00 9.030514172757058561e-03 1.282016717866978073e-01 3.485332678785858090e-03 1.596585065669409165e-01
4.461862257429323464e-02 0.000000000000000000e+00 4.596967196398436990e-04 3.754748763407009249e-02 2.573666585350413705e-01 5.378410305593074592e-02 0.000000000000000000e+00 0.000000000000000000e+00 0.000000000000000000e+00 1.094450942027690582e-01 0.000000000000000000e+00 5.162058789789869540e-02 2.010688617794036473e-02 0.000000000000000000e+00 1.291552754879884968e-02 0.000000000000000000e+00 1.539032723804521496e-01 0.000000000000000000e+00 1.920473888836899956e-01 2.638769953328257058e-03 0.000000000000000000e+00 1.372805629536533872e-02 0.000000000000000000e+00 3.592144876028372652e-02 1.389639938049831019e-02
0.000000000000000000e+00 0.000000000000000000e+00 1.141430090352290316e-01 0.000000000000000000e+00 1.358423990977244422e-01 0.000000000000000000e+00 1.042629363767227230e-01 1.647954074663267876e-01 5.177451327489028532e-03 1.171417915199101517e-02 0.000000000000000000e+00 0.000000000000000000e+00 0.000000000000000000e+00 0.000000000000000000e+00 8.518270164265465128e-02 0.000000000000000000e+00 1.559855104462703201e-01 7.951671010555537780e-03 1.568360619857808447e-01 1.677744237327636495e-04 1.844240775232617105e-02 2.445515797516024242e-02 1.382696773597399259e-02 0.000000000000000000e+00 1.216364572062535740e-03
3.720593297100859009e-03 6.247344972726485979e-02 5.427204305795726123e-03 0.000000000000000000e+00 1.069905826545274833e-03 0.000000000000000000e+00 1.424211049190124700e-01 1.377855644778257227e-01 0.000000000000000000e+00 5.831162088074396538e-02 0.000000000000000000e+00 1.932461861558172345e-01 0.000000000000000000e+00 0.000000000000000000e+00 1.539636418155711506e-01 5.355842424676652419e-02 2.065384024076889757e-03 1.119086848025531433e-02 7.137536929555777067e-04 0.000000000000000000e+00 1.197354440738494178e-03 0.000000000000000000e+00 0.000000000000000000e+00 9.122192208752329112e-03 1.637327515007774847e-01
0.000000000000000000e+00 0.000000000000000000e+00 1.058734346465278336e-01 8.286123694755441818e-03 1.311125326380195300e-01 8.932666552994492776e-03 9.852706181782003650e-03 1.428313386088250481e-01 4.210535710525062890e-03 7.406117538395445843e-02 0.000000000000000000e+00 0.000000000000000000e+00 3.390065402726735733e-02 0.000000000000000000e+00 1.316629404463481590e-01 2.885365584384153720e-02 1.317796755323139557e-01 1.034080919566865084e-03 2.444352604287162740e-03 3.289022143217692866e-03 7.735265754403422393e-03 5.650549697339954163e-04 2.127534906285894194e-04 1.229066680252989888e-02 1.610713640484774389e-01
7.791516186812683098e-02 5.482674894226943242e-03 1.334936783193735148e-02 2.301452659246050469e-02 9.506844421652231591e-02 0.000000000000000000e+00 2.077688450893737035e-02 1.731638781551556872e-01 0.000000000000000000e+00 1.773872371308362617e-01 1.505975254257881958e-02 4.325033342039710793e-02 0.000000000000000000e+00 2.956148940147007229e-02 1.352189629572974131e-02 0.000000000000000000e+00 0.000000000000000000e+00 3.015014438217185951e-03 5.372692157375530408e-02 0.000000000000000000e+00 0.000000000000000000e+00 1.326368750148689823e-01 2.025790408749637839e-02 6.496770990214273400e-02 3.784392812514039695e-02
1.115047529865655345e-03 7.942392004886894216e-03 2.335850865396862583e-02 8.261892575791365823e-02 4.615569252290840918e-02 6.707089830321916191e-02 1.158859299719563552e-03 1.452595231125706210e-01 6.009666815495359922e-03 5.175383258766146771e-02 0.000000000000000000e+00 2.787817160318825302e-02 0.000000000000000000e+00 0.000000000000000000e+00 8.205882752570918537e-02 7.726038968391439610e-02 1.481463234000593709e-01 1.634964171948892486e-02 4.278699962600872667e-03 5.523438342129818705e-03 1.133263331999135107e-02 0.000000000000000000e+00 0.000000000000000000e+00 2.382588667397021048e-02 1.709026411807381685e-01
1.092442587927878322e-01 7.234354679104558483e-02 4.295729326374857215e-02 6.917645924546432512e-02 5.075950830462125363e-02 1.793577686356281550e-02 1.621337756430330512e-01 7.451029072013019318e-03 0.000000000000000000e+00 2.340826715032721678e-03 0.000000000000000000e+00 3.225250540702438024e-02 1.337615476127750058e-01 0.000000000000000000e+00 8.888247870064557021e-02 4.154643292949627975e-02 0.000000000000000000e+00 3.370406967709628498e-02 0.000000000000000000e+00 3.515737480639259671e-02 4.573054621005210804e-03 7.874318650280572388e-03 3.564527435786575549e-02 2.970073276215214400e-02 2.255973578395693499e-02
6.960265588503235928e-03 3.896480909909453899e-04 1.388048077990704787e-01 1.004457710015852628e-02 7.675591328824842019e-02 2.780014758417733572e-02 1.372735705496554992e-01 2.628105071048453603e-02 3.857764586748248237e-02 1.076019935363976485e-02 0.000000000000000000e+00 1.118644362945273550e-02 0.000000000000000000e+00 1.049405894631708341e-03 1.819926162753855992e-01 5.507525901506632460e-03 0.000000000000000000e+00 1.271479096465990555e-01 1.570813538162066925e-01 5.496074831340673483e-03 0.000000000000000000e+00 0.000000000000000000e+00 1.041205272516621851e-02 1.796991903146825248e-02 8.508872315831226413e-03
8.257593169437463243e-02 4.873408561712143372e-02 1.850068265654107244e-02 3.509457096721242024e-04 8.747803949998159134e-02 1.351912985839530054e-02 0.000000000000000000e+00 1.391274657355349720e-01 9.914945736852672289e-03 2.798292027037219826e-02 0.000000000000000000e+00 3.043761140910533625e-02 0.000000000000000000e+00 1.012778087862481382e-03 1.027399420666468277e-01 0.000000000000000000e+00 1.309711283366682411e-01 5.415752959863109659e-06 0.000000000000000000e+00 8.361458183463342173e-04 1.277380079184292985e-02 2.444470774201213358e-03 1.272507373554903343e-01 0.000000000000000000e+00 1.633438228280305882e-01
