9.753988356671548787e-02 1.441623967128108884e-03 4.029940397875842600e-02 7.710828216029008350e-03 0.000000000000000000e+00 0.000000000000000000e+00 1.922337110317383357e-01 1.666850047042778005e-01 1.003075665719250359e-02 0.000000000000000000e+00 0.000000000000000000e+00 8.897557564066660082e-03 0.000000000000000000e+00 0.000000000000000000e+00 2.070879912806468381e-01 0.000000000000000000e+00 0.000000000000000000e+00 5.043971394568221370e-04 1.035024882817874373e-02 1.022973356397735220e-02 0.000000000000000000e+00 2.568236184414689031e-03 1.099630125398786025e-02 6.528753311556101391e-02 1.681367889478703748e-01
4.969728981272705098e-03 0.000000000000000000e+00 0.000000000000000000e+00 1.596344501809905947e-01 1.199420076059322209e-02 0.000000000000000000e+00 3.988850245382456750e-02 1.192004564499132141e-01 0.000000000000000000e+00 1.666337481792346531e-01 0.000000000000000000e+00 0.000000000000000000e+00 0.000000000000000000e+00 0.000000000000000000e+00 2.234217567185171806e-03 0.000000000000000000e+00 6.937521990032621821e-02 3.742197879776935389e-03 0.000000000000000000e+00 0.000000000000000000e+00 1.281790272472433864e-02 0.000000000000000000e+00 0.000000000000000000e+00 1.925212221036676774e-01 2.169881528184907094e-01
4.096533441611826393e-03 0.000000000000000000e+00 0.000000000000000000e+00 0.000000000000000000e+00 2.062894159219149856e-02 6.284099282076930845e-03 1.984836911458318087e-01 1.652069120325916352e-01 7.640760894753004240e-02 1.514496021095634729e-03 0.000000000000000000e+00 1.032514942242999667e-01 4.026280952334264536e-03 0.000000000000000000e+00 1.682541542682562119e-01 1.011495356935280740e-02 3.604961042473619343e-02 0.000000000000000000e+00 0.000000000000000000e+00 1.028792653954154479e-01 0.000000000000000000e+00 0.000000000000000000e+00 0.000000000000000000e+00 2.155240577896169740e-02 8.124955292371401072e-02
0.000000000000000000e+00 0.000000000000000000e+00 0.000000000000000000e+00 0.000000000000000000e+00 3.564229612443861606e-02 0.000000000000000000e+00 2.948061522055098454e-03 0.000000000000000000e+00 1.265845781571018902e-01 0.000000000000000000e+00 0.000000000000000000e+00 1.893415038638187886e-01 0.000000000000000000e+00 0.000000000000000000e+00 5.588837200181061976e-03 0.000000000000000000e+00 1.688262442852244416e-01 7.644311363810771254e-02 0.000000000000000000e+00 1.438296650520166572e-02 1.797651377267090941e-02 5.434262317371737865e-03 2.287780940426391112e-04 1.763267362099954216e-01 1.802761083097898787e-01
0.000000000000000000e+00 2.849359717033296546e-02 1.577435902389324740e-01 0.000000000000000000e+00 0.000000000000000000e+00 0.000000000000000000e+00 4.873145121474507270e-03 3.602299134025298234e-04 0.000000000000000000e+00 5.627110297277969353e-02 0.000000000000000000e+00 2.042158700120180470e-01 9.692097504410316462e-04 0.000000000000000000e+00 3.309751321857151013e-02 0.000000000000000000e+00 1.420369140909786831e-01 1.165476377030242872e-01 0.000000000000000000e+00 1.356239714309765212e-02 1.120958433896475023e-02 1.381908017911979980e-01 0.000000000000000000e+00 5.943607047926716819e-02 3.299233605551662313e-02
2.402843675371815410e-02 6.125198000663192692e-03 8.511721181728719443e-02 0.000000000000000000e+00 1.298050586495578806e-01 0.000000000000000000e+00 1.579655629071255729e-01 5.384179832981415142e-02 8.969137069413272295e-03 0.000000000000000000e+00 1.376103721651819600e-02 0.000000000000000000e+00 0.000000000000000000e+00 0.000000000000000000e+00 1.043891543964305391e-01 7.813549294915790588e-02 1.037211065368714470e-02 2.291952172528142692e-02 0.000000000000000000e+00 0.000000000000000000e+00 0.000000000000000000e+00 0.000000000000000000e+00 1.606111326460036293e-01 1.437771319576736095e-01 1.820149276682860018e-04
0.000000000000000000e+00 1.778129948375023472e-02 1.465102431822278284e-01 0.000000000000000000e+00 1.626684677582246608e-01 0.000000000000000000e+00 2.227697096719435665e-01 0.000000000000000000e+00 0.000000000000000000e+00 6.563948749589454965e-04 0.000000000000000000e+00 0.000000000000000000e+00 0.000000000000000000e+00 0.000000000000000000e+00 1.879044639787838533e-01 0.000000000000000000e+00 1.132161551475095382e-02 0.000000000000000000e+00 0.000000000000000000e+00 0.000000000000000000e+00 0.000000000000000000e+00 0.000000000000000000e+00 0.000000000000000000e+00 2.158066111963907741e-01 3.458119433896926498e-02
0.000000000000000000e+00 4.080757875896588727e-02 1.346639520269447554e-01 0.000000000000000000e+00 0.000000000000000000e+00 0.000000000000000000e+00 1.368552505233958383e-01 0.000000000000000000e+00 5.071646589968422172e-03 1.199777746484432944e-01 0.000000000000000000e+00 2.297626606535751320e-02 0.000000000000000000e+00 0.000000000000000000e+00 1.732599314918115974e-01 0.000000000000000000e+00 3.961039743483162068e-02 0.000000000000000000e+00 1.330867566120758905e-01 0.000000000000000000e+00 0.000000000000000000e+00 1.551729167611127502e-01 2.461287684252359137e-03 2.061540979524378522e-02 1.544083160759629134e-02
0.000000000000000000e+00 6.430049112725297160e-03 1.904616917689157529e-01 0.000000000000000000e+00 1.106251748409810276e-01 0.000000000000000000e+00 2.771966379742429182e-02 1.318153850981456099e-01 1.033002992919677676e-01 1.021679075170232875e-02 0.000000000000000000e+00 2.068962386284086963e-01 0.000000000000000000e+00 7.112331759041186623e-04 2.934103511823987764e-02 0.000000000000000000e+00 0.000000000000000000e+00 0.000000000000000000e+00 0.000000000000000000e+00 8.781747341029041282e-03 0.000000000000000000e+00 1.229436567923124363e-01 2.102324149369322673e-02 2.973379278855057053e-02 0.000000000000000000e+00
0.000000000000000000e+00 0.000000000000000000e+00 1.868288993480661173e-02 4.727783699413025398e-02 2.083010091874110126e-02 1.617636065680607153e-04 2.203377465180934303e-01 6.444486793730240526e-02 1.029279308713867136e-01 1.727303355807709856e-02 1.689890367961361176e-02 1.059090020385778236e-01 5.391200404077017144e-03 0.000000000000000000e+00 1.120719279827266102e-01 0.000000000000000000e+00 0.000000000000000000e+00 1.618251105907405826e-02 0.000000000000000000e+00 0.000000000000000000e+00 1.477048978096900771e-02 0.000000000000000000e+00 9.716969022564417996e-03 6.951517328752132574e-02 1.576076524057704320e-01
0.000000000000000000e+00 0.000000000000000000e+00 0.000000000000000000e+00 0.000000000000000000e+00 3.162812064218760433e-02 0.000000000000000000e+00 1.350282155733584927e-02 2.540262936165538776e-01 3.127181703602350399e-02 0.000000000000000000e+00 1.780921370658482272e-02 1.547819091245236089e-01 0.000000000000000000e+00 0.000000000000000000e+00 2.723908146696660260e-01 9.468170493156343598e-03 0.000000000000000000e+00 0.000000000000000000e+00 0.000000000000000000e+00 0.000000000000000000e+00 0.000000000000000000e+00 6.999488371303996814e-02 1.079320744718193087e-01 0.000000000000000000e+00 3.719388096910907632e-02
0.000000000000000000e+00 0.000000000000000000e+00 1.199773858949402111e-01 1.460417287578769374e-01 1.293152077236869590e-01 0.000000000000000000e+00 1.404761720584589424e-01 1.304983656260959579e-01 0.000000000000000000e+00 0.000000000000000000e+00 0.000000000000000000e+00 7.750709644529727056e-03 0.000000000000000000e+00 0.000000000000000000e+00 9.106501919483202256e-02 0.000000000000000000e+00 0.000000000000000000e+00 0.000000000000000000e+00 1.210579553156586746e-01 3.921246143298861252e-03 0.000000000000000000e+00 5.207555610112283434e-02 1.134183452329012680e-02 0.000000000000000000e+00 4.647881901620861539e-02
0.000000000000000000e+00 0.000000000000000000e+00 1.572576557084452153e-01 0.000000000000000000e+00 9.739162882864997595e-02 1.128282834386705111e-02 1.574081488873221024e-01 2.424960146731311716e-01 8.506430564013152396e-02 6.114580158645283210e-03 1.787482021168904089e-02 3.203966379207876664e-02 0.000000000000000000e+00 0.000000000000000000e+00 0.000000000000000000e+00 1.092795288413814063e-02 8.885227658473396350e-03 0.000000000000000000e+00 1.710009931890057490e-03 0.000000000000000000e+00 0.000000000000000000e+00 1.010138752471798768e-01 1.268950928462275057e-02 9.624864401893827581e-03 4.821891434784171537e-02
7.332548446348502447e-02 0.000000000000000000e+00 0.000000000000000000e+00 0.000000000000000000e+00 1.986483587089488689e-01 0.000000000000000000e+00 1.759903833433766260e-02 1.287685464079574293e-01 0.000000000000000000e+00 5.025352745295388196e-02 2.120328311964915849e-02 5.594541226151549494e-03 0.000000000000000000e+00 2.419293831241447080e-03 7.869067893440576111e-02 0.000000000000000000e+00 0.000000000000000000e+00 7.735360782998874918e-02 1.993206659519969337e-02 0.000000000000000000e+00 1.700005581988171810e-02 7.917514289645950082e-04 8.126829162386847369e-03 4.682817037251415376e-02 2.534647663119334315e-01
0.000000000000000000e+00 0.000000000000000000e+00 1.555927224162892974e-01 0.000000000000000000e+00 3.536487986070296907e-02 1.117660279453011867e-03 4.767698326193311326e-02 5.830932831444124442e-02 0.000000000000000000e+00 0.000000000000000000e+00 0.000000000000000000e+00 1.604139438907934145e-01 0.000000000000000000e+00 0.000000000000000000e+00 1.956669313147417835e-02 0.000000000000000000e+00 7.223757194916424762e-02 0.000000000000000000e+00 0.000000000000000000e+00 0.000000000000000000e+00 0.000000000000000000e+00 1.125187130713012768e-01 0.000000000000000000e+00 1.565133936233162604e-01 1.806881102011310691e-01
0.000000000000000000e+00 0.000000000000000000e+00 6.097217685443791224e-02 0.000000000000000000e+00 2.652012008424785641e-03 4.102679947009813151e-03 1.635417260944873052e-01 7.858362598808577015e-02 4.790324095951616762e-03 0.000000000000000000e+00 0.000000000000000000e+00 1.266427780903664757e-01 0.000000000000000000e+00 0.000000000000000000e+00 7.672669024044670438e-02 0.000000000000000000e+00 0.000000000000000000e+00 0.000000000000000000e+00 6.939692714549720517e-03 0.000000000000000000e+00 0.000000000000000000e+00 1.573656614591806835e-01 1.522864875358696524e-01 1.484038300418283329e-01 1.699231492936115195e-02
1.116690134016402706e-02 1.331686031280017168e-01 9.121104755000190856e-02 1.226313669216665819e-01 4.099286449256354936e-02 1.880690231031938511e-02 0.000000000000000000e+00 1.391201954488358039e-01 3.047059862273289454e-02 0.000000000000000000e+00 0.000000000000000000e+00 1.530802296422665437e-02 0.000000000000000000e+00 0.000000000000000000e+00 6.706567161950868772e-02 0.000000000000000000e+00 7.879614270240140050e-02 1.100872678646084429e-02 1.326478371491433828e-01 1.250364031737132356e-02 0.000000000000000000e+00 8.215715099086300099e-02 1.294432765573890788e-02 0.000000000000000000e+00 0.000000000000000000e+00
0.000000000000000000e+00 9.604141124675594221e-02 5.067908599665441050e-02 5.191525174100409395e-02 0.000000000000000000e+00 0.000000000000000000e+00 1.789907549718638413e-01 1.710550716004378691e-01 1.812891515706462411e-02 3.737644762930264486e-02 3.627971092517349918e-03 2.904722420782564814e-03 4.283342645833957546e-02 0.000000000000000000e+00 3.752890887364601635e-02 0.000000000000000000e+00 2.785036436711680555e-03 1.848434592006732366e-02 1.307930352577570954e-01 3.581690619024928759e-03 0.000000000000000000e+00 1.141486311208067816e-01 0.000000000000000000e+00 8.440384189294693196e-03 3.068490926796857074e-02
0.000000000000000000e+00 3.795806729066219382e-02 1.518728008524460049e-01 0.000000000000000000e+00 1.824788081728721464e-02 0.000000000000000000e+00 1.684908944131761621e-01 1.712140340615581763e-02 4.272286142559145183e-03 1.323562036563529221e-01 0.000000000000000000e+00 1.193765936816389844e-01 0.000000000000000000e+00 0.000000000000000000e+00 1.343782505835314223e-01 0.000000000000000000e+00 0.000000000000000000e+00 0.000000000000000000e+00 0.000000000000000000e+00 0.000000000000000000e+00 0.000000000000000000e+00 0.000000000000000000e+00 0.000000000000000000e+00 4.874162926895770492e-02 1.671839898872322372e-01
0.000000000000000000e+00 0.000000000000000000e+00 1.420564683017804808e-01 3.064509488358815523e-02 1.387430656536854379e-01 8.942673141230654543e-02 1.427432476035764286e-02 0.000000000000000000e+00 0.000000000000000000e+00 1.188685683219250916e-01 0.000000000000000000e+00 1.551162093448738566e-01 5.342887840723214987e-02 8.797360554437640492e-04 4.005007025360697581e-03 0.000000000000000000e+00 0.000000000000000000e+00 2.478826631801305316e-02 0.000000000000000000e+00 0.000000000000000000e+00 2.015020435996152121e-03 1.568382608021156449e-02 0.000000000000000000e+00 4.183561150039314530e-02 1.682331914988323684e-01
