1.829285296126018394e-03 4.041000883087265266e-02 7.733194851584752894e-02 1.181255706082753598e-01 3.314852274999684906e-02 5.077227233958547803e-02 8.711098095000206071e-03 9.992141891634229948e-04 1.674901145161043900e-03 7.704803320594295771e-04 0.000000000000000000e+00 5.860182486078700098e-02 1.637287785948728092e-02 6.476448114230000386e-02 4.941590835037489721e-02 2.944770730884307269e-02 1.114247314830116992e-02 1.190379821865206744e-01 1.841582451283105548e-01 1.332851979129872355e-01
1.053212513162819601e-02 8.603133774856815130e-02 8.432524271211027864e-03 1.455291689446128744e-01 4.609659649976951407e-02 2.333100372865856004e-02 1.370840843116913343e-02 0.000000000000000000e+00 1.290707855460738185e-01 1.883832308877432180e-02 3.575782559179216716e-04 1.532154082097908765e-01 0.000000000000000000e+00 4.304294827912476251e-02 5.910921150523848998e-03 8.262655352496767192e-02 1.883002995812004671e-02 1.455838528190542824e-01 6.660243884818166371e-02 2.259995563853227883e-03
8.304502323412815690e-02 5.698140145838747478e-02 1.646108017848319795e-04 5.905082903029355151e-02 3.043650575964783681e-02 4.851758679988191041e-03 9.027231860733982149e-02 1.353299287365315393e-02 1.746551082802541566e-01 1.826830534402775277e-02 4.297415830809753201e-03 0.000000000000000000e+00 1.659762732850952049e-01 1.195105568577823629e-01 6.441685033152713159e-03 4.344174643731587258e-03 8.249862386378422263e-04 4.326105625595486233e-03 2.443245796286961855e-02 1.385874904528206497e-01
4.128842035634572305e-03 8.738332516416719153e-02 3.148258104873485896e-03 2.372677709038692739e-01 4.473701642926032791e-04 3.365227229631493483e-02 4.859421792678324074e-03 0.000000000000000000e+00 1.239941849152207121e-01 4.063947627085428421e-02 2.414710655195795308e-02 1.987626462457843871e-02 1.267639059174795746e-01 4.154421660181080098e-03 1.373521719373649030e-01 1.329882640256990940e-02 0.000000000000000000e+00 1.190076408677783748e-01 1.935918854767927286e-02 5.195518425052792323e-04
4.531830932294955358e-03 8.646986443322593474e-02 1.894032118357462380e-02 2.555753270988093268e-02 1.661025683055295521e-01 8.844441707200687008e-02 4.245464930777932168e-03 7.140821290696198337e-03 2.746309569709750806e-02 0.000000000000000000e+00 0.000000000000000000e+00 1.395008880187761577e-02 7.858442759065731309e-02 1.732469004050695149e-01 1.148019294662238482e-02 2.993251600561554441e-06 3.209844192851622150e-03 1.719485036870622291e-02 1.350669212572673250e-01 1.383678646302628490e-01
1.892453361842292084e-02 1.447949035603264545e-01 2.146500727943959855e-03 1.058810842380426831e-01 1.252680036348401138e-01 1.388848829540782759e-01 6.408144625713751812e-03 8.396776216666294174e-03 1.991692985342363165e-01 3.643209514092230709e-03 2.436535029175639425e-03 7.786944982101529078e-02 9.377126380593866703e-03 0.000000000000000000e+00 3.355323210006119772e-02 1.067998714743755156e-01 5.964072033601394186e-03 0.000000000000000000e+00 0.000000000000000000e+00 1.048237553681414559e-02
5.733627716435328592e-02 4.704546824492975010e-02 0.000000000000000000e+00 8.096165420716509853e-02 1.618128011790343768e-01 1.213070514842669173e-01 7.974466102512163188e-03 2.181051201785150565e-02 1.508182870193194303e-01 3.075173192873888357e-03 0.000000000000000000e+00 7.467863470583629981e-02 1.987294810887457047e-02 6.795316103966969612e-02 1.093009578092106991e-02 6.694174886898049577e-03 3.482089262546055747e-02 5.987641440884966700e-03 1.269207607991483522e-01 0.000000000000000000e+00
1.058252169090482218e-02 1.213875285365729889e-01 4.063909333495081128e-02 8.779831339516872002e-02 1.353555278762088310e-01 2.258120268380059414e-02 1.976725240098776634e-02 5.370348275861198950e-03 6.212137766535578975e-02 6.809695753793314384e-03 0.000000000000000000e+00 3.050981614397103164e-02 2.125846537674503170e-02 1.779800167725270263e-02 1.449427932739891234e-01 6.601967440718248172e-04 1.356556036408587962e-01 1.197623397384643823e-01 1.552039880315559880e-02 1.479522987886759851e-03
4.303086004210599641e-02 5.390138469470416582e-03 1.303570303872515247e-02 1.193160884745843031e-01 1.298830201598274725e-01 1.770055977154489646e-01 4.624422522709475958e-02 3.229550215340827070e-03 1.043650234539972299e-01 4.557383644040219339e-02 0.000000000000000000e+00 8.455837053144697095e-04 8.965361905623758787e-02 7.307414637891554605e-03 2.516236904781627912e-02 0.000000000000000000e+00 5.192569986757557959e-02 3.269885245498499069e-04 1.139991630137214031e-02 1.263043656222452016e-01
6.639867638779751785e-04 1.282198162825946841e-01 2.228273328725626813e-03 1.040715883736175185e-01 1.339652853254901521e-01 1.032277989043681871e-03 2.768881585953890390e-03 1.071169932151075019e-02 1.929233599242745900e-01 9.524555120168039235e-02 1.005313508838103290e-02 3.106615406482671204e-02 3.309762371265797891e-04 4.389273784410626517e-02 0.000000000000000000e+00 4.607246873459184405e-02 1.602048618574802505e-02 1.271556988356679560e-02 2.703862903662391376e-02 1.409791228282595010e-01
1.639312987751928455e-04 1.604915268555469690e-02 0.000000000000000000e+00 0.000000000000000000e+00 0.000000000000000000e+00 1.817585330952848494e-02 1.237115119942588243e-02 0.000000000000000000e+00 3.001681184453235396e-01 0.000000000000000000e+00 0.000000000000000000e+00 1.019896116386785345e-01 1.696730118313554206e-02 6.330197181200604428e-02 4.712325018844159413e-02 0.000000000000000000e+00 2.312630959850701245e-02 1.129056852731647603e-01 1.479425605022331169e-01 1.397151028652256211e-01
0.000000000000000000e+00 1.179171498134730517e-01 0.000000000000000000e+00 1.031323592195578093e-01 5.090965849002340032e-02 0.000000000000000000e+00 8.832683825524770965e-03 9.793535153416289829e-02 1.346981549395173672e-01 2.452657999174598716e-02 1.678655133901343390e-04 1.054504163903038222e-01 1.990783618563086305e-02 1.651493907163434078e-04 1.178615905191672877e-02 8.948915943406211826e-02 6.056985430498039100e-03 1.251718964567990200e-01 5.878511308232617361e-02 4.506748125035160701e-02
1.169157255757076810e-02 1.030975026909315001e-01 0.000000000000000000e+00 4.534702307581990610e-02 7.760696523284044655e-03 1.251653899214919263e-01 8.463031078479024694e-03 2.290606914659833702e-03 1.545882164891548560e-01 1.194123747887804003e-02 1.448319158972196947e-03 1.516342233051792832e-01 1.273955762960896632e-01 3.300152930002281382e-02 4.462909988172186759e-02 0.000000000000000000e+00 3.222375617431285331e-03 0.000000000000000000e+00 5.293161549077594202e-02 1.153919842195370860e-01
8.838326974834515059e-04 4.190542535026488963e-02 1.173888672650483592e-02 2.095767524003806781e-01 1.266178945761707864e-01 1.265181686559901930e-01 2.019159294707164806e-02 1.615860376476714252e-02 2.710965142612862741e-02 1.671867645476127467e-03 1.984066980618989090e-02 1.820952444573259998e-01 7.064496081958475393e-02 7.585515323965836068e-03 5.534903511317861013e-02 2.110969299792940859e-02 2.776806329949771737e-02 1.322047347166630145e-02 1.887513236636906983e-02 1.138536154054125681e-03
9.347813437069821263e-02 7.009347075394346989e-03 6.365555539742820922e-03 6.160084787283356749e-06 7.335946710408730587e-02 7.346520065633876939e-02 1.110631880179831395e-02 9.383920083517349742e-02 8.256584394587263009e-02 2.293132497933371861e-03 5.953152686263190989e-03 5.609329563635704653e-03 3.720741341899602705e-02 1.240999436543020057e-01 1.716639623650735302e-01 2.505180272795699305e-03 6.402577234354364655e-02 1.839960435215236539e-03 3.201727323461904095e-03 1.404051970248866021e-01
5.960431726534565558e-03 8.034915578265640346e-03 7.698886381614183884e-04 8.679845449727187356e-02 2.116267406664993633e-01 6.219245655491156995e-03 2.172088971126414497e-02 2.988504481465595330e-02 2.624257920676917322e-02 1.393760774688151093e-02 2.203486525739867165e-03 1.365016303430174049e-01 6.932223283872317524e-03 1.716005267265030554e-01 9.793250233828019319e-03 2.135423657999527616e-02 2.026653753750115236e-02 3.189363616413661007e-02 1.272213367382844795e-01 6.103733762532703722e-02
1.014601125272702464e-01 6.208756546447494890e-02 2.321609353830634756e-02 3.537750531146325456e-02 6.255858241257840346e-02 1.271052276432434458e-01 6.913153929904584764e-03 9.683989597790530757e-02 4.130223229723489937e-03 3.962953636748818564e-02 0.000000000000000000e+00 5.288896332549654355e-02 1.110224310353657290e-02 1.435948658866981545e-02 1.886188538824598235e-02 2.109066732968155940e-03 3.837389301142319492e-02 1.479266940636514427e-02 1.060344130022928544e-01 1.821594830386436548e-01
1.667468228885320061e-04 3.847127112663721593e-02 0.000000000000000000e+00 1.223799150372067816e-02 1.129444072282036471e-01 2.483807267574172223e-03 8.262870416132042650e-02 1.807816132570811904e-02 7.095026268738302555e-02 2.294958364260848635e-02 3.948339593685143943e-03 1.303757821625169677e-01 1.554161355028598479e-01 1.062967091503404515e-01 1.574905882755400222e-01 1.167496203913756872e-02 2.606724345305846350e-03 1.210846963098387991e-02 5.752149411111297933e-02 1.649859422473040106e-03
8.052096412052665983e-04 1.554782968193207660e-01 5.071168330999716381e-03 2.681772653648739624e-02 1.125580976349730561e-01 1.205443407171684876e-03 4.590736355718205708e-02 1.939618174598640998e-02 5.998533336719982789e-02 3.745948012393318389e-03 9.424964951119595494e-03 1.342664617792983239e-01 2.031171276719303739e-03 1.298533331653279888e-01 1.453156097476333564e-01 3.444719581928244907e-03 1.110724005389862046e-01 9.752315097411491532e-04 4.044207601317894966e-03 2.860113079500853361e-02
1.137423808140169967e-02 1.339702179330329312e-01 0.000000000000000000e+00 4.726922189822826449e-03 1.634289851376150363e-02 1.408430581333879328e-01 1.257968766516058025e-02 6.990680481804996405e-02 1.380092635138799873e-01 2.451900327973522819e-03 6.908312902698428293e-02 1.630354070698375143e-04 8.889930963150305399e-02 0.000000000000000000e+00 6.419057953545396003e-03 3.362804016512472541e-04 3.608997642374224199e-03 2.224399793685844992e-02 1.381574338115472422e-01 1.408837670119953700e-01
1.684559214301880356e-04 7.153368259420897490e-02 2.892249436873603127e-02 5.121327714698378775e-02 1.315231749816180018e-02 1.269744215712203528e-01 2.781041168459626178e-02 1.058362815433905452e-01 1.779298690671688443e-01 5.369334654563365228e-03 3.099208776173786265e-03 2.285749748978252362e-03 1.124885363737562483e-01 8.675061964422006722e-02 1.447499226562049268e-01 1.116985469495593644e-02 0.000000000000000000e+00 0.000000000000000000e+00 2.837383650524168133e-03 2.770817840472634616e-02
2.040291852503437267e-03 1.003221759836946947e-01 1.816552702396541895e-04 2.216509571457695241e-02 1.445210002169266539e-01 9.789152639949321583e-04 8.097117742301774765e-03 4.357916654932716266e-02 1.308850182195237521e-01 2.129098341427936025e-02 6.371445461654558218e-03 1.562084571237037089e-01 1.064871465915116222e-01 4.421424036333153253e-04 2.457560501490515734e-02 5.363362881246334229e-02 1.016061355825661518e-02 1.444239750772853895e-02 1.511399689394457291e-01 2.477174359329122836e-03
4.712877170930802174e-06 4.042921801964392131e-02 0.000000000000000000e+00 1.355608697826119480e-01 4.189941563799336188e-02 1.554208878071677014e-01 1.492543306273941359e-03 0.000000000000000000e+00 2.444678429437601719e-01 5.001440173755666331e-03 4.694458269824047791e-02 3.905537375510218651e-02 8.554819991171594418e-02 5.008472999835595968e-04 3.351701553008564621e-04 8.722529036960214102e-03 2.487804336159739078e-03 5.570505865809224216e-02 1.351329448470361960e-01 1.290558753030951857e-03
1.598158807671875431e-02 1.198120704245203144e-01 8.035260583344369656e-02 3.055887472492197290e-02 9.757762442656330026e-02 1.615387390097412779e-01 4.215274747304286612e-02 1.330505699820563881e-01 1.667018146661532543e-02 1.421460457162327870e-02 0.000000000000000000e+00 2.117323434141416688e-02 8.078257195008316932e-03 5.028821555863798726e-03 1.314242588632753839e-02 6.825329474567775473e-03 3.645811586118105543e-03 1.199919399796212267e-02 1.119761205028193124e-01 1.062211994706716706e-01
1.594398352607746079e-03 1.335262037536231461e-01 1.664170925262126600e-04 2.209259833294434025e-02 1.545740594301187043e-01 1.267521969646752573e-02 1.135227017057231641e-01 9.597154909024367686e-02 1.392363585351036326e-01 4.980510688114741027e-04 0.000000000000000000e+00 1.508088351790723598e-02 0.000000000000000000e+00 4.090319846585580704e-02 5.696413376010423663e-02 1.483726477304261101e-03 5.929318661352134950e-02 3.996552961230095090e-03 9.431387219220844012e-03 1.389893739266864492e-01
5.035227813535415008e-04 2.779253613767338968e-02 5.483572705639603966e-03 2.042996914776244732e-02 0.000000000000000000e+00 2.102337919065568050e-02 6.474189383719620300e-03 0.000000000000000000e+00 2.177199433201157386e-01 4.701180497798958940e-02 3.293881795437280519e-03 1.565880872662976653e-01 5.773632352507665488e-02 3.799133742285537834e-03 4.851463432593801361e-02 3.740378566479814898e-02 1.177105252827351095e-01 6.378615119898452257e-02 1.140529982667318060e-01 5.067556128680571897e-02
2.808179762400155391e-02 3.177684243545540743e-02 6.923747066950321216e-02 1.189279432282959043e-01 9.578507467049864055e-02 9.008884823587162000e-03 1.522593223309288285e-02 1.659141036836911604e-03 3.321824981503967295e-02 1.567869618269399079e-02 0.000000000000000000e+00 1.476645450254925607e-01 5.620484275307794514e-02 5.023404834107907720e-04 1.734124448320382705e-01 7.329855551473490882e-02 3.106444044341679506e-02 1.153534677245911418e-02 7.217415712699623564e-02 1.554329432936819855e-02
2.016043144260014353e-01 9.027145724884018396e-02 1.903030699112130686e-02 9.416427096256112239e-02 3.037453997135733733e-02 1.228046292565984215e-01 6.456095798925341051e-03 6.375515658710236011e-02 6.326595978232753270e-02 1.076966484189606759e-03 4.452138080936725653e-04 4.645126948912473713e-02 1.306104229346368058e-03 1.067964174835539168e-02 3.977542290327792940e-02 3.290666897172226627e-04 6.934053608382730396e-03 1.423056982535753946e-03 8.570229946155299983e-02 1.141501735705885562e-01
6.135365243264161682e-03 1.752791173878900655e-01 3.408406399628789024e-02 5.496950144901063817e-03 6.188946996462624944e-02 7.194650468237108465e-02 1.042969340031781565e-02 8.573647314979070122e-02 5.824475678298158404e-02 0.000000000000000000e+00 0.000000000000000000e+00 1.081149542137467140e-01 1.299774135626083071e-01 1.926296875814750148e-02 2.045997730782809707e-02 2.203606277276629055e-03 0.000000000000000000e+00 3.721126921648557073e-02 3.749540061866166868e-02 1.360320152928148896e-01
2.306687192273876048e-03 0.000000000000000000e+00 2.137231362673605584e-02 1.748184582830153710e-01 1.468083973977263590e-01 8.303901582478883953e-04 8.049849921111242382e-03 7.213930306016448635e-02 1.330440852145235442e-01 7.903662211488663922e-03 9.309388860826994794e-03 5.236314046735067451e-02 4.944130815583402255e-02 8.614936916149426582e-02 1.446948468468008953e-01 1.650691186316444528e-02 1.036429624483246534e-02 6.657241152266880034e-03 3.964978066723139300e-05 5.720070040147474943e-02
2.645134273550674153e-02 1.641300884213822975e-01 9.619450731048249936e-02 1.534715525569653183e-01 3.633989825917505190e-02 4.351186075883688165e-02 5.052393002365125098e-03 3.659876646239743070e-02 1.304568168260884786e-02 0.000000000000000000e+00 2.624672344996161182e-03 1.888932792587468684e-02 4.991714026580644503e-02 3.669850091582480683e-02 1.422574739447757530e-01 1.467436834684409663e-01 4.789551144207423419e-04 1.486043042567702054e-02 1.353472225973190125e-03 1.138025217848987955e-02
4.974333786838826786e-04 3.692622047624775222e-02 3.979135858938268565e-03 4.219537436437703626e-02 0.000000000000000000e+00 7.407245890752015352e-03 9.689561652907345557e-02 3.470782289825195821e-02 2.141931363720102899e-01 7.075853509691213718e-03 3.210549121337357564e-02 4.744890664445350348e-02 1.681795686435818421e-02 7.160485327072793615e-02 5.818326556456000082e-02 2.824945062259648365e-02 5.041107352148873830e-03 1.546932450926106761e-01 1.370321496152649698e-01 4.945734481879848765e-03
5.867009413026655915e-04 1.609603086118610929e-02 4.063184954914159965e-03 1.051278156834861838e-01 7.209322639622470219e-02 1.332899713913610062e-01 1.939875511903772082e-02 3.394662347370847738e-02 1.057469372386705131e-01 2.695115513862929302e-02 0.000000000000000000e+00 8.386575109834847053e-02 8.505930300902861396e-02 1.869204067481931679e-03 2.282754495244833110e-03 6.323532158441599882e-03 4.308221174774679203e-03 2.517156663876972053e-02 1.304147605819804268e-01 1.434045055774089972e-01
6.121814225300071296e-04 1.119939390865899442e-01 8.656810091390312878e-03 4.846700458125859784e-02 2.078290714304460718e-01 1.278570135305610034e-01 2.147502632269785230e-02 1.204735065015186818e-02 5.210195437555301817e-02 0.000000000000000000e+00 1.192470663243662063e-02 1.870811084222549214e-01 1.509298812736108684e-02 1.151670225548331872e-02 1.411452756834518860e-02 0.000000000000000000e+00 1.159631635912261594e-01 3.549655808263838756e-03 3.347042746597096025e-02 1.624636863747923321e-02
1.881665441779703182e-04 3.125556337247178962e-02 1.372205918590465451e-02 0.000000000000000000e+00 1.763001664437868488e-01 2.283614750550567729e-01 2.869819101122192059e-02 4.180411673623991853e-02 6.644536504444633999e-03 6.579109694696848309e-03 2.941223323255048351e-03 9.108279615811670782e-02 9.131628051095498633e-02 3.791436575244056667e-02 8.004080823115680698e-02 5.075543720169903815e-03 2.575420771798302057e-03 2.200792246802943386e-02 1.313603493918168719e-01 2.131905124260111660e-03
2.288981309210055392e-03 6.982411020435447258e-02 5.185175426250602376e-02 8.683362920702392129e-02 1.362607672713757045e-01 1.162945780434478408e-03 1.492637411042073772e-02 1.974636631015525348e-02 6.960046685723268733e-02 1.081942990201672193e-03 9.098756857056695957e-03 1.270542259343306335e-01 1.287072707034261562e-02 1.191238679821456092e-01 1.555546722138754501e-01 3.345004598534353103e-03 1.295571148030724359e-02 0.000000000000000000e+00 5.730422014601458704e-03 1.006892735458908145e-01
2.230106107420188829e-04 5.626599286963065993e-02 2.689940655708704387e-03 4.246360170364004566e-02 7.008342312768502114e-02 1.174731120356870134e-01 0.000000000000000000e+00 1.111103913607453669e-02 1.433212532071455880e-01 0.000000000000000000e+00 1.671327649741307644e-04 4.286548600459696295e-02 2.880980768620929749e-02 3.443471446902811339e-04 1.453698664951099950e-01 5.579949405353968770e-04 1.366752125989412481e-01 6.866406765254147448e-02 1.123825786720073806e-02 1.216764534988870328e-01
8.898008663412903391e-03 8.649924555491275702e-02 7.065134441333829896e-02 5.303824085590609638e-02 6.973125712142080879e-02 4.138590516923078971e-02 1.946722020883252932e-03 4.000543597534144541e-02 5.031617680222615074e-02 1.370560996811099469e-02 0.000000000000000000e+00 1.322569558656019328e-01 2.650633131631914465e-03 3.920196000966601202e-02 6.239758457817130323e-04 5.353105639193769805e-02 3.385216370224682775e-02 1.571172204348455365e-02 1.371844894361306799e-01 1.488090970287352099e-01
2.720047391765369454e-03 4.217457858987361946e-02 1.398660108693904926e-03 1.191053675021129382e-01 1.257016229659372875e-01 1.160745725981208315e-02 3.378496563700024522e-03 8.323623215291956617e-03 1.439576467123301895e-01 0.000000000000000000e+00 0.000000000000000000e+00 1.962460225657126217e-02 9.756730921894320174e-02 1.835196801200826844e-01 1.370105516433089421e-01 1.963957688394907253e-02 2.999688916436809780e-02 3.318806768869166091e-02 1.933189125707629507e-03 1.915263358886014344e-02
0.000000000000000000e+00 1.461802043347616709e-01 1.720140810221914294e-03 1.658760010442016930e-01 1.377327377759843818e-01 2.221947132811788114e-02 1.142054684320997077e-02 1.893409965653106500e-02 9.861738977320128052e-02 5.728626937968348508e-03 1.178090903353190555e-03 3.603520349501710546e-02 3.061242493426552698e-03 5.092042498841440994e-03 7.196184385047427537e-03 2.252439682994390735e-02 1.270150916662339188e-02 1.416239766074305351e-01 1.429649120973491491e-02 1.478616439063833721e-01
3.319825762607674698e-03 3.336506699939190135e-02 2.315508195956046938e-03 1.145746709865353352e-03 1.312970757952192646e-01 1.220811168908100541e-01 3.256092628118396892e-02 2.167714361137955750e-02 1.011787409750305178e-01 1.720498470359625373e-02 6.183666110579879444e-02 9.246221689885308903e-02 1.105630464957248899e-02 7.572099447642134662e-02 1.374547207687442374e-01 4.104980875725100335e-03 2.854969436797901404e-03 0.000000000000000000e+00 4.862214931433272644e-03 1.435008009316132704e-01
1.682024520625411690e-01 1.412265293482806716e-01 3.377334522578989001e-02 1.721277807478771354e-03 9.754391220839005172e-02 1.255218289367557860e-01 6.556235597924970487e-03 0.000000000000000000e+00 4.412123404875457899e-02 0.000000000000000000e+00 1.306125841291416734e-03 3.826685113274814337e-02 1.843680099877385570e-01 5.481505696063653996e-03 6.806664212048037232e-02 0.000000000000000000e+00 6.540197447604798042e-03 1.439332794595463670e-02 2.288468919513190689e-02 4.002583539707064986e-02
5.589177201558249986e-03 1.116266986493268526e-01 1.218441360484841772e-02 9.558052131496348747e-02 3.568856215400363630e-02 1.714458181579352550e-02 3.692007211356231750e-03 1.112435553222253792e-01 4.607770471150384600e-02 0.000000000000000000e+00 9.821936174798039619e-04 2.221219004075078718e-01 0.000000000000000000e+00 2.153458997260821253e-03 1.979322209648648814e-02 7.712040759967403111e-03 1.789114709237643944e-02 2.119952519137604033e-02 1.487439311523738317e-01 1.205753586995915866e-01
7.612576325057836789e-03 1.419232799850134452e-01 3.326596728540187186e-04 8.594361393528492793e-03 5.323183543001624302e-02 7.274626425160745334e-03 7.537066704235621806e-02 3.389239964915552461e-02 4.187368443204181334e-02 7.189092887414177957e-03 2.481178225041079637e-04 2.206040021036369536e-01 1.358132878478895689e-01 9.596079616523217615e-02 1.587046399697210688e-02 0.000000000000000000e+00 1.141597113889877974e-01 5.118455135552544069e-03 2.888909700047779779e-04 3.464109132662138851e-02
4.441490817051609941e-04 1.297436041271657348e-01 2.398520418080683694e-03 1.080513902493190626e-01 1.356921490331413627e-01 1.153295674074379107e-01 6.028092704092991895e-03 6.437503978052080099e-03 9.103149143763258899e-02 0.000000000000000000e+00 3.645996115479241059e-03 1.117673238870827562e-02 8.538136314654245357e-03 1.508770714767884713e-01 1.483556025312167681e-01 0.000000000000000000e+00 0.000000000000000000e+00 7.437147311325619653e-03 3.356770597325086508e-02 4.124513945194891590e-02
9.637511518725204451e-02 6.476473891635918523e-02 3.576606617105061031e-02 1.473364122298488621e-01 5.593006694837629467e-03 1.505315359873209413e-01 0.000000000000000000e+00 2.905878110595951774e-02 1.271561560045897377e-01 5.602570909782516109e-03 4.861662611850066265e-04 9.891499201562294064e-02 7.691015311890599115e-02 3.081056442083804012e-02 3.317630678372011921e-02 3.956012006884494087e-02 2.665587637678232952e-02 1.554309650254352866e-02 5.337785135290398081e-03 1.042055610926560794e-02
1.105278923964662374e-01 2.337544522071139785e-03 0.000000000000000000e+00 1.832058289489828240e-02 1.559450471418545592e-01 1.001515618764317050e-01 7.419048968542699130e-02 1.599415056742368654e-02 3.834339976682643591e-02 7.023297183312037818e-03 1.369824593839086627e-02 5.714422520359734720e-02 2.492644218898583744e-03 1.532408846791713242e-01 3.320473429087727590e-03 0.000000000000000000e+00 4.627526916930099765e-02 1.007739509673163383e-03 4.819810481190806017e-02 1.517884470052607848e-01
1.684492332670798731e-04 5.774050262493083535e-02 5.527045616616704099e-02 5.837707098454340132e-02 2.205510800811528449e-01 1.299115521320539091e-01 5.228547724658015074e-03 3.811040023994021614e-02 2.351299468162727432e-02 0.000000000000000000e+00 1.184679050119412901e-02 5.434518191231353657e-02 8.396955635974465149e-03 1.593703625418113959e-02 5.465697055500979423e-02 2.736085303825309262e-02 1.490687462374743269e-02 6.206565322876528290e-02 2.525943719025594211e-02 1.363531931919646778e-01
4.124706866612243457e-03 3.231137104268128751e-02 0.000000000000000000e+00 1.428608542044698393e-01 1.249174832914144578e-01 7.580492136545820270e-02 3.984762817603045362e-03 6.742307132834578220e-02 8.212177742586215801e-03 1.875963377608208180e-02 6.162345150138140481e-04 1.515320178173935606e-01 3.227713124540844414e-02 4.422652780991929988e-02 8.309575463035020083e-04 1.672145482300556741e-04 9.870303583260141116e-04 4.625768106593639017e-03 1.654897140749276296e-01 1.208484215426307851e-01
0.000000000000000000e+00 4.654318072641729087e-02 1.343840623196775145e-05 1.050291933795255289e-01 2.138941700009742292e-02 1.520185049612540751e-01 7.229739108967507544e-03 2.884426635286637904e-04 1.800273707984507698e-01 9.264410844368797804e-03 1.285249679314562962e-03 6.012160190593185405e-02 1.050561806712997648e-02 8.507876370240941011e-02 0.000000000000000000e+00 6.282434883851266416e-03 2.358582824471467873e-02 9.794642088432526164e-03 1.605502618227682698e-01 1.209919017166053573e-01
