0.000000000000000000e+00 1.509563540771126922e-01 6.382046554484899561e-03 1.300004387168791631e-01 1.133740109556520687e-01 2.472226341725333384e-02 3.564064682864077818e-04 0.000000000000000000e+00 3.555609374131618594e-02 0.000000000000000000e+00 0.000000000000000000e+00 3.251191203324266948e-02 6.895701035336758433e-02 0.000000000000000000e+00 0.000000000000000000e+00 0.000000000000000000e+00 1.940979991954627391e-03 1.098025003125278481e-01 1.792317444849605146e-01 1.462082388929621113e-01
0.000000000000000000e+00 4.192001256427675682e-02 1.473660257880819446e-01 2.821884562973153709e-01 0.000000000000000000e+00 7.823319335660905427e-02 0.000000000000000000e+00 0.000000000000000000e+00 4.254822185047362620e-02 4.782244955092790351e-02 9.651078652582486747e-03 1.041092621234927934e-01 0.000000000000000000e+00 1.046418518645821256e-02 0.000000000000000000e+00 3.865423032636849943e-02 0.000000000000000000e+00 1.355292844126842755e-01 2.282746482106506186e-04 6.128532524251856933e-02
0.000000000000000000e+00 1.932160864449447568e-01 0.000000000000000000e+00 5.919593430583675042e-02 5.817689194991568051e-04 3.997574737468632261e-02 9.759486707532595562e-02 1.019985711624482871e-01 1.331201182783932069e-01 0.000000000000000000e+00 2.768299119308577014e-02 0.000000000000000000e+00 6.343398924922064031e-02 0.000000000000000000e+00 3.498751521002187170e-02 0.000000000000000000e+00 0.000000000000000000e+00 3.237458500055406807e-02 2.683596405545844374e-02 1.890018617305247173e-01
0.000000000000000000e+00 1.368438995958611848e-01 1.240098286715357948e-02 7.987596490985980624e-02 7.008353031241976172e-03 0.000000000000000000e+00 9.303727566782425814e-04 1.039813005582683816e-02 1.649756616922835872e-01 7.590793182527563743e-02 5.537276573766701515e-02 1.075573444913558024e-01 6.477988496837136165e-03 0.000000000000000000e+00 1.634298540544041126e-02 0.000000000000000000e+00 0.000000000000000000e+00 0.000000000000000000e+00 1.820334806555677920e-01 1.438741384789510303e-01
0.000000000000000000e+00 1.087228655875693145e-01 0.000000000000000000e+00 2.935025787971435804e-02 2.389534072504396686e-02 1.240714990920219751e-01 1.814516853825856244e-02 1.986569022714024524e-01 0.000000000000000000e+00 0.000000000000000000e+00 0.000000000000000000e+00 6.176627157957582243e-02 5.948691343168673040e-02 0.000000000000000000e+00 2.727339567233948246e-03 0.000000000000000000e+00 0.000000000000000000e+00 5.767021219821191758e-02 1.600211022432248276e-01 1.554861268860562029e-01
1.033871424680352230e-01 1.586998791237710094e-01 0.000000000000000000e+00 0.000000000000000000e+00 1.603640034013585347e-01 2.769726007779605426e-01 0.000000000000000000e+00 2.596900134587696446e-02 0.000000000000000000e+00 0.000000000000000000e+00 0.000000000000000000e+00 3.686760217110864046e-02 4.171163056016514298e-02 0.000000000000000000e+00 0.000000000000000000e+00 0.000000000000000000e+00 8.221046107943003056e-02 0.000000000000000000e+00 9.583463508068103265e-02 1.798304399161293823e-02
4.162847970631371186e-02 1.025180792556681791e-01 0.000000000000000000e+00 8.108154996839509604e-03 7.976717766843625934e-02 1.617647732765976620e-01 0.000000000000000000e+00 6.375591962550607172e-02 2.502161932836171471e-02 0.000000000000000000e+00 0.000000000000000000e+00 2.840413719547750515e-02 0.000000000000000000e+00 7.796471287320287658e-02 0.000000000000000000e+00 7.523637719941872470e-02 1.128288337966117383e-01 8.043921314084358232e-02 1.414668190204541320e-01 1.095702916268418391e-03
0.000000000000000000e+00 1.347616180844843359e-01 3.173781897139003189e-02 1.361922615232210032e-01 1.753252806900886529e-01 1.373033667972728411e-01 0.000000000000000000e+00 5.859731820308574507e-04 8.002526393791557779e-03 0.000000000000000000e+00 3.517807638627244715e-02 2.429833272838146513e-02 2.601688270094950142e-02 5.563351462352087579e-02 4.946860742867666139e-02 0.000000000000000000e+00 1.575228202032050717e-01 5.122661638019211823e-03 1.917192969337230823e-02 3.678328955323111656e-03
7.862400632314737320e-03 1.369669484847367558e-01 1.627790143549201138e-02 1.442506354784009737e-01 1.550420315541840566e-01 6.936410654112670771e-02 2.607740819227974838e-03 0.000000000000000000e+00 0.000000000000000000e+00 0.000000000000000000e+00 8.274960963787960505e-03 2.019552581082500464e-01 4.049301211687376771e-03 0.000000000000000000e+00 1.479705752856548262e-01 0.000000000000000000e+00 3.590634358950575006e-02 1.207926704186154492e-03 5.684446157324133525e-02 1.141940761820329879e-02
6.253626129430349401e-02 1.302417700450235472e-01 2.062397318353023298e-03 3.383739026546986588e-03 1.595824345442059533e-01 6.895996911941235097e-02 6.579025576217802269e-03 2.730346678194820950e-02 1.113628406078519956e-03 2.468047693798811407e-02 0.000000000000000000e+00 1.484791240101305254e-01 7.895750515916002618e-03 8.010986498118304738e-03 1.395049696366462977e-01 5.901113240190402481e-02 0.000000000000000000e+00 0.000000000000000000e+00 0.000000000000000000e+00 1.506548678872069447e-01
1.595696433999994335e-01 1.128672708736732089e-01 2.021167759879506903e-03 0.000000000000000000e+00 2.636259937723568671e-03 1.139104050132353808e-02 2.584219241632611502e-03 3.095942172498512401e-03 5.754715887542925096e-03 0.000000000000000000e+00 0.000000000000000000e+00 1.104892672668761483e-01 1.156490917462087709e-01 9.276744818209197189e-04 1.651113082003090315e-02 0.000000000000000000e+00 0.000000000000000000e+00 1.151614759765751533e-01 1.866491367635903786e-01 1.546919631706243636e-01
5.112504186620200203e-02 8.323774338262177053e-02 0.000000000000000000e+00 9.221460211833027582e-03 0.000000000000000000e+00 5.786101759175824727e-02 1.468634210264448342e-03 6.608895497687028442e-02 6.877455924798068186e-03 6.748020901838393260e-02 2.258573905351496727e-03 2.065647731817260302e-01 1.618664628819724560e-01 3.837296810028847406e-03 0.000000000000000000e+00 2.015614372547743990e-02 0.000000000000000000e+00 1.311318280581527662e-01 9.111822992010697869e-03 1.217125812625484277e-01
0.000000000000000000e+00 5.575926901705355494e-03 1.176715456262620620e-02 1.323208687888095536e-01 2.743447775613389039e-02 1.515243071535068431e-01 0.000000000000000000e+00 1.264592065844547322e-02 2.446767380373488510e-01 3.960206164445274901e-02 1.278010471446797830e-02 1.769955751703731761e-01 6.560936241862092011e-02 0.000000000000000000e+00 3.746334424926716505e-02 0.000000000000000000e+00 6.352294518816530011e-02 0.000000000000000000e+00 0.000000000000000000e+00 1.808121275607678380e-02
2.381304192146152174e-02 1.132782360440054703e-01 1.088857219378192714e-01 1.575246248484542255e-01 1.119753352084290332e-01 0.000000000000000000e+00 0.000000000000000000e+00 6.725237341378845213e-02 0.000000000000000000e+00 3.261537435965545378e-02 0.000000000000000000e+00 1.376201173878878747e-01 0.000000000000000000e+00 7.629004284092300893e-03 1.630216838071917029e-01 1.139152874071813586e-02 6.078844474023235162e-02 0.000000000000000000e+00 4.204513306264230990e-03 0.000000000000000000e+00
9.151843631201752108e-03 9.897292489124617787e-02 0.000000000000000000e+00 0.000000000000000000e+00 1.525491368871558506e-01 1.075626292037100418e-01 0.000000000000000000e+00 0.000000000000000000e+00 4.344287650902358550e-03 0.000000000000000000e+00 1.952542229227853185e-02 3.897125778588603207e-02 5.647654977350680811e-02 3.098123692250448480e-02 1.411092201739763408e-01 8.430267456991172303e-03 1.028470709508247372e-01 1.323888011513301224e-02 0.000000000000000000e+00 2.158392722646826911e-01
0.000000000000000000e+00 1.513607071712295138e-01 0.000000000000000000e+00 3.965843286008153418e-02 1.511688787063234229e-01 1.100043776656168815e-01 1.562600942669613302e-02 0.000000000000000000e+00 0.000000000000000000e+00 0.000000000000000000e+00 0.000000000000000000e+00 1.591506676506601256e-02 0.000000000000000000e+00 0.000000000000000000e+00 0.000000000000000000e+00 0.000000000000000000e+00 8.765309817277357196e-02 5.926160904679928648e-02 1.898432448837446829e-01 1.795085753016690822e-01
1.099058381650573207e-01 5.683451209605344667e-02 2.978164478631892959e-03 5.147957938143944007e-02 5.836356636161554867e-02 1.331123821167425614e-01 1.386457861671713462e-02 1.243089037385160800e-01 5.420876562771334561e-02 0.000000000000000000e+00 0.000000000000000000e+00 3.631081395168923864e-02 0.000000000000000000e+00 6.741462680806747931e-02 0.000000000000000000e+00 0.000000000000000000e+00 8.396827999809272636e-03 2.566658969627678977e-02 7.695926767723265671e-02 1.801955832844379657e-01
1.895863337244152328e-03 7.862944482905659394e-02 0.000000000000000000e+00 1.392722007241821991e-01 1.582717952425242601e-03 2.798136558257648468e-02 0.000000000000000000e+00 0.000000000000000000e+00 9.669729642297718438e-04 4.305026175674905864e-02 1.618162361289372797e-02 1.450163485071911396e-01 2.111153519450083560e-01 0.000000000000000000e+00 0.000000000000000000e+00 0.000000000000000000e+00 0.000000000000000000e+00 1.002946743165755369e-02 1.646036516833895291e-01 1.596747296733961596e-01
1.262217364469723439e-03 2.075666382633427620e-01 0.000000000000000000e+00 3.263582231484903895e-01 6.573720324670614956e-02 0.000000000000000000e+00 0.000000000000000000e+00 0.000000000000000000e+00 0.000000000000000000e+00 0.000000000000000000e+00 0.000000000000000000e+00 0.000000000000000000e+00 1.114639997729838830e-04 0.000000000000000000e+00 1.652202362720604223e-01 0.000000000000000000e+00 0.000000000000000000e+00 1.289878251578147617e-01 1.730202005001976046e-02 8.745417249732313769e-02
0.000000000000000000e+00 0.000000000000000000e+00 1.733810472045081361e-02 1.893387685472981826e-03 1.890338497722413025e-01 1.413917904328670094e-01 0.000000000000000000e+00 1.788948951121689945e-01 4.984728890086258940e-03 0.000000000000000000e+00 0.000000000000000000e+00 0.000000000000000000e+00 0.000000000000000000e+00 0.000000000000000000e+00 0.000000000000000000e+00 7.789739913175174751e-03 0.000000000000000000e+00 0.000000000000000000e+00 2.317050188304436431e-01 2.269684846430938541e-01
6.451991919212968565e-03 3.506517370650176491e-02 0.000000000000000000e+00 0.000000000000000000e+00 0.000000000000000000e+00 1.308017203685621077e-01 0.000000000000000000e+00 1.821652899632659195e-01 0.000000000000000000e+00 3.657303266710202477e-02 0.000000000000000000e+00 1.393884821959829323e-01 2.300578643173392113e-01 2.169575378739127883e-02 3.619506333735560133e-02 0.000000000000000000e+00 0.000000000000000000e+00 0.000000000000000000e+00 0.000000000000000000e+00 1.816056277372862238e-01
4.682112138752598379e-03 2.636159951516518080e-02 2.435191484562805944e-02 2.295661858973838676e-01 3.599983479584186602e-02 1.580330756977915002e-02 2.740487341540626814e-02 7.972307331884467829e-02 5.014319133427465325e-02 1.847113699496506431e-02 0.000000000000000000e+00 1.541336740836258823e-01 0.000000000000000000e+00 0.000000000000000000e+00 1.685767580355781656e-02 2.731381427789493672e-03 0.000000000000000000e+00 1.089403551427146066e-01 1.671388281466182624e-01 3.769085556965254963e-02
5.885620400137836494e-02 4.766616965730052780e-02 0.000000000000000000e+00 2.607967002992259142e-01 3.783206663211792498e-02 1.821775546261760748e-01 0.000000000000000000e+00 0.000000000000000000e+00 3.039406397632886392e-02 6.875710860311670669e-02 0.000000000000000000e+00 1.759999476517289455e-02 1.041244719117498801e-01 0.000000000000000000e+00 0.000000000000000000e+00 0.000000000000000000e+00 0.000000000000000000e+00 0.000000000000000000e+00 1.917956655274328237e-01 0.000000000000000000e+00
0.000000000000000000e+00 1.565696344878308721e-01 7.307051725136459730e-02 0.000000000000000000e+00 1.409030764037248196e-01 1.440610476367489012e-01 9.736339772075343346e-02 1.242376313959210471e-01 0.000000000000000000e+00 0.000000000000000000e+00 0.000000000000000000e+00 0.000000000000000000e+00 3.709051242972274953e-02 7.270575808791501261e-03 1.657600886546140018e-02 3.174474350651013133e-02 0.000000000000000000e+00 0.000000000000000000e+00 1.604023543130976281e-01 1.071050018007294567e-02
5.836928561342983462e-02 1.198841484041589106e-01 2.492242164995314355e-02 1.613712719539742244e-03 1.386962197231265403e-01 0.000000000000000000e+00 1.272716214285861958e-01 4.601160280548796666e-02 0.000000000000000000e+00 2.338902448778554244e-02 2.582199463496610142e-02 0.000000000000000000e+00 1.298750226022390812e-02 0.000000000000000000e+00 4.246597191258305592e-02 4.617021478939536266e-02 0.000000000000000000e+00 1.516454109272379613e-01 5.485608332775035283e-03 1.752652603107508200e-01
0.000000000000000000e+00 1.337979386227556300e-01 1.304191720333410139e-02 1.282978578335473574e-01 2.033985759175890515e-02 1.208778262750932614e-01 2.576199335852905753e-02 0.000000000000000000e+00 1.880163601179488386e-01 3.342840500608206498e-03 3.830702302480395310e-02 0.000000000000000000e+00 1.375911644718978005e-02 0.000000000000000000e+00 7.232345399165433786e-02 0.000000000000000000e+00 1.272899778005545934e-01 5.084247953029408934e-02 1.616720196977119300e-02 4.783415573215667876e-02
2.149032323620937712e-02 0.000000000000000000e+00 0.000000000000000000e+00 1.849527381653256752e-01 1.763311577595087221e-01 1.565208369799505617e-01 0.000000000000000000e+00 1.629285755556973969e-01 0.000000000000000000e+00 1.445412713822477341e-03 0.000000000000000000e+00 0.000000000000000000e+00 1.319124152759158959e-02 0.000000000000000000e+00 1.243499350040331575e-01 0.000000000000000000e+00 1.384775587430745738e-03 6.624503308704984827e-02 9.115997038338057024e-02 0.000000000000000000e+00
9.364152677814409353e-02 3.152715121109148783e-02 0.000000000000000000e+00 1.371893348456488249e-01 0.000000000000000000e+00 1.374012623806072642e-01 0.000000000000000000e+00 6.449476887635503808e-02 1.358066672842078992e-01 3.110722453468862600e-02 0.000000000000000000e+00 6.036285425977189201e-02 6.297903760754711144e-02 0.000000000000000000e+00 0.000000000000000000e+00 0.000000000000000000e+00 0.000000000000000000e+00 0.000000000000000000e+00 2.235280456096870316e-01 2.196212661225062715e-02
0.000000000000000000e+00 3.247718125225414199e-02 0.000000000000000000e+00 0.000000000000000000e+00 1.572595579707781743e-01 3.853614109615696032e-02 0.000000000000000000e+00 2.037370529094337072e-03 0.000000000000000000e+00 6.192207638828330779e-02 0.000000000000000000e+00 3.789034102199588805e-01 4.829068096185346048e-02 2.302423310811757898e-02 0.000000000000000000e+00 0.000000000000000000e+00 0.000000000000000000e+00 3.056109074220846045e-02 5.942475413306137766e-02 1.675635035982333543e-01
9.246519985083677742e-03 1.080629096827808860e-01 0.000000000000000000e+00 0.000000000000000000e+00 1.563322202407519956e-01 7.671728269841572578e-02 2.499361223194964191e-02 1.094358131021238856e-01 0.000000000000000000e+00 0.000000000000000000e+00 0.000000000000000000e+00 5.857849487362570134e-02 0.000000000000000000e+00 1.325516145149571723e-01 1.357917559008813280e-01 3.224325237236809472e-02 1.024944578799922984e-01 0.000000000000000000e+00 3.559356245548645631e-02 1.795850406158305129e-02
