9.184883971307069087e-03 2.342787781221886134e-02 1.342780076425529323e-01 0.000000000000000000e+00 7.021772108194980488e-02 0.000000000000000000e+00 1.450714207108894926e-01 1.001420601182968634e-01 2.157580571580326734e-02 0.000000000000000000e+00 3.450403926841937724e-04 1.245017456530382247e-02 0.000000000000000000e+00 0.000000000000000000e+00 1.555204315501109436e-01 0.000000000000000000e+00 7.307289635184821205e-03 2.055533516185249418e-02 0.000000000000000000e+00 0.000000000000000000e+00 9.849859401165381168e-02 2.323322496276277946e-03 5.341258906914208432e-03 2.178920019647882789e-02 1.719715760305223495e-01
5.389618937866814041e-04 2.744116842026608077e-02 1.196008894237576003e-01 0.000000000000000000e+00 3.719993075535449334e-02 7.942117049968282216e-02 3.145839053340478836e-02 3.268797912975926890e-04 1.085751304033198417e-01 1.180867237385678781e-01 0.000000000000000000e+00 2.181742146426326676e-02 0.000000000000000000e+00 0.000000000000000000e+00 3.675244604857728220e-02 9.307862956745444885e-04 3.006139563672320658e-02 1.491117758988687036e-01 3.612314732402021559e-03 2.648670592830134479e-03 1.655904205915436538e-04 1.286041070425129017e-02 9.319528438503600284e-03 1.549171117645470053e-01 5.515330254332956317e-02
8.484618692245760041e-02 7.303885459084988319e-02 1.123804789056502898e-02 0.000000000000000000e+00 1.306472086508774985e-02 0.000000000000000000e+00 4.034778694422231499e-02 1.728849456671655294e-01 1.199962299255751853e-02 7.566123588938662714e-02 0.000000000000000000e+00 1.711170935292581630e-01 0.000000000000000000e+00 0.000000000000000000e+00 3.061365729344282804e-03 0.000000000000000000e+00 0.000000000000000000e+00 1.012760749770663798e-01 1.602848615584846412e-02 1.088810925667434149e-01 0.000000000000000000e+00 4.999159377066127868e-02 0.000000000000000000e+00 2.378409126482135608e-02 4.277880024396447239e-02
1.133322513212362166e-02 6.493920310930539896e-02 0.000000000000000000e+00 0.000000000000000000e+00 2.099863838776806213e-01 0.000000000000000000e+00 3.169574239440001769e-03 0.000000000000000000e+00 0.000000000000000000e+00 5.757244522412158921e-02 0.000000000000000000e+00 1.078490680585079131e-01 0.000000000000000000e+00 2.750301352265495033e-02 1.594474317497634741e-01 0.000000000000000000e+00 3.309005963449981880e-02 1.027191983559273963e-01 1.033449760912181440e-03 4.201233766398695772e-03 1.018629810415288064e-02 2.332422406056616077e-02 1.914425123905463128e-02 1.622221813958153458e-01 2.278758769075486974e-03
0.000000000000000000e+00 1.330957306080123546e-02 0.000000000000000000e+00 5.640541942577815063e-03 0.000000000000000000e+00 6.445769826465184982e-02 1.155031286047682182e-01 2.781486389458101213e-02 2.913449324283317807e-02 1.799346971854413890e-02 0.000000000000000000e+00 1.038844376101810824e-01 8.335330198946718644e-03 4.186746866971811226e-02 1.531160646658519808e-01 0.000000000000000000e+00 5.819958811546225436e-02 8.408415604686086953e-02 1.592211648470716855e-03 2.697042803879139226e-03 0.000000000000000000e+00 0.000000000000000000e+00 8.598293234670743856e-02 1.534722291461986243e-01 3.291477001896550569e-02
0.000000000000000000e+00 7.308939270901251839e-02 5.559219637231583439e-02 4.389424927538483796e-03 9.524567775776612844e-02 1.645402966713477300e-03 1.405184728866602228e-01 5.198051722150629633e-03 1.829788991004683424e-02 1.098122470569961456e-03 3.453277934562142340e-03 1.416760601934013118e-02 0.000000000000000000e+00 0.000000000000000000e+00 1.055468826121357950e-01 7.821360615203601374e-02 0.000000000000000000e+00 1.300890368719120546e-02 0.000000000000000000e+00 0.000000000000000000e+00 0.000000000000000000e+00 4.513390153815011185e-02 1.669619802156287747e-01 1.534360427072793132e-01 2.500316741090260683e-02
0.000000000000000000e+00 7.816629175040263819e-03 1.001073078526429905e-01 0.000000000000000000e+00 1.503991010571428255e-01 0.000000000000000000e+00 1.183054769448681903e-01 1.825704352331352850e-02 2.943187768158295105e-03 6.886765057667870726e-02 0.000000000000000000e+00 2.068342966136714478e-02 0.000000000000000000e+00 1.376099446893217816e-02 1.344874526312133112e-01 0.000000000000000000e+00 1.348301111712843503e-02 3.976814141428891558e-02 1.755215569642206153e-01 0.000000000000000000e+00 1.384647444107086657e-02 0.000000000000000000e+00 0.000000000000000000e+00 4.096086589326212307e-02 8.079167651067178935e-02
0.000000000000000000e+00 1.095495345620390096e-03 1.247325867687919254e-01 1.549519949250596426e-02 9.028155818736306737e-02 3.528327576671500682e-02 6.163905421057054579e-03 1.669424092288357073e-02 0.000000000000000000e+00 6.270525130925680424e-02 0.000000000000000000e+00 4.428405213387016232e-02 0.000000000000000000e+00 0.000000000000000000e+00 1.084405961913815011e-02 0.000000000000000000e+00 0.000000000000000000e+00 1.773483284303592478e-02 8.523365922406898887e-03 1.517101651732285367e-02 2.067238701994127820e-02 1.794934645246293592e-01 5.438039554428271936e-03 2.280197291150944938e-01 1.173675395359389806e-01
8.793488022708062773e-04 1.403106863679501153e-02 1.036453171094907505e-01 0.000000000000000000e+00 1.317772275401375981e-01 1.350655400082841941e-02 1.165604298391285194e-03 0.000000000000000000e+00 1.806080769300183464e-02 4.161978198942754142e-02 0.000000000000000000e+00 5.558497777240102578e-02 5.102014211240803697e-03 2.606379480153228189e-03 1.408622257358946306e-01 0.000000000000000000e+00 1.845051887599443718e-01 6.446722742764901017e-03 0.000000000000000000e+00 0.000000000000000000e+00 0.000000000000000000e+00 2.209676900133955915e-02 1.137891884112178648e-01 9.547900852114628301e-02 4.884181529355401119e-02
4.014133719890133206e-02 2.436015939238837889e-03 2.230603002104420557e-02 0.000000000000000000e+00 3.684146896092471007e-02 4.618197100642179587e-03 1.377225371961921241e-01 1.099072797683703188e-02 1.048064666872523636e-02 1.471083211630519472e-02 1.070048286943738221e-02 9.399281077426388520e-02 1.136045399191087588e-02 3.672176358256339177e-03 4.135337204922420046e-02 7.482864441324790783e-02 0.000000000000000000e+00 8.672897622551354810e-03 2.124423675649347084e-03 0.000000000000000000e+00 0.000000000000000000e+00 0.000000000000000000e+00 1.657336674170554192e-01 1.678616224070264840e-01 1.394516552425660028e-01
6.169504159769563512e-02 9.002418925165008717e-03 1.232512188510923312e-01 7.503772193273797707e-03 7.920812332385117338e-02 5.654311369888470520e-04 5.334832011861775913e-02 1.124025109166169184e-02 1.904750100655691657e-03 7.744229373250665661e-03 3.370447640753311894e-03 1.624254242970697149e-01 1.563309620348650106e-02 0.000000000000000000e+00 1.534998020634715243e-01 0.000000000000000000e+00 3.377483368075653858e-02 0.000000000000000000e+00 6.049389497388413944e-03 1.408960793905665067e-03 0.000000000000000000e+00 3.581740967562127998e-03 4.525237062318995807e-02 1.545454677876998417e-01 6.499490973246378756e-02
3.530821222395922818e-03 0.000000000000000000e+00 2.933902810822666338e-02 8.958516702409305985e-04 1.126981617455007217e-01 0.000000000000000000e+00 7.120962081420914580e-02 1.471289315156786293e-01 1.307355709421371276e-02 2.803614613483727813e-02 0.000000000000000000e+00 1.302162018182371345e-03 0.000000000000000000e+00 1.085917801054056249e-03 3.985532400090650851e-02 0.000000000000000000e+00 7.836144445496616429e-02 9.498542954122468976e-03 1.334245982533168728e-01 5.843462692963728722e-03 2.821176981940537887e-03 1.133481045071660365e-01 3.223805762613255604e-02 1.101226499706791095e-01 6.618644043326644966e-02
8.088740266702236503e-02 6.150682175128023566e-02 1.649873645850457107e-02 2.321311808042783240e-03 2.630036992564448867e-02 0.000000000000000000e+00 7.606972556351043399e-03 1.549837256349165804e-01 8.377199316450810104e-03 2.509846184663535110e-02 0.000000000000000000e+00 1.133943091026998716e-02 0.000000000000000000e+00 0.000000000000000000e+00 3.054675474816769681e-02 0.000000000000000000e+00 1.003116195490586088e-01 6.469912713230752122e-02 1.182962212556813997e-01 3.061933367807627860e-03 0.000000000000000000e+00 1.593543519894462801e-01 1.460565269114179679e-02 9.823005085722123775e-02 1.597385553404959482e-02
0.000000000000000000e+00 5.690363443729983678e-02 1.318674026122019227e-01 1.462188929064281353e-03 1.082270519222898186e-01 3.016699237101552224e-03 4.800780799471658297e-03 9.068718046321961809e-03 3.199215134459935852e-03 6.639135444447344381e-02 0.000000000000000000e+00 8.071738683601574482e-02 9.461284626583925730e-04 3.211450946026160429e-03 1.503910673858080693e-01 1.731636533348588920e-04 0.000000000000000000e+00 1.388345465882075136e-03 3.445059562036153350e-02 2.675878453572607535e-02 2.082348563385313239e-02 6.454433744295674444e-03 1.339626395565680396e-02 1.151542481956729508e-01 1.611976000020240163e-01
0.000000000000000000e+00 3.375380746524309040e-04 1.168175406072113481e-01 0.000000000000000000e+00 9.306206324870951174e-02 2.419606261744438463e-02 8.175203756575494252e-02 1.028711300558483865e-01 2.091465454067231115e-03 4.691488086213531361e-02 0.000000000000000000e+00 1.166668955652270245e-01 0.000000000000000000e+00 2.964167064124116277e-02 0.000000000000000000e+00 7.281238203574976961e-03 0.000000000000000000e+00 4.177530950932371520e-03 2.737546804457827165e-02 7.832993476638669406e-03 0.000000000000000000e+00 2.621752498591845958e-03 1.256082599859326687e-01 5.008902424163618264e-03 2.057425697232959094e-01
5.966666397143660650e-03 0.000000000000000000e+00 3.423147772161621444e-02 0.000000000000000000e+00 4.250536556526860604e-02 1.932303518162408612e-03 4.152706098732947271e-02 2.480531264045929968e-02 0.000000000000000000e+00 1.211071720917981237e-01 3.490050662900076595e-04 7.267881543431341934e-03 0.000000000000000000e+00 9.495201664742139794e-03 1.467532626244449079e-01 6.574828001828972313e-02 1.567373706345291662e-01 3.179366997345105944e-02 0.000000000000000000e+00 8.685640365871360449e-04 0.000000000000000000e+00 9.240560320078203618e-03 1.385415321793474763e-02 1.401102069427099805e-01 1.457064850357337460e-01
5.052891048154585507e-02 4.977654507335034853e-03 2.027558787403503995e-02 2.514257049798297207e-03 1.772467909212399051e-01 3.171524454272573769e-04 7.216686227447362094e-03 1.406893253003072553e-01 1.505773864530804244e-02 4.372021931929906402e-02 0.000000000000000000e+00 9.949303626656726129e-03 3.661032764685716702e-04 1.045817348458020568e-03 8.422547369106134219e-02 0.000000000000000000e+00 1.582824130170061572e-01 0.000000000000000000e+00 1.383908993933071763e-01 7.861146339262789495e-02 0.000000000000000000e+00 2.944677889495946402e-02 3.219315970385838721e-02 0.000000000000000000e+00 4.944264883853135076e-03
0.000000000000000000e+00 0.000000000000000000e+00 1.165683534055334813e-01 1.008941714697520744e-03 2.349627442278399980e-02 0.000000000000000000e+00 1.145288093623819392e-01 1.369877212992533511e-01 1.348551880657357371e-02 4.729109414943014067e-02 2.903740752023107989e-03 1.510578596792517270e-01 0.000000000000000000e+00 5.054818340813952132e-04 1.017707459135172438e-01 0.000000000000000000e+00 1.219430201689207733e-03 7.315013540151757074e-03 1.325878361528497196e-01 0.000000000000000000e+00 0.000000000000000000e+00 2.304260465634832764e-02 2.541740370766586068e-03 0.000000000000000000e+00 1.236888337386668757e-01
5.592686298234943176e-02 1.101867460560493478e-01 0.000000000000000000e+00 8.889245984952542923e-02 0.000000000000000000e+00 0.000000000000000000e+00 5.019403265084459997e-02 1.404893296252374968e-01 1.149217983706819898e-03 5.948372366734318989e-02 1.897656672869417124e-02 3.107008956030023888e-02 1.649341392986012353e-03 1.088201173201247193e-02 1.708691854133273236e-01 1.078633847397548161e-02 0.000000000000000000e+00 2.275183388351677966e-02 4.131858085536661840e-02 0.000000000000000000e+00 4.098596320974212844e-03 0.000000000000000000e+00 1.525183999149452158e-02 0.000000000000000000e+00 1.660232428322957754e-01
3.310473061228235564e-02 0.000000000000000000e+00 1.234005750918101690e-01 4.803327186928875447e-02 0.000000000000000000e+00 2.850141879001974986e-03 0.000000000000000000e+00 1.363516110461709605e-02 1.881805407845244665e-02 1.233188928586299027e-01 0.000000000000000000e+00 0.000000000000000000e+00 6.047499903978352520e-02 2.457198259828653232e-03 1.885565019829684996e-01 3.913829965554440835e-03 1.353689285950976096e-01 0.000000000000000000e+00 4.289095879802318906e-02 0.000000000000000000e+00 2.037221162768055108e-02 0.000000000000000000e+00 0.000000000000000000e+00 1.268283293293017387e-02 1.701217113040507656e-01
