1.676411480253308176e-02 0.000000000000000000e+00 4.337047868856824112e-02 9.366286851163785647e-04 9.559115195934146658e-02 7.562141763654362490e-03 0.000000000000000000e+00 1.023701919170203062e-01 0.000000000000000000e+00 0.000000000000000000e+00 1.872793861824836523e-03 3.185595876299601725e-02 0.000000000000000000e+00 0.000000000000000000e+00 1.520517268027990199e-01 0.000000000000000000e+00 2.148519004022071410e-01 1.276214753822290660e-01 0.000000000000000000e+00 5.643539248312377105e-04 8.117206270374707072e-03 0.000000000000000000e+00 0.000000000000000000e+00 2.639641103083728568e-02 1.700734657456668408e-01
0.000000000000000000e+00 1.155880511258023657e-01 2.201339693359147948e-03 1.379453525244113132e-01 1.837282649104709717e-02 0.000000000000000000e+00 1.445747603225661093e-02 1.221849979139530140e-01 2.717530591425037362e-02 8.476707704306774005e-02 0.000000000000000000e+00 4.274016878851323586e-02 1.327940160350397133e-03 6.328763262928767950e-05 1.162670349965525506e-02 0.000000000000000000e+00 0.000000000000000000e+00 7.522236790689224885e-03 0.000000000000000000e+00 0.000000000000000000e+00 4.171929422453068623e-03 0.000000000000000000e+00 0.000000000000000000e+00 2.129399986888147189e-01 1.969153082787472309e-01
3.884264698772539950e-03 0.000000000000000000e+00 1.151520149062863901e-01 0.000000000000000000e+00 4.755902402508362797e-02 1.751346162686337124e-02 6.077181075181540409e-02 7.257520568996218835e-02 0.000000000000000000e+00 2.052120232350760839e-02 0.000000000000000000e+00 2.101534659877824299e-02 0.000000000000000000e+00 0.000000000000000000e+00 2.148437036398297417e-01 8.793178570533294672e-03 0.000000000000000000e+00 1.731987616509754122e-02 2.721424573306869404e-02 1.000845399986873829e-01 0.000000000000000000e+00 7.780423797660575291e-02 1.658287364746315884e-01 2.529554115830672315e-02 3.823609662169805048e-03
0.000000000000000000e+00 3.092189957680389553e-02 1.473964248758266871e-01 1.255817876608316752e-03 1.041220942480656922e-03 0.000000000000000000e+00 1.479646174193372798e-01 0.000000000000000000e+00 1.468090647515394101e-02 6.737872466279484426e-03 0.000000000000000000e+00 3.821990261689729718e-03 0.000000000000000000e+00 0.000000000000000000e+00 2.587954799382187823e-02 7.567890488261501403e-02 0.000000000000000000e+00 1.858156959358353913e-02 2.530459542757578298e-02 3.135489605547195358e-02 0.000000000000000000e+00 1.424237592544220499e-01 1.432673433081072811e-01 1.584147946213594338e-01 2.527383896886311460e-02
0.000000000000000000e+00 1.391879492646073135e-01 4.601980022608004317e-03 0.000000000000000000e+00 1.428209213653008035e-02 5.300768773805270007e-02 9.534166345232916728e-02 1.627491137587708803e-01 0.000000000000000000e+00 0.000000000000000000e+00 0.000000000000000000e+00 4.874257483831345716e-02 0.000000000000000000e+00 0.000000000000000000e+00 2.477672466269662671e-02 0.000000000000000000e+00 1.669347653828309186e-01 5.420757209924867426e-02 1.652853733374064563e-02 3.139242878952183680e-02 0.000000000000000000e+00 0.000000000000000000e+00 1.402161885468570374e-02 1.364021596794933733e-01 3.782313198657071690e-02
2.168853789445049710e-02 0.000000000000000000e+00 1.847586589664139411e-02 0.000000000000000000e+00 1.321527369997340107e-01 4.024149525342766986e-03 1.570062264230044080e-01 5.231621306308659181e-02 1.458820391087185114e-02 7.777314199586295856e-03 0.000000000000000000e+00 0.000000000000000000e+00 8.810416462639702323e-03 1.186745137008582071e-02 1.087427216071057967e-01 1.009467088248301447e-01 1.585783079791349900e-02 6.586608687056755979e-03 0.000000000000000000e+00 0.000000000000000000e+00 0.000000000000000000e+00 0.000000000000000000e+00 1.957310328584297709e-01 1.369790663793078733e-01 6.448915099912800632e-03
6.614470998403107482e-02 4.614559283071174856e-02 1.400303031624297589e-01 0.000000000000000000e+00 1.564189418820395305e-01 2.800155740005154294e-03 7.839070233282437183e-02 2.355511763013792281e-01 0.000000000000000000e+00 6.600824649437016245e-02 0.000000000000000000e+00 0.000000000000000000e+00 1.995885650816246054e-02 0.000000000000000000e+00 0.000000000000000000e+00 1.389468054317047861e-02 1.400416833632507352e-01 0.000000000000000000e+00 0.000000000000000000e+00 0.000000000000000000e+00 0.000000000000000000e+00 0.000000000000000000e+00 0.000000000000000000e+00 0.000000000000000000e+00 3.461495085762519852e-02
3.576907241125238529e-02 5.457142868224116629e-03 1.269079343375534297e-01 0.000000000000000000e+00 1.393661929210401884e-02 0.000000000000000000e+00 2.931284185019679411e-03 1.502421966582502544e-01 1.243043487608246761e-01 7.720108702002154155e-02 0.000000000000000000e+00 1.466573144008876534e-03 0.000000000000000000e+00 0.000000000000000000e+00 2.038393200951945164e-02 0.000000000000000000e+00 1.369140103957754429e-01 1.596941334000311422e-02 0.000000000000000000e+00 0.000000000000000000e+00 5.999898512781780963e-02 1.359731730098456270e-01 1.642020788063603895e-02 7.396064233683183331e-02 2.163377222311823646e-03
0.000000000000000000e+00 1.177981195411588293e-02 1.197779689904269196e-01 9.034343952162078584e-03 8.767198718995959650e-02 0.000000000000000000e+00 0.000000000000000000e+00 1.317524011142981732e-01 0.000000000000000000e+00 4.541672152078395086e-02 0.000000000000000000e+00 1.034344798750899824e-01 0.000000000000000000e+00 1.292837050153021299e-02 2.996751843367728360e-02 0.000000000000000000e+00 1.016853263262931101e-02 1.324943725081425550e-01 0.000000000000000000e+00 0.000000000000000000e+00 0.000000000000000000e+00 1.199047252530757307e-01 1.419400625870882553e-02 1.206066055423604816e-01 5.086815427303892356e-02
2.017170350878209201e-02 0.000000000000000000e+00 5.298437853129149555e-02 3.039006094327840329e-02 1.267707907740314634e-03 0.000000000000000000e+00 1.335484107580320046e-01 8.578642403282414619e-02 9.403294630284453337e-02 2.950580625710426397e-02 0.000000000000000000e+00 0.000000000000000000e+00 1.687597318541277785e-02 0.000000000000000000e+00 2.920509321792322602e-02 9.208985012575571227e-02 0.000000000000000000e+00 1.758279018665271504e-02 1.068041272319228234e-02 0.000000000000000000e+00 0.000000000000000000e+00 1.968985443341110878e-02 1.702336153210140257e-01 6.380541935147727994e-02 1.321495532132637984e-01
0.000000000000000000e+00 6.322827181322177026e-02 1.162861598705405147e-01 2.654951458935092545e-02 0.000000000000000000e+00 2.573703070241506116e-02 1.803994495457366884e-02 9.309846264686795492e-02 6.649524622568659359e-04 1.717604200604086473e-02 1.626461733601869061e-02 1.132360208981320338e-01 1.519924844173143053e-01 0.000000000000000000e+00 7.955070568474641168e-02 0.000000000000000000e+00 0.000000000000000000e+00 0.000000000000000000e+00 1.307553395187744383e-01 0.000000000000000000e+00 0.000000000000000000e+00 1.904451052184882170e-02 4.169516758552144903e-02 0.000000000000000000e+00 8.668077499237618333e-02
0.000000000000000000e+00 0.000000000000000000e+00 9.887613601820266496e-02 0.000000000000000000e+00 1.174039604729863462e-01 0.000000000000000000e+00 1.369832752774845785e-01 1.924159613494003940e-01 4.699191848428892204e-02 0.000000000000000000e+00 0.000000000000000000e+00 2.521039788484371116e-02 0.000000000000000000e+00 0.000000000000000000e+00 4.050359612751559812e-02 0.000000000000000000e+00 1.527432525199903246e-01 0.000000000000000000e+00 1.537419261952874538e-01 1.947303299990479127e-03 0.000000000000000000e+00 0.000000000000000000e+00 0.000000000000000000e+00 1.808212969356462734e-03 3.137405940065316617e-02
0.000000000000000000e+00 5.943544649613431013e-03 2.259960824762425879e-01 2.235967113933558237e-02 8.745447375816219667e-04 0.000000000000000000e+00 1.737255211034537117e-01 2.141107978022532138e-02 0.000000000000000000e+00 5.213395136070463065e-03 0.000000000000000000e+00 0.000000000000000000e+00 0.000000000000000000e+00 0.000000000000000000e+00 3.805862610798015598e-03 3.314263991669585008e-03 2.065782685757907872e-03 2.100058504132824161e-02 1.766691336037411464e-01 6.469749286501388919e-03 1.431453446586002376e-01 2.707633795653209899e-02 0.000000000000000000e+00 2.580206809733594665e-03 1.583488943328151544e-01
4.322555431140757271e-02 5.657708172864894282e-03 0.000000000000000000e+00 0.000000000000000000e+00 2.238588771800582300e-01 1.502394109055405543e-03 1.517608226615459188e-03 1.366372883253619830e-01 0.000000000000000000e+00 4.248387367096207595e-02 0.000000000000000000e+00 1.192588711174598706e-02 1.932626926945097778e-04 0.000000000000000000e+00 5.510329303868403972e-02 0.000000000000000000e+00 3.236391413368204170e-05 7.339378808370386476e-02 5.776760255945975059e-02 6.658406582000664375e-02 1.022519772715282937e-02 0.000000000000000000e+00 4.531081902178355630e-03 5.835981880544624696e-03 2.595241712733700190e-01
4.766995576448721655e-02 0.000000000000000000e+00 8.102773223621397014e-02 0.000000000000000000e+00 9.851662730328188122e-02 2.665394994964250669e-02 1.557602698632987127e-03 0.000000000000000000e+00 0.000000000000000000e+00 1.001099626406501270e-01 0.000000000000000000e+00 2.352794487063003190e-02 5.399501794573173530e-02 0.000000000000000000e+00 0.000000000000000000e+00 0.000000000000000000e+00 1.573382977873488964e-01 1.595300502720042313e-01 4.205560640124245131e-02 1.542156085908188458e-02 0.000000000000000000e+00 3.931371052441179348e-03 1.087892794525576190e-01 1.434534672040658002e-02 6.552969404564672196e-02
1.260009343951730976e-01 0.000000000000000000e+00 3.285750312513325416e-02 0.000000000000000000e+00 3.542310640360547824e-02 0.000000000000000000e+00 3.926819491989041316e-03 9.643896349449691818e-02 0.000000000000000000e+00 1.550437532737832524e-01 0.000000000000000000e+00 0.000000000000000000e+00 0.000000000000000000e+00 0.000000000000000000e+00 1.531103331311171323e-01 0.000000000000000000e+00 9.692826882040057185e-03 0.000000000000000000e+00 1.907218072076926896e-01 0.000000000000000000e+00 0.000000000000000000e+00 8.458919244199010479e-03 1.068120209601318383e-03 0.000000000000000000e+00 1.872569131411687959e-01
0.000000000000000000e+00 0.000000000000000000e+00 1.513260065897970297e-01 0.000000000000000000e+00 2.243664894628155382e-01 6.607097135661557652e-02 0.000000000000000000e+00 0.000000000000000000e+00 8.741963026193074783e-04 4.383381615806386522e-02 0.000000000000000000e+00 0.000000000000000000e+00 0.000000000000000000e+00 0.000000000000000000e+00 1.212247254026047917e-02 0.000000000000000000e+00 1.733211767782748824e-01 0.000000000000000000e+00 1.997409153782904179e-01 0.000000000000000000e+00 1.108862455275445441e-01 1.745770990571835976e-02 0.000000000000000000e+00 0.000000000000000000e+00 0.000000000000000000e+00
9.460335895305855766e-03 1.147550231969217543e-01 3.055691487857786423e-02 7.646335100512967331e-02 0.000000000000000000e+00 0.000000000000000000e+00 6.765051896540447141e-02 1.494001761410085338e-01 0.000000000000000000e+00 6.084362518723536624e-03 0.000000000000000000e+00 2.669036339073321135e-02 4.499607765262887693e-02 0.000000000000000000e+00 5.172313741774275248e-02 2.562947409976173117e-03 3.586813082714802349e-03 4.699592091124664070e-03 1.703385490980183770e-01 5.583206985714941374e-03 0.000000000000000000e+00 1.975779777286672534e-01 0.000000000000000000e+00 0.000000000000000000e+00 3.787065254160740246e-02
0.000000000000000000e+00 3.827552020764417307e-02 1.589442004960897326e-01 8.509799956582025579e-03 0.000000000000000000e+00 0.000000000000000000e+00 1.492205413258998747e-01 3.663516730823383055e-02 6.943940758630277529e-03 1.409337970245491678e-01 0.000000000000000000e+00 6.199489673042968274e-02 0.000000000000000000e+00 0.000000000000000000e+00 1.892614865906901145e-01 0.000000000000000000e+00 0.000000000000000000e+00 0.000000000000000000e+00 3.459155729790582348e-03 1.933545602379530643e-03 0.000000000000000000e+00 0.000000000000000000e+00 2.190640447261823359e-02 5.218637779147711556e-03 1.767629060173150357e-01
0.000000000000000000e+00 0.000000000000000000e+00 1.262647849297194314e-01 7.809627769613119302e-03 0.000000000000000000e+00 3.959710155029200207e-02 0.000000000000000000e+00 8.033442559617863521e-02 3.445784109683521727e-03 7.293012861695168103e-02 0.000000000000000000e+00 7.550103515863461606e-04 0.000000000000000000e+00 0.000000000000000000e+00 1.465783133754566814e-01 0.000000000000000000e+00 1.396935321304312305e-01 2.717195650929619608e-03 7.734849562979227494e-04 0.000000000000000000e+00 1.453013480993086901e-02 0.000000000000000000e+00 1.180872764393426227e-01 2.835615132423590506e-02 2.181270483893504308e-01
1.363212027061741216e-01 2.550282390299186963e-02 1.842545967759614059e-02 0.000000000000000000e+00 5.592005271945331424e-02 0.000000000000000000e+00 4.552864475760445145e-02 1.353323962870336405e-01 5.075611437922483704e-03 0.000000000000000000e+00 1.165927163889399903e-02 0.000000000000000000e+00 0.000000000000000000e+00 0.000000000000000000e+00 8.805695438866867342e-02 0.000000000000000000e+00 1.264576706119640570e-01 2.878098364726448810e-02 1.572020742368424318e-01 0.000000000000000000e+00 0.000000000000000000e+00 1.563839395238223462e-01 2.214062044836793280e-03 0.000000000000000000e+00 7.138852418931165150e-03
0.000000000000000000e+00 0.000000000000000000e+00 1.948265669408202339e-01 3.323374513580464734e-02 9.063050903450331486e-02 6.160184426870929375e-02 0.000000000000000000e+00 3.725076112610882766e-03 1.595685851786053698e-03 2.051937048493536198e-01 0.000000000000000000e+00 0.000000000000000000e+00 0.000000000000000000e+00 1.297877662144542553e-03 2.310419916562144946e-02 0.000000000000000000e+00 1.856522257333593218e-01 0.000000000000000000e+00 0.000000000000000000e+00 2.805542869097594517e-03 0.000000000000000000e+00 0.000000000000000000e+00 0.000000000000000000e+00 2.265822402771319050e-02 1.736747983484757674e-01
0.000000000000000000e+00 6.382673971741779223e-03 1.430730233201966684e-01 0.000000000000000000e+00 0.000000000000000000e+00 0.000000000000000000e+00 1.669658642669713811e-01 1.636393429136916502e-02 4.026966145989715334e-02 1.223455462417165178e-02 0.000000000000000000e+00 4.787365023074467013e-02 5.003354440817997517e-02 4.261351365230180849e-02 2.346244919525660722e-01 0.000000000000000000e+00 0.000000000000000000e+00 7.495616360034622339e-02 2.484724077927910613e-02 0.000000000000000000e+00 0.000000000000000000e+00 6.607179264015437467e-03 4.935000176211699896e-02 3.675806250688641585e-02 4.704643990921547614e-02
0.000000000000000000e+00 9.871305299516205597e-03 2.043236353880949763e-01 4.588105167903755010e-04 1.252674372799682766e-02 0.000000000000000000e+00 4.483766571360623537e-02 5.859949629495730256e-02 0.000000000000000000e+00 0.000000000000000000e+00 0.000000000000000000e+00 1.625593976089686477e-01 0.000000000000000000e+00 0.000000000000000000e+00 7.032549545263970178e-03 2.357248850288640001e-03 0.000000000000000000e+00 1.217945855286925033e-01 1.640300572179005933e-01 0.000000000000000000e+00 1.363883552248443785e-02 1.143930208732291953e-01 2.500303771104403494e-02 3.066910491798970767e-02 2.790450528317637777e-02
3.368888171701508311e-02 7.903575161326030149e-03 0.000000000000000000e+00 0.000000000000000000e+00 1.639794446696853439e-02 0.000000000000000000e+00 0.000000000000000000e+00 1.296717291712006781e-01 5.299204196302761266e-02 1.969337774319061124e-02 0.000000000000000000e+00 2.010745023816727997e-02 0.000000000000000000e+00 0.000000000000000000e+00 1.562483998462623480e-01 0.000000000000000000e+00 1.841297335206049934e-01 1.408629180888715804e-01 1.440987357514669082e-02 0.000000000000000000e+00 0.000000000000000000e+00 0.000000000000000000e+00 1.308144437839350339e-02 4.338372737723469180e-03 2.064742573921016233e-01
1.247802984263788988e-02 0.000000000000000000e+00 1.574688313207426096e-02 0.000000000000000000e+00 3.698609516308112855e-02 2.141882030202556936e-02 1.354423946665380685e-01 0.000000000000000000e+00 4.046806824893824268e-03 2.417717666495329890e-02 3.689027448943983873e-04 0.000000000000000000e+00 0.000000000000000000e+00 0.000000000000000000e+00 1.194385131351047707e-01 3.045788107193354854e-02 4.138190500266483544e-03 1.024073233340436068e-01 7.373268606584898292e-03 9.101082821813983106e-03 0.000000000000000000e+00 0.000000000000000000e+00 1.494039162497103335e-01 1.635246059587023015e-01 1.634901089807415664e-01
2.586080394634512891e-02 1.154305977488907092e-01 9.963313355590055348e-03 5.151426857389976473e-03 1.190041711835449212e-01 0.000000000000000000e+00 1.422562095867624110e-01 1.570994927704997268e-01 3.414940901751348928e-02 2.156128095236915440e-02 0.000000000000000000e+00 0.000000000000000000e+00 8.045487644907017150e-03 0.000000000000000000e+00 7.827636819707613214e-03 0.000000000000000000e+00 0.000000000000000000e+00 6.327584181661578822e-02 0.000000000000000000e+00 0.000000000000000000e+00 0.000000000000000000e+00 1.220511168482727032e-01 4.615497478138940422e-03 1.508828741375513316e-01 1.282483983590094502e-02
5.351708359453073022e-02 0.000000000000000000e+00 1.721633910281845647e-01 1.463846785238062057e-03 6.735973769261315372e-03 0.000000000000000000e+00 1.334552058745477887e-01 4.386444531509063605e-02 1.360790820487661201e-01 0.000000000000000000e+00 0.000000000000000000e+00 8.499203610197859568e-03 1.638078968768261548e-02 0.000000000000000000e+00 0.000000000000000000e+00 0.000000000000000000e+00 2.777219071152049051e-02 7.701911503952036005e-03 1.576772032584524141e-01 0.000000000000000000e+00 0.000000000000000000e+00 0.000000000000000000e+00 1.636965524469846944e-01 3.560463872486682030e-02 3.538848164072373043e-02
0.000000000000000000e+00 0.000000000000000000e+00 0.000000000000000000e+00 0.000000000000000000e+00 2.390590912051636652e-01 1.107282071958032577e-01 0.000000000000000000e+00 0.000000000000000000e+00 4.132542419329957722e-02 0.000000000000000000e+00 0.000000000000000000e+00 2.054955246578477751e-02 0.000000000000000000e+00 0.000000000000000000e+00 7.196830093745698598e-02 0.000000000000000000e+00 1.481391820248411095e-01 1.613986327983043256e-01 1.258302039872779068e-02 0.000000000000000000e+00 0.000000000000000000e+00 0.000000000000000000e+00 1.590083835448941399e-02 1.783477504261290481e-01 0.000000000000000000e+00
0.000000000000000000e+00 2.403125927503061213e-02 0.000000000000000000e+00 0.000000000000000000e+00 2.390140803675532282e-04 0.000000000000000000e+00 1.952276593047516107e-01 0.000000000000000000e+00 1.762386438018777035e-01 7.649464580927717305e-03 0.000000000000000000e+00 8.224756287067185728e-03 0.000000000000000000e+00 7.562482121560452387e-03 3.205964110987083188e-03 0.000000000000000000e+00 1.441505471881841249e-01 0.000000000000000000e+00 4.008064801514169689e-02 0.000000000000000000e+00 4.641893144261386578e-02 1.496964195383151675e-01 0.000000000000000000e+00 1.859479774430606025e-01 1.132623281011457296e-02
0.000000000000000000e+00 0.000000000000000000e+00 1.418887469948563185e-01 2.729153154453787655e-03 0.000000000000000000e+00 5.647572065867026425e-02 1.384609887707986542e-01 0.000000000000000000e+00 1.302880716096369296e-01 4.388201521317817294e-02 0.000000000000000000e+00 1.071684447282628960e-01 0.000000000000000000e+00 0.000000000000000000e+00 1.784294995297099062e-02 1.427449462011282956e-02 0.000000000000000000e+00 6.847623102791885845e-03 1.581667653991218059e-01 0.000000000000000000e+00 0.000000000000000000e+00 0.000000000000000000e+00 1.480406129761651160e-02 0.000000000000000000e+00 1.671709644975288844e-01
5.316800417588115561e-04 8.828789837407923034e-04 2.777018026613101848e-02 1.115885937803480542e-03 9.279054589375534609e-03 6.720658140282708207e-03 1.336158517968727144e-01 1.208777813407292123e-01 9.423062093460532473e-02 2.872427139653978972e-02 0.000000000000000000e+00 3.113657949249681867e-02 0.000000000000000000e+00 0.000000000000000000e+00 0.000000000000000000e+00 9.457652733080970653e-02 2.494041905776836140e-03 2.381845984620719128e-02 8.197156482654117948e-02 2.989732254357531371e-02 6.757841569661752340e-03 5.376265790733262585e-03 1.927644261648099600e-01 1.067990919237383624e-01 6.590151778102916556e-04
0.000000000000000000e+00 4.140479887499939893e-02 0.000000000000000000e+00 9.939932107845847551e-04 0.000000000000000000e+00 4.435496364168638531e-03 2.261253499561317326e-01 1.550933916563638215e-01 6.859863598117551912e-03 1.896160656783059742e-02 0.000000000000000000e+00 9.531096249377138396e-02 0.000000000000000000e+00 0.000000000000000000e+00 9.994619938409776694e-03 6.320702633782462887e-02 0.000000000000000000e+00 0.000000000000000000e+00 1.711925037246177506e-01 3.666935746547024793e-04 0.000000000000000000e+00 0.000000000000000000e+00 0.000000000000000000e+00 9.691403585423049791e-03 1.963622901169025103e-01
5.622203343962320354e-02 0.000000000000000000e+00 6.924022528930376397e-02 2.363447101220137250e-02 6.847732062166123068e-02 0.000000000000000000e+00 1.498442768123681712e-01 4.440421627135908433e-02 1.440851217199230760e-01 1.910004022007357957e-02 0.000000000000000000e+00 1.711726360411764195e-02 2.479821706729514255e-02 0.000000000000000000e+00 0.000000000000000000e+00 0.000000000000000000e+00 1.459491040120193019e-03 0.000000000000000000e+00 0.000000000000000000e+00 0.000000000000000000e+00 0.000000000000000000e+00 6.099302290494833939e-03 2.161639572880755256e-01 1.593540633233833104e-01 0.000000000000000000e+00
9.905293338525950064e-02 1.923534904100106593e-02 1.553080465180891982e-02 1.072215416248163827e-01 1.369050477674768618e-02 0.000000000000000000e+00 1.010892349285070491e-01 1.623890671240940387e-01 4.338382305907464986e-02 3.880676645976061795e-02 0.000000000000000000e+00 0.000000000000000000e+00 0.000000000000000000e+00 0.000000000000000000e+00 4.736979842104051264e-02 0.000000000000000000e+00 0.000000000000000000e+00 0.000000000000000000e+00 0.000000000000000000e+00 2.885456766051022401e-02 0.000000000000000000e+00 0.000000000000000000e+00 0.000000000000000000e+00 1.432233215921928371e-01 1.801522872751866733e-01
6.608588584715362202e-02 5.362244133995804421e-03 2.772651324844588316e-02 0.000000000000000000e+00 5.082002315016286020e-02 0.000000000000000000e+00 1.124832964445049571e-01 1.702382609699038332e-02 1.277087111059570408e-02 4.381160833684934891e-02 2.006391724772165191e-03 0.000000000000000000e+00 4.312866610543525381e-02 3.668964471186592167e-03 1.472848718126885670e-01 4.591841048870589498e-02 1.322636690899373912e-01 3.833107037067676887e-02 2.295256323940690103e-03 1.174745124137682034e-02 0.000000000000000000e+00 0.000000000000000000e+00 6.077125183916782906e-03 0.000000000000000000e+00 2.311938548186646125e-01
1.005818009697649063e-01 1.008967215419329239e-01 3.271051518654449070e-02 1.010220705474058067e-01 4.192350970469350957e-02 0.000000000000000000e+00 0.000000000000000000e+00 1.903627828962664581e-01 0.000000000000000000e+00 0.000000000000000000e+00 0.000000000000000000e+00 0.000000000000000000e+00 0.000000000000000000e+00 0.000000000000000000e+00 1.825684102704978537e-02 0.000000000000000000e+00 1.330436764093720359e-01 0.000000000000000000e+00 1.120428560710756000e-02 6.358298561095115931e-02 0.000000000000000000e+00 0.000000000000000000e+00 3.400840618068979443e-02 1.591286238711291101e-01 1.327778044709249095e-02
7.381911888936631971e-02 0.000000000000000000e+00 1.033349921155436724e-02 3.177773456875014006e-03 9.142708196101625648e-03 5.723528149348579806e-03 1.363382602788974218e-01 4.461859323483621104e-02 0.000000000000000000e+00 2.329637992363538940e-02 0.000000000000000000e+00 0.000000000000000000e+00 0.000000000000000000e+00 0.000000000000000000e+00 8.301503508633419071e-02 0.000000000000000000e+00 0.000000000000000000e+00 1.970923821013870550e-02 1.684009143557566035e-01 1.996186773212360946e-02 0.000000000000000000e+00 6.855334448958662341e-02 1.491892675003239355e-01 0.000000000000000000e+00 1.847204712851214237e-01
0.000000000000000000e+00 0.000000000000000000e+00 5.360056601428973833e-02 0.000000000000000000e+00 8.254523069586762463e-02 1.711239759897912119e-02 5.582043346155777293e-04 0.000000000000000000e+00 4.574472620463826585e-03 0.000000000000000000e+00 0.000000000000000000e+00 0.000000000000000000e+00 1.961939836876306698e-04 0.000000000000000000e+00 9.930196748427180808e-02 2.212863880933157307e-02 1.288390996802658561e-01 7.250298376611281903e-02 1.672456731745110836e-01 0.000000000000000000e+00 0.000000000000000000e+00 4.462126093312884616e-03 1.466100807478603052e-01 2.134879390892050269e-02 1.789735710875096641e-01
1.213129895027795918e-01 1.982809237909460148e-02 1.598674771438916495e-02 5.644656706086195221e-03 0.000000000000000000e+00 0.000000000000000000e+00 1.931027888397153155e-02 0.000000000000000000e+00 1.457215082508470372e-01 1.355570288204543949e-01 0.000000000000000000e+00 2.155598385035856490e-01 0.000000000000000000e+00 0.000000000000000000e+00 0.000000000000000000e+00 5.696168939725244906e-02 1.095329556634961482e-02 1.456192877241242571e-03 1.633181211927591525e-01 0.000000000000000000e+00 0.000000000000000000e+00 0.000000000000000000e+00 0.000000000000000000e+00 0.000000000000000000e+00 8.838956020518952406e-02
