0.000000000000000000e+00 7.933694530051253746e-02 6.722224076009711280e-02 2.284914214706143185e-02 0.000000000000000000e+00 0.000000000000000000e+00 5.489196665007881754e-02 1.676493116989500876e-01 0.000000000000000000e+00 9.751491801571146589e-02 0.000000000000000000e+00 0.000000000000000000e+00 0.000000000000000000e+00 8.748396986176238191e-03 1.481226012554981986e-01 1.820688420463691115e-02 0.000000000000000000e+00 7.493956072130524004e-02 0.000000000000000000e+00 0.000000000000000000e+00 3.290326852308231905e-03 0.000000000000000000e+00 2.727352857362908695e-02 1.107141816179773620e-02 2.188827586722369989e-01
0.000000000000000000e+00 1.423955931759693372e-01 0.000000000000000000e+00 0.000000000000000000e+00 0.000000000000000000e+00 2.281365322249763461e-02 1.692944006644624966e-01 2.434063520977100548e-02 0.000000000000000000e+00 0.000000000000000000e+00 0.000000000000000000e+00 3.753812308194953012e-02 0.000000000000000000e+00 9.127037503142586272e-02 1.975061067284862026e-01 0.000000000000000000e+00 0.000000000000000000e+00 8.159155066338849571e-02 0.000000000000000000e+00 0.000000000000000000e+00 0.000000000000000000e+00 0.000000000000000000e+00 1.749421358691041761e-02 2.157553486351390659e-01 0.000000000000000000e+00
0.000000000000000000e+00 0.000000000000000000e+00 0.000000000000000000e+00 1.299640676379682502e-01 1.592654166882948030e-01 0.000000000000000000e+00 1.112724194272773567e-02 0.000000000000000000e+00 0.000000000000000000e+00 1.490507992259431091e-01 0.000000000000000000e+00 1.178785974887567103e-02 1.094018437675961519e-01 9.146257537545216323e-03 8.789644646505392900e-02 0.000000000000000000e+00 0.000000000000000000e+00 7.734421036180837844e-03 0.000000000000000000e+00 0.000000000000000000e+00 2.368644127607918634e-02 0.000000000000000000e+00 1.539281715882373780e-01 1.291983108935201852e-01 1.781272219197754109e-02
0.000000000000000000e+00 4.076869055306277939e-02 0.000000000000000000e+00 0.000000000000000000e+00 1.629387472954721694e-01 0.000000000000000000e+00 0.000000000000000000e+00 1.737951789319365781e-01 0.000000000000000000e+00 0.000000000000000000e+00 0.000000000000000000e+00 4.423920007948938839e-03 0.000000000000000000e+00 0.000000000000000000e+00 1.207826160447037223e-01 4.272370342728167188e-03 0.000000000000000000e+00 0.000000000000000000e+00 1.056464110412421303e-01 1.715993174139935490e-02 0.000000000000000000e+00 0.000000000000000000e+00 2.980339478788233964e-02 3.404087392536238599e-01 0.000000000000000000e+00
0.000000000000000000e+00 0.000000000000000000e+00 0.000000000000000000e+00 0.000000000000000000e+00 0.000000000000000000e+00 1.930321894903747927e-03 1.402441921112565770e-01 1.355494129355138549e-02 9.638823681982688560e-03 2.953800448004038071e-01 0.000000000000000000e+00 2.664261109950489051e-03 2.376654207694115645e-02 1.250321033857441366e-01 2.636038876692522459e-01 6.408098994824718009e-02 0.000000000000000000e+00 0.000000000000000000e+00 4.726323700027464103e-03 1.226259194211844206e-02 4.311497638562070828e-02 0.000000000000000000e+00 0.000000000000000000e+00 0.000000000000000000e+00 0.000000000000000000e+00
0.000000000000000000e+00 8.120742530214213051e-03 0.000000000000000000e+00 4.696889428076354150e-02 0.000000000000000000e+00 0.000000000000000000e+00 1.733377209441575584e-01 1.587426501738761486e-01 0.000000000000000000e+00 1.203998713604721577e-01 0.000000000000000000e+00 3.056895451467837952e-03 0.000000000000000000e+00 1.161762494784922828e-01 1.470398531104171458e-01 2.038416312430700247e-02 2.831602962400114540e-02 2.379672760304400031e-02 1.552712247182510283e-03 0.000000000000000000e+00 0.000000000000000000e+00 2.643356332733180335e-03 1.361425179045538114e-01 1.227181750526041204e-03 1.209443408379153213e-02
0.000000000000000000e+00 4.268600666717171921e-02 1.171288955204252552e-01 0.000000000000000000e+00 1.811811030666923561e-01 0.000000000000000000e+00 0.000000000000000000e+00 0.000000000000000000e+00 0.000000000000000000e+00 4.627150073295311500e-02 0.000000000000000000e+00 0.000000000000000000e+00 0.000000000000000000e+00 0.000000000000000000e+00 2.108165411110555776e-01 0.000000000000000000e+00 0.000000000000000000e+00 0.000000000000000000e+00 2.420679278374711085e-01 0.000000000000000000e+00 0.000000000000000000e+00 0.000000000000000000e+00 0.000000000000000000e+00 1.598480250642308753e-01 0.000000000000000000e+00
0.000000000000000000e+00 1.156812212486225816e-01 0.000000000000000000e+00 5.784552078884633991e-02 0.000000000000000000e+00 6.392669148933688428e-04 0.000000000000000000e+00 1.648926724252560219e-02 0.000000000000000000e+00 1.724987922722945044e-01 0.000000000000000000e+00 1.723842751366249856e-02 9.191936665954342223e-02 5.403341999614075936e-02 0.000000000000000000e+00 1.189846449910416520e-01 4.587079131375057517e-03 1.930824881648040073e-02 9.687968331223770213e-02 0.000000000000000000e+00 0.000000000000000000e+00 0.000000000000000000e+00 2.650912288140364406e-02 9.077932639349367561e-02 1.166066118374387839e-01
0.000000000000000000e+00 0.000000000000000000e+00 0.000000000000000000e+00 3.157687542526675661e-03 1.864008286123293142e-03 0.000000000000000000e+00 1.520324498727866347e-01 1.116855475461244335e-01 1.777330096913995114e-02 0.000000000000000000e+00 1.468726619972750801e-02 2.012746397620049019e-03 0.000000000000000000e+00 0.000000000000000000e+00 1.594217742285959638e-01 8.317917777633476034e-03 9.634049894656039614e-02 6.411104536690721833e-02 7.695939014655504840e-03 4.794053108649611039e-02 0.000000000000000000e+00 0.000000000000000000e+00 1.681362491125880099e-01 1.448230376525148355e-01 0.000000000000000000e+00
0.000000000000000000e+00 0.000000000000000000e+00 8.314757448167035825e-02 1.454250825068622395e-03 0.000000000000000000e+00 1.343153114660336489e-02 6.117704350277493493e-03 1.656876365115472760e-01 4.029335866211568488e-06 1.424230504012035381e-01 0.000000000000000000e+00 2.162813856060572526e-01 1.411259684896711171e-02 1.207490626020929353e-01 1.471913918683158450e-03 2.092861631007194147e-04 0.000000000000000000e+00 0.000000000000000000e+00 4.817780657440630387e-02 3.201252647140823051e-03 0.000000000000000000e+00 0.000000000000000000e+00 1.925754570458180007e-02 2.402817708739809696e-02 1.402451957953348427e-01
0.000000000000000000e+00 9.871657487761462558e-04 4.903565783249092674e-03 1.098102969802459972e-01 0.000000000000000000e+00 0.000000000000000000e+00 8.982571574935786785e-02 0.000000000000000000e+00 0.000000000000000000e+00 0.000000000000000000e+00 0.000000000000000000e+00 0.000000000000000000e+00 1.443320328085136682e-02 0.000000000000000000e+00 2.476487266067128323e-01 1.035052804439720725e-01 2.407877492252025534e-02 1.261957522584063705e-02 2.035078336741140692e-01 8.668984152872082072e-02 0.000000000000000000e+00 0.000000000000000000e+00 0.000000000000000000e+00 9.094879915965803363e-02 1.104122089598084944e-02
0.000000000000000000e+00 0.000000000000000000e+00 8.937941326158750643e-02 0.000000000000000000e+00 0.000000000000000000e+00 0.000000000000000000e+00 1.848740685682311036e-01 1.818009002552711251e-01 0.000000000000000000e+00 0.000000000000000000e+00 0.000000000000000000e+00 0.000000000000000000e+00 0.000000000000000000e+00 0.000000000000000000e+00 1.704133996526575878e-02 0.000000000000000000e+00 0.000000000000000000e+00 1.078189971254833179e-01 2.391806311511881222e-01 0.000000000000000000e+00 0.000000000000000000e+00 0.000000000000000000e+00 0.000000000000000000e+00 3.360933277208633108e-02 1.462953169008866794e-01
3.632459207820634695e-02 2.168841670905318209e-01 0.000000000000000000e+00 5.417030374125434561e-02 0.000000000000000000e+00 0.000000000000000000e+00 1.275474137336661817e-01 1.010558375162583667e-03 0.000000000000000000e+00 0.000000000000000000e+00 0.000000000000000000e+00 0.000000000000000000e+00 0.000000000000000000e+00 0.000000000000000000e+00 0.000000000000000000e+00 0.000000000000000000e+00 8.278663155315622857e-02 0.000000000000000000e+00 2.127375610353331448e-01 5.354364317447149468e-02 0.000000000000000000e+00 8.353837960481296301e-03 5.146587293688883319e-02 0.000000000000000000e+00 1.551754183208478022e-01
0.000000000000000000e+00 2.326361921583342679e-02 0.000000000000000000e+00 0.000000000000000000e+00 1.761154059594267074e-01 1.451523445238438008e-02 1.399208402430088434e-02 0.000000000000000000e+00 0.000000000000000000e+00 0.000000000000000000e+00 0.000000000000000000e+00 0.000000000000000000e+00 0.000000000000000000e+00 1.698775597207795029e-01 1.394287745108873933e-01 2.374666166818728205e-02 0.000000000000000000e+00 0.000000000000000000e+00 2.372423480283025188e-01 9.911059517213131539e-03 1.106193762145267628e-01 4.255313690659854979e-03 7.467313614106388386e-02 0.000000000000000000e+00 2.359426856434172250e-03
1.869851181912425726e-03 0.000000000000000000e+00 1.113213015731637223e-01 0.000000000000000000e+00 3.012098431015552275e-02 3.134674724877004742e-02 1.587879517753361738e-02 4.334155773673233070e-02 8.906947955745451659e-03 2.601034968947342763e-01 0.000000000000000000e+00 1.001990542826655499e-02 8.136575053733764024e-03 2.006565800308661440e-02 8.195208336230573598e-03 9.966095310226054382e-02 0.000000000000000000e+00 7.350897932333437350e-03 6.103615193533339783e-02 3.026728553730814904e-03 0.000000000000000000e+00 2.516604043681473432e-02 1.250231465227220617e-01 6.034513542324134588e-02 6.908391719349862847e-02
0.000000000000000000e+00 0.000000000000000000e+00 5.546768403678428716e-02 1.809379689592157314e-03 1.137401764112112301e-01 0.000000000000000000e+00 8.680734503514878075e-02 0.000000000000000000e+00 0.000000000000000000e+00 1.154231093684227882e-01 0.000000000000000000e+00 0.000000000000000000e+00 1.159573382456705604e-01 0.000000000000000000e+00 0.000000000000000000e+00 0.000000000000000000e+00 8.792075042112608646e-04 0.000000000000000000e+00 2.088847655927936475e-01 0.000000000000000000e+00 0.000000000000000000e+00 0.000000000000000000e+00 1.353870471742979475e-01 0.000000000000000000e+00 1.656439469418673760e-01
1.848650378090362480e-03 0.000000000000000000e+00 2.905164549993823758e-02 2.289681694089971617e-02 0.000000000000000000e+00 0.000000000000000000e+00 0.000000000000000000e+00 0.000000000000000000e+00 0.000000000000000000e+00 1.444773879644096204e-01 7.201045372278976064e-02 0.000000000000000000e+00 0.000000000000000000e+00 1.539930569377711556e-01 1.781868692220332506e-01 0.000000000000000000e+00 0.000000000000000000e+00 1.505064654968694699e-03 1.526083869313756003e-01 8.899641014623885238e-03 1.664070691697606616e-02 0.000000000000000000e+00 9.213322338490194385e-02 0.000000000000000000e+00 1.257480964312215899e-01
0.000000000000000000e+00 0.000000000000000000e+00 2.015646346382839876e-02 4.815533905379707630e-02 0.000000000000000000e+00 0.000000000000000000e+00 1.918353988925648734e-01 1.863361482734623709e-01 1.743305910465269351e-02 1.550073487368404113e-01 0.000000000000000000e+00 0.000000000000000000e+00 0.000000000000000000e+00 0.000000000000000000e+00 0.000000000000000000e+00 0.000000000000000000e+00 0.000000000000000000e+00 1.166584319130420239e-01 2.644178105618120167e-01 0.000000000000000000e+00 0.000000000000000000e+00 0.000000000000000000e+00 0.000000000000000000e+00 0.000000000000000000e+00 0.000000000000000000e+00
0.000000000000000000e+00 5.795254986811584907e-02 4.965691773657181229e-02 0.000000000000000000e+00 0.000000000000000000e+00 0.000000000000000000e+00 2.814020836604756992e-01 9.669343048470036006e-02 0.000000000000000000e+00 1.885912064646700498e-02 0.000000000000000000e+00 0.000000000000000000e+00 0.000000000000000000e+00 0.000000000000000000e+00 2.184922965187835742e-01 0.000000000000000000e+00 0.000000000000000000e+00 1.534258088352206430e-02 4.878867135544034256e-02 0.000000000000000000e+00 0.000000000000000000e+00 0.000000000000000000e+00 4.123206808765250697e-02 1.891023254270740236e-02 1.526700482155632921e-01
0.000000000000000000e+00 1.131660979776403231e-01 0.000000000000000000e+00 0.000000000000000000e+00 1.940852164921561679e-02 8.635844639935733036e-02 0.000000000000000000e+00 3.959329253713998048e-02 4.417075252381517936e-02 4.010951443521253851e-02 0.000000000000000000e+00 9.051636362933934699e-02 4.102718868317953294e-02 1.015689009711921026e-01 1.497107362203882464e-01 0.000000000000000000e+00 0.000000000000000000e+00 0.000000000000000000e+00 0.000000000000000000e+00 1.328634570536933561e-02 0.000000000000000000e+00 0.000000000000000000e+00 0.000000000000000000e+00 1.098465626321138977e-01 1.512372766360365051e-01
0.000000000000000000e+00 6.137849225937792169e-02 6.936481154281903816e-02 0.000000000000000000e+00 1.274187346954465394e-01 1.726837356862349626e-01 3.134754213886421087e-02 7.485199256921817694e-03 0.000000000000000000e+00 5.724261281562007669e-02 0.000000000000000000e+00 8.655107606095580053e-02 0.000000000000000000e+00 4.286621618303127629e-02 1.732415417739286145e-01 0.000000000000000000e+00 0.000000000000000000e+00 0.000000000000000000e+00 2.367473857405044679e-02 0.000000000000000000e+00 0.000000000000000000e+00 0.000000000000000000e+00 1.917114873627202148e-02 0.000000000000000000e+00 1.275741502764772550e-01
4.675440360433287708e-03 1.073324147070753715e-01 7.697117064129090080e-02 4.462968601605230012e-02 1.416664838961374240e-01 0.000000000000000000e+00 2.888191528477580729e-03 0.000000000000000000e+00 0.000000000000000000e+00 1.718703772104716865e-01 0.000000000000000000e+00 4.122935591140847525e-03 1.982783819052625143e-02 0.000000000000000000e+00 1.772672763740907875e-01 5.168055685833096435e-02 0.000000000000000000e+00 0.000000000000000000e+00 0.000000000000000000e+00 0.000000000000000000e+00 0.000000000000000000e+00 0.000000000000000000e+00 4.278975063359299891e-02 2.502156744852083656e-02 1.292563105438587212e-01
1.492072364290441232e-02 0.000000000000000000e+00 7.488651563701580194e-02 0.000000000000000000e+00 0.000000000000000000e+00 0.000000000000000000e+00 1.655929360065599987e-01 0.000000000000000000e+00 0.000000000000000000e+00 0.000000000000000000e+00 0.000000000000000000e+00 0.000000000000000000e+00 0.000000000000000000e+00 9.089895637283131394e-03 1.478434188267804539e-01 3.880658290976835120e-04 0.000000000000000000e+00 0.000000000000000000e+00 2.249893624272044090e-01 9.073589393713521814e-03 8.581355358902652275e-02 0.000000000000000000e+00 9.040877643735072133e-02 7.129723890593504809e-02 1.056959236671282804e-01
0.000000000000000000e+00 1.271186295211024775e-01 3.568364033457813861e-02 1.391326879635357006e-01 8.526400692843620621e-02 0.000000000000000000e+00 3.467028623884766542e-02 2.108259214599421949e-01 9.111257788859636678e-03 0.000000000000000000e+00 1.557215898387587227e-02 0.000000000000000000e+00 0.000000000000000000e+00 0.000000000000000000e+00 6.270328848812313505e-02 0.000000000000000000e+00 0.000000000000000000e+00 0.000000000000000000e+00 2.037412776970703998e-01 0.000000000000000000e+00 0.000000000000000000e+00 0.000000000000000000e+00 1.437782882058017721e-02 0.000000000000000000e+00 6.179901577504838539e-02
3.636142755525804439e-03 0.000000000000000000e+00 1.648076860488977696e-02 4.773188518932132418e-02 2.737066844118476311e-03 0.000000000000000000e+00 0.000000000000000000e+00 1.454553269419971064e-03 0.000000000000000000e+00 1.086542020212148824e-01 2.068293903046720603e-02 0.000000000000000000e+00 8.494643455742183213e-02 8.987581187279142236e-02 2.231379676833702697e-01 4.765464686745784009e-03 1.128404856343226577e-02 0.000000000000000000e+00 1.723703152041397221e-02 7.535868292958959602e-02 1.595500979023522364e-02 0.000000000000000000e+00 1.353168917415543682e-01 0.000000000000000000e+00 1.407450989394878338e-01
1.907187431118667750e-03 6.579717508556162664e-02 0.000000000000000000e+00 3.875004381615014537e-02 0.000000000000000000e+00 0.000000000000000000e+00 1.220654639558664545e-01 0.000000000000000000e+00 0.000000000000000000e+00 0.000000000000000000e+00 0.000000000000000000e+00 9.190739777514914111e-02 3.763831539580075880e-02 1.874995146623146050e-02 3.704789001892732081e-01 5.063240662776249262e-02 1.498099624236872741e-02 3.093198313387432105e-02 8.921177832199966851e-02 0.000000000000000000e+00 0.000000000000000000e+00 0.000000000000000000e+00 0.000000000000000000e+00 1.884805224257726439e-02 4.810034831626603530e-02
0.000000000000000000e+00 6.418548303005157385e-02 0.000000000000000000e+00 1.198792231423913557e-01 0.000000000000000000e+00 0.000000000000000000e+00 2.839012079644149394e-02 1.561153866705974613e-01 0.000000000000000000e+00 9.326858798235300452e-02 2.760173650536746487e-02 9.697721386053355375e-03 0.000000000000000000e+00 1.235175952514968867e-01 1.652329170445040324e-02 0.000000000000000000e+00 0.000000000000000000e+00 1.448535011690024916e-02 0.000000000000000000e+00 0.000000000000000000e+00 0.000000000000000000e+00 0.000000000000000000e+00 1.845623832804978159e-01 1.617731201333990343e-01 0.000000000000000000e+00
0.000000000000000000e+00 5.496696219576897163e-02 0.000000000000000000e+00 2.694358704009258698e-02 6.017351519120868464e-03 0.000000000000000000e+00 2.857133058778941193e-01 2.640435869338568151e-02 1.703166946695792647e-02 7.755511077731681857e-02 0.000000000000000000e+00 0.000000000000000000e+00 8.896286009528492356e-02 2.441214015164877311e-03 1.747841337252056537e-01 0.000000000000000000e+00 0.000000000000000000e+00 0.000000000000000000e+00 6.050331799242888390e-04 0.000000000000000000e+00 2.888086256316195130e-02 0.000000000000000000e+00 1.273237496185950814e-02 1.969611758888617781e-01 0.000000000000000000e+00
0.000000000000000000e+00 0.000000000000000000e+00 0.000000000000000000e+00 1.308900634661867013e-01 1.674602978964078448e-01 0.000000000000000000e+00 0.000000000000000000e+00 1.745824799650074477e-01 0.000000000000000000e+00 0.000000000000000000e+00 0.000000000000000000e+00 9.249683013292649136e-02 0.000000000000000000e+00 0.000000000000000000e+00 0.000000000000000000e+00 0.000000000000000000e+00 0.000000000000000000e+00 7.751438127257175015e-02 0.000000000000000000e+00 0.000000000000000000e+00 0.000000000000000000e+00 2.115536569139731329e-02 1.504531836374532194e-01 1.854473979380491522e-01 0.000000000000000000e+00
0.000000000000000000e+00 0.000000000000000000e+00 0.000000000000000000e+00 0.000000000000000000e+00 1.460762560530112497e-01 1.455852245837191070e-02 0.000000000000000000e+00 0.000000000000000000e+00 3.940594052958762417e-02 1.561316736968802188e-01 0.000000000000000000e+00 0.000000000000000000e+00 0.000000000000000000e+00 1.666502061198789630e-01 2.712730248774848363e-01 0.000000000000000000e+00 0.000000000000000000e+00 0.000000000000000000e+00 2.247942808057448380e-02 0.000000000000000000e+00 0.000000000000000000e+00 0.000000000000000000e+00 0.000000000000000000e+00 1.667182353292315511e-01 1.670671285497932895e-02
0.000000000000000000e+00 0.000000000000000000e+00 0.000000000000000000e+00 1.490436511200254610e-01 1.811820653914712476e-01 0.000000000000000000e+00 0.000000000000000000e+00 0.000000000000000000e+00 0.000000000000000000e+00 0.000000000000000000e+00 0.000000000000000000e+00 0.000000000000000000e+00 0.000000000000000000e+00 7.744777751272384492e-02 2.102596053497757800e-01 1.011424063495056508e-01 0.000000000000000000e+00 0.000000000000000000e+00 2.430577923583237265e-01 1.393313751206925501e-02 0.000000000000000000e+00 0.000000000000000000e+00 0.000000000000000000e+00 0.000000000000000000e+00 2.393356440610516778e-02
0.000000000000000000e+00 2.480011714317516009e-03 0.000000000000000000e+00 0.000000000000000000e+00 0.000000000000000000e+00 0.000000000000000000e+00 8.007626677560134021e-02 1.857959696565404106e-01 0.000000000000000000e+00 1.938853141762831300e-01 0.000000000000000000e+00 1.001096186161550133e-01 0.000000000000000000e+00 0.000000000000000000e+00 0.000000000000000000e+00 1.303442806242561813e-01 0.000000000000000000e+00 9.379704245251363481e-03 2.975172085588455306e-02 0.000000000000000000e+00 0.000000000000000000e+00 0.000000000000000000e+00 0.000000000000000000e+00 1.501960287978566511e-01 1.179810845378538586e-01
0.000000000000000000e+00 0.000000000000000000e+00 0.000000000000000000e+00 0.000000000000000000e+00 0.000000000000000000e+00 1.128871230494919997e-01 4.554894570376993856e-02 0.000000000000000000e+00 0.000000000000000000e+00 0.000000000000000000e+00 7.463885563321494276e-02 1.722850233406329062e-02 0.000000000000000000e+00 0.000000000000000000e+00 0.000000000000000000e+00 0.000000000000000000e+00 0.000000000000000000e+00 3.045986141287155766e-02 2.181699494011468399e-01 2.938972848813198660e-02 1.305141338683819992e-02 0.000000000000000000e+00 2.760120735657951574e-01 0.000000000000000000e+00 1.826135470246761372e-01
0.000000000000000000e+00 0.000000000000000000e+00 0.000000000000000000e+00 0.000000000000000000e+00 1.601184128124860939e-01 0.000000000000000000e+00 5.796828330808046631e-02 0.000000000000000000e+00 0.000000000000000000e+00 1.287468082142151915e-01 0.000000000000000000e+00 0.000000000000000000e+00 4.454557624255472970e-02 0.000000000000000000e+00 1.680855834829081963e-01 0.000000000000000000e+00 0.000000000000000000e+00 0.000000000000000000e+00 1.590714957463826990e-02 1.217673889357397121e-01 0.000000000000000000e+00 1.559460723379109404e-02 1.104550635372426592e-01 1.768111266583436980e-01 0.000000000000000000e+00
0.000000000000000000e+00 3.663529725815582727e-02 0.000000000000000000e+00 0.000000000000000000e+00 1.456590511498291884e-01 7.698141365598748682e-03 5.194821480131011499e-02 1.705527987485980779e-01 2.164165890342517259e-02 0.000000000000000000e+00 0.000000000000000000e+00 7.707363264991996810e-02 0.000000000000000000e+00 0.000000000000000000e+00 2.450085846815015095e-02 1.019273728217559571e-01 0.000000000000000000e+00 4.483731708777123626e-02 0.000000000000000000e+00 0.000000000000000000e+00 0.000000000000000000e+00 0.000000000000000000e+00 0.000000000000000000e+00 1.668142453494304289e-01 1.507114113960551227e-01
