2.137323865824919955e-01 8.035501796246449779e-02 0.000000000000000000e+00 1.440570003846670250e-02 2.018481309462128587e-02 3.422296468165655220e-02 1.930693028805616565e-03 0.000000000000000000e+00 0.000000000000000000e+00 0.000000000000000000e+00 2.395887620373540056e-03 2.411482437593377715e-01 0.000000000000000000e+00 0.000000000000000000e+00 4.279086795131034561e-04 2.381712852817270340e-02 6.564201652718580984e-03 0.000000000000000000e+00 3.169766684856361594e-01 4.383838588574158479e-02
2.008132213609643835e-01 7.302108113852249539e-03 1.136894027163100618e-01 1.138050681559678312e-01 1.809732779450330675e-02 8.241367490443456123e-02 0.000000000000000000e+00 1.141599361448668165e-01 0.000000000000000000e+00 0.000000000000000000e+00 0.000000000000000000e+00 1.859289442816738358e-01 0.000000000000000000e+00 2.215051483353066338e-03 4.436893423639349382e-02 0.000000000000000000e+00 0.000000000000000000e+00 0.000000000000000000e+00 9.872530285846867898e-03 1.073338005218335001e-01
0.000000000000000000e+00 5.722282174822958603e-03 4.580941978564063814e-03 1.465860458926376286e-01 3.663768871456695581e-02 1.745671231236056442e-01 3.760798512357713119e-02 6.680516477333170444e-02 0.000000000000000000e+00 0.000000000000000000e+00 1.584648879738688731e-01 0.000000000000000000e+00 0.000000000000000000e+00 0.000000000000000000e+00 2.562674135783406682e-03 1.778000236836110512e-02 0.000000000000000000e+00 0.000000000000000000e+00 1.761873156840558230e-01 1.724978880568246442e-01
1.491887939539097430e-01 3.923372609015991774e-03 2.418709690112364722e-04 0.000000000000000000e+00 1.697785693045651342e-02 0.000000000000000000e+00 5.082633330290436957e-03 2.734262743017841849e-02 5.212156643674573098e-02 0.000000000000000000e+00 1.433699647015758971e-01 9.612413403823431846e-02 4.692458994738928774e-02 0.000000000000000000e+00 0.000000000000000000e+00 8.653977090838962938e-02 0.000000000000000000e+00 5.625956149425248576e-02 1.825695324810912290e-01 1.333337247694592609e-01
0.000000000000000000e+00 1.310482853972762263e-02 0.000000000000000000e+00 3.233627016578703439e-01 6.240277558850972767e-02 0.000000000000000000e+00 0.000000000000000000e+00 0.000000000000000000e+00 0.000000000000000000e+00 0.000000000000000000e+00 0.000000000000000000e+00 1.718206803026096352e-01 0.000000000000000000e+00 9.004118123968183132e-03 2.082381862884494228e-02 0.000000000000000000e+00 0.000000000000000000e+00 9.040484640388254944e-02 3.090762307545871224e-01 0.000000000000000000e+00
3.068211365332383367e-01 1.592347719519999483e-01 0.000000000000000000e+00 4.800316348004467215e-02 2.045947948974945543e-02 1.831970701560885484e-01 0.000000000000000000e+00 1.614653377217709351e-01 0.000000000000000000e+00 0.000000000000000000e+00 0.000000000000000000e+00 4.914473658555224694e-02 1.160525973906277770e-02 0.000000000000000000e+00 0.000000000000000000e+00 0.000000000000000000e+00 3.435671154060481337e-03 3.261997887236595117e-02 2.095184016653528492e-02 3.061554149531361870e-03
5.397290556441530773e-02 2.564690434574220905e-03 0.000000000000000000e+00 1.671052699237899897e-01 2.125137896997607301e-01 1.315427708314957089e-01 0.000000000000000000e+00 0.000000000000000000e+00 0.000000000000000000e+00 0.000000000000000000e+00 0.000000000000000000e+00 1.612986376026943613e-01 0.000000000000000000e+00 5.186612093988691302e-02 0.000000000000000000e+00 0.000000000000000000e+00 0.000000000000000000e+00 7.756418035759758689e-02 2.443137230539388360e-02 1.171402623403914600e-01
1.375573773922572351e-01 0.000000000000000000e+00 0.000000000000000000e+00 1.201358796113955046e-01 0.000000000000000000e+00 6.220324185224691133e-02 0.000000000000000000e+00 0.000000000000000000e+00 6.587841243026153204e-02 0.000000000000000000e+00 1.268212668621437889e-01 1.677676454473794321e-01 0.000000000000000000e+00 8.022820876428465864e-02 0.000000000000000000e+00 0.000000000000000000e+00 0.000000000000000000e+00 7.887105427863939922e-02 1.386859400180430468e-01 2.185097334334837327e-02
0.000000000000000000e+00 0.000000000000000000e+00 0.000000000000000000e+00 4.594893715643964538e-01 0.000000000000000000e+00 1.426359660178292028e-02 0.000000000000000000e+00 0.000000000000000000e+00 0.000000000000000000e+00 0.000000000000000000e+00 0.000000000000000000e+00 1.990383945962010889e-02 1.409913004179077223e-01 0.000000000000000000e+00 2.757099798974769755e-01 0.000000000000000000e+00 0.000000000000000000e+00 0.000000000000000000e+00 8.964191205881572033e-02 0.000000000000000000e+00
1.308130423212095772e-01 0.000000000000000000e+00 0.000000000000000000e+00 0.000000000000000000e+00 1.429336855912984316e-01 1.104287375521791625e-01 2.045215148805490726e-02 0.000000000000000000e+00 4.367698480735953542e-02 7.327465503728341177e-03 7.087752584674211764e-02 1.071704448361191636e-01 0.000000000000000000e+00 0.000000000000000000e+00 5.809074010573429814e-02 8.965933731042724508e-02 0.000000000000000000e+00 0.000000000000000000e+00 0.000000000000000000e+00 2.185698846371471882e-01
1.283607732019322913e-02 9.246805154792930859e-02 0.000000000000000000e+00 2.244639116189355854e-01 0.000000000000000000e+00 1.205872479690728860e-01 5.740488808424002842e-04 1.171676116007351887e-01 1.043771952802875942e-02 3.249599874527946824e-02 6.311489954494203802e-02 1.263530798381850284e-01 0.000000000000000000e+00 0.000000000000000000e+00 3.425924358600523911e-02 0.000000000000000000e+00 3.538867898596183281e-02 1.126724215942848939e-01 1.718100923960418774e-02 0.000000000000000000e+00
0.000000000000000000e+00 0.000000000000000000e+00 3.788606019355265139e-03 0.000000000000000000e+00 1.675467826612754563e-02 1.639269859637619842e-01 0.000000000000000000e+00 1.009879677154987554e-01 2.029627502933268809e-02 3.362150392243649227e-02 1.140003889043796764e-01 4.831202945788464626e-02 4.560856419957553393e-02 2.231881882290444319e-02 1.788919215251431327e-01 0.000000000000000000e+00 0.000000000000000000e+00 0.000000000000000000e+00 1.241012955687423140e-02 2.390821306167254801e-01
9.392626272778301089e-02 0.000000000000000000e+00 0.000000000000000000e+00 8.930168686697782798e-02 4.635907256283022804e-02 1.548809782784510147e-01 0.000000000000000000e+00 3.753988455275958369e-02 0.000000000000000000e+00 5.884090034048004153e-02 9.796501338895984012e-02 1.795596874465490156e-01 0.000000000000000000e+00 5.947105658347822538e-02 4.717101786969434690e-02 0.000000000000000000e+00 0.000000000000000000e+00 0.000000000000000000e+00 1.349844393820368582e-01 0.000000000000000000e+00
1.041423931155076033e-01 0.000000000000000000e+00 3.726853157646669440e-02 2.016735436024668093e-01 6.495425472224047869e-02 0.000000000000000000e+00 0.000000000000000000e+00 0.000000000000000000e+00 0.000000000000000000e+00 0.000000000000000000e+00 0.000000000000000000e+00 2.431278391792106863e-01 0.000000000000000000e+00 0.000000000000000000e+00 2.301412453613171372e-01 0.000000000000000000e+00 1.186921924427906949e-01 0.000000000000000000e+00 0.000000000000000000e+00 0.000000000000000000e+00
3.507313807487940846e-03 8.685190848536487873e-02 3.906835047286694867e-02 0.000000000000000000e+00 1.570483259922745081e-02 9.820326964996076158e-02 0.000000000000000000e+00 1.193500989841713988e-01 0.000000000000000000e+00 7.668232817770682941e-02 2.104219654501542427e-02 1.691094854958752058e-01 0.000000000000000000e+00 2.680575010317394827e-02 1.820738205984816505e-01 0.000000000000000000e+00 8.805765257499533968e-03 6.307773372303225601e-02 1.067572466204849344e-02 7.904142143808705334e-02
0.000000000000000000e+00 0.000000000000000000e+00 0.000000000000000000e+00 3.485625324017749826e-01 0.000000000000000000e+00 1.634804430837475397e-01 0.000000000000000000e+00 3.864696481428602642e-02 0.000000000000000000e+00 0.000000000000000000e+00 1.751552903415143081e-01 1.586485967918236928e-01 0.000000000000000000e+00 0.000000000000000000e+00 4.512741876563515150e-03 0.000000000000000000e+00 0.000000000000000000e+00 0.000000000000000000e+00 3.041289353170552236e-03 1.079521413371193339e-01
1.094493285704622038e-01 0.000000000000000000e+00 0.000000000000000000e+00 0.000000000000000000e+00 1.062622821536137428e-02 1.670906250826900419e-01 0.000000000000000000e+00 4.375267425101079383e-02 0.000000000000000000e+00 0.000000000000000000e+00 1.476105538005505202e-01 1.519149379783312631e-02 0.000000000000000000e+00 1.018433764191789825e-01 2.195608549040447832e-01 7.647799250703915530e-02 0.000000000000000000e+00 0.000000000000000000e+00 1.363091460951423514e-02 9.476595784231482689e-02
2.159878757635153024e-01 0.000000000000000000e+00 0.000000000000000000e+00 0.000000000000000000e+00 0.000000000000000000e+00 2.611161257756933543e-02 0.000000000000000000e+00 1.757347008629503438e-01 1.239506612678425816e-03 0.000000000000000000e+00 0.000000000000000000e+00 1.743044397556393621e-01 0.000000000000000000e+00 4.080728601512413276e-03 2.118625602143206499e-01 0.000000000000000000e+00 3.330884483078698499e-02 0.000000000000000000e+00 0.000000000000000000e+00 1.573697307810272006e-01
1.257331266885733656e-01 0.000000000000000000e+00 0.000000000000000000e+00 4.118523768091308379e-01 0.000000000000000000e+00 0.000000000000000000e+00 0.000000000000000000e+00 0.000000000000000000e+00 0.000000000000000000e+00 0.000000000000000000e+00 0.000000000000000000e+00 8.228935032791524773e-02 1.664784060723599468e-02 0.000000000000000000e+00 2.326665235529962461e-01 0.000000000000000000e+00 0.000000000000000000e+00 0.000000000000000000e+00 0.000000000000000000e+00 1.308107820141482802e-01
0.000000000000000000e+00 0.000000000000000000e+00 0.000000000000000000e+00 0.000000000000000000e+00 9.395006942525735427e-02 1.589812352830938247e-01 1.064629058674002905e-02 9.809865450771836082e-02 0.000000000000000000e+00 0.000000000000000000e+00 1.688237099415615394e-01 0.000000000000000000e+00 0.000000000000000000e+00 0.000000000000000000e+00 0.000000000000000000e+00 2.379981067888071317e-02 0.000000000000000000e+00 8.917105216018336722e-03 1.715561525822429934e-01 2.652269717784868086e-01
