8.653169677475137933e-02 1.119244098134763998e-01 4.632194122029181099e-02 5.654568882785778079e-03 0.000000000000000000e+00 1.180566518765819618e-02 1.317142530228375408e-01 4.859414862073350994e-02 5.167915581715632617e-02 0.000000000000000000e+00 0.000000000000000000e+00 0.000000000000000000e+00 0.000000000000000000e+00 0.000000000000000000e+00 1.018484865264430855e-01 5.735802778899684595e-02 0.000000000000000000e+00 0.000000000000000000e+00 0.000000000000000000e+00 2.039342407798024406e-02 0.000000000000000000e+00 0.000000000000000000e+00 1.506505276103474456e-01 5.631580418448418023e-03 1.698921142380931393e-01
3.160304520431341663e-02 1.913734825246551918e-02 2.280373944246606027e-02 0.000000000000000000e+00 2.753858071133309833e-03 0.000000000000000000e+00 6.867708372817971085e-02 1.014081743832173921e-01 6.490044293325838163e-04 0.000000000000000000e+00 0.000000000000000000e+00 4.859367182476704433e-02 8.981990104709947076e-02 0.000000000000000000e+00 3.456680081633833890e-02 0.000000000000000000e+00 1.373800597142749158e-02 8.416116780844273837e-02 0.000000000000000000e+00 0.000000000000000000e+00 0.000000000000000000e+00 1.960600235850430001e-02 5.674645873225359766e-02 2.181798061606127770e-01 1.875559317694463213e-01
0.000000000000000000e+00 8.973025654406655005e-02 0.000000000000000000e+00 0.000000000000000000e+00 0.000000000000000000e+00 8.866792970258000756e-03 2.629494410791868853e-01 5.012732330878710146e-02 2.863695526477102668e-02 0.000000000000000000e+00 0.000000000000000000e+00 4.376785662275751304e-02 0.000000000000000000e+00 2.847740399015553751e-03 1.464954944839241824e-01 4.502404958169366894e-02 0.000000000000000000e+00 0.000000000000000000e+00 1.253156811293952740e-02 1.117538324901690555e-01 8.237732832209587741e-02 3.056533033656403178e-02 0.000000000000000000e+00 0.000000000000000000e+00 8.432603048377110277e-02
4.534692675200301115e-02 3.813100244325904817e-03 0.000000000000000000e+00 0.000000000000000000e+00 0.000000000000000000e+00 0.000000000000000000e+00 0.000000000000000000e+00 9.144814663405751581e-03 1.867653229616799693e-01 1.581948558403976912e-01 0.000000000000000000e+00 1.690837565903913209e-01 0.000000000000000000e+00 0.000000000000000000e+00 1.632112580427240167e-01 9.675063978518905206e-02 0.000000000000000000e+00 0.000000000000000000e+00 1.179026664149283449e-01 1.265495129523737904e-02 1.049140092089295229e-03 2.227020684140072759e-02 6.890863663552110503e-03 6.037559526226868138e-03 8.839372864484734520e-04
0.000000000000000000e+00 3.790432204301974906e-03 9.225541036114379145e-03 0.000000000000000000e+00 9.179067837196587185e-03 5.486725448423898296e-03 2.293008660427734574e-02 7.900623781433338544e-02 3.094036541518541822e-02 1.530227169543629979e-02 0.000000000000000000e+00 1.353214458483939786e-01 0.000000000000000000e+00 1.611243999959363410e-04 1.436908975867208227e-01 0.000000000000000000e+00 2.030604976034993889e-02 8.283450342298806501e-02 3.873496860278431968e-03 0.000000000000000000e+00 0.000000000000000000e+00 1.797143178564255539e-01 6.782485843613281218e-02 1.824018933444661317e-01 8.010684428979137489e-03
2.134560306107866068e-02 0.000000000000000000e+00 5.184757106332263214e-03 0.000000000000000000e+00 2.496795138896720778e-02 3.873060332328885635e-02 1.501116029173967803e-01 2.150057113606975920e-02 1.046555231148562637e-01 0.000000000000000000e+00 0.000000000000000000e+00 4.902099161654864881e-03 0.000000000000000000e+00 0.000000000000000000e+00 7.161079938516790033e-02 1.028322932824308478e-01 6.931132396473899115e-02 0.000000000000000000e+00 0.000000000000000000e+00 1.174456423916874458e-02 0.000000000000000000e+00 6.927742897023636548e-03 1.884698525159028415e-01 1.403250430612923982e-01 3.737966944463007313e-02
7.019335361145270617e-03 2.402689200592321439e-02 0.000000000000000000e+00 0.000000000000000000e+00 1.634779224037871126e-01 0.000000000000000000e+00 1.771688999643487861e-01 0.000000000000000000e+00 1.541538675298518429e-02 1.635942271543718018e-01 0.000000000000000000e+00 0.000000000000000000e+00 0.000000000000000000e+00 0.000000000000000000e+00 6.309969153061298353e-03 1.466003267102570229e-01 5.080190026450773916e-02 0.000000000000000000e+00 1.984975919780132547e-01 0.000000000000000000e+00 0.000000000000000000e+00 0.000000000000000000e+00 0.000000000000000000e+00 7.328657758271004503e-04 4.635468247577208961e-02
0.000000000000000000e+00 0.000000000000000000e+00 6.161805909256842101e-02 0.000000000000000000e+00 1.092444114094193869e-01 1.803173484485878081e-02 7.285887551520391081e-02 1.237290908372688791e-01 2.410490039358276562e-02 1.362634036945072069e-01 0.000000000000000000e+00 1.283817137777748182e-02 0.000000000000000000e+00 0.000000000000000000e+00 1.156040886278714985e-01 0.000000000000000000e+00 1.364353483620235619e-01 6.469285761694520791e-03 3.035122516347541974e-02 0.000000000000000000e+00 0.000000000000000000e+00 1.335930831137533692e-01 0.000000000000000000e+00 1.364839751567389209e-02 5.209924290320887448e-03
8.013099408864333972e-03 5.554851252491650390e-03 6.364941971620763361e-02 8.171050407438533447e-03 6.748854796624843833e-02 0.000000000000000000e+00 3.938600055727601440e-02 0.000000000000000000e+00 4.707962870125697447e-02 1.466829497799077286e-01 0.000000000000000000e+00 5.594477536284173796e-02 1.677980668328031902e-02 6.091835185265011970e-03 1.395544311657909708e-01 0.000000000000000000e+00 1.266210867640833737e-01 7.687605776196604346e-02 1.724034754725613239e-02 3.294793690116878254e-02 0.000000000000000000e+00 9.666766996704972970e-02 1.344672773658381858e-02 3.180377713502282461e-02 0.000000000000000000e+00
0.000000000000000000e+00 0.000000000000000000e+00 4.925420559282380623e-02 0.000000000000000000e+00 0.000000000000000000e+00 0.000000000000000000e+00 1.537598386579424325e-01 3.901043506643159242e-02 1.362137236739871526e-01 7.283572535459172104e-02 0.000000000000000000e+00 1.020329378571649820e-01 5.034078124322852350e-03 0.000000000000000000e+00 5.843166668609632401e-03 9.042564298922750599e-02 3.013345682305164364e-02 1.380756045941825341e-02 0.000000000000000000e+00 0.000000000000000000e+00 0.000000000000000000e+00 0.000000000000000000e+00 1.609504133741725962e-01 1.081520930308106296e-02 1.298836060551747662e-01
0.000000000000000000e+00 7.099354718384554008e-02 1.732670827253605383e-01 0.000000000000000000e+00 3.658785339976257378e-02 0.000000000000000000e+00 1.021882697971438630e-01 4.619762047223680002e-02 0.000000000000000000e+00 0.000000000000000000e+00 0.000000000000000000e+00 1.300417234563663593e-01 0.000000000000000000e+00 0.000000000000000000e+00 1.537952275280981829e-01 0.000000000000000000e+00 0.000000000000000000e+00 0.000000000000000000e+00 0.000000000000000000e+00 0.000000000000000000e+00 0.000000000000000000e+00 1.252087871257443752e-01 1.581810224163085199e-01 0.000000000000000000e+00 3.538865895133206686e-03
0.000000000000000000e+00 0.000000000000000000e+00 1.076472911111470560e-01 0.000000000000000000e+00 8.418260042230793494e-02 1.188935728552219587e-02 1.515316180068259910e-01 1.472492085526320715e-01 8.595244570165021247e-03 2.343012551585556963e-02 0.000000000000000000e+00 5.498821397470262523e-03 0.000000000000000000e+00 3.163524611928704433e-02 0.000000000000000000e+00 0.000000000000000000e+00 1.299008040731089268e-02 1.139880407691262754e-01 1.574406921729352149e-01 1.134794382964097043e-01 0.000000000000000000e+00 1.342327294088863608e-02 0.000000000000000000e+00 0.000000000000000000e+00 1.701896243211610885e-02
0.000000000000000000e+00 0.000000000000000000e+00 1.302017412640766592e-01 0.000000000000000000e+00 0.000000000000000000e+00 1.897442962718717124e-02 1.384683607996174126e-01 0.000000000000000000e+00 1.410498473761294565e-02 4.985504299560915981e-03 9.794879190326660073e-03 0.000000000000000000e+00 0.000000000000000000e+00 4.117767430214356456e-02 1.722708496269310108e-01 3.177407496628936734e-02 1.276133998794659608e-02 0.000000000000000000e+00 1.583632433038172638e-01 0.000000000000000000e+00 0.000000000000000000e+00 2.359752984562298594e-01 2.761635483823225018e-02 3.531264600028360002e-03 0.000000000000000000e+00
8.573265098838520060e-02 0.000000000000000000e+00 0.000000000000000000e+00 0.000000000000000000e+00 1.185095600709970415e-01 4.183214253125915050e-02 1.650638091479560143e-02 0.000000000000000000e+00 5.455819245352978852e-02 4.729459313819064925e-02 0.000000000000000000e+00 1.355710081011803807e-03 0.000000000000000000e+00 2.191901435087959156e-03 1.478785099557752836e-01 0.000000000000000000e+00 0.000000000000000000e+00 1.145543503890552456e-01 2.608854543707180007e-02 0.000000000000000000e+00 1.801245211296693613e-02 0.000000000000000000e+00 6.633257396319239621e-03 1.043348917401617920e-01 2.145168613553924686e-01
0.000000000000000000e+00 8.465466139005246859e-02 1.116708391899748076e-01 0.000000000000000000e+00 2.797196333156651976e-02 0.000000000000000000e+00 1.377396880869406585e-02 2.240093651039166966e-01 0.000000000000000000e+00 1.186187365433329366e-01 0.000000000000000000e+00 1.302285394152798148e-01 0.000000000000000000e+00 1.154009542316279668e-03 5.879515539573330896e-02 2.816452159013885584e-02 0.000000000000000000e+00 0.000000000000000000e+00 3.063178302353362567e-03 1.666751287013279144e-04 0.000000000000000000e+00 2.928410960549361966e-02 0.000000000000000000e+00 2.657688525301161314e-02 1.418673913994344393e-01
0.000000000000000000e+00 0.000000000000000000e+00 1.231566873022869879e-01 0.000000000000000000e+00 1.950263880099993574e-02 0.000000000000000000e+00 1.590776588307337702e-01 3.838397893050315285e-02 6.524666965192528478e-02 0.000000000000000000e+00 0.000000000000000000e+00 5.507870124557456143e-03 0.000000000000000000e+00 0.000000000000000000e+00 1.501948510956892524e-01 0.000000000000000000e+00 1.759935011721538156e-01 0.000000000000000000e+00 1.337565297961229582e-01 2.750001430437337691e-02 0.000000000000000000e+00 8.413600613753559332e-02 0.000000000000000000e+00 0.000000000000000000e+00 1.754359385311830138e-02
0.000000000000000000e+00 0.000000000000000000e+00 0.000000000000000000e+00 0.000000000000000000e+00 4.596215801817458285e-02 3.280584163332028041e-02 1.367571245408735481e-01 1.309263678464588354e-01 1.074527449371364685e-01 2.214556115613571796e-01 0.000000000000000000e+00 6.481303844479671672e-02 0.000000000000000000e+00 0.000000000000000000e+00 3.571493009112962792e-03 0.000000000000000000e+00 1.956087493261031776e-02 0.000000000000000000e+00 1.336531581249452982e-01 5.469114644056833653e-03 0.000000000000000000e+00 2.947665099242641543e-02 4.388051342532937882e-02 2.421530788940103388e-02 0.000000000000000000e+00
6.435994914458285920e-02 0.000000000000000000e+00 0.000000000000000000e+00 0.000000000000000000e+00 2.465901868597294641e-02 0.000000000000000000e+00 1.215211373960696645e-01 1.669470954321641276e-01 1.287023485324393923e-01 7.483339488591343736e-02 0.000000000000000000e+00 1.577539036426411634e-01 0.000000000000000000e+00 0.000000000000000000e+00 5.093446595650642783e-02 1.575604379193362367e-02 1.227240925423086874e-02 0.000000000000000000e+00 1.319197027953513957e-01 0.000000000000000000e+00 0.000000000000000000e+00 0.000000000000000000e+00 0.000000000000000000e+00 3.881774951376024130e-03 4.645875553081800502e-02
0.000000000000000000e+00 4.454111946527377491e-02 0.000000000000000000e+00 1.873582767744038508e-02 0.000000000000000000e+00 0.000000000000000000e+00 1.925471597971413484e-01 1.973060717083787996e-01 0.000000000000000000e+00 1.794286244455659540e-01 2.657061164932516487e-03 0.000000000000000000e+00 0.000000000000000000e+00 0.000000000000000000e+00 1.157110294508263554e-01 0.000000000000000000e+00 0.000000000000000000e+00 0.000000000000000000e+00 0.000000000000000000e+00 0.000000000000000000e+00 0.000000000000000000e+00 6.686415201632937844e-02 1.672608427990801561e-02 3.763239655683578433e-03 1.617196303385199374e-01
0.000000000000000000e+00 0.000000000000000000e+00 2.141398467196946320e-01 0.000000000000000000e+00 1.334587915582939599e-01 2.105127877906527029e-02 0.000000000000000000e+00 7.592449716811677969e-03 1.295716733544782784e-01 1.548365337537455956e-02 0.000000000000000000e+00 2.332649501139618664e-01 0.000000000000000000e+00 0.000000000000000000e+00 5.659246054029395262e-03 0.000000000000000000e+00 0.000000000000000000e+00 5.099609315927520342e-02 0.000000000000000000e+00 0.000000000000000000e+00 1.531827804297548196e-02 4.725400356452914320e-03 6.900017258972204401e-03 0.000000000000000000e+00 1.618383215106146411e-01
0.000000000000000000e+00 2.023493272384750338e-02 1.897422461255122289e-02 0.000000000000000000e+00 9.616811069641222759e-03 0.000000000000000000e+00 1.493754012425686784e-01 8.599309794042961363e-02 0.000000000000000000e+00 0.000000000000000000e+00 0.000000000000000000e+00 3.693427516578413200e-02 0.000000000000000000e+00 1.715110102364713653e-03 1.440214510032885586e-01 8.959494007792287440e-02 1.218515452516851227e-01 0.000000000000000000e+00 4.226832609651962058e-02 2.886053689040321557e-02 0.000000000000000000e+00 0.000000000000000000e+00 1.249383711590224266e-01 0.000000000000000000e+00 1.256209766639710401e-01
1.547948138891260634e-03 0.000000000000000000e+00 6.749155430268209688e-02 0.000000000000000000e+00 0.000000000000000000e+00 0.000000000000000000e+00 1.949640474731257900e-01 2.338639031559250001e-02 4.259189263522601340e-03 6.807995872029837248e-02 0.000000000000000000e+00 0.000000000000000000e+00 0.000000000000000000e+00 0.000000000000000000e+00 1.751206140417495283e-01 3.460863842534464552e-02 1.773528113973063969e-03 1.405219616258130029e-02 0.000000000000000000e+00 9.097889837564750171e-02 0.000000000000000000e+00 0.000000000000000000e+00 4.023809384910414025e-03 1.190126134087349102e-01 2.007006138729460765e-01
0.000000000000000000e+00 5.537658259481062495e-03 1.814096495975693613e-01 0.000000000000000000e+00 0.000000000000000000e+00 0.000000000000000000e+00 1.649442847634047249e-01 5.424447061054255698e-02 1.408072507764830950e-01 8.932442600109608347e-03 0.000000000000000000e+00 6.070416649068249848e-02 0.000000000000000000e+00 6.748773705080743368e-03 2.116165721971663416e-01 0.000000000000000000e+00 0.000000000000000000e+00 9.454589268091387333e-02 0.000000000000000000e+00 0.000000000000000000e+00 0.000000000000000000e+00 3.902040094740328452e-02 0.000000000000000000e+00 3.148843737116290009e-02 0.000000000000000000e+00
0.000000000000000000e+00 1.025721527619706530e-02 1.305073317619565298e-01 2.945044684401317697e-03 4.159617495856865119e-03 0.000000000000000000e+00 0.000000000000000000e+00 0.000000000000000000e+00 5.354462162116935264e-03 1.752902403724528324e-01 0.000000000000000000e+00 2.089949602811282461e-02 0.000000000000000000e+00 0.000000000000000000e+00 1.663387934307066496e-01 1.523547694299252908e-02 1.918616348944309491e-01 2.695154737708742657e-02 1.503584676231456141e-01 3.871636794560251449e-02 0.000000000000000000e+00 0.000000000000000000e+00 0.000000000000000000e+00 3.397827250803336224e-02 2.714603149690672165e-02
0.000000000000000000e+00 0.000000000000000000e+00 1.311379621635655746e-01 0.000000000000000000e+00 4.880953219955082301e-03 0.000000000000000000e+00 9.743222614739246654e-03 1.344009863856790443e-01 3.240224290527406181e-02 2.568235038675266077e-02 0.000000000000000000e+00 1.919104705110775411e-01 7.808094408788290343e-03 0.000000000000000000e+00 2.656307484944482322e-01 0.000000000000000000e+00 0.000000000000000000e+00 2.818079316613813709e-02 2.164038843261739328e-02 0.000000000000000000e+00 0.000000000000000000e+00 0.000000000000000000e+00 3.282321854751609272e-03 0.000000000000000000e+00 1.432994654562131376e-01
7.280663696530280220e-03 0.000000000000000000e+00 5.016112602564146150e-02 0.000000000000000000e+00 8.998259842383893314e-02 0.000000000000000000e+00 1.441413113842923144e-01 4.659407879997914254e-02 4.662580513720513548e-03 0.000000000000000000e+00 1.292107298328431554e-02 1.430241201485384639e-01 1.285676505607748765e-01 0.000000000000000000e+00 0.000000000000000000e+00 3.470543570430251190e-02 6.201505444535849315e-02 9.014759253322528199e-02 4.632689873726900109e-02 3.696030630490754979e-03 0.000000000000000000e+00 1.210305817979749621e-01 3.212025504618378196e-03 1.806098426534238823e-03 9.725079683625964186e-03
4.317816342130704338e-03 0.000000000000000000e+00 1.627986083538881801e-01 0.000000000000000000e+00 2.403283577323957476e-01 2.876861716749653380e-02 0.000000000000000000e+00 1.626813394744832664e-01 5.244166833777765685e-02 0.000000000000000000e+00 0.000000000000000000e+00 1.493980666100264421e-01 0.000000000000000000e+00 1.383845571812449861e-02 0.000000000000000000e+00 0.000000000000000000e+00 0.000000000000000000e+00 4.044139992344948815e-03 0.000000000000000000e+00 0.000000000000000000e+00 0.000000000000000000e+00 1.875686842184275463e-02 1.626260618494893839e-01 0.000000000000000000e+00 0.000000000000000000e+00
3.856291933795697596e-02 0.000000000000000000e+00 1.436124906182239536e-01 6.860837770907908528e-02 1.609270428589394397e-01 0.000000000000000000e+00 1.493090770524750088e-01 1.879858429492129585e-02 7.141585052527907318e-02 3.070375858537075647e-02 0.000000000000000000e+00 0.000000000000000000e+00 1.153928551624596247e-02 0.000000000000000000e+00 0.000000000000000000e+00 0.000000000000000000e+00 7.049686898784050110e-03 8.641814186605941903e-03 0.000000000000000000e+00 7.765043054213227776e-03 0.000000000000000000e+00 0.000000000000000000e+00 8.780867498893114853e-02 4.167631680670715044e-02 1.535810775662669603e-01
0.000000000000000000e+00 0.000000000000000000e+00 5.669758388164939517e-02 2.320257538768960223e-02 1.506274830058539071e-01 9.010957413010396710e-02 6.051195247654125170e-03 2.031568522571377822e-01 1.243144376221336223e-02 0.000000000000000000e+00 0.000000000000000000e+00 1.730879470755223859e-01 1.239413947641228309e-02 0.000000000000000000e+00 6.472077477303660176e-02 0.000000000000000000e+00 4.913154825086595706e-03 2.158682996249075212e-02 0.000000000000000000e+00 2.646115686876856360e-02 0.000000000000000000e+00 1.327597084812658368e-01 2.179958086511483983e-02 0.000000000000000000e+00 0.000000000000000000e+00
0.000000000000000000e+00 0.000000000000000000e+00 6.304711492871613310e-02 0.000000000000000000e+00 0.000000000000000000e+00 9.174511567067228021e-03 1.271970313238073025e-01 0.000000000000000000e+00 1.675643208544243534e-01 1.692745945171295618e-01 0.000000000000000000e+00 9.992040532887551396e-02 0.000000000000000000e+00 0.000000000000000000e+00 3.541003826490232709e-02 0.000000000000000000e+00 0.000000000000000000e+00 0.000000000000000000e+00 1.203296362005363829e-01 1.249961328506014012e-02 2.866153686788887323e-02 1.175362675978015338e-02 6.706831908698514255e-02 4.099950570761737127e-03 8.399930044406521412e-02
0.000000000000000000e+00 0.000000000000000000e+00 6.509630221411553952e-02 8.475096841128315628e-02 2.167174316914381380e-02 0.000000000000000000e+00 1.463376337828697915e-01 0.000000000000000000e+00 3.980857008271206782e-02 7.298778402974456445e-04 0.000000000000000000e+00 0.000000000000000000e+00 3.979441634406005388e-03 0.000000000000000000e+00 1.511338365256336691e-01 1.202850006252256521e-01 0.000000000000000000e+00 1.511502470817688813e-02 1.448047755890414234e-01 0.000000000000000000e+00 0.000000000000000000e+00 0.000000000000000000e+00 7.652837120893135787e-03 0.000000000000000000e+00 1.986339882962014081e-01
0.000000000000000000e+00 3.957041170934538082e-02 1.533809935152040116e-01 0.000000000000000000e+00 0.000000000000000000e+00 1.335843332967854569e-01 1.380236124723808466e-01 1.611716923639793242e-01 1.027296352833434734e-01 2.227494162289582122e-02 0.000000000000000000e+00 6.397248547152763198e-02 0.000000000000000000e+00 0.000000000000000000e+00 0.000000000000000000e+00 0.000000000000000000e+00 0.000000000000000000e+00 0.000000000000000000e+00 9.560024777650477298e-03 0.000000000000000000e+00 0.000000000000000000e+00 1.918033035127080996e-02 2.385503555991750832e-02 0.000000000000000000e+00 1.326965035756992040e-01
0.000000000000000000e+00 0.000000000000000000e+00 5.471744654983754647e-02 0.000000000000000000e+00 0.000000000000000000e+00 0.000000000000000000e+00 1.526151707986805051e-01 1.845727287137802165e-03 2.601784145547379051e-02 1.119752794095977694e-01 0.000000000000000000e+00 8.281759885046162395e-02 0.000000000000000000e+00 0.000000000000000000e+00 1.114256367905989142e-01 0.000000000000000000e+00 0.000000000000000000e+00 1.266903295632658688e-01 1.444382603948178856e-01 8.704143711805579012e-03 6.635080513073363974e-03 0.000000000000000000e+00 1.381170786003262964e-02 1.423735764093172346e-02 1.440684191742852005e-01
1.499867429608475224e-02 0.000000000000000000e+00 0.000000000000000000e+00 1.744668896893681459e-02 3.459957280063635093e-02 0.000000000000000000e+00 1.932604534668957152e-01 4.739513592534004560e-02 1.404453147258780121e-01 9.647592827893897161e-02 0.000000000000000000e+00 1.645992243650345674e-02 0.000000000000000000e+00 0.000000000000000000e+00 1.056740768637109834e-01 0.000000000000000000e+00 0.000000000000000000e+00 3.076128634332411793e-02 0.000000000000000000e+00 7.604063667420148109e-03 0.000000000000000000e+00 0.000000000000000000e+00 1.660962701794368168e-01 1.287826120468939239e-01 0.000000000000000000e+00
0.000000000000000000e+00 0.000000000000000000e+00 8.501865977693640053e-02 0.000000000000000000e+00 1.330926223058634915e-02 0.000000000000000000e+00 2.720809134708783786e-02 2.385624280658340743e-02 0.000000000000000000e+00 1.840160083457878515e-02 0.000000000000000000e+00 5.530998210951489080e-02 0.000000000000000000e+00 0.000000000000000000e+00 2.323618262678062429e-01 2.068930307494093197e-03 0.000000000000000000e+00 1.308259678667546277e-01 1.199275464994154156e-03 3.578668356742049916e-02 0.000000000000000000e+00 0.000000000000000000e+00 0.000000000000000000e+00 2.337867405416292343e-01 1.408667368786135909e-01
1.089315811977088766e-01 5.662331479100077974e-02 4.026345805981920711e-02 0.000000000000000000e+00 8.867446673406319257e-02 0.000000000000000000e+00 0.000000000000000000e+00 0.000000000000000000e+00 7.636991587276794127e-03 1.171677026337123451e-01 1.718204500973680160e-02 1.623745540819458155e-01 0.000000000000000000e+00 0.000000000000000000e+00 1.990759233686193452e-01 0.000000000000000000e+00 0.000000000000000000e+00 7.137379394061126731e-04 2.811421223739768091e-02 3.757929677775725865e-03 0.000000000000000000e+00 0.000000000000000000e+00 1.560941696544203283e-01 0.000000000000000000e+00 1.338991302711695086e-02
0.000000000000000000e+00 1.429788808994993977e-02 2.157222269411615545e-01 3.519281718873026182e-02 1.025291028156489759e-01 2.119236949458831037e-02 0.000000000000000000e+00 3.659255325058075048e-02 1.503589613881168296e-01 1.619574087181101241e-01 1.820003792926060257e-03 1.419779795634042163e-01 0.000000000000000000e+00 0.000000000000000000e+00 2.250722416767882150e-02 5.307517678352520300e-03 0.000000000000000000e+00 6.516377216630369305e-03 5.824573542042144232e-03 0.000000000000000000e+00 2.943665401544720214e-02 6.964224424635049975e-03 2.628894367559865899e-03 2.214536714478188353e-02 1.702785619965510588e-02
7.274954448790496575e-02 0.000000000000000000e+00 0.000000000000000000e+00 1.392124222393851217e-02 0.000000000000000000e+00 2.807783249950969798e-02 1.333065334502624988e-01 3.913242352258861773e-02 1.343657636308209953e-02 3.833078032317555062e-02 0.000000000000000000e+00 5.309207335311533216e-02 0.000000000000000000e+00 0.000000000000000000e+00 7.555266736271695760e-02 0.000000000000000000e+00 0.000000000000000000e+00 1.604343419080497780e-03 1.515077672217652327e-01 3.170543070333201735e-02 0.000000000000000000e+00 0.000000000000000000e+00 1.538180878310578537e-01 4.216760110680817242e-02 1.515970961316618626e-01
0.000000000000000000e+00 0.000000000000000000e+00 1.057042481782870802e-01 0.000000000000000000e+00 3.403868623222854051e-02 2.702717181310576589e-02 3.151549957031835048e-02 0.000000000000000000e+00 4.404645305432533867e-03 5.045239344794486686e-02 0.000000000000000000e+00 0.000000000000000000e+00 0.000000000000000000e+00 0.000000000000000000e+00 1.663925365005981261e-01 0.000000000000000000e+00 0.000000000000000000e+00 1.135022729168520955e-01 1.509343055370907516e-01 3.920097233289608629e-02 1.190571838534508764e-01 0.000000000000000000e+00 4.811261772494784990e-03 3.477272995095021576e-03 1.494815495442052000e-01
0.000000000000000000e+00 0.000000000000000000e+00 4.875816775740629549e-02 3.319735879406317258e-02 7.038961612508382037e-02 1.032266848366690526e-01 7.908132560605796169e-02 0.000000000000000000e+00 3.937565100367738241e-02 1.387482560164838008e-01 0.000000000000000000e+00 0.000000000000000000e+00 0.000000000000000000e+00 0.000000000000000000e+00 0.000000000000000000e+00 7.671684576178762482e-02 6.017861985257380586e-02 0.000000000000000000e+00 1.252572054616649389e-01 0.000000000000000000e+00 0.000000000000000000e+00 2.669311967444849137e-02 7.303560733733466259e-02 8.040924137181718750e-03 1.173006176355673447e-01
9.963148177040349884e-02 0.000000000000000000e+00 0.000000000000000000e+00 0.000000000000000000e+00 1.217391195441561713e-01 6.762610660784984518e-03 4.923994929673260190e-02 2.444615398610791926e-02 0.000000000000000000e+00 1.966477310597370548e-02 0.000000000000000000e+00 2.110203040504352590e-01 0.000000000000000000e+00 0.000000000000000000e+00 1.579493685490008792e-01 0.000000000000000000e+00 1.736952850692811707e-03 0.000000000000000000e+00 2.581816161848523444e-02 0.000000000000000000e+00 9.200370625308428030e-02 4.681342474134918621e-03 1.680744710182413212e-02 1.784428794061415982e-02 1.506543407975694804e-01
3.534762263250774278e-02 0.000000000000000000e+00 3.168664502473849537e-02 0.000000000000000000e+00 2.625135410693472254e-02 0.000000000000000000e+00 0.000000000000000000e+00 2.654027208816760533e-02 0.000000000000000000e+00 4.641005387670964211e-02 0.000000000000000000e+00 3.548739612504839269e-02 0.000000000000000000e+00 3.455013670568782627e-03 1.984839595038068727e-01 4.515673640277081957e-02 1.358165113475909291e-01 0.000000000000000000e+00 0.000000000000000000e+00 1.334155182579238874e-01 0.000000000000000000e+00 0.000000000000000000e+00 1.403916281698912305e-01 4.610663720508526020e-02 9.545065158825566387e-02
2.674974482607163709e-02 0.000000000000000000e+00 0.000000000000000000e+00 1.166544954813521773e-01 8.875282751795975089e-02 6.572744169518249246e-02 1.428667491191338845e-01 0.000000000000000000e+00 0.000000000000000000e+00 1.245670841487501040e-01 0.000000000000000000e+00 0.000000000000000000e+00 0.000000000000000000e+00 4.315974993663754776e-03 1.981402301272857519e-03 0.000000000000000000e+00 7.335019984939777915e-02 1.268758528559040255e-01 1.643183442401485728e-01 0.000000000000000000e+00 0.000000000000000000e+00 5.585604012154313236e-03 4.923829996092944639e-02 9.015978998079246867e-03 0.000000000000000000e+00
0.000000000000000000e+00 0.000000000000000000e+00 8.111116585572131221e-02 0.000000000000000000e+00 0.000000000000000000e+00 1.086263500688442775e-02 1.321407416927290190e-01 5.621893444468221979e-03 4.252048053322810689e-02 1.403281122400082126e-01 0.000000000000000000e+00 1.334313359386076203e-01 0.000000000000000000e+00 0.000000000000000000e+00 1.491733923693858710e-01 0.000000000000000000e+00 0.000000000000000000e+00 1.186209481769213286e-02 0.000000000000000000e+00 0.000000000000000000e+00 7.551281711452395573e-02 0.000000000000000000e+00 5.523084364842835436e-02 2.074998826781447245e-02 1.414544990705082772e-01
0.000000000000000000e+00 0.000000000000000000e+00 0.000000000000000000e+00 1.194722683912629929e-03 1.866425376195384638e-03 1.215553925802274199e-01 1.905657110078473881e-01 6.157781813706213886e-02 0.000000000000000000e+00 4.797604980502728766e-02 7.626220094987906824e-03 1.484561342272877615e-01 0.000000000000000000e+00 0.000000000000000000e+00 1.174331716215278321e-01 0.000000000000000000e+00 0.000000000000000000e+00 0.000000000000000000e+00 1.718247269249804088e-01 2.932376773991246955e-03 0.000000000000000000e+00 0.000000000000000000e+00 1.576363397505864405e-02 2.855500759735385766e-02 8.267260919454012813e-02
