1.336733261484082322e-03 3.503028641193572240e-02 1.211978612602129662e-01 1.701120536015307853e-03 2.758487676694652141e-02 0.000000000000000000e+00 1.423534837848947632e-01 1.000321898642948792e-01 1.910884776044477137e-02 1.774030276049990903e-02 0.000000000000000000e+00 1.979605352788134376e-02 4.170175313205261997e-03 0.000000000000000000e+00 1.213918820851519059e-01 0.000000000000000000e+00 4.500261712157847122e-02 1.707201945865382819e-01 0.000000000000000000e+00 0.000000000000000000e+00 3.425147553664198386e-04 0.000000000000000000e+00 0.000000000000000000e+00 2.160463209178748595e-02 1.508862281117618331e-01
1.192808861644636953e-01 1.385813145919345679e-01 0.000000000000000000e+00 2.066079216198099533e-03 0.000000000000000000e+00 0.000000000000000000e+00 2.203506325759565371e-02 1.223322476304656582e-06 2.220974564022606523e-03 0.000000000000000000e+00 0.000000000000000000e+00 0.000000000000000000e+00 0.000000000000000000e+00 0.000000000000000000e+00 1.204142053199371981e-01 9.697048758824641790e-03 1.831318881097213913e-01 1.350530973959040149e-01 2.164172211385112770e-03 1.272963430713938259e-03 0.000000000000000000e+00 0.000000000000000000e+00 0.000000000000000000e+00 1.924554906938219234e-01 7.162559296300083367e-02
7.785288767595203129e-03 7.927322577125045511e-02 5.392523892988312223e-02 0.000000000000000000e+00 1.123274008472738839e-01 0.000000000000000000e+00 2.730221540234598759e-02 1.862698107685671622e-01 1.860721504807267071e-02 6.467814052259619056e-03 0.000000000000000000e+00 0.000000000000000000e+00 0.000000000000000000e+00 2.672619074683820622e-02 1.264269943258993778e-01 0.000000000000000000e+00 2.165725295588159793e-02 1.125295816993922976e-01 2.468538830442337448e-02 1.149779969149017644e-01 0.000000000000000000e+00 0.000000000000000000e+00 0.000000000000000000e+00 8.103838546541534960e-02 0.000000000000000000e+00
0.000000000000000000e+00 1.289325668383813073e-01 7.758491933285739661e-02 8.239598320831819549e-04 1.768838099986011492e-02 0.000000000000000000e+00 1.419725987244472298e-01 0.000000000000000000e+00 0.000000000000000000e+00 0.000000000000000000e+00 4.247344591096956917e-02 4.124035775116071528e-02 0.000000000000000000e+00 0.000000000000000000e+00 1.062231894758936535e-01 0.000000000000000000e+00 3.159154069985875557e-02 1.393819082968927314e-01 0.000000000000000000e+00 4.671455004446804608e-03 0.000000000000000000e+00 5.306931238014851726e-02 0.000000000000000000e+00 1.703967025698973903e-01 4.394966218310265155e-02
3.688158473265380766e-02 1.860646262693893896e-02 3.038189095093184536e-02 0.000000000000000000e+00 0.000000000000000000e+00 0.000000000000000000e+00 0.000000000000000000e+00 1.419242446261104740e-01 0.000000000000000000e+00 1.112272820322487421e-01 9.987002070109708002e-03 2.106834257046028697e-02 0.000000000000000000e+00 0.000000000000000000e+00 6.668002423259050682e-02 5.636122667128007357e-02 1.549697482927566150e-01 2.884137845702875944e-02 0.000000000000000000e+00 0.000000000000000000e+00 1.320517387870462312e-03 1.226511121544383992e-01 4.829453208814291770e-02 1.508046511064385364e-01 0.000000000000000000e+00
2.182638829189259989e-03 4.963298632824188900e-02 1.179024642910775078e-01 1.546564649182558676e-02 1.295845198558010225e-01 0.000000000000000000e+00 1.753709920531365540e-01 0.000000000000000000e+00 0.000000000000000000e+00 2.592711659819827569e-02 1.714757429472894487e-02 0.000000000000000000e+00 0.000000000000000000e+00 0.000000000000000000e+00 5.208294095799163859e-02 1.025042667198485385e-01 2.666704848954115289e-02 1.684701479537275073e-02 7.404170477023587493e-02 0.000000000000000000e+00 0.000000000000000000e+00 5.170629140820614221e-03 1.828473930893568244e-01 5.753845343812191010e-03 8.712179508213273565e-04
1.407209856371981482e-01 2.713688698783501760e-02 0.000000000000000000e+00 0.000000000000000000e+00 1.751943634375273395e-01 0.000000000000000000e+00 7.701478193085879199e-03 0.000000000000000000e+00 0.000000000000000000e+00 2.383372292066242015e-01 0.000000000000000000e+00 0.000000000000000000e+00 0.000000000000000000e+00 0.000000000000000000e+00 3.527104339270831918e-02 2.611983237332261062e-03 2.088625827085660858e-01 0.000000000000000000e+00 0.000000000000000000e+00 0.000000000000000000e+00 0.000000000000000000e+00 0.000000000000000000e+00 3.446775987989904311e-03 1.486092615128736250e-01 1.210740969825928846e-02
9.921392205742260439e-02 0.000000000000000000e+00 0.000000000000000000e+00 0.000000000000000000e+00 2.199546108267679337e-02 0.000000000000000000e+00 6.379520494934831643e-02 1.427133543072530431e-01 1.027372917782427286e-01 2.224930543095920976e-02 0.000000000000000000e+00 0.000000000000000000e+00 0.000000000000000000e+00 0.000000000000000000e+00 1.066654714741176180e-01 0.000000000000000000e+00 1.810625580115443056e-01 0.000000000000000000e+00 1.227871683604949901e-02 0.000000000000000000e+00 0.000000000000000000e+00 1.594164434722322998e-01 2.074697129977308722e-04 8.451354528990091819e-02 3.151255597254929049e-03
0.000000000000000000e+00 8.566744480485120883e-02 1.087492314657013265e-01 0.000000000000000000e+00 1.484178869733651374e-01 0.000000000000000000e+00 1.856327102079185880e-03 1.442393871165309205e-01 1.061551782147916083e-03 6.572552027634605276e-02 0.000000000000000000e+00 1.073752790590381395e-01 5.640181289826005223e-02 0.000000000000000000e+00 9.534896190265325366e-03 0.000000000000000000e+00 1.145638363846347187e-02 1.812619528004320510e-02 0.000000000000000000e+00 0.000000000000000000e+00 7.062712090963658117e-03 1.241856150925247371e-01 5.745501434624528114e-02 4.990802099695271221e-02 2.776720886221622879e-03
0.000000000000000000e+00 8.088215127161625662e-02 6.636322499112490281e-02 1.254193254162385210e-02 0.000000000000000000e+00 0.000000000000000000e+00 1.463277077777903334e-01 2.443435587698701561e-01 4.536366387704306169e-02 8.695470319615738672e-03 0.000000000000000000e+00 3.135339041511388952e-02 0.000000000000000000e+00 0.000000000000000000e+00 8.628916350721754780e-02 8.393298513643231151e-02 0.000000000000000000e+00 1.796806153853257315e-02 2.112895908201656986e-02 0.000000000000000000e+00 0.000000000000000000e+00 1.248745304075538770e-02 1.142266061139316120e-02 0.000000000000000000e+00 1.308996171198544278e-01
0.000000000000000000e+00 0.000000000000000000e+00 1.419714525444498165e-01 6.087358763774680832e-03 0.000000000000000000e+00 1.206476262833738877e-01 5.864567596893353885e-02 1.260643275312017288e-02 9.610343570463022664e-03 5.296995128980696438e-02 0.000000000000000000e+00 0.000000000000000000e+00 0.000000000000000000e+00 0.000000000000000000e+00 3.800852764985686999e-02 0.000000000000000000e+00 1.445584453874754483e-01 0.000000000000000000e+00 2.401364452916110795e-02 0.000000000000000000e+00 0.000000000000000000e+00 9.157380908758387672e-02 2.467646233842723524e-01 0.000000000000000000e+00 5.254210878772822002e-02
0.000000000000000000e+00 0.000000000000000000e+00 1.275398290931604173e-01 0.000000000000000000e+00 1.092264343729729553e-01 0.000000000000000000e+00 1.507256023832487246e-01 1.479065893692111389e-01 1.997266021738089078e-02 4.762335634017813429e-02 1.907635535982910024e-02 7.289338469389655857e-03 3.680446334011384935e-04 1.452900843613457935e-02 4.710632310068435524e-02 0.000000000000000000e+00 0.000000000000000000e+00 0.000000000000000000e+00 1.208413623122203823e-01 3.832831191546694823e-03 0.000000000000000000e+00 1.048509784012493645e-01 6.023190801515537068e-02 1.887937830423717239e-02 0.000000000000000000e+00
0.000000000000000000e+00 0.000000000000000000e+00 1.452372900893264263e-01 1.070799777768323413e-02 3.573779254858764753e-03 0.000000000000000000e+00 1.737109317230412509e-01 7.020446342692357455e-02 2.789967887532600332e-02 2.645492857181470925e-03 0.000000000000000000e+00 0.000000000000000000e+00 0.000000000000000000e+00 1.295512646594461966e-03 1.113264400084517797e-01 6.193930448320562367e-04 0.000000000000000000e+00 1.675613887543845769e-03 1.289348160963817991e-01 0.000000000000000000e+00 0.000000000000000000e+00 1.317177319751227094e-01 1.600806292175419587e-01 5.847573981611781666e-04 2.978547172102954596e-02
0.000000000000000000e+00 0.000000000000000000e+00 0.000000000000000000e+00 5.730009850606103405e-02 1.428605633421498877e-01 1.239011734385196337e-02 1.166814732846617603e-01 1.143482246095711280e-01 0.000000000000000000e+00 7.942934433932311022e-02 0.000000000000000000e+00 5.024439247016640984e-03 0.000000000000000000e+00 0.000000000000000000e+00 3.650564634626585897e-02 0.000000000000000000e+00 0.000000000000000000e+00 5.126263025932170647e-02 2.989006324265702785e-02 0.000000000000000000e+00 1.421428938734778102e-01 3.314350021711631820e-03 1.344129713763688935e-02 1.731692245756804097e-02 1.780919359887255804e-01
2.235569233385174652e-03 2.566517002309287934e-02 8.151432746107306615e-02 0.000000000000000000e+00 8.880333943074537537e-03 2.051551221714336543e-02 1.495644379938123290e-02 6.464368317978150258e-02 0.000000000000000000e+00 8.908988579305154865e-02 3.162345708418906002e-03 0.000000000000000000e+00 0.000000000000000000e+00 0.000000000000000000e+00 1.177499462850971346e-01 2.838578080374232898e-03 1.902853660995587060e-01 2.028327115102919399e-04 0.000000000000000000e+00 5.294840277069681744e-02 0.000000000000000000e+00 1.521474030375181974e-01 1.473787426086069219e-01 2.148178762062530334e-02 4.303669427610171648e-03
0.000000000000000000e+00 0.000000000000000000e+00 3.430291263567654403e-02 1.405466809313555589e-03 4.834693773862130950e-02 0.000000000000000000e+00 1.619492106308929036e-01 9.042219362658973636e-02 0.000000000000000000e+00 2.029631488442272536e-02 0.000000000000000000e+00 1.079151070914840804e-01 3.886654112569925407e-02 0.000000000000000000e+00 7.641033450834558254e-03 0.000000000000000000e+00 0.000000000000000000e+00 1.569872097676004441e-01 0.000000000000000000e+00 6.766225213545034797e-03 0.000000000000000000e+00 1.426093808149051789e-01 2.093723682021205248e-02 1.615542293902026971e-01 0.000000000000000000e+00
0.000000000000000000e+00 0.000000000000000000e+00 0.000000000000000000e+00 0.000000000000000000e+00 1.196097383365014033e-01 0.000000000000000000e+00 2.007636241305842811e-02 1.616890038703201748e-01 7.677388956925775866e-03 1.315818296544664923e-01 0.000000000000000000e+00 5.902472466367562377e-03 0.000000000000000000e+00 0.000000000000000000e+00 0.000000000000000000e+00 0.000000000000000000e+00 2.387540181575482368e-01 8.757771136256460240e-03 1.430930687550115432e-01 3.254274708062446231e-02 1.943779464463099571e-02 3.922925889528926929e-02 0.000000000000000000e+00 0.000000000000000000e+00 7.164854563299903611e-02
8.900484704972043415e-02 0.000000000000000000e+00 1.719619707859003713e-02 0.000000000000000000e+00 2.220325922903361102e-02 0.000000000000000000e+00 2.624109216519127097e-01 1.919114228142488610e-01 6.021347929715174449e-03 3.889917643102458467e-02 5.478835170372828300e-03 2.510745171846590074e-02 0.000000000000000000e+00 0.000000000000000000e+00 6.058943342240262833e-03 0.000000000000000000e+00 0.000000000000000000e+00 2.605201404203217035e-03 1.150470923733109690e-01 1.715458440209220725e-02 0.000000000000000000e+00 1.637011308052140346e-01 0.000000000000000000e+00 0.000000000000000000e+00 3.719958859985521282e-02
0.000000000000000000e+00 1.100145931227346219e-02 1.236356549863041818e-02 8.235710333023894825e-02 4.159689668237339516e-02 0.000000000000000000e+00 1.889663133333575329e-01 2.042777832771202895e-01 1.092016141722111817e-02 0.000000000000000000e+00 0.000000000000000000e+00 5.626984305606284181e-02 0.000000000000000000e+00 0.000000000000000000e+00 1.276246973843066790e-01 0.000000000000000000e+00 0.000000000000000000e+00 6.137564226064505524e-02 0.000000000000000000e+00 0.000000000000000000e+00 0.000000000000000000e+00 6.261069472101274055e-03 0.000000000000000000e+00 3.539497976377082439e-02 1.615904852118981438e-01
0.000000000000000000e+00 0.000000000000000000e+00 1.131005564821484788e-01 8.607260877651158604e-02 1.252863091041994947e-01 0.000000000000000000e+00 0.000000000000000000e+00 1.476045032850498706e-01 2.161744931615984869e-02 9.671727952264776162e-02 0.000000000000000000e+00 0.000000000000000000e+00 0.000000000000000000e+00 0.000000000000000000e+00 3.520287143156634879e-02 0.000000000000000000e+00 2.147718660794342010e-02 1.265999237613876505e-01 0.000000000000000000e+00 3.499031374430575797e-02 0.000000000000000000e+00 0.000000000000000000e+00 0.000000000000000000e+00 2.136255883794617449e-02 1.699684391301337361e-01
7.977088158824301167e-02 0.000000000000000000e+00 0.000000000000000000e+00 5.153690734510554122e-02 1.024929366862855212e-01 0.000000000000000000e+00 5.160353390911084220e-02 1.448814545247854024e-01 1.647562523795460115e-02 1.040892926515127742e-01 0.000000000000000000e+00 7.973338376117936055e-02 0.000000000000000000e+00 0.000000000000000000e+00 0.000000000000000000e+00 0.000000000000000000e+00 1.576520230911746256e-01 1.570143707960172663e-02 0.000000000000000000e+00 2.156193338698374727e-03 8.373522012360443828e-03 1.297430699877939464e-01 1.268037778954303821e-02 0.000000000000000000e+00 4.310936099665083066e-02
0.000000000000000000e+00 0.000000000000000000e+00 8.646955312194753995e-02 2.992904073361292785e-02 7.352556027768542002e-02 0.000000000000000000e+00 3.906543514235923109e-02 1.204136661833999644e-01 0.000000000000000000e+00 1.067456317479552330e-01 8.249455491872340757e-03 3.657183077461986787e-02 0.000000000000000000e+00 0.000000000000000000e+00 6.015442302984585522e-03 0.000000000000000000e+00 1.329216595454311145e-01 0.000000000000000000e+00 0.000000000000000000e+00 3.066589359472032209e-03 0.000000000000000000e+00 0.000000000000000000e+00 0.000000000000000000e+00 2.070233242339003521e-01 1.500028110847594631e-01
5.569144772942926508e-02 0.000000000000000000e+00 1.170886139424197163e-02 0.000000000000000000e+00 0.000000000000000000e+00 0.000000000000000000e+00 1.662146594498124241e-01 1.244817395655284376e-02 0.000000000000000000e+00 9.779795206923197481e-02 0.000000000000000000e+00 5.710997924897313893e-03 2.271728755445251782e-02 0.000000000000000000e+00 1.756867866133208500e-01 5.706310579493463486e-02 0.000000000000000000e+00 6.132534713792694298e-02 2.923397919769060369e-02 0.000000000000000000e+00 1.267190823834229430e-01 0.000000000000000000e+00 2.822000755123568565e-03 3.808173039049429776e-02 1.367785876484679253e-01
0.000000000000000000e+00 0.000000000000000000e+00 1.189000464184229167e-01 0.000000000000000000e+00 2.724092787819248559e-02 0.000000000000000000e+00 1.332328094862138546e-01 1.407004787469321450e-01 2.191957913896863317e-04 3.967536789294392671e-03 0.000000000000000000e+00 2.078954384889133283e-02 0.000000000000000000e+00 0.000000000000000000e+00 1.124432987428409386e-01 0.000000000000000000e+00 2.722187535216922388e-02 4.757846906529736991e-02 1.275256909433515329e-01 2.021533465535685706e-02 0.000000000000000000e+00 1.457390898159173220e-01 0.000000000000000000e+00 5.762832939532058774e-02 1.659737307040935056e-02
4.865194047371831226e-02 2.385419216826561647e-02 1.284566198328075948e-01 1.027599547499558194e-03 0.000000000000000000e+00 0.000000000000000000e+00 0.000000000000000000e+00 1.497780584782558155e-01 1.019155774417393988e-02 0.000000000000000000e+00 0.000000000000000000e+00 0.000000000000000000e+00 0.000000000000000000e+00 0.000000000000000000e+00 1.965955096155255488e-01 1.020851825058976398e-02 1.414287003118533670e-01 4.550857292476484517e-02 3.715038969394951485e-02 1.314218707005779599e-02 0.000000000000000000e+00 0.000000000000000000e+00 2.419286092321012993e-02 0.000000000000000000e+00 1.698132929653280443e-01
1.235016438007845857e-02 0.000000000000000000e+00 2.500156739279618331e-02 0.000000000000000000e+00 9.569628699425332050e-03 4.909754547932351082e-02 1.642104958873520926e-01 5.151033563609061505e-02 4.603859899477805682e-03 0.000000000000000000e+00 2.966448099172656200e-02 0.000000000000000000e+00 4.046109982469269775e-04 0.000000000000000000e+00 1.374247961485595415e-01 1.176297605296080205e-02 0.000000000000000000e+00 1.370314462262323951e-01 5.728357505967419244e-02 0.000000000000000000e+00 0.000000000000000000e+00 0.000000000000000000e+00 1.865142669809937703e-01 1.206920623992430303e-01 2.878187767818721297e-03
4.280658779428799833e-03 5.810975855832629933e-03 3.612505931150405275e-02 0.000000000000000000e+00 5.764970402201198552e-02 0.000000000000000000e+00 1.693269485620910730e-01 1.450591072928201775e-01 0.000000000000000000e+00 1.182628706597208534e-01 0.000000000000000000e+00 5.420680582438584111e-03 0.000000000000000000e+00 0.000000000000000000e+00 5.699882410577048614e-02 0.000000000000000000e+00 2.918566813143855243e-02 0.000000000000000000e+00 0.000000000000000000e+00 0.000000000000000000e+00 0.000000000000000000e+00 1.162169268357278878e-01 1.877042102799795359e-02 1.601986499205242109e-01 7.669350491269273651e-02
1.537888049367876556e-02 6.437924138123198026e-03 2.057068262371133105e-01 0.000000000000000000e+00 8.129128504381324949e-02 0.000000000000000000e+00 1.619977260030579791e-01 6.586610420301884650e-02 3.618116892148583175e-02 0.000000000000000000e+00 1.600036270105168693e-03 1.757348192209543317e-02 0.000000000000000000e+00 0.000000000000000000e+00 0.000000000000000000e+00 0.000000000000000000e+00 2.348293396851991455e-02 0.000000000000000000e+00 1.219756246058389532e-01 3.807425599959509722e-03 0.000000000000000000e+00 9.853185189173286826e-03 1.855006402747555738e-01 4.092951908655952098e-02 2.241723804270157397e-02
2.381740736944887304e-02 0.000000000000000000e+00 0.000000000000000000e+00 0.000000000000000000e+00 5.859737032089770703e-02 0.000000000000000000e+00 1.576723712670257682e-01 0.000000000000000000e+00 2.189334070113248840e-04 0.000000000000000000e+00 0.000000000000000000e+00 9.930427986483743308e-02 1.224966906561800965e-03 0.000000000000000000e+00 1.076872357431972183e-01 0.000000000000000000e+00 0.000000000000000000e+00 1.590257785724716599e-01 1.307091038374980259e-02 0.000000000000000000e+00 2.549924312116663011e-02 1.695630535571993336e-01 0.000000000000000000e+00 1.774004814833181065e-01 6.917968003114382050e-03
0.000000000000000000e+00 0.000000000000000000e+00 9.270235297252513162e-02 0.000000000000000000e+00 3.452162551359238586e-03 0.000000000000000000e+00 9.744261886183283594e-02 0.000000000000000000e+00 1.970814954955976694e-02 3.792033022731625819e-03 0.000000000000000000e+00 0.000000000000000000e+00 0.000000000000000000e+00 0.000000000000000000e+00 9.996119497220426475e-02 7.935836002054413862e-03 1.595735389717953812e-01 1.215943717770477800e-01 3.250480372526454859e-02 1.716332110640095276e-02 0.000000000000000000e+00 0.000000000000000000e+00 0.000000000000000000e+00 1.514327147153480269e-01 1.927369017718761623e-01
0.000000000000000000e+00 4.399064741360383946e-02 7.152377200302153029e-03 3.466721497029848914e-02 0.000000000000000000e+00 5.768266050035081305e-03 1.036124044202121550e-02 1.358517471455465420e-01 3.241273832050916692e-03 9.057849389980127119e-02 0.000000000000000000e+00 1.261458911559491525e-01 0.000000000000000000e+00 0.000000000000000000e+00 2.338319849983896623e-02 1.440446076014067827e-03 9.319560609306434470e-03 1.298151224596604258e-01 1.697114679366710233e-01 0.000000000000000000e+00 0.000000000000000000e+00 1.637707607668645315e-01 0.000000000000000000e+00 5.781673345931393100e-04 4.422412420744271933e-02
0.000000000000000000e+00 1.624271001714163928e-02 1.481811492771114847e-01 4.431449513055229876e-03 0.000000000000000000e+00 1.098324619303716609e-01 1.542524020345564795e-01 2.145498550344458397e-02 0.000000000000000000e+00 2.194017373051702566e-02 0.000000000000000000e+00 2.608725723098880706e-02 0.000000000000000000e+00 0.000000000000000000e+00 1.257792916934422633e-01 0.000000000000000000e+00 0.000000000000000000e+00 8.865521953073482453e-03 1.521210304990582539e-02 1.978952300524807958e-02 0.000000000000000000e+00 0.000000000000000000e+00 1.707113121151911383e-01 1.559274627153554339e-02 1.416269126744167661e-01
0.000000000000000000e+00 0.000000000000000000e+00 0.000000000000000000e+00 0.000000000000000000e+00 7.397703423987644737e-03 1.034682252724313523e-01 1.922711714514106496e-01 2.692971845927406849e-02 3.462493940807922360e-02 7.753003847457516640e-02 0.000000000000000000e+00 8.573929985839461032e-02 0.000000000000000000e+00 0.000000000000000000e+00 0.000000000000000000e+00 0.000000000000000000e+00 0.000000000000000000e+00 9.870125132866007511e-02 5.145547305696186562e-03 0.000000000000000000e+00 2.471557925285643512e-02 7.991522676688463112e-03 0.000000000000000000e+00 1.693908229929620979e-01 1.660941800949838620e-01
6.809753748532608453e-02 0.000000000000000000e+00 0.000000000000000000e+00 0.000000000000000000e+00 2.920217003835309244e-01 0.000000000000000000e+00 4.505508633006842512e-02 1.343783701707954858e-01 0.000000000000000000e+00 1.684615883448728202e-01 0.000000000000000000e+00 0.000000000000000000e+00 0.000000000000000000e+00 0.000000000000000000e+00 0.000000000000000000e+00 0.000000000000000000e+00 0.000000000000000000e+00 0.000000000000000000e+00 5.109034796127662204e-03 2.398010643403935063e-02 0.000000000000000000e+00 5.664284992345409997e-02 0.000000000000000000e+00 2.062537261317851089e-01 0.000000000000000000e+00
9.874101530209891675e-02 0.000000000000000000e+00 7.633313196163163047e-03 0.000000000000000000e+00 2.466576020113520756e-02 0.000000000000000000e+00 2.107616764699191819e-02 1.359073682251325521e-01 0.000000000000000000e+00 9.438276304204833156e-02 0.000000000000000000e+00 4.002519351925281493e-02 9.691827693819991124e-03 7.344898808435549285e-03 5.002286535630372927e-02 0.000000000000000000e+00 1.547597991889494151e-01 0.000000000000000000e+00 1.000405191541089978e-02 9.721465217667422595e-03 2.738808311726288747e-02 0.000000000000000000e+00 6.828317887346211680e-03 1.505334995585405344e-01 1.512736101234404273e-01
1.072863864854426419e-01 0.000000000000000000e+00 4.024158519125279471e-02 4.692733141548909720e-02 1.447699480535189452e-02 0.000000000000000000e+00 1.034354317716347782e-01 6.522945951116685889e-03 0.000000000000000000e+00 6.068239819317004444e-03 0.000000000000000000e+00 8.281318393661374344e-02 7.140495632195409913e-03 0.000000000000000000e+00 1.338125525433485064e-01 1.912690485647773955e-02 0.000000000000000000e+00 8.868147230456757679e-02 6.318111216348509807e-03 1.892730580342104904e-03 2.141956046275872785e-02 0.000000000000000000e+00 2.829342900523655960e-03 5.386502742110929609e-02 2.571417027061098093e-01
0.000000000000000000e+00 0.000000000000000000e+00 0.000000000000000000e+00 0.000000000000000000e+00 0.000000000000000000e+00 0.000000000000000000e+00 9.022569071252060924e-03 1.387955371369072322e-01 8.244884507804318627e-03 0.000000000000000000e+00 0.000000000000000000e+00 3.139654549169460657e-02 0.000000000000000000e+00 0.000000000000000000e+00 5.522476524474226323e-02 0.000000000000000000e+00 7.355324641545883668e-02 0.000000000000000000e+00 1.126282727674471828e-03 8.289624180424479127e-02 1.337020631456449504e-01 1.062925220019771480e-02 4.987482186941488704e-02 2.179105371542927883e-01 1.876232532306709999e-01
1.024877861274424151e-01 5.121116097922230430e-03 0.000000000000000000e+00 2.765052717987818640e-02 1.286743440090950263e-01 6.612033858294080746e-02 4.126836659507232552e-02 1.020987196505410838e-02 4.670397694359593004e-03 2.783343208015564771e-02 0.000000000000000000e+00 0.000000000000000000e+00 0.000000000000000000e+00 0.000000000000000000e+00 6.066305072011806548e-02 0.000000000000000000e+00 1.434771063706287257e-03 7.235592455523963060e-03 1.475301540180012083e-01 3.803679476129568499e-02 0.000000000000000000e+00 0.000000000000000000e+00 1.555740243644085363e-01 5.446099117804253584e-03 1.700433331672216164e-01
1.064351588966415190e-03 1.623450731669595637e-02 1.198356294290874868e-01 1.138734348753152603e-01 8.615723649048211488e-03 0.000000000000000000e+00 1.693440373966006648e-02 0.000000000000000000e+00 4.396055269241639675e-03 5.751993446726305637e-02 0.000000000000000000e+00 5.677478877109897598e-02 0.000000000000000000e+00 0.000000000000000000e+00 0.000000000000000000e+00 0.000000000000000000e+00 2.368952191258398218e-02 1.400253578539524812e-01 1.019112431118764268e-02 0.000000000000000000e+00 0.000000000000000000e+00 6.192827113956851474e-03 8.741713875182551344e-03 2.485938154589745208e-01 1.673168103677848129e-01
1.117390373291166777e-01 2.278053118686238290e-02 0.000000000000000000e+00 4.537536238833760928e-03 0.000000000000000000e+00 1.013967696522837247e-01 6.662129963258186030e-03 1.556613508160839196e-02 1.982188758871760315e-03 1.399585364911437591e-01 0.000000000000000000e+00 4.440990979419828788e-03 8.750086906824414840e-03 0.000000000000000000e+00 0.000000000000000000e+00 0.000000000000000000e+00 1.928150332398413380e-01 1.683924102705693093e-02 1.037368819959287453e-01 7.972977160271871311e-02 0.000000000000000000e+00 1.460070466825546254e-01 0.000000000000000000e+00 0.000000000000000000e+00 4.305808286367664856e-02
9.602223448748187229e-02 0.000000000000000000e+00 2.900898585055284792e-02 0.000000000000000000e+00 2.327173968887358002e-01 0.000000000000000000e+00 7.489689229575695328e-02 1.678358408872184515e-01 0.000000000000000000e+00 0.000000000000000000e+00 0.000000000000000000e+00 1.810656879669067174e-02 9.430803884177531293e-03 0.000000000000000000e+00 2.559123998065416031e-02 0.000000000000000000e+00 1.963872317957192446e-03 0.000000000000000000e+00 5.565035154777109305e-02 1.799853577495400328e-02 0.000000000000000000e+00 0.000000000000000000e+00 0.000000000000000000e+00 1.172236687363343993e-01 1.535536085517149874e-01
0.000000000000000000e+00 0.000000000000000000e+00 6.214714043718008729e-02 0.000000000000000000e+00 0.000000000000000000e+00 0.000000000000000000e+00 0.000000000000000000e+00 1.323060770996709323e-01 1.042890072248928504e-03 0.000000000000000000e+00 0.000000000000000000e+00 1.780929361840953920e-02 0.000000000000000000e+00 0.000000000000000000e+00 3.347534395980030636e-02 4.557079813514856859e-02 0.000000000000000000e+00 1.514040496701422600e-01 1.024197745792496637e-02 2.092980766400531507e-04 1.686955414897525068e-02 0.000000000000000000e+00 3.236400282680317042e-02 3.287715870019122244e-01 1.677879874951438699e-01
1.122648325715151496e-01 0.000000000000000000e+00 0.000000000000000000e+00 8.452544661145613980e-02 1.296204752602900245e-01 1.220084795055134119e-01 1.722835211522587562e-01 3.556178714125158430e-02 0.000000000000000000e+00 9.897848268941936145e-02 0.000000000000000000e+00 0.000000000000000000e+00 0.000000000000000000e+00 0.000000000000000000e+00 0.000000000000000000e+00 1.287043959783677966e-03 0.000000000000000000e+00 2.834424066591643629e-02 0.000000000000000000e+00 0.000000000000000000e+00 0.000000000000000000e+00 0.000000000000000000e+00 1.679159960917396208e-02 1.786719938899624105e-01 1.966209694345888437e-02
0.000000000000000000e+00 4.382678003808909012e-02 6.021826779702645072e-02 4.470114994020083117e-03 4.774752611783811274e-02 0.000000000000000000e+00 2.553463445755807179e-02 1.304025539910438902e-01 0.000000000000000000e+00 2.760558886698370740e-02 0.000000000000000000e+00 1.009006640439930463e-01 0.000000000000000000e+00 0.000000000000000000e+00 6.050266332941458408e-02 0.000000000000000000e+00 1.554103838670946591e-01 1.050523953364805863e-01 4.205445678682120936e-02 0.000000000000000000e+00 0.000000000000000000e+00 6.429345191073049194e-05 0.000000000000000000e+00 4.773410053598748509e-02 1.484755763857382727e-01
0.000000000000000000e+00 0.000000000000000000e+00 0.000000000000000000e+00 6.306688564797541599e-03 0.000000000000000000e+00 0.000000000000000000e+00 1.201162055195532513e-01 1.497349668523332844e-01 0.000000000000000000e+00 2.503174077491636049e-02 0.000000000000000000e+00 0.000000000000000000e+00 1.144154378494071644e-01 0.000000000000000000e+00 6.371025904422696062e-02 0.000000000000000000e+00 1.393321386865330469e-01 0.000000000000000000e+00 1.497213499564792605e-01 2.577735372177514944e-02 0.000000000000000000e+00 0.000000000000000000e+00 2.332012373714998504e-02 7.489876749402966938e-02 1.076349677987983033e-01
0.000000000000000000e+00 8.441170075645170259e-03 1.550705686506891577e-03 2.758820469387260332e-02 8.287513308969064740e-02 0.000000000000000000e+00 3.979181993535679113e-02 1.416293663652573032e-01 0.000000000000000000e+00 4.563987143977241145e-02 0.000000000000000000e+00 1.020915279573980650e-01 0.000000000000000000e+00 8.071362561600993468e-03 4.863733555463906760e-02 0.000000000000000000e+00 0.000000000000000000e+00 8.477792580931921285e-02 0.000000000000000000e+00 3.572139384190582342e-03 1.020922495068203074e-02 1.425618537931506828e-02 0.000000000000000000e+00 2.342315796395214589e-01 1.466364474772316184e-01
0.000000000000000000e+00 9.882890810903952050e-02 6.849021910868899332e-02 1.055815139228203671e-02 6.781928409215798835e-03 0.000000000000000000e+00 1.642549219728194898e-01 2.624142429998189696e-01 1.896349509761161012e-02 2.431845057626294982e-03 0.000000000000000000e+00 6.532363046938842802e-03 5.222688942666071574e-04 0.000000000000000000e+00 4.305052696926234268e-02 0.000000000000000000e+00 0.000000000000000000e+00 8.881175735196125687e-02 4.005753766546656103e-02 1.045430550348916410e-02 5.247432641214175297e-03 1.368076230546212517e-02 0.000000000000000000e+00 0.000000000000000000e+00 1.589193334748361663e-01
0.000000000000000000e+00 0.000000000000000000e+00 1.323761965510468763e-01 5.272849137156978075e-03 0.000000000000000000e+00 5.901379149293937976e-02 1.773812569403232509e-01 1.642847639361668943e-01 0.000000000000000000e+00 2.773366000458460726e-03 0.000000000000000000e+00 0.000000000000000000e+00 7.173839142017600368e-03 0.000000000000000000e+00 9.121053035801413023e-02 0.000000000000000000e+00 3.702712110314378005e-04 4.242023057716820186e-03 1.671033423950301884e-03 0.000000000000000000e+00 0.000000000000000000e+00 1.159441900557759732e-02 6.814346036769600157e-02 1.548261350744128406e-01 1.196660643014914732e-01
9.487741239599022103e-03 0.000000000000000000e+00 1.357412994641813420e-01 1.983845955180591619e-02 0.000000000000000000e+00 9.358195739569723226e-02 0.000000000000000000e+00 1.832270879936095248e-02 1.566945222654659436e-02 1.170238234040232445e-01 0.000000000000000000e+00 1.439503533347860631e-01 0.000000000000000000e+00 3.734980104025771770e-04 1.194263588582268748e-01 0.000000000000000000e+00 5.459850065271764502e-02 2.955322152433220717e-02 1.858750278865186484e-02 0.000000000000000000e+00 0.000000000000000000e+00 1.448492301579312191e-01 0.000000000000000000e+00 4.872208637647728463e-02 3.027380621525984847e-02
2.302818011969574863e-02 2.854678260694926140e-02 9.468761574453349317e-02 0.000000000000000000e+00 2.514455753837192484e-02 1.940145067778859672e-02 1.643617501824679861e-01 5.548339101632882714e-02 1.159148680046871282e-03 0.000000000000000000e+00 0.000000000000000000e+00 0.000000000000000000e+00 0.000000000000000000e+00 1.526760545529099323e-04 1.181036411741242659e-01 7.417104366084936728e-02 0.000000000000000000e+00 6.053241235001453890e-02 1.445621466667695310e-01 9.253594284442830109e-02 0.000000000000000000e+00 9.637347855918094314e-03 1.068465975792586703e-03 8.742344685136775595e-02 0.000000000000000000e+00
