1.438147566184622694e-01 3.061726415220028790e-03 0.000000000000000000e+00 7.860140117154887363e-02 4.406346135221457083e-04 9.902251675795561980e-02 1.158615876960538693e-01 1.526436003604436653e-02 1.709462710220029102e-01 3.396255451248808219e-03 0.000000000000000000e+00 2.645404872081709782e-02 4.890850105240979477e-05 2.619927841175139719e-03 0.000000000000000000e+00 0.000000000000000000e+00 7.583450730058938910e-03 0.000000000000000000e+00 6.190129771285959176e-02 2.709828567119778042e-01
4.121097641477083212e-02 0.000000000000000000e+00 3.118783645336028511e-03 2.247379054036367507e-01 0.000000000000000000e+00 1.244213861939784810e-01 4.074025310795172106e-02 1.534434816739131957e-01 2.401656470209103181e-02 2.743518746688406330e-03 0.000000000000000000e+00 0.000000000000000000e+00 0.000000000000000000e+00 0.000000000000000000e+00 0.000000000000000000e+00 0.000000000000000000e+00 3.279529132021766907e-02 1.802730793069289017e-01 1.622784862356667357e-01 1.022027324882039158e-02
0.000000000000000000e+00 1.485754638298178998e-01 2.177326957571021002e-02 1.168086557822769211e-01 0.000000000000000000e+00 5.135650931286112053e-02 9.908897433464695925e-02 1.576574375222639934e-01 1.549108129212312390e-01 0.000000000000000000e+00 1.231253578401045020e-03 0.000000000000000000e+00 0.000000000000000000e+00 2.887261654142223369e-03 4.139624438759718916e-02 1.220541646707563530e-02 0.000000000000000000e+00 1.340733871331873609e-03 2.115177461553257796e-02 1.696161921471112666e-01
1.621977004182875715e-01 2.051044374175238216e-01 7.790283802808585512e-02 0.000000000000000000e+00 2.860650349655019867e-02 3.493746681686285549e-02 4.178706033159154676e-02 5.633226562188212161e-02 0.000000000000000000e+00 0.000000000000000000e+00 2.366653269159230415e-04 4.857757831950953314e-02 5.517923034623290618e-02 0.000000000000000000e+00 0.000000000000000000e+00 0.000000000000000000e+00 9.568785878297035585e-02 0.000000000000000000e+00 1.934503950935873573e-01 0.000000000000000000e+00
0.000000000000000000e+00 2.563107653125101110e-02 0.000000000000000000e+00 1.427076679358697635e-02 1.518810962491448369e-01 3.734524177705830783e-02 9.718145634655653634e-03 2.165760626097707753e-01 0.000000000000000000e+00 0.000000000000000000e+00 0.000000000000000000e+00 8.541093100753527345e-02 3.458544272940344139e-02 0.000000000000000000e+00 0.000000000000000000e+00 2.016788640119622500e-02 0.000000000000000000e+00 7.197618816611170423e-02 1.612836932951150770e-01 1.711534688051705444e-01
1.217182765482985596e-01 1.647888074409305237e-01 1.269068981016937755e-03 0.000000000000000000e+00 1.414712678575572313e-01 2.165971893282762073e-01 2.891464457838464550e-02 3.249622617284976533e-02 5.883410259939540060e-02 0.000000000000000000e+00 0.000000000000000000e+00 6.195682667086781920e-02 0.000000000000000000e+00 1.614604109446620556e-02 0.000000000000000000e+00 0.000000000000000000e+00 1.466149622031849842e-01 0.000000000000000000e+00 0.000000000000000000e+00 9.192586524771863971e-03
1.140421395947965530e-02 9.697488468031129072e-02 0.000000000000000000e+00 5.694178320155054290e-02 7.189691257680232150e-02 1.376690893349277467e-01 0.000000000000000000e+00 5.879193132794832688e-02 5.821230328490029603e-03 2.707451269497072703e-03 0.000000000000000000e+00 4.590276611390298883e-02 0.000000000000000000e+00 8.064148242888011242e-02 1.305340557402102052e-02 9.317979177626246889e-02 1.104389404641656219e-01 2.390365150591965485e-02 1.446235804392310142e-01 4.604888501861000016e-02
7.529054412388150840e-03 9.393468194687682946e-03 0.000000000000000000e+00 7.796431362625658168e-02 6.598549936988930449e-03 4.954300894470479305e-02 9.750918749651839301e-02 1.569136942685424863e-01 5.365492271005305874e-02 0.000000000000000000e+00 0.000000000000000000e+00 6.090945548971515855e-02 6.877349702826836275e-02 1.767315162420227959e-01 1.309638864471941375e-02 0.000000000000000000e+00 4.466172205680844082e-02 4.516042240339190016e-03 1.683689961466454943e-01 3.836182561340956403e-03
5.850059067187872788e-03 2.207640734351760947e-02 0.000000000000000000e+00 2.076493373037912038e-01 1.570912138044590622e-01 1.870092112894025660e-01 2.059007845078254101e-02 0.000000000000000000e+00 7.493557664510606953e-02 0.000000000000000000e+00 0.000000000000000000e+00 3.002880439946533850e-02 8.930722453655047521e-02 1.585410347081057589e-02 0.000000000000000000e+00 0.000000000000000000e+00 0.000000000000000000e+00 3.387896616736173899e-02 1.557290175215648442e-01 0.000000000000000000e+00
1.376040598848182750e-01 1.432231203277548603e-01 2.086078784324538193e-02 8.112779846297171749e-02 1.565513181732433590e-01 3.904195135780162002e-02 2.216856847335056842e-03 4.411058660301675483e-02 6.944764837822063608e-02 1.614907590965430628e-01 0.000000000000000000e+00 7.533969433194285734e-03 0.000000000000000000e+00 0.000000000000000000e+00 1.149022432334818322e-01 6.062956487439058288e-03 0.000000000000000000e+00 0.000000000000000000e+00 0.000000000000000000e+00 1.582594387093399710e-02
0.000000000000000000e+00 0.000000000000000000e+00 0.000000000000000000e+00 3.446649658121468673e-02 0.000000000000000000e+00 1.829703109603989242e-01 8.124754977979065096e-02 0.000000000000000000e+00 3.791124107362755288e-04 0.000000000000000000e+00 0.000000000000000000e+00 6.039312369031919064e-02 1.220813898047736074e-01 8.503191050866460571e-03 3.639165969714634047e-02 0.000000000000000000e+00 1.338934020503309077e-02 1.438714988140313844e-01 1.729965207913058134e-01 1.433098062143834117e-01
0.000000000000000000e+00 9.685966025787151601e-02 1.392112480756969514e-02 0.000000000000000000e+00 0.000000000000000000e+00 0.000000000000000000e+00 1.310037049107463589e-02 3.445530058471779622e-01 2.148078236216739365e-02 0.000000000000000000e+00 0.000000000000000000e+00 1.697120329505638903e-01 4.118197819066981430e-02 0.000000000000000000e+00 1.067465102672781382e-03 3.298651948955911434e-02 5.341163210593224617e-03 1.379490418325511891e-01 2.117170158332128821e-02 1.006751538742073904e-01
0.000000000000000000e+00 4.467280671795850755e-02 0.000000000000000000e+00 1.764248970603311817e-01 4.146396159663547076e-02 1.151122083757538661e-01 6.812676132649814892e-04 1.129308241089956900e-02 1.355109216862797061e-01 1.342483867424167435e-02 1.871157513532304166e-03 3.494293814315133865e-03 0.000000000000000000e+00 5.621472380350147832e-03 1.668909777740548717e-01 0.000000000000000000e+00 1.331275370625810694e-01 1.336756063319334553e-01 0.000000000000000000e+00 1.673497098786801834e-02
0.000000000000000000e+00 1.398860958229785345e-01 1.518980431229174088e-01 1.844276433549510985e-01 0.000000000000000000e+00 1.270607650780110898e-01 0.000000000000000000e+00 5.058808570740785243e-02 1.564232741177875308e-01 0.000000000000000000e+00 0.000000000000000000e+00 1.493084905507809437e-02 9.291767413099855794e-03 0.000000000000000000e+00 1.524050390469957328e-01 0.000000000000000000e+00 1.308843728077273803e-02 0.000000000000000000e+00 0.000000000000000000e+00 0.000000000000000000e+00
1.090971525141900753e-02 9.049820327017558952e-02 4.618595229252518523e-03 4.076686803741746273e-02 1.416573649060471340e-01 1.000156939371362325e-01 0.000000000000000000e+00 3.944041150168875465e-02 9.182159196355373434e-03 0.000000000000000000e+00 0.000000000000000000e+00 4.254508817041219998e-02 5.632393983615954086e-02 0.000000000000000000e+00 1.368671871738887935e-01 1.073376981530720260e-02 6.720277278295606893e-02 9.785238515472260978e-02 2.961863836668898568e-04 1.510896593533944676e-01
0.000000000000000000e+00 0.000000000000000000e+00 0.000000000000000000e+00 2.193268943779962954e-01 5.650893825813184043e-03 1.580486059160799706e-01 0.000000000000000000e+00 3.162220521864835265e-01 3.325088983777615970e-02 0.000000000000000000e+00 0.000000000000000000e+00 0.000000000000000000e+00 4.670162718168666127e-02 0.000000000000000000e+00 1.480912886334206924e-01 0.000000000000000000e+00 0.000000000000000000e+00 1.281372242147983329e-02 0.000000000000000000e+00 5.989402561926354673e-02
1.435735949635479347e-01 3.023949169719618996e-02 0.000000000000000000e+00 5.820604670835794955e-03 3.524725114146203681e-02 2.065477553149215884e-01 0.000000000000000000e+00 1.296185040147885825e-01 4.601263782908276284e-02 0.000000000000000000e+00 0.000000000000000000e+00 3.311726601020711924e-02 1.724537314195414769e-02 4.086844227870466834e-02 6.160969462522609269e-03 9.423940094033567139e-02 3.117263698815113393e-02 0.000000000000000000e+00 3.507752565615436524e-02 1.450585458901354763e-01
8.664487758264336967e-03 1.820763805190060702e-01 2.586472257449027104e-02 0.000000000000000000e+00 2.018579399654221729e-02 0.000000000000000000e+00 0.000000000000000000e+00 1.223868789452522976e-01 1.598996797759701105e-01 0.000000000000000000e+00 3.938273027559702189e-04 0.000000000000000000e+00 0.000000000000000000e+00 0.000000000000000000e+00 3.926894494569269783e-02 0.000000000000000000e+00 3.394190480783462055e-02 2.347547948592204527e-03 1.591648911245280851e-01 2.458049403010709455e-01
6.488085162843411358e-02 0.000000000000000000e+00 0.000000000000000000e+00 1.931670679738043128e-01 0.000000000000000000e+00 0.000000000000000000e+00 0.000000000000000000e+00 1.585219885610136825e-01 0.000000000000000000e+00 0.000000000000000000e+00 0.000000000000000000e+00 8.690774671381125416e-02 7.686450723428655141e-04 4.032329419746780858e-02 1.843993417434399151e-01 3.918508420482175875e-02 0.000000000000000000e+00 2.053955102653662046e-01 0.000000000000000000e+00 2.645046963949820515e-02
6.740677988039297554e-03 8.592500464886032585e-02 0.000000000000000000e+00 0.000000000000000000e+00 1.456891813626268462e-01 1.406824760903138960e-01 1.222829448669707870e-03 1.237046085455242861e-01 3.899048029022693374e-02 4.988288900797513198e-04 0.000000000000000000e+00 6.717920637571772602e-02 0.000000000000000000e+00 1.782785704971553281e-02 0.000000000000000000e+00 3.047275700655405206e-02 1.098125863889333823e-02 3.208841549526774816e-03 1.543987094789541492e-01 1.724772826362972189e-01
5.980121487246601447e-02 1.365616405608928996e-01 1.220859208366584323e-03 0.000000000000000000e+00 0.000000000000000000e+00 4.682790533978372499e-02 5.141716980141284275e-03 4.467261760625297617e-02 0.000000000000000000e+00 0.000000000000000000e+00 1.544931044119318350e-02 2.723238254974334471e-01 1.255162563107906915e-01 9.047023173293983200e-02 4.504536080496275401e-03 0.000000000000000000e+00 0.000000000000000000e+00 0.000000000000000000e+00 1.712451071775658584e-02 1.803853746514863798e-01
1.014101397132357706e-03 1.845387726407967527e-02 0.000000000000000000e+00 2.077408525333070688e-01 2.222930496015910768e-03 1.485874009327164090e-02 0.000000000000000000e+00 1.603806368131793503e-01 6.871635309356027843e-02 1.510611055531215496e-01 3.328971829959205542e-02 4.295081558095862478e-02 6.417764998979162694e-02 1.890097108058734290e-05 8.399336981491589693e-03 5.073246128731286053e-03 0.000000000000000000e+00 4.904236021042755050e-02 1.725993745942587809e-01 0.000000000000000000e+00
0.000000000000000000e+00 9.740071344890215144e-02 0.000000000000000000e+00 3.203418418235766119e-01 0.000000000000000000e+00 1.177055219784446105e-01 1.245147669323181661e-01 9.361937179537198339e-03 3.982952612007390619e-02 0.000000000000000000e+00 0.000000000000000000e+00 5.567176037785915438e-02 0.000000000000000000e+00 0.000000000000000000e+00 0.000000000000000000e+00 0.000000000000000000e+00 0.000000000000000000e+00 0.000000000000000000e+00 2.351739321392882498e-01 0.000000000000000000e+00
6.915892203966733653e-02 8.790214689103295620e-02 0.000000000000000000e+00 8.033585491991737659e-02 3.257640621422321775e-02 1.478292318871846645e-01 1.749360205728642259e-02 1.523118501393835866e-01 2.014183492978368316e-03 0.000000000000000000e+00 0.000000000000000000e+00 1.214784673378514479e-01 0.000000000000000000e+00 1.180891159253035227e-01 0.000000000000000000e+00 5.141010656313186634e-03 0.000000000000000000e+00 0.000000000000000000e+00 1.656692084388579622e-01 0.000000000000000000e+00
6.677072580175030803e-02 7.281163970791909579e-02 4.056141483780175555e-02 4.841592663356705795e-02 0.000000000000000000e+00 0.000000000000000000e+00 1.752576111224756483e-01 3.000304487114171040e-02 0.000000000000000000e+00 0.000000000000000000e+00 0.000000000000000000e+00 0.000000000000000000e+00 8.610268262152426244e-02 1.242038513700187696e-01 3.378974079580324141e-02 1.196687114301790422e-01 4.170908156691199159e-03 0.000000000000000000e+00 3.906004036974183857e-02 1.591837022813860081e-01
