2.487726461058640485e-03 1.135577451835501073e-01 1.687735859093620618e-04 1.227661925277901966e-01 9.055761896871196426e-02 7.132098934335676099e-02 1.246574983974371373e-02 2.325720279515350666e-02 6.461526091796851445e-02 0.000000000000000000e+00 1.068913342562301597e-02 5.150255626886987570e-02 8.068144252261284094e-03 8.068215410807197396e-03 7.477711216155048454e-03 0.000000000000000000e+00 2.195955133726711778e-02 1.076850998493963929e-01 1.438325537335826687e-01 1.395197748827946282e-01
1.173223284766393981e-01 2.473025881980438212e-02 2.157448529948022969e-02 1.785562033937332371e-01 8.539246305002917356e-03 1.838225722258194084e-01 0.000000000000000000e+00 0.000000000000000000e+00 1.635271507953496017e-01 2.779472710908928793e-03 9.382703282307494272e-03 5.518825788881727423e-02 0.000000000000000000e+00 3.921414612765833536e-03 2.143389703328033025e-02 1.067641639048876566e-02 3.720663940056705577e-03 2.653962264728971544e-03 1.447581776701774847e-01 4.741278889063899743e-02
6.422432203783698737e-03 1.640102906192679177e-01 1.052291176929386930e-02 5.268237052395123229e-03 1.647160378284941995e-01 1.142439311673774383e-01 3.781880423803753860e-02 7.683077759553474766e-04 1.064994113829530707e-02 8.360973299937450587e-03 3.391320727355175515e-04 6.092186136010028195e-03 1.310239891297161063e-01 3.968519890738726914e-03 5.263186425308945260e-02 2.959800069141726910e-03 6.480633953689237357e-03 1.094145964163076995e-01 2.100914500324555650e-02 1.432982659824879879e-01
6.128496457608301716e-03 1.212325052775949930e-01 2.400108030123812488e-03 9.407070005176988714e-02 4.373519823596945522e-02 1.139346236059996936e-01 1.732669593074379413e-02 1.556945368301325752e-02 1.378467670401112843e-01 1.676404978406579593e-01 1.199229298385993004e-03 1.271365475495072617e-01 1.100095565997681428e-02 1.983583169743603075e-02 7.004561959014732287e-04 1.341539794473020457e-02 0.000000000000000000e+00 0.000000000000000000e+00 3.551469085149926846e-02 7.131184464897036279e-02
0.000000000000000000e+00 1.280224462620675741e-01 0.000000000000000000e+00 2.702609010448599192e-02 2.867737884049190861e-02 0.000000000000000000e+00 5.840544063927762854e-04 1.526759491061757679e-01 1.056773970753924624e-01 0.000000000000000000e+00 0.000000000000000000e+00 3.598850137776554020e-02 1.741557831171934578e-01 9.977082610117754893e-03 2.435374028286415009e-03 0.000000000000000000e+00 9.186064414385490193e-03 0.000000000000000000e+00 1.801379746486311828e-01 1.454559040086136623e-01
3.280573345009120401e-02 1.585772221545418692e-01 3.419774399364829392e-03 8.254335309526630859e-02 8.436168020288673051e-04 1.264410043643312276e-01 0.000000000000000000e+00 2.132562619853123429e-03 2.547506243697993389e-01 4.062024037815472992e-04 5.519266578898207251e-03 6.786680800222782972e-02 0.000000000000000000e+00 4.382636742769771554e-02 7.474657319100622664e-03 1.192582394315458288e-01 0.000000000000000000e+00 8.488987286201052796e-07 6.747859170463228751e-02 2.665512697811049658e-02
7.263789299648559794e-02 4.466117464255726227e-03 1.786964427700494032e-02 3.145710463944911828e-02 6.131800866789365034e-02 1.842061931034714717e-01 5.553034813728442709e-02 7.286108850956837801e-02 2.890608775694930230e-02 0.000000000000000000e+00 2.005311192074518255e-03 1.393082060659230903e-01 6.394691886595112174e-02 7.227869389871116601e-02 2.039003269385067721e-02 2.548524156943061600e-02 1.174878064854629756e-01 7.897537291797349784e-03 6.458075606532371823e-03 1.548969077790353366e-02
1.690250292958966893e-02 1.187898176353251317e-01 1.080279462117356842e-02 3.428161877817813004e-04 1.161456828028492594e-01 8.085039938884095931e-03 4.801871171066859900e-02 3.357822236745822142e-02 2.207935824264537633e-02 1.336838790717312202e-02 7.661004105815494292e-03 8.245957807955502095e-02 3.536276867446967644e-03 7.741344715720888114e-02 1.471296696062507001e-02 2.086109934847398678e-02 2.133110624639478758e-01 5.423021323754866063e-02 1.081815075520303204e-01 2.951950988379881471e-02
1.387784177414471895e-02 1.791534293077920170e-01 2.027769933180252615e-02 1.748388932913938487e-01 1.259704591835017484e-01 2.339157723190929683e-01 7.302881287968409317e-03 1.730299660985503774e-03 7.511452044845559617e-03 0.000000000000000000e+00 0.000000000000000000e+00 0.000000000000000000e+00 1.715847508916400199e-02 3.278643019463619874e-04 1.460717715972260911e-01 8.519247084865342809e-03 2.773446895073225765e-03 0.000000000000000000e+00 3.114472358818385148e-02 2.942574324201385760e-02
7.732551784270007278e-03 1.288104765871562196e-01 1.025065694575279587e-03 3.644603795345621733e-02 1.406435542643184045e-01 1.913000366242085040e-02 1.398627159446396706e-01 2.316277242162552777e-02 5.685462591991279763e-02 2.020553921653596430e-02 0.000000000000000000e+00 8.085290788068191792e-02 3.035601095594999115e-03 4.097047204072298138e-02 2.541672466061360020e-02 5.732089980611108915e-02 0.000000000000000000e+00 1.770733779077201253e-01 1.606390578052804829e-02 2.539276737911615525e-02
4.284705675316566320e-03 1.009454229184726243e-01 0.000000000000000000e+00 7.022391425545051677e-03 1.111507198261006552e-01 5.613300210911447569e-02 3.896172659273802741e-02 2.228753830312239087e-03 5.077932138520087823e-04 1.190844008003290669e-03 0.000000000000000000e+00 6.517177476335719866e-02 1.396235779580151104e-01 1.129312639844549070e-02 3.420444077861543863e-02 0.000000000000000000e+00 2.227928007940740626e-02 1.106364791186206648e-01 1.523794272178723153e-01 1.419865340862113134e-01
1.356659469506463038e-02 6.766394782639229000e-02 2.673691266731606595e-03 2.300295670690503513e-03 1.093361745164611737e-01 1.124160270426846353e-01 7.186708149869121265e-02 5.291098566415699221e-03 2.708478433130187199e-02 1.618465871126991903e-02 2.389013762171244681e-03 1.308048252210861351e-01 1.002879226374820548e-01 2.332017863029868868e-02 6.319838914841886639e-03 1.313839396248782290e-03 0.000000000000000000e+00 1.146457212943155363e-01 1.361180305360514542e-01 5.641627548180060125e-02
0.000000000000000000e+00 1.904863238282316837e-02 1.023838912869521516e-03 3.436433360522582470e-02 6.990867622282942624e-03 5.901997587649685656e-02 1.666662460145120969e-02 9.898170143210335836e-02 1.572222723652666465e-01 1.307565229294842431e-02 2.788742757776254202e-02 1.767184191098072066e-01 3.723834617636463673e-02 3.543891872274405885e-02 1.310740808690294967e-01 0.000000000000000000e+00 4.787736283335911752e-02 0.000000000000000000e+00 4.423379415928323233e-02 9.313775146018185569e-02
1.744763458909975307e-01 8.336833272177783527e-02 6.173315641403941817e-02 3.723343321436749231e-02 2.049372373560911023e-02 1.707819579289369116e-01 2.785882474917360241e-02 2.851546125785610342e-02 0.000000000000000000e+00 0.000000000000000000e+00 0.000000000000000000e+00 1.422355055416647286e-02 5.035920095743461750e-02 2.879913253622757088e-02 1.495156775994155862e-01 1.187186152758641783e-01 2.649806214696564036e-02 0.000000000000000000e+00 7.424525017167947147e-03 0.000000000000000000e+00
8.615307087207410564e-04 1.382653622758968082e-01 1.027739153223530388e-03 1.686704791405980730e-01 1.567559330755750532e-02 0.000000000000000000e+00 3.270762973775855498e-03 5.551777059554721325e-03 1.470737429259653395e-01 1.913862668089637287e-02 0.000000000000000000e+00 3.489211215017231000e-04 1.708492602296204227e-02 1.393838563856261703e-01 1.410588741896185994e-01 6.842928323231981837e-05 0.000000000000000000e+00 0.000000000000000000e+00 5.337219629781934233e-02 1.491471824730508933e-01
5.469015878278276309e-03 9.888514190954180577e-03 1.303291768747864322e-02 9.921683795511872239e-02 1.839018372405459012e-01 4.738471331593905461e-02 1.485849669536882731e-02 6.265511962487510522e-02 1.539382840781453911e-02 2.985868902034429645e-02 7.688046391042077654e-03 7.751776773198906789e-02 2.954691087713494715e-02 1.609244625375457483e-01 5.510056825001342570e-03 7.012192426595749602e-03 2.922206834500871986e-02 4.414063083162955703e-02 1.567778940173351898e-01 0.000000000000000000e+00
1.342403426842369574e-01 1.757914168463958760e-02 9.721112809622234341e-02 6.122004563645601014e-04 8.742745017160813426e-02 1.987617489234159152e-01 4.540585195943627750e-02 1.144877950606704026e-01 6.645798910284296535e-02 0.000000000000000000e+00 0.000000000000000000e+00 1.246458861677738304e-02 8.641071154547392196e-04 6.321580907827708228e-03 1.241285024179861023e-02 1.907998648307366501e-03 1.187055103668118805e-03 7.980329890561840833e-03 7.095365067632755651e-02 1.237241906598395419e-01
0.000000000000000000e+00 6.440702035529230485e-02 9.930668957600365890e-04 0.000000000000000000e+00 1.343072336200811789e-01 1.351371224913883451e-01 4.123672484431153973e-02 6.650579090856482967e-02 5.765983336188357233e-03 3.104355802266648909e-02 0.000000000000000000e+00 4.560694288480248576e-02 1.745979674451508812e-01 9.449821105636873123e-03 1.538484268724478465e-01 1.660372652377390540e-02 0.000000000000000000e+00 8.886072618970805581e-02 2.815413350091355849e-02 3.481755003313212558e-03
0.000000000000000000e+00 1.157464043574756296e-01 2.491535309781153004e-03 8.827485711974308868e-03 1.394741661934832677e-01 1.501259904573761308e-02 6.644671431974931430e-02 1.199769466343190705e-01 4.660968289693582373e-02 0.000000000000000000e+00 4.914686468662553352e-04 5.689825444398253357e-02 3.309394873155624417e-02 4.374881297050078714e-03 1.496716704182184665e-01 6.474007464477870601e-03 2.240806065428391919e-02 1.647531403054916174e-02 1.121005748625052839e-02 1.843168023573086567e-01
1.293923797024364511e-02 1.412075635936445306e-01 1.068205201995904401e-03 2.504678600641752767e-02 5.906966748004248424e-02 3.795144178853701242e-03 2.780808835801571594e-02 1.484174055389517188e-01 1.561848487355581017e-01 2.897135196232264800e-02 1.115904442027987158e-02 4.406751543499739555e-03 7.352156275412936697e-03 0.000000000000000000e+00 1.558179874681798593e-03 5.110542409998684345e-03 0.000000000000000000e+00 2.982112213824854655e-02 1.567171281269659211e-01 1.793667761848664888e-01
1.144511485843122539e-01 1.675426770084025296e-01 6.868672256054029687e-03 1.667543564047689053e-01 1.474949892280857239e-02 1.298471931579122385e-01 5.150593631862392238e-04 4.519123812541401240e-03 1.447396457361930788e-01 2.204889985751407391e-02 0.000000000000000000e+00 2.140992506342297499e-02 0.000000000000000000e+00 1.597449168642353298e-02 1.451243027389384210e-01 4.014453713321586986e-03 0.000000000000000000e+00 0.000000000000000000e+00 4.356765485354366363e-03 3.708378620884579535e-02
8.781577366640723687e-04 1.545016327920709087e-01 0.000000000000000000e+00 4.687218824690878027e-02 1.067239542411029321e-02 2.657143441431414690e-02 6.087957444006599460e-03 1.296606968816622074e-01 1.060022194141409940e-02 9.238525352486458243e-04 4.785007994275021666e-03 1.134256206607599932e-01 1.448148913618396982e-01 1.061756400084514634e-02 8.532669286081239965e-03 4.635147645851229320e-03 8.848815497611010883e-02 5.207957359396221154e-03 1.323748243822983339e-01 1.003496249161434095e-01
1.155385934007265719e-01 1.998733908153040376e-02 0.000000000000000000e+00 1.411633102121345740e-01 1.664705284168711830e-02 1.906426843515018621e-01 1.577525202377308422e-02 2.005493938251870153e-02 1.369490681793893716e-01 0.000000000000000000e+00 4.254290039904424364e-03 2.253549659815425391e-02 4.998479944034610323e-02 3.922673929984920455e-02 6.182207570376436513e-03 2.175955215700426520e-02 2.880618196123414104e-02 0.000000000000000000e+00 1.437522226484471144e-01 2.674027081142241885e-02
1.699130406297087151e-04 1.017066239197607080e-01 3.324222152515084704e-03 0.000000000000000000e+00 7.486543069473677869e-02 1.510940988713254385e-01 7.624245777400361079e-02 3.097706252265565105e-02 4.426452861925019716e-02 5.844845219738305014e-04 4.658774052952363055e-03 6.783751425820248870e-02 1.532714851074867823e-01 8.631236499979330970e-03 9.782612554453605849e-03 2.885298263049868896e-03 0.000000000000000000e+00 0.000000000000000000e+00 1.328131936715833128e-01 1.368910634754411937e-01
6.252105543518514386e-02 1.967852931919847892e-01 5.764628064601327873e-02 6.193784718427439856e-02 5.730091096962343193e-03 0.000000000000000000e+00 7.856629641098723804e-02 2.320477601974920215e-02 1.469887181706457935e-01 3.418518119864651572e-04 5.797800421226594276e-04 1.221948213896173474e-02 2.511815518082651660e-02 1.092828835005453109e-01 4.278412751050499063e-02 5.456609276534092785e-03 0.000000000000000000e+00 1.277582682540492898e-02 1.778154086089154054e-02 1.402793846964197066e-01
9.729038394066072057e-03 1.346542295942741163e-01 1.132982941080478562e-02 1.352362372836503068e-01 7.892737843943901238e-03 1.338206483260774571e-01 1.437085999922509474e-02 1.736103304142759540e-02 1.393762087597722465e-01 3.353678784075336122e-02 5.587722794826608871e-03 2.705920436305948168e-02 0.000000000000000000e+00 3.889632027230058558e-03 2.340431776139245343e-03 9.223838691946121757e-03 2.000672661491204873e-01 2.891628676087202535e-03 6.979241645683068040e-02 4.184024857076513310e-02
4.275628879081365408e-02 1.059606098081040948e-01 9.151725679975757435e-03 1.906957488123930955e-01 1.421873701586692518e-01 1.159353944633339656e-01 1.794629102655956668e-02 1.253551738582711905e-01 3.018184042924659458e-02 0.000000000000000000e+00 1.543277701962950240e-03 1.782974630686046027e-03 4.907954402129969390e-02 0.000000000000000000e+00 1.023567134959417202e-01 1.971142233082017609e-03 9.455586867587266117e-03 2.048187696503553021e-02 3.109911680628272765e-02 2.059324250754822252e-03
0.000000000000000000e+00 1.292619226347429262e-01 0.000000000000000000e+00 3.648704600775529161e-02 1.199761397951170233e-01 8.830887243054358696e-03 9.503012278221653966e-03 5.498384717733276889e-02 8.643610691136131841e-02 1.225620644450321345e-01 1.292532297370296889e-03 3.169578633493049663e-02 1.238040849870944426e-02 3.178873884046644338e-02 1.312052294497928484e-02 1.332875571657129044e-03 1.430239205757531142e-02 3.081993045430634140e-02 1.590089365081537309e-01 1.362168499992340853e-01
4.326880716791291215e-02 1.491511622470768073e-01 0.000000000000000000e+00 6.374096866863113511e-03 1.432384199166026051e-01 7.395799462120995760e-03 1.793329522136305129e-02 1.347630111276865716e-01 4.808642114436856296e-02 4.248188496914489555e-03 4.396452701829907037e-03 1.312233506672567940e-01 2.427952792534893503e-02 0.000000000000000000e+00 6.444729057908433860e-03 1.454106917898708579e-02 9.406794599806914863e-04 3.588560455507502217e-02 8.011731027907052771e-02 1.477120745236336352e-01
0.000000000000000000e+00 2.173188108860691845e-02 0.000000000000000000e+00 2.147486363124034500e-02 3.021631105453544824e-02 5.626394253211045027e-02 1.328156215699252685e-02 3.960828828506557202e-03 4.040376236141834942e-02 1.330824883286393367e-01 0.000000000000000000e+00 4.669100613258435339e-02 1.973185402646242814e-01 1.236848253904259398e-01 1.565787979914932682e-01 4.171140943617331759e-02 7.565741787331603518e-02 7.323803418849294698e-04 0.000000000000000000e+00 3.720998258744794701e-02
2.137339417168037867e-02 2.152267823277064646e-02 0.000000000000000000e+00 1.576544490535970455e-01 2.618533006028417320e-02 2.139753157712649678e-02 7.021928769876186437e-03 1.721790524575365633e-01 1.002789908566398686e-01 4.383169487770991607e-02 0.000000000000000000e+00 6.613383370931290306e-02 0.000000000000000000e+00 1.877330784456577521e-04 1.666013234468408932e-01 1.254455074591697139e-01 2.277519983061706416e-02 0.000000000000000000e+00 4.741135241839244258e-02 0.000000000000000000e+00
0.000000000000000000e+00 1.431901107762278014e-03 4.609953911267678471e-03 1.307459957969442366e-01 1.114476219188889616e-02 1.796148125695770092e-01 1.884461625002062726e-02 7.770065666340447708e-02 7.905060285806175813e-02 3.924770501791837417e-03 3.395438418651715480e-03 1.115776413522003713e-01 7.616770279862253301e-02 0.000000000000000000e+00 3.210344038550219398e-03 2.849928382040980285e-03 9.826412635674658391e-03 1.233288042524185008e-06 1.546945760015263072e-01 1.312086512339717126e-01
2.886730844869435028e-02 6.569455737970568421e-03 3.730671021412538483e-03 4.333227649178835600e-02 2.138294002618668088e-02 3.684610579648768536e-02 1.013683843070881802e-02 6.306670399106708950e-03 3.039296158897125122e-01 5.800037686092303704e-03 5.601066365558713539e-03 1.068932273925950055e-01 3.929242383334417832e-02 2.525428985791388845e-02 4.137779780631671567e-03 7.349297805726970681e-03 3.656370445514385299e-03 1.400608348881434151e-01 5.327502582954683763e-02 1.475777638728642815e-01
8.204785802034117101e-03 1.272779800235562253e-01 2.665024155261351731e-03 1.230077490435440082e-02 6.510914137509535293e-02 1.311427028464325073e-01 1.526182661232297101e-02 1.313502165627296880e-01 6.762154012196034368e-03 0.000000000000000000e+00 0.000000000000000000e+00 4.287237135750012612e-02 1.423596927444008287e-01 1.588591349137790515e-02 2.088475332638509846e-02 4.174224185013781369e-02 7.014589480971863966e-02 2.815133331975271797e-02 8.086595339482734179e-02 5.701723941191669948e-02
0.000000000000000000e+00 4.124916674019800389e-02 1.050616333004305390e-05 4.358333118094834084e-03 1.088334932658981957e-01 6.717111550217375049e-02 1.089920583295285461e-01 1.099659433526306990e-01 2.153740620154152297e-01 1.897348932887580643e-03 2.837280033016611330e-02 1.079791147455687744e-01 2.514184084961650079e-02 1.741729398006689952e-02 6.750312373022246404e-03 1.165317935058007327e-02 0.000000000000000000e+00 0.000000000000000000e+00 1.420856100547139844e-01 2.747820896108467588e-03
1.008116827092562541e-02 5.391304226491115681e-02 6.804272876603423628e-03 1.315033865425529191e-01 3.889738336577529959e-02 1.428443412255084310e-01 1.279129163530455179e-02 2.636377806042631416e-02 1.131748145166079633e-01 1.608747772084879318e-02 0.000000000000000000e+00 2.757103994924468490e-02 3.164326985778617013e-02 5.920583609644652218e-02 1.483696491683546836e-01 2.235262643183152237e-02 1.258958624852149488e-01 9.421166698246424788e-04 1.678622326517131835e-02 1.477241959666095693e-02
2.710792021165575258e-02 1.646394536240932543e-02 0.000000000000000000e+00 9.632830692142395693e-03 1.095066515064725687e-03 1.703366063103874395e-01 6.775686794654237066e-02 1.624812291128778161e-02 3.555039780888508139e-02 0.000000000000000000e+00 5.562375723885400018e-03 2.385094981198510738e-02 1.457013463594245828e-01 1.153880356458202028e-01 1.702674383891447929e-01 0.000000000000000000e+00 0.000000000000000000e+00 1.247814053708700029e-02 3.413891763630256745e-03 1.791460640106476709e-01
2.497999106028951644e-02 9.066238657024140724e-02 1.269632668661195389e-02 4.544819137916248503e-02 3.171409728113262425e-03 1.328215287742288975e-01 0.000000000000000000e+00 1.210986664113786054e-01 2.418655514640500118e-02 8.040772055745812330e-03 0.000000000000000000e+00 0.000000000000000000e+00 1.438369540674585001e-01 2.217743208172657729e-02 1.673204382545317656e-03 2.526297290088253596e-03 3.887436763371338554e-03 1.713859014879263662e-02 1.905028171968791706e-01 1.551514402569611206e-01
1.889083627829206066e-02 2.142401173667433240e-02 5.703410582750012212e-03 1.235671475760823645e-01 2.100003581471124869e-01 1.106514594596860607e-01 2.631647336573553903e-02 2.999352345389483254e-02 2.586437694567415499e-02 2.036148295473324057e-02 0.000000000000000000e+00 2.534652008689798272e-02 9.032522841452027274e-03 1.432841311954048125e-01 1.868921435562814065e-02 3.861675416960660967e-02 0.000000000000000000e+00 2.442173049034501026e-02 1.410651933925217982e-01 6.770852967508622644e-03
0.000000000000000000e+00 1.406451408364261801e-01 5.749046495735926111e-03 3.580155421212181943e-02 1.285753094920870920e-01 4.124474396515672575e-02 7.467624467165998037e-02 0.000000000000000000e+00 1.351903134242271043e-01 7.079376839600448265e-03 1.139203905425882971e-02 2.061834105460750438e-02 5.205368758163862047e-02 6.795672667043404884e-03 1.737737921773115091e-02 0.000000000000000000e+00 1.068325387754439325e-02 1.521617291100526292e-01 1.432968826873954049e-01 1.665928481271282402e-02
1.651088973481526717e-03 1.421311742642726306e-01 8.444033274919030344e-03 1.992384788776585189e-02 2.481369757892898376e-03 1.165269174355208770e-01 1.043343589078105267e-02 1.080515085091308253e-01 4.023025287363803104e-02 0.000000000000000000e+00 3.365791998802375364e-03 4.270608996617088898e-02 1.586455032506969010e-01 7.755806417691688166e-03 1.361878245180369873e-01 0.000000000000000000e+00 0.000000000000000000e+00 0.000000000000000000e+00 4.714003550033132872e-02 1.543253194808671680e-01
1.089496056374310712e-01 8.275969726102842816e-02 1.751851880009203707e-04 3.032991161384042747e-02 1.772706357470124339e-01 1.438325417510077642e-01 0.000000000000000000e+00 9.594340202655123051e-02 8.387023787929719087e-02 0.000000000000000000e+00 6.524497011500638311e-04 4.430502997863489112e-02 4.705620130717030891e-02 9.456523800877863692e-03 2.553395147934309217e-02 6.883308260250266264e-02 0.000000000000000000e+00 3.618332433289906530e-02 2.855644087471936876e-02 1.629177881853315080e-02
5.052814639378262231e-03 5.639451976605357186e-02 1.385630161071525583e-02 7.931323421587236147e-03 5.692168666711656250e-02 6.149173209067002044e-02 0.000000000000000000e+00 9.739768727728072284e-02 1.355932285213566346e-01 2.153235815982292023e-02 0.000000000000000000e+00 1.143295746873953800e-01 0.000000000000000000e+00 0.000000000000000000e+00 5.717845499835639937e-03 8.935868969413941071e-03 9.712670854138795440e-02 1.634667955645003820e-02 1.613869593215569997e-01 1.399847112699788010e-01
1.556665520477126981e-02 1.255472727055537974e-01 3.071734760593808865e-03 4.672086021409643797e-03 6.455163670837519088e-03 6.502820717095568470e-02 2.456781632221279738e-02 2.736371831947935138e-02 2.185022585013748561e-02 8.470513704789326553e-03 2.080322646965593325e-02 1.898625608159749123e-01 1.490184282271574678e-01 3.300512152533120486e-03 4.984269452095746455e-02 0.000000000000000000e+00 1.179778849569339538e-01 1.186043454090377341e-01 2.488919499161032500e-02 2.310775872539849729e-02
0.000000000000000000e+00 2.221732575874570681e-01 7.641106975233041831e-02 1.733768891605682594e-01 1.901860028698282995e-02 1.418284102825282111e-01 1.800610195210232758e-02 1.108084994208750548e-03 1.724560231599812010e-03 0.000000000000000000e+00 1.347923200957240261e-02 0.000000000000000000e+00 3.922037676870443988e-03 1.752280352734854676e-02 1.577714212230710011e-01 8.736178527370720703e-04 1.215747961271692879e-01 4.216854135642068672e-03 2.296117379196661867e-02 4.031089407844854096e-03
9.092616928742919269e-02 3.977049500559022913e-03 1.001864790103418681e-02 0.000000000000000000e+00 3.545945506939836289e-02 2.566633243212931847e-02 7.571219494006295458e-02 4.927507660097954489e-02 2.185597330206118516e-01 0.000000000000000000e+00 1.806522035781297011e-02 3.334768619296313991e-02 1.053366148744678925e-02 5.719535966042772063e-02 3.452170046947575233e-03 2.099627435468540484e-02 1.200743898837164196e-02 1.718415297205813097e-01 1.336781214554295105e-01 2.928787898312966084e-02
1.276023959314202816e-01 1.387971457606216041e-01 1.675690625125177483e-02 1.627834574277322796e-02 7.663462824156830680e-03 2.873965911057617395e-02 7.653178464614491042e-03 3.077263228262582667e-02 2.313974555881141981e-01 8.423044755243773527e-04 1.980859563674597021e-02 2.475827788584974293e-02 5.890912564070556467e-02 7.953175389282018948e-02 5.305289329391872644e-03 3.539652239232189950e-03 0.000000000000000000e+00 0.000000000000000000e+00 4.004538670886490653e-02 1.615984322347107927e-01
2.876395262175449226e-03 5.461954581679050180e-02 1.121291903017154583e-02 2.044113719939046891e-01 1.960737745942230104e-01 1.384142369693483476e-01 4.109903521109257996e-03 4.839714226706081507e-02 3.603639883171554786e-02 0.000000000000000000e+00 0.000000000000000000e+00 1.624128098434556716e-02 5.228885355151526027e-02 1.030609566297909993e-02 1.471025820351654356e-01 3.798366685360123757e-02 5.535343467624176221e-03 0.000000000000000000e+00 1.908115799833562387e-02 1.530933115993447086e-02
3.284101230426333257e-02 1.515025964973066852e-01 0.000000000000000000e+00 3.792520046710796261e-02 5.229481462439896505e-04 6.180720285808455686e-03 8.210104873692100624e-02 4.856927899685900551e-02 1.055572154178488070e-01 2.662114380137652753e-02 0.000000000000000000e+00 9.166157658623996785e-03 1.288650400507887483e-01 4.483411673193636593e-02 1.240663985166491901e-01 1.714790633317523315e-03 1.227715626157081935e-01 2.856578266523134013e-02 7.196520082475497439e-03 4.099846639153357369e-02
0.000000000000000000e+00 8.169643133992605943e-02 2.598523480072282080e-02 2.599192618455652137e-02 2.402547883889844249e-01 1.365414449636295213e-01 1.037482626282265480e-01 1.723477152239208550e-04 4.510367153923886679e-02 0.000000000000000000e+00 0.000000000000000000e+00 4.625624705073275861e-02 2.845577615285359296e-02 9.236231732873267930e-02 8.106218619187054164e-03 5.880229598779009720e-03 6.938671664927171037e-04 3.461345468091858463e-03 1.383465025425924810e-01 1.694338851202925947e-02
