0.000000000000000000e+00 4.199340576389016394e-02 2.027481325255554023e-01 0.000000000000000000e+00 6.845431719896057088e-02 0.000000000000000000e+00 0.000000000000000000e+00 0.000000000000000000e+00 0.000000000000000000e+00 3.889698944389907232e-04 0.000000000000000000e+00 8.476107120131502054e-03 0.000000000000000000e+00 0.000000000000000000e+00 2.098831060941567794e-01 0.000000000000000000e+00 1.430292837871748879e-01 2.135645682082085162e-02 0.000000000000000000e+00 0.000000000000000000e+00 0.000000000000000000e+00 0.000000000000000000e+00 3.199762647661445053e-02 1.002883097104459720e-01 1.713842846078103277e-01
1.878290308021610122e-02 6.793949584354230797e-02 1.178718159496021101e-01 0.000000000000000000e+00 4.353731753755599176e-03 3.340793334535340289e-03 0.000000000000000000e+00 2.749187677212811542e-01 1.249489199449764845e-02 5.137133300203839542e-02 0.000000000000000000e+00 0.000000000000000000e+00 0.000000000000000000e+00 0.000000000000000000e+00 0.000000000000000000e+00 0.000000000000000000e+00 1.203662264842596391e-01 6.507105204664949058e-03 0.000000000000000000e+00 3.717500629640651242e-04 5.724520173967419766e-03 3.448402033121810567e-02 0.000000000000000000e+00 1.585543800523239177e-01 1.229182650111331626e-01
1.517970032622223278e-03 6.830994890285950472e-02 0.000000000000000000e+00 4.714618852109062411e-03 0.000000000000000000e+00 0.000000000000000000e+00 1.961560682512362985e-01 2.026957254927480023e-01 2.376321294836976697e-02 0.000000000000000000e+00 0.000000000000000000e+00 0.000000000000000000e+00 0.000000000000000000e+00 3.944744360307202852e-02 1.208982983352875490e-01 2.101852691563745740e-02 1.350134060190478873e-02 5.941431199022716159e-02 0.000000000000000000e+00 1.155495189436629988e-01 0.000000000000000000e+00 1.896687609833174262e-02 0.000000000000000000e+00 2.310034960017608857e-02 9.094578943175525565e-02
1.055476990960539790e-01 4.013285125037974188e-02 0.000000000000000000e+00 0.000000000000000000e+00 1.538078365934244518e-01 3.982947969022467005e-03 5.258720581958895718e-03 0.000000000000000000e+00 1.123884925814258862e-01 0.000000000000000000e+00 0.000000000000000000e+00 7.957771821342378427e-02 0.000000000000000000e+00 0.000000000000000000e+00 3.984585049982202615e-02 0.000000000000000000e+00 8.519313072135921427e-02 0.000000000000000000e+00 0.000000000000000000e+00 4.666773105843966332e-03 1.230602274401044333e-01 4.142708632212742381e-02 4.335582756396980791e-03 1.900430465979978389e-01 1.073203627065892271e-02
9.648719499666229271e-02 0.000000000000000000e+00 1.972583525667373841e-02 0.000000000000000000e+00 4.968914714187077156e-03 1.200468730032014895e-02 8.669201269988958958e-02 1.919639991451755068e-01 0.000000000000000000e+00 1.389796704752086463e-02 0.000000000000000000e+00 1.379642981716320549e-01 0.000000000000000000e+00 0.000000000000000000e+00 1.895010558092196512e-02 0.000000000000000000e+00 8.500949376047568784e-02 9.931256598889120005e-03 3.227641319976277262e-02 0.000000000000000000e+00 6.298731784915931851e-03 0.000000000000000000e+00 7.954263969392462441e-02 1.934348691069485981e-01 1.085158094209996878e-02
0.000000000000000000e+00 2.970051569270383204e-02 2.439657115844258775e-02 0.000000000000000000e+00 2.890155399763994284e-02 1.955137350179447960e-03 1.594184461442466616e-01 2.061052396434331635e-01 0.000000000000000000e+00 3.434164399229697445e-03 0.000000000000000000e+00 2.190883833614056930e-03 0.000000000000000000e+00 1.247404887146530937e-02 9.907890316923563534e-02 1.098041179904614278e-01 0.000000000000000000e+00 3.377548578215512978e-03 0.000000000000000000e+00 0.000000000000000000e+00 0.000000000000000000e+00 4.220161933598959997e-02 8.158472128758804953e-02 1.945101761433960519e-01 8.663524041589955793e-04
0.000000000000000000e+00 9.782988107621394536e-02 1.253171122251640901e-01 0.000000000000000000e+00 1.444644862312904621e-01 1.323760062942408999e-01 6.526617259706760099e-02 3.981883178409628687e-02 0.000000000000000000e+00 5.459899822271351705e-02 0.000000000000000000e+00 0.000000000000000000e+00 0.000000000000000000e+00 0.000000000000000000e+00 3.644979255631185244e-02 4.958232430122362991e-03 0.000000000000000000e+00 0.000000000000000000e+00 1.555755845183494357e-01 0.000000000000000000e+00 0.000000000000000000e+00 0.000000000000000000e+00 2.445698578662993186e-02 7.628998678785167686e-02 4.259792948994790829e-02
1.129889158390203624e-01 3.894068481121016473e-02 6.111765846800775240e-04 9.719351075881363031e-03 1.333043563079352491e-02 7.254616370999341680e-04 1.231649166800354023e-02 1.408258582256311786e-01 2.604291461901113089e-02 2.044314333319069768e-02 0.000000000000000000e+00 1.832859471630186171e-02 0.000000000000000000e+00 0.000000000000000000e+00 1.395557860713610709e-01 0.000000000000000000e+00 1.259452285190419130e-01 0.000000000000000000e+00 4.714462116216394660e-02 0.000000000000000000e+00 0.000000000000000000e+00 1.474917342344384263e-01 0.000000000000000000e+00 1.378977278875090084e-01 7.691873984661959721e-03
0.000000000000000000e+00 1.562613977579187935e-02 1.221939093277993604e-01 2.591168398546127554e-03 2.148696089368970497e-02 2.353016547703698849e-02 9.906296877397446562e-03 1.463479244475301422e-01 2.137516088478688681e-02 4.730841331657540359e-03 0.000000000000000000e+00 1.139262052480220777e-01 1.695686095625592148e-03 0.000000000000000000e+00 2.793880399482193480e-02 0.000000000000000000e+00 2.283335780565112598e-03 8.360993510320798017e-02 0.000000000000000000e+00 6.063631025736349565e-03 0.000000000000000000e+00 1.596168506614827620e-01 2.790310112536040655e-03 2.264261670365709522e-01 7.860507527194917146e-03
0.000000000000000000e+00 0.000000000000000000e+00 7.892206520659074409e-02 0.000000000000000000e+00 2.090199196934216727e-02 4.634024348816281197e-02 1.449215517613105242e-01 8.242026200070518005e-02 7.814186826944530262e-02 5.364928231681549524e-03 0.000000000000000000e+00 2.686158943727355933e-02 0.000000000000000000e+00 0.000000000000000000e+00 1.739310553432553419e-02 1.048007216073126996e-01 0.000000000000000000e+00 0.000000000000000000e+00 5.973094943654322191e-03 2.413125491363002362e-02 0.000000000000000000e+00 6.911154896111902646e-03 1.579228374845451643e-01 7.312276711203914703e-02 1.258705631438693795e-01
0.000000000000000000e+00 9.674160299414792663e-03 1.584301823219771421e-01 2.564611899314553009e-02 5.448324684393166320e-03 2.199065320270393240e-02 2.357442273037735347e-01 1.615261546777184698e-01 0.000000000000000000e+00 0.000000000000000000e+00 8.304375420000106867e-03 1.236076633859421597e-01 3.841591555759848401e-03 0.000000000000000000e+00 1.433718857164152649e-01 0.000000000000000000e+00 0.000000000000000000e+00 0.000000000000000000e+00 0.000000000000000000e+00 0.000000000000000000e+00 0.000000000000000000e+00 1.679782367322343655e-03 9.263204786809886571e-02 0.000000000000000000e+00 8.102832203334837599e-03
6.465563058702369047e-03 0.000000000000000000e+00 1.182231453135728777e-01 3.615126364173924713e-03 1.658154655518024323e-01 0.000000000000000000e+00 1.424444505416279649e-01 1.577842624418368533e-01 1.176414029844896798e-02 2.860485393665023607e-03 0.000000000000000000e+00 3.154792526948677848e-03 0.000000000000000000e+00 0.000000000000000000e+00 4.690127345441316709e-02 8.966650694480121685e-04 3.825537874268086780e-02 0.000000000000000000e+00 1.345180858182558892e-01 2.730561752895697015e-03 0.000000000000000000e+00 9.784143170824737001e-02 0.000000000000000000e+00 2.796309285233992276e-02 3.876607911093982867e-02
0.000000000000000000e+00 1.037929358646639232e-02 1.589688308705789754e-01 0.000000000000000000e+00 3.996850803581148553e-02 1.374770693243964172e-03 1.672963504652607847e-01 1.171195538083489029e-01 1.673979294662061509e-02 3.578585395384691146e-03 0.000000000000000000e+00 3.506177835818690552e-02 1.401724967585375459e-01 0.000000000000000000e+00 0.000000000000000000e+00 2.787098972714309106e-02 1.428029870606649550e-02 7.367385648220430017e-02 8.814726168742539197e-03 0.000000000000000000e+00 1.476397211272612031e-02 1.076468853442229673e-01 0.000000000000000000e+00 7.501110618406381728e-03 5.478819992204776029e-02
6.479602118671808075e-02 0.000000000000000000e+00 0.000000000000000000e+00 5.195484316437960076e-02 1.414352256474797342e-01 0.000000000000000000e+00 4.125864653907441136e-03 0.000000000000000000e+00 0.000000000000000000e+00 1.907234989448396700e-01 0.000000000000000000e+00 2.758690249211084855e-02 0.000000000000000000e+00 0.000000000000000000e+00 1.214407814585158479e-01 2.688961882263637236e-05 0.000000000000000000e+00 1.484876290112597252e-01 4.687841884009287530e-02 9.667820621010479515e-04 0.000000000000000000e+00 9.975549395034954622e-03 1.260399286145070727e-02 0.000000000000000000e+00 1.789976006632869321e-01
0.000000000000000000e+00 3.417803335719944713e-02 1.401193978433991627e-01 0.000000000000000000e+00 5.589138808817576548e-02 0.000000000000000000e+00 5.559325698921167846e-03 1.594739158107154609e-01 0.000000000000000000e+00 0.000000000000000000e+00 0.000000000000000000e+00 1.238670783414450444e-01 0.000000000000000000e+00 0.000000000000000000e+00 6.410512158060747978e-02 0.000000000000000000e+00 1.643733765353305731e-01 1.501382000177348477e-02 0.000000000000000000e+00 6.959923575075037394e-02 0.000000000000000000e+00 2.291716937469112300e-02 0.000000000000000000e+00 1.780459529479906655e-02 1.270975423221917811e-01
1.715575870350204840e-02 5.868657210140185848e-03 1.289343574573367235e-01 5.558741276552377208e-03 4.495706019041888907e-02 0.000000000000000000e+00 1.652663759088830175e-01 1.566812540073298232e-01 0.000000000000000000e+00 1.832151288783264928e-02 0.000000000000000000e+00 1.928014505700544751e-02 0.000000000000000000e+00 0.000000000000000000e+00 1.441305426839887237e-02 0.000000000000000000e+00 0.000000000000000000e+00 0.000000000000000000e+00 0.000000000000000000e+00 0.000000000000000000e+00 0.000000000000000000e+00 1.400674927148171378e-01 1.350066875147111212e-01 1.484889028030718094e-01 0.000000000000000000e+00
0.000000000000000000e+00 7.767737359390974872e-02 0.000000000000000000e+00 0.000000000000000000e+00 3.795007831842991258e-02 0.000000000000000000e+00 1.591657176711720467e-01 1.733500168826518639e-01 3.932414037785567605e-03 3.654353034032867265e-02 0.000000000000000000e+00 1.441295993285673094e-01 0.000000000000000000e+00 1.187688156343765997e-02 9.515810793049164079e-03 0.000000000000000000e+00 3.435230523448873276e-03 5.156482031818056949e-02 1.574013345058977720e-01 4.525893112771855326e-02 1.819562760804782631e-02 5.825646785383763182e-02 1.174616553353682868e-02 0.000000000000000000e+00 0.000000000000000000e+00
3.560788719908828900e-04 1.070494838103781821e-01 9.667812299606169668e-02 3.685993369918015962e-04 1.180696581664884004e-01 1.569490659997507592e-03 6.842284289750617809e-02 1.443768152889213785e-01 0.000000000000000000e+00 0.000000000000000000e+00 0.000000000000000000e+00 2.899091127056854789e-02 0.000000000000000000e+00 0.000000000000000000e+00 1.055832335956608803e-01 4.210873803476932083e-03 4.102371536528867657e-02 0.000000000000000000e+00 1.493401756950402670e-01 7.441636606068053987e-03 0.000000000000000000e+00 1.063494491784594959e-01 1.006590131193180714e-02 0.000000000000000000e+00 1.010301114516937854e-02
6.567856325258379646e-02 9.131784796583919395e-02 5.209934436680939418e-02 3.929541960224255948e-03 0.000000000000000000e+00 0.000000000000000000e+00 5.631011340242568497e-02 1.691332377175744917e-01 1.336357438097627876e-03 1.425909513251414629e-01 0.000000000000000000e+00 4.539857883941789130e-02 0.000000000000000000e+00 0.000000000000000000e+00 1.448042636808735961e-01 0.000000000000000000e+00 2.017707689499327606e-02 1.399632082453983184e-02 3.756312100100514181e-03 6.252488465354761292e-03 0.000000000000000000e+00 0.000000000000000000e+00 2.927282281133017274e-03 9.007686801874047189e-03 1.712840326830171733e-01
0.000000000000000000e+00 0.000000000000000000e+00 1.481429480136929877e-01 1.026721268668698978e-01 0.000000000000000000e+00 0.000000000000000000e+00 1.032450453664468110e-01 1.390002841679073009e-01 2.130427317800846418e-02 1.517369112377143017e-02 0.000000000000000000e+00 2.765041920811795589e-02 0.000000000000000000e+00 0.000000000000000000e+00 1.842217963215919685e-01 1.047015115122757432e-02 1.408624744797578980e-02 0.000000000000000000e+00 7.325617129281230232e-03 2.395493856088876453e-02 0.000000000000000000e+00 0.000000000000000000e+00 0.000000000000000000e+00 3.068758805775254062e-02 1.720648734064674779e-01
8.817059161180601512e-02 0.000000000000000000e+00 0.000000000000000000e+00 0.000000000000000000e+00 1.310162995268612240e-01 3.704259090051683495e-02 5.474530548207750397e-02 1.687301412675440981e-01 3.430429980399692103e-02 1.069225292198231064e-01 1.618505054530596995e-02 1.476953518038354729e-01 2.956535977391995876e-02 2.032133800199335122e-02 0.000000000000000000e+00 0.000000000000000000e+00 0.000000000000000000e+00 3.419572767278842521e-03 0.000000000000000000e+00 0.000000000000000000e+00 1.031235081353543831e-02 1.489010532599733261e-01 0.000000000000000000e+00 0.000000000000000000e+00 2.668165221531896246e-03
0.000000000000000000e+00 9.041977255657369711e-04 1.648985029071604602e-01 1.899168430167061383e-02 3.405420900410044416e-03 0.000000000000000000e+00 4.543595718650434573e-02 5.135142697204258394e-02 5.762512392679805528e-02 1.407516116485122391e-02 8.214367187920722582e-03 0.000000000000000000e+00 0.000000000000000000e+00 0.000000000000000000e+00 1.548422060641035658e-01 0.000000000000000000e+00 1.587654339151923222e-01 9.042409131399396782e-02 3.993682723607911572e-03 0.000000000000000000e+00 0.000000000000000000e+00 1.119334602009609131e-02 9.123629355110443942e-04 5.282620575363483617e-02 1.621408290009364872e-01
0.000000000000000000e+00 0.000000000000000000e+00 6.685710015563249564e-02 0.000000000000000000e+00 5.411327075874573615e-03 0.000000000000000000e+00 1.492332687557630377e-01 3.065149150777208772e-02 8.379760905206729005e-03 1.932034123398923206e-02 0.000000000000000000e+00 7.995979355293429680e-02 0.000000000000000000e+00 2.147748176142142557e-02 2.570739782572843968e-01 8.494185018271400989e-02 0.000000000000000000e+00 8.214452739243220669e-02 9.942495257667771646e-03 0.000000000000000000e+00 0.000000000000000000e+00 9.885113845875712069e-02 0.000000000000000000e+00 4.005632376503719116e-02 4.569912173751346923e-02
0.000000000000000000e+00 1.739694765492843555e-03 1.534797371326770132e-01 6.819351668786944633e-03 1.468116197538676393e-01 0.000000000000000000e+00 0.000000000000000000e+00 0.000000000000000000e+00 0.000000000000000000e+00 2.494021497947295982e-02 0.000000000000000000e+00 0.000000000000000000e+00 0.000000000000000000e+00 0.000000000000000000e+00 1.124643900679559855e-01 0.000000000000000000e+00 0.000000000000000000e+00 1.382065587650238847e-01 1.643871421692167933e-01 1.805151621258915123e-02 0.000000000000000000e+00 0.000000000000000000e+00 0.000000000000000000e+00 6.817501660488931026e-02 1.649247578800273617e-01
0.000000000000000000e+00 1.084696656905557652e-02 6.865894012093340382e-02 2.231605537875985725e-03 3.304992006798083970e-02 0.000000000000000000e+00 0.000000000000000000e+00 1.508191969575165270e-01 0.000000000000000000e+00 0.000000000000000000e+00 0.000000000000000000e+00 1.410261535303960201e-01 1.069759979611305950e-01 1.392270035878407156e-02 2.167595185603291841e-01 0.000000000000000000e+00 8.650359469291446501e-02 0.000000000000000000e+00 0.000000000000000000e+00 3.160114338683849927e-05 0.000000000000000000e+00 0.000000000000000000e+00 1.137974872040645896e-04 0.000000000000000000e+00 1.690600070124924914e-01
4.669131471145842455e-02 0.000000000000000000e+00 1.469237839794143748e-02 8.960855954795775638e-04 0.000000000000000000e+00 0.000000000000000000e+00 1.475049675990959819e-01 1.259453925453745959e-01 4.624602876838512615e-03 0.000000000000000000e+00 0.000000000000000000e+00 1.158174102537584543e-01 1.199207363955516331e-01 7.661293313394719473e-02 1.635774075100868488e-02 8.917879648694253258e-02 3.027949732810281472e-03 0.000000000000000000e+00 0.000000000000000000e+00 0.000000000000000000e+00 3.270604461380549957e-03 7.637846291736156285e-03 0.000000000000000000e+00 9.827510835312007476e-02 1.295461324135559200e-01
9.188563372633561099e-02 9.382565380314394909e-02 3.429714093708294276e-02 5.361984219199988216e-03 5.811494112048065652e-02 0.000000000000000000e+00 1.461860952476505826e-01 1.517148915116520724e-01 1.047727285365681292e-02 1.374168740569187619e-03 0.000000000000000000e+00 1.625054866108857285e-02 2.055769570120806727e-03 0.000000000000000000e+00 4.988075247543190954e-02 5.837270163019932928e-03 0.000000000000000000e+00 0.000000000000000000e+00 0.000000000000000000e+00 0.000000000000000000e+00 0.000000000000000000e+00 1.436224761265470495e-01 0.000000000000000000e+00 1.480073972273215910e-01 4.110800361669834924e-02
0.000000000000000000e+00 8.586194324951799961e-03 1.892175626088906382e-01 0.000000000000000000e+00 2.101557097142403574e-02 0.000000000000000000e+00 1.622466594197081446e-01 6.946576576422189286e-02 1.576113238597401378e-02 5.539176196663561126e-03 0.000000000000000000e+00 2.212528955631188135e-02 0.000000000000000000e+00 2.985708582426802211e-03 1.488427021065842903e-01 0.000000000000000000e+00 3.896079234343918091e-02 0.000000000000000000e+00 4.776062575498556118e-03 0.000000000000000000e+00 1.571634454313278195e-02 1.103115587966397582e-01 1.656163103724838936e-01 1.384996379978984359e-02 4.983205651858754574e-03
0.000000000000000000e+00 0.000000000000000000e+00 5.916540593497690743e-04 0.000000000000000000e+00 3.406594064301068231e-02 1.214905668446322612e-01 3.567900126277695049e-03 0.000000000000000000e+00 0.000000000000000000e+00 0.000000000000000000e+00 0.000000000000000000e+00 2.036915777790914706e-01 0.000000000000000000e+00 0.000000000000000000e+00 1.462556764705316877e-02 0.000000000000000000e+00 5.403222927926681213e-02 2.003250669920651206e-01 9.296107546797664073e-03 1.111217010064097623e-03 0.000000000000000000e+00 1.901528462840924643e-03 5.716919091250817660e-03 1.765529250763401281e-01 1.730307994419593709e-01
0.000000000000000000e+00 0.000000000000000000e+00 1.353176670453972441e-01 0.000000000000000000e+00 2.911769670959255332e-02 0.000000000000000000e+00 6.762520693856995113e-02 0.000000000000000000e+00 1.664975835970008977e-02 5.794662556748882143e-03 0.000000000000000000e+00 0.000000000000000000e+00 0.000000000000000000e+00 0.000000000000000000e+00 0.000000000000000000e+00 0.000000000000000000e+00 1.579908198075403725e-01 1.571187069964932181e-01 4.362545167183901756e-02 1.016732407649605617e-02 0.000000000000000000e+00 4.778187450739886100e-03 1.283477836191073383e-02 1.808858886466400140e-01 1.780938513783320021e-01
0.000000000000000000e+00 8.387541964048089715e-03 1.385209766434893075e-01 2.840006153103466838e-02 0.000000000000000000e+00 1.137372661729029316e-01 7.484519194989156139e-04 0.000000000000000000e+00 1.971555765476686040e-02 1.663876144737867074e-02 0.000000000000000000e+00 1.868226770116027113e-01 0.000000000000000000e+00 0.000000000000000000e+00 0.000000000000000000e+00 0.000000000000000000e+00 0.000000000000000000e+00 0.000000000000000000e+00 1.565357185484679281e-01 0.000000000000000000e+00 1.267295218668479384e-01 1.609471236108163117e-01 0.000000000000000000e+00 0.000000000000000000e+00 4.281634162914555591e-02
0.000000000000000000e+00 0.000000000000000000e+00 1.503643702900490098e-01 4.740697205480402104e-03 7.605811730817502170e-02 1.317814285149332965e-01 1.539207024280938307e-01 1.319629402380968070e-02 1.754278098470216443e-02 1.034762310175615756e-02 0.000000000000000000e+00 2.144755299127661108e-02 0.000000000000000000e+00 3.091153021684815705e-02 1.922954000036667110e-01 0.000000000000000000e+00 0.000000000000000000e+00 0.000000000000000000e+00 1.645043916078644253e-01 1.793124702344852869e-02 0.000000000000000000e+00 0.000000000000000000e+00 3.871351161344414264e-03 0.000000000000000000e+00 1.108651313855150977e-02
0.000000000000000000e+00 0.000000000000000000e+00 0.000000000000000000e+00 1.123759085882464334e-03 1.305785694972063336e-02 1.252289264162707305e-01 1.378090836023601606e-01 1.505883154568943838e-01 1.076505224212147283e-02 0.000000000000000000e+00 0.000000000000000000e+00 6.253557196115828998e-02 0.000000000000000000e+00 0.000000000000000000e+00 1.432189684942076005e-02 8.040082116984989535e-02 0.000000000000000000e+00 0.000000000000000000e+00 0.000000000000000000e+00 0.000000000000000000e+00 1.520498629321325769e-02 3.342143980222569890e-03 0.000000000000000000e+00 1.957832435327727660e-01 1.898383424601126634e-01
2.233541256599283834e-02 0.000000000000000000e+00 0.000000000000000000e+00 0.000000000000000000e+00 4.077707485546356453e-02 0.000000000000000000e+00 1.958186979287587226e-01 1.262984960013057989e-01 2.449447894924491193e-02 3.580446903554270182e-03 0.000000000000000000e+00 5.628034985893488884e-02 0.000000000000000000e+00 0.000000000000000000e+00 4.047065083610790898e-03 2.711970123035040668e-03 0.000000000000000000e+00 0.000000000000000000e+00 4.126959136305945186e-02 0.000000000000000000e+00 0.000000000000000000e+00 1.227152225163780502e-01 1.910606377230054109e-01 1.686105561276561859e-01 0.000000000000000000e+00
3.529033530234684714e-03 5.037649166438831413e-03 1.402576764761093442e-01 0.000000000000000000e+00 1.263335084051801227e-01 9.292452315649907257e-02 0.000000000000000000e+00 4.393978798774648281e-02 0.000000000000000000e+00 2.299359296158670976e-02 0.000000000000000000e+00 0.000000000000000000e+00 0.000000000000000000e+00 0.000000000000000000e+00 2.111345176883779040e-02 0.000000000000000000e+00 7.602573739851337109e-02 1.224016950291605954e-01 0.000000000000000000e+00 0.000000000000000000e+00 0.000000000000000000e+00 0.000000000000000000e+00 0.000000000000000000e+00 1.802152766190590061e-01 1.652280675006340960e-01
7.290373456432831800e-02 0.000000000000000000e+00 2.358990742011615044e-02 2.332790735713555219e-02 1.232812956549644290e-01 0.000000000000000000e+00 1.425179334293038280e-01 1.054542319336436614e-02 1.904340460159205731e-02 1.586027908503727379e-02 2.352803520759747056e-03 2.489798707252714738e-02 5.160772328332369208e-03 0.000000000000000000e+00 1.460176221291301646e-01 6.508658972217229530e-04 2.971753050367718398e-03 6.787755439330278584e-02 1.221425203604967202e-02 0.000000000000000000e+00 7.402914200614817315e-03 0.000000000000000000e+00 0.000000000000000000e+00 3.234790102854473437e-02 2.670356890373070113e-01
1.170937256469932186e-01 6.799582018637796710e-02 4.840646597111758487e-02 8.527153461291737957e-02 3.510529401811194466e-02 0.000000000000000000e+00 0.000000000000000000e+00 2.149535004908750824e-01 0.000000000000000000e+00 0.000000000000000000e+00 0.000000000000000000e+00 6.053434083630187743e-03 1.918093052886811955e-04 0.000000000000000000e+00 4.338498780010768135e-02 0.000000000000000000e+00 1.330540906395482614e-01 0.000000000000000000e+00 3.893815013124518089e-03 5.467848304501696233e-02 0.000000000000000000e+00 0.000000000000000000e+00 8.629572163761178513e-03 1.651117546656821478e-01 1.617571235744711886e-02
3.542383762911315015e-02 7.223499278880825269e-02 1.182804163987356966e-01 8.816373212648549729e-02 0.000000000000000000e+00 9.871570653768564629e-02 0.000000000000000000e+00 7.764031195654370887e-02 1.094602761113054427e-02 2.208587683108503927e-03 0.000000000000000000e+00 6.089123757621484750e-02 0.000000000000000000e+00 0.000000000000000000e+00 1.229850750719291633e-02 0.000000000000000000e+00 1.336948345067390416e-02 7.822701789398113503e-02 1.479793678488376396e-01 4.527374018908013852e-03 0.000000000000000000e+00 8.037198694863157203e-03 0.000000000000000000e+00 0.000000000000000000e+00 1.710562002777174795e-01
0.000000000000000000e+00 0.000000000000000000e+00 6.375818199299937428e-02 3.500062171762347019e-02 1.305323731380870766e-01 8.287997394647640681e-02 3.966005172415172403e-04 1.478167313195931365e-01 1.429806076002725253e-02 0.000000000000000000e+00 0.000000000000000000e+00 2.119807439404513064e-02 0.000000000000000000e+00 0.000000000000000000e+00 4.464071617329384671e-03 0.000000000000000000e+00 5.168608465319997347e-02 4.024858502213023311e-04 4.928261297613441283e-02 0.000000000000000000e+00 0.000000000000000000e+00 0.000000000000000000e+00 8.363847039473341904e-03 2.117164524850844443e-01 1.782038275924638093e-01
8.958398052391285116e-02 5.871574479026042855e-03 1.520107495820000737e-02 0.000000000000000000e+00 7.711656283294334932e-03 1.136000309521114915e-01 0.000000000000000000e+00 0.000000000000000000e+00 5.852409764772089490e-02 1.299497779967254962e-01 0.000000000000000000e+00 7.579037494737858593e-02 0.000000000000000000e+00 0.000000000000000000e+00 0.000000000000000000e+00 4.118025498484862747e-03 1.363874812545473048e-01 9.859132309866965038e-02 1.342042033989120642e-01 2.981818702596810908e-02 0.000000000000000000e+00 6.293767727274150216e-03 3.382333229383102657e-02 0.000000000000000000e+00 6.053111191394325297e-02
6.215489854954810156e-02 0.000000000000000000e+00 0.000000000000000000e+00 0.000000000000000000e+00 8.789937189096428891e-03 0.000000000000000000e+00 0.000000000000000000e+00 1.473360773628107079e-01 0.000000000000000000e+00 2.128714167310602826e-02 0.000000000000000000e+00 0.000000000000000000e+00 0.000000000000000000e+00 2.275746739442828515e-03 2.582040254753086850e-01 7.077324902239770510e-02 1.347836465320975952e-01 1.896291683373629508e-02 2.438807131383283894e-02 0.000000000000000000e+00 0.000000000000000000e+00 7.622680903316145229e-02 0.000000000000000000e+00 0.000000000000000000e+00 1.748174802754614565e-01
0.000000000000000000e+00 0.000000000000000000e+00 8.887598280488276728e-03 0.000000000000000000e+00 0.000000000000000000e+00 0.000000000000000000e+00 9.408875568047606053e-02 1.567444818413789576e-01 5.389541856166981532e-02 0.000000000000000000e+00 2.393558070115667930e-02 1.311570568829643901e-01 2.380109121863722629e-02 0.000000000000000000e+00 1.682735061712465063e-01 1.059376591872476098e-01 4.075833469591789299e-02 0.000000000000000000e+00 0.000000000000000000e+00 0.000000000000000000e+00 0.000000000000000000e+00 1.728844597332769920e-02 1.023065963006506915e-02 1.638846842439731222e-01 1.116726931450764786e-03
5.320977025225812757e-02 1.309618419966480929e-01 0.000000000000000000e+00 4.329919812280346066e-03 9.970789158110329384e-03 3.753978796824036096e-02 2.161966909782332344e-02 0.000000000000000000e+00 1.182194046737532547e-02 1.708101267063991957e-01 0.000000000000000000e+00 1.507727625270360861e-01 0.000000000000000000e+00 8.266081435249740756e-04 1.789440681282714399e-02 0.000000000000000000e+00 0.000000000000000000e+00 2.330073694399012810e-02 5.938545631986730244e-03 0.000000000000000000e+00 4.212379230872916741e-02 0.000000000000000000e+00 0.000000000000000000e+00 1.739663304545084610e-01 1.449129717182622012e-01
0.000000000000000000e+00 1.058471340790337204e-03 1.370336371454486668e-01 1.789066914919037674e-02 2.473545986460329998e-02 0.000000000000000000e+00 2.111328290718650705e-02 2.072542439959591809e-02 8.153509029292300980e-03 5.650486104970974975e-04 0.000000000000000000e+00 1.119392460454268767e-01 0.000000000000000000e+00 6.722346004130393127e-02 2.732716335069067595e-02 0.000000000000000000e+00 1.798257260858787121e-01 1.196026556812105485e-01 4.197997227330520914e-02 0.000000000000000000e+00 7.774457071713519046e-03 0.000000000000000000e+00 0.000000000000000000e+00 4.849963501127187160e-02 1.645521819925941098e-01
1.391428217230215002e-02 0.000000000000000000e+00 0.000000000000000000e+00 0.000000000000000000e+00 0.000000000000000000e+00 1.259352676237996405e-01 8.104200824208582232e-02 0.000000000000000000e+00 0.000000000000000000e+00 0.000000000000000000e+00 1.597441772555633147e-02 1.351888543187206304e-01 4.009182915102638134e-02 0.000000000000000000e+00 1.320782710248793457e-01 0.000000000000000000e+00 5.330397476199622009e-03 2.539295538478288788e-02 1.672546145695268660e-01 1.259395461389813467e-02 6.567844734400982067e-04 7.379628573110223744e-02 3.465174214866725139e-02 3.677607438617357116e-02 9.932226095783905362e-02
