4.627462704086703592e-03 1.110589067468096131e-01 1.828703794876888056e-01 1.840286197541338153e-02 3.445877034156009933e-02 7.204294301165013736e-02 1.943848396148170968e-02 5.316969208899959692e-02 3.501415232967354735e-04 1.975109644121728417e-02 1.248410030364956354e-02 2.577610887527700956e-02 0.000000000000000000e+00 2.393564255239815156e-02 2.556688136456711571e-02 0.000000000000000000e+00 1.375484640969520389e-01 0.000000000000000000e+00 2.300254828200325175e-02 2.332862704352836256e-02 1.922109886326550318e-02 0.000000000000000000e+00 2.881265945906560239e-02 1.916069154561404406e-02 1.449924393314754034e-01
1.017945887624888412e-01 6.007975931973565803e-02 0.000000000000000000e+00 3.041987877460809644e-03 1.657518517902308863e-01 2.116334154274163507e-02 5.064253305095883090e-02 1.345879114892100936e-01 0.000000000000000000e+00 9.933125151751130005e-03 0.000000000000000000e+00 1.391024126050881826e-01 1.343865435114862880e-02 4.299116669306370098e-02 9.041702829425250776e-02 0.000000000000000000e+00 0.000000000000000000e+00 1.583113031999887343e-02 0.000000000000000000e+00 0.000000000000000000e+00 2.041405306825048917e-04 0.000000000000000000e+00 0.000000000000000000e+00 1.510203682211878062e-01 0.000000000000000000e+00
0.000000000000000000e+00 8.391031801669261714e-02 4.711718043910206183e-02 2.796134126554420188e-02 0.000000000000000000e+00 2.125033796179300744e-02 2.699235114173765271e-01 1.541426777295339112e-01 0.000000000000000000e+00 7.864755891727005788e-02 0.000000000000000000e+00 3.881606888355313562e-02 0.000000000000000000e+00 0.000000000000000000e+00 1.318025980946691163e-02 2.833510750702457250e-03 7.857965218654750297e-03 7.430312226511540108e-02 7.270691080296053793e-03 1.089274071491819623e-01 0.000000000000000000e+00 1.442287574124351095e-02 0.000000000000000000e+00 4.137121185252269628e-02 8.063961501950685576e-03
0.000000000000000000e+00 1.149261822255291110e-01 0.000000000000000000e+00 1.518164051496141351e-03 0.000000000000000000e+00 9.378950592607803588e-03 5.660755793433542432e-02 1.341441801392186661e-01 7.389315780099169062e-02 5.969490370689873454e-02 0.000000000000000000e+00 5.397781232394278927e-02 0.000000000000000000e+00 0.000000000000000000e+00 7.711104537611727580e-03 0.000000000000000000e+00 1.617898825531407236e-01 6.128230965167655135e-03 0.000000000000000000e+00 8.735431283040508144e-02 0.000000000000000000e+00 2.436098447713341483e-02 0.000000000000000000e+00 1.917826722498426062e-01 1.673190361167836704e-02
3.580344634393243294e-03 1.229778581602897214e-01 8.255679499375822086e-03 0.000000000000000000e+00 0.000000000000000000e+00 5.287433176210373786e-03 1.739126055668416271e-02 1.740180806107061995e-01 1.581582706868997490e-02 3.162549323351276920e-02 0.000000000000000000e+00 1.720552594905758736e-01 9.196151472727814857e-03 0.000000000000000000e+00 7.975015597447943083e-02 3.689040870274647860e-02 3.149544759629473688e-03 2.486672432618918221e-03 2.808553177983622376e-02 1.077418261712815260e-02 0.000000000000000000e+00 1.945305877831162919e-02 6.875603850848598098e-02 1.845334632960401178e-01 5.917555247557518446e-03
0.000000000000000000e+00 7.935598359543673264e-02 5.186368136300271992e-02 0.000000000000000000e+00 1.097053928905343881e-02 0.000000000000000000e+00 1.558037372213272043e-01 1.500611587901653221e-01 5.892603582526022982e-02 5.477232825656959533e-04 2.464524355342440770e-02 1.380936018055186620e-01 0.000000000000000000e+00 0.000000000000000000e+00 1.261564936042454677e-01 1.022180024535246923e-01 0.000000000000000000e+00 1.765861256918775310e-02 0.000000000000000000e+00 0.000000000000000000e+00 0.000000000000000000e+00 3.674793832022454909e-02 6.279452538003884969e-03 4.067179578905919662e-02 0.000000000000000000e+00
1.025617287151932705e-01 0.000000000000000000e+00 0.000000000000000000e+00 0.000000000000000000e+00 1.859808459423886451e-01 0.000000000000000000e+00 9.497237135333966643e-03 9.672462961713995666e-02 0.000000000000000000e+00 4.748680725668204955e-02 0.000000000000000000e+00 0.000000000000000000e+00 2.160166837705515021e-03 0.000000000000000000e+00 8.285035901901725841e-02 5.496829199221143006e-04 1.060229474009286715e-01 2.922441706685329973e-02 2.372653239954712265e-02 1.027966733680629602e-01 0.000000000000000000e+00 0.000000000000000000e+00 1.346541504698688108e-01 8.431772096186802151e-03 6.733204975516940416e-02
1.210027252037179923e-01 5.930263648663635463e-04 3.256444734113835698e-02 3.298949945443088033e-02 7.325059271834735708e-02 0.000000000000000000e+00 1.293378035565304063e-02 1.488888458104287438e-01 2.675216609492162695e-02 9.568269936445619739e-03 5.495071401402850872e-03 3.003408939339918468e-02 0.000000000000000000e+00 0.000000000000000000e+00 7.948202013191224546e-02 0.000000000000000000e+00 1.161025061811110787e-01 4.299416646967090493e-03 5.092172337780698221e-03 0.000000000000000000e+00 2.164717279572699223e-03 1.208220147314250370e-01 8.181704333073868546e-03 1.461105407613551566e-01 2.367239352205014608e-02
9.101151613204901125e-02 1.954480110546801506e-03 2.215930135930106390e-02 3.495184427607682474e-03 1.700781054587060803e-01 0.000000000000000000e+00 2.021466005228718388e-02 1.370985754668249956e-01 0.000000000000000000e+00 5.420131677804006405e-03 0.000000000000000000e+00 8.294073802801445183e-02 0.000000000000000000e+00 0.000000000000000000e+00 6.422815226916421538e-03 0.000000000000000000e+00 3.098481584447403472e-02 1.037643298159585808e-01 0.000000000000000000e+00 1.420271598233846799e-01 0.000000000000000000e+00 5.318056042694599417e-03 7.073920635430774005e-03 1.284145442154460692e-01 4.162166568255355054e-02
0.000000000000000000e+00 0.000000000000000000e+00 7.484996818324735068e-02 1.290438013402167051e-02 1.643203940819841502e-01 1.907549283626436970e-02 1.559444484730042879e-01 6.941657274514628773e-02 5.870359683287300345e-02 8.777716180010516553e-03 0.000000000000000000e+00 0.000000000000000000e+00 8.789414921728959168e-04 0.000000000000000000e+00 4.791887570193846882e-03 9.345404364662565633e-02 9.430532032632367445e-03 1.668456637059022654e-02 1.869448765903168608e-02 9.617669237944430349e-03 0.000000000000000000e+00 6.340692676226227995e-03 1.894026393519372409e-01 4.592003164763566736e-02 4.079193884845799117e-02
5.464231454325323145e-02 3.571091558546447679e-04 1.025176860334638257e-01 0.000000000000000000e+00 1.485134861250649307e-01 5.038030283214838499e-03 5.826240150268207491e-02 6.385663896171663023e-02 4.627201707839936895e-02 0.000000000000000000e+00 1.645111389448331485e-04 1.498815229854100761e-01 0.000000000000000000e+00 1.751583104064367152e-02 1.162162029683761894e-01 0.000000000000000000e+00 3.472666099346063181e-03 0.000000000000000000e+00 0.000000000000000000e+00 0.000000000000000000e+00 0.000000000000000000e+00 1.720969762764888375e-02 1.808431855632412766e-01 2.306147497554401210e-02 1.217522391719543483e-02
8.941025436583682415e-03 1.326841273760165536e-02 1.830310277268491492e-01 0.000000000000000000e+00 1.516466109922504635e-01 6.740374845606683131e-03 1.368054097831947757e-01 9.832028101076097093e-02 9.370656561306889634e-03 2.059710534562835590e-03 0.000000000000000000e+00 0.000000000000000000e+00 0.000000000000000000e+00 0.000000000000000000e+00 0.000000000000000000e+00 0.000000000000000000e+00 0.000000000000000000e+00 2.239282729767467020e-02 1.496418042712460983e-01 2.065656355075274654e-03 0.000000000000000000e+00 7.008397434799393255e-02 0.000000000000000000e+00 0.000000000000000000e+00 1.456322280992929374e-01
1.962054725514456033e-02 7.963306403893045601e-03 1.317142661548370286e-01 1.259487880687872388e-02 1.192545432946975209e-01 1.130845012042319946e-03 1.511910732387409806e-01 1.048928216587597662e-01 1.067590184576319712e-02 8.457357171391062522e-02 0.000000000000000000e+00 1.729620683950577192e-02 2.187775899531647830e-03 0.000000000000000000e+00 0.000000000000000000e+00 0.000000000000000000e+00 1.692770990009160453e-02 2.958888200543300165e-02 0.000000000000000000e+00 0.000000000000000000e+00 1.129779765085651561e-01 0.000000000000000000e+00 8.802192449421803941e-03 1.106175544620046323e-02 1.575457455665829065e-01
0.000000000000000000e+00 1.142555498261782071e-01 7.150069560682310865e-02 2.124123681178534395e-02 1.252042956837380594e-01 1.219266732590382381e-02 4.608259947229859099e-02 1.674629628146303163e-03 1.299901131086492537e-02 1.774604659853753694e-02 2.964309095370353149e-03 6.295744799074100284e-02 1.375873277711120272e-02 5.844653974082572416e-03 1.308827194066675415e-01 0.000000000000000000e+00 7.675388545480174574e-02 0.000000000000000000e+00 0.000000000000000000e+00 0.000000000000000000e+00 9.512197583684879609e-02 1.568400639393029801e-03 0.000000000000000000e+00 2.214654422830205499e-02 1.651045983324058442e-01
1.157963774009351972e-02 1.433363325456924187e-01 3.531423375018349214e-02 1.097224030583042638e-02 5.090053727628895963e-02 0.000000000000000000e+00 1.068528482283654657e-01 1.146528718794645046e-01 0.000000000000000000e+00 1.601498612541463196e-01 0.000000000000000000e+00 6.049534145185512558e-03 5.544405992714382565e-03 0.000000000000000000e+00 4.767855697513578850e-02 0.000000000000000000e+00 5.973252911624922327e-04 0.000000000000000000e+00 3.204153335005156117e-02 0.000000000000000000e+00 0.000000000000000000e+00 1.779832741000919941e-02 1.131370132745117135e-01 0.000000000000000000e+00 1.433947405811641651e-01
3.053368663502846123e-02 0.000000000000000000e+00 1.023510854538045162e-01 0.000000000000000000e+00 1.243548199602971388e-01 0.000000000000000000e+00 1.433852197585241128e-01 1.124828689934243529e-02 5.596299019658726795e-03 0.000000000000000000e+00 0.000000000000000000e+00 5.668819330764384053e-03 0.000000000000000000e+00 6.160239884372888802e-03 2.211355279336133656e-02 0.000000000000000000e+00 1.689815451757149534e-01 1.246654340478858120e-01 0.000000000000000000e+00 4.019114385859957200e-02 0.000000000000000000e+00 0.000000000000000000e+00 0.000000000000000000e+00 1.531646377953636007e-01 6.158522938728200335e-02
1.009672945247841597e-01 0.000000000000000000e+00 0.000000000000000000e+00 4.421459197723753148e-02 1.874417821374283200e-01 0.000000000000000000e+00 0.000000000000000000e+00 0.000000000000000000e+00 9.239131736101070802e-02 3.601322682196109876e-02 0.000000000000000000e+00 3.886090896461621286e-02 0.000000000000000000e+00 4.514737287992490780e-05 1.029209868224521644e-02 6.613556800382952225e-03 1.481727914563556181e-01 1.364454169336430829e-02 1.563392056371695205e-01 1.621874468679534304e-02 1.173956248933954701e-03 2.623401779465151309e-02 1.175878949814190139e-01 3.788922858764586475e-03 0.000000000000000000e+00
0.000000000000000000e+00 0.000000000000000000e+00 1.261377558135285126e-01 2.723100353175727378e-03 1.333601165928274268e-01 3.103090540359155179e-03 9.930784510128802534e-02 1.430267633257538418e-01 2.062598747826926374e-03 2.416722669556815861e-02 0.000000000000000000e+00 9.220566061495479027e-02 0.000000000000000000e+00 1.376180239625279756e-03 8.755294621382395115e-02 0.000000000000000000e+00 3.033214917925372914e-02 0.000000000000000000e+00 1.270091222672476428e-01 1.442718239633584455e-02 3.972364296391622980e-03 9.427596118108839962e-02 1.350760563022497703e-02 0.000000000000000000e+00 1.452330810725917330e-03
4.765955196639123231e-02 7.185475477064701133e-02 8.515621011997798282e-04 8.931898481980020312e-04 1.011998933867462418e-02 0.000000000000000000e+00 1.181294519857355729e-01 1.254695613281010536e-01 0.000000000000000000e+00 0.000000000000000000e+00 0.000000000000000000e+00 1.688777345999545043e-01 2.879905390209923279e-03 1.219973870579716888e-02 1.885099145694557610e-01 5.330408087480969365e-02 0.000000000000000000e+00 5.232698106975442430e-03 4.190326315412160225e-03 0.000000000000000000e+00 0.000000000000000000e+00 0.000000000000000000e+00 1.323352864636550240e-02 1.353252029515528143e-02 1.630614911569172321e-01
0.000000000000000000e+00 7.758591163758599141e-02 1.145469206418637670e-01 0.000000000000000000e+00 1.416081441841922917e-01 1.409175418964518601e-03 1.699278102764730652e-02 1.076121946803589163e-01 2.009482250433636871e-03 1.972953394263281604e-02 4.205445005426053200e-03 2.077604244154035093e-02 3.757223327330241544e-03 0.000000000000000000e+00 4.400410440440996607e-02 0.000000000000000000e+00 1.346302490859868084e-01 1.219805396414878895e-01 0.000000000000000000e+00 8.960034057850775569e-04 0.000000000000000000e+00 8.690091539339419961e-04 4.439657227872634455e-03 2.100557440757939293e-02 1.619420081149684498e-01
2.428180272307452550e-02 2.449886934837721547e-02 0.000000000000000000e+00 2.702325046837393205e-02 1.373188509357181064e-01 2.836506866701414119e-03 8.583993622495419973e-02 1.716503171054634125e-01 1.897059794447887582e-02 9.206626328555961303e-02 0.000000000000000000e+00 5.895544621861132512e-02 0.000000000000000000e+00 0.000000000000000000e+00 2.245753803360166223e-03 2.270723686912749090e-02 1.226123049379127493e-02 9.384560571401341297e-03 1.218181075031265770e-01 3.546687494614113745e-04 0.000000000000000000e+00 1.163796885834253586e-01 4.963268911587861293e-02 5.409807858817214377e-03 1.636441533029792811e-02
9.254884553027843252e-04 7.850994515983189537e-02 1.023577239102463066e-01 9.085940783618916272e-02 5.769133788381324707e-03 5.230357993424750163e-03 1.456855303449747785e-01 0.000000000000000000e+00 1.069958319811545712e-03 1.171830203741290946e-02 0.000000000000000000e+00 5.027283680607338989e-02 0.000000000000000000e+00 2.972254886853784982e-03 9.638136151761036996e-02 2.674146422635129486e-02 4.638236713526751320e-02 1.348932559530316710e-01 0.000000000000000000e+00 0.000000000000000000e+00 0.000000000000000000e+00 0.000000000000000000e+00 1.819272116534963873e-02 3.639333199690239495e-02 1.456445584669844306e-01
7.232483994696700669e-02 6.790031932122682357e-02 3.571999124139763060e-02 6.692977508052354307e-02 1.350150554773069979e-02 1.565703760603539760e-02 1.568965755625592873e-01 3.793078538576887676e-02 1.821465249904024968e-04 1.380219911851888852e-02 0.000000000000000000e+00 3.908569362435618255e-02 1.347025660018068005e-01 4.915574942663310069e-03 8.333301203623290354e-02 3.971904626019890500e-02 0.000000000000000000e+00 8.740320835348748540e-02 2.900355453751802745e-02 5.478288273507138373e-02 9.163478502305732023e-04 0.000000000000000000e+00 0.000000000000000000e+00 0.000000000000000000e+00 4.529293832271592130e-02
5.738757357178161239e-02 1.341629896515085909e-03 2.878139093963199679e-03 1.910368024757548230e-02 1.523524861418653620e-01 6.000520037835789695e-03 2.247976245206145252e-01 2.071675816263097991e-02 0.000000000000000000e+00 1.221783154299354093e-02 1.802730943350447455e-03 2.424243242725252696e-05 0.000000000000000000e+00 0.000000000000000000e+00 2.282875830422706753e-01 0.000000000000000000e+00 0.000000000000000000e+00 2.423452922515127728e-02 1.383950756687359895e-01 2.319238755794647208e-02 0.000000000000000000e+00 2.489459383971579995e-02 0.000000000000000000e+00 4.884169262605900924e-02 1.353092144856736685e-02
7.647049184000652422e-02 0.000000000000000000e+00 1.080523458096356408e-02 1.595744389938517091e-03 2.862953364698812841e-02 0.000000000000000000e+00 0.000000000000000000e+00 5.465084463399540182e-02 1.975226118269388445e-02 2.875975998584467085e-03 2.885816726163320869e-02 1.418716812976872355e-01 1.800071298142573114e-04 7.686904166284520487e-03 1.108405033488936986e-01 1.642458944913744931e-02 1.709701256194026409e-01 1.214434978419484529e-01 4.312116918980504060e-02 0.000000000000000000e+00 0.000000000000000000e+00 0.000000000000000000e+00 7.900631569050771755e-03 0.000000000000000000e+00 1.559226368531723417e-01
