1.119491771306218349e-03 1.160116871743872846e-01 3.242499929704845910e-03 4.669798131409782366e-02 1.228927321247943322e-01 7.831955364351998738e-02 6.516779971528806510e-03 1.305493556897973717e-03 3.603147675322688342e-02 0.000000000000000000e+00 0.000000000000000000e+00 7.615676348491262800e-04 0.000000000000000000e+00 0.000000000000000000e+00 3.883569259833382498e-02 7.476760999784306388e-03 1.103097859197381819e-01 1.231603047339403512e-01 1.523085548879768436e-01 1.550096369859133016e-01
2.159825392796700660e-02 1.381398232452645536e-01 8.948320782800162857e-04 1.269613099887166308e-01 0.000000000000000000e+00 1.512002813188677020e-01 0.000000000000000000e+00 4.222908619049645790e-02 1.278066107000768725e-01 3.331981310705169064e-02 2.773010108200240232e-03 1.359836013651177511e-01 0.000000000000000000e+00 1.511925430426355396e-02 2.447673857833683464e-02 7.494148767264552195e-03 1.197061966032711006e-01 2.010673115761704016e-02 6.986041536966294471e-03 2.520426702224167273e-02
1.304457923811853381e-01 2.658175778410343595e-03 1.067932287203214939e-03 1.408009374270740577e-01 5.914853834902155522e-02 7.282578600341330088e-02 7.531894831218809150e-02 1.410693521565733154e-02 5.730529650079490937e-04 0.000000000000000000e+00 0.000000000000000000e+00 4.795866488335522732e-02 1.766448402781047380e-02 1.516324059083212217e-01 6.922136489519922775e-02 3.725340169019897979e-02 0.000000000000000000e+00 0.000000000000000000e+00 1.135926995293104328e-04 1.792099871764244179e-01
1.590113269751345926e-01 7.780606562491790366e-04 2.595566347383281209e-04 7.455894190912273900e-02 0.000000000000000000e+00 0.000000000000000000e+00 7.480417002235603685e-03 1.542257961825827537e-03 0.000000000000000000e+00 0.000000000000000000e+00 2.665316826598016983e-02 1.002021506031747083e-01 1.649975737030435485e-01 0.000000000000000000e+00 0.000000000000000000e+00 8.924485104094556642e-02 0.000000000000000000e+00 5.334039537324838237e-02 2.217339736080307377e-01 1.001973262662706199e-01
1.392330597559651544e-02 9.978476492545720888e-02 0.000000000000000000e+00 5.104625858129153461e-03 8.854125859944962651e-02 1.331486154183240955e-01 4.368644175575454001e-03 7.449722201062992932e-02 0.000000000000000000e+00 0.000000000000000000e+00 0.000000000000000000e+00 9.452473501136875178e-02 4.874176745261922516e-03 0.000000000000000000e+00 6.056150324855853750e-03 9.880048483092128409e-02 8.399697553597639758e-04 1.373820467805009042e-02 2.024223563863431219e-01 1.593754853046770170e-01
1.080013039035089689e-01 1.492899006827311525e-01 0.000000000000000000e+00 0.000000000000000000e+00 1.452251074092481276e-01 1.428922764346081953e-01 0.000000000000000000e+00 1.340707534708890890e-02 2.255004806644575130e-02 0.000000000000000000e+00 0.000000000000000000e+00 4.794119714263411075e-02 0.000000000000000000e+00 0.000000000000000000e+00 0.000000000000000000e+00 0.000000000000000000e+00 6.650459046483414571e-02 1.575233129965940559e-01 7.898424313003540864e-02 6.768094442227118313e-02
7.076364659849444967e-03 6.314485239678381198e-03 0.000000000000000000e+00 3.596494675179017636e-02 5.269454196779513322e-02 1.402960807686109701e-01 1.116086268937566735e-03 8.920202818789382815e-02 1.463121232150671747e-01 0.000000000000000000e+00 0.000000000000000000e+00 8.939427217082762667e-02 1.223091373844840540e-01 0.000000000000000000e+00 0.000000000000000000e+00 1.101684962964471180e-02 1.177268868536367752e-01 0.000000000000000000e+00 1.371451940799167102e-01 4.343100282186737604e-02
1.524527901647520448e-03 1.296908894412147351e-01 0.000000000000000000e+00 1.232920583182757490e-01 1.355279505261415551e-01 1.412968153861669240e-01 0.000000000000000000e+00 0.000000000000000000e+00 4.686104229845604319e-02 0.000000000000000000e+00 0.000000000000000000e+00 9.822694572527132517e-02 0.000000000000000000e+00 4.597365736929612950e-02 0.000000000000000000e+00 1.642059292082451161e-02 1.446362504039018781e-01 4.668796796036442376e-02 6.774163359707874310e-02 2.119668151360555933e-03
1.305715932078928450e-02 5.212684288638158581e-02 0.000000000000000000e+00 5.568402359696696113e-02 1.498052342775023638e-01 1.639998269610715709e-01 9.879540398492966946e-03 0.000000000000000000e+00 9.328374865897103019e-02 3.732439423085169485e-03 0.000000000000000000e+00 0.000000000000000000e+00 7.631727205413386950e-02 0.000000000000000000e+00 0.000000000000000000e+00 2.095496762911366103e-03 1.419255941152088307e-01 2.170160890930676947e-02 1.647229120108192890e-01 5.166830062435879417e-02
0.000000000000000000e+00 1.424469471317271474e-01 7.710331980794629496e-04 1.586313546377517980e-01 1.554191450780564587e-01 1.690771131043605421e-02 2.264084741901001979e-03 3.011998834127949803e-02 6.495642784539859549e-02 3.331969468957023811e-02 0.000000000000000000e+00 1.335984787252854633e-01 4.411560792553407412e-02 2.460501175449756120e-02 1.519920157414633988e-01 0.000000000000000000e+00 0.000000000000000000e+00 0.000000000000000000e+00 0.000000000000000000e+00 4.085249887901920562e-02
8.751583450615281479e-02 8.827881474661751493e-02 0.000000000000000000e+00 0.000000000000000000e+00 0.000000000000000000e+00 4.020362515923325136e-02 7.814603281932747808e-03 0.000000000000000000e+00 9.856010704438562808e-02 8.571715041083474707e-02 0.000000000000000000e+00 1.355604091583465232e-01 1.322774585113822288e-01 4.185938267430657639e-02 2.733156759638106018e-02 0.000000000000000000e+00 8.281818335781109333e-03 1.677986842108608045e-01 7.880054436378494676e-02 0.000000000000000000e+00
7.552408530117464287e-04 1.003890649064729940e-01 0.000000000000000000e+00 0.000000000000000000e+00 0.000000000000000000e+00 7.191397430052165474e-02 0.000000000000000000e+00 2.023541222683473972e-01 1.947735605059656636e-02 3.661804138716160360e-03 0.000000000000000000e+00 1.079457281681852621e-01 1.750049748330559096e-01 1.563986677205160720e-03 2.875120232219603028e-02 0.000000000000000000e+00 0.000000000000000000e+00 1.310933993200011083e-01 4.472444425249733763e-03 1.526167017364402634e-01
2.127481751538447610e-02 2.350063471235546569e-02 0.000000000000000000e+00 1.325841919150300974e-01 1.104806923725599049e-01 2.107059459434925397e-01 2.782944923451768221e-02 1.924205042763850806e-02 1.017261885742182514e-01 0.000000000000000000e+00 4.162595297305844710e-02 1.447471155935106391e-01 3.479741360517422076e-03 0.000000000000000000e+00 1.596452001995040532e-02 1.042308812906819621e-01 4.106206382052238202e-03 0.000000000000000000e+00 0.000000000000000000e+00 3.850161168503206388e-02
1.555469568419641513e-01 6.209801637163658156e-02 2.047423354904937074e-03 4.874839658203984107e-03 0.000000000000000000e+00 1.647271004202270628e-01 6.227615947143102376e-04 5.363131146724351567e-02 0.000000000000000000e+00 0.000000000000000000e+00 0.000000000000000000e+00 2.848352554762819677e-01 2.115529311766194687e-01 0.000000000000000000e+00 2.254568029482703281e-02 8.452764484892938066e-03 1.444118367941050985e-03 1.176694549576840637e-02 0.000000000000000000e+00 1.585389499477452696e-02
9.291131553344524063e-03 7.441217423383812701e-02 2.985907003919977942e-03 0.000000000000000000e+00 1.471783377208580046e-01 1.214282398113341321e-01 5.280812113625907474e-03 1.355051481478152312e-02 1.734032321059977844e-02 1.770203354858502912e-04 9.402226405316061603e-03 4.219948892916198374e-02 7.121739339753603570e-02 8.606711795932307438e-03 1.462916903582406336e-01 4.154128451412456013e-03 9.618238527511989433e-02 6.215097062217592866e-02 1.214537344326506669e-03 1.669360066229904904e-01
0.000000000000000000e+00 0.000000000000000000e+00 0.000000000000000000e+00 1.198055529194915272e-03 2.091699475687014698e-01 3.901542974280022835e-02 0.000000000000000000e+00 3.719878344339246079e-02 5.942182978152919098e-02 6.242772147481577896e-03 0.000000000000000000e+00 2.266986966047928043e-01 0.000000000000000000e+00 0.000000000000000000e+00 3.347712184734569739e-03 0.000000000000000000e+00 0.000000000000000000e+00 1.852615031003377460e-02 1.880851649455827501e-01 2.110954577417561984e-01
1.316356849408918117e-01 0.000000000000000000e+00 0.000000000000000000e+00 3.724858567903721607e-02 6.444401716582587314e-02 1.603338559330726720e-01 0.000000000000000000e+00 1.178207406352108633e-01 1.216920237452554822e-02 0.000000000000000000e+00 0.000000000000000000e+00 8.131365464268623666e-02 1.593246631078664710e-01 1.320474625608929718e-02 0.000000000000000000e+00 8.612841492439573046e-03 0.000000000000000000e+00 0.000000000000000000e+00 4.881776888692301170e-02 1.650742388854315457e-01
2.123788743495034787e-03 3.806635160640513271e-02 0.000000000000000000e+00 8.173825479047575060e-03 1.519304462404600931e-01 0.000000000000000000e+00 0.000000000000000000e+00 2.224914022927567542e-02 1.718810066847042267e-02 0.000000000000000000e+00 5.992104992573376622e-03 2.776238198453166994e-01 2.266576196356381509e-02 0.000000000000000000e+00 4.966038593087127723e-02 0.000000000000000000e+00 9.589843255477998804e-03 5.207070825485261845e-02 1.579345182359270239e-01 1.847312045542631731e-01
7.701757083313744623e-04 3.223677038670619277e-02 0.000000000000000000e+00 1.204581464581596234e-01 5.961079668820068759e-04 1.475155498302621604e-01 0.000000000000000000e+00 0.000000000000000000e+00 3.596918467539137604e-02 0.000000000000000000e+00 2.971087605894546895e-06 8.686809908252662860e-02 6.346332633727588823e-02 1.646224172219194152e-03 1.540406212066498248e-01 0.000000000000000000e+00 0.000000000000000000e+00 0.000000000000000000e+00 1.501978903551496047e-01 2.062349327328401594e-01
3.629501440649202798e-02 0.000000000000000000e+00 4.362843310087286680e-02 0.000000000000000000e+00 1.493569841877389892e-01 1.418922844362647540e-01 0.000000000000000000e+00 1.799129166383213185e-01 1.434745412065185650e-03 0.000000000000000000e+00 3.258914583594639536e-02 1.824924836385088261e-02 0.000000000000000000e+00 0.000000000000000000e+00 0.000000000000000000e+00 0.000000000000000000e+00 0.000000000000000000e+00 0.000000000000000000e+00 1.713410646926130099e-01 2.253001629258345739e-01
0.000000000000000000e+00 6.185627232886644483e-02 0.000000000000000000e+00 3.301382926145329105e-03 0.000000000000000000e+00 1.376688943908190854e-01 5.728069124443193509e-04 1.349453169603433422e-01 1.654274786613241580e-02 1.143760027759350983e-02 1.772956528043527046e-04 2.072439509420999082e-01 2.160141501360745286e-01 0.000000000000000000e+00 3.746348335838211446e-02 6.469574068998933808e-03 0.000000000000000000e+00 0.000000000000000000e+00 0.000000000000000000e+00 1.663065241792957560e-01
2.026134148081768817e-03 3.268268271597343094e-02 7.825678331521161626e-04 1.381711661072854425e-01 1.505715682885217510e-01 0.000000000000000000e+00 0.000000000000000000e+00 0.000000000000000000e+00 1.277660619261574704e-01 1.353748755948667266e-03 7.341483638029310367e-04 1.489381966932091517e-01 8.826256557883577214e-02 1.643111165304388804e-02 9.121702510014385520e-03 0.000000000000000000e+00 1.290954023510988528e-02 6.717103679310421072e-02 1.706886461848346193e-01 3.238912221292469112e-02
1.845149772498324236e-04 0.000000000000000000e+00 0.000000000000000000e+00 4.748927029999178151e-02 1.767752108380593878e-01 1.419720541601883490e-01 1.589888748114345191e-02 1.038706904963307767e-02 3.285990951073990834e-02 2.667597171446512219e-02 0.000000000000000000e+00 0.000000000000000000e+00 1.688053631916193453e-01 0.000000000000000000e+00 1.191118948855302874e-02 0.000000000000000000e+00 0.000000000000000000e+00 0.000000000000000000e+00 1.609732037643235025e-01 2.060673555240332411e-01
2.511193867929892298e-02 1.360676666362613425e-03 0.000000000000000000e+00 1.024683461199569490e-01 1.333440438321943644e-01 1.660421344093655216e-01 7.163020804540742165e-03 1.158504716311527325e-03 7.366740542150652937e-02 2.021706645704004698e-02 0.000000000000000000e+00 2.994533754649380750e-02 0.000000000000000000e+00 1.619972860257942043e-02 0.000000000000000000e+00 9.899989233798861532e-02 1.609708387588191418e-03 0.000000000000000000e+00 1.767719120048830417e-01 1.459402840138897817e-01
8.008085732558241354e-02 1.833323960790654572e-01 0.000000000000000000e+00 1.884081485040895454e-01 0.000000000000000000e+00 0.000000000000000000e+00 9.575291501770312463e-02 1.391646000517524073e-01 0.000000000000000000e+00 0.000000000000000000e+00 8.461332217852408216e-03 0.000000000000000000e+00 0.000000000000000000e+00 0.000000000000000000e+00 3.637062987473658332e-02 0.000000000000000000e+00 0.000000000000000000e+00 8.635727257381607680e-02 7.900507895931691005e-04 1.812817975658089220e-01
3.132661623336246287e-02 2.849176497176052203e-02 2.135734801939217359e-02 6.092581936225473227e-02 0.000000000000000000e+00 0.000000000000000000e+00 1.993546466318742508e-02 6.261752910791579252e-02 2.134943121796756271e-01 0.000000000000000000e+00 6.985706359110319119e-02 2.342118301991050755e-01 1.590101134719395159e-03 0.000000000000000000e+00 2.602797227668630572e-02 2.598109022766783432e-02 1.554763222929657351e-01 1.896933063698050259e-02 2.807131797720824676e-02 1.666117126014985718e-03
0.000000000000000000e+00 7.382152013094861465e-02 0.000000000000000000e+00 1.035015205134378752e-01 2.837151517289961816e-02 2.812622439198090782e-02 0.000000000000000000e+00 1.277186902648393962e-01 1.547156442358509597e-02 0.000000000000000000e+00 0.000000000000000000e+00 1.388386892755245627e-01 2.344370939696560907e-01 0.000000000000000000e+00 1.497029031030858437e-01 3.323927880398791501e-02 0.000000000000000000e+00 5.816938675106912877e-03 3.595545912648323572e-02 2.499860214846388526e-02
4.006651285853988012e-03 0.000000000000000000e+00 0.000000000000000000e+00 0.000000000000000000e+00 3.683065551666683812e-02 5.338137408264662792e-02 1.330955471141907070e-02 1.480913525171211886e-01 1.600778306750332558e-01 0.000000000000000000e+00 0.000000000000000000e+00 1.446884814905776973e-01 1.106682153873848537e-02 1.036761403261434941e-02 2.458150878317225466e-02 6.589689872743318723e-03 1.184497259275915926e-01 8.266602635975556224e-02 1.847166970909220884e-01 1.176016115143640496e-03
1.301018158852557767e-03 5.887006553383311580e-02 1.665233239129864859e-02 5.426710106837245168e-04 8.105389511828606577e-03 1.414628683663782249e-01 1.455751950241543791e-03 1.362225607517148218e-01 1.628848789371947076e-02 0.000000000000000000e+00 0.000000000000000000e+00 1.302711181018610387e-01 2.291557982252931946e-01 0.000000000000000000e+00 1.482607153764541399e-02 0.000000000000000000e+00 3.102187041679126903e-03 2.907630688568516031e-02 4.066635917487701479e-02 1.720010134644085198e-01
9.610885360461320082e-03 3.997867508530313779e-03 0.000000000000000000e+00 0.000000000000000000e+00 1.667673585855914131e-01 7.407594500680282634e-02 6.398308438457069383e-03 0.000000000000000000e+00 0.000000000000000000e+00 0.000000000000000000e+00 2.791780046185823611e-03 1.858839949193087093e-01 0.000000000000000000e+00 5.630395327773330891e-03 1.735068280280515074e-01 1.772039787702032933e-03 2.436827760268114595e-01 8.208580998904722870e-02 2.495434633248534706e-02 1.884166464279161263e-02
0.000000000000000000e+00 8.741312024230150912e-02 0.000000000000000000e+00 0.000000000000000000e+00 1.234255093222769162e-01 6.165793392439646026e-03 1.186663706190687305e-02 6.193617058267077147e-02 1.528958293639106139e-02 0.000000000000000000e+00 9.216404177101328050e-04 1.488138598585237171e-01 8.471735135177091425e-02 0.000000000000000000e+00 0.000000000000000000e+00 6.633501923791340626e-02 0.000000000000000000e+00 1.042150632944098820e-01 0.000000000000000000e+00 2.889002523016853674e-01
1.310798382801203477e-01 1.678309927178330552e-01 1.992544045280925558e-04 4.908107602157122870e-03 0.000000000000000000e+00 0.000000000000000000e+00 1.034263170216383060e-01 0.000000000000000000e+00 3.998639073543587032e-03 9.027324638811952753e-03 9.021553546082136665e-02 1.568615054896850824e-01 1.382230259796583469e-03 1.810198842341931291e-02 4.444796068633545538e-02 7.674720329378093009e-02 5.332453925132923413e-03 0.000000000000000000e+00 1.609348338540809720e-01 2.550581486831503958e-02
0.000000000000000000e+00 5.692549010544973448e-02 1.658467274705719167e-03 0.000000000000000000e+00 8.058534137658862617e-02 1.559996862698090070e-01 0.000000000000000000e+00 1.366789548407095489e-01 2.262183314143266857e-02 0.000000000000000000e+00 0.000000000000000000e+00 6.398546389870554685e-02 1.751929384790874844e-01 0.000000000000000000e+00 5.954136036817553324e-02 0.000000000000000000e+00 0.000000000000000000e+00 6.625673268764581403e-02 5.506476175429284980e-04 1.800030839401474403e-01
1.630992742641532711e-01 3.458068785465408940e-02 1.506823146128091241e-02 5.795569767980027903e-02 6.547284113023994767e-02 1.466462770631982160e-01 0.000000000000000000e+00 2.663392393504037184e-03 3.444424872617773362e-03 0.000000000000000000e+00 4.428549229542539864e-03 1.362075291690166556e-01 1.844554950125563419e-01 0.000000000000000000e+00 4.299300062973247100e-03 0.000000000000000000e+00 2.093391315879341349e-03 2.003515633974578113e-03 4.774766516825468959e-02 1.298337276883540226e-01
5.505286404593261532e-03 0.000000000000000000e+00 0.000000000000000000e+00 8.682431484546013212e-02 1.439459348493755952e-01 4.972223326029338170e-02 2.510253902147238994e-02 0.000000000000000000e+00 1.277241923067918838e-01 1.667927020831298313e-03 3.399249683726617011e-02 1.381889689973625768e-01 1.077798587855348933e-01 0.000000000000000000e+00 3.385020872682263648e-02 0.000000000000000000e+00 0.000000000000000000e+00 3.428169310385341395e-02 1.522977096814124021e-01 5.911663615893012619e-02
2.264652315954635009e-02 8.057685699847721983e-02 0.000000000000000000e+00 4.135004910352982344e-02 1.359005742089534619e-01 2.105632915316412931e-02 1.047487493374503822e-02 1.021076965193712383e-02 1.581078930894222467e-01 3.153499550794218540e-03 1.115726546292326524e-02 1.325982812433526559e-01 1.830964823277383274e-02 7.307742791098224833e-02 2.341033296343344571e-03 0.000000000000000000e+00 1.069486647342575564e-01 0.000000000000000000e+00 1.274402164113900421e-02 1.593462876286583785e-01
8.062108439989815536e-03 0.000000000000000000e+00 3.953485541328694182e-03 1.380080842026167598e-01 7.585081377670882877e-04 2.040020981712661885e-02 1.538988150324629815e-02 7.032916694142303526e-02 8.385309510521081477e-02 1.236941038096213766e-03 4.151104474749152395e-03 1.501220418743390850e-01 1.144212364456571041e-01 0.000000000000000000e+00 1.606326487367350231e-01 1.346371788814469152e-02 0.000000000000000000e+00 2.328961652070030402e-03 0.000000000000000000e+00 2.128888082014995797e-01
4.020914609082899133e-02 0.000000000000000000e+00 5.211441394521957454e-03 2.462724497481670778e-03 1.618966670773038241e-01 1.907118969943878001e-02 0.000000000000000000e+00 1.601352256259732654e-01 2.972298734727388952e-02 0.000000000000000000e+00 0.000000000000000000e+00 1.668818271371143025e-01 5.141083067747354018e-02 0.000000000000000000e+00 0.000000000000000000e+00 0.000000000000000000e+00 0.000000000000000000e+00 0.000000000000000000e+00 1.605630205850830106e-01 2.024349398675067968e-01
1.963808356895745480e-04 1.988226963935647775e-04 0.000000000000000000e+00 5.958865692268950492e-02 2.629167143138861351e-01 1.725436016274441431e-01 8.941146864397452043e-02 0.000000000000000000e+00 0.000000000000000000e+00 0.000000000000000000e+00 0.000000000000000000e+00 8.680721772272143033e-02 5.603291619467732146e-03 1.080280819778036555e-02 5.198531555772232214e-03 6.223961247464739749e-03 3.717451131668907116e-02 4.352007628188958588e-02 2.804910141125979695e-02 1.917648556068775045e-01
0.000000000000000000e+00 1.417784408688538278e-01 2.319582022709455738e-02 1.325500466807372490e-01 1.545938896644646066e-01 1.311413802709969212e-01 1.517494323493840964e-03 0.000000000000000000e+00 4.420310798646732075e-04 0.000000000000000000e+00 0.000000000000000000e+00 6.280131456434269455e-02 0.000000000000000000e+00 9.711384503833182802e-02 2.358662729726563462e-02 3.499044533559437717e-03 5.390635540931043579e-02 1.259452018269440095e-02 1.150124484282439158e-01 4.626674143074601536e-02
3.324475952884287013e-03 5.901848259911321448e-02 0.000000000000000000e+00 7.500201649484557198e-02 0.000000000000000000e+00 9.465686060346448216e-02 9.610940828959239901e-03 1.131140002082907294e-03 0.000000000000000000e+00 0.000000000000000000e+00 0.000000000000000000e+00 9.838041588316645547e-02 1.864514608107092353e-01 1.330960266956937865e-01 1.498305884150852862e-01 0.000000000000000000e+00 0.000000000000000000e+00 1.071655621020990191e-03 1.504009768733484236e-02 1.733858384056396196e-01
9.195572621247624645e-02 1.057859364433499511e-01 0.000000000000000000e+00 1.463741013159923221e-01 4.171958749452342116e-03 1.589337634675373201e-01 8.156659013611068654e-02 1.439256257082870694e-01 1.342891620560716752e-02 0.000000000000000000e+00 2.027858303395372198e-03 4.644338118806858040e-02 6.564786483024832343e-03 0.000000000000000000e+00 0.000000000000000000e+00 3.791993704008867622e-02 0.000000000000000000e+00 3.686613758924045525e-02 4.697701449146150787e-02 7.705826666590727403e-02
1.214576529767533858e-02 1.334876710081109863e-01 0.000000000000000000e+00 0.000000000000000000e+00 1.838414329717189544e-01 1.023286189089479825e-01 0.000000000000000000e+00 2.174044289179917142e-02 0.000000000000000000e+00 0.000000000000000000e+00 0.000000000000000000e+00 2.828806148590756742e-02 0.000000000000000000e+00 0.000000000000000000e+00 5.069270403374277409e-03 0.000000000000000000e+00 4.534230764745294205e-03 1.764407652468232834e-01 1.549810682169186216e-01 1.771426728039786069e-01
4.013514031301368412e-02 2.101805496664534145e-01 1.458474030221657836e-01 2.868242022171190678e-03 1.123834983738455050e-02 0.000000000000000000e+00 9.473442281238642071e-02 5.597861857347131986e-02 8.364837163175776677e-03 5.010357707983706388e-03 1.275402772228235700e-03 1.121193776438227929e-01 1.180004327223971722e-01 0.000000000000000000e+00 2.127678133514636447e-03 8.391709232222946402e-03 1.521032564480674087e-01 0.000000000000000000e+00 2.505636644392382831e-02 6.567855485616934733e-03
0.000000000000000000e+00 1.402362349063491220e-01 0.000000000000000000e+00 1.114416251292399017e-03 1.839984235463118234e-01 1.204250529151251192e-01 2.094484453110851199e-02 0.000000000000000000e+00 1.007061945125256076e-02 3.822425547731221878e-03 2.696569660745387013e-03 1.140136201087290496e-02 0.000000000000000000e+00 2.427145589291205413e-02 1.522976047372057440e-01 4.384024814036078382e-03 1.268671947340793971e-01 1.437675285541617776e-01 5.370224244681568587e-02 0.000000000000000000e+00
1.647483655601444377e-03 0.000000000000000000e+00 1.510709235767858372e-01 1.385454287556904251e-01 0.000000000000000000e+00 0.000000000000000000e+00 1.494343096294760117e-03 1.441946405264899755e-01 4.565723412547167959e-02 0.000000000000000000e+00 0.000000000000000000e+00 0.000000000000000000e+00 9.831987498038521900e-02 2.653030770467765601e-02 7.046263291910646875e-02 4.691126986935417742e-02 2.385529542192422192e-01 0.000000000000000000e+00 3.661290657090011252e-02 0.000000000000000000e+00
1.857421041693284036e-01 0.000000000000000000e+00 0.000000000000000000e+00 0.000000000000000000e+00 8.734277823621361403e-02 1.087997229221757678e-01 3.657422242236670756e-02 9.098151500814909793e-04 1.821045809761042411e-01 0.000000000000000000e+00 0.000000000000000000e+00 9.566896445251670683e-03 0.000000000000000000e+00 1.185825018603247072e-01 0.000000000000000000e+00 0.000000000000000000e+00 0.000000000000000000e+00 6.811867236378145452e-03 7.692451202853296810e-02 1.866409985532423432e-01
1.973998556229215537e-02 4.397370051124596668e-02 5.141676833411187690e-03 2.243255097117328178e-01 1.726624501196320494e-01 2.142124151659564046e-01 0.000000000000000000e+00 8.746318476899106464e-03 8.972435896405173139e-03 7.107919798338603211e-04 7.122060530443636434e-03 5.403673308172361051e-02 0.000000000000000000e+00 0.000000000000000000e+00 1.248130329916299908e-01 0.000000000000000000e+00 9.553022485112870610e-02 0.000000000000000000e+00 1.179002612326074916e-02 8.222638164404438843e-03
7.458080872087367343e-03 5.770932375116885615e-02 0.000000000000000000e+00 1.959170348311024823e-01 5.502594079157065166e-02 0.000000000000000000e+00 3.786686765301520118e-03 9.670139564494469736e-03 1.604525078811180894e-02 0.000000000000000000e+00 4.617455864584750491e-03 1.320728713544658262e-01 9.252898623294454616e-02 2.183112875961572621e-02 0.000000000000000000e+00 8.284936728434483255e-02 0.000000000000000000e+00 9.651347676235468021e-03 1.739617735637606077e-01 1.368746119002111350e-01
2.826518670742357228e-02 0.000000000000000000e+00 9.110811909771916739e-02 7.021428205900322184e-02 4.211385687079663431e-02 1.513784724063066967e-01 1.825118225541611568e-03 2.112075081903045694e-03 8.780120027497453905e-02 0.000000000000000000e+00 0.000000000000000000e+00 7.864416156799794444e-02 0.000000000000000000e+00 3.786453131724501486e-02 0.000000000000000000e+00 0.000000000000000000e+00 7.201070950157340000e-02 0.000000000000000000e+00 1.945422947444028772e-01 1.421199921451121451e-01
