1.404248578800228742e-01 1.585761536897508511e-02 4.405436437080994649e-04 5.241759428383264974e-02 1.465821887364167873e-02 1.241335980164128827e-01 5.024276842358502138e-02 2.270843519244963860e-02 1.431731567466526522e-01 0.000000000000000000e+00 9.474959314910420469e-03 8.367867270541920477e-02 6.735006697957919564e-02 0.000000000000000000e+00 0.000000000000000000e+00 0.000000000000000000e+00 3.222614824420791391e-02 2.518814599349057225e-03 4.738319383381767169e-02 1.933113558934360654e-01
1.540782962667205380e-01 0.000000000000000000e+00 0.000000000000000000e+00 3.514214550011130478e-01 1.214363999368628377e-02 1.774893529669360204e-01 0.000000000000000000e+00 0.000000000000000000e+00 0.000000000000000000e+00 0.000000000000000000e+00 0.000000000000000000e+00 5.116324414370530815e-02 4.780615996798947415e-02 0.000000000000000000e+00 3.458254269887746282e-03 0.000000000000000000e+00 2.833185568643000092e-03 0.000000000000000000e+00 1.800510693949841645e-01 1.955534242633455780e-02
2.933065047530951028e-02 1.252769874249206640e-02 6.972715584188744764e-02 4.705997920243955301e-02 8.484712878702103944e-02 0.000000000000000000e+00 1.006236687866232243e-01 1.439003911323237794e-01 5.632536159793993628e-03 0.000000000000000000e+00 0.000000000000000000e+00 0.000000000000000000e+00 2.009320208800114138e-01 1.352983913396114402e-01 0.000000000000000000e+00 2.929110793110396328e-03 0.000000000000000000e+00 0.000000000000000000e+00 3.734487601231259533e-03 1.634567802581449458e-01
1.532392877960170041e-01 1.794269886650260576e-02 2.783340121209375989e-02 7.214489629323207753e-02 0.000000000000000000e+00 4.997848410800515701e-02 1.244032412911260516e-02 5.240601801309185959e-02 0.000000000000000000e+00 0.000000000000000000e+00 0.000000000000000000e+00 1.604249555007417338e-01 2.008710714613356763e-01 6.058815700959042060e-03 0.000000000000000000e+00 0.000000000000000000e+00 5.729041439580011968e-03 4.110408912105301821e-02 1.712738150729836151e-01 2.855310128529182576e-02
6.489701263232241189e-03 8.856030799810125920e-02 5.471369779533895999e-03 9.952112375886562265e-03 1.696912215072375607e-01 3.806335504612054933e-03 0.000000000000000000e+00 6.364602458460776047e-02 0.000000000000000000e+00 0.000000000000000000e+00 0.000000000000000000e+00 4.044776973168796169e-02 0.000000000000000000e+00 9.402625851092837050e-02 4.846823099231684778e-02 1.787482513207973647e-02 3.012968117882804196e-03 1.391394518401828373e-01 1.455615417228821318e-01 1.638518809388280206e-01
1.563218475428103660e-01 1.700442604997576268e-01 2.175084108340299971e-02 0.000000000000000000e+00 1.358833761070771806e-01 2.833343321388828162e-01 0.000000000000000000e+00 3.275106719133962646e-02 0.000000000000000000e+00 0.000000000000000000e+00 0.000000000000000000e+00 5.280057654977692722e-02 2.736770892899947905e-02 0.000000000000000000e+00 0.000000000000000000e+00 0.000000000000000000e+00 7.759246911506899325e-02 0.000000000000000000e+00 3.734943825196242878e-02 4.804082590921739809e-03
1.942236642886432940e-02 7.617010483166497536e-02 4.832714513327045040e-03 3.909375896008412260e-02 2.146254372371738661e-01 1.430540443499866421e-01 0.000000000000000000e+00 4.424190010540395707e-02 3.048193326329917338e-03 7.944114502450022944e-03 0.000000000000000000e+00 1.334751838875951058e-01 1.785721291168250457e-01 0.000000000000000000e+00 9.004896301554928678e-03 0.000000000000000000e+00 0.000000000000000000e+00 1.236125345889302904e-03 3.377585606772724736e-02 9.150317502512363144e-02
0.000000000000000000e+00 3.067557326103337659e-02 1.489247593229087174e-02 6.729319203098836633e-02 9.271901665538116732e-02 1.417429180312041737e-01 1.044053497556904075e-01 1.677446125352358985e-01 0.000000000000000000e+00 0.000000000000000000e+00 0.000000000000000000e+00 2.324488371358897007e-02 1.105567069630546406e-01 0.000000000000000000e+00 0.000000000000000000e+00 1.660983831301027225e-02 0.000000000000000000e+00 4.154845876594131376e-02 1.842038480990572935e-01 4.363125943523175204e-03
1.784465802451117022e-02 1.704686939250273647e-01 1.610272558938349863e-02 1.680957750917772831e-01 1.627897266610876803e-01 7.817853352700251945e-02 2.232932005878807136e-02 0.000000000000000000e+00 0.000000000000000000e+00 1.080628948393906608e-01 0.000000000000000000e+00 1.303368826283125004e-01 7.792815545576937605e-04 0.000000000000000000e+00 0.000000000000000000e+00 1.179832854203728687e-02 1.132131795581243217e-01 0.000000000000000000e+00 0.000000000000000000e+00 0.000000000000000000e+00
3.233815993449813686e-02 1.254141299623309225e-01 8.590900334220674672e-02 3.774610000865354087e-02 1.425660123484745467e-01 8.639936563214443976e-02 2.256323965620405519e-02 0.000000000000000000e+00 0.000000000000000000e+00 0.000000000000000000e+00 0.000000000000000000e+00 1.584621046422723945e-01 2.428602130214023436e-02 5.969615028033828895e-03 1.430660419778473358e-01 0.000000000000000000e+00 0.000000000000000000e+00 0.000000000000000000e+00 0.000000000000000000e+00 1.352802061651937615e-01
3.571402932163530303e-02 5.885466816886645788e-03 0.000000000000000000e+00 1.407942409513123772e-01 6.849176798902592567e-02 1.020971727282132396e-01 1.397786167636537631e-02 0.000000000000000000e+00 0.000000000000000000e+00 0.000000000000000000e+00 0.000000000000000000e+00 7.196628748219222049e-02 2.397683243860775359e-01 2.549942662305844029e-02 1.322040717825655465e-01 6.769470099342215531e-03 7.566968847295703522e-03 1.206233132894563992e-01 2.864159800657294780e-02 0.000000000000000000e+00
3.800999355332468355e-02 3.569508879061737694e-02 1.500219770113063065e-03 4.412029684691222593e-03 0.000000000000000000e+00 4.897031744529416024e-03 4.874034250843042176e-02 7.967428336955034718e-02 0.000000000000000000e+00 1.851496435666625390e-02 1.855964618779245776e-02 2.555987870327171563e-01 1.580650414853961572e-01 6.702461969102210641e-03 3.596386979498164462e-03 8.634251253684770144e-03 5.140753169527140926e-02 1.369873141156707497e-01 0.000000000000000000e+00 1.290046255029441147e-01
1.631273666551511653e-02 7.834278569585982621e-02 6.016156050732491926e-03 2.306578116337892111e-03 2.116199838232185326e-01 1.421211133825088513e-01 1.387046720433940221e-02 1.334808202202759225e-02 2.312548117691120772e-02 9.096709379816785360e-03 3.278867912162465592e-02 1.516971457632677045e-01 1.780315005904855308e-01 0.000000000000000000e+00 2.993529616758400930e-02 0.000000000000000000e+00 0.000000000000000000e+00 5.444261321092304373e-04 3.355342645115367141e-04 9.050732444314979475e-02
5.069268641343255971e-02 3.262890315714415262e-02 0.000000000000000000e+00 2.597762021909540420e-01 1.198852104200684304e-01 1.620535084345019750e-01 2.803317667783421577e-02 1.397152501791738832e-02 0.000000000000000000e+00 0.000000000000000000e+00 0.000000000000000000e+00 7.574990863359630511e-02 1.255435175179812068e-01 0.000000000000000000e+00 4.540556168271496842e-03 0.000000000000000000e+00 0.000000000000000000e+00 0.000000000000000000e+00 1.271248053682981216e-01 0.000000000000000000e+00
1.103677730070334526e-02 1.984875896204815748e-02 4.620658992519650378e-03 1.264807851727790255e-01 1.133113743471545753e-01 4.380395124732128220e-02 0.000000000000000000e+00 0.000000000000000000e+00 9.357013962948605712e-02 2.012183729959400938e-04 0.000000000000000000e+00 2.000940054893126166e-02 1.729078671912041149e-02 1.785310224948033209e-01 1.541399806719397914e-01 3.181433672041766858e-03 9.059012433239598677e-03 0.000000000000000000e+00 3.616862390631780250e-02 1.687460755285981329e-01
3.317442397812384730e-02 0.000000000000000000e+00 0.000000000000000000e+00 1.851633468496833301e-01 1.479311953629482979e-01 1.835086904285234688e-01 4.456595517368171916e-02 0.000000000000000000e+00 0.000000000000000000e+00 0.000000000000000000e+00 0.000000000000000000e+00 9.144865766986485026e-03 0.000000000000000000e+00 0.000000000000000000e+00 1.844175437629789471e-01 0.000000000000000000e+00 1.426852068325488651e-03 9.422620197739763059e-02 1.058662282572524760e-01 1.057469637409820702e-02
1.673860423191798341e-01 0.000000000000000000e+00 1.525158067157333409e-02 0.000000000000000000e+00 4.442478926649130050e-02 1.375652852767780543e-01 4.047236951063574312e-03 1.494922890912286362e-01 1.141794219186557657e-01 0.000000000000000000e+00 9.468403925304666457e-03 9.428313521814188011e-03 0.000000000000000000e+00 8.395472168002411639e-02 5.775315847208485273e-03 7.955696096945540086e-02 1.580628231525433788e-02 0.000000000000000000e+00 2.969740642042729278e-02 1.339659498255410808e-01
2.825226111592860426e-02 1.130774245705039316e-01 3.024164788803419910e-03 0.000000000000000000e+00 1.973365668288134048e-02 1.316466192419049330e-01 0.000000000000000000e+00 1.399222525531768416e-02 1.761883793327143621e-01 0.000000000000000000e+00 5.357861340837258984e-02 3.155314809778742707e-02 0.000000000000000000e+00 0.000000000000000000e+00 3.644506887703376219e-02 8.319905000634660042e-02 5.528301749974045762e-03 0.000000000000000000e+00 1.380794458141537673e-01 1.657016410582773935e-01
1.983986766804202162e-02 1.516462866117641028e-01 0.000000000000000000e+00 2.626763842391764414e-01 8.359337641753701587e-02 0.000000000000000000e+00 0.000000000000000000e+00 4.963281856749817561e-02 0.000000000000000000e+00 0.000000000000000000e+00 0.000000000000000000e+00 1.437933302760065202e-01 0.000000000000000000e+00 9.293177341620882312e-03 1.561440996635099498e-01 0.000000000000000000e+00 9.196892900675743276e-02 0.000000000000000000e+00 0.000000000000000000e+00 3.141173020808754601e-02
0.000000000000000000e+00 4.839767415465714290e-02 1.979869350734814876e-02 5.981744945282853505e-03 1.308465772386527282e-01 1.431195866530044769e-01 5.632651483414792375e-03 7.556697471064779958e-02 1.288619404258051042e-02 0.000000000000000000e+00 0.000000000000000000e+00 1.321380989400793571e-01 0.000000000000000000e+00 2.239756955568717595e-02 1.942591121438089555e-02 0.000000000000000000e+00 0.000000000000000000e+00 3.867474609533269603e-02 1.694426101291861830e-01 1.756909673297450958e-01
