0.000000000000000000e+00 0.000000000000000000e+00 1.254829155377790439e-01 0.000000000000000000e+00 6.365994887465867280e-02 0.000000000000000000e+00 4.315647771901172033e-03 0.000000000000000000e+00 0.000000000000000000e+00 6.991585583171628857e-03 0.000000000000000000e+00 0.000000000000000000e+00 8.561917024787894445e-03 1.325798587083547864e-01 2.362742502544634970e-01 0.000000000000000000e+00 0.000000000000000000e+00 1.883074409880673705e-02 8.456981824085496591e-02 0.000000000000000000e+00 1.231872801488791275e-01 0.000000000000000000e+00 2.823535294185941513e-02 1.072933681088297959e-02 1.565813440036001591e-01
5.125755890373710766e-02 2.365488021393671782e-03 0.000000000000000000e+00 1.281045573716690644e-01 0.000000000000000000e+00 0.000000000000000000e+00 3.491474995163605655e-02 1.345236916093639212e-01 1.228753006505530973e-02 0.000000000000000000e+00 0.000000000000000000e+00 1.139480236644160177e-02 0.000000000000000000e+00 9.542213871768725911e-04 4.005449152486635633e-03 0.000000000000000000e+00 0.000000000000000000e+00 7.265220623145722534e-02 0.000000000000000000e+00 0.000000000000000000e+00 1.622036417555170751e-01 0.000000000000000000e+00 5.859750464680285945e-03 1.655630413526305578e-01 2.139133113667547048e-01
9.768157263261152690e-02 8.007176533958511311e-02 0.000000000000000000e+00 0.000000000000000000e+00 0.000000000000000000e+00 6.451973974352628871e-02 3.692837269269694245e-02 4.755440703219260268e-02 0.000000000000000000e+00 1.446972529071930205e-02 0.000000000000000000e+00 0.000000000000000000e+00 0.000000000000000000e+00 1.557863891904066704e-02 2.140302414513888807e-01 1.172613461809752788e-01 0.000000000000000000e+00 3.827828630781623942e-02 0.000000000000000000e+00 0.000000000000000000e+00 0.000000000000000000e+00 1.380707023465260752e-01 5.613826034939639609e-02 5.903117822372703355e-02 2.038576348979783542e-02
1.724002019188833681e-02 5.446844580227518801e-02 0.000000000000000000e+00 0.000000000000000000e+00 1.283641111446735990e-02 0.000000000000000000e+00 0.000000000000000000e+00 1.391908946323869578e-01 2.079231583794072247e-02 9.020068592497186566e-02 0.000000000000000000e+00 0.000000000000000000e+00 0.000000000000000000e+00 0.000000000000000000e+00 2.002756536186547920e-01 0.000000000000000000e+00 0.000000000000000000e+00 0.000000000000000000e+00 7.199688502076323493e-02 1.277612359908096400e-02 0.000000000000000000e+00 0.000000000000000000e+00 1.246866090848125219e-01 1.743600053837180974e-01 8.117594978904003888e-02
0.000000000000000000e+00 5.366647926843675503e-02 0.000000000000000000e+00 0.000000000000000000e+00 1.050609152268032753e-01 0.000000000000000000e+00 0.000000000000000000e+00 0.000000000000000000e+00 0.000000000000000000e+00 6.805317054683250599e-02 0.000000000000000000e+00 0.000000000000000000e+00 1.676708654352929845e-02 1.028387824311743498e-01 1.876202052011226307e-01 0.000000000000000000e+00 0.000000000000000000e+00 2.080226808674912331e-01 6.956891676205637087e-02 0.000000000000000000e+00 0.000000000000000000e+00 0.000000000000000000e+00 0.000000000000000000e+00 1.884017631525536085e-01 0.000000000000000000e+00
8.594339456243882402e-02 0.000000000000000000e+00 9.036954869635215049e-02 0.000000000000000000e+00 0.000000000000000000e+00 0.000000000000000000e+00 1.469656289204652744e-01 0.000000000000000000e+00 7.890585670078688330e-02 0.000000000000000000e+00 0.000000000000000000e+00 1.302147473829728674e-01 0.000000000000000000e+00 0.000000000000000000e+00 9.797591149483386719e-02 1.192490441757066144e-01 0.000000000000000000e+00 1.175911252019833271e-02 0.000000000000000000e+00 0.000000000000000000e+00 0.000000000000000000e+00 2.446864502375333678e-02 3.727207535461031507e-02 3.977872356496049006e-02 1.370973116029210737e-01
1.272859286795687273e-01 2.592903359745608177e-02 0.000000000000000000e+00 0.000000000000000000e+00 1.406750120598032339e-01 0.000000000000000000e+00 2.872253000849911420e-02 9.160898438930230314e-02 0.000000000000000000e+00 9.105325286528676704e-03 0.000000000000000000e+00 0.000000000000000000e+00 1.572246668061222721e-02 0.000000000000000000e+00 1.934313171453694580e-01 0.000000000000000000e+00 1.019871081571650968e-02 0.000000000000000000e+00 1.522630822497748337e-01 0.000000000000000000e+00 0.000000000000000000e+00 0.000000000000000000e+00 0.000000000000000000e+00 0.000000000000000000e+00 2.050576090873688917e-01
0.000000000000000000e+00 0.000000000000000000e+00 6.570133288436269536e-02 0.000000000000000000e+00 1.441191679821333428e-02 0.000000000000000000e+00 8.626291783646880540e-02 4.452651897071528697e-02 0.000000000000000000e+00 0.000000000000000000e+00 0.000000000000000000e+00 0.000000000000000000e+00 1.722907528570286366e-03 0.000000000000000000e+00 1.280299636133735708e-01 1.253454879865929239e-01 9.753655443194110541e-02 1.778031169284004925e-02 0.000000000000000000e+00 1.145336138706217061e-01 0.000000000000000000e+00 1.036345730542630461e-01 1.128548478937587973e-01 3.007402401509965892e-02 5.758502942317865470e-02
8.374930643910329098e-02 0.000000000000000000e+00 0.000000000000000000e+00 0.000000000000000000e+00 1.456718986127971960e-01 0.000000000000000000e+00 0.000000000000000000e+00 2.067456671180207817e-01 0.000000000000000000e+00 0.000000000000000000e+00 0.000000000000000000e+00 0.000000000000000000e+00 0.000000000000000000e+00 1.436017655872582829e-02 1.856736176455336951e-01 0.000000000000000000e+00 0.000000000000000000e+00 1.376567760030068255e-01 0.000000000000000000e+00 8.199630026438145536e-02 0.000000000000000000e+00 8.980502892718340846e-02 3.456427245490961697e-02 1.977695597633787744e-02 0.000000000000000000e+00
5.019454680065077445e-02 6.446384386687396828e-02 2.885312818655088457e-02 0.000000000000000000e+00 0.000000000000000000e+00 0.000000000000000000e+00 2.156551845186389926e-01 2.592491223261356170e-01 0.000000000000000000e+00 1.929643689789611177e-02 0.000000000000000000e+00 0.000000000000000000e+00 0.000000000000000000e+00 1.697014961259705329e-02 1.882734961393729700e-01 0.000000000000000000e+00 0.000000000000000000e+00 0.000000000000000000e+00 0.000000000000000000e+00 0.000000000000000000e+00 0.000000000000000000e+00 0.000000000000000000e+00 4.935651262308150995e-03 4.645873020028902511e-02 1.056497101886864493e-01
2.646021349984560567e-02 0.000000000000000000e+00 0.000000000000000000e+00 1.477482147238909013e-02 0.000000000000000000e+00 7.835542518764265774e-02 1.534043368419385212e-01 0.000000000000000000e+00 0.000000000000000000e+00 0.000000000000000000e+00 0.000000000000000000e+00 0.000000000000000000e+00 0.000000000000000000e+00 0.000000000000000000e+00 1.563012456554858653e-01 0.000000000000000000e+00 3.897024773290986427e-02 1.314339039280711108e-01 1.340517328236172090e-01 2.267005398219625392e-02 0.000000000000000000e+00 9.311238878855590539e-02 1.003937206290620582e-01 0.000000000000000000e+00 5.007190945828583761e-02
8.698219929113708282e-02 3.284136651305472054e-02 2.317808960682919348e-02 0.000000000000000000e+00 1.524289510271657246e-02 0.000000000000000000e+00 7.048857490240982571e-02 1.443973989407585090e-01 4.020054770910215514e-02 0.000000000000000000e+00 0.000000000000000000e+00 0.000000000000000000e+00 0.000000000000000000e+00 1.668390552716856115e-02 9.300437015666112445e-03 0.000000000000000000e+00 0.000000000000000000e+00 1.078961468423917172e-02 1.616963746641530697e-01 7.600992438047486643e-02 1.358364478195842329e-01 0.000000000000000000e+00 0.000000000000000000e+00 0.000000000000000000e+00 1.763522238427059352e-01
0.000000000000000000e+00 0.000000000000000000e+00 1.921998219409016065e-02 1.525899025000584386e-01 1.724226538863560601e-02 0.000000000000000000e+00 0.000000000000000000e+00 5.340554854594235790e-02 0.000000000000000000e+00 4.014621241934405310e-02 0.000000000000000000e+00 0.000000000000000000e+00 0.000000000000000000e+00 3.033145433439674715e-02 0.000000000000000000e+00 1.875514450219038787e-01 2.376534191439200888e-02 0.000000000000000000e+00 1.912987038734943190e-01 6.060870053582250935e-03 1.292025920124632854e-01 1.712311857951349242e-02 0.000000000000000000e+00 3.744292731962994836e-02 9.461963584255334014e-02
0.000000000000000000e+00 0.000000000000000000e+00 0.000000000000000000e+00 0.000000000000000000e+00 1.832005676942059791e-01 0.000000000000000000e+00 0.000000000000000000e+00 6.112554431105795411e-02 0.000000000000000000e+00 0.000000000000000000e+00 0.000000000000000000e+00 0.000000000000000000e+00 1.666219414747988417e-02 2.614516629102184297e-02 0.000000000000000000e+00 1.564910988350536880e-01 0.000000000000000000e+00 1.245654002690543133e-02 3.224680198617594917e-01 0.000000000000000000e+00 1.444107071687711630e-01 0.000000000000000000e+00 0.000000000000000000e+00 0.000000000000000000e+00 7.704016166374466623e-02
9.670351366967951459e-03 4.737058344103058788e-02 4.297431384803831328e-02 0.000000000000000000e+00 4.722500947253880504e-02 4.026010597257394935e-02 0.000000000000000000e+00 1.492993410332737504e-02 0.000000000000000000e+00 0.000000000000000000e+00 0.000000000000000000e+00 0.000000000000000000e+00 0.000000000000000000e+00 8.490339730441950374e-04 1.660219814218597545e-01 3.912372045640989042e-04 1.206114791423090228e-02 1.437297347977912476e-01 8.304647808035163156e-03 6.227352130888605397e-02 1.474600733459724335e-03 8.608855531064567301e-02 2.534073613319045015e-01 0.000000000000000000e+00 6.296787999110167733e-02
1.034512025338074105e-02 2.072660112208800365e-02 1.020151686129771966e-02 1.169158514383420444e-01 0.000000000000000000e+00 0.000000000000000000e+00 1.398039660855956989e-01 1.390442646940167892e-01 0.000000000000000000e+00 0.000000000000000000e+00 0.000000000000000000e+00 5.453758646255435494e-02 0.000000000000000000e+00 0.000000000000000000e+00 1.699388451143692969e-01 0.000000000000000000e+00 0.000000000000000000e+00 0.000000000000000000e+00 3.964065982616729600e-02 0.000000000000000000e+00 4.486115410350043770e-02 0.000000000000000000e+00 5.026478255966312925e-02 1.666209886122641814e-01 3.709866286676032077e-02
3.414702399711136427e-02 0.000000000000000000e+00 4.255770797568865851e-03 1.236925474030480671e-01 6.198189313008724971e-02 2.577850358222215019e-02 0.000000000000000000e+00 1.397947942349718753e-01 0.000000000000000000e+00 0.000000000000000000e+00 1.635596617450743237e-02 0.000000000000000000e+00 0.000000000000000000e+00 1.903248966226026018e-02 1.843406937210107510e-01 0.000000000000000000e+00 7.854299688828893233e-02 8.634692738972106485e-02 1.533139160605896389e-01 6.486381190563917341e-03 5.329340395921130201e-03 0.000000000000000000e+00 0.000000000000000000e+00 0.000000000000000000e+00 6.060075537212740449e-02
0.000000000000000000e+00 0.000000000000000000e+00 1.198494648371691840e-01 0.000000000000000000e+00 0.000000000000000000e+00 0.000000000000000000e+00 2.791616475749666981e-01 1.546097803054655440e-01 0.000000000000000000e+00 0.000000000000000000e+00 0.000000000000000000e+00 0.000000000000000000e+00 2.073364584918626144e-02 0.000000000000000000e+00 1.788868603553664949e-01 0.000000000000000000e+00 7.338415250195452072e-03 0.000000000000000000e+00 1.961563855215169572e-01 0.000000000000000000e+00 0.000000000000000000e+00 2.077517218736702614e-02 2.248862811876638571e-02 0.000000000000000000e+00 0.000000000000000000e+00
8.049156750671612737e-02 2.478057137231443052e-02 1.014690522030793352e-01 5.257228769664921975e-02 3.401857146403361107e-03 7.128770128146713625e-02 5.110817249162314529e-02 1.042406549541221271e-02 0.000000000000000000e+00 1.356535162648963774e-02 0.000000000000000000e+00 0.000000000000000000e+00 3.525232740220471828e-03 0.000000000000000000e+00 1.748948007537139415e-01 0.000000000000000000e+00 0.000000000000000000e+00 1.186223195964145743e-01 0.000000000000000000e+00 2.538535137579229356e-02 2.147361253504114983e-02 6.757231085981561802e-02 0.000000000000000000e+00 0.000000000000000000e+00 1.794257453188473350e-01
0.000000000000000000e+00 0.000000000000000000e+00 8.123675272667478520e-02 0.000000000000000000e+00 0.000000000000000000e+00 0.000000000000000000e+00 0.000000000000000000e+00 1.668965688054536434e-01 0.000000000000000000e+00 1.402605257920055137e-01 0.000000000000000000e+00 5.985671832985738246e-03 8.582903763488129723e-03 0.000000000000000000e+00 1.706105388867158457e-01 0.000000000000000000e+00 0.000000000000000000e+00 3.184533731332721967e-02 0.000000000000000000e+00 2.396116658252397946e-02 0.000000000000000000e+00 8.014429162101077697e-02 0.000000000000000000e+00 3.245768459614856161e-02 2.580185580796659495e-01
5.603316112535353978e-03 0.000000000000000000e+00 0.000000000000000000e+00 0.000000000000000000e+00 4.119060867854447416e-02 2.026066563401815734e-01 1.622283459943942574e-01 0.000000000000000000e+00 0.000000000000000000e+00 0.000000000000000000e+00 0.000000000000000000e+00 0.000000000000000000e+00 0.000000000000000000e+00 1.373802719091502256e-01 1.999045889695814926e-01 1.314766312000157922e-01 0.000000000000000000e+00 7.111399333079583551e-02 0.000000000000000000e+00 3.885955298555937576e-02 9.636034479241578632e-03 0.000000000000000000e+00 0.000000000000000000e+00 0.000000000000000000e+00 0.000000000000000000e+00
0.000000000000000000e+00 3.057710079751792612e-02 0.000000000000000000e+00 2.413038241578066567e-02 1.492032305950869719e-01 0.000000000000000000e+00 0.000000000000000000e+00 0.000000000000000000e+00 0.000000000000000000e+00 1.352272340307571763e-01 0.000000000000000000e+00 0.000000000000000000e+00 1.279058087538403714e-02 9.374779292547290310e-02 3.415512943396883938e-01 0.000000000000000000e+00 0.000000000000000000e+00 1.538963405536444562e-01 0.000000000000000000e+00 0.000000000000000000e+00 0.000000000000000000e+00 0.000000000000000000e+00 0.000000000000000000e+00 5.887604346666754085e-02 0.000000000000000000e+00
1.603840470348571468e-01 2.832071165607525157e-02 5.066966071674911670e-03 0.000000000000000000e+00 0.000000000000000000e+00 2.223074293253822151e-02 1.289676488181197844e-01 2.019181486152465260e-02 0.000000000000000000e+00 4.538050633925475030e-02 0.000000000000000000e+00 0.000000000000000000e+00 1.756722929346117221e-02 1.331288768666607503e-01 2.249874018632121164e-01 0.000000000000000000e+00 0.000000000000000000e+00 0.000000000000000000e+00 1.028844642239980928e-01 2.861994035241085740e-02 0.000000000000000000e+00 0.000000000000000000e+00 0.000000000000000000e+00 8.226964968621225394e-02 0.000000000000000000e+00
4.795560933960985039e-02 0.000000000000000000e+00 0.000000000000000000e+00 0.000000000000000000e+00 1.339646388490059181e-01 0.000000000000000000e+00 2.443370472794989881e-02 3.713390431033074257e-02 0.000000000000000000e+00 0.000000000000000000e+00 0.000000000000000000e+00 0.000000000000000000e+00 0.000000000000000000e+00 0.000000000000000000e+00 1.659277103046135904e-01 1.318608039744726401e-01 0.000000000000000000e+00 3.990866084788857043e-02 2.529425224639129111e-01 0.000000000000000000e+00 0.000000000000000000e+00 1.476538729230187363e-01 0.000000000000000000e+00 0.000000000000000000e+00 1.821857225919702380e-02
0.000000000000000000e+00 2.883055112470817721e-02 0.000000000000000000e+00 0.000000000000000000e+00 0.000000000000000000e+00 0.000000000000000000e+00 0.000000000000000000e+00 1.437619491762950341e-01 5.497817139508943268e-02 1.103157431247279302e-02 0.000000000000000000e+00 1.201548931290286233e-02 0.000000000000000000e+00 1.234297868977399376e-01 2.139362400239532003e-01 1.165561894853552743e-02 1.898716265843194972e-02 3.197705795229844467e-02 3.359476239234909095e-02 0.000000000000000000e+00 1.303287381265582079e-01 0.000000000000000000e+00 3.976182842767429781e-02 0.000000000000000000e+00 1.457110692509910599e-01
0.000000000000000000e+00 0.000000000000000000e+00 2.907171629402614116e-02 0.000000000000000000e+00 1.467332611008707530e-02 0.000000000000000000e+00 2.198261039221511559e-01 0.000000000000000000e+00 0.000000000000000000e+00 0.000000000000000000e+00 7.799727995407527027e-04 0.000000000000000000e+00 0.000000000000000000e+00 0.000000000000000000e+00 2.844423068688289868e-01 0.000000000000000000e+00 4.093516451748925589e-02 1.373408308013250589e-01 9.596292036534416481e-02 0.000000000000000000e+00 0.000000000000000000e+00 0.000000000000000000e+00 0.000000000000000000e+00 1.206421776323890888e-01 5.632548068881829822e-02
5.423829843738670053e-02 2.849602632844823805e-02 0.000000000000000000e+00 0.000000000000000000e+00 0.000000000000000000e+00 0.000000000000000000e+00 1.104880135474145542e-01 1.319673421463268825e-01 2.475333079185364216e-02 6.269877676456796049e-03 0.000000000000000000e+00 0.000000000000000000e+00 0.000000000000000000e+00 6.001678485022255566e-02 1.348670363850925646e-01 0.000000000000000000e+00 2.049619048346061016e-03 0.000000000000000000e+00 0.000000000000000000e+00 0.000000000000000000e+00 3.868596926595398861e-02 1.784149604634533912e-02 1.291746023159225931e-01 1.911510733609688706e-01 7.000052979926112140e-02
0.000000000000000000e+00 6.976400866361454588e-03 0.000000000000000000e+00 2.085275964105718152e-02 5.192076703498784557e-02 0.000000000000000000e+00 5.092599069866819705e-02 2.865654374474189275e-02 0.000000000000000000e+00 5.269851791464361807e-03 0.000000000000000000e+00 0.000000000000000000e+00 0.000000000000000000e+00 2.521082254837942599e-02 1.950326382108067413e-01 0.000000000000000000e+00 8.429710854007142762e-02 6.271786422674432981e-02 2.800764201118678427e-03 0.000000000000000000e+00 3.814766150152011648e-02 0.000000000000000000e+00 2.887829118176244991e-01 0.000000000000000000e+00 1.384079151764538718e-01
0.000000000000000000e+00 0.000000000000000000e+00 0.000000000000000000e+00 0.000000000000000000e+00 1.154522724024678454e-01 0.000000000000000000e+00 2.832165155516469524e-02 1.303763821529806133e-01 0.000000000000000000e+00 0.000000000000000000e+00 2.884383520603701553e-02 1.140946088081701282e-01 1.777020782709622798e-02 0.000000000000000000e+00 1.023475155917347307e-01 0.000000000000000000e+00 0.000000000000000000e+00 9.257792650531565526e-02 0.000000000000000000e+00 0.000000000000000000e+00 1.146664741105380275e-01 0.000000000000000000e+00 0.000000000000000000e+00 1.619922103430323224e-01 9.355691549746282532e-02
0.000000000000000000e+00 0.000000000000000000e+00 9.772802279066612752e-02 0.000000000000000000e+00 0.000000000000000000e+00 0.000000000000000000e+00 1.245412487342193245e-02 0.000000000000000000e+00 0.000000000000000000e+00 0.000000000000000000e+00 0.000000000000000000e+00 0.000000000000000000e+00 3.350904005554035392e-02 1.072236335651637756e-01 2.667583214730371299e-01 0.000000000000000000e+00 0.000000000000000000e+00 1.539509406270541114e-01 0.000000000000000000e+00 1.023308249381496039e-02 0.000000000000000000e+00 9.612241260608120688e-03 0.000000000000000000e+00 1.750545128703123732e-01 1.334760799903810802e-01
0.000000000000000000e+00 1.638307078347279316e-02 0.000000000000000000e+00 1.095412402290239368e-01 1.639296155384077081e-01 0.000000000000000000e+00 0.000000000000000000e+00 2.184356595356130581e-01 0.000000000000000000e+00 0.000000000000000000e+00 0.000000000000000000e+00 0.000000000000000000e+00 0.000000000000000000e+00 0.000000000000000000e+00 1.764662152371581638e-01 7.763791949327346342e-02 0.000000000000000000e+00 4.432022238655763946e-02 1.932860567964932164e-01 0.000000000000000000e+00 0.000000000000000000e+00 0.000000000000000000e+00 0.000000000000000000e+00 0.000000000000000000e+00 0.000000000000000000e+00
0.000000000000000000e+00 0.000000000000000000e+00 3.768883342768872269e-02 0.000000000000000000e+00 2.195104844478088305e-02 2.741993282441875998e-02 2.122637706740835295e-01 1.308508899771330947e-01 0.000000000000000000e+00 1.198415273612354198e-02 0.000000000000000000e+00 1.729270131400211007e-03 0.000000000000000000e+00 0.000000000000000000e+00 1.550398257159945337e-01 1.465217362985576748e-02 0.000000000000000000e+00 3.317849102763101299e-02 7.359883639002433309e-02 1.221223383283487895e-01 1.188372316488704207e-02 0.000000000000000000e+00 0.000000000000000000e+00 1.113943991199790318e-01 3.424231440765072854e-02
0.000000000000000000e+00 0.000000000000000000e+00 0.000000000000000000e+00 0.000000000000000000e+00 0.000000000000000000e+00 0.000000000000000000e+00 8.180207621234439341e-02 0.000000000000000000e+00 0.000000000000000000e+00 0.000000000000000000e+00 0.000000000000000000e+00 0.000000000000000000e+00 0.000000000000000000e+00 0.000000000000000000e+00 4.101341286999096725e-02 0.000000000000000000e+00 0.000000000000000000e+00 7.877207817428776016e-02 1.954497444889557733e-01 1.265499652155000487e-01 4.500074016218153644e-02 6.178298584778880997e-02 1.383613888256365054e-01 1.666208937129252388e-01 6.464671449038882078e-02
8.066479651670958873e-02 4.848503712577311060e-03 0.000000000000000000e+00 0.000000000000000000e+00 0.000000000000000000e+00 0.000000000000000000e+00 2.295821507752600701e-02 1.691527441484690641e-01 0.000000000000000000e+00 1.048664378966859476e-02 1.528918383598481742e-02 8.339648545322762840e-02 0.000000000000000000e+00 1.326898795450346114e-01 0.000000000000000000e+00 0.000000000000000000e+00 1.813272559047249266e-02 0.000000000000000000e+00 0.000000000000000000e+00 1.409484808256974801e-02 0.000000000000000000e+00 0.000000000000000000e+00 2.677945640285311901e-01 1.804914102192289038e-01 0.000000000000000000e+00
0.000000000000000000e+00 0.000000000000000000e+00 0.000000000000000000e+00 0.000000000000000000e+00 0.000000000000000000e+00 0.000000000000000000e+00 0.000000000000000000e+00 2.062279149064281392e-01 0.000000000000000000e+00 0.000000000000000000e+00 0.000000000000000000e+00 5.210878421683089179e-02 0.000000000000000000e+00 1.070541555449042448e-01 4.428851140005294479e-02 5.898241524417507237e-02 0.000000000000000000e+00 1.468971368816579803e-01 0.000000000000000000e+00 0.000000000000000000e+00 0.000000000000000000e+00 0.000000000000000000e+00 1.564921963656894233e-01 1.916684342938843044e-01 3.628045114637698521e-02
