2.267676433999886790e-02 5.773038767226747886e-02 4.093357511159336805e-03 2.856154553383247890e-02 8.258976310245143282e-02 2.164347233648983015e-01 2.022019159638530159e-03 0.000000000000000000e+00 1.259065110904209828e-03 3.375600137385896798e-04 2.247406964278342995e-02 1.678741624767497165e-01 8.299466459652300732e-03 1.483867249298090676e-02 2.950811962108846470e-02 9.567566133042763876e-03 1.403897162356429994e-02 1.230966678781475893e-01 2.592568213909337074e-02 1.686714357240080009e-01
2.955413155187537610e-02 1.753493526160366427e-03 0.000000000000000000e+00 1.352703366198683976e-01 5.891470929838465292e-02 7.074760734002032148e-02 6.816826620596256247e-04 1.091646107570778679e-01 0.000000000000000000e+00 1.228829597487248772e-02 0.000000000000000000e+00 1.574330167582518314e-01 0.000000000000000000e+00 1.176778495702863053e-01 5.064120184037969319e-02 0.000000000000000000e+00 3.012119705558301275e-02 0.000000000000000000e+00 1.567706926468643430e-02 2.100747977804936495e-01
7.276051975661640414e-03 1.315215170352563856e-01 0.000000000000000000e+00 0.000000000000000000e+00 1.383785752401756330e-01 1.140309874979574672e-01 3.904682625344596016e-04 3.585936845804502809e-02 0.000000000000000000e+00 2.047951979531651649e-03 1.024447936942841919e-01 4.213751178239143885e-02 2.507468788786016561e-02 1.132965908115032699e-01 7.082539826935406457e-02 1.873027080690103582e-02 4.870677359621687803e-03 1.421865203359855799e-02 1.678335931243304935e-01 1.106290378099297408e-02
8.536051308246919711e-02 4.770438570050387211e-02 1.042464557965355337e-01 0.000000000000000000e+00 3.120573436093684178e-02 5.460985343764655775e-02 2.292758049836597992e-02 8.160421682615189021e-02 0.000000000000000000e+00 5.130430356469008017e-03 2.472751237049806983e-02 2.145533648926788162e-01 4.520560987900614641e-02 5.277486219824378127e-02 1.141968269843687822e-02 1.608193502898387639e-02 2.659550508756859666e-03 6.588573780750667241e-02 9.748533954255737821e-02 3.641723501425254278e-02
1.099709977722539977e-01 6.651777603190141275e-02 1.584384905169328867e-02 5.502791412021597328e-02 1.304185334705497967e-01 5.424305431609921513e-02 3.311844970759106332e-03 2.184091840182036601e-02 0.000000000000000000e+00 9.379636624586552840e-03 2.078216149820851649e-02 2.453878202753357884e-01 8.436105126686996997e-03 4.301387403715327407e-02 2.057943877654952111e-02 0.000000000000000000e+00 2.373564201093235002e-02 1.186062759927514719e-02 2.573024849049775076e-02 1.339195574254808674e-01
3.691571809448691149e-02 4.336622581235106966e-02 0.000000000000000000e+00 1.350025608737262517e-01 3.227960644531013140e-02 2.229665256888048105e-02 1.008439506004981051e-03 9.198340213084785222e-02 1.449616992149724282e-02 3.532026844546633237e-02 1.000861040895707939e-02 9.513656862826125327e-02 0.000000000000000000e+00 1.457651164775488617e-01 7.998124639000056546e-02 9.171071633233297826e-02 1.657043463132355787e-02 6.351656752314818744e-02 7.652866703800803583e-02 8.113028771848170007e-03
8.641758507475008622e-02 5.335477957779547614e-02 0.000000000000000000e+00 8.702295568015001870e-03 4.285843015364322606e-02 1.749450606785098450e-01 7.286741696608310791e-06 1.510003243135308324e-03 0.000000000000000000e+00 0.000000000000000000e+00 1.755643167979468316e-02 1.602197771559361050e-01 7.348346907954678847e-03 1.977509942816702282e-01 7.244485280410031813e-02 2.511211874874358721e-02 1.932297051787783271e-02 1.129161718374175061e-01 1.831068863598221338e-02 1.222206392977132593e-03
0.000000000000000000e+00 2.006514619266236421e-03 0.000000000000000000e+00 3.425466797600079660e-02 4.993548773463769852e-02 5.699262212135228906e-02 4.089772240214097077e-03 1.814723000476680115e-01 2.873184468894796669e-03 7.000243942095657305e-03 5.509944365582783790e-03 1.964053748511209729e-01 8.210570412915677019e-02 1.125639149786133164e-01 1.703314563472237489e-02 3.582339419962667776e-02 8.034709957626819110e-03 9.276375554144541957e-02 1.052602152778445432e-01 5.875047914130579821e-03
0.000000000000000000e+00 1.348422258828983200e-01 1.927723804272367045e-02 1.365499163519155457e-01 2.619817062430296675e-02 1.994883256243913106e-01 2.179917358892517060e-02 1.209267354318647875e-01 7.169827885335847313e-03 0.000000000000000000e+00 2.891393774077894580e-02 7.143214176695802248e-03 1.682911227568049603e-02 0.000000000000000000e+00 1.098182129225972435e-02 1.711921881491535943e-02 5.000086284664246455e-02 4.581514307081677867e-02 1.082770680719814665e-01 4.866800827787125944e-02
5.606496318639242471e-02 9.064078247372150954e-02 5.847345913438310033e-02 3.370164851903935388e-02 1.086880603051482153e-01 9.942130470547849708e-02 2.761415904286282710e-02 1.127784760690561522e-01 4.168648511675451633e-03 6.829808007276004164e-03 3.528618186423267307e-03 2.721682179815758107e-01 0.000000000000000000e+00 9.586245954017680315e-02 1.199494154657785271e-02 3.307948688872532593e-03 0.000000000000000000e+00 0.000000000000000000e+00 9.536318206697334821e-03 5.220185894642922694e-03
0.000000000000000000e+00 1.117905211274084348e-01 0.000000000000000000e+00 1.092159593416051622e-01 1.416963013908787740e-02 1.931531833314599489e-02 5.930732664403542791e-03 3.937082078020277820e-02 1.116245963241523954e-02 0.000000000000000000e+00 4.538655141128470835e-03 1.751506186329787051e-01 3.130719392170895621e-02 5.580272087189613178e-02 7.544050120266115877e-02 0.000000000000000000e+00 1.265972472154239074e-02 1.628882992989605927e-01 1.657093243666990234e-01 5.547519824155310725e-03
2.467309107531235127e-02 1.276932297997668275e-01 6.317562813830792344e-03 3.018366673484171661e-02 2.017310088007110910e-02 2.213497675589725933e-01 1.073996171751326681e-02 4.206177356302241710e-02 4.520044840225433472e-03 1.065534743511525190e-02 5.004617869491256171e-03 1.574188631445824771e-01 9.681584835680583784e-03 1.227656356664458444e-02 0.000000000000000000e+00 5.846072223032038485e-04 4.781615847803564329e-02 1.257091470379352871e-01 3.982130415932622763e-02 1.033196072673290139e-01
4.039438196063156739e-02 2.342425494338622183e-02 0.000000000000000000e+00 6.462497890279147485e-03 2.108850221668784677e-02 2.121391763195241698e-01 2.194932416739278636e-03 3.454944200499052848e-02 1.949659991787053813e-03 0.000000000000000000e+00 0.000000000000000000e+00 1.785690253212688650e-01 8.780642009083611255e-02 1.236368830918544853e-01 8.276909082013589325e-02 1.799589653770497684e-03 1.101828805843424811e-02 7.269698165363454312e-02 8.735233112493769048e-02 1.214854244110184431e-02
6.795413513454308385e-02 7.938720847782669565e-02 2.922815447453993784e-02 1.369238295212959200e-01 2.323807924115190229e-02 1.062189783587437347e-01 2.846380181147826344e-02 1.795570054645870620e-02 0.000000000000000000e+00 3.557330708694571818e-03 1.980178170369041937e-02 1.157840709392973511e-01 1.996079110939883230e-02 2.798998542983402796e-02 2.045678872135401616e-01 2.235095871454932659e-02 5.122065554215535742e-03 5.872579084004079901e-03 8.562266197673754076e-02 0.000000000000000000e+00
1.033953832532541056e-01 7.920734163818859974e-02 0.000000000000000000e+00 1.205299107189388569e-01 3.479876088541406648e-02 1.940958881525001872e-02 2.658396995734509972e-03 1.651756721112321302e-02 6.479350359729722612e-03 1.490246656683963909e-03 9.491126074957166245e-03 1.556940389343724473e-01 0.000000000000000000e+00 1.390196975025131954e-01 2.076776411209001749e-01 1.308663343904166616e-02 1.119767288932165504e-02 2.195113310773458455e-03 7.416017963876944674e-02 2.991350555033811271e-03
2.936527315363293179e-03 1.151281601639931179e-01 1.480406135899318141e-03 0.000000000000000000e+00 1.417007484766909520e-01 1.389073153818654038e-01 0.000000000000000000e+00 6.233510203814730116e-03 0.000000000000000000e+00 1.383111643163755129e-02 7.839372079658539494e-02 3.462200997669479668e-02 3.099639357177161672e-02 2.560444738462490724e-02 6.337783974031024892e-02 0.000000000000000000e+00 0.000000000000000000e+00 2.415885002611320442e-02 1.964245042400408758e-01 1.262044501545944997e-01
1.180468503543269099e-01 2.103190782357160574e-02 1.963825351464140376e-02 4.946762202579409878e-02 1.481572779723376414e-02 2.029403146638525945e-01 9.536889715390722139e-03 1.839873636711681082e-01 0.000000000000000000e+00 6.427876101450630784e-03 0.000000000000000000e+00 4.649136729807438334e-02 5.278423157997865628e-03 3.549735345432258361e-03 4.939567304483401949e-02 1.451716017093939923e-02 6.068242365737826910e-02 5.208773851636633485e-03 3.796177387983909468e-02 1.510218639264381546e-01
1.781925506101026714e-03 5.569357858436545239e-02 1.107261383144774423e-02 3.116294580904307304e-02 6.017178241277740258e-02 8.556077354338251229e-02 0.000000000000000000e+00 1.740986129006915489e-02 0.000000000000000000e+00 0.000000000000000000e+00 6.888477759221772745e-02 2.746281341074167937e-02 1.276170046047521954e-02 1.284741329814017285e-01 1.527876007069698672e-01 4.848998619905259266e-03 9.341381305144376423e-02 1.144186077262960011e-01 5.760075249543469139e-02 7.649332197792765853e-02
0.000000000000000000e+00 1.097768851733092327e-01 1.359133930287561576e-01 6.883789098283187025e-02 1.158518528444859585e-01 0.000000000000000000e+00 0.000000000000000000e+00 4.302128588070864255e-03 2.120395254614204986e-02 6.510404306501810234e-02 1.806652335910514592e-02 1.135816627519531247e-01 1.346391931325560502e-02 6.748569375908088086e-02 1.361258050991171198e-01 5.253573589171513236e-02 1.142471752536654284e-02 1.268719902232038135e-02 6.385766046222725485e-03 4.725283100324903507e-02
7.649144614126769486e-03 1.060136640884610099e-01 3.089498149799240812e-04 1.839687625377132291e-02 5.052185559671776294e-02 1.865225939985107328e-02 2.502034028084884447e-03 5.580315470706629505e-02 2.108732136415155528e-02 1.560306880016622960e-02 1.246139113668520565e-01 1.163445417810574090e-01 2.298969577174599013e-03 3.956835485765726468e-02 2.004424929311802647e-02 0.000000000000000000e+00 2.597052500903664074e-02 2.723192208158658340e-02 1.514980263569402630e-01 1.958911710092003655e-01
1.594957489101204717e-01 7.112500359095677571e-02 1.072908151657524581e-02 5.201855798615204196e-02 1.099756679740905296e-01 4.717028517439685736e-02 0.000000000000000000e+00 2.393596926195277336e-02 1.472685797081784397e-02 1.736860039584114208e-03 5.295739235691035961e-03 6.462605713583226275e-02 1.848895141405747233e-02 1.455451270289797872e-01 1.799294041989087656e-01 1.150874117122676135e-02 9.221878680063688716e-03 0.000000000000000000e+00 0.000000000000000000e+00 7.447006871059357047e-02
0.000000000000000000e+00 1.251141033687656057e-01 1.430600259088551374e-01 2.518912218465363048e-02 6.149366268755383259e-03 1.642123299359566843e-02 8.459522213739228275e-03 1.481767002422623540e-02 4.474149496398455855e-02 3.730910310024536380e-02 0.000000000000000000e+00 1.779761022451112062e-01 8.107848434788397091e-03 5.646424923803584212e-02 0.000000000000000000e+00 6.900483279472587224e-03 1.146809591137229814e-03 1.137480114716771414e-02 1.672045015129214884e-01 1.495635635245448070e-01
0.000000000000000000e+00 1.095933507969213822e-01 1.253911088812166008e-01 4.173878770178000158e-02 2.563214919380902082e-02 2.711936880683462128e-02 0.000000000000000000e+00 3.998672029976999692e-02 8.736851809399951915e-03 0.000000000000000000e+00 3.677983503296492623e-02 1.872501312430048803e-01 0.000000000000000000e+00 2.365277876713664518e-02 3.135301269325013046e-02 4.671696844052695714e-04 0.000000000000000000e+00 1.391725933976460938e-01 1.802221373568170248e-01 2.290400433504336669e-02
5.058964376076017762e-04 1.117813392437131403e-01 1.244001752268447392e-01 1.838211397638223055e-02 1.059593081565738011e-02 1.904335772528253645e-01 4.843196658626787112e-05 4.079995321419025572e-02 4.778699066773447850e-03 0.000000000000000000e+00 1.478386762588911746e-02 4.168739398452279282e-02 4.269788897084997488e-03 5.106192986004926861e-03 4.908066566493961974e-02 0.000000000000000000e+00 2.490812253034800985e-02 1.443625988043258368e-01 1.813583122692817295e-01 3.271694003702260711e-02
6.581680414910227872e-02 4.025108602974858396e-02 3.165251435145817471e-02 6.904768043517658938e-02 9.737763922611183953e-02 2.280445151570345899e-02 3.100858555726144355e-02 1.490080576632951681e-02 6.823707655329051477e-03 2.692604664084444557e-02 1.137414674000034043e-01 4.506105207167357407e-02 1.909794004370465523e-02 9.389664654322615878e-03 5.739566594629405593e-04 1.506909674166928212e-02 4.709237262481795472e-02 4.303052187872180578e-02 1.028602155984518346e-01 1.974743910001065250e-01
1.329478289736269088e-02 2.164141662761601137e-02 2.443379816439987095e-03 3.882187587595312128e-02 1.061181021827344202e-03 9.419765243667950483e-03 1.891120141055568915e-02 9.554613518841495456e-02 6.618351515568920637e-03 3.707981636775804779e-02 3.338325967028950465e-03 1.551892921965881411e-01 1.671804474292810580e-02 1.340984374696423120e-01 2.277547368057399046e-02 5.336182002569970356e-02 3.417165235310741511e-02 9.088762427647788245e-02 9.055637729991743157e-02 1.540650460228713270e-01
1.306091374615276635e-01 0.000000000000000000e+00 0.000000000000000000e+00 1.765233850184089182e-01 7.134096076996464253e-02 6.462722219118946509e-02 0.000000000000000000e+00 1.142432253840059281e-01 1.722298111306907195e-03 1.577142164213978653e-02 3.636670687798067986e-02 1.993877045967097639e-01 4.636889973366819379e-03 8.641500471620352022e-03 1.550793324697744002e-01 0.000000000000000000e+00 1.735596153768505234e-02 2.848550782895684953e-03 8.457027114239843270e-04 0.000000000000000000e+00
3.896309938802126893e-03 3.242801443117853538e-02 4.556702897260633996e-03 1.352148267108690405e-01 1.365408623173474658e-03 2.207103700866227536e-01 0.000000000000000000e+00 1.694677629062335822e-01 0.000000000000000000e+00 1.529569701987000801e-03 0.000000000000000000e+00 8.029322416806270249e-03 5.425673435650661160e-03 1.720054609368956711e-02 0.000000000000000000e+00 0.000000000000000000e+00 7.819799344824403253e-02 1.986276238708344771e-02 2.018219881486425504e-01 1.002927487737564627e-01
9.944291172391801770e-02 9.310255971550740473e-02 3.428391146726364469e-02 2.199479710361634810e-02 8.870871125252755007e-02 8.836532561022841792e-02 0.000000000000000000e+00 1.268567362591763448e-01 0.000000000000000000e+00 3.564185866142582232e-03 2.199798874888433259e-02 1.605254197777072622e-01 1.595798281089403498e-02 1.400644195080738216e-02 3.075757841316653293e-02 8.635101063697627963e-03 4.004794569982305166e-03 1.427749416703815721e-01 1.271347078127555222e-02 3.230714121482303192e-02
0.000000000000000000e+00 2.416947632848190364e-02 0.000000000000000000e+00 1.259743341940349481e-01 2.638087698905670561e-02 7.378287718543613538e-02 0.000000000000000000e+00 1.970329859564503086e-02 1.245849551940698919e-03 2.665336885228103414e-03 1.554402730009741274e-01 7.250526892379741128e-02 3.982349837705253387e-02 1.303896132679338571e-01 2.229340300580424650e-01 2.337584042119827607e-02 0.000000000000000000e+00 1.610972544307262208e-02 5.137033160326253539e-02 1.412936917484252167e-02
3.659417308346148839e-02 5.807858029294736719e-03 2.248582348816287324e-02 1.232472149725454963e-01 0.000000000000000000e+00 9.578919505295550862e-02 0.000000000000000000e+00 1.116523187647185285e-02 1.085610198965958166e-02 0.000000000000000000e+00 0.000000000000000000e+00 1.616984099343777015e-01 4.037630505045879115e-02 1.487632838624517728e-01 1.949463698880378737e-01 3.893298920034233591e-03 8.083084633935942731e-02 2.690361843323012953e-02 2.514384085443192168e-02 1.149842822506646003e-02
4.600717076235337488e-02 6.488340562687083812e-02 0.000000000000000000e+00 1.046924828828983134e-01 0.000000000000000000e+00 8.970242322554798642e-02 1.005749799028761091e-02 4.715466294020457909e-03 7.145713740093004177e-04 3.979885736827126763e-02 8.840594426721622157e-02 5.994334190809121055e-02 2.092095076909980880e-02 7.494541860438799774e-02 5.700556860066461479e-02 7.940196373600809376e-02 2.699745903599193309e-02 9.099985047742769478e-03 1.755664140334633194e-01 4.714107847307482529e-02
5.582442478415262921e-02 6.036238026699434350e-02 1.737518773078194196e-04 1.354167429137861896e-05 1.810055558701091361e-01 3.091778411665577556e-02 3.589884842633474932e-03 1.235133378764054039e-02 0.000000000000000000e+00 4.666909287090309326e-03 0.000000000000000000e+00 1.477157981937002318e-01 0.000000000000000000e+00 4.878916725594623950e-03 1.181027122255812536e-03 1.786125699565708699e-02 1.175189763109053265e-01 5.128154632723353618e-02 3.047541774350660537e-01 5.902734382711744866e-03
3.508225037982305467e-04 2.135269931793573259e-02 1.731262421367338929e-03 5.428503167176140440e-03 1.690916219297138590e-01 2.328003984518821901e-01 0.000000000000000000e+00 3.290008840802528117e-02 0.000000000000000000e+00 1.552313632222994920e-02 1.157819631846072894e-02 1.624957677584693283e-01 2.114870123489610843e-02 1.090679197067043887e-01 1.698228306373077839e-02 1.881737750432862025e-02 2.234819579134404710e-02 1.674445971885863609e-04 5.134097369291348162e-02 1.068746078098353203e-01
0.000000000000000000e+00 1.155993202010027893e-01 4.282755821584919090e-03 3.678575886569764031e-02 1.288730077927283391e-01 1.438097775656055621e-01 0.000000000000000000e+00 0.000000000000000000e+00 2.500778491694533728e-02 2.276314582084598345e-02 1.236620392384580741e-01 3.332169964935700196e-02 6.133873834674792580e-03 4.431581256987215944e-02 4.653539976682539298e-02 0.000000000000000000e+00 3.589316102042655523e-03 1.868543577132085248e-03 2.634517642772273294e-01 0.000000000000000000e+00
1.053963975824053455e-02 1.207096350106775656e-01 2.214125055363347014e-02 5.530778997513381701e-02 1.160335703866808774e-02 3.140228942428899966e-02 7.949793559937301524e-03 1.638551864411752490e-02 2.367503406588923956e-02 8.036981917918361445e-03 2.758081280623642800e-02 1.590200032757250193e-01 2.192719737972990621e-02 6.660623436621233157e-04 3.369227962420367345e-02 0.000000000000000000e+00 1.389890201404393733e-01 0.000000000000000000e+00 2.660171886757178167e-02 2.837716156139268309e-01
2.698768073636690495e-02 1.254641303601695956e-01 1.395883265527151154e-02 3.051881043347299746e-02 0.000000000000000000e+00 8.189171366211370207e-02 1.695415583299187518e-04 8.977387694255193132e-03 0.000000000000000000e+00 1.064081206846494935e-03 2.035121335668604522e-02 5.983479798064041122e-02 2.903387672507779654e-02 4.020529946840932511e-02 1.407634309994872102e-01 7.150865872998789750e-03 1.194602948806953030e-01 1.130401638127292441e-01 2.840719184735686353e-02 1.527206867490926989e-01
3.303463603321848963e-02 2.052606584046056878e-02 2.902889332553292272e-03 0.000000000000000000e+00 1.723325624228004560e-01 1.932620938397907884e-01 1.431866797841716867e-02 8.577639169107324768e-02 5.138180012797783670e-03 2.330249655071481383e-03 3.332981479493103000e-02 1.547591555627380044e-01 4.707861872000944359e-02 0.000000000000000000e+00 1.749474164191674357e-03 0.000000000000000000e+00 3.825805175067086006e-02 1.069241082928291398e-01 8.065122255792091244e-02 7.627817350525823055e-03
6.792002312688206382e-04 3.244291905677899879e-02 1.917952460388538602e-02 1.795948314085055175e-02 0.000000000000000000e+00 3.036312831912907698e-03 0.000000000000000000e+00 0.000000000000000000e+00 2.477773248403724628e-03 6.052826196510738971e-03 3.693845875330626499e-02 8.333408996398607160e-02 3.933763185114909355e-02 2.163188243587688686e-01 6.328409287971728525e-02 6.193861162322576719e-02 3.545327089760336170e-02 1.173826333946864781e-01 2.031113128993713157e-01 6.107303406857441525e-02
2.692839573231781136e-02 1.107757906919827097e-02 1.128628399439615265e-01 1.176448228843123694e-01 2.693066912160193421e-02 1.563964238178840518e-02 1.821840378374954767e-03 7.961983513145738309e-03 2.065892052662798330e-03 2.309730449515883140e-03 2.870514831615774212e-02 2.032802545760842294e-02 1.015223322732749511e-01 1.114175143008478835e-01 9.698690096419081141e-02 7.592083001246970747e-03 3.591022870467872746e-02 1.459727693525396941e-01 7.233931228191115004e-02 5.398228982066401171e-02
2.755977550145688459e-02 3.726645510094712260e-02 9.777177566004456154e-04 3.477513754201376484e-02 3.500129803684649907e-03 8.324264621198378122e-02 3.061695312367918986e-03 1.788480694928997958e-02 1.190651661968918085e-03 1.032055159311269944e-03 1.194722402437008169e-01 5.774863743489940665e-02 1.286229561603105184e-02 1.469498547149160617e-01 1.443513009022552029e-01 3.156059899318983553e-03 8.476538618609555376e-02 2.641453658230109164e-02 8.048826198564699649e-03 1.857397912222924496e-01
4.541218275455694703e-02 1.188996861117440074e-01 3.011488936322171805e-03 1.690209860657568568e-04 3.353126039009923006e-03 4.387974212441142496e-02 8.551804225720870036e-04 1.786100602848957053e-01 1.353403530751510217e-03 7.510546353709458833e-02 3.646222975394084256e-03 1.589877445892660390e-01 5.298514610618700049e-02 5.789066572948507738e-02 2.814878177764951542e-02 2.462178988894840950e-02 0.000000000000000000e+00 4.864161039979910534e-02 0.000000000000000000e+00 1.544286838058465672e-01
2.279695105478298650e-02 2.018582782368222583e-01 0.000000000000000000e+00 0.000000000000000000e+00 1.710897561405816947e-01 2.200252441798412287e-03 0.000000000000000000e+00 2.690547140940191193e-02 1.637013922382523972e-03 0.000000000000000000e+00 0.000000000000000000e+00 1.531469715309334567e-01 2.427838014282027168e-02 1.598327257534749857e-02 6.909591751792482734e-04 0.000000000000000000e+00 3.933625067247375345e-02 3.284041191297729090e-02 2.962210193659796653e-01 1.101501141851910816e-02
3.662933642049795435e-02 1.413043717489855522e-01 9.713256499903072383e-02 1.273892852951146459e-01 7.545465998021456955e-02 1.208579907585155544e-01 0.000000000000000000e+00 0.000000000000000000e+00 6.226440003871976797e-02 8.997297389713880328e-04 1.257168438095435927e-03 7.186829629130950248e-02 5.798260786374868914e-02 2.231045141394765591e-02 1.284411524554509437e-02 6.578766393191697731e-03 0.000000000000000000e+00 4.194169147092724481e-02 6.614382910025275175e-02 5.714073480293171275e-02
5.970141616927067407e-02 3.617132751371653077e-02 5.386540950371829402e-03 1.726272681819810972e-01 1.282076328403787026e-02 2.238981164428550247e-02 7.125517290532290549e-02 2.960196685903719246e-02 2.321210331263855089e-03 1.144767145756880530e-02 1.317536983476593968e-02 8.934523588170632802e-02 2.011483807657165473e-02 1.333105736010271325e-01 1.404945291205017543e-01 5.758315850500440869e-03 4.906847700284762415e-02 3.174088161276236979e-03 4.238888205388708502e-02 7.944654112005947177e-02
2.750533133131409427e-03 1.265718721695558713e-01 2.464945628235622448e-03 2.132601972878502353e-02 3.743420782382970383e-03 0.000000000000000000e+00 0.000000000000000000e+00 1.597604712854990838e-01 3.604278624899464895e-03 0.000000000000000000e+00 6.460951698338550549e-03 1.599743164255848782e-01 1.816217654775974938e-02 1.002757238082999380e-01 1.888145348501917356e-02 1.556580914761183411e-02 6.997449910569047971e-02 1.747330430231135434e-01 1.137917384857863312e-01 1.958746920306180146e-03
1.411243726941996401e-01 1.154812479258497844e-02 2.826350141154132870e-02 1.028361410791525828e-02 5.805602545609003101e-02 3.694389167530235524e-02 1.869369526054469148e-03 1.729922445693514649e-04 3.261024140546021216e-02 2.584577942946852600e-02 1.470305062521857498e-01 6.662391748639295667e-03 1.004656154650613274e-02 1.630295053978197406e-01 1.781592794189893608e-02 4.114468396450440216e-04 7.045652437138538726e-02 4.177664420047292292e-03 6.820251626651516186e-02 1.654490424721711817e-01
1.410974608520057484e-04 8.438793641695233050e-02 4.795794821050788220e-02 1.258007196721985278e-02 1.884761287180633516e-02 4.753706782218120042e-03 1.454297219193140863e-03 4.417515287006642394e-02 4.851557317224112695e-03 3.548782357084172886e-04 3.534381551922765458e-02 1.422701910552219839e-01 9.230547392945287477e-02 1.252016051567970689e-01 3.543032697657307051e-02 2.086204692527754076e-02 1.928102347615365947e-02 1.397503151538829202e-01 2.556138139691445810e-03 1.674948043159731337e-01
1.283429331618400338e-01 8.594930059031086200e-02 1.969899080202094227e-02 1.718026110319419986e-01 2.610847087499505725e-02 1.684051748593114184e-02 2.616000320018690983e-02 6.391175702390100577e-02 4.266028093538261172e-03 2.820218823846181583e-02 0.000000000000000000e+00 1.594010581996715692e-01 1.870014166963284265e-03 1.631178425501814133e-02 7.121567343520713699e-04 2.149824102511060670e-03 1.333763593595146957e-03 1.458401819132916499e-02 2.323545802534316140e-01 0.000000000000000000e+00
0.000000000000000000e+00 1.053178047164157610e-01 8.526581828916563084e-04 0.000000000000000000e+00 1.235243531151256763e-02 1.068734588363277754e-01 6.806125967374506130e-04 3.147339319310752618e-04 0.000000000000000000e+00 1.494147513388330469e-02 4.212929752640118437e-03 2.495073555231096599e-02 2.383183677504353490e-02 3.922922175916017384e-02 5.777190594631823745e-02 0.000000000000000000e+00 1.003509552972886021e-01 1.277358377779043985e-01 2.844208683491684653e-01 9.616253008046612982e-02
