0.000000000000000000e+00 0.000000000000000000e+00 0.000000000000000000e+00 0.000000000000000000e+00 2.964334642749428747e-02 7.492980162115064902e-02 0.000000000000000000e+00 0.000000000000000000e+00 0.000000000000000000e+00 1.362048303981549732e-02 1.120057619898756351e-01 2.150429364166199786e-01 4.787768629489135008e-02 8.926759508622333916e-02 4.178776542725622795e-02 6.213319263286948974e-02 4.285544068484758301e-02 1.674774755129250503e-01 6.020921574038617941e-02 4.314929912564475362e-02
1.665374546195535696e-02 8.051879021635897915e-02 9.794939666927632294e-02 5.059920687604450851e-02 0.000000000000000000e+00 2.992042148237779135e-03 3.723430228918129040e-03 1.791159190833263304e-01 0.000000000000000000e+00 0.000000000000000000e+00 4.931780124082529165e-02 1.763252971624090781e-01 0.000000000000000000e+00 4.539387031851200259e-03 1.539379815279260516e-02 0.000000000000000000e+00 6.416075370741904094e-02 1.123243274530337510e-01 6.552476460520673118e-02 8.086133996234465271e-02
4.643373525428540899e-02 5.745895658835418335e-02 5.458991816363377436e-02 1.504444298360191334e-01 1.420604268802866561e-02 0.000000000000000000e+00 0.000000000000000000e+00 5.811905162573072908e-02 7.374036425540098647e-04 0.000000000000000000e+00 1.325260282677535872e-01 3.961128306707674407e-02 2.008045747914857446e-02 5.288929411523446422e-02 5.195694768267416358e-02 1.273311440078868373e-02 0.000000000000000000e+00 1.257556443675930946e-01 1.535627585852103738e-01 2.889493423591431992e-02
1.476589671695390515e-01 2.068826377028807131e-02 2.053279400734315044e-02 8.811302236130785781e-02 4.849203864900791111e-02 1.459065197318554566e-02 0.000000000000000000e+00 2.627871015377251235e-02 0.000000000000000000e+00 0.000000000000000000e+00 9.889412467957339747e-02 1.486122569981798702e-01 5.924360600330194626e-02 3.521636982588721709e-02 0.000000000000000000e+00 1.132848559902906865e-02 0.000000000000000000e+00 2.562523798326502705e-03 1.733491353154551495e-01 1.044390496958027270e-01
3.737784379572389043e-02 2.059609761457798296e-02 0.000000000000000000e+00 1.730632133879732026e-01 0.000000000000000000e+00 5.413814250863967920e-03 0.000000000000000000e+00 2.970722748904308305e-02 5.772090484594924638e-04 0.000000000000000000e+00 1.262732843364303414e-01 1.776853042367308733e-01 6.733334301419952039e-03 1.287269043142671154e-01 6.493661085413181266e-02 0.000000000000000000e+00 1.006315181442784742e-02 9.705323168718244312e-03 1.829656578707836989e-01 2.617502351644871578e-02
0.000000000000000000e+00 1.509627518715262740e-01 1.223227196289078528e-01 1.496403472484043595e-01 4.249182131414928204e-02 1.057524709389256051e-01 6.253062183489066159e-04 1.444813521494865416e-01 2.179601948707401288e-02 2.054410046340767598e-02 0.000000000000000000e+00 1.553555869518451760e-01 2.058974609640878972e-02 1.236121675248013502e-02 0.000000000000000000e+00 0.000000000000000000e+00 1.076011370846022492e-03 0.000000000000000000e+00 3.427446923741060865e-03 4.857310258444824669e-02
8.406227145481955099e-02 0.000000000000000000e+00 0.000000000000000000e+00 1.298164776422005839e-01 1.555380410329669505e-01 1.676890731307408011e-01 0.000000000000000000e+00 2.254277848587336874e-02 0.000000000000000000e+00 1.779913667381985767e-02 2.515759009511320341e-03 1.732601223651069333e-01 1.110725539539876225e-02 1.022872399494808987e-01 0.000000000000000000e+00 0.000000000000000000e+00 0.000000000000000000e+00 9.634998185576190352e-03 4.069080101163352094e-03 1.196777665733413931e-01
6.112263525626996513e-02 4.903193561173835834e-03 1.376629644404846371e-02 2.818554141147932776e-02 8.886792162910642223e-02 9.199485939603292695e-02 3.067915714036050304e-02 1.133540450134293137e-01 1.139253395470603454e-02 0.000000000000000000e+00 0.000000000000000000e+00 1.585950433153759109e-01 6.969378150325269625e-03 1.062189686351338869e-01 1.453156783323869723e-02 0.000000000000000000e+00 1.026962926797977266e-02 1.323802931632093484e-02 1.422786168962200115e-01 1.036325827787985959e-01
0.000000000000000000e+00 0.000000000000000000e+00 1.116388791140896092e-01 1.996435968527092708e-01 2.711727444227214276e-02 2.071312391082073545e-01 0.000000000000000000e+00 0.000000000000000000e+00 1.341788728126495737e-02 0.000000000000000000e+00 0.000000000000000000e+00 2.277086477049281715e-02 1.227096288212991271e-01 0.000000000000000000e+00 1.061608665985184635e-01 9.913963904603935451e-02 1.269322574141616179e-02 2.127125706439426597e-02 5.630564115929648228e-02 0.000000000000000000e+00
0.000000000000000000e+00 2.843026735419643472e-02 0.000000000000000000e+00 9.693089124913184529e-02 1.312336441328121883e-01 4.130837752511727634e-02 1.808739606247656076e-02 3.378698046877673389e-02 6.905522896920778843e-03 0.000000000000000000e+00 1.063145161555397733e-01 8.940621772962202563e-02 4.087405376212604330e-02 1.287429437593300419e-01 0.000000000000000000e+00 1.260973920250530733e-01 0.000000000000000000e+00 0.000000000000000000e+00 1.627530765579714069e-03 1.502542661133175195e-01
0.000000000000000000e+00 0.000000000000000000e+00 0.000000000000000000e+00 1.336430235633893626e-01 8.772614591443936988e-03 9.963868787814256223e-02 0.000000000000000000e+00 6.702336903464144180e-02 3.823852862638992553e-04 0.000000000000000000e+00 1.103412070761127656e-01 7.788107028035781698e-02 8.671139248939736810e-02 1.200466461029565113e-01 1.076579080334152255e-01 2.241306585467569765e-02 6.744032137808674693e-03 1.286956600794481320e-01 3.004893759194642716e-02 0.000000000000000000e+00
5.446717287590251144e-02 9.428902959906222681e-02 2.882822986535806681e-02 0.000000000000000000e+00 0.000000000000000000e+00 3.915382767245551010e-02 0.000000000000000000e+00 1.241699006194092320e-01 3.731830969891393977e-03 8.570636164306144611e-03 0.000000000000000000e+00 2.909929062985687209e-01 9.090645620640107338e-02 2.762104900369747110e-02 0.000000000000000000e+00 1.942823237207933276e-02 0.000000000000000000e+00 1.144973341898866681e-01 7.711174893375553549e-03 9.563221926960614738e-02
6.361308463245421430e-02 8.495119622465610587e-02 9.785760639840607178e-02 1.348589617840377508e-01 4.947265370270007533e-03 1.541736845749929474e-01 0.000000000000000000e+00 6.970846549296525960e-03 5.394607054142946251e-03 2.653625358259588743e-02 1.088246765983305470e-01 2.044110145746402263e-01 2.919800729718572199e-02 7.338229913582015526e-03 6.305004849795228794e-02 0.000000000000000000e+00 0.000000000000000000e+00 0.000000000000000000e+00 7.874516947456808996e-03 0.000000000000000000e+00
9.616064040349360520e-02 1.107845071788086388e-01 0.000000000000000000e+00 2.228290106577685836e-01 2.789815890708396973e-02 1.615600818610108680e-01 0.000000000000000000e+00 0.000000000000000000e+00 0.000000000000000000e+00 0.000000000000000000e+00 1.135503314932245940e-02 1.768462072235544302e-01 2.187092448462533284e-02 1.188917877702357247e-02 0.000000000000000000e+00 6.759682720528683089e-03 5.401700298135968248e-02 2.238818023920388992e-02 6.624611848932628055e-02 9.395272926890180579e-03
0.000000000000000000e+00 1.519222867036875146e-01 1.068243834982987410e-02 5.339848990090934056e-02 6.691324022859766740e-02 3.536372311253332262e-02 0.000000000000000000e+00 2.215414375983206646e-02 0.000000000000000000e+00 2.860527183555174047e-02 1.953271882432193116e-02 1.769631010597113308e-01 0.000000000000000000e+00 2.187577650565841747e-02 1.520898055591079490e-01 1.994211252040867799e-01 1.035695047487359549e-02 5.269893989748870855e-03 4.545103449154965641e-02 0.000000000000000000e+00
0.000000000000000000e+00 0.000000000000000000e+00 1.073477408941225612e-02 1.668755262737762479e-01 3.097385436884045676e-02 1.108623210123105135e-01 1.913063983135721274e-03 1.458943794092253388e-01 3.001822481928110090e-02 0.000000000000000000e+00 4.582840679023142405e-02 1.197110176522936803e-01 9.225345138814243506e-02 0.000000000000000000e+00 8.891447629221663207e-02 0.000000000000000000e+00 0.000000000000000000e+00 0.000000000000000000e+00 3.481929938260738822e-02 1.212012045385269382e-01
3.204393441449310265e-02 1.047643206462144094e-02 2.331881371391612140e-02 0.000000000000000000e+00 4.294141451272645571e-02 1.002502807514330518e-01 0.000000000000000000e+00 1.020722045278687345e-01 9.408005581583797280e-03 2.132154241245002961e-03 2.705433319203054323e-03 1.390374914519341143e-01 1.846272774270767874e-04 1.345961464676873054e-01 8.549725338801646146e-02 7.238504336544505924e-02 9.255888642613200809e-03 2.358258468274543069e-03 8.413505125888590119e-02 1.472015665526257566e-01
8.972516753036435810e-02 0.000000000000000000e+00 0.000000000000000000e+00 6.005517317885222112e-02 2.514026159342619068e-02 1.290297289346575560e-01 0.000000000000000000e+00 0.000000000000000000e+00 0.000000000000000000e+00 0.000000000000000000e+00 6.507326244452991959e-02 2.929260238308994610e-02 1.092673189111350307e-01 1.491913633780724280e-01 2.752000668061931332e-01 0.000000000000000000e+00 0.000000000000000000e+00 0.000000000000000000e+00 5.107709031385605086e-02 1.694796452582323851e-02
0.000000000000000000e+00 1.695052406182056756e-02 5.832629543531409749e-02 1.370236358134139902e-02 1.444357049499077617e-01 0.000000000000000000e+00 0.000000000000000000e+00 5.802259634834804058e-02 6.293712391074959660e-03 1.063360719297425615e-02 2.461623324140391547e-02 1.021843147170624772e-01 1.208471256829535788e-02 1.331817235945058353e-01 2.088831581955292727e-01 8.907481548830932516e-02 0.000000000000000000e+00 7.711909868720433214e-02 0.000000000000000000e+00 4.449113954690844114e-02
0.000000000000000000e+00 3.888753619283525503e-02 0.000000000000000000e+00 5.487897917152069482e-02 3.336044886611640690e-03 3.026264863625232129e-02 0.000000000000000000e+00 6.885775125027543409e-02 0.000000000000000000e+00 1.480506194777320671e-02 2.004092532840751339e-01 1.555564158724729584e-01 1.772898689703113900e-02 4.274500366979400168e-02 2.032321224164595347e-02 3.989090067964813288e-03 6.978521623539413361e-03 0.000000000000000000e+00 1.490174827579820727e-01 1.922240115002257776e-01
3.986272317522292219e-02 3.053669291659278848e-02 3.537483026929699736e-02 3.712079784983165348e-02 1.671713613762441236e-02 2.078765592629659362e-02 0.000000000000000000e+00 5.500136624153976334e-02 0.000000000000000000e+00 4.718324939833039820e-03 2.456537146026961660e-02 1.749188891510728427e-01 8.873362459127269453e-02 1.362700679942464299e-01 2.068533204456594887e-01 0.000000000000000000e+00 0.000000000000000000e+00 0.000000000000000000e+00 5.511391813648847116e-02 7.342528076475221543e-02
1.189620676959958490e-02 0.000000000000000000e+00 0.000000000000000000e+00 1.195233882896967401e-02 1.389378876601504720e-01 0.000000000000000000e+00 0.000000000000000000e+00 0.000000000000000000e+00 0.000000000000000000e+00 4.697372795184694139e-02 8.111964697036398372e-03 1.953142980566542897e-01 1.201296433904824601e-01 1.261225637225817098e-01 9.159104040607618513e-02 1.927075471579344293e-02 0.000000000000000000e+00 3.122474930568124030e-02 1.956470510064863000e-01 2.827773488641211700e-03
6.454410519297271165e-02 3.280556372097154227e-02 7.785976543055114774e-04 0.000000000000000000e+00 1.644511351780263975e-01 1.415769715363401730e-02 0.000000000000000000e+00 0.000000000000000000e+00 3.267593778878965377e-02 2.256169721909736733e-02 2.053003756123354395e-01 1.128061650456152476e-01 3.851537178575304560e-02 1.111739508037410951e-01 0.000000000000000000e+00 0.000000000000000000e+00 0.000000000000000000e+00 0.000000000000000000e+00 1.566804962521836653e-01 4.354890659257424496e-02
3.475430657386106978e-04 1.081854516275573483e-02 5.974797772752946275e-03 0.000000000000000000e+00 8.705325090584680250e-03 2.254799539737082845e-02 2.171669297885229014e-02 4.205841806762061069e-02 1.680662066603807840e-04 4.240362342946434743e-02 8.011155850811480569e-04 9.474208850268121818e-02 9.744953071529806332e-02 1.018005470251020228e-01 7.390662405038563032e-02 1.635089149621348770e-01 1.218959317363301972e-02 1.141047436185439329e-01 1.194852363455009003e-01 6.727059884983875582e-02
1.611219005054698172e-01 8.291270485967597303e-02 2.058717243120926441e-03 7.582139743703011914e-02 4.918791624729995648e-02 0.000000000000000000e+00 0.000000000000000000e+00 5.975705329635629809e-02 0.000000000000000000e+00 3.114025226491293468e-03 1.709801701354580691e-02 0.000000000000000000e+00 7.495081918817184108e-02 6.210920840037414611e-03 3.046838959373409164e-02 1.338605312887918841e-01 0.000000000000000000e+00 3.491836533690272776e-02 1.264025852121721250e-01 1.421166567111997181e-01
