6.008332492600701458e-02 4.666634470039840617e-03 9.774120378647821461e-02 1.583333847053147725e-01 0.000000000000000000e+00 1.936768065637999719e-02 6.051026411019165899e-03 2.056459001498716840e-02 0.000000000000000000e+00 0.000000000000000000e+00 0.000000000000000000e+00 0.000000000000000000e+00 0.000000000000000000e+00 3.106751485985020586e-02 1.565295168955062599e-01 1.532076603884537438e-02 0.000000000000000000e+00 9.758972629592642389e-02 0.000000000000000000e+00 2.395239316094006227e-02 3.156517182519509579e-02 8.030039163650536105e-02 3.097234646842067854e-02 3.591411360347431664e-02 1.299802142451099152e-01
5.945845335361853168e-02 7.295213264583420322e-03 3.056570860567884435e-02 6.275696291049827347e-03 0.000000000000000000e+00 1.395324212142587438e-03 8.892461666690210098e-02 2.180595591993142179e-01 3.281381565085554619e-02 7.514801055035283395e-03 3.581894785648134620e-03 0.000000000000000000e+00 0.000000000000000000e+00 0.000000000000000000e+00 2.988750304949789119e-02 0.000000000000000000e+00 2.363915835002094665e-02 4.669268142397269006e-02 0.000000000000000000e+00 0.000000000000000000e+00 1.999771286760219924e-02 1.189811343687477820e-03 1.532544758658062611e-01 1.505557904350133258e-01 1.188977835795706345e-01
1.497734557287255241e-01 0.000000000000000000e+00 0.000000000000000000e+00 1.167289520259993940e-01 4.304836970039718769e-02 0.000000000000000000e+00 2.117432638444117360e-02 1.171515092838284616e-01 0.000000000000000000e+00 0.000000000000000000e+00 0.000000000000000000e+00 1.217945902140703252e-02 0.000000000000000000e+00 3.681517924089691696e-02 2.927245697083162290e-01 0.000000000000000000e+00 0.000000000000000000e+00 3.019781230830680466e-02 0.000000000000000000e+00 0.000000000000000000e+00 0.000000000000000000e+00 0.000000000000000000e+00 1.199340976843382423e-01 1.072500837560166377e-02 4.954726053774139577e-02
8.298365774820455620e-02 0.000000000000000000e+00 8.460247770097430176e-02 1.421669789792185667e-01 7.843336993199366558e-02 0.000000000000000000e+00 0.000000000000000000e+00 0.000000000000000000e+00 0.000000000000000000e+00 3.458343781222295021e-02 3.352796454554016897e-02 0.000000000000000000e+00 0.000000000000000000e+00 0.000000000000000000e+00 5.492401279047289669e-02 0.000000000000000000e+00 0.000000000000000000e+00 0.000000000000000000e+00 6.344449038024628507e-02 0.000000000000000000e+00 0.000000000000000000e+00 0.000000000000000000e+00 1.502112865196196523e-01 1.674811319822576694e-01 1.076411916092494814e-01
9.162123042623311620e-02 0.000000000000000000e+00 1.184074875003067115e-02 0.000000000000000000e+00 9.431105913515283601e-02 0.000000000000000000e+00 1.159025402511375952e-02 4.120694629522821117e-02 6.735351013265096498e-02 3.256224215922938481e-02 0.000000000000000000e+00 0.000000000000000000e+00 3.131721964169306011e-02 7.882733770796830630e-02 1.569740330584311616e-01 8.716562066578960322e-02 0.000000000000000000e+00 5.389096982182295381e-02 0.000000000000000000e+00 3.753765526996803020e-02 0.000000000000000000e+00 4.289329312664206389e-02 0.000000000000000000e+00 1.609078797840458597e-01 0.000000000000000000e+00
1.403104521823462514e-01 2.768749238722321288e-02 9.508098174208161335e-03 1.213450909062065847e-01 0.000000000000000000e+00 0.000000000000000000e+00 1.170167050271495729e-01 1.276546983018364001e-01 0.000000000000000000e+00 0.000000000000000000e+00 0.000000000000000000e+00 0.000000000000000000e+00 0.000000000000000000e+00 0.000000000000000000e+00 3.166508988528795032e-01 0.000000000000000000e+00 0.000000000000000000e+00 0.000000000000000000e+00 0.000000000000000000e+00 6.973630846533095118e-02 0.000000000000000000e+00 5.203682693207481447e-02 1.805342877074456176e-02 0.000000000000000000e+00 0.000000000000000000e+00
4.610427231570837087e-02 3.340014092710046761e-02 0.000000000000000000e+00 1.598661508163516654e-02 1.406074025876941913e-01 0.000000000000000000e+00 8.660371926946985877e-02 1.248867249360175596e-01 0.000000000000000000e+00 9.145108721768805196e-03 0.000000000000000000e+00 0.000000000000000000e+00 1.951670665589915268e-02 0.000000000000000000e+00 1.589935600183958464e-01 0.000000000000000000e+00 0.000000000000000000e+00 1.164290660194252335e-02 2.071063349703993195e-01 0.000000000000000000e+00 0.000000000000000000e+00 0.000000000000000000e+00 3.113166373724370398e-02 0.000000000000000000e+00 1.148748441767250134e-01
1.737285153850082198e-01 1.871389149322785425e-02 0.000000000000000000e+00 3.968180363123845894e-02 9.488852513606130593e-03 3.320211374448382019e-02 1.536178170326777184e-02 4.927750998101460694e-02 0.000000000000000000e+00 1.146776668708487761e-02 2.026811017131599155e-02 8.206659895408681057e-03 1.375295727559320245e-02 1.192058891529019921e-01 1.290498887943858086e-01 1.088813482670016597e-01 1.083159517938747374e-01 1.368631266550404159e-02 4.144865706434913352e-03 1.042493449517325858e-02 0.000000000000000000e+00 9.366684829756385250e-03 6.993518945807422615e-02 3.270374436351160263e-02 1.135227992131612913e-03
1.385730627235260415e-01 0.000000000000000000e+00 5.401502907677953498e-03 0.000000000000000000e+00 2.584590169941110571e-01 0.000000000000000000e+00 0.000000000000000000e+00 0.000000000000000000e+00 1.659403262028769435e-02 7.309018205833756098e-04 0.000000000000000000e+00 0.000000000000000000e+00 2.287269578698919448e-02 0.000000000000000000e+00 1.577213475147073718e-01 1.723477003301752616e-02 4.909511904455766268e-02 3.409573017646794907e-02 0.000000000000000000e+00 0.000000000000000000e+00 0.000000000000000000e+00 0.000000000000000000e+00 2.948555144665927427e-02 1.181728244480599044e-01 1.515634444833550698e-01
1.396541616021523269e-01 1.923807519509297594e-03 5.735135913008474612e-02 1.140162502728390009e-01 5.009474565658383893e-02 1.687500722694163652e-02 1.162341361461790429e-01 9.686536371421398126e-04 0.000000000000000000e+00 0.000000000000000000e+00 1.289509672883679472e-02 0.000000000000000000e+00 0.000000000000000000e+00 1.015133052359919880e-01 1.359166450972783269e-01 0.000000000000000000e+00 0.000000000000000000e+00 0.000000000000000000e+00 1.193477521065773074e-02 1.699456788371196897e-03 0.000000000000000000e+00 0.000000000000000000e+00 0.000000000000000000e+00 1.060966260428811564e-01 1.328259737045507927e-01
1.426088816936152692e-01 1.791095725427315280e-02 0.000000000000000000e+00 1.692789723049804018e-01 1.619013980080420776e-03 4.093779923100094274e-03 1.813639569197354751e-02 1.290812084140070537e-01 2.958314332838777108e-02 1.477256995649416137e-03 1.841936457697610635e-02 4.511400081509275503e-03 0.000000000000000000e+00 0.000000000000000000e+00 1.517406568384303545e-01 3.755153293832972933e-03 9.267654999327080978e-02 0.000000000000000000e+00 3.964288916092861825e-02 1.993143887490394367e-02 0.000000000000000000e+00 0.000000000000000000e+00 1.555329375940807668e-01 0.000000000000000000e+00 0.000000000000000000e+00
1.594538438154115556e-01 7.153296502143476066e-02 1.107648893341157915e-03 3.007604501892394838e-02 1.914329130288401348e-01 0.000000000000000000e+00 5.200649180390676252e-03 7.696451998177215870e-02 1.300991435719638274e-02 0.000000000000000000e+00 0.000000000000000000e+00 0.000000000000000000e+00 0.000000000000000000e+00 1.281455187596557133e-01 2.447082388244559842e-02 0.000000000000000000e+00 4.193756706202847809e-03 6.296738556510629581e-02 1.893248951086094478e-01 0.000000000000000000e+00 0.000000000000000000e+00 0.000000000000000000e+00 2.613970374438280564e-02 0.000000000000000000e+00 1.597941693628660703e-02
1.300953488454015608e-02 2.312444731775892964e-02 7.828559655347169799e-02 1.396281747373531723e-01 0.000000000000000000e+00 0.000000000000000000e+00 1.781739441070983587e-01 5.264958706090611812e-02 0.000000000000000000e+00 0.000000000000000000e+00 0.000000000000000000e+00 0.000000000000000000e+00 0.000000000000000000e+00 1.339696811572435586e-01 1.685529653874965894e-01 0.000000000000000000e+00 0.000000000000000000e+00 8.772629009398716718e-03 1.958591219146678941e-01 7.974317870064804789e-03 0.000000000000000000e+00 0.000000000000000000e+00 0.000000000000000000e+00 0.000000000000000000e+00 0.000000000000000000e+00
0.000000000000000000e+00 1.150939191653420068e-01 0.000000000000000000e+00 0.000000000000000000e+00 2.367424895375849075e-02 0.000000000000000000e+00 1.551364070363732139e-01 0.000000000000000000e+00 1.117822321627273859e-02 0.000000000000000000e+00 0.000000000000000000e+00 2.840773629824483795e-03 0.000000000000000000e+00 7.514066395245812269e-02 1.931271912936720903e-01 0.000000000000000000e+00 0.000000000000000000e+00 1.762879286629830677e-01 2.386534860433921490e-01 0.000000000000000000e+00 0.000000000000000000e+00 0.000000000000000000e+00 0.000000000000000000e+00 0.000000000000000000e+00 8.867158045923523649e-03
6.799901465069252762e-03 3.703187717516598365e-02 6.617449432978973756e-02 0.000000000000000000e+00 5.284490830043745563e-02 5.147638465600575669e-02 3.598949867655540369e-02 5.420221695018130094e-03 1.565054309797527313e-02 0.000000000000000000e+00 3.121660378143655337e-03 0.000000000000000000e+00 6.019291496612079115e-03 1.503514948101568049e-01 8.994854165205323424e-03 0.000000000000000000e+00 1.640274935222258562e-02 1.531231313189260757e-01 0.000000000000000000e+00 2.464517287817227439e-02 0.000000000000000000e+00 5.851197497777715223e-02 1.767046477298656604e-01 4.214631704322677197e-02 8.859087645367473562e-02
0.000000000000000000e+00 0.000000000000000000e+00 2.751115472932565142e-02 1.427527469526128079e-01 6.789951728428202105e-02 0.000000000000000000e+00 1.709230343702350940e-01 1.711301008141624114e-01 0.000000000000000000e+00 0.000000000000000000e+00 0.000000000000000000e+00 6.074687281799632382e-02 0.000000000000000000e+00 0.000000000000000000e+00 8.145308798165541708e-02 0.000000000000000000e+00 1.218234021834559491e-02 3.364146249951183859e-02 1.898211895109996883e-01 4.193849282087321745e-02 0.000000000000000000e+00 0.000000000000000000e+00 0.000000000000000000e+00 0.000000000000000000e+00 0.000000000000000000e+00
0.000000000000000000e+00 0.000000000000000000e+00 1.388490663220518229e-01 0.000000000000000000e+00 3.063309224186504531e-01 0.000000000000000000e+00 0.000000000000000000e+00 0.000000000000000000e+00 0.000000000000000000e+00 1.466058629078353381e-01 1.892561651544120288e-02 3.909623081413599044e-02 0.000000000000000000e+00 0.000000000000000000e+00 1.635014490426909273e-01 0.000000000000000000e+00 4.021993793303689502e-02 1.197383697701693006e-01 0.000000000000000000e+00 8.488503375011556204e-03 0.000000000000000000e+00 0.000000000000000000e+00 0.000000000000000000e+00 0.000000000000000000e+00 1.824404090097667130e-02
4.456738337277633272e-02 5.735728739706211915e-03 7.197500343897861308e-02 1.253823371079385851e-01 2.619461580367202225e-02 0.000000000000000000e+00 1.188631388824318569e-01 2.356807392585629213e-01 0.000000000000000000e+00 0.000000000000000000e+00 7.743182614109687945e-03 4.838143101809655455e-02 0.000000000000000000e+00 0.000000000000000000e+00 4.254141383707416707e-02 0.000000000000000000e+00 1.645493425262673642e-02 5.441630295969060276e-03 1.866587208425590227e-01 0.000000000000000000e+00 0.000000000000000000e+00 1.955972620454655281e-02 4.482001433095162551e-02 0.000000000000000000e+00 0.000000000000000000e+00
1.209761942803180557e-01 1.575465586855107417e-02 0.000000000000000000e+00 3.513874034917269240e-02 0.000000000000000000e+00 5.708421830395046803e-02 4.937156477614890876e-02 1.088608613498226602e-01 0.000000000000000000e+00 1.783794810775131065e-03 0.000000000000000000e+00 3.528052291330929270e-03 0.000000000000000000e+00 4.287076125129485327e-02 1.528332363970582308e-01 0.000000000000000000e+00 0.000000000000000000e+00 1.074129705857412853e-02 4.856820390746910410e-02 1.436498159107399246e-02 4.462345809794797391e-02 9.005476366879039407e-03 2.387343676578791707e-02 1.077232681692642802e-02 2.498487397169185109e-01
1.330029281754896431e-01 3.480719726583414442e-02 6.780121025988675686e-03 0.000000000000000000e+00 3.700342219793245624e-02 5.754552672163248256e-03 1.769726743363277469e-02 6.369874995297789000e-02 0.000000000000000000e+00 4.814580111505652182e-02 0.000000000000000000e+00 1.950507084056834605e-03 0.000000000000000000e+00 7.146599187101596810e-04 4.880955482667539980e-02 8.911490600709637278e-02 0.000000000000000000e+00 1.350906876161912518e-01 4.541503417809669707e-02 7.750159002257329954e-02 3.335020196923985797e-02 4.172555666714752517e-03 0.000000000000000000e+00 1.144252072198579384e-01 1.025650556517120615e-01
