3.328348524665378921e-02 9.391533037836427567e-02 0.000000000000000000e+00 1.108983369782273742e-01 6.105923409233138775e-03 1.422627511109727794e-01 0.000000000000000000e+00 0.000000000000000000e+00 1.121055719468046219e-01 0.000000000000000000e+00 0.000000000000000000e+00 9.723351645063303857e-04 2.834861730073288608e-02 0.000000000000000000e+00 4.188017594677519856e-02 0.000000000000000000e+00 0.000000000000000000e+00 1.301851194922840349e-01 1.664463940957205124e-01 1.335959589297250338e-01
2.993486036405999806e-03 0.000000000000000000e+00 5.313133853202455653e-02 2.096207153305018056e-01 1.448285575735996089e-01 1.716383054887138937e-01 0.000000000000000000e+00 1.466427937638426215e-01 0.000000000000000000e+00 0.000000000000000000e+00 0.000000000000000000e+00 0.000000000000000000e+00 0.000000000000000000e+00 2.787631664642658061e-02 0.000000000000000000e+00 0.000000000000000000e+00 2.993795552662373988e-02 1.096530521340235119e-02 6.042810570326200004e-02 1.419371201851968300e-01
0.000000000000000000e+00 0.000000000000000000e+00 0.000000000000000000e+00 1.228079480978127268e-02 9.819473089156484369e-02 0.000000000000000000e+00 0.000000000000000000e+00 2.620333141446740816e-02 1.026265849562248977e-01 0.000000000000000000e+00 0.000000000000000000e+00 0.000000000000000000e+00 1.543713254363215936e-01 1.985521318302490013e-01 3.777281753311780010e-02 0.000000000000000000e+00 1.570789865344237313e-01 1.121731218841012442e-02 1.957580671782153114e-01 5.943917227224000850e-03
0.000000000000000000e+00 1.175359921978110650e-01 0.000000000000000000e+00 1.635058965112352880e-01 0.000000000000000000e+00 0.000000000000000000e+00 1.883171118193870813e-02 6.255607914860505936e-02 1.102439850622739248e-01 4.901669805946455398e-03 0.000000000000000000e+00 4.042969119819543600e-02 1.522662146056655008e-01 1.226147190600642700e-01 0.000000000000000000e+00 1.369110704660118083e-01 0.000000000000000000e+00 0.000000000000000000e+00 2.926896547539576190e-02 4.093400528685676998e-02
3.241894359025730959e-03 4.602663553544152769e-02 0.000000000000000000e+00 4.611161974722981227e-02 1.474923075058403588e-01 0.000000000000000000e+00 1.006811566737875370e-02 5.642810740989200741e-02 0.000000000000000000e+00 0.000000000000000000e+00 0.000000000000000000e+00 7.196321370822482411e-02 7.053082411811670283e-03 8.404675082015358734e-02 0.000000000000000000e+00 1.582984974023822489e-02 3.933451264036631236e-03 1.519977462284620995e-01 1.862753669852750815e-01 1.695318586169896058e-01
1.112600793419405223e-02 1.789060620074655050e-01 8.771592975271136350e-03 1.115136863113190546e-01 2.507920769937018943e-02 2.895531385796388385e-02 0.000000000000000000e+00 0.000000000000000000e+00 1.520340015570815773e-01 1.249513371615558303e-02 0.000000000000000000e+00 1.723451486800857135e-01 5.474772725205578200e-02 5.779206252674040645e-02 0.000000000000000000e+00 1.402341125413623379e-01 0.000000000000000000e+00 1.672359144472956166e-02 2.927635149620500324e-02 0.000000000000000000e+00
0.000000000000000000e+00 5.628584154953968771e-02 0.000000000000000000e+00 1.256249785791848650e-01 3.220041511754739849e-02 1.306942024140231584e-01 0.000000000000000000e+00 1.738867777524536196e-01 7.178578215475295288e-02 0.000000000000000000e+00 0.000000000000000000e+00 0.000000000000000000e+00 3.457394973687390183e-02 7.347276945489918110e-02 1.500668437183872795e-03 0.000000000000000000e+00 1.293521828854741762e-01 0.000000000000000000e+00 1.552074933662520306e-01 1.541493855181523369e-02
6.687709332280768193e-02 9.552746156679205181e-03 0.000000000000000000e+00 5.417720177389173664e-02 4.379844079746283980e-02 2.051519383987013626e-02 0.000000000000000000e+00 1.387937661742414119e-01 8.149467704191752648e-02 0.000000000000000000e+00 0.000000000000000000e+00 9.470320987605154728e-02 2.249859718731869393e-02 4.399824447190805315e-03 8.821251749167152365e-03 1.243794836918084845e-01 0.000000000000000000e+00 1.432154508118191616e-01 1.867730631297735977e-01 0.000000000000000000e+00
0.000000000000000000e+00 0.000000000000000000e+00 0.000000000000000000e+00 1.867051281430527898e-01 1.499199540113371198e-01 1.775884493295589728e-01 0.000000000000000000e+00 0.000000000000000000e+00 9.765445145381261571e-02 0.000000000000000000e+00 0.000000000000000000e+00 0.000000000000000000e+00 6.779381773384712817e-02 1.784720381738058581e-02 4.039559334999334728e-02 1.248135710169991433e-02 3.588775137546984517e-02 4.578498322474619520e-02 1.679413104591015449e-01 0.000000000000000000e+00
0.000000000000000000e+00 1.399303749388027818e-01 4.733499130010134122e-03 4.461075613895815195e-02 1.487930832383143609e-01 2.305192214976674661e-03 5.212832483086426300e-02 0.000000000000000000e+00 8.914538465555524316e-02 0.000000000000000000e+00 3.143215080868310557e-02 1.521170264920667647e-01 6.185556994307412487e-02 8.796470439088897864e-02 1.341926643043962475e-01 0.000000000000000000e+00 4.773337534561356010e-03 0.000000000000000000e+00 0.000000000000000000e+00 4.601793137884782614e-02
9.270042769895553425e-02 2.823490580907200148e-02 0.000000000000000000e+00 1.413241910545078861e-01 0.000000000000000000e+00 1.248236341654326981e-01 0.000000000000000000e+00 0.000000000000000000e+00 0.000000000000000000e+00 0.000000000000000000e+00 0.000000000000000000e+00 4.319893752196690695e-02 2.357301078011925510e-01 1.283053790912003223e-01 0.000000000000000000e+00 1.353244671870175442e-01 6.896795867489571331e-03 1.558946553653851787e-03 6.190220724951108616e-02 0.000000000000000000e+00
0.000000000000000000e+00 1.512061079989178158e-01 6.438885675519215313e-03 2.461803962989542877e-02 0.000000000000000000e+00 0.000000000000000000e+00 4.963850582069378320e-02 1.787745704395247437e-01 3.664333167056750551e-02 0.000000000000000000e+00 0.000000000000000000e+00 2.055930702400964316e-01 0.000000000000000000e+00 4.653025394051525654e-02 1.398525208584291100e-02 1.619552453157484251e-01 2.592401622652617654e-03 0.000000000000000000e+00 9.761987874783213670e-02 2.440445681219373733e-02
1.076652236997818757e-02 1.392617924175847399e-01 3.554225209935092666e-02 2.255434204812334711e-02 1.239768792376818446e-01 1.298498207924769776e-01 7.655524328006165120e-03 3.989434586991915527e-02 4.365650490920046367e-02 1.580584204287549532e-02 2.127148855782290404e-02 1.569406111314524399e-01 2.116750343714596597e-02 3.422377414436342767e-03 1.287055562603059075e-02 0.000000000000000000e+00 1.299001763357065520e-01 0.000000000000000000e+00 7.065797504084916783e-04 8.475688163179934120e-02
1.027843914927254743e-01 1.238157922841448683e-01 8.230463006730531425e-03 1.553836209475363550e-01 0.000000000000000000e+00 1.546047562671640750e-02 0.000000000000000000e+00 1.016081303608595832e-01 0.000000000000000000e+00 0.000000000000000000e+00 0.000000000000000000e+00 1.597792644706939047e-01 7.862663261225256994e-02 9.868454626566600107e-02 1.556266829326743151e-01 0.000000000000000000e+00 0.000000000000000000e+00 0.000000000000000000e+00 0.000000000000000000e+00 0.000000000000000000e+00
5.487681451537795331e-03 1.251402794552251563e-01 9.902950339540374756e-04 2.011533889424243354e-02 6.357228518149794262e-03 1.295474421105168306e-01 0.000000000000000000e+00 1.431915877102941659e-01 1.547269105298743896e-01 0.000000000000000000e+00 0.000000000000000000e+00 0.000000000000000000e+00 0.000000000000000000e+00 2.680914323879500516e-02 1.390160503946838433e-01 2.376387277227372339e-03 3.885054534727361980e-02 1.406675416802453081e-02 2.785548861532764417e-02 1.654688672548734474e-01
1.722677887194724866e-02 0.000000000000000000e+00 0.000000000000000000e+00 0.000000000000000000e+00 1.945609052473563361e-01 4.116016305139814924e-02 3.788859301383552119e-02 4.079241139863585934e-03 0.000000000000000000e+00 0.000000000000000000e+00 0.000000000000000000e+00 7.093339345473904933e-02 3.704756085868220888e-02 0.000000000000000000e+00 7.793494337738495793e-03 0.000000000000000000e+00 1.616444325741738242e-01 5.155200850575878541e-02 3.155028375327885160e-01 6.061059141171835224e-02
8.077337468954814970e-02 4.976245734672324339e-02 0.000000000000000000e+00 7.673494251247988014e-03 2.011716553126425763e-02 1.464850498148368985e-01 7.114006698175294463e-03 1.332462621108462808e-01 1.588509857617326909e-02 0.000000000000000000e+00 0.000000000000000000e+00 1.456223821105105849e-02 0.000000000000000000e+00 8.925266607443391176e-02 3.102294666527880343e-02 2.063772117276306897e-02 3.666214368250110545e-02 7.271478039691082508e-03 1.006969653999089664e-01 2.388369317355567012e-01
6.901946181209111034e-03 1.207294511177246510e-01 4.172751876855107338e-03 2.115902688416363212e-02 1.754032918382201003e-02 1.257917853204047198e-01 0.000000000000000000e+00 1.059658075673482885e-02 4.811119199016241493e-02 0.000000000000000000e+00 2.554830755281107309e-03 4.179317951601076164e-02 1.237778722964507777e-01 0.000000000000000000e+00 3.987345348802458916e-02 0.000000000000000000e+00 5.374636583986096804e-03 1.205342273806530723e-01 1.594708888541782887e-01 1.516178478143388186e-01
1.539409707882985479e-02 1.397028470281042045e-01 4.004423367077651705e-04 2.899097024941033052e-02 1.540470095891431634e-01 0.000000000000000000e+00 2.379311094303866204e-03 0.000000000000000000e+00 0.000000000000000000e+00 0.000000000000000000e+00 0.000000000000000000e+00 2.089479313381845116e-01 0.000000000000000000e+00 1.999184859296779249e-02 1.606971403331953485e-01 2.138200504166414342e-02 1.383782010976415955e-01 0.000000000000000000e+00 6.462919998862771964e-02 4.505899623121951275e-02
0.000000000000000000e+00 0.000000000000000000e+00 5.226550253161643504e-03 2.562076708143797010e-03 1.430382580049572583e-01 3.205783000826958190e-02 1.076100311714632204e-02 4.725655016541806946e-02 1.156532216685843412e-01 0.000000000000000000e+00 0.000000000000000000e+00 4.719219108554681408e-02 5.305723446366803799e-03 1.381357928254849377e-01 1.834444319534139561e-04 2.390385185817341194e-03 0.000000000000000000e+00 0.000000000000000000e+00 2.638510805325721686e-01 1.863858925665775601e-01
0.000000000000000000e+00 2.357778442431410909e-02 0.000000000000000000e+00 2.109801635289849930e-02 0.000000000000000000e+00 1.410153151152667150e-01 2.197258587157496432e-02 1.006481517445569213e-01 2.228020899295360055e-02 0.000000000000000000e+00 0.000000000000000000e+00 1.194363885724857993e-01 1.897368553809311020e-01 1.330566146600486721e-01 5.869544370451300341e-02 0.000000000000000000e+00 0.000000000000000000e+00 0.000000000000000000e+00 0.000000000000000000e+00 1.684826351804567246e-01
0.000000000000000000e+00 1.391012564500898781e-02 2.397376810716862067e-02 7.169244104654026728e-02 1.436375346256088190e-02 9.641581933890525438e-03 3.160688496703804862e-02 1.656421135097239095e-01 1.106133330273871007e-01 1.428052043357927632e-02 0.000000000000000000e+00 1.438453219958069941e-02 2.650895502388529723e-02 0.000000000000000000e+00 3.995080110845618954e-03 2.489424947466243807e-02 0.000000000000000000e+00 1.478538982920128142e-01 1.733856498846310101e-01 1.532531128814845489e-01
0.000000000000000000e+00 1.205904735390348759e-01 0.000000000000000000e+00 7.010870692080097000e-02 7.770696356578155571e-03 0.000000000000000000e+00 0.000000000000000000e+00 1.339377778384993334e-01 1.398329660398613949e-01 0.000000000000000000e+00 0.000000000000000000e+00 5.150662614147251406e-02 1.259126649574281998e-01 1.440181054407989325e-01 0.000000000000000000e+00 0.000000000000000000e+00 0.000000000000000000e+00 0.000000000000000000e+00 1.678038123242536206e-01 3.851817044127198858e-02
1.986263586841698417e-02 6.470112953924879451e-02 0.000000000000000000e+00 0.000000000000000000e+00 1.609644789644622265e-02 8.298325007571273615e-02 4.529088686502568545e-02 1.531817801347188646e-01 6.210958972844999454e-02 0.000000000000000000e+00 0.000000000000000000e+00 1.143905815864314501e-01 4.559590313714224712e-04 1.213205090474582803e-01 8.220370216511480033e-03 1.005250935616044082e-02 0.000000000000000000e+00 0.000000000000000000e+00 1.679720541734851247e-01 1.333622964805625810e-01
5.312783706777330500e-02 6.615799384089940394e-02 1.484707552169813038e-01 5.894342448071682866e-02 0.000000000000000000e+00 0.000000000000000000e+00 9.154677954287260278e-02 3.773843109372500976e-02 0.000000000000000000e+00 0.000000000000000000e+00 0.000000000000000000e+00 0.000000000000000000e+00 8.016288946856092723e-02 1.413120613296094119e-01 6.565752375556167808e-02 0.000000000000000000e+00 4.728653825701596009e-02 0.000000000000000000e+00 3.808814330244605223e-02 1.715076226438376483e-01
0.000000000000000000e+00 1.441075672406926245e-01 1.398782410888686246e-03 1.777067314389093114e-02 1.408093206837663369e-01 0.000000000000000000e+00 5.838960402319599841e-02 9.086540904876799080e-03 1.107938850870625741e-01 1.314846608682848639e-01 1.424936489647489306e-02 0.000000000000000000e+00 0.000000000000000000e+00 0.000000000000000000e+00 0.000000000000000000e+00 1.458010552945619431e-01 2.905383285912958771e-03 2.593004059247992071e-02 1.501920214931851683e-01 4.708110007472651043e-02
0.000000000000000000e+00 9.660718546996409362e-02 1.383716358417301680e-02 2.145769489525945484e-01 0.000000000000000000e+00 3.383497820493491098e-02 0.000000000000000000e+00 0.000000000000000000e+00 0.000000000000000000e+00 0.000000000000000000e+00 0.000000000000000000e+00 3.273997661424150191e-02 1.664354201216667051e-01 0.000000000000000000e+00 1.979791631667837670e-01 0.000000000000000000e+00 1.045235404867335014e-03 1.649544235704170636e-01 1.797758400310224200e-02 6.001192090725479544e-02
0.000000000000000000e+00 0.000000000000000000e+00 2.832701750453298431e-02 0.000000000000000000e+00 0.000000000000000000e+00 1.395309091451991668e-01 1.790449577120741681e-02 1.586325299535733813e-01 7.110783333743026131e-03 0.000000000000000000e+00 2.257326247763955657e-03 0.000000000000000000e+00 0.000000000000000000e+00 0.000000000000000000e+00 2.278136092447023350e-02 0.000000000000000000e+00 1.519539486941690054e-01 0.000000000000000000e+00 2.364329576310855718e-01 2.350686707942552245e-01
4.049110831064318267e-02 1.110205895414679289e-01 0.000000000000000000e+00 8.801261724714933010e-02 7.609759320584223025e-04 0.000000000000000000e+00 2.539686008777915227e-02 5.996157445307818967e-02 1.103985286019088380e-01 0.000000000000000000e+00 0.000000000000000000e+00 2.358935588341136425e-01 1.416138291694916604e-02 2.832911680137881541e-02 2.787636470417090631e-02 0.000000000000000000e+00 0.000000000000000000e+00 8.858376337030270109e-02 7.046012273277716363e-03 1.620675469257222001e-01
4.992800189747617287e-03 1.152051578147453986e-02 0.000000000000000000e+00 0.000000000000000000e+00 8.353498886335755658e-03 1.348883717365743917e-01 0.000000000000000000e+00 4.269858458910686522e-02 1.082808022027469813e-02 0.000000000000000000e+00 0.000000000000000000e+00 1.455015093006856441e-01 1.438531692484696645e-01 1.076029855548822078e-01 1.646974858199688474e-01 5.780373454817121573e-03 0.000000000000000000e+00 1.063697652934683484e-02 3.062654237978739216e-02 1.780191063085284631e-01
0.000000000000000000e+00 1.414948280342361864e-01 1.009573913491988023e-01 4.459584387017393771e-03 8.843844634169277519e-02 0.000000000000000000e+00 0.000000000000000000e+00 1.140872578345027977e-01 2.822115935507256423e-02 4.688714377573757058e-02 0.000000000000000000e+00 1.472361459606788547e-01 0.000000000000000000e+00 3.521250488737563689e-02 3.198490358742517303e-02 9.141620853040523893e-04 7.556398397977047432e-02 5.355493349997567619e-03 1.522486776438602193e-03 1.776645082955515820e-01
0.000000000000000000e+00 7.478762912610585623e-02 1.038091447412814580e-03 5.004073163553244413e-02 0.000000000000000000e+00 2.572865397400438958e-01 3.818149932561609727e-02 1.296753220084516656e-01 9.629883588463229727e-02 0.000000000000000000e+00 0.000000000000000000e+00 1.381897829316421425e-02 6.330148224619048906e-03 0.000000000000000000e+00 0.000000000000000000e+00 0.000000000000000000e+00 3.581983693255786066e-03 1.777265622048467344e-02 1.660190695852333531e-01 1.451685148154480409e-01
1.142079514669756685e-01 0.000000000000000000e+00 0.000000000000000000e+00 0.000000000000000000e+00 1.706480308556651004e-01 0.000000000000000000e+00 0.000000000000000000e+00 4.023280249772809986e-02 5.155070544152051681e-02 0.000000000000000000e+00 0.000000000000000000e+00 1.434783055357362058e-01 5.730853953241825480e-04 0.000000000000000000e+00 0.000000000000000000e+00 2.607338041978413817e-02 2.129505966393906435e-01 1.865176081990220502e-02 1.936691197792886066e-01 2.796426114868447166e-02
0.000000000000000000e+00 1.765198176090294335e-01 2.444338265803476518e-02 0.000000000000000000e+00 6.844220776975896980e-02 1.862598335240238379e-01 4.006742433520280033e-02 1.499141623150663793e-01 8.820115857627626454e-02 0.000000000000000000e+00 0.000000000000000000e+00 0.000000000000000000e+00 5.970864868225345123e-02 1.251620071477317284e-02 2.558814075404581417e-02 0.000000000000000000e+00 0.000000000000000000e+00 6.181334605527698256e-02 1.065256770062581182e-01 0.000000000000000000e+00
1.210056831640931169e-01 1.263107971184103950e-01 0.000000000000000000e+00 1.818773851209245758e-03 1.981008451389247582e-02 1.312544574447362666e-01 0.000000000000000000e+00 1.952301376128849023e-03 4.481188365069275342e-02 0.000000000000000000e+00 4.079444911861801991e-03 0.000000000000000000e+00 1.628027861467648274e-01 2.028166191264819951e-02 0.000000000000000000e+00 0.000000000000000000e+00 0.000000000000000000e+00 2.606572952468435428e-03 1.644330450164872004e-01 1.988325079406063900e-01
