1.275209696729379116e-01 4.483544112585742536e-02 0.000000000000000000e+00 0.000000000000000000e+00 0.000000000000000000e+00 8.886914908477285685e-03 0.000000000000000000e+00 1.125586839968781110e-02 1.754347789149568737e-01 0.000000000000000000e+00 0.000000000000000000e+00 1.523883617961656056e-01 5.238192225676983416e-04 1.095230770617752480e-01 1.243723283046067191e-01 1.625181070495628627e-02 1.402817485824415789e-01 5.458041302984752152e-02 1.104838441301302099e-02 2.309608386270905686e-02
1.899357766859898766e-01 0.000000000000000000e+00 2.604887114130993025e-02 3.285907127527880334e-02 2.101540255362323306e-02 0.000000000000000000e+00 0.000000000000000000e+00 5.053286500064415807e-03 1.719226877519445251e-01 0.000000000000000000e+00 2.934444266939025339e-02 1.557208807896363623e-01 0.000000000000000000e+00 0.000000000000000000e+00 1.787211086748639606e-04 0.000000000000000000e+00 1.295381042104735425e-01 7.690431771540040540e-02 0.000000000000000000e+00 1.614784375982138143e-01
0.000000000000000000e+00 1.486458240800485053e-01 3.547516588068798382e-02 1.416372017097730918e-01 1.316647908117590526e-01 0.000000000000000000e+00 5.122590531949278159e-02 4.622280190046909598e-02 0.000000000000000000e+00 0.000000000000000000e+00 4.776201709663902180e-03 0.000000000000000000e+00 0.000000000000000000e+00 4.927680961704476725e-02 1.103350154859763024e-02 0.000000000000000000e+00 0.000000000000000000e+00 1.668765265766878059e-01 1.935609065520581540e-01 1.960436429371711919e-02
0.000000000000000000e+00 6.003498008121630619e-02 0.000000000000000000e+00 0.000000000000000000e+00 0.000000000000000000e+00 1.259115745084203423e-02 1.089613090971383765e-02 7.043657529500034487e-02 1.463686534724994992e-01 0.000000000000000000e+00 0.000000000000000000e+00 1.557919901529044027e-01 1.116759207545046512e-01 0.000000000000000000e+00 1.219754783570292656e-02 0.000000000000000000e+00 0.000000000000000000e+00 1.511691303933586916e-01 1.403576920178388199e-01 1.284802216364185901e-01
2.132851851710623053e-02 4.671834490946472768e-02 0.000000000000000000e+00 4.369235745475269495e-02 7.726340234256710848e-02 1.399364829398303534e-01 0.000000000000000000e+00 1.660392852388390406e-01 5.299965381587119773e-02 0.000000000000000000e+00 0.000000000000000000e+00 4.666582774697158875e-02 1.529384571326310518e-02 6.425620474515360975e-03 5.536942957587757778e-03 0.000000000000000000e+00 0.000000000000000000e+00 6.717255396316478000e-03 2.325591424077506630e-01 1.388233200851637372e-01
1.488193577413759183e-01 7.592941113494401650e-02 7.324366588437709880e-02 7.634868638214328991e-03 2.724073053141437550e-01 0.000000000000000000e+00 7.956543656365739486e-03 7.906272224451668662e-02 0.000000000000000000e+00 1.922831324491466876e-02 0.000000000000000000e+00 2.117085176003411229e-01 0.000000000000000000e+00 0.000000000000000000e+00 3.298613351505051781e-03 0.000000000000000000e+00 9.085803775419050519e-04 4.499445712024237320e-02 1.764320518390210049e-02 3.716443850761514539e-02
1.734020519329572130e-01 1.244221659840816369e-01 0.000000000000000000e+00 1.432489298703062183e-03 1.556875951252043033e-01 4.234975732395512490e-03 1.456228417235676427e-02 0.000000000000000000e+00 1.672383522112662613e-01 1.216169291680330028e-01 0.000000000000000000e+00 1.550283240337538282e-01 7.093626126451423562e-03 0.000000000000000000e+00 0.000000000000000000e+00 0.000000000000000000e+00 0.000000000000000000e+00 5.219805021164465597e-02 2.308315600315227062e-02 0.000000000000000000e+00
1.490524953792747853e-01 1.209130832611315237e-01 0.000000000000000000e+00 1.465639710173087806e-01 1.354948161166197318e-01 0.000000000000000000e+00 0.000000000000000000e+00 3.305609650941254696e-02 3.556674567385727237e-02 0.000000000000000000e+00 0.000000000000000000e+00 7.410991872663331981e-02 0.000000000000000000e+00 0.000000000000000000e+00 5.224893782281008620e-02 0.000000000000000000e+00 0.000000000000000000e+00 1.042980571615756413e-01 3.453809604245621639e-02 1.141577822889201510e-01
0.000000000000000000e+00 0.000000000000000000e+00 5.962230940488083032e-03 3.247287859898830287e-01 0.000000000000000000e+00 1.087819815635464619e-03 0.000000000000000000e+00 8.384377930338970941e-02 0.000000000000000000e+00 3.308064543799894841e-02 0.000000000000000000e+00 1.835150703332872613e-01 6.072948843643242306e-02 2.365267843582714857e-02 0.000000000000000000e+00 9.246967194196325721e-03 9.566740553128250113e-02 0.000000000000000000e+00 1.784851285815790278e-01 0.000000000000000000e+00
1.558600292606699411e-01 1.027950249989831588e-01 0.000000000000000000e+00 5.802291419451664767e-02 1.976738415939928717e-01 0.000000000000000000e+00 0.000000000000000000e+00 0.000000000000000000e+00 1.110051278825336246e-01 0.000000000000000000e+00 0.000000000000000000e+00 9.528665255787564792e-02 2.924495786906866276e-02 0.000000000000000000e+00 4.125059317214602173e-02 1.188043832074382397e-02 0.000000000000000000e+00 0.000000000000000000e+00 0.000000000000000000e+00 1.969804201494696483e-01
7.588030610274595911e-02 8.307794956511679874e-02 0.000000000000000000e+00 1.378011644887355003e-01 0.000000000000000000e+00 1.616748809096988926e-01 0.000000000000000000e+00 0.000000000000000000e+00 2.636473385053006782e-02 1.168331139826791001e-02 6.206943134066449271e-03 1.094667535385034918e-01 1.377342323093005416e-01 6.020502270225061570e-03 1.184466693373078389e-02 0.000000000000000000e+00 0.000000000000000000e+00 1.754321506557134647e-01 5.681240484336519403e-02 0.000000000000000000e+00
1.273097263883006883e-02 4.637496316605739521e-02 0.000000000000000000e+00 0.000000000000000000e+00 0.000000000000000000e+00 9.346411340467319917e-02 0.000000000000000000e+00 2.069433242603894441e-01 7.605178695648535936e-02 2.237960653536807953e-02 0.000000000000000000e+00 2.931044046992909435e-01 0.000000000000000000e+00 0.000000000000000000e+00 6.706569102527515022e-03 0.000000000000000000e+00 9.106962773168561509e-02 1.144837093800469829e-01 2.037741246001006229e-02 1.631350966463543731e-02
6.683644467924113042e-02 0.000000000000000000e+00 0.000000000000000000e+00 8.945348906617489604e-02 4.791766635604934044e-02 0.000000000000000000e+00 0.000000000000000000e+00 9.114264313958503338e-02 1.999269834174390026e-01 1.432424798106201880e-01 0.000000000000000000e+00 1.605177723298412129e-01 0.000000000000000000e+00 4.786455245502975464e-02 4.158987373705309853e-02 0.000000000000000000e+00 2.889141380640188050e-02 8.261668120256454584e-02 0.000000000000000000e+00 0.000000000000000000e+00
1.558630286060596892e-01 1.469774570845525374e-01 1.341049814989065357e-02 1.437317697732235222e-01 0.000000000000000000e+00 0.000000000000000000e+00 0.000000000000000000e+00 0.000000000000000000e+00 2.858015943684204252e-02 0.000000000000000000e+00 0.000000000000000000e+00 1.716223755461946943e-01 1.328902638850499029e-01 2.392791326582567428e-03 1.891892727889870340e-01 0.000000000000000000e+00 0.000000000000000000e+00 1.534238340261729477e-02 0.000000000000000000e+00 0.000000000000000000e+00
0.000000000000000000e+00 1.254793631428878786e-01 1.962640912844590760e-02 1.469383271047155493e-01 2.504073668317122886e-03 0.000000000000000000e+00 0.000000000000000000e+00 1.797675991780708655e-03 2.135453844222720277e-01 4.659492799422406545e-02 0.000000000000000000e+00 1.527254125120846295e-01 3.481065175679303597e-02 0.000000000000000000e+00 1.374990571908280002e-01 2.160535068990571822e-02 1.379713327934050347e-02 7.780740345052218621e-02 5.268829667882504557e-03 0.000000000000000000e+00
0.000000000000000000e+00 0.000000000000000000e+00 3.228567927658181069e-02 3.282366987390841762e-01 0.000000000000000000e+00 2.349992484360463596e-01 0.000000000000000000e+00 1.031425289037710830e-01 0.000000000000000000e+00 0.000000000000000000e+00 0.000000000000000000e+00 4.092564388586800855e-02 4.105842208832052517e-03 0.000000000000000000e+00 3.631820742198609009e-02 0.000000000000000000e+00 0.000000000000000000e+00 0.000000000000000000e+00 2.199861511278304593e-01 0.000000000000000000e+00
2.102518165007403184e-01 0.000000000000000000e+00 9.760818576476572306e-02 0.000000000000000000e+00 3.260857015350625970e-02 2.082476798390456574e-01 0.000000000000000000e+00 1.590255467353470231e-01 0.000000000000000000e+00 0.000000000000000000e+00 0.000000000000000000e+00 0.000000000000000000e+00 0.000000000000000000e+00 9.842951286555044754e-02 0.000000000000000000e+00 5.369387275939958154e-02 0.000000000000000000e+00 0.000000000000000000e+00 2.116830410929483944e-02 1.189665112723500839e-01
1.592745370672005167e-01 0.000000000000000000e+00 0.000000000000000000e+00 1.598323505394639577e-01 0.000000000000000000e+00 1.669588073365685932e-01 0.000000000000000000e+00 2.661133877962082797e-02 0.000000000000000000e+00 1.133515090821129584e-01 0.000000000000000000e+00 4.812752113678032267e-02 6.549340212442682219e-02 6.160826960872165144e-03 1.830416042694248402e-01 0.000000000000000000e+00 1.969963379734987474e-02 0.000000000000000000e+00 5.144846890617919138e-02 0.000000000000000000e+00
1.441563017759868170e-01 1.668935452711939882e-01 0.000000000000000000e+00 1.214252483647415004e-01 3.567960003154461990e-02 0.000000000000000000e+00 0.000000000000000000e+00 0.000000000000000000e+00 6.458215618837834238e-02 1.835260043477076231e-04 0.000000000000000000e+00 1.576416866324136801e-01 5.563848754243242573e-02 3.539765893921074155e-03 1.467287828676164252e-01 0.000000000000000000e+00 0.000000000000000000e+00 7.704996698126433119e-02 0.000000000000000000e+00 2.648093244615894182e-02
0.000000000000000000e+00 2.392632377577030953e-04 1.456482943679517387e-03 0.000000000000000000e+00 9.920644891773765239e-02 1.873526477665751200e-01 6.844670010327557133e-03 1.913851681164221441e-01 3.720213987298239683e-02 0.000000000000000000e+00 0.000000000000000000e+00 2.523536061493187113e-02 1.403998375840204149e-02 3.990518212575014205e-03 3.401154911320946467e-02 0.000000000000000000e+00 7.288075881508238561e-03 0.000000000000000000e+00 2.456064489016240859e-01 1.461412426522672448e-01
