0.000000000000000000e+00 1.756369950808876756e-02 3.231523134260046171e-02 2.394803470134392390e-03 2.961825723225103985e-02 0.000000000000000000e+00 3.583647871335343682e-02 1.039341325610235733e-01 0.000000000000000000e+00 3.556733473581635135e-02 0.000000000000000000e+00 3.087085664565717424e-01 0.000000000000000000e+00 3.824635382045278500e-03 1.461401350114479303e-01 7.965355936342020937e-02 0.000000000000000000e+00 8.512806318184738472e-03 9.494450630803319066e-03 0.000000000000000000e+00 0.000000000000000000e+00 0.000000000000000000e+00 4.156310462854978516e-02 1.265253269693290480e-02 1.322202719487760580e-01
1.263991259979453108e-01 2.678761044929216587e-02 0.000000000000000000e+00 0.000000000000000000e+00 1.716324294559112493e-02 0.000000000000000000e+00 0.000000000000000000e+00 1.638114992135576986e-01 5.163190138603238055e-03 6.497052031391371829e-02 5.716741955244433043e-02 1.505397210350494230e-01 9.097757549939093635e-02 0.000000000000000000e+00 1.002898905044481426e-01 0.000000000000000000e+00 0.000000000000000000e+00 0.000000000000000000e+00 0.000000000000000000e+00 0.000000000000000000e+00 5.976015051424589733e-03 6.424438128244593961e-03 0.000000000000000000e+00 1.617273775140198877e-01 2.260237365607477289e-02
5.443464326713259166e-03 3.817866111212845498e-02 1.374986135637733531e-01 9.754451007701850362e-03 5.924639058901049610e-02 0.000000000000000000e+00 7.845750032909121902e-03 4.139720926968470938e-02 0.000000000000000000e+00 6.470609141212232962e-02 0.000000000000000000e+00 1.086961126904453442e-02 1.317425809001733982e-03 0.000000000000000000e+00 1.759232667877619616e-01 0.000000000000000000e+00 0.000000000000000000e+00 8.795780472858097734e-03 1.483947871592910736e-02 8.821429721607472463e-02 0.000000000000000000e+00 1.015142304693238545e-01 1.283223651962778211e-01 7.438106582718374826e-02 3.175184692250081209e-02
1.486284350199641724e-01 2.326368354924387635e-02 0.000000000000000000e+00 0.000000000000000000e+00 0.000000000000000000e+00 1.088448845937246001e-01 2.183287816331966336e-02 0.000000000000000000e+00 0.000000000000000000e+00 1.256050865909909622e-02 0.000000000000000000e+00 1.699811978381862987e-01 1.243380408724998124e-02 0.000000000000000000e+00 0.000000000000000000e+00 0.000000000000000000e+00 1.305709657539595170e-01 0.000000000000000000e+00 6.840582622295246495e-02 1.249583741073028928e-02 0.000000000000000000e+00 0.000000000000000000e+00 5.955887422607939082e-03 1.550704703731547451e-01 1.299556209058071732e-01
0.000000000000000000e+00 5.231852950385492036e-03 1.115703023788651958e-02 8.373363810485645597e-02 0.000000000000000000e+00 3.496363220549105616e-03 2.342564150801322576e-02 1.339888950478425366e-03 0.000000000000000000e+00 5.732710104104617177e-02 1.404693009495616360e-03 1.125854375806837337e-01 5.339328155895290556e-03 0.000000000000000000e+00 3.113368683053179820e-01 6.743800068312984231e-02 0.000000000000000000e+00 0.000000000000000000e+00 0.000000000000000000e+00 0.000000000000000000e+00 0.000000000000000000e+00 9.897273920789671775e-02 1.837412592531969396e-02 1.869575901618303893e-01 1.187970095721532608e-02
1.525607028886947769e-01 1.156457206295398304e-01 1.200565404208714555e-02 8.418973920180915227e-02 6.347432057853617804e-02 0.000000000000000000e+00 1.075984480650040986e-01 0.000000000000000000e+00 1.343647781924293657e-03 1.287409136315506575e-01 0.000000000000000000e+00 0.000000000000000000e+00 0.000000000000000000e+00 0.000000000000000000e+00 1.819662399491836502e-01 1.796586437171574652e-02 0.000000000000000000e+00 0.000000000000000000e+00 0.000000000000000000e+00 0.000000000000000000e+00 0.000000000000000000e+00 4.128735505332362804e-02 5.234418255082475685e-02 0.000000000000000000e+00 4.087721125580599107e-02
0.000000000000000000e+00 1.484657751908247114e-01 1.551517767018581809e-02 7.195317822994780517e-04 1.673995758188107086e-01 0.000000000000000000e+00 2.311298490167711453e-02 0.000000000000000000e+00 0.000000000000000000e+00 0.000000000000000000e+00 8.692933372786455911e-04 0.000000000000000000e+00 0.000000000000000000e+00 0.000000000000000000e+00 2.594025343600310229e-01 0.000000000000000000e+00 1.694437830135374357e-01 4.781493823054811312e-03 1.516529978893724510e-03 0.000000000000000000e+00 0.000000000000000000e+00 0.000000000000000000e+00 4.231337845726458428e-03 1.917048633631005250e-01 1.283711891457953690e-02
1.474944219867448114e-01 1.695082698272613597e-01 0.000000000000000000e+00 0.000000000000000000e+00 0.000000000000000000e+00 5.445168996199391872e-04 4.418872780687263871e-03 0.000000000000000000e+00 0.000000000000000000e+00 1.416162817119069883e-01 0.000000000000000000e+00 4.667209012647947214e-03 0.000000000000000000e+00 0.000000000000000000e+00 1.983901146263727377e-01 7.181610984344019219e-03 1.420049030323904948e-01 7.884068857738735225e-03 4.596633711568937769e-02 0.000000000000000000e+00 8.285131239696812144e-03 0.000000000000000000e+00 1.245046712018426163e-02 1.800870671649040106e-02 9.157908808822490254e-02
1.836051123664890125e-04 0.000000000000000000e+00 7.436240038227373561e-02 0.000000000000000000e+00 7.613920577324373440e-02 0.000000000000000000e+00 1.238391572233128561e-02 0.000000000000000000e+00 0.000000000000000000e+00 1.087266000750276573e-01 4.157818502343397539e-03 1.276500258135762067e-01 2.551250698955114839e-03 0.000000000000000000e+00 1.607463368709556306e-01 0.000000000000000000e+00 1.456588433607010902e-01 1.371672230595255039e-02 0.000000000000000000e+00 0.000000000000000000e+00 0.000000000000000000e+00 0.000000000000000000e+00 1.078295949980225266e-01 1.658936803842506191e-01 0.000000000000000000e+00
9.178934692151255459e-02 0.000000000000000000e+00 2.047669410240020998e-02 2.244951362982736988e-03 1.545305819459513383e-02 1.171290344969931445e-02 8.705467357270203765e-02 1.485987005029972552e-01 0.000000000000000000e+00 1.241393927987316514e-01 0.000000000000000000e+00 5.393991600404058478e-02 2.521866838681124934e-02 0.000000000000000000e+00 1.238424657868796366e-02 0.000000000000000000e+00 0.000000000000000000e+00 0.000000000000000000e+00 1.651345385689871881e-01 5.529085418999853813e-02 0.000000000000000000e+00 2.651854591709508144e-02 0.000000000000000000e+00 1.543510670921696346e-02 1.446084027395415916e-01
0.000000000000000000e+00 0.000000000000000000e+00 1.600152262965932326e-01 0.000000000000000000e+00 0.000000000000000000e+00 1.249215155670768129e-01 1.392280095174649179e-01 0.000000000000000000e+00 0.000000000000000000e+00 0.000000000000000000e+00 2.060567839753984706e-02 1.871987051876439767e-01 0.000000000000000000e+00 0.000000000000000000e+00 1.029997126027298870e-01 0.000000000000000000e+00 0.000000000000000000e+00 0.000000000000000000e+00 0.000000000000000000e+00 0.000000000000000000e+00 0.000000000000000000e+00 6.168644947440905801e-02 1.090452301666083451e-01 3.771705145389180058e-03 9.052776764454470437e-02
0.000000000000000000e+00 0.000000000000000000e+00 1.274419810243131446e-01 0.000000000000000000e+00 1.508471466460743760e-01 2.346785569408864625e-01 1.266892400685669662e-01 4.201359986167282901e-02 0.000000000000000000e+00 1.346512763766423704e-01 0.000000000000000000e+00 1.880966541912348564e-02 0.000000000000000000e+00 0.000000000000000000e+00 0.000000000000000000e+00 0.000000000000000000e+00 0.000000000000000000e+00 0.000000000000000000e+00 0.000000000000000000e+00 1.299306258343275663e-03 0.000000000000000000e+00 0.000000000000000000e+00 3.853670737936056023e-02 1.065958877893060236e-01 1.843663223571048726e-02
0.000000000000000000e+00 2.645047662982422804e-02 1.034755919627999426e-01 0.000000000000000000e+00 0.000000000000000000e+00 4.706739638394791952e-02 6.969228179437109150e-02 0.000000000000000000e+00 0.000000000000000000e+00 1.366370569103840527e-01 0.000000000000000000e+00 1.366432278014596303e-02 0.000000000000000000e+00 0.000000000000000000e+00 3.297058662487976910e-02 0.000000000000000000e+00 0.000000000000000000e+00 1.059978247316692296e-01 2.194686145046851611e-01 0.000000000000000000e+00 0.000000000000000000e+00 2.968958356940071264e-02 1.491984024652869556e-01 3.716707997690422982e-03 6.197115364491462969e-02
0.000000000000000000e+00 8.386403144570857282e-02 0.000000000000000000e+00 2.240913606149466664e-02 5.992206550323859321e-02 2.413270209662092894e-02 0.000000000000000000e+00 0.000000000000000000e+00 1.413190619915179885e-02 1.949157220679543709e-02 0.000000000000000000e+00 1.614296926896875428e-01 0.000000000000000000e+00 0.000000000000000000e+00 1.377809071448419243e-01 0.000000000000000000e+00 0.000000000000000000e+00 9.029454803661504658e-02 2.122564624954970669e-01 0.000000000000000000e+00 0.000000000000000000e+00 0.000000000000000000e+00 1.365114057816446125e-01 0.000000000000000000e+00 3.777557033870385800e-02
0.000000000000000000e+00 1.503966598009241588e-02 1.661741270740265952e-01 0.000000000000000000e+00 6.987447873645970253e-02 0.000000000000000000e+00 0.000000000000000000e+00 1.191828559005442406e-01 1.825144039195655127e-02 8.970172736745295194e-02 0.000000000000000000e+00 1.696678131947076673e-01 1.285941248722456687e-01 0.000000000000000000e+00 0.000000000000000000e+00 0.000000000000000000e+00 0.000000000000000000e+00 0.000000000000000000e+00 0.000000000000000000e+00 0.000000000000000000e+00 0.000000000000000000e+00 9.277043447466240544e-02 1.517053511806634378e-02 1.155727968897855007e-01 0.000000000000000000e+00
0.000000000000000000e+00 0.000000000000000000e+00 0.000000000000000000e+00 0.000000000000000000e+00 4.099229370009337819e-02 0.000000000000000000e+00 1.527055805051727166e-01 1.409082879959414891e-01 0.000000000000000000e+00 8.872428510064231388e-02 0.000000000000000000e+00 1.414583399769839545e-01 3.415976170435549436e-02 0.000000000000000000e+00 0.000000000000000000e+00 0.000000000000000000e+00 1.400575959591638942e-01 3.989428876896183168e-02 1.661839893053592143e-01 0.000000000000000000e+00 0.000000000000000000e+00 0.000000000000000000e+00 5.263845126779762712e-02 0.000000000000000000e+00 2.277125715528168469e-03
0.000000000000000000e+00 7.507675895977868833e-04 0.000000000000000000e+00 1.433009619322537544e-02 2.235229515190674532e-01 0.000000000000000000e+00 6.626451015900493811e-03 0.000000000000000000e+00 0.000000000000000000e+00 1.037982033935307968e-01 0.000000000000000000e+00 1.733516461256677521e-01 1.124578766384270057e-03 3.707056245425391187e-03 1.669069342868398642e-01 0.000000000000000000e+00 1.527422670936838256e-01 1.005684289619727806e-01 1.650587718321439024e-02 0.000000000000000000e+00 0.000000000000000000e+00 2.769994222998292677e-02 0.000000000000000000e+00 0.000000000000000000e+00 8.364799395506695989e-03
0.000000000000000000e+00 1.054062598472657077e-02 1.220967115984407936e-01 0.000000000000000000e+00 0.000000000000000000e+00 2.725663732040639609e-02 1.544651554354349865e-01 1.465871739056863465e-01 8.536768175390350988e-02 1.354069187607301050e-01 0.000000000000000000e+00 0.000000000000000000e+00 4.631959736073725659e-02 0.000000000000000000e+00 1.224315677533974051e-01 0.000000000000000000e+00 0.000000000000000000e+00 0.000000000000000000e+00 1.477976569755126424e-01 0.000000000000000000e+00 0.000000000000000000e+00 0.000000000000000000e+00 0.000000000000000000e+00 0.000000000000000000e+00 1.730273151024017565e-03
0.000000000000000000e+00 0.000000000000000000e+00 0.000000000000000000e+00 0.000000000000000000e+00 1.544879307581903671e-01 3.546095881426573893e-02 0.000000000000000000e+00 1.937782406658114520e-02 0.000000000000000000e+00 8.684330951007275187e-03 3.948410807311025089e-02 8.519353396572388118e-03 0.000000000000000000e+00 0.000000000000000000e+00 2.780254597674376438e-01 0.000000000000000000e+00 5.385235313207138545e-03 7.102648499039355967e-02 0.000000000000000000e+00 0.000000000000000000e+00 7.797017919023645216e-02 1.313512989787899432e-01 1.553878036372653010e-02 6.525643498540646507e-03 1.481624118379408772e-01
0.000000000000000000e+00 4.261751142459787450e-02 3.209881524927490903e-02 0.000000000000000000e+00 1.241784213504672357e-01 0.000000000000000000e+00 0.000000000000000000e+00 1.418704209037240441e-02 0.000000000000000000e+00 3.582867233712246167e-03 0.000000000000000000e+00 1.560175852165024413e-01 1.341352723095819632e-03 0.000000000000000000e+00 2.393748167855385550e-02 0.000000000000000000e+00 0.000000000000000000e+00 4.877742893191718693e-02 1.222536208468446572e-01 0.000000000000000000e+00 5.283558081838891224e-02 1.463454782115387875e-01 0.000000000000000000e+00 9.056705236941968440e-02 1.412597618553138035e-01
0.000000000000000000e+00 0.000000000000000000e+00 0.000000000000000000e+00 0.000000000000000000e+00 1.268526145969308683e-01 0.000000000000000000e+00 1.365991064864461868e-01 2.196251314979099853e-02 0.000000000000000000e+00 1.153890834910980823e-01 8.201534117300030707e-03 2.968211536175619503e-01 0.000000000000000000e+00 0.000000000000000000e+00 0.000000000000000000e+00 0.000000000000000000e+00 0.000000000000000000e+00 1.093285361676836764e-01 3.670528884277743376e-02 0.000000000000000000e+00 0.000000000000000000e+00 0.000000000000000000e+00 2.073389482388112576e-02 0.000000000000000000e+00 1.274062747065296819e-01
0.000000000000000000e+00 1.452548239190778502e-02 1.758438336991321460e-01 8.508200540878439744e-02 8.269121436254207175e-03 0.000000000000000000e+00 8.372565239839880810e-03 1.901091953886821029e-03 9.179486002364800612e-02 1.913070222707227708e-01 0.000000000000000000e+00 1.853501760040104918e-02 0.000000000000000000e+00 0.000000000000000000e+00 2.001843869446666979e-01 0.000000000000000000e+00 0.000000000000000000e+00 0.000000000000000000e+00 0.000000000000000000e+00 0.000000000000000000e+00 0.000000000000000000e+00 0.000000000000000000e+00 1.065423666171117639e-01 0.000000000000000000e+00 9.764224641364459278e-02
0.000000000000000000e+00 1.629792179850207690e-01 1.431739745531107888e-01 3.368257901634467109e-03 6.510548584191071936e-03 0.000000000000000000e+00 7.718631779199527920e-02 0.000000000000000000e+00 0.000000000000000000e+00 0.000000000000000000e+00 0.000000000000000000e+00 2.094447423367053196e-01 8.292544020443706407e-03 2.429119555181925502e-02 1.731794054211033829e-01 0.000000000000000000e+00 1.226601314135304377e-01 0.000000000000000000e+00 6.154160956460336812e-02 0.000000000000000000e+00 0.000000000000000000e+00 6.639747548381219437e-03 7.323073274608850889e-04 0.000000000000000000e+00 0.000000000000000000e+00
0.000000000000000000e+00 0.000000000000000000e+00 0.000000000000000000e+00 0.000000000000000000e+00 1.456998522807645968e-01 0.000000000000000000e+00 0.000000000000000000e+00 0.000000000000000000e+00 0.000000000000000000e+00 0.000000000000000000e+00 0.000000000000000000e+00 5.924835846895847025e-02 0.000000000000000000e+00 0.000000000000000000e+00 2.762159654137686937e-01 0.000000000000000000e+00 1.420064709464456953e-01 1.001425807023990089e-01 1.595153300153782927e-01 4.061840118750895991e-03 3.363414756618048496e-03 0.000000000000000000e+00 3.623738711338893217e-03 6.862411481744390418e-02 3.749833376813359320e-02
0.000000000000000000e+00 2.482329178179648252e-02 1.363936888334141839e-01 0.000000000000000000e+00 0.000000000000000000e+00 0.000000000000000000e+00 0.000000000000000000e+00 0.000000000000000000e+00 0.000000000000000000e+00 2.225085912602595486e-02 0.000000000000000000e+00 1.829929384022671024e-01 9.614206662685760574e-02 5.968421465094348247e-03 2.675535190904883009e-01 3.130105028811780866e-03 1.747129183825718579e-02 0.000000000000000000e+00 0.000000000000000000e+00 0.000000000000000000e+00 0.000000000000000000e+00 1.434303006248546786e-02 4.581370363648569477e-02 5.016365746711631129e-02 1.329534266408996801e-01
3.359108199992209137e-02 1.172366646369048387e-01 0.000000000000000000e+00 9.532286632936549930e-02 2.737341072958302327e-02 0.000000000000000000e+00 1.532689936332430891e-01 0.000000000000000000e+00 0.000000000000000000e+00 0.000000000000000000e+00 0.000000000000000000e+00 1.704434673186829563e-01 0.000000000000000000e+00 2.907554537611267698e-03 3.079535799350698044e-02 9.719352680305591574e-02 0.000000000000000000e+00 0.000000000000000000e+00 5.201156640056403893e-03 0.000000000000000000e+00 0.000000000000000000e+00 0.000000000000000000e+00 9.842280411010585761e-02 1.682431152679620956e-01 0.000000000000000000e+00
5.895351027638504743e-02 8.031040440259137880e-03 2.931688335199139628e-02 5.194888066328447185e-02 0.000000000000000000e+00 0.000000000000000000e+00 1.173499194940841733e-01 1.461465123602464777e-01 2.533691726068700023e-02 1.185464346967495530e-01 0.000000000000000000e+00 2.393441782993393271e-03 0.000000000000000000e+00 8.669589323167527575e-03 3.988281001349517491e-02 0.000000000000000000e+00 0.000000000000000000e+00 0.000000000000000000e+00 0.000000000000000000e+00 0.000000000000000000e+00 0.000000000000000000e+00 1.951748598576555083e-01 0.000000000000000000e+00 1.824275781439246569e-01 1.582162233507656071e-02
1.329143187330913689e-01 1.884087682166719901e-02 3.203924309027811074e-03 0.000000000000000000e+00 1.246456430864430059e-01 0.000000000000000000e+00 2.532779785343111309e-02 1.033608433018226233e-02 0.000000000000000000e+00 9.339175428760197739e-02 0.000000000000000000e+00 9.900012081441816533e-03 1.034771899936429984e-01 0.000000000000000000e+00 1.597373510295557741e-01 0.000000000000000000e+00 8.377046508974620234e-03 0.000000000000000000e+00 2.935480266146172496e-02 0.000000000000000000e+00 0.000000000000000000e+00 1.062820141126430071e-02 2.438610107472537758e-01 0.000000000000000000e+00 2.600398614496030048e-02
1.546023599048838154e-02 0.000000000000000000e+00 1.066485444665287441e-01 2.286770538031260291e-02 1.454972957756368868e-01 1.306737665329062437e-01 0.000000000000000000e+00 1.471606235623923106e-02 0.000000000000000000e+00 1.327631615039654711e-01 0.000000000000000000e+00 5.912628605284291072e-02 0.000000000000000000e+00 0.000000000000000000e+00 6.104753169779033456e-02 0.000000000000000000e+00 0.000000000000000000e+00 0.000000000000000000e+00 0.000000000000000000e+00 0.000000000000000000e+00 0.000000000000000000e+00 0.000000000000000000e+00 1.318393903912227771e-01 1.598209466278104895e-01 1.953907322425593729e-02
0.000000000000000000e+00 1.387969495695717537e-01 1.267008827409939545e-02 0.000000000000000000e+00 3.642824667426597385e-02 0.000000000000000000e+00 1.151616535676262994e-02 0.000000000000000000e+00 3.810569704271965594e-03 0.000000000000000000e+00 0.000000000000000000e+00 1.764677189621011166e-01 0.000000000000000000e+00 3.305157191708541376e-03 0.000000000000000000e+00 0.000000000000000000e+00 1.603390846697893835e-01 0.000000000000000000e+00 5.434420122980726520e-02 0.000000000000000000e+00 1.824976316978279070e-02 1.616945434513549287e-02 4.713866027280293886e-02 1.649060695912554497e-01 1.558578709886453695e-01
0.000000000000000000e+00 0.000000000000000000e+00 1.488855626277501010e-01 0.000000000000000000e+00 5.837313292182868402e-02 0.000000000000000000e+00 4.980811742871076031e-02 1.302019641065499476e-03 3.733165581380382299e-04 0.000000000000000000e+00 1.320368142844218287e-02 1.840060611072313612e-01 2.246782152026289073e-02 2.375790858291153013e-03 1.619986928420291683e-01 0.000000000000000000e+00 0.000000000000000000e+00 0.000000000000000000e+00 1.545691374194787526e-01 4.484353953492326711e-03 0.000000000000000000e+00 9.893866163001437120e-02 8.646892826413132838e-02 0.000000000000000000e+00 1.274472179913335029e-02
0.000000000000000000e+00 3.599028050101713699e-02 0.000000000000000000e+00 0.000000000000000000e+00 0.000000000000000000e+00 1.006381232179669044e-01 9.554406734280447566e-02 3.156459992959968763e-02 0.000000000000000000e+00 1.281549224351005156e-01 2.436988956343958540e-02 2.666189486746206039e-01 0.000000000000000000e+00 0.000000000000000000e+00 4.523172777933552428e-03 8.976448519482192875e-04 0.000000000000000000e+00 8.573078118728676145e-02 3.296814825796075960e-02 0.000000000000000000e+00 0.000000000000000000e+00 5.214151721521469163e-02 0.000000000000000000e+00 1.319012992236549553e-01 8.956604821452145843e-03
0.000000000000000000e+00 0.000000000000000000e+00 0.000000000000000000e+00 1.063680905556630973e-01 0.000000000000000000e+00 0.000000000000000000e+00 5.914458386660893796e-02 0.000000000000000000e+00 0.000000000000000000e+00 8.001236309790259182e-02 0.000000000000000000e+00 8.583402682345024626e-03 0.000000000000000000e+00 0.000000000000000000e+00 1.791364476348770995e-01 0.000000000000000000e+00 0.000000000000000000e+00 1.023203070846776391e-01 1.793927182483403548e-01 1.202721438064837181e-02 0.000000000000000000e+00 1.558726977512170098e-01 1.555493157442459050e-02 8.612573060070682907e-02 1.546151252258853685e-02
0.000000000000000000e+00 0.000000000000000000e+00 8.767337621082242627e-02 0.000000000000000000e+00 1.724581609981269414e-01 0.000000000000000000e+00 1.471759203737979353e-02 0.000000000000000000e+00 0.000000000000000000e+00 1.628378205924344846e-01 0.000000000000000000e+00 1.687767805796704657e-01 0.000000000000000000e+00 0.000000000000000000e+00 0.000000000000000000e+00 0.000000000000000000e+00 1.656021753983149269e-01 2.167441347339653119e-03 0.000000000000000000e+00 0.000000000000000000e+00 0.000000000000000000e+00 3.969185483114538726e-02 0.000000000000000000e+00 1.860747980047660344e-01 0.000000000000000000e+00
0.000000000000000000e+00 0.000000000000000000e+00 1.463859008328812494e-01 0.000000000000000000e+00 6.387634358653196398e-02 3.382922428757421940e-02 7.571405982464536610e-02 9.938570530941572695e-03 0.000000000000000000e+00 1.345212397531032888e-01 3.733251442839227892e-04 1.948105197472962957e-01 0.000000000000000000e+00 0.000000000000000000e+00 4.737644882052929884e-02 0.000000000000000000e+00 0.000000000000000000e+00 1.186595318271887189e-01 0.000000000000000000e+00 0.000000000000000000e+00 0.000000000000000000e+00 0.000000000000000000e+00 0.000000000000000000e+00 1.745148356450242355e-01 0.000000000000000000e+00
0.000000000000000000e+00 2.254056445274936482e-02 0.000000000000000000e+00 0.000000000000000000e+00 9.263729799484028693e-02 0.000000000000000000e+00 1.284832016740890814e-01 1.091981854831631810e-03 0.000000000000000000e+00 2.560187065477027499e-02 0.000000000000000000e+00 1.809949923195307009e-01 5.926158509860411649e-03 1.806519791788510111e-03 1.623277191258539753e-01 0.000000000000000000e+00 0.000000000000000000e+00 1.018640084495718301e-01 1.934094550516608502e-01 0.000000000000000000e+00 0.000000000000000000e+00 0.000000000000000000e+00 2.572362482612401344e-02 4.224594803101214269e-02 1.534665726331685583e-02
0.000000000000000000e+00 1.581521479738861036e-01 4.699481373727876915e-02 1.488196617969832648e-03 6.914164320398867580e-03 0.000000000000000000e+00 0.000000000000000000e+00 0.000000000000000000e+00 0.000000000000000000e+00 2.834681678744504357e-02 1.856816247409409431e-03 3.989912968582014913e-02 1.010245632250953221e-02 0.000000000000000000e+00 2.954921219929274034e-01 0.000000000000000000e+00 1.312489404649871128e-01 0.000000000000000000e+00 0.000000000000000000e+00 0.000000000000000000e+00 0.000000000000000000e+00 0.000000000000000000e+00 2.664437248791114848e-02 2.376330827586985717e-01 1.522694060275793689e-02
0.000000000000000000e+00 0.000000000000000000e+00 1.273003796011865918e-01 0.000000000000000000e+00 0.000000000000000000e+00 0.000000000000000000e+00 2.926125701850917915e-02 0.000000000000000000e+00 0.000000000000000000e+00 0.000000000000000000e+00 0.000000000000000000e+00 9.324999320368450306e-02 0.000000000000000000e+00 0.000000000000000000e+00 0.000000000000000000e+00 0.000000000000000000e+00 1.639720130068938464e-01 9.781610617628667959e-02 5.707415172237462198e-02 5.136552226625872540e-03 0.000000000000000000e+00 2.001053226149464292e-01 1.162908240118969323e-02 1.838204057471265473e-01 3.063473628117614062e-02
2.577882068738212434e-02 1.197766401078267755e-02 0.000000000000000000e+00 1.081191795877036246e-02 3.423122664257233910e-02 1.206090947037321004e-01 7.660732900358979171e-03 0.000000000000000000e+00 0.000000000000000000e+00 1.242134589030055997e-01 1.479238649038857982e-02 1.538656983693434677e-01 0.000000000000000000e+00 0.000000000000000000e+00 3.442606087511753538e-02 8.233889453190916530e-02 0.000000000000000000e+00 2.292816070020106678e-02 1.495018124156251293e-01 0.000000000000000000e+00 5.780915199113433392e-03 1.910777774967180320e-02 0.000000000000000000e+00 4.852072484774214156e-02 1.334546530142835807e-01
9.030150456877234638e-03 3.076997719112972707e-02 6.624441804516663368e-02 0.000000000000000000e+00 3.418693824261766212e-02 1.111862392928336662e-01 0.000000000000000000e+00 8.795324228897687460e-03 7.675026802058440567e-02 1.195111333775228657e-01 0.000000000000000000e+00 1.076074339307453581e-01 0.000000000000000000e+00 0.000000000000000000e+00 0.000000000000000000e+00 0.000000000000000000e+00 4.703505406866996010e-03 8.670478472270087833e-02 1.485780287947793543e-01 8.590692585349437790e-03 0.000000000000000000e+00 0.000000000000000000e+00 2.839416509437491659e-02 0.000000000000000000e+00 1.589469406095532777e-01
