3.557716691733559585e-03 2.159153507676965233e-01 4.908269600659277004e-02 2.381108932392353808e-04 4.165151144740271427e-02 8.224309153028291908e-02 3.596878301200384653e-02 9.626021390915845063e-03 1.484087344082276327e-01 0.000000000000000000e+00 9.422020417068679423e-04 1.096284181338745695e-01 0.000000000000000000e+00 0.000000000000000000e+00 1.532962810332735570e-01 0.000000000000000000e+00 7.960257059410706659e-02 3.551920814739378037e-03 0.000000000000000000e+00 6.628659123420369004e-02
0.000000000000000000e+00 0.000000000000000000e+00 1.379186614985255036e-02 2.900689311838915985e-01 0.000000000000000000e+00 6.624839895826822866e-02 0.000000000000000000e+00 4.292190779216820129e-02 9.139435202377164946e-02 6.804714632782675465e-02 3.134047993264267758e-03 3.258354070648847994e-02 0.000000000000000000e+00 0.000000000000000000e+00 0.000000000000000000e+00 0.000000000000000000e+00 4.667134182224326466e-02 1.175147960667596303e-01 2.045414524791125122e-01 2.308221849635284928e-02
1.444873277986874656e-02 1.094658754863341021e-02 3.747727506525164176e-02 1.146548369065217426e-01 6.101381064191097742e-02 1.474273713000164576e-01 0.000000000000000000e+00 0.000000000000000000e+00 1.222474529021474743e-01 0.000000000000000000e+00 0.000000000000000000e+00 0.000000000000000000e+00 0.000000000000000000e+00 8.258935892028437808e-02 2.934465860421187240e-03 0.000000000000000000e+00 1.701833617783609642e-01 1.118835610979283281e-02 1.993371519851973861e-01 2.555123820159274986e-02
1.322263296253866627e-01 9.199862418502095796e-02 0.000000000000000000e+00 5.282219431195435411e-02 2.234228946405360759e-03 0.000000000000000000e+00 6.314798090539951170e-02 2.675669343074161405e-03 4.859846515612138707e-02 2.573360759243179322e-02 3.842685383307423326e-03 1.410115791347046899e-01 1.837672026694154859e-01 0.000000000000000000e+00 3.078625787918228256e-03 6.402576959971596239e-03 7.102609305955806009e-03 5.196723912320468791e-02 1.833903815697280615e-01 0.000000000000000000e+00
1.704831358347973225e-02 1.018408738131461877e-01 0.000000000000000000e+00 2.063095510486630951e-02 5.325400621295160036e-02 1.458574467894143412e-01 2.367693345854907441e-02 2.339477755281856863e-01 2.858144477304151720e-02 0.000000000000000000e+00 0.000000000000000000e+00 0.000000000000000000e+00 2.296499094283190739e-02 7.227929241889763552e-03 1.344401111984567382e-02 0.000000000000000000e+00 0.000000000000000000e+00 0.000000000000000000e+00 1.732204534532830464e-01 1.583048659785151469e-01
1.629237016053707854e-01 1.638992308398241060e-01 0.000000000000000000e+00 0.000000000000000000e+00 1.337175170830380566e-01 1.179366653788137265e-01 1.553512601341899488e-02 4.316203493673663460e-02 1.622427561109738084e-02 1.272462805203724012e-01 0.000000000000000000e+00 5.098737704724758818e-02 3.713628268004429155e-04 0.000000000000000000e+00 0.000000000000000000e+00 1.743411742108672002e-02 1.900094062790708485e-02 0.000000000000000000e+00 1.315613700882858894e-01 0.000000000000000000e+00
3.716976719234447307e-02 0.000000000000000000e+00 6.888541068676246742e-03 2.482078608813373388e-01 1.042680249730934539e-02 1.676890658939499679e-01 0.000000000000000000e+00 9.391387696813176256e-02 4.042588956189472477e-02 0.000000000000000000e+00 0.000000000000000000e+00 1.365903401326200306e-01 7.132295343160625911e-02 7.327465228832079173e-03 0.000000000000000000e+00 9.881932729416498251e-02 0.000000000000000000e+00 5.494534103951390601e-03 1.706340891993125483e-02 5.866016682525020121e-02
1.298715562160906306e-02 1.339461830280103682e-01 0.000000000000000000e+00 1.369583614386901405e-01 1.306946921695411323e-01 1.377961502717656717e-01 0.000000000000000000e+00 1.461486831561682222e-02 2.422063306562221088e-02 0.000000000000000000e+00 0.000000000000000000e+00 1.070245712941474553e-01 1.255522756367783051e-02 2.936097022288770494e-02 0.000000000000000000e+00 0.000000000000000000e+00 1.435095198855814436e-01 1.019877645969461018e-02 1.003358446401397819e-01 5.797046023015907899e-03
1.033589644601721862e-02 1.552410898218089808e-01 5.410001844707948773e-03 1.592538494400509708e-01 1.748269701743762339e-01 6.143062986259709840e-02 0.000000000000000000e+00 0.000000000000000000e+00 0.000000000000000000e+00 1.136419970973280985e-01 0.000000000000000000e+00 1.178699017264557142e-01 3.074328567268428281e-03 0.000000000000000000e+00 0.000000000000000000e+00 0.000000000000000000e+00 1.235980385599305398e-01 2.459114298089317210e-02 1.689740392962074331e-02 3.382874954894492248e-02
0.000000000000000000e+00 1.394976068691991256e-01 4.733636031281962531e-03 1.648844686400292858e-02 1.480078773655890967e-01 6.055840095273676282e-02 1.782723317291641865e-02 4.338700516466174190e-02 7.752447309149675114e-02 1.220390713956723827e-01 0.000000000000000000e+00 5.464583893602588394e-02 8.142700013232088280e-03 5.663435644035369476e-02 1.102312436058476425e-01 1.884386956205122724e-03 0.000000000000000000e+00 0.000000000000000000e+00 0.000000000000000000e+00 1.383977231407784170e-01
3.079145709327861871e-02 1.000782573768397160e-01 0.000000000000000000e+00 1.438292712004807794e-01 3.370934038991028631e-03 1.342995266039228308e-01 1.115444312404690122e-02 0.000000000000000000e+00 0.000000000000000000e+00 0.000000000000000000e+00 0.000000000000000000e+00 4.685166873789033820e-02 1.936877775041518646e-01 4.145082148865825850e-02 1.478380620657355204e-01 0.000000000000000000e+00 2.316205214740504545e-02 1.234857286185990916e-01 0.000000000000000000e+00 0.000000000000000000e+00
0.000000000000000000e+00 1.150756554991571451e-01 1.382303621525652433e-03 3.168522735051455819e-02 0.000000000000000000e+00 5.120182109996720965e-02 4.060347093667789065e-02 7.426781661897430276e-02 4.819189455988474174e-02 4.265065640945094917e-03 3.593455226815059963e-03 1.352188587024570066e-01 7.150099883627043795e-02 0.000000000000000000e+00 0.000000000000000000e+00 0.000000000000000000e+00 4.062572518481643441e-02 1.218477016659774426e-01 1.939124538736628975e-02 2.411487596686505697e-01
1.293324611880978213e-02 1.545342770018313105e-01 5.528126395986003062e-03 1.184950475603468480e-02 0.000000000000000000e+00 1.493930534285670964e-01 2.095440783913750729e-02 1.279143049775918230e-02 2.165217137174057505e-01 7.193924532500397921e-03 2.211229633803333747e-02 1.349132268980629268e-01 0.000000000000000000e+00 1.083223597904543617e-01 1.853176104311659439e-02 0.000000000000000000e+00 1.194665957646861010e-01 2.291458199377992538e-03 2.662617678236961320e-03 0.000000000000000000e+00
2.153426014269188213e-02 2.176579348690158566e-01 1.212317364118299379e-01 2.584011049180555686e-01 0.000000000000000000e+00 1.440626631428945092e-01 0.000000000000000000e+00 1.164609196336253115e-02 0.000000000000000000e+00 0.000000000000000000e+00 0.000000000000000000e+00 0.000000000000000000e+00 0.000000000000000000e+00 0.000000000000000000e+00 1.061161789679404832e-01 0.000000000000000000e+00 7.019137729112910618e-02 1.499034488833504881e-02 3.416830740474504496e-02 0.000000000000000000e+00
1.167152859994032357e-02 1.013338448165069516e-01 4.250885988319544513e-03 3.422330042642065390e-02 1.534512553630793530e-01 1.242284101116370998e-01 0.000000000000000000e+00 1.141461233971025058e-01 7.217125725122254531e-02 0.000000000000000000e+00 0.000000000000000000e+00 0.000000000000000000e+00 1.293769455709884407e-02 0.000000000000000000e+00 1.345876010374084386e-01 1.912814843671110238e-02 1.627988413844319235e-02 3.046561532372008170e-03 4.484554048700394729e-02 1.536979638567334550e-01
0.000000000000000000e+00 6.300015204532200160e-03 9.920224277832130622e-03 1.795143972549532452e-01 4.112612593802794647e-02 1.634160221545008784e-01 0.000000000000000000e+00 7.085793281130084442e-02 0.000000000000000000e+00 2.410735619565248025e-02 0.000000000000000000e+00 0.000000000000000000e+00 1.641505943719888116e-01 0.000000000000000000e+00 0.000000000000000000e+00 0.000000000000000000e+00 2.262008120804966105e-02 0.000000000000000000e+00 2.022925135819597653e-01 1.156947370012020443e-01
1.091570916526334450e-01 6.221652935864521727e-02 0.000000000000000000e+00 1.182399420359346413e-02 3.908240057354596397e-02 1.339749137684105584e-01 8.220974409490981738e-03 1.024828944575531392e-01 1.562783796740734032e-01 0.000000000000000000e+00 0.000000000000000000e+00 2.774187261831194753e-02 0.000000000000000000e+00 7.849019400932505386e-02 0.000000000000000000e+00 0.000000000000000000e+00 3.290704266111939974e-02 1.719903603186894933e-02 4.594443579766032543e-02 1.744802407837681979e-01
3.661103451256399188e-03 1.472780619386038735e-02 1.112150610670830687e-02 5.007578690303979285e-03 5.096344295889151770e-03 2.293156204057985800e-02 0.000000000000000000e+00 1.285339515543421351e-01 4.473413879470031218e-02 1.024571490208661118e-01 3.622751264811754999e-03 1.069838890228103634e-01 1.541694282715559416e-01 0.000000000000000000e+00 0.000000000000000000e+00 0.000000000000000000e+00 2.810999266229340446e-02 6.936764568045071478e-04 1.897995164649067257e-01 1.783496057083105435e-01
1.028119096546792561e-03 3.186341884600665114e-02 0.000000000000000000e+00 1.744397378909723004e-02 2.157302317493219601e-01 0.000000000000000000e+00 0.000000000000000000e+00 2.837504175360620537e-02 3.381002068343767070e-02 3.349603351443442012e-02 0.000000000000000000e+00 1.073000513529973748e-01 0.000000000000000000e+00 1.525212889305152253e-01 1.560089251877946892e-01 1.841540610083476984e-02 0.000000000000000000e+00 0.000000000000000000e+00 1.522677015141933946e-02 1.887807188439876993e-01
0.000000000000000000e+00 5.225001746362443154e-03 0.000000000000000000e+00 1.199473796403434031e-03 1.614193295345606738e-01 1.232808954058267625e-02 2.057781021094544707e-02 7.895973022001755159e-02 9.086421498260489199e-03 0.000000000000000000e+00 0.000000000000000000e+00 5.764246004637707532e-02 0.000000000000000000e+00 4.818672286608313704e-02 2.730168686330216796e-02 1.790716890063365554e-02 0.000000000000000000e+00 1.408885483478480027e-01 1.843771993092765682e-01 2.349003571193467310e-01
4.169021125132012229e-02 2.640396930565026001e-01 2.316205243361249121e-03 2.374428454360971025e-02 0.000000000000000000e+00 0.000000000000000000e+00 4.064427109544434084e-03 1.235948592483364222e-01 0.000000000000000000e+00 3.486238933568028883e-03 3.916406550831476774e-04 1.766694013886111470e-01 1.556069611318312007e-01 0.000000000000000000e+00 3.612737948938010007e-02 0.000000000000000000e+00 0.000000000000000000e+00 0.000000000000000000e+00 0.000000000000000000e+00 1.682686979488518808e-01
3.251965013326510445e-02 1.242469689852446768e-01 1.586827059488618314e-03 2.845681856858480741e-01 0.000000000000000000e+00 1.913232238077863107e-02 0.000000000000000000e+00 1.324853187206088100e-02 4.440703968717530509e-02 1.116836566765259768e-02 0.000000000000000000e+00 1.677550070824236073e-01 1.830390176596377941e-02 1.362573336783863553e-02 1.994499306190784425e-04 8.143491881002035138e-02 0.000000000000000000e+00 2.000755814605368124e-02 1.677955394255669364e-01 0.000000000000000000e+00
1.147417889991065865e-01 4.044204736149762530e-02 1.284150452327683300e-03 2.573940397664288213e-02 2.143003356771175372e-01 4.544964427740994656e-02 0.000000000000000000e+00 6.709169346701834846e-02 4.454656276599729819e-02 0.000000000000000000e+00 0.000000000000000000e+00 1.266495364339170759e-01 1.909232479580151229e-02 0.000000000000000000e+00 0.000000000000000000e+00 3.950091527992415086e-02 0.000000000000000000e+00 0.000000000000000000e+00 1.884650528622894283e-01 7.269654365094989357e-02
7.606045750515189573e-03 1.458728169101867478e-01 9.769274245732698092e-02 4.286840963109229963e-02 8.071600446899138137e-02 1.395977831367114508e-01 1.652032533867490299e-02 7.680666429006821616e-02 0.000000000000000000e+00 0.000000000000000000e+00 0.000000000000000000e+00 0.000000000000000000e+00 0.000000000000000000e+00 9.635475132751897265e-02 0.000000000000000000e+00 8.559056972005692210e-02 0.000000000000000000e+00 1.582110917352992467e-03 1.634466975832170321e-01 4.534507846828688543e-02
3.604053389477106933e-02 4.203067254055195545e-02 0.000000000000000000e+00 6.439534195362205116e-02 5.948750377707917071e-03 0.000000000000000000e+00 1.606901173377624226e-01 2.804101558007809913e-02 0.000000000000000000e+00 0.000000000000000000e+00 0.000000000000000000e+00 0.000000000000000000e+00 8.754944368464993854e-02 1.325247924767357366e-01 4.681521100292462823e-02 1.526966892311616142e-01 2.144107458022738097e-02 6.646360524035118712e-03 3.872428826534063395e-02 1.764557085504315226e-01
0.000000000000000000e+00 1.236011942936640490e-01 1.715472091858895320e-02 2.100141862228380729e-01 0.000000000000000000e+00 0.000000000000000000e+00 0.000000000000000000e+00 0.000000000000000000e+00 1.954410817208150353e-01 0.000000000000000000e+00 3.320921441489291942e-02 1.677502785121534612e-01 4.417596459467967168e-02 1.129335756929570472e-02 5.673910786613278745e-03 0.000000000000000000e+00 1.407182567844466881e-01 1.941405078203914392e-02 2.763391656152839465e-02 3.919866838444661938e-03
4.199838033937552256e-02 1.283724220082705647e-01 0.000000000000000000e+00 1.677170147462377081e-01 1.911832838925487180e-02 1.415421568524026230e-01 0.000000000000000000e+00 1.444652324565499080e-01 3.109040226483458791e-02 0.000000000000000000e+00 0.000000000000000000e+00 0.000000000000000000e+00 0.000000000000000000e+00 0.000000000000000000e+00 1.036812344981096062e-01 0.000000000000000000e+00 1.005973617102957768e-01 8.340488357472811143e-02 3.801258315994041764e-02 0.000000000000000000e+00
0.000000000000000000e+00 1.248574620936817592e-01 0.000000000000000000e+00 1.276983209669617647e-01 0.000000000000000000e+00 1.397370349592247374e-01 3.194589085408548051e-02 5.696933685209144838e-02 1.806460075809828703e-01 0.000000000000000000e+00 0.000000000000000000e+00 5.243292137896549826e-02 6.410735573767017970e-02 0.000000000000000000e+00 0.000000000000000000e+00 0.000000000000000000e+00 0.000000000000000000e+00 0.000000000000000000e+00 1.915395164781473758e-01 3.006615309818894480e-02
0.000000000000000000e+00 8.492331868196571765e-02 0.000000000000000000e+00 1.036026457291703206e-03 5.499910426226927232e-03 1.242203639914881558e-01 1.881739920335755503e-02 1.029709765107224562e-01 1.546528460420320550e-01 0.000000000000000000e+00 0.000000000000000000e+00 1.456710013697931627e-01 4.197317532893732328e-02 2.595422055799564282e-02 2.239077077650036829e-02 6.263708233905132018e-03 3.020711105588410467e-02 1.548949274803469028e-02 6.573319719296892572e-02 1.541964814228960201e-01
8.572623915308295872e-04 1.627114916768578889e-01 4.048474804176434468e-03 2.746543380446129778e-01 1.536901576616672103e-05 6.668816996576698575e-02 1.733200296086918196e-02 0.000000000000000000e+00 0.000000000000000000e+00 0.000000000000000000e+00 0.000000000000000000e+00 1.553167622015244886e-01 9.243346349338260950e-03 4.099759482206069561e-02 1.590106001042093653e-01 1.740477062492769462e-03 0.000000000000000000e+00 0.000000000000000000e+00 9.388756315684876341e-02 1.349654744394530523e-02
0.000000000000000000e+00 2.491445096564597755e-02 1.078592380414553215e-01 2.014158930174321169e-02 7.459982600986196644e-02 4.913261290105035151e-02 0.000000000000000000e+00 9.233016782705824599e-02 0.000000000000000000e+00 0.000000000000000000e+00 5.108882430668912344e-03 2.264496187765890622e-01 6.833678281828242662e-02 1.778010454308398894e-02 3.537640171014360541e-02 2.448503497349606255e-03 8.443071867042770129e-02 1.106828913671261717e-02 3.890226947165097322e-03 1.761325864227618609e-01
0.000000000000000000e+00 1.222746563995227437e-01 0.000000000000000000e+00 3.270875792838771889e-02 0.000000000000000000e+00 4.538003934866410849e-02 0.000000000000000000e+00 1.936179016016253756e-04 2.041418881219723147e-01 0.000000000000000000e+00 0.000000000000000000e+00 1.509119202541849836e-01 0.000000000000000000e+00 1.144246750985548067e-01 2.117106965774885087e-03 0.000000000000000000e+00 7.055953441176466461e-04 0.000000000000000000e+00 1.701885208772179470e-01 1.569532217600012325e-01
0.000000000000000000e+00 1.153716801583070661e-01 0.000000000000000000e+00 0.000000000000000000e+00 4.375900046397354116e-03 4.231725406111064985e-02 0.000000000000000000e+00 1.655043167492342426e-01 2.134487547597138102e-01 6.447879888197505238e-03 0.000000000000000000e+00 1.490611775880605894e-01 0.000000000000000000e+00 0.000000000000000000e+00 6.208697990640900909e-04 1.001171623209864553e-01 0.000000000000000000e+00 1.476276467951862133e-02 1.879722399494094809e-01 0.000000000000000000e+00
1.441487663851442613e-01 5.672020786171964174e-02 7.577130907523608409e-04 5.202665294513484501e-02 3.853578602466795067e-02 1.701857816926042599e-01 0.000000000000000000e+00 0.000000000000000000e+00 1.539996943870730779e-02 2.150747601690331315e-02 2.723348883444755720e-03 1.341147766236138739e-01 1.694091426531368627e-01 0.000000000000000000e+00 3.027721992906742213e-03 1.066959240542258124e-03 0.000000000000000000e+00 0.000000000000000000e+00 5.647745918850995139e-02 1.338982379622114804e-01
0.000000000000000000e+00 1.342517745437036836e-01 0.000000000000000000e+00 2.684508262971886661e-02 2.807768829925416654e-02 1.498377222881078497e-01 8.484180018764317377e-02 3.964445907299113912e-03 1.931754123354079145e-01 0.000000000000000000e+00 1.178934444026661157e-02 0.000000000000000000e+00 0.000000000000000000e+00 0.000000000000000000e+00 0.000000000000000000e+00 0.000000000000000000e+00 0.000000000000000000e+00 2.926464557987364448e-02 1.758018086390420176e-01 1.621502751496829708e-01
4.434630604934285819e-02 0.000000000000000000e+00 3.022285382474248355e-02 1.303422809836274898e-01 9.633288739412300752e-03 2.372294138927150409e-01 0.000000000000000000e+00 4.967794772353212318e-02 6.736507626415828842e-02 8.036045470157546916e-03 1.006897060743481946e-02 1.251270124443269738e-01 0.000000000000000000e+00 5.813540697031302495e-02 0.000000000000000000e+00 2.066971087660737197e-04 1.658155703815540061e-01 0.000000000000000000e+00 5.266077404512994192e-02 1.113235549478714878e-02
1.988183273381236710e-02 0.000000000000000000e+00 1.583025517872989341e-03 4.002215652678286356e-02 0.000000000000000000e+00 5.106752232517532825e-02 1.173180400726113112e-02 1.513335284103425882e-01 2.954119025790845621e-01 0.000000000000000000e+00 5.279739691191540941e-03 0.000000000000000000e+00 8.970003462292210853e-04 0.000000000000000000e+00 1.693270867162192106e-01 1.879529815847040888e-02 0.000000000000000000e+00 0.000000000000000000e+00 4.914793773146913444e-03 2.297543092144108678e-01
0.000000000000000000e+00 1.708881242632335207e-01 0.000000000000000000e+00 2.150182828967481512e-03 1.325133595446998658e-01 2.267960257238144442e-02 0.000000000000000000e+00 1.150064557985624736e-01 2.021712556702475252e-02 3.050566653068832040e-02 3.787094814075643232e-03 1.777328651533968129e-01 0.000000000000000000e+00 0.000000000000000000e+00 0.000000000000000000e+00 0.000000000000000000e+00 0.000000000000000000e+00 0.000000000000000000e+00 1.660915253157767557e-01 1.584279976111929999e-01
0.000000000000000000e+00 0.000000000000000000e+00 0.000000000000000000e+00 3.844906667595878683e-03 3.444030384812630380e-02 1.556952319015290076e-01 0.000000000000000000e+00 3.057508729924870994e-02 2.525097902395864735e-01 0.000000000000000000e+00 0.000000000000000000e+00 0.000000000000000000e+00 0.000000000000000000e+00 9.236316508320992213e-02 1.575170893085210341e-02 0.000000000000000000e+00 0.000000000000000000e+00 0.000000000000000000e+00 2.102134198971099543e-01 2.046063861327415689e-01
2.589140291435256327e-03 1.398588377781063430e-01 5.106252563954281204e-03 4.367587853829179440e-02 1.434744606294912073e-01 2.523004734303892910e-02 0.000000000000000000e+00 0.000000000000000000e+00 1.057636151311036263e-02 0.000000000000000000e+00 0.000000000000000000e+00 1.042429232495224560e-02 3.385027210883271437e-02 0.000000000000000000e+00 0.000000000000000000e+00 0.000000000000000000e+00 3.655718079008518986e-03 1.845533163973112900e-01 1.707912656929511108e-01 2.262141567395159480e-01
4.985865500372508446e-02 4.748932390399939613e-02 0.000000000000000000e+00 1.603334247637062671e-01 2.292116699176892369e-02 1.470812541684085595e-01 7.167631992594353761e-03 1.436588624397607677e-02 0.000000000000000000e+00 0.000000000000000000e+00 0.000000000000000000e+00 5.048567192032438894e-02 1.531126468948224278e-03 1.262565808004983275e-02 1.489751937885242794e-01 7.498028851786983293e-03 3.559001668442842575e-02 0.000000000000000000e+00 5.188622585801390408e-02 2.421907352797451896e-01
1.250515087102594125e-01 2.089951060089466350e-01 1.529818245052706194e-01 7.205648227994935692e-03 2.631249712862031992e-02 1.436121745736685940e-01 0.000000000000000000e+00 0.000000000000000000e+00 2.431672351529708120e-02 0.000000000000000000e+00 0.000000000000000000e+00 3.462178383887738048e-02 0.000000000000000000e+00 0.000000000000000000e+00 0.000000000000000000e+00 9.805394372834615180e-02 1.285943193900974946e-01 7.192326754227693943e-03 2.298973814931868850e-02 2.007240546907492623e-02
2.774227809731260978e-03 2.214177445334902100e-02 2.444160144389737402e-02 0.000000000000000000e+00 1.548643356052299414e-01 0.000000000000000000e+00 3.651660443904072070e-03 2.848666852700791272e-02 8.519234646889559115e-02 0.000000000000000000e+00 0.000000000000000000e+00 3.714292551310641871e-02 1.140601215216777500e-02 9.800398040889364559e-02 4.165424003587515737e-03 1.635509434122104158e-02 0.000000000000000000e+00 1.460079881725624140e-01 1.888226653862934701e-01 1.765432952701525005e-01
0.000000000000000000e+00 1.313684689914780546e-01 1.789377940340787163e-02 1.121036315609501566e-01 2.017136835677085793e-02 1.105432934673844236e-01 5.308770725468585361e-02 3.671925811320322919e-02 3.349624692290187333e-02 0.000000000000000000e+00 0.000000000000000000e+00 1.181401585360160461e-01 8.754593491399099980e-02 2.917779172858526657e-02 0.000000000000000000e+00 0.000000000000000000e+00 1.452880311758458221e-01 0.000000000000000000e+00 4.635975544806914678e-02 5.810457412671025945e-02
0.000000000000000000e+00 1.583450147805485486e-01 2.291164227981550006e-02 5.700669209700252177e-02 1.458478846583388111e-01 1.228698309773978564e-01 7.727168530363029419e-02 5.440579251432281320e-03 2.951442709750173865e-02 0.000000000000000000e+00 0.000000000000000000e+00 2.075229186814766830e-03 4.643340223208409362e-03 2.628376201422625777e-02 0.000000000000000000e+00 0.000000000000000000e+00 2.304779769285325835e-03 1.588855256864487309e-01 1.865996066743489668e-01 0.000000000000000000e+00
