0.000000000000000000e+00 8.019809724781638491e-03 3.723789138955640315e-02 2.669746889518110830e-03 3.420336595359884171e-03 0.000000000000000000e+00 0.000000000000000000e+00 2.033369084072919331e-01 5.836388344693486246e-02 0.000000000000000000e+00 6.273022138893977542e-03 1.526155509280318345e-01 8.445678222765661686e-03 1.740606866730174881e-02 1.423070919510064092e-01 9.137920403888351306e-02 1.895198775486825124e-02 0.000000000000000000e+00 4.634296780619894668e-03 4.070121528795076090e-04 4.814193623054498217e-03 0.000000000000000000e+00 0.000000000000000000e+00 4.669563228836760838e-02 1.930216849998842576e-01
8.003570640555032756e-02 3.412774332682829564e-02 3.446469377756115893e-02 0.000000000000000000e+00 1.208496378345481903e-02 6.516867220512854997e-02 1.445484695468965963e-01 1.477948690859056669e-01 2.571524868348314466e-02 3.140149106878713237e-02 0.000000000000000000e+00 1.793622797276179723e-02 0.000000000000000000e+00 1.879536605123249479e-02 0.000000000000000000e+00 1.891453691800899090e-02 4.418356796026355615e-02 0.000000000000000000e+00 0.000000000000000000e+00 0.000000000000000000e+00 0.000000000000000000e+00 0.000000000000000000e+00 1.718619775027309046e-03 1.733536184418973947e-01 1.497562049972128162e-01
1.252367433640208527e-01 1.343623077101377961e-01 0.000000000000000000e+00 0.000000000000000000e+00 0.000000000000000000e+00 0.000000000000000000e+00 6.949604415052877682e-02 5.601989136322572949e-02 0.000000000000000000e+00 1.230227057596301188e-01 0.000000000000000000e+00 0.000000000000000000e+00 0.000000000000000000e+00 0.000000000000000000e+00 1.035087960350525027e-01 0.000000000000000000e+00 6.114810457494327528e-02 4.050254514849053328e-02 0.000000000000000000e+00 0.000000000000000000e+00 1.316519041811480273e-01 0.000000000000000000e+00 0.000000000000000000e+00 1.152547398002849999e-01 3.979621791253714486e-02
1.782817548593951598e-02 1.541666655631500904e-01 1.478616852620862065e-01 1.334299891380896254e-02 1.927869693497029635e-01 0.000000000000000000e+00 2.463480737076991444e-04 0.000000000000000000e+00 7.374608376820015673e-04 0.000000000000000000e+00 0.000000000000000000e+00 2.723060534149681494e-02 0.000000000000000000e+00 0.000000000000000000e+00 0.000000000000000000e+00 0.000000000000000000e+00 0.000000000000000000e+00 0.000000000000000000e+00 0.000000000000000000e+00 3.926157401700588155e-03 1.415567206351628915e-01 6.874373631444205546e-02 2.338034000443297775e-02 2.081921368166873010e-01 0.000000000000000000e+00
0.000000000000000000e+00 9.044201147920649664e-03 2.977227985482082395e-02 0.000000000000000000e+00 0.000000000000000000e+00 0.000000000000000000e+00 1.341720223260456091e-01 1.609867881958053637e-01 1.061861567690945349e-03 5.200172926568359666e-02 0.000000000000000000e+00 7.181527285322827914e-02 0.000000000000000000e+00 0.000000000000000000e+00 1.709256939508867548e-02 4.886139648797313551e-02 8.931260161283360866e-02 0.000000000000000000e+00 0.000000000000000000e+00 0.000000000000000000e+00 0.000000000000000000e+00 1.242050085432452738e-01 5.796725491536866559e-02 2.037070138342953751e-01 0.000000000000000000e+00
0.000000000000000000e+00 7.328487968389179458e-03 1.045453630522576727e-01 3.179166502158466828e-02 0.000000000000000000e+00 0.000000000000000000e+00 1.513337582930584513e-01 7.839894410818573633e-02 1.480715520130697262e-03 1.942464746088302940e-02 0.000000000000000000e+00 0.000000000000000000e+00 0.000000000000000000e+00 0.000000000000000000e+00 2.316454730401803011e-02 8.126941393001829717e-02 2.048619455989506011e-02 0.000000000000000000e+00 0.000000000000000000e+00 1.171212597651243850e-03 0.000000000000000000e+00 3.668720108461994561e-02 2.532482421051918120e-01 1.739891149035973084e-01 1.568049209051892295e-02
1.944667170393392930e-01 7.153503572100355923e-02 1.295343028916677228e-03 0.000000000000000000e+00 1.564011602887462327e-01 0.000000000000000000e+00 1.628641647591861849e-02 1.432283760177656962e-01 0.000000000000000000e+00 4.299657420380760715e-03 0.000000000000000000e+00 0.000000000000000000e+00 0.000000000000000000e+00 0.000000000000000000e+00 1.341390992752633689e-02 0.000000000000000000e+00 1.467768719251602572e-01 0.000000000000000000e+00 1.727709449101681727e-01 2.199809609805654029e-02 0.000000000000000000e+00 0.000000000000000000e+00 0.000000000000000000e+00 0.000000000000000000e+00 5.752747114701797781e-02
0.000000000000000000e+00 3.603961619555727178e-03 1.331097154724980303e-01 4.462367523231763541e-03 2.465143165082492316e-03 0.000000000000000000e+00 0.000000000000000000e+00 1.967118871921747780e-01 7.855402292325616709e-02 1.172348244235178749e-01 0.000000000000000000e+00 1.363660502559837229e-01 0.000000000000000000e+00 0.000000000000000000e+00 3.857427009424986564e-02 0.000000000000000000e+00 0.000000000000000000e+00 1.271996937749656810e-02 7.661355271362372578e-04 0.000000000000000000e+00 0.000000000000000000e+00 1.543322426687913362e-01 1.492973638705668606e-02 7.936175611873032276e-02 2.680791725123841257e-02
0.000000000000000000e+00 1.728642528024122368e-02 1.084028445512335431e-01 0.000000000000000000e+00 1.537761977683870483e-02 0.000000000000000000e+00 0.000000000000000000e+00 1.541431893196815450e-01 0.000000000000000000e+00 2.796897000446761303e-02 0.000000000000000000e+00 1.953622601786158819e-01 5.284459261064695240e-02 0.000000000000000000e+00 2.958973553904666737e-02 0.000000000000000000e+00 1.808055095034210571e-03 8.527934108977221206e-02 0.000000000000000000e+00 6.456490375430296719e-03 0.000000000000000000e+00 1.234743214055806365e-01 1.729382712900074878e-02 1.424707683562105309e-01 2.224155928819911837e-02
2.980094150677675344e-02 0.000000000000000000e+00 1.484063079868165082e-02 4.726981060766124662e-03 1.451171201194254023e-02 5.868108141905837259e-03 1.649672229085694664e-01 0.000000000000000000e+00 4.976698560268668498e-02 3.035260026885520240e-02 0.000000000000000000e+00 1.046086310440505311e-02 2.357287871860367853e-02 0.000000000000000000e+00 7.858907405691963055e-02 8.321786280781673373e-02 0.000000000000000000e+00 0.000000000000000000e+00 1.309033946803266936e-02 0.000000000000000000e+00 0.000000000000000000e+00 0.000000000000000000e+00 1.491335251302302045e-01 1.711999848097116028e-01 1.559002896040962427e-01
0.000000000000000000e+00 9.927701595301358095e-02 1.270991921580597039e-01 2.977621313649524495e-03 5.935341094815782537e-02 0.000000000000000000e+00 4.665592589807415064e-02 1.048103036941852167e-01 0.000000000000000000e+00 0.000000000000000000e+00 0.000000000000000000e+00 1.268921694032111580e-01 1.266394827614109042e-01 0.000000000000000000e+00 4.971960976062119592e-02 0.000000000000000000e+00 0.000000000000000000e+00 0.000000000000000000e+00 1.071879319653862572e-01 0.000000000000000000e+00 0.000000000000000000e+00 4.422257158453935660e-02 6.846681140271398958e-02 2.407473949971351487e-02 1.262321365726357288e-02
6.629717912409216138e-03 0.000000000000000000e+00 1.182091510952609920e-01 1.782257621943716605e-02 1.383281706321676796e-01 0.000000000000000000e+00 1.404663259859373903e-01 1.363076513686676539e-01 0.000000000000000000e+00 2.605191589528321403e-02 1.229486630418949455e-02 0.000000000000000000e+00 0.000000000000000000e+00 1.285169251413260938e-02 6.162413107125265521e-02 0.000000000000000000e+00 5.770805283379772804e-02 0.000000000000000000e+00 1.254831146891400018e-01 3.157010511578990132e-03 0.000000000000000000e+00 8.877845833177910873e-02 0.000000000000000000e+00 1.169978111601426354e-02 4.258738351895174912e-02
0.000000000000000000e+00 0.000000000000000000e+00 2.041678570815429195e-01 7.028105067102070891e-02 0.000000000000000000e+00 9.826946488851158804e-03 1.432761452725075657e-01 1.579148770846142136e-02 2.578726551035193972e-03 4.060458024044448500e-02 0.000000000000000000e+00 0.000000000000000000e+00 3.691421577488551709e-02 0.000000000000000000e+00 1.219239712951512705e-01 1.926277437763218928e-02 0.000000000000000000e+00 3.836367682445836896e-02 3.836343090136586087e-02 0.000000000000000000e+00 1.125896523521455472e-01 1.013022943327334530e-02 0.000000000000000000e+00 2.656022125472193296e-02 1.093650337725026039e-01
2.370725976461551462e-02 9.678851103413770030e-02 0.000000000000000000e+00 1.120329363200870260e-01 1.100952328543769732e-01 0.000000000000000000e+00 3.827306795138102000e-04 8.142152804579458336e-02 0.000000000000000000e+00 1.002892050593841428e-01 0.000000000000000000e+00 0.000000000000000000e+00 0.000000000000000000e+00 4.885444556146975766e-03 5.749252913511312653e-04 0.000000000000000000e+00 2.711247837645179757e-05 1.163339559780142696e-01 6.061662347008504176e-02 0.000000000000000000e+00 0.000000000000000000e+00 0.000000000000000000e+00 1.105998084664034861e-02 6.064231856717777064e-02 2.211422350542982806e-01
0.000000000000000000e+00 9.360515549306509808e-02 1.159534788619445006e-01 0.000000000000000000e+00 5.180797696649061534e-02 0.000000000000000000e+00 1.419424205056551242e-03 2.769485347933613520e-02 0.000000000000000000e+00 3.997131324215698334e-02 0.000000000000000000e+00 1.565122951482214864e-01 0.000000000000000000e+00 1.202571685606141499e-02 1.002858457663814012e-01 0.000000000000000000e+00 1.662756684251314593e-02 0.000000000000000000e+00 1.871520928869850608e-03 0.000000000000000000e+00 0.000000000000000000e+00 1.330172853997734495e-01 0.000000000000000000e+00 1.634917295868880127e-01 8.571583722324134513e-02
0.000000000000000000e+00 6.109438412919984684e-03 2.834953625613147871e-02 0.000000000000000000e+00 0.000000000000000000e+00 3.259121401255339525e-03 1.679983155223057356e-01 3.648745297803148574e-02 2.431647993382811748e-02 7.504704457690518360e-02 0.000000000000000000e+00 7.573442085886787634e-02 3.376704256995175044e-03 1.916764557579602596e-02 4.049770200797558201e-02 0.000000000000000000e+00 0.000000000000000000e+00 0.000000000000000000e+00 0.000000000000000000e+00 0.000000000000000000e+00 0.000000000000000000e+00 1.579091227815605236e-01 1.662332081040471254e-01 1.786245137302884534e-01 1.688929360309193023e-02
4.498046381276427086e-02 1.095247175467664730e-01 1.029883646831114899e-02 2.837324998069736676e-02 6.474478896178531562e-02 0.000000000000000000e+00 1.034003627845472666e-02 1.773211477468923380e-01 2.432355900601590026e-03 6.757276472729459305e-02 0.000000000000000000e+00 0.000000000000000000e+00 0.000000000000000000e+00 0.000000000000000000e+00 1.762017367738933152e-02 0.000000000000000000e+00 6.886204321377652204e-02 3.629763599559666931e-02 1.413536409039482244e-01 0.000000000000000000e+00 0.000000000000000000e+00 1.421816708925526807e-01 2.027536822001381467e-02 4.798687779660489039e-02 9.834227876549965497e-03
0.000000000000000000e+00 1.035116853817026755e-01 1.071657695310247876e-01 1.103266142701142365e-02 2.830153210356308943e-02 0.000000000000000000e+00 5.060674037094212152e-02 1.395470287404086129e-01 0.000000000000000000e+00 7.844502367658412120e-03 3.887988010376901369e-03 6.893966508563771634e-02 0.000000000000000000e+00 0.000000000000000000e+00 5.778102531405224923e-02 0.000000000000000000e+00 1.250485479531310024e-03 0.000000000000000000e+00 1.384983993408487601e-01 8.437713254143287475e-03 0.000000000000000000e+00 2.178299154069606447e-01 1.394527849844346204e-02 0.000000000000000000e+00 4.141960968769455020e-02
0.000000000000000000e+00 3.386101018893909742e-02 1.568315618697601610e-01 0.000000000000000000e+00 7.978882959722972609e-03 0.000000000000000000e+00 1.594075417523100335e-01 4.611056523066061480e-02 1.343225247000315314e-02 1.451268581030476790e-01 0.000000000000000000e+00 7.047011511754447399e-02 0.000000000000000000e+00 5.991935623292708561e-03 1.342411701404390700e-01 0.000000000000000000e+00 0.000000000000000000e+00 0.000000000000000000e+00 3.765046771053623051e-03 0.000000000000000000e+00 0.000000000000000000e+00 0.000000000000000000e+00 0.000000000000000000e+00 4.340461350992681072e-02 1.793784462632995180e-01
0.000000000000000000e+00 0.000000000000000000e+00 1.442311123599416267e-01 1.372426522527407933e-01 6.432107054947836487e-03 0.000000000000000000e+00 0.000000000000000000e+00 7.853018705354425366e-02 2.656060684654603862e-02 1.718411192429503132e-01 0.000000000000000000e+00 2.362327544395708637e-03 0.000000000000000000e+00 1.977914380170573620e-04 1.405186342205739791e-01 1.855820891658982452e-02 0.000000000000000000e+00 1.250646924519334229e-02 0.000000000000000000e+00 5.351040387789665620e-02 0.000000000000000000e+00 0.000000000000000000e+00 0.000000000000000000e+00 1.899797021262588856e-02 1.885104097340366547e-01
1.283718957106203540e-01 1.012536001332069342e-02 0.000000000000000000e+00 7.344212419968937366e-03 5.216112312447284544e-02 0.000000000000000000e+00 3.206948603453049947e-03 1.951364007163642889e-01 6.830369673163108569e-04 1.138282045682555560e-01 0.000000000000000000e+00 1.678993964736590072e-02 2.696581033831588117e-03 0.000000000000000000e+00 1.366704775049830123e-01 0.000000000000000000e+00 1.632032799457175665e-01 1.416456610918317418e-03 2.072690436726582625e-02 1.937591981708250075e-03 0.000000000000000000e+00 1.457015867844374812e-01 0.000000000000000000e+00 0.000000000000000000e+00 0.000000000000000000e+00
0.000000000000000000e+00 1.572757250516611596e-02 2.095276900597704550e-01 1.645540090122900589e-01 3.583080875931688065e-03 0.000000000000000000e+00 1.332844694446144451e-01 0.000000000000000000e+00 1.523448119607233829e-02 1.144071808382408732e-02 0.000000000000000000e+00 3.167921128485294557e-02 1.914388550062511105e-03 0.000000000000000000e+00 3.283466262808005468e-03 0.000000000000000000e+00 0.000000000000000000e+00 1.486723842922877681e-01 0.000000000000000000e+00 0.000000000000000000e+00 0.000000000000000000e+00 3.711181016408360289e-02 0.000000000000000000e+00 5.142636763655094451e-02 1.725603506316849001e-01
1.025713512856207960e-01 2.770910064203194884e-02 6.752116354700568590e-02 0.000000000000000000e+00 0.000000000000000000e+00 0.000000000000000000e+00 1.838386084773539764e-01 6.400452548483162585e-02 9.409295730202871244e-02 6.847869419160812097e-04 0.000000000000000000e+00 7.188151610781763970e-03 2.707840518113780945e-02 0.000000000000000000e+00 2.076943511860133984e-01 0.000000000000000000e+00 4.634341139691014466e-02 0.000000000000000000e+00 2.209526255105389789e-03 0.000000000000000000e+00 0.000000000000000000e+00 1.740513776767574697e-02 0.000000000000000000e+00 1.516585229215868802e-01 0.000000000000000000e+00
0.000000000000000000e+00 1.980877071941094039e-02 1.742827874807688637e-01 4.330096077620712342e-04 1.370887356970195044e-02 0.000000000000000000e+00 1.653173702471316397e-01 4.761689745537661667e-02 1.715872456829726708e-02 1.528877456797546608e-01 0.000000000000000000e+00 0.000000000000000000e+00 1.476115119055352231e-03 2.391184467028634186e-02 0.000000000000000000e+00 0.000000000000000000e+00 0.000000000000000000e+00 0.000000000000000000e+00 1.494659360316696051e-01 1.787839405630099049e-02 0.000000000000000000e+00 1.491853207158614636e-01 0.000000000000000000e+00 5.706444224064063930e-02 9.803767837981473832e-03
0.000000000000000000e+00 1.637613554088961434e-02 1.567521183606776225e-01 0.000000000000000000e+00 7.606756747948117958e-02 0.000000000000000000e+00 0.000000000000000000e+00 0.000000000000000000e+00 0.000000000000000000e+00 1.516592856654988275e-01 0.000000000000000000e+00 1.870524252216129446e-01 2.887619483966344380e-02 3.170852528208184529e-02 1.594737436938113428e-01 0.000000000000000000e+00 0.000000000000000000e+00 7.865393191880485496e-03 0.000000000000000000e+00 0.000000000000000000e+00 0.000000000000000000e+00 0.000000000000000000e+00 3.881188885316996730e-04 0.000000000000000000e+00 1.837804918358710293e-01
