9.263723379818903508e-03 1.651416358466931383e-04 9.365555811229551650e-03 1.856882328275617430e-03 5.300357850640498303e-02 7.134664987547020831e-02 9.054955218987147808e-03 3.971899548459525281e-02 3.289321629342198579e-03 5.088449241141991888e-03 0.000000000000000000e+00 5.502058663523811538e-02 1.656981119607694054e-03 1.452242775393721985e-01 1.652782980580664307e-01 0.000000000000000000e+00 2.449748398569991450e-02 2.495448744242170086e-02 2.044935170912352135e-02 2.268760962356855884e-02 1.046443024116515061e-02 2.812449269397592974e-02 7.178563200119462973e-02 9.706152027266136406e-02 1.306415955667921402e-01
6.891786472961798637e-02 1.539930222237546019e-02 2.030874093753016335e-02 5.436899258469566308e-03 7.276549494299750648e-03 3.676582679977798140e-02 1.504166300223799086e-03 7.499982007514208529e-03 2.885097097337490507e-02 0.000000000000000000e+00 0.000000000000000000e+00 1.346157601065364404e-02 5.514071749332892514e-02 3.181341134319411179e-02 1.494472109825465134e-01 1.043390005100981038e-01 1.755062024156824399e-02 2.350015810225485231e-03 0.000000000000000000e+00 1.688278092625961416e-02 0.000000000000000000e+00 0.000000000000000000e+00 1.458261377344880483e-01 1.412205950711429570e-01 1.300076311533106821e-01
1.154912916847184445e-01 9.360429459330323054e-02 3.837130815310237780e-02 1.191984119011727239e-01 9.647225172619629252e-03 7.111070732495056168e-02 8.713349543609164027e-02 5.127719414967387562e-02 0.000000000000000000e+00 0.000000000000000000e+00 6.772565517919229561e-03 3.729880779368753216e-03 0.000000000000000000e+00 2.003242372069520289e-03 1.033384494666884368e-01 1.160592927747156472e-01 2.377147027542289917e-02 6.901318081071809718e-02 8.841315889836632094e-03 1.667061960732431347e-02 0.000000000000000000e+00 0.000000000000000000e+00 2.065101969338106400e-02 4.331503439692294816e-02 0.000000000000000000e+00
9.681489527183297084e-02 0.000000000000000000e+00 6.454919058693499301e-02 2.693895123368776536e-03 3.434816429267103783e-04 4.462568885826536519e-02 2.491619666396575547e-02 1.245786404763690042e-01 1.413856531169947230e-02 2.049496976154010358e-02 0.000000000000000000e+00 7.326185456512509901e-03 0.000000000000000000e+00 2.503592535539034356e-03 1.800143825417821822e-02 0.000000000000000000e+00 4.803571125072808416e-03 5.015308539120515857e-02 9.654967354399834889e-02 3.224591047012375505e-02 0.000000000000000000e+00 0.000000000000000000e+00 1.159229319980902007e-01 1.428255696619611104e-01 1.365125178664156336e-01
1.089241316195517810e-04 6.956351740234410774e-02 9.204139882353502833e-02 1.353255627709615662e-03 1.260694299083762737e-01 7.399354013123385539e-03 1.736387399520215521e-02 2.550501892706982104e-02 6.784651513553713320e-02 1.432537008157724542e-02 0.000000000000000000e+00 0.000000000000000000e+00 3.459829773848829837e-02 1.138640049940942839e-02 1.598416385004917117e-01 0.000000000000000000e+00 2.854903441081114990e-02 1.464475344460675239e-02 0.000000000000000000e+00 0.000000000000000000e+00 5.567862104604609941e-04 4.797019660866707474e-02 2.637766665798342222e-02 2.110006193494038673e-01 4.349794853358340124e-02
1.560967086967024742e-01 8.354590686270457409e-03 2.181170608541093455e-03 3.144624158710996459e-02 8.344039816075338525e-03 1.020077007934343076e-02 1.189979102199988509e-01 1.821787277139699096e-02 3.908727942723020168e-03 2.572550012089797641e-04 0.000000000000000000e+00 7.330194905087316672e-03 1.137596638072565711e-02 6.406518769509592093e-02 3.903559490782004815e-02 1.224336856858153216e-01 2.173547848840602648e-02 4.677261070016264233e-02 9.620037072767316511e-02 7.822684689562434818e-03 2.065101965323843866e-02 0.000000000000000000e+00 2.898411090953412553e-02 4.780439354030844613e-03 1.708073684934773573e-01
1.672725604516961395e-02 0.000000000000000000e+00 0.000000000000000000e+00 2.516219935433177540e-02 1.659197311903461425e-01 9.454912937505575987e-03 5.439184898153164027e-02 9.508667508795895507e-02 1.869747484797169151e-02 9.265311407080091891e-03 6.460863156667421073e-03 6.974981105336276049e-03 8.530990064296646580e-03 0.000000000000000000e+00 1.349693401288896699e-01 3.308890683491780282e-02 0.000000000000000000e+00 2.861547278391914431e-02 1.625888067026135253e-01 2.796669522721356108e-03 0.000000000000000000e+00 9.255787963433469157e-02 2.381806945923672578e-02 2.705973579921759978e-02 7.783287495595363203e-02
9.358459830535953428e-02 8.314025684627628088e-02 1.266257101355674000e-02 0.000000000000000000e+00 6.056285330423689071e-03 4.916222013022044507e-02 1.871397486106561245e-02 2.882678571070073237e-03 8.913099962174580960e-04 3.325519018308861069e-02 0.000000000000000000e+00 2.716239255341887458e-03 1.563094991395391417e-02 3.063066452939749648e-02 2.370342360207370325e-01 1.090974456086483829e-01 5.658823285413486920e-02 7.962419555276784716e-03 3.234099786037175628e-02 4.840449533269056658e-03 1.818394832647346471e-02 8.199970761712938386e-03 1.429347359583811421e-02 1.577865892884544943e-02 1.463532280187204437e-01
8.204392981914425398e-02 3.723037776785091766e-03 1.258861544558295131e-01 1.150246728357515041e-01 1.724152562743316852e-01 0.000000000000000000e+00 2.349351715729000329e-03 5.410282896885711124e-02 4.016961811794441013e-03 0.000000000000000000e+00 0.000000000000000000e+00 5.742129548175124547e-03 4.252735241366650126e-02 1.216440709119110189e-02 1.805471429431131369e-01 6.854079197454227999e-04 7.135275205605194626e-02 3.319984220960519455e-02 3.439247970582152828e-04 3.533140250210732060e-03 0.000000000000000000e+00 0.000000000000000000e+00 1.393130061888583730e-02 5.379998134380106767e-02 2.261042515027309602e-02
0.000000000000000000e+00 0.000000000000000000e+00 5.570669534557790709e-02 1.148995180157159901e-01 3.818668657988744108e-02 3.596897675579345532e-02 1.226622866785995608e-01 1.667479966783705705e-02 0.000000000000000000e+00 0.000000000000000000e+00 0.000000000000000000e+00 5.693638971026523943e-02 1.699344415934311500e-02 2.180441366743424148e-02 3.089768724883263928e-01 1.088688670820203291e-01 0.000000000000000000e+00 5.119902132222969859e-02 0.000000000000000000e+00 3.702757698419447546e-02 0.000000000000000000e+00 5.050795648938639654e-04 0.000000000000000000e+00 1.008660177181491466e-03 1.258071180069974572e-02
0.000000000000000000e+00 0.000000000000000000e+00 8.221420592889962242e-02 7.852156852612554583e-02 1.784900332453811730e-02 8.336368657954897413e-03 1.288898056477869314e-01 1.167063161147174205e-01 4.563278255760923330e-03 6.533392170415217373e-03 0.000000000000000000e+00 0.000000000000000000e+00 0.000000000000000000e+00 0.000000000000000000e+00 2.684846797803113749e-01 0.000000000000000000e+00 2.632172756826436921e-02 1.121698676878302853e-01 6.013014573326105894e-02 2.143379727354857277e-03 2.576339651648829054e-03 4.110434910297895705e-02 1.436163128047167510e-02 0.000000000000000000e+00 2.909394084167987032e-02
9.286836152999944360e-02 9.137847906816178728e-03 9.514212948853885410e-03 0.000000000000000000e+00 1.333512747227448281e-01 3.004594151440417860e-02 0.000000000000000000e+00 7.859915766951836762e-04 1.010939464373538169e-02 0.000000000000000000e+00 0.000000000000000000e+00 0.000000000000000000e+00 6.741365795138996343e-04 1.296810205909671165e-01 1.564505529377775428e-01 6.559891350633463005e-04 2.878409039286693866e-02 1.462276121489010372e-01 1.555464510230101516e-01 4.226048931979005732e-03 0.000000000000000000e+00 0.000000000000000000e+00 3.280770796290851526e-02 0.000000000000000000e+00 5.913336545376347148e-02
3.126209972972836953e-02 3.202969039098906012e-02 4.606312740309009834e-02 1.128604659467233665e-02 6.754599887037883443e-02 5.233961716412782045e-02 3.878619861803023205e-02 0.000000000000000000e+00 1.945346396545418952e-02 8.295411605160705332e-04 0.000000000000000000e+00 3.626364737482987415e-03 5.977158755951871710e-02 2.663836887781050045e-02 6.348514934572412061e-03 1.364578725976376902e-02 1.248567896074884165e-02 1.273068885242826798e-01 1.493909908138515430e-01 8.139056671370177576e-02 3.471276783357699763e-02 8.823013082986513878e-02 3.561288194038157023e-02 9.513156436497459748e-03 5.173053068095861962e-02
5.972604600780323514e-02 0.000000000000000000e+00 2.123162269638036864e-02 1.230466451575605441e-01 2.458066380365525258e-02 1.385306805848159940e-02 2.472108623920704976e-02 1.115591134869119497e-02 0.000000000000000000e+00 1.023929173089236505e-02 7.222805487052003093e-02 0.000000000000000000e+00 1.388328987140049695e-02 6.921111208569849516e-02 2.342241914585173335e-03 1.848504594124991771e-03 4.178721507777932720e-02 1.042999607339808871e-01 1.577360781078841478e-01 1.085178130488396141e-02 0.000000000000000000e+00 5.744788713371833805e-02 1.625758404141668112e-01 1.057352400722453949e-02 6.660174841361245039e-03
4.025689703802152672e-03 7.969969511652418709e-03 1.241567072533353577e-01 7.319062670713918526e-04 2.397142213219652374e-02 3.013868763660287626e-03 8.855280008609626996e-03 1.790829681613920199e-02 0.000000000000000000e+00 3.743278520374314442e-03 1.568096630973300071e-02 3.102968770349208427e-02 6.428422351806066526e-02 1.317116913857019067e-01 1.841675289511468250e-01 1.205608292664768835e-02 3.544948192460462954e-03 1.442570066827497388e-01 2.112148051800931750e-02 3.689803582649289065e-02 8.382593991285094623e-03 2.879066657631450948e-02 1.211164871318815284e-01 1.698213116855417824e-04 2.412359997497484122e-03
4.666002781241913172e-02 9.922906169384812600e-04 1.404380793974640152e-03 9.014144903300026768e-02 8.704432818059880048e-03 1.345361703023446702e-02 2.028654914312311708e-01 1.164132580612753376e-01 1.223513570508209108e-03 1.516887291455135817e-02 0.000000000000000000e+00 2.258558590834406146e-02 8.312078709247754799e-03 5.502469235620295607e-02 1.244489729928398986e-01 0.000000000000000000e+00 5.567102449623705096e-02 2.724836219118964217e-02 1.569055089201647490e-01 2.332015713285367359e-02 0.000000000000000000e+00 1.525895399933226929e-03 1.498239663201279652e-03 1.700045923695701108e-04 2.626214355522327529e-02
9.555565443582618446e-02 0.000000000000000000e+00 0.000000000000000000e+00 2.646316848347716674e-02 1.236096495712824539e-01 1.155267171914668885e-02 4.226904318353418358e-03 0.000000000000000000e+00 0.000000000000000000e+00 2.004880417300572686e-03 0.000000000000000000e+00 0.000000000000000000e+00 0.000000000000000000e+00 1.258045627258295995e-01 1.470324544883129525e-01 0.000000000000000000e+00 8.810117478651553757e-02 1.442872110388426221e-01 5.139762765002253014e-02 3.013186657330530014e-03 0.000000000000000000e+00 1.376075530942518291e-02 1.227017163525372240e-01 2.582641319155319637e-02 1.466196885424408611e-02
0.000000000000000000e+00 1.879020291207186312e-03 8.076061634965733815e-02 1.496806094422412081e-02 0.000000000000000000e+00 5.573468173949146232e-02 1.211854709349469983e-01 1.190647801618009427e-01 0.000000000000000000e+00 8.527906052880552396e-03 2.544643625512826943e-03 4.347191830342289620e-02 4.149430697423138470e-02 9.067216024185320578e-02 3.365999771280382691e-02 0.000000000000000000e+00 5.468838425245719365e-02 2.264857506410197438e-02 1.444380456969375226e-01 0.000000000000000000e+00 0.000000000000000000e+00 9.319212351552709495e-02 4.639268501880992879e-02 0.000000000000000000e+00 2.467662312013354717e-02
1.516818071005811633e-02 6.399312984833167850e-02 1.572533753344382279e-02 1.048135795543925046e-02 5.200705563695935327e-03 0.000000000000000000e+00 6.969873270004335597e-02 6.823414548940857915e-02 0.000000000000000000e+00 3.312608782546112157e-02 3.117368355944593813e-03 9.267872298868384817e-02 3.108166844520930498e-03 1.284156396145132717e-01 1.699564977137081323e-01 5.710618640734265589e-02 1.425452397881056196e-02 3.751219216950887198e-02 2.923764727455942236e-02 1.342854978193641115e-02 2.879517558840954256e-03 2.458409443116212068e-02 3.017937866393815248e-03 1.634832857222549797e-03 1.374404445309701794e-01
2.046077138449444235e-02 1.007914095064280230e-01 1.036282117086620956e-02 7.880099343976766646e-02 9.167123108638813855e-02 0.000000000000000000e+00 7.668277045989476369e-04 3.162297382769018589e-02 3.680679499636728413e-02 0.000000000000000000e+00 3.071031276261770512e-03 0.000000000000000000e+00 4.156709321510768801e-02 6.679569251562635090e-02 1.484599981645495226e-01 9.547762388085771768e-02 3.349019308243586512e-02 5.304204512640187802e-02 3.407079644459035800e-02 6.695203044223138004e-04 0.000000000000000000e+00 1.903096081860508257e-02 1.244050088906821592e-03 1.416546373977145990e-03 1.303806255916565016e-01
5.169612371160443171e-02 3.249021927682712446e-02 0.000000000000000000e+00 3.430537039975091376e-03 1.475076856175730200e-01 1.673173215779662493e-01 6.853131215539258470e-03 6.161412033680695177e-02 8.386798190377454248e-03 0.000000000000000000e+00 0.000000000000000000e+00 9.371231435911972149e-03 8.726370366979501261e-03 1.227950091003703476e-01 1.516111418258231369e-01 1.045714750303924218e-01 1.175172803404734949e-02 6.291012255455098734e-02 0.000000000000000000e+00 5.284394550078429405e-03 0.000000000000000000e+00 1.654287647158847810e-02 1.254151556914656976e-02 4.582478661314616855e-03 1.001571943312666753e-02
0.000000000000000000e+00 2.954272076948162226e-02 1.057255564194421182e-01 6.836811067453196604e-03 1.279626552944220785e-01 1.759199295332657814e-02 1.397431459978122842e-03 3.622757254410551020e-02 0.000000000000000000e+00 1.027754926007697772e-01 6.236312394501362932e-04 2.749521068591317952e-02 1.592742871059680057e-02 1.849841535864664779e-02 2.207958674228928109e-01 1.647914457521369583e-04 6.576484817768517288e-02 1.213709430419022545e-01 0.000000000000000000e+00 8.357558076765626582e-04 0.000000000000000000e+00 8.978668838243039629e-02 1.996923770448941898e-03 1.020076062206536115e-03 7.659186785419483043e-03
8.536987136653315100e-02 1.436253938215133891e-02 8.243166469476035860e-03 0.000000000000000000e+00 1.733150664900918667e-02 0.000000000000000000e+00 1.614152223101960118e-02 2.161325681570153839e-02 3.437352652021358895e-02 0.000000000000000000e+00 0.000000000000000000e+00 2.321188106526570621e-02 4.633950506997274420e-03 1.244573343469327353e-01 2.386231987759948325e-01 9.961484403424727269e-03 1.275424279829867266e-02 1.416115490016541245e-01 4.093853589691831552e-03 1.144696833392599283e-02 1.847144009016524549e-02 1.977854835352098502e-03 1.271749404812100304e-01 3.114376713742178504e-03 8.103153562324010017e-02
2.361169328988656224e-02 3.619924079135174860e-02 5.499968553397153667e-03 0.000000000000000000e+00 1.844572816881990401e-02 0.000000000000000000e+00 3.682830598774148451e-02 1.206766957232596471e-01 4.199560918397492876e-02 1.418542288311150845e-03 1.380451955140767073e-02 0.000000000000000000e+00 3.892626551278329655e-02 6.599533671893913211e-03 1.262777926377982030e-01 2.762270217657862917e-03 6.106987704601003070e-02 1.080854272915488801e-01 1.460047671377147360e-01 8.686938289850587580e-02 0.000000000000000000e+00 3.371937450801693915e-04 9.279770583400663575e-02 2.782832579037977649e-02 3.961154678470438402e-03
4.103943146015729543e-03 3.227997654567524993e-02 3.638977950361586833e-02 1.049944143850867345e-01 3.737200562435087636e-02 5.939411190348903996e-02 1.897204690550814352e-02 1.064617254223694104e-01 1.187177458226614836e-02 4.317118963775879413e-03 1.199826646515205451e-02 1.483225776433055344e-03 0.000000000000000000e+00 0.000000000000000000e+00 1.977107908238358858e-01 0.000000000000000000e+00 7.220637081417613512e-02 6.272006362125803758e-02 4.801214830611843370e-02 1.153944000554655257e-02 0.000000000000000000e+00 0.000000000000000000e+00 2.030747361792356251e-02 1.729391249366014210e-02 1.405714110937430761e-01
9.765584067760371689e-02 0.000000000000000000e+00 3.410719452186446263e-03 0.000000000000000000e+00 9.025527297681820715e-02 1.043041918932215498e-02 9.692263484867198742e-02 6.673333847007503023e-04 0.000000000000000000e+00 0.000000000000000000e+00 0.000000000000000000e+00 0.000000000000000000e+00 0.000000000000000000e+00 1.336272394328745505e-01 2.024652259396234610e-01 0.000000000000000000e+00 4.604010794693196018e-02 1.453847410331467471e-01 1.107079460746050563e-02 1.101972106197822605e-02 0.000000000000000000e+00 6.462732888621391210e-04 5.234999495327609387e-02 6.831949864098349479e-02 2.973418256555965949e-02
7.166257172568301324e-04 7.652485880481625646e-02 0.000000000000000000e+00 1.483616900071911722e-02 2.188946680921892984e-01 0.000000000000000000e+00 2.935193552943319434e-02 1.459671049959773981e-01 1.965680148469128863e-02 0.000000000000000000e+00 0.000000000000000000e+00 0.000000000000000000e+00 0.000000000000000000e+00 2.392469079550564592e-02 4.582130335364757723e-02 8.579183856311086917e-03 0.000000000000000000e+00 8.611130143507815526e-02 1.231982139234081772e-02 0.000000000000000000e+00 9.756388399683015369e-03 9.295193249226356424e-02 8.491908489728047446e-03 1.086594574572938843e-01 9.743584870306479240e-02
1.256841192916937355e-01 2.362178884627656392e-02 1.027741781110326491e-02 2.195040480524760446e-02 8.804668843517128585e-02 0.000000000000000000e+00 1.307725315314761938e-01 3.490528435032889260e-02 0.000000000000000000e+00 1.169435167248456756e-03 0.000000000000000000e+00 2.892781596819322780e-03 1.045343710559773660e-02 1.582993465560906809e-01 1.507215848744847264e-01 0.000000000000000000e+00 4.983291085717587261e-04 5.199145201811908312e-02 0.000000000000000000e+00 0.000000000000000000e+00 6.662007364496389406e-04 2.496917129410025638e-02 1.106963706623381866e-01 4.139119615869810143e-03 4.824453619301263818e-02
8.022745929604629955e-02 1.828930047817548844e-03 5.348002336924872341e-02 0.000000000000000000e+00 1.322666006502755398e-01 3.821139572867533665e-03 1.179383349118593750e-02 6.394028942952753591e-02 2.357217800197782161e-03 0.000000000000000000e+00 0.000000000000000000e+00 5.168942719025678562e-02 6.633559003695050152e-03 3.229774118288281787e-02 2.462403526290796868e-02 1.124672916811738643e-01 1.416091690343658852e-02 2.905688888077330792e-02 1.333307157225961312e-02 1.604009678580152563e-03 6.333907253086182298e-02 3.320774039697964308e-02 0.000000000000000000e+00 1.424330550315222876e-01 1.254376970275030978e-01
5.090225929680690375e-02 4.584777899054299707e-03 1.732793887067728480e-02 0.000000000000000000e+00 1.441627983954616408e-02 3.208419850923012722e-03 1.001520240422083818e-03 0.000000000000000000e+00 1.831139123683419787e-02 4.591703258817412744e-03 0.000000000000000000e+00 0.000000000000000000e+00 1.806511110020840236e-02 1.081726849511931571e-01 1.909571304892030141e-01 0.000000000000000000e+00 1.153674390171109954e-01 1.212968569435023819e-01 0.000000000000000000e+00 7.168534417251246418e-03 2.679182732213019388e-03 1.070821768990055760e-02 2.078870067547620645e-02 1.728549697647920602e-01 1.175968817260675120e-01
1.136775082420055268e-02 7.777353076781381991e-02 3.350171667478987758e-02 9.470094508361689197e-04 5.202426177569173527e-02 0.000000000000000000e+00 6.702529528112768920e-02 1.541883215445945124e-03 1.009053794326673871e-03 2.878924926320232478e-03 4.391253372144852604e-03 5.229060451319377661e-02 1.382470156579188383e-02 1.387250645473803723e-01 5.220710488867657401e-02 1.216292157031257093e-01 6.841901151414811477e-02 7.434028753183377636e-02 1.514719972183449503e-01 1.619274717341252431e-02 3.963147322221038243e-02 5.169313551986556322e-04 2.341270844935185950e-03 5.243303528170008970e-03 1.070560631088060717e-02
4.168408586762525903e-03 0.000000000000000000e+00 5.093969987631713665e-03 0.000000000000000000e+00 4.908866954803556976e-02 0.000000000000000000e+00 1.099717421143951018e-01 1.185544955012183405e-01 0.000000000000000000e+00 8.332104186995570316e-02 1.107702959016873198e-03 6.270410488884072681e-03 1.762396512962235680e-03 6.921381897797648786e-02 1.888017684473700109e-02 2.164454645589991739e-03 2.520104228529180743e-02 1.035117031616550887e-01 5.111959544148236140e-02 1.044927955505684375e-01 0.000000000000000000e+00 6.450647697094991084e-02 3.191302940187126097e-02 1.196537658632369772e-01 3.000430328777856093e-02
0.000000000000000000e+00 9.452751887150937686e-04 4.087830215727847327e-02 0.000000000000000000e+00 0.000000000000000000e+00 1.107494074366199279e-03 1.221342488282805561e-01 2.902904353700442794e-02 2.197047264453337242e-02 0.000000000000000000e+00 0.000000000000000000e+00 8.885298654369977456e-02 0.000000000000000000e+00 1.226721422342308687e-01 1.379791765452310914e-01 1.945965282835435432e-03 5.614580946577320958e-03 1.831143759413293159e-01 1.549878174423590937e-01 7.365598074501504035e-03 1.870152606197244063e-02 4.382584308673379524e-03 1.859599645968744788e-02 3.052937418766281386e-02 9.193039541061362452e-03
9.335454772043275118e-02 9.638496678873361909e-03 3.945634656645615607e-02 1.293474423807325913e-01 6.529672079830801945e-02 8.698270979651362119e-04 1.299310423425500405e-01 7.568259942187921530e-02 9.700671178271214751e-03 0.000000000000000000e+00 0.000000000000000000e+00 1.930483433177339250e-03 0.000000000000000000e+00 8.713199516808453268e-03 6.210804809068817475e-03 4.038240454024966293e-03 5.641876783456523797e-02 1.313720595308219552e-01 0.000000000000000000e+00 8.463208712335074449e-03 0.000000000000000000e+00 7.774618194883663180e-02 0.000000000000000000e+00 1.518293595748931302e-01 0.000000000000000000e+00
2.691676149161661286e-02 6.701261633999919254e-02 1.287030310925544414e-03 2.245126622551145250e-03 2.749699758338585050e-04 0.000000000000000000e+00 3.079094752068186475e-02 8.041034949802325360e-02 0.000000000000000000e+00 2.611472151673130317e-03 1.212023808139680268e-02 4.498825171717527049e-02 1.924870438042951618e-02 1.365066388139484777e-01 2.556248516265362258e-02 0.000000000000000000e+00 3.991575292761852765e-03 8.602072160102160192e-02 0.000000000000000000e+00 9.852036977270103163e-04 1.566102095210785902e-02 3.268231315842436840e-02 1.348824728162812403e-01 2.338741042877399701e-01 4.192699612702777134e-02
2.085818308289043299e-02 7.024735442425347753e-02 9.445201697653542866e-03 4.117978082236938703e-02 2.326992725846845633e-01 0.000000000000000000e+00 0.000000000000000000e+00 3.804808435891818275e-02 9.515096519810561926e-02 2.880711851543215057e-03 0.000000000000000000e+00 1.667732231101332410e-03 2.536044773547239169e-03 6.004943493578654944e-03 1.525832787730317663e-01 1.060102316115640875e-01 1.168429843769247089e-03 2.216602256707336793e-02 1.951535103282942864e-03 2.842249312478200424e-02 0.000000000000000000e+00 0.000000000000000000e+00 0.000000000000000000e+00 0.000000000000000000e+00 1.669797344578509146e-01
6.895690285772620998e-02 0.000000000000000000e+00 3.476597353589134382e-02 2.325911016586231644e-02 1.295745641066262943e-01 0.000000000000000000e+00 9.021789173238115370e-03 1.017990663763709280e-01 0.000000000000000000e+00 7.857161800007486999e-03 0.000000000000000000e+00 1.704231547440127406e-02 6.157375797370553960e-02 1.093106604485535524e-02 1.946710012509731691e-01 0.000000000000000000e+00 8.117393663685365870e-03 1.766146451779484691e-02 0.000000000000000000e+00 0.000000000000000000e+00 6.724510895673146277e-04 1.924570307877369012e-03 1.934187516158194023e-02 1.853947309911802288e-01 1.074348055086547932e-01
8.587679245829905883e-02 3.701938311186430026e-03 2.757818679362076999e-03 1.395632113808394914e-01 1.016742802573405435e-01 0.000000000000000000e+00 0.000000000000000000e+00 0.000000000000000000e+00 2.578765190921702283e-03 0.000000000000000000e+00 0.000000000000000000e+00 0.000000000000000000e+00 0.000000000000000000e+00 5.346679581684526950e-03 1.416344012086414861e-01 2.725948903357128944e-02 3.688510811989052784e-02 8.736410558509046095e-04 5.927699823800453710e-02 0.000000000000000000e+00 2.372940074151606328e-03 2.973196556284424252e-02 1.960874878130888510e-01 1.458021149015868989e-01 1.857636813273593618e-02
4.262049332570768193e-03 3.528665753470360683e-02 3.401502550154052867e-02 9.299609622884130733e-02 0.000000000000000000e+00 3.359869931776323509e-02 4.616469911802412174e-02 1.830173631826243971e-02 3.888253092925978566e-02 5.496277310388875126e-03 8.960026716928923621e-03 2.486595689697122628e-03 5.394415743299869198e-02 1.376092231222231232e-02 1.695821484799930196e-02 0.000000000000000000e+00 2.673621303670490473e-02 1.678488223600751172e-01 5.021219052338574823e-02 1.397922824907909135e-03 5.971939144297516711e-02 1.834441498826266947e-02 1.332745576832099861e-03 1.378690815126653868e-01 1.314255291429899386e-01
6.805668957820532050e-02 2.660565296462499146e-02 0.000000000000000000e+00 9.569940293694217254e-03 5.672491385800915858e-02 6.420896994794500490e-02 7.399397594817258561e-02 0.000000000000000000e+00 3.813905269653962166e-03 0.000000000000000000e+00 1.341187721274312086e-02 1.225103874942437381e-02 6.276983736878546764e-03 4.797483899176284428e-02 4.952307726698024215e-02 0.000000000000000000e+00 3.242908172162116409e-02 1.341996719655303982e-01 1.244742585422337899e-01 1.441334565056316165e-02 2.337938613457821516e-02 2.691327859906812725e-03 1.423041498588774045e-01 4.362645728807260093e-02 5.007045716052199724e-02
5.073114753311352282e-02 4.061353155374682750e-02 1.806401205475749103e-02 3.790235060867135075e-02 2.748970947180329888e-02 0.000000000000000000e+00 3.808853825846719634e-03 1.104623531331648117e-01 0.000000000000000000e+00 1.283054450705622684e-01 7.165844907465542153e-03 1.080199588610420737e-02 4.206720434793471963e-02 0.000000000000000000e+00 1.562112689937690535e-01 0.000000000000000000e+00 4.175034795734745667e-03 4.255258634214639096e-02 5.162745265544606971e-02 3.957725008469738237e-02 1.071476834186489181e-02 2.741972624986361781e-03 0.000000000000000000e+00 7.434904856374073209e-03 2.075523129118102827e-01
1.168153507218386566e-01 0.000000000000000000e+00 0.000000000000000000e+00 4.597983638260023237e-02 2.053477228329306584e-03 0.000000000000000000e+00 1.147852470355334720e-01 1.408302760240110960e-02 1.134960723625023753e-02 5.348189349009782492e-06 2.164804473899242538e-03 7.762122077545340060e-02 7.159261004660564566e-03 1.303330780026653105e-02 1.549726413839871975e-01 1.049149412963912703e-01 8.110495034502727962e-02 1.684877045724645084e-01 0.000000000000000000e+00 6.403312379744334482e-03 9.958934876372466365e-04 2.021757266718122309e-02 3.213649089225955463e-02 0.000000000000000000e+00 2.571600452472564552e-02
8.258651117577085754e-02 2.941939275185323846e-02 4.236602984592192402e-03 9.799925399045517072e-02 3.887071927003329930e-02 5.866361417437188086e-02 3.403266893571559731e-02 1.206299129057246539e-01 7.846212392555625137e-03 1.788999475694966895e-02 0.000000000000000000e+00 0.000000000000000000e+00 9.392306073320779575e-03 0.000000000000000000e+00 2.759598575168671630e-02 0.000000000000000000e+00 0.000000000000000000e+00 5.177512509077777242e-02 1.582379340019212377e-01 0.000000000000000000e+00 1.996201021263433253e-03 1.073110664126483184e-02 1.321232343913950336e-01 3.074236002953340680e-02 8.523086366081467080e-02
3.431426314207675771e-02 7.109074998866440898e-02 1.038449536193785695e-02 1.504876673485590691e-02 7.669431871627825636e-02 0.000000000000000000e+00 7.540699987514752622e-02 1.333280922124198929e-02 6.106383267280632689e-04 0.000000000000000000e+00 1.253345863668863837e-02 8.594071631303489001e-02 1.651088640224133292e-02 1.268076562050223788e-01 6.991836555495321848e-02 2.428048418677040445e-03 8.902844201815814529e-04 8.596096467387204232e-02 6.753604231006309078e-02 5.000385781171503771e-03 9.123328693567373665e-03 0.000000000000000000e+00 5.076947383765751005e-03 8.832992542073186959e-02 1.270599484190984563e-01
1.375544032912393577e-01 1.747354823053389253e-02 5.001502758124687711e-04 1.469977796668311271e-02 6.746140331148577085e-02 0.000000000000000000e+00 2.012837774744742278e-02 6.903293627313999807e-03 7.600950585758760487e-03 7.167541093587714851e-02 1.707819766058726397e-03 4.180486405426962759e-02 9.619175172887137540e-03 1.500670164810547769e-01 2.124627834877018673e-02 1.130187469553318586e-01 2.579048163801079402e-02 1.547766661199544147e-02 1.872708917976727561e-01 2.135725464948077384e-02 7.577267050214167403e-03 3.233789680631855845e-02 2.054430876960194885e-02 0.000000000000000000e+00 8.183015926181320954e-03
0.000000000000000000e+00 4.467343743423839858e-02 3.043071413970809685e-02 0.000000000000000000e+00 1.231123163945633397e-01 7.324230016591423698e-02 1.573040663935752412e-02 1.775176801012260178e-02 4.134459167628066339e-02 6.060224907612632439e-02 3.712292223176559547e-03 0.000000000000000000e+00 0.000000000000000000e+00 4.777795073426999162e-02 3.173649284275843708e-04 1.076862603209977585e-02 1.008405736459495883e-01 1.194481069284386021e-01 1.410132356399833309e-01 1.859156636673401329e-03 0.000000000000000000e+00 1.367228836020303873e-02 1.852536148121376606e-03 1.156106684971794363e-01 3.623941668916619285e-02
2.457330049141620565e-02 2.029644627044759064e-02 8.045292619038529880e-02 0.000000000000000000e+00 3.237581783140881103e-02 9.318911776995425500e-03 6.461047196882173035e-03 1.546143218179125631e-02 8.144094405064861153e-03 0.000000000000000000e+00 0.000000000000000000e+00 2.208018319872259022e-02 3.646250600294507344e-02 1.050652214426071457e-01 1.281677834168778729e-01 1.054624515356843324e-02 1.021154452612708062e-02 4.367881937996413028e-02 1.725074925257364389e-01 3.907741838309256727e-02 0.000000000000000000e+00 3.730664492796375176e-03 1.093104415991071332e-01 2.567576187188008036e-02 9.640194166218349348e-02
1.192791589197511593e-04 8.763575032087331240e-02 1.573935604610839090e-02 6.827181526555162845e-04 0.000000000000000000e+00 3.355720827359407517e-03 4.898806716257797511e-02 4.803710461605951998e-02 6.712882000669498361e-02 1.312402177712721765e-03 4.228313226551772171e-03 5.173020429232300793e-02 5.329976273362512645e-02 7.891461277930247181e-03 5.312852706788753765e-02 1.842562138742474126e-02 1.987319551628392508e-02 7.505864415983297400e-02 3.979724481301637889e-03 7.682609743064204751e-04 2.768460032045580443e-02 7.829745177251803967e-02 2.618542453045976173e-02 1.503340800753900364e-01 1.561155097147474136e-01
0.000000000000000000e+00 6.400567179616326041e-02 6.931012300238476032e-02 9.353108859319546678e-03 4.055069947199235053e-02 7.119085420751435078e-02 0.000000000000000000e+00 2.243068244833829397e-03 0.000000000000000000e+00 1.984005343163348575e-02 0.000000000000000000e+00 6.472798770502778687e-02 2.822239654776206516e-02 2.644030836305929794e-03 5.796317931765868070e-02 8.912810642480509943e-03 1.054138420883632887e-03 1.456095438977894896e-01 1.552508520220689525e-01 7.947873744381887817e-02 4.067919813122568111e-03 4.428422302105686909e-02 5.225825161603772639e-02 0.000000000000000000e+00 7.903234970214523258e-02
2.246415642448227733e-03 1.529833318055782154e-01 0.000000000000000000e+00 2.035850522972388124e-02 2.046099628426371331e-01 2.214513840924421228e-03 2.996993117919771049e-03 1.988313697597072355e-02 2.802588355169687365e-02 0.000000000000000000e+00 0.000000000000000000e+00 0.000000000000000000e+00 5.469857538470896459e-05 2.284986970708537124e-02 1.621729294460209914e-01 1.194423845839699128e-01 7.377305078972937365e-03 2.012525033321962281e-02 1.563435077964112907e-01 8.215557568545363634e-03 0.000000000000000000e+00 3.055650006283433182e-02 1.811554041855820835e-02 0.000000000000000000e+00 2.142771342209795482e-02
