0.000000000000000000e+00 1.135569305471807039e-01 1.986866419270430506e-02 0.000000000000000000e+00 1.284243228497942979e-02 1.367017753874273100e-01 0.000000000000000000e+00 0.000000000000000000e+00 0.000000000000000000e+00 0.000000000000000000e+00 0.000000000000000000e+00 1.801325922514118716e-01 0.000000000000000000e+00 1.270333258632830309e-01 0.000000000000000000e+00 0.000000000000000000e+00 9.214605785167043206e-02 1.663335019115594893e-01 4.898570305593997337e-02 1.023990166538434471e-01
1.531195376994409080e-02 1.109719246310566371e-01 7.781483849444632318e-03 7.987734805994967102e-02 0.000000000000000000e+00 7.308772442315426311e-03 0.000000000000000000e+00 1.074531438457348442e-01 0.000000000000000000e+00 1.454099435520979020e-03 1.291462618359060475e-02 1.763746348278273923e-01 0.000000000000000000e+00 4.751556117348727792e-02 3.146808019923381938e-02 1.081705256287671807e-01 3.263091009869516224e-02 1.614279610141229337e-01 2.583218522832586572e-02 7.350678961198345296e-02
0.000000000000000000e+00 1.356134888855121678e-01 2.372650450090814031e-02 3.880738217405636358e-03 2.421972300673767287e-01 5.962869290625182062e-02 0.000000000000000000e+00 0.000000000000000000e+00 5.754719756280566104e-03 0.000000000000000000e+00 1.301297196823349156e-01 0.000000000000000000e+00 0.000000000000000000e+00 0.000000000000000000e+00 0.000000000000000000e+00 0.000000000000000000e+00 0.000000000000000000e+00 5.706727503540858296e-03 3.022660557011138671e-01 9.109612277927534030e-02
1.398427723438958048e-01 5.240824028204065649e-02 8.261796737003626601e-02 0.000000000000000000e+00 0.000000000000000000e+00 0.000000000000000000e+00 0.000000000000000000e+00 7.584727662659593306e-02 0.000000000000000000e+00 0.000000000000000000e+00 0.000000000000000000e+00 5.391780750410354872e-02 0.000000000000000000e+00 1.260154652047719981e-01 0.000000000000000000e+00 0.000000000000000000e+00 0.000000000000000000e+00 1.173860641993429710e-01 2.240202397501124543e-01 1.279441667191002774e-01
0.000000000000000000e+00 5.601091495869677667e-02 0.000000000000000000e+00 4.489126434394994335e-03 3.364372341828028579e-02 4.430249545813082224e-02 0.000000000000000000e+00 1.108594281539261456e-01 2.902890118783491707e-03 9.774951515508775030e-03 1.163734651501401041e-01 1.982704201206217376e-01 0.000000000000000000e+00 1.472432174242220004e-01 2.895690203859828393e-02 0.000000000000000000e+00 0.000000000000000000e+00 4.909258323657288148e-02 4.100674143002692312e-02 1.570731405420967286e-01
0.000000000000000000e+00 1.238449391569758778e-01 2.827711398083275224e-03 1.053292718814726192e-01 0.000000000000000000e+00 9.908941083758154161e-03 0.000000000000000000e+00 8.097819070190294399e-02 1.416625003295458353e-02 0.000000000000000000e+00 0.000000000000000000e+00 1.665639938642723139e-01 0.000000000000000000e+00 1.230961902259368884e-01 2.815978603994999732e-02 1.410877592622036270e-01 5.181480581643996275e-02 2.131220380076924784e-02 4.686699481950358515e-02 8.404296191577698139e-02
0.000000000000000000e+00 0.000000000000000000e+00 3.194208084837739381e-02 6.509189147216663807e-02 1.114769636063498402e-02 1.882449070045622563e-01 0.000000000000000000e+00 9.783531111775684019e-02 0.000000000000000000e+00 2.171245748396179870e-02 4.461634229909359150e-04 1.771365217626867383e-01 0.000000000000000000e+00 2.631307865908772553e-02 7.794367895246227806e-02 0.000000000000000000e+00 0.000000000000000000e+00 2.837297630229808632e-01 1.766903324463577410e-02 7.874166476956457987e-04
1.851553625869394870e-01 0.000000000000000000e+00 0.000000000000000000e+00 0.000000000000000000e+00 0.000000000000000000e+00 1.384407257316601532e-02 0.000000000000000000e+00 0.000000000000000000e+00 0.000000000000000000e+00 0.000000000000000000e+00 3.365821585997505472e-02 4.482605311458622011e-02 5.448546140914415498e-02 1.710055141394630218e-01 0.000000000000000000e+00 1.276243243688127971e-01 2.915609159891674115e-02 0.000000000000000000e+00 2.300048375602241901e-01 1.102400667887721425e-01
0.000000000000000000e+00 3.235489639319586580e-02 0.000000000000000000e+00 1.778202802621631773e-01 1.600146692918321956e-01 6.644711199908333310e-02 0.000000000000000000e+00 1.302366010121809581e-01 2.701350039685565876e-02 0.000000000000000000e+00 1.418392713288055829e-01 1.584513254700926632e-01 0.000000000000000000e+00 0.000000000000000000e+00 0.000000000000000000e+00 2.674507225220314546e-02 1.169762260306351186e-02 4.674555555730488046e-03 6.270509343479337139e-02 0.000000000000000000e+00
2.314332959286649269e-02 1.236083864048645176e-01 1.721296439344667806e-01 4.856395680891113092e-02 1.525326944263881712e-01 9.425917026703735380e-02 6.838419635332418367e-02 0.000000000000000000e+00 5.454990101646896294e-02 0.000000000000000000e+00 0.000000000000000000e+00 1.625254372083189403e-01 0.000000000000000000e+00 4.778091505850186761e-04 0.000000000000000000e+00 2.135876067286445173e-03 0.000000000000000000e+00 0.000000000000000000e+00 0.000000000000000000e+00 9.768959876948198062e-02
0.000000000000000000e+00 1.081302314191533304e-01 0.000000000000000000e+00 0.000000000000000000e+00 8.459424819166623533e-03 7.330632133167760967e-02 0.000000000000000000e+00 0.000000000000000000e+00 1.768670342343275359e-01 0.000000000000000000e+00 5.387136169996679935e-02 1.469685729205623681e-01 4.572124425097618024e-03 1.086556297460763709e-01 3.509867914714237536e-02 0.000000000000000000e+00 1.022858663612645352e-01 1.464554335541510266e-01 3.532932034141398475e-02 0.000000000000000000e+00
0.000000000000000000e+00 9.589685880424510256e-02 2.178275117061538937e-02 2.627012535392331347e-03 0.000000000000000000e+00 0.000000000000000000e+00 1.330541867970667577e-02 1.303056435350109232e-01 0.000000000000000000e+00 0.000000000000000000e+00 1.065935584700776206e-01 2.826330080180532445e-01 0.000000000000000000e+00 3.460170600597826246e-02 0.000000000000000000e+00 0.000000000000000000e+00 0.000000000000000000e+00 1.831366374524470431e-01 2.471841534900835399e-02 1.043989899794650761e-01
1.796082783635634117e-01 8.370380741097978305e-02 0.000000000000000000e+00 0.000000000000000000e+00 0.000000000000000000e+00 2.893780557798016351e-01 0.000000000000000000e+00 4.621429783525330542e-02 3.546190029212961670e-02 7.120238842910914766e-03 1.942233410785094982e-02 1.878086652576246018e-01 0.000000000000000000e+00 3.794659923649802702e-02 0.000000000000000000e+00 0.000000000000000000e+00 1.133358228733877399e-01 0.000000000000000000e+00 0.000000000000000000e+00 0.000000000000000000e+00
0.000000000000000000e+00 1.586778762695005285e-01 1.500707678375298726e-01 1.700179294373956873e-01 0.000000000000000000e+00 0.000000000000000000e+00 0.000000000000000000e+00 6.794196187660202224e-02 0.000000000000000000e+00 1.628735725193183881e-02 0.000000000000000000e+00 1.772325661058230806e-01 0.000000000000000000e+00 0.000000000000000000e+00 1.878885453841787345e-01 1.726919780924306841e-02 3.090235752710938574e-02 0.000000000000000000e+00 2.371144050068572928e-02 0.000000000000000000e+00
0.000000000000000000e+00 9.770155104298904047e-02 4.211211296566666484e-02 1.011127014660239895e-02 0.000000000000000000e+00 5.707214277094105337e-02 0.000000000000000000e+00 2.970697554986044195e-02 0.000000000000000000e+00 1.466710514677381505e-02 8.961312777471020646e-03 2.105893317042762947e-01 0.000000000000000000e+00 1.721595785410084956e-01 1.510502264114785831e-01 1.093081322643355419e-01 0.000000000000000000e+00 2.419372159061737929e-02 0.000000000000000000e+00 7.236653908797918699e-02
0.000000000000000000e+00 0.000000000000000000e+00 0.000000000000000000e+00 1.673088082145203145e-02 0.000000000000000000e+00 6.144659640155395591e-02 1.027063299842366356e-01 3.082573711365940716e-02 4.174614677276791176e-03 2.464358682562833164e-02 8.932695068573216768e-02 1.250466500349216858e-01 0.000000000000000000e+00 0.000000000000000000e+00 0.000000000000000000e+00 3.261930646063848638e-02 0.000000000000000000e+00 1.825124978426451716e-01 2.012495996745200244e-01 1.287172494777353016e-01
1.066510455537679064e-01 1.955321011119598093e-02 1.464628476537661178e-02 5.338228953305589053e-02 6.930079010187790989e-02 3.558634697383546153e-02 4.213096737543031711e-02 1.726903177764320951e-01 0.000000000000000000e+00 1.060858105063128103e-02 0.000000000000000000e+00 9.585705922682467850e-02 0.000000000000000000e+00 1.429816865347089405e-01 2.237553377620299377e-02 0.000000000000000000e+00 0.000000000000000000e+00 0.000000000000000000e+00 1.499001426141386394e-02 1.992458729592461730e-01
6.726439357772708884e-03 1.664091942863677245e-02 1.352891353202619329e-01 8.553524221479175127e-03 0.000000000000000000e+00 0.000000000000000000e+00 0.000000000000000000e+00 1.226201901594783927e-02 1.695051027357033502e-02 3.230161034405332893e-02 0.000000000000000000e+00 2.837217587363128346e-01 0.000000000000000000e+00 1.322189312462450084e-01 0.000000000000000000e+00 0.000000000000000000e+00 8.822084868892049458e-02 1.398760950862719572e-02 0.000000000000000000e+00 2.531266938581725467e-01
0.000000000000000000e+00 1.226580213258349761e-01 0.000000000000000000e+00 0.000000000000000000e+00 2.400992859886224295e-01 0.000000000000000000e+00 1.150099903147469155e-01 0.000000000000000000e+00 0.000000000000000000e+00 1.261510042818802732e-02 0.000000000000000000e+00 0.000000000000000000e+00 7.152286899381157109e-03 3.087760995410075704e-02 1.926011527703849202e-01 1.359022576067342447e-02 0.000000000000000000e+00 2.780053637339681069e-02 9.149024169637874626e-02 1.461055484882921029e-01
5.072009866745646328e-02 0.000000000000000000e+00 0.000000000000000000e+00 0.000000000000000000e+00 8.301595314442307416e-03 1.213312809904450035e-01 2.060948809192517193e-03 1.271739169207606324e-01 6.518220335664024270e-03 0.000000000000000000e+00 1.441479643276770937e-02 0.000000000000000000e+00 0.000000000000000000e+00 1.254061710650085093e-01 0.000000000000000000e+00 0.000000000000000000e+00 0.000000000000000000e+00 3.593781418261678129e-02 1.916922472582709425e-01 3.164429100233750458e-01
4.489731852893489444e-02 5.350138117073771626e-02 1.129823936562337483e-01 0.000000000000000000e+00 0.000000000000000000e+00 1.514549792299329789e-01 0.000000000000000000e+00 1.766710393998455544e-02 0.000000000000000000e+00 1.082314193408360353e-01 0.000000000000000000e+00 4.514193347338107953e-02 1.114027218490497712e-01 3.650157946541746079e-02 2.700679972964462050e-01 0.000000000000000000e+00 0.000000000000000000e+00 0.000000000000000000e+00 0.000000000000000000e+00 4.815117204904558607e-02
0.000000000000000000e+00 2.348517409739849307e-02 0.000000000000000000e+00 1.018372253215621415e-02 1.441795221060930277e-01 6.141301218799552313e-03 0.000000000000000000e+00 1.138921505679080584e-02 0.000000000000000000e+00 5.031410105677278782e-02 1.200468998201313468e-02 1.931412085338004569e-01 6.203898554101583418e-03 1.401624683798136095e-01 7.861477029266072947e-02 0.000000000000000000e+00 0.000000000000000000e+00 1.688492032227931552e-02 0.000000000000000000e+00 3.072950078673202801e-01
9.827986678600759973e-02 1.198311414795764224e-01 0.000000000000000000e+00 9.837454670762613151e-02 3.316224428993175960e-02 0.000000000000000000e+00 0.000000000000000000e+00 0.000000000000000000e+00 0.000000000000000000e+00 2.831484933940149260e-02 1.311920688788210665e-01 0.000000000000000000e+00 8.426744583516828507e-03 0.000000000000000000e+00 0.000000000000000000e+00 0.000000000000000000e+00 0.000000000000000000e+00 1.877304438210476156e-01 2.946880941140710419e-01 0.000000000000000000e+00
0.000000000000000000e+00 7.856440384943612701e-03 4.634630119945980925e-02 0.000000000000000000e+00 1.327394161370151239e-02 1.969946508502303656e-02 3.413060593412638177e-02 3.434344249950884581e-02 0.000000000000000000e+00 1.131253743529119166e-03 1.110260958482344879e-01 1.019591558351090610e-01 0.000000000000000000e+00 1.687821811607030376e-01 1.336702690003697090e-02 5.007746765466248098e-03 0.000000000000000000e+00 1.814994588449983792e-01 1.419592643593232950e-01 1.196176198258361023e-01
1.847746323653814970e-01 1.047018243419376438e-01 2.435084445021096222e-02 1.241540903467518719e-01 0.000000000000000000e+00 0.000000000000000000e+00 1.997525444449073720e-02 0.000000000000000000e+00 0.000000000000000000e+00 0.000000000000000000e+00 4.916610736693868833e-02 0.000000000000000000e+00 3.843962652290183746e-02 1.164946220091558488e-01 1.091383630667230875e-01 4.873188419463399951e-02 0.000000000000000000e+00 0.000000000000000000e+00 0.000000000000000000e+00 1.800727508908739061e-01
0.000000000000000000e+00 4.891855975503862919e-02 2.168388012684032036e-03 0.000000000000000000e+00 0.000000000000000000e+00 0.000000000000000000e+00 0.000000000000000000e+00 6.813742350910254042e-02 9.092753655190810580e-02 5.902303043554739392e-02 1.672761286034120110e-01 1.845684704332930526e-01 1.728478301722963933e-02 1.592576135634585777e-01 0.000000000000000000e+00 2.492087539828904269e-02 0.000000000000000000e+00 5.156294377218313685e-02 3.919047874922622354e-02 8.676376819862761935e-02
0.000000000000000000e+00 3.609957378189271315e-02 0.000000000000000000e+00 0.000000000000000000e+00 1.716228000206824755e-01 1.082530726071298521e-01 0.000000000000000000e+00 3.134215176505757844e-02 0.000000000000000000e+00 0.000000000000000000e+00 0.000000000000000000e+00 1.864004617399401265e-01 3.499032307253764976e-03 0.000000000000000000e+00 2.241597364138564197e-01 0.000000000000000000e+00 0.000000000000000000e+00 9.281951521842647657e-02 0.000000000000000000e+00 1.458036561457604907e-01
3.159805095196137228e-04 7.776141517000607906e-02 0.000000000000000000e+00 4.045432758968250248e-02 2.040408498257785790e-03 0.000000000000000000e+00 1.181841081815529354e-01 0.000000000000000000e+00 5.283337604882014371e-02 0.000000000000000000e+00 3.563684987347266048e-02 0.000000000000000000e+00 6.334879654247650704e-02 0.000000000000000000e+00 0.000000000000000000e+00 0.000000000000000000e+00 0.000000000000000000e+00 2.054889282454209765e-01 2.879507157902241321e-01 1.159850935505665759e-01
1.162168199198505003e-01 0.000000000000000000e+00 0.000000000000000000e+00 0.000000000000000000e+00 7.881017159567171859e-02 4.364116408423330401e-02 0.000000000000000000e+00 0.000000000000000000e+00 0.000000000000000000e+00 2.498762625340431726e-02 5.077785288764209704e-02 1.841454861513441010e-01 0.000000000000000000e+00 0.000000000000000000e+00 0.000000000000000000e+00 2.038244805866671824e-02 0.000000000000000000e+00 2.604756932218316168e-01 5.557973104338340131e-02 1.649830067839723191e-01
0.000000000000000000e+00 0.000000000000000000e+00 5.751538931311699077e-02 7.337614949228249417e-02 7.618640236312685006e-03 7.049956820907035682e-02 1.108074972414313519e-01 0.000000000000000000e+00 1.246738942070571565e-01 6.356505670799927898e-02 0.000000000000000000e+00 1.029371935181819381e-01 1.621365648954748275e-03 1.610895194684962839e-01 1.740987068315822117e-01 3.991664523614576847e-03 1.452492812047537045e-02 6.827607805863539388e-03 0.000000000000000000e+00 2.685281867556089247e-02
