0.000000000000000000e+00 1.500308159065785463e-01 0.000000000000000000e+00 1.869007532159661367e-01 0.000000000000000000e+00 0.000000000000000000e+00 0.000000000000000000e+00 2.843633486454292050e-02 0.000000000000000000e+00 0.000000000000000000e+00 0.000000000000000000e+00 0.000000000000000000e+00 0.000000000000000000e+00 0.000000000000000000e+00 2.277933975373568898e-01 1.071322019408446902e-01 0.000000000000000000e+00 0.000000000000000000e+00 0.000000000000000000e+00 0.000000000000000000e+00 3.101120019561659502e-02 0.000000000000000000e+00 0.000000000000000000e+00 9.552588598549944729e-03 2.591427077405442092e-01
2.452411105895381527e-02 7.112141363340167277e-02 0.000000000000000000e+00 1.457138946006976930e-02 1.745421391014756185e-01 6.549960564046335967e-04 5.143985311356838105e-03 3.993879236121802151e-02 0.000000000000000000e+00 0.000000000000000000e+00 0.000000000000000000e+00 0.000000000000000000e+00 0.000000000000000000e+00 0.000000000000000000e+00 1.466754840878679855e-01 1.039368837618443037e-01 3.349525360039531940e-02 1.200816157432222919e-01 0.000000000000000000e+00 0.000000000000000000e+00 0.000000000000000000e+00 0.000000000000000000e+00 0.000000000000000000e+00 2.172114506046063653e-01 4.810248521918338710e-02
1.055814526570986872e-01 1.812734627339621374e-01 0.000000000000000000e+00 1.281254324858294158e-01 1.709176428475685516e-01 9.487975174001777451e-03 2.417405928878694696e-02 0.000000000000000000e+00 0.000000000000000000e+00 6.938116034732978721e-02 0.000000000000000000e+00 0.000000000000000000e+00 1.816182926407525211e-02 7.889512350529209392e-03 9.492656220910744569e-02 0.000000000000000000e+00 0.000000000000000000e+00 0.000000000000000000e+00 0.000000000000000000e+00 0.000000000000000000e+00 0.000000000000000000e+00 0.000000000000000000e+00 7.843762645422390489e-02 1.116432841874867993e-01 0.000000000000000000e+00
0.000000000000000000e+00 1.974538059383472086e-02 1.107692764588664169e-01 1.254177403607076025e-01 1.630506959500049591e-01 1.073344624871063781e-02 0.000000000000000000e+00 0.000000000000000000e+00 0.000000000000000000e+00 1.938220539157444952e-02 2.329990563490865266e-02 0.000000000000000000e+00 0.000000000000000000e+00 0.000000000000000000e+00 9.895292060551706681e-02 0.000000000000000000e+00 0.000000000000000000e+00 1.472522095418899975e-03 5.692801807398110286e-02 7.000761641561668858e-02 0.000000000000000000e+00 0.000000000000000000e+00 1.295143377053588618e-01 1.707259344654998290e-01 0.000000000000000000e+00
0.000000000000000000e+00 7.580868691340053589e-02 0.000000000000000000e+00 0.000000000000000000e+00 0.000000000000000000e+00 0.000000000000000000e+00 1.623238899432421362e-02 2.828506189549449129e-02 0.000000000000000000e+00 1.149249625199565000e-01 0.000000000000000000e+00 2.659817985224110365e-02 0.000000000000000000e+00 3.826272246205821275e-03 2.596458303462511052e-01 0.000000000000000000e+00 0.000000000000000000e+00 1.170491132958206421e-01 3.622608508975976721e-02 0.000000000000000000e+00 1.098435100743467702e-01 2.139280257643550592e-02 1.342912891535007636e-03 1.888241933042286436e-01 0.000000000000000000e+00
1.270563666888076260e-02 1.440779120158912907e-01 1.068843646336693348e-01 2.584168969960442402e-02 0.000000000000000000e+00 0.000000000000000000e+00 2.421347421723636650e-02 0.000000000000000000e+00 0.000000000000000000e+00 1.414268686980630907e-01 0.000000000000000000e+00 0.000000000000000000e+00 0.000000000000000000e+00 0.000000000000000000e+00 3.466767539996554182e-02 4.048421289489896602e-02 0.000000000000000000e+00 0.000000000000000000e+00 0.000000000000000000e+00 0.000000000000000000e+00 0.000000000000000000e+00 1.057702887049849494e-01 1.043321533887065639e-01 1.122911115644680269e-01 1.473046121136306341e-01
0.000000000000000000e+00 0.000000000000000000e+00 1.734418019569892722e-01 0.000000000000000000e+00 2.022197954051334623e-01 0.000000000000000000e+00 0.000000000000000000e+00 0.000000000000000000e+00 0.000000000000000000e+00 0.000000000000000000e+00 0.000000000000000000e+00 0.000000000000000000e+00 0.000000000000000000e+00 0.000000000000000000e+00 3.881820665944711868e-01 0.000000000000000000e+00 0.000000000000000000e+00 0.000000000000000000e+00 2.053503911776765889e-01 0.000000000000000000e+00 0.000000000000000000e+00 0.000000000000000000e+00 0.000000000000000000e+00 3.080594486572944130e-02 0.000000000000000000e+00
0.000000000000000000e+00 1.340201384403451601e-01 0.000000000000000000e+00 8.719855641759303999e-02 0.000000000000000000e+00 0.000000000000000000e+00 0.000000000000000000e+00 3.758922321706061748e-02 6.851768280081303730e-02 1.387699546622800373e-01 8.869703038493347447e-04 3.272324636528058106e-02 4.683282016617851609e-03 0.000000000000000000e+00 1.520724551042064165e-01 1.127436738210796791e-01 5.620196875101682137e-03 1.020356432669322633e-02 3.333560189400217727e-02 0.000000000000000000e+00 0.000000000000000000e+00 2.394423899889661176e-03 2.382139443853804883e-02 1.529743150693885917e-02 1.401222039097106131e-01
0.000000000000000000e+00 3.832014600256175574e-02 3.972357434946546112e-02 1.420662605114703936e-01 1.510055908869115393e-01 0.000000000000000000e+00 0.000000000000000000e+00 0.000000000000000000e+00 0.000000000000000000e+00 0.000000000000000000e+00 0.000000000000000000e+00 0.000000000000000000e+00 0.000000000000000000e+00 0.000000000000000000e+00 1.734150032174487654e-01 9.929955798470252448e-02 1.512848147972014612e-01 2.992723422618852672e-02 0.000000000000000000e+00 9.769495362828898438e-03 2.733523276614446829e-02 0.000000000000000000e+00 3.077072064628324534e-03 1.347760178304478751e-01 0.000000000000000000e+00
1.645329382889632389e-02 1.047093336184338336e-01 6.676838581020087815e-02 0.000000000000000000e+00 0.000000000000000000e+00 0.000000000000000000e+00 0.000000000000000000e+00 1.692150739214857980e-01 1.336605004885067652e-03 2.735540785493750793e-01 0.000000000000000000e+00 5.655307997095028981e-03 1.231203089965763123e-02 0.000000000000000000e+00 6.129325023762608599e-02 1.034503864919223970e-01 9.071527659049460901e-02 0.000000000000000000e+00 5.782689340056253874e-02 8.814533837544285058e-03 0.000000000000000000e+00 0.000000000000000000e+00 2.789554981182028673e-02 0.000000000000000000e+00 0.000000000000000000e+00
0.000000000000000000e+00 8.203959236379282718e-03 9.924043648277074137e-02 5.786823098773989649e-02 2.395835437231108589e-02 0.000000000000000000e+00 1.656972250416811204e-02 1.508855919564648373e-01 3.257442993983316465e-02 0.000000000000000000e+00 1.232430695552988106e-02 1.185183161048285055e-01 1.457212612060027057e-01 0.000000000000000000e+00 7.096374717650574815e-02 0.000000000000000000e+00 3.045108852816551248e-02 0.000000000000000000e+00 1.438825261663225288e-02 0.000000000000000000e+00 0.000000000000000000e+00 5.610879868859253161e-02 0.000000000000000000e+00 1.955299937895001866e-03 1.602682033061806344e-01
3.125602085896353726e-03 0.000000000000000000e+00 1.243595813321223958e-01 1.561628318280733618e-01 1.868100847751973104e-01 2.153825864264639206e-02 1.266582468675079426e-02 7.700962384994029276e-03 0.000000000000000000e+00 1.488244508070904193e-01 0.000000000000000000e+00 0.000000000000000000e+00 0.000000000000000000e+00 0.000000000000000000e+00 2.167454249134950772e-01 0.000000000000000000e+00 0.000000000000000000e+00 0.000000000000000000e+00 0.000000000000000000e+00 0.000000000000000000e+00 0.000000000000000000e+00 0.000000000000000000e+00 1.711343635257182166e-02 5.716663280443846223e-02 4.778690938672338490e-02
2.563840710496390757e-02 1.652083353213820993e-01 8.328934959359579615e-02 1.698282156541066068e-01 4.061116351601390395e-02 0.000000000000000000e+00 0.000000000000000000e+00 3.463476997001982416e-02 0.000000000000000000e+00 0.000000000000000000e+00 0.000000000000000000e+00 0.000000000000000000e+00 0.000000000000000000e+00 0.000000000000000000e+00 0.000000000000000000e+00 3.070859445048141137e-02 1.002737275508195150e-02 1.880655791878516753e-02 1.978056742822960068e-01 0.000000000000000000e+00 0.000000000000000000e+00 9.078628933514392568e-03 0.000000000000000000e+00 8.343637282016463930e-02 1.309265576795941577e-01
0.000000000000000000e+00 0.000000000000000000e+00 0.000000000000000000e+00 7.635418142000607866e-02 0.000000000000000000e+00 0.000000000000000000e+00 1.234502470706422689e-01 0.000000000000000000e+00 0.000000000000000000e+00 4.695074432178583668e-02 0.000000000000000000e+00 3.803978032084693456e-02 1.420243742160092471e-01 0.000000000000000000e+00 5.323341271263889313e-02 8.153059775213061799e-02 0.000000000000000000e+00 0.000000000000000000e+00 2.115381195169714901e-01 0.000000000000000000e+00 0.000000000000000000e+00 9.197671064450657630e-03 1.432862026817336987e-01 0.000000000000000000e+00 7.439466892278431831e-02
0.000000000000000000e+00 1.514460627166567541e-01 3.221821654953885544e-03 0.000000000000000000e+00 1.417135009301422055e-01 0.000000000000000000e+00 0.000000000000000000e+00 0.000000000000000000e+00 0.000000000000000000e+00 2.767848747432117076e-02 0.000000000000000000e+00 0.000000000000000000e+00 0.000000000000000000e+00 0.000000000000000000e+00 2.114010969177993193e-01 0.000000000000000000e+00 0.000000000000000000e+00 0.000000000000000000e+00 3.508477239806211210e-03 0.000000000000000000e+00 5.727447302461333156e-02 7.062129889513531211e-02 1.364416680332783960e-01 2.499967157597234816e-03 1.941931459556960615e-01
0.000000000000000000e+00 0.000000000000000000e+00 0.000000000000000000e+00 1.421616258475521810e-01 3.015991927677475481e-01 0.000000000000000000e+00 3.436802776552008026e-02 3.944722896473328716e-02 0.000000000000000000e+00 0.000000000000000000e+00 0.000000000000000000e+00 0.000000000000000000e+00 0.000000000000000000e+00 0.000000000000000000e+00 2.608304134929859686e-01 0.000000000000000000e+00 4.014814072771398512e-03 3.167355366811991368e-02 1.859051434205696574e-01 0.000000000000000000e+00 0.000000000000000000e+00 0.000000000000000000e+00 0.000000000000000000e+00 0.000000000000000000e+00 0.000000000000000000e+00
7.961893697315697294e-02 0.000000000000000000e+00 2.814809524322717336e-03 0.000000000000000000e+00 3.209947084729873890e-01 9.374065954534608475e-03 0.000000000000000000e+00 0.000000000000000000e+00 0.000000000000000000e+00 9.628818294829141755e-02 0.000000000000000000e+00 0.000000000000000000e+00 0.000000000000000000e+00 0.000000000000000000e+00 2.615318603863328595e-01 0.000000000000000000e+00 1.008306527309425077e-02 0.000000000000000000e+00 4.274878170281129486e-02 0.000000000000000000e+00 0.000000000000000000e+00 1.130192608431499629e-01 6.352632792131848727e-02 0.000000000000000000e+00 0.000000000000000000e+00
0.000000000000000000e+00 1.546010830135005343e-01 0.000000000000000000e+00 4.982551481328444110e-02 1.457954018409459047e-02 1.507447088431736366e-02 0.000000000000000000e+00 1.533441009365025531e-01 5.991749619692082057e-02 2.051715081636976482e-02 0.000000000000000000e+00 0.000000000000000000e+00 6.358666580086715439e-03 0.000000000000000000e+00 5.195375509851605372e-02 1.675044898836002341e-02 7.091217136700776746e-02 0.000000000000000000e+00 2.007755846379280784e-01 0.000000000000000000e+00 3.090382482849298243e-02 1.775323226076353997e-02 0.000000000000000000e+00 0.000000000000000000e+00 1.367329593938548249e-01
0.000000000000000000e+00 1.540040689278841246e-01 1.055739714090098286e-01 5.829600624701078426e-02 0.000000000000000000e+00 0.000000000000000000e+00 2.224347284611653819e-02 0.000000000000000000e+00 0.000000000000000000e+00 1.101782303562897081e-01 0.000000000000000000e+00 0.000000000000000000e+00 0.000000000000000000e+00 0.000000000000000000e+00 3.408630131352520243e-01 0.000000000000000000e+00 0.000000000000000000e+00 0.000000000000000000e+00 7.388747843174713406e-03 3.380175147341088482e-02 0.000000000000000000e+00 0.000000000000000000e+00 0.000000000000000000e+00 0.000000000000000000e+00 1.676507377618514094e-01
0.000000000000000000e+00 1.611950503248406330e-01 0.000000000000000000e+00 0.000000000000000000e+00 0.000000000000000000e+00 0.000000000000000000e+00 1.545698000875748990e-01 0.000000000000000000e+00 0.000000000000000000e+00 2.369127506037755487e-02 8.774533939793381296e-03 1.519028388262547713e-01 0.000000000000000000e+00 0.000000000000000000e+00 2.098889366245445809e-01 0.000000000000000000e+00 0.000000000000000000e+00 0.000000000000000000e+00 0.000000000000000000e+00 0.000000000000000000e+00 0.000000000000000000e+00 4.398090061923162894e-04 0.000000000000000000e+00 0.000000000000000000e+00 2.895377561304217084e-01
5.545465541509413815e-02 3.330619241643174161e-02 0.000000000000000000e+00 0.000000000000000000e+00 8.333887711901243056e-02 1.406710634285552319e-01 1.062787734836328490e-01 0.000000000000000000e+00 0.000000000000000000e+00 1.389132990274702210e-02 0.000000000000000000e+00 0.000000000000000000e+00 0.000000000000000000e+00 0.000000000000000000e+00 1.576396066786860950e-01 0.000000000000000000e+00 2.742528258115320069e-02 8.012118700904001523e-02 3.164429327999242203e-02 0.000000000000000000e+00 0.000000000000000000e+00 0.000000000000000000e+00 1.354498236334467642e-01 6.764995713120396277e-03 1.280139193390875951e-01
6.730853215646323551e-02 7.532005212093466351e-02 2.493596008667196481e-02 2.398947083822394050e-02 1.221149612676255131e-01 0.000000000000000000e+00 3.565395177299048556e-03 0.000000000000000000e+00 0.000000000000000000e+00 1.135735063493658048e-01 0.000000000000000000e+00 6.788508832939166814e-03 0.000000000000000000e+00 0.000000000000000000e+00 2.813449079558200672e-01 7.842875651940903192e-02 3.498627375610433628e-03 1.532905026700251937e-02 0.000000000000000000e+00 0.000000000000000000e+00 0.000000000000000000e+00 0.000000000000000000e+00 1.780418564190865485e-02 4.501982844325969069e-02 1.209782569674663633e-01
0.000000000000000000e+00 9.405890374186243186e-02 4.246697029590402322e-02 0.000000000000000000e+00 1.595207950592064383e-01 0.000000000000000000e+00 2.665778827001358958e-02 2.249319642562937552e-02 0.000000000000000000e+00 0.000000000000000000e+00 0.000000000000000000e+00 0.000000000000000000e+00 0.000000000000000000e+00 2.489351523339696295e-02 2.433895576603821165e-01 0.000000000000000000e+00 0.000000000000000000e+00 7.806888277703814827e-02 1.879289198922449167e-01 0.000000000000000000e+00 0.000000000000000000e+00 0.000000000000000000e+00 1.205214706443219347e-01 0.000000000000000000e+00 0.000000000000000000e+00
0.000000000000000000e+00 1.496827141745674938e-01 0.000000000000000000e+00 9.102281110640732947e-03 1.934211467902626491e-01 0.000000000000000000e+00 0.000000000000000000e+00 0.000000000000000000e+00 0.000000000000000000e+00 0.000000000000000000e+00 0.000000000000000000e+00 0.000000000000000000e+00 0.000000000000000000e+00 0.000000000000000000e+00 2.266725290159612716e-01 3.652080503177106141e-02 0.000000000000000000e+00 1.090567798366343516e-01 1.904298478856956967e-01 0.000000000000000000e+00 5.497627106400970222e-03 4.863232465831446305e-02 0.000000000000000000e+00 0.000000000000000000e+00 3.098394438975128617e-02
0.000000000000000000e+00 9.998446383333055298e-02 0.000000000000000000e+00 1.276988566618704468e-01 0.000000000000000000e+00 0.000000000000000000e+00 0.000000000000000000e+00 0.000000000000000000e+00 0.000000000000000000e+00 8.005053428844526031e-02 0.000000000000000000e+00 1.046798439870695249e-02 0.000000000000000000e+00 0.000000000000000000e+00 2.289200566976815898e-01 0.000000000000000000e+00 7.650060026160926396e-02 0.000000000000000000e+00 0.000000000000000000e+00 0.000000000000000000e+00 0.000000000000000000e+00 0.000000000000000000e+00 1.534574725103915738e-01 0.000000000000000000e+00 2.229200313479644535e-01
6.158631751600629305e-03 1.329194271829431673e-01 0.000000000000000000e+00 1.443753489172799886e-02 0.000000000000000000e+00 0.000000000000000000e+00 0.000000000000000000e+00 1.237805729523927534e-01 0.000000000000000000e+00 0.000000000000000000e+00 2.577340147296280568e-02 1.405028054933129267e-01 0.000000000000000000e+00 4.131713978060824050e-02 0.000000000000000000e+00 9.748957484137207863e-02 2.773808436475698469e-03 1.015330789929367594e-01 9.252946123927994343e-03 0.000000000000000000e+00 4.361738632986743303e-02 0.000000000000000000e+00 2.777254330981054203e-02 2.108539327596014312e-01 2.181721568045951257e-02
0.000000000000000000e+00 1.498816241836911645e-01 2.411853997104658823e-02 0.000000000000000000e+00 5.868335371046826815e-02 1.906386462988639329e-03 8.431417852102343624e-02 0.000000000000000000e+00 0.000000000000000000e+00 1.235374850201136909e-01 4.748970281827531725e-03 0.000000000000000000e+00 1.087232017857466156e-02 0.000000000000000000e+00 2.340929415973684036e-01 0.000000000000000000e+00 0.000000000000000000e+00 0.000000000000000000e+00 0.000000000000000000e+00 0.000000000000000000e+00 0.000000000000000000e+00 0.000000000000000000e+00 1.290259523681218656e-01 1.788182477047758345e-01 0.000000000000000000e+00
0.000000000000000000e+00 1.239606568291945349e-01 1.226247423009269588e-01 0.000000000000000000e+00 2.517228917982069353e-02 0.000000000000000000e+00 1.374026516219450239e-02 9.399670709537917557e-02 3.909815651752992366e-02 9.633771921640135738e-02 0.000000000000000000e+00 2.811679096650352566e-02 4.835409941348888657e-02 0.000000000000000000e+00 1.558238130763612839e-01 0.000000000000000000e+00 0.000000000000000000e+00 0.000000000000000000e+00 0.000000000000000000e+00 0.000000000000000000e+00 0.000000000000000000e+00 0.000000000000000000e+00 1.482835628054699484e-01 1.008515165567822058e-02 9.440604578105103728e-02
0.000000000000000000e+00 0.000000000000000000e+00 0.000000000000000000e+00 1.170360608889639692e-01 2.689722738379692335e-01 0.000000000000000000e+00 0.000000000000000000e+00 0.000000000000000000e+00 0.000000000000000000e+00 0.000000000000000000e+00 0.000000000000000000e+00 9.528620038619052546e-02 0.000000000000000000e+00 0.000000000000000000e+00 1.901686401027148365e-01 9.085913743821881494e-02 0.000000000000000000e+00 4.840192037655790397e-02 2.194245063103065704e-02 0.000000000000000000e+00 0.000000000000000000e+00 0.000000000000000000e+00 1.087334064832677118e-02 1.564599756900272032e-01 0.000000000000000000e+00
0.000000000000000000e+00 0.000000000000000000e+00 2.210364463419953740e-01 0.000000000000000000e+00 1.748520694484953231e-01 0.000000000000000000e+00 0.000000000000000000e+00 0.000000000000000000e+00 0.000000000000000000e+00 7.009575288018337139e-03 0.000000000000000000e+00 0.000000000000000000e+00 0.000000000000000000e+00 0.000000000000000000e+00 2.601165469659983964e-01 0.000000000000000000e+00 0.000000000000000000e+00 0.000000000000000000e+00 0.000000000000000000e+00 0.000000000000000000e+00 0.000000000000000000e+00 0.000000000000000000e+00 0.000000000000000000e+00 1.721478585119659843e-01 1.648375034435266562e-01
0.000000000000000000e+00 3.076626699961836353e-01 0.000000000000000000e+00 2.489035811579667912e-01 2.192682207716956100e-02 0.000000000000000000e+00 0.000000000000000000e+00 1.083853349439628175e-02 0.000000000000000000e+00 0.000000000000000000e+00 0.000000000000000000e+00 0.000000000000000000e+00 0.000000000000000000e+00 0.000000000000000000e+00 2.097896090848650197e-01 0.000000000000000000e+00 0.000000000000000000e+00 0.000000000000000000e+00 1.801964151475638209e-01 0.000000000000000000e+00 0.000000000000000000e+00 0.000000000000000000e+00 0.000000000000000000e+00 0.000000000000000000e+00 2.068236904185481034e-02
0.000000000000000000e+00 0.000000000000000000e+00 6.423763700582750535e-02 1.319686105830119027e-01 0.000000000000000000e+00 0.000000000000000000e+00 4.969284683029873140e-02 1.453164367320013695e-01 0.000000000000000000e+00 1.469113198490062944e-01 1.143699958592602102e-02 5.730637245692156434e-02 0.000000000000000000e+00 0.000000000000000000e+00 3.749688241738623889e-02 1.402766402829991044e-01 0.000000000000000000e+00 0.000000000000000000e+00 0.000000000000000000e+00 0.000000000000000000e+00 0.000000000000000000e+00 0.000000000000000000e+00 9.400668882278443925e-03 1.697688610096675932e-01 3.618672436467516157e-02
0.000000000000000000e+00 0.000000000000000000e+00 0.000000000000000000e+00 1.510131387718302576e-01 2.466653174175703622e-01 0.000000000000000000e+00 0.000000000000000000e+00 0.000000000000000000e+00 0.000000000000000000e+00 0.000000000000000000e+00 0.000000000000000000e+00 0.000000000000000000e+00 0.000000000000000000e+00 0.000000000000000000e+00 2.023685044921902376e-01 7.949293412806313075e-03 0.000000000000000000e+00 0.000000000000000000e+00 1.788732693769358451e-01 0.000000000000000000e+00 0.000000000000000000e+00 0.000000000000000000e+00 0.000000000000000000e+00 9.902905777339615634e-02 1.141014187552707865e-01
6.195723646752035810e-03 0.000000000000000000e+00 8.109438799750222707e-03 0.000000000000000000e+00 3.424385647497071306e-01 0.000000000000000000e+00 2.731231165008753473e-02 0.000000000000000000e+00 0.000000000000000000e+00 2.878967230942013900e-01 0.000000000000000000e+00 0.000000000000000000e+00 0.000000000000000000e+00 0.000000000000000000e+00 2.368510446140935366e-01 0.000000000000000000e+00 0.000000000000000000e+00 3.086889095079389887e-03 2.628466621559009606e-02 0.000000000000000000e+00 4.267904432485513516e-02 0.000000000000000000e+00 0.000000000000000000e+00 1.914559380988345785e-02 0.000000000000000000e+00
0.000000000000000000e+00 0.000000000000000000e+00 3.131481894010495169e-03 1.656377059266919000e-02 3.119367383053052167e-01 0.000000000000000000e+00 0.000000000000000000e+00 0.000000000000000000e+00 0.000000000000000000e+00 0.000000000000000000e+00 6.337642366461053445e-03 6.263171642378609349e-02 0.000000000000000000e+00 0.000000000000000000e+00 2.345921361732363486e-01 0.000000000000000000e+00 0.000000000000000000e+00 2.648179013528103448e-02 0.000000000000000000e+00 0.000000000000000000e+00 0.000000000000000000e+00 0.000000000000000000e+00 0.000000000000000000e+00 3.110456098100898292e-01 2.727911429916069982e-02
0.000000000000000000e+00 0.000000000000000000e+00 0.000000000000000000e+00 1.020141764597870260e-01 3.302963845230934281e-02 0.000000000000000000e+00 6.695407545411385941e-02 0.000000000000000000e+00 0.000000000000000000e+00 0.000000000000000000e+00 1.000333882015148335e-01 0.000000000000000000e+00 1.536201255146388018e-03 2.551301059487291051e-02 2.712177330089636240e-01 0.000000000000000000e+00 0.000000000000000000e+00 0.000000000000000000e+00 0.000000000000000000e+00 0.000000000000000000e+00 0.000000000000000000e+00 0.000000000000000000e+00 0.000000000000000000e+00 2.787343125304679245e-02 3.718283453202451128e-01
0.000000000000000000e+00 1.045707472624127082e-01 0.000000000000000000e+00 1.980892818562401125e-01 1.934229116907612289e-01 0.000000000000000000e+00 0.000000000000000000e+00 3.850736573666085211e-02 0.000000000000000000e+00 0.000000000000000000e+00 0.000000000000000000e+00 0.000000000000000000e+00 0.000000000000000000e+00 0.000000000000000000e+00 2.641798886135983127e-01 0.000000000000000000e+00 0.000000000000000000e+00 0.000000000000000000e+00 0.000000000000000000e+00 0.000000000000000000e+00 0.000000000000000000e+00 0.000000000000000000e+00 0.000000000000000000e+00 1.912888574068785374e-01 9.940947433448164838e-03
0.000000000000000000e+00 0.000000000000000000e+00 1.545326203298819367e-01 7.468856459851837444e-03 2.336005296784830487e-01 1.791072728889431531e-01 0.000000000000000000e+00 0.000000000000000000e+00 0.000000000000000000e+00 2.526606852792866176e-02 0.000000000000000000e+00 0.000000000000000000e+00 0.000000000000000000e+00 0.000000000000000000e+00 1.787574943429822150e-01 0.000000000000000000e+00 0.000000000000000000e+00 7.384327829702620749e-02 0.000000000000000000e+00 0.000000000000000000e+00 0.000000000000000000e+00 0.000000000000000000e+00 0.000000000000000000e+00 0.000000000000000000e+00 1.474238794749028469e-01
0.000000000000000000e+00 0.000000000000000000e+00 1.508966590679704581e-02 0.000000000000000000e+00 2.124731639712062470e-01 0.000000000000000000e+00 0.000000000000000000e+00 1.647800185113608151e-01 0.000000000000000000e+00 0.000000000000000000e+00 0.000000000000000000e+00 1.240256251126520270e-01 4.791957076094865986e-02 0.000000000000000000e+00 8.754543974581228266e-03 2.069618903803087662e-01 0.000000000000000000e+00 0.000000000000000000e+00 0.000000000000000000e+00 2.799524478224018828e-02 0.000000000000000000e+00 0.000000000000000000e+00 0.000000000000000000e+00 0.000000000000000000e+00 1.920002765999050121e-01
0.000000000000000000e+00 1.233896115665246013e-01 0.000000000000000000e+00 0.000000000000000000e+00 0.000000000000000000e+00 7.898902783665438798e-02 0.000000000000000000e+00 4.463901452883992094e-02 2.754687265607742505e-02 1.174824497493469344e-01 0.000000000000000000e+00 8.377238679410900501e-02 0.000000000000000000e+00 5.271091301330221857e-02 1.075395806213702565e-01 0.000000000000000000e+00 1.293977671169882493e-02 1.144075011259635677e-01 1.261261851056855177e-01 1.240567630138257084e-02 0.000000000000000000e+00 0.000000000000000000e+00 2.576616478268985849e-02 3.297116751719766925e-02 3.931367168915713556e-02
2.887152860038925614e-02 1.021315601837637921e-01 5.287430970180607807e-03 0.000000000000000000e+00 4.756748543551006514e-02 0.000000000000000000e+00 0.000000000000000000e+00 3.713692106938548676e-02 0.000000000000000000e+00 1.250458680888428820e-01 0.000000000000000000e+00 0.000000000000000000e+00 1.008498888296511208e-02 0.000000000000000000e+00 4.524118354131711484e-01 3.398647942618500915e-03 0.000000000000000000e+00 1.026386225802706081e-01 6.924396962083889662e-02 0.000000000000000000e+00 0.000000000000000000e+00 0.000000000000000000e+00 0.000000000000000000e+00 0.000000000000000000e+00 1.618114121206368564e-02
0.000000000000000000e+00 0.000000000000000000e+00 8.210852881269449510e-02 0.000000000000000000e+00 0.000000000000000000e+00 0.000000000000000000e+00 0.000000000000000000e+00 3.628381780962548764e-02 2.053739300151086015e-03 1.139111146016778819e-01 0.000000000000000000e+00 0.000000000000000000e+00 1.119292251415712480e-01 0.000000000000000000e+00 3.501107599231351175e-01 0.000000000000000000e+00 0.000000000000000000e+00 7.361468577075089281e-02 0.000000000000000000e+00 1.192862410466147619e-02 0.000000000000000000e+00 0.000000000000000000e+00 1.383561742344082413e-01 6.982530524210005252e-02 9.878025059224013193e-03
1.746049738947315078e-01 1.009008767931904027e-01 3.349916162217352750e-02 1.263728950058436995e-01 6.475249807385086154e-02 1.130235135896131837e-01 0.000000000000000000e+00 0.000000000000000000e+00 0.000000000000000000e+00 0.000000000000000000e+00 0.000000000000000000e+00 8.597845453796473802e-02 1.130906552508297892e-02 0.000000000000000000e+00 3.532817257067030758e-02 0.000000000000000000e+00 0.000000000000000000e+00 7.333911031204083664e-02 1.721385961760301675e-01 0.000000000000000000e+00 0.000000000000000000e+00 0.000000000000000000e+00 0.000000000000000000e+00 0.000000000000000000e+00 8.752681898807946476e-03
2.741866104579197827e-02 8.323894050987711013e-02 0.000000000000000000e+00 3.361227501650741745e-02 0.000000000000000000e+00 0.000000000000000000e+00 7.152472433335957391e-02 1.824767101414053461e-01 0.000000000000000000e+00 0.000000000000000000e+00 0.000000000000000000e+00 1.284858361301443042e-01 0.000000000000000000e+00 4.952530460682209867e-02 1.583157796040009918e-02 0.000000000000000000e+00 0.000000000000000000e+00 1.374808584189044780e-01 0.000000000000000000e+00 0.000000000000000000e+00 0.000000000000000000e+00 0.000000000000000000e+00 6.065611262583839314e-02 1.785107693633197767e-02 1.918979222746172719e-01
1.275393765927577971e-01 0.000000000000000000e+00 0.000000000000000000e+00 1.343480276342422508e-01 9.637434545121109988e-03 5.138805786028152744e-02 5.499924192322110106e-02 0.000000000000000000e+00 0.000000000000000000e+00 1.800586361077698150e-02 0.000000000000000000e+00 7.002421805449203507e-02 1.011040392183395198e-01 0.000000000000000000e+00 4.958433238049123754e-02 0.000000000000000000e+00 0.000000000000000000e+00 1.577375782468863619e-02 1.931167935249902545e-01 4.132126381420853783e-02 3.680727068738969682e-02 0.000000000000000000e+00 1.944565334433138656e-02 4.039602763730477074e-03 7.286506622093760766e-02
