1.195064134504950915e-01 2.363899656772169150e-02 0.000000000000000000e+00 7.635663028106759453e-02 2.473883232670617827e-02 1.322290481024484265e-01 0.000000000000000000e+00 0.000000000000000000e+00 3.699132158271937337e-02 6.200357654935360202e-02 0.000000000000000000e+00 2.001999732221878547e-01 2.297388515878160190e-02 9.907392798796160749e-02 0.000000000000000000e+00 4.878596444676481375e-02 0.000000000000000000e+00 7.220714658178530379e-03 1.462807156656137364e-01 0.000000000000000000e+00
8.791954347660868585e-02 1.038335073167988461e-02 1.591027679412058277e-02 2.377351206646541038e-01 0.000000000000000000e+00 0.000000000000000000e+00 8.894320244216047389e-03 1.137876781737530152e-01 4.740889549200637959e-02 0.000000000000000000e+00 2.494072670902393492e-03 1.787154024040724376e-01 0.000000000000000000e+00 0.000000000000000000e+00 4.536692803881869906e-02 1.364273387771528651e-02 0.000000000000000000e+00 2.886984142021494643e-02 6.648715310376038246e-02 1.423846829074772169e-01
6.083048950462285887e-02 1.532336255068825759e-01 2.967415617032281502e-02 0.000000000000000000e+00 0.000000000000000000e+00 0.000000000000000000e+00 0.000000000000000000e+00 1.229353186419975263e-01 0.000000000000000000e+00 0.000000000000000000e+00 0.000000000000000000e+00 0.000000000000000000e+00 1.308627759028295479e-01 1.209387679150649847e-01 2.484841432107965514e-02 0.000000000000000000e+00 0.000000000000000000e+00 2.078351253015541661e-02 1.620952112762945596e-01 1.737977282307502092e-01
1.280581112130243504e-01 1.149405415163824717e-02 3.386935276167264697e-02 0.000000000000000000e+00 9.020878010276038236e-03 1.226218198475869520e-01 2.382171145654973527e-03 5.078949770493215027e-02 1.101949955745615620e-02 9.882496337715112114e-03 0.000000000000000000e+00 1.817068937077683799e-01 8.744893664449736315e-02 0.000000000000000000e+00 0.000000000000000000e+00 1.207281938171624741e-03 0.000000000000000000e+00 3.050710810299861464e-02 1.655821375491367542e-01 1.544097613274704739e-01
5.429899415824332443e-02 2.579996911250938274e-02 0.000000000000000000e+00 1.770470451765474018e-02 6.037281917117461733e-02 1.247005245605235652e-01 6.411323781342384565e-02 3.011788299548805517e-02 0.000000000000000000e+00 0.000000000000000000e+00 0.000000000000000000e+00 1.603409537385626082e-01 0.000000000000000000e+00 6.400443361094611261e-02 0.000000000000000000e+00 2.086945615288321801e-02 0.000000000000000000e+00 1.282493488732178444e-01 1.442875364691456261e-02 2.349989216484580923e-01
1.811955519039597784e-01 4.215368908099934031e-02 7.297033183251332156e-02 9.712224803069570422e-02 2.631244678193322972e-02 1.510789618926838829e-02 1.035601379100120796e-02 9.376549896081301516e-02 0.000000000000000000e+00 0.000000000000000000e+00 0.000000000000000000e+00 3.237972453256560135e-01 4.092840099831988182e-02 5.720725299029326416e-02 2.832582404530095688e-02 0.000000000000000000e+00 0.000000000000000000e+00 0.000000000000000000e+00 4.780619948376907229e-03 5.976980120868910160e-03
1.123878545457468459e-01 0.000000000000000000e+00 0.000000000000000000e+00 8.165598688127426175e-02 1.281900501745092680e-01 1.471587189771701165e-01 0.000000000000000000e+00 3.723985871716406493e-02 0.000000000000000000e+00 0.000000000000000000e+00 2.073067309288847623e-02 2.459968902103472910e-01 3.010181189682680988e-02 8.726921449251766327e-02 0.000000000000000000e+00 0.000000000000000000e+00 0.000000000000000000e+00 5.792848683510492397e-02 5.134045417645041742e-02 0.000000000000000000e+00
1.287951439545838572e-01 4.634701519897833216e-02 8.643280092610527987e-02 2.264295352253995197e-01 0.000000000000000000e+00 2.296786176242370664e-02 0.000000000000000000e+00 9.918639006236917161e-03 0.000000000000000000e+00 0.000000000000000000e+00 0.000000000000000000e+00 1.013376841636399184e-01 0.000000000000000000e+00 3.764945145264152193e-02 0.000000000000000000e+00 1.103256660142633155e-01 3.028883739652581380e-03 0.000000000000000000e+00 1.829944566938804529e-01 4.377286186219454811e-02
1.611113883592341645e-01 0.000000000000000000e+00 0.000000000000000000e+00 1.746549614786053195e-01 2.326663594776546065e-02 0.000000000000000000e+00 0.000000000000000000e+00 9.593018524789262425e-02 1.690013699016589821e-01 1.411005019920896220e-01 0.000000000000000000e+00 0.000000000000000000e+00 0.000000000000000000e+00 0.000000000000000000e+00 1.920242095156197704e-01 4.291074755713417815e-02 0.000000000000000000e+00 0.000000000000000000e+00 0.000000000000000000e+00 0.000000000000000000e+00
2.414736926967676195e-02 1.123225359701470194e-01 8.044165892439872692e-03 2.136140226316629240e-02 0.000000000000000000e+00 4.329093731780411791e-02 0.000000000000000000e+00 1.125895788383312057e-01 3.811672316294551638e-02 1.099411886697156948e-01 0.000000000000000000e+00 2.216299106267250185e-01 0.000000000000000000e+00 8.474735669280474004e-02 1.400234529923939653e-02 7.221631119127840115e-02 0.000000000000000000e+00 0.000000000000000000e+00 0.000000000000000000e+00 1.375901748057258844e-01
0.000000000000000000e+00 1.090759065808625805e-01 0.000000000000000000e+00 0.000000000000000000e+00 0.000000000000000000e+00 1.232025859052744976e-01 0.000000000000000000e+00 0.000000000000000000e+00 0.000000000000000000e+00 0.000000000000000000e+00 0.000000000000000000e+00 2.083210220308769900e-01 9.134667244232699823e-02 1.331811808512237683e-01 0.000000000000000000e+00 0.000000000000000000e+00 0.000000000000000000e+00 1.436942549532299329e-01 3.322188417628983009e-02 1.579564930599154093e-01
6.885575197632157196e-02 5.772497522376035355e-04 0.000000000000000000e+00 4.794124476859369134e-03 0.000000000000000000e+00 2.194736303065245586e-01 0.000000000000000000e+00 1.670700683629344485e-01 5.110588653840797586e-03 0.000000000000000000e+00 0.000000000000000000e+00 2.803071320660437959e-01 0.000000000000000000e+00 1.473936190662118902e-02 0.000000000000000000e+00 0.000000000000000000e+00 0.000000000000000000e+00 1.168390173472068222e-01 0.000000000000000000e+00 1.222330751514097841e-01
1.374562662137816804e-01 4.569372276035085778e-02 1.141469705809966817e-01 3.796569670981579658e-02 2.940098050102430902e-02 1.652325507664765547e-01 0.000000000000000000e+00 0.000000000000000000e+00 1.269937869190721491e-01 0.000000000000000000e+00 1.943113101451269045e-02 1.738151164295718420e-01 0.000000000000000000e+00 1.188223296844304055e-01 3.104144841996713325e-02 0.000000000000000000e+00 0.000000000000000000e+00 0.000000000000000000e+00 0.000000000000000000e+00 0.000000000000000000e+00
6.733778754373895108e-03 1.297751783706779516e-01 6.491429623471366150e-02 1.373835306532730227e-01 0.000000000000000000e+00 0.000000000000000000e+00 0.000000000000000000e+00 2.962938660537961164e-02 0.000000000000000000e+00 0.000000000000000000e+00 0.000000000000000000e+00 4.171904242655445905e-01 0.000000000000000000e+00 0.000000000000000000e+00 7.443628420037073923e-02 0.000000000000000000e+00 1.009382134034023971e-02 0.000000000000000000e+00 1.298432995753263097e-01 0.000000000000000000e+00
6.146283735197283042e-03 4.437193157841175239e-02 5.706405542362471411e-02 0.000000000000000000e+00 1.368283768022500457e-02 3.823898951701097670e-02 0.000000000000000000e+00 1.289629802307268314e-01 1.145394135464160162e-01 0.000000000000000000e+00 0.000000000000000000e+00 1.853486263238711684e-01 0.000000000000000000e+00 1.183013297725637458e-01 2.063263748440322676e-01 1.001091180004757414e-02 2.768209828780351239e-02 3.981903744710488940e-02 9.505129812964292421e-03 0.000000000000000000e+00
0.000000000000000000e+00 2.074203518279338354e-02 3.524452330872079181e-02 1.462340409188259416e-01 0.000000000000000000e+00 0.000000000000000000e+00 1.653546741483979260e-02 2.024171049232577346e-01 0.000000000000000000e+00 0.000000000000000000e+00 0.000000000000000000e+00 2.639123967265967138e-03 5.294368924286822070e-02 0.000000000000000000e+00 2.075775574204646173e-02 0.000000000000000000e+00 0.000000000000000000e+00 7.261949857900078242e-02 1.616547315702853427e-01 2.682120291500956211e-01
2.931461743974636894e-02 0.000000000000000000e+00 0.000000000000000000e+00 1.290708709379389807e-01 0.000000000000000000e+00 1.546105768567934968e-01 4.259657778991177146e-03 1.145578199382106394e-01 9.408804478349101774e-02 6.699377396090308578e-02 0.000000000000000000e+00 1.126100591587000793e-01 0.000000000000000000e+00 0.000000000000000000e+00 6.385362073830663787e-02 0.000000000000000000e+00 0.000000000000000000e+00 1.014097121400691498e-01 2.329908634959821853e-02 1.059321599172510786e-01
1.650575008974246582e-01 4.062420654123784225e-02 0.000000000000000000e+00 0.000000000000000000e+00 2.199989601318612376e-02 3.311993806735960555e-02 0.000000000000000000e+00 1.972419006862731750e-01 0.000000000000000000e+00 6.053812149679187182e-02 4.370899245338891702e-03 2.940425132715169809e-01 0.000000000000000000e+00 0.000000000000000000e+00 1.734098659431568823e-01 0.000000000000000000e+00 0.000000000000000000e+00 0.000000000000000000e+00 0.000000000000000000e+00 9.595157837714080387e-03
8.315941398204515500e-02 0.000000000000000000e+00 0.000000000000000000e+00 1.652696269869697310e-01 0.000000000000000000e+00 0.000000000000000000e+00 0.000000000000000000e+00 0.000000000000000000e+00 0.000000000000000000e+00 0.000000000000000000e+00 0.000000000000000000e+00 2.021498110122695591e-01 0.000000000000000000e+00 0.000000000000000000e+00 2.003581802459288019e-01 0.000000000000000000e+00 0.000000000000000000e+00 1.230930347569920841e-01 2.208417498083084171e-02 2.038857580349638099e-01
5.705539277467634729e-02 0.000000000000000000e+00 1.384823327600264060e-03 0.000000000000000000e+00 1.131018799709484178e-02 1.180127834823013894e-01 0.000000000000000000e+00 7.883980888911337748e-02 1.708661300730740518e-02 0.000000000000000000e+00 0.000000000000000000e+00 1.130244127075336197e-01 3.711438148227302197e-02 7.814520995389132030e-02 0.000000000000000000e+00 2.584034227748943213e-03 0.000000000000000000e+00 1.513563744390169011e-02 1.625555851667256080e-01 3.077511295398321356e-01
0.000000000000000000e+00 1.174090520469313059e-01 0.000000000000000000e+00 1.223771275360398952e-02 0.000000000000000000e+00 8.623882061436123625e-02 0.000000000000000000e+00 0.000000000000000000e+00 0.000000000000000000e+00 0.000000000000000000e+00 4.168060581183203467e-03 2.881657416473951128e-01 1.083069578148091322e-01 1.474464208182682257e-01 1.813413467446740035e-01 0.000000000000000000e+00 0.000000000000000000e+00 0.000000000000000000e+00 0.000000000000000000e+00 5.468588697877370397e-02
0.000000000000000000e+00 0.000000000000000000e+00 0.000000000000000000e+00 1.331450556992634926e-01 3.595617292578470042e-02 1.967913945458758460e-02 0.000000000000000000e+00 7.770422030636106592e-02 6.138902987207354306e-02 0.000000000000000000e+00 0.000000000000000000e+00 2.373078234014829313e-01 0.000000000000000000e+00 1.432840114598268877e-02 0.000000000000000000e+00 0.000000000000000000e+00 0.000000000000000000e+00 9.631898759096255147e-02 1.734920010537597534e-01 1.506791685497417266e-01
1.473816161851749795e-01 1.583486946439054827e-02 0.000000000000000000e+00 0.000000000000000000e+00 1.334820708176956972e-01 5.302456409784557512e-02 0.000000000000000000e+00 0.000000000000000000e+00 6.500226705818483441e-02 0.000000000000000000e+00 0.000000000000000000e+00 1.081914324648081821e-01 1.112148600881258248e-01 7.736498566800885379e-02 0.000000000000000000e+00 0.000000000000000000e+00 0.000000000000000000e+00 0.000000000000000000e+00 1.739447753013424192e-01 1.145585588544230371e-01
1.548338374275472044e-02 1.522044423278610670e-01 0.000000000000000000e+00 1.723708861333529685e-02 9.930423429783093170e-02 1.330770741159216231e-01 0.000000000000000000e+00 2.023042921214850132e-01 0.000000000000000000e+00 0.000000000000000000e+00 0.000000000000000000e+00 4.224896296751955160e-03 2.579364397453926330e-02 1.447577585251367746e-02 0.000000000000000000e+00 5.366012178753201689e-02 0.000000000000000000e+00 4.326381255937186004e-02 1.635973646843282281e-01 7.537386962577438676e-02
1.005614248839632047e-01 3.289201245990068523e-02 3.017729336862907822e-04 1.568226698894129301e-01 5.594563786141186490e-02 0.000000000000000000e+00 8.881895944313451807e-02 6.108669075106890924e-03 1.035261891143283508e-03 0.000000000000000000e+00 0.000000000000000000e+00 0.000000000000000000e+00 0.000000000000000000e+00 0.000000000000000000e+00 2.464277027046157115e-02 1.187237554545623880e-01 4.347897286209022327e-02 1.553199446642190840e-01 5.490943662789591478e-02 1.604387116830111593e-01
0.000000000000000000e+00 1.350860429225595460e-01 0.000000000000000000e+00 2.789148270335998353e-02 0.000000000000000000e+00 0.000000000000000000e+00 0.000000000000000000e+00 0.000000000000000000e+00 0.000000000000000000e+00 1.027357431804629129e-01 0.000000000000000000e+00 1.349897893339803423e-01 0.000000000000000000e+00 1.605108385735639354e-01 1.937175218110178399e-01 8.966150613171185169e-02 0.000000000000000000e+00 0.000000000000000000e+00 0.000000000000000000e+00 1.554070753433436924e-01
0.000000000000000000e+00 8.173142286415024937e-03 0.000000000000000000e+00 2.457830477743251918e-01 2.836437449457650598e-02 9.719979207974471097e-03 0.000000000000000000e+00 1.189824701837081944e-01 0.000000000000000000e+00 0.000000000000000000e+00 0.000000000000000000e+00 2.139788795736054239e-01 2.695178430728850313e-02 1.308494643764576693e-03 1.683689393353536012e-01 0.000000000000000000e+00 5.600733581590532128e-04 1.081113845358538522e-01 3.797066807354347595e-02 3.172676222543229646e-02
1.368879165544965859e-01 8.268257152490525452e-02 0.000000000000000000e+00 0.000000000000000000e+00 0.000000000000000000e+00 0.000000000000000000e+00 0.000000000000000000e+00 0.000000000000000000e+00 0.000000000000000000e+00 0.000000000000000000e+00 0.000000000000000000e+00 3.667698406924569388e-01 8.966559696755249664e-03 0.000000000000000000e+00 2.539383310160428162e-02 0.000000000000000000e+00 0.000000000000000000e+00 2.178342564475735030e-03 1.902761988301081286e-01 1.868447370351979386e-01
0.000000000000000000e+00 6.683204441507201166e-02 0.000000000000000000e+00 2.266684123680499929e-01 0.000000000000000000e+00 5.935408386277821191e-02 0.000000000000000000e+00 0.000000000000000000e+00 0.000000000000000000e+00 0.000000000000000000e+00 0.000000000000000000e+00 1.935164273284845915e-01 1.263091433217932054e-02 2.408637708142647230e-02 9.623869715942168224e-02 0.000000000000000000e+00 3.371415277019532142e-02 2.264456420267247638e-01 5.036469705106785127e-02 1.014855160459986194e-02
2.547769816276419519e-01 0.000000000000000000e+00 1.377869850125841289e-01 0.000000000000000000e+00 0.000000000000000000e+00 0.000000000000000000e+00 0.000000000000000000e+00 0.000000000000000000e+00 1.153931452889863860e-02 0.000000000000000000e+00 0.000000000000000000e+00 1.919739055350401513e-01 8.159520605761626591e-03 1.650132834145485727e-01 1.705232663345696842e-01 0.000000000000000000e+00 0.000000000000000000e+00 2.520995422382031614e-02 0.000000000000000000e+00 3.501678871713508751e-02
0.000000000000000000e+00 1.467185488912794711e-01 0.000000000000000000e+00 0.000000000000000000e+00 1.395535731454047024e-01 0.000000000000000000e+00 0.000000000000000000e+00 0.000000000000000000e+00 1.481842384035487797e-03 6.780823382846382086e-02 0.000000000000000000e+00 2.482130484209843224e-01 0.000000000000000000e+00 0.000000000000000000e+00 2.018058141337541189e-01 0.000000000000000000e+00 0.000000000000000000e+00 9.068401769913126548e-03 0.000000000000000000e+00 1.853505374261650296e-01
0.000000000000000000e+00 0.000000000000000000e+00 2.659973425239083034e-03 1.470002980565826844e-01 0.000000000000000000e+00 1.128479172434632138e-01 0.000000000000000000e+00 1.208387109986078511e-01 0.000000000000000000e+00 0.000000000000000000e+00 0.000000000000000000e+00 1.736895857745352489e-01 0.000000000000000000e+00 0.000000000000000000e+00 1.427247946565807502e-01 5.844447466161653559e-02 0.000000000000000000e+00 0.000000000000000000e+00 1.684836578193834866e-01 7.331058736399098663e-02
0.000000000000000000e+00 0.000000000000000000e+00 0.000000000000000000e+00 1.443965848343699288e-01 0.000000000000000000e+00 3.012871773078206264e-02 0.000000000000000000e+00 0.000000000000000000e+00 7.550888073371939124e-02 0.000000000000000000e+00 0.000000000000000000e+00 2.403747030975735000e-01 0.000000000000000000e+00 0.000000000000000000e+00 0.000000000000000000e+00 4.850076693904216245e-03 6.261545982334636162e-02 1.375034418640830314e-01 1.907599938908303427e-01 1.138621413313910952e-01
4.061701097079212924e-02 7.965021680733382070e-03 1.183605412447921862e-01 1.122051390940898424e-01 3.677359874427842817e-02 2.516501628887971576e-01 2.450662035879233938e-02 1.009601229920171345e-02 0.000000000000000000e+00 0.000000000000000000e+00 3.169287363363491872e-03 1.824835664565522264e-01 0.000000000000000000e+00 2.178080805939416886e-02 0.000000000000000000e+00 2.909245681302195623e-03 7.965886990983658128e-03 1.478885024396385528e-02 1.647282479229633112e-01 0.000000000000000000e+00
1.353701493856209470e-01 0.000000000000000000e+00 0.000000000000000000e+00 0.000000000000000000e+00 3.897704631268273517e-02 0.000000000000000000e+00 0.000000000000000000e+00 0.000000000000000000e+00 1.582415995519973265e-02 0.000000000000000000e+00 0.000000000000000000e+00 1.884334470428726538e-01 0.000000000000000000e+00 0.000000000000000000e+00 1.557699376709767436e-01 0.000000000000000000e+00 0.000000000000000000e+00 0.000000000000000000e+00 1.759547627207359022e-01 2.896704969119112683e-01
1.196428175406961773e-02 4.618186480663855065e-02 1.080384539019432211e-01 1.457729527489814714e-01 4.006114261758583761e-02 1.533647108741340546e-02 0.000000000000000000e+00 1.048507075058792565e-01 0.000000000000000000e+00 1.148129298415086728e-02 1.182931787506977250e-02 1.761584297730365289e-01 0.000000000000000000e+00 9.199745781911398967e-02 0.000000000000000000e+00 4.870487201647493575e-02 0.000000000000000000e+00 0.000000000000000000e+00 0.000000000000000000e+00 1.876227551096424362e-01
1.551053882866974543e-01 1.083299857805850863e-01 0.000000000000000000e+00 8.059478667532811447e-02 0.000000000000000000e+00 9.876254379053343510e-03 0.000000000000000000e+00 7.421387438450776329e-03 0.000000000000000000e+00 0.000000000000000000e+00 2.252585240818387891e-03 8.143247728067834479e-02 1.619718112639815244e-01 8.267888868829204041e-02 1.718642456877194913e-01 0.000000000000000000e+00 0.000000000000000000e+00 1.831993439213534108e-02 0.000000000000000000e+00 1.201522548862601486e-01
1.090391722622979093e-01 0.000000000000000000e+00 3.243067872426923237e-02 0.000000000000000000e+00 1.737166781822447117e-02 3.127110891240564294e-02 0.000000000000000000e+00 1.434310619605808079e-01 9.623267239200025691e-02 2.800230470781928799e-02 0.000000000000000000e+00 2.941087027862092085e-01 2.789997686347301525e-02 0.000000000000000000e+00 0.000000000000000000e+00 0.000000000000000000e+00 0.000000000000000000e+00 4.287973641550346660e-02 1.773329171572165242e-01 0.000000000000000000e+00
0.000000000000000000e+00 0.000000000000000000e+00 0.000000000000000000e+00 1.392510325251125058e-01 3.749450325864518013e-02 1.771182489870740118e-02 3.682581553110254868e-02 0.000000000000000000e+00 9.539604127640163855e-02 0.000000000000000000e+00 1.154634176210280827e-03 1.668770326260682613e-01 0.000000000000000000e+00 0.000000000000000000e+00 1.764898361662313453e-02 9.940281108156144574e-02 4.659896228602639599e-03 1.232630365798324523e-01 0.000000000000000000e+00 2.603143882011325072e-01
0.000000000000000000e+00 8.552705094658880070e-02 0.000000000000000000e+00 1.958708171801047324e-02 0.000000000000000000e+00 0.000000000000000000e+00 0.000000000000000000e+00 0.000000000000000000e+00 1.059907222575636881e-01 0.000000000000000000e+00 0.000000000000000000e+00 2.781349792110904828e-01 3.977878689019257591e-02 1.204484910969139538e-01 1.634634501002066864e-01 1.216035636507273587e-01 0.000000000000000000e+00 4.728002966915932637e-02 0.000000000000000000e+00 1.818584445954659137e-02
0.000000000000000000e+00 9.424070021468329561e-02 0.000000000000000000e+00 1.392700184907727338e-02 0.000000000000000000e+00 1.304698978666930884e-03 0.000000000000000000e+00 0.000000000000000000e+00 0.000000000000000000e+00 0.000000000000000000e+00 0.000000000000000000e+00 1.857290188630136563e-01 7.353119668215357674e-02 1.185459571436074666e-01 1.594026499329786184e-01 8.883067629278802377e-03 0.000000000000000000e+00 1.172401012365214129e-01 6.358216246396096449e-02 1.636134450060579282e-01
4.541543449425392009e-02 1.419736881308092946e-01 0.000000000000000000e+00 8.984986686748837326e-02 0.000000000000000000e+00 6.729714731662587643e-03 0.000000000000000000e+00 1.325697355975647140e-01 0.000000000000000000e+00 1.006344477405650695e-01 0.000000000000000000e+00 1.710529626239258305e-01 1.505572560033597955e-02 1.059877917698271062e-02 7.354528402167624657e-02 0.000000000000000000e+00 0.000000000000000000e+00 0.000000000000000000e+00 2.216693707188138393e-02 1.904074239428537596e-01
1.075393153930318119e-01 4.990518173970485798e-03 0.000000000000000000e+00 0.000000000000000000e+00 4.518787386444546306e-02 0.000000000000000000e+00 0.000000000000000000e+00 2.071376119672810323e-01 1.046627800453213582e-02 0.000000000000000000e+00 0.000000000000000000e+00 9.506878188696621379e-02 0.000000000000000000e+00 1.828148019814914427e-01 0.000000000000000000e+00 6.289967803646059896e-02 0.000000000000000000e+00 0.000000000000000000e+00 1.720410683640520300e-01 1.118540723277687554e-01
1.191910464309619139e-01 0.000000000000000000e+00 1.677802397132638068e-01 4.958468285185530303e-03 2.507179748625301512e-03 8.871253999707291726e-02 1.309693656460089208e-02 0.000000000000000000e+00 6.113435066105732396e-02 6.660413836285013212e-02 0.000000000000000000e+00 9.888497010316253666e-02 1.485524825757062947e-02 9.238516036795550723e-02 1.133488541781877161e-03 0.000000000000000000e+00 0.000000000000000000e+00 0.000000000000000000e+00 2.290719291247257650e-02 2.458490400534390496e-01
7.479999336569788382e-02 0.000000000000000000e+00 2.807750198160791771e-02 1.281622979058533729e-01 0.000000000000000000e+00 0.000000000000000000e+00 0.000000000000000000e+00 0.000000000000000000e+00 2.044941911371304932e-01 0.000000000000000000e+00 0.000000000000000000e+00 9.798846113963248505e-02 0.000000000000000000e+00 0.000000000000000000e+00 1.889056466425359515e-01 0.000000000000000000e+00 1.279931760434104525e-02 1.148614644474834634e-01 1.202596775897253473e-01 2.965144818599206242e-02
