0.000000000000000000e+00 1.253804329659926331e-01 1.514525260940107754e-01 0.000000000000000000e+00 6.816881922021091056e-02 0.000000000000000000e+00 0.000000000000000000e+00 0.000000000000000000e+00 0.000000000000000000e+00 2.473986794431647096e-02 0.000000000000000000e+00 1.638477442442616838e-01 1.258586558887785645e-01 0.000000000000000000e+00 6.391782926809473631e-02 2.597022403804968155e-02 0.000000000000000000e+00 1.395711217627142176e-01 0.000000000000000000e+00 0.000000000000000000e+00 0.000000000000000000e+00 0.000000000000000000e+00 2.587327323778048586e-03 0.000000000000000000e+00 1.085054512497921897e-01
1.477573153431836206e-01 2.093193025524454354e-01 0.000000000000000000e+00 0.000000000000000000e+00 3.783442431360614904e-03 9.198247138862000738e-02 1.345668853618018357e-01 2.829045950611318045e-03 0.000000000000000000e+00 0.000000000000000000e+00 8.873317042242065411e-02 0.000000000000000000e+00 8.691086202620905074e-03 1.008620506787577670e-01 7.894731866078448859e-03 0.000000000000000000e+00 2.398274367216746486e-02 0.000000000000000000e+00 0.000000000000000000e+00 0.000000000000000000e+00 0.000000000000000000e+00 0.000000000000000000e+00 1.795977541299319247e-01 0.000000000000000000e+00 0.000000000000000000e+00
1.015750133000141268e-02 2.173226547648732798e-01 1.002656311151302153e-02 0.000000000000000000e+00 0.000000000000000000e+00 0.000000000000000000e+00 4.211207809250688827e-02 2.753675439370959488e-01 0.000000000000000000e+00 8.943201042474520357e-02 3.740858614669823751e-02 1.000251092109172013e-01 0.000000000000000000e+00 4.693478882070120130e-03 1.999089141384965962e-02 0.000000000000000000e+00 0.000000000000000000e+00 6.729393804189601203e-02 0.000000000000000000e+00 1.089331131679174142e-01 0.000000000000000000e+00 0.000000000000000000e+00 1.723653147591544879e-02 0.000000000000000000e+00 0.000000000000000000e+00
0.000000000000000000e+00 1.612533201255908211e-01 0.000000000000000000e+00 0.000000000000000000e+00 1.496326184659128034e-01 5.516925994654937188e-02 0.000000000000000000e+00 1.678784404760065019e-01 0.000000000000000000e+00 0.000000000000000000e+00 6.518055166873291256e-03 1.773250159332069864e-01 3.691305574124074951e-02 0.000000000000000000e+00 6.042018706183698712e-02 0.000000000000000000e+00 0.000000000000000000e+00 1.983486871894477380e-02 0.000000000000000000e+00 0.000000000000000000e+00 0.000000000000000000e+00 0.000000000000000000e+00 1.650551783638377068e-01 0.000000000000000000e+00 0.000000000000000000e+00
1.960292320666211230e-03 2.996005979669095765e-01 0.000000000000000000e+00 0.000000000000000000e+00 1.580577089314801620e-01 0.000000000000000000e+00 4.990646091068027743e-03 1.790391728657730885e-01 0.000000000000000000e+00 0.000000000000000000e+00 0.000000000000000000e+00 1.809773231658465265e-01 0.000000000000000000e+00 9.677758016380232087e-02 0.000000000000000000e+00 0.000000000000000000e+00 0.000000000000000000e+00 6.230401394110215985e-02 0.000000000000000000e+00 0.000000000000000000e+00 0.000000000000000000e+00 0.000000000000000000e+00 1.629266455335191474e-02 0.000000000000000000e+00 0.000000000000000000e+00
0.000000000000000000e+00 1.593636354098074692e-01 9.778636846533698967e-02 8.242393673640489860e-02 1.581490127582010352e-01 0.000000000000000000e+00 0.000000000000000000e+00 8.465536653187870353e-02 0.000000000000000000e+00 0.000000000000000000e+00 9.832325996831788387e-03 2.154858507021110703e-01 0.000000000000000000e+00 0.000000000000000000e+00 0.000000000000000000e+00 0.000000000000000000e+00 0.000000000000000000e+00 0.000000000000000000e+00 4.487446834658706703e-03 0.000000000000000000e+00 0.000000000000000000e+00 0.000000000000000000e+00 1.539697806643509359e-01 2.729181894860196328e-02 6.554456951816505991e-03
1.226412338623609211e-01 1.624990875123136502e-01 1.596945648886536478e-02 0.000000000000000000e+00 1.734684230682158879e-01 0.000000000000000000e+00 5.320561919270200973e-02 0.000000000000000000e+00 0.000000000000000000e+00 2.447120290257447442e-02 0.000000000000000000e+00 0.000000000000000000e+00 1.455611643737518002e-01 0.000000000000000000e+00 1.433678354849363124e-01 0.000000000000000000e+00 0.000000000000000000e+00 0.000000000000000000e+00 0.000000000000000000e+00 0.000000000000000000e+00 0.000000000000000000e+00 0.000000000000000000e+00 0.000000000000000000e+00 0.000000000000000000e+00 1.588159771142795829e-01
0.000000000000000000e+00 1.070231583092427774e-01 1.257408512855208438e-01 0.000000000000000000e+00 2.424338781249244998e-02 0.000000000000000000e+00 0.000000000000000000e+00 0.000000000000000000e+00 3.077040528745329274e-03 8.942342043684434194e-02 4.976764331165072636e-03 1.072860496536845974e-02 1.341080401156755364e-01 1.169292043079834670e-01 5.900762188632450306e-02 0.000000000000000000e+00 1.191643444252727113e-01 0.000000000000000000e+00 0.000000000000000000e+00 0.000000000000000000e+00 0.000000000000000000e+00 5.315329291009658792e-03 1.700659037738818380e-01 3.019632853047300378e-02 0.000000000000000000e+00
1.382469281028952390e-01 0.000000000000000000e+00 0.000000000000000000e+00 0.000000000000000000e+00 3.028768820866553080e-01 0.000000000000000000e+00 3.162763415069509698e-02 1.599967313921565326e-01 1.879883904176641446e-02 2.818517233731349103e-02 0.000000000000000000e+00 1.666014556976753991e-01 1.486916580342856342e-01 4.974699156557015577e-03 0.000000000000000000e+00 0.000000000000000000e+00 0.000000000000000000e+00 0.000000000000000000e+00 0.000000000000000000e+00 0.000000000000000000e+00 0.000000000000000000e+00 0.000000000000000000e+00 0.000000000000000000e+00 0.000000000000000000e+00 0.000000000000000000e+00
1.264952208228709574e-01 0.000000000000000000e+00 0.000000000000000000e+00 2.461386620136312917e-02 0.000000000000000000e+00 7.306433906967764761e-04 0.000000000000000000e+00 2.132301188938720907e-02 7.309999596575053604e-02 1.334723013243185596e-01 6.078999354380672238e-02 1.745360000050387439e-01 0.000000000000000000e+00 0.000000000000000000e+00 2.631078197222613477e-02 0.000000000000000000e+00 1.179492032512882704e-01 0.000000000000000000e+00 8.118840257852989739e-02 1.166168603481980946e-02 0.000000000000000000e+00 0.000000000000000000e+00 1.478288930199032625e-01 0.000000000000000000e+00 0.000000000000000000e+00
0.000000000000000000e+00 0.000000000000000000e+00 1.257591731223848264e-01 1.561560276210127024e-02 1.535812322293501897e-01 8.593216397314054622e-02 1.029916052823327266e-01 1.574701029301603938e-01 0.000000000000000000e+00 8.092415300037850145e-02 0.000000000000000000e+00 1.538243052084445617e-01 0.000000000000000000e+00 0.000000000000000000e+00 7.942400815162628525e-02 0.000000000000000000e+00 0.000000000000000000e+00 0.000000000000000000e+00 0.000000000000000000e+00 4.447765334008062926e-02 0.000000000000000000e+00 0.000000000000000000e+00 0.000000000000000000e+00 0.000000000000000000e+00 0.000000000000000000e+00
5.107788494218524350e-02 1.787317062334306539e-01 1.076526965883922576e-01 1.271296079981064624e-03 1.527637905209039415e-01 0.000000000000000000e+00 0.000000000000000000e+00 1.792784008721005073e-01 0.000000000000000000e+00 3.001694773040688990e-02 0.000000000000000000e+00 0.000000000000000000e+00 0.000000000000000000e+00 0.000000000000000000e+00 1.261211999686663587e-02 0.000000000000000000e+00 0.000000000000000000e+00 1.330045486050131232e-01 0.000000000000000000e+00 0.000000000000000000e+00 0.000000000000000000e+00 0.000000000000000000e+00 0.000000000000000000e+00 0.000000000000000000e+00 1.535906084307195885e-01
1.536256407532206048e-01 2.451105902604052700e-01 0.000000000000000000e+00 0.000000000000000000e+00 0.000000000000000000e+00 7.470256623925627948e-02 1.536606501358108445e-01 1.809608646555888600e-01 0.000000000000000000e+00 1.917833429812658636e-03 0.000000000000000000e+00 1.289048792098647540e-02 0.000000000000000000e+00 0.000000000000000000e+00 0.000000000000000000e+00 0.000000000000000000e+00 0.000000000000000000e+00 2.827284028738966809e-02 0.000000000000000000e+00 0.000000000000000000e+00 0.000000000000000000e+00 2.337491174829772755e-03 0.000000000000000000e+00 0.000000000000000000e+00 1.465210351426995683e-01
1.437873117453162819e-01 5.191486237321570746e-02 0.000000000000000000e+00 1.339619466177078833e-01 0.000000000000000000e+00 0.000000000000000000e+00 7.221347034196964193e-03 1.485181821079586684e-01 0.000000000000000000e+00 1.077513499362105220e-01 0.000000000000000000e+00 9.125687994641423773e-02 2.406928968161759982e-02 5.559434236925553212e-03 0.000000000000000000e+00 0.000000000000000000e+00 0.000000000000000000e+00 1.299537806214366154e-01 0.000000000000000000e+00 0.000000000000000000e+00 1.340467185399609081e-02 0.000000000000000000e+00 7.850354446248378887e-03 0.000000000000000000e+00 1.347505893987555048e-01
0.000000000000000000e+00 0.000000000000000000e+00 1.574511049404527518e-01 0.000000000000000000e+00 1.023121338238503764e-01 0.000000000000000000e+00 0.000000000000000000e+00 8.034310702021836559e-02 0.000000000000000000e+00 0.000000000000000000e+00 0.000000000000000000e+00 1.843402544075663230e-01 1.514404545575480932e-01 5.137494957594287114e-03 1.006576003569013555e-01 5.582509348309195457e-02 1.413577331181332664e-01 0.000000000000000000e+00 0.000000000000000000e+00 0.000000000000000000e+00 0.000000000000000000e+00 0.000000000000000000e+00 0.000000000000000000e+00 2.113502333464326380e-02 0.000000000000000000e+00
0.000000000000000000e+00 0.000000000000000000e+00 1.382018385322529019e-01 3.001888784365146223e-02 1.523353726877516301e-01 0.000000000000000000e+00 1.750942653994461695e-01 3.707730125836691121e-02 5.018509917121974709e-03 9.254923894102050179e-04 0.000000000000000000e+00 1.495593988883083536e-01 7.546409700639102047e-02 0.000000000000000000e+00 9.077902531032185779e-03 0.000000000000000000e+00 0.000000000000000000e+00 1.210977026538313239e-01 0.000000000000000000e+00 2.993763788260988580e-03 0.000000000000000000e+00 0.000000000000000000e+00 7.169556923716786760e-03 9.596591018045806665e-02 0.000000000000000000e+00
1.655933532880568895e-02 0.000000000000000000e+00 1.295971288824265821e-01 1.095703275756350695e-02 1.125348263247803321e-01 0.000000000000000000e+00 5.365217310470369282e-03 1.820979817177656446e-01 1.408884798188794925e-02 6.534211322031378182e-04 0.000000000000000000e+00 0.000000000000000000e+00 0.000000000000000000e+00 1.157721516508657678e-01 6.648316561511860567e-02 0.000000000000000000e+00 1.545796349864460573e-01 4.273995279847237622e-02 0.000000000000000000e+00 1.246240005673346224e-01 0.000000000000000000e+00 2.053778388759559120e-02 3.409519058263700032e-03 0.000000000000000000e+00 0.000000000000000000e+00
0.000000000000000000e+00 0.000000000000000000e+00 3.053926007353189448e-02 1.085627433702701476e-02 9.780537647991008332e-02 0.000000000000000000e+00 5.889952212343869953e-02 1.781992885629825329e-01 8.601342694056160476e-02 0.000000000000000000e+00 0.000000000000000000e+00 1.584494330939776596e-01 1.374537928040076573e-01 0.000000000000000000e+00 1.255961089298489319e-01 0.000000000000000000e+00 1.161875166547139127e-01 0.000000000000000000e+00 0.000000000000000000e+00 0.000000000000000000e+00 0.000000000000000000e+00 0.000000000000000000e+00 0.000000000000000000e+00 0.000000000000000000e+00 0.000000000000000000e+00
3.397207230049789639e-02 2.074087637446524468e-01 1.437764170582381817e-01 2.544082737881377555e-03 0.000000000000000000e+00 0.000000000000000000e+00 2.039055501061556516e-02 1.304156750686313038e-01 1.090437093171975069e-01 1.114354071254587270e-01 0.000000000000000000e+00 0.000000000000000000e+00 8.219009546728756055e-02 1.964536067819450116e-02 1.214906130894166658e-01 0.000000000000000000e+00 0.000000000000000000e+00 0.000000000000000000e+00 6.749221567651003152e-03 0.000000000000000000e+00 0.000000000000000000e+00 0.000000000000000000e+00 0.000000000000000000e+00 1.093802683427736247e-02 0.000000000000000000e+00
0.000000000000000000e+00 0.000000000000000000e+00 0.000000000000000000e+00 0.000000000000000000e+00 2.644073628824630262e-01 0.000000000000000000e+00 0.000000000000000000e+00 9.712968578391914520e-02 0.000000000000000000e+00 1.359951375124145712e-01 0.000000000000000000e+00 2.789004068015665805e-01 7.452902230728736255e-02 0.000000000000000000e+00 0.000000000000000000e+00 0.000000000000000000e+00 0.000000000000000000e+00 1.394280906852243540e-01 9.610294027124963862e-03 0.000000000000000000e+00 0.000000000000000000e+00 0.000000000000000000e+00 0.000000000000000000e+00 0.000000000000000000e+00 0.000000000000000000e+00
1.730585139176352280e-03 0.000000000000000000e+00 0.000000000000000000e+00 0.000000000000000000e+00 1.974234858933229808e-01 0.000000000000000000e+00 4.343433424475653796e-04 1.798847544086056016e-01 0.000000000000000000e+00 1.387561768301174281e-01 0.000000000000000000e+00 2.384773352996005444e-02 0.000000000000000000e+00 3.417049982052580009e-02 0.000000000000000000e+00 0.000000000000000000e+00 1.328377156446164387e-01 1.311486045347956264e-01 0.000000000000000000e+00 0.000000000000000000e+00 0.000000000000000000e+00 0.000000000000000000e+00 1.979047268046456656e-02 0.000000000000000000e+00 1.399756281759676479e-01
2.092284343555798204e-02 2.224027238140696694e-01 3.146072652655167862e-02 0.000000000000000000e+00 0.000000000000000000e+00 0.000000000000000000e+00 1.185102221891927710e-01 1.236926454575161538e-02 1.273530093483758209e-02 1.439887895183348532e-01 0.000000000000000000e+00 0.000000000000000000e+00 5.969537654522657361e-02 1.036610933126760892e-01 1.374235337912143307e-01 0.000000000000000000e+00 0.000000000000000000e+00 1.349969265666517149e-01 0.000000000000000000e+00 1.833198819935097975e-03 0.000000000000000000e+00 0.000000000000000000e+00 0.000000000000000000e+00 0.000000000000000000e+00 0.000000000000000000e+00
6.796088166494643201e-02 2.205580288641909026e-01 2.560237843268402605e-02 0.000000000000000000e+00 0.000000000000000000e+00 0.000000000000000000e+00 8.084414415229686235e-02 7.693353046363823888e-02 1.134017351322490035e-02 0.000000000000000000e+00 0.000000000000000000e+00 1.149702872340881699e-01 5.228149925561188099e-02 1.228574741089219491e-02 1.110604025183524468e-01 0.000000000000000000e+00 6.570072741201847533e-02 0.000000000000000000e+00 0.000000000000000000e+00 0.000000000000000000e+00 3.380931708472600678e-03 7.637804803938493025e-04 1.185294535862114473e-01 3.778803330297755836e-02 0.000000000000000000e+00
0.000000000000000000e+00 2.972252056954232668e-01 1.467388290716444554e-01 0.000000000000000000e+00 9.779818390894917668e-02 5.780352730129065947e-02 0.000000000000000000e+00 0.000000000000000000e+00 9.928262260223127966e-03 0.000000000000000000e+00 0.000000000000000000e+00 1.689189959941293229e-01 9.263748857630736688e-02 0.000000000000000000e+00 8.597196668826324883e-02 0.000000000000000000e+00 0.000000000000000000e+00 1.964941629671250033e-03 0.000000000000000000e+00 0.000000000000000000e+00 0.000000000000000000e+00 0.000000000000000000e+00 0.000000000000000000e+00 0.000000000000000000e+00 4.101259887409829108e-02
0.000000000000000000e+00 8.212627371963895570e-03 4.229310364084698515e-02 0.000000000000000000e+00 3.337808006988066678e-01 0.000000000000000000e+00 0.000000000000000000e+00 1.809120495492907432e-01 0.000000000000000000e+00 0.000000000000000000e+00 0.000000000000000000e+00 1.929246770528944277e-01 2.900483402892184773e-02 1.497684402371054491e-01 0.000000000000000000e+00 0.000000000000000000e+00 2.756679383962916310e-03 6.426756309585977562e-04 0.000000000000000000e+00 0.000000000000000000e+00 0.000000000000000000e+00 0.000000000000000000e+00 5.970411240524855362e-02 0.000000000000000000e+00 0.000000000000000000e+00
1.218092960318641581e-02 2.908684338587181895e-01 0.000000000000000000e+00 0.000000000000000000e+00 0.000000000000000000e+00 0.000000000000000000e+00 2.392663967184545104e-01 8.132640009111071280e-03 1.198177146500164873e-02 0.000000000000000000e+00 5.209234940973922479e-02 1.877692081531680268e-01 0.000000000000000000e+00 0.000000000000000000e+00 3.307880885401937726e-02 0.000000000000000000e+00 0.000000000000000000e+00 0.000000000000000000e+00 0.000000000000000000e+00 0.000000000000000000e+00 0.000000000000000000e+00 0.000000000000000000e+00 0.000000000000000000e+00 2.468551776396334801e-02 1.399439441646380400e-01
5.020261542548470901e-02 1.580014191518436251e-02 0.000000000000000000e+00 0.000000000000000000e+00 1.562742003791130485e-01 0.000000000000000000e+00 1.111318480251676996e-02 1.625559474475195831e-01 9.103553404588776016e-03 0.000000000000000000e+00 0.000000000000000000e+00 1.749247676906155735e-01 1.370588660509960421e-01 1.435478636103138250e-01 1.455832227914715185e-02 0.000000000000000000e+00 0.000000000000000000e+00 0.000000000000000000e+00 0.000000000000000000e+00 1.248605369945200994e-01 0.000000000000000000e+00 0.000000000000000000e+00 0.000000000000000000e+00 0.000000000000000000e+00 0.000000000000000000e+00
0.000000000000000000e+00 1.512893185548379316e-01 1.406171311283947178e-01 0.000000000000000000e+00 1.831337871436723372e-02 0.000000000000000000e+00 0.000000000000000000e+00 0.000000000000000000e+00 6.747139565771373415e-02 0.000000000000000000e+00 1.614914061011773691e-02 0.000000000000000000e+00 1.144667474006624552e-01 1.021671003758913704e-01 1.942314599093891009e-02 0.000000000000000000e+00 5.548331852989321633e-02 1.181302505609206216e-01 0.000000000000000000e+00 6.439627312391459080e-02 0.000000000000000000e+00 0.000000000000000000e+00 0.000000000000000000e+00 1.320927993523475230e-01 0.000000000000000000e+00
0.000000000000000000e+00 0.000000000000000000e+00 2.646523002141645264e-01 0.000000000000000000e+00 7.216366822640224443e-02 1.154019995632113438e-01 0.000000000000000000e+00 0.000000000000000000e+00 5.462697926597737813e-02 0.000000000000000000e+00 9.275818274818270481e-02 5.637286697886510767e-02 1.294710130845721785e-01 2.068130087464068248e-02 1.399695154051276147e-01 0.000000000000000000e+00 1.788243516025226493e-02 2.082634340281534768e-02 7.439180847832183897e-03 0.000000000000000000e+00 0.000000000000000000e+00 0.000000000000000000e+00 7.754214227956293323e-03 0.000000000000000000e+00 0.000000000000000000e+00
0.000000000000000000e+00 1.632161327481887469e-01 1.492993187936777211e-01 3.757201409110894758e-02 4.577233277628681152e-02 3.188229278130868920e-03 7.843793610108575065e-02 0.000000000000000000e+00 9.561135042320308142e-02 3.900525004811478819e-02 0.000000000000000000e+00 0.000000000000000000e+00 0.000000000000000000e+00 0.000000000000000000e+00 1.457029374742943306e-01 0.000000000000000000e+00 0.000000000000000000e+00 0.000000000000000000e+00 7.313074395308170883e-03 9.969189553960605688e-02 0.000000000000000000e+00 0.000000000000000000e+00 0.000000000000000000e+00 4.321085686129283281e-03 1.308684426448653848e-01
1.394867858335920308e-01 2.869687415726345225e-01 0.000000000000000000e+00 0.000000000000000000e+00 0.000000000000000000e+00 0.000000000000000000e+00 0.000000000000000000e+00 2.208724179601177784e-02 0.000000000000000000e+00 1.454615077070465501e-01 0.000000000000000000e+00 0.000000000000000000e+00 0.000000000000000000e+00 1.012928028546452031e-01 1.884973291942743379e-01 0.000000000000000000e+00 0.000000000000000000e+00 6.401976445327149656e-02 7.172682789792541799e-03 0.000000000000000000e+00 0.000000000000000000e+00 0.000000000000000000e+00 4.501314379873153082e-02 0.000000000000000000e+00 0.000000000000000000e+00
0.000000000000000000e+00 0.000000000000000000e+00 3.637853880424195274e-02 0.000000000000000000e+00 1.420367134696583211e-02 0.000000000000000000e+00 2.057021059087791870e-01 1.675767430881784092e-01 0.000000000000000000e+00 1.143022023412533367e-01 0.000000000000000000e+00 0.000000000000000000e+00 1.097921885282207438e-01 5.193080481144693450e-02 3.590513950670570081e-02 0.000000000000000000e+00 0.000000000000000000e+00 2.654692181930563832e-02 1.090021795459147486e-01 1.123974104252595529e-01 0.000000000000000000e+00 0.000000000000000000e+00 1.626209387372793552e-02 0.000000000000000000e+00 0.000000000000000000e+00
0.000000000000000000e+00 0.000000000000000000e+00 0.000000000000000000e+00 2.736701156099392851e-02 1.570305342859140418e-01 2.241425002995180507e-02 1.321336676172449875e-01 1.582391171686320097e-01 0.000000000000000000e+00 2.848946221272570783e-03 2.010944697234788234e-02 1.804419829496670402e-01 0.000000000000000000e+00 1.454953165050813443e-02 0.000000000000000000e+00 0.000000000000000000e+00 1.470542622273654509e-01 0.000000000000000000e+00 0.000000000000000000e+00 0.000000000000000000e+00 0.000000000000000000e+00 8.665729366141076973e-02 0.000000000000000000e+00 5.115395565469131600e-02 0.000000000000000000e+00
0.000000000000000000e+00 0.000000000000000000e+00 0.000000000000000000e+00 0.000000000000000000e+00 3.194953223727653446e-01 1.363905057009369148e-01 1.198072227820040775e-01 4.319147488290950992e-02 0.000000000000000000e+00 2.846348123806853245e-02 0.000000000000000000e+00 6.581437561785198620e-02 1.448811811546972250e-01 1.163495069465947905e-02 1.875914230871485568e-03 0.000000000000000000e+00 0.000000000000000000e+00 1.259738777011978617e-01 0.000000000000000000e+00 0.000000000000000000e+00 0.000000000000000000e+00 0.000000000000000000e+00 2.471693624037506632e-03 0.000000000000000000e+00 0.000000000000000000e+00
0.000000000000000000e+00 1.454626403009578184e-01 1.189503166053124256e-01 0.000000000000000000e+00 1.257712875402617614e-01 7.947857911535637088e-02 1.023201998252681877e-01 6.010031199111050271e-02 0.000000000000000000e+00 0.000000000000000000e+00 6.440469709588619515e-03 2.780547605782401344e-01 0.000000000000000000e+00 3.802454897789109972e-02 2.029775633545656890e-02 0.000000000000000000e+00 0.000000000000000000e+00 0.000000000000000000e+00 0.000000000000000000e+00 0.000000000000000000e+00 0.000000000000000000e+00 1.247526060186554889e-02 0.000000000000000000e+00 0.000000000000000000e+00 1.262386841869093251e-02
1.336630461809668602e-01 0.000000000000000000e+00 0.000000000000000000e+00 1.968071220877613478e-02 1.735879494066291107e-01 2.300362964772184604e-02 3.010586654763908014e-03 0.000000000000000000e+00 0.000000000000000000e+00 1.176193873582713906e-01 0.000000000000000000e+00 1.794485885347124332e-01 2.192774919106885156e-02 0.000000000000000000e+00 0.000000000000000000e+00 3.863312318023204989e-02 0.000000000000000000e+00 1.388913279676831647e-01 6.195616529750189172e-03 1.150201140868106625e-01 0.000000000000000000e+00 0.000000000000000000e+00 0.000000000000000000e+00 0.000000000000000000e+00 2.931816905261332845e-02
4.563828981099463632e-03 1.223154349386522260e-01 1.176458737347276656e-01 2.188612085318786260e-02 9.441822693398840838e-03 0.000000000000000000e+00 3.697809630659540468e-03 2.817272351306466804e-01 0.000000000000000000e+00 0.000000000000000000e+00 0.000000000000000000e+00 1.993074718561108072e-02 4.181026996068955975e-02 0.000000000000000000e+00 5.484525533882258358e-02 0.000000000000000000e+00 1.312823348004538981e-01 0.000000000000000000e+00 0.000000000000000000e+00 0.000000000000000000e+00 0.000000000000000000e+00 0.000000000000000000e+00 4.910354841150798427e-02 1.268558494905732970e-01 1.489386884996945874e-02
1.131615662010430207e-01 1.054958870219000313e-03 1.748678356963589628e-02 0.000000000000000000e+00 1.700173546425229887e-01 1.299377655592105496e-01 7.874300223115145159e-03 2.077173320388780650e-02 0.000000000000000000e+00 1.555804749248570484e-01 0.000000000000000000e+00 1.641624350503544383e-01 0.000000000000000000e+00 2.065573840728094496e-02 0.000000000000000000e+00 0.000000000000000000e+00 1.468080514086423372e-01 0.000000000000000000e+00 0.000000000000000000e+00 0.000000000000000000e+00 0.000000000000000000e+00 2.679242291040951837e-03 0.000000000000000000e+00 0.000000000000000000e+00 4.980959564818990271e-02
0.000000000000000000e+00 1.803469967102866445e-01 1.565873333128898759e-01 0.000000000000000000e+00 1.695551098171042270e-01 1.198082137600956637e-01 8.864685472827336932e-03 0.000000000000000000e+00 0.000000000000000000e+00 0.000000000000000000e+00 0.000000000000000000e+00 1.384972705729164699e-01 1.045875189395193694e-01 0.000000000000000000e+00 4.473085947053281886e-02 0.000000000000000000e+00 0.000000000000000000e+00 3.684124722319015444e-02 0.000000000000000000e+00 0.000000000000000000e+00 0.000000000000000000e+00 0.000000000000000000e+00 0.000000000000000000e+00 4.018076472063736304e-02 0.000000000000000000e+00
0.000000000000000000e+00 4.661695758851077537e-02 1.497901719983316671e-01 1.025648294224941609e-01 1.189892644454629278e-02 1.590677160193912365e-02 0.000000000000000000e+00 9.083201535613746880e-02 1.314681205485493942e-01 5.850554350970094825e-02 0.000000000000000000e+00 0.000000000000000000e+00 1.614400689967974631e-02 9.139225230320070781e-02 0.000000000000000000e+00 0.000000000000000000e+00 0.000000000000000000e+00 1.360211522645563553e-01 0.000000000000000000e+00 3.967690449654154988e-02 9.710604519821461333e-02 1.207630236759725355e-02 0.000000000000000000e+00 0.000000000000000000e+00 0.000000000000000000e+00
0.000000000000000000e+00 1.281649076709591439e-01 1.474567477864215936e-01 0.000000000000000000e+00 2.562676676687050126e-01 0.000000000000000000e+00 2.738070365130624087e-02 1.572582733259461352e-01 0.000000000000000000e+00 0.000000000000000000e+00 0.000000000000000000e+00 3.758175059333224155e-02 3.727218426597658785e-02 6.768970881366924430e-02 1.359531357706994237e-01 0.000000000000000000e+00 0.000000000000000000e+00 0.000000000000000000e+00 3.649252538678808121e-03 0.000000000000000000e+00 0.000000000000000000e+00 0.000000000000000000e+00 0.000000000000000000e+00 1.325667914305563109e-03 0.000000000000000000e+00
0.000000000000000000e+00 0.000000000000000000e+00 2.066048117817561279e-03 0.000000000000000000e+00 3.528208649539751329e-01 0.000000000000000000e+00 6.228357551445799778e-02 0.000000000000000000e+00 1.408981843677069301e-03 0.000000000000000000e+00 0.000000000000000000e+00 1.875014959553220339e-01 1.621387094428139442e-01 0.000000000000000000e+00 1.390156195273139182e-02 0.000000000000000000e+00 2.799074120809379174e-02 0.000000000000000000e+00 4.271345965451501386e-02 0.000000000000000000e+00 0.000000000000000000e+00 0.000000000000000000e+00 1.471745613565960398e-01 0.000000000000000000e+00 0.000000000000000000e+00
1.513671321278269588e-01 1.233260418965726052e-01 0.000000000000000000e+00 0.000000000000000000e+00 0.000000000000000000e+00 1.202693711858285469e-01 8.312860209741541884e-02 0.000000000000000000e+00 5.605266236788293208e-03 2.946411464276594422e-02 6.356739445859281579e-02 7.936137592672441732e-02 1.386949572822671894e-01 2.977670902123080374e-02 0.000000000000000000e+00 0.000000000000000000e+00 0.000000000000000000e+00 6.119029380694602366e-03 0.000000000000000000e+00 0.000000000000000000e+00 4.082004513789621279e-03 0.000000000000000000e+00 1.351283340694348634e-01 3.010966716006796898e-02 0.000000000000000000e+00
0.000000000000000000e+00 4.136815697162453918e-03 1.554566531152585807e-01 0.000000000000000000e+00 9.801841480355739933e-03 0.000000000000000000e+00 0.000000000000000000e+00 1.991335037791826246e-01 8.736833322383336228e-04 1.184433509105850685e-01 6.449004557100196204e-03 1.441352089107354184e-01 5.129199599936456327e-02 0.000000000000000000e+00 1.450896975983659298e-01 0.000000000000000000e+00 1.314640266650258724e-02 1.066254649615184791e-01 9.210352695641670778e-03 0.000000000000000000e+00 1.809080327801949536e-02 0.000000000000000000e+00 1.811522101796872106e-02 0.000000000000000000e+00 0.000000000000000000e+00
0.000000000000000000e+00 1.445103741770592531e-01 2.575627362866609871e-01 0.000000000000000000e+00 1.509537878696940172e-01 0.000000000000000000e+00 0.000000000000000000e+00 8.253931984227251550e-02 0.000000000000000000e+00 1.243232087599476232e-01 2.717605233453902411e-02 1.382157597803200799e-01 0.000000000000000000e+00 6.647614802416781932e-03 0.000000000000000000e+00 5.904656818759252551e-02 0.000000000000000000e+00 0.000000000000000000e+00 0.000000000000000000e+00 0.000000000000000000e+00 0.000000000000000000e+00 0.000000000000000000e+00 9.024577959497149041e-03 0.000000000000000000e+00 0.000000000000000000e+00
