8.315985093165332784e-03 1.903780546846114141e-01 4.859286497464254673e-03 3.355164918118785228e-02 0.000000000000000000e+00 0.000000000000000000e+00 0.000000000000000000e+00 0.000000000000000000e+00 1.006318603374479481e-01 1.054126059620884570e-01 2.803218172842273162e-02 1.163771813995854026e-01 2.670772259078315822e-02 5.763875005889113751e-02 1.992270088384830856e-02 1.011564732782504888e-01 1.614480056628418703e-02 4.107655901058474696e-02 6.565785713569276781e-03 1.432284030138152031e-01
3.049407374810664609e-02 0.000000000000000000e+00 0.000000000000000000e+00 3.498464907296629511e-01 6.576975484842546849e-02 8.978002728610068664e-03 0.000000000000000000e+00 3.293253980569976237e-03 1.755186762697523994e-01 1.323305158733673048e-02 7.509348003376759006e-02 9.390855640162916462e-02 7.751153141050371245e-03 0.000000000000000000e+00 0.000000000000000000e+00 0.000000000000000000e+00 1.051003803288956887e-02 1.656034684981990135e-01 0.000000000000000000e+00 0.000000000000000000e+00
1.620706363838439745e-01 1.066629094197058675e-01 0.000000000000000000e+00 1.071033844331146720e-02 7.135952725353170156e-02 1.561021557906666912e-01 8.414361254527273626e-02 9.846286888664634862e-02 1.514175232175506980e-01 0.000000000000000000e+00 5.296095065401697742e-03 3.848143495428975238e-03 1.620447358925043713e-02 9.780129403361306761e-02 2.536666457617067078e-02 0.000000000000000000e+00 9.765698100999179246e-03 0.000000000000000000e+00 0.000000000000000000e+00 7.880591986066283472e-04
0.000000000000000000e+00 1.827912807550825247e-01 0.000000000000000000e+00 1.700904704157628344e-01 0.000000000000000000e+00 0.000000000000000000e+00 0.000000000000000000e+00 0.000000000000000000e+00 1.754692376467355819e-01 1.891764813089831521e-01 2.243425126432225733e-02 7.168206852739736346e-02 1.167348739335357377e-01 0.000000000000000000e+00 0.000000000000000000e+00 0.000000000000000000e+00 6.608175636086034699e-02 0.000000000000000000e+00 0.000000000000000000e+00 5.539579787320309846e-03
0.000000000000000000e+00 1.459853474740686885e-01 0.000000000000000000e+00 1.690153918327176319e-01 1.127266825726822436e-01 1.542946892623518196e-01 1.310923558666258204e-01 0.000000000000000000e+00 0.000000000000000000e+00 9.762131691432167357e-02 0.000000000000000000e+00 0.000000000000000000e+00 1.553553487584219406e-02 0.000000000000000000e+00 6.440345971841656509e-04 0.000000000000000000e+00 2.910249154092187790e-02 1.287990312776801129e-03 1.426941647505071409e-01 0.000000000000000000e+00
1.335574879691742156e-01 1.918045850782170714e-01 7.698021874071727527e-03 0.000000000000000000e+00 4.883171131574411128e-02 1.842954705178695418e-02 1.469615929204695637e-01 2.907845350335899193e-01 1.206660509171647577e-02 0.000000000000000000e+00 3.329172204216680059e-02 6.094387898128430375e-02 0.000000000000000000e+00 0.000000000000000000e+00 0.000000000000000000e+00 4.137473834705025777e-02 1.425557429472854368e-02 0.000000000000000000e+00 0.000000000000000000e+00 0.000000000000000000e+00
1.125561666858889975e-01 5.977885456608338088e-02 0.000000000000000000e+00 1.969235338136374885e-02 9.060920808461822573e-02 1.702918093969770508e-01 0.000000000000000000e+00 4.156449548576233305e-02 1.847844441251957903e-01 1.491774713432156285e-01 3.470626620272350416e-02 0.000000000000000000e+00 1.290844682890603945e-01 0.000000000000000000e+00 0.000000000000000000e+00 0.000000000000000000e+00 0.000000000000000000e+00 7.754462439111049765e-03 0.000000000000000000e+00 0.000000000000000000e+00
1.598786753298761520e-01 1.738257619873054272e-02 6.251777315239466504e-02 0.000000000000000000e+00 0.000000000000000000e+00 7.070723055439781524e-02 1.864581754435083727e-01 9.939206205428123553e-02 0.000000000000000000e+00 0.000000000000000000e+00 0.000000000000000000e+00 1.541973233723739067e-01 0.000000000000000000e+00 8.166544551052486167e-02 0.000000000000000000e+00 0.000000000000000000e+00 1.126551606440216735e-02 0.000000000000000000e+00 1.414160096497650010e-01 1.511921266974522449e-02
0.000000000000000000e+00 1.532522214448738818e-01 0.000000000000000000e+00 1.467032425579715693e-01 0.000000000000000000e+00 1.628597644731922534e-01 0.000000000000000000e+00 0.000000000000000000e+00 5.957026236208841363e-02 1.315635598679461560e-01 0.000000000000000000e+00 0.000000000000000000e+00 6.370332089817004606e-02 1.353314712853252721e-01 1.243407709659851701e-01 0.000000000000000000e+00 0.000000000000000000e+00 1.865237063238609286e-02 4.023015512061092758e-03 0.000000000000000000e+00
3.943857720607885087e-02 1.408432354049626301e-01 0.000000000000000000e+00 5.680280781600655776e-02 0.000000000000000000e+00 2.075182659103142271e-02 1.276345320409620065e-01 1.425357851609562743e-01 0.000000000000000000e+00 2.038381240037168696e-01 0.000000000000000000e+00 4.879112058240042682e-03 0.000000000000000000e+00 0.000000000000000000e+00 2.039735572092497840e-02 1.141123112003930296e-01 3.331278938158244163e-02 0.000000000000000000e+00 0.000000000000000000e+00 9.545354341514493413e-02
2.881889599802207047e-01 1.926265175322871004e-01 0.000000000000000000e+00 0.000000000000000000e+00 0.000000000000000000e+00 6.745271512190230065e-03 1.148697225535018351e-02 0.000000000000000000e+00 1.750481312012057145e-01 4.456223851211880971e-02 0.000000000000000000e+00 4.470755831011757192e-02 0.000000000000000000e+00 0.000000000000000000e+00 0.000000000000000000e+00 0.000000000000000000e+00 7.939665048571295514e-02 1.433174260088971863e-01 1.392027420189939635e-02 0.000000000000000000e+00
2.462105710427114555e-02 1.306210596866921592e-01 0.000000000000000000e+00 0.000000000000000000e+00 0.000000000000000000e+00 1.613458409793899484e-01 0.000000000000000000e+00 0.000000000000000000e+00 0.000000000000000000e+00 1.926638552351295774e-01 0.000000000000000000e+00 1.631150890142973597e-01 6.000811576322613757e-03 4.238831840889578976e-04 2.553475901403372619e-02 1.393811137759975831e-02 0.000000000000000000e+00 1.563905169331623601e-01 0.000000000000000000e+00 1.253450158950124294e-01
6.419252136988812252e-02 0.000000000000000000e+00 0.000000000000000000e+00 0.000000000000000000e+00 0.000000000000000000e+00 1.436032691116647941e-01 0.000000000000000000e+00 1.273074457763980621e-02 2.115047199540994183e-01 1.239961288882386603e-01 2.911759252007792981e-02 4.994350870387853636e-02 1.292951880887485416e-01 0.000000000000000000e+00 0.000000000000000000e+00 0.000000000000000000e+00 6.641435410009095819e-02 1.552060844950792218e-01 0.000000000000000000e+00 1.399588819059374364e-02
2.406637079454684303e-01 1.667719043041271665e-01 0.000000000000000000e+00 0.000000000000000000e+00 0.000000000000000000e+00 1.822313898224617312e-01 0.000000000000000000e+00 9.590802673988722826e-02 0.000000000000000000e+00 0.000000000000000000e+00 0.000000000000000000e+00 1.573968429698999541e-02 0.000000000000000000e+00 0.000000000000000000e+00 1.232475683011774459e-01 8.750357252235653471e-02 0.000000000000000000e+00 8.793414606753149898e-02 0.000000000000000000e+00 0.000000000000000000e+00
1.652630229924552940e-01 1.100421871178366567e-01 0.000000000000000000e+00 1.481056783689416734e-01 0.000000000000000000e+00 1.897613922749303295e-01 0.000000000000000000e+00 0.000000000000000000e+00 1.521274841838571035e-01 1.644653534026194741e-01 2.021164722004334391e-02 0.000000000000000000e+00 0.000000000000000000e+00 2.690615174145155608e-02 0.000000000000000000e+00 0.000000000000000000e+00 0.000000000000000000e+00 2.311708269786452372e-02 0.000000000000000000e+00 0.000000000000000000e+00
0.000000000000000000e+00 0.000000000000000000e+00 0.000000000000000000e+00 8.425615741966509253e-02 0.000000000000000000e+00 0.000000000000000000e+00 5.706373745783261536e-02 1.338550943497976986e-01 0.000000000000000000e+00 2.928845597982717829e-03 7.255795953360380871e-03 3.078338285254735365e-02 3.787432594740548775e-02 1.530870016622090657e-01 9.011437244701642202e-02 2.007001205652440140e-02 0.000000000000000000e+00 1.992093941288612391e-01 8.388524875161011002e-03 1.751133552516366543e-01
1.132069607860439753e-01 0.000000000000000000e+00 0.000000000000000000e+00 0.000000000000000000e+00 9.195660545406444952e-02 1.548636806466291149e-01 6.042772515976274628e-02 7.557201718104303301e-02 1.480475697664380974e-01 4.393044958573461695e-02 1.210298462268204756e-01 4.603746033588099196e-02 0.000000000000000000e+00 5.303848095584129396e-02 0.000000000000000000e+00 6.106895208910853579e-02 0.000000000000000000e+00 1.712937664791801956e-02 8.796591973226188313e-04 1.281121596739208564e-02
1.091715387738964455e-01 1.758202444776144069e-02 0.000000000000000000e+00 0.000000000000000000e+00 1.853788871272757377e-02 5.510041613423909135e-02 1.024863828348870909e-01 2.301644647604688398e-01 2.362150311062260685e-02 7.118187599358567763e-02 1.321266424078450285e-03 1.347250695420380562e-01 2.851750159503048040e-03 1.385649327407998954e-01 0.000000000000000000e+00 1.628340437306784790e-03 5.573295488773317291e-02 3.732959104035180053e-02 0.000000000000000000e+00 0.000000000000000000e+00
1.380083228301137444e-01 5.267385916310261124e-02 0.000000000000000000e+00 1.605895793642038438e-01 0.000000000000000000e+00 0.000000000000000000e+00 0.000000000000000000e+00 0.000000000000000000e+00 2.276724099200862772e-01 1.604586439487521443e-01 0.000000000000000000e+00 5.957875655341463711e-02 0.000000000000000000e+00 0.000000000000000000e+00 0.000000000000000000e+00 0.000000000000000000e+00 2.218980841597206419e-02 1.497590183298226352e-01 0.000000000000000000e+00 2.906960147453212587e-02
1.542789741438385931e-01 0.000000000000000000e+00 1.109238508287230807e-01 0.000000000000000000e+00 1.649250587546323699e-01 1.557658463613140754e-01 0.000000000000000000e+00 0.000000000000000000e+00 1.763972425414679357e-01 3.222757629784227945e-02 1.336197282909797751e-02 4.866500428724298416e-03 0.000000000000000000e+00 6.275590615852355385e-03 0.000000000000000000e+00 1.195101743060115601e-01 0.000000000000000000e+00 0.000000000000000000e+00 0.000000000000000000e+00 6.146721289249552217e-02
0.000000000000000000e+00 8.518500251695047820e-02 0.000000000000000000e+00 1.769217688915581954e-01 0.000000000000000000e+00 2.043008147943849717e-01 8.646763496912628034e-04 1.823723797575874106e-01 1.908871338681686347e-01 5.786340946664420698e-02 3.216540191126084081e-02 4.298693559731976178e-03 1.727705098092678637e-02 0.000000000000000000e+00 0.000000000000000000e+00 1.178529590075334983e-02 0.000000000000000000e+00 0.000000000000000000e+00 0.000000000000000000e+00 3.607837200234174230e-02
5.775233077789180408e-02 1.216267308691315885e-01 8.386510608963608070e-04 0.000000000000000000e+00 0.000000000000000000e+00 0.000000000000000000e+00 2.293759374778334484e-02 3.428384109988723977e-02 1.283517324090877321e-01 9.646193785518170647e-04 1.303303007080233028e-02 1.356577161629304307e-01 8.869745937127475333e-02 0.000000000000000000e+00 1.080129750881473755e-01 2.915535985413903255e-02 0.000000000000000000e+00 9.515882220164618988e-02 0.000000000000000000e+00 1.635291379078299689e-01
1.269524154700171249e-03 1.923210014839436474e-02 0.000000000000000000e+00 1.704595646554464272e-01 4.252471854681336518e-04 1.500521346130457290e-01 0.000000000000000000e+00 1.011154417002270156e-01 1.614956002538535385e-01 1.834083239163569468e-01 9.185737535412044630e-02 5.469469587362567678e-03 1.137161448355360031e-02 0.000000000000000000e+00 1.597531356300395389e-02 2.810198813987935598e-02 0.000000000000000000e+00 0.000000000000000000e+00 0.000000000000000000e+00 5.976630224458775315e-02
1.093677615346319923e-02 1.608885182991887930e-01 4.036213382609886674e-04 0.000000000000000000e+00 0.000000000000000000e+00 1.832124372749907859e-01 1.291408451883613584e-01 4.586905058243862486e-03 1.602792006857252927e-01 0.000000000000000000e+00 1.015537676203210303e-02 0.000000000000000000e+00 1.629878872165863371e-02 2.572963773740349347e-01 0.000000000000000000e+00 5.959103270920286521e-02 0.000000000000000000e+00 0.000000000000000000e+00 7.210120434837136334e-03 0.000000000000000000e+00
1.738484634804025875e-01 1.163546614705414511e-01 0.000000000000000000e+00 4.988199436855579594e-02 0.000000000000000000e+00 1.792727050669380706e-01 1.467708771514311672e-01 1.069307156219774652e-01 1.840024884657791016e-01 0.000000000000000000e+00 4.293809437437436094e-02 0.000000000000000000e+00 0.000000000000000000e+00 0.000000000000000000e+00 0.000000000000000000e+00 0.000000000000000000e+00 0.000000000000000000e+00 0.000000000000000000e+00 0.000000000000000000e+00 0.000000000000000000e+00
8.432678445699180736e-02 0.000000000000000000e+00 0.000000000000000000e+00 9.098541875471098314e-03 0.000000000000000000e+00 0.000000000000000000e+00 1.265608504034673731e-01 3.324688277330212910e-02 1.125227492338902596e-01 1.210563051171186927e-01 3.683938663232008692e-02 2.542921470922062527e-02 0.000000000000000000e+00 1.448720381244850419e-01 0.000000000000000000e+00 4.468445702553745791e-03 2.633064186493803624e-02 1.248295326233620807e-02 1.250616000650156823e-01 1.377036057788889600e-01
2.371633851007409477e-01 6.090316882543246602e-02 1.410523240691994619e-02 1.940233578114803903e-01 0.000000000000000000e+00 7.198130328777678499e-02 0.000000000000000000e+00 1.485870017920766506e-01 0.000000000000000000e+00 0.000000000000000000e+00 0.000000000000000000e+00 2.706481184872805978e-01 0.000000000000000000e+00 0.000000000000000000e+00 0.000000000000000000e+00 0.000000000000000000e+00 0.000000000000000000e+00 0.000000000000000000e+00 2.588432288292239793e-03 0.000000000000000000e+00
7.596986631636989951e-02 1.283395157910434126e-01 0.000000000000000000e+00 1.279659665414341063e-01 0.000000000000000000e+00 1.642575174276535432e-01 5.156095744443412593e-02 7.327886043322592857e-02 1.578848316276172392e-01 9.148523936168613535e-02 0.000000000000000000e+00 4.113792393619649518e-02 2.462607956579974597e-02 2.017138654734484601e-02 0.000000000000000000e+00 5.096699242366845017e-04 0.000000000000000000e+00 1.127417042894021670e-02 0.000000000000000000e+00 3.153801465401766951e-02
1.175538103732710199e-01 1.406366104463884492e-01 0.000000000000000000e+00 1.528812359138752575e-01 2.329715851019179690e-02 2.163337115024771828e-01 1.511451063807412731e-01 8.363755740131216532e-02 0.000000000000000000e+00 2.849404892967236438e-02 0.000000000000000000e+00 5.939268660692460788e-02 0.000000000000000000e+00 0.000000000000000000e+00 1.911283153724913607e-03 1.195268139326963013e-02 0.000000000000000000e+00 1.170879385458112494e-02 1.055315533570282171e-03 0.000000000000000000e+00
1.154753692612521011e-02 0.000000000000000000e+00 6.003780436021385024e-03 0.000000000000000000e+00 7.757632658319717212e-02 1.741258286160899116e-01 0.000000000000000000e+00 6.437486980092979941e-03 2.437066876854690756e-01 0.000000000000000000e+00 0.000000000000000000e+00 4.222757343655626251e-03 2.183240925347280925e-02 7.190803277324232801e-02 1.522365024552252144e-01 0.000000000000000000e+00 3.862568488285897383e-02 1.809755259083045964e-01 1.080144015624478517e-02 0.000000000000000000e+00
