2.536412379242574539e-02 0.000000000000000000e+00 0.000000000000000000e+00 8.097749516848159329e-03 4.354548935517862235e-02 8.450523901671258553e-02 0.000000000000000000e+00 1.010037528617953968e-03 0.000000000000000000e+00 0.000000000000000000e+00 5.659449169196994513e-03 2.828608432088490221e-01 1.366058407786139850e-01 0.000000000000000000e+00 1.011812742082651359e-02 1.060575721975161312e-01 0.000000000000000000e+00 1.638464464465955728e-01 1.323290815686186117e-01 0.000000000000000000e+00
9.611589805359097363e-03 8.116171545598695192e-02 0.000000000000000000e+00 1.449257441416522962e-01 1.834828923519190788e-02 3.090422121482900783e-02 6.578861860332238520e-02 0.000000000000000000e+00 1.550234254641393028e-01 8.286854542762206455e-03 9.946825788954657965e-03 1.886689294501353031e-01 0.000000000000000000e+00 1.897438573917397536e-02 0.000000000000000000e+00 0.000000000000000000e+00 0.000000000000000000e+00 1.082145665153825681e-01 1.528405722465144834e-01 7.304261796595989086e-03
0.000000000000000000e+00 0.000000000000000000e+00 4.837263847852603729e-03 9.827704616614819574e-03 1.383697143719535561e-01 1.254636891099232890e-02 1.585589314218441570e-01 1.901377962618182871e-01 1.420452001008946086e-01 0.000000000000000000e+00 1.899584727765265407e-02 0.000000000000000000e+00 1.149127105176077877e-02 4.034111694290160727e-02 0.000000000000000000e+00 0.000000000000000000e+00 0.000000000000000000e+00 1.477238514153266236e-01 0.000000000000000000e+00 1.251249337803879980e-01
8.767406211322964493e-03 0.000000000000000000e+00 0.000000000000000000e+00 0.000000000000000000e+00 8.435858072289718901e-02 1.297211429603507271e-01 1.433854824209671551e-02 8.117344971519742380e-02 1.252971205845119784e-01 3.098915639373684208e-02 3.635330708949970763e-02 7.572099708161498730e-03 1.378839115397829385e-01 0.000000000000000000e+00 0.000000000000000000e+00 3.582413365572721664e-02 8.436638385042884505e-03 1.453144584479152401e-01 1.515450650854129888e-01 2.424981258343598348e-03
5.805925070206241836e-03 0.000000000000000000e+00 0.000000000000000000e+00 4.762951024036340270e-03 4.833819296011221400e-02 3.850443105479371686e-02 0.000000000000000000e+00 9.965537407256415403e-02 0.000000000000000000e+00 0.000000000000000000e+00 0.000000000000000000e+00 1.461104984690199393e-01 1.905794215009209147e-01 5.480775671045552688e-02 3.523190958227720437e-02 0.000000000000000000e+00 0.000000000000000000e+00 1.139558479193771290e-01 1.355827518379749963e-01 1.266649397982616554e-01
1.258518699603521918e-01 5.428703789898656033e-03 0.000000000000000000e+00 0.000000000000000000e+00 1.416266687431762261e-01 1.432703023721063930e-02 1.178754357291819377e-01 0.000000000000000000e+00 0.000000000000000000e+00 6.313949042562801151e-02 0.000000000000000000e+00 2.443380515744446313e-01 0.000000000000000000e+00 0.000000000000000000e+00 0.000000000000000000e+00 4.158218304226217465e-02 4.880185619630825894e-02 1.225136792246307588e-01 5.804089121305406468e-02 1.647413986385227319e-02
6.308217861177994878e-02 0.000000000000000000e+00 1.539812010456121164e-02 0.000000000000000000e+00 2.015681700220951222e-01 1.327110688750693379e-01 0.000000000000000000e+00 4.974455001466655119e-02 0.000000000000000000e+00 0.000000000000000000e+00 0.000000000000000000e+00 1.568536815820285035e-01 2.729890842586299091e-02 4.034421794507759770e-03 7.216660371923559400e-03 1.003989542926434358e-01 0.000000000000000000e+00 1.907923326928942509e-01 5.090095321196733830e-02 0.000000000000000000e+00
0.000000000000000000e+00 3.006234937407227525e-02 7.113336671960136456e-03 2.487385269074109811e-02 1.491201225659491425e-01 8.023201504906141146e-02 0.000000000000000000e+00 2.089112137917349676e-01 1.090311929176808470e-02 0.000000000000000000e+00 0.000000000000000000e+00 7.952651974356547693e-02 0.000000000000000000e+00 1.052141440529607841e-01 5.004536576716593285e-03 0.000000000000000000e+00 0.000000000000000000e+00 0.000000000000000000e+00 1.506746341219423191e-01 1.483641560695278250e-01
4.263181806942275588e-03 1.361760996299115067e-01 1.217879036650976578e-03 1.890816123375281890e-02 2.511589325082011492e-01 9.317628724683708549e-03 2.100637818863513445e-02 1.432168105061161212e-01 1.173049359594652286e-02 0.000000000000000000e+00 0.000000000000000000e+00 1.506837289806907398e-01 5.848504681315301601e-02 0.000000000000000000e+00 5.277100722781252057e-02 0.000000000000000000e+00 0.000000000000000000e+00 1.410646517475034889e-01 0.000000000000000000e+00 0.000000000000000000e+00
1.331631909352534449e-01 1.040750953532416367e-01 1.356903694595021012e-02 6.976532995085125977e-02 1.556251301327571945e-01 6.075921386439011446e-02 6.710531107121488203e-02 0.000000000000000000e+00 2.747380317524580548e-02 0.000000000000000000e+00 1.611845963883346347e-02 8.627130803052365793e-02 0.000000000000000000e+00 1.924786111009515327e-02 1.080347683264518653e-02 0.000000000000000000e+00 0.000000000000000000e+00 0.000000000000000000e+00 0.000000000000000000e+00 2.360227829589981174e-01
6.808479138648158152e-03 3.478834793138246904e-04 0.000000000000000000e+00 1.079192223943692547e-01 3.389321191915781271e-03 3.611329142437901679e-03 1.159322151633476877e-01 0.000000000000000000e+00 0.000000000000000000e+00 0.000000000000000000e+00 0.000000000000000000e+00 2.838288066377979146e-01 1.886566583671796249e-01 1.392208310095286936e-03 2.603843680009760783e-02 0.000000000000000000e+00 1.977920797129950267e-02 1.681227898785244979e-01 7.417344152497293286e-02 0.000000000000000000e+00
3.223638768445975800e-02 0.000000000000000000e+00 0.000000000000000000e+00 0.000000000000000000e+00 2.132452629166314839e-02 3.458281709418922073e-02 1.055080464711432003e-03 1.253634981070784471e-01 1.222433766775845310e-01 4.153952319899951832e-03 0.000000000000000000e+00 2.441867838341051644e-01 0.000000000000000000e+00 0.000000000000000000e+00 0.000000000000000000e+00 1.844253864903203366e-01 5.582037849448655276e-03 1.654081484328122076e-01 0.000000000000000000e+00 5.943800475372714581e-02
2.136925567170328000e-02 1.662331751119510426e-01 0.000000000000000000e+00 0.000000000000000000e+00 1.136918621007826230e-01 1.392944091781575799e-01 0.000000000000000000e+00 2.221312317542191439e-02 5.171593027554233224e-02 3.191661150879363407e-03 4.737737332150527420e-02 1.535029543388043149e-01 1.573743703360371837e-01 1.042046745554100909e-03 8.829832115757486888e-02 0.000000000000000000e+00 0.000000000000000000e+00 2.522294666486911072e-02 4.660970113028675352e-03 4.811600658188402296e-03
8.271986006016708581e-02 0.000000000000000000e+00 0.000000000000000000e+00 2.357313151056938255e-02 0.000000000000000000e+00 5.323228420868809929e-02 6.370546231464160880e-02 1.750159141858996514e-01 0.000000000000000000e+00 0.000000000000000000e+00 1.495652583759745670e-02 3.909592426711594459e-01 2.642680982405254397e-02 0.000000000000000000e+00 1.514404884223931325e-01 0.000000000000000000e+00 0.000000000000000000e+00 1.797028096483177170e-02 0.000000000000000000e+00 0.000000000000000000e+00
1.857151998676697183e-02 1.635852167673617907e-01 4.075338702473609714e-02 9.733321646775414115e-03 3.386434326733586686e-02 0.000000000000000000e+00 0.000000000000000000e+00 2.875949539703035601e-02 1.299007735646468681e-02 2.044361865113530907e-03 0.000000000000000000e+00 1.572275559581410576e-01 2.514067142398855315e-01 8.975844620558694198e-02 1.203170242891736796e-01 0.000000000000000000e+00 2.366427592711524766e-02 0.000000000000000000e+00 1.213821408041937215e-02 3.518604598809339096e-02
0.000000000000000000e+00 0.000000000000000000e+00 0.000000000000000000e+00 1.969649617363134278e-02 4.156148212918449325e-02 0.000000000000000000e+00 1.876783185997345504e-01 2.887056749405768341e-02 8.230327202138563655e-03 3.007034259531623371e-02 0.000000000000000000e+00 1.201220951724060182e-01 1.599083178773029468e-01 0.000000000000000000e+00 9.623589771778367011e-03 1.450584836403810782e-03 9.436274567372603464e-03 1.239921185033402845e-01 1.611046386740396241e-01 9.825484640329346098e-02
8.756375460070704719e-02 0.000000000000000000e+00 4.691558514459032853e-03 2.287681911005075980e-02 1.249159782477018421e-01 2.624973260280556286e-03 1.053657536128103749e-02 1.447607714843538174e-01 1.545298828565179750e-01 0.000000000000000000e+00 0.000000000000000000e+00 2.039348406440332495e-01 1.057208812351049555e-02 0.000000000000000000e+00 2.079839229478321061e-02 0.000000000000000000e+00 0.000000000000000000e+00 1.398211318917017276e-01 3.928289883854602788e-02 3.309033477207323770e-02
4.406907989628953970e-02 1.312849012424833995e-03 0.000000000000000000e+00 2.323828695292827484e-02 0.000000000000000000e+00 1.405068303382132344e-01 0.000000000000000000e+00 1.428667333947048756e-01 5.121592325724926703e-02 0.000000000000000000e+00 0.000000000000000000e+00 1.745545113470286236e-01 1.637778522178356955e-01 0.000000000000000000e+00 0.000000000000000000e+00 1.228367487117844716e-03 2.323215812252849618e-03 1.390049758528072721e-01 0.000000000000000000e+00 1.159013744311476052e-01
2.952864742343013632e-02 1.830891747807964712e-03 0.000000000000000000e+00 1.074511916173357395e-01 1.792617100493915094e-01 5.571809835076870117e-03 1.301612004820462132e-01 0.000000000000000000e+00 1.313625321330431917e-01 9.604802988179999591e-04 0.000000000000000000e+00 4.787978908930297373e-02 0.000000000000000000e+00 9.599148311755464902e-02 0.000000000000000000e+00 3.754035557059316741e-02 0.000000000000000000e+00 4.964843678390425813e-02 4.648874717327312195e-02 1.363227246784222135e-01
4.525915934314696243e-02 5.187481891428832523e-03 1.547750442566268883e-05 0.000000000000000000e+00 4.876224023066324381e-02 1.297541685275330758e-01 4.414469901124348783e-02 2.192712541738451870e-01 4.982471151098363804e-02 0.000000000000000000e+00 0.000000000000000000e+00 6.631207830889342125e-02 0.000000000000000000e+00 6.668759355348525576e-03 0.000000000000000000e+00 0.000000000000000000e+00 2.006186171934116330e-02 4.640026946637260813e-02 1.381612931314339932e-01 1.801765458253401786e-01
1.312227446007291527e-02 1.573991361632858244e-01 0.000000000000000000e+00 5.506732447082901549e-02 0.000000000000000000e+00 3.625014114151199531e-04 1.371524640294609076e-01 1.195981446342306645e-02 1.100528523122128732e-01 0.000000000000000000e+00 0.000000000000000000e+00 1.812589594980554830e-01 1.517277823843497242e-01 3.446892890547946162e-03 3.589770859467767555e-02 8.392627876613599144e-03 3.597046806931823455e-04 0.000000000000000000e+00 0.000000000000000000e+00 1.337999567643627652e-01
4.355825891144107093e-03 0.000000000000000000e+00 0.000000000000000000e+00 5.521329245185918827e-04 1.493465356474348305e-01 0.000000000000000000e+00 0.000000000000000000e+00 0.000000000000000000e+00 2.230800828934176652e-02 0.000000000000000000e+00 0.000000000000000000e+00 2.510149765055080806e-01 2.571990559905688867e-02 1.403296360222745232e-01 1.074172679011293347e-02 0.000000000000000000e+00 0.000000000000000000e+00 1.804009532923760706e-01 1.721592020860395755e-01 4.307109695219274448e-02
2.222043757531654354e-02 0.000000000000000000e+00 8.868823438924044317e-03 1.467561389850787767e-01 1.013255601985033408e-02 1.378758904163279453e-01 8.336110519943611130e-02 1.296797257911353959e-02 7.531257824163777037e-02 0.000000000000000000e+00 0.000000000000000000e+00 5.663481839811970037e-02 1.528508022554848911e-01 1.450835429684630903e-03 3.072876964416787308e-03 0.000000000000000000e+00 0.000000000000000000e+00 0.000000000000000000e+00 1.603759571878871915e-01 1.281192073087217276e-01
0.000000000000000000e+00 2.813881376470887818e-02 5.989316303565671296e-02 0.000000000000000000e+00 2.661010649469696676e-01 1.090031053439054383e-02 0.000000000000000000e+00 3.990925609538385765e-02 1.094808636217963968e-02 2.313353375848051924e-02 6.041534606195358287e-02 1.534711415660745537e-01 0.000000000000000000e+00 9.423678828127880942e-04 2.239549167228147702e-02 4.020302106791308339e-03 0.000000000000000000e+00 1.608740264607773085e-01 1.240233025229868780e-01 3.483379322855228305e-02
8.141508879624105577e-02 2.017430777946542172e-02 1.550669550663940077e-01 1.276857893052124049e-01 1.871395447086390829e-02 0.000000000000000000e+00 1.803745000692680289e-01 1.682480632728708056e-02 1.039775274265320078e-02 1.154892675023466535e-02 0.000000000000000000e+00 0.000000000000000000e+00 0.000000000000000000e+00 0.000000000000000000e+00 5.538499908834471769e-02 6.606972994050969161e-02 0.000000000000000000e+00 4.688122004458554481e-02 5.182900194081366263e-02 1.576329676781265954e-01
1.575564469122501046e-02 1.754125560606857592e-01 7.130980961867799950e-02 8.730153191197756457e-02 0.000000000000000000e+00 0.000000000000000000e+00 1.769432800061357391e-02 4.168028443186758830e-02 8.828191548550053114e-02 0.000000000000000000e+00 0.000000000000000000e+00 2.259951607563700782e-01 0.000000000000000000e+00 0.000000000000000000e+00 2.961718307698734537e-02 0.000000000000000000e+00 1.752673648380196902e-01 5.270335481422407792e-02 0.000000000000000000e+00 1.898086631385063894e-02
6.164715452178142450e-03 0.000000000000000000e+00 5.040927342571299187e-03 1.534513573387651965e-02 1.765042247286087163e-01 9.170353606467774449e-03 5.129288013568517046e-02 1.348002378278757019e-01 0.000000000000000000e+00 0.000000000000000000e+00 0.000000000000000000e+00 1.811606367993963962e-01 0.000000000000000000e+00 0.000000000000000000e+00 1.551013214556748177e-01 2.071369186631654216e-02 6.794517290935768450e-03 2.260257965860705542e-01 1.188556117434249812e-02 0.000000000000000000e+00
0.000000000000000000e+00 4.435941558934155399e-02 0.000000000000000000e+00 0.000000000000000000e+00 6.339882394226897463e-03 3.977888851784907752e-04 0.000000000000000000e+00 9.021929299641386069e-03 1.581656497660122824e-03 9.750688699033895068e-02 0.000000000000000000e+00 4.739277826811599814e-01 1.490526834575749138e-01 0.000000000000000000e+00 3.770824252926251001e-03 0.000000000000000000e+00 0.000000000000000000e+00 1.355344784432703509e-02 1.662041072062367397e-01 3.428359490138770810e-02
2.314821083055401858e-03 1.429630466620610274e-01 0.000000000000000000e+00 3.556845510218350093e-03 1.535980257901191359e-01 0.000000000000000000e+00 1.010722306918720587e-01 3.346030702843543619e-02 0.000000000000000000e+00 0.000000000000000000e+00 0.000000000000000000e+00 1.516422158792505859e-01 0.000000000000000000e+00 0.000000000000000000e+00 0.000000000000000000e+00 8.045891884865850885e-02 0.000000000000000000e+00 2.103235476082051525e-01 1.206100408981243266e-01 0.000000000000000000e+00
7.543035170730243155e-02 0.000000000000000000e+00 1.238850036269024957e-02 8.829109170428142694e-02 4.689705247674984256e-02 3.821124838159385001e-02 0.000000000000000000e+00 0.000000000000000000e+00 4.884213811550882495e-02 2.399983839310436060e-02 0.000000000000000000e+00 1.320327830837032534e-01 0.000000000000000000e+00 0.000000000000000000e+00 9.229946086224469562e-03 0.000000000000000000e+00 1.971328044788684675e-01 1.758109566976120142e-01 2.996886808712300246e-02 1.217644204252378709e-01
