0.000000000000000000e+00 3.361597173743953925e-04 1.242826435409058183e-01 0.000000000000000000e+00 0.000000000000000000e+00 0.000000000000000000e+00 0.000000000000000000e+00 3.268470740428632698e-02 8.836646864912910126e-02 2.129096603253126385e-02 0.000000000000000000e+00 8.004404261950002174e-04 0.000000000000000000e+00 0.000000000000000000e+00 2.734380100749078668e-01 3.170366805536562610e-02 1.649361069234938915e-01 7.307944120133263999e-02 0.000000000000000000e+00 0.000000000000000000e+00 0.000000000000000000e+00 4.770886422518182124e-03 2.727289312010692038e-02 3.588874052313652946e-02 1.211488679087164150e-01
4.273248966881446759e-02 5.384575630525440665e-02 0.000000000000000000e+00 1.853463325205925716e-02 0.000000000000000000e+00 0.000000000000000000e+00 2.206111285129885510e-02 1.005372206029670964e-02 1.027833938704508614e-02 8.848441367084761144e-02 4.067664782659092398e-02 1.947801203206016990e-02 0.000000000000000000e+00 9.704733092596295324e-04 2.260463220971887510e-01 0.000000000000000000e+00 1.646090151432112736e-01 1.797164768669005583e-02 0.000000000000000000e+00 0.000000000000000000e+00 2.527398845291181813e-03 0.000000000000000000e+00 1.361238330889589232e-01 1.420312506327983670e-01 3.574932142334329068e-03
1.071268611929512143e-01 2.462987622106953267e-02 3.316195017896850922e-02 9.528235796519853029e-03 5.715375844763535829e-02 1.057882455742497349e-03 8.585062940632033623e-02 6.524464419555577044e-02 0.000000000000000000e+00 2.119336747443973171e-02 0.000000000000000000e+00 9.369199860670726632e-02 0.000000000000000000e+00 3.178132260729501102e-03 2.493461380508832717e-02 0.000000000000000000e+00 2.356511675352755859e-03 6.992293519362633748e-03 2.366785420999470424e-02 1.014525377870230255e-01 0.000000000000000000e+00 5.380088075700693168e-02 1.273782033788449786e-01 1.268927717320053050e-01 3.070699689868182369e-02
0.000000000000000000e+00 0.000000000000000000e+00 6.974001561520114245e-02 0.000000000000000000e+00 0.000000000000000000e+00 0.000000000000000000e+00 0.000000000000000000e+00 0.000000000000000000e+00 7.076278890085790918e-02 0.000000000000000000e+00 1.573945471195587961e-02 2.712817310659989545e-01 2.861552738736546433e-02 0.000000000000000000e+00 1.212867444405795470e-01 0.000000000000000000e+00 8.385247030132707280e-03 0.000000000000000000e+00 0.000000000000000000e+00 0.000000000000000000e+00 4.736556153500696281e-02 6.217647153213815697e-02 3.987492762370948435e-02 1.477908318788678510e-01 1.169806982781859128e-01
7.781817050605739639e-02 0.000000000000000000e+00 0.000000000000000000e+00 2.286323316437122860e-02 0.000000000000000000e+00 2.970930834254523895e-02 5.613666231931605660e-03 0.000000000000000000e+00 1.318005197570870091e-01 8.290294011167735275e-03 0.000000000000000000e+00 7.949059024276006191e-02 5.741015279819346000e-03 6.577847374398400684e-03 1.569004058598498785e-01 0.000000000000000000e+00 0.000000000000000000e+00 1.083276057884558462e-02 0.000000000000000000e+00 9.666510443090383514e-03 0.000000000000000000e+00 1.404529616629061339e-01 1.533863253772592139e-01 1.595833749315009320e-01 1.273016236409907137e-03
0.000000000000000000e+00 9.875839225663587614e-03 6.537328049407016561e-02 2.778000530330759429e-03 1.127470590765200786e-01 3.378030512486182688e-04 1.239018592415667697e-01 0.000000000000000000e+00 8.236200884141149647e-02 0.000000000000000000e+00 7.144848611202146704e-02 1.900360291013763470e-01 0.000000000000000000e+00 0.000000000000000000e+00 3.929813739318151894e-02 1.131202484451385021e-01 1.484111036998855512e-04 1.002064639980629161e-02 9.735306920103206640e-02 0.000000000000000000e+00 3.890956459397987982e-02 0.000000000000000000e+00 3.634506084583724594e-02 0.000000000000000000e+00 5.944496343115323114e-03
1.175461845257658178e-01 9.122035337949614686e-02 0.000000000000000000e+00 4.248439509603670755e-02 1.162336823883334674e-01 3.192777900623217004e-03 5.418766613234614338e-03 0.000000000000000000e+00 7.894843770341479494e-02 1.442189692202764106e-01 0.000000000000000000e+00 1.969057088279871359e-02 9.005691378311289630e-02 0.000000000000000000e+00 6.017393278475134666e-02 0.000000000000000000e+00 8.836214665618569164e-02 0.000000000000000000e+00 3.297894155784160397e-02 2.410220882391656515e-03 4.995739811160811172e-03 4.666140063747257344e-02 4.427449399718715733e-02 0.000000000000000000e+00 1.113207217991634378e-02
0.000000000000000000e+00 0.000000000000000000e+00 1.089645295392722285e-01 6.012450917086749336e-03 4.682815987497062488e-02 0.000000000000000000e+00 4.429509451643401374e-02 0.000000000000000000e+00 3.085868054471475538e-02 6.720594628491464995e-02 0.000000000000000000e+00 0.000000000000000000e+00 0.000000000000000000e+00 0.000000000000000000e+00 2.344548799893460822e-01 1.032728419352823635e-03 1.024495348410098677e-01 1.958357069658164459e-02 9.234478266741806551e-02 2.917100244379626506e-03 0.000000000000000000e+00 0.000000000000000000e+00 1.118509546302598467e-01 1.026582967173080008e-01 2.854329011695113869e-02
0.000000000000000000e+00 0.000000000000000000e+00 4.957292998980981566e-03 0.000000000000000000e+00 1.275831852151567969e-01 3.179238091319460703e-03 8.303931938877595967e-03 3.384133593172244069e-03 1.270368283509618612e-01 0.000000000000000000e+00 0.000000000000000000e+00 3.076508194556728734e-02 2.832432314900893734e-03 5.671340172850735002e-03 1.530649306479132665e-01 2.192960035498844624e-03 1.152690422674021442e-01 0.000000000000000000e+00 1.092592178563519811e-01 2.988772784520150883e-02 0.000000000000000000e+00 0.000000000000000000e+00 1.772660883418346600e-01 9.934656838400959811e-02 0.000000000000000000e+00
0.000000000000000000e+00 4.708511633903060545e-02 1.961056715666961020e-02 0.000000000000000000e+00 3.836235303225967591e-02 7.686302592985104487e-03 1.171571660961305827e-01 1.076785008974011082e-01 9.804068346498872114e-03 0.000000000000000000e+00 3.032576782114959971e-02 1.571092829201218566e-01 2.678389046474796871e-03 3.089267873180917036e-03 8.845108874063983828e-02 0.000000000000000000e+00 0.000000000000000000e+00 6.142837570568100529e-03 0.000000000000000000e+00 1.092567961446089600e-02 0.000000000000000000e+00 1.265812574835198899e-02 3.611009701979724096e-02 1.470439768572525396e-01 1.580814123270266602e-01
0.000000000000000000e+00 0.000000000000000000e+00 1.510434130607878622e-01 0.000000000000000000e+00 2.952433591351252828e-02 0.000000000000000000e+00 1.540621237009318634e-01 3.594459730517461562e-03 0.000000000000000000e+00 5.247533310356237643e-03 0.000000000000000000e+00 1.310827385792666389e-01 1.688272259670383149e-02 0.000000000000000000e+00 2.630113385608146004e-01 0.000000000000000000e+00 0.000000000000000000e+00 0.000000000000000000e+00 6.851304360049109352e-03 1.622630870845552173e-02 0.000000000000000000e+00 0.000000000000000000e+00 1.421745466733874974e-01 0.000000000000000000e+00 8.029917480521690798e-02
0.000000000000000000e+00 0.000000000000000000e+00 6.550046088065249184e-02 0.000000000000000000e+00 3.337602732388619126e-02 3.114939673119482971e-02 2.536217390541161687e-01 0.000000000000000000e+00 1.288038051343855517e-01 0.000000000000000000e+00 0.000000000000000000e+00 6.381388679134637754e-02 0.000000000000000000e+00 0.000000000000000000e+00 1.094244820725856666e-02 0.000000000000000000e+00 0.000000000000000000e+00 0.000000000000000000e+00 1.159255180401113916e-01 4.969374658108378050e-03 0.000000000000000000e+00 9.069300432923906030e-02 1.317793904050343634e-01 3.166096129351388816e-02 3.776398715115271421e-02
0.000000000000000000e+00 0.000000000000000000e+00 1.137638385187289408e-01 3.946105291410628713e-02 4.994125061313941377e-02 3.329718913886991344e-02 1.339838987394354440e-02 1.053852351052582126e-01 4.235353416840158258e-02 1.285473967853817123e-01 0.000000000000000000e+00 1.277213732646098870e-03 0.000000000000000000e+00 0.000000000000000000e+00 1.441424955025562837e-01 7.133248380132617417e-02 6.786363879697196282e-03 0.000000000000000000e+00 1.580673080010328024e-01 0.000000000000000000e+00 0.000000000000000000e+00 3.955158439592644515e-02 3.866981750597375811e-02 4.599592399433154524e-03 9.425253663578370827e-03
4.387087592448249418e-02 5.332856548198199043e-03 0.000000000000000000e+00 7.021749013677626612e-03 1.119200827257206265e-01 0.000000000000000000e+00 1.572611813825626759e-01 1.718331933003863646e-03 0.000000000000000000e+00 9.655620233283591924e-02 0.000000000000000000e+00 5.001283210384104699e-02 0.000000000000000000e+00 1.118735040798176511e-02 1.744576622654147591e-01 0.000000000000000000e+00 1.488331838051643562e-03 1.086488286069174219e-01 8.532880166960958579e-02 0.000000000000000000e+00 0.000000000000000000e+00 1.843994621417488705e-03 0.000000000000000000e+00 1.971667373675335677e-02 1.236342448895316193e-01
0.000000000000000000e+00 2.070905083626686446e-02 1.034359780910280510e-02 1.911309880788598370e-01 7.086681547804381254e-02 0.000000000000000000e+00 1.487353960194535626e-02 3.584186496492640372e-02 3.462685711524182697e-02 8.645184919049869743e-02 0.000000000000000000e+00 1.207379404784001964e-01 0.000000000000000000e+00 2.854221829511178685e-02 1.632529357902515188e-02 1.184567713739933387e-02 5.327216836643145631e-02 8.760711945303242820e-03 5.652616520612257361e-02 1.205831631298759539e-02 0.000000000000000000e+00 1.513738681549729780e-03 1.311524475644332832e-01 1.659650366046009490e-02 7.782425569789000463e-02
0.000000000000000000e+00 0.000000000000000000e+00 1.641333623934849162e-01 0.000000000000000000e+00 1.271763092377388160e-01 0.000000000000000000e+00 7.764358762742827602e-02 9.058834404344484614e-02 0.000000000000000000e+00 0.000000000000000000e+00 0.000000000000000000e+00 8.541598353465446047e-02 2.884689568689146125e-02 0.000000000000000000e+00 1.588354194516767648e-03 0.000000000000000000e+00 1.297218785313669909e-01 3.348990065719002068e-02 0.000000000000000000e+00 0.000000000000000000e+00 0.000000000000000000e+00 0.000000000000000000e+00 0.000000000000000000e+00 1.474855155842850207e-01 1.139098685089984658e-01
3.588112956851758381e-04 0.000000000000000000e+00 5.299162810684362318e-02 0.000000000000000000e+00 6.910072003725793721e-02 1.091158299068665793e-01 1.210821187743359589e-01 0.000000000000000000e+00 0.000000000000000000e+00 1.191415382658464056e-01 3.579137064526955098e-04 1.219437869210395625e-01 0.000000000000000000e+00 0.000000000000000000e+00 7.460507510713366985e-02 0.000000000000000000e+00 3.796010599438368743e-02 1.553657441510547799e-01 1.202511015094226005e-01 1.538891278628724477e-02 0.000000000000000000e+00 1.974733557614484318e-03 3.619798797755420885e-04 0.000000000000000000e+00 0.000000000000000000e+00
9.767945554937652874e-02 0.000000000000000000e+00 3.351130368746605553e-02 0.000000000000000000e+00 2.280725494407152137e-02 0.000000000000000000e+00 8.061649401981983709e-02 1.372616878469274937e-01 6.167122072515101444e-02 3.825690806544094352e-02 0.000000000000000000e+00 1.300826483028404146e-01 2.118926951158578258e-03 0.000000000000000000e+00 1.906876217949536323e-01 0.000000000000000000e+00 0.000000000000000000e+00 0.000000000000000000e+00 1.094113228176698399e-01 0.000000000000000000e+00 0.000000000000000000e+00 8.596521608043541929e-03 2.966264189679081176e-02 1.631712798619083804e-02 4.131886380409895143e-02
1.093776875284357131e-01 2.128712001066343854e-02 0.000000000000000000e+00 0.000000000000000000e+00 1.473411569195002407e-02 8.475938747273403448e-03 4.523995027002817443e-02 0.000000000000000000e+00 1.318003634387662076e-02 0.000000000000000000e+00 0.000000000000000000e+00 1.560868790890472535e-01 1.754866412894376350e-03 0.000000000000000000e+00 2.742354456927495465e-01 1.732479989988702090e-02 0.000000000000000000e+00 1.199803204799190087e-01 1.935886498112060136e-02 0.000000000000000000e+00 0.000000000000000000e+00 1.702176283703446882e-02 3.369799094041631832e-02 1.456372972659494489e-02 1.336804913481090817e-01
9.720125955702384885e-03 0.000000000000000000e+00 0.000000000000000000e+00 6.930164280653420585e-03 3.031556902696718597e-02 0.000000000000000000e+00 4.398733390534144416e-02 6.796449020547640218e-02 1.585166969149825675e-02 4.385272745629561347e-02 5.586382359104897707e-03 2.452340099121284173e-02 0.000000000000000000e+00 2.513930238346733567e-03 2.576300793830496039e-01 7.171940121953815882e-03 1.501384114849283746e-01 3.052047772545228230e-02 1.844629055064131440e-02 1.308993703467261488e-03 0.000000000000000000e+00 3.942845555454524420e-02 9.821745927935483789e-02 1.746286057812743500e-02 1.284292375078806003e-01
0.000000000000000000e+00 7.307213466133392898e-02 6.857298586453068135e-04 1.476886087362373409e-02 2.372102331824052848e-02 5.280433351483606284e-04 1.156542034211674869e-01 0.000000000000000000e+00 1.937534485202439816e-02 1.046858831439070325e-01 7.912994177786541745e-05 1.492641041866755568e-03 3.234356718736785402e-02 0.000000000000000000e+00 2.525910153177901019e-01 1.739365598437424330e-04 1.141608252918071692e-01 1.087911573853123232e-01 3.721310386113762299e-03 1.134855521118331295e-01 0.000000000000000000e+00 0.000000000000000000e+00 2.066964131219647949e-02 0.000000000000000000e+00 0.000000000000000000e+00
0.000000000000000000e+00 6.604440605874499493e-02 1.178412023974000356e-01 1.148499436044879939e-02 1.197577896003653719e-01 0.000000000000000000e+00 0.000000000000000000e+00 0.000000000000000000e+00 0.000000000000000000e+00 2.024778385911760736e-01 0.000000000000000000e+00 1.657654214174750507e-01 2.779591212379609218e-03 2.107466528292777259e-03 2.468848684058113918e-01 0.000000000000000000e+00 1.877228404624791888e-03 1.706025678226518599e-02 0.000000000000000000e+00 0.000000000000000000e+00 0.000000000000000000e+00 0.000000000000000000e+00 1.842280103085179935e-02 9.340474606026537632e-03 1.815566060413763977e-02
0.000000000000000000e+00 5.847127061447999347e-02 2.527124162570710056e-02 5.776706542133489518e-03 8.923376459306665842e-03 0.000000000000000000e+00 1.044064204884783964e-01 0.000000000000000000e+00 2.386331806756801337e-03 2.890096061023221616e-03 0.000000000000000000e+00 2.183262237405239059e-01 2.049369367036463566e-02 4.271357557733784435e-03 1.224537018488246198e-01 0.000000000000000000e+00 2.366699863894608079e-03 4.924115919877034703e-02 9.868213399096321947e-02 0.000000000000000000e+00 0.000000000000000000e+00 1.096147578685466861e-01 1.309648686380367744e-01 0.000000000000000000e+00 3.545996002445574863e-02
0.000000000000000000e+00 3.854080183676339422e-02 0.000000000000000000e+00 2.708266536552641351e-02 3.923364767371635697e-02 0.000000000000000000e+00 0.000000000000000000e+00 8.994314253578253315e-02 6.871084131760051006e-02 2.167401633252321030e-03 0.000000000000000000e+00 1.258874324613694640e-01 0.000000000000000000e+00 0.000000000000000000e+00 7.285665111443097308e-02 0.000000000000000000e+00 1.198933743246906741e-01 2.164697580965572327e-02 1.601837646008050509e-01 1.148195204424144744e-02 0.000000000000000000e+00 6.596964203803920568e-02 1.198688519801350411e-01 0.000000000000000000e+00 3.653285526399075583e-02
1.150214239743876932e-01 0.000000000000000000e+00 9.555967731071306204e-03 0.000000000000000000e+00 7.125217070574615952e-02 0.000000000000000000e+00 0.000000000000000000e+00 3.222518761545995619e-02 1.794612304362158683e-02 1.150291583316646014e-02 0.000000000000000000e+00 1.506302236749595402e-01 0.000000000000000000e+00 1.187991281786854661e-02 2.531436767426942236e-01 1.114204665769377494e-03 1.566837902648205716e-01 0.000000000000000000e+00 1.287708117973384789e-03 0.000000000000000000e+00 0.000000000000000000e+00 3.184489335469995602e-02 3.122623639527268100e-03 0.000000000000000000e+00 1.327891778182339333e-01
0.000000000000000000e+00 0.000000000000000000e+00 0.000000000000000000e+00 2.315014946614284141e-03 3.985235653464405670e-02 0.000000000000000000e+00 1.290148884970912235e-01 3.800745883760352911e-02 9.277651242309628565e-03 9.281552989833521949e-02 8.084577062919928725e-03 1.289480507691783961e-01 0.000000000000000000e+00 0.000000000000000000e+00 2.583213998209552553e-01 1.135019605324199404e-01 2.150738528056213988e-02 1.588470111477772193e-04 0.000000000000000000e+00 1.624953555928651538e-02 0.000000000000000000e+00 0.000000000000000000e+00 2.604883449430609246e-02 8.325399097440645824e-02 3.264251853821945742e-02
0.000000000000000000e+00 9.773053909304758521e-03 1.644803104004102512e-01 2.200825553737184581e-02 8.946782519614909779e-02 0.000000000000000000e+00 6.863276594348862412e-03 0.000000000000000000e+00 6.434002145168915554e-02 6.931060605822579601e-02 1.460037472718328684e-02 1.161690474972227327e-01 0.000000000000000000e+00 2.102738620980094605e-02 6.476524667662630907e-02 7.385775734649844236e-03 1.612535579479388581e-01 1.188066785204232659e-02 6.259175075194308097e-04 0.000000000000000000e+00 0.000000000000000000e+00 2.194284450343813794e-03 8.494723518374554250e-02 3.111113982649583304e-02 5.779601723893119936e-02
2.000610149899676588e-02 2.483723501137242648e-02 0.000000000000000000e+00 0.000000000000000000e+00 2.388819123272764230e-02 0.000000000000000000e+00 1.730639108986833652e-01 4.522015492622321296e-03 1.160022720547415620e-01 1.452585094599403159e-01 0.000000000000000000e+00 4.240649239494904271e-02 6.134241751598954427e-03 0.000000000000000000e+00 1.506024739465586237e-01 0.000000000000000000e+00 2.064424517838383405e-02 9.899055272725905408e-02 0.000000000000000000e+00 2.467353172450248433e-02 1.118554589728132983e-03 1.054399795414244223e-01 3.929927891549836287e-03 3.326371246047520047e-02 5.218052144486030712e-03
0.000000000000000000e+00 0.000000000000000000e+00 9.508761381730278239e-02 3.860647786757929675e-03 2.205919997571247626e-01 0.000000000000000000e+00 0.000000000000000000e+00 0.000000000000000000e+00 1.264766524652536639e-01 0.000000000000000000e+00 0.000000000000000000e+00 2.017633329417431176e-01 0.000000000000000000e+00 0.000000000000000000e+00 3.405770603888092548e-03 0.000000000000000000e+00 0.000000000000000000e+00 0.000000000000000000e+00 0.000000000000000000e+00 0.000000000000000000e+00 5.077441320080246408e-03 3.359359992909160403e-02 1.331321150608200388e-01 1.499500596630793658e-01 2.706076665485825095e-02
0.000000000000000000e+00 0.000000000000000000e+00 3.710529046913939918e-03 0.000000000000000000e+00 5.306519350992319056e-02 0.000000000000000000e+00 3.875594061549394315e-02 0.000000000000000000e+00 1.204393366873908328e-01 0.000000000000000000e+00 0.000000000000000000e+00 0.000000000000000000e+00 3.401642649564447555e-04 3.717468299307829203e-03 2.231766100186285962e-01 0.000000000000000000e+00 1.667404267020961561e-01 0.000000000000000000e+00 0.000000000000000000e+00 0.000000000000000000e+00 0.000000000000000000e+00 1.172060794192060634e-01 1.253834249748679852e-01 1.405349256524756618e-01 6.929900808739319559e-03
0.000000000000000000e+00 9.425408801193520258e-02 1.973957308778322844e-02 0.000000000000000000e+00 0.000000000000000000e+00 6.082686167715838088e-03 1.107547639983593075e-02 0.000000000000000000e+00 1.874996773143373582e-02 2.819161601660826345e-03 0.000000000000000000e+00 2.888467838008026978e-01 0.000000000000000000e+00 0.000000000000000000e+00 1.243645201453935645e-01 0.000000000000000000e+00 0.000000000000000000e+00 4.106952779127816255e-02 1.359239076852723216e-01 0.000000000000000000e+00 0.000000000000000000e+00 0.000000000000000000e+00 1.502583379442373190e-01 0.000000000000000000e+00 1.068159696326512198e-01
1.260723266915452778e-01 4.364999077446172354e-03 0.000000000000000000e+00 0.000000000000000000e+00 0.000000000000000000e+00 6.299397316631134489e-03 1.384504096275868124e-01 1.069450518187254340e-01 1.326885336286248995e-01 5.758299391615840507e-02 0.000000000000000000e+00 7.811465632927921086e-04 0.000000000000000000e+00 2.043718856944067280e-03 1.311562039654029788e-01 0.000000000000000000e+00 1.566450057391383099e-02 0.000000000000000000e+00 1.935061676000493155e-02 0.000000000000000000e+00 0.000000000000000000e+00 5.118227696173628660e-02 6.174082316012460565e-04 4.520166049596837515e-02 1.615987555144173249e-01
0.000000000000000000e+00 0.000000000000000000e+00 0.000000000000000000e+00 0.000000000000000000e+00 3.147806924793306125e-03 0.000000000000000000e+00 8.007226657812971729e-03 1.508114697870848453e-01 7.445559663396625338e-02 2.825345044153167520e-02 0.000000000000000000e+00 1.453499231163059568e-01 0.000000000000000000e+00 0.000000000000000000e+00 6.103913892782229095e-02 8.842567687580017710e-02 3.037938538804999672e-02 5.142344438110875784e-03 7.712770518911273195e-03 0.000000000000000000e+00 1.013776311292900051e-02 5.838537727232095270e-02 1.267224745469026082e-01 1.430572501508760030e-01 5.897234520678179548e-02
0.000000000000000000e+00 0.000000000000000000e+00 0.000000000000000000e+00 2.435893313657980837e-03 0.000000000000000000e+00 1.598786830541875509e-02 5.814954892653122903e-02 4.497720436017815099e-02 8.831384191661044436e-02 2.269957181955418318e-02 0.000000000000000000e+00 1.248336521070327471e-01 0.000000000000000000e+00 5.357580259288727970e-02 6.481224621391611096e-02 0.000000000000000000e+00 1.013592753708847209e-02 1.013864048509330838e-02 0.000000000000000000e+00 1.304269262813395093e-02 0.000000000000000000e+00 8.722113367429767949e-02 2.519329502179287750e-01 1.517430259016709915e-01 0.000000000000000000e+00
0.000000000000000000e+00 0.000000000000000000e+00 2.960262913009797936e-02 0.000000000000000000e+00 0.000000000000000000e+00 0.000000000000000000e+00 8.558962092276344372e-03 1.281472580534278038e-01 7.306710975617286552e-02 0.000000000000000000e+00 3.180211913931713791e-02 1.908962811828695538e-01 0.000000000000000000e+00 0.000000000000000000e+00 1.639729686486141313e-01 0.000000000000000000e+00 0.000000000000000000e+00 1.194129647085980872e-03 0.000000000000000000e+00 0.000000000000000000e+00 0.000000000000000000e+00 0.000000000000000000e+00 1.309509522998484332e-01 1.455708572609156759e-01 9.623673278937400211e-02
4.220687940265940505e-03 1.313313032959204617e-02 0.000000000000000000e+00 1.480541678238758707e-03 3.983296479838743104e-02 1.592996787282621729e-02 1.213921983876650595e-01 0.000000000000000000e+00 9.332201062210475351e-02 4.529895812280647187e-03 0.000000000000000000e+00 2.478303896918281346e-01 3.353977911867742079e-03 1.362641013933223524e-02 1.607935790356535277e-01 8.941719067952068334e-02 0.000000000000000000e+00 0.000000000000000000e+00 1.488035526180346013e-01 0.000000000000000000e+00 0.000000000000000000e+00 0.000000000000000000e+00 9.335557360423957576e-03 1.580590896515686808e-02 1.719203615682135533e-02
0.000000000000000000e+00 0.000000000000000000e+00 0.000000000000000000e+00 1.988272313369704794e-02 1.273793639081436391e-01 0.000000000000000000e+00 9.847274153815814557e-02 1.807582854378323237e-02 0.000000000000000000e+00 0.000000000000000000e+00 0.000000000000000000e+00 1.298326610570072204e-01 0.000000000000000000e+00 0.000000000000000000e+00 2.447360768215653126e-01 0.000000000000000000e+00 0.000000000000000000e+00 0.000000000000000000e+00 0.000000000000000000e+00 0.000000000000000000e+00 0.000000000000000000e+00 2.199874532214307968e-02 1.747589683264983429e-01 1.648628913490040593e-01 0.000000000000000000e+00
1.068758949414026251e-02 0.000000000000000000e+00 5.750596759638418320e-02 2.995701784059267517e-03 0.000000000000000000e+00 0.000000000000000000e+00 1.732891987014471835e-02 0.000000000000000000e+00 1.763518729498742693e-02 9.834231326537788698e-02 8.700070917303048476e-03 3.479810305259672856e-03 0.000000000000000000e+00 4.690889740287162470e-03 2.848784581115761938e-01 0.000000000000000000e+00 7.964988609209820714e-02 4.586539240635019443e-03 0.000000000000000000e+00 0.000000000000000000e+00 0.000000000000000000e+00 1.156822658040327217e-01 1.315025329406825649e-01 1.602407749679012894e-01 2.093092575130491798e-03
0.000000000000000000e+00 1.164572245094214892e-02 1.499875337878756876e-01 0.000000000000000000e+00 9.122871365839405056e-03 0.000000000000000000e+00 1.455781542839364520e-02 8.578512357227665794e-03 3.023603286435372350e-02 0.000000000000000000e+00 0.000000000000000000e+00 8.568011291399155183e-02 0.000000000000000000e+00 0.000000000000000000e+00 2.332136464206318316e-01 0.000000000000000000e+00 1.385722700472824809e-01 0.000000000000000000e+00 1.495396598922640354e-02 0.000000000000000000e+00 0.000000000000000000e+00 2.034022053616530573e-02 2.766021633960029716e-02 1.361038038411960527e-01 1.193472756572738908e-01
0.000000000000000000e+00 0.000000000000000000e+00 0.000000000000000000e+00 0.000000000000000000e+00 4.233776810697313826e-03 9.794911024005452035e-03 1.116400597046208511e-02 1.167152146008275798e-01 7.925803849331010398e-02 1.104486824079166374e-01 0.000000000000000000e+00 6.770809717482999257e-02 0.000000000000000000e+00 0.000000000000000000e+00 1.804965737341476251e-01 1.061876060563384516e-01 4.042187830998912601e-02 0.000000000000000000e+00 1.098319056169542868e-01 0.000000000000000000e+00 0.000000000000000000e+00 1.941850710859505114e-02 4.292165401064775010e-02 3.921810451960194843e-02 6.218104416167666987e-02
4.200710989540688139e-02 9.845248545153591213e-02 1.185508338789961480e-01 2.477951117878692683e-02 2.276774582784550638e-02 0.000000000000000000e+00 1.969727279956017332e-02 0.000000000000000000e+00 1.296646524518129361e-02 1.545464619066280743e-01 2.733790379443658616e-03 1.386823151740692803e-02 8.462660686295765547e-04 9.798224661955849419e-04 1.960839594677157571e-01 3.940144885775795185e-03 1.649829639416202365e-01 0.000000000000000000e+00 1.209835769229127174e-02 6.421933524221491848e-04 1.534310429290712888e-03 8.098753152933117760e-02 5.619367503042201756e-03 1.751156978709682635e-02 4.403604795797337948e-03
0.000000000000000000e+00 0.000000000000000000e+00 0.000000000000000000e+00 6.055403154045483835e-03 0.000000000000000000e+00 3.171466632982889583e-03 5.593371578664387000e-03 3.074487028964071906e-03 5.190367776862515881e-02 0.000000000000000000e+00 0.000000000000000000e+00 5.576988816748142813e-02 8.594321190229395422e-04 0.000000000000000000e+00 1.639770468134966186e-01 5.562393931539989095e-02 1.196622572004641949e-01 2.802714608736065014e-03 5.050499273053265376e-02 1.786998000347893301e-01 0.000000000000000000e+00 1.085283571230755278e-01 1.511551596571174549e-01 4.206665237308011840e-02 5.513536935218482172e-04
5.169723858854505250e-02 0.000000000000000000e+00 0.000000000000000000e+00 3.543749264469337606e-02 0.000000000000000000e+00 0.000000000000000000e+00 9.524983360154264805e-03 0.000000000000000000e+00 0.000000000000000000e+00 6.372452721446947299e-02 0.000000000000000000e+00 2.071496234978849882e-01 1.714316186639483486e-02 0.000000000000000000e+00 1.592250564790123613e-01 0.000000000000000000e+00 0.000000000000000000e+00 0.000000000000000000e+00 0.000000000000000000e+00 0.000000000000000000e+00 0.000000000000000000e+00 0.000000000000000000e+00 1.617494535198305827e-01 1.966758837790021364e-01 9.767257905001297535e-02
8.708124006914837872e-03 9.373147541224157581e-03 0.000000000000000000e+00 0.000000000000000000e+00 7.139770487557903049e-03 4.820246533388290386e-03 5.985008618624130389e-02 4.969398175688041243e-03 6.264678625923421340e-02 1.067064374364527224e-01 0.000000000000000000e+00 2.311372002027681505e-01 0.000000000000000000e+00 0.000000000000000000e+00 3.295510420545685187e-02 7.965993555265895101e-03 1.117792795370788905e-01 6.220447055944051083e-03 0.000000000000000000e+00 0.000000000000000000e+00 2.488239066893271467e-03 5.835911274693182660e-02 1.210918452342785445e-01 4.241113350286680739e-02 1.213776482658142225e-01
0.000000000000000000e+00 0.000000000000000000e+00 0.000000000000000000e+00 0.000000000000000000e+00 0.000000000000000000e+00 1.971992197950290810e-03 1.059821836354415958e-01 0.000000000000000000e+00 1.368713019464704861e-01 1.090404144547185185e-02 0.000000000000000000e+00 2.311821847775016869e-01 0.000000000000000000e+00 1.119488119545603531e-02 0.000000000000000000e+00 0.000000000000000000e+00 0.000000000000000000e+00 1.766360904020343806e-02 1.347353203679991507e-01 0.000000000000000000e+00 0.000000000000000000e+00 6.854900528433625906e-02 1.583966743271502386e-01 2.148817442028612759e-02 1.010606313617329055e-01
0.000000000000000000e+00 1.145647222464363192e-03 7.119376221879146482e-02 1.728875447156050932e-02 1.379445792189328557e-01 8.719979146105356210e-03 2.242680093019371046e-01 1.644882462639192244e-01 0.000000000000000000e+00 1.166166277195068279e-03 0.000000000000000000e+00 5.688316531345355420e-02 4.189023915808384041e-02 0.000000000000000000e+00 2.080318093641282673e-02 0.000000000000000000e+00 0.000000000000000000e+00 5.213136983064405212e-03 0.000000000000000000e+00 0.000000000000000000e+00 6.301944523959192301e-02 0.000000000000000000e+00 1.352880709873223106e-02 1.476458815028815208e-01 2.480099964687384681e-02
0.000000000000000000e+00 0.000000000000000000e+00 0.000000000000000000e+00 8.087578774327506409e-03 2.437026070076081779e-03 0.000000000000000000e+00 4.018103716593476177e-02 0.000000000000000000e+00 3.915468141985298939e-02 0.000000000000000000e+00 0.000000000000000000e+00 2.780052198928951723e-01 0.000000000000000000e+00 3.505455316737769028e-03 8.889967293266834436e-02 0.000000000000000000e+00 6.640466186131512016e-02 1.036928274396163169e-01 1.389585603583169959e-01 4.241630418964895469e-03 0.000000000000000000e+00 2.300263055911477145e-02 2.034290177901792451e-01 0.000000000000000000e+00 0.000000000000000000e+00
2.978352444597699017e-03 2.698768235393051232e-03 1.433854527321483385e-01 1.298303398031683820e-01 0.000000000000000000e+00 0.000000000000000000e+00 1.977581055342427230e-01 2.190956336971074461e-02 2.573393463750177357e-02 0.000000000000000000e+00 0.000000000000000000e+00 0.000000000000000000e+00 1.448956782354817244e-02 0.000000000000000000e+00 2.778649550448585304e-01 0.000000000000000000e+00 9.299553705787813943e-03 0.000000000000000000e+00 0.000000000000000000e+00 0.000000000000000000e+00 0.000000000000000000e+00 2.752323885594468514e-03 1.590463805865193272e-02 1.445267378138830050e-01 1.086770691091333216e-02
8.174231103472173743e-02 0.000000000000000000e+00 9.499847072405122328e-03 0.000000000000000000e+00 2.230359400762975119e-01 4.243821073664368927e-03 8.311010338544698103e-03 0.000000000000000000e+00 5.339453526483857460e-02 5.883833175423051204e-02 0.000000000000000000e+00 0.000000000000000000e+00 1.397301901564064475e-01 0.000000000000000000e+00 1.499698244430681671e-01 0.000000000000000000e+00 3.962371919825935507e-02 0.000000000000000000e+00 1.626559630917447374e-01 5.540031539044536386e-03 0.000000000000000000e+00 0.000000000000000000e+00 1.543106546274619802e-02 0.000000000000000000e+00 4.798340949402800371e-02
0.000000000000000000e+00 1.535052099371182754e-02 1.159301025891378359e-02 0.000000000000000000e+00 1.425895232924667341e-02 0.000000000000000000e+00 3.529558052263385374e-03 0.000000000000000000e+00 1.326250907510636567e-01 1.565517771913689793e-01 0.000000000000000000e+00 0.000000000000000000e+00 1.199527713452479966e-03 1.686401394128645922e-04 1.740238243500945581e-01 0.000000000000000000e+00 1.801631352405060338e-01 0.000000000000000000e+00 0.000000000000000000e+00 1.312136406281218075e-02 9.605109783571860738e-03 1.307864743323604029e-01 1.506830819811243727e-01 6.339932820096939523e-03 0.000000000000000000e+00
