0.000000000000000000e+00 1.011061061640536191e-01 0.000000000000000000e+00 0.000000000000000000e+00 0.000000000000000000e+00 1.795261510439857267e-01 0.000000000000000000e+00 0.000000000000000000e+00 8.969619913687081059e-02 4.567669813571906268e-02 0.000000000000000000e+00 1.819065707989968028e-01 1.134327143316892494e-01 0.000000000000000000e+00 0.000000000000000000e+00 4.807107258378336828e-02 0.000000000000000000e+00 1.412038793744354870e-01 2.018722880879832149e-02 7.919337962166740630e-02
0.000000000000000000e+00 2.006340395743548902e-02 0.000000000000000000e+00 2.767686630348388174e-02 2.603587713449508068e-02 5.499581801279315382e-03 0.000000000000000000e+00 1.543427252586198895e-01 1.346233002874108742e-01 3.242639894305691939e-02 6.924870322249379595e-02 2.736910491082664154e-01 0.000000000000000000e+00 0.000000000000000000e+00 1.924619357076036430e-02 0.000000000000000000e+00 1.122056315359433974e-02 1.193861477604172966e-01 8.750305896210894274e-02 1.903613053657746482e-02
1.486898727070506410e-01 0.000000000000000000e+00 4.437461533231921995e-02 1.511358990473241348e-01 8.908846095641918816e-02 1.279116072072698784e-01 4.869192120902790868e-03 3.424653406157713437e-02 6.188625519639338879e-02 0.000000000000000000e+00 0.000000000000000000e+00 0.000000000000000000e+00 0.000000000000000000e+00 0.000000000000000000e+00 0.000000000000000000e+00 0.000000000000000000e+00 0.000000000000000000e+00 1.146926753984909599e-02 2.147750815817801306e-01 1.115532142491143935e-01
5.572926672821497049e-03 1.009550631384391051e-01 6.079782835694358921e-03 4.636942957456919451e-02 0.000000000000000000e+00 3.646949743501645257e-03 5.568359258902311898e-02 1.254029028525717460e-01 1.611100153734373042e-01 1.162276342431637910e-01 0.000000000000000000e+00 1.279825498028332731e-01 9.627609047329146325e-03 0.000000000000000000e+00 1.783998901722801643e-04 4.623860606646176472e-03 1.585729286223161796e-02 0.000000000000000000e+00 1.756267725944945235e-01 4.505521817307118343e-02
8.598811003452054222e-03 2.310959964721161566e-02 7.807344369704796727e-02 1.566129616507716260e-01 1.268099590636597995e-01 0.000000000000000000e+00 0.000000000000000000e+00 3.781514917429067320e-03 6.244107419962889594e-03 6.045335415079543424e-03 0.000000000000000000e+00 2.551500789544308700e-01 0.000000000000000000e+00 0.000000000000000000e+00 9.674313469665013834e-03 4.271630554424534626e-02 4.820954147413744964e-03 8.620469469248509542e-02 1.844672614927986010e-01 7.690658884346755070e-03
1.130471284140999455e-01 6.448977189427018697e-02 7.957963606259123301e-02 5.523319649181091667e-02 7.335001880123435958e-02 6.488942002197872760e-02 0.000000000000000000e+00 1.069224766366169005e-01 6.743549321193891000e-02 0.000000000000000000e+00 0.000000000000000000e+00 4.617479981291496699e-02 8.782237853921283106e-04 3.580445586975895128e-02 3.542224244067802841e-02 1.282011699349234479e-01 0.000000000000000000e+00 1.790658841939159890e-02 2.381263122517654485e-02 8.685274697722319970e-02
9.129819947183457490e-03 9.682829256432616896e-03 0.000000000000000000e+00 1.549346533756612299e-01 5.895320766649639332e-02 2.287215101654884591e-02 6.106092772412569092e-02 1.539425434390437678e-02 2.416688060802533317e-03 3.526181504675135209e-03 4.101291237473900231e-02 1.740587561681767870e-01 9.625234048852314428e-02 0.000000000000000000e+00 1.932455395908823717e-02 6.560808144314467065e-03 0.000000000000000000e+00 2.714464459935471696e-01 5.337346997578090030e-02 0.000000000000000000e+00
9.757222040051925782e-02 2.625374354491035941e-02 1.894571850255796081e-02 1.451644091869305209e-01 5.709534319642186467e-02 1.055677182021885416e-02 3.944590818221896389e-02 1.456706123303455058e-01 1.352056005813646322e-01 5.419699657074483409e-03 0.000000000000000000e+00 1.477227131685220629e-01 4.554233767354312450e-03 0.000000000000000000e+00 0.000000000000000000e+00 0.000000000000000000e+00 0.000000000000000000e+00 4.450648151940581748e-02 1.199555563087098542e-01 1.930987833445488950e-03
8.108786826023836602e-02 0.000000000000000000e+00 5.403461510252731415e-02 1.386132651278622341e-01 1.185238403147868824e-01 4.055085375750146215e-02 7.092107700703197126e-02 1.302666171658275161e-02 5.756256761306795949e-02 1.658601823260794778e-02 0.000000000000000000e+00 1.487938196769978128e-01 0.000000000000000000e+00 0.000000000000000000e+00 8.612672711649052874e-04 0.000000000000000000e+00 1.237766014873389712e-02 1.957025898119988394e-01 5.584207905800864756e-03 4.577368805309670746e-02
1.286151340658199527e-01 0.000000000000000000e+00 5.894611151273263655e-02 6.617387920682427094e-02 1.254532609489355799e-01 1.116328261473054084e-01 0.000000000000000000e+00 1.473002610732981610e-01 2.372935142121098892e-02 1.166425549177455417e-01 6.451141012765639060e-02 1.978973478504684330e-02 1.524996003404479987e-02 0.000000000000000000e+00 5.052144628715239671e-02 2.454710468234519872e-03 0.000000000000000000e+00 4.865781248431833711e-03 0.000000000000000000e+00 6.411357775556061900e-02
5.068635879772798170e-02 5.284738366988457614e-02 0.000000000000000000e+00 2.313775805363585403e-01 5.781069363282147905e-02 1.109293072239296019e-01 0.000000000000000000e+00 0.000000000000000000e+00 6.838968305579751217e-02 2.956076075728415915e-03 2.793498781042072759e-03 1.693331969227278022e-01 0.000000000000000000e+00 2.365229814392392875e-03 3.370067268044423664e-02 0.000000000000000000e+00 9.066073728479074820e-03 1.380037982970301613e-01 6.974044678363615357e-02 0.000000000000000000e+00
1.070392953745830517e-01 1.382512105213365167e-03 8.871054413804965733e-02 1.358690484505880973e-02 3.994893585334812619e-02 8.597913349583886922e-02 0.000000000000000000e+00 5.226971461432759064e-02 8.660909410097114569e-02 8.965558377910746307e-03 1.442992751092094265e-03 1.489652254922839425e-01 1.036135457477726542e-02 0.000000000000000000e+00 4.284025783193597808e-02 1.573412499745682758e-02 0.000000000000000000e+00 1.144168350614960111e-01 6.176244113646849748e-02 1.199850752491878753e-01
4.567737660908363639e-02 9.385472176450233850e-02 1.245173284699258726e-02 1.599991429161272058e-02 0.000000000000000000e+00 6.456831910857138701e-02 2.103493333273624352e-02 1.064928796097972807e-01 2.329996678132296717e-01 5.742159893171110835e-02 1.747029814331246822e-02 1.588194360758599100e-01 1.893405329038651492e-03 1.305153424176617137e-02 1.523012432934819083e-01 0.000000000000000000e+00 0.000000000000000000e+00 5.962938608303896930e-03 0.000000000000000000e+00 0.000000000000000000e+00
1.834349426424980445e-02 1.460469937544213318e-03 1.582984826258747573e-03 1.565344890993504989e-01 8.591807936842035809e-02 1.430910861328341666e-01 6.893548655678136995e-03 2.948607152084224969e-01 5.919734032232094011e-03 0.000000000000000000e+00 7.063901228196761695e-02 1.010318613238226360e-01 0.000000000000000000e+00 1.547632724722422439e-03 3.919663829131957850e-02 5.615155608819168837e-02 0.000000000000000000e+00 3.070054677000903266e-03 1.375864308798448177e-02 0.000000000000000000e+00
6.922374400261803451e-02 4.980906181123986171e-02 9.282147713792682220e-02 0.000000000000000000e+00 0.000000000000000000e+00 2.751630645898876446e-02 4.560043578579840717e-02 1.269689864957678216e-01 1.059468270073272850e-01 9.520969698813027196e-03 5.370728753409241205e-03 2.468780322210366862e-01 0.000000000000000000e+00 3.396044229668062969e-04 1.510691341782108565e-01 0.000000000000000000e+00 1.902703469092799360e-02 1.150788985403181780e-02 1.783137508322071157e-02 2.056839239771592054e-02
