0.000000000000000000e+00 4.462149456259336986e-07 1.904500243174470846e-04 0.000000000000000000e+00 1.488283300081844063e-02 1.119623716639351479e-01 1.403055611000441488e-02 0.000000000000000000e+00 0.000000000000000000e+00 6.538761385176558583e-02 0.000000000000000000e+00 8.691468171637860285e-02 2.325288321637114866e-02 0.000000000000000000e+00 3.048547625992407140e-01 0.000000000000000000e+00 1.807680271940148575e-02 0.000000000000000000e+00 0.000000000000000000e+00 0.000000000000000000e+00 0.000000000000000000e+00 1.004435236104771201e-01 0.000000000000000000e+00 8.848385572893727180e-02 1.715192195434070144e-01
0.000000000000000000e+00 4.311959615570723492e-02 0.000000000000000000e+00 0.000000000000000000e+00 2.033556978160170892e-01 0.000000000000000000e+00 0.000000000000000000e+00 1.148898967110501962e-01 0.000000000000000000e+00 0.000000000000000000e+00 3.786230822851283442e-03 0.000000000000000000e+00 0.000000000000000000e+00 0.000000000000000000e+00 3.009018561472872819e-02 6.151519316507494256e-02 0.000000000000000000e+00 9.724272161187409724e-02 0.000000000000000000e+00 0.000000000000000000e+00 0.000000000000000000e+00 0.000000000000000000e+00 0.000000000000000000e+00 1.846871162912762376e-01 2.613133618114201195e-01
3.674771511172075789e-02 1.834100608620586048e-01 4.490624203735994052e-02 1.087158913659415915e-01 5.410243437217162471e-02 0.000000000000000000e+00 2.336425022590710512e-02 1.024090821460908324e-01 0.000000000000000000e+00 3.653284439467806288e-02 0.000000000000000000e+00 0.000000000000000000e+00 9.041964847039805908e-02 0.000000000000000000e+00 2.633712251219018641e-01 0.000000000000000000e+00 2.492757148229661143e-03 8.783456729856293707e-03 0.000000000000000000e+00 0.000000000000000000e+00 0.000000000000000000e+00 0.000000000000000000e+00 2.752324344704300263e-02 0.000000000000000000e+00 1.722114856664258911e-02
4.701020419732523936e-02 1.229823827078295462e-01 0.000000000000000000e+00 0.000000000000000000e+00 0.000000000000000000e+00 0.000000000000000000e+00 2.110971514744922062e-02 0.000000000000000000e+00 0.000000000000000000e+00 0.000000000000000000e+00 6.839377595659352355e-03 1.679641880986019464e-01 0.000000000000000000e+00 0.000000000000000000e+00 1.197097627920344909e-01 0.000000000000000000e+00 1.079921930766660756e-03 1.223628709739881665e-01 6.337169664890562881e-02 0.000000000000000000e+00 0.000000000000000000e+00 0.000000000000000000e+00 1.017327947708287078e-01 1.487387032209620541e-01 7.709838191564900856e-02
0.000000000000000000e+00 8.218417222632772023e-02 1.480110794120183086e-02 1.713848872700437717e-02 0.000000000000000000e+00 0.000000000000000000e+00 1.159179223281612409e-02 4.033064392251620167e-02 5.030388218186172475e-03 0.000000000000000000e+00 1.370496577127163634e-02 1.217376246432386316e-01 3.689591614072025572e-02 0.000000000000000000e+00 2.198131582135711692e-01 0.000000000000000000e+00 0.000000000000000000e+00 1.217821512914520343e-01 0.000000000000000000e+00 0.000000000000000000e+00 0.000000000000000000e+00 3.150828141100080193e-02 1.051148719943292703e-01 1.783664372663637254e-01 0.000000000000000000e+00
0.000000000000000000e+00 1.465387476852238746e-01 9.775702647068540418e-02 2.414952117657250680e-02 0.000000000000000000e+00 1.373199089667757021e-02 0.000000000000000000e+00 3.772613012667111465e-02 0.000000000000000000e+00 1.149881992254483398e-01 2.249452691933481741e-03 1.353349417711308955e-01 0.000000000000000000e+00 0.000000000000000000e+00 1.061626273426459627e-01 0.000000000000000000e+00 1.406114067210878678e-02 0.000000000000000000e+00 7.916060410399603994e-03 0.000000000000000000e+00 0.000000000000000000e+00 1.151116334721967623e-02 9.735029387537325052e-02 4.149744922514114753e-02 1.490252550827682321e-01
3.540774475026307183e-02 0.000000000000000000e+00 1.522555473051170061e-01 0.000000000000000000e+00 2.348871755258397087e-01 5.795128504445370976e-02 1.004790635784766177e-02 1.166631229440161649e-01 0.000000000000000000e+00 0.000000000000000000e+00 0.000000000000000000e+00 0.000000000000000000e+00 0.000000000000000000e+00 0.000000000000000000e+00 1.635480743250546098e-01 0.000000000000000000e+00 0.000000000000000000e+00 0.000000000000000000e+00 1.976736339891770056e-01 0.000000000000000000e+00 0.000000000000000000e+00 0.000000000000000000e+00 0.000000000000000000e+00 0.000000000000000000e+00 3.156550975823110838e-02
1.190176692104793002e-03 1.276730299456002027e-01 5.073796514178726541e-02 9.757174704219401251e-02 4.451377901187410918e-02 4.703292983766413360e-03 0.000000000000000000e+00 0.000000000000000000e+00 0.000000000000000000e+00 1.332397875737736381e-01 0.000000000000000000e+00 6.751035570276882336e-02 6.887814091378038905e-02 0.000000000000000000e+00 1.894328847209890421e-01 1.070798426243309703e-01 8.022060633215109815e-03 0.000000000000000000e+00 6.558997022153545409e-02 0.000000000000000000e+00 0.000000000000000000e+00 0.000000000000000000e+00 1.792467675611460545e-02 1.593229003616520797e-02 0.000000000000000000e+00
0.000000000000000000e+00 0.000000000000000000e+00 1.105691207955111777e-01 8.434597812586404342e-02 6.930098238631213214e-02 0.000000000000000000e+00 0.000000000000000000e+00 1.134069038515320288e-01 8.395067208168138090e-03 0.000000000000000000e+00 2.103935282031575357e-02 0.000000000000000000e+00 3.000804689817141921e-02 0.000000000000000000e+00 1.913591169462769137e-01 0.000000000000000000e+00 0.000000000000000000e+00 2.157366842527405452e-03 1.166230277561079304e-01 0.000000000000000000e+00 0.000000000000000000e+00 1.285844378961746061e-02 1.467446367955900222e-01 9.319195578400570057e-02 0.000000000000000000e+00
0.000000000000000000e+00 1.103946104967297101e-02 3.334689687142135261e-02 4.356692272842771496e-02 0.000000000000000000e+00 2.528773528675021254e-02 9.376293298258911446e-02 1.264489475681308261e-01 0.000000000000000000e+00 1.092140445246301272e-01 0.000000000000000000e+00 7.853235113257299449e-02 1.297978101095111254e-02 1.048211765435665133e-02 1.237818365648594293e-01 0.000000000000000000e+00 3.398331927819558951e-02 0.000000000000000000e+00 1.538765023060590931e-01 0.000000000000000000e+00 0.000000000000000000e+00 0.000000000000000000e+00 0.000000000000000000e+00 0.000000000000000000e+00 1.436971510413827258e-01
0.000000000000000000e+00 9.359490649731969439e-03 1.603298159548653401e-01 1.053353944307821449e-01 3.224433127203150257e-02 0.000000000000000000e+00 1.470191033618984148e-03 4.924735355213154253e-02 0.000000000000000000e+00 2.484267210110515170e-02 0.000000000000000000e+00 1.427271507671329098e-01 2.937852750330559749e-03 0.000000000000000000e+00 1.331028689233794693e-01 0.000000000000000000e+00 0.000000000000000000e+00 0.000000000000000000e+00 0.000000000000000000e+00 0.000000000000000000e+00 0.000000000000000000e+00 0.000000000000000000e+00 1.118734474479907565e-01 1.335582869682383836e-02 2.131736024200757973e-01
0.000000000000000000e+00 3.157270593626667482e-02 1.903306920684054882e-04 0.000000000000000000e+00 1.824198426101167059e-01 7.764649405354764715e-03 1.017535953319323450e-01 1.440610478729999200e-01 9.287826658631205892e-03 0.000000000000000000e+00 0.000000000000000000e+00 0.000000000000000000e+00 0.000000000000000000e+00 0.000000000000000000e+00 1.762252235007549239e-01 1.854198667390339218e-03 0.000000000000000000e+00 6.849483301275851449e-03 0.000000000000000000e+00 0.000000000000000000e+00 0.000000000000000000e+00 0.000000000000000000e+00 1.203095439722094151e-01 1.771882735665271380e-01 4.052327848447229153e-02
0.000000000000000000e+00 2.310384656276621429e-01 0.000000000000000000e+00 0.000000000000000000e+00 0.000000000000000000e+00 2.450013611023639168e-02 8.941506606780115496e-02 9.131245845546637208e-02 9.772409640887515930e-03 0.000000000000000000e+00 0.000000000000000000e+00 1.544196025595217549e-02 2.381849184652649540e-02 1.027878833754036596e-02 1.199809674543848154e-01 0.000000000000000000e+00 0.000000000000000000e+00 0.000000000000000000e+00 1.979842862162131956e-01 0.000000000000000000e+00 0.000000000000000000e+00 0.000000000000000000e+00 0.000000000000000000e+00 0.000000000000000000e+00 1.864569699873293296e-01
0.000000000000000000e+00 2.168769951302509588e-02 0.000000000000000000e+00 1.011632594063129470e-01 1.748501955314473444e-01 7.032889731082608842e-02 8.251788962032660657e-02 0.000000000000000000e+00 0.000000000000000000e+00 3.449933514432880949e-05 0.000000000000000000e+00 0.000000000000000000e+00 0.000000000000000000e+00 0.000000000000000000e+00 1.441865057421607421e-01 9.314821483212268327e-02 0.000000000000000000e+00 0.000000000000000000e+00 2.814257121382299220e-01 0.000000000000000000e+00 3.012281182451514733e-03 9.332876533703498428e-03 0.000000000000000000e+00 0.000000000000000000e+00 1.831196885424917278e-02
8.342852108137958911e-02 0.000000000000000000e+00 1.433436017075849500e-01 0.000000000000000000e+00 2.637629333193041922e-02 1.336881920899944398e-01 4.287187618049272814e-02 1.180199218244328344e-02 0.000000000000000000e+00 8.082278880781451624e-02 0.000000000000000000e+00 1.446945781384080809e-01 0.000000000000000000e+00 0.000000000000000000e+00 1.937972990997770609e-02 0.000000000000000000e+00 0.000000000000000000e+00 0.000000000000000000e+00 3.969538306605431359e-04 0.000000000000000000e+00 4.856585972886024415e-03 5.145141956830566465e-02 9.225006218644820136e-03 1.851343113506220828e-01 6.252814962885513972e-02
0.000000000000000000e+00 0.000000000000000000e+00 0.000000000000000000e+00 0.000000000000000000e+00 3.285335482081056663e-02 0.000000000000000000e+00 1.279950548034759425e-02 1.487184560861202487e-01 0.000000000000000000e+00 9.652873805114767225e-02 4.202363069296354003e-03 1.799127729021314792e-01 0.000000000000000000e+00 0.000000000000000000e+00 1.625464852426031226e-01 0.000000000000000000e+00 0.000000000000000000e+00 0.000000000000000000e+00 1.974666516534721861e-01 0.000000000000000000e+00 0.000000000000000000e+00 0.000000000000000000e+00 1.490318896755179756e-01 0.000000000000000000e+00 1.593978301855297069e-02
0.000000000000000000e+00 1.146476928241717264e-01 0.000000000000000000e+00 0.000000000000000000e+00 2.499393119921538842e-01 6.860890309268757870e-02 1.023277156790288606e-02 9.090026542309428970e-02 0.000000000000000000e+00 1.204414486436109072e-01 0.000000000000000000e+00 3.655097576566794515e-02 1.053602757153660335e-01 0.000000000000000000e+00 5.188592829533008460e-02 0.000000000000000000e+00 0.000000000000000000e+00 0.000000000000000000e+00 0.000000000000000000e+00 0.000000000000000000e+00 2.244741333981825453e-03 1.480487442459660907e-01 1.138941100066562327e-03 0.000000000000000000e+00 0.000000000000000000e+00
7.826588027879775866e-02 0.000000000000000000e+00 0.000000000000000000e+00 0.000000000000000000e+00 0.000000000000000000e+00 1.904899627590981789e-02 1.537281032739838960e-01 1.621672847593009503e-01 0.000000000000000000e+00 6.044526607112583189e-02 0.000000000000000000e+00 0.000000000000000000e+00 0.000000000000000000e+00 0.000000000000000000e+00 2.249228917146552376e-01 0.000000000000000000e+00 0.000000000000000000e+00 3.435354206424052342e-02 2.670680355619861057e-01 0.000000000000000000e+00 0.000000000000000000e+00 0.000000000000000000e+00 0.000000000000000000e+00 0.000000000000000000e+00 0.000000000000000000e+00
6.865188075508189694e-04 3.301339056248732418e-02 0.000000000000000000e+00 0.000000000000000000e+00 1.134232183986455811e-01 0.000000000000000000e+00 0.000000000000000000e+00 1.987790051986626783e-01 0.000000000000000000e+00 3.727255221908237770e-02 1.334001364023737826e-02 0.000000000000000000e+00 0.000000000000000000e+00 0.000000000000000000e+00 3.212501440802805752e-01 0.000000000000000000e+00 0.000000000000000000e+00 2.267431546546756424e-02 0.000000000000000000e+00 0.000000000000000000e+00 0.000000000000000000e+00 2.326380720870200453e-02 1.498958343287012940e-02 3.100156193691799150e-02 1.903058890490955668e-01
4.727339401464135046e-03 0.000000000000000000e+00 3.328694493777539787e-03 0.000000000000000000e+00 4.676692270638552890e-02 1.444869892907996167e-01 6.627867775400644694e-03 1.094188283416056423e-01 4.854586556192814172e-03 0.000000000000000000e+00 0.000000000000000000e+00 1.515415668480549483e-01 0.000000000000000000e+00 0.000000000000000000e+00 1.525233443071064565e-01 0.000000000000000000e+00 0.000000000000000000e+00 1.218004990389549673e-02 8.884500549318882084e-03 0.000000000000000000e+00 2.445950464298953138e-03 2.072252091234844107e-02 0.000000000000000000e+00 1.275895358877867924e-01 2.039013025615642460e-01
4.613479803980705812e-02 4.196767346809671811e-02 7.948040293701162315e-03 1.122672131405108055e-03 8.007373643111741213e-02 2.741909744047351348e-03 3.797004868546143691e-02 2.539467418340997373e-02 0.000000000000000000e+00 1.334161221991201629e-01 0.000000000000000000e+00 6.932189497533529365e-02 8.887585466672091525e-03 0.000000000000000000e+00 1.749554405956642023e-01 8.746876534257159996e-02 7.833150035975794401e-02 1.360855568495722701e-01 2.646689519634843474e-02 1.678515179452893386e-02 0.000000000000000000e+00 0.000000000000000000e+00 6.533467797883656114e-03 0.000000000000000000e+00 1.839406644549909653e-02
0.000000000000000000e+00 1.149572858841422102e-01 1.036356256055721431e-01 2.873543072773817805e-02 1.839271942243362809e-02 0.000000000000000000e+00 8.729527970547075813e-03 0.000000000000000000e+00 0.000000000000000000e+00 1.092003223031768472e-01 0.000000000000000000e+00 9.080980208973532530e-02 3.488778771854160986e-03 0.000000000000000000e+00 2.030553735629274936e-01 0.000000000000000000e+00 0.000000000000000000e+00 7.228225839631366445e-02 0.000000000000000000e+00 0.000000000000000000e+00 0.000000000000000000e+00 0.000000000000000000e+00 1.084106652421334693e-01 7.607145388122434071e-02 6.223075614220145019e-02
0.000000000000000000e+00 0.000000000000000000e+00 1.503135607886484093e-01 0.000000000000000000e+00 1.262065435449918616e-01 0.000000000000000000e+00 3.273438313915750381e-02 0.000000000000000000e+00 0.000000000000000000e+00 0.000000000000000000e+00 0.000000000000000000e+00 1.908592689590248859e-01 0.000000000000000000e+00 0.000000000000000000e+00 6.213973930133714907e-02 0.000000000000000000e+00 0.000000000000000000e+00 3.240569398919558412e-03 1.595334606184935222e-01 0.000000000000000000e+00 1.673232039247419048e-02 1.066194776469986533e-01 1.428870795357322365e-01 1.009859806345148742e-03 7.723736867876909371e-03
0.000000000000000000e+00 1.689216189454106065e-01 0.000000000000000000e+00 1.387299009858080356e-01 4.314479083795629000e-02 0.000000000000000000e+00 1.061465941990324090e-02 0.000000000000000000e+00 0.000000000000000000e+00 0.000000000000000000e+00 0.000000000000000000e+00 4.201849334919948581e-02 0.000000000000000000e+00 0.000000000000000000e+00 2.346423631774134932e-01 1.675244086781584735e-02 0.000000000000000000e+00 0.000000000000000000e+00 2.002974267677487819e-01 6.527130566396943667e-02 0.000000000000000000e+00 0.000000000000000000e+00 7.075198461743980281e-03 7.253180152303072281e-02 0.000000000000000000e+00
0.000000000000000000e+00 2.384141633928564888e-02 0.000000000000000000e+00 2.864389692947265365e-02 0.000000000000000000e+00 0.000000000000000000e+00 1.019389968664355661e-01 8.803557295767749924e-02 2.540978291857673779e-02 2.313017407510532374e-03 0.000000000000000000e+00 1.933226313486111764e-02 5.506872617037580214e-02 0.000000000000000000e+00 3.285728771292137917e-01 2.173818886742205983e-02 0.000000000000000000e+00 0.000000000000000000e+00 0.000000000000000000e+00 0.000000000000000000e+00 0.000000000000000000e+00 2.753931253332062359e-02 1.049710247340060326e-01 0.000000000000000000e+00 1.725949240118418160e-01
