0.000000000000000000e+00 3.019891902392030786e-02 7.925428968379938724e-03 5.245852541870154500e-04 4.221389098963687636e-02 7.197203454607620232e-02 8.176488751382474454e-03 1.394766082026808462e-01 1.905692569445735160e-02 3.020541038813103624e-03 0.000000000000000000e+00 1.292429446772167256e-01 0.000000000000000000e+00 0.000000000000000000e+00 9.452287392243526043e-02 0.000000000000000000e+00 1.443035748406830687e-01 6.455521675925425746e-04 3.254133964853217487e-02 1.204168813085530580e-03 9.352775091420630071e-02 0.000000000000000000e+00 8.580796301744488463e-04 3.247242235367421570e-02 1.481158705628656813e-01
6.907302359599498979e-04 5.667388825828405946e-02 0.000000000000000000e+00 1.544001876110974328e-04 3.366644866160470838e-03 5.148451323964468819e-04 1.386368854213954893e-01 1.190087176519419032e-01 1.048288585745344309e-01 7.801697301470295054e-02 0.000000000000000000e+00 7.011931328782924910e-02 2.922287778300477340e-02 0.000000000000000000e+00 1.322923551264280351e-01 0.000000000000000000e+00 1.386208110280297799e-02 4.329324392526042765e-03 1.750393963631931456e-03 9.803965819038735260e-04 5.177715150861139821e-03 4.501550541072453504e-02 4.584343741231852731e-02 1.311170449055616971e-01 1.839761153942043315e-02
1.840668026020330804e-03 0.000000000000000000e+00 1.254115792886126290e-01 3.649292535737766463e-02 3.515169992817720329e-02 1.098465953354663821e-01 1.430698856160621535e-01 3.682370203977528705e-02 5.663097286620290965e-02 4.512271947000438994e-03 0.000000000000000000e+00 1.077694422804258978e-01 8.795627687272784129e-03 0.000000000000000000e+00 6.737445264747596307e-02 0.000000000000000000e+00 0.000000000000000000e+00 3.325565167057480814e-02 4.591031727663873185e-02 7.412061789079302243e-02 0.000000000000000000e+00 0.000000000000000000e+00 0.000000000000000000e+00 1.397631393934331730e-02 9.901727620278050201e-02
1.343472802579985699e-02 2.275580464402022888e-04 2.673931182175861773e-02 7.015650250262057399e-04 0.000000000000000000e+00 0.000000000000000000e+00 9.156037398168313801e-02 1.524854546341545061e-02 1.184823809888807672e-01 1.210189928691602634e-01 0.000000000000000000e+00 6.890347819541575713e-02 0.000000000000000000e+00 0.000000000000000000e+00 1.201308940797190944e-01 1.850483713300541191e-02 9.721954323114560814e-04 5.853595389152426061e-03 5.951301545777752666e-02 8.959783085227314425e-02 9.046004041254281959e-04 2.374335205627296080e-02 1.291795602797260467e-02 1.311666384179035472e-01 8.037815033190622016e-02
0.000000000000000000e+00 0.000000000000000000e+00 7.426232826237995355e-02 0.000000000000000000e+00 2.334180359691719053e-03 0.000000000000000000e+00 5.301497225333053065e-02 2.049669385285987633e-01 6.181285163780691344e-02 1.531273691690311911e-01 0.000000000000000000e+00 2.214217855133883417e-02 2.638066928662420596e-02 0.000000000000000000e+00 1.212470132556722480e-01 0.000000000000000000e+00 5.238942141231602706e-02 0.000000000000000000e+00 5.871626755785739130e-03 6.621976221355465979e-03 0.000000000000000000e+00 3.803283439524753062e-02 1.074077126021670721e-02 1.202943527763020715e-01 4.676051587430195278e-02
9.860794672638945393e-03 2.877779200671438248e-03 1.436713240250043870e-02 0.000000000000000000e+00 8.430834548004128084e-03 0.000000000000000000e+00 1.545717706328283148e-01 8.346957702404440502e-03 9.712785680072107131e-02 1.668289459185737927e-03 0.000000000000000000e+00 0.000000000000000000e+00 4.813201470487785474e-03 0.000000000000000000e+00 1.516598037856089209e-01 6.338037360949902443e-02 5.156982590171776959e-02 4.947978428955883412e-02 3.625261187904693389e-03 4.252819345684916152e-02 1.166477741340403995e-01 0.000000000000000000e+00 4.522856688630330635e-02 1.470528755766964402e-01 2.676292428237915869e-02
0.000000000000000000e+00 2.306437575791559294e-02 1.105501481048706824e-01 0.000000000000000000e+00 1.184314252732548284e-01 0.000000000000000000e+00 1.581042603128514634e-01 2.348015856611714719e-02 0.000000000000000000e+00 1.066737907721079653e-01 0.000000000000000000e+00 0.000000000000000000e+00 6.295552763437703946e-03 0.000000000000000000e+00 1.291149567139587007e-01 0.000000000000000000e+00 0.000000000000000000e+00 1.021873027462124987e-02 2.955469137457741868e-02 0.000000000000000000e+00 0.000000000000000000e+00 8.349245153399765043e-03 2.648681505346060436e-02 8.093709829239570386e-02 1.687387515870311938e-01
1.739088055394640009e-02 4.332649106298194774e-02 8.358852643967767948e-02 1.511671491069056621e-02 1.364393945060214143e-02 0.000000000000000000e+00 1.827453064186647033e-02 3.064860337569729094e-03 1.195988556685017717e-01 8.087777590720464371e-02 0.000000000000000000e+00 6.919119307745594250e-02 1.245609639453711462e-02 0.000000000000000000e+00 1.107526957981164323e-01 0.000000000000000000e+00 1.038927215454176767e-01 0.000000000000000000e+00 0.000000000000000000e+00 0.000000000000000000e+00 1.561404718139942742e-02 1.070699124948539527e-01 1.022626302864181186e-01 1.246163698653318490e-02 7.141649126222689159e-02
0.000000000000000000e+00 0.000000000000000000e+00 7.249569046111818682e-02 3.606603331229383397e-02 1.099803168596927005e-01 0.000000000000000000e+00 3.526616141075934047e-02 1.310686964801999754e-01 7.852917119745461694e-02 1.626765234257070147e-01 0.000000000000000000e+00 1.081195983536151345e-01 0.000000000000000000e+00 0.000000000000000000e+00 0.000000000000000000e+00 1.710815505717522896e-05 8.732475662703821639e-02 0.000000000000000000e+00 0.000000000000000000e+00 0.000000000000000000e+00 0.000000000000000000e+00 2.444318604930110356e-02 2.955123638205703687e-02 9.658330260910548415e-02 2.787821867660015759e-02
2.063502387403796934e-02 0.000000000000000000e+00 4.480976476877367165e-02 0.000000000000000000e+00 7.597048203859664735e-03 0.000000000000000000e+00 1.476409776783509653e-01 2.142834520399193587e-02 1.449063851942364312e-01 2.557626731101616657e-03 0.000000000000000000e+00 1.431226549927387126e-01 1.463327865437425660e-03 0.000000000000000000e+00 9.136916504819058218e-03 0.000000000000000000e+00 0.000000000000000000e+00 1.654826042285783422e-02 1.276475421732784499e-01 2.899622755281813791e-02 0.000000000000000000e+00 0.000000000000000000e+00 1.625149659795605273e-01 1.787272815493577346e-02 1.031222046992017471e-01
0.000000000000000000e+00 0.000000000000000000e+00 1.239344970309198407e-01 0.000000000000000000e+00 0.000000000000000000e+00 2.125069407023713608e-02 1.760775243920247868e-01 5.767398452381745921e-02 4.961105265331402364e-02 2.283806144671363114e-02 0.000000000000000000e+00 1.367326313605796984e-01 0.000000000000000000e+00 0.000000000000000000e+00 1.482848746714033640e-02 0.000000000000000000e+00 9.475109731564358359e-03 0.000000000000000000e+00 6.524108403342591955e-02 0.000000000000000000e+00 1.917941242716711750e-02 3.121149231575544303e-02 1.481848336713829095e-01 0.000000000000000000e+00 1.237611348759573709e-01
0.000000000000000000e+00 0.000000000000000000e+00 7.178532703705894913e-02 0.000000000000000000e+00 3.785785317914772130e-02 3.687574334249086195e-03 1.240784522005606710e-01 1.322995957945469203e-01 1.153427030600883141e-01 6.655309993030698867e-02 0.000000000000000000e+00 3.030637773162118270e-02 0.000000000000000000e+00 0.000000000000000000e+00 6.864727609852405710e-02 0.000000000000000000e+00 1.556916464756562257e-01 0.000000000000000000e+00 1.239360199342008084e-01 8.917663422693867690e-04 0.000000000000000000e+00 0.000000000000000000e+00 1.903295868491913789e-02 4.279349943487434013e-03 4.560999925336312044e-02
0.000000000000000000e+00 0.000000000000000000e+00 1.246815688495148677e-01 3.440620556812746395e-02 4.163045505967482088e-03 7.956533285920398824e-02 1.712053196350028783e-01 2.256543412753970676e-02 3.215427818652111941e-02 6.128164402622429500e-03 0.000000000000000000e+00 6.310437567231230206e-03 1.775320703761968516e-02 0.000000000000000000e+00 1.358025009077022671e-01 4.136220277861225175e-02 0.000000000000000000e+00 0.000000000000000000e+00 1.217177168397049203e-01 0.000000000000000000e+00 0.000000000000000000e+00 1.208023713904365776e-01 3.073151702079112563e-02 1.252708121059672476e-02 3.812361611280529888e-02
0.000000000000000000e+00 0.000000000000000000e+00 0.000000000000000000e+00 0.000000000000000000e+00 0.000000000000000000e+00 9.429146973665869513e-02 1.860730829775438244e-01 0.000000000000000000e+00 0.000000000000000000e+00 6.954994642313168385e-02 0.000000000000000000e+00 1.628604078898638480e-02 0.000000000000000000e+00 0.000000000000000000e+00 1.365277864927870177e-01 4.411588210815581279e-02 6.022092527269024172e-03 1.464533986656423870e-01 2.381584010610103032e-03 0.000000000000000000e+00 2.073081316669374632e-02 0.000000000000000000e+00 4.271624026726399820e-02 7.957342067766245974e-02 1.552782421575949756e-01
3.520205139074929299e-03 0.000000000000000000e+00 7.699118432754163688e-02 0.000000000000000000e+00 2.557583367330001911e-02 6.426758692961560826e-02 3.088787145008503425e-03 0.000000000000000000e+00 0.000000000000000000e+00 8.812931243330875131e-02 1.649319071613045574e-03 1.824118132464365438e-01 0.000000000000000000e+00 1.480255526276553005e-02 3.127794629326112203e-03 0.000000000000000000e+00 1.138317362412924055e-01 0.000000000000000000e+00 1.346386220425149077e-02 1.596978433541604075e-03 6.630891622873189527e-03 3.636565024827971560e-02 1.344239875788566241e-01 1.269729443695062077e-01 1.031495574434079937e-01
1.025038039669939373e-02 4.054145515637935446e-03 4.275756031917337524e-02 7.732954340028790063e-03 0.000000000000000000e+00 2.834361027848693489e-03 1.624089798771726767e-01 0.000000000000000000e+00 1.415457280141684815e-01 9.729442637676115335e-02 8.610133547906961837e-03 3.368697958342928289e-02 2.018283179638265604e-02 0.000000000000000000e+00 4.850078116589381233e-02 0.000000000000000000e+00 0.000000000000000000e+00 2.043282395282617139e-02 1.384202400391167098e-02 5.024253874322299682e-03 0.000000000000000000e+00 1.113305001952540341e-01 8.216325683417820269e-02 1.668253462470860593e-01 2.052253293131840392e-02
4.263301860831349155e-02 4.476901178485423634e-03 4.817128601513592789e-02 0.000000000000000000e+00 9.017972882924372990e-02 1.004546322321328913e-02 1.695203285162661180e-02 1.594207227043388797e-01 0.000000000000000000e+00 1.609629697112757996e-01 0.000000000000000000e+00 1.094193035452804830e-02 0.000000000000000000e+00 0.000000000000000000e+00 2.825087179976542087e-02 0.000000000000000000e+00 0.000000000000000000e+00 1.355452963914888578e-02 1.336188690449722494e-01 9.497759853103911187e-02 1.140493869857496165e-02 7.987342188436984125e-02 3.278616073701814265e-02 2.998385890025960163e-02 3.176569728869064330e-02
0.000000000000000000e+00 6.294034112184373336e-03 4.662171926712899844e-02 1.934049501804733801e-03 9.081348214017277709e-02 5.211516251560144915e-04 7.971122453314914008e-03 1.496268974863484424e-01 1.167274371207448029e-02 1.434626654476014174e-01 0.000000000000000000e+00 9.566978631822825249e-03 8.497547567922781328e-04 0.000000000000000000e+00 1.210919806698331769e-01 0.000000000000000000e+00 1.084102185690334966e-02 3.159025827869413414e-03 1.262369180113287193e-01 0.000000000000000000e+00 0.000000000000000000e+00 1.197900083606487087e-01 2.414401663882126750e-02 1.057143174157021415e-01 1.968811208449199046e-02
8.295163574248030566e-03 1.046351693992148349e-02 0.000000000000000000e+00 1.080284250529136604e-02 1.218999492094180320e-01 4.936491559853276034e-02 8.015735138904778179e-02 2.612312109360907450e-02 0.000000000000000000e+00 1.928200812793116614e-01 0.000000000000000000e+00 1.644714989784830383e-02 0.000000000000000000e+00 0.000000000000000000e+00 1.279174515859358707e-01 0.000000000000000000e+00 0.000000000000000000e+00 9.517339588602569123e-03 4.477118558435871920e-02 0.000000000000000000e+00 6.668874437092124630e-02 0.000000000000000000e+00 4.998389098439267805e-03 2.489959188345439167e-02 2.048332064010595921e-01
0.000000000000000000e+00 0.000000000000000000e+00 1.167163413846340481e-01 0.000000000000000000e+00 1.180034293483767927e-01 8.199565237690078362e-03 0.000000000000000000e+00 1.330269377422588911e-02 1.794729157416838361e-02 2.559819973211153177e-01 0.000000000000000000e+00 4.158197376797643369e-02 0.000000000000000000e+00 0.000000000000000000e+00 3.121031905032186846e-02 1.102948334071321944e-02 1.671704792853476451e-01 3.039069457020417836e-02 1.392516688072467819e-03 0.000000000000000000e+00 0.000000000000000000e+00 1.471953849206431540e-02 0.000000000000000000e+00 1.161654866640168642e-02 1.607371274986877929e-01
1.036525019704931522e-01 3.160405750427312116e-02 4.442308768584915177e-03 5.720954408022726340e-02 9.571707704575620201e-02 5.381617947980262863e-03 8.650636900604241966e-03 1.394652001695384502e-01 6.579056230525304368e-03 9.953998177634842959e-02 0.000000000000000000e+00 3.786310300973860093e-02 8.127624273479649259e-04 0.000000000000000000e+00 1.028832765991835596e-02 0.000000000000000000e+00 1.525403947391190673e-01 6.928879274016555741e-04 1.143619026934861171e-01 0.000000000000000000e+00 1.256244837356198900e-02 9.255842875197461961e-02 1.142386929188249182e-02 8.200705815921360831e-03 6.453186915316441209e-03
1.000825014496691673e-02 1.092840724722464289e-02 1.652345815970774623e-01 2.941936865990371977e-02 1.328939279108985738e-01 0.000000000000000000e+00 3.563613363767332426e-02 0.000000000000000000e+00 5.694292939824233818e-02 2.393030489553252607e-02 0.000000000000000000e+00 0.000000000000000000e+00 5.707610458132243410e-04 0.000000000000000000e+00 6.263575727409781413e-02 0.000000000000000000e+00 0.000000000000000000e+00 1.227118191314330586e-01 0.000000000000000000e+00 6.137590679766112382e-03 0.000000000000000000e+00 8.993793820981958731e-02 0.000000000000000000e+00 9.954052216098573103e-02 1.534717080065648998e-01
1.988335611524176712e-03 1.517673011233913738e-03 1.663044560472573818e-01 0.000000000000000000e+00 0.000000000000000000e+00 0.000000000000000000e+00 1.535753054195321543e-01 2.161792459863360466e-02 2.679963448036899037e-02 0.000000000000000000e+00 3.436908026102746395e-04 5.860215191536880669e-02 0.000000000000000000e+00 8.389634724958759454e-04 2.085851205245180806e-01 0.000000000000000000e+00 0.000000000000000000e+00 1.456039702978401684e-01 4.901949047683607993e-03 0.000000000000000000e+00 0.000000000000000000e+00 5.758871197996754537e-02 0.000000000000000000e+00 1.428053862680442321e-01 8.926726522921202278e-03
6.623496070494278021e-02 0.000000000000000000e+00 1.156801637506842128e-04 1.616839865679245208e-03 2.424735488567177910e-01 0.000000000000000000e+00 1.234344011554546761e-01 1.252334884793539216e-01 1.468106206362234691e-02 6.799195365492178254e-03 0.000000000000000000e+00 6.903703405820765804e-02 0.000000000000000000e+00 0.000000000000000000e+00 2.019619983852612849e-02 0.000000000000000000e+00 4.403903519402625061e-02 1.600678445908301295e-03 1.256381218762475938e-01 8.157807588114228750e-03 6.547334395008620571e-03 5.729574287810822175e-02 0.000000000000000000e+00 4.337474572618037899e-02 4.352412334465900062e-02
5.594498347217133349e-02 1.567245759761559318e-03 5.506165354158413378e-02 0.000000000000000000e+00 1.338629724721370484e-01 0.000000000000000000e+00 4.833891345140313781e-03 6.864231749016316830e-02 3.229141178370269205e-02 3.367426109783652755e-02 0.000000000000000000e+00 1.939293554860609115e-02 1.170548170447892750e-01 6.515673382291180954e-03 2.712639141590208469e-01 0.000000000000000000e+00 0.000000000000000000e+00 3.150664341335737521e-03 2.204355835512150988e-02 6.315345218117032235e-03 0.000000000000000000e+00 0.000000000000000000e+00 1.477282292719003277e-02 0.000000000000000000e+00 1.536115320610315083e-01
7.882987907901753064e-03 0.000000000000000000e+00 1.544140226815438402e-02 8.507558287515490716e-03 1.492561284123813253e-02 1.154061182385973106e-01 1.517866451842458386e-01 6.385231550704285886e-02 0.000000000000000000e+00 1.011821195437680133e-03 3.737126892906701692e-02 1.113037976425343689e-01 2.018803410081768460e-03 0.000000000000000000e+00 1.496653478168773373e-02 5.025935959751573479e-02 0.000000000000000000e+00 0.000000000000000000e+00 1.188704141299628527e-03 0.000000000000000000e+00 0.000000000000000000e+00 0.000000000000000000e+00 1.049580039535524534e-01 1.583989827533285044e-01 1.407200833607993029e-01
4.012674174165115765e-02 4.127580756083193067e-03 6.490874051759218388e-02 1.621730222051304474e-02 5.426098745954196362e-02 0.000000000000000000e+00 1.284997406911687901e-01 1.419147007205928401e-01 4.906646690369768221e-02 8.499181690326264652e-03 0.000000000000000000e+00 6.725123341541467369e-04 0.000000000000000000e+00 8.100018892163192560e-04 8.283317898603824447e-02 0.000000000000000000e+00 1.669645850542552821e-03 0.000000000000000000e+00 1.532644436044797859e-02 2.159880218116496092e-03 0.000000000000000000e+00 8.258323152105258302e-02 4.084494260661303451e-03 1.308078036923440157e-01 1.714313641862593995e-01
0.000000000000000000e+00 0.000000000000000000e+00 1.272554298580711729e-01 0.000000000000000000e+00 5.431152515436632466e-02 0.000000000000000000e+00 1.545164187690285240e-01 2.915209194316317060e-02 9.870096467024121190e-02 2.290288852092983371e-02 0.000000000000000000e+00 6.855795155674701546e-02 3.460282985111589465e-02 0.000000000000000000e+00 7.745091164801967687e-02 4.753299930392342922e-03 0.000000000000000000e+00 7.845220172883778445e-03 1.801376070063436668e-02 0.000000000000000000e+00 0.000000000000000000e+00 0.000000000000000000e+00 1.621049408764473343e-01 1.398317663479592687e-01 0.000000000000000000e+00
0.000000000000000000e+00 0.000000000000000000e+00 1.373493337688035665e-01 2.649233667962168186e-03 0.000000000000000000e+00 3.332080288405034297e-04 1.399401737401928525e-01 3.035534325390342944e-02 1.839632053633333958e-02 0.000000000000000000e+00 0.000000000000000000e+00 6.084884626504878657e-02 1.779112513382586844e-02 7.937155826792089211e-03 1.314222944529613857e-01 7.695764795275300552e-02 9.735111060405129968e-04 3.112953346001225488e-02 1.005167409400144728e-02 0.000000000000000000e+00 7.925866402045542852e-03 8.148838151434145000e-03 4.105252207361564237e-02 1.363791832197042975e-01 1.403581888657290944e-01
9.334926716516499245e-03 0.000000000000000000e+00 3.581538797413304220e-02 4.163816052148021016e-03 0.000000000000000000e+00 0.000000000000000000e+00 8.436561846871654113e-02 0.000000000000000000e+00 2.403094876503674912e-02 1.203228922204008788e-01 0.000000000000000000e+00 5.948429507546113514e-03 0.000000000000000000e+00 0.000000000000000000e+00 2.362352917142577502e-01 0.000000000000000000e+00 1.277654533059393582e-01 0.000000000000000000e+00 2.322130239237542651e-02 0.000000000000000000e+00 0.000000000000000000e+00 0.000000000000000000e+00 8.738813734281034029e-02 1.297495958210694023e-01 1.116581997190498471e-01
0.000000000000000000e+00 0.000000000000000000e+00 8.260247906118994843e-02 5.485554003111824291e-03 0.000000000000000000e+00 1.111076158342343481e-02 1.277422949424780185e-01 0.000000000000000000e+00 4.192444791578132240e-02 3.417670280750941675e-02 0.000000000000000000e+00 1.614985629865329786e-01 0.000000000000000000e+00 0.000000000000000000e+00 6.836737730285960546e-02 6.800777652485024381e-04 1.058832801976472421e-01 1.025844551827431554e-02 1.287404546718443066e-01 5.137822049445947559e-03 0.000000000000000000e+00 4.950251235678565336e-04 1.234152159433942464e-01 0.000000000000000000e+00 9.248149812769093647e-02
0.000000000000000000e+00 2.953158220818150655e-03 1.375782692614684055e-02 1.799252089369052189e-03 0.000000000000000000e+00 4.036945403907109264e-02 1.638984705986101797e-01 3.479775736431084399e-02 1.534334596625116717e-02 1.203381995745350132e-02 0.000000000000000000e+00 8.734151981676294835e-03 0.000000000000000000e+00 0.000000000000000000e+00 2.211245296601095367e-01 0.000000000000000000e+00 2.503994698723730275e-02 0.000000000000000000e+00 1.394368222474189623e-01 5.853304309346440970e-03 2.291111307856227297e-01 0.000000000000000000e+00 2.244035295116376255e-02 5.790404893143328256e-03 5.751627102225088939e-02
1.282593257662233664e-02 0.000000000000000000e+00 0.000000000000000000e+00 1.442010655872366653e-02 3.815549113370153653e-03 0.000000000000000000e+00 1.714429435061479434e-01 2.763048956133008424e-02 1.049381845595920987e-02 1.558700427254273713e-01 0.000000000000000000e+00 1.182253366337216866e-01 0.000000000000000000e+00 6.967645548867257592e-04 3.819543193540687887e-02 0.000000000000000000e+00 0.000000000000000000e+00 3.936205410791821478e-03 1.346336913382668588e-01 1.256957298290590315e-03 2.280840909947459954e-03 1.067958283216264084e-02 8.593759809826298501e-02 5.275704639676737084e-02 1.549016620939142053e-01
0.000000000000000000e+00 0.000000000000000000e+00 8.509571747049889112e-02 7.601948489625125205e-02 4.493428446431314491e-03 2.497083572577172769e-02 1.973233329243408718e-01 3.475973925383907953e-02 5.668746466637834824e-03 0.000000000000000000e+00 0.000000000000000000e+00 4.223494784591332041e-02 9.781660270287801870e-03 0.000000000000000000e+00 5.363015446024893725e-03 5.658314241021867620e-03 0.000000000000000000e+00 1.508561482421815663e-03 0.000000000000000000e+00 0.000000000000000000e+00 0.000000000000000000e+00 0.000000000000000000e+00 2.332323929307235089e-01 1.421696196000243606e-01 1.317202029998112978e-01
9.229523212273618715e-02 0.000000000000000000e+00 4.978806709767884947e-02 3.396290816362982907e-04 1.419290489758651824e-02 8.384957587418052916e-02 1.416390365429267550e-01 1.142260687057056537e-02 5.035161305506011785e-03 2.040694837609150977e-02 0.000000000000000000e+00 3.647895245964000166e-02 1.347580588250107958e-02 0.000000000000000000e+00 1.186597475394124829e-01 0.000000000000000000e+00 3.869135608877195126e-02 0.000000000000000000e+00 0.000000000000000000e+00 3.515219113750375768e-02 0.000000000000000000e+00 0.000000000000000000e+00 2.229392454280544264e-02 1.561913869821268674e-01 1.600874731983252253e-01
0.000000000000000000e+00 0.000000000000000000e+00 1.206076031680098359e-01 2.932672776109563131e-02 1.207869280389754774e-01 0.000000000000000000e+00 0.000000000000000000e+00 2.798651371402612748e-03 0.000000000000000000e+00 1.609725587713920492e-01 1.732722801361377338e-02 2.245926301610179712e-02 0.000000000000000000e+00 5.998301288115084028e-03 1.274633959971790409e-01 2.130842263923356586e-02 1.559792837697467349e-01 0.000000000000000000e+00 1.932508007691026430e-02 0.000000000000000000e+00 1.906561915601072410e-02 3.324621960934936050e-03 0.000000000000000000e+00 3.088834330387447979e-02 1.423679716674039752e-01
7.903429844897199089e-03 0.000000000000000000e+00 4.949739975406464154e-02 1.230218062157336072e-03 9.075577055728117903e-03 0.000000000000000000e+00 3.290746910578480622e-02 1.890739706669182230e-01 3.123781316112941506e-02 1.705745877169131952e-02 0.000000000000000000e+00 5.866081460813477033e-02 0.000000000000000000e+00 0.000000000000000000e+00 1.458588601718532329e-01 0.000000000000000000e+00 1.562294217364702253e-01 3.549527423222148970e-03 1.111378360374456510e-02 1.925964940883288096e-02 1.398858010587608267e-02 1.106711973956377854e-01 1.890153285789761316e-03 1.356387549526540948e-01 5.155920885413355949e-03
1.200960623993547055e-01 0.000000000000000000e+00 0.000000000000000000e+00 6.544731374412265110e-04 7.821913554124497459e-02 1.409976086303031033e-04 5.330063829020250353e-03 2.973778511562548410e-02 2.719190767331698417e-03 1.524577330883963577e-01 0.000000000000000000e+00 1.424691217916214392e-01 0.000000000000000000e+00 0.000000000000000000e+00 3.094129671818324212e-02 0.000000000000000000e+00 1.769484343816534909e-03 0.000000000000000000e+00 1.389886967807802687e-01 1.614487668613152644e-03 0.000000000000000000e+00 1.487708461831830156e-02 1.030347173445525337e-02 1.048921234746146430e-01 1.647887913825521189e-01
0.000000000000000000e+00 0.000000000000000000e+00 3.813097809392673732e-02 7.087520281745134099e-02 1.263475795713195626e-01 0.000000000000000000e+00 6.486160866627523058e-02 2.336684612625782628e-04 1.637546569092283508e-02 0.000000000000000000e+00 0.000000000000000000e+00 0.000000000000000000e+00 8.011752956455692231e-04 2.285923073609493969e-03 1.616013268161868577e-01 2.352944978259435306e-03 0.000000000000000000e+00 1.352946880497513105e-01 1.310497624989308274e-01 0.000000000000000000e+00 0.000000000000000000e+00 0.000000000000000000e+00 8.384587862639632239e-02 1.788661877828250091e-02 1.480571785817793584e-01
2.328340264280821109e-02 1.504601583424509817e-03 0.000000000000000000e+00 0.000000000000000000e+00 2.237822879751122374e-02 1.285546843532402866e-02 1.414512602197868785e-01 3.073285309320849049e-02 4.184207419555266427e-02 1.149739857172459162e-01 0.000000000000000000e+00 0.000000000000000000e+00 0.000000000000000000e+00 0.000000000000000000e+00 1.444386902818764751e-01 0.000000000000000000e+00 0.000000000000000000e+00 0.000000000000000000e+00 1.019765195974622063e-01 0.000000000000000000e+00 2.211629370429665439e-02 8.821468714662420232e-03 1.204753826454258298e-01 1.959507540383739754e-02 1.935546949675771289e-01
0.000000000000000000e+00 2.258176706255898142e-03 1.363627250185553419e-01 2.689620743801773850e-03 1.145214779595393750e-01 0.000000000000000000e+00 2.634421520399954711e-02 7.092952126388120913e-03 0.000000000000000000e+00 1.470095798602635839e-01 1.255891851758215256e-03 1.354521284792896130e-01 0.000000000000000000e+00 2.950993694931867539e-03 6.278125856976203567e-02 0.000000000000000000e+00 1.483195918209968267e-01 1.546876473752181562e-03 1.527689836496138806e-02 3.895880815205892377e-03 0.000000000000000000e+00 2.468949907685132582e-03 2.853945440031421116e-02 6.092356291902617689e-03 1.551409717106362607e-01
0.000000000000000000e+00 0.000000000000000000e+00 1.579391729452119669e-02 0.000000000000000000e+00 0.000000000000000000e+00 5.459168540559077238e-04 1.026771731180114028e-01 1.390672221268233755e-01 1.108394316804440539e-02 0.000000000000000000e+00 1.064133726543334268e-02 4.695391900671554847e-02 0.000000000000000000e+00 0.000000000000000000e+00 1.779284045693619309e-01 3.588584233491243398e-03 1.559399359181347089e-01 0.000000000000000000e+00 2.759137417964979081e-03 0.000000000000000000e+00 6.894777574875016017e-03 0.000000000000000000e+00 1.832855888223875462e-01 1.305466402461755437e-01 1.229350238400388033e-02
2.492375747084009038e-03 5.441797889423762892e-03 0.000000000000000000e+00 5.945781386423169314e-03 7.926380161275644112e-03 2.677283070469477569e-02 1.385991909925474164e-01 5.167306661337327245e-02 1.028733728991642130e-02 6.011284546214084451e-02 0.000000000000000000e+00 2.809898600260628959e-02 0.000000000000000000e+00 0.000000000000000000e+00 1.259117448276500240e-01 8.325954583828436284e-02 0.000000000000000000e+00 3.872649800714646207e-02 0.000000000000000000e+00 7.274438505233038824e-03 1.324303254607881453e-01 0.000000000000000000e+00 7.650755982622173268e-03 1.398606216637756083e-01 1.275354774650143408e-01
3.607103098312332973e-02 0.000000000000000000e+00 3.684024181831074222e-03 3.150881873959865409e-02 1.105952674959381071e-02 0.000000000000000000e+00 1.752355713165558992e-01 0.000000000000000000e+00 1.914984859161240893e-02 7.363369422960662838e-03 1.692629023620350823e-02 6.391296521853270796e-02 1.433734320100017029e-02 0.000000000000000000e+00 1.710118993360041639e-01 1.176626243285345923e-03 1.368230561627683042e-02 1.655181854615663806e-01 2.611715525982176433e-02 0.000000000000000000e+00 9.364774715687856910e-02 0.000000000000000000e+00 0.000000000000000000e+00 5.795322074574129310e-03 1.438019702105804987e-01
1.086921961653908005e-03 0.000000000000000000e+00 1.180515404034574861e-01 0.000000000000000000e+00 1.059889181819838738e-01 1.074145119625519451e-01 1.555123985179625579e-01 0.000000000000000000e+00 0.000000000000000000e+00 0.000000000000000000e+00 2.806893888853501627e-03 2.531986125025457654e-02 0.000000000000000000e+00 0.000000000000000000e+00 1.280147822648453337e-01 0.000000000000000000e+00 1.586346067070417212e-02 0.000000000000000000e+00 1.368517498407503530e-01 1.016234206597532719e-02 0.000000000000000000e+00 0.000000000000000000e+00 3.929283880036529841e-02 2.817674780494629216e-02 1.254570323856954162e-01
