1.010732536652448124e-02 2.808319524417121973e-02 0.000000000000000000e+00 3.468275005649952558e-02 1.324869125606778220e-01 4.123946936136387020e-02 1.033193742872827170e-01 8.718751715043509057e-03 8.173585344382205964e-02 0.000000000000000000e+00 0.000000000000000000e+00 0.000000000000000000e+00 3.318991885010137699e-02 7.724571789280312850e-02 5.120871731017327677e-02 0.000000000000000000e+00 5.784573821510119798e-03 1.211942813582267131e-01 1.220477943522600417e-01 1.489553643795402116e-01
8.413998495065114561e-03 4.484822021401839443e-02 1.246032926396532965e-02 2.252576689695042489e-01 4.259510050065043463e-02 1.168027115780164403e-03 3.676821623622446300e-02 1.264153262197855766e-02 1.444080712786299792e-01 0.000000000000000000e+00 1.485279685917960564e-02 1.217836119742336520e-01 1.325429514319746878e-02 1.782466967248398648e-02 0.000000000000000000e+00 1.374316567012420255e-02 3.017500811818549927e-02 2.331031927714387886e-01 9.003187719014045520e-03 1.769890737632613328e-02
0.000000000000000000e+00 6.254347196001354414e-02 1.491732794251036205e-03 7.701434166288199934e-02 1.511212634316002057e-01 9.058724160381448343e-03 3.035142410816693559e-01 5.934097917055223409e-02 1.281920957137698720e-02 5.849249694884507515e-03 0.000000000000000000e+00 1.077613223247708869e-02 6.692105577149490281e-02 6.373321650209114175e-02 5.784042721025951274e-03 1.078651351864339664e-03 0.000000000000000000e+00 0.000000000000000000e+00 1.020038034312574331e-02 1.587533075503096969e-01
8.436383024539086464e-03 7.552386172975002199e-02 2.588002671277457242e-02 8.068025096259963391e-02 6.128320194264576248e-02 1.321757082697448404e-01 2.830838436052928939e-02 4.430540964285847871e-02 1.830839317626933582e-01 0.000000000000000000e+00 3.080597295179763467e-02 0.000000000000000000e+00 1.185683401184446867e-03 0.000000000000000000e+00 6.746459793738941550e-03 5.333136922464385733e-03 9.196166826950512296e-02 7.289120597038471761e-02 1.303028007667107746e-01 2.109591351607911780e-02
2.381823490978645253e-03 1.252811779899806353e-03 2.198782129310768510e-03 1.085026642513320762e-03 1.978761940856130497e-01 5.515963729385469153e-03 1.900682236881018686e-02 1.550512697820157493e-01 0.000000000000000000e+00 0.000000000000000000e+00 0.000000000000000000e+00 1.911850310219985194e-01 6.795106449699246653e-02 0.000000000000000000e+00 0.000000000000000000e+00 8.447606457452655482e-02 3.213651702881835620e-04 1.416502198506987146e-03 1.291789844195900538e-01 1.411022941095701200e-01
2.076901761991685122e-02 6.031146624278839463e-02 0.000000000000000000e+00 7.889934714128937765e-02 1.922177504432720507e-01 1.202568948426960549e-01 3.528501969607843181e-02 5.496423058338880015e-03 7.006053190427111166e-02 7.228257851286205848e-02 0.000000000000000000e+00 1.395568753190526423e-01 1.175276149220368278e-02 3.441727556613137528e-04 7.125150019717418903e-03 1.017308827530860327e-01 2.994549650623264461e-02 1.866863307580424527e-03 5.209876838495273305e-02 0.000000000000000000e+00
5.052837821918992195e-03 6.093452997110467700e-02 0.000000000000000000e+00 7.419152033399309398e-02 2.764436868066083020e-01 1.481299820491558117e-01 6.361882167889373885e-02 3.598992740861597234e-02 3.378712776863680017e-02 0.000000000000000000e+00 1.065560798192001155e-02 1.346511109362330816e-01 1.093825935482818645e-02 0.000000000000000000e+00 0.000000000000000000e+00 4.846805443653027547e-03 0.000000000000000000e+00 3.160492190801885131e-03 1.307906397043226698e-01 6.808650549313744089e-03
1.881560000420309450e-02 5.855029048561850857e-02 5.718808498691110680e-03 1.232250483628774540e-01 3.746722254057101992e-02 7.487418325311135693e-03 1.246326827251034997e-01 1.198879213603536165e-01 8.325112524099796685e-02 3.453540135352688167e-02 8.948364458931355476e-04 1.977533737336176212e-02 1.145691928564634976e-02 3.994821204137230519e-03 6.598246890678867785e-03 3.505167986268926256e-02 6.226550357899841674e-03 1.847237725009484299e-01 6.131943789875743400e-02 5.638687928273340005e-02
2.058146001541972733e-02 1.064331454302422028e-03 2.524075914517635508e-02 2.356724659712601810e-01 0.000000000000000000e+00 1.153520511193353026e-01 1.656822095372203693e-02 1.037814611853189878e-01 2.305228251843812193e-01 6.133759891979864882e-03 0.000000000000000000e+00 5.338015646937937673e-04 1.246144196856394798e-02 0.000000000000000000e+00 0.000000000000000000e+00 1.458167839990987371e-03 4.917501357727879774e-02 3.863602816272870139e-02 1.379555665323015379e-01 4.862645433546204654e-03
0.000000000000000000e+00 1.856255288092798217e-01 4.861045682331141538e-02 1.274661389831663050e-01 1.503181041009165331e-01 1.604215618797440457e-01 1.448667921891854671e-01 3.629384736066596645e-02 5.319032031626180074e-02 0.000000000000000000e+00 0.000000000000000000e+00 1.066301113644153691e-02 0.000000000000000000e+00 6.548584769409377011e-03 2.739918778749572681e-02 3.808388327317322603e-02 1.543119746224001342e-03 5.459192660999497189e-03 0.000000000000000000e+00 3.510270163725071058e-03
1.809712460319381133e-03 5.310707948140402229e-02 0.000000000000000000e+00 0.000000000000000000e+00 1.736256422240630981e-01 4.255628684889761065e-02 2.066090084105430200e-02 0.000000000000000000e+00 1.594723073545966097e-01 0.000000000000000000e+00 0.000000000000000000e+00 1.998702554864303579e-02 6.251556340202298057e-02 5.150972513258281552e-03 4.768060405318054473e-02 1.930165113199724600e-02 1.068902489551454976e-02 1.150852343848130788e-01 1.452363136820756795e-01 1.231216811781595949e-01
8.314295089283181561e-02 3.357815247278132104e-02 5.187501586784154864e-03 2.351691959214744984e-02 7.751828632040335537e-03 2.674992042460413305e-02 1.101101157041827205e-01 4.884113497383853891e-02 1.735697754059560213e-02 8.540889818067978886e-04 0.000000000000000000e+00 5.463664581234738138e-02 6.562196704785175361e-02 1.153292047488271160e-02 1.332256152275677723e-02 5.492291348475122903e-02 9.265979830126236383e-02 1.440366910490855912e-01 1.744852945613702133e-01 3.169161694407918867e-02
8.643582134100701378e-03 4.586175595356201118e-02 0.000000000000000000e+00 9.342639454129750276e-02 1.066052428977711311e-02 1.677119046647949085e-01 1.833014469036483435e-02 1.087705847587807154e-02 5.623740526614484647e-02 7.283811960672841035e-02 0.000000000000000000e+00 2.688196033907888083e-01 4.140820882735408992e-02 2.748057754930047659e-03 4.232637069985479422e-02 3.272094285433503787e-03 0.000000000000000000e+00 7.956137254730403716e-03 3.469753097325658370e-02 1.141851071910033460e-01
1.988431779523700677e-02 0.000000000000000000e+00 1.992875798340802175e-03 2.313403560373979151e-01 2.154324879526616290e-02 4.712490873166409050e-02 1.379891262842144160e-02 3.416834323256415229e-02 0.000000000000000000e+00 9.285336872620265913e-02 0.000000000000000000e+00 1.378523882178494531e-01 1.279630503522903306e-01 3.091633609057323900e-02 1.448614605737144900e-01 1.571723699482598796e-02 3.169123874182214196e-02 2.348058128186198898e-02 2.481137600196807111e-02 0.000000000000000000e+00
1.001521750144271881e-02 1.750187051210928347e-03 7.763779073571857973e-03 1.077061491618799827e-01 6.378115105137416307e-02 7.527735672154593945e-03 7.194288317524352369e-03 1.997853580620934794e-02 6.139653120997989877e-02 2.953895191345826468e-02 0.000000000000000000e+00 1.102812739249973556e-01 7.859510637192342053e-02 1.532322256307770136e-01 1.283534080039732961e-01 8.399777032228298787e-03 2.848245009364929262e-02 2.243272599047041460e-02 1.745570485148804701e-03 1.518249357080258544e-01
1.825627332257052232e-02 0.000000000000000000e+00 5.249592697690099244e-03 1.654568514444920979e-01 1.338746449783116167e-02 1.802867389561422021e-02 3.190284280324447858e-02 9.578978788892290874e-02 0.000000000000000000e+00 0.000000000000000000e+00 6.806571702440994236e-03 1.562140044956452645e-01 1.211560087739559366e-01 6.234087312189787178e-02 3.118666330182665036e-02 0.000000000000000000e+00 1.831589602386045129e-03 2.908128194323728044e-02 9.232738007130393554e-02 1.509841404369405005e-01
9.672846489894962319e-02 4.971166448142728261e-02 9.022475149277150996e-02 2.885218254268892557e-02 8.539955540184512861e-02 1.216347315105873184e-01 3.980803230432608530e-02 1.732822113497752836e-01 3.646880208694274015e-03 0.000000000000000000e+00 0.000000000000000000e+00 4.881728153807322196e-02 7.350273279814614237e-03 0.000000000000000000e+00 2.271378182393684469e-02 1.864184065780394306e-02 0.000000000000000000e+00 8.112954740417220936e-03 6.168182012664061992e-02 1.433935736422481122e-01
1.568273356404563000e-03 6.299944176656496753e-02 2.903302359292513242e-03 0.000000000000000000e+00 4.687266140538054460e-02 1.658281689650581436e-04 7.447919532972766942e-04 9.131700759881285212e-02 8.811717396677777592e-02 0.000000000000000000e+00 2.488646273941134274e-03 1.294864323124652050e-01 1.101629111319942789e-01 7.132575279940682120e-03 5.053642837193268733e-02 0.000000000000000000e+00 5.492225974210667577e-02 7.205126884525417386e-02 1.314413546032797697e-01 1.470896428635898312e-01
2.165917775589787982e-03 3.263151640626914263e-02 1.977334253336437628e-03 1.258573928905800388e-01 3.951064748180565384e-02 2.972023422259223099e-02 4.384632803174477039e-02 8.801282695259357580e-02 5.423191102638171002e-02 1.314745693717001354e-03 0.000000000000000000e+00 1.884880477751205430e-01 0.000000000000000000e+00 7.884125949863787786e-02 1.437057982830536595e-01 5.605023402980253977e-02 7.756845323106567602e-02 5.917592239344985836e-03 5.092440910434211255e-04 2.965051611732079720e-02
9.867417804162129536e-04 3.109336722951138582e-02 0.000000000000000000e+00 1.971361395650177151e-03 1.995456090335687160e-01 1.041615749726647472e-01 1.500464774088510200e-01 2.381911313221664762e-03 5.192332400668891318e-02 0.000000000000000000e+00 1.986571902725553854e-02 2.319188486540516448e-03 8.149020663763147099e-02 1.326015200979266699e-03 1.267589083600701716e-01 7.561917266159759628e-03 3.333703756966435424e-04 1.471225819731962758e-01 1.266524373531926866e-02 5.844648179657824238e-02
1.669408012379056463e-02 8.722487078475686662e-02 0.000000000000000000e+00 7.362712835951329415e-02 1.363086917243117036e-02 1.242350408404085949e-01 1.681524558201195896e-02 1.179329837253764897e-02 3.046365863095681220e-02 2.431480924166330021e-03 4.574184178755140266e-03 2.304256949286535849e-01 5.339183935939771641e-02 6.693228259789730378e-03 3.084920123567007691e-02 0.000000000000000000e+00 8.183010941939367327e-04 0.000000000000000000e+00 1.451907281315182041e-01 1.511411500214485115e-01
1.103469304641420679e-01 5.757001101888446770e-02 0.000000000000000000e+00 8.239860619313575663e-02 8.453819489225494754e-03 1.378388815694751249e-03 1.013630689367243376e-01 7.991059361685225182e-02 1.408221063121736227e-01 1.158854505241985796e-03 1.646029857174541007e-03 1.383866296609962410e-01 2.005043991467248335e-03 2.449609098191678474e-03 1.587074347647421391e-02 4.850080198261052210e-03 1.929705557507340949e-02 6.249914412463898616e-02 1.398237848221316748e-01 2.976949984351611941e-02
5.101916999185225621e-04 4.139274156753863787e-02 1.292599324860036186e-03 6.367977729729736025e-02 4.263373009774888353e-03 8.799596744416607330e-02 3.548760845945584524e-02 1.460701930365485880e-02 2.090637228831039862e-01 3.205513562180795778e-02 3.029492085015942152e-02 1.459590421780837186e-02 1.107293101787896160e-02 8.445904694007726893e-03 1.125664823128150749e-01 5.671643234680470887e-03 9.465008918591392637e-03 1.982503652127541593e-01 3.389568166574734309e-02 8.539302126397887993e-02
8.202304872487144183e-02 8.884506067365757764e-02 2.999187701946854148e-02 5.965568484235410536e-03 0.000000000000000000e+00 1.321022622683786785e-01 2.439935887257953587e-02 6.532298555110516158e-02 0.000000000000000000e+00 0.000000000000000000e+00 0.000000000000000000e+00 1.145743338543649681e-01 1.392329287308041452e-01 3.514360167027129334e-03 0.000000000000000000e+00 1.668300980523292228e-04 9.234192972692721949e-03 3.897579646916432550e-02 1.078050921860271155e-01 1.578463039275709578e-01
4.908388032518831712e-02 7.258522521615444478e-02 1.528082607891280767e-03 3.204259743168077351e-02 1.650108022552644049e-01 0.000000000000000000e+00 1.941415793647044141e-01 1.351224399518491659e-01 5.878867790221864453e-02 0.000000000000000000e+00 0.000000000000000000e+00 0.000000000000000000e+00 3.838123069325683140e-04 3.429682818315806046e-03 4.662380204423961783e-02 4.034913788778492910e-02 4.170777898024943114e-03 4.284876207498836825e-02 1.114325679803835831e-02 1.427474831167238889e-01
4.837444383258498819e-04 5.287285789447845191e-02 8.754031622748507935e-03 1.445906408606930336e-02 9.405725728136003772e-02 1.523577493855500509e-02 4.249281134346338459e-03 1.532167408791522412e-01 2.986743310548193447e-02 0.000000000000000000e+00 8.238454348700921526e-03 1.661559712323429708e-02 2.249625386587143783e-02 1.095105102443650891e-01 3.215175679924857865e-04 3.961944347645567077e-03 1.083097752495237875e-01 4.796959870702851431e-02 1.404832595010139518e-01 1.688969036641063959e-01
2.148651027207579625e-02 1.308813807989784306e-01 1.895011312046884311e-04 1.574340599551570519e-01 1.173473322412584979e-01 7.852939864282507121e-02 6.087697448281418700e-04 5.017109515278955767e-02 5.072770643871638181e-03 6.710546457486590670e-03 0.000000000000000000e+00 1.271544371696626541e-01 0.000000000000000000e+00 0.000000000000000000e+00 1.389084759705595251e-01 0.000000000000000000e+00 2.016307041443274762e-03 1.135421747605422221e-01 4.960938112131351579e-02 3.378588960035267073e-04
2.406614218732616023e-02 7.245265905417574981e-02 0.000000000000000000e+00 2.156576724559519098e-01 7.170578991795698021e-03 1.198138159913739315e-01 1.318583404688396243e-02 1.514817153498868550e-02 1.219543322851732586e-01 2.645614899689056887e-02 4.555464864365253372e-03 2.100994401585548066e-01 1.215853107435078614e-02 0.000000000000000000e+00 1.691591317572656316e-04 0.000000000000000000e+00 2.791750821768296817e-05 1.877578897134996733e-02 1.946914463250795993e-02 1.188391981143362974e-01
4.096668239948524082e-03 5.636318373591166914e-02 5.235500687119905815e-03 4.255809618194705130e-02 1.528682172789276594e-01 1.208806401833550578e-02 7.816523851690346247e-02 4.426678568577777778e-02 3.208685815154482812e-02 5.133798568590385025e-03 0.000000000000000000e+00 1.313507041030022859e-01 1.635182539493890141e-02 0.000000000000000000e+00 0.000000000000000000e+00 8.711921998609963025e-03 0.000000000000000000e+00 1.571951640767683678e-01 9.397131801829040898e-02 1.595566553433831747e-01
8.741367618050995686e-03 2.636494915400799596e-02 6.600983994764689396e-03 5.887903214555384630e-03 6.271268830078995105e-02 1.584519924729754434e-02 5.525633141748564903e-02 6.082841098234386540e-02 1.244845332965114904e-01 3.954721851928258425e-02 2.240258812226035567e-02 4.445243663612428314e-02 1.659464099042184393e-01 1.080926303283684664e-01 1.319150141553969979e-01 2.056565041381159392e-02 7.914836566303828924e-02 5.651509380829152808e-03 1.555580965086231920e-02 0.000000000000000000e+00
0.000000000000000000e+00 7.291524710439864672e-03 1.103692250391522522e-01 2.079288177889728265e-02 1.571742006979721107e-01 2.084498661302126854e-02 6.020980377860587866e-03 2.168823968935603697e-01 1.208167084904171878e-01 1.008743117126370201e-02 1.494291730500630982e-04 2.287949979874205272e-02 0.000000000000000000e+00 8.887840756580445145e-03 5.414939344572236579e-02 6.311561224846581886e-02 0.000000000000000000e+00 1.512250762391626445e-02 5.613840543657473356e-03 1.598015406372809144e-01
1.785467497021368181e-04 5.181550786048874646e-02 0.000000000000000000e+00 1.481643952182815638e-01 0.000000000000000000e+00 1.339566870227289555e-02 7.788314709044249703e-03 1.208278347862488111e-01 2.904274254416020495e-01 4.443481182204068666e-03 3.408600278159167052e-02 8.758704508167614033e-02 0.000000000000000000e+00 2.348312609050902389e-02 2.198384392172664844e-03 1.080960751910790690e-01 3.938246226682698414e-02 1.419596202247934251e-02 4.383127920764142565e-02 1.009848831617915152e-02
2.277349935467604548e-03 6.402852269124126305e-02 0.000000000000000000e+00 1.525823357715479917e-02 1.214694474127417378e-01 1.612239270316722928e-01 3.460051104228813526e-03 3.575351476061607719e-02 1.235970754216368095e-01 8.963427020908265944e-03 0.000000000000000000e+00 1.901654630459584383e-02 2.050937093141780854e-01 0.000000000000000000e+00 1.796045611005905526e-02 3.953842309298811336e-03 7.503997860045845403e-03 1.979844496222607844e-02 4.252446339063177538e-02 1.481169907932967100e-01
1.099297813413266101e-01 1.463909118540850096e-01 1.137999984423092581e-01 0.000000000000000000e+00 5.874915944697726294e-02 1.842119227137432869e-01 3.256063976870146592e-02 1.134231536381643222e-02 3.757382688124009940e-02 7.111597800677805191e-03 0.000000000000000000e+00 1.244584735629011146e-01 8.790565100475622451e-02 0.000000000000000000e+00 1.617071728943395318e-03 0.000000000000000000e+00 0.000000000000000000e+00 9.966891848921985951e-04 3.345556070839165314e-02 4.989640019723824010e-02
0.000000000000000000e+00 7.605812728803219847e-02 2.987571595198615718e-03 1.888891515988437575e-01 1.566915242194377444e-01 1.266100993156283050e-01 7.372523733587749324e-03 1.279816352404135049e-01 6.286317220250747795e-02 7.816330135391800008e-03 4.101665536942290975e-03 9.795763611474328503e-02 1.247960192810252875e-02 0.000000000000000000e+00 2.900635453711148878e-02 0.000000000000000000e+00 3.302644172938205835e-02 8.480885477739535721e-04 2.900040526674337732e-02 3.630967101015986076e-02
2.472678172388976733e-02 1.092329742905289447e-01 8.441275511126538483e-03 7.948673118264337756e-02 4.486374593950083478e-02 5.856201946917578144e-02 4.315966044779245836e-02 2.543968012422666986e-02 6.110073150246116830e-02 6.479643042538469483e-04 1.274887614406491031e-02 1.262660975430175414e-01 2.892551074547980092e-02 1.239690030191685916e-01 1.424008230791142526e-01 1.875622063362021976e-04 9.030138425568090543e-02 1.649088299855600015e-02 2.001358360182594644e-03 1.046937152799804448e-03
2.106644218363741203e-02 1.090368367595469096e-01 1.917758598534836587e-02 4.328557880215316150e-02 1.613762365651468336e-04 1.351106205740663369e-01 1.072658359617689218e-02 5.526467797800391213e-02 1.328162219570890312e-01 7.771562091528490604e-03 3.267244004770154114e-02 5.152313128289818384e-02 1.520404239386232148e-01 8.015096144373658194e-03 1.390063818866118517e-01 0.000000000000000000e+00 0.000000000000000000e+00 4.605423762756779595e-03 0.000000000000000000e+00 7.771961677291903958e-02
5.635925923693651043e-03 1.129747245408455752e-01 1.492870784590077764e-02 5.845576934429377175e-02 6.239238181226194890e-02 5.953337768340633690e-02 1.007211797189589732e-02 1.391295729975322668e-03 1.413724092053024184e-01 1.333331133411928089e-03 0.000000000000000000e+00 2.990201190082942065e-02 1.886616346839504327e-02 1.040376945147364479e-01 0.000000000000000000e+00 0.000000000000000000e+00 4.016690432153813967e-02 6.567220309071337232e-04 1.348914007546785920e-01 2.033890618179274856e-01
1.523008116618697338e-02 1.543787838009861614e-02 6.748325071127925234e-02 1.333971027109709384e-01 1.546694759307531697e-01 1.099970349618873827e-01 3.507528294113691769e-02 3.732692615110065441e-03 1.097002871209755252e-02 2.573579260508257818e-02 1.488146108332994788e-03 1.584787046355974963e-02 1.359932752537499137e-02 2.861761971382805955e-02 5.786930348326016493e-02 1.503090279007148269e-02 1.133393578326586659e-01 1.241716033261387880e-01 8.096721263197024371e-03 5.021052675897454132e-02
0.000000000000000000e+00 1.443178317682402012e-01 4.038037518647586560e-02 1.325930703236828656e-01 1.492525671826684386e-01 1.612521233790980835e-01 0.000000000000000000e+00 2.352642141579963739e-03 0.000000000000000000e+00 0.000000000000000000e+00 0.000000000000000000e+00 1.364060663323271860e-01 3.869621260264120757e-03 1.658899927151882099e-03 3.600674250005241744e-02 1.399994681938714590e-02 0.000000000000000000e+00 5.397152671948590198e-03 2.110191439693950496e-02 1.514110461101838001e-01
7.633439933475837103e-02 1.223322585268196983e-01 1.165267233821306973e-02 2.858353205117300858e-02 3.672956257301208949e-02 9.541310451350724919e-02 6.619419601439464895e-02 1.558259855005736383e-02 5.265810253294164051e-02 0.000000000000000000e+00 0.000000000000000000e+00 2.608532757189552936e-02 1.777384926409941723e-01 0.000000000000000000e+00 1.263901769994649205e-01 3.754909253505789996e-03 1.676000765215596860e-04 3.555333805631508051e-03 5.229482569218370062e-03 1.515982506478910086e-01
7.584030174075073738e-02 5.980795923894550309e-02 2.904024995645485604e-03 2.190632677603707862e-02 1.743750976901703997e-01 1.344539638339827536e-01 1.118274234222847580e-01 1.325737996834153720e-01 4.139883834864040851e-02 1.689238311351623435e-04 0.000000000000000000e+00 9.808147054476465398e-02 3.088699591494145288e-02 0.000000000000000000e+00 6.244084023739791822e-03 3.410006604745345615e-02 0.000000000000000000e+00 1.914993387544167494e-02 3.282456164182807890e-02 2.345622839082318889e-02
2.595134483874869235e-03 1.107968096458558510e-01 1.945966403163794378e-02 6.468381581260459513e-03 1.367423942472971998e-01 1.067789922975180550e-01 5.473871350903964511e-02 2.841758281059084817e-02 1.364568326587507208e-01 0.000000000000000000e+00 0.000000000000000000e+00 8.425991077101445403e-02 5.844731115910061425e-04 0.000000000000000000e+00 3.466098661113952567e-03 9.143788321901682309e-03 1.650301933982598057e-02 1.746788817140470240e-01 1.089093228146801734e-01 0.000000000000000000e+00
5.836694397933038514e-02 1.407719496769155587e-01 3.858029523033195980e-03 4.963180492906126701e-02 1.883727102888257607e-02 3.191047861260022656e-02 1.075087499634712618e-01 8.724480642822092513e-02 1.488882903221540148e-02 2.239415760737904337e-03 0.000000000000000000e+00 1.151268830884007027e-01 1.231108794444421561e-01 9.134943124197661413e-02 0.000000000000000000e+00 0.000000000000000000e+00 1.050303438394657868e-01 2.083995704438849558e-02 7.722500367200338042e-03 2.156172603965715584e-02
0.000000000000000000e+00 1.998724402229114586e-02 3.733071564720958063e-03 6.163108151628144543e-02 1.537121638988880601e-01 1.136212593161847056e-01 1.423560195241256598e-01 0.000000000000000000e+00 1.238941945066342719e-02 3.614871859604926185e-02 0.000000000000000000e+00 5.067601074037621917e-02 1.302504703740985960e-02 3.109595790971280208e-02 9.385617726517764964e-03 6.430254056640379717e-03 1.620380212518078913e-02 1.563857526661407427e-01 1.571941651183991207e-01 1.602441473041759865e-02
4.384431535084634679e-02 1.230449413555323029e-01 1.398389237323742311e-02 6.678902627940133674e-02 1.075294297013147139e-02 1.836544267006454817e-02 2.714134659594545987e-02 1.254871595062718725e-01 2.703651361410984444e-02 2.567763553512664512e-02 1.493661808361436590e-02 1.885093233107038302e-01 1.366282932605434597e-01 2.673647756549324406e-03 9.829989222320073550e-02 1.723484232621344883e-02 2.022215686643117748e-03 5.588292893349942891e-02 1.689022168365039885e-03 0.000000000000000000e+00
9.792725628749922306e-02 3.573389894613514944e-02 1.238564612880554416e-01 1.409956657836855531e-01 2.916070562235953748e-02 7.403097956870612062e-02 3.499880216246488733e-04 1.118510457375162942e-01 1.141576792674448351e-02 2.177707475907674980e-02 1.454764956031910422e-03 1.487216492909590286e-02 0.000000000000000000e+00 3.614016344338621956e-02 4.474055804505658318e-02 5.244339223498387798e-02 0.000000000000000000e+00 0.000000000000000000e+00 5.574955313444292238e-02 1.475005593155993278e-01
8.451066713787487583e-03 4.776470639145369984e-02 5.786220940804568703e-03 1.594315070357810171e-02 2.564177977766811112e-01 1.194390049577976620e-01 0.000000000000000000e+00 7.407276004703808314e-02 3.499303685772532993e-03 4.579996361031854479e-02 0.000000000000000000e+00 9.739077122728877212e-02 1.154729777081507994e-02 1.711442510189579297e-02 4.338772907615086327e-02 2.503986088718153369e-02 1.111624740908093989e-01 2.081115973005939063e-02 3.152098031010056728e-02 6.485132697846701655e-02
3.966206752203720216e-03 4.457810608904769906e-02 0.000000000000000000e+00 2.136491747999159918e-01 1.067681189660989044e-01 2.678713657261003189e-02 5.563725196605365936e-02 3.884997042832424863e-02 3.062955783498786527e-02 0.000000000000000000e+00 0.000000000000000000e+00 1.285345836986021284e-01 6.792372764754413261e-02 0.000000000000000000e+00 4.664252756669931598e-04 0.000000000000000000e+00 9.522315092221776689e-02 4.426004362661380837e-02 1.239728683116165381e-01 1.875367710849641309e-02
0.000000000000000000e+00 0.000000000000000000e+00 3.715758238783835148e-03 1.055844122718078149e-01 2.566620893053908614e-01 1.245990327294002331e-01 1.665613833653502643e-02 0.000000000000000000e+00 3.854959199273340353e-02 2.437814770308880871e-02 0.000000000000000000e+00 5.331491536501365563e-02 3.774791702936845100e-02 4.858246828733692874e-02 0.000000000000000000e+00 1.829889120516053555e-02 3.398592864427523678e-03 1.129383210704281793e-03 6.850809952135221426e-02 1.988745619388964381e-01
