0.000000000000000000e+00 9.928910117330182195e-02 0.000000000000000000e+00 5.356994281327717711e-02 2.166132781823554981e-03 0.000000000000000000e+00 1.400490952440256592e-02 0.000000000000000000e+00 5.103334282984610393e-02 1.039472604756377233e-02 0.000000000000000000e+00 1.398718553248856633e-01 1.163490590203377639e-01 3.906204554631940301e-02 2.963036985549363442e-02 1.886902028277436319e-02 0.000000000000000000e+00 1.119528951733653188e-01 1.489088306553918717e-01 1.648977689712169958e-01
2.134137312509835904e-02 0.000000000000000000e+00 0.000000000000000000e+00 1.303849820908798696e-01 1.407594850368969197e-01 0.000000000000000000e+00 7.197718463352418584e-03 0.000000000000000000e+00 1.959259704467825602e-01 5.918813732394383881e-02 0.000000000000000000e+00 1.758798293127841472e-01 0.000000000000000000e+00 0.000000000000000000e+00 0.000000000000000000e+00 0.000000000000000000e+00 0.000000000000000000e+00 2.693006061642821969e-02 1.926778530887792162e-01 4.971459049505461830e-02
0.000000000000000000e+00 0.000000000000000000e+00 8.765510811421062953e-07 3.910930861597705643e-02 1.304021605389172334e-01 0.000000000000000000e+00 7.898567342805334901e-02 3.760312536355526342e-02 1.683994671157912626e-01 0.000000000000000000e+00 0.000000000000000000e+00 0.000000000000000000e+00 1.581282893588153438e-01 1.476956505690507349e-01 3.319325659865893230e-02 0.000000000000000000e+00 3.793466209365971287e-03 2.639712106385576351e-02 9.738703692565530562e-03 1.665529008943123779e-01
0.000000000000000000e+00 1.610268873259911721e-02 0.000000000000000000e+00 0.000000000000000000e+00 0.000000000000000000e+00 3.632773416605055566e-02 0.000000000000000000e+00 9.901443916181185134e-02 1.520383597778120766e-01 3.261233044926139385e-02 6.193859486729721975e-03 1.416100971364613326e-01 1.171173963980779303e-01 0.000000000000000000e+00 1.382037921433271893e-02 0.000000000000000000e+00 5.317899076313740286e-02 1.027018896445292401e-01 2.149423346375760324e-01 1.433950043162059151e-02
0.000000000000000000e+00 1.108246345803758082e-01 0.000000000000000000e+00 0.000000000000000000e+00 6.775162520277372771e-03 8.455821654962647135e-03 1.635091060629709214e-02 1.451772979207387460e-01 1.142934165061838987e-02 9.904304068747682085e-03 0.000000000000000000e+00 3.416431124798496172e-02 5.890639868048132277e-02 1.472312005451412165e-01 2.606217175912388037e-02 0.000000000000000000e+00 0.000000000000000000e+00 7.856789694966299920e-02 1.664605317802430595e-01 1.796900160353447629e-01
0.000000000000000000e+00 1.145740625896995712e-01 1.064730719237883538e-01 1.554350333645089233e-01 1.462443381301481091e-02 1.105932691040783893e-02 1.380776933520504830e-03 6.444500279994516689e-02 1.931205247849627354e-02 3.309504084823080422e-02 0.000000000000000000e+00 2.739648502887618853e-01 0.000000000000000000e+00 0.000000000000000000e+00 6.976200933654586912e-03 1.030260684265115328e-01 0.000000000000000000e+00 6.940070992757782671e-03 0.000000000000000000e+00 8.869400769670186813e-02
4.848343211450367729e-02 1.799363397286806864e-04 0.000000000000000000e+00 0.000000000000000000e+00 1.414357159570613920e-01 3.380658179072285052e-02 0.000000000000000000e+00 1.033106089582359888e-02 1.440088967256742125e-01 0.000000000000000000e+00 0.000000000000000000e+00 2.981265187008265150e-01 0.000000000000000000e+00 0.000000000000000000e+00 3.378681644934417028e-02 0.000000000000000000e+00 0.000000000000000000e+00 1.181040856773433873e-01 1.717369553489714595e-01 0.000000000000000000e+00
6.260086290466250480e-02 0.000000000000000000e+00 1.041873203384831720e-01 2.978874840243117897e-02 1.408496016057127209e-01 0.000000000000000000e+00 0.000000000000000000e+00 2.385065059087307926e-01 7.951931849955523601e-02 0.000000000000000000e+00 0.000000000000000000e+00 3.663609277169153217e-02 0.000000000000000000e+00 4.281689870356197164e-02 1.526494387022008827e-02 0.000000000000000000e+00 3.622826714110295721e-02 2.884775350457216211e-02 1.580286958882458070e-01 2.672499046102984332e-02
0.000000000000000000e+00 7.925626787354270175e-02 0.000000000000000000e+00 1.775583399496231951e-02 1.536298079064249700e-01 9.535509747138937175e-02 1.590548478367275961e-02 2.305684628763991773e-01 9.272049382555498653e-03 1.156622929897118401e-01 8.274927557226478131e-03 4.341035213883656652e-02 0.000000000000000000e+00 4.577801420871483763e-03 3.008916727634408997e-02 0.000000000000000000e+00 1.223126579352739295e-02 4.975868617443257591e-02 1.765768990525132254e-02 1.165948124548514681e-01
0.000000000000000000e+00 0.000000000000000000e+00 0.000000000000000000e+00 4.275139496710119585e-02 1.287320598139214123e-01 0.000000000000000000e+00 1.923916750055491842e-01 1.452114526601951117e-01 0.000000000000000000e+00 9.559253354228794061e-03 0.000000000000000000e+00 2.253841200783970322e-01 0.000000000000000000e+00 4.587257443372621396e-02 0.000000000000000000e+00 0.000000000000000000e+00 0.000000000000000000e+00 0.000000000000000000e+00 0.000000000000000000e+00 2.100974696868809777e-01
0.000000000000000000e+00 0.000000000000000000e+00 0.000000000000000000e+00 0.000000000000000000e+00 0.000000000000000000e+00 1.503551381378530616e-01 4.671779364443396504e-02 1.533691482515755176e-02 7.254307455429434602e-04 1.458630168487396383e-03 6.382082012823307379e-03 1.596744757023991212e-01 1.761415725581993441e-01 0.000000000000000000e+00 5.937782707478153621e-02 0.000000000000000000e+00 0.000000000000000000e+00 1.128493820518101931e-01 1.402961640462924708e-01 1.306845890322190507e-01
1.019090881504592684e-02 1.118325094319618379e-01 0.000000000000000000e+00 0.000000000000000000e+00 1.878260527836672286e-02 0.000000000000000000e+00 3.116433738587652894e-03 1.356703909886871062e-01 2.017972809547979515e-02 0.000000000000000000e+00 0.000000000000000000e+00 3.307507717400849367e-01 1.183341876761350858e-01 0.000000000000000000e+00 9.673820164389201545e-03 8.053061779045524518e-03 2.683329137856998742e-03 1.052269949313254793e-01 3.231629053553081860e-02 9.318896768750285775e-02
1.473817679076284883e-03 1.309756315194416931e-01 0.000000000000000000e+00 4.550661492740067093e-02 6.986444847378694631e-03 3.911192979228220873e-02 1.461617838459426492e-02 1.463998327824153067e-01 2.371355917299480809e-01 0.000000000000000000e+00 0.000000000000000000e+00 1.746035870620056829e-01 0.000000000000000000e+00 4.383858098474670284e-02 2.402944216672938185e-02 0.000000000000000000e+00 1.268304556805658345e-01 5.763868233751690863e-03 2.728024209663442758e-03 0.000000000000000000e+00
1.794183359571031866e-02 8.588643433208788258e-03 0.000000000000000000e+00 5.012618589890279613e-02 2.406871351369107952e-03 9.316958691070320597e-02 1.098060983620759573e-01 1.627497590813203054e-01 0.000000000000000000e+00 0.000000000000000000e+00 0.000000000000000000e+00 2.045972955924160452e-01 3.292622426527766488e-03 1.984523605458950180e-02 1.785354908806915386e-01 3.711510776233529346e-02 0.000000000000000000e+00 1.118252686501492177e-01 0.000000000000000000e+00 0.000000000000000000e+00
8.912928630053684655e-04 4.076797167707263414e-02 0.000000000000000000e+00 4.486200958391507732e-03 0.000000000000000000e+00 1.776881451687541981e-04 0.000000000000000000e+00 1.334888926998160225e-02 2.356791779963804956e-01 1.774537347011621025e-01 0.000000000000000000e+00 1.685346685097779129e-01 0.000000000000000000e+00 0.000000000000000000e+00 1.669755753717072078e-01 6.679158055467024346e-03 1.359222931822080538e-01 1.111113917377165063e-02 2.379361634680313836e-02 1.417859374910261996e-02
0.000000000000000000e+00 0.000000000000000000e+00 0.000000000000000000e+00 1.501032802828235766e-03 0.000000000000000000e+00 0.000000000000000000e+00 0.000000000000000000e+00 2.570108674731233500e-02 1.132797833216564465e-01 1.541038896886278570e-03 0.000000000000000000e+00 1.891694935122263388e-01 1.697428802015489568e-01 0.000000000000000000e+00 3.084487183956973605e-02 0.000000000000000000e+00 1.029789197215632765e-02 1.553028885180119945e-01 1.359838887850695066e-01 1.666351434027339151e-01
1.104032334609670180e-01 7.011243392161513321e-02 0.000000000000000000e+00 0.000000000000000000e+00 1.508468244343097175e-01 0.000000000000000000e+00 2.003529913520699438e-02 1.421515107505247344e-01 2.235018732193955193e-02 0.000000000000000000e+00 0.000000000000000000e+00 2.091177437049505372e-01 1.718111240708703705e-04 9.722636566656414278e-03 0.000000000000000000e+00 9.590826361373563230e-03 2.033807667731908977e-02 1.054293760125837032e-01 1.284254454925947385e-02 1.168874959792231272e-01
5.201181173469719698e-02 4.961275516546907044e-02 0.000000000000000000e+00 0.000000000000000000e+00 0.000000000000000000e+00 2.315899409675451215e-01 0.000000000000000000e+00 1.269065517452676040e-01 9.631701172694075511e-03 7.349006195831496446e-02 3.821532129720127402e-02 0.000000000000000000e+00 0.000000000000000000e+00 0.000000000000000000e+00 3.195062973614877511e-02 0.000000000000000000e+00 0.000000000000000000e+00 1.204464990665873869e-02 1.443933208426123604e-01 2.301532554733910219e-01
9.307475198198401911e-02 1.283753550602042548e-01 8.335602053303487607e-03 7.484094095356956522e-02 7.077241556798630597e-04 0.000000000000000000e+00 0.000000000000000000e+00 0.000000000000000000e+00 1.628466402033704186e-01 0.000000000000000000e+00 0.000000000000000000e+00 2.020770064850908321e-01 4.921242851354885178e-03 0.000000000000000000e+00 1.359250375271933708e-01 2.622789664097055062e-03 1.310769285040829235e-01 2.471519216519331777e-02 2.450883382439013238e-03 2.802990501243704871e-02
0.000000000000000000e+00 1.018316550855739855e-01 0.000000000000000000e+00 5.590352410622419351e-04 0.000000000000000000e+00 1.081117865311381904e-01 5.192345863174400999e-02 3.674776374645243732e-02 0.000000000000000000e+00 0.000000000000000000e+00 0.000000000000000000e+00 1.248474216866415493e-01 1.553314591470475181e-01 2.048476112529691237e-02 1.901321646531379042e-02 3.277214257834702021e-02 0.000000000000000000e+00 8.826864285357076748e-03 1.508948622573035303e-01 1.886555732187218948e-01
1.287141321514592620e-03 0.000000000000000000e+00 0.000000000000000000e+00 3.975012585007974691e-02 0.000000000000000000e+00 0.000000000000000000e+00 2.204616189094579237e-01 6.686416778642570273e-03 0.000000000000000000e+00 2.506068006213522936e-03 0.000000000000000000e+00 3.243484046319773939e-01 1.630278601147849837e-01 1.892761450655297876e-04 3.169354103758380975e-02 1.458132536455565911e-02 0.000000000000000000e+00 0.000000000000000000e+00 2.466177962114085576e-02 1.708064422189833620e-01
0.000000000000000000e+00 4.586707068026133621e-02 0.000000000000000000e+00 4.500218969193281460e-02 0.000000000000000000e+00 0.000000000000000000e+00 0.000000000000000000e+00 7.377544444971907613e-04 3.645543032950916973e-01 0.000000000000000000e+00 0.000000000000000000e+00 1.980521586232737441e-01 0.000000000000000000e+00 2.150757773358265290e-02 4.402728125853162811e-03 7.983758664775695083e-03 0.000000000000000000e+00 0.000000000000000000e+00 1.703741581376618797e-01 1.415183006030698298e-01
1.787117123714089886e-02 3.708410680258952818e-02 8.019294281519501189e-02 1.909498120409600375e-01 2.780348248042173800e-02 0.000000000000000000e+00 1.246150129810508211e-02 3.734556918087836210e-04 2.293004791409782028e-01 4.544214454363908195e-02 4.321683508151526708e-03 1.371490135660071163e-01 3.302721050960360366e-02 0.000000000000000000e+00 0.000000000000000000e+00 0.000000000000000000e+00 0.000000000000000000e+00 0.000000000000000000e+00 1.398131041680821807e-01 4.420989219731733672e-02
1.134488447499471496e-02 1.563385781081148007e-01 2.378412004676362657e-02 2.795557856373906414e-03 2.307631472191753672e-02 8.386912496335165168e-02 3.441467627038009153e-02 1.336250437300224581e-01 2.667464401086052164e-02 0.000000000000000000e+00 0.000000000000000000e+00 1.518339336603916900e-01 3.278576036765336321e-02 0.000000000000000000e+00 0.000000000000000000e+00 4.678599795319378363e-03 0.000000000000000000e+00 8.884374315531073929e-03 1.727088274143186442e-01 1.331855602640064917e-01
1.068943305438844471e-01 1.200869466248710021e-01 1.450102907412943176e-01 1.118468434808403134e-01 5.933216898150924781e-04 0.000000000000000000e+00 1.556150559289931345e-01 1.625282805359454588e-02 2.192419266993175103e-02 7.778103036301102502e-02 0.000000000000000000e+00 0.000000000000000000e+00 4.501447337550412535e-03 0.000000000000000000e+00 2.775713668854789401e-02 2.551181840095078160e-03 0.000000000000000000e+00 3.266532011466466434e-02 7.900158478588973797e-04 1.757300580750474628e-01
7.918440039926442908e-02 8.172250787610725598e-02 0.000000000000000000e+00 1.127016752379000029e-02 0.000000000000000000e+00 0.000000000000000000e+00 1.179189539127191155e-01 2.691807666536098070e-02 1.529234605661937696e-01 4.240954161916528353e-02 0.000000000000000000e+00 1.693895045945268407e-01 0.000000000000000000e+00 3.909368708751267615e-03 7.410861360589179880e-02 1.433499967712978081e-03 1.115253442038359605e-01 5.528965496336967628e-02 0.000000000000000000e+00 7.199690539331060624e-02
0.000000000000000000e+00 1.790925686093931032e-04 0.000000000000000000e+00 2.915224511288746004e-02 1.580072380822627465e-01 0.000000000000000000e+00 3.687698475020899369e-02 1.957549784736882514e-03 0.000000000000000000e+00 0.000000000000000000e+00 0.000000000000000000e+00 2.955317415150565674e-01 1.585442187080020049e-01 0.000000000000000000e+00 1.693856107207541151e-01 0.000000000000000000e+00 0.000000000000000000e+00 1.271843758855304984e-01 0.000000000000000000e+00 2.318094287195129541e-02
0.000000000000000000e+00 2.037090805366295332e-01 1.129773148046766228e-02 0.000000000000000000e+00 0.000000000000000000e+00 0.000000000000000000e+00 0.000000000000000000e+00 9.966712845818808189e-04 0.000000000000000000e+00 0.000000000000000000e+00 0.000000000000000000e+00 2.775919052533780684e-01 1.413135527618606668e-01 0.000000000000000000e+00 2.593068516814894808e-02 0.000000000000000000e+00 2.731230477635487874e-02 2.951527042008683308e-02 1.623200050861138277e-01 1.200127932323777763e-01
3.277396380167054216e-03 1.179949108035739519e-01 0.000000000000000000e+00 2.187674395062689722e-02 2.409694043189859747e-02 1.894249016986871911e-02 1.144633484322634814e-01 1.136034404233521034e-01 0.000000000000000000e+00 5.205318357929582945e-02 0.000000000000000000e+00 1.534055085693690756e-01 0.000000000000000000e+00 0.000000000000000000e+00 0.000000000000000000e+00 0.000000000000000000e+00 3.881382422711115998e-02 1.701762186331889359e-01 4.337558192519792161e-02 1.279204124740863091e-01
7.999157866869789635e-02 0.000000000000000000e+00 5.953508733852917734e-02 0.000000000000000000e+00 1.212875634656161716e-02 0.000000000000000000e+00 0.000000000000000000e+00 1.297463506186041227e-01 4.818076160936714952e-02 7.060114940481272694e-02 0.000000000000000000e+00 2.038846768401568199e-01 0.000000000000000000e+00 1.597517140703402089e-02 1.542496376054541263e-01 1.656291792420097045e-03 1.449182910652828948e-01 2.419932224689023970e-02 4.578195405189806194e-02 9.150971004291108199e-03
4.551933142892133910e-02 1.314460889855052772e-01 0.000000000000000000e+00 1.445796768522316332e-02 1.270905073196712531e-01 2.705553560238313157e-02 3.026789247289267838e-03 1.282315971186773762e-01 0.000000000000000000e+00 1.196442304508410909e-01 0.000000000000000000e+00 6.061853321644293524e-02 2.734184028885021378e-02 0.000000000000000000e+00 6.968413952392829222e-03 2.030287318891195111e-02 2.640458543566025565e-02 0.000000000000000000e+00 0.000000000000000000e+00 2.618917060792299578e-01
0.000000000000000000e+00 0.000000000000000000e+00 0.000000000000000000e+00 6.646487819935579903e-03 0.000000000000000000e+00 0.000000000000000000e+00 1.174077432258003803e-02 0.000000000000000000e+00 1.866589535890378349e-01 0.000000000000000000e+00 1.617422284261424382e-03 3.280179673777390836e-01 0.000000000000000000e+00 0.000000000000000000e+00 5.624049501235262732e-02 0.000000000000000000e+00 0.000000000000000000e+00 1.208020285123839049e-01 1.351825234942457821e-01 1.530933475874637073e-01
0.000000000000000000e+00 8.472178180902058264e-02 0.000000000000000000e+00 0.000000000000000000e+00 1.259306607061562444e-01 3.181999167375040155e-02 2.412308794679369692e-02 8.593278281577956465e-03 1.438202120023972241e-01 6.031569783524073219e-02 0.000000000000000000e+00 1.340395076672177554e-01 0.000000000000000000e+00 0.000000000000000000e+00 4.727435361092345578e-03 5.310076877935413983e-03 0.000000000000000000e+00 1.131327049685276892e-01 1.632681715637943412e-02 2.471387477139106448e-01
0.000000000000000000e+00 1.504278982037112744e-01 0.000000000000000000e+00 0.000000000000000000e+00 1.524362857499936275e-01 1.093720046052816808e-01 0.000000000000000000e+00 5.410236469340722748e-02 1.617389731306342060e-01 3.513607633896551757e-02 0.000000000000000000e+00 2.916114755385944557e-01 2.218407335010708428e-02 0.000000000000000000e+00 0.000000000000000000e+00 0.000000000000000000e+00 3.615610125478699918e-03 0.000000000000000000e+00 1.937523826382621731e-02 0.000000000000000000e+00
0.000000000000000000e+00 1.648907222657591603e-03 0.000000000000000000e+00 1.995824575272027793e-02 1.607991695003836707e-01 2.784674193891683094e-02 5.031153861526646565e-02 0.000000000000000000e+00 1.981994377805876562e-01 0.000000000000000000e+00 0.000000000000000000e+00 1.944798235268408726e-01 0.000000000000000000e+00 0.000000000000000000e+00 9.883257626850380784e-02 0.000000000000000000e+00 0.000000000000000000e+00 5.873119494245022075e-03 1.642916473878619221e-01 7.775879251201588127e-02
1.690983081148163616e-04 4.746520451459888823e-02 0.000000000000000000e+00 1.096535775719651162e-01 0.000000000000000000e+00 0.000000000000000000e+00 2.418559667316834069e-02 1.386736340432182246e-01 1.188258865742543302e-01 9.412407573333447797e-02 0.000000000000000000e+00 1.559404665951646118e-01 1.177646199798463439e-02 0.000000000000000000e+00 1.606739750635983455e-01 0.000000000000000000e+00 3.722275307077004599e-03 2.847489761882437704e-03 1.047051733633534709e-02 1.214717405193034006e-01
2.117680137106935090e-02 8.731924177121260216e-04 0.000000000000000000e+00 1.276701784852351737e-02 8.798085137700027356e-03 9.446312715790099179e-03 1.529029720294356387e-03 0.000000000000000000e+00 1.259525026900180089e-01 4.954367774258253837e-02 0.000000000000000000e+00 1.753551832571540736e-01 2.272704129597117317e-01 3.823878288039118771e-03 1.510577786927420063e-01 1.115479324824556785e-02 1.434030110488533107e-02 1.328632609511706530e-01 0.000000000000000000e+00 5.404777185436158982e-02
4.398902597149827176e-02 1.066687797339874351e-02 0.000000000000000000e+00 0.000000000000000000e+00 1.316218986936549054e-02 0.000000000000000000e+00 7.859483985840959308e-02 2.314942145009950270e-01 4.447330199697242803e-02 2.691906464913136621e-02 0.000000000000000000e+00 1.601410311993711755e-01 0.000000000000000000e+00 0.000000000000000000e+00 0.000000000000000000e+00 6.542274477135795116e-03 0.000000000000000000e+00 1.593122764711468742e-01 1.755646181830326780e-01 4.914028484954256759e-02
5.157038049147118740e-04 2.691086949908161330e-02 0.000000000000000000e+00 7.028635084476489436e-02 3.684435990288360135e-02 0.000000000000000000e+00 6.571423705999729359e-02 1.472322151640241272e-01 9.381739383308400348e-02 0.000000000000000000e+00 8.054510978015605753e-04 1.652519629280781444e-01 0.000000000000000000e+00 9.635685303923749445e-02 2.940465136598252940e-02 0.000000000000000000e+00 0.000000000000000000e+00 2.498071731816590285e-02 1.854975391355105294e-02 2.233294802284332137e-01
0.000000000000000000e+00 1.156273196624925254e-01 1.122732868131393058e-01 3.812870549476284066e-02 1.364185745478583844e-01 9.170211125230821533e-03 0.000000000000000000e+00 8.643643573341798503e-02 2.094442150986364215e-01 0.000000000000000000e+00 0.000000000000000000e+00 1.036455192200453485e-02 0.000000000000000000e+00 0.000000000000000000e+00 0.000000000000000000e+00 0.000000000000000000e+00 0.000000000000000000e+00 1.145251622087416765e-01 1.623247449160390155e-01 5.286792477676644994e-03
2.078553055045470263e-02 1.365173755856013416e-01 3.261225430225914851e-02 1.243776788726702887e-01 3.085319979534268363e-03 8.360633413865222602e-03 2.024770291727417959e-02 0.000000000000000000e+00 0.000000000000000000e+00 0.000000000000000000e+00 0.000000000000000000e+00 1.680482720286571030e-01 1.467652319730032295e-01 0.000000000000000000e+00 1.478875312723464397e-01 0.000000000000000000e+00 1.071337614281486252e-02 0.000000000000000000e+00 2.337213744843522067e-02 1.572269555130838548e-01
1.284263585860045270e-02 1.588537263438390690e-01 5.232525360527299010e-03 1.242544042040807095e-01 2.774917959738736409e-02 2.222881427886726213e-02 0.000000000000000000e+00 1.449406248182013024e-01 1.146400180497112072e-02 9.764401811998038583e-02 1.727023087413726010e-02 1.646196646368562333e-01 9.553794082581637537e-02 0.000000000000000000e+00 0.000000000000000000e+00 0.000000000000000000e+00 8.815554122845639662e-03 1.250797853974888567e-02 9.395115233793785436e-03 8.664358538034681867e-02
0.000000000000000000e+00 1.145846937709250751e-01 8.989257049193301319e-02 0.000000000000000000e+00 1.591221895481179927e-01 0.000000000000000000e+00 0.000000000000000000e+00 5.034147931869435710e-02 1.241176594239566944e-01 0.000000000000000000e+00 0.000000000000000000e+00 8.111445472730566264e-02 0.000000000000000000e+00 0.000000000000000000e+00 0.000000000000000000e+00 1.743667485797192884e-02 4.953696356461201322e-03 4.918595663447640140e-03 1.766148248744119353e-01 1.769031609667746086e-01
2.640690532791312595e-03 1.507764849100625970e-01 4.657884392726806960e-03 1.765451845841431965e-03 0.000000000000000000e+00 8.598046387981067226e-03 1.678938935944725500e-02 7.145590503558661710e-02 1.859637491279773902e-01 0.000000000000000000e+00 0.000000000000000000e+00 2.082862240237302598e-01 1.049494127496311731e-04 2.365169559451411538e-02 4.835589436385552206e-03 0.000000000000000000e+00 2.574809520983030176e-01 3.248333300551893652e-03 5.974465454135087505e-02 0.000000000000000000e+00
0.000000000000000000e+00 0.000000000000000000e+00 1.236468306676332882e-02 9.264091784130819643e-03 1.285336102985097095e-01 1.286289993827320066e-01 1.166285866497977358e-01 0.000000000000000000e+00 1.539584779938573365e-02 0.000000000000000000e+00 0.000000000000000000e+00 8.028315864712001759e-02 0.000000000000000000e+00 1.031569134360600659e-02 1.577517195120360649e-01 0.000000000000000000e+00 1.062376212991321270e-03 4.244907400398780645e-02 1.328062612963876454e-01 1.645159000025517848e-01
0.000000000000000000e+00 0.000000000000000000e+00 0.000000000000000000e+00 4.537814761138168895e-02 2.326813643462041087e-03 2.091511785962119063e-03 1.312547917636129602e-01 1.510469232202612533e-01 1.013504003610091603e-01 4.865230814072546428e-02 4.110541920543701704e-03 1.723726676739917307e-01 5.085595189154526463e-02 2.624544126898386079e-02 3.772157402607440035e-02 0.000000000000000000e+00 1.984254770501349963e-01 0.000000000000000000e+00 2.318204578816874042e-02 4.985403854142621445e-03
1.312637893693439084e-01 0.000000000000000000e+00 1.350829155196063558e-01 9.025552379058413011e-02 8.849341718745908428e-03 0.000000000000000000e+00 7.265066739170158994e-02 1.151956858167989565e-03 1.558522467616981211e-01 4.427796966702650383e-02 2.266811939655969180e-02 4.048898551517807198e-02 0.000000000000000000e+00 0.000000000000000000e+00 5.708601061811464927e-02 0.000000000000000000e+00 1.015415035705357141e-02 0.000000000000000000e+00 0.000000000000000000e+00 2.302183230362194466e-01
9.418448656520334028e-03 0.000000000000000000e+00 0.000000000000000000e+00 1.123665677163416532e-01 2.532916238668889847e-03 1.626477780664924155e-02 0.000000000000000000e+00 0.000000000000000000e+00 0.000000000000000000e+00 0.000000000000000000e+00 0.000000000000000000e+00 2.242959598185577108e-01 1.251468724840562041e-01 8.415262266615844422e-02 1.251488373105466567e-01 7.777810297079424014e-03 1.302586973230425438e-01 1.164131856799776876e-01 3.190312656923482981e-02 1.432017743316625624e-02
4.960557532537639841e-03 6.227801175856813309e-02 0.000000000000000000e+00 2.195511565319648722e-02 3.589122033860439229e-04 0.000000000000000000e+00 0.000000000000000000e+00 0.000000000000000000e+00 3.022956497700394762e-01 3.581323832808850499e-04 0.000000000000000000e+00 1.687885433754657827e-01 0.000000000000000000e+00 3.210071423982663753e-03 5.217967742930387093e-02 0.000000000000000000e+00 0.000000000000000000e+00 7.037997748912819262e-02 1.768754244520516217e-01 1.363599265290591500e-01
0.000000000000000000e+00 4.735175903404147818e-02 0.000000000000000000e+00 2.815634400799391524e-03 1.409626356416648907e-01 0.000000000000000000e+00 0.000000000000000000e+00 2.857717131330144572e-02 1.485686938054311401e-01 1.831444517861056714e-04 0.000000000000000000e+00 2.488558092980688585e-01 0.000000000000000000e+00 0.000000000000000000e+00 0.000000000000000000e+00 1.844049421555982995e-03 1.871230948786098067e-03 1.140479493865901445e-01 1.393260061957171114e-01 1.255959161022575099e-01
