0.000000000000000000e+00 3.274505825266685322e-02 5.708186217466635487e-02 0.000000000000000000e+00 3.482504701960393440e-02 0.000000000000000000e+00 0.000000000000000000e+00 1.162710862962736819e-01 5.656889660416897399e-03 5.328171713737000353e-02 0.000000000000000000e+00 1.526972257752247375e-01 0.000000000000000000e+00 0.000000000000000000e+00 1.561044022005860787e-01 8.258742937872186329e-02 0.000000000000000000e+00 0.000000000000000000e+00 4.371303005690706234e-02 1.650054374800155946e-02 6.495890537615642800e-03 0.000000000000000000e+00 4.607440019783868440e-02 0.000000000000000000e+00 1.959654175641065699e-01
1.680173090047132334e-01 2.625131548798557979e-02 0.000000000000000000e+00 0.000000000000000000e+00 0.000000000000000000e+00 0.000000000000000000e+00 1.239150095934101470e-01 1.166042795314157915e-01 0.000000000000000000e+00 0.000000000000000000e+00 0.000000000000000000e+00 3.688075802824045124e-02 0.000000000000000000e+00 0.000000000000000000e+00 5.649718312575171229e-03 0.000000000000000000e+00 1.746002782226087624e-01 0.000000000000000000e+00 0.000000000000000000e+00 0.000000000000000000e+00 9.815837360394831165e-03 0.000000000000000000e+00 1.473968673116485828e-01 1.712138348521969333e-01 1.965479229481040951e-02
0.000000000000000000e+00 3.418531864538902620e-02 0.000000000000000000e+00 7.848494727504073606e-03 4.175599869684253757e-02 2.799393746869100266e-02 1.268656417365728317e-01 2.309360714106995643e-02 0.000000000000000000e+00 4.839285556246515629e-02 0.000000000000000000e+00 1.035352788711928068e-01 1.380018824651370497e-02 0.000000000000000000e+00 1.137999779886323184e-02 1.325229585930343679e-01 0.000000000000000000e+00 0.000000000000000000e+00 3.973542414634507873e-04 1.053882318711715088e-01 0.000000000000000000e+00 4.863995416012802109e-02 1.566245816525426715e-01 9.777002232973262819e-02 1.980557825682309481e-02
1.153712279676752939e-01 2.462218871168618539e-02 0.000000000000000000e+00 0.000000000000000000e+00 2.742884948993815422e-02 0.000000000000000000e+00 9.035298804267613559e-02 1.336920631331535436e-01 1.955331342281906720e-02 1.559222226940803480e-01 1.901346012259762935e-02 5.078370861496805250e-02 0.000000000000000000e+00 0.000000000000000000e+00 1.701770971361815654e-01 0.000000000000000000e+00 0.000000000000000000e+00 0.000000000000000000e+00 0.000000000000000000e+00 9.799720223105884073e-03 0.000000000000000000e+00 0.000000000000000000e+00 5.559634769923797043e-02 1.276868127418802068e-01 0.000000000000000000e+00
1.026001282822652516e-01 9.795818682570407721e-03 0.000000000000000000e+00 7.294170550463656422e-02 0.000000000000000000e+00 0.000000000000000000e+00 1.380773645756123436e-01 0.000000000000000000e+00 0.000000000000000000e+00 2.488187332766519932e-02 0.000000000000000000e+00 6.873611470861037964e-02 8.270900029779160167e-02 0.000000000000000000e+00 2.770681698358008482e-01 0.000000000000000000e+00 0.000000000000000000e+00 0.000000000000000000e+00 1.557271304406145258e-02 0.000000000000000000e+00 0.000000000000000000e+00 0.000000000000000000e+00 2.640493642833783433e-02 1.812121753126481050e-01 0.000000000000000000e+00
4.407105125250725293e-03 6.042764159133747794e-03 1.405426194728092992e-01 0.000000000000000000e+00 9.913104687323232023e-02 5.696523842937711163e-03 1.329614469425246526e-01 0.000000000000000000e+00 1.024916117963558110e-01 1.880704792833911665e-04 0.000000000000000000e+00 7.667601693793320294e-02 0.000000000000000000e+00 0.000000000000000000e+00 9.386983118366586110e-02 1.590037753649740145e-03 6.123025193107670301e-03 0.000000000000000000e+00 0.000000000000000000e+00 0.000000000000000000e+00 0.000000000000000000e+00 4.330717496242563608e-02 1.606489654743848694e-01 1.208801220584921066e-01 5.443637744813274726e-03
9.868302932433159480e-02 0.000000000000000000e+00 0.000000000000000000e+00 0.000000000000000000e+00 1.584140899347244447e-01 0.000000000000000000e+00 4.560206707037905982e-02 7.526075242685848973e-03 0.000000000000000000e+00 1.374676277442916060e-02 1.042812267607707080e-02 0.000000000000000000e+00 0.000000000000000000e+00 0.000000000000000000e+00 2.027543971589393923e-01 0.000000000000000000e+00 1.474700791283245216e-01 0.000000000000000000e+00 0.000000000000000000e+00 0.000000000000000000e+00 0.000000000000000000e+00 0.000000000000000000e+00 1.082737736816411639e-01 2.071016030084677773e-01 0.000000000000000000e+00
0.000000000000000000e+00 0.000000000000000000e+00 1.051662200684865128e-01 1.056407004168438473e-03 1.318903749470532183e-01 1.663469238368104133e-02 4.744199125645630344e-02 9.783194400782865841e-02 4.239865212413517111e-03 7.924020754760061069e-02 0.000000000000000000e+00 0.000000000000000000e+00 1.773374464390729127e-02 0.000000000000000000e+00 2.054463642475358731e-01 8.401944725345346018e-03 1.077653808856708639e-01 0.000000000000000000e+00 2.475552253619715121e-02 0.000000000000000000e+00 0.000000000000000000e+00 0.000000000000000000e+00 4.222788104669865372e-02 1.101674594869564844e-01 0.000000000000000000e+00
0.000000000000000000e+00 1.136882703102508330e-02 1.442025977822605221e-01 0.000000000000000000e+00 3.156388021772913582e-02 0.000000000000000000e+00 0.000000000000000000e+00 6.086039963881522026e-03 1.273780866202321206e-02 1.734065968191003115e-01 2.402020678778443719e-02 4.508822768797089015e-02 3.669886928132706089e-02 1.022758282860544580e-03 1.540481368203110435e-01 2.216896021664682085e-03 1.138926983450756214e-01 0.000000000000000000e+00 0.000000000000000000e+00 9.713858369982598939e-02 0.000000000000000000e+00 0.000000000000000000e+00 0.000000000000000000e+00 1.183020891485832560e-01 2.820578344857671560e-02
5.174425914304452145e-02 0.000000000000000000e+00 9.455612287365628213e-03 2.157168096812424069e-03 0.000000000000000000e+00 2.995951609731092175e-02 9.389137874268723913e-03 1.316721903680259133e-02 0.000000000000000000e+00 1.462074364310414210e-01 1.369158784808991412e-02 3.987469258974153663e-02 1.929399705169827783e-02 2.456823953622724530e-02 1.174983801034388819e-01 0.000000000000000000e+00 1.169993211647540332e-01 0.000000000000000000e+00 1.382198404904012856e-01 0.000000000000000000e+00 0.000000000000000000e+00 1.999852533906325627e-02 1.152480495380003578e-01 0.000000000000000000e+00 1.325270173719389766e-01
0.000000000000000000e+00 0.000000000000000000e+00 1.523922844383534259e-01 4.068808594559598750e-03 1.232323725934203647e-02 1.338745335451957119e-01 1.616079105939514093e-01 0.000000000000000000e+00 2.707050468018657244e-02 4.039704762862656590e-03 5.734632187893626276e-02 1.455320003755875002e-01 8.868147594045837356e-02 0.000000000000000000e+00 1.350955731359326506e-01 0.000000000000000000e+00 0.000000000000000000e+00 0.000000000000000000e+00 0.000000000000000000e+00 9.393839209333659096e-03 0.000000000000000000e+00 1.481306352467866988e-02 5.376074206062145949e-02 0.000000000000000000e+00 0.000000000000000000e+00
1.019654474019773410e-01 4.327363803009750404e-02 1.828027895002869163e-02 0.000000000000000000e+00 8.976525973267746733e-03 0.000000000000000000e+00 1.888968500884992685e-01 0.000000000000000000e+00 0.000000000000000000e+00 0.000000000000000000e+00 0.000000000000000000e+00 0.000000000000000000e+00 0.000000000000000000e+00 0.000000000000000000e+00 1.582974478770142468e-01 0.000000000000000000e+00 0.000000000000000000e+00 3.138045893002622266e-02 1.500533186485976389e-01 0.000000000000000000e+00 0.000000000000000000e+00 0.000000000000000000e+00 1.395730867738860514e-01 5.631969578119148945e-02 1.029832515454137537e-01
0.000000000000000000e+00 3.452186868266160502e-02 1.452103689954353238e-01 0.000000000000000000e+00 0.000000000000000000e+00 0.000000000000000000e+00 0.000000000000000000e+00 1.207953363751430587e-01 0.000000000000000000e+00 4.794116561156726991e-02 0.000000000000000000e+00 6.626055484872445849e-04 0.000000000000000000e+00 0.000000000000000000e+00 2.187253755354184315e-01 0.000000000000000000e+00 1.643868223296650055e-01 8.993836955822351667e-03 1.706155039728646239e-01 0.000000000000000000e+00 0.000000000000000000e+00 5.533020738675521397e-03 1.619420846729782357e-02 6.617268014693309655e-04 6.575815998549232322e-02
0.000000000000000000e+00 0.000000000000000000e+00 0.000000000000000000e+00 0.000000000000000000e+00 5.174584646426914902e-02 4.953551769984171349e-02 0.000000000000000000e+00 0.000000000000000000e+00 4.244541449961068517e-03 2.146841592143604038e-01 0.000000000000000000e+00 1.363100449885808751e-01 0.000000000000000000e+00 0.000000000000000000e+00 1.357920058830831278e-01 0.000000000000000000e+00 0.000000000000000000e+00 7.727446601386396552e-02 1.846103027070019331e-01 2.100068406162249740e-02 0.000000000000000000e+00 0.000000000000000000e+00 1.230842870054906779e-01 7.597654332312564528e-04 9.583790786932298638e-04
0.000000000000000000e+00 0.000000000000000000e+00 1.601207740933595913e-01 0.000000000000000000e+00 1.846712905513595449e-03 8.359123832783017446e-03 0.000000000000000000e+00 0.000000000000000000e+00 6.890970486745021106e-02 2.504141850228458477e-01 0.000000000000000000e+00 1.874279609954544179e-01 1.366452254176582504e-01 7.084885971153952362e-03 0.000000000000000000e+00 1.222006481288329983e-02 5.254061469401787379e-03 1.630611117837436896e-02 0.000000000000000000e+00 6.743071405605940982e-02 0.000000000000000000e+00 0.000000000000000000e+00 7.798047537706224996e-02 0.000000000000000000e+00 0.000000000000000000e+00
5.606032073448363046e-02 0.000000000000000000e+00 0.000000000000000000e+00 0.000000000000000000e+00 1.004565500843287301e-01 0.000000000000000000e+00 2.260497975340263963e-02 3.956708074297060618e-02 2.383509972290437373e-02 1.292120921326536109e-01 0.000000000000000000e+00 0.000000000000000000e+00 4.335627454564897759e-03 0.000000000000000000e+00 1.735640967107170696e-01 0.000000000000000000e+00 1.811037848874853251e-01 8.442604544394297084e-02 1.389351941422224401e-01 4.454611584247742534e-02 0.000000000000000000e+00 0.000000000000000000e+00 0.000000000000000000e+00 1.353012347846297781e-03 0.000000000000000000e+00
7.797283908343509255e-03 3.388266457156577371e-02 7.520443802007280298e-02 0.000000000000000000e+00 0.000000000000000000e+00 2.157343829031082849e-01 0.000000000000000000e+00 0.000000000000000000e+00 1.164803843040092546e-01 2.180750205217148185e-01 0.000000000000000000e+00 2.167272576204596138e-02 1.709454730235882621e-03 0.000000000000000000e+00 1.203223326132650400e-01 0.000000000000000000e+00 1.487739182677345548e-02 1.033869850020320696e-01 0.000000000000000000e+00 2.197367347471664359e-02 0.000000000000000000e+00 2.607625815392450655e-02 6.635668819270934896e-03 1.543451761743045228e-02 7.368177714904732478e-04
0.000000000000000000e+00 1.643888167108480082e-03 1.032148943795483942e-01 1.133726308139268966e-02 9.820069786322153937e-02 0.000000000000000000e+00 2.309712016308462443e-02 1.621936578620053748e-01 1.129087893345683824e-01 1.280289027946689973e-01 0.000000000000000000e+00 6.947833483388048126e-02 4.269861219980032596e-02 0.000000000000000000e+00 7.215979557661456045e-02 0.000000000000000000e+00 0.000000000000000000e+00 1.291151019226964049e-02 1.464672129060163308e-01 0.000000000000000000e+00 0.000000000000000000e+00 0.000000000000000000e+00 0.000000000000000000e+00 0.000000000000000000e+00 1.565932064582031477e-02
0.000000000000000000e+00 4.898342516016718912e-02 9.615614428735303962e-03 0.000000000000000000e+00 0.000000000000000000e+00 1.460506083851019210e-01 1.706458378025090539e-01 0.000000000000000000e+00 0.000000000000000000e+00 2.188380092860157944e-01 0.000000000000000000e+00 6.639916231005953129e-02 0.000000000000000000e+00 5.824514949819338885e-03 9.967202210495990089e-02 0.000000000000000000e+00 0.000000000000000000e+00 9.810749275482930076e-02 6.192716100560559898e-03 3.984525433420731122e-02 3.825364472960377828e-03 2.256105407173107646e-02 1.194143824835504526e-02 5.149748558998835934e-02 0.000000000000000000e+00
0.000000000000000000e+00 0.000000000000000000e+00 2.257268784719258792e-02 0.000000000000000000e+00 0.000000000000000000e+00 1.307931818452781059e-01 1.072254272605384709e-02 3.721809601080820935e-03 4.722492465061526451e-02 2.448626197201290433e-01 0.000000000000000000e+00 8.930465975586074009e-03 4.656596443514742986e-03 1.459284801301732014e-02 2.011123874311217530e-01 7.450625703184379778e-02 0.000000000000000000e+00 1.626213878245858641e-02 4.171083143473940796e-02 8.876062558727360052e-03 0.000000000000000000e+00 1.186088983295147288e-02 0.000000000000000000e+00 0.000000000000000000e+00 1.575937561056897085e-01
5.496905818442412300e-02 5.139910369198042936e-03 1.108786900399462289e-01 4.701858981513780400e-02 1.206602685943868603e-01 1.204754167190947578e-01 1.342927765386867089e-02 0.000000000000000000e+00 5.099622799116066557e-02 3.569725884207493403e-03 0.000000000000000000e+00 1.582368476968335491e-01 0.000000000000000000e+00 1.227098618302798101e-03 1.567778620008593859e-01 0.000000000000000000e+00 2.074007189322209579e-02 3.609508992097497371e-02 0.000000000000000000e+00 4.322605800294308451e-03 0.000000000000000000e+00 6.181986229208663586e-02 4.551983788661005323e-03 0.000000000000000000e+00 2.909141273734056413e-02
0.000000000000000000e+00 0.000000000000000000e+00 3.945257398736251586e-02 2.721484101120017450e-03 1.968764403997728257e-02 0.000000000000000000e+00 2.058977698406094098e-02 0.000000000000000000e+00 0.000000000000000000e+00 1.630366338892559330e-01 0.000000000000000000e+00 1.690621490760377821e-01 1.357527369634969720e-02 2.823848210364920605e-02 2.798032585034702091e-01 1.387228912579054107e-03 0.000000000000000000e+00 1.878041186984667418e-02 0.000000000000000000e+00 0.000000000000000000e+00 0.000000000000000000e+00 0.000000000000000000e+00 1.147087141412765909e-01 3.450237848900123555e-02 9.445399020601287499e-02
3.808276714122284939e-02 0.000000000000000000e+00 2.747803505449409461e-02 0.000000000000000000e+00 1.775181773425941328e-02 0.000000000000000000e+00 1.803998810072901804e-01 1.264326099671215804e-03 0.000000000000000000e+00 0.000000000000000000e+00 0.000000000000000000e+00 1.016941532850144797e-01 0.000000000000000000e+00 0.000000000000000000e+00 2.905610266662299046e-01 0.000000000000000000e+00 8.434086556959664513e-03 4.290815187143831588e-02 6.663550060646436513e-02 0.000000000000000000e+00 0.000000000000000000e+00 2.309168907045680216e-02 1.931271530194738628e-01 0.000000000000000000e+00 8.571411887024820916e-03
2.807378970934206602e-02 0.000000000000000000e+00 5.800250464375229092e-02 0.000000000000000000e+00 8.208719768410512041e-02 0.000000000000000000e+00 1.154993808052254267e-01 1.381292420384048168e-02 0.000000000000000000e+00 0.000000000000000000e+00 0.000000000000000000e+00 1.369910399310145244e-01 0.000000000000000000e+00 0.000000000000000000e+00 1.546565764517984221e-01 1.234185959680030864e-01 0.000000000000000000e+00 0.000000000000000000e+00 1.435295998284558117e-01 0.000000000000000000e+00 1.196504600373314402e-02 0.000000000000000000e+00 2.940560430781472608e-03 5.035329718762755757e-02 7.866948715232043032e-02
0.000000000000000000e+00 3.311724436800419363e-02 4.879030432296897757e-02 0.000000000000000000e+00 0.000000000000000000e+00 0.000000000000000000e+00 7.970149296672368600e-02 7.098010768103395207e-02 0.000000000000000000e+00 9.446191809940737705e-02 0.000000000000000000e+00 2.732312043819292574e-02 0.000000000000000000e+00 4.636093171191744793e-03 1.742723249014271614e-01 6.718162730401507077e-02 4.717443421641338841e-02 0.000000000000000000e+00 1.310580328224232724e-03 4.273363466175053582e-02 0.000000000000000000e+00 0.000000000000000000e+00 2.970795973581207439e-03 0.000000000000000000e+00 3.053463215670656483e-01
3.313221105400741134e-02 7.032470233446050552e-03 0.000000000000000000e+00 0.000000000000000000e+00 3.105332137586434837e-02 2.252444486518872038e-02 1.210945398166689418e-01 0.000000000000000000e+00 0.000000000000000000e+00 1.157715883889867264e-01 0.000000000000000000e+00 2.091800627620980790e-01 0.000000000000000000e+00 0.000000000000000000e+00 5.760089160846176143e-02 1.282677116729928901e-01 0.000000000000000000e+00 0.000000000000000000e+00 6.763619814705665312e-02 0.000000000000000000e+00 2.466050691094351030e-02 0.000000000000000000e+00 4.807395647961067511e-03 1.274788115513297571e-01 4.975984596499394286e-02
0.000000000000000000e+00 4.621484692589463567e-02 1.529339058473876134e-01 2.300763840178448802e-02 8.812821137856949316e-02 0.000000000000000000e+00 0.000000000000000000e+00 0.000000000000000000e+00 0.000000000000000000e+00 1.462946936807252296e-02 4.955316293354152662e-02 1.336015156634868528e-01 0.000000000000000000e+00 1.551693799509684495e-02 1.399906668032480372e-01 0.000000000000000000e+00 1.490701544159813430e-01 7.178027195444485267e-03 6.799966095137802320e-03 0.000000000000000000e+00 0.000000000000000000e+00 9.477938220610125641e-03 2.522781651678527443e-02 1.386697422389590317e-01 0.000000000000000000e+00
4.614066940281770848e-03 4.788342027836468492e-03 2.665441859867501845e-02 0.000000000000000000e+00 1.449349433243443952e-01 0.000000000000000000e+00 1.313479633558672748e-02 0.000000000000000000e+00 1.192468906556611447e-01 1.896378610721155822e-01 0.000000000000000000e+00 0.000000000000000000e+00 0.000000000000000000e+00 0.000000000000000000e+00 1.977599432028151194e-01 0.000000000000000000e+00 9.659338412662024295e-03 4.773712057552157578e-02 1.495629127366231506e-02 5.711242501707915198e-02 0.000000000000000000e+00 9.995009194670612107e-03 1.029083257124581707e-01 5.686022765662987477e-02 0.000000000000000000e+00
9.355871568055722232e-02 0.000000000000000000e+00 0.000000000000000000e+00 0.000000000000000000e+00 1.521467087836283760e-01 3.926382129175966435e-04 8.442483056769975458e-02 0.000000000000000000e+00 1.603490842117283668e-02 6.569111939995107841e-02 0.000000000000000000e+00 6.211761551094895778e-02 9.850075684257619552e-04 4.248033872159422825e-03 2.173308078672350208e-01 0.000000000000000000e+00 1.402938262944176950e-01 0.000000000000000000e+00 3.332911553532786047e-03 0.000000000000000000e+00 0.000000000000000000e+00 9.676885768823081241e-03 1.178453374873253065e-02 1.379814567497978373e-01 0.000000000000000000e+00
2.108437456121602452e-02 0.000000000000000000e+00 4.773636412199440404e-02 0.000000000000000000e+00 8.940226467300017160e-03 5.673567773745282275e-03 1.026627726638604798e-01 0.000000000000000000e+00 0.000000000000000000e+00 2.138739665838362836e-01 0.000000000000000000e+00 1.200453075889892779e-01 0.000000000000000000e+00 1.994428058840818849e-02 1.621947324179328909e-01 0.000000000000000000e+00 0.000000000000000000e+00 0.000000000000000000e+00 4.924830609348836152e-02 0.000000000000000000e+00 0.000000000000000000e+00 0.000000000000000000e+00 2.338762085554428050e-01 1.209089390628930588e-02 2.628998677496520268e-03
0.000000000000000000e+00 0.000000000000000000e+00 1.262926710617053583e-01 2.880702772410062909e-02 4.614093201028021674e-02 1.769238236194785319e-02 1.168512503892992632e-01 0.000000000000000000e+00 5.560974375883120935e-02 1.654902477679623049e-02 0.000000000000000000e+00 8.659959614083025115e-02 7.354153470977398133e-03 1.067120192793772487e-02 1.741028449647302745e-01 9.515098086074549877e-02 0.000000000000000000e+00 0.000000000000000000e+00 1.467104711696899100e-01 0.000000000000000000e+00 0.000000000000000000e+00 9.508832011398617612e-06 3.988249209678673690e-02 0.000000000000000000e+00 3.157571845333004973e-02
0.000000000000000000e+00 0.000000000000000000e+00 0.000000000000000000e+00 0.000000000000000000e+00 0.000000000000000000e+00 1.461212470304657229e-01 7.457127175358570226e-02 4.072289065608434427e-02 3.416896521623413729e-02 2.244301831793359403e-01 0.000000000000000000e+00 1.138240685028700794e-01 0.000000000000000000e+00 0.000000000000000000e+00 2.844569947748105954e-02 1.035513201822293311e-01 0.000000000000000000e+00 0.000000000000000000e+00 0.000000000000000000e+00 0.000000000000000000e+00 0.000000000000000000e+00 0.000000000000000000e+00 1.139503838109668689e-02 1.356335125436241851e-01 8.713580307699271554e-02
0.000000000000000000e+00 0.000000000000000000e+00 0.000000000000000000e+00 0.000000000000000000e+00 0.000000000000000000e+00 0.000000000000000000e+00 3.365251582750462128e-02 1.169245502502557765e-01 1.047246151680934628e-01 0.000000000000000000e+00 0.000000000000000000e+00 2.063580597924406443e-02 0.000000000000000000e+00 0.000000000000000000e+00 1.510478796295023352e-01 1.149015580926417840e-01 0.000000000000000000e+00 4.765561216603837053e-02 1.597101505468348781e-01 0.000000000000000000e+00 0.000000000000000000e+00 1.075711374392760850e-01 1.643150326471887624e-03 6.624464622509039502e-02 7.528837834904641979e-02
9.825968409033004544e-03 0.000000000000000000e+00 0.000000000000000000e+00 0.000000000000000000e+00 4.955994059981549266e-02 1.513504769555112060e-03 1.334170220037498395e-03 0.000000000000000000e+00 1.273635412852246185e-01 2.476219032513430826e-02 0.000000000000000000e+00 0.000000000000000000e+00 1.148164933729061733e-02 0.000000000000000000e+00 2.456581825645164086e-01 0.000000000000000000e+00 2.819405754120879459e-01 1.098722879850170218e-02 0.000000000000000000e+00 0.000000000000000000e+00 0.000000000000000000e+00 0.000000000000000000e+00 9.942691835934157341e-02 1.361461299194616226e-01 0.000000000000000000e+00
1.098850563994793750e-01 0.000000000000000000e+00 2.159009099095407155e-02 1.037765148281599888e-02 0.000000000000000000e+00 0.000000000000000000e+00 1.452200842805096703e-01 0.000000000000000000e+00 0.000000000000000000e+00 1.318798568155949980e-01 0.000000000000000000e+00 6.560691676735989908e-02 0.000000000000000000e+00 5.619129029585945290e-03 1.894323114881762971e-01 0.000000000000000000e+00 0.000000000000000000e+00 0.000000000000000000e+00 2.931096173776928313e-02 0.000000000000000000e+00 3.654726155830028637e-03 0.000000000000000000e+00 0.000000000000000000e+00 2.833483166995698910e-01 4.074898152354679629e-03
