0.000000000000000000e+00 0.000000000000000000e+00 5.989417142606400651e-02 3.331790457167499876e-03 1.750281668942592003e-02 0.000000000000000000e+00 7.973667460233112292e-02 1.053408385127832247e-01 3.690221085672409224e-02 1.210416986197314360e-02 0.000000000000000000e+00 1.381212295333137385e-01 0.000000000000000000e+00 1.431126586126933026e-02 1.454710380978264106e-01 0.000000000000000000e+00 0.000000000000000000e+00 1.145621133956321695e-02 0.000000000000000000e+00 1.355054388911257172e-02 1.103491811743120138e-02 0.000000000000000000e+00 1.338704797636495469e-01 5.342291421616271463e-02 1.639487267752023636e-01
9.969000537381088323e-02 1.009044683706147513e-02 1.294668369738022871e-02 0.000000000000000000e+00 0.000000000000000000e+00 0.000000000000000000e+00 1.861625501844751951e-02 1.479498204395592043e-01 3.136155654138229887e-02 1.040586076248140174e-01 0.000000000000000000e+00 1.703305050550936728e-01 0.000000000000000000e+00 1.023373527158701925e-02 1.116996165558552636e-03 0.000000000000000000e+00 3.603978926094612151e-02 2.752669999264923881e-02 0.000000000000000000e+00 0.000000000000000000e+00 2.028394007674067315e-03 0.000000000000000000e+00 5.226631758357732326e-03 1.499846802279211910e-01 1.727991927277568174e-01
3.758419705028638591e-02 1.091220349055623540e-01 0.000000000000000000e+00 1.003508371573340885e-01 3.496940007606523515e-03 1.650723344001309156e-02 1.862337010573847096e-01 1.782152590186138197e-01 0.000000000000000000e+00 5.195184658406465372e-02 0.000000000000000000e+00 1.538803350410427283e-02 2.207114374096846507e-02 0.000000000000000000e+00 0.000000000000000000e+00 0.000000000000000000e+00 0.000000000000000000e+00 8.469780743978688742e-02 0.000000000000000000e+00 1.581169383093070091e-01 9.025626846043235604e-03 0.000000000000000000e+00 2.723840093892459721e-02 0.000000000000000000e+00 0.000000000000000000e+00
0.000000000000000000e+00 2.175653518524310950e-02 0.000000000000000000e+00 1.816589367706592352e-03 3.509830074642986044e-03 0.000000000000000000e+00 0.000000000000000000e+00 0.000000000000000000e+00 0.000000000000000000e+00 1.527033428844853068e-02 0.000000000000000000e+00 1.593241203450887211e-01 0.000000000000000000e+00 0.000000000000000000e+00 2.534758924595910679e-01 0.000000000000000000e+00 1.295419897260122188e-01 6.421858013108626417e-02 1.429743542040597983e-03 4.872733833377686924e-03 0.000000000000000000e+00 1.595020808750386709e-01 0.000000000000000000e+00 1.852815701717235031e-01 0.000000000000000000e+00
9.628681791850371430e-02 0.000000000000000000e+00 0.000000000000000000e+00 2.188122291297416380e-02 0.000000000000000000e+00 0.000000000000000000e+00 8.286921061602915695e-02 1.804969672967458860e-01 1.099367372151673419e-02 1.157744191710150111e-01 0.000000000000000000e+00 1.434641004556229948e-01 0.000000000000000000e+00 0.000000000000000000e+00 6.562102391565877157e-02 0.000000000000000000e+00 2.930548778125229015e-02 0.000000000000000000e+00 2.650700263285364275e-02 0.000000000000000000e+00 0.000000000000000000e+00 7.629662413407820032e-02 0.000000000000000000e+00 1.428940962102044354e-01 7.609353233545068824e-03
1.834121453185855524e-02 1.948399954990086486e-04 1.265374264185908093e-01 0.000000000000000000e+00 1.491680936485592912e-01 1.926083217133862414e-03 1.538811764045142916e-01 3.599394760863839499e-02 1.328875249615197977e-02 0.000000000000000000e+00 0.000000000000000000e+00 1.937846942359160163e-02 0.000000000000000000e+00 0.000000000000000000e+00 2.548987541901368004e-02 8.618815198953956591e-02 1.339355617720442218e-02 0.000000000000000000e+00 0.000000000000000000e+00 1.825910015915858074e-03 0.000000000000000000e+00 2.368775087431435403e-02 1.777784568530820508e-01 1.529262949263923421e-01 0.000000000000000000e+00
0.000000000000000000e+00 5.606002045033710995e-02 1.361085129468845301e-01 0.000000000000000000e+00 1.603835628950255332e-01 0.000000000000000000e+00 0.000000000000000000e+00 3.128310662692488503e-02 0.000000000000000000e+00 1.111006759681298361e-01 0.000000000000000000e+00 0.000000000000000000e+00 0.000000000000000000e+00 0.000000000000000000e+00 1.007272418511542811e-01 0.000000000000000000e+00 1.174262109466399640e-01 6.099083245876273096e-02 1.587696864643316566e-03 0.000000000000000000e+00 0.000000000000000000e+00 0.000000000000000000e+00 0.000000000000000000e+00 1.317068020769283088e-01 9.262533691456935336e-02
8.938206444759418112e-02 0.000000000000000000e+00 3.695075891055307066e-02 2.302345883366307272e-02 1.126440586133196399e-02 2.231289789682432308e-03 4.735262928118311870e-02 1.090868888187857960e-01 4.744350133084813959e-02 0.000000000000000000e+00 0.000000000000000000e+00 3.490635975740529612e-02 5.040030250813895725e-03 0.000000000000000000e+00 8.281032443284896960e-02 0.000000000000000000e+00 1.265574298846622592e-01 4.470100810517833173e-02 0.000000000000000000e+00 0.000000000000000000e+00 0.000000000000000000e+00 1.268021993580021045e-01 8.535842334143967786e-03 1.531247581138239777e-01 5.078705048947945028e-02
1.110256334129541972e-01 0.000000000000000000e+00 1.350821351007384583e-02 0.000000000000000000e+00 1.569720667702808881e-01 0.000000000000000000e+00 1.950940850302281815e-01 1.735006227677111934e-01 0.000000000000000000e+00 0.000000000000000000e+00 0.000000000000000000e+00 3.854506212138657933e-02 0.000000000000000000e+00 0.000000000000000000e+00 0.000000000000000000e+00 0.000000000000000000e+00 9.919273107592132405e-03 9.482978485807361246e-02 2.942872209230923842e-03 0.000000000000000000e+00 0.000000000000000000e+00 0.000000000000000000e+00 4.107201259820295047e-02 1.525762881708813412e-01 1.001408544338410443e-02
0.000000000000000000e+00 1.865085098644251455e-03 7.852195965271599465e-02 1.593957882097333124e-03 1.530158232881297445e-02 0.000000000000000000e+00 1.635336942166308039e-01 1.259381884801710760e-01 8.201427434029526231e-02 0.000000000000000000e+00 0.000000000000000000e+00 2.397958427902036407e-02 2.096547990359261954e-02 0.000000000000000000e+00 1.876657918934753963e-02 7.935114934887428639e-02 0.000000000000000000e+00 1.045526935046304888e-02 1.116852529018677598e-02 3.581245403252273848e-03 0.000000000000000000e+00 6.525327023935567974e-03 2.156727768328041139e-01 1.372592455274884993e-01 3.506075851667224148e-03
0.000000000000000000e+00 0.000000000000000000e+00 1.174016077129997615e-01 2.566949879633088384e-03 6.539258860276042640e-02 0.000000000000000000e+00 1.028348201967114878e-01 5.862284017643633327e-02 2.398646562937171642e-03 1.667994411691275936e-02 0.000000000000000000e+00 1.194448395217607845e-01 0.000000000000000000e+00 2.009536630232872101e-03 1.157951232497358290e-01 0.000000000000000000e+00 7.202275872673431778e-02 1.683643937623260792e-03 9.006270004917917016e-03 0.000000000000000000e+00 0.000000000000000000e+00 5.571197193814990054e-03 1.616919043016999957e-01 1.118090578233651251e-03 1.457592386068552737e-01
0.000000000000000000e+00 9.275394506228998998e-03 1.281250309164341517e-01 2.346031765380132000e-02 1.320146849675225831e-01 0.000000000000000000e+00 2.427320636325565884e-01 1.724913918059647056e-01 0.000000000000000000e+00 1.104392617353109132e-02 0.000000000000000000e+00 1.475338566437527608e-02 0.000000000000000000e+00 0.000000000000000000e+00 8.452569798616511951e-04 0.000000000000000000e+00 0.000000000000000000e+00 0.000000000000000000e+00 1.329324069294823829e-01 4.674598735847979199e-03 0.000000000000000000e+00 7.278616072354181232e-02 2.341357731225910885e-02 0.000000000000000000e+00 3.145180399859245912e-02
0.000000000000000000e+00 0.000000000000000000e+00 0.000000000000000000e+00 5.249862473337713747e-02 0.000000000000000000e+00 0.000000000000000000e+00 1.077984215311893618e-01 1.659481363879627414e-01 1.126740701055435959e-02 4.644372346779078453e-02 0.000000000000000000e+00 0.000000000000000000e+00 0.000000000000000000e+00 0.000000000000000000e+00 0.000000000000000000e+00 2.703023238086705790e-02 3.339534029671892279e-02 7.215646297438466084e-02 4.414048631696571717e-02 5.904399849018526769e-02 1.158462264774330758e-01 1.741737594105236264e-01 0.000000000000000000e+00 4.352015902494614508e-02 4.673702149710097509e-02
0.000000000000000000e+00 0.000000000000000000e+00 0.000000000000000000e+00 7.184902639961550375e-02 1.384784146759356349e-01 0.000000000000000000e+00 1.491479365178267347e-01 1.438382472936521050e-01 0.000000000000000000e+00 1.826972677598564382e-02 0.000000000000000000e+00 6.579816649950562257e-02 0.000000000000000000e+00 0.000000000000000000e+00 4.174920216429423708e-02 0.000000000000000000e+00 0.000000000000000000e+00 4.095457192038558930e-02 0.000000000000000000e+00 0.000000000000000000e+00 1.469879546211118881e-01 0.000000000000000000e+00 1.141610211561460038e-02 0.000000000000000000e+00 1.715106510160723796e-01
0.000000000000000000e+00 1.385108549542550527e-01 1.207370506570600716e-01 0.000000000000000000e+00 2.304260295796180802e-01 0.000000000000000000e+00 1.728249353209818442e-02 1.447641077937121268e-01 0.000000000000000000e+00 2.104741896124449341e-01 0.000000000000000000e+00 5.739014021204029425e-02 0.000000000000000000e+00 0.000000000000000000e+00 2.099349025124176357e-02 3.026998137994653393e-02 0.000000000000000000e+00 0.000000000000000000e+00 0.000000000000000000e+00 1.129926100463992875e-02 0.000000000000000000e+00 1.785240102294306450e-02 0.000000000000000000e+00 0.000000000000000000e+00 0.000000000000000000e+00
9.601095142338747501e-02 8.989023392867608736e-03 2.570004980151734467e-02 1.538103497924470445e-02 5.150416603275403266e-02 0.000000000000000000e+00 1.622188188590752977e-01 2.476227501278530363e-01 4.301630756443643178e-02 0.000000000000000000e+00 1.780930072351928064e-03 1.602763598275026196e-03 0.000000000000000000e+00 0.000000000000000000e+00 2.837718457939251981e-02 0.000000000000000000e+00 0.000000000000000000e+00 0.000000000000000000e+00 0.000000000000000000e+00 0.000000000000000000e+00 0.000000000000000000e+00 1.163826559839740565e-01 3.817320843113180401e-02 1.527862803256734847e-01 1.045387482806518949e-02
4.198035866779142866e-02 0.000000000000000000e+00 1.569899544829973445e-02 1.741100780594198594e-02 1.477287536533519463e-01 1.461439530988774358e-03 0.000000000000000000e+00 1.627832081576494061e-01 6.279315860853629423e-03 1.351872597629557027e-01 0.000000000000000000e+00 1.918526244871735301e-02 0.000000000000000000e+00 0.000000000000000000e+00 0.000000000000000000e+00 0.000000000000000000e+00 2.375446003067325784e-01 0.000000000000000000e+00 1.502272045045697224e-01 0.000000000000000000e+00 1.208891239551522501e-02 4.060539988543971496e-02 1.181828157119266948e-02 0.000000000000000000e+00 0.000000000000000000e+00
0.000000000000000000e+00 1.004678880422495424e-01 1.269902357848901875e-01 9.770819108851559742e-03 7.939521885787999278e-02 0.000000000000000000e+00 2.128875784786301295e-01 1.791740410635644931e-01 0.000000000000000000e+00 4.191985499030243846e-03 0.000000000000000000e+00 4.748656560871995953e-03 0.000000000000000000e+00 0.000000000000000000e+00 3.940312249573899028e-02 0.000000000000000000e+00 1.336278238933853810e-03 3.538367048493473287e-03 1.405800823944851341e-01 1.391422433976471570e-02 0.000000000000000000e+00 4.745968437563381076e-02 0.000000000000000000e+00 0.000000000000000000e+00 3.614181771098198825e-02
0.000000000000000000e+00 4.475332680266293217e-02 2.519943494781053984e-03 0.000000000000000000e+00 4.828723401589056323e-03 1.456428525255370858e-02 1.329495874543768774e-01 1.941428085352904509e-01 0.000000000000000000e+00 0.000000000000000000e+00 0.000000000000000000e+00 0.000000000000000000e+00 3.351762201724474682e-03 0.000000000000000000e+00 1.580384603075438710e-01 0.000000000000000000e+00 7.090003623405576050e-02 0.000000000000000000e+00 0.000000000000000000e+00 0.000000000000000000e+00 1.444800921506791958e-01 0.000000000000000000e+00 1.239721817175476470e-02 3.878722762514839190e-02 1.782865283678395363e-01
0.000000000000000000e+00 0.000000000000000000e+00 1.103556184161682968e-01 3.527815478470058830e-02 1.173385536715194355e-01 0.000000000000000000e+00 0.000000000000000000e+00 1.268904878638552058e-01 6.156045617657617507e-03 5.181638113022535297e-02 0.000000000000000000e+00 1.610833209986940392e-02 0.000000000000000000e+00 0.000000000000000000e+00 5.435293549780585015e-02 5.330945775377962485e-03 7.099455092937664857e-02 9.797083268369091713e-02 0.000000000000000000e+00 0.000000000000000000e+00 6.063862372721308402e-03 4.381328675875572828e-03 0.000000000000000000e+00 1.229294568260520804e-01 1.740325136551037766e-01
6.920757526021809047e-02 1.348506262991088292e-02 1.565638311010989284e-02 2.364462205539606069e-03 8.382351282087692479e-02 0.000000000000000000e+00 0.000000000000000000e+00 1.673042099172915576e-01 3.528597813749490171e-03 9.285689810017049017e-02 0.000000000000000000e+00 5.580305066589539252e-03 0.000000000000000000e+00 0.000000000000000000e+00 1.183145872202184673e-01 3.899630334866606082e-04 1.708521034754480472e-01 3.264400948968180713e-03 0.000000000000000000e+00 9.867848119531109647e-04 0.000000000000000000e+00 1.735379664165784541e-01 0.000000000000000000e+00 0.000000000000000000e+00 7.884718716889053958e-02
0.000000000000000000e+00 0.000000000000000000e+00 1.469500129599551064e-01 1.288220856426079220e-03 1.969902812164335895e-02 0.000000000000000000e+00 1.467588057751943453e-01 1.368996246102232306e-01 8.204351061726046501e-02 9.660869922096011753e-02 0.000000000000000000e+00 0.000000000000000000e+00 0.000000000000000000e+00 0.000000000000000000e+00 9.122704683636528172e-03 0.000000000000000000e+00 8.013037776106343713e-02 3.109827742744915996e-02 0.000000000000000000e+00 2.995600395738243910e-02 0.000000000000000000e+00 0.000000000000000000e+00 7.540889326688288673e-04 3.631570679074918456e-02 1.823749382853876166e-01
7.487190658531326379e-04 0.000000000000000000e+00 1.660297972736147487e-01 0.000000000000000000e+00 4.085700328807521410e-03 3.609397065709013530e-02 1.527782961658143424e-01 2.878074976164740617e-02 1.913406338540215700e-03 3.920329425834706213e-03 0.000000000000000000e+00 4.392204672906999813e-02 0.000000000000000000e+00 2.363934637808704636e-02 1.146753003523076075e-01 0.000000000000000000e+00 0.000000000000000000e+00 1.217169191338767636e-02 1.332227619055408874e-01 0.000000000000000000e+00 0.000000000000000000e+00 9.965805852370500373e-02 1.783598251806996493e-01 0.000000000000000000e+00 0.000000000000000000e+00
4.619464928555314098e-02 1.635040810491944843e-02 0.000000000000000000e+00 0.000000000000000000e+00 2.394858418209175766e-03 2.531109297353640458e-02 2.301525455651123597e-01 1.685135498856282776e-02 1.115587761206618227e-02 1.914536650445075594e-02 2.393251033538702950e-03 1.080659828849943674e-02 0.000000000000000000e+00 1.709448802025420946e-02 9.296559238464717490e-02 2.578964051989861631e-03 0.000000000000000000e+00 0.000000000000000000e+00 1.361426780405253223e-01 1.069462997458665160e-02 8.705391940421264990e-03 0.000000000000000000e+00 1.453658452925731259e-01 5.124662302828295046e-02 1.544497844922709251e-01
8.306038211675154104e-02 0.000000000000000000e+00 0.000000000000000000e+00 0.000000000000000000e+00 0.000000000000000000e+00 0.000000000000000000e+00 1.095540110720854936e-02 1.140227338291048727e-02 0.000000000000000000e+00 1.637963822572646166e-01 0.000000000000000000e+00 2.016471846689366076e-02 0.000000000000000000e+00 0.000000000000000000e+00 1.389018673586554786e-01 4.355078784347585913e-02 1.683012218555661466e-01 4.749387837938751772e-02 2.282454846428570022e-02 5.339441087886810135e-03 0.000000000000000000e+00 0.000000000000000000e+00 2.714524085902883868e-02 0.000000000000000000e+00 2.570638568206848329e-01
1.439172847414935293e-02 0.000000000000000000e+00 8.483818901363272824e-03 5.465255199664009744e-03 8.186415391629651983e-02 4.633921441919099798e-02 1.655415391438755657e-01 1.809512886514803506e-02 3.526806552958746451e-03 5.551958513410773510e-02 5.754151969933685336e-03 4.242460838057619810e-02 0.000000000000000000e+00 0.000000000000000000e+00 2.081449345495806902e-01 3.852184930422236642e-02 2.243998480286427816e-02 4.582430734998546584e-02 5.710225197214189620e-03 0.000000000000000000e+00 0.000000000000000000e+00 0.000000000000000000e+00 1.969844506764279746e-01 0.000000000000000000e+00 3.496825716244082033e-02
1.027239262208698989e-01 1.032434590643267064e-02 5.039078115577943356e-02 9.299711855145348371e-02 0.000000000000000000e+00 0.000000000000000000e+00 2.491414317672051015e-01 1.552744081688189337e-01 3.253165305267514094e-03 0.000000000000000000e+00 0.000000000000000000e+00 0.000000000000000000e+00 0.000000000000000000e+00 7.650139536792557697e-03 1.390172345476575234e-02 0.000000000000000000e+00 0.000000000000000000e+00 0.000000000000000000e+00 0.000000000000000000e+00 0.000000000000000000e+00 0.000000000000000000e+00 1.358425966996003875e-01 0.000000000000000000e+00 1.580840772094262991e-01 2.041628602358789082e-02
9.396810772956801228e-03 0.000000000000000000e+00 1.376601910755739511e-01 0.000000000000000000e+00 1.321877856703962129e-01 0.000000000000000000e+00 1.567520908858956175e-01 2.325760944147503215e-02 3.594632804362171696e-02 1.074448427729061094e-02 0.000000000000000000e+00 0.000000000000000000e+00 6.766476229459984434e-03 0.000000000000000000e+00 0.000000000000000000e+00 0.000000000000000000e+00 0.000000000000000000e+00 1.429717207608420249e-01 4.149319744781840985e-02 8.013183535859313630e-03 0.000000000000000000e+00 0.000000000000000000e+00 4.562290517011314411e-02 1.714772753024349991e-02 2.320394891584537378e-01
0.000000000000000000e+00 4.415638008028949235e-02 1.367563212655854288e-01 0.000000000000000000e+00 3.557473974131821620e-02 1.091772910666184010e-01 1.475627685945387069e-01 2.062053191138355293e-02 2.271377456648993130e-03 1.592646880978183061e-03 0.000000000000000000e+00 6.796768527897675827e-02 3.710423943256326018e-02 1.708735124082249538e-03 1.484472487361686299e-01 0.000000000000000000e+00 0.000000000000000000e+00 0.000000000000000000e+00 0.000000000000000000e+00 6.536629983582226133e-02 0.000000000000000000e+00 1.286474883486641609e-02 0.000000000000000000e+00 1.543592851896605500e-01 1.446970057049899554e-02
1.482287535350801985e-03 0.000000000000000000e+00 3.538114546403092666e-03 0.000000000000000000e+00 8.139113219438866287e-03 0.000000000000000000e+00 2.939828269799019123e-01 0.000000000000000000e+00 4.250659694753160939e-02 0.000000000000000000e+00 0.000000000000000000e+00 6.811689762054418118e-02 0.000000000000000000e+00 0.000000000000000000e+00 5.106089867073640431e-02 0.000000000000000000e+00 0.000000000000000000e+00 0.000000000000000000e+00 5.730216842777724126e-04 1.117259205812775680e-03 3.286842172023587277e-02 1.485932592408826802e-01 2.731233655090258006e-02 3.125853534417541990e-01 8.123612636227307490e-03
0.000000000000000000e+00 1.235103340888592388e-01 1.807969068944317859e-01 2.205824932002841115e-03 0.000000000000000000e+00 0.000000000000000000e+00 1.343877729227671569e-01 1.407152446888403352e-01 0.000000000000000000e+00 2.377178850380025701e-03 0.000000000000000000e+00 4.398027690273243612e-02 0.000000000000000000e+00 0.000000000000000000e+00 2.236747719667673759e-02 7.332513402852933182e-02 0.000000000000000000e+00 1.132238882595059011e-02 1.427274652461347215e-01 0.000000000000000000e+00 0.000000000000000000e+00 7.894019600022995214e-03 6.762394118576409152e-02 0.000000000000000000e+00 4.676603463690772594e-02
0.000000000000000000e+00 8.923307745070750002e-03 1.840965958554362791e-01 0.000000000000000000e+00 0.000000000000000000e+00 1.087834640091733529e-01 1.624661965785252626e-01 2.038740938454958532e-02 8.108698312890046458e-03 4.368825201975992667e-02 0.000000000000000000e+00 0.000000000000000000e+00 0.000000000000000000e+00 0.000000000000000000e+00 1.255065867299544613e-01 0.000000000000000000e+00 3.644798292559557618e-02 5.214247622951358879e-03 1.365556390202702641e-01 0.000000000000000000e+00 0.000000000000000000e+00 0.000000000000000000e+00 0.000000000000000000e+00 0.000000000000000000e+00 1.598216197958229889e-01
0.000000000000000000e+00 3.667322576707156279e-02 0.000000000000000000e+00 3.140945189831833434e-03 3.963429685655422280e-03 0.000000000000000000e+00 9.818471582340941584e-03 1.406822788953326353e-01 0.000000000000000000e+00 6.173847597462983616e-02 0.000000000000000000e+00 2.404157796855546092e-01 0.000000000000000000e+00 0.000000000000000000e+00 5.721148207854910572e-02 0.000000000000000000e+00 0.000000000000000000e+00 1.323590981289567972e-03 5.328702513346223434e-04 1.968085630672090566e-02 0.000000000000000000e+00 1.634092060150114240e-02 6.491997158577979266e-02 1.632685092721573583e-01 1.802891921422505594e-01
0.000000000000000000e+00 0.000000000000000000e+00 0.000000000000000000e+00 0.000000000000000000e+00 1.664712263341357190e-01 0.000000000000000000e+00 3.947921748939579867e-02 8.995245491669540128e-02 0.000000000000000000e+00 1.297352686070971650e-01 0.000000000000000000e+00 2.009133011033273353e-02 1.833364524462198844e-02 0.000000000000000000e+00 1.522807387410920477e-01 0.000000000000000000e+00 2.027724240870991679e-01 0.000000000000000000e+00 0.000000000000000000e+00 1.109721074464242426e-03 0.000000000000000000e+00 0.000000000000000000e+00 0.000000000000000000e+00 1.797739733950657059e-01 0.000000000000000000e+00
0.000000000000000000e+00 7.235816704614980895e-03 1.153111026992894722e-01 0.000000000000000000e+00 0.000000000000000000e+00 9.163543821933568811e-02 2.009150273515781376e-02 3.856226114000259331e-02 0.000000000000000000e+00 8.194433877498340235e-02 0.000000000000000000e+00 5.306755262040784710e-02 0.000000000000000000e+00 3.543083568582776604e-03 8.197897650169098244e-03 0.000000000000000000e+00 1.274391167254836643e-01 1.255244438008505936e-01 3.463587766320343729e-03 0.000000000000000000e+00 0.000000000000000000e+00 6.314591048501237355e-03 0.000000000000000000e+00 1.557035214569802983e-01 1.619657450893202399e-01
0.000000000000000000e+00 0.000000000000000000e+00 8.482777461468335445e-02 8.146726675702029019e-03 3.390048142702725004e-02 2.965403870543655007e-02 1.382338215097839440e-01 0.000000000000000000e+00 0.000000000000000000e+00 4.694955114598250295e-02 5.694646768115401401e-03 0.000000000000000000e+00 0.000000000000000000e+00 0.000000000000000000e+00 1.537681367750309280e-01 2.159436353955748386e-02 0.000000000000000000e+00 5.138662093939980191e-02 4.069810658347178950e-03 0.000000000000000000e+00 1.447669122158422306e-01 9.238915879462876457e-02 1.442155616811889064e-02 2.754857908654343920e-02 1.426478209758003657e-01
2.012896845005942952e-03 5.392203238054096848e-02 0.000000000000000000e+00 1.909339166833005875e-03 1.153634090800026608e-02 0.000000000000000000e+00 3.202030887280937332e-03 1.946879126005882088e-02 4.956399253751427730e-02 1.221034183233947945e-03 0.000000000000000000e+00 1.727667780967001793e-03 0.000000000000000000e+00 0.000000000000000000e+00 1.879494645910813333e-01 0.000000000000000000e+00 1.645570840758284747e-01 3.051997412426939171e-02 0.000000000000000000e+00 0.000000000000000000e+00 0.000000000000000000e+00 1.736027966798815020e-02 8.248892769212455567e-02 2.396043988048722762e-01 1.329557450944007235e-01
0.000000000000000000e+00 2.086543690120092314e-03 0.000000000000000000e+00 0.000000000000000000e+00 8.755045066998214109e-02 0.000000000000000000e+00 3.139881825365104656e-02 1.897471366870661369e-01 7.814267411263715315e-04 1.288602526806931388e-02 0.000000000000000000e+00 0.000000000000000000e+00 0.000000000000000000e+00 0.000000000000000000e+00 1.488178535268857086e-02 0.000000000000000000e+00 4.225034226001584542e-02 7.499527887315324270e-02 1.467030847753556799e-01 0.000000000000000000e+00 0.000000000000000000e+00 9.467243515682162436e-02 8.978430294078119933e-02 2.349529446707068758e-02 1.887670748640980500e-01
7.926532711728469151e-04 0.000000000000000000e+00 8.433260198306191668e-02 0.000000000000000000e+00 1.543594954587603971e-02 1.974483722218156947e-02 3.317330873005581993e-02 0.000000000000000000e+00 9.674453495461733015e-04 0.000000000000000000e+00 7.092924407450434954e-03 8.946124099151195677e-03 4.990987794715037729e-02 8.184356033315043702e-03 1.257769039045267268e-01 0.000000000000000000e+00 1.846297361602927400e-01 8.847360834984166478e-02 1.124783729890126496e-02 1.751643633113465076e-02 0.000000000000000000e+00 1.424816264975682471e-02 0.000000000000000000e+00 1.644997242234134682e-01 1.650275124931712412e-01
0.000000000000000000e+00 2.390671142233394969e-02 0.000000000000000000e+00 0.000000000000000000e+00 7.836888938907136948e-02 6.526802406312323668e-02 5.761341887959389035e-02 2.491577667936283394e-02 3.489660158943626821e-03 1.238129636569333808e-01 0.000000000000000000e+00 8.134091707199864185e-02 1.945290896648684681e-02 1.218239336032613668e-02 0.000000000000000000e+00 0.000000000000000000e+00 1.379153949745031138e-01 7.330710896947863035e-03 1.190480294308619291e-01 5.098773171796465963e-03 0.000000000000000000e+00 4.419044812731560273e-02 0.000000000000000000e+00 5.380337513280245357e-03 1.906846422371209770e-01
