1.208284911277857226e-01 1.068125687225923853e-01 8.996402235078665433e-03 6.402943499508272074e-02 3.281337909108075074e-02 3.878236708279547001e-02 0.000000000000000000e+00 0.000000000000000000e+00 7.116185054550438517e-03 3.438748043423929968e-03 0.000000000000000000e+00 1.244727243150398621e-01 2.240785284849755588e-01 3.229988616551424802e-02 1.785346108294293480e-02 4.932590943424714804e-03 2.846844395196380592e-02 0.000000000000000000e+00 1.359751875795205400e-01 4.910160112422828210e-02
0.000000000000000000e+00 2.476236228870625986e-02 0.000000000000000000e+00 3.035451648740923880e-01 2.541598732860155668e-02 1.466419947297932236e-01 0.000000000000000000e+00 0.000000000000000000e+00 4.123436131462615388e-03 6.104652881883128497e-03 1.038150584195784683e-03 1.610154720138127216e-01 1.836260244180578857e-02 4.150130278527559141e-02 1.161697083759241980e-02 4.857463717235033229e-02 1.304450872060076150e-01 7.757507528350764472e-03 2.079785265920768011e-02 4.829681853686205312e-02
2.013426798526427378e-02 2.546796242753715522e-02 3.898338496072428772e-02 1.124103441742869691e-01 2.110968057039404322e-01 1.675332236912379924e-01 1.202455756457593283e-01 6.803811315624333847e-03 1.919869635271162847e-02 0.000000000000000000e+00 0.000000000000000000e+00 4.272213731807964626e-02 8.874437133644450318e-03 0.000000000000000000e+00 3.418573041337286816e-02 0.000000000000000000e+00 2.188148437862987624e-03 1.496807790656207561e-03 2.652706516839084191e-02 1.621316014809066619e-01
1.582750802950378122e-01 7.571475695652199467e-02 6.914404411641975577e-03 1.708838154407137794e-02 3.720775903261287765e-02 0.000000000000000000e+00 2.872749617022155033e-02 0.000000000000000000e+00 2.383743905771471341e-02 1.116727408138450638e-03 0.000000000000000000e+00 1.386745692349413972e-01 1.318911821724401412e-01 1.350965189722952153e-01 0.000000000000000000e+00 2.396328209695476955e-02 2.474143808112499315e-02 0.000000000000000000e+00 1.967509645662828266e-01 0.000000000000000000e+00
0.000000000000000000e+00 3.533885333046491578e-02 0.000000000000000000e+00 1.181887849537539142e-01 4.911817210218175772e-02 3.840811388072329358e-02 0.000000000000000000e+00 1.633303500127029906e-01 0.000000000000000000e+00 0.000000000000000000e+00 1.641121264683274156e-02 1.109908322521914459e-01 2.357644246269655595e-03 0.000000000000000000e+00 3.292012149106832326e-03 0.000000000000000000e+00 1.186249593550058393e-02 9.619044068887827592e-02 1.928327927516384488e-01 1.616782950497551996e-01
1.454991858899100932e-01 1.547891990542277496e-01 0.000000000000000000e+00 5.930247116751741904e-02 1.273597814845246756e-01 2.839005630875141573e-01 4.468187336484378755e-03 4.709549543233711166e-02 3.163545274803024332e-02 0.000000000000000000e+00 0.000000000000000000e+00 8.954246971129098398e-02 2.810819419050723800e-02 0.000000000000000000e+00 0.000000000000000000e+00 0.000000000000000000e+00 1.289512277771780006e-02 0.000000000000000000e+00 1.102732495665439440e-02 4.376552163283619831e-03
6.827670421702389247e-02 8.001874538122039082e-03 0.000000000000000000e+00 3.648571588376527119e-02 2.317607458093624284e-01 1.496418279944712881e-01 0.000000000000000000e+00 1.109230375902340270e-02 7.504861571589087343e-02 0.000000000000000000e+00 5.736684618356523678e-03 9.591572155022683524e-03 4.689240129974009755e-03 8.287917377532261209e-02 1.256391388425472933e-01 5.625721805450325554e-03 1.638789136663232060e-01 2.050494473063984181e-03 1.442120183715815164e-02 5.180070779122039615e-03
2.045844477716724993e-02 1.114428928745607172e-01 6.336311928987266306e-02 5.075074269403120203e-02 1.272115972781939774e-01 3.558592186536330831e-02 1.298988257066944173e-03 8.227175595720166712e-02 1.394869599152514794e-01 0.000000000000000000e+00 5.121469856377054361e-03 1.108486477291976691e-01 2.323383569895824587e-03 3.064113993641118532e-04 4.431065396104613002e-02 0.000000000000000000e+00 1.439933863486805854e-01 1.644943607251833639e-02 3.346302841405521256e-02 1.131315974015570554e-02
3.596770642643525029e-02 7.176246119505098366e-03 9.711348147308640835e-03 1.601089509173288239e-01 1.510548081428900180e-01 4.130233768216159951e-02 3.156322057914070361e-02 4.804227002171039540e-02 8.094205719578533020e-02 3.230214561270303153e-02 0.000000000000000000e+00 9.048781521561036212e-03 1.879175866648322493e-02 0.000000000000000000e+00 2.640563725835752551e-02 2.725055919177769154e-02 0.000000000000000000e+00 1.621145963546448132e-01 0.000000000000000000e+00 1.582175761622067467e-01
9.109616672391750158e-02 1.918074318676093182e-01 4.270740632223644917e-02 8.200923046523057869e-02 1.433610214717262743e-01 1.445647220067399485e-01 3.228873057154513920e-03 8.794602353663107802e-03 4.854823493770379222e-02 1.998443753270258416e-02 5.652745167413150869e-03 4.535451072450829429e-02 0.000000000000000000e+00 8.689334793725828066e-03 1.769115290355622455e-02 7.138605101775731543e-02 9.691620779038212161e-03 4.867437195524703525e-02 0.000000000000000000e+00 1.675808592006985606e-02
8.426209418657466810e-03 8.077760191838913306e-02 1.055811570900180435e-01 0.000000000000000000e+00 1.101211231708271003e-02 8.062827313589623901e-02 3.908224254209319987e-02 9.520310982333147695e-03 6.738569831309296210e-02 0.000000000000000000e+00 4.067278019577654294e-03 6.621520990537309304e-02 7.254499240315406827e-02 1.024436601876998337e-02 3.426642172101072165e-02 0.000000000000000000e+00 1.245494361731389575e-02 1.082579901256186111e-01 1.501788561734276051e-01 1.393563362981914688e-01
1.126206947844073797e-01 1.099014343995800003e-01 1.026847898369609990e-01 0.000000000000000000e+00 9.467420196404197422e-03 1.537318381491639963e-01 0.000000000000000000e+00 8.533393262446283684e-03 1.203351418512522975e-02 2.198000698558037671e-03 5.605739763372846914e-03 1.197647925613595093e-01 0.000000000000000000e+00 8.052531325120288255e-03 4.473289979621179746e-02 0.000000000000000000e+00 2.058497092493794672e-02 1.047497862452442807e-01 4.630160577194654403e-02 1.390365880991607239e-01
2.652561307379065671e-03 1.310214765360688538e-01 5.334626576476808428e-03 2.115358874867122665e-02 1.147766166542954075e-01 1.461460634632460176e-01 1.530726202253309635e-03 1.624989045339741978e-02 2.151992390350946638e-01 9.040010834157232236e-03 1.674792912439289523e-03 1.377408102061955797e-01 2.162279232938240769e-03 6.003449939415971340e-03 5.245703869691802079e-02 8.892490351910514040e-04 0.000000000000000000e+00 1.286845957524034197e-02 8.934575579076516061e-03 1.141645450115450072e-01
1.993157918174854604e-01 1.517907701561223288e-01 3.562071317700111757e-04 9.167447431127609750e-03 9.960201350566429135e-02 1.413068382985722127e-01 1.838378533333616047e-02 4.229531715848285078e-02 1.717206568167033100e-04 0.000000000000000000e+00 0.000000000000000000e+00 1.186882396929730271e-01 3.521497742870973585e-02 3.178746208467154305e-02 2.577654820045004527e-02 8.960493746405041871e-02 2.976663854203065451e-02 0.000000000000000000e+00 6.771305097736911478e-03 0.000000000000000000e+00
3.392549243622339228e-02 6.810461105603934917e-02 3.016117801154525550e-03 9.199741369561110008e-03 1.322173969937793792e-01 8.477107218294926624e-03 7.359541412295992312e-03 1.732621274388938815e-01 2.902730410599177469e-02 0.000000000000000000e+00 2.860718235887786567e-04 1.364982760502564119e-01 5.257512175675867899e-02 1.707235774488360946e-02 1.393867078479530675e-01 1.574651614817029364e-03 1.120253208141792564e-02 1.668752304267876537e-04 2.808948940852027537e-02 1.485584766091430364e-01
0.000000000000000000e+00 5.481571748078739766e-05 7.806671764556254731e-04 1.609576371517918714e-01 6.075918884746991933e-02 4.673161014081099462e-03 4.167499084774074075e-02 1.741382073271651593e-02 1.503326497383305205e-01 0.000000000000000000e+00 0.000000000000000000e+00 2.246026673359574621e-01 0.000000000000000000e+00 0.000000000000000000e+00 0.000000000000000000e+00 0.000000000000000000e+00 2.610307433079610620e-02 7.611479949921917676e-02 1.543238897212776128e-01 8.220863788668256178e-02
1.204069117478691192e-01 1.643074754709337310e-02 5.171179459642581515e-03 4.026741508158464440e-03 1.057881252207688860e-01 1.480631097608751112e-01 2.062203810211866647e-03 1.433948712455766494e-01 1.512348402276251780e-01 0.000000000000000000e+00 0.000000000000000000e+00 4.452857482946855072e-02 0.000000000000000000e+00 1.695539337320940254e-04 2.741862586832318621e-02 0.000000000000000000e+00 1.546642678182298149e-02 0.000000000000000000e+00 3.574454238182677573e-02 1.800935456770052234e-01
4.271009178187326963e-03 7.567398422766843935e-02 6.743628889650056307e-04 1.238488563593757030e-01 4.685395713211813057e-02 1.066457958301109538e-01 0.000000000000000000e+00 4.645664741091859451e-02 1.156554932180260849e-02 0.000000000000000000e+00 1.818819872541125801e-02 1.762161921746694393e-01 0.000000000000000000e+00 1.508233357035104272e-03 4.108035029923914373e-03 0.000000000000000000e+00 2.496423714100384078e-02 2.966881107006948473e-02 1.786830944629414775e-01 1.506730356897987289e-01
1.733935543559887021e-03 1.272164435109612302e-01 0.000000000000000000e+00 2.950888288269105236e-02 8.512192366922682885e-02 4.313021576470264795e-02 8.699514712385567408e-03 2.583119714890036098e-02 5.480116435175071132e-02 0.000000000000000000e+00 0.000000000000000000e+00 1.318556374842589328e-02 2.172485989060210943e-03 1.509852272130962902e-01 1.462853559863037944e-01 1.051395517540953672e-01 1.510306144091826397e-01 1.311221005959300871e-04 1.054346420401116972e-02 4.448333701105029736e-02
4.509164282953373459e-02 2.408679145057660356e-02 7.743889320795232503e-04 1.055301572225092119e-02 6.564370741699895873e-02 2.183423575436531372e-02 4.597295437496452808e-02 1.517215122932629237e-02 1.682378522767448426e-01 8.678731441748623867e-04 0.000000000000000000e+00 1.431632585239543953e-01 3.306102007022877765e-02 9.805768266592301829e-02 4.681259380780568649e-03 0.000000000000000000e+00 0.000000000000000000e+00 2.243732384941385730e-02 1.445289399558924437e-01 1.558359024227913558e-01
2.303243049866646880e-02 1.226645625422056463e-01 0.000000000000000000e+00 1.211006161087639470e-02 0.000000000000000000e+00 1.221226223674063971e-01 0.000000000000000000e+00 7.291525639732535091e-02 1.415480094021319413e-01 1.380316246354376490e-02 1.521422679411706634e-02 1.648260144034201236e-01 0.000000000000000000e+00 1.495726656716685893e-02 4.603074043126145765e-02 0.000000000000000000e+00 1.462068090820378870e-02 0.000000000000000000e+00 3.729832931968182514e-03 2.324251326817065588e-01
1.254710611632766093e-01 6.624449443022469020e-02 1.970160699757991449e-02 3.934918030472530498e-02 0.000000000000000000e+00 8.557246325974541754e-03 2.340683102009355476e-02 1.486237981562190703e-02 1.743516695548482168e-02 5.941828200145555204e-03 5.013095715939929701e-04 1.686664602868838680e-01 1.781093268614627190e-01 0.000000000000000000e+00 3.847117804326511369e-03 7.355604489715625652e-03 0.000000000000000000e+00 2.639916232833513284e-03 2.054419994113330095e-01 1.124684701287237132e-01
1.720097786235743470e-02 1.146577050831960572e-03 0.000000000000000000e+00 2.113998082495293918e-01 1.273913640862983365e-01 0.000000000000000000e+00 6.871149898204191586e-02 4.981763779710637885e-02 2.839654415084261890e-02 7.163138357878816309e-03 7.499871727326107296e-03 1.515904007081905203e-01 0.000000000000000000e+00 1.869973052503840633e-02 0.000000000000000000e+00 1.105419941623270591e-01 0.000000000000000000e+00 0.000000000000000000e+00 1.486345586317711076e-01 5.180589770846005804e-02
1.147322732715211763e-01 1.194830662295460755e-01 8.142471863374326976e-03 9.636152520907353969e-02 2.315221244257691449e-02 1.724856128846811165e-01 1.099986180189261725e-01 6.372065606579836727e-02 2.988714213806205333e-03 0.000000000000000000e+00 0.000000000000000000e+00 1.742983824873625340e-02 1.948417432535983276e-02 0.000000000000000000e+00 0.000000000000000000e+00 3.250762759126216671e-03 0.000000000000000000e+00 4.000274975771609190e-03 1.656726896948833572e-01 7.909710979681881804e-02
5.919492072322118936e-02 3.956363142342037009e-02 2.365789369146596016e-02 1.046782830944092413e-01 1.473668026873500569e-01 0.000000000000000000e+00 1.255905658534557379e-01 6.633286232786374248e-02 4.192105604222735871e-03 0.000000000000000000e+00 2.130928671893633428e-02 0.000000000000000000e+00 2.549664954538102823e-02 1.320312332146131029e-01 5.079728282505696635e-02 0.000000000000000000e+00 1.664422938381384352e-03 1.292144075053550459e-02 1.152265166954163922e-02 1.736799669321450468e-01
3.558308195050513545e-02 1.149691979179821716e-01 1.756458998645796504e-04 3.854451879722437663e-02 5.558592446811971149e-02 1.338107199691512816e-01 7.117790577362054227e-02 1.742814170817688635e-02 2.235721273194050118e-01 0.000000000000000000e+00 2.934841232267056815e-02 4.212254166295160973e-02 0.000000000000000000e+00 0.000000000000000000e+00 2.255001614666576892e-02 1.221787764439269701e-03 1.320008608515087500e-01 6.467599445541227267e-03 1.157220761167963158e-02 6.386931039049345560e-02
3.438202460413053441e-02 6.204472508181109111e-03 6.334184117892698723e-03 3.550948852289266267e-01 3.934504510857789877e-02 1.508731495809783468e-02 0.000000000000000000e+00 6.311287069435185526e-02 1.892853033278424357e-02 1.614489868097123554e-02 1.840703313255877618e-02 1.365632146605623709e-01 5.359006778943708332e-02 0.000000000000000000e+00 1.453543264045915606e-01 0.000000000000000000e+00 0.000000000000000000e+00 0.000000000000000000e+00 2.935471915361295009e-02 6.209641262532310246e-02
4.466842731151837720e-02 7.611101798237893123e-02 0.000000000000000000e+00 1.735459708645527288e-01 1.674135959948569452e-02 1.373534639390891210e-01 6.487420476648886845e-03 9.777522762987593541e-02 1.502801479922510897e-01 0.000000000000000000e+00 0.000000000000000000e+00 7.227106201194546942e-02 6.341431873433946154e-02 0.000000000000000000e+00 0.000000000000000000e+00 3.978241257443064505e-02 0.000000000000000000e+00 6.121109758475415732e-03 1.382650680240304561e-02 1.016215543226052231e-01
4.632959428207559377e-02 1.246112531128260592e-01 5.903930228392594709e-03 1.523546138311449374e-02 7.819578635389495130e-03 9.238557221595750102e-03 6.469316300110329945e-03 4.416638840794804947e-03 6.808444947814009003e-03 1.019141060091236341e-03 0.000000000000000000e+00 2.465315065844474185e-01 2.236751533755287902e-01 0.000000000000000000e+00 2.187820542479096755e-02 3.886228184086003290e-02 1.158878063932679107e-02 1.859913561471359875e-02 5.339903095616785333e-02 1.576139895519602652e-01
6.861054908490746285e-02 1.411338303660659467e-02 2.567903267394119546e-02 4.959007872694115582e-02 1.685088975624679242e-01 1.393850049661211343e-01 7.087277006920215949e-02 1.717009612919999720e-02 1.772806105019431727e-02 0.000000000000000000e+00 0.000000000000000000e+00 2.796596455180725208e-02 3.715083005635607966e-03 2.911557891256750033e-02 0.000000000000000000e+00 1.131427308587906917e-02 1.721972213083760861e-01 2.520710337517101385e-02 8.434595100251189581e-02 7.448095145846962695e-02
2.779362050842259287e-03 1.154170787564331177e-03 0.000000000000000000e+00 5.453907439586340444e-02 6.669228454961105557e-02 1.709258949735631694e-01 3.553920274456080081e-02 8.566215586298375761e-02 2.115796708336740994e-01 0.000000000000000000e+00 0.000000000000000000e+00 2.919321111368348293e-02 6.851734340890046349e-02 7.667164041066974224e-03 6.873505014686338843e-02 3.382551930962351071e-04 0.000000000000000000e+00 8.800935368607017487e-03 7.697355451700247861e-03 1.801788690774193680e-01
4.090435372802602061e-03 3.388670651152465591e-03 1.312592172075136565e-01 2.729663394560470913e-01 4.330681469254881767e-03 1.703362290281496272e-01 6.331351402063204598e-03 1.182607816294504177e-01 8.818535922196479859e-02 0.000000000000000000e+00 1.791772308275015719e-04 4.085603208253782426e-02 0.000000000000000000e+00 0.000000000000000000e+00 0.000000000000000000e+00 0.000000000000000000e+00 1.756249313755691571e-02 0.000000000000000000e+00 0.000000000000000000e+00 1.422532321106790565e-01
0.000000000000000000e+00 6.489928150929401285e-02 2.541948032663497378e-03 5.362202123645741503e-02 1.173119248073490883e-01 5.017213002732236193e-02 2.116274489871955780e-02 1.144094403384763280e-02 2.699995878131566940e-02 0.000000000000000000e+00 1.247376601160508219e-03 2.134745213257824847e-01 6.918847721212086077e-02 4.511926096915619064e-03 4.183852564848744224e-03 9.839798991541097439e-02 0.000000000000000000e+00 4.195447515155632107e-02 6.352772665531800089e-02 1.553627011499172927e-01
1.246921091576858182e-01 1.441312676164915041e-01 5.292966522732200918e-03 4.193010520295139057e-03 3.413715815575549262e-02 1.638786917118358333e-01 2.660002090356252194e-02 1.742074253409251134e-04 7.581105162349915938e-02 7.729490716668137307e-02 0.000000000000000000e+00 1.333080399900521129e-01 0.000000000000000000e+00 0.000000000000000000e+00 1.335936971122364189e-03 3.333460684297019118e-03 5.027421397278386550e-02 1.540199957340388469e-02 4.283849727217874798e-02 9.730246073228202008e-02
6.516790918354401808e-03 1.296346491984561033e-01 0.000000000000000000e+00 1.805079169827328300e-01 2.179270305093659182e-02 2.317651357023392880e-02 0.000000000000000000e+00 1.178895326898098395e-01 2.734645302132120842e-02 0.000000000000000000e+00 0.000000000000000000e+00 1.300174011298708687e-01 1.506330307882974007e-01 9.704053960416111901e-03 2.074676912962599221e-02 0.000000000000000000e+00 7.395580403157802837e-03 0.000000000000000000e+00 1.403000402360463361e-01 3.433856492074056910e-02
8.494424446077830648e-02 6.489186362432991517e-02 6.686683596135075021e-03 2.759283315161147401e-02 1.909192392044205822e-01 0.000000000000000000e+00 4.655389966913946881e-02 8.513205067402253301e-03 3.011409230421207422e-02 1.895579754403896658e-02 1.570757749567457465e-03 1.333388955223716865e-01 1.593700919577112907e-01 3.715109634678841460e-03 1.346716213216450353e-01 0.000000000000000000e+00 5.090760721645327946e-02 0.000000000000000000e+00 3.725405797550437187e-02 0.000000000000000000e+00
1.186293936433139087e-02 1.358789173121171256e-01 5.693197297310338342e-04 1.782308863367108517e-02 1.244463707233203764e-01 1.717633751513016136e-04 0.000000000000000000e+00 2.932303008236847308e-02 2.336126241028419013e-03 1.844976606453548051e-02 1.443781676378148582e-01 1.419067955544884574e-01 2.072774132597885247e-02 3.141899743038272658e-02 1.356691963306980164e-01 7.134786352438686041e-04 4.920652880826280329e-02 9.041417770368588569e-02 2.120648351362450137e-03 4.258294669582749631e-02
1.157234739949155045e-01 1.147791044252115672e-01 0.000000000000000000e+00 8.952141656083330290e-03 3.666330159572165487e-02 9.276483377782726580e-02 1.244174676574597363e-02 1.716383111634766300e-04 5.482305149071227401e-02 9.250119636101529486e-02 0.000000000000000000e+00 9.975354605802979474e-03 1.570143042000275019e-02 3.711149030754929551e-02 0.000000000000000000e+00 0.000000000000000000e+00 8.463514828087288777e-02 1.884207238105719976e-03 1.396732781244927890e-01 1.821986026447770801e-01
7.465580483847512883e-02 4.300874280183045184e-02 1.186203840589926915e-03 7.065337912308390644e-02 1.685972669168826765e-01 3.078197616840161466e-02 2.869555218833935023e-02 4.638408160277009140e-02 5.082015121802162250e-02 3.004635881149749378e-03 0.000000000000000000e+00 1.853006139853794268e-02 2.310239792453463656e-02 1.317338860377631655e-02 1.454788749953227767e-01 0.000000000000000000e+00 1.212700059547003328e-02 1.787632415816721720e-01 5.773887978464477960e-02 3.329836053649676275e-02
1.784577826660169002e-03 1.229839576619613101e-01 2.615817303730209528e-02 2.016357516170775854e-01 1.397570462624435905e-01 1.745792525075146873e-01 1.440932754032847422e-02 4.044753759915739599e-03 3.285463326163312603e-02 0.000000000000000000e+00 0.000000000000000000e+00 2.234563588246461785e-02 1.757238386514582652e-03 1.311513357505800226e-02 6.234085092384972389e-03 0.000000000000000000e+00 6.231519245237056304e-02 0.000000000000000000e+00 3.661968809754789084e-02 1.394055530388224884e-01
3.011878910518528754e-02 1.347622395457123978e-01 2.695649806829347739e-02 3.612715899081839210e-02 0.000000000000000000e+00 1.225251721325601589e-01 5.448301448776201109e-03 1.452683185736101945e-01 0.000000000000000000e+00 8.110424799348186359e-03 0.000000000000000000e+00 3.704240519320985137e-02 1.330767076286787920e-01 4.212777697173824762e-03 1.269261112171838901e-01 0.000000000000000000e+00 2.442011045426987267e-03 0.000000000000000000e+00 3.174292893626920464e-02 1.552401556177531172e-01
1.959039657366863085e-01 1.322790098146850446e-01 2.066230267831756402e-03 6.210191163279669621e-03 5.319389690191626829e-02 1.433980330107760548e-01 0.000000000000000000e+00 7.209888274577532820e-03 1.754208055514847320e-01 0.000000000000000000e+00 0.000000000000000000e+00 3.206881268086821807e-02 8.101006872929304801e-04 4.870946148632954165e-02 0.000000000000000000e+00 0.000000000000000000e+00 7.042034668153431855e-03 4.128493035769296819e-03 7.662918613132022050e-02 1.149298905890288325e-01
0.000000000000000000e+00 3.546153815654586039e-02 0.000000000000000000e+00 9.893040632876395468e-04 6.027144754798545619e-04 1.608079455606868657e-01 0.000000000000000000e+00 8.959107934150291330e-02 1.476492784378784784e-01 1.106197430535467985e-01 0.000000000000000000e+00 2.556418304093231383e-02 1.981325994881015279e-05 0.000000000000000000e+00 2.434924797457083210e-03 6.708017547304428486e-03 1.218093616427318691e-02 6.440508912472218961e-02 1.842707664418460900e-01 1.586946665345875251e-01
1.934898327686250877e-02 1.845608656891868371e-01 1.694532475439735134e-02 1.017267248234118848e-01 2.001270966836677170e-02 5.936916194587237017e-02 2.336388873471537467e-02 0.000000000000000000e+00 1.383234243081836734e-01 0.000000000000000000e+00 0.000000000000000000e+00 1.826797622357706208e-01 3.547244805828447117e-02 5.096347966563651022e-02 5.583981730718217719e-03 5.164090655032063833e-03 1.368731128044806677e-01 0.000000000000000000e+00 3.630569989444999831e-04 1.924898465013615001e-02
5.997085936124964267e-02 5.361632640989404119e-02 2.237860464105712564e-03 1.533552672189611443e-01 1.356081801676154164e-01 1.552408505924512683e-01 7.724604075765886813e-02 1.064831757240771587e-02 2.109270748092865327e-02 1.142553050831826220e-02 0.000000000000000000e+00 7.917937076670804319e-02 1.718958266275753160e-04 1.680571442425597348e-02 1.185410168447379939e-02 0.000000000000000000e+00 2.410992890350597412e-02 0.000000000000000000e+00 3.575940725674952442e-02 1.516776406040884762e-01
1.126911245686129243e-01 1.044152393056866079e-01 0.000000000000000000e+00 3.497691326296768072e-02 7.496278928875645120e-03 4.411945452173684362e-02 4.850857705585605653e-03 9.862973333095603756e-02 6.443816484245080967e-02 1.878506544937967593e-02 5.527724530759225768e-04 1.324998539571390910e-01 1.943909497068295189e-01 0.000000000000000000e+00 1.646702665089613132e-02 0.000000000000000000e+00 1.361079939667512728e-01 0.000000000000000000e+00 1.019800489749229412e-02 1.938056645156381250e-02
1.176780311961176384e-01 1.307916454537548165e-02 3.186807904673690656e-02 8.714769549948663679e-03 3.234084593367307636e-02 1.200446999729232883e-01 0.000000000000000000e+00 1.366773843559054569e-01 1.760963254675021461e-02 0.000000000000000000e+00 3.918034015682142143e-03 2.619183576961953488e-02 2.084404785432133339e-02 2.048211787825922336e-02 6.738062018991058250e-04 6.654402929927433208e-02 1.040016748187691242e-01 0.000000000000000000e+00 3.130245790861924809e-02 2.480293891061252920e-01
2.989967696560340976e-02 4.503533426239517135e-02 6.556039048787321889e-03 1.429680342813945126e-01 2.130788919699065920e-01 1.437445461220427656e-01 2.196474741344665253e-03 1.352038665271705978e-02 1.241451101786222172e-02 0.000000000000000000e+00 1.097496063202919175e-02 9.417312189464720554e-03 0.000000000000000000e+00 4.893700395801607594e-02 1.240625974393755049e-01 1.211029316849491491e-03 3.882282858934057307e-02 7.420667667858283148e-03 1.794365661046167654e-02 1.317960485345507082e-01
1.296798056065308624e-01 2.954927622737930568e-02 1.189136319285561023e-02 1.779938740235806616e-01 1.584620113180280551e-02 1.699139103287429162e-02 2.428670581973700268e-02 7.792686483528238339e-03 5.151291824539170998e-03 8.924400687993490171e-04 0.000000000000000000e+00 1.739263295270503662e-01 1.165006964296847330e-01 6.998019301365949844e-03 5.270609141025713994e-04 1.791981087609479349e-04 1.249568480859096636e-01 4.898263970443627290e-03 1.410190444204156290e-01 1.091950383063926451e-02
0.000000000000000000e+00 0.000000000000000000e+00 2.315356089778550918e-06 9.223654278236577408e-02 1.154961070784590038e-01 1.484823825388211505e-01 4.812320103114262754e-02 5.559488203457558370e-02 4.874182909131702379e-02 2.496720914097987076e-02 0.000000000000000000e+00 9.603852057766959494e-02 0.000000000000000000e+00 4.619183033578001807e-02 0.000000000000000000e+00 4.899966725059970787e-03 2.329560137698650363e-02 4.160745498374202565e-03 1.679189710675893232e-01 1.238498953647894363e-01
