0.000000000000000000e+00 0.000000000000000000e+00 9.267427003085415560e-02 2.759322264183905471e-02 9.948019990393253131e-02 1.834761231115063784e-01 0.000000000000000000e+00 0.000000000000000000e+00 1.670872802889307451e-01 2.124732998051958449e-02 0.000000000000000000e+00 1.483008203695384275e-01 0.000000000000000000e+00 0.000000000000000000e+00 5.156705199954170551e-03 2.025202032665852567e-02 5.764292392648325686e-02 1.235142546257369522e-01 4.218672875171539105e-02 1.138812084233073972e-02
8.753708869689989097e-03 7.518804223390763986e-02 3.770304277159814885e-04 1.303105233639613447e-01 0.000000000000000000e+00 2.657291577519270767e-02 2.339083865599662308e-03 1.653450758956479527e-01 0.000000000000000000e+00 2.003329561367085676e-02 0.000000000000000000e+00 2.062335987176419916e-01 0.000000000000000000e+00 5.903265439996857600e-02 0.000000000000000000e+00 3.522868636699293728e-03 2.162119866221262621e-02 9.064774585265732154e-02 2.392017914570085044e-02 1.661020785397333555e-01
0.000000000000000000e+00 0.000000000000000000e+00 3.642863432564864140e-02 1.902433271571601914e-01 3.160434194002127023e-02 1.692367715693210428e-01 2.790093515340141481e-02 2.512943195866750891e-03 1.829098587042740642e-01 0.000000000000000000e+00 0.000000000000000000e+00 0.000000000000000000e+00 1.262080037542260003e-01 0.000000000000000000e+00 2.253023945623364860e-02 0.000000000000000000e+00 0.000000000000000000e+00 0.000000000000000000e+00 2.104249447438469034e-01 0.000000000000000000e+00
0.000000000000000000e+00 1.439467141793576710e-01 0.000000000000000000e+00 1.097947814835147640e-01 0.000000000000000000e+00 4.488088039533866952e-02 0.000000000000000000e+00 0.000000000000000000e+00 2.592602782721434296e-01 0.000000000000000000e+00 0.000000000000000000e+00 1.825891704866482446e-01 0.000000000000000000e+00 4.461482415764905091e-02 1.489000644557967601e-01 2.506592550953672463e-02 0.000000000000000000e+00 0.000000000000000000e+00 3.137686279917332316e-02 9.570498260841369537e-03
4.886747946899479972e-02 1.041412303402663997e-02 3.257276542241940159e-02 1.541012313027650960e-01 9.054777414499175225e-02 4.793633402695406109e-02 1.800846330401521724e-03 1.513276111825526127e-01 4.911817605527305994e-03 1.423758857487226331e-02 2.653083617919744543e-03 4.975144890741497322e-02 1.330956831690049968e-02 6.991485989544002355e-02 0.000000000000000000e+00 1.004612172167377443e-02 0.000000000000000000e+00 5.619873582404510959e-02 1.913232108347774352e-01 5.008539978832286105e-02
1.193872318601869875e-01 2.399647045013201044e-02 1.937667497145331361e-02 3.232682639938587541e-03 1.267378597452855360e-01 7.034727853375019602e-02 3.703218700188486839e-02 4.795093692738810337e-02 9.962496837280870876e-02 2.470967842347702309e-02 2.458436198842874065e-03 1.788320353577418365e-01 0.000000000000000000e+00 0.000000000000000000e+00 0.000000000000000000e+00 0.000000000000000000e+00 7.321636734360260912e-02 1.141284476707669082e-01 3.818740233196896150e-02 2.078134217077138093e-02
1.517864486302396010e-01 1.444468985062262196e-03 0.000000000000000000e+00 5.715993118660399330e-02 0.000000000000000000e+00 5.023157254455460491e-02 0.000000000000000000e+00 2.418805544829421422e-02 1.456662668930042148e-01 0.000000000000000000e+00 0.000000000000000000e+00 2.330784665615918683e-01 0.000000000000000000e+00 0.000000000000000000e+00 0.000000000000000000e+00 0.000000000000000000e+00 1.121728842100270518e-01 1.405430718070000695e-01 8.372883373362217940e-02 0.000000000000000000e+00
2.313843292297865228e-01 0.000000000000000000e+00 2.795604844421914481e-03 1.080473201512822945e-02 1.003653558421247344e-01 1.055635113099459912e-02 0.000000000000000000e+00 1.602084750890862275e-01 1.513956269999260362e-01 0.000000000000000000e+00 0.000000000000000000e+00 3.220987784546407162e-02 0.000000000000000000e+00 8.691381872571801032e-03 0.000000000000000000e+00 8.609423458988234301e-03 0.000000000000000000e+00 1.014286947385569931e-01 1.815501469329505735e-01 0.000000000000000000e+00
1.972378581120407329e-02 3.966058983925696557e-02 0.000000000000000000e+00 2.197448311574697333e-01 2.999460695275091293e-02 5.764681218991816666e-03 1.214888233742836190e-03 1.460820769270277097e-01 1.136328171358863721e-02 1.723772204122305364e-03 2.752322111748814817e-02 1.603567522564108561e-01 8.435275131967742701e-02 0.000000000000000000e+00 7.960702647842445023e-02 0.000000000000000000e+00 1.299385562849158550e-02 5.048517798164030984e-02 9.404981400792315760e-02 1.535888715178921476e-02
2.055846672287082177e-01 0.000000000000000000e+00 6.308236931712223917e-03 3.095709264123398113e-02 1.156306401788398386e-01 0.000000000000000000e+00 1.073708753763880919e-01 1.199063484712743072e-01 1.154759533684568060e-02 7.270790111544083931e-03 0.000000000000000000e+00 1.823525513419044786e-01 0.000000000000000000e+00 4.836776360166261668e-02 3.829348519986308652e-02 0.000000000000000000e+00 0.000000000000000000e+00 0.000000000000000000e+00 0.000000000000000000e+00 1.264099535800234098e-01
0.000000000000000000e+00 0.000000000000000000e+00 0.000000000000000000e+00 1.498803628087822248e-01 4.336957651319643843e-03 1.430321258846575794e-01 1.130386208960172494e-02 1.349411895630340044e-02 0.000000000000000000e+00 0.000000000000000000e+00 0.000000000000000000e+00 1.232104930088250005e-01 1.308148308075381128e-01 0.000000000000000000e+00 1.613073830084843230e-01 0.000000000000000000e+00 9.031068961880826806e-02 1.396658607183585699e-01 3.264331544732103352e-02 0.000000000000000000e+00
1.094281176574103676e-01 0.000000000000000000e+00 0.000000000000000000e+00 1.096495700451601343e-02 0.000000000000000000e+00 0.000000000000000000e+00 2.994180431233197867e-02 1.171541690817760883e-01 2.465825404386222473e-03 2.796328845343286698e-02 6.403393401900417739e-03 3.074475611681893872e-01 1.219545963351502810e-01 0.000000000000000000e+00 7.684192793949309354e-03 2.098574812243593751e-03 0.000000000000000000e+00 1.317103139633996056e-01 1.024462306939366851e-01 2.233697491737734325e-02
2.275810973540632470e-02 0.000000000000000000e+00 0.000000000000000000e+00 8.319537880997565638e-02 8.983132606315676061e-02 4.447527819146290112e-02 0.000000000000000000e+00 0.000000000000000000e+00 3.509370920957387563e-01 7.012610930998536274e-02 2.447174346202843701e-02 1.759021982015938346e-01 0.000000000000000000e+00 0.000000000000000000e+00 1.046961918570755434e-01 0.000000000000000000e+00 1.988010542656746052e-02 0.000000000000000000e+00 1.372646684700895917e-02 0.000000000000000000e+00
1.415966044017289739e-02 1.190368972640467107e-02 2.796794838119930071e-02 9.924923417558530192e-02 1.385980441244035214e-03 1.471572790503437866e-01 1.543569817404446230e-02 1.436432772860051221e-01 3.208763617654018536e-03 0.000000000000000000e+00 0.000000000000000000e+00 3.020808377131759537e-01 0.000000000000000000e+00 0.000000000000000000e+00 1.383067231816067777e-01 0.000000000000000000e+00 2.486942448455937982e-02 4.959212926915313596e-02 2.103935405885119445e-02 0.000000000000000000e+00
0.000000000000000000e+00 2.653866971586339718e-02 8.223725753653894632e-02 9.289040340624743486e-02 0.000000000000000000e+00 5.203288242549360121e-02 0.000000000000000000e+00 8.189393416879123255e-02 3.481469599852875518e-01 4.054518759621683621e-02 3.006810508024283096e-02 1.654550879237139394e-01 0.000000000000000000e+00 0.000000000000000000e+00 0.000000000000000000e+00 3.354125274164458659e-02 0.000000000000000000e+00 2.426952623267978823e-02 1.717079435511835450e-02 5.209938832161482847e-03
0.000000000000000000e+00 0.000000000000000000e+00 0.000000000000000000e+00 4.386979853335314095e-02 3.091313333299366278e-02 1.399293943308666521e-01 0.000000000000000000e+00 2.653915165747816954e-02 1.557288638389105195e-01 2.109516603417083309e-03 0.000000000000000000e+00 2.715515652838036351e-02 3.535627815526462721e-03 0.000000000000000000e+00 0.000000000000000000e+00 0.000000000000000000e+00 1.583558060903709000e-02 1.573275542784520475e-01 1.894829244644227750e-01 2.075732980071621214e-01
1.382460792355162671e-01 0.000000000000000000e+00 2.489243498152823517e-02 1.392587300888348950e-02 3.088370578028081133e-03 1.341000216712913973e-01 1.928583610963346961e-02 1.238761742320754894e-01 1.334476805415164002e-01 0.000000000000000000e+00 0.000000000000000000e+00 1.152976631001871866e-01 0.000000000000000000e+00 0.000000000000000000e+00 0.000000000000000000e+00 0.000000000000000000e+00 3.576002173565003689e-02 0.000000000000000000e+00 1.329277844029841393e-01 1.251520604027057948e-01
1.629535248213993259e-01 0.000000000000000000e+00 3.719229671952142824e-02 0.000000000000000000e+00 1.710757571744090377e-01 0.000000000000000000e+00 0.000000000000000000e+00 5.967905552603888081e-02 0.000000000000000000e+00 3.518043462054472152e-03 0.000000000000000000e+00 2.859246872732170153e-01 0.000000000000000000e+00 0.000000000000000000e+00 1.729962406814813947e-01 0.000000000000000000e+00 2.657903653947576734e-03 8.584814990457007022e-02 1.815434078336094006e-02 0.000000000000000000e+00
1.183874696759962403e-01 5.830278194032070295e-03 0.000000000000000000e+00 1.075307616587652393e-01 9.698588652179623848e-03 0.000000000000000000e+00 7.930193206684636297e-04 1.304241069054250524e-01 7.529013659659511415e-02 0.000000000000000000e+00 0.000000000000000000e+00 1.036538928469162152e-01 0.000000000000000000e+00 0.000000000000000000e+00 1.612004686779134610e-01 0.000000000000000000e+00 1.350266250493374620e-01 1.521646524221709762e-01 0.000000000000000000e+00 0.000000000000000000e+00
0.000000000000000000e+00 9.689177026678492954e-02 0.000000000000000000e+00 9.424732509534648750e-03 1.263444585348790505e-01 3.858511677798901612e-02 2.628717524016914095e-03 6.109079563734502033e-02 8.361778642118099236e-02 0.000000000000000000e+00 0.000000000000000000e+00 1.012973405797531756e-01 0.000000000000000000e+00 6.167279075006636829e-02 0.000000000000000000e+00 1.116575240257352830e-01 0.000000000000000000e+00 1.395924475203311026e-02 1.554390132003399538e-01 1.373907090203415338e-01
0.000000000000000000e+00 6.423815431772570209e-03 2.016425004690338557e-02 1.603081103607873203e-01 0.000000000000000000e+00 2.015120527453053978e-01 4.690919462158522901e-02 1.509882504190910302e-01 0.000000000000000000e+00 5.869604279647715195e-02 0.000000000000000000e+00 1.273261771954426087e-02 3.876151886017227457e-03 0.000000000000000000e+00 2.072639915719668158e-01 0.000000000000000000e+00 0.000000000000000000e+00 0.000000000000000000e+00 0.000000000000000000e+00 1.311255224005494213e-01
1.304656552405086822e-01 0.000000000000000000e+00 9.810182518017772357e-02 1.636207870912554929e-01 1.339256806846112480e-01 0.000000000000000000e+00 1.839542875738326907e-02 2.511684637692942687e-02 1.250291071524313458e-01 0.000000000000000000e+00 0.000000000000000000e+00 1.472947924206268466e-01 0.000000000000000000e+00 0.000000000000000000e+00 0.000000000000000000e+00 0.000000000000000000e+00 0.000000000000000000e+00 1.569144258930079761e-04 1.578929626701829625e-01 0.000000000000000000e+00
4.347637330167306718e-02 2.488297809923998953e-03 4.131815306747991211e-03 1.090229302424575580e-01 1.442910520003857777e-01 4.413483848033797861e-03 8.000184738128210404e-02 1.057540779340815085e-01 3.800128415315956465e-02 2.368406294552147587e-02 0.000000000000000000e+00 1.852804303669076114e-01 1.182154359790789540e-02 6.954989142313593165e-02 0.000000000000000000e+00 0.000000000000000000e+00 0.000000000000000000e+00 0.000000000000000000e+00 1.764569638504782101e-01 1.625945838303619832e-03
1.054179518733122239e-01 1.467355789286112558e-02 2.133309964813514051e-02 0.000000000000000000e+00 0.000000000000000000e+00 6.561310118807339720e-02 8.813069487129360224e-02 1.800973488113661869e-01 5.692200814487023003e-02 6.880697058407175652e-03 6.186139394221725624e-02 2.924582831056154325e-02 0.000000000000000000e+00 8.611355864032306864e-03 0.000000000000000000e+00 0.000000000000000000e+00 0.000000000000000000e+00 1.693742153572753151e-01 1.686286070061515929e-01 2.321014003144296692e-02
1.282637033560355411e-01 3.401313327926236071e-03 0.000000000000000000e+00 1.681663525740283160e-01 2.090004345850477591e-02 1.503149349281751312e-01 0.000000000000000000e+00 1.057807963339124288e-02 2.171657366096503838e-01 4.770229876424836313e-02 0.000000000000000000e+00 0.000000000000000000e+00 2.860708498415030776e-02 0.000000000000000000e+00 0.000000000000000000e+00 2.433890417881586637e-02 1.847673724522139738e-01 0.000000000000000000e+00 1.579417573285976650e-02 0.000000000000000000e+00
1.524987093848989284e-01 7.425874007078227257e-02 2.361235786121809385e-02 0.000000000000000000e+00 0.000000000000000000e+00 0.000000000000000000e+00 7.376801301407354128e-02 1.923311567556794041e-02 1.425095989386833406e-01 8.638922532576992497e-02 2.215982051989484353e-03 1.909972177632650592e-01 0.000000000000000000e+00 7.220237432343844762e-03 0.000000000000000000e+00 0.000000000000000000e+00 9.702700104061068309e-02 7.685642242213780451e-02 4.004897406158101913e-02 1.336440495707788730e-02
9.003783219364924761e-02 0.000000000000000000e+00 0.000000000000000000e+00 1.444765482360005349e-01 3.393569919894589421e-02 9.879007410116968577e-03 8.732888338803640156e-04 1.423329333119537354e-01 0.000000000000000000e+00 1.946969400320283997e-02 1.850734297141631499e-02 1.666605747505902069e-01 0.000000000000000000e+00 3.315490040326757315e-02 1.749405814365174172e-01 0.000000000000000000e+00 1.223733289416260583e-01 5.399351100637558116e-04 4.281833319876910543e-02 0.000000000000000000e+00
0.000000000000000000e+00 1.567238996582285271e-01 0.000000000000000000e+00 3.265913155128809253e-02 0.000000000000000000e+00 1.475484678802003458e-01 0.000000000000000000e+00 1.221697481726830015e-01 1.576242128121120023e-01 3.177908255577087393e-02 0.000000000000000000e+00 1.224498985891386421e-01 0.000000000000000000e+00 0.000000000000000000e+00 2.724400118608551885e-02 0.000000000000000000e+00 0.000000000000000000e+00 0.000000000000000000e+00 1.857027343699437227e-01 1.609882322454928016e-02
1.405604099754978638e-02 6.197574156684171678e-03 2.457885132003098487e-03 1.818317074229366670e-01 1.171216378117175272e-01 1.425043858725003618e-03 0.000000000000000000e+00 0.000000000000000000e+00 1.415701933190690459e-02 7.869098745622514490e-02 0.000000000000000000e+00 2.830775238719515641e-01 0.000000000000000000e+00 0.000000000000000000e+00 1.040805201067662548e-02 0.000000000000000000e+00 0.000000000000000000e+00 4.583266639456078789e-02 2.447438615550627528e-01 0.000000000000000000e+00
3.439058012969260086e-02 0.000000000000000000e+00 0.000000000000000000e+00 1.161594559592226406e-01 0.000000000000000000e+00 1.279409374966982045e-02 0.000000000000000000e+00 0.000000000000000000e+00 2.901688859906416673e-01 9.277880948164689279e-02 0.000000000000000000e+00 2.537233656892807707e-02 0.000000000000000000e+00 0.000000000000000000e+00 1.595505356214851345e-01 7.281295037248083912e-02 8.706761455643698133e-02 1.048871025444332444e-01 0.000000000000000000e+00 4.017635025362063447e-03
0.000000000000000000e+00 6.173653715304391193e-02 0.000000000000000000e+00 1.552533187573519602e-01 6.673284043611435457e-02 0.000000000000000000e+00 0.000000000000000000e+00 0.000000000000000000e+00 9.027244958104686801e-02 0.000000000000000000e+00 0.000000000000000000e+00 3.271563859540135288e-01 0.000000000000000000e+00 1.621623238735768469e-02 1.694993602962688861e-01 0.000000000000000000e+00 0.000000000000000000e+00 1.131328754348029791e-01 0.000000000000000000e+00 0.000000000000000000e+00
0.000000000000000000e+00 1.100393597352992137e-01 0.000000000000000000e+00 1.510538025086769764e-01 0.000000000000000000e+00 2.003069503125347872e-01 0.000000000000000000e+00 0.000000000000000000e+00 0.000000000000000000e+00 0.000000000000000000e+00 0.000000000000000000e+00 4.589686846560370875e-02 0.000000000000000000e+00 1.668403448563197944e-02 5.228311150346730274e-02 1.731939365853641111e-01 0.000000000000000000e+00 8.884858409691023112e-03 1.826012852580514156e-01 5.905579273567954091e-02
0.000000000000000000e+00 0.000000000000000000e+00 0.000000000000000000e+00 0.000000000000000000e+00 2.322289857561810403e-02 0.000000000000000000e+00 0.000000000000000000e+00 0.000000000000000000e+00 2.094044973916883712e-01 4.696897958572349846e-02 0.000000000000000000e+00 3.470382419876837932e-01 0.000000000000000000e+00 0.000000000000000000e+00 4.532059930091309049e-04 0.000000000000000000e+00 2.475047275064847299e-02 0.000000000000000000e+00 1.935100949677954485e-01 1.546516087478331802e-01
3.800406443870987111e-02 9.833953591896613111e-02 8.200481298162513866e-02 6.680199137737828641e-02 6.233453713734936341e-02 1.574569696091192572e-01 0.000000000000000000e+00 9.882483524708418274e-03 2.792589307904071866e-02 3.460443381853477857e-02 0.000000000000000000e+00 1.986827001292539030e-01 9.076270997070774033e-03 0.000000000000000000e+00 8.903480261678458491e-03 7.897837421303137428e-02 0.000000000000000000e+00 6.464315978250745331e-02 1.117583126416020652e-02 5.118546146686593634e-02
1.131580766490851153e-01 3.084560225931347668e-02 0.000000000000000000e+00 3.871597461500316667e-02 3.898648024318846633e-02 1.218087533981539877e-01 0.000000000000000000e+00 0.000000000000000000e+00 2.529368855033456986e-01 0.000000000000000000e+00 0.000000000000000000e+00 6.530460011417502444e-03 0.000000000000000000e+00 1.491749289931883085e-03 4.052804271269376535e-02 0.000000000000000000e+00 0.000000000000000000e+00 8.915655253520975154e-02 1.594096176839607248e-01 1.064318050986965830e-01
2.683233027439818359e-03 1.182704766275711333e-01 5.301245290471528560e-04 1.472061396429156718e-02 1.354545447291775617e-01 4.524120020397650981e-03 0.000000000000000000e+00 1.712996842231706285e-01 1.668293877731689689e-01 1.613987956910804544e-01 0.000000000000000000e+00 1.511790869773229351e-01 1.206222442782801420e-02 4.446631071704574938e-03 3.496204678347884787e-02 0.000000000000000000e+00 0.000000000000000000e+00 5.355822093199934632e-04 2.110344794500077989e-02 0.000000000000000000e+00
8.721714316216352958e-02 5.298085371286986173e-02 2.179511455924295141e-02 6.820119635608404805e-03 1.778240080645819288e-01 1.670062069289395545e-01 0.000000000000000000e+00 0.000000000000000000e+00 0.000000000000000000e+00 0.000000000000000000e+00 2.976952975632852442e-03 1.173822367339570107e-02 3.007050065342699936e-04 0.000000000000000000e+00 2.069347737524323549e-01 0.000000000000000000e+00 0.000000000000000000e+00 0.000000000000000000e+00 1.211332436300484594e-01 1.432726548985501780e-01
0.000000000000000000e+00 0.000000000000000000e+00 0.000000000000000000e+00 0.000000000000000000e+00 2.042924233739790707e-01 1.416340944811994226e-02 0.000000000000000000e+00 9.242553050886092789e-03 1.732607372930411727e-01 0.000000000000000000e+00 0.000000000000000000e+00 1.595213038215645696e-01 0.000000000000000000e+00 1.511445910742533622e-02 0.000000000000000000e+00 0.000000000000000000e+00 0.000000000000000000e+00 1.495738613799251771e-01 2.748312525250586891e-01 0.000000000000000000e+00
0.000000000000000000e+00 3.323383055139899483e-02 0.000000000000000000e+00 6.602311674067654068e-02 4.301125387015772121e-03 2.316132565672533034e-02 8.261915571540674741e-02 1.723311739826992317e-01 8.452479212912181183e-02 0.000000000000000000e+00 0.000000000000000000e+00 1.730112775370187261e-01 0.000000000000000000e+00 8.740524875674818284e-02 0.000000000000000000e+00 0.000000000000000000e+00 2.348000684399468782e-02 1.825223774093735893e-03 3.971209519261713989e-04 2.476866019731741586e-01
0.000000000000000000e+00 0.000000000000000000e+00 3.623057453103967901e-02 2.630717008204734308e-01 1.327875294308231424e-01 0.000000000000000000e+00 0.000000000000000000e+00 0.000000000000000000e+00 6.371964647068889542e-02 0.000000000000000000e+00 0.000000000000000000e+00 2.224683015582716306e-01 0.000000000000000000e+00 0.000000000000000000e+00 2.060110045569229359e-02 0.000000000000000000e+00 0.000000000000000000e+00 1.078515291007179633e-01 0.000000000000000000e+00 1.532696176322928261e-01
0.000000000000000000e+00 7.267064425076947762e-03 1.404674708350925512e-02 1.336596769559361964e-01 5.831190057195196480e-03 0.000000000000000000e+00 0.000000000000000000e+00 5.616418616674816872e-02 1.926294365784821452e-02 0.000000000000000000e+00 0.000000000000000000e+00 1.947332288465203620e-01 0.000000000000000000e+00 0.000000000000000000e+00 1.336205128004672726e-01 0.000000000000000000e+00 1.359149318673192330e-01 1.799361970810478897e-02 4.124686130765715247e-02 2.402590371236172362e-01
2.161943687833650374e-01 0.000000000000000000e+00 1.306721114570642550e-01 4.798827466698858679e-02 0.000000000000000000e+00 3.704018295673315586e-02 0.000000000000000000e+00 1.047104152236222330e-01 8.981480226168846170e-02 1.734816138849423761e-02 0.000000000000000000e+00 1.673765493318364883e-01 9.341989499067887906e-03 0.000000000000000000e+00 1.996567606311676693e-02 0.000000000000000000e+00 0.000000000000000000e+00 0.000000000000000000e+00 6.356975568262417109e-02 9.597771268539866119e-02
0.000000000000000000e+00 1.167645645627792272e-01 5.193972621866150413e-02 0.000000000000000000e+00 2.108638894235673189e-01 2.269020035704591431e-02 0.000000000000000000e+00 1.041386870754213226e-02 2.010642421626030463e-01 0.000000000000000000e+00 0.000000000000000000e+00 4.498475619758186828e-02 0.000000000000000000e+00 0.000000000000000000e+00 1.894368986743616727e-03 2.297111348524773916e-02 3.764591747531389077e-03 0.000000000000000000e+00 1.746812619912636311e-01 1.379674161594326154e-01
1.242410494219432088e-01 3.144958785293469616e-02 1.031287455155936866e-01 4.604522251974064312e-02 1.291315823242572547e-02 2.201817928753207164e-03 1.020946424888738088e-02 0.000000000000000000e+00 2.471601441722577341e-01 1.052568822947072720e-02 0.000000000000000000e+00 1.205765722808369161e-01 1.364877124270212627e-02 0.000000000000000000e+00 6.821408175351630944e-03 0.000000000000000000e+00 6.914834416886593733e-03 4.420484733954167973e-03 7.979723659383339274e-02 1.799458144344280308e-01
1.468259889907584381e-01 0.000000000000000000e+00 4.136759622444607931e-02 3.330840985999819481e-01 1.162225887388400186e-01 0.000000000000000000e+00 0.000000000000000000e+00 0.000000000000000000e+00 3.695115245896040540e-02 0.000000000000000000e+00 0.000000000000000000e+00 0.000000000000000000e+00 0.000000000000000000e+00 0.000000000000000000e+00 2.339957560558650895e-01 0.000000000000000000e+00 6.905181722302621006e-02 0.000000000000000000e+00 2.250100170812168246e-02 0.000000000000000000e+00
0.000000000000000000e+00 1.322356298037131832e-02 1.834080658957309594e-04 9.041962975661499424e-02 1.434868858728906571e-01 0.000000000000000000e+00 1.851251606038488776e-02 1.611851084039257476e-01 1.466518274300181723e-01 5.501808148261799758e-02 0.000000000000000000e+00 1.788559134468015455e-01 5.688327864819109521e-03 1.596816373806891204e-02 2.914711043779914454e-02 0.000000000000000000e+00 0.000000000000000000e+00 1.385370855823181424e-01 0.000000000000000000e+00 3.122378877473571974e-03
2.516789101716049651e-02 4.905774126809277907e-02 0.000000000000000000e+00 1.864240486037615357e-02 3.387312209689441467e-02 1.438724626151015873e-01 7.125526514048689331e-04 1.380084168481378049e-01 2.055486195363620261e-01 0.000000000000000000e+00 0.000000000000000000e+00 1.454909341162274102e-03 0.000000000000000000e+00 5.040205551468217998e-02 0.000000000000000000e+00 0.000000000000000000e+00 1.433908808153523499e-03 1.708520431491637181e-01 1.510219205766860917e-01 9.951951716622083402e-03
6.927230285235827512e-02 4.540259919098818542e-02 4.161873539408435414e-03 1.486469769347035785e-01 1.353609407564870248e-01 1.602743699822186951e-01 0.000000000000000000e+00 8.629869856058991484e-02 0.000000000000000000e+00 0.000000000000000000e+00 0.000000000000000000e+00 1.610386592936008734e-02 7.690311305505458106e-02 0.000000000000000000e+00 3.003443886779917638e-02 4.003258557394812067e-02 5.193333687422881095e-02 4.602823437559846326e-02 8.954666350725656865e-02 0.000000000000000000e+00
0.000000000000000000e+00 6.036889691733616364e-02 1.203673916283428541e-02 0.000000000000000000e+00 1.371020306128778454e-01 1.938061128412775155e-02 0.000000000000000000e+00 7.763785858151211160e-03 3.000576460729655892e-01 5.756650052840737997e-02 0.000000000000000000e+00 1.570724587189084032e-01 0.000000000000000000e+00 1.201367683648089804e-03 0.000000000000000000e+00 0.000000000000000000e+00 0.000000000000000000e+00 6.673224802991202520e-02 1.798858021396688156e-01 8.319129911625622624e-04
0.000000000000000000e+00 0.000000000000000000e+00 0.000000000000000000e+00 1.259536706977819331e-01 1.838628783784208159e-02 1.549877953550913567e-01 0.000000000000000000e+00 0.000000000000000000e+00 2.229263242824217617e-01 0.000000000000000000e+00 0.000000000000000000e+00 1.361245477706863466e-02 0.000000000000000000e+00 0.000000000000000000e+00 0.000000000000000000e+00 1.995464351062085830e-03 2.869382423638496427e-03 0.000000000000000000e+00 3.156170613421097615e-01 1.436515589329838416e-01
