0.000000000000000000e+00 3.313679802222746495e-02 1.222618584944805964e-01 7.299350570586242773e-03 2.663196258259298982e-03 4.900295209149523046e-03 2.728725695802039497e-02 1.132390864417730930e-01 0.000000000000000000e+00 1.758370474986623369e-02 0.000000000000000000e+00 0.000000000000000000e+00 2.927015893485422626e-02 0.000000000000000000e+00 1.025801539909159954e-01 0.000000000000000000e+00 1.304754923784198217e-01 6.338170416535632290e-02 2.533367970028753413e-03 6.662290663869167504e-04 1.196044358512018679e-01 5.195472342736188846e-03 1.188582527307864567e-02 6.044953337571432744e-02 1.455860799469440858e-01
9.814304506914711679e-02 1.138048102483285649e-04 1.139097581709890097e-06 5.122419168627487425e-03 7.923456775852271913e-03 8.609146045158666549e-02 1.795940436146095109e-01 4.058206335827213573e-02 3.797014998160652688e-02 2.313222933335319295e-02 0.000000000000000000e+00 0.000000000000000000e+00 0.000000000000000000e+00 7.144107622405557884e-03 3.151411679914175538e-03 0.000000000000000000e+00 5.344256735493894440e-03 1.713806965871773613e-01 0.000000000000000000e+00 0.000000000000000000e+00 0.000000000000000000e+00 2.619582630499908867e-03 2.522726388180416418e-02 1.366569293640580995e-01 1.698019398377618450e-01
7.258288629895677524e-02 1.118747201563973365e-01 5.335354698279700172e-03 2.949292503544170829e-03 0.000000000000000000e+00 2.846545768059418127e-02 1.651129450681361466e-01 1.463724339249811504e-02 0.000000000000000000e+00 5.744693477834994511e-02 0.000000000000000000e+00 4.505315555163210729e-03 0.000000000000000000e+00 9.194614586296495987e-03 3.269612009823803789e-02 0.000000000000000000e+00 0.000000000000000000e+00 1.034375755879202302e-01 6.096827236331905236e-02 4.423686551610761519e-02 1.126887940997479132e-01 0.000000000000000000e+00 4.726430294141299531e-04 2.162952158281682136e-02 1.517654430042201241e-01
7.879195998946304791e-02 0.000000000000000000e+00 2.950532169817339859e-02 1.897170090207840956e-02 6.849365293508340169e-02 1.687600568018050862e-02 2.717449045533209748e-02 0.000000000000000000e+00 5.385368292343860330e-02 1.485720213506115106e-01 0.000000000000000000e+00 0.000000000000000000e+00 9.753979943173788497e-03 5.899807886737729219e-03 1.182669179719878297e-02 1.810599934001423271e-03 1.320644051830609511e-01 1.742205030035996055e-02 1.130851507662165994e-01 3.863211778361129532e-03 4.558944230541910753e-02 8.597206889103314875e-02 0.000000000000000000e+00 4.780217313278998376e-02 8.267158214728639876e-02
2.552193141891650682e-02 1.241834679011707791e-02 1.010491624456954542e-02 1.838960351990264136e-03 0.000000000000000000e+00 0.000000000000000000e+00 1.421268940888218146e-01 1.772539271816130635e-01 0.000000000000000000e+00 2.028341852702079257e-02 0.000000000000000000e+00 4.845489837830671553e-02 6.046375239113477816e-03 0.000000000000000000e+00 4.043343550105911455e-02 6.676714290342880553e-02 7.016327008023455492e-02 8.221354288001424954e-03 2.062254480857721520e-02 1.196037978437383686e-01 0.000000000000000000e+00 1.018524594371862380e-01 8.419032592516011854e-03 1.198672943247889450e-01 0.000000000000000000e+00
7.634349432892773013e-02 0.000000000000000000e+00 2.621520095101811249e-02 7.301525106730295291e-03 1.240171308951745904e-01 3.648122581224666006e-04 1.859074432785599029e-01 3.433671139811065448e-02 2.443282184177066746e-02 0.000000000000000000e+00 0.000000000000000000e+00 9.743452749723883338e-03 0.000000000000000000e+00 5.467313760647372033e-03 4.144708547328918719e-02 1.359467028411236733e-01 2.243710890360751248e-02 1.580368549199415509e-02 0.000000000000000000e+00 0.000000000000000000e+00 2.180614115168658454e-03 2.663831382174144946e-03 1.557315689689615368e-01 1.296594962548954788e-01 0.000000000000000000e+00
0.000000000000000000e+00 0.000000000000000000e+00 1.845817477880424273e-01 3.081797484829958567e-04 1.314877168503556237e-01 1.462408248010375021e-02 8.402918582646880241e-02 8.042527188647584369e-02 2.928847631045821114e-03 2.051632841591170472e-02 0.000000000000000000e+00 0.000000000000000000e+00 0.000000000000000000e+00 1.146602056735127268e-03 8.520508915619087742e-02 9.234323087128297469e-02 1.273739543901430127e-01 0.000000000000000000e+00 3.430344353338225100e-03 0.000000000000000000e+00 1.113335726174969655e-02 2.751391874709528500e-03 0.000000000000000000e+00 3.833719668703626515e-02 1.193774727219272247e-01
5.495973229561056106e-02 2.377417096507935049e-02 1.240887544947944648e-01 1.840581334622073961e-02 1.404718174385031527e-02 2.263728879765252930e-02 3.473461070139823720e-02 3.739813141497771304e-02 1.134047110138077380e-01 4.570423995212306856e-02 4.573492445796589062e-03 0.000000000000000000e+00 8.558901633969970280e-02 0.000000000000000000e+00 1.095829079713680904e-01 0.000000000000000000e+00 1.994973267453428387e-02 0.000000000000000000e+00 3.558370028496233954e-03 0.000000000000000000e+00 2.075600054683090362e-02 1.235095569617787603e-01 1.959839306842216591e-02 4.531508720814061975e-02 7.841280802941785755e-02
2.668490118998581573e-02 8.839717897417401216e-02 2.312970446429347959e-02 2.181543812998618711e-03 1.576424076020299103e-01 5.285291819404640615e-03 1.176305987157064137e-01 1.620901116739494052e-01 2.379737811436518496e-02 4.694342207755394097e-02 0.000000000000000000e+00 7.455562686880619350e-02 8.451804108882376987e-02 0.000000000000000000e+00 4.708656674746600213e-02 0.000000000000000000e+00 0.000000000000000000e+00 0.000000000000000000e+00 6.162587013737312255e-03 0.000000000000000000e+00 0.000000000000000000e+00 0.000000000000000000e+00 2.927577670739036578e-03 1.200494361822586481e-01 1.091762598370753234e-02
6.750138052510486555e-03 7.106423635482733703e-02 1.811958740067950296e-02 0.000000000000000000e+00 6.914431802906230613e-03 1.352053181997268060e-02 2.271700624958970793e-01 8.008266331870782240e-02 8.320567781089834372e-03 1.571378082864983428e-01 0.000000000000000000e+00 5.484858186060879992e-02 0.000000000000000000e+00 0.000000000000000000e+00 1.535880670173808346e-02 1.060459362161399743e-01 3.211309292318858394e-02 5.750964243105962347e-03 5.626727460689768395e-02 0.000000000000000000e+00 0.000000000000000000e+00 1.051883473309464523e-01 4.740787161176327272e-03 2.424873011875896753e-02 6.357451524349860481e-03
0.000000000000000000e+00 0.000000000000000000e+00 8.182576525629681186e-02 0.000000000000000000e+00 2.028386513214230913e-02 1.709898627338702140e-02 1.270027079760729372e-01 2.752018649702391712e-02 5.281966093632263493e-02 1.100359016027048671e-02 0.000000000000000000e+00 1.141429196657117312e-01 2.014439585291706580e-02 0.000000000000000000e+00 4.459130481412416913e-02 1.954203575220902437e-03 2.704910376499159233e-02 1.294826846470618908e-01 7.115700754311929388e-02 1.988710029189162242e-03 1.293733817682264642e-02 1.836383622952728403e-02 8.366964791974562665e-02 1.231486931898299747e-01 1.381539236022250212e-02
3.198430382337690697e-02 5.033856572212973800e-03 1.135461394757810161e-01 2.861367401065146449e-03 1.024787631067651805e-01 0.000000000000000000e+00 1.379738550212351311e-01 1.238343673449851939e-01 1.192765389709717246e-02 6.710228157827344275e-02 0.000000000000000000e+00 1.292690000493903731e-03 0.000000000000000000e+00 0.000000000000000000e+00 5.232967748643283651e-02 8.489979178183388112e-03 2.237029946196567379e-02 1.558442974282551151e-02 1.219675975112254895e-01 6.025744706226127817e-02 0.000000000000000000e+00 1.164639309138991094e-02 2.936012363498896952e-02 1.974853329370132235e-03 7.798392128007082535e-02
0.000000000000000000e+00 0.000000000000000000e+00 1.623409366389156061e-01 0.000000000000000000e+00 7.235015943609536884e-03 1.873684077220079749e-02 1.934538651479608684e-01 6.209839945347574511e-03 2.384299011112901712e-02 2.406216452937704614e-02 0.000000000000000000e+00 3.702886780520164844e-02 1.436714474438221534e-01 0.000000000000000000e+00 0.000000000000000000e+00 0.000000000000000000e+00 1.346824853888508016e-03 5.042758810117990709e-02 9.747714709793887933e-02 4.423487947610284937e-02 0.000000000000000000e+00 2.363602044213344855e-02 7.549181797892157153e-02 1.967924840519739635e-02 7.112450530707328800e-02
2.472498229917952789e-03 2.734073423084015450e-02 0.000000000000000000e+00 0.000000000000000000e+00 5.250536940203232722e-02 6.065521286458756128e-02 1.643766945892709275e-01 8.580247223247970678e-02 0.000000000000000000e+00 1.117267667215098188e-02 0.000000000000000000e+00 0.000000000000000000e+00 6.738094399916652773e-03 0.000000000000000000e+00 8.386855980177113090e-02 5.164011565179150477e-03 1.009744070270945059e-02 4.437878738424872599e-02 5.578366995412648022e-02 0.000000000000000000e+00 1.281373361032317471e-01 8.457478414208774095e-03 0.000000000000000000e+00 1.219334266701999070e-01 1.311155367831284835e-01
4.260583155455274079e-02 1.243817573587765041e-01 0.000000000000000000e+00 0.000000000000000000e+00 5.000312665932106493e-02 0.000000000000000000e+00 4.203650109286617004e-02 1.125870505034174546e-01 0.000000000000000000e+00 2.079144931920562100e-01 0.000000000000000000e+00 0.000000000000000000e+00 1.164447673900099733e-01 3.344825070592411659e-02 3.707365283823471636e-02 0.000000000000000000e+00 1.161492909805191265e-01 0.000000000000000000e+00 0.000000000000000000e+00 5.083996533841564185e-03 0.000000000000000000e+00 7.694666119198309562e-02 0.000000000000000000e+00 7.071218636235372321e-03 2.825340136226187071e-02
0.000000000000000000e+00 0.000000000000000000e+00 5.022068715716729130e-03 0.000000000000000000e+00 1.623481509760658350e-03 1.006548194980102281e-03 1.721098215436135670e-01 1.072941187113659461e-01 2.656977270729029075e-02 1.960516218655168879e-03 0.000000000000000000e+00 1.176758424442442691e-01 1.176875598276753282e-01 0.000000000000000000e+00 4.638997311104091012e-03 9.465907584153876453e-02 0.000000000000000000e+00 1.820618626428158887e-02 1.637671442198807698e-02 3.583520724530749740e-02 3.997779499136080474e-03 2.703084229833570707e-03 3.194616690090169419e-03 1.272301360292883154e-01 1.422084725941297201e-01
6.308732854353127362e-03 8.242202483524359996e-03 1.235257224705711560e-01 7.006425391712844605e-03 1.368489421289247401e-02 2.721411532535288752e-02 3.277747167233165115e-02 1.456516577813426853e-02 5.711595299322138990e-03 1.664072845269707335e-01 2.461329962066115262e-02 8.068146051492123064e-03 4.669525095639107636e-03 8.354990673338323973e-03 1.076937543988698981e-01 0.000000000000000000e+00 1.655478029715124477e-01 0.000000000000000000e+00 1.053798649940781568e-01 9.955586839940664540e-03 2.702038611486024498e-03 1.339889495737996983e-01 8.968769012656903003e-03 1.067487119306723565e-03 1.354617502205312032e-02
9.563362471183660396e-03 0.000000000000000000e+00 1.206625136097084217e-01 2.577427113911717488e-03 9.189759101029425226e-02 4.992888603468449704e-03 1.436004243259652036e-01 1.346710775159523088e-01 1.008498585862804310e-02 2.958353274466977642e-02 0.000000000000000000e+00 4.291763331388664254e-02 2.160293175955182651e-02 0.000000000000000000e+00 0.000000000000000000e+00 0.000000000000000000e+00 2.854802146978033511e-03 2.150402324153703748e-02 1.187445726766857557e-01 0.000000000000000000e+00 0.000000000000000000e+00 5.411192882923876457e-02 3.468444204605124204e-02 5.623980275604814616e-02 9.970605997624090722e-02
3.227540509316237372e-02 8.389340139689232742e-03 3.681309471693337831e-03 2.127835575305267197e-03 3.094531425730841223e-02 0.000000000000000000e+00 1.294844154345379528e-01 1.209094606506243702e-01 2.182933880793553119e-02 0.000000000000000000e+00 0.000000000000000000e+00 6.986767457365782030e-03 0.000000000000000000e+00 0.000000000000000000e+00 1.697374646609435822e-01 7.333989227355826312e-02 1.560120508955792074e-01 4.500763492496933499e-03 2.238128777198652910e-03 2.020016157584363439e-02 9.741795759096149795e-03 1.111053460101324789e-02 1.499621049915158405e-02 1.910823910434230125e-02 1.623855714731542166e-01
1.447803295581131947e-03 3.178932380580926781e-02 0.000000000000000000e+00 3.234899600519854611e-03 1.122288973168200643e-01 4.607692134428659214e-03 2.558219846084676743e-02 1.159509855297153474e-01 5.737509350150640092e-02 1.063216417677176062e-01 0.000000000000000000e+00 0.000000000000000000e+00 0.000000000000000000e+00 0.000000000000000000e+00 8.325958871638584891e-02 7.890843595569889402e-02 0.000000000000000000e+00 0.000000000000000000e+00 2.604221458738053066e-02 1.633585853541828477e-03 1.328264782635579511e-01 0.000000000000000000e+00 0.000000000000000000e+00 6.310305583623265768e-02 1.556881053742570908e-01
9.134433558378529661e-02 0.000000000000000000e+00 1.095996784926748027e-02 0.000000000000000000e+00 1.627200981557757054e-01 2.874464508262362938e-02 3.709619765469950731e-02 1.275873690657791382e-01 0.000000000000000000e+00 9.961285606965800121e-02 0.000000000000000000e+00 5.629109289347556527e-02 0.000000000000000000e+00 0.000000000000000000e+00 1.028465883555660168e-02 0.000000000000000000e+00 2.302693452165122806e-02 3.032503566963077463e-02 9.654378770101715301e-02 0.000000000000000000e+00 4.599302219581468884e-03 1.157074620404418136e-01 5.436272492567580106e-02 1.235466819108274258e-02 3.843886354029810160e-02
0.000000000000000000e+00 5.855621961282200631e-03 1.464572555496803097e-01 0.000000000000000000e+00 1.403490531565167870e-02 7.804953694038486989e-02 2.005514517373136463e-01 1.328954285984279386e-02 2.117650152819547035e-02 2.101416428342902654e-01 0.000000000000000000e+00 2.916425174100704173e-03 0.000000000000000000e+00 0.000000000000000000e+00 2.182747088084202331e-03 0.000000000000000000e+00 0.000000000000000000e+00 4.696771663766581562e-02 0.000000000000000000e+00 0.000000000000000000e+00 0.000000000000000000e+00 2.020666795821982747e-02 1.177371772518405121e-02 6.922868017663254270e-02 1.571675865134716799e-01
0.000000000000000000e+00 1.073555143423255732e-02 7.164988280022091538e-02 0.000000000000000000e+00 3.866441463608945479e-03 1.079606261737927004e-03 2.600236432382961316e-01 3.030507517677415857e-02 1.615313395953532974e-02 4.071169831576126018e-03 0.000000000000000000e+00 3.795773727844505008e-02 1.595951529474908329e-02 5.389167960930849044e-03 1.845724855355678484e-01 2.195287771206102384e-02 0.000000000000000000e+00 1.625926477184234595e-02 0.000000000000000000e+00 6.737554714445211090e-02 1.308443163019525346e-01 0.000000000000000000e+00 3.884769464253868404e-02 2.532221261861341416e-02 5.763467657286494572e-02
9.393563005047567138e-02 1.629107486855369685e-02 2.449572168520896404e-02 4.730650665619953558e-03 0.000000000000000000e+00 4.811021535774559661e-03 1.514771206075966048e-01 3.637042061418586936e-02 1.120556157625377490e-02 0.000000000000000000e+00 0.000000000000000000e+00 5.717658322071544202e-02 0.000000000000000000e+00 2.156825547357166598e-02 8.640361340698225756e-02 1.693221830011019512e-03 0.000000000000000000e+00 3.772613702693825011e-02 1.280670083317001218e-01 1.073286526947745539e-02 0.000000000000000000e+00 9.309698312607654624e-02 1.499459989607764832e-01 5.296619080605848018e-02 1.730594094402322994e-02
0.000000000000000000e+00 1.065015257484566887e-02 1.320530056796902496e-01 1.866400944216972018e-04 5.874715522220800429e-02 3.730188238431242798e-04 0.000000000000000000e+00 1.042595510190089982e-02 3.467935753285489309e-02 1.298269171675965339e-01 0.000000000000000000e+00 8.836146394047192376e-02 2.228148573560765136e-02 2.553802372044462407e-02 1.110411111281129765e-01 0.000000000000000000e+00 4.248249549996741675e-02 1.400664782673955626e-03 0.000000000000000000e+00 3.957543168123689448e-03 1.258454262180542516e-01 0.000000000000000000e+00 2.959815950848539417e-03 3.275551198745760978e-03 1.959142164595882307e-01
8.200842402703883982e-03 6.012683812589551639e-03 0.000000000000000000e+00 0.000000000000000000e+00 0.000000000000000000e+00 0.000000000000000000e+00 1.894299875169659086e-01 1.729433056195935903e-01 3.562663178068362774e-02 3.859627874798080786e-03 8.075547929696967608e-03 6.774212058189533862e-03 4.016114705954487024e-03 0.000000000000000000e+00 1.082348546996823174e-01 1.248533354773227223e-02 2.478058923099076775e-03 9.291574501775198835e-02 4.439350454642199129e-02 0.000000000000000000e+00 0.000000000000000000e+00 1.026154368139830728e-02 1.890647740635960708e-02 1.556734281814804444e-01 1.197121002948983715e-01
3.771687516571833182e-02 1.157376816629927981e-02 0.000000000000000000e+00 0.000000000000000000e+00 3.205218264426257235e-02 0.000000000000000000e+00 9.649616049326507905e-02 1.444544425284926548e-01 2.419309665427797629e-02 1.090988749693345278e-01 0.000000000000000000e+00 3.500447766870726490e-03 0.000000000000000000e+00 0.000000000000000000e+00 2.786211785692906118e-02 2.062069757944679296e-02 2.268408567950375501e-02 3.797923490383907884e-03 6.165608619029446999e-03 1.337539193838358474e-02 5.587824285161292065e-02 2.176794278991627252e-01 2.105194247131368657e-02 1.358439393396025652e-01 1.595477388611044045e-02
7.412903374183128780e-02 5.381944591160797015e-03 1.652177052906348420e-01 0.000000000000000000e+00 1.071926002888959860e-02 0.000000000000000000e+00 1.653501048686651653e-01 5.418630012204724011e-02 1.650137388413820336e-02 3.371737633939655195e-03 0.000000000000000000e+00 0.000000000000000000e+00 6.108691599383066044e-03 0.000000000000000000e+00 1.494470163241238062e-02 0.000000000000000000e+00 0.000000000000000000e+00 1.604294330514174360e-01 2.453968027332398966e-02 0.000000000000000000e+00 0.000000000000000000e+00 1.015847185124136992e-01 1.258382377735700261e-02 1.595593256946493954e-01 2.539216529773620848e-02
0.000000000000000000e+00 0.000000000000000000e+00 1.061207410392913109e-01 0.000000000000000000e+00 1.433069029788968524e-02 9.202315271545332201e-03 1.260285341793192515e-01 1.011571665109885637e-01 3.521977065902873682e-04 0.000000000000000000e+00 0.000000000000000000e+00 3.792425614125147920e-02 1.169777124411255052e-02 0.000000000000000000e+00 1.198773135731257336e-02 0.000000000000000000e+00 1.451134136760790783e-01 1.690727120253753823e-01 2.716164368434085402e-02 1.329183736522331245e-02 1.457640040104988925e-02 2.096261406959549264e-03 7.285529810576262151e-03 1.245993651575895561e-01 7.800143272450499321e-02
1.003557402041086871e-01 6.861225379525997745e-03 5.478359537948892383e-02 0.000000000000000000e+00 1.672463028425009643e-02 1.229998315027857995e-02 1.389602812602966017e-02 3.258769712517323863e-02 5.679045387085406710e-02 1.362347708607037633e-01 0.000000000000000000e+00 1.824142288330448669e-01 0.000000000000000000e+00 1.285369753430135303e-03 1.871386890994541571e-02 3.039937094900213924e-02 0.000000000000000000e+00 1.112028801545180638e-03 1.085851423807495802e-01 8.695927122651781306e-04 0.000000000000000000e+00 1.612945561060845009e-02 1.392185567839709925e-01 1.109692631948171367e-02 5.964133456554328999e-02
0.000000000000000000e+00 4.086470829081977583e-03 1.356801973461642941e-01 1.862937285222232911e-02 0.000000000000000000e+00 4.448401566063179408e-02 1.249800295688174682e-02 0.000000000000000000e+00 0.000000000000000000e+00 3.012609989447851203e-02 0.000000000000000000e+00 4.959073501263874806e-02 0.000000000000000000e+00 7.489873000338510660e-04 3.280839037050051893e-02 1.639922997025338586e-02 1.227641140308990408e-01 1.682211605588334463e-02 1.310476464484793269e-01 8.138133198989215555e-02 0.000000000000000000e+00 4.408857659907471950e-03 1.538210476380169056e-01 0.000000000000000000e+00 1.447033839840344838e-01
3.326120872829827629e-02 0.000000000000000000e+00 2.033457725570183769e-02 1.356126103089105514e-02 1.559811981792722131e-02 6.772364352697687884e-02 1.684313527272888467e-01 1.185112874418741413e-01 8.055266106598749087e-02 6.971026289736074718e-04 0.000000000000000000e+00 0.000000000000000000e+00 0.000000000000000000e+00 0.000000000000000000e+00 2.052654724197875910e-02 1.071492308968931828e-01 5.053476559134133846e-04 0.000000000000000000e+00 1.432681983917591384e-01 0.000000000000000000e+00 1.143400258250722168e-02 1.206740687240952931e-01 3.758522106218679937e-02 5.670796860619334995e-03 3.451537236012758997e-02
0.000000000000000000e+00 0.000000000000000000e+00 2.474765006375965679e-02 1.754788438410326626e-02 2.321231555638934158e-02 8.541629513415549893e-03 1.616181632990520145e-01 1.090417891325285715e-01 8.084698232033364282e-03 7.404786252098051642e-03 0.000000000000000000e+00 0.000000000000000000e+00 1.073032792223181826e-02 6.949090890749282275e-03 2.986342865065924265e-02 9.582946470816436357e-02 1.524613387560503188e-03 1.612461400076058149e-02 2.784873361945620213e-02 0.000000000000000000e+00 5.317654543514215189e-03 8.681612385247745867e-02 6.836629530112350861e-02 1.381002393213060508e-01 1.523304973686168962e-01
0.000000000000000000e+00 2.981720840844892615e-03 1.120951862909132651e-01 5.379565211562503668e-02 4.558360935666685987e-02 1.812475649208611596e-06 2.039540505028555883e-01 7.557767278585368620e-02 6.304671013284305486e-03 1.321709954527864883e-01 0.000000000000000000e+00 1.602716345700942388e-02 7.195432868136239848e-03 0.000000000000000000e+00 3.580975346977228763e-04 0.000000000000000000e+00 0.000000000000000000e+00 1.474313887898669705e-02 0.000000000000000000e+00 0.000000000000000000e+00 6.780176675644708321e-03 1.200524720345609447e-01 6.082875380836474249e-02 1.325187302949199786e-01 9.030663613200113488e-03
0.000000000000000000e+00 4.346897250453737351e-03 1.051621578492723946e-01 0.000000000000000000e+00 2.895525398628244831e-02 0.000000000000000000e+00 4.269636297838439593e-02 8.631944507054305216e-02 8.409160986101438945e-03 1.112385624901820746e-01 3.180050400924278389e-03 3.107314476970135519e-02 0.000000000000000000e+00 2.416552878863355985e-03 2.175176145421228377e-02 1.951508560151322957e-02 1.908987448986942601e-02 7.551532297366948809e-02 1.265467575369628311e-02 8.475441794094291936e-02 4.481110536242827180e-02 1.249612844958439099e-02 0.000000000000000000e+00 1.319144627220070476e-01 1.536995765913682643e-01
2.936236276011398860e-02 1.642187793099183710e-02 2.022513915180504732e-02 9.667058931276943656e-02 5.149691327301586519e-03 0.000000000000000000e+00 1.279579948634799735e-01 8.263598377427153197e-02 0.000000000000000000e+00 1.158200661223984622e-02 0.000000000000000000e+00 8.658032845435843783e-02 1.332760578364382970e-02 3.367550957853403335e-03 7.210165033557608405e-02 5.821763059574348170e-02 1.160110788407074135e-02 1.102656132032598657e-01 3.960216128059376034e-02 0.000000000000000000e+00 0.000000000000000000e+00 0.000000000000000000e+00 0.000000000000000000e+00 9.688700231994586132e-02 1.180437034519810358e-01
0.000000000000000000e+00 2.284924257926868735e-02 1.044741009455723152e-01 0.000000000000000000e+00 1.752361528995330722e-02 9.385498344902211756e-03 5.622411689967482355e-03 1.930089834751180233e-01 3.621451779486217770e-02 1.692090155003411756e-02 0.000000000000000000e+00 9.198661631128296490e-02 0.000000000000000000e+00 0.000000000000000000e+00 3.096251756662602578e-02 0.000000000000000000e+00 1.645250069057504483e-01 0.000000000000000000e+00 7.169019361286390994e-03 8.438313563711991386e-03 0.000000000000000000e+00 1.865800698268807109e-02 1.292414650218444705e-01 1.406634486029210984e-01 2.356334014210265636e-03
9.297521485291966592e-02 1.261675636223406720e-02 1.213449734633070265e-01 1.792759784581994878e-02 8.011893470827376185e-03 4.511944201514157121e-02 7.980789413799184440e-03 0.000000000000000000e+00 0.000000000000000000e+00 1.425492707469441789e-01 0.000000000000000000e+00 1.189554056804214069e-02 0.000000000000000000e+00 0.000000000000000000e+00 2.863539100687344935e-02 0.000000000000000000e+00 1.486215478869740425e-01 7.523963372231622961e-03 1.333485009900604590e-01 5.207561219042027012e-03 0.000000000000000000e+00 3.098901753861082325e-02 1.035527391951264302e-02 2.051284810081093271e-02 1.543844172268489245e-01
1.950331824449482885e-03 0.000000000000000000e+00 8.679176353924287698e-03 0.000000000000000000e+00 9.439392337319629052e-04 0.000000000000000000e+00 6.866199027866205784e-02 0.000000000000000000e+00 7.678259615350991295e-03 1.535410426762163216e-01 0.000000000000000000e+00 0.000000000000000000e+00 2.674275004458704849e-02 4.270346781911702437e-03 7.970567763413777262e-02 0.000000000000000000e+00 5.371366212067982780e-03 9.149706225418945127e-02 1.486927677653060720e-01 0.000000000000000000e+00 1.368991238789287190e-01 1.033999388409220441e-02 4.407021143487572200e-03 6.527512734569713981e-02 1.853440230732591176e-01
0.000000000000000000e+00 6.032374055414595291e-04 4.104216978588275111e-02 5.510622740402039768e-03 2.617213960830033423e-02 9.264463623951543769e-02 2.252389342462805533e-01 2.711484106877795619e-02 1.290810378946778518e-02 1.322498226089421636e-01 0.000000000000000000e+00 3.041004419244335705e-02 0.000000000000000000e+00 9.650109159106756013e-03 8.565054076764996860e-02 0.000000000000000000e+00 3.207368675349543587e-03 4.692708872684902936e-03 1.082607144686179440e-01 1.005923598528112202e-02 2.055214832610781361e-02 1.306250407114986113e-02 7.504126623331274469e-03 2.228996151942178733e-02 1.211760298457451174e-01
