1.379037526516294909e-01 1.406291870173739800e-01 0.000000000000000000e+00 0.000000000000000000e+00 1.420437846832468543e-01 1.299000904112843358e-01 1.127889939960347596e-03 0.000000000000000000e+00 3.418561100236336414e-02 1.106019231171607026e-01 0.000000000000000000e+00 3.382955909391139465e-02 6.117045546200645251e-03 0.000000000000000000e+00 3.072414655161510508e-02 0.000000000000000000e+00 0.000000000000000000e+00 0.000000000000000000e+00 4.508935701760991011e-02 1.878476529676437468e-01
5.177462703791166354e-02 0.000000000000000000e+00 1.822272060348583550e-02 2.825021753108912237e-01 0.000000000000000000e+00 1.571336025655563004e-02 7.847944952125577092e-03 0.000000000000000000e+00 1.718099082874293138e-01 1.208682814166305991e-01 0.000000000000000000e+00 7.061178695414054018e-02 0.000000000000000000e+00 7.250145445081303264e-02 1.666026690409685707e-01 0.000000000000000000e+00 0.000000000000000000e+00 2.154507168904793574e-02 0.000000000000000000e+00 0.000000000000000000e+00
0.000000000000000000e+00 1.142605947828288643e-01 3.642194324901911612e-02 6.816657299028339168e-02 1.663670090454538730e-01 2.560501389464275510e-02 1.123977288941267610e-01 5.952173755928902299e-02 7.005202507757268826e-02 0.000000000000000000e+00 5.705867118358794871e-03 0.000000000000000000e+00 3.933125507609622727e-03 1.181938959774935516e-01 2.898688665971394657e-02 0.000000000000000000e+00 0.000000000000000000e+00 0.000000000000000000e+00 1.409701605513714222e-03 1.889778976380938891e-01
1.871358441205065726e-01 2.230727915401404249e-01 5.236598340730218640e-03 0.000000000000000000e+00 1.358644230123851916e-02 2.490657023443669862e-02 7.804944098757184145e-03 2.769004887761777889e-02 0.000000000000000000e+00 0.000000000000000000e+00 0.000000000000000000e+00 1.298403760289025266e-01 6.395492462347029949e-02 0.000000000000000000e+00 8.419700008399201921e-03 0.000000000000000000e+00 1.024401614592474336e-01 0.000000000000000000e+00 2.059115983665531224e-01 0.000000000000000000e+00
1.202588140741514718e-02 5.576950550363882902e-02 0.000000000000000000e+00 2.516363500001857559e-02 8.851808262666485683e-02 1.274647240393910474e-01 1.846599382171375953e-02 2.257462559032142879e-01 0.000000000000000000e+00 0.000000000000000000e+00 0.000000000000000000e+00 8.368012731514433422e-02 4.895361746706354544e-02 0.000000000000000000e+00 0.000000000000000000e+00 0.000000000000000000e+00 0.000000000000000000e+00 0.000000000000000000e+00 1.451935868751597081e-01 1.690185900405758446e-01
1.535347863622154307e-01 1.695014597334594530e-01 0.000000000000000000e+00 0.000000000000000000e+00 1.404266727034192974e-01 1.252638551543068801e-01 2.731147215291875388e-02 0.000000000000000000e+00 1.091000161315452792e-02 0.000000000000000000e+00 0.000000000000000000e+00 2.810785284082063795e-02 0.000000000000000000e+00 0.000000000000000000e+00 0.000000000000000000e+00 0.000000000000000000e+00 8.485684697147131972e-02 1.673410163699819153e-01 5.141622135129234744e-02 4.132981474695939655e-02
8.271103923490454035e-02 1.109372099444900089e-01 0.000000000000000000e+00 1.025098446492532685e-02 1.635427347474027460e-01 1.292783774644323536e-01 0.000000000000000000e+00 1.185687546035306232e-02 6.458116124918457379e-02 9.772655805631120726e-04 0.000000000000000000e+00 1.886771619750758980e-02 0.000000000000000000e+00 7.341193141894908347e-02 3.258283906694165594e-02 0.000000000000000000e+00 1.511613893283394183e-01 1.692136398838849781e-02 1.253597774526236108e-01 7.559334400994446000e-03
1.509908931553779754e-01 1.428696554945873554e-01 3.300134763849946976e-03 1.084644719157330101e-02 1.636217515084156804e-01 3.054401448181796527e-02 1.178602300079325572e-02 0.000000000000000000e+00 3.283092131698109317e-02 0.000000000000000000e+00 0.000000000000000000e+00 1.004519540804319072e-01 0.000000000000000000e+00 1.352818573020666826e-01 0.000000000000000000e+00 0.000000000000000000e+00 1.073271731917325167e-01 1.829947468288031440e-02 4.416135742694492911e-02 4.768834240254701817e-02
0.000000000000000000e+00 2.050193909906862511e-02 0.000000000000000000e+00 2.160283035195164902e-01 1.629316909626645216e-01 7.845509081105335458e-02 0.000000000000000000e+00 0.000000000000000000e+00 9.261683285251499920e-02 0.000000000000000000e+00 0.000000000000000000e+00 1.171732406851033748e-01 5.940502953232099786e-02 4.551323904931278697e-02 0.000000000000000000e+00 0.000000000000000000e+00 1.317303359554882619e-02 1.942015998928960097e-01 0.000000000000000000e+00 0.000000000000000000e+00
3.186980190013162517e-02 1.214211310778443853e-01 0.000000000000000000e+00 9.591825533475459298e-02 1.434476777425220673e-01 6.885703395091032075e-02 4.953375413720584146e-03 3.143189324045429778e-02 2.243960111298862539e-02 0.000000000000000000e+00 0.000000000000000000e+00 1.264067397473679355e-01 2.190199212452889274e-02 2.179562391396978188e-02 1.521745798296618157e-01 6.759545395030548687e-03 0.000000000000000000e+00 0.000000000000000000e+00 0.000000000000000000e+00 1.506227492161144044e-01
0.000000000000000000e+00 1.031388800160633508e-02 0.000000000000000000e+00 3.508142970867345750e-02 0.000000000000000000e+00 1.904094932653813410e-01 5.994776421851562634e-03 0.000000000000000000e+00 9.773655905991728433e-05 0.000000000000000000e+00 0.000000000000000000e+00 1.207609270379791933e-01 1.000381112684908397e-01 0.000000000000000000e+00 5.395891789851203768e-02 0.000000000000000000e+00 0.000000000000000000e+00 1.351346725256494241e-01 1.703731700855153075e-01 1.778368772272806153e-01
0.000000000000000000e+00 1.218236633574722172e-01 0.000000000000000000e+00 1.561865594439278138e-01 0.000000000000000000e+00 4.180718096118257385e-03 0.000000000000000000e+00 1.361496254850364518e-01 1.220821178614469316e-01 8.995957643730463638e-02 0.000000000000000000e+00 1.686745918959602908e-01 1.728093144113485372e-02 0.000000000000000000e+00 0.000000000000000000e+00 0.000000000000000000e+00 0.000000000000000000e+00 1.452613722742285285e-01 0.000000000000000000e+00 3.840084370736988190e-02
6.654608887810587207e-04 0.000000000000000000e+00 5.947477870011153023e-03 1.612358635222354564e-01 4.354292447969717456e-02 1.377189934333536148e-01 0.000000000000000000e+00 2.633122474173307109e-02 1.744967067221965540e-01 1.461865881599485988e-02 2.584403244184744781e-03 0.000000000000000000e+00 0.000000000000000000e+00 0.000000000000000000e+00 1.652141281571703202e-01 0.000000000000000000e+00 1.084699515189579688e-01 1.513830639137085377e-01 7.791142691975566290e-03 0.000000000000000000e+00
4.565687808725994723e-02 1.394445249875212768e-02 0.000000000000000000e+00 1.618873920958177892e-01 0.000000000000000000e+00 2.180691939258098400e-01 1.228729175225839673e-02 0.000000000000000000e+00 0.000000000000000000e+00 0.000000000000000000e+00 0.000000000000000000e+00 1.235382843980045581e-01 2.824923041166396698e-01 5.723321120676787971e-03 0.000000000000000000e+00 2.613139806002099871e-02 1.015814275380375886e-01 8.688056406722240513e-03 0.000000000000000000e+00 0.000000000000000000e+00
7.498192301771025581e-03 0.000000000000000000e+00 6.320813103943700051e-06 2.594100870558209513e-03 0.000000000000000000e+00 1.533806331999611750e-01 0.000000000000000000e+00 8.010078544733163428e-03 1.615196796630767873e-01 2.226159669386737830e-02 0.000000000000000000e+00 3.184653816335158288e-03 0.000000000000000000e+00 8.457605076608364081e-02 1.934827384606299661e-01 0.000000000000000000e+00 9.132567540037823950e-02 6.841505620834270607e-02 1.499724141343683828e-02 1.887479818477218463e-01
1.301583486241903549e-03 1.349905312389907408e-01 0.000000000000000000e+00 6.601400204880317202e-02 1.495646320577893595e-01 2.923722568521077703e-01 8.957249786858302934e-03 0.000000000000000000e+00 0.000000000000000000e+00 0.000000000000000000e+00 0.000000000000000000e+00 3.259839982361064509e-02 2.252832615493391248e-03 0.000000000000000000e+00 0.000000000000000000e+00 0.000000000000000000e+00 1.434073289917256189e-01 5.257641104880249848e-03 1.491763508218651169e-01 1.410719117163379728e-02
1.181635369944976366e-01 4.838531557709434272e-02 0.000000000000000000e+00 3.518171061629233459e-02 5.642804759574386597e-02 1.706856282099726563e-01 3.159353377014148794e-03 1.703598439442772505e-01 1.316857848724236890e-01 0.000000000000000000e+00 0.000000000000000000e+00 1.627080180644592533e-02 0.000000000000000000e+00 2.955061118669194409e-02 1.291017982529603239e-03 5.408636417753001115e-03 2.077235797412195842e-02 0.000000000000000000e+00 3.762096655790868327e-02 1.550363868872329520e-01
1.343714734757155693e-01 5.286644813930096304e-02 0.000000000000000000e+00 0.000000000000000000e+00 0.000000000000000000e+00 1.412286989313151775e-01 8.182426520894792166e-03 1.388997925908595499e-01 4.334508133360059912e-02 4.037870954934069667e-02 1.951594562119270338e-06 3.207321875461117966e-02 6.659664493849726773e-03 0.000000000000000000e+00 4.414061279254262449e-02 0.000000000000000000e+00 0.000000000000000000e+00 1.238855094603160366e-02 1.612603050277424677e-01 1.842030658496329742e-01
1.092800542081598684e-03 1.635187883238000683e-01 8.725475669039844950e-02 7.751324206749610202e-02 1.522939977647986831e-01 6.466239276093740246e-03 2.145976154695657286e-03 0.000000000000000000e+00 2.024394856229269277e-02 0.000000000000000000e+00 0.000000000000000000e+00 1.876199164782866788e-02 2.997969847093579984e-02 5.587656592829452762e-02 1.483553534621804559e-01 9.033149685775534316e-03 0.000000000000000000e+00 0.000000000000000000e+00 0.000000000000000000e+00 2.274634914233279737e-01
2.621189845786371826e-03 1.028570937694278792e-01 9.414826983991442851e-04 1.530721886504201636e-02 2.835630962074752945e-02 1.048284426006202558e-01 3.460936262494753324e-03 7.119960443634187897e-02 8.028160826907584924e-02 0.000000000000000000e+00 0.000000000000000000e+00 1.476084861890717380e-02 6.277709736451875244e-02 3.436686192711920634e-03 0.000000000000000000e+00 0.000000000000000000e+00 0.000000000000000000e+00 5.438689877482319468e-03 1.506171652047876841e-01 3.531156263736565104e-01
1.219371964466483237e-02 7.491650063147704819e-02 0.000000000000000000e+00 2.795779611158095458e-03 0.000000000000000000e+00 1.017283680506489429e-01 0.000000000000000000e+00 3.463274418804906940e-02 0.000000000000000000e+00 3.154467045259840008e-02 2.455755757067817555e-02 2.222975106606965290e-01 1.371536462525582423e-01 1.453434562161886323e-01 3.713704821359841562e-02 0.000000000000000000e+00 0.000000000000000000e+00 0.000000000000000000e+00 0.000000000000000000e+00 1.756989985076836958e-01
1.114734004954751924e-02 2.020232695381882215e-01 7.403095600012335464e-02 4.323036191058472755e-02 1.503580072586721897e-02 5.438043054582121505e-02 2.286411540301706846e-02 1.288589070189922747e-01 3.639384435086506775e-02 8.570320417746163377e-03 4.190572117552657759e-03 4.912206317878687473e-02 8.107801424904047261e-03 0.000000000000000000e+00 1.708118576491885754e-01 3.301555970397424596e-03 0.000000000000000000e+00 1.831834573094875962e-02 7.974944029472960183e-04 1.488149635645215352e-01
0.000000000000000000e+00 1.484022987155019608e-03 0.000000000000000000e+00 3.584742656293721241e-01 4.565001892544006540e-02 5.765549242904686317e-02 0.000000000000000000e+00 1.219028391138570443e-02 2.787176529081950016e-02 0.000000000000000000e+00 0.000000000000000000e+00 1.115201150837471233e-01 1.259259471557683252e-01 0.000000000000000000e+00 0.000000000000000000e+00 4.971515300597156850e-02 0.000000000000000000e+00 0.000000000000000000e+00 2.095129355812937189e-01 0.000000000000000000e+00
2.122696040673022894e-02 4.429657844130532873e-02 9.988659266857809194e-02 0.000000000000000000e+00 1.439165359920464328e-02 1.582120980665416288e-01 3.758378017286317235e-02 1.258133276530689904e-01 2.080983749783987119e-02 0.000000000000000000e+00 0.000000000000000000e+00 8.386386880377065100e-04 1.002470973344645605e-01 0.000000000000000000e+00 0.000000000000000000e+00 0.000000000000000000e+00 1.246558018545229629e-01 2.939471457324388179e-02 1.552711567479362342e-01 6.737176229566277375e-02
8.066514139747293921e-02 1.253745661045681248e-01 3.349455678879234566e-02 1.321843765096025192e-01 5.362143310494112136e-02 0.000000000000000000e+00 1.231007222540009410e-01 6.522556222309083829e-02 0.000000000000000000e+00 0.000000000000000000e+00 0.000000000000000000e+00 0.000000000000000000e+00 0.000000000000000000e+00 5.315852542431794697e-02 2.011589819935074783e-02 0.000000000000000000e+00 0.000000000000000000e+00 1.304108342878312066e-01 6.661626771176994144e-03 1.759867569348543270e-01
7.147413791701590600e-03 1.774564780362700711e-01 1.136830675502328251e-03 6.160200028896974794e-02 1.340578715921657837e-01 1.120866664514205413e-01 0.000000000000000000e+00 2.832785569921003610e-03 1.455902800332452285e-01 4.889192798515690913e-02 0.000000000000000000e+00 0.000000000000000000e+00 0.000000000000000000e+00 1.140744514065764915e-02 0.000000000000000000e+00 0.000000000000000000e+00 1.307210709781225222e-01 3.724350655666569532e-02 1.214431984695295702e-01 8.382524430671464341e-03
0.000000000000000000e+00 0.000000000000000000e+00 7.170304340236199198e-03 2.830404297177414596e-01 1.658608259108615146e-01 3.343656005965203043e-02 0.000000000000000000e+00 0.000000000000000000e+00 3.668235121062937698e-02 0.000000000000000000e+00 0.000000000000000000e+00 4.108830270048254019e-02 1.209248233740750720e-03 0.000000000000000000e+00 1.870316607224669914e-01 0.000000000000000000e+00 0.000000000000000000e+00 1.367518976845411016e-01 7.570889821818348533e-03 1.001575295978297531e-01
3.624657587044255100e-03 1.162225876251398726e-01 1.208567762359716025e-01 0.000000000000000000e+00 2.971030809052668115e-03 2.409147566881154542e-02 0.000000000000000000e+00 7.130178272172583986e-02 1.100996461859502368e-01 0.000000000000000000e+00 0.000000000000000000e+00 0.000000000000000000e+00 1.280429756622859447e-03 0.000000000000000000e+00 1.945650034558578031e-02 0.000000000000000000e+00 1.644547827420473063e-01 1.245536951269479997e-01 2.152120766112899375e-01 2.587455858381021781e-02
1.298269833482179440e-02 1.695113740847251915e-01 0.000000000000000000e+00 4.346183384338938444e-02 8.601155596091518418e-02 1.015935331568352390e-01 7.725046853529519367e-04 1.165553914941310464e-02 0.000000000000000000e+00 0.000000000000000000e+00 0.000000000000000000e+00 2.368140079642736262e-01 4.776842832334849548e-02 0.000000000000000000e+00 0.000000000000000000e+00 0.000000000000000000e+00 0.000000000000000000e+00 1.143809474776802740e-02 9.720869589877815034e-03 2.682695601592791079e-01
6.133389312884685984e-04 8.050429929568796161e-02 8.174418675118199978e-04 8.164298794803165338e-02 4.103052322574609473e-02 1.514784284522387170e-01 6.537760534611954631e-03 0.000000000000000000e+00 1.585956752182072493e-01 0.000000000000000000e+00 0.000000000000000000e+00 9.990433967284417793e-02 7.397807615795444318e-03 2.700269614324329187e-03 1.628958606942516874e-01 1.987103702724483945e-02 1.632630685141163718e-01 4.212852296001398308e-03 4.102096485125200816e-03 1.443221260697265598e-02
0.000000000000000000e+00 1.128405380398839475e-01 0.000000000000000000e+00 1.161058292084105915e-02 1.224183904135001250e-01 0.000000000000000000e+00 5.455359666616400871e-02 7.331560134242848248e-02 0.000000000000000000e+00 0.000000000000000000e+00 2.933867852064721889e-03 1.031513430804224807e-01 2.768429522647802843e-02 0.000000000000000000e+00 1.700512642458340204e-02 1.297483878897072278e-02 0.000000000000000000e+00 1.343620063784712604e-01 2.344135431569219566e-02 3.037084585504993828e-01
0.000000000000000000e+00 1.020573214054046468e-01 2.715586024074539279e-02 1.226048883845674564e-01 0.000000000000000000e+00 1.272380906026091829e-01 9.363038347378210141e-03 1.142073433401967660e-02 4.323489309602486508e-02 0.000000000000000000e+00 0.000000000000000000e+00 5.672325716605232382e-02 1.041238687573800906e-02 0.000000000000000000e+00 4.091638935864359838e-02 8.379593530640107313e-02 9.307474417918274248e-03 1.258487221726006626e-02 1.448898249138737826e-01 1.982950333333634851e-01
2.626223197347959254e-02 1.385057702512449140e-01 0.000000000000000000e+00 0.000000000000000000e+00 1.587120496629448041e-01 1.258481335830387016e-01 4.067038776523169800e-03 1.268279710821182578e-02 2.575568176440726220e-02 3.136459454950053793e-02 0.000000000000000000e+00 3.121242105440678177e-02 1.622238813138602576e-01 0.000000000000000000e+00 4.269993387416523047e-03 0.000000000000000000e+00 0.000000000000000000e+00 1.192974252923168811e-02 9.702566683174033979e-02 1.701399972139936156e-01
1.986214324214789079e-02 1.688163520966260711e-01 5.501483960503992382e-02 6.520993704329338010e-03 9.427190890376084542e-02 1.403628305525431164e-01 9.527573857022433867e-02 1.354909437370144520e-01 1.303769107300582764e-01 0.000000000000000000e+00 3.985513581444759083e-03 0.000000000000000000e+00 0.000000000000000000e+00 0.000000000000000000e+00 0.000000000000000000e+00 0.000000000000000000e+00 4.588431636517963097e-02 7.259679624390028008e-02 3.154071266773119525e-02 0.000000000000000000e+00
0.000000000000000000e+00 1.460525726893325826e-01 1.502186523361686253e-02 0.000000000000000000e+00 0.000000000000000000e+00 1.581919939426207344e-01 8.275164031282503108e-02 1.737599203411441815e-03 1.553193344887264238e-01 0.000000000000000000e+00 2.202639627882470134e-03 1.305663210714664776e-02 0.000000000000000000e+00 0.000000000000000000e+00 2.593528096376437539e-02 0.000000000000000000e+00 1.829382696521149668e-02 5.003439098444285166e-02 1.587351803166933417e-01 1.726670431643257397e-01
5.983372239977669677e-02 0.000000000000000000e+00 2.052490797666198935e-02 1.086043318014565245e-01 3.077399008706241043e-02 1.483065442694226910e-01 0.000000000000000000e+00 0.000000000000000000e+00 2.527727457065978012e-01 0.000000000000000000e+00 0.000000000000000000e+00 1.107488835913177649e-01 1.307135673706287440e-03 2.157733599509716743e-02 0.000000000000000000e+00 3.175556714167874356e-02 1.426190825964242792e-01 1.015439167121584205e-02 3.516849583092932635e-02 2.585286525865253260e-02
2.112518092887967144e-02 0.000000000000000000e+00 0.000000000000000000e+00 3.234990331995788587e-02 4.034606981510523399e-04 1.329512593790203867e-01 8.322297647885439076e-03 8.537989860634882799e-02 6.930085787290468646e-02 0.000000000000000000e+00 2.912380730493410123e-03 0.000000000000000000e+00 1.811852829559278122e-01 2.876633296172376088e-03 1.611947142690193513e-01 3.011895251863374885e-03 0.000000000000000000e+00 5.082926406241915218e-02 0.000000000000000000e+00 2.481569709809565150e-01
1.628460180093989004e-02 1.587276116378994253e-02 4.083143278879658097e-03 0.000000000000000000e+00 1.424662512122574776e-01 8.589627732979865371e-02 1.305671393646635342e-02 6.096880658637063993e-02 1.032963824422677840e-01 2.642535574403874835e-02 5.618802562425911397e-03 1.770250278634206628e-02 0.000000000000000000e+00 0.000000000000000000e+00 0.000000000000000000e+00 6.746317770272161965e-03 0.000000000000000000e+00 1.588121930048456143e-01 1.643816127665199411e-01 1.783882776147852067e-01
0.000000000000000000e+00 3.149007231037609725e-03 0.000000000000000000e+00 2.263561587455429069e-01 2.043838474912687553e-01 2.334307795139105024e-01 3.032036285795735447e-02 0.000000000000000000e+00 3.088548328074361936e-03 0.000000000000000000e+00 0.000000000000000000e+00 5.947066449678410638e-02 0.000000000000000000e+00 8.004640045541843666e-04 0.000000000000000000e+00 1.283097754762802141e-02 1.527884002882146652e-01 4.898412905874961060e-02 2.439666043627803163e-02 0.000000000000000000e+00
3.020893641008936398e-02 1.531008483727847314e-01 9.523167504239006542e-02 1.205570266287548653e-01 1.512701589290985915e-01 9.639871896161890386e-02 1.509784251914544559e-02 5.075292144948176203e-03 6.946260175213461903e-03 7.851635819617362733e-03 0.000000000000000000e+00 0.000000000000000000e+00 0.000000000000000000e+00 0.000000000000000000e+00 0.000000000000000000e+00 0.000000000000000000e+00 5.983977321288036673e-03 0.000000000000000000e+00 1.613329991851387979e-01 1.509446284899121915e-01
2.034028106597234389e-02 1.133290297307427280e-01 1.096874955377828975e-01 2.666813002456981749e-03 0.000000000000000000e+00 4.973720023946968591e-03 4.063699985387329394e-04 1.202882173574548741e-01 8.647703973180723147e-03 1.379963752296580609e-02 0.000000000000000000e+00 1.652688474707940045e-02 0.000000000000000000e+00 4.333013305092361933e-02 1.948355817026103110e-01 1.215526327746757097e-02 0.000000000000000000e+00 1.229394494046160413e-01 9.451567424274864501e-03 2.066218521799861596e-01
1.159134108614461728e-01 6.698467255216677962e-02 9.480387189824895922e-02 3.919823948648178472e-04 3.214721401398855372e-02 1.871238664545190888e-01 2.254907313191367030e-02 1.602790703694498831e-01 2.582517090275379679e-02 0.000000000000000000e+00 1.702133552590998772e-03 2.774961310620625496e-02 2.348965445503962968e-02 0.000000000000000000e+00 0.000000000000000000e+00 6.464159569553057372e-02 0.000000000000000000e+00 0.000000000000000000e+00 5.406693835367252978e-04 1.758580012277441706e-01
1.063496040476728279e-02 1.250088780853592096e-01 2.105877256514070150e-02 7.389757324353727307e-03 6.192768621323457151e-02 0.000000000000000000e+00 0.000000000000000000e+00 2.446729232235087328e-02 3.292577932678292935e-02 0.000000000000000000e+00 2.642908324261972327e-04 1.743997479468427370e-02 0.000000000000000000e+00 1.401655063757862030e-01 9.533983914110063032e-03 2.403476332396621822e-03 4.751332707016874338e-03 0.000000000000000000e+00 1.896753706677602458e-01 3.523529381338301736e-01
1.533598718462795552e-01 1.083139072596809027e-01 1.497604667052913029e-02 1.269440245478494211e-01 0.000000000000000000e+00 4.538399021959881735e-02 4.015515126807277929e-02 0.000000000000000000e+00 1.506741877669326157e-01 0.000000000000000000e+00 0.000000000000000000e+00 0.000000000000000000e+00 4.915636932775782619e-02 0.000000000000000000e+00 3.798026074952930067e-03 0.000000000000000000e+00 1.502936202426518320e-01 7.647048956418397991e-02 1.358375403333177654e-02 6.689056117817843150e-02
0.000000000000000000e+00 1.301986371270499598e-01 0.000000000000000000e+00 2.995410944449942731e-03 1.767624108496619051e-01 1.231620332272181234e-01 1.098385931636347394e-02 0.000000000000000000e+00 3.465676439548873167e-02 0.000000000000000000e+00 0.000000000000000000e+00 1.589355879246458908e-02 0.000000000000000000e+00 1.544891017259520695e-02 1.552117933827511509e-01 0.000000000000000000e+00 1.374879645689568441e-01 1.398683643641238095e-01 5.656537820642578568e-02 7.649146524505385852e-04
0.000000000000000000e+00 2.028023783168370758e-02 8.090517463602774420e-03 7.040989376232870134e-02 7.628443300724617460e-02 1.183867775576128182e-03 9.916996650856789875e-04 9.589996899547602316e-02 4.373396482410728953e-02 0.000000000000000000e+00 0.000000000000000000e+00 7.726126063166170732e-02 3.255668802206718865e-02 5.595093299250263746e-02 1.762991890485830215e-01 9.442089442694687196e-03 1.875187968875053068e-01 1.228399640419471639e-01 0.000000000000000000e+00 2.125649560793194115e-02
1.321650268984886911e-01 1.122620465194229117e-01 5.328240056140959649e-03 0.000000000000000000e+00 1.019605127721640997e-01 1.293341926711837342e-01 3.875769257877703655e-02 4.868126564151481137e-03 2.190862654322490721e-01 0.000000000000000000e+00 0.000000000000000000e+00 1.433531734819534775e-02 0.000000000000000000e+00 3.310214958532740198e-02 8.485218787816564689e-03 0.000000000000000000e+00 0.000000000000000000e+00 0.000000000000000000e+00 6.607260451013705765e-03 1.937079503350689624e-01
0.000000000000000000e+00 9.872466883629615886e-02 1.040905688885373354e-01 3.544808106246834928e-02 2.646816596409854450e-01 1.320811942828125640e-01 0.000000000000000000e+00 2.688698382152281824e-02 0.000000000000000000e+00 0.000000000000000000e+00 0.000000000000000000e+00 3.143211892740015861e-02 2.075522116282176813e-03 0.000000000000000000e+00 3.465299070517304045e-03 1.215999713828039459e-02 0.000000000000000000e+00 9.523392025481953668e-03 1.538173596090250672e-01 1.256131545803904903e-01
7.191130330962658412e-02 1.471987056444339637e-01 2.602161003715179957e-02 1.103431260489150766e-02 1.699658613816121960e-02 9.404377933385174929e-03 0.000000000000000000e+00 2.817158312883293655e-03 8.967794769292158907e-02 0.000000000000000000e+00 0.000000000000000000e+00 1.652542339562978677e-02 1.257828277955173046e-01 4.794131875811653842e-02 1.624315131387302769e-01 0.000000000000000000e+00 2.395856901770955782e-01 2.825759892084876365e-02 0.000000000000000000e+00 4.413626140606748821e-03
9.957628437683681884e-04 2.809968151307964609e-02 0.000000000000000000e+00 7.470141655959353089e-02 2.099660206187001655e-03 1.456792367826246493e-01 5.590806134617157946e-03 0.000000000000000000e+00 2.498354515281011375e-03 0.000000000000000000e+00 5.995020266473005330e-03 9.341946654208142797e-02 0.000000000000000000e+00 7.805985411328152102e-02 3.085255126352572791e-02 0.000000000000000000e+00 0.000000000000000000e+00 0.000000000000000000e+00 2.341017350763859584e-01 2.979064541831010771e-01
