8.405365415554523489e-02 1.748746389940347423e-01 1.826536467843376151e-03 1.305910376707317411e-01 3.597987655912148787e-03 1.976619902736339446e-02 3.842035765070371534e-02 0.000000000000000000e+00 1.430601594892945416e-01 7.469043959607546412e-02 6.481613392564604392e-02 1.784545035176050565e-01 3.576558284248021902e-03 0.000000000000000000e+00 4.189184510643330014e-03 0.000000000000000000e+00 0.000000000000000000e+00 7.592572003718178753e-02 0.000000000000000000e+00 2.156889017171572699e-03
4.055988761897212636e-02 7.408984955289284191e-02 0.000000000000000000e+00 2.317437218096082274e-01 3.833637555699954957e-02 5.686545579466937422e-02 2.754171542335459230e-02 5.968145845023766632e-02 1.537196367278300391e-01 4.128113488632608602e-02 1.284740561934016694e-02 1.279022339149873955e-01 0.000000000000000000e+00 6.757022176272129386e-04 7.552032335886185808e-04 0.000000000000000000e+00 9.111287065730992729e-03 5.754571659906929787e-02 6.566959385318482667e-02 1.673621675581032876e-03
2.112053738779145207e-01 1.475589874721363048e-01 5.821742671213994517e-03 1.106104290525977418e-01 3.804786867423395197e-02 1.897538697232035998e-01 1.910520917054838938e-02 2.432814176367529072e-02 1.826758524751253276e-01 0.000000000000000000e+00 3.520577885336131918e-02 9.962427284879239384e-03 0.000000000000000000e+00 8.530859268665963403e-04 0.000000000000000000e+00 0.000000000000000000e+00 0.000000000000000000e+00 2.324283740682555124e-02 0.000000000000000000e+00 1.628395647418239391e-03
0.000000000000000000e+00 8.785807968537064083e-02 8.403308234108569945e-04 1.237821925037175391e-01 2.031639857225060464e-01 1.484829463332983934e-01 5.474026028807941167e-03 9.910133803671377500e-03 2.587109441781665353e-01 4.184297397256939166e-02 5.254045674670298344e-02 3.871317372624314551e-02 6.180787430052618603e-03 0.000000000000000000e+00 3.805573053241618608e-03 0.000000000000000000e+00 1.440254840450736276e-02 0.000000000000000000e+00 4.291847587733695589e-03 0.000000000000000000e+00
0.000000000000000000e+00 1.169180927987271967e-01 4.258732525801601360e-03 2.470465489695393702e-01 0.000000000000000000e+00 3.510897793454743204e-02 0.000000000000000000e+00 3.531434489350007006e-02 9.517569150297632008e-02 4.260392608729819675e-02 6.756719667461311141e-02 5.946963217711198450e-03 1.083851612645747586e-02 1.135759424794310739e-02 2.151836816645483295e-03 1.821346346987009817e-03 2.952924810574487219e-02 1.477348385705550549e-01 1.056388245362779033e-01 4.098732064467452280e-02
1.447457309377591095e-01 1.576705620522399487e-01 0.000000000000000000e+00 1.708559186454430845e-04 2.379732214632377107e-01 1.237878697105248560e-01 1.969732045102976295e-02 0.000000000000000000e+00 2.026050803144924806e-01 5.446415395645897578e-02 3.072754695328185244e-03 6.865948409969697269e-03 0.000000000000000000e+00 3.548791163079048887e-03 2.077491945572243134e-02 0.000000000000000000e+00 3.299650442444660228e-03 4.191029220247582954e-03 1.713211180882015169e-02 0.000000000000000000e+00
1.279567417492333270e-01 3.287676681629764230e-02 0.000000000000000000e+00 1.045388852618669151e-01 1.229480129904286095e-01 1.457797195209571406e-01 6.488503048626212411e-02 8.243627984361152905e-02 1.618049665420090710e-01 9.048183558106065449e-02 5.076515492539625382e-04 2.698164161388656029e-02 8.413756250103261551e-04 1.336308009110161003e-03 0.000000000000000000e+00 0.000000000000000000e+00 0.000000000000000000e+00 3.562883825350843942e-02 3.396201908580583117e-04 6.563259666454966407e-04
2.038666600776944116e-01 1.689318968917197794e-01 3.160487473332979080e-02 2.061479084757820643e-02 1.203808289804155079e-01 7.817935405489752701e-03 1.229603641922464435e-02 2.011785415843625469e-02 4.204109787891008310e-02 3.250842836429043703e-02 1.657335578112715396e-02 1.273223902928144191e-01 0.000000000000000000e+00 1.557193613479583572e-01 0.000000000000000000e+00 1.631919338046967233e-02 0.000000000000000000e+00 3.193496864838292655e-03 1.639492956356980100e-02 4.296869012133449663e-03
4.464855815173022294e-06 1.221410975060959608e-01 2.919998673622217072e-03 1.417239282642254461e-01 1.298510218058804566e-01 9.154426141375704429e-02 3.355638743886819875e-02 2.665453908161970892e-02 1.497925635852922488e-01 1.001606545562391815e-02 1.096331714242582828e-01 1.901191808340041076e-02 2.019454238480023617e-02 0.000000000000000000e+00 6.560914199251285548e-04 2.162182169090995712e-02 0.000000000000000000e+00 2.212721847736059261e-02 3.476390655229570246e-04 9.820326937302215065e-02
1.058281158515224779e-01 1.309940039605592688e-01 1.036366979742333293e-02 2.711409179192618424e-02 1.418522104410496476e-01 1.365148756007160957e-01 1.127485608292560365e-01 2.543850873596403481e-02 2.858477274965419423e-02 3.203539545139707373e-02 3.514013316797309078e-02 9.322312445524959246e-02 1.051365470756815109e-03 5.880370404877494593e-03 9.187733302309497585e-02 1.814802620352518612e-03 8.214435109287127057e-03 4.953227014230839748e-04 0.000000000000000000e+00 1.082890783751683066e-02
1.174156721273406645e-01 1.207575111777340893e-01 0.000000000000000000e+00 9.066185484631547609e-02 8.629376468601038241e-02 2.168685332307556876e-02 5.872263843687313550e-02 0.000000000000000000e+00 2.065180236754677046e-01 5.777217465002866363e-03 5.300276936618227713e-02 1.132669279254786276e-01 8.202588039026481939e-03 3.527116080382756177e-04 0.000000000000000000e+00 0.000000000000000000e+00 2.760531737559454146e-03 1.145809355858950912e-01 0.000000000000000000e+00 0.000000000000000000e+00
1.385542271229443789e-01 4.719933375678797560e-02 2.805285531500187335e-02 6.649791280184404185e-02 2.624434122872350283e-02 1.192568843387282890e-01 3.856931116230654516e-02 1.213604291784346756e-02 2.654746479082304225e-02 1.122977085855004914e-01 6.951383325971611030e-03 1.108581919844262992e-01 7.076731722647021383e-02 0.000000000000000000e+00 0.000000000000000000e+00 1.854469544296143829e-02 0.000000000000000000e+00 1.164590905199738291e-01 9.166008504414900268e-03 5.189723097527827039e-02
9.167096841479796532e-02 3.728600772878637448e-02 2.829191130088058812e-03 1.249730522440573866e-01 2.977705472280869556e-02 6.059726585443264701e-02 4.115187217687939908e-02 3.337053178539792220e-02 1.764474268120281852e-01 0.000000000000000000e+00 1.164717106767755722e-01 1.394232439541237822e-01 0.000000000000000000e+00 7.626246085120456930e-02 1.691989669108146660e-02 8.812932028872649814e-03 2.576086884610678113e-02 1.824551608255862989e-02 0.000000000000000000e+00 0.000000000000000000e+00
1.854717021020954246e-02 1.663416061465742835e-01 2.524210623584919200e-03 7.695927312444812707e-02 1.306759412478125833e-02 1.349463769137878577e-01 9.271847261613561098e-02 1.024586193388258570e-01 0.000000000000000000e+00 2.250927859436479758e-02 7.948710479696448339e-02 1.274567460189559576e-01 0.000000000000000000e+00 1.496524600407362314e-02 5.350106887353638097e-02 8.951151035482400597e-02 3.006791215148580353e-03 1.998931043784809344e-03 0.000000000000000000e+00 0.000000000000000000e+00
1.173600982934062537e-01 1.492688603647989443e-01 5.002511608065905724e-02 1.401654442896702324e-01 1.376676392945489153e-03 1.331267877894418972e-01 2.576164710168721284e-03 7.150739127303944176e-02 1.500372964636978446e-01 1.301532514175741950e-01 4.237857878474263207e-03 6.052861997522201651e-03 0.000000000000000000e+00 0.000000000000000000e+00 0.000000000000000000e+00 7.014328355486363666e-03 1.471888137857263468e-02 0.000000000000000000e+00 2.102290915549044972e-02 1.356074159052207684e-03
1.232124281352504763e-01 7.726434593116389415e-02 1.579678661096259708e-03 1.558002170118055751e-01 1.349420791757159014e-03 1.409285377389669636e-01 1.810030296907429647e-03 1.068668355724205210e-01 5.192367700914333984e-04 1.520913341999820777e-02 1.076980771979591245e-01 2.424065037857093402e-02 1.240260417638869295e-02 0.000000000000000000e+00 3.479339577211654211e-02 0.000000000000000000e+00 0.000000000000000000e+00 3.034441061420365890e-02 1.398160032990299340e-01 2.616499423227320806e-02
1.729731976482500044e-01 1.007100474332606049e-01 2.117365848207973869e-03 1.323155537809247995e-02 7.790332570598594575e-02 1.457440911090999158e-01 4.386837056421700326e-02 3.030231488589721356e-02 1.872025992947783796e-02 2.496918510482574929e-03 8.947254092003487091e-02 1.782092133652138644e-01 0.000000000000000000e+00 0.000000000000000000e+00 7.044222917371343977e-03 0.000000000000000000e+00 0.000000000000000000e+00 4.379944020625967105e-02 2.752042062895214067e-02 4.588671494919643878e-02
7.102647603065211090e-02 1.380596079686082778e-01 2.156371750241841063e-05 2.656336666905983156e-03 2.957053641103050620e-02 1.441819166231234628e-01 3.943789569200960993e-02 1.805508724175424601e-02 1.036050556664788458e-01 8.369554502398509482e-03 1.793039873948640284e-01 1.154822522392331546e-01 0.000000000000000000e+00 1.317715170601144702e-02 1.486830308124627558e-03 0.000000000000000000e+00 1.559373956760742343e-02 1.136319611435755994e-01 0.000000000000000000e+00 6.340047120119639626e-03
9.402850528791951989e-02 3.806660654866071691e-02 1.394908801899701067e-02 1.931280826503294912e-01 1.253900861210023032e-01 6.965988813560395482e-03 2.681885650984145927e-02 5.158288436912687258e-04 2.031504909929081060e-01 1.226577489512430119e-03 7.199541894565077149e-02 3.447184504399963129e-02 0.000000000000000000e+00 3.120963693858569421e-02 0.000000000000000000e+00 2.567330028276604628e-03 0.000000000000000000e+00 1.498413621213058600e-01 0.000000000000000000e+00 6.674295645758734907e-03
1.449232324718045806e-01 7.493488691547373591e-03 6.132951066742233469e-03 5.382787277120777703e-03 1.000617569665694373e-01 3.503935241082217246e-04 2.092176570930061319e-03 6.064327826512378936e-03 4.315406388501336066e-02 2.840085978374496008e-03 1.105029113884878345e-01 4.964559439704659127e-02 1.189774722379794425e-01 4.001222246198566507e-02 1.338633921712632791e-02 7.639469259379452759e-02 0.000000000000000000e+00 1.400744641486555697e-01 1.102440881107695364e-01 2.226695118543160420e-02
1.141285704481354718e-01 1.164284581160606041e-01 1.198715172514728741e-02 1.694194425394911496e-01 0.000000000000000000e+00 1.425762603299344233e-01 5.221861515848506136e-02 7.473472556343371820e-02 1.507052929160467569e-01 1.752487623101965696e-03 4.598105019192539472e-02 1.097097592547374573e-01 1.682323070891160455e-03 0.000000000000000000e+00 0.000000000000000000e+00 9.911768448239775646e-04 1.688620140460293188e-03 0.000000000000000000e+00 9.644363937563540674e-04 5.031629683568953314e-03
1.192362643485777030e-01 2.860743881451175905e-02 6.347530979135088125e-02 4.970512339019838438e-02 1.209873177460235420e-02 2.028474401996992540e-02 2.396590927442919516e-02 4.159888451024654210e-02 2.036083100389442513e-01 1.199522541949853000e-01 2.042671994766498758e-02 1.130485945610328058e-01 0.000000000000000000e+00 1.245074259663161466e-02 7.394825559859247166e-02 2.861693315130677852e-03 0.000000000000000000e+00 4.115309372594143367e-02 3.042107951176469330e-02 2.315685058542500327e-02
1.132896323026146707e-02 3.060934444848389599e-02 1.191130505294330476e-02 1.814534769548274418e-01 1.608576681353622861e-01 1.433953136054449407e-01 2.519302033939182714e-02 9.829653247189297505e-03 1.548434862872211659e-01 7.608424204668046316e-03 1.820526001102644106e-02 5.418984437853592746e-03 1.945149945508944586e-02 8.467368669916928992e-02 3.169944086670396289e-04 5.093918766170973250e-02 0.000000000000000000e+00 1.664178471624493116e-02 3.540441351764695571e-03 6.378150575268115574e-02
1.504046095824848909e-03 1.275502833597989549e-01 6.252020993619973252e-03 0.000000000000000000e+00 1.147939106580092156e-01 1.349171008725379151e-01 1.088694646887023304e-01 1.195622365411610072e-01 0.000000000000000000e+00 7.374386521048284515e-02 7.272821704253478077e-03 5.083271307525906446e-02 1.184285551149250743e-02 7.089909624093423957e-02 1.002589862446393552e-02 1.299666025000231588e-03 1.811073203857081022e-03 1.142366170519663361e-02 1.027683753097535374e-01 4.463091017965216400e-02
1.705961250451026590e-01 1.369791652669743731e-01 0.000000000000000000e+00 1.215560476021662895e-01 1.188814546832682173e-01 1.361468187827634679e-01 4.786725208838830958e-02 1.136805319562017406e-02 6.115401154543509410e-02 5.702862950073209897e-02 2.529237382663290096e-02 4.941206056273250019e-03 9.934835090958410875e-04 1.851274514362112947e-02 0.000000000000000000e+00 8.868263375392623771e-02 0.000000000000000000e+00 0.000000000000000000e+00 0.000000000000000000e+00 0.000000000000000000e+00
