0.000000000000000000e+00 8.206256087249455544e-02 1.573592718771019972e-01 0.000000000000000000e+00 1.039679879930794845e-02 1.273770412155045550e-01 0.000000000000000000e+00 0.000000000000000000e+00 2.029203491892261901e-02 1.456120094795604510e-02 0.000000000000000000e+00 0.000000000000000000e+00 1.359178077049455480e-01 0.000000000000000000e+00 3.340102438307637756e-02 1.692402350004572689e-02 1.301969931234841504e-01 0.000000000000000000e+00 1.379081464314032279e-01 8.531614218182251297e-02 0.000000000000000000e+00 0.000000000000000000e+00 4.828695404393468921e-02 0.000000000000000000e+00 0.000000000000000000e+00
0.000000000000000000e+00 3.805135184136228949e-02 1.454719124473878855e-01 4.641171450896572175e-03 1.276083488860772497e-01 1.581282497075109095e-01 2.284963479888421287e-02 4.705757691373795709e-02 7.130775689403384861e-03 0.000000000000000000e+00 5.528590896214893857e-02 0.000000000000000000e+00 1.210846797863048552e-01 1.556820853232425972e-01 9.568762862955705346e-04 0.000000000000000000e+00 5.530641828946760569e-02 8.840662043209719656e-03 0.000000000000000000e+00 0.000000000000000000e+00 0.000000000000000000e+00 0.000000000000000000e+00 0.000000000000000000e+00 0.000000000000000000e+00 5.190434757407027394e-02
4.470574068577843480e-02 1.057807344192134985e-01 2.518186153309778449e-02 0.000000000000000000e+00 0.000000000000000000e+00 1.341016269100399616e-01 1.281702338302521949e-01 9.910619262832381926e-02 0.000000000000000000e+00 0.000000000000000000e+00 0.000000000000000000e+00 1.898345884915657311e-02 1.177151315117126174e-01 1.746248077767545426e-02 1.850943841474671572e-02 0.000000000000000000e+00 0.000000000000000000e+00 1.243120111628078645e-01 5.277418088372810671e-03 1.167619095359911929e-01 0.000000000000000000e+00 2.944076688175359391e-02 0.000000000000000000e+00 1.449099477107747627e-02 0.000000000000000000e+00
1.396647258003744230e-01 3.476004960112361597e-01 0.000000000000000000e+00 2.691989677012922300e-02 0.000000000000000000e+00 4.044124113587880057e-03 0.000000000000000000e+00 1.315201699604512942e-01 1.845938390306483406e-02 0.000000000000000000e+00 0.000000000000000000e+00 8.026807459631697672e-03 1.562380324437373236e-01 0.000000000000000000e+00 0.000000000000000000e+00 0.000000000000000000e+00 0.000000000000000000e+00 0.000000000000000000e+00 0.000000000000000000e+00 0.000000000000000000e+00 0.000000000000000000e+00 0.000000000000000000e+00 2.427313580134532120e-02 0.000000000000000000e+00 1.432532277364419460e-01
8.471644168761767110e-03 4.192294180467817655e-02 2.116259308700702349e-02 0.000000000000000000e+00 1.220675236224832427e-01 0.000000000000000000e+00 1.036608118872260204e-01 1.679612806432772831e-01 6.832590548614678357e-03 7.711814156498125218e-03 0.000000000000000000e+00 9.013924489649410843e-03 1.205145857069886695e-01 8.218029498369203503e-03 1.544245400810591307e-01 0.000000000000000000e+00 3.248398122063177879e-02 0.000000000000000000e+00 1.038648295968463142e-01 2.610767956157501648e-03 0.000000000000000000e+00 0.000000000000000000e+00 3.867452288051718978e-02 5.040361865123445945e-02 0.000000000000000000e+00
1.436384973183248842e-02 9.965668454476404869e-02 2.423302356089761245e-01 3.671431037356585880e-02 1.563858167562601764e-01 0.000000000000000000e+00 0.000000000000000000e+00 1.334706832950065432e-02 0.000000000000000000e+00 1.227768920465678315e-01 0.000000000000000000e+00 7.267303659562461549e-02 0.000000000000000000e+00 0.000000000000000000e+00 5.807712274612486514e-02 0.000000000000000000e+00 0.000000000000000000e+00 0.000000000000000000e+00 7.287916373464429706e-03 2.523999793897408611e-02 0.000000000000000000e+00 4.854887206219326776e-03 1.347630386915265321e-01 1.152914305659899843e-02 0.000000000000000000e+00
6.364014429949443885e-02 4.932589831838162658e-02 1.385984260892087483e-01 0.000000000000000000e+00 3.702174278403284891e-02 1.267348894216238919e-01 5.156306628031989301e-04 0.000000000000000000e+00 0.000000000000000000e+00 1.190679611074871996e-02 0.000000000000000000e+00 0.000000000000000000e+00 0.000000000000000000e+00 2.270491060991595283e-02 1.963300149237396930e-01 0.000000000000000000e+00 0.000000000000000000e+00 4.221784670731217742e-02 1.795900180133953861e-01 3.158644751579353649e-02 0.000000000000000000e+00 4.000616331786276819e-02 5.982107122568696561e-02 0.000000000000000000e+00 0.000000000000000000e+00
1.506097351988981148e-01 9.043346063530467716e-02 9.716486657116293543e-03 0.000000000000000000e+00 2.639797739263816806e-02 1.888975159676095639e-01 3.300740625100184039e-02 4.029434905967408005e-03 0.000000000000000000e+00 3.350156374083256006e-02 0.000000000000000000e+00 3.203701465267610321e-02 9.851844565278172761e-02 0.000000000000000000e+00 0.000000000000000000e+00 0.000000000000000000e+00 1.132769731235882954e-01 1.459789769396082834e-02 1.484584061242410526e-02 1.170898261425416670e-01 0.000000000000000000e+00 0.000000000000000000e+00 0.000000000000000000e+00 0.000000000000000000e+00 7.304042137265862045e-02
1.294316524194276952e-01 0.000000000000000000e+00 0.000000000000000000e+00 0.000000000000000000e+00 3.504881796383558790e-01 0.000000000000000000e+00 5.738919352212710351e-02 1.490835962807703641e-01 1.410097435367537767e-02 4.343739527885615535e-03 0.000000000000000000e+00 1.594658133817136447e-01 1.281757670819047845e-01 0.000000000000000000e+00 0.000000000000000000e+00 0.000000000000000000e+00 0.000000000000000000e+00 0.000000000000000000e+00 0.000000000000000000e+00 0.000000000000000000e+00 0.000000000000000000e+00 0.000000000000000000e+00 7.521083794139514153e-03 0.000000000000000000e+00 0.000000000000000000e+00
4.355383944558631482e-02 0.000000000000000000e+00 6.810227723846139225e-02 0.000000000000000000e+00 6.988430417319793642e-02 1.237212865238479786e-01 2.024774999747072299e-02 0.000000000000000000e+00 0.000000000000000000e+00 1.260683979521738662e-01 0.000000000000000000e+00 1.690400650187190712e-01 0.000000000000000000e+00 4.344144721572964810e-06 0.000000000000000000e+00 0.000000000000000000e+00 8.372287115341146835e-02 7.421163448390474815e-02 1.041727140396821460e-01 1.017333077075119468e-01 0.000000000000000000e+00 0.000000000000000000e+00 9.927849388234346456e-03 0.000000000000000000e+00 5.609358733076381769e-03
0.000000000000000000e+00 7.616875786699213446e-02 1.260503370490629049e-01 2.113253727352995808e-03 0.000000000000000000e+00 0.000000000000000000e+00 6.723989782591269226e-02 1.365871271432984591e-01 0.000000000000000000e+00 0.000000000000000000e+00 3.581936210228736650e-02 2.325558020370161183e-01 2.214127345188734650e-02 0.000000000000000000e+00 1.072597340162892016e-01 0.000000000000000000e+00 0.000000000000000000e+00 0.000000000000000000e+00 2.476442595413629391e-02 1.222983069441243159e-01 4.016136021190818556e-02 0.000000000000000000e+00 6.840361669732056803e-03 0.000000000000000000e+00 0.000000000000000000e+00
0.000000000000000000e+00 1.282720550786012326e-01 2.539911946044727253e-01 0.000000000000000000e+00 1.484856951133615710e-01 0.000000000000000000e+00 1.423632431720477966e-02 1.954921448798187800e-01 0.000000000000000000e+00 1.453760216545057354e-02 0.000000000000000000e+00 0.000000000000000000e+00 0.000000000000000000e+00 0.000000000000000000e+00 1.000160641803053002e-02 0.000000000000000000e+00 0.000000000000000000e+00 5.257146701738608929e-02 1.849199159151555111e-02 0.000000000000000000e+00 0.000000000000000000e+00 0.000000000000000000e+00 0.000000000000000000e+00 0.000000000000000000e+00 1.639199188141582109e-01
1.373451734241711575e-01 1.758583287523656502e-01 1.212003623032179012e-02 0.000000000000000000e+00 1.093997385426092629e-02 0.000000000000000000e+00 9.400317862066846775e-02 1.631808130725227457e-01 0.000000000000000000e+00 1.810125202878602041e-02 0.000000000000000000e+00 0.000000000000000000e+00 1.540331838078571880e-01 0.000000000000000000e+00 2.143508548977851591e-02 0.000000000000000000e+00 0.000000000000000000e+00 4.836931513343649403e-02 3.492846557869926875e-03 0.000000000000000000e+00 0.000000000000000000e+00 0.000000000000000000e+00 5.112281997892709207e-03 1.027015609548651356e-02 1.457383749345817214e-01
1.267851808198356134e-01 4.769558217687519183e-03 0.000000000000000000e+00 0.000000000000000000e+00 4.090921286405699298e-02 1.507691353961488900e-01 0.000000000000000000e+00 0.000000000000000000e+00 0.000000000000000000e+00 0.000000000000000000e+00 0.000000000000000000e+00 3.480495075130422833e-02 1.517977941617077442e-01 2.296664347708745474e-02 7.137935508424196607e-02 0.000000000000000000e+00 4.090490215562521512e-04 1.061823790778684690e-01 6.671145090133124775e-03 9.226005703929406054e-02 0.000000000000000000e+00 0.000000000000000000e+00 3.551598230297214193e-02 1.288417308450173944e-02 1.418953836116037814e-01
0.000000000000000000e+00 6.587796688780787890e-02 5.595145752354060281e-03 0.000000000000000000e+00 1.688366717813460233e-02 0.000000000000000000e+00 0.000000000000000000e+00 0.000000000000000000e+00 0.000000000000000000e+00 6.570081706298588897e-02 0.000000000000000000e+00 1.707504988027330195e-01 1.636567782270786087e-01 0.000000000000000000e+00 1.485064507587585403e-01 0.000000000000000000e+00 5.271400030371811013e-02 1.192387584281968532e-01 4.102694035345414575e-03 6.922051857810092301e-02 0.000000000000000000e+00 0.000000000000000000e+00 1.008593911669458665e-01 0.000000000000000000e+00 1.689331281784025446e-02
0.000000000000000000e+00 0.000000000000000000e+00 2.276083351092251794e-01 1.017129577166150239e-03 1.569672670898441535e-01 4.820984706249497632e-03 9.993128725626267139e-02 0.000000000000000000e+00 9.229258960316658392e-03 2.215195772581976356e-03 0.000000000000000000e+00 0.000000000000000000e+00 2.597028905274059371e-02 0.000000000000000000e+00 1.734107780498901326e-03 0.000000000000000000e+00 1.340591737465017252e-01 1.388419361277511976e-01 3.007789833717016293e-03 0.000000000000000000e+00 0.000000000000000000e+00 8.270156938942931080e-03 4.729485640999001733e-02 0.000000000000000000e+00 1.390322316382111845e-01
1.757843413028460922e-01 0.000000000000000000e+00 3.514167496352265524e-02 0.000000000000000000e+00 3.769524527398929875e-02 0.000000000000000000e+00 0.000000000000000000e+00 1.596829247946742747e-01 0.000000000000000000e+00 1.263051896732644667e-02 0.000000000000000000e+00 1.345768276413105702e-01 0.000000000000000000e+00 0.000000000000000000e+00 1.190751165863874195e-01 0.000000000000000000e+00 2.015487129251966256e-02 1.146092920915740276e-01 1.233588081907100314e-01 1.472013396437514034e-02 0.000000000000000000e+00 2.907346538015349521e-02 2.349677955061078502e-02 0.000000000000000000e+00 0.000000000000000000e+00
8.504039747741705055e-03 1.700358853924148830e-02 1.443182533977479531e-01 0.000000000000000000e+00 6.103875286927244043e-02 9.438380074148131332e-04 4.269076164491088406e-03 1.568893108983190898e-01 0.000000000000000000e+00 1.248563562659678675e-02 0.000000000000000000e+00 2.499248694460963482e-01 1.364116738931652473e-01 0.000000000000000000e+00 3.647518451773548720e-02 0.000000000000000000e+00 0.000000000000000000e+00 0.000000000000000000e+00 1.600476469390106071e-01 0.000000000000000000e+00 0.000000000000000000e+00 0.000000000000000000e+00 0.000000000000000000e+00 0.000000000000000000e+00 1.168812995316676102e-02
1.303563830640016574e-01 2.109223072588713860e-02 4.483587710557590880e-03 0.000000000000000000e+00 1.056935788435290346e-01 5.878660382145594471e-02 8.879814458385661136e-02 0.000000000000000000e+00 0.000000000000000000e+00 5.986613944054379466e-02 0.000000000000000000e+00 0.000000000000000000e+00 0.000000000000000000e+00 2.079221499582824782e-03 5.597434243113225821e-02 0.000000000000000000e+00 0.000000000000000000e+00 1.411529445809527328e-01 0.000000000000000000e+00 1.760083735099195537e-02 0.000000000000000000e+00 8.837141908194709461e-02 7.891297242195143002e-02 3.227377692761344841e-03 1.436042167508485012e-01
0.000000000000000000e+00 8.450449156117686988e-03 9.531154604500670369e-02 0.000000000000000000e+00 1.404848399226878986e-01 1.354884418156160064e-01 1.266203789540646663e-01 1.308658882269536916e-01 1.188601962084888386e-01 0.000000000000000000e+00 0.000000000000000000e+00 2.561226423582850867e-03 1.207233892520836668e-02 1.307461275030059877e-02 5.339871023134350192e-02 0.000000000000000000e+00 0.000000000000000000e+00 0.000000000000000000e+00 0.000000000000000000e+00 9.118122607962481779e-03 7.796643105368349265e-03 0.000000000000000000e+00 0.000000000000000000e+00 0.000000000000000000e+00 1.458966056272983092e-01
0.000000000000000000e+00 5.299711615133222489e-03 1.271253894391342065e-01 1.341053890498051853e-03 3.355428631086101315e-02 8.039157187952901407e-03 6.361610948328590143e-02 1.504268473226534064e-01 3.654583488169874800e-02 1.219912648441516395e-01 0.000000000000000000e+00 1.633636165768587445e-01 0.000000000000000000e+00 3.472938973109644667e-02 2.264824494533106657e-03 0.000000000000000000e+00 5.978062173798719819e-02 9.909557370754246142e-02 0.000000000000000000e+00 0.000000000000000000e+00 0.000000000000000000e+00 0.000000000000000000e+00 9.282631877661290387e-02 0.000000000000000000e+00 0.000000000000000000e+00
1.072637073631315871e-02 3.485556232464764783e-03 7.718795481179918476e-03 3.356653744650240495e-02 1.435206016643980342e-01 0.000000000000000000e+00 0.000000000000000000e+00 1.519543863139606044e-01 0.000000000000000000e+00 1.208037975853658297e-01 0.000000000000000000e+00 3.396813311289107601e-02 0.000000000000000000e+00 0.000000000000000000e+00 1.403245885783414304e-01 0.000000000000000000e+00 5.828608728214838830e-02 0.000000000000000000e+00 0.000000000000000000e+00 1.091726353786579840e-01 0.000000000000000000e+00 0.000000000000000000e+00 0.000000000000000000e+00 3.226511425714288783e-02 1.542073959306335673e-01
1.380334508727553422e-01 7.764570461666323031e-02 5.828660474848166434e-02 0.000000000000000000e+00 2.690320581519297510e-02 4.705062000435687036e-02 3.013760960509150391e-03 2.843953478150369057e-02 0.000000000000000000e+00 9.150547868881662994e-02 0.000000000000000000e+00 2.212783666556423223e-01 0.000000000000000000e+00 1.227901531806633723e-01 1.050238024406552166e-02 0.000000000000000000e+00 2.261442348514255962e-02 0.000000000000000000e+00 3.871829700190170410e-03 0.000000000000000000e+00 0.000000000000000000e+00 1.086929005096111617e-03 1.469775572409204034e-01 0.000000000000000000e+00 0.000000000000000000e+00
7.039443180203255879e-02 1.401620677158952610e-01 1.503518907067023236e-01 4.085628489865153652e-03 2.163209445391784946e-01 0.000000000000000000e+00 0.000000000000000000e+00 0.000000000000000000e+00 0.000000000000000000e+00 1.173041972686542367e-01 0.000000000000000000e+00 7.092712176053722097e-03 0.000000000000000000e+00 2.226727742216272777e-03 3.936850057196870922e-02 0.000000000000000000e+00 0.000000000000000000e+00 0.000000000000000000e+00 9.467729971651088830e-03 0.000000000000000000e+00 0.000000000000000000e+00 0.000000000000000000e+00 9.506968631630298427e-02 0.000000000000000000e+00 1.481554826994792295e-01
0.000000000000000000e+00 1.947549834163380539e-02 1.206802594144706781e-01 0.000000000000000000e+00 3.278573282508021741e-02 1.374206852371162024e-01 0.000000000000000000e+00 0.000000000000000000e+00 7.319110322317273765e-02 1.049991545318336578e-01 7.813895011585011985e-03 4.347517276336834713e-02 1.786993386313215082e-01 7.715206623678295961e-02 1.214120331872620313e-02 0.000000000000000000e+00 0.000000000000000000e+00 1.845598488836768664e-02 0.000000000000000000e+00 2.237506110339099186e-02 0.000000000000000000e+00 0.000000000000000000e+00 0.000000000000000000e+00 1.792968014662752949e-02 1.334051643265224962e-01
9.194595751319771526e-02 1.180506479361452393e-01 1.512228742362814460e-01 0.000000000000000000e+00 6.899143744021929425e-02 3.903206366698778757e-03 0.000000000000000000e+00 2.365260785308381797e-03 0.000000000000000000e+00 0.000000000000000000e+00 1.258273115164005446e-02 3.561004492759403672e-01 0.000000000000000000e+00 7.599066934009761354e-02 1.211926254056175031e-02 0.000000000000000000e+00 6.353425340870402782e-02 1.935374588019355552e-02 0.000000000000000000e+00 0.000000000000000000e+00 0.000000000000000000e+00 0.000000000000000000e+00 2.383950412501177965e-02 0.000000000000000000e+00 0.000000000000000000e+00
3.252743565664138747e-02 3.384686607634612796e-03 0.000000000000000000e+00 0.000000000000000000e+00 1.433217933053409776e-01 0.000000000000000000e+00 8.267751864731072431e-02 1.583522577118864905e-01 0.000000000000000000e+00 3.592317818218518366e-02 0.000000000000000000e+00 1.670465413349086770e-01 1.267166414145138587e-01 8.408827064226910564e-02 4.502653461412823438e-02 0.000000000000000000e+00 0.000000000000000000e+00 0.000000000000000000e+00 0.000000000000000000e+00 1.177478518543967345e-01 0.000000000000000000e+00 0.000000000000000000e+00 0.000000000000000000e+00 3.187290028783968873e-03 0.000000000000000000e+00
0.000000000000000000e+00 9.333309874965206587e-02 0.000000000000000000e+00 0.000000000000000000e+00 0.000000000000000000e+00 0.000000000000000000e+00 2.816537410109647144e-02 3.330736101450822856e-02 9.627592181115136871e-02 3.146803926921793587e-02 0.000000000000000000e+00 0.000000000000000000e+00 1.353191661748342212e-01 3.246443183803165988e-02 4.761394993320794411e-02 0.000000000000000000e+00 1.204935427432601153e-02 1.447555529378345973e-01 1.153346945048559259e-02 0.000000000000000000e+00 0.000000000000000000e+00 3.229553514270255138e-02 1.722199356073307319e-01 1.391014756139872903e-02 1.152886621342217310e-01
0.000000000000000000e+00 0.000000000000000000e+00 1.529811818873219598e-01 0.000000000000000000e+00 1.907436618142027696e-01 1.325464969780902613e-01 0.000000000000000000e+00 0.000000000000000000e+00 5.631607642256869495e-03 5.098023072085541840e-02 1.846261216650642301e-02 1.504206533671617052e-01 1.241777271485332707e-01 0.000000000000000000e+00 1.426767817257348740e-02 0.000000000000000000e+00 0.000000000000000000e+00 0.000000000000000000e+00 1.666168161360643066e-02 1.198251303684265412e-01 0.000000000000000000e+00 0.000000000000000000e+00 0.000000000000000000e+00 0.000000000000000000e+00 2.330133812046497957e-02
0.000000000000000000e+00 1.858292493631182596e-01 2.395308631740454275e-01 0.000000000000000000e+00 1.172867860094252146e-01 0.000000000000000000e+00 1.712137568205305410e-02 0.000000000000000000e+00 0.000000000000000000e+00 7.786748498727840730e-03 0.000000000000000000e+00 0.000000000000000000e+00 1.373736736702725614e-01 6.031432476758431804e-02 6.179998058285589291e-02 0.000000000000000000e+00 0.000000000000000000e+00 0.000000000000000000e+00 0.000000000000000000e+00 2.296744315900184699e-02 0.000000000000000000e+00 0.000000000000000000e+00 0.000000000000000000e+00 2.414744019299440089e-02 1.258421148999212258e-01
1.005342466399530565e-01 1.323379241182254251e-01 1.484123992551276694e-01 2.829232713532417714e-03 0.000000000000000000e+00 0.000000000000000000e+00 0.000000000000000000e+00 5.696383284398887775e-02 5.193580448000924971e-02 1.263782606901483752e-01 0.000000000000000000e+00 4.585996488735213233e-02 2.736833345947175741e-02 9.770451376491077339e-03 1.367621068409297092e-01 4.507352802750660969e-02 0.000000000000000000e+00 0.000000000000000000e+00 3.661378375882343161e-02 7.585532868492215943e-04 0.000000000000000000e+00 0.000000000000000000e+00 0.000000000000000000e+00 0.000000000000000000e+00 7.840157762159104260e-02
0.000000000000000000e+00 0.000000000000000000e+00 1.684646658291340943e-02 0.000000000000000000e+00 1.629405476109730203e-02 3.174246671294981420e-02 2.354258380228258785e-01 1.668073329247794223e-01 0.000000000000000000e+00 3.196654931753420675e-03 0.000000000000000000e+00 0.000000000000000000e+00 1.271387911629821565e-01 6.486869964888071494e-02 2.064560792769794956e-02 2.727915088545258132e-02 5.239455924829056893e-02 1.979819550155771657e-02 1.149877738578341246e-01 1.025744078309850371e-01 0.000000000000000000e+00 0.000000000000000000e+00 0.000000000000000000e+00 0.000000000000000000e+00 0.000000000000000000e+00
0.000000000000000000e+00 0.000000000000000000e+00 0.000000000000000000e+00 1.039847261273405543e-01 4.653157702935009632e-02 0.000000000000000000e+00 4.099547837794324107e-02 1.428345137136833864e-01 0.000000000000000000e+00 9.384936339538976768e-02 0.000000000000000000e+00 1.924106332832742072e-01 0.000000000000000000e+00 1.141499442226719674e-01 0.000000000000000000e+00 0.000000000000000000e+00 0.000000000000000000e+00 7.006508796535212968e-02 7.274798821161483067e-04 0.000000000000000000e+00 0.000000000000000000e+00 3.301772157607371638e-02 1.588415967482343094e-01 0.000000000000000000e+00 2.591877678570605765e-03
1.015498537078359798e-01 1.540434499806808515e-02 0.000000000000000000e+00 0.000000000000000000e+00 0.000000000000000000e+00 0.000000000000000000e+00 0.000000000000000000e+00 6.034568652775466890e-02 0.000000000000000000e+00 6.192637229368875423e-03 0.000000000000000000e+00 1.343591632090727350e-01 1.382401800178782725e-01 3.541468715198571593e-02 4.025530002001979912e-02 9.393401265557637519e-03 0.000000000000000000e+00 1.320258570750877103e-01 1.229464390323493639e-01 0.000000000000000000e+00 0.000000000000000000e+00 0.000000000000000000e+00 1.948697170355156438e-01 9.002732729505502282e-03 0.000000000000000000e+00
2.893228584644851747e-02 2.032120326623357634e-02 1.142152014035100194e-01 0.000000000000000000e+00 1.469332749743393896e-01 2.023951236119086311e-02 2.762884940527414457e-02 6.951535260964966656e-02 0.000000000000000000e+00 0.000000000000000000e+00 0.000000000000000000e+00 5.681976853174020708e-02 0.000000000000000000e+00 7.400124619429856478e-03 1.409479433999282494e-01 0.000000000000000000e+00 0.000000000000000000e+00 0.000000000000000000e+00 9.028209001567039094e-02 1.282630860959657892e-01 0.000000000000000000e+00 0.000000000000000000e+00 4.104700136185233201e-04 0.000000000000000000e+00 1.480908374570007735e-01
1.336567391344558320e-01 0.000000000000000000e+00 7.571746094514488325e-04 1.862260546797927380e-02 1.396211869332336375e-01 1.425865036345058401e-01 0.000000000000000000e+00 5.193640100814009286e-03 3.543401269133284598e-02 0.000000000000000000e+00 0.000000000000000000e+00 1.598216742373860244e-01 0.000000000000000000e+00 0.000000000000000000e+00 0.000000000000000000e+00 0.000000000000000000e+00 0.000000000000000000e+00 1.106276712803784812e-01 4.319399902879911962e-02 8.110824150739194549e-02 0.000000000000000000e+00 0.000000000000000000e+00 1.070500609623283028e-02 0.000000000000000000e+00 1.186715452780387203e-01
2.063867494418329240e-03 0.000000000000000000e+00 1.265136728865375870e-01 0.000000000000000000e+00 1.333269389510148284e-01 3.500255080563734883e-02 0.000000000000000000e+00 0.000000000000000000e+00 0.000000000000000000e+00 2.566101809098006101e-02 0.000000000000000000e+00 1.415677034165479520e-01 2.109507002338796566e-02 0.000000000000000000e+00 1.969351844077066316e-01 0.000000000000000000e+00 4.909972065561175880e-02 0.000000000000000000e+00 0.000000000000000000e+00 4.015297205336589709e-02 0.000000000000000000e+00 9.261927891744270100e-03 7.858399233732772660e-02 1.277005917105479837e-01 1.303478927517160747e-02
1.355851425097703844e-02 0.000000000000000000e+00 1.322309821897226512e-01 0.000000000000000000e+00 2.745751449349047302e-02 9.845736996106811689e-02 0.000000000000000000e+00 2.384089803779876685e-02 0.000000000000000000e+00 5.887398336820219569e-02 0.000000000000000000e+00 2.331890997488628714e-01 1.170584801145184706e-01 0.000000000000000000e+00 9.254447856464362299e-02 0.000000000000000000e+00 0.000000000000000000e+00 0.000000000000000000e+00 0.000000000000000000e+00 9.871481241619260716e-02 0.000000000000000000e+00 5.695094110764210849e-02 0.000000000000000000e+00 0.000000000000000000e+00 4.712292574688103225e-02
0.000000000000000000e+00 1.148914542253887811e-01 1.324380240917805984e-01 1.225579694749619458e-03 1.179945997524552703e-01 1.713835408589876597e-01 1.106528061153808085e-02 0.000000000000000000e+00 0.000000000000000000e+00 5.986364706999701066e-03 0.000000000000000000e+00 2.840490019231236563e-01 8.276735209972552187e-02 0.000000000000000000e+00 0.000000000000000000e+00 0.000000000000000000e+00 0.000000000000000000e+00 0.000000000000000000e+00 0.000000000000000000e+00 3.636926994344093916e-02 0.000000000000000000e+00 0.000000000000000000e+00 2.652540579877336793e-03 3.917699151193283075e-02 0.000000000000000000e+00
1.250858661790873183e-01 2.314708632582866688e-01 0.000000000000000000e+00 0.000000000000000000e+00 1.154539893611539712e-02 1.522377981890715992e-01 0.000000000000000000e+00 0.000000000000000000e+00 9.190036431420016416e-02 0.000000000000000000e+00 0.000000000000000000e+00 1.719952191887005599e-01 1.580478311549422532e-01 9.425884338576620558e-03 2.116910996792770519e-02 0.000000000000000000e+00 0.000000000000000000e+00 0.000000000000000000e+00 0.000000000000000000e+00 2.712166447309177428e-02 0.000000000000000000e+00 0.000000000000000000e+00 0.000000000000000000e+00 0.000000000000000000e+00 0.000000000000000000e+00
