0.000000000000000000e+00 0.000000000000000000e+00 1.485728421450959735e-01 0.000000000000000000e+00 1.852305238856696845e-02 0.000000000000000000e+00 1.667469616487469997e-01 0.000000000000000000e+00 1.498161674456863768e-01 4.885069068663992374e-04 0.000000000000000000e+00 1.743263846553677263e-02 0.000000000000000000e+00 1.397186615106007276e-03 2.707192700416042874e-01 0.000000000000000000e+00 0.000000000000000000e+00 0.000000000000000000e+00 0.000000000000000000e+00 0.000000000000000000e+00 1.907475063034238388e-02 1.042560062970654573e-02 3.989358363798225365e-02 3.303353401342179474e-02 1.238759054313371827e-01
1.096310749705778770e-01 0.000000000000000000e+00 0.000000000000000000e+00 0.000000000000000000e+00 1.992364607899925477e-02 0.000000000000000000e+00 1.313011485111864884e-01 2.330692245261557077e-02 0.000000000000000000e+00 0.000000000000000000e+00 5.993671056675389103e-02 2.816849144558512125e-02 1.015957962554222549e-01 4.220592957092539343e-03 1.766909076226138575e-01 0.000000000000000000e+00 0.000000000000000000e+00 0.000000000000000000e+00 0.000000000000000000e+00 0.000000000000000000e+00 0.000000000000000000e+00 0.000000000000000000e+00 5.897326580866718571e-02 1.676018060699026035e-01 1.186496372605834182e-01
9.293974107748081276e-03 3.186812427338615861e-02 2.325579296934581278e-02 6.041883655429229616e-03 4.066362135366136804e-02 0.000000000000000000e+00 2.335503366830569624e-02 0.000000000000000000e+00 2.258209725827550751e-02 3.226721579793773859e-02 0.000000000000000000e+00 1.611911612696733664e-01 1.183503289644934368e-03 5.262831639438803923e-04 9.794405153003640785e-02 8.437931368064895132e-02 2.385874483980504959e-02 2.016290815281216679e-03 2.711244150703900208e-02 1.092919373950385353e-01 0.000000000000000000e+00 4.996167867131315332e-02 1.337882706636788765e-01 1.174747026915494430e-01 1.943877398257664365e-03
0.000000000000000000e+00 4.857721742968858919e-02 0.000000000000000000e+00 0.000000000000000000e+00 0.000000000000000000e+00 0.000000000000000000e+00 0.000000000000000000e+00 0.000000000000000000e+00 1.483054754989426571e-01 2.314058112679527948e-02 0.000000000000000000e+00 2.593206068174558898e-01 0.000000000000000000e+00 0.000000000000000000e+00 3.293149772291811828e-02 0.000000000000000000e+00 0.000000000000000000e+00 0.000000000000000000e+00 0.000000000000000000e+00 7.456621771662011455e-02 0.000000000000000000e+00 2.179255470514995449e-02 2.036744370814297656e-01 1.876914119009996107e-01 0.000000000000000000e+00
1.154499065402107005e-01 1.866744128864804937e-03 1.740487661551801167e-03 0.000000000000000000e+00 1.899219868609720169e-02 0.000000000000000000e+00 1.452772432840528372e-01 0.000000000000000000e+00 3.159699522934922983e-02 0.000000000000000000e+00 0.000000000000000000e+00 1.695323608690904038e-01 3.361382309480443658e-04 7.259411875924846880e-03 2.873251882499769927e-01 0.000000000000000000e+00 0.000000000000000000e+00 3.849618186960277605e-02 3.983049725377041210e-03 7.112217853341646148e-03 0.000000000000000000e+00 0.000000000000000000e+00 3.153580931809845007e-03 1.678782948638017913e-01 0.000000000000000000e+00
2.583938392933144909e-02 1.717139821511078079e-02 8.183124717802879589e-03 0.000000000000000000e+00 1.005026671746636069e-01 0.000000000000000000e+00 1.616786892730660008e-01 1.108501591657614360e-01 8.789512656931387780e-02 9.637565919279125759e-03 1.886972490726300522e-03 2.628412881255482586e-02 3.891195942405687586e-02 0.000000000000000000e+00 2.549652014602266092e-01 9.348461729997144254e-02 0.000000000000000000e+00 0.000000000000000000e+00 0.000000000000000000e+00 1.094241122090809605e-03 0.000000000000000000e+00 0.000000000000000000e+00 4.067175188114838941e-02 2.094301254489562905e-02 0.000000000000000000e+00
5.800415527188480108e-03 9.147551670659438694e-02 4.300545819811777554e-02 0.000000000000000000e+00 1.030154458261557521e-01 2.278510194516509754e-03 1.125866958995205003e-01 0.000000000000000000e+00 8.062051672271631358e-03 2.111976367436696200e-01 3.302683488748773058e-03 6.735233431961220023e-04 2.070707805775961769e-03 0.000000000000000000e+00 2.300950237370021356e-01 9.433657516894125572e-02 4.510332988289652081e-03 0.000000000000000000e+00 1.358472521992816311e-02 0.000000000000000000e+00 0.000000000000000000e+00 0.000000000000000000e+00 1.578812985510536296e-02 0.000000000000000000e+00 5.821656762497785798e-02
6.000839710978761975e-03 4.657308245833377720e-03 9.743624990209420744e-02 0.000000000000000000e+00 2.298544123465124517e-02 0.000000000000000000e+00 2.622975489903764043e-02 3.267165007019228341e-03 8.140257896261766934e-02 7.980541354081374661e-02 0.000000000000000000e+00 1.329944176540485690e-01 8.616760348767991962e-02 0.000000000000000000e+00 1.480227273034264712e-01 3.472437514833585925e-02 9.977333768414381465e-02 5.927609161836594823e-03 1.074029643875731854e-02 0.000000000000000000e+00 5.408725921217718072e-03 0.000000000000000000e+00 4.509518238644272259e-02 9.631410437711587780e-02 1.304686893394915205e-02
0.000000000000000000e+00 1.276719945594078330e-02 6.386629977690998217e-02 0.000000000000000000e+00 3.847068835645125941e-03 0.000000000000000000e+00 8.151316452449727801e-02 1.350224436160574713e-02 4.222302861991193007e-02 0.000000000000000000e+00 0.000000000000000000e+00 2.116301508810205512e-01 2.970215598280480720e-03 2.027366125566434484e-03 1.611167397490101127e-01 2.171235986244922193e-03 1.053273044391706686e-01 0.000000000000000000e+00 7.011461179706642878e-03 8.983198193415029009e-02 0.000000000000000000e+00 0.000000000000000000e+00 1.298720401387014334e-01 1.335905116177993519e-03 6.898659327745966519e-02
0.000000000000000000e+00 0.000000000000000000e+00 0.000000000000000000e+00 0.000000000000000000e+00 6.159090193828455073e-02 2.312570707181437445e-03 1.306321860291842496e-01 1.575698415013818410e-01 1.192194383465395441e-02 0.000000000000000000e+00 0.000000000000000000e+00 1.691956180864462034e-01 8.036081664585777509e-03 0.000000000000000000e+00 3.245369041170385188e-02 0.000000000000000000e+00 0.000000000000000000e+00 3.133811132857331622e-02 2.133510681840191381e-01 2.984699213695950551e-02 8.576082216777466266e-03 0.000000000000000000e+00 0.000000000000000000e+00 1.330897353951811376e-03 1.418440146062968366e-01
0.000000000000000000e+00 0.000000000000000000e+00 1.262521893525371530e-01 8.691122229042683167e-03 4.345665619294879906e-02 0.000000000000000000e+00 9.338954033883631323e-02 1.472624780619430918e-01 0.000000000000000000e+00 0.000000000000000000e+00 6.512830446528050654e-02 1.633813102563070885e-01 1.361119866102402515e-03 0.000000000000000000e+00 3.085147873465229895e-01 0.000000000000000000e+00 0.000000000000000000e+00 0.000000000000000000e+00 0.000000000000000000e+00 9.427590859419982677e-03 0.000000000000000000e+00 0.000000000000000000e+00 0.000000000000000000e+00 0.000000000000000000e+00 3.313490103105896922e-02
0.000000000000000000e+00 0.000000000000000000e+00 9.321536811274552369e-04 1.078281026705049314e-02 3.681774633317396600e-02 1.827208523859525363e-06 1.730755912206362046e-01 1.047002086605925836e-01 3.937438833888824014e-02 1.526353675782921894e-02 1.437301599391244307e-02 1.148546499960615384e-02 0.000000000000000000e+00 0.000000000000000000e+00 3.240916840024902212e-01 0.000000000000000000e+00 0.000000000000000000e+00 0.000000000000000000e+00 1.261101542329365888e-01 2.514775931532077079e-03 0.000000000000000000e+00 1.583752887928790293e-02 1.213650851330851932e-01 2.414246858411703799e-03 8.597815009156964004e-04
0.000000000000000000e+00 5.237864968528885973e-02 1.059938885270625825e-01 8.694814100206312013e-02 1.044055832551645246e-01 0.000000000000000000e+00 9.897311979867441656e-02 0.000000000000000000e+00 4.173571833788039531e-02 5.733446744842272610e-03 0.000000000000000000e+00 1.443978316254694305e-01 8.174211555320005929e-02 0.000000000000000000e+00 7.011100823316498455e-03 5.344152821085723648e-02 0.000000000000000000e+00 4.572059423240882291e-03 1.674015788245350189e-01 8.201125824015210314e-03 0.000000000000000000e+00 2.870782225812137933e-02 0.000000000000000000e+00 2.283627093725912327e-03 6.072663012542230121e-03
9.727072168813745423e-02 9.783383795945304121e-03 0.000000000000000000e+00 6.505913689022339505e-03 1.016665769859744078e-01 2.668820038785512869e-02 1.327028606812319933e-01 1.600569673145416831e-03 0.000000000000000000e+00 5.554622332777535421e-02 0.000000000000000000e+00 5.374910862117733557e-02 0.000000000000000000e+00 0.000000000000000000e+00 1.710131378169517102e-01 5.238152312897773923e-03 8.014531356042010847e-04 1.241250691336310413e-02 1.310695922353209142e-01 0.000000000000000000e+00 0.000000000000000000e+00 0.000000000000000000e+00 3.339544013897017410e-02 1.282843889675899449e-02 1.477277196998683650e-01
0.000000000000000000e+00 5.447220710585151714e-04 1.377606523988799958e-01 0.000000000000000000e+00 1.172277845302357145e-02 1.101055809433379960e-02 1.843566236671525527e-01 0.000000000000000000e+00 2.979407219882367411e-02 2.238995682652717423e-01 0.000000000000000000e+00 1.349989546974647292e-01 1.145042229378237103e-01 7.618930436197031419e-02 8.177700245599606177e-03 0.000000000000000000e+00 1.701398195372494371e-02 0.000000000000000000e+00 0.000000000000000000e+00 0.000000000000000000e+00 0.000000000000000000e+00 0.000000000000000000e+00 4.138456008633203953e-02 0.000000000000000000e+00 8.642300568540779021e-03
0.000000000000000000e+00 0.000000000000000000e+00 0.000000000000000000e+00 1.170092572324014785e-01 3.907590383666002809e-02 0.000000000000000000e+00 5.629097299492023809e-02 1.360990532828424250e-03 1.545214464463543769e-01 0.000000000000000000e+00 0.000000000000000000e+00 1.761428365617194181e-01 0.000000000000000000e+00 0.000000000000000000e+00 1.708533296407312718e-01 0.000000000000000000e+00 0.000000000000000000e+00 0.000000000000000000e+00 7.785900778678456029e-03 0.000000000000000000e+00 0.000000000000000000e+00 0.000000000000000000e+00 1.013575028942385464e-01 1.507755767523497048e-01 2.482628232911803651e-02
0.000000000000000000e+00 0.000000000000000000e+00 1.373459186275698685e-01 2.799125374523949925e-02 1.816265412968047499e-01 7.506548210034290347e-03 1.558491286487159906e-02 3.372595096819194088e-02 0.000000000000000000e+00 1.936569055332748868e-01 0.000000000000000000e+00 1.268490746348396349e-02 9.112324444339485116e-03 0.000000000000000000e+00 4.509761271904871166e-02 0.000000000000000000e+00 7.794109113322000848e-02 0.000000000000000000e+00 1.269636606955971692e-01 9.773347716466849328e-03 2.056969539517568930e-04 5.100893489930510144e-02 1.817910950942996928e-02 0.000000000000000000e+00 5.159528321917019461e-02
0.000000000000000000e+00 6.498776297938640284e-03 1.508325317567150159e-01 0.000000000000000000e+00 8.812713589790336158e-03 1.074781238320368371e-01 1.492888997797668371e-01 7.280651582303721003e-02 1.150474856742774443e-01 1.841022627679895773e-01 0.000000000000000000e+00 1.668098437878531154e-02 0.000000000000000000e+00 0.000000000000000000e+00 1.542301987588269585e-01 0.000000000000000000e+00 0.000000000000000000e+00 4.501738185787770505e-03 1.932522898301326439e-02 0.000000000000000000e+00 0.000000000000000000e+00 0.000000000000000000e+00 0.000000000000000000e+00 0.000000000000000000e+00 1.039454017203460950e-02
0.000000000000000000e+00 6.171489067331242112e-02 0.000000000000000000e+00 6.143507630640411728e-03 1.358866643672894045e-02 0.000000000000000000e+00 6.447677194618105234e-03 9.453052881853486744e-02 6.488762120353136487e-02 1.403696922037514783e-01 0.000000000000000000e+00 4.591460782146124242e-02 8.107795422001990967e-04 0.000000000000000000e+00 1.960709976159687729e-01 4.194949891789846730e-02 0.000000000000000000e+00 2.936008633128303299e-04 2.494200800941768700e-02 1.674236963791793939e-03 1.238999428078490714e-02 0.000000000000000000e+00 2.524936184236711290e-01 2.718029644123314340e-02 8.597776959142235803e-03
0.000000000000000000e+00 0.000000000000000000e+00 2.355651266994638043e-03 0.000000000000000000e+00 0.000000000000000000e+00 0.000000000000000000e+00 4.478874804031291942e-03 1.224967614538736566e-01 7.448369356364792360e-02 8.211147666916879251e-02 0.000000000000000000e+00 1.060614287816886298e-01 2.085270157829325743e-03 1.172734115390267062e-02 1.288718777768894652e-01 6.354565109937290561e-03 1.366108826992746828e-01 1.021489227322189414e-01 1.901656839732784876e-02 2.876421827299683286e-03 1.878069735752387753e-02 0.000000000000000000e+00 7.219942800207303224e-03 2.958090129562060064e-02 1.427387221525634742e-01
8.279777991955865335e-02 1.672151213766137068e-01 2.205020423257901888e-02 2.102580810681007294e-03 6.167458494108828126e-02 1.026509267498716127e-01 1.372948287583035665e-01 0.000000000000000000e+00 1.383028069738043847e-02 7.475307519521323663e-02 0.000000000000000000e+00 1.307880771924641028e-01 0.000000000000000000e+00 8.339964501568442436e-04 1.852496082020620993e-01 0.000000000000000000e+00 0.000000000000000000e+00 2.441412367349858874e-03 5.963198400180612022e-03 0.000000000000000000e+00 0.000000000000000000e+00 0.000000000000000000e+00 1.035432470649686083e-02 0.000000000000000000e+00 0.000000000000000000e+00
0.000000000000000000e+00 5.797726772394828920e-02 1.203301520947137465e-01 0.000000000000000000e+00 1.565679395900918544e-03 0.000000000000000000e+00 1.498172237822676389e-01 5.467253900550497064e-03 1.959684188687887962e-02 1.654779921221235794e-01 0.000000000000000000e+00 1.775028340302297336e-01 5.031725965825284246e-03 0.000000000000000000e+00 2.868459304293211609e-01 6.718174207243346116e-04 0.000000000000000000e+00 0.000000000000000000e+00 0.000000000000000000e+00 0.000000000000000000e+00 0.000000000000000000e+00 0.000000000000000000e+00 2.510711612776174093e-03 7.204569634739831085e-03 0.000000000000000000e+00
0.000000000000000000e+00 0.000000000000000000e+00 1.213925605128507862e-01 0.000000000000000000e+00 6.755583805523812050e-04 1.850567828945924066e-03 1.514633158136170499e-01 1.188018946537152884e-02 1.446416525449998047e-01 1.174297593512012251e-03 0.000000000000000000e+00 4.127093676477801287e-02 3.039770508365391768e-02 0.000000000000000000e+00 3.162758870780953413e-01 0.000000000000000000e+00 0.000000000000000000e+00 1.298411851199412353e-02 1.455921288366888479e-02 1.560230426337283829e-02 0.000000000000000000e+00 0.000000000000000000e+00 1.599504736836387117e-03 1.342321885377509849e-01 0.000000000000000000e+00
0.000000000000000000e+00 1.081468458072642157e-02 1.683798795272965776e-02 0.000000000000000000e+00 1.183072583223041159e-02 0.000000000000000000e+00 1.135371363228731001e-01 1.149098191156010251e-01 8.416399364481155776e-02 5.923020075343852359e-02 0.000000000000000000e+00 2.864400369170392799e-02 0.000000000000000000e+00 0.000000000000000000e+00 1.952321769789500117e-01 0.000000000000000000e+00 1.400761553993874796e-03 0.000000000000000000e+00 1.339799421043700867e-01 0.000000000000000000e+00 1.879678398720408547e-03 1.301975755300329753e-02 1.142223449628814308e-01 4.568708619343362504e-02 5.460970036053258703e-02
8.455549631759011475e-02 5.189350883248310814e-02 1.224291175110896364e-02 2.718523300654787991e-03 6.455189518955246897e-02 0.000000000000000000e+00 5.354615515461922520e-02 6.804483693468930949e-02 1.897907560999314430e-02 1.570805003287504553e-01 0.000000000000000000e+00 0.000000000000000000e+00 0.000000000000000000e+00 1.241159184495256671e-03 3.148935495815861074e-01 0.000000000000000000e+00 0.000000000000000000e+00 7.889488310289660342e-03 0.000000000000000000e+00 0.000000000000000000e+00 0.000000000000000000e+00 0.000000000000000000e+00 8.632731686391448712e-04 0.000000000000000000e+00 1.614996263355483186e-01
1.269970892651320522e-02 1.953715906719953321e-01 2.416728266764652661e-02 0.000000000000000000e+00 7.815372477432719345e-03 0.000000000000000000e+00 1.368579239427683003e-01 5.804947475523979106e-02 1.550067091874861042e-03 2.791913527280681651e-02 0.000000000000000000e+00 1.353602471361328718e-01 1.276637167348017472e-02 3.930189173037845936e-03 1.455356908884456249e-02 1.113468836399410383e-01 1.192885686184525645e-02 6.624673342547614816e-04 2.730430449589189845e-02 0.000000000000000000e+00 0.000000000000000000e+00 2.153822234048798686e-03 1.454354927103501116e-01 4.129792984638847725e-02 2.882930999950670398e-02
0.000000000000000000e+00 0.000000000000000000e+00 0.000000000000000000e+00 1.361647681260759815e-02 1.961507477482277509e-02 0.000000000000000000e+00 3.173620568547926013e-02 1.249211223782576013e-01 5.807642988107327743e-03 2.260475555460177144e-01 4.100438406931775775e-02 1.049150510420977928e-01 0.000000000000000000e+00 0.000000000000000000e+00 6.349130221882594294e-02 0.000000000000000000e+00 0.000000000000000000e+00 0.000000000000000000e+00 0.000000000000000000e+00 0.000000000000000000e+00 0.000000000000000000e+00 4.718270484015200245e-02 1.210313219747949365e-01 1.945529917697655931e-01 6.078165899753573687e-03
0.000000000000000000e+00 2.475215527635030166e-02 0.000000000000000000e+00 0.000000000000000000e+00 1.377536296529545123e-01 0.000000000000000000e+00 2.913038314195371403e-01 1.587943607865129614e-01 1.627951693435350788e-01 4.504447128028405550e-03 0.000000000000000000e+00 0.000000000000000000e+00 7.295781726857156375e-03 5.075598107508973904e-04 1.610729751974547541e-01 0.000000000000000000e+00 3.365937410042454253e-04 3.452093900144470595e-02 0.000000000000000000e+00 0.000000000000000000e+00 0.000000000000000000e+00 0.000000000000000000e+00 0.000000000000000000e+00 2.690233165242697771e-03 1.367232375032722234e-02
0.000000000000000000e+00 0.000000000000000000e+00 9.526903575911485622e-02 6.821656445207743835e-02 9.153336837859818442e-02 0.000000000000000000e+00 4.098490303620531960e-02 5.373872685550893638e-04 0.000000000000000000e+00 0.000000000000000000e+00 0.000000000000000000e+00 2.037103916847685381e-01 6.962768246640517467e-02 1.053503112690332231e-03 7.447404541548822629e-03 0.000000000000000000e+00 0.000000000000000000e+00 0.000000000000000000e+00 0.000000000000000000e+00 2.169524000729856905e-02 0.000000000000000000e+00 2.163657403397695536e-02 2.142830212894855646e-01 1.640049239692750183e-01 0.000000000000000000e+00
0.000000000000000000e+00 8.365514594689010819e-03 4.845464906545863398e-02 0.000000000000000000e+00 3.303439963613092473e-02 0.000000000000000000e+00 1.944759835512858415e-01 0.000000000000000000e+00 9.317059345451222940e-02 4.549165525518177738e-02 0.000000000000000000e+00 1.020859244629336443e-01 4.405468727831865494e-02 0.000000000000000000e+00 2.705838499785522266e-01 0.000000000000000000e+00 5.681973708780822113e-03 0.000000000000000000e+00 1.662615641566484283e-03 5.159654920932219219e-04 0.000000000000000000e+00 4.108586306743616627e-03 0.000000000000000000e+00 1.483136015737530067e-01 0.000000000000000000e+00
2.424810663827435889e-02 1.975206948396810488e-03 0.000000000000000000e+00 0.000000000000000000e+00 5.312036145844081098e-02 1.087467096912646258e-02 1.389035759688007354e-01 0.000000000000000000e+00 2.447532963193217725e-01 9.043012694960948610e-04 0.000000000000000000e+00 1.647374834909582919e-01 0.000000000000000000e+00 0.000000000000000000e+00 1.814402440239610832e-04 3.755056500650186778e-03 0.000000000000000000e+00 4.709273071865248406e-02 1.360099362553157387e-01 0.000000000000000000e+00 1.024741342255399562e-02 0.000000000000000000e+00 0.000000000000000000e+00 4.013162948647908297e-03 1.591832568473403597e-01
1.170117446873791683e-01 2.314697542735347571e-02 0.000000000000000000e+00 4.387703271262688443e-02 0.000000000000000000e+00 2.818731051400939769e-02 1.436236853119786938e-01 1.336286027087971173e-01 1.388962178938124570e-01 2.037946793222063235e-02 0.000000000000000000e+00 0.000000000000000000e+00 0.000000000000000000e+00 0.000000000000000000e+00 1.305233123776209647e-01 1.808189947546916937e-04 0.000000000000000000e+00 0.000000000000000000e+00 0.000000000000000000e+00 0.000000000000000000e+00 0.000000000000000000e+00 0.000000000000000000e+00 3.200312346682796655e-02 3.697291915550581648e-02 1.515687888171126929e-01
0.000000000000000000e+00 0.000000000000000000e+00 1.496605350971367820e-01 1.054951225119648700e-01 6.732661828237312095e-03 0.000000000000000000e+00 2.902702839883964520e-03 4.568583968805337361e-03 1.113735016664824662e-01 2.857837157975629330e-03 0.000000000000000000e+00 1.641154791821537173e-01 0.000000000000000000e+00 0.000000000000000000e+00 1.611522724707513954e-01 2.601398679261972182e-03 2.760142480779628413e-02 0.000000000000000000e+00 1.450063742435999115e-01 6.456355058048547950e-04 0.000000000000000000e+00 0.000000000000000000e+00 9.265171125428300555e-03 4.927020008471433982e-02 5.675109883000289263e-02
0.000000000000000000e+00 0.000000000000000000e+00 1.582058257930948897e-02 0.000000000000000000e+00 1.218422569073452921e-01 0.000000000000000000e+00 1.715160433507326165e-01 0.000000000000000000e+00 1.561203765685635451e-02 0.000000000000000000e+00 0.000000000000000000e+00 1.393784559990933480e-01 0.000000000000000000e+00 0.000000000000000000e+00 7.259158587684566566e-02 0.000000000000000000e+00 9.830572475795181994e-03 3.562554862925535609e-02 1.232959825033821087e-02 4.165522888401047667e-03 0.000000000000000000e+00 2.406183541317240705e-03 2.429277831684241995e-01 1.559538286762859882e-01 0.000000000000000000e+00
5.778931999958887566e-03 0.000000000000000000e+00 1.247643147368146174e-02 0.000000000000000000e+00 1.084272123115255851e-02 2.841901402795994278e-02 2.703263799090065839e-02 1.336116603483723242e-01 1.403903740173770009e-01 1.974484773368429813e-01 0.000000000000000000e+00 0.000000000000000000e+00 0.000000000000000000e+00 0.000000000000000000e+00 0.000000000000000000e+00 0.000000000000000000e+00 0.000000000000000000e+00 1.253579640139497464e-01 1.879921798749636247e-02 0.000000000000000000e+00 0.000000000000000000e+00 0.000000000000000000e+00 0.000000000000000000e+00 1.557300205367447010e-01 1.441125490355632255e-01
1.333736741878425959e-03 0.000000000000000000e+00 0.000000000000000000e+00 1.981621464863086643e-02 1.690110826182715520e-01 0.000000000000000000e+00 0.000000000000000000e+00 0.000000000000000000e+00 7.327418107401052760e-02 2.765830322994722659e-02 1.178416499001446599e-02 1.715347032526010618e-01 1.770675415455757670e-02 0.000000000000000000e+00 1.633147702110060440e-01 7.478021634071538304e-02 3.508952000812804329e-03 0.000000000000000000e+00 4.682406491777412263e-03 2.773123486438814830e-02 0.000000000000000000e+00 0.000000000000000000e+00 6.691550569876589249e-02 0.000000000000000000e+00 1.669477736826224801e-01
0.000000000000000000e+00 0.000000000000000000e+00 6.458277319095206970e-02 0.000000000000000000e+00 7.462018037097420571e-03 1.126569672537732977e-03 0.000000000000000000e+00 0.000000000000000000e+00 8.000314704698913496e-03 0.000000000000000000e+00 2.607802933883748842e-02 1.635899917273914428e-01 0.000000000000000000e+00 0.000000000000000000e+00 2.984518013185683549e-01 0.000000000000000000e+00 0.000000000000000000e+00 1.816900284353868342e-02 0.000000000000000000e+00 1.087683883349674224e-01 0.000000000000000000e+00 0.000000000000000000e+00 1.111369313084531879e-01 1.587263888588483218e-01 3.390779066410915671e-02
1.125303901069685253e-01 7.307685723280149710e-04 0.000000000000000000e+00 0.000000000000000000e+00 0.000000000000000000e+00 2.935155458305849924e-03 1.078538094247705054e-01 0.000000000000000000e+00 0.000000000000000000e+00 3.399064591126045587e-02 0.000000000000000000e+00 1.276923123337777854e-01 0.000000000000000000e+00 0.000000000000000000e+00 4.997268448543205205e-02 0.000000000000000000e+00 5.852223279951389474e-03 2.191356534884966734e-02 0.000000000000000000e+00 1.188235454983615630e-01 0.000000000000000000e+00 1.966855439824104906e-02 1.456469931416813357e-01 1.641982735325319964e-01 8.819107850753993283e-02
0.000000000000000000e+00 0.000000000000000000e+00 1.441530796951139282e-01 0.000000000000000000e+00 6.124866673989966259e-02 0.000000000000000000e+00 1.382394207090543309e-02 0.000000000000000000e+00 7.081842596629678299e-02 0.000000000000000000e+00 3.290822089705026238e-02 1.097797620431469334e-01 1.533127139828497536e-03 0.000000000000000000e+00 2.557143133345070596e-01 0.000000000000000000e+00 3.168200110133768260e-02 0.000000000000000000e+00 0.000000000000000000e+00 0.000000000000000000e+00 2.256404630186712237e-02 0.000000000000000000e+00 0.000000000000000000e+00 1.322200211309812190e-01 1.235543935790655717e-01
1.012471403623865646e-01 1.673991455128589698e-02 0.000000000000000000e+00 0.000000000000000000e+00 5.706335546951713834e-03 4.537055694315491293e-03 1.741219915983018285e-01 1.372132213647603016e-01 5.737183680368516253e-02 1.297768501167597122e-01 0.000000000000000000e+00 1.115885918411481798e-01 0.000000000000000000e+00 0.000000000000000000e+00 8.727598449810336501e-02 3.847845027537268731e-02 1.629531954100554153e-02 1.231301378597852471e-02 1.530736890178654823e-02 1.156952137344464254e-02 0.000000000000000000e+00 0.000000000000000000e+00 4.044815513351752295e-02 3.114133779563137486e-02 8.867910815564926039e-03
6.586066871666013123e-02 1.310585032977659159e-01 0.000000000000000000e+00 0.000000000000000000e+00 7.497633510891481279e-02 0.000000000000000000e+00 8.044071895143302398e-02 0.000000000000000000e+00 2.040008791008066438e-02 1.899560456618926696e-01 0.000000000000000000e+00 1.669156303096933081e-01 8.855353106235719710e-03 0.000000000000000000e+00 1.702321929874023310e-01 6.869949448993160901e-02 0.000000000000000000e+00 0.000000000000000000e+00 1.785415616156503862e-02 3.625875422648178366e-03 0.000000000000000000e+00 0.000000000000000000e+00 0.000000000000000000e+00 9.567123018027805454e-04 1.682255739737408874e-04
2.080368553068360701e-02 0.000000000000000000e+00 0.000000000000000000e+00 0.000000000000000000e+00 0.000000000000000000e+00 6.472336683395580118e-03 1.410333921991130390e-01 2.288499551280989870e-03 4.099956074806625911e-02 8.406550624132466025e-04 1.319756214069390740e-02 6.486087439623171302e-02 8.704945901865852875e-02 0.000000000000000000e+00 3.099062976882255849e-01 0.000000000000000000e+00 1.054717435479924498e-01 5.250652275205987957e-03 0.000000000000000000e+00 6.059897112811112735e-02 0.000000000000000000e+00 0.000000000000000000e+00 7.020185210160785443e-03 2.833510314567502450e-02 1.058710216740921667e-01
1.094412459862436210e-01 4.117802089963643573e-03 0.000000000000000000e+00 0.000000000000000000e+00 3.382143617359922080e-03 0.000000000000000000e+00 8.788458085614481163e-02 5.856220905374966840e-02 1.638363594218464683e-02 1.708549370436760473e-01 0.000000000000000000e+00 1.575452997736925542e-01 0.000000000000000000e+00 0.000000000000000000e+00 4.137393358065424853e-02 0.000000000000000000e+00 1.099758583777699257e-02 0.000000000000000000e+00 0.000000000000000000e+00 8.877983074732857804e-03 0.000000000000000000e+00 0.000000000000000000e+00 1.760906664012157063e-01 1.544879767426053929e-01 0.000000000000000000e+00
0.000000000000000000e+00 1.742781599835691378e-02 1.918149565351408292e-02 2.334942054945820470e-03 9.139774547917182967e-02 2.022345568611669600e-02 4.067148220093189798e-02 3.288373638047927677e-02 1.424452030914135671e-02 5.128575374736363268e-03 0.000000000000000000e+00 1.808581802226752189e-01 3.961306697978399238e-02 2.301923985399661598e-03 4.959842961104769105e-02 1.023309076072484169e-01 1.423689001520220265e-01 4.628774450404225631e-03 0.000000000000000000e+00 0.000000000000000000e+00 0.000000000000000000e+00 0.000000000000000000e+00 9.120515472463794696e-03 9.877939634751153886e-02 1.269061360340492939e-01
2.362732356204975612e-02 5.459783794745090568e-02 0.000000000000000000e+00 0.000000000000000000e+00 0.000000000000000000e+00 0.000000000000000000e+00 2.544115354076725843e-02 0.000000000000000000e+00 5.128014273673096174e-02 0.000000000000000000e+00 5.383445623708766649e-03 1.530425627563028745e-01 0.000000000000000000e+00 0.000000000000000000e+00 1.378507346578990711e-01 1.118670121003385726e-01 1.222173116009590138e-01 0.000000000000000000e+00 1.390659987882642001e-01 1.090751401127767473e-01 9.850499713052351947e-03 1.925121837610043254e-02 1.686992384950513485e-02 1.322453105540544356e-02 7.355163578688508202e-03
