0.000000000000000000e+00 3.254886094808764202e-02 7.969515603551956609e-03 1.792599113649986919e-02 2.365539969793840555e-02 9.841382346382723800e-02 9.896345437686944468e-02 0.000000000000000000e+00 1.069431668360074222e-01 1.225883166346147454e-02 7.808354467373302375e-03 9.361289387747859236e-02 5.950513872958633271e-04 5.375762988508633530e-03 6.887292647088164022e-03 0.000000000000000000e+00 2.104821175545731199e-02 1.352608440630966580e-01 1.971855966177529507e-01 1.335469484697049958e-01
0.000000000000000000e+00 2.367335671364802219e-02 1.056642961595879171e-01 3.075258039184087383e-02 1.651989321235869477e-03 1.709127180399332493e-02 3.808709512767181112e-03 1.467601695962212904e-01 1.879105526977040141e-01 1.106670255274111447e-01 3.080390079818064175e-02 1.524483034239538792e-01 0.000000000000000000e+00 1.551674359380464559e-02 9.992275833615030852e-04 0.000000000000000000e+00 1.148060974696538117e-01 4.705670910986313633e-03 3.988775067624057702e-02 1.285235381940909999e-02
2.293753017312281754e-03 8.405101320554507482e-02 1.225703624116956519e-01 1.548327925554864315e-01 1.010363058700427530e-01 2.088631149826935748e-02 9.613584972415488428e-02 1.858311933023958085e-03 1.352295102053174825e-02 0.000000000000000000e+00 0.000000000000000000e+00 1.714665993347452289e-01 6.398079892956575095e-03 2.631609097398910149e-03 4.698717249418184888e-02 0.000000000000000000e+00 0.000000000000000000e+00 1.332900203983823119e-02 2.734282286238977691e-02 1.346570630424273329e-01
0.000000000000000000e+00 2.683279790670208345e-02 1.208796970636303106e-02 9.736900829878515629e-02 5.236439072696359026e-02 1.012189584523867092e-01 4.464856142941179412e-03 5.864580190123400844e-02 1.259027437414763917e-01 5.445517212723288009e-02 4.199226947218105688e-02 9.929426403885889540e-02 0.000000000000000000e+00 2.633234823395121972e-03 1.651237502174625457e-04 1.752762262009594299e-02 4.785847305300733323e-02 9.600722593898215751e-02 1.579023870510493366e-01 3.277700248127574188e-03
9.261783731766465300e-02 9.316105303803479121e-02 1.193758015974675417e-03 1.871864393213223954e-02 1.769795105533511568e-04 9.260052421843708789e-03 3.534690924746722611e-04 1.479219376593234178e-03 0.000000000000000000e+00 0.000000000000000000e+00 0.000000000000000000e+00 1.615015236746120131e-01 2.178362657442114991e-02 2.846614291034372385e-02 1.442985347062233047e-02 0.000000000000000000e+00 1.475245682373182432e-01 9.494296962607283452e-02 1.766378295919821817e-01 1.377524732093561022e-01
1.081351598754764880e-02 1.308572894315114810e-01 2.646380414139299503e-02 1.116490689400298497e-02 1.199507307621699125e-02 1.612593523192785983e-02 8.844815449099621002e-03 9.438205775659229413e-02 4.742703829142685956e-02 1.473114581523263765e-02 0.000000000000000000e+00 2.332970478037511841e-01 3.839989539850913874e-02 5.009755941523730272e-02 2.578229663400153845e-02 1.877831764406413806e-01 3.646778923502084352e-02 6.645494809489311573e-03 4.872115818839800605e-02 0.000000000000000000e+00
2.578407931080998680e-02 1.926300634934353939e-02 0.000000000000000000e+00 6.260254909431711701e-02 1.325834434812022192e-02 3.342164026919927644e-02 3.321615004983431620e-03 1.185586639171192468e-02 1.361406051963696684e-01 5.857289704189803936e-02 4.453866571012102260e-02 2.599378801590270793e-01 1.380933249066298475e-02 9.731212286164659178e-03 6.370308860094998351e-04 0.000000000000000000e+00 1.236873603153620660e-01 1.189790763864828453e-02 1.715400075072512354e-01 0.000000000000000000e+00
0.000000000000000000e+00 3.480501848548730320e-02 9.496206135566464396e-03 5.275219198727287839e-02 2.486404332037954468e-02 1.519195987259728577e-02 1.017598092322190978e-01 1.400455865214445851e-02 1.189221888994659027e-01 2.580664291162289986e-02 0.000000000000000000e+00 9.790571113511373214e-02 1.215844403690210379e-03 3.950050781628883234e-02 3.218966307696275592e-02 0.000000000000000000e+00 1.157204401315402031e-01 3.574149360304833267e-02 6.482460855744817674e-02 2.152991117791518694e-01
0.000000000000000000e+00 1.299863871958598649e-01 1.229849386252677111e-02 1.133536002113431085e-01 0.000000000000000000e+00 1.095752412874453560e-02 0.000000000000000000e+00 1.784741313973541021e-02 9.225977894980409710e-02 1.232064352335925789e-01 3.827276173763165864e-03 1.265364029493934728e-01 0.000000000000000000e+00 6.259636517384323598e-03 7.419966932407251296e-03 2.103677269589873243e-04 1.486940061118116885e-01 4.487171763338585785e-03 1.752127771569945425e-01 2.744276194634152552e-02
5.716153216265029702e-02 1.077415489018017369e-01 3.610686636652170323e-02 8.096522191394732448e-02 1.254987843162945205e-01 8.728018978602505168e-03 6.541386991679662422e-02 1.096421443511282484e-01 5.782005313932664370e-02 1.154256555590375960e-01 0.000000000000000000e+00 1.449162930508441915e-01 0.000000000000000000e+00 0.000000000000000000e+00 1.542848755359469727e-02 3.214075726815484799e-03 1.084280051310008118e-02 5.331500069307350265e-02 0.000000000000000000e+00 7.779646856465014665e-03
8.372071630266990968e-04 4.271035448736131696e-02 1.836880449815665728e-02 6.363541240513936881e-02 6.443597263209991689e-03 8.682182574953531060e-03 1.784528828850860324e-02 0.000000000000000000e+00 5.670827744309908658e-02 0.000000000000000000e+00 2.271275745475115695e-02 2.860753592656272160e-01 3.099878177222915865e-02 0.000000000000000000e+00 5.782651026921301063e-02 0.000000000000000000e+00 6.549629211938618953e-03 1.126442006089688197e-01 1.539223446931110018e-01 1.140392926007057078e-01
6.741164508426769880e-04 2.372246393863448963e-03 1.332926694406879817e-02 1.807385794593864559e-02 2.948444435925280400e-03 8.623107021299539904e-03 7.150560073855213861e-02 6.151486144561384151e-02 1.542990935709078471e-01 4.626866766933436514e-02 0.000000000000000000e+00 2.345685511032337134e-01 4.282511724715426689e-03 5.516335200676296402e-02 3.076137006707480720e-02 7.580085647718562414e-02 0.000000000000000000e+00 1.109046604618864618e-01 2.695013926669624985e-02 8.195929627609818691e-02
2.617950880812503194e-03 1.529795238898373488e-01 3.470161021011911647e-03 3.743898608757137425e-02 1.874128706393666730e-03 3.372321616065168670e-02 1.913381846204682520e-03 1.301707777634434904e-01 1.421714731092961759e-01 2.420037609643442816e-03 1.622797528203311079e-02 2.661011894483671369e-01 1.356255090671687653e-02 2.468951049507367435e-03 3.406240916882036923e-02 0.000000000000000000e+00 1.115843262662837981e-01 4.339493385412832721e-02 0.000000000000000000e+00 3.818026949276636002e-03
0.000000000000000000e+00 1.255891633527860263e-01 1.589579223161135396e-02 2.043534839017602592e-02 2.733120683487589089e-02 8.834943478840510261e-03 1.123453692037107571e-01 1.370156548876101388e-01 2.986108954866509985e-02 1.620302013664864579e-02 0.000000000000000000e+00 1.611272754364814763e-01 1.618260006767615125e-02 1.174594001735100937e-03 1.375927983467240268e-01 2.330119177253615545e-02 8.565944049411441941e-02 6.229094732982684568e-02 0.000000000000000000e+00 1.915956448598131814e-02
0.000000000000000000e+00 6.595951585228279103e-03 0.000000000000000000e+00 0.000000000000000000e+00 1.171437280819017865e-02 1.349577015872977220e-03 4.067025376409252879e-02 9.207340555424027573e-02 2.131656711257933212e-01 1.507413122847723816e-02 1.211719076908681671e-03 1.486445303560571529e-01 0.000000000000000000e+00 4.129970214680233481e-02 1.440340683154543444e-01 0.000000000000000000e+00 1.138171103999440353e-01 1.575708080336730432e-01 1.277869858926560832e-02 0.000000000000000000e+00
6.877084997085153480e-03 0.000000000000000000e+00 3.793722713341802534e-03 2.126601062126761560e-02 3.354066807786916515e-02 0.000000000000000000e+00 7.120387239508238486e-02 4.517397891257792647e-02 1.651041922432646553e-02 5.665388167402171660e-02 7.522743190704330937e-03 2.647140812386949427e-01 1.391765532674528183e-01 0.000000000000000000e+00 2.083711774667712513e-02 0.000000000000000000e+00 1.634363848348400052e-04 1.127863592183897361e-02 1.655640750660574700e-01 1.357237185681670621e-01
6.218360404351496590e-02 5.354628574886992343e-02 4.870235998858209181e-02 1.086358428987937649e-02 1.217545062705424341e-01 2.822384828071296606e-02 3.088194549425839555e-02 2.073781742490256874e-01 2.138920079452701767e-02 0.000000000000000000e+00 0.000000000000000000e+00 1.145664097613164623e-01 1.294310612492835175e-02 0.000000000000000000e+00 1.110673647883007355e-02 1.596848671243296380e-02 8.356398513153605323e-02 1.108835847055246043e-01 6.473737949485439125e-02 1.306802430664440228e-03
1.867860056642970182e-02 1.381693923948205671e-01 4.245454223447740413e-03 1.869636700485892639e-03 1.409679084249415848e-01 8.987697225212355756e-02 4.412164294858047370e-03 1.083643689360883761e-01 1.583497906991667564e-02 1.134072441595916081e-01 3.060116253231419354e-05 1.094238395335479647e-01 2.184099640459476362e-03 0.000000000000000000e+00 1.317446981113107596e-01 3.342342522202112337e-02 0.000000000000000000e+00 1.937332642060811752e-02 6.015418760767796830e-02 7.839101279138453032e-03
1.974275672254733379e-03 4.430408516196350510e-02 0.000000000000000000e+00 1.056380748236230432e-02 0.000000000000000000e+00 0.000000000000000000e+00 5.934027760164814480e-02 4.942621591288304944e-02 1.561282604164706267e-01 3.357490297192119956e-04 0.000000000000000000e+00 2.314548889307881663e-01 4.460420965518922289e-03 9.080727102179789179e-02 1.515953753999009779e-01 2.364991389289639034e-02 7.973903253167327621e-02 3.317519640299754213e-02 2.051147933297739999e-03 6.099408164382747605e-02
8.798607060373936709e-03 1.320906651892754802e-01 0.000000000000000000e+00 2.099255643549891286e-03 6.361590024673249855e-02 3.338765911424045225e-03 3.464004894391517486e-02 1.421086083319256232e-01 8.539525097735960885e-03 0.000000000000000000e+00 0.000000000000000000e+00 2.335555604630015422e-02 1.822664452535626908e-03 3.654950567871702305e-02 0.000000000000000000e+00 0.000000000000000000e+00 1.474502931974817632e-01 2.621764441442430912e-02 1.490852235411321003e-01 2.202877362444765341e-01
6.598464449878943539e-02 1.210128200411186988e-01 0.000000000000000000e+00 2.902798067193411435e-02 0.000000000000000000e+00 0.000000000000000000e+00 0.000000000000000000e+00 1.929800232942872201e-02 7.182045689126900258e-03 2.497776883496807820e-02 0.000000000000000000e+00 3.635104664414448572e-01 1.280208016445869290e-01 1.577687661316655790e-02 1.512421451302543018e-01 0.000000000000000000e+00 0.000000000000000000e+00 0.000000000000000000e+00 1.185006282538569097e-03 7.278144182264299766e-02
1.496277528706231943e-02 1.499784168150732622e-01 0.000000000000000000e+00 3.317742658844086145e-02 2.812320267687466041e-03 6.795115775988173901e-03 1.812010870974261820e-02 0.000000000000000000e+00 5.102625596514477960e-03 0.000000000000000000e+00 0.000000000000000000e+00 2.840218743608159402e-01 1.664513667933951724e-01 0.000000000000000000e+00 2.266614703816162164e-03 5.011945093470449551e-03 5.228544128399756352e-02 7.974096326320095907e-02 1.468203619004117000e-01 3.245264356038305570e-02
2.186829080367127393e-02 4.848757087835324497e-03 1.220153096012885352e-01 1.080964122201202339e-02 6.514835708613795316e-03 1.644023449903633111e-03 0.000000000000000000e+00 1.486708036194262124e-02 1.817534854299409086e-01 7.633527090167767370e-02 0.000000000000000000e+00 1.767435093909327515e-01 6.908027080651829577e-02 2.362181166993581379e-03 0.000000000000000000e+00 8.489453960885294179e-03 8.533878792458187562e-03 0.000000000000000000e+00 1.472956321168985283e-01 1.468383791984275155e-01
5.480657172417002787e-02 1.256859439456783634e-01 2.996051646238445578e-03 8.869707224807303961e-03 1.830159603321551004e-02 1.396319736947979062e-02 1.548697977992607826e-02 1.293912742189860798e-01 1.391500772058316404e-01 3.513020846979860584e-02 0.000000000000000000e+00 1.291671052705533895e-01 1.879495926035210443e-02 4.024191504291040056e-02 0.000000000000000000e+00 5.638082125717831100e-03 1.340320832092319579e-02 9.458809999195443713e-03 1.426707217670455663e-01 9.684359059517017032e-02
7.174576613566108207e-02 1.069795483816874254e-01 1.144888374757598026e-01 1.134289883141611499e-01 3.395211199054588977e-04 2.504851041334021922e-03 6.260902100692372629e-02 2.516966159639024911e-02 4.234202428236637228e-02 7.804623132161048193e-02 2.171111972560710313e-02 1.226394826652369915e-02 0.000000000000000000e+00 9.219190195871760155e-03 5.011902640458371083e-02 3.706183302469806540e-02 2.226829281735464086e-02 6.259043793812016365e-02 1.221168742458098554e-02 1.549000135268600031e-01
