0.000000000000000000e+00 1.017043532621285246e-01 1.177447831705930210e-02 1.087470032231567518e-01 1.137104864359266970e-01 1.352771136214909187e-01 1.051824149656038938e-02 0.000000000000000000e+00 4.564768830786714027e-02 0.000000000000000000e+00 0.000000000000000000e+00 1.329163232832467900e-01 0.000000000000000000e+00 1.161931741116022619e-02 1.046847528125868093e-02 0.000000000000000000e+00 1.183757494223633931e-02 1.883916200834650501e-01 3.069716767968716509e-02 8.669015665475587884e-02
0.000000000000000000e+00 0.000000000000000000e+00 0.000000000000000000e+00 1.830549401546298915e-01 6.511208446469691179e-03 1.758950368532019859e-01 0.000000000000000000e+00 3.064954697998036395e-02 9.270969247013598202e-02 6.123412674085471422e-03 2.549063064440264953e-02 1.301428317955000968e-01 6.781017690584613400e-02 4.750078112203819786e-02 0.000000000000000000e+00 0.000000000000000000e+00 6.065704180248280425e-02 9.430398816831465914e-02 4.328624025241983300e-04 7.871784958038796631e-02
1.505871698830318905e-02 2.116139582365845345e-02 0.000000000000000000e+00 1.215481893891539739e-01 1.552556524124483750e-01 2.672418193020233979e-01 1.085847860815450094e-01 4.684193552105206729e-03 1.159695302727623001e-02 0.000000000000000000e+00 0.000000000000000000e+00 0.000000000000000000e+00 5.457689522239392299e-02 9.710746300824413474e-04 4.215226827505168250e-02 0.000000000000000000e+00 4.421456113068704288e-04 1.568593010713448211e-03 2.043400364625012899e-02 1.747233130276875379e-01
1.360098557891072923e-01 3.516063166107569367e-03 2.428356831621768935e-02 5.608351140372912907e-02 0.000000000000000000e+00 8.694471635157829947e-02 8.965568363640688543e-02 2.908908413854991055e-03 7.894645961090043795e-02 0.000000000000000000e+00 0.000000000000000000e+00 1.016052382714511260e-01 1.602902500163922717e-01 0.000000000000000000e+00 0.000000000000000000e+00 8.858697154732187579e-03 0.000000000000000000e+00 5.989219399403806349e-02 1.755653282106581781e-01 1.543952566482591215e-02
0.000000000000000000e+00 1.256105335021321656e-01 3.819517327278465317e-03 2.431216604571897685e-02 1.616989336814181888e-01 1.566833352673084254e-02 0.000000000000000000e+00 8.735193316529271668e-02 5.398969840555451621e-03 0.000000000000000000e+00 0.000000000000000000e+00 3.952256578477041093e-02 1.586165658890641844e-02 2.019347102446544459e-02 1.759933446964841858e-02 0.000000000000000000e+00 0.000000000000000000e+00 1.760062918820382849e-01 1.425281050520228188e-01 1.644281881090214337e-01
1.070664475814307182e-01 1.711042744265899029e-01 1.332653448376016139e-02 0.000000000000000000e+00 1.494977458255805358e-01 1.280345456531405413e-01 1.384018406884627260e-02 3.800906340265123445e-02 0.000000000000000000e+00 1.151272241165047505e-01 4.282919265050443014e-03 8.345457626178862109e-02 0.000000000000000000e+00 5.891828245948672882e-03 0.000000000000000000e+00 1.991124837838522191e-02 3.249549744895915970e-02 0.000000000000000000e+00 1.179579108413637833e-01 0.000000000000000000e+00
1.356098368795824460e-02 4.865920548268196089e-02 0.000000000000000000e+00 9.652743143980438423e-02 9.108375244979453889e-02 1.481425721420646657e-01 0.000000000000000000e+00 7.769316205691344235e-02 4.771622363050168764e-02 0.000000000000000000e+00 0.000000000000000000e+00 3.182530126538579002e-02 2.529302402830494248e-02 8.337555711694902283e-02 0.000000000000000000e+00 3.059602282223433233e-03 1.118728667056045900e-01 9.274515698728098834e-02 1.284451607245323534e-01 0.000000000000000000e+00
7.491616024035997572e-03 2.042129985217136789e-01 6.917715781388331098e-02 1.535023075402857339e-02 1.317379978239556770e-01 2.938564266405249356e-02 0.000000000000000000e+00 2.149706577067155011e-02 2.088418760665175251e-03 0.000000000000000000e+00 0.000000000000000000e+00 3.241046953554457127e-02 4.744979106497511194e-03 0.000000000000000000e+00 0.000000000000000000e+00 2.985366898260316537e-03 1.767599501460286049e-01 1.616504379108789358e-01 1.367084761337495902e-01 3.799192136034172922e-03
0.000000000000000000e+00 1.738647010185831732e-01 5.832150500837751661e-02 1.448741710669188276e-01 1.636073015551267051e-01 1.538206271623069610e-01 3.401694848663205928e-02 4.647710721047478011e-03 0.000000000000000000e+00 0.000000000000000000e+00 0.000000000000000000e+00 3.161266716128192933e-02 9.669069777679580860e-04 0.000000000000000000e+00 1.485599005743423462e-01 0.000000000000000000e+00 9.200999650319138454e-03 1.776112699694438286e-03 1.911450170933397946e-02 5.561594620826720153e-02
2.866713680814558102e-02 1.601604891991340596e-01 5.135335006391443524e-02 1.138119144294717170e-03 1.594156401919353261e-01 2.493874379312866971e-02 2.640379542902730747e-02 1.980075776996753287e-02 1.491373444892227750e-02 0.000000000000000000e+00 0.000000000000000000e+00 1.442690916213381913e-01 4.278415164825848105e-02 4.004038483569727358e-02 1.468958409632547535e-01 3.796940342026167321e-03 0.000000000000000000e+00 0.000000000000000000e+00 0.000000000000000000e+00 1.354218237409552106e-01
2.586838707651142703e-03 1.450933447605928100e-02 0.000000000000000000e+00 9.740649747238910861e-02 4.214608367265861716e-02 1.396133766750815020e-01 1.814452516940259080e-02 0.000000000000000000e+00 4.274064661675402998e-02 0.000000000000000000e+00 0.000000000000000000e+00 9.211855041026877078e-02 1.874069674281626519e-01 3.631493204737920588e-03 7.153539212383655532e-02 0.000000000000000000e+00 0.000000000000000000e+00 2.726957704225554391e-01 1.546452362044245521e-02 0.000000000000000000e+00
2.242995291193871851e-02 1.536727110785109270e-02 1.195608868187155328e-03 0.000000000000000000e+00 0.000000000000000000e+00 1.106820726653851283e-01 0.000000000000000000e+00 1.267257026020527089e-01 6.454025497356308261e-02 0.000000000000000000e+00 0.000000000000000000e+00 1.534712044321301927e-01 1.618687593951466663e-01 6.549857364906437607e-02 3.027306512552138326e-03 5.073903708670717688e-02 4.267603726344879056e-02 1.290471138186640443e-01 1.320522780156584662e-02 3.952587691174291873e-02
3.554504916689133452e-03 5.513130636791907166e-03 0.000000000000000000e+00 2.235259593833649194e-01 3.751641372706673860e-02 1.500195672451607454e-01 0.000000000000000000e+00 4.875833454223822000e-02 1.699058951332972356e-01 0.000000000000000000e+00 8.530104907294664687e-04 4.215138989779459999e-02 5.029761317881786820e-02 1.239237661276530907e-02 7.556686728889445981e-02 0.000000000000000000e+00 1.181703738894417620e-02 1.327771185038256196e-01 1.627083215525658433e-02 1.907994889836281058e-02
8.872999208306248109e-02 1.229798685714169476e-01 1.350941478518463603e-03 0.000000000000000000e+00 3.218358908082193104e-02 1.634106631117396291e-01 0.000000000000000000e+00 1.843220141314884722e-02 0.000000000000000000e+00 0.000000000000000000e+00 0.000000000000000000e+00 1.950726978166341941e-01 2.403412560956706689e-01 8.598963815508810227e-02 2.778440554012375288e-02 7.095200936548410296e-03 1.340191281076687875e-03 2.231040745079304350e-03 0.000000000000000000e+00 1.305831369107040597e-02
8.637923358988545963e-03 5.177682334156272909e-02 5.869641625099136610e-03 0.000000000000000000e+00 1.628821474297820204e-01 9.892576528053149965e-02 0.000000000000000000e+00 3.180462634141351108e-02 5.329319629725295937e-02 0.000000000000000000e+00 1.655617184693851732e-02 0.000000000000000000e+00 0.000000000000000000e+00 7.624149613338866704e-02 1.406668192123763095e-01 1.283510585902902876e-03 1.222266474231942096e-01 6.015643512483131311e-02 7.587871352118988853e-03 1.620909246466185893e-01
0.000000000000000000e+00 0.000000000000000000e+00 0.000000000000000000e+00 2.866498202189688913e-03 1.039061971691647851e-01 2.234822274264717298e-03 3.728036610538737472e-02 8.503174993619836211e-03 1.571308914777819477e-01 0.000000000000000000e+00 0.000000000000000000e+00 1.452009376548397401e-01 6.415766265481308295e-02 0.000000000000000000e+00 7.876972576648785460e-03 0.000000000000000000e+00 0.000000000000000000e+00 4.996593131079948846e-02 1.729612286097964302e-01 2.479153169706940496e-01
9.349310832059271048e-02 0.000000000000000000e+00 0.000000000000000000e+00 4.682587356793083133e-03 7.356262876160914177e-02 1.456703362361296550e-01 4.238471501515626155e-02 1.177138390499094106e-01 1.033160436637594604e-01 0.000000000000000000e+00 0.000000000000000000e+00 1.913671956822200412e-02 0.000000000000000000e+00 8.241435447910488987e-02 0.000000000000000000e+00 8.643121241147021239e-02 3.315969587952747460e-02 1.990323482198661995e-02 4.369207922826692098e-02 1.344394452074720303e-01
1.225898330992153179e-03 7.449669847417786372e-02 5.771543353173279323e-03 7.117126036039130542e-03 1.625345411055276884e-02 1.019102475373022954e-01 1.189698686304558641e-02 1.447033501078418168e-02 2.489934620304844540e-02 0.000000000000000000e+00 2.621596756951013131e-05 7.368184023704721364e-02 1.352122133237028678e-01 0.000000000000000000e+00 7.492389482001049483e-02 0.000000000000000000e+00 1.725270228143207726e-02 1.450409721583039990e-01 1.404065141809397732e-01 1.554140111118783307e-01
1.690512778793578806e-03 8.815779299748744205e-03 0.000000000000000000e+00 4.056621079635406072e-04 1.387708949085543486e-01 0.000000000000000000e+00 0.000000000000000000e+00 1.455330760004369117e-01 4.900316302431444952e-04 0.000000000000000000e+00 6.005850958790315448e-03 7.337745145511447194e-03 2.006553976812573692e-01 0.000000000000000000e+00 2.016436793678320627e-01 0.000000000000000000e+00 3.754626670985571416e-03 1.759604640823264066e-01 7.369729785490906904e-02 3.523898151264760747e-02
0.000000000000000000e+00 3.081967563851156777e-02 0.000000000000000000e+00 3.742962877741062410e-03 1.691353041655035139e-01 1.626012844456113382e-01 2.532551996879525355e-02 8.845197286270421733e-02 1.028034802822882024e-02 2.468838721690780596e-03 1.563398808984737404e-02 8.275939924271176473e-02 0.000000000000000000e+00 6.523536210082128695e-03 1.485723846524417482e-02 1.474076070327878102e-02 2.667059454538978427e-02 1.675477903487087444e-02 1.513040572305243969e-01 1.779297397692641280e-01
2.549498345450951220e-02 4.939180172069641134e-02 0.000000000000000000e+00 1.320137442706020570e-01 0.000000000000000000e+00 1.741807695819836133e-01 4.377891538072641313e-04 0.000000000000000000e+00 0.000000000000000000e+00 0.000000000000000000e+00 0.000000000000000000e+00 3.656144335572537180e-02 1.158290982238799893e-01 4.138926919613489935e-02 1.847085594642637885e-01 8.859156622527360192e-02 0.000000000000000000e+00 0.000000000000000000e+00 0.000000000000000000e+00 1.514009753531233848e-01
1.315924974005950598e-01 7.389379427864825600e-02 4.812242526370701795e-03 1.238278416086860678e-01 1.156767333584124034e-03 0.000000000000000000e+00 0.000000000000000000e+00 1.219168455627399382e-03 6.768741846902093240e-02 2.095564144171101206e-02 1.558706001838870616e-03 1.316522510453295436e-01 1.758670639298698657e-01 0.000000000000000000e+00 1.134612235421439581e-02 0.000000000000000000e+00 0.000000000000000000e+00 7.225165478885076098e-02 1.540105571412593299e-01 2.816827322439371603e-02
5.615024428563267916e-02 1.465917704611142680e-01 0.000000000000000000e+00 7.886430976683522082e-03 1.220411764289643097e-03 1.303454704700139355e-01 0.000000000000000000e+00 4.208026452243648040e-03 4.310259195441454999e-02 0.000000000000000000e+00 0.000000000000000000e+00 1.438732637925062285e-01 1.325653355493793262e-01 0.000000000000000000e+00 8.150905973679522382e-03 0.000000000000000000e+00 0.000000000000000000e+00 3.884322365840080227e-02 1.791026758389925311e-01 1.079596488226493428e-01
2.153944655959018697e-02 3.274365451230245444e-02 0.000000000000000000e+00 1.132671738353368679e-01 5.801735582956359105e-02 1.569717699303843916e-01 5.669645684014037318e-03 4.520221758281783159e-02 6.331163337354524245e-02 0.000000000000000000e+00 0.000000000000000000e+00 5.322620157341971178e-03 7.701147957933746069e-02 4.512622044816503794e-03 1.493641932609908463e-02 6.593245266250585823e-02 1.337842310235324572e-01 1.760186241408502952e-02 1.451643092090882936e-01 3.901110627563865452e-02
5.714754972274448119e-02 7.566675868757764649e-03 4.866186014045670999e-02 2.253040068204994334e-02 2.237327417037328348e-02 0.000000000000000000e+00 1.487176206073320406e-01 3.970450943773999597e-02 0.000000000000000000e+00 0.000000000000000000e+00 0.000000000000000000e+00 0.000000000000000000e+00 9.318329519625079271e-02 1.475490172061188765e-01 6.174938322380402883e-02 1.311307663390229583e-01 1.160675616234357367e-02 1.487308056929402371e-02 3.032811218442889659e-02 1.628776984892828239e-01
