0.000000000000000000e+00 2.338118825508347584e-02 1.345684688294884468e-01 9.880175653406998715e-02 1.648226870547146554e-03 0.000000000000000000e+00 2.810156975611635688e-02 1.308107447934018785e-01 0.000000000000000000e+00 2.238569539618351020e-02 0.000000000000000000e+00 5.936506394864449199e-02 0.000000000000000000e+00 1.220908338492249570e-03 1.034952746127374978e-01 3.128952911449658317e-03 5.458136563855706808e-02 2.852122151654279056e-02 0.000000000000000000e+00 2.237044749318080686e-02 1.297613823868540468e-02 2.591915598157777667e-02 1.788854221855629492e-02 7.260486244128849798e-02 1.582304162253967139e-01
1.070667391733688863e-03 9.578641989541764046e-02 0.000000000000000000e+00 1.679325809103740172e-02 3.646236321195106284e-03 0.000000000000000000e+00 1.636919636489092035e-03 1.082716599918533140e-01 2.150449757778607335e-02 7.200036390633723915e-02 0.000000000000000000e+00 1.251748490167869654e-01 0.000000000000000000e+00 3.215658492885804798e-03 4.377268761550470039e-02 4.522827508396223828e-02 2.528613519736385568e-02 0.000000000000000000e+00 0.000000000000000000e+00 5.714385652992583177e-04 8.764654038389628476e-03 0.000000000000000000e+00 1.111569015058368470e-01 1.588307723622108258e-01 1.572886053099104564e-01
1.720180823765818726e-02 7.274449241665424670e-02 6.082588134494591736e-02 0.000000000000000000e+00 1.885894793929834465e-04 0.000000000000000000e+00 9.194888171837882485e-02 1.491083993869959656e-01 0.000000000000000000e+00 3.920899924237731399e-02 0.000000000000000000e+00 1.914403464277025790e-01 0.000000000000000000e+00 0.000000000000000000e+00 5.633671641874223035e-02 5.924927348601058408e-02 0.000000000000000000e+00 9.099641214769980946e-02 5.808170961630999092e-04 1.125612988909108908e-01 0.000000000000000000e+00 9.191499696405855402e-03 0.000000000000000000e+00 3.437501863445023564e-02 1.404156537551127723e-02
0.000000000000000000e+00 6.398651832488377877e-02 0.000000000000000000e+00 9.629195449641304774e-04 1.400983731629635611e-02 9.123440181367825641e-02 3.859857949987548220e-03 0.000000000000000000e+00 0.000000000000000000e+00 3.238257551202455148e-02 0.000000000000000000e+00 7.637054660163504483e-02 1.449395593617138801e-02 0.000000000000000000e+00 6.475595770288744037e-03 0.000000000000000000e+00 1.327126169255443688e-01 1.997186836705769908e-01 8.589596192604192701e-03 3.701751293051036215e-03 1.546447858436969351e-02 0.000000000000000000e+00 0.000000000000000000e+00 1.500586387170307623e-01 1.859780258468931857e-01
2.036581916155510638e-02 5.139631028269273615e-03 3.580324791441177879e-02 7.006840712781458496e-04 4.128172938506311992e-03 0.000000000000000000e+00 1.262453145540485544e-01 1.342503874715460788e-01 0.000000000000000000e+00 2.157680533362702283e-02 0.000000000000000000e+00 3.196066938411898373e-02 0.000000000000000000e+00 1.788424732397531774e-04 4.737191632611792436e-02 6.302647362887607574e-02 1.793318065584241783e-01 0.000000000000000000e+00 1.952575827244318329e-02 6.108084857833468578e-02 2.510458723414033325e-02 1.759151061787391987e-02 4.226642350870184542e-03 1.252755006935086513e-01 7.711538140880985770e-02
0.000000000000000000e+00 6.398701216777865318e-03 9.630924989361506691e-03 0.000000000000000000e+00 1.926006369922962300e-02 1.993157140993519552e-02 1.592323209730826250e-01 9.586548152526876837e-03 8.108083872128139108e-03 6.047383041851913353e-03 2.671734271691326816e-03 5.070835188452588703e-03 0.000000000000000000e+00 2.507013555536576153e-03 5.298109365977147350e-02 9.639629306681282706e-02 3.623669691813955623e-02 1.385688370604584996e-01 1.355225412167557764e-01 2.364740930384368403e-02 0.000000000000000000e+00 3.926884670707739972e-02 4.777323052401133766e-03 6.427180390847597735e-02 1.598839747356894658e-01
5.483378862704568930e-03 1.138000800406564067e-02 1.212910380051955145e-01 0.000000000000000000e+00 1.707386401893865868e-01 0.000000000000000000e+00 1.926475493939945327e-01 9.508260863378569308e-03 5.006657105602252932e-03 2.274168916018774744e-02 0.000000000000000000e+00 0.000000000000000000e+00 9.197186766519191425e-03 4.693200933048338047e-03 1.070725057108578987e-01 0.000000000000000000e+00 0.000000000000000000e+00 1.469531124763604792e-02 2.372908927232823416e-05 0.000000000000000000e+00 1.674573361377568875e-02 2.005954064692617653e-02 1.433417113917612173e-01 2.944504409410855436e-02 1.159288149215790403e-01
0.000000000000000000e+00 7.198425521446223489e-03 1.241828790710159947e-01 4.318270841714997969e-03 0.000000000000000000e+00 2.809628137808195536e-02 1.010967339021864690e-02 1.460783898221394705e-01 7.118271807713688615e-02 3.452861467624494807e-02 0.000000000000000000e+00 1.650899148495541761e-04 0.000000000000000000e+00 1.357398088325980972e-03 1.119387838547950161e-02 6.421771225039950813e-04 1.286350328029498558e-01 9.425293465358840217e-02 1.054969785994162683e-02 3.833628500064202235e-03 1.052201408454061030e-02 1.763780976294653802e-01 3.497021980366814276e-02 7.082189046699464974e-02 3.098268790962888444e-02
0.000000000000000000e+00 3.286064622436690730e-03 1.157562084614237180e-01 9.993062577610192787e-02 4.966056973600025196e-03 3.003908567127986078e-03 1.243200219832516912e-01 1.302932210665146973e-01 1.553965016675943646e-02 1.260355853027794390e-02 0.000000000000000000e+00 1.148412870217470627e-01 2.131091762769931827e-02 6.372084255078644920e-03 1.825888268708790799e-02 0.000000000000000000e+00 1.549993505145900530e-03 1.677278487435628421e-02 0.000000000000000000e+00 0.000000000000000000e+00 4.629104233209400780e-03 1.574772121182682338e-01 0.000000000000000000e+00 1.244294275070884775e-01 2.465899002282459507e-02
2.218148652658777711e-02 0.000000000000000000e+00 1.003494790094459389e-02 1.768800922200476286e-02 4.507860763194409398e-02 2.541581906906727889e-03 1.949163293196071733e-01 1.443091074485445824e-01 8.499701539775202097e-02 2.211923214315243344e-02 0.000000000000000000e+00 0.000000000000000000e+00 9.442921626703412730e-02 1.529916679103745028e-02 2.312879561392089042e-02 9.404886628156508555e-02 0.000000000000000000e+00 6.859713572228241796e-02 7.867998636373236404e-03 8.106309475521284585e-03 1.212281108621128534e-03 3.452526854071019669e-02 0.000000000000000000e+00 5.736425683965915880e-03 1.031822183815241795e-01
7.797584778404430088e-03 0.000000000000000000e+00 1.151015069146523184e-01 1.954482648078348025e-02 5.785401715343123190e-03 6.884807483562230268e-02 4.977708046768794525e-02 4.464872614406687618e-02 3.510852937606190240e-04 1.111919872461126363e-02 0.000000000000000000e+00 1.162439465760250201e-01 2.869762609675228799e-03 2.856235516735827241e-03 6.955276175694517782e-02 0.000000000000000000e+00 8.683436655431701900e-02 0.000000000000000000e+00 0.000000000000000000e+00 0.000000000000000000e+00 1.419400260993290870e-02 2.010362565601844093e-02 1.760878434909508850e-01 1.087127762151294669e-01 7.957119365933762456e-02
1.202822136793471174e-03 0.000000000000000000e+00 1.095576100015796805e-01 1.002883680811348932e-01 8.228231667417609807e-02 2.029738031417175834e-03 1.439627862940426606e-01 1.569435097507993204e-01 4.354303184236420904e-02 4.812623370738456675e-03 0.000000000000000000e+00 1.599766524826771660e-02 0.000000000000000000e+00 0.000000000000000000e+00 0.000000000000000000e+00 0.000000000000000000e+00 1.254927145506297935e-02 0.000000000000000000e+00 1.206565855102280510e-01 7.210578123862895240e-03 0.000000000000000000e+00 1.572538707606313231e-03 0.000000000000000000e+00 4.272479725453136312e-02 1.546657575173946975e-01
0.000000000000000000e+00 3.480309683235715407e-04 1.633261041783329870e-01 3.431681516862554286e-03 0.000000000000000000e+00 1.640092012556475590e-02 1.397378431346943395e-01 1.112053309055835715e-01 2.726649272533116994e-03 5.046152838080716907e-02 3.249676419362521225e-03 1.719253662821635525e-02 0.000000000000000000e+00 0.000000000000000000e+00 9.790131607052859897e-02 1.017109429461462815e-02 0.000000000000000000e+00 3.204733594835748600e-02 1.025229994758452556e-01 0.000000000000000000e+00 9.792115061241130070e-02 1.831187609688257265e-02 4.055003408586829033e-03 1.027252216010524424e-02 1.187164004023872343e-01
0.000000000000000000e+00 5.108980194196002800e-02 1.231695418266062630e-01 8.823681921867097822e-02 1.111420466945405860e-01 0.000000000000000000e+00 2.446630485134686575e-02 2.253788966083746306e-02 0.000000000000000000e+00 9.524200244343480892e-02 0.000000000000000000e+00 7.857365590668216604e-02 1.102445758392873315e-02 4.472492284715666629e-03 1.216534513491120545e-01 0.000000000000000000e+00 2.924455461850734503e-02 2.851780716579589009e-02 1.640137832849504831e-02 1.920137674943840113e-03 1.842990517544880295e-03 0.000000000000000000e+00 1.818737691957812187e-03 2.698595549028815280e-02 1.616599747506315410e-01
0.000000000000000000e+00 6.233316620711959466e-02 1.314690472655302145e-01 0.000000000000000000e+00 1.275369142759281982e-01 7.013619674800646020e-02 0.000000000000000000e+00 1.087405891710343658e-01 4.577466556481439575e-03 0.000000000000000000e+00 0.000000000000000000e+00 1.146587740407952472e-01 0.000000000000000000e+00 2.435804399073160723e-02 3.377103069193806290e-02 0.000000000000000000e+00 4.276606505865855612e-02 0.000000000000000000e+00 0.000000000000000000e+00 2.332109711235702890e-03 1.157096759323014007e-02 1.553648880657801656e-01 1.513050749331895477e-02 1.051477080990444700e-02 8.473946232030690751e-02
0.000000000000000000e+00 9.351568951800092941e-03 1.538479859418980245e-01 1.176500561772890821e-03 2.273307175616677556e-02 0.000000000000000000e+00 2.978403077466352383e-02 1.756470321626293074e-01 1.430594175317853774e-02 0.000000000000000000e+00 0.000000000000000000e+00 1.158273055599327167e-02 0.000000000000000000e+00 0.000000000000000000e+00 4.310234919715928703e-02 0.000000000000000000e+00 1.230762548857066985e-01 0.000000000000000000e+00 1.388721040208943346e-02 0.000000000000000000e+00 1.001450322894794354e-01 1.388421080986801392e-03 0.000000000000000000e+00 1.398931588526700631e-01 1.600787108338058151e-01
7.944451961069494417e-02 0.000000000000000000e+00 1.801009128981545179e-02 3.785028883688949450e-03 1.622100735762823376e-01 4.701332038544330828e-03 0.000000000000000000e+00 1.536627656550868526e-01 0.000000000000000000e+00 9.062391005021121215e-02 2.735213387286692527e-03 1.028391519163912166e-01 0.000000000000000000e+00 6.325215251590804097e-03 5.506363197824885869e-02 0.000000000000000000e+00 8.394574278497655626e-03 0.000000000000000000e+00 1.198610435934246293e-01 1.182146841109268931e-02 6.292925283730535155e-03 1.110719433602602724e-01 0.000000000000000000e+00 3.298074310588859116e-03 5.985903712456361325e-02
0.000000000000000000e+00 3.694086860247697279e-02 1.036486305929676111e-01 0.000000000000000000e+00 1.718295791483230237e-02 2.425651881635289969e-02 3.035394265297984909e-02 1.522521873983941898e-01 2.918374685647882882e-02 9.659406937209855104e-02 0.000000000000000000e+00 9.294152521483492468e-02 0.000000000000000000e+00 0.000000000000000000e+00 3.053738745233059229e-02 0.000000000000000000e+00 6.935808707779555571e-04 0.000000000000000000e+00 1.392742109003312356e-01 2.809733720189766353e-03 0.000000000000000000e+00 1.455704246757538178e-01 0.000000000000000000e+00 1.385246998763815969e-02 8.390774497156237854e-02
1.331347746754435457e-02 1.042313930083563073e-01 2.245524786833969291e-02 0.000000000000000000e+00 4.985103847987125240e-03 1.534297615319701880e-02 1.964138914877546632e-02 6.018774148969550410e-03 8.404665584892168952e-04 6.846555671157165263e-03 2.322087655463959260e-02 1.538704580305708669e-01 9.213694573463255752e-03 0.000000000000000000e+00 3.235418611450641690e-01 0.000000000000000000e+00 0.000000000000000000e+00 3.155406080954413495e-02 2.793096649462184673e-03 5.369086564573822065e-03 9.687838461410041083e-03 0.000000000000000000e+00 3.514451461918254027e-02 5.000457553366894486e-02 1.619245531856046139e-01
1.963583660633888821e-03 0.000000000000000000e+00 1.274046660150362220e-01 1.651545567825363561e-02 1.220281617762456472e-01 0.000000000000000000e+00 5.598998820128232856e-02 1.186103633298502963e-01 2.730163790424526039e-03 1.327220975337959075e-01 1.215327982078998753e-02 1.964880164170325696e-02 5.723002759341440891e-03 0.000000000000000000e+00 3.986745901721908819e-02 0.000000000000000000e+00 6.109727420854675628e-02 2.977452056990897034e-03 7.090321936931667140e-04 0.000000000000000000e+00 1.038680459865982952e-01 0.000000000000000000e+00 9.318658856623578124e-03 3.630081255052684981e-03 1.630424322179183649e-01
3.527572516553447585e-02 3.469821891199185993e-02 1.297398213630975190e-02 0.000000000000000000e+00 7.581134949405175794e-02 0.000000000000000000e+00 2.490383864391855148e-02 1.347251544991484029e-01 1.362900439012929531e-02 1.108560681524761171e-01 0.000000000000000000e+00 1.850221069917400429e-01 0.000000000000000000e+00 3.409303925408010277e-02 3.074093986710753866e-03 1.214769847457614939e-02 0.000000000000000000e+00 1.257815091509488850e-02 0.000000000000000000e+00 0.000000000000000000e+00 1.609759953807690051e-03 1.543089644608787170e-01 3.615697317986035081e-02 9.485722585680575469e-02 2.327864553288520877e-02
2.887310365169359905e-02 1.451265027650690525e-03 1.723701132505521538e-01 8.035466027341725548e-02 1.287040670720498714e-01 0.000000000000000000e+00 1.823688679269537538e-02 3.439267656289937084e-03 0.000000000000000000e+00 3.732510106321167143e-02 1.172931225913848713e-02 2.136827799613898529e-03 2.850309826360300589e-03 0.000000000000000000e+00 1.904129212508690050e-01 1.053722424747533144e-03 0.000000000000000000e+00 2.814610912039211890e-02 4.249136547304185191e-03 0.000000000000000000e+00 0.000000000000000000e+00 3.685790277901208195e-02 4.090140076151123349e-02 4.418908149255769413e-02 1.667188109509329108e-01
9.007913059625938246e-02 8.480923029358510001e-03 2.001010758142923555e-03 3.036098106867852336e-03 1.161424102833462507e-01 0.000000000000000000e+00 1.560922864637139529e-01 7.202738416679564659e-02 5.239006132992071393e-03 4.278891348330534500e-02 9.617955193783646328e-03 1.404969965995010554e-02 1.078530429696732545e-01 2.892596235778764884e-03 1.751803611657024862e-01 3.616077850945335903e-02 4.825483594844300755e-03 4.679541626565166673e-02 9.640490288881963313e-03 0.000000000000000000e+00 1.472254357684918240e-03 2.045289904625033784e-03 1.758413953539828597e-03 1.129658196037297384e-02 8.052447291927579409e-02
1.387132931609507975e-03 2.921616738222619636e-02 0.000000000000000000e+00 9.858365560113870052e-02 7.517695452041311954e-02 9.962717509998863727e-03 2.728524381257844272e-02 1.462358920666325182e-02 3.004834605877684112e-02 0.000000000000000000e+00 0.000000000000000000e+00 1.839413398903186336e-01 7.899919248713504691e-03 1.115934892242997000e-03 1.346919895380276899e-01 0.000000000000000000e+00 1.552253537270180221e-02 2.014733277336899862e-04 1.298061693070524381e-01 4.910912363508694633e-04 8.761483480309677913e-03 0.000000000000000000e+00 7.285441493141783624e-03 5.530837766960712554e-02 1.686904375203948925e-01
4.272839253397812259e-02 1.723142605319022760e-02 2.015595454172182388e-02 0.000000000000000000e+00 7.681392667658749895e-03 0.000000000000000000e+00 2.215405323309924818e-02 7.083973679881602759e-02 7.638783140031238025e-04 8.121956097660634408e-03 1.598287749228531531e-03 1.135066040445593949e-01 1.548259751640008661e-02 1.268084256407274457e-02 2.291355746741962629e-01 0.000000000000000000e+00 2.036602106139195068e-01 6.217185798849714749e-03 2.411469848772911095e-02 0.000000000000000000e+00 0.000000000000000000e+00 5.209850590490355858e-04 4.383447159540453109e-02 3.394643565697108220e-03 1.561771080907658760e-01
8.977721401495272063e-03 8.086301698722665743e-02 3.420355035429385043e-02 0.000000000000000000e+00 1.823600414754236732e-02 3.900112918910271509e-02 1.405527061585489790e-01 1.475977902547316589e-02 5.950392129924534333e-03 1.126828292949483973e-02 3.238810410394706019e-02 7.580159331315440563e-02 2.331568907072689538e-03 0.000000000000000000e+00 5.047233042033603956e-02 7.262849589950422236e-02 7.452864288060596226e-03 4.456752715390193548e-02 1.273280233166231359e-02 8.670189779500484147e-04 1.656500803684068934e-02 1.012099816418504800e-01 1.544604725401325929e-01 6.239675731953540222e-02 1.231289274294904666e-02
2.317450922477254718e-03 9.808194829803225379e-02 1.655186115475138775e-01 1.117646120808479110e-01 0.000000000000000000e+00 0.000000000000000000e+00 6.463687561693919059e-02 1.458917841282600936e-01 1.836373172982730872e-03 1.290747526434523436e-03 6.665494338918613549e-04 1.620297126673280602e-02 0.000000000000000000e+00 6.436137358435834593e-03 7.579863614304549468e-02 1.318306237965342388e-02 0.000000000000000000e+00 1.885893539504460018e-03 0.000000000000000000e+00 0.000000000000000000e+00 2.449744969834880600e-03 2.121479027406276280e-02 1.862720747526061885e-02 1.247451717338000227e-01 1.274514321322900989e-01
0.000000000000000000e+00 9.782069864739005582e-02 1.945535499890054532e-01 3.204003861704585177e-02 3.752756382222600245e-02 0.000000000000000000e+00 1.512891073490171268e-01 1.606014546426147438e-01 2.668553781720389012e-02 0.000000000000000000e+00 0.000000000000000000e+00 4.502437669841938273e-02 1.024179440073360800e-02 8.706967754392537289e-04 6.872676748440441005e-03 3.985872325510376145e-03 0.000000000000000000e+00 4.981829790162161514e-02 0.000000000000000000e+00 1.838641525209702568e-03 3.772705651059450171e-03 4.150328386119127994e-03 0.000000000000000000e+00 4.052259379142077178e-02 1.323840649115232415e-01
1.783386501881408209e-04 1.945307201108674444e-02 1.413042614147853593e-01 0.000000000000000000e+00 3.814672095914110883e-02 0.000000000000000000e+00 1.318589583577146618e-01 2.565228280005430253e-02 3.104524501162785402e-02 6.824307489986976283e-03 0.000000000000000000e+00 1.102327117446351284e-01 2.942799600094771900e-02 9.089833153158746390e-03 1.899538122625557823e-01 1.034966977690358805e-03 0.000000000000000000e+00 1.119823908088029077e-02 4.393315333908638654e-03 6.854019548774460679e-02 0.000000000000000000e+00 0.000000000000000000e+00 4.884211553230998620e-02 1.314016754943066467e-01 1.421952237276942433e-03
0.000000000000000000e+00 0.000000000000000000e+00 4.677634951810454196e-03 0.000000000000000000e+00 6.830431052489256694e-02 8.755452080654103908e-02 3.465007270928104066e-02 0.000000000000000000e+00 4.776705315488539300e-02 6.642069909634563951e-02 0.000000000000000000e+00 1.453364957047698636e-01 0.000000000000000000e+00 3.551766729980912994e-03 6.568847732366178173e-03 7.872233531584313382e-02 1.121528710378697641e-02 0.000000000000000000e+00 4.916370792988798005e-02 1.069157261021656813e-03 2.671859387537101754e-02 2.395591427777831600e-02 1.409328286602957447e-01 1.391887238766025547e-01 6.420205028853943896e-02
0.000000000000000000e+00 4.538037608517968280e-02 1.265625989448711589e-03 0.000000000000000000e+00 3.783340486379854067e-02 8.918858375465958666e-03 2.877808851567947510e-02 1.224719801966389771e-01 1.130227241486411738e-01 5.556101670205311482e-02 0.000000000000000000e+00 1.427723497311057244e-01 5.274036577978145554e-03 0.000000000000000000e+00 7.220173193340737039e-02 5.783809570183375687e-02 8.849792631485192684e-03 2.231980263011343769e-03 8.223686141457848056e-03 3.313761802737411402e-03 0.000000000000000000e+00 1.329937249773727459e-01 1.881057635951084023e-02 1.009519001354845513e-01 3.330628886770934521e-02
0.000000000000000000e+00 3.218378210347663110e-02 2.561220377095770051e-02 7.339186535276471081e-04 8.404310838496646674e-02 9.359871151496929054e-02 1.437886964263435374e-01 4.969327491183456180e-02 2.795629538161520031e-02 8.215086612863891496e-03 0.000000000000000000e+00 8.242789295683256023e-03 0.000000000000000000e+00 8.991029361036143031e-03 1.863590177525563732e-02 9.793582986419666070e-02 1.805771371178651469e-03 1.373520340230576170e-03 1.267537338577437445e-01 3.757960930311417952e-02 7.639209951611211809e-03 2.459722650106796211e-03 1.648980117232176634e-01 2.162778151379474503e-02 3.623201123227594994e-02
0.000000000000000000e+00 0.000000000000000000e+00 1.932816767262618765e-02 3.590437965266782966e-02 1.160076487868757084e-01 0.000000000000000000e+00 1.089587295854260729e-02 1.314478326197469904e-01 0.000000000000000000e+00 5.763793315988842425e-02 0.000000000000000000e+00 1.861511702625339160e-01 0.000000000000000000e+00 2.357389186799095648e-02 3.134119337779520814e-03 0.000000000000000000e+00 0.000000000000000000e+00 0.000000000000000000e+00 0.000000000000000000e+00 5.333574506291413522e-04 1.729302998681280998e-02 1.248514090116258600e-02 1.574316716073004968e-02 1.888328349578886622e-01 1.810314532241246721e-01
1.608461025790625110e-03 0.000000000000000000e+00 1.115974091165182307e-02 5.814256454029635007e-02 3.057318055547468810e-03 4.713349115210904543e-03 6.672740317716070735e-02 3.161668764302049545e-02 1.079468990813718492e-02 3.225804362834963548e-03 0.000000000000000000e+00 1.393364019378623420e-01 0.000000000000000000e+00 3.513268865829601018e-02 1.430735762548374090e-01 0.000000000000000000e+00 0.000000000000000000e+00 5.060909552441704429e-02 0.000000000000000000e+00 1.065638172493220273e-03 7.752187944019074510e-03 1.898211776042188215e-01 3.522419225816082679e-04 2.402223307239583772e-01 1.588642517665504348e-03
9.118170382324625178e-02 0.000000000000000000e+00 1.843441717594587748e-02 0.000000000000000000e+00 9.660742289862583529e-03 3.177612615881092450e-02 1.455749361448950563e-01 2.595787709075340066e-01 1.182658035298347551e-02 1.275205433157785596e-02 0.000000000000000000e+00 2.961477123237482925e-02 1.556857910874517165e-02 0.000000000000000000e+00 1.073617685163028197e-02 0.000000000000000000e+00 0.000000000000000000e+00 3.815934824074794507e-02 5.147609456442267268e-04 1.103576992969066729e-02 1.213516579319080108e-02 1.883231958622300648e-03 0.000000000000000000e+00 1.496190149585557294e-01 1.499478497959420287e-01
8.026479997389476817e-02 2.093180575016271791e-02 3.227143374336818860e-02 4.470059067322743919e-03 2.297730341907232646e-02 0.000000000000000000e+00 1.194556570811143720e-01 1.665927005469101593e-02 0.000000000000000000e+00 1.697020144813133832e-02 5.422081057200942023e-02 1.323455042222396183e-01 0.000000000000000000e+00 8.534204218306569098e-03 1.324899097545986226e-01 8.085310716547253890e-03 5.281064943552776086e-02 0.000000000000000000e+00 1.404062901243745103e-02 0.000000000000000000e+00 1.127149874645034557e-02 1.268170133095694943e-02 7.518975938260395731e-02 1.049070163252866991e-02 1.738387904380359061e-01
0.000000000000000000e+00 9.042907831423847853e-02 7.361982033787047019e-02 9.001797461929154833e-04 0.000000000000000000e+00 0.000000000000000000e+00 3.620986409284165930e-02 1.278087432365146436e-01 0.000000000000000000e+00 8.344073938809653743e-03 0.000000000000000000e+00 1.527966414485128557e-02 3.561793165880733358e-04 0.000000000000000000e+00 5.593867334068301084e-02 0.000000000000000000e+00 2.066094707414199150e-01 1.009478260811189987e-03 0.000000000000000000e+00 5.423045242697597298e-04 1.029960758167208779e-02 1.199115041306718504e-01 4.642729940586642380e-03 2.266216945600026123e-01 2.147693379197571431e-02
0.000000000000000000e+00 7.917724322557441810e-03 1.195312583127802614e-01 8.150817143141195166e-04 2.229699416293309810e-02 0.000000000000000000e+00 1.323354026145892766e-02 0.000000000000000000e+00 2.927868701611313889e-03 9.905331351097779180e-03 2.072389427294491285e-02 1.266391318316183179e-02 5.859870649712349555e-03 1.509060408866508621e-02 1.199831273556800915e-01 0.000000000000000000e+00 1.459560247163533275e-01 1.185982281906932251e-01 1.272705360188889356e-01 0.000000000000000000e+00 0.000000000000000000e+00 4.606551161704535574e-03 2.823694212176893967e-02 2.585367784406679068e-02 1.985288315696071004e-01
8.589929009644614588e-02 0.000000000000000000e+00 1.807981728733342244e-02 1.258741533168877824e-01 8.698532668107774105e-03 1.011633561137964500e-03 8.902290139860892168e-03 0.000000000000000000e+00 3.753150612338530118e-02 1.088337705211623284e-02 1.865902951202570367e-02 9.652103192547346888e-02 0.000000000000000000e+00 1.121054660572370692e-03 1.920799571445001505e-02 0.000000000000000000e+00 0.000000000000000000e+00 1.286179351269347015e-01 2.241077269134584583e-03 1.023874158220965114e-02 0.000000000000000000e+00 1.135182836934068434e-02 3.178485715693114139e-02 2.055723231699456421e-01 1.778035252677066247e-01
1.387610981087441381e-02 1.361922375400735977e-02 0.000000000000000000e+00 0.000000000000000000e+00 0.000000000000000000e+00 0.000000000000000000e+00 6.433226859680232779e-02 2.065446031171738750e-01 2.284285823992658962e-02 1.098599965009604967e-01 0.000000000000000000e+00 3.404926981227836963e-02 0.000000000000000000e+00 0.000000000000000000e+00 3.516521044840549559e-02 9.521846634452255098e-02 7.126067968936358743e-02 1.335153603194243199e-02 1.199206573065701581e-01 1.218875041585419650e-02 0.000000000000000000e+00 1.237083237602677327e-01 1.217948463013590263e-02 0.000000000000000000e+00 5.188256154091447359e-02
0.000000000000000000e+00 3.147615978795108294e-02 1.275842505600108950e-02 1.085488031156168912e-03 1.185782955640185404e-01 0.000000000000000000e+00 1.286650444277332439e-01 1.348450546865806177e-01 1.415913170205041274e-02 1.379256271196955402e-02 1.205753400936262001e-02 1.161790231895664174e-02 0.000000000000000000e+00 1.062820314755112076e-03 1.228175183130004663e-02 8.984382203803241429e-02 1.062491745528876090e-02 1.411900830500009522e-02 5.615734540035726557e-02 3.607262401632723575e-02 7.205420694284031015e-03 0.000000000000000000e+00 1.362150938956149249e-01 1.614429454154911719e-03 1.557671682991052797e-01
2.435334869989443443e-02 0.000000000000000000e+00 2.418741763723497498e-03 0.000000000000000000e+00 1.727223864196573977e-01 0.000000000000000000e+00 6.284836083504079240e-02 7.322079613527000472e-03 0.000000000000000000e+00 3.619733508010392758e-02 1.200160516303421659e-02 8.400108588411214772e-02 0.000000000000000000e+00 1.464442259142464085e-02 1.273582966385539694e-01 1.439873951107703727e-02 2.783463331925146167e-01 0.000000000000000000e+00 0.000000000000000000e+00 1.043506654763693281e-01 0.000000000000000000e+00 0.000000000000000000e+00 0.000000000000000000e+00 3.153496709283067079e-02 2.750163203813623877e-02
5.273053770583394605e-04 1.508601350784624130e-02 0.000000000000000000e+00 1.104091200708665482e-01 2.194592160450539453e-01 0.000000000000000000e+00 3.002439483069454032e-02 9.802557911983869610e-02 0.000000000000000000e+00 4.495496416966218017e-02 0.000000000000000000e+00 3.646367288733119022e-02 0.000000000000000000e+00 1.716099898969384837e-03 4.299053856163573273e-02 0.000000000000000000e+00 5.807101916145801512e-02 0.000000000000000000e+00 0.000000000000000000e+00 1.914905255572239146e-02 3.973012765689847188e-03 6.293113837827957538e-03 1.011391580138932544e-01 1.473251886749824269e-01 6.439255052146942992e-02
2.704843276402935440e-03 8.296830043411113076e-02 2.162955853167913486e-02 0.000000000000000000e+00 2.287339096002809907e-02 1.199067760968829241e-03 1.598544618676332185e-01 1.420128948869875674e-01 1.600064281275655545e-03 1.838598182580718872e-03 0.000000000000000000e+00 1.517860172562018328e-01 9.411850604175292512e-03 7.595034618181177762e-03 6.454029982505644913e-02 6.286719332328499776e-02 3.899747048689177625e-02 1.169494935900985445e-02 0.000000000000000000e+00 0.000000000000000000e+00 0.000000000000000000e+00 0.000000000000000000e+00 1.302370522628601944e-02 5.113803134028461345e-02 1.522642677789607379e-01
2.608375200996360110e-02 0.000000000000000000e+00 0.000000000000000000e+00 0.000000000000000000e+00 1.957375579492138251e-01 8.009010934405258464e-02 1.509581181886694157e-01 0.000000000000000000e+00 1.511688176423270878e-02 1.782301413667284132e-02 0.000000000000000000e+00 0.000000000000000000e+00 5.095721152746006920e-03 9.943177945131330062e-03 5.824860414689569943e-02 0.000000000000000000e+00 0.000000000000000000e+00 0.000000000000000000e+00 1.503744736332464638e-01 2.130535556023565539e-03 6.095681916663997675e-03 1.258654221976683307e-01 0.000000000000000000e+00 1.564369500588196904e-01 0.000000000000000000e+00
0.000000000000000000e+00 1.006692771939960707e-01 1.398879250677962649e-01 1.710327257282635719e-03 8.721815278811165945e-03 0.000000000000000000e+00 6.932513166244120423e-03 1.401722844546152424e-01 9.801806224618648047e-03 0.000000000000000000e+00 0.000000000000000000e+00 2.099938140003090314e-01 3.391074464430596843e-03 0.000000000000000000e+00 0.000000000000000000e+00 0.000000000000000000e+00 0.000000000000000000e+00 1.282208243019212351e-02 6.022369338188342421e-03 2.161118348364902530e-03 0.000000000000000000e+00 5.951670620399038616e-03 7.419723539245534107e-03 1.546447577449831801e-01 1.896974408705231485e-01
0.000000000000000000e+00 0.000000000000000000e+00 4.242483976978392302e-03 3.544190177564971421e-03 2.045441687085967821e-03 3.573835487788499621e-04 1.581648874733256604e-01 8.512434299429191831e-02 2.122181336145153446e-02 9.670965345270728791e-03 0.000000000000000000e+00 7.377606286013457804e-02 1.174043371945628945e-02 3.706029128059933758e-03 4.306631147556239797e-02 6.686642397772433501e-03 7.540078520991155830e-02 1.926076212444483293e-01 4.988865552494966757e-03 3.716072375303457187e-02 0.000000000000000000e+00 4.248838521010779579e-02 0.000000000000000000e+00 1.474794834289784584e-01 7.652714745529057283e-02
4.446378683884997379e-02 8.557647681490816727e-02 6.748328216380741762e-02 1.770908619860907685e-04 3.134858872656141188e-02 1.401381135061073374e-03 1.374703649642565750e-01 7.939369307211160964e-02 7.019741509482010748e-03 8.675567793785060600e-03 0.000000000000000000e+00 1.097717501232185061e-02 1.212499266762946063e-03 0.000000000000000000e+00 8.948163989020309350e-02 8.117296555790270984e-03 3.172672265408031135e-03 8.793058879313718490e-03 6.366182641193818270e-02 3.459332372858291843e-03 8.520908041864953125e-03 5.686712564679907711e-02 1.582554134664222734e-01 8.725344940669255492e-03 1.157457333688386991e-01
1.551414765962766049e-02 4.904385337358903307e-02 1.701833127113135391e-01 2.203807376744584476e-02 1.050085340406942541e-01 2.269377770539015345e-03 7.113533900052653944e-03 1.530529979396079432e-02 8.726399239309697020e-02 2.135560347059964423e-03 0.000000000000000000e+00 5.907187652967575003e-02 0.000000000000000000e+00 0.000000000000000000e+00 2.194068582870735765e-02 3.915784378044163960e-02 1.905123308425139134e-02 1.207518592579682748e-01 1.831928239461661292e-02 3.618678212919393400e-02 2.112737611282789960e-03 1.501271772547689287e-01 1.962523060341180015e-02 3.096297675037657307e-02 6.816629017925342031e-03
7.360797236026060675e-02 3.076376762904218035e-02 6.776121400655883871e-03 0.000000000000000000e+00 1.269522634076316603e-01 0.000000000000000000e+00 1.324953067687052038e-02 4.031346782613957902e-02 5.833290062103253619e-03 0.000000000000000000e+00 3.659842504539873032e-02 0.000000000000000000e+00 4.527268522025125475e-03 6.677895046982467928e-03 1.338734308062813627e-01 1.044278979470000118e-02 1.511165199188810315e-01 1.527881388935590189e-02 1.479630501650770757e-01 6.947926906179289694e-03 9.584178052520559571e-03 1.284968055455939784e-01 2.475521355129078546e-02 2.196809414252797951e-02 4.273175250481952604e-03
