1.847614815532495729e-03 3.430171675844981630e-03 3.236626451458285425e-02 0.000000000000000000e+00 0.000000000000000000e+00 0.000000000000000000e+00 1.828557250127531286e-02 1.210035174948082513e-02 2.206991794013052344e-02 1.440554696225138098e-01 0.000000000000000000e+00 0.000000000000000000e+00 0.000000000000000000e+00 1.093177273937162713e-01 3.171602153167552007e-01 2.431378279927795885e-03 0.000000000000000000e+00 3.495804366520781532e-03 4.436130300999593240e-03 3.110412411557471682e-02 0.000000000000000000e+00 0.000000000000000000e+00 2.642920908538089891e-02 1.425807758237533640e-01 1.288892724980106597e-01
0.000000000000000000e+00 1.660087435180389592e-01 0.000000000000000000e+00 0.000000000000000000e+00 0.000000000000000000e+00 1.843292274999809577e-02 0.000000000000000000e+00 0.000000000000000000e+00 0.000000000000000000e+00 1.012362520532215093e-01 0.000000000000000000e+00 4.532136774010809416e-02 0.000000000000000000e+00 3.068110414913587797e-02 2.090218151958060377e-01 7.453345436878099084e-02 0.000000000000000000e+00 0.000000000000000000e+00 0.000000000000000000e+00 0.000000000000000000e+00 1.808884394008511117e-03 0.000000000000000000e+00 8.981945427748765087e-03 1.946018951768667127e-01 1.493716152262865304e-01
2.760460734618460418e-03 0.000000000000000000e+00 5.077539901932359712e-02 1.026684291719239250e-01 3.925756374482453070e-02 3.117093409909104523e-03 1.375360855263137866e-02 5.284224217829381481e-02 0.000000000000000000e+00 7.628857662630518554e-04 7.021441847618199728e-02 0.000000000000000000e+00 9.394704639285345396e-03 1.428907642112214327e-01 1.427535035358699078e-01 0.000000000000000000e+00 0.000000000000000000e+00 1.190977202442683978e-02 0.000000000000000000e+00 0.000000000000000000e+00 7.091546358685466012e-02 0.000000000000000000e+00 1.236412770529157351e-01 1.094121708541497401e-01 5.293024304130653640e-02
0.000000000000000000e+00 0.000000000000000000e+00 0.000000000000000000e+00 0.000000000000000000e+00 1.886523313134514379e-01 0.000000000000000000e+00 0.000000000000000000e+00 1.888853114087827023e-01 0.000000000000000000e+00 0.000000000000000000e+00 2.203032454348380006e-02 0.000000000000000000e+00 0.000000000000000000e+00 0.000000000000000000e+00 1.288626319547948040e-01 0.000000000000000000e+00 0.000000000000000000e+00 0.000000000000000000e+00 1.434005815226112590e-01 0.000000000000000000e+00 0.000000000000000000e+00 0.000000000000000000e+00 1.497420123647123791e-01 1.784268068921636974e-01 0.000000000000000000e+00
2.258192860355386078e-02 0.000000000000000000e+00 0.000000000000000000e+00 0.000000000000000000e+00 0.000000000000000000e+00 1.223529353512395508e-02 1.289443190213228341e-01 2.033387908220391643e-02 0.000000000000000000e+00 0.000000000000000000e+00 0.000000000000000000e+00 8.290837173525082010e-03 3.859604065245313131e-02 2.178813639463710039e-01 1.661240480763951366e-01 0.000000000000000000e+00 0.000000000000000000e+00 0.000000000000000000e+00 1.201365141342829179e-02 0.000000000000000000e+00 0.000000000000000000e+00 0.000000000000000000e+00 8.852337576404803454e-02 2.844752627315749183e-01 0.000000000000000000e+00
0.000000000000000000e+00 1.401776043462949206e-01 5.858543235424389095e-02 1.391751088926546087e-01 5.573076924708197238e-02 3.438420429449023236e-02 4.179603614100748515e-02 4.738819507431814987e-02 0.000000000000000000e+00 0.000000000000000000e+00 1.684806804992515158e-02 8.360479561933304229e-03 0.000000000000000000e+00 0.000000000000000000e+00 9.394849748543335211e-02 1.016924207529932567e-01 0.000000000000000000e+00 3.894925754932556609e-04 0.000000000000000000e+00 7.823836534082920235e-02 0.000000000000000000e+00 0.000000000000000000e+00 8.406947974212600899e-03 1.752115558181100569e-02 1.573572223272776127e-01
0.000000000000000000e+00 1.306199129387317914e-01 4.367926832221742661e-02 0.000000000000000000e+00 1.770320351593585306e-01 0.000000000000000000e+00 2.631558149668584284e-02 0.000000000000000000e+00 0.000000000000000000e+00 2.946953262875546403e-02 0.000000000000000000e+00 0.000000000000000000e+00 0.000000000000000000e+00 0.000000000000000000e+00 2.387641452665103803e-01 0.000000000000000000e+00 0.000000000000000000e+00 0.000000000000000000e+00 1.860712006376507022e-01 0.000000000000000000e+00 2.793854956779340259e-02 0.000000000000000000e+00 0.000000000000000000e+00 0.000000000000000000e+00 1.401097739822964872e-01
0.000000000000000000e+00 1.545382029326877182e-01 2.334146605442678768e-02 0.000000000000000000e+00 4.079119732787413882e-02 0.000000000000000000e+00 3.480490799870978452e-02 4.486180579803202700e-02 6.552785779193807947e-02 2.601493891566264427e-01 0.000000000000000000e+00 0.000000000000000000e+00 0.000000000000000000e+00 2.459595666775621012e-02 7.579583777465032091e-02 9.700453359865404690e-02 2.530284062642914125e-02 0.000000000000000000e+00 4.779452494452739869e-02 0.000000000000000000e+00 4.543357597646518684e-03 0.000000000000000000e+00 1.198588250507060318e-02 0.000000000000000000e+00 8.896223922497070724e-02
0.000000000000000000e+00 0.000000000000000000e+00 1.647250598223351861e-02 0.000000000000000000e+00 7.968543008019678131e-02 0.000000000000000000e+00 3.267612180619498818e-02 9.663156787748253262e-02 3.699156724814295361e-02 1.025146445059696154e-01 0.000000000000000000e+00 0.000000000000000000e+00 0.000000000000000000e+00 0.000000000000000000e+00 2.226177462672427054e-01 0.000000000000000000e+00 8.215686338078406759e-02 0.000000000000000000e+00 1.064433735727585151e-02 0.000000000000000000e+00 2.490925347847155330e-02 0.000000000000000000e+00 1.535154443234263699e-01 1.411845176925790868e-01 0.000000000000000000e+00
0.000000000000000000e+00 0.000000000000000000e+00 1.351487614534179205e-01 5.607457721993214239e-02 0.000000000000000000e+00 6.929672920757391774e-02 1.117624928901621434e-01 0.000000000000000000e+00 0.000000000000000000e+00 0.000000000000000000e+00 0.000000000000000000e+00 1.164722091028206896e-01 2.072211029988129619e-03 6.054828654581051461e-02 2.793555296468043792e-01 2.211250006699303980e-02 7.713845876001647339e-02 0.000000000000000000e+00 0.000000000000000000e+00 0.000000000000000000e+00 0.000000000000000000e+00 0.000000000000000000e+00 7.825588787537666666e-03 6.219265528894291767e-02 0.000000000000000000e+00
0.000000000000000000e+00 0.000000000000000000e+00 1.314199380497191871e-01 3.146250922495850977e-02 8.554013162745188054e-03 1.059565578729909779e-01 4.802088007554355942e-02 0.000000000000000000e+00 5.170103258870372559e-02 1.399896803695849790e-01 1.447826960472538109e-02 1.398223080841200783e-01 1.723130848607019178e-02 8.446843783094860544e-03 9.549661216118655871e-02 0.000000000000000000e+00 3.183540443817012983e-02 0.000000000000000000e+00 7.923231790813946643e-03 0.000000000000000000e+00 0.000000000000000000e+00 0.000000000000000000e+00 1.832900875094455387e-02 0.000000000000000000e+00 1.493324015566281082e-01
0.000000000000000000e+00 1.422025330866784620e-01 7.003590483994977245e-02 0.000000000000000000e+00 1.858097183250397022e-01 0.000000000000000000e+00 0.000000000000000000e+00 0.000000000000000000e+00 0.000000000000000000e+00 0.000000000000000000e+00 0.000000000000000000e+00 4.538719034564844823e-02 0.000000000000000000e+00 6.036621050154712675e-02 2.289296400148177132e-02 0.000000000000000000e+00 0.000000000000000000e+00 0.000000000000000000e+00 2.316385225556032157e-01 0.000000000000000000e+00 1.033440075926939095e-01 0.000000000000000000e+00 0.000000000000000000e+00 0.000000000000000000e+00 1.383229487513575051e-01
4.901051289983793247e-02 1.474854786043442167e-01 0.000000000000000000e+00 9.302144986237777247e-02 0.000000000000000000e+00 0.000000000000000000e+00 4.596305824612020863e-02 5.210081987197150849e-02 0.000000000000000000e+00 0.000000000000000000e+00 0.000000000000000000e+00 0.000000000000000000e+00 0.000000000000000000e+00 1.082132816895064603e-01 6.391216361877624652e-02 0.000000000000000000e+00 0.000000000000000000e+00 0.000000000000000000e+00 2.128614518946914669e-01 2.008609840405771452e-02 0.000000000000000000e+00 8.837509311231225156e-03 0.000000000000000000e+00 1.028597016152848695e-02 1.882222054355567609e-01
0.000000000000000000e+00 8.279699561799060137e-02 0.000000000000000000e+00 0.000000000000000000e+00 1.923837069520178966e-01 2.969292213299461105e-03 0.000000000000000000e+00 0.000000000000000000e+00 0.000000000000000000e+00 0.000000000000000000e+00 0.000000000000000000e+00 0.000000000000000000e+00 0.000000000000000000e+00 1.903594273240482304e-01 0.000000000000000000e+00 2.776155068840987020e-02 0.000000000000000000e+00 0.000000000000000000e+00 2.773576977590772596e-01 0.000000000000000000e+00 1.383670136207747203e-01 0.000000000000000000e+00 8.800431582438188183e-02 0.000000000000000000e+00 0.000000000000000000e+00
0.000000000000000000e+00 2.760600610186410286e-02 1.219216452337783113e-01 0.000000000000000000e+00 0.000000000000000000e+00 0.000000000000000000e+00 6.607613433574356654e-02 7.823997094193487281e-03 0.000000000000000000e+00 2.137452930710689314e-01 0.000000000000000000e+00 1.272530781798400790e-01 0.000000000000000000e+00 6.628091616647746598e-02 1.501893297061711596e-01 4.956762117738024165e-02 0.000000000000000000e+00 0.000000000000000000e+00 1.244240513170714879e-02 6.742815462570329356e-03 0.000000000000000000e+00 6.412605883315612536e-03 7.960672581763701683e-03 0.000000000000000000e+00 1.359774798741258395e-01
0.000000000000000000e+00 3.360959216553698059e-02 1.280795309742302768e-01 1.506817190131049256e-01 2.304166755571615544e-01 0.000000000000000000e+00 5.883099839432103656e-02 7.103647452658069794e-02 0.000000000000000000e+00 0.000000000000000000e+00 0.000000000000000000e+00 0.000000000000000000e+00 0.000000000000000000e+00 0.000000000000000000e+00 1.347193288922056975e-01 0.000000000000000000e+00 0.000000000000000000e+00 0.000000000000000000e+00 1.926256804768587960e-01 0.000000000000000000e+00 0.000000000000000000e+00 0.000000000000000000e+00 0.000000000000000000e+00 0.000000000000000000e+00 0.000000000000000000e+00
0.000000000000000000e+00 0.000000000000000000e+00 1.214626919933368826e-01 0.000000000000000000e+00 2.105516397695050002e-01 0.000000000000000000e+00 0.000000000000000000e+00 0.000000000000000000e+00 0.000000000000000000e+00 0.000000000000000000e+00 0.000000000000000000e+00 6.468652577767168566e-02 0.000000000000000000e+00 4.303299491625096895e-02 7.334504704747042692e-02 0.000000000000000000e+00 1.232708189413873751e-01 0.000000000000000000e+00 2.458118529663086693e-01 0.000000000000000000e+00 2.973789395365221411e-02 0.000000000000000000e+00 8.810053463441679111e-02 0.000000000000000000e+00 0.000000000000000000e+00
0.000000000000000000e+00 2.658913617326376030e-02 0.000000000000000000e+00 0.000000000000000000e+00 0.000000000000000000e+00 4.766594526929519848e-03 2.727754964635353274e-01 1.670192965686952136e-01 5.670077364643607426e-02 1.519719941166995381e-01 0.000000000000000000e+00 0.000000000000000000e+00 2.257421950093263519e-02 0.000000000000000000e+00 0.000000000000000000e+00 0.000000000000000000e+00 8.340068180869004977e-02 0.000000000000000000e+00 2.142018071948177949e-01 0.000000000000000000e+00 0.000000000000000000e+00 0.000000000000000000e+00 0.000000000000000000e+00 0.000000000000000000e+00 0.000000000000000000e+00
0.000000000000000000e+00 5.159671006498250945e-02 0.000000000000000000e+00 0.000000000000000000e+00 0.000000000000000000e+00 0.000000000000000000e+00 7.385894519853491991e-02 1.207892677090307842e-01 0.000000000000000000e+00 3.678052273108824155e-02 0.000000000000000000e+00 8.795438686624260094e-02 0.000000000000000000e+00 1.492155840591587457e-01 1.956279685690762438e-01 0.000000000000000000e+00 0.000000000000000000e+00 0.000000000000000000e+00 1.596100933504822003e-02 0.000000000000000000e+00 1.076785126035962117e-02 5.056307724273337821e-03 9.124610728739357066e-03 1.082722550088208169e-01 1.349945807446445711e-01
0.000000000000000000e+00 0.000000000000000000e+00 1.107064596406236584e-01 1.541682533470326300e-01 3.993133428267791468e-02 0.000000000000000000e+00 0.000000000000000000e+00 1.288418770881089304e-01 4.282834777793469161e-02 6.009167213420052618e-03 0.000000000000000000e+00 3.788201065153943420e-02 1.187100070487444401e-03 2.404476190858219342e-02 1.698858231918763395e-01 0.000000000000000000e+00 0.000000000000000000e+00 2.545691494199781024e-03 1.649312661196783783e-02 0.000000000000000000e+00 0.000000000000000000e+00 4.382471600243440651e-02 0.000000000000000000e+00 6.655068881343832732e-02 1.551006419056764341e-01
0.000000000000000000e+00 1.939991765043585364e-02 0.000000000000000000e+00 0.000000000000000000e+00 2.840351417950791602e-01 1.528243003391954735e-01 5.836707839638578116e-02 0.000000000000000000e+00 0.000000000000000000e+00 1.400066805114110954e-02 0.000000000000000000e+00 0.000000000000000000e+00 0.000000000000000000e+00 1.784280299297063554e-01 1.943879128356390540e-01 3.566526619104634730e-03 0.000000000000000000e+00 0.000000000000000000e+00 7.416861415875605767e-02 0.000000000000000000e+00 0.000000000000000000e+00 0.000000000000000000e+00 1.890560631035524512e-03 0.000000000000000000e+00 1.893124959352106979e-02
0.000000000000000000e+00 0.000000000000000000e+00 1.132882423162584057e-01 0.000000000000000000e+00 2.121971983811902773e-01 0.000000000000000000e+00 3.151804427160320721e-02 0.000000000000000000e+00 1.176295514546152506e-02 1.481687782401054643e-01 0.000000000000000000e+00 6.685729902108145627e-03 5.071964766574067751e-02 0.000000000000000000e+00 1.639319976947301027e-01 5.482126666935481507e-02 0.000000000000000000e+00 0.000000000000000000e+00 0.000000000000000000e+00 0.000000000000000000e+00 0.000000000000000000e+00 0.000000000000000000e+00 1.189210835159643619e-02 7.820583137750171387e-02 1.168081999843492286e-01
0.000000000000000000e+00 2.101541528684824078e-01 1.497744534158723662e-02 0.000000000000000000e+00 4.867372221751582739e-02 0.000000000000000000e+00 4.198534133388773237e-02 0.000000000000000000e+00 3.336355530483927495e-02 0.000000000000000000e+00 0.000000000000000000e+00 0.000000000000000000e+00 1.304766007580943597e-02 4.943242354463565219e-02 1.579086042270930468e-01 0.000000000000000000e+00 6.490210751741849055e-03 4.650364825796091117e-02 1.601942555838665738e-01 0.000000000000000000e+00 9.530855380489172690e-02 0.000000000000000000e+00 1.219604266876882226e-01 0.000000000000000000e+00 0.000000000000000000e+00
0.000000000000000000e+00 2.136528682154426595e-01 3.016516951349962339e-02 1.374419418082090116e-01 1.564244200309116428e-01 3.341443403586383254e-02 0.000000000000000000e+00 1.292405043188984970e-01 8.789498863173565366e-03 0.000000000000000000e+00 0.000000000000000000e+00 0.000000000000000000e+00 0.000000000000000000e+00 0.000000000000000000e+00 5.571656379294961242e-02 0.000000000000000000e+00 0.000000000000000000e+00 0.000000000000000000e+00 2.021565869758538414e-01 0.000000000000000000e+00 0.000000000000000000e+00 0.000000000000000000e+00 1.944645776538517137e-03 0.000000000000000000e+00 3.105336666865929351e-02
0.000000000000000000e+00 0.000000000000000000e+00 0.000000000000000000e+00 0.000000000000000000e+00 1.530043312519061283e-01 0.000000000000000000e+00 0.000000000000000000e+00 0.000000000000000000e+00 3.202588887524422667e-02 0.000000000000000000e+00 0.000000000000000000e+00 1.501162181792945194e-01 1.861274147583807589e-02 1.628322595494056668e-01 2.634582824978727311e-01 0.000000000000000000e+00 0.000000000000000000e+00 0.000000000000000000e+00 0.000000000000000000e+00 0.000000000000000000e+00 1.466294073114303431e-02 0.000000000000000000e+00 7.053714894456027118e-02 0.000000000000000000e+00 1.347501884947354400e-01
0.000000000000000000e+00 1.286210141833615539e-01 0.000000000000000000e+00 1.274004608031141517e-01 0.000000000000000000e+00 9.098141144168615108e-03 4.694609421501785840e-02 4.524450286839730093e-03 8.769037669338855534e-03 7.223381715183624374e-02 0.000000000000000000e+00 1.157014378035695901e-01 0.000000000000000000e+00 4.521241848136466068e-02 3.310654695121859059e-02 0.000000000000000000e+00 0.000000000000000000e+00 0.000000000000000000e+00 1.316656509424673355e-02 0.000000000000000000e+00 1.003596935884621538e-01 0.000000000000000000e+00 1.689458155512640614e-01 7.839922575816027361e-02 4.751528131803683247e-02
0.000000000000000000e+00 0.000000000000000000e+00 0.000000000000000000e+00 0.000000000000000000e+00 3.548919071056838015e-01 0.000000000000000000e+00 0.000000000000000000e+00 1.678480660025633564e-01 0.000000000000000000e+00 4.810787693530682585e-02 0.000000000000000000e+00 0.000000000000000000e+00 0.000000000000000000e+00 1.970433716376685795e-01 2.321087783187773534e-01 0.000000000000000000e+00 0.000000000000000000e+00 0.000000000000000000e+00 0.000000000000000000e+00 0.000000000000000000e+00 0.000000000000000000e+00 0.000000000000000000e+00 0.000000000000000000e+00 0.000000000000000000e+00 0.000000000000000000e+00
0.000000000000000000e+00 1.127297251265226563e-01 0.000000000000000000e+00 0.000000000000000000e+00 8.153615119733916006e-02 0.000000000000000000e+00 1.580348956731598420e-01 2.641496281234800760e-03 0.000000000000000000e+00 1.161529812659927025e-01 2.649619858781924325e-02 8.365467505274151727e-02 3.106471330559635105e-02 5.733093702646004618e-03 1.582964177545168050e-01 0.000000000000000000e+00 2.038743202511582309e-02 2.472282814647042137e-02 0.000000000000000000e+00 1.270807810844409858e-02 0.000000000000000000e+00 0.000000000000000000e+00 7.148041947573435806e-02 1.240544014978988731e-02 8.195545414687638308e-02
0.000000000000000000e+00 0.000000000000000000e+00 2.979465941809278720e-02 0.000000000000000000e+00 3.240138643158743115e-01 0.000000000000000000e+00 0.000000000000000000e+00 1.733897760322530013e-01 0.000000000000000000e+00 0.000000000000000000e+00 0.000000000000000000e+00 8.740582255405834888e-02 1.074258952443905672e-02 2.027098591175642006e-01 0.000000000000000000e+00 0.000000000000000000e+00 0.000000000000000000e+00 0.000000000000000000e+00 0.000000000000000000e+00 0.000000000000000000e+00 0.000000000000000000e+00 0.000000000000000000e+00 0.000000000000000000e+00 1.719434290377181984e-01 0.000000000000000000e+00
0.000000000000000000e+00 1.745319446064743929e-01 0.000000000000000000e+00 0.000000000000000000e+00 0.000000000000000000e+00 0.000000000000000000e+00 0.000000000000000000e+00 0.000000000000000000e+00 2.516962509206646659e-02 4.063887358576292325e-02 0.000000000000000000e+00 0.000000000000000000e+00 0.000000000000000000e+00 2.345101811079565099e-03 2.823045908882396149e-01 0.000000000000000000e+00 1.283592396218152278e-02 0.000000000000000000e+00 1.382200358659189943e-02 0.000000000000000000e+00 0.000000000000000000e+00 1.398592228808704097e-01 0.000000000000000000e+00 1.581402081569763252e-01 1.503525054297569497e-01
0.000000000000000000e+00 1.932328479107929264e-01 0.000000000000000000e+00 0.000000000000000000e+00 2.173467804474358833e-01 0.000000000000000000e+00 3.855570261563518678e-03 1.982860575466652564e-01 0.000000000000000000e+00 0.000000000000000000e+00 0.000000000000000000e+00 0.000000000000000000e+00 0.000000000000000000e+00 4.316446706532184319e-02 8.813935986803773937e-02 0.000000000000000000e+00 0.000000000000000000e+00 0.000000000000000000e+00 2.559749169001828140e-01 0.000000000000000000e+00 0.000000000000000000e+00 0.000000000000000000e+00 0.000000000000000000e+00 0.000000000000000000e+00 0.000000000000000000e+00
0.000000000000000000e+00 2.815633553833274058e-02 0.000000000000000000e+00 1.298156051790063936e-01 8.528897096089360988e-03 0.000000000000000000e+00 4.389806387371923690e-02 1.836879689724297826e-01 0.000000000000000000e+00 1.812932398352534447e-01 0.000000000000000000e+00 1.415253075776798028e-02 0.000000000000000000e+00 0.000000000000000000e+00 3.896751515290211576e-02 1.111312600665843447e-01 0.000000000000000000e+00 4.826482374942027941e-03 3.496357476992819485e-02 0.000000000000000000e+00 1.104770705452887657e-02 0.000000000000000000e+00 0.000000000000000000e+00 1.404645198793985916e-01 6.906629944911676922e-02
0.000000000000000000e+00 5.904448578647309570e-02 0.000000000000000000e+00 4.878358603968981078e-02 0.000000000000000000e+00 1.437585025612053008e-02 4.441490171528084119e-02 1.052621531826908458e-01 0.000000000000000000e+00 0.000000000000000000e+00 0.000000000000000000e+00 7.954687462190881964e-02 0.000000000000000000e+00 0.000000000000000000e+00 0.000000000000000000e+00 0.000000000000000000e+00 0.000000000000000000e+00 0.000000000000000000e+00 2.164454597265342284e-01 1.262352856966613562e-02 7.835639495732719950e-02 1.040433448614093426e-01 1.249876354699717834e-01 0.000000000000000000e+00 1.121157848129274992e-01
0.000000000000000000e+00 0.000000000000000000e+00 0.000000000000000000e+00 0.000000000000000000e+00 1.907313505555500444e-01 0.000000000000000000e+00 2.378919185818456552e-04 0.000000000000000000e+00 0.000000000000000000e+00 6.682377673631657855e-02 2.294042684060379565e-03 0.000000000000000000e+00 0.000000000000000000e+00 1.690235634852344793e-01 1.966683109651278238e-01 0.000000000000000000e+00 0.000000000000000000e+00 8.522650285139878046e-02 2.138438424673697047e-01 0.000000000000000000e+00 1.920856248924792536e-02 0.000000000000000000e+00 5.594215584711252631e-02 0.000000000000000000e+00 0.000000000000000000e+00
0.000000000000000000e+00 0.000000000000000000e+00 0.000000000000000000e+00 5.031669324913809298e-03 3.594446504953585642e-01 0.000000000000000000e+00 0.000000000000000000e+00 1.788101810543338555e-01 0.000000000000000000e+00 0.000000000000000000e+00 0.000000000000000000e+00 1.363149882654832723e-01 0.000000000000000000e+00 0.000000000000000000e+00 1.372804714270055466e-02 0.000000000000000000e+00 1.164630811370782199e-01 0.000000000000000000e+00 0.000000000000000000e+00 0.000000000000000000e+00 0.000000000000000000e+00 0.000000000000000000e+00 0.000000000000000000e+00 1.902073825801317564e-01 0.000000000000000000e+00
7.269179018870385034e-03 1.513239998383654195e-01 5.557975588493120622e-02 1.302005037128106842e-02 1.373453479663895860e-01 1.857700766362632748e-03 0.000000000000000000e+00 3.383109047810307218e-02 0.000000000000000000e+00 0.000000000000000000e+00 0.000000000000000000e+00 0.000000000000000000e+00 2.145867450629145370e-02 4.073360809700415225e-02 1.622229351653021179e-01 0.000000000000000000e+00 0.000000000000000000e+00 0.000000000000000000e+00 1.891201396266862329e-03 0.000000000000000000e+00 5.408548085216480228e-02 0.000000000000000000e+00 0.000000000000000000e+00 4.510155500910684873e-02 2.742794206495602349e-01
4.071085111894293812e-02 0.000000000000000000e+00 0.000000000000000000e+00 0.000000000000000000e+00 1.772133033130381397e-01 0.000000000000000000e+00 0.000000000000000000e+00 0.000000000000000000e+00 0.000000000000000000e+00 6.134566979478531246e-02 0.000000000000000000e+00 0.000000000000000000e+00 0.000000000000000000e+00 1.629503149436352383e-01 2.683554217584612211e-01 0.000000000000000000e+00 9.950108750812208455e-03 0.000000000000000000e+00 0.000000000000000000e+00 0.000000000000000000e+00 0.000000000000000000e+00 0.000000000000000000e+00 0.000000000000000000e+00 1.645774103220928319e-01 1.148969199982323025e-01
0.000000000000000000e+00 0.000000000000000000e+00 0.000000000000000000e+00 0.000000000000000000e+00 2.696530706173944081e-01 1.995372037657232311e-02 0.000000000000000000e+00 0.000000000000000000e+00 5.155685914813367549e-03 0.000000000000000000e+00 0.000000000000000000e+00 0.000000000000000000e+00 0.000000000000000000e+00 0.000000000000000000e+00 3.341431261551100484e-01 0.000000000000000000e+00 6.606642362123561416e-03 0.000000000000000000e+00 2.321468120939115254e-01 0.000000000000000000e+00 0.000000000000000000e+00 0.000000000000000000e+00 0.000000000000000000e+00 0.000000000000000000e+00 1.323409424800746914e-01
0.000000000000000000e+00 4.808271347123296152e-02 1.080212080090969529e-01 0.000000000000000000e+00 0.000000000000000000e+00 0.000000000000000000e+00 2.618481359958123658e-02 1.264845177416477340e-01 0.000000000000000000e+00 0.000000000000000000e+00 2.851640582737520815e-02 1.182772051548284797e-01 0.000000000000000000e+00 0.000000000000000000e+00 8.737761823118866608e-03 0.000000000000000000e+00 0.000000000000000000e+00 0.000000000000000000e+00 1.639065048683917558e-01 1.565455982283675898e-02 0.000000000000000000e+00 1.131110351487156773e-01 1.322135998047625598e-02 1.021095053139046138e-01 1.276924092387934917e-01
0.000000000000000000e+00 3.209974426832309241e-02 1.587863613762165726e-01 0.000000000000000000e+00 0.000000000000000000e+00 0.000000000000000000e+00 9.990561738732144093e-02 1.526045464420501263e-01 3.071848401428312753e-03 1.130647697536937002e-01 5.713771713290049722e-03 9.571111608854833419e-02 0.000000000000000000e+00 2.268598784506960231e-02 2.866992021954591421e-03 0.000000000000000000e+00 0.000000000000000000e+00 9.712739597149282200e-02 1.952505721939964412e-01 0.000000000000000000e+00 0.000000000000000000e+00 0.000000000000000000e+00 2.111127653661488621e-02 0.000000000000000000e+00 0.000000000000000000e+00
0.000000000000000000e+00 2.057232847408559662e-01 3.540362792262315150e-02 0.000000000000000000e+00 3.640407544648526644e-02 0.000000000000000000e+00 7.179539201774398638e-02 1.575442128246100013e-02 0.000000000000000000e+00 1.873903235149213808e-01 0.000000000000000000e+00 1.158271330438864592e-02 5.572878588353436143e-03 0.000000000000000000e+00 2.230060367122508047e-01 2.548467290151680553e-02 0.000000000000000000e+00 0.000000000000000000e+00 4.905834185564109107e-02 1.316134614199095804e-02 6.579849552915542632e-02 0.000000000000000000e+00 0.000000000000000000e+00 5.185221517431932992e-02 2.012174867292698417e-03
0.000000000000000000e+00 0.000000000000000000e+00 1.264259560947610939e-01 0.000000000000000000e+00 0.000000000000000000e+00 0.000000000000000000e+00 1.067842576300230550e-01 1.374697333491248230e-01 0.000000000000000000e+00 1.106834802121440392e-01 0.000000000000000000e+00 5.106079714736055930e-02 0.000000000000000000e+00 4.995735000591383125e-03 1.733691607718530758e-01 0.000000000000000000e+00 8.210073612996664216e-02 1.030934175151840444e-02 0.000000000000000000e+00 1.260354880822386614e-01 4.772658089757645522e-02 0.000000000000000000e+00 2.303873293284180654e-02 0.000000000000000000e+00 0.000000000000000000e+00
0.000000000000000000e+00 0.000000000000000000e+00 0.000000000000000000e+00 1.334676396335017501e-01 1.004055514390271991e-01 0.000000000000000000e+00 8.023065428234542329e-02 1.713041966846286512e-01 0.000000000000000000e+00 0.000000000000000000e+00 0.000000000000000000e+00 0.000000000000000000e+00 0.000000000000000000e+00 1.382991619274928918e-01 0.000000000000000000e+00 0.000000000000000000e+00 0.000000000000000000e+00 0.000000000000000000e+00 2.200192112336478434e-01 0.000000000000000000e+00 0.000000000000000000e+00 0.000000000000000000e+00 0.000000000000000000e+00 6.204597458955038447e-02 9.422761020980582880e-02
0.000000000000000000e+00 5.020957325130460946e-02 9.494090231403380653e-02 7.652656152194141359e-02 0.000000000000000000e+00 1.618993333859004846e-02 7.483381966832386434e-02 1.083683257105128375e-02 0.000000000000000000e+00 0.000000000000000000e+00 0.000000000000000000e+00 1.749876733321623357e-01 0.000000000000000000e+00 0.000000000000000000e+00 3.418433791060938587e-01 0.000000000000000000e+00 0.000000000000000000e+00 0.000000000000000000e+00 0.000000000000000000e+00 0.000000000000000000e+00 0.000000000000000000e+00 0.000000000000000000e+00 1.874904623344247553e-02 1.435283346713856628e-02 1.265294451959178557e-01
5.518685305525366375e-02 1.388359699281386250e-01 0.000000000000000000e+00 0.000000000000000000e+00 0.000000000000000000e+00 0.000000000000000000e+00 6.571083961940832330e-02 0.000000000000000000e+00 9.997106586236177705e-02 0.000000000000000000e+00 7.220916847118105664e-03 0.000000000000000000e+00 2.814253949011452649e-02 1.837972740101641578e-01 0.000000000000000000e+00 0.000000000000000000e+00 0.000000000000000000e+00 0.000000000000000000e+00 2.075035059164296869e-01 0.000000000000000000e+00 8.776364503701844511e-02 0.000000000000000000e+00 3.199846171627863944e-02 1.754534823067716368e-02 7.632358028703685460e-02
0.000000000000000000e+00 1.269457819422052935e-01 0.000000000000000000e+00 2.660270468987792694e-02 1.395719989731538380e-01 0.000000000000000000e+00 6.778650004527876638e-02 1.573205065318640863e-02 7.990542156715108035e-02 0.000000000000000000e+00 0.000000000000000000e+00 1.821437118213994205e-02 0.000000000000000000e+00 1.360778887901522849e-01 0.000000000000000000e+00 0.000000000000000000e+00 0.000000000000000000e+00 0.000000000000000000e+00 5.866192153784362956e-02 0.000000000000000000e+00 8.576330802363599237e-02 0.000000000000000000e+00 3.122239021837500822e-02 1.557170934111814786e-01 5.779856896581830883e-02
0.000000000000000000e+00 0.000000000000000000e+00 0.000000000000000000e+00 6.289762168573095891e-02 1.360251428629088988e-01 0.000000000000000000e+00 1.289617320841243142e-01 1.451251799034678214e-01 0.000000000000000000e+00 1.249825037260153121e-01 0.000000000000000000e+00 0.000000000000000000e+00 0.000000000000000000e+00 0.000000000000000000e+00 1.299367955331892366e-01 0.000000000000000000e+00 0.000000000000000000e+00 3.632408012461693647e-02 2.070267303019496519e-01 1.256183273508158955e-02 0.000000000000000000e+00 0.000000000000000000e+00 1.615838104291539290e-02 0.000000000000000000e+00 0.000000000000000000e+00
0.000000000000000000e+00 5.452664710253996537e-03 5.314234317671825969e-02 0.000000000000000000e+00 0.000000000000000000e+00 0.000000000000000000e+00 1.897014182452541331e-01 1.479875724412928195e-02 0.000000000000000000e+00 8.281716657217759459e-02 0.000000000000000000e+00 7.384032337536207760e-03 0.000000000000000000e+00 2.105119834209057406e-01 2.449703476517269829e-01 0.000000000000000000e+00 2.370997612826807759e-04 0.000000000000000000e+00 2.131530101290960572e-02 0.000000000000000000e+00 0.000000000000000000e+00 0.000000000000000000e+00 0.000000000000000000e+00 1.696688858671054900e-01 0.000000000000000000e+00
0.000000000000000000e+00 0.000000000000000000e+00 0.000000000000000000e+00 0.000000000000000000e+00 1.800513734593801318e-01 0.000000000000000000e+00 0.000000000000000000e+00 0.000000000000000000e+00 1.037117043787967735e-01 0.000000000000000000e+00 0.000000000000000000e+00 9.094079581495816134e-02 0.000000000000000000e+00 1.770233350226872171e-01 0.000000000000000000e+00 6.858241865963093931e-02 0.000000000000000000e+00 2.225387240333011676e-02 2.152719780475994549e-01 0.000000000000000000e+00 1.258194533348679089e-01 0.000000000000000000e+00 0.000000000000000000e+00 0.000000000000000000e+00 1.634506887874923389e-02
0.000000000000000000e+00 7.324631310849560872e-02 0.000000000000000000e+00 0.000000000000000000e+00 7.952729201409176885e-02 0.000000000000000000e+00 3.741514999691109011e-02 2.343776295971559606e-02 5.297633993469861441e-02 9.466785183830088435e-02 0.000000000000000000e+00 2.296305461959362651e-02 2.471264080868125837e-02 8.053371319675854678e-02 1.655632530332222518e-01 2.682693421125688024e-02 0.000000000000000000e+00 0.000000000000000000e+00 1.820867924385913827e-01 0.000000000000000000e+00 2.596219895342952513e-02 0.000000000000000000e+00 1.003065663861462536e-01 9.774136500106722636e-03 0.000000000000000000e+00
