1.198317015289008525e-01 6.007782213222939705e-02 0.000000000000000000e+00 1.027398082329553514e-01 5.693653906869967918e-03 2.083804945345430204e-01 0.000000000000000000e+00 0.000000000000000000e+00 1.245065310659190377e-01 0.000000000000000000e+00 2.246092830518191599e-02 5.561965056433482157e-02 0.000000000000000000e+00 0.000000000000000000e+00 1.608541887476425125e-01 0.000000000000000000e+00 0.000000000000000000e+00 7.532104019802308981e-02 0.000000000000000000e+00 6.451418078339991868e-02
1.269390501502437041e-01 2.502295875971376898e-02 1.004919873083317261e-01 1.100835704157458045e-01 7.938882176475743277e-03 7.758138642314299505e-02 6.894836473579845151e-03 1.553613027006721936e-01 4.280016133492499375e-03 3.258647207856114197e-02 6.486521161683381220e-02 1.663730649220051538e-01 1.299532568620895973e-02 0.000000000000000000e+00 1.901145725558068731e-04 0.000000000000000000e+00 0.000000000000000000e+00 6.919019362914888283e-02 0.000000000000000000e+00 3.920562695328785180e-02
1.774199371255195390e-01 0.000000000000000000e+00 0.000000000000000000e+00 0.000000000000000000e+00 2.706369699125914935e-02 1.945551532739605294e-01 3.620178818336275417e-02 0.000000000000000000e+00 0.000000000000000000e+00 0.000000000000000000e+00 1.202622052365288630e-01 0.000000000000000000e+00 0.000000000000000000e+00 0.000000000000000000e+00 0.000000000000000000e+00 3.275181393096635030e-02 0.000000000000000000e+00 2.055106707261693602e-02 2.751164169808850701e-01 1.160779212049008607e-01
1.160788544299598130e-01 1.626548369158774265e-01 2.604603018030613934e-02 1.197943150809813694e-02 0.000000000000000000e+00 1.166053632588782279e-01 3.027824893280768939e-02 0.000000000000000000e+00 7.457486566119037041e-02 2.447689344875723233e-02 5.204125518402992825e-03 0.000000000000000000e+00 0.000000000000000000e+00 3.030420152464131933e-02 8.189194547053844919e-02 0.000000000000000000e+00 0.000000000000000000e+00 0.000000000000000000e+00 1.987930085906687572e-01 1.211121945598735428e-01
0.000000000000000000e+00 0.000000000000000000e+00 4.111592890992264715e-02 1.655968312059438452e-01 0.000000000000000000e+00 5.887407924760688915e-02 0.000000000000000000e+00 0.000000000000000000e+00 0.000000000000000000e+00 0.000000000000000000e+00 1.781758330120514211e-01 1.521207873229642737e-01 1.183112440538201388e-01 0.000000000000000000e+00 0.000000000000000000e+00 0.000000000000000000e+00 0.000000000000000000e+00 6.077754656774640718e-02 5.837633047642707546e-02 1.666514192035173925e-01
1.300608352468591855e-01 4.669099753657978552e-02 0.000000000000000000e+00 0.000000000000000000e+00 7.303410177767048761e-02 1.672635418633218740e-01 0.000000000000000000e+00 0.000000000000000000e+00 0.000000000000000000e+00 1.295147732559568353e-02 0.000000000000000000e+00 1.989507067174453026e-01 9.239172314229378291e-02 0.000000000000000000e+00 0.000000000000000000e+00 1.025416880396677610e-01 0.000000000000000000e+00 6.748250367927095816e-03 1.566215959339612718e-01 1.274508204867765525e-02
5.035701628952894693e-02 0.000000000000000000e+00 0.000000000000000000e+00 2.691438063129780386e-02 1.904440953449449137e-01 1.578432068539096234e-01 0.000000000000000000e+00 0.000000000000000000e+00 1.326977677745062693e-02 5.450321117604800189e-03 4.266099826200746466e-03 2.764440522608419548e-01 0.000000000000000000e+00 3.924948845695633293e-02 0.000000000000000000e+00 4.728912383732225728e-03 0.000000000000000000e+00 9.337526590948400096e-02 1.376573841480478178e-01 0.000000000000000000e+00
5.197665323546214050e-02 0.000000000000000000e+00 0.000000000000000000e+00 4.631236217813360784e-02 1.030296046356079798e-01 1.275562318048624189e-01 0.000000000000000000e+00 1.469455901756450689e-01 2.945784458997691146e-02 0.000000000000000000e+00 0.000000000000000000e+00 2.513939809062334940e-02 1.148022513351754786e-01 8.666849469632953440e-02 4.385454271389627873e-02 0.000000000000000000e+00 0.000000000000000000e+00 0.000000000000000000e+00 3.877086812957666884e-02 1.854861584147106113e-01
1.062040295241357818e-01 1.402897662644407017e-01 1.816987165689871453e-01 1.608442470656708534e-01 0.000000000000000000e+00 0.000000000000000000e+00 0.000000000000000000e+00 2.080363379309004279e-01 1.007611469644812408e-01 0.000000000000000000e+00 0.000000000000000000e+00 7.834015647667150195e-02 1.885264228984752724e-02 0.000000000000000000e+00 0.000000000000000000e+00 0.000000000000000000e+00 0.000000000000000000e+00 4.972956914864721037e-03 0.000000000000000000e+00 0.000000000000000000e+00
5.196968698702926492e-02 1.144072324727588158e-01 1.126580450184578031e-01 5.795770636835063244e-02 1.277010479460761183e-01 0.000000000000000000e+00 2.219191800838597392e-02 3.879813267037413721e-02 0.000000000000000000e+00 4.687759838736943463e-02 7.853220281055968161e-04 7.521348458605439831e-03 2.485546311132993957e-02 0.000000000000000000e+00 1.755318947424826526e-01 3.441751807189093182e-02 0.000000000000000000e+00 0.000000000000000000e+00 0.000000000000000000e+00 1.843270857287831743e-01
6.629571910074576191e-02 0.000000000000000000e+00 0.000000000000000000e+00 1.171749380744806501e-01 0.000000000000000000e+00 2.274745617380034002e-01 0.000000000000000000e+00 0.000000000000000000e+00 3.643568871625077477e-02 0.000000000000000000e+00 2.267735424650798096e-02 1.596806974477992247e-01 0.000000000000000000e+00 0.000000000000000000e+00 1.621037483733095697e-01 0.000000000000000000e+00 0.000000000000000000e+00 1.277575102187323841e-01 8.039978208417038197e-02 0.000000000000000000e+00
1.386215595159869529e-01 0.000000000000000000e+00 7.542878307870964916e-02 2.425803871198965039e-02 0.000000000000000000e+00 1.402933138197711149e-01 0.000000000000000000e+00 4.482572225123115234e-02 3.645482142733848935e-02 1.466577703850109778e-02 0.000000000000000000e+00 2.117341416120419872e-01 5.188529933626108426e-02 0.000000000000000000e+00 0.000000000000000000e+00 0.000000000000000000e+00 2.677069545816162036e-02 1.246536057090676664e-01 4.448405975619312835e-02 6.592418228474640485e-02
7.964651351307552862e-02 1.169878759325540529e-01 0.000000000000000000e+00 3.161839599676644335e-03 9.008831476693446305e-02 1.507297406636266546e-01 0.000000000000000000e+00 1.258989234084610387e-01 2.683702317947210536e-02 5.241974179148153716e-03 6.896596026604190355e-02 1.883462751955342351e-01 1.782569248324928843e-02 4.047369259163509370e-02 7.519056633168003101e-02 0.000000000000000000e+00 0.000000000000000000e+00 0.000000000000000000e+00 0.000000000000000000e+00 1.060560788891092704e-02
2.979929250000461563e-02 1.301913382088175919e-01 0.000000000000000000e+00 1.292999437213289138e-01 0.000000000000000000e+00 1.701082229182813432e-01 8.739298140766411926e-03 5.285453914088007049e-02 0.000000000000000000e+00 0.000000000000000000e+00 2.370588993457485236e-02 1.816437274768947230e-01 5.258301534702544688e-02 3.371795592486859401e-03 1.357322430659143597e-01 0.000000000000000000e+00 0.000000000000000000e+00 8.123814335431589484e-02 0.000000000000000000e+00 7.325505987090786229e-04
1.107499726131419560e-02 3.824735731081219114e-02 4.158520889922010834e-03 0.000000000000000000e+00 3.138546916765477812e-02 0.000000000000000000e+00 0.000000000000000000e+00 2.354500550289102476e-02 1.011107540925133552e-01 0.000000000000000000e+00 7.808082456810028216e-02 2.229522997458897871e-01 8.230742711886289420e-02 0.000000000000000000e+00 1.903549621054681229e-01 0.000000000000000000e+00 0.000000000000000000e+00 0.000000000000000000e+00 1.296183645829714348e-01 8.716401765359992060e-02
0.000000000000000000e+00 0.000000000000000000e+00 3.719184777322424862e-02 1.429369867312876852e-01 7.467569348005648200e-02 4.226962805534579398e-02 0.000000000000000000e+00 1.003938609355864570e-01 3.447682811684386894e-02 0.000000000000000000e+00 6.395359217948047396e-03 7.557694337724488176e-02 6.334875763960994000e-02 0.000000000000000000e+00 0.000000000000000000e+00 0.000000000000000000e+00 0.000000000000000000e+00 3.693645854227652070e-02 1.688504468774711109e-01 2.169471892531047996e-01
1.150393811536333383e-01 0.000000000000000000e+00 2.607542754976493668e-02 0.000000000000000000e+00 1.809433932474731055e-01 1.664549532107571228e-01 0.000000000000000000e+00 3.954181557331158670e-02 0.000000000000000000e+00 9.479242472512158443e-03 1.600485879509352949e-01 3.616846175206592240e-02 0.000000000000000000e+00 6.893860915830132136e-03 1.603182028865467179e-01 0.000000000000000000e+00 0.000000000000000000e+00 0.000000000000000000e+00 3.721820721476361542e-03 9.531485256569326159e-02
9.291957804496068715e-03 1.239458279355487164e-01 0.000000000000000000e+00 0.000000000000000000e+00 1.481678167940730095e-01 9.809540603595254260e-02 0.000000000000000000e+00 0.000000000000000000e+00 0.000000000000000000e+00 0.000000000000000000e+00 1.417428110869695668e-01 2.542920968723896280e-01 0.000000000000000000e+00 0.000000000000000000e+00 1.968829399682730519e-01 0.000000000000000000e+00 1.018958621667022044e-02 0.000000000000000000e+00 0.000000000000000000e+00 1.739155728562713846e-02
0.000000000000000000e+00 1.333546623473930992e-01 0.000000000000000000e+00 1.480220886993045392e-03 1.476483854409862961e-01 0.000000000000000000e+00 0.000000000000000000e+00 0.000000000000000000e+00 0.000000000000000000e+00 6.858300578747997776e-03 1.553222635096833948e-01 2.388549023588454889e-01 0.000000000000000000e+00 0.000000000000000000e+00 2.114221835612763722e-01 0.000000000000000000e+00 2.527403655799936519e-02 6.346925968111875871e-02 1.631578507695616298e-02 0.000000000000000000e+00
7.826114953833888943e-03 2.964624678274867600e-02 0.000000000000000000e+00 4.567469902394427628e-03 5.869547734148477386e-02 1.002432241007670394e-01 0.000000000000000000e+00 9.840807272184014243e-02 1.174560107323551622e-02 0.000000000000000000e+00 5.347389499465338147e-02 1.605585707080428581e-01 0.000000000000000000e+00 4.173926465265782176e-03 2.627437409614687049e-03 0.000000000000000000e+00 4.914787265320012116e-02 2.610163899785084007e-02 1.202819103728664796e-01 2.725025415222013248e-01
1.069397085762360533e-01 1.298542743852544312e-01 6.697154138014330127e-02 4.967862078008162402e-02 0.000000000000000000e+00 2.905086925267980069e-02 2.660173215430658086e-02 0.000000000000000000e+00 0.000000000000000000e+00 3.731640625952289958e-02 0.000000000000000000e+00 1.711014727754800180e-01 0.000000000000000000e+00 8.771704937936181806e-03 2.002128415110394632e-01 0.000000000000000000e+00 0.000000000000000000e+00 0.000000000000000000e+00 0.000000000000000000e+00 1.735008279873196668e-01
6.533492109639636031e-03 2.176018421071066605e-02 0.000000000000000000e+00 1.585099515555575198e-02 3.565603380109151621e-02 1.297293795671684846e-01 0.000000000000000000e+00 1.870238256732647403e-02 7.145279621618152999e-02 1.987153824090681729e-03 5.740544258697711372e-02 2.024214161245558308e-01 0.000000000000000000e+00 0.000000000000000000e+00 1.256966967331882117e-02 0.000000000000000000e+00 0.000000000000000000e+00 6.893055416994058049e-02 5.626792175603517049e-02 3.007325782374075662e-01
1.256606455605791817e-01 0.000000000000000000e+00 0.000000000000000000e+00 1.054976409998478332e-01 1.358160114197244084e-01 0.000000000000000000e+00 0.000000000000000000e+00 0.000000000000000000e+00 7.440517192437626215e-02 0.000000000000000000e+00 4.939715560295427493e-02 1.176862666891118347e-01 1.234110426983072856e-01 6.016839082567679645e-03 0.000000000000000000e+00 0.000000000000000000e+00 0.000000000000000000e+00 3.227579333010309817e-03 1.718636874098702083e-01 8.701795927965082222e-02
0.000000000000000000e+00 1.774199434169314027e-01 3.577947077401362475e-02 0.000000000000000000e+00 4.266663538077477419e-02 1.741746118578168800e-01 0.000000000000000000e+00 1.234526246048476134e-01 0.000000000000000000e+00 0.000000000000000000e+00 0.000000000000000000e+00 6.423873142697719696e-02 0.000000000000000000e+00 0.000000000000000000e+00 1.606264727992395142e-02 1.972079075784074001e-02 0.000000000000000000e+00 1.317745242304164122e-01 1.533861592194492307e-01 6.132386105100816331e-02
6.810143523305550728e-02 1.518882807353140185e-01 0.000000000000000000e+00 6.423487662295379597e-02 1.605784880828762043e-02 0.000000000000000000e+00 0.000000000000000000e+00 1.576132695585734378e-02 0.000000000000000000e+00 7.050323847832359880e-02 2.504404494076993837e-01 0.000000000000000000e+00 0.000000000000000000e+00 0.000000000000000000e+00 4.522618207476598179e-02 0.000000000000000000e+00 6.656317322901122990e-02 0.000000000000000000e+00 6.050818160094859066e-02 1.907150068537829257e-01
0.000000000000000000e+00 1.186038428963638869e-01 5.250676272314017123e-02 0.000000000000000000e+00 0.000000000000000000e+00 0.000000000000000000e+00 0.000000000000000000e+00 0.000000000000000000e+00 2.290758461643014887e-01 4.438043957827458169e-02 1.277578417258648513e-01 4.147505883393463877e-02 0.000000000000000000e+00 1.361421124971094743e-02 1.871146984082317777e-01 4.849402364839466156e-02 0.000000000000000000e+00 0.000000000000000000e+00 6.532446902858958515e-02 7.165280574319361773e-02
1.009065677031521918e-01 0.000000000000000000e+00 0.000000000000000000e+00 1.129589460542027302e-01 3.070011155171559897e-02 2.320991466031245912e-02 0.000000000000000000e+00 8.581722205315757412e-02 7.783636734382874678e-02 0.000000000000000000e+00 9.344796441868523373e-03 2.059823974041830874e-01 1.154141708627997882e-03 0.000000000000000000e+00 1.840104407699849065e-01 0.000000000000000000e+00 1.750399526978074771e-02 3.546832607316947796e-03 3.833498419694327105e-04 1.466449165898991436e-01
0.000000000000000000e+00 2.180606899324750159e-01 0.000000000000000000e+00 1.515705838706384589e-01 0.000000000000000000e+00 1.716757805984998608e-01 0.000000000000000000e+00 1.186936908861519757e-01 0.000000000000000000e+00 0.000000000000000000e+00 0.000000000000000000e+00 3.884398547440818389e-02 0.000000000000000000e+00 0.000000000000000000e+00 4.148565797491616386e-02 0.000000000000000000e+00 1.436655981208526112e-02 5.698804423791054008e-02 1.649331613943440800e-01 2.338184581857034178e-02
6.765763109810601916e-02 0.000000000000000000e+00 0.000000000000000000e+00 5.248037451556011868e-02 2.931968340905541717e-02 2.289276179205911727e-02 0.000000000000000000e+00 6.613052850104265967e-02 3.883505829271171033e-03 8.696470874195796896e-03 0.000000000000000000e+00 2.783189358844474492e-01 0.000000000000000000e+00 0.000000000000000000e+00 0.000000000000000000e+00 3.459237043850316162e-02 2.915927932963519823e-03 1.433694115005752778e-01 1.715247386808340935e-01 1.182176595433860888e-01
3.823631110084154544e-02 1.398475062931093908e-02 7.706870210028271551e-02 7.433312184728528560e-02 0.000000000000000000e+00 0.000000000000000000e+00 0.000000000000000000e+00 0.000000000000000000e+00 1.423581052624088746e-02 1.527471243820355436e-02 0.000000000000000000e+00 1.817196329902419083e-01 2.991551044570829598e-02 0.000000000000000000e+00 2.108115409487827663e-01 0.000000000000000000e+00 0.000000000000000000e+00 7.835676223293859544e-02 1.610104139831589343e-01 1.050527307570045393e-01
