0.000000000000000000e+00 1.675266451348957075e-02 0.000000000000000000e+00 0.000000000000000000e+00 1.548532798596813191e-02 5.756512213839339032e-02 4.330291983651295834e-02 0.000000000000000000e+00 2.037275550925700118e-01 0.000000000000000000e+00 0.000000000000000000e+00 3.065061194204931061e-01 6.002705266835688114e-02 0.000000000000000000e+00 1.241089029502202455e-03 1.159369608147131081e-01 0.000000000000000000e+00 1.454329998244095756e-01 2.427242733696467758e-02 9.749761338626332721e-03
0.000000000000000000e+00 0.000000000000000000e+00 0.000000000000000000e+00 4.300767020585872374e-02 0.000000000000000000e+00 3.258151898624389586e-02 0.000000000000000000e+00 1.522639075214661242e-01 8.365692003360307438e-02 6.140827231936013542e-02 1.959891084154928922e-02 1.642341738953945474e-01 0.000000000000000000e+00 8.048202262101569748e-02 0.000000000000000000e+00 9.697185661531828108e-03 2.176327876872580919e-02 1.081935021151666787e-01 3.129654278809879120e-02 1.918160942419853132e-01
4.092094587932202515e-02 1.613246604318527636e-02 0.000000000000000000e+00 0.000000000000000000e+00 1.803439388205051175e-02 1.888341379719738200e-01 0.000000000000000000e+00 0.000000000000000000e+00 3.291121242981038808e-01 0.000000000000000000e+00 0.000000000000000000e+00 0.000000000000000000e+00 1.071877046147250157e-01 1.003070908082762253e-01 8.746640270545500469e-04 0.000000000000000000e+00 2.424902792314301021e-03 8.380441028778402163e-03 0.000000000000000000e+00 1.877911286542159608e-01
5.818107296676749973e-02 3.420675601318413656e-03 1.106388958589532706e-01 0.000000000000000000e+00 0.000000000000000000e+00 2.576927004090273296e-02 0.000000000000000000e+00 0.000000000000000000e+00 1.871205407454264447e-01 2.034066896182476220e-04 0.000000000000000000e+00 1.381225544206250710e-01 0.000000000000000000e+00 3.930430726256740892e-02 5.837499213566878231e-02 1.326610815581293935e-02 0.000000000000000000e+00 2.361480344660577685e-02 1.973368147837853415e-01 1.446465578919478856e-01
0.000000000000000000e+00 1.187863363481420423e-02 4.393164959213706477e-02 1.262232453679158761e-01 1.593495539443149367e-01 2.227948166348447598e-02 0.000000000000000000e+00 2.109245622228279604e-01 0.000000000000000000e+00 3.774591162773053427e-02 0.000000000000000000e+00 7.546919246999388153e-02 0.000000000000000000e+00 0.000000000000000000e+00 0.000000000000000000e+00 0.000000000000000000e+00 9.681197344179477346e-03 4.740828650084872968e-03 1.554294677620311205e-01 1.423462757204856100e-01
1.254748752889466301e-01 9.231264754642054884e-03 9.410847226348006966e-02 5.821227127928111506e-02 1.033621987049427593e-01 7.171153716169932635e-02 0.000000000000000000e+00 0.000000000000000000e+00 9.507042032698853617e-02 5.092796193005751787e-02 0.000000000000000000e+00 8.999482534436961667e-02 0.000000000000000000e+00 0.000000000000000000e+00 4.045523123256167947e-02 1.346276778893293613e-01 0.000000000000000000e+00 0.000000000000000000e+00 7.291004133320877489e-02 5.391322249049242815e-02
1.464807885383147823e-01 0.000000000000000000e+00 1.799973118737894368e-02 1.118364090488564028e-01 1.196941698387191666e-01 1.595831279260312152e-01 0.000000000000000000e+00 6.810756683507233900e-02 5.048822796253977369e-03 1.224699183799046603e-01 6.699828579833180288e-03 2.126694881590957542e-01 0.000000000000000000e+00 0.000000000000000000e+00 3.233560577900651285e-03 0.000000000000000000e+00 0.000000000000000000e+00 1.533622071478273714e-03 2.464296606116065519e-02 0.000000000000000000e+00
1.394374244878921754e-01 0.000000000000000000e+00 8.909495774837604409e-02 0.000000000000000000e+00 8.240705736488916633e-02 0.000000000000000000e+00 1.139886666802912840e-01 1.295166704914721689e-01 2.713831840999370720e-02 0.000000000000000000e+00 0.000000000000000000e+00 1.983993936758834398e-01 0.000000000000000000e+00 0.000000000000000000e+00 0.000000000000000000e+00 1.481729193861915225e-03 7.658448008768296844e-03 1.882845320389586741e-02 1.796880107973385654e-01 1.236086993733746114e-02
8.642918688409186034e-02 0.000000000000000000e+00 1.196908180219227388e-02 1.067060214043113048e-01 1.007633403149357648e-01 1.767562160873448196e-02 4.317497660768489925e-02 1.866284339803455927e-01 5.992081684966228672e-02 2.473141562793121639e-01 0.000000000000000000e+00 5.541311658002174602e-03 0.000000000000000000e+00 0.000000000000000000e+00 2.307021066447131896e-02 0.000000000000000000e+00 0.000000000000000000e+00 1.903665984064735472e-02 1.542010896983957158e-02 7.635007313576876176e-02
0.000000000000000000e+00 0.000000000000000000e+00 2.317188845219110560e-02 7.928127014999947555e-03 1.116289049948258477e-01 0.000000000000000000e+00 7.011154962545199099e-02 1.034672538480998216e-01 1.541823020526637000e-01 1.009861174241038773e-01 2.130919857948609594e-02 2.345290245437771093e-01 0.000000000000000000e+00 8.600069263795244445e-02 0.000000000000000000e+00 0.000000000000000000e+00 0.000000000000000000e+00 0.000000000000000000e+00 0.000000000000000000e+00 8.668494082644802312e-02
1.148365365605888977e-01 0.000000000000000000e+00 0.000000000000000000e+00 1.211173870142963488e-01 7.576859363619467894e-03 1.470325883028200942e-01 5.958220123911849714e-02 0.000000000000000000e+00 3.163040502640360185e-02 0.000000000000000000e+00 0.000000000000000000e+00 3.711211246772772032e-02 1.406235310558383855e-01 0.000000000000000000e+00 7.019979113441324192e-02 0.000000000000000000e+00 1.130171104913727520e-01 1.519923644824717479e-01 5.279112861329221355e-03 0.000000000000000000e+00
6.707414088638809224e-02 0.000000000000000000e+00 6.029419448401853593e-02 6.615224005033917831e-02 5.545673538806955571e-02 5.647470604868801841e-02 0.000000000000000000e+00 1.666760379922286456e-02 3.110480916516580527e-02 3.195755142622263428e-02 0.000000000000000000e+00 3.369311693326392798e-01 0.000000000000000000e+00 0.000000000000000000e+00 8.415449034228241962e-03 1.505553599670153390e-02 4.547779815517186824e-03 1.329229399074453588e-01 0.000000000000000000e+00 1.169451446653536064e-01
1.229831334826778227e-01 0.000000000000000000e+00 1.735097460700304670e-02 2.965590010443143812e-02 4.700385982895544795e-02 1.433898398391161844e-01 0.000000000000000000e+00 1.155468147759015039e-02 1.472121292781446156e-01 1.390404942606993932e-01 4.918018973545031612e-03 1.628352115504566600e-01 0.000000000000000000e+00 2.733015568118301805e-02 4.238698249986284916e-02 0.000000000000000000e+00 9.594497832911626223e-02 4.606870509715785093e-03 3.786769577502303082e-03 0.000000000000000000e+00
0.000000000000000000e+00 1.582627692702454902e-01 3.109658515220350278e-02 1.207611907523359895e-01 0.000000000000000000e+00 1.707970003567381712e-01 0.000000000000000000e+00 3.155956482231739302e-02 5.099691289745517803e-02 4.356578397233877575e-02 0.000000000000000000e+00 1.533998115850978561e-01 0.000000000000000000e+00 1.417528291733752624e-02 1.265270187341517028e-01 0.000000000000000000e+00 0.000000000000000000e+00 9.885807953977833462e-02 0.000000000000000000e+00 0.000000000000000000e+00
0.000000000000000000e+00 1.364564398476309469e-02 5.193362104585078076e-02 3.899118029315295358e-02 2.964104410811002274e-02 1.188827487325586074e-01 0.000000000000000000e+00 0.000000000000000000e+00 2.536988831233452646e-01 2.268552846123817260e-02 0.000000000000000000e+00 1.552709560994765536e-01 0.000000000000000000e+00 0.000000000000000000e+00 1.352690172462467921e-01 7.537245120701631385e-02 1.711787430179357618e-03 1.820308889507761194e-02 1.791847874902854215e-02 6.677557062395603205e-02
0.000000000000000000e+00 0.000000000000000000e+00 3.688666337061972944e-02 7.702373378557304633e-03 0.000000000000000000e+00 3.890842985596379422e-02 0.000000000000000000e+00 8.229503352436046137e-02 1.018429006758434507e-01 0.000000000000000000e+00 0.000000000000000000e+00 1.602550121825408180e-01 1.002538410477514658e-01 5.225872802167507575e-02 0.000000000000000000e+00 0.000000000000000000e+00 0.000000000000000000e+00 0.000000000000000000e+00 2.592795516614693208e-01 1.603174662812187068e-01
1.058712825963560172e-01 1.667361231314432035e-02 0.000000000000000000e+00 0.000000000000000000e+00 2.160366839137770403e-02 1.445715559944628359e-01 3.364700800753601256e-02 1.169138673197377964e-01 1.262719308083018466e-01 0.000000000000000000e+00 0.000000000000000000e+00 6.954842481579719127e-02 0.000000000000000000e+00 6.580613429973700135e-02 0.000000000000000000e+00 0.000000000000000000e+00 0.000000000000000000e+00 0.000000000000000000e+00 1.653115191235487447e-01 1.337809963300004013e-01
0.000000000000000000e+00 0.000000000000000000e+00 0.000000000000000000e+00 1.362241036715272358e-01 9.168117114934427880e-02 1.391727191239823525e-01 0.000000000000000000e+00 2.270687064859491788e-02 0.000000000000000000e+00 1.294526457187388513e-01 3.712715649346528396e-02 1.653698398735160835e-01 0.000000000000000000e+00 0.000000000000000000e+00 1.830368108870925881e-01 0.000000000000000000e+00 9.522868243373835972e-02 0.000000000000000000e+00 0.000000000000000000e+00 0.000000000000000000e+00
1.489106675088594234e-01 0.000000000000000000e+00 0.000000000000000000e+00 2.126853467497809014e-01 7.375910393181786540e-02 0.000000000000000000e+00 0.000000000000000000e+00 0.000000000000000000e+00 1.919020420870810595e-01 0.000000000000000000e+00 0.000000000000000000e+00 0.000000000000000000e+00 0.000000000000000000e+00 0.000000000000000000e+00 2.199718867452054305e-01 0.000000000000000000e+00 7.149502408710441126e-02 8.127592889015101962e-02 0.000000000000000000e+00 0.000000000000000000e+00
0.000000000000000000e+00 1.190292697799683573e-02 1.092086211426085973e-01 0.000000000000000000e+00 2.528409661684617379e-02 0.000000000000000000e+00 0.000000000000000000e+00 5.755720160778558803e-02 1.686303999052570224e-01 6.695628791374676203e-02 0.000000000000000000e+00 1.212736368167779827e-01 0.000000000000000000e+00 0.000000000000000000e+00 0.000000000000000000e+00 0.000000000000000000e+00 7.572222864077358256e-03 4.896080090218655166e-03 1.731729900771958874e-01 2.535455359874891346e-01
0.000000000000000000e+00 0.000000000000000000e+00 0.000000000000000000e+00 4.779465198168488665e-02 0.000000000000000000e+00 0.000000000000000000e+00 0.000000000000000000e+00 1.364061915807151248e-01 1.875600916457424716e-01 1.247008825787010722e-01 1.220026030047858569e-02 2.293467380688062607e-01 0.000000000000000000e+00 5.737751241440000941e-03 1.909221428940307830e-01 0.000000000000000000e+00 0.000000000000000000e+00 0.000000000000000000e+00 0.000000000000000000e+00 6.533128970840063054e-02
2.036390213564180998e-02 1.202539136531221090e-02 4.534904969202302807e-03 1.439169531328769736e-01 8.231377607560760173e-03 0.000000000000000000e+00 0.000000000000000000e+00 0.000000000000000000e+00 2.719263006588507059e-01 4.944780949691428978e-03 5.125498853592974635e-02 1.442526532259031102e-01 0.000000000000000000e+00 0.000000000000000000e+00 3.032915823306485664e-03 8.315090160735347583e-03 0.000000000000000000e+00 0.000000000000000000e+00 2.340519244269190224e-01 9.314881700807006726e-02
3.699761925908242460e-02 0.000000000000000000e+00 1.697608654401954950e-02 3.662136854592648594e-02 7.451687682560791115e-02 3.064473466112065808e-02 6.781679551140293305e-02 1.479939078995615998e-01 1.656399682899243608e-01 1.076225060635036153e-02 1.918234728064975234e-02 2.165207787575050835e-01 0.000000000000000000e+00 0.000000000000000000e+00 0.000000000000000000e+00 0.000000000000000000e+00 0.000000000000000000e+00 1.698567419458994060e-02 1.593415916242590380e-01 0.000000000000000000e+00
1.710703498831688540e-01 1.029898263442826679e-02 3.508268462933469140e-02 0.000000000000000000e+00 4.727344466244817571e-03 1.687682886030064389e-01 0.000000000000000000e+00 1.198998979074702709e-01 2.027570677997282689e-02 1.508894985323325916e-02 0.000000000000000000e+00 1.369585941907644766e-01 0.000000000000000000e+00 0.000000000000000000e+00 0.000000000000000000e+00 1.801857308302061075e-02 0.000000000000000000e+00 0.000000000000000000e+00 1.664187023670477272e-01 1.333919256023076982e-01
9.355263469991267899e-02 5.017136898656435889e-02 1.093357634907040016e-03 1.245023174597347237e-01 0.000000000000000000e+00 1.709395784633616355e-01 6.988236507736440839e-02 1.100009143331245019e-02 0.000000000000000000e+00 1.924649966182557029e-02 0.000000000000000000e+00 0.000000000000000000e+00 2.049639071203662039e-02 3.800295442968816551e-02 5.024399501810152685e-02 1.210710558396273506e-01 0.000000000000000000e+00 1.271555371018214808e-01 7.447873090267757845e-02 2.816312257906437855e-02
1.036806156751110715e-03 0.000000000000000000e+00 4.162925749356157640e-02 8.280528552282668056e-03 1.086299584145120067e-01 0.000000000000000000e+00 7.203760488749581803e-02 0.000000000000000000e+00 5.100742704450692694e-02 4.026226550304408403e-02 0.000000000000000000e+00 1.108663557418140544e-01 0.000000000000000000e+00 1.195623605611419588e-01 4.754515501709522668e-02 6.311591410457143003e-02 2.526923695706300571e-02 2.851291920794447876e-02 1.156611493791514095e-01 1.665830609790643624e-01
9.022296455272764415e-02 0.000000000000000000e+00 3.877636267937176195e-02 1.747557438225025017e-01 6.393577453984147785e-02 2.257937513056002335e-02 0.000000000000000000e+00 1.201604688059833559e-01 4.272215584041016284e-02 0.000000000000000000e+00 3.079817782736304042e-03 1.578813792987139308e-01 0.000000000000000000e+00 0.000000000000000000e+00 1.361730942078475115e-01 2.784347038723376799e-02 1.824841006175761601e-02 0.000000000000000000e+00 9.206536730222984050e-03 9.441444616009093960e-02
0.000000000000000000e+00 2.022179933743990243e-01 4.459201910313900785e-02 0.000000000000000000e+00 0.000000000000000000e+00 1.782996371329414673e-02 6.530835096012711782e-02 1.208638123018802302e-01 0.000000000000000000e+00 4.997003807560752159e-02 0.000000000000000000e+00 2.185063287805306675e-01 6.661289270319103724e-05 0.000000000000000000e+00 3.276522327744007396e-02 0.000000000000000000e+00 0.000000000000000000e+00 5.527023028860183172e-03 1.666482559781622130e-01 7.570437851385659889e-02
0.000000000000000000e+00 1.135021285843263034e-01 0.000000000000000000e+00 9.057659199629507218e-02 0.000000000000000000e+00 0.000000000000000000e+00 0.000000000000000000e+00 1.434252739267513621e-01 1.370880763643934352e-01 0.000000000000000000e+00 2.355941712149854563e-03 1.926985316475318122e-01 0.000000000000000000e+00 0.000000000000000000e+00 1.725763540036737501e-02 8.011095557258617050e-02 2.874072489705028002e-02 1.759339812077305998e-01 1.831015869081761838e-02 0.000000000000000000e+00
2.313685567147968913e-02 0.000000000000000000e+00 1.324689605834938333e-01 8.723024452030830878e-02 0.000000000000000000e+00 1.383712946744712104e-02 3.712688793315509217e-02 0.000000000000000000e+00 1.886439993433134954e-01 2.581918051055695149e-02 0.000000000000000000e+00 1.670556957534648501e-01 0.000000000000000000e+00 1.100738188076555574e-01 1.712551829479999899e-01 0.000000000000000000e+00 0.000000000000000000e+00 0.000000000000000000e+00 3.627069215628166837e-02 7.081352304843495891e-03
0.000000000000000000e+00 1.302177683092013982e-01 0.000000000000000000e+00 5.213914946204662587e-02 1.451673410417365917e-01 0.000000000000000000e+00 0.000000000000000000e+00 0.000000000000000000e+00 0.000000000000000000e+00 8.249001815312528851e-02 0.000000000000000000e+00 3.063516851765561988e-01 0.000000000000000000e+00 0.000000000000000000e+00 1.884448256761783735e-01 0.000000000000000000e+00 0.000000000000000000e+00 9.835185295553524124e-03 0.000000000000000000e+00 8.535402688560206341e-02
1.194949070363308524e-01 0.000000000000000000e+00 0.000000000000000000e+00 6.914676428142037257e-02 0.000000000000000000e+00 1.247323644365744416e-01 0.000000000000000000e+00 1.949898804581744530e-04 0.000000000000000000e+00 2.925432402888565944e-02 0.000000000000000000e+00 2.302035474043936103e-01 0.000000000000000000e+00 0.000000000000000000e+00 6.364233611702879712e-02 0.000000000000000000e+00 0.000000000000000000e+00 1.326903052743726441e-01 2.018206093044017380e-01 2.881985223613357100e-02
1.696385186894132022e-02 1.329817848407643943e-01 1.130796423963307271e-03 3.048056667115491263e-03 1.445504467706666407e-01 0.000000000000000000e+00 0.000000000000000000e+00 0.000000000000000000e+00 3.165042620946675878e-01 4.411266517472310286e-03 0.000000000000000000e+00 1.620923256804204238e-01 0.000000000000000000e+00 0.000000000000000000e+00 0.000000000000000000e+00 0.000000000000000000e+00 0.000000000000000000e+00 6.376276383173457019e-02 1.545544453042539124e-01 0.000000000000000000e+00
1.246768795301972793e-01 8.098420795197681932e-02 9.964105352818358741e-02 7.021909644736061551e-02 6.009395784788269801e-02 1.596601758776966529e-01 2.777442826150835001e-03 3.477300009446950002e-02 0.000000000000000000e+00 0.000000000000000000e+00 1.240771226293172283e-02 1.600792218961830660e-01 1.580312714640230709e-02 0.000000000000000000e+00 0.000000000000000000e+00 0.000000000000000000e+00 0.000000000000000000e+00 1.016440257933709096e-01 7.355019243782709437e-02 3.689906359366713646e-03
1.597206284723909075e-01 0.000000000000000000e+00 0.000000000000000000e+00 7.636936140209890644e-02 1.368924889989084626e-01 1.590990705638840874e-01 0.000000000000000000e+00 0.000000000000000000e+00 1.995629109508696153e-01 0.000000000000000000e+00 2.164431042418442971e-04 0.000000000000000000e+00 0.000000000000000000e+00 0.000000000000000000e+00 6.795421373824306333e-02 0.000000000000000000e+00 0.000000000000000000e+00 0.000000000000000000e+00 1.718702235188406258e-01 2.831465925052231367e-02
1.111196015036292365e-03 4.020946140825588239e-02 5.955716892889264050e-03 1.541258029602083583e-03 1.310928019747014117e-01 3.371010160724247084e-02 0.000000000000000000e+00 1.264628537641689088e-01 1.260294625459855433e-01 0.000000000000000000e+00 0.000000000000000000e+00 1.589054930223510187e-01 2.097652292079998926e-02 9.846829218386692062e-02 0.000000000000000000e+00 1.970391026877862592e-02 0.000000000000000000e+00 7.715110945982140344e-04 5.054183771411620979e-02 1.845195805576072545e-01
1.535947038980869928e-01 1.153915244100761628e-01 1.416304670758834483e-01 9.044996700859982489e-03 6.536842229223709111e-02 9.509782111817639827e-02 0.000000000000000000e+00 0.000000000000000000e+00 9.778130709682220090e-02 0.000000000000000000e+00 0.000000000000000000e+00 9.696216307379724661e-03 0.000000000000000000e+00 0.000000000000000000e+00 2.154404104372409645e-01 0.000000000000000000e+00 0.000000000000000000e+00 3.392371908259967511e-02 0.000000000000000000e+00 6.303041158063742155e-02
2.260223276790548214e-02 6.050417673652706829e-02 7.336200452407732990e-03 1.258533123421188282e-01 1.028735478914082624e-01 1.175996112584266340e-01 0.000000000000000000e+00 1.265228765227685397e-02 1.482450088062355620e-01 6.806528055734084592e-02 4.753497509899401972e-03 1.564437244568027685e-01 0.000000000000000000e+00 0.000000000000000000e+00 0.000000000000000000e+00 0.000000000000000000e+00 0.000000000000000000e+00 5.954861875514617063e-03 1.662060652407628958e-01 9.101924523731179037e-04
0.000000000000000000e+00 0.000000000000000000e+00 0.000000000000000000e+00 4.936971032749767375e-03 1.289638670817098431e-01 2.492229220426811671e-03 9.455903151291820963e-02 1.429503823791863359e-01 2.210407310255494695e-01 0.000000000000000000e+00 4.393466467779485324e-02 1.669894314296151705e-01 0.000000000000000000e+00 6.790559571109298573e-03 0.000000000000000000e+00 0.000000000000000000e+00 2.179975390697110743e-02 2.046582419778143584e-03 0.000000000000000000e+00 1.634957957421910579e-01
0.000000000000000000e+00 0.000000000000000000e+00 1.251138775154824745e-01 1.537909762013431048e-01 1.121530601000705341e-01 0.000000000000000000e+00 0.000000000000000000e+00 0.000000000000000000e+00 8.254189516874788080e-02 0.000000000000000000e+00 0.000000000000000000e+00 2.264289091897909167e-01 1.568621956208545581e-02 9.507527070787759327e-02 2.987082435873765138e-02 1.192175021877888742e-02 0.000000000000000000e+00 0.000000000000000000e+00 0.000000000000000000e+00 1.474172169770854302e-01
1.688768233107644512e-01 0.000000000000000000e+00 0.000000000000000000e+00 9.064909170959659090e-03 1.512329462091645087e-02 0.000000000000000000e+00 0.000000000000000000e+00 3.367919818827459083e-02 6.086207518446749842e-02 3.187335806072780914e-02 0.000000000000000000e+00 2.325618301438060476e-01 3.238777563940906101e-02 4.936096954668308875e-03 1.261121187662626597e-01 7.478343740675725757e-03 0.000000000000000000e+00 9.845551390808823800e-03 3.368473321069272858e-02 2.335138916175663326e-01
0.000000000000000000e+00 2.254560420202898069e-02 0.000000000000000000e+00 1.408666756699461231e-01 9.309602029003878620e-02 0.000000000000000000e+00 0.000000000000000000e+00 1.307324837542760965e-01 4.383819172785440865e-01 0.000000000000000000e+00 6.360958306562450315e-02 0.000000000000000000e+00 1.190936303727664104e-02 0.000000000000000000e+00 1.356246211892029110e-02 0.000000000000000000e+00 7.413280600590104082e-03 0.000000000000000000e+00 0.000000000000000000e+00 7.788260998275454983e-02
5.815733271430760520e-02 0.000000000000000000e+00 0.000000000000000000e+00 0.000000000000000000e+00 8.149305814201437959e-02 2.486766532185795756e-02 0.000000000000000000e+00 2.107389813884004981e-01 3.330683393771093070e-02 0.000000000000000000e+00 0.000000000000000000e+00 1.955734231522116284e-01 0.000000000000000000e+00 0.000000000000000000e+00 6.100233950576681649e-03 0.000000000000000000e+00 2.728251402324241570e-02 1.519219467363245590e-01 1.762340824001623618e-01 3.432392823319100478e-02
1.064222203139356532e-01 1.178541518177621261e-02 1.493863101135512184e-01 9.407009286280601512e-02 0.000000000000000000e+00 6.860581735176352058e-02 1.138636412714395980e-02 1.837606662103057759e-02 2.557610344453861151e-01 2.520091263939020724e-03 0.000000000000000000e+00 8.194959235009877108e-02 0.000000000000000000e+00 0.000000000000000000e+00 7.272949869969035520e-04 0.000000000000000000e+00 0.000000000000000000e+00 4.433087406220856397e-02 4.489799996825813433e-02 1.097808263511052540e-01
1.455222392762451911e-01 1.893745597448920695e-02 2.362600992202411234e-03 1.387412872148321430e-01 1.541849984787124761e-01 0.000000000000000000e+00 0.000000000000000000e+00 0.000000000000000000e+00 2.185209949287197917e-01 2.505439760956684053e-02 0.000000000000000000e+00 0.000000000000000000e+00 0.000000000000000000e+00 2.119346257418568049e-03 2.253998738992035178e-01 0.000000000000000000e+00 0.000000000000000000e+00 0.000000000000000000e+00 6.915680536861004701e-02 0.000000000000000000e+00
