0.000000000000000000e+00 1.735227177445099406e-03 2.367485437016018240e-02 0.000000000000000000e+00 2.065564993983497535e-02 4.201890951173767146e-03 8.834508489607519055e-02 1.748237674076555392e-01 0.000000000000000000e+00 1.317869241262550617e-01 0.000000000000000000e+00 5.291715065426168957e-02 0.000000000000000000e+00 0.000000000000000000e+00 2.032242265402317283e-01 6.092619887630270487e-02 0.000000000000000000e+00 4.277066653029477222e-02 1.015550788631461136e-02 1.602610655977004805e-02 2.321055005699382192e-03 1.081290303167773900e-02 1.663127669153121463e-02 1.602993609200812491e-02 1.229615732633082270e-01
2.561779609765810206e-02 7.678577831415676902e-02 1.501682143994399407e-02 1.135981233249195102e-02 1.405578684993906424e-01 4.001073056967546782e-02 2.784693555506108711e-02 6.373586669715811115e-02 0.000000000000000000e+00 1.308745940284247213e-02 0.000000000000000000e+00 8.635645906173584907e-02 0.000000000000000000e+00 0.000000000000000000e+00 2.007005335091485154e-01 0.000000000000000000e+00 9.243674675701255006e-02 0.000000000000000000e+00 0.000000000000000000e+00 0.000000000000000000e+00 2.587771957867163186e-02 0.000000000000000000e+00 1.978468123197730036e-02 1.428094966008856548e-01 1.801529435218990685e-02
1.253407686714094402e-02 3.923570703505924011e-03 3.036998882243899245e-02 0.000000000000000000e+00 2.645854549786680332e-02 2.419652215999685413e-02 9.263864112054603916e-02 3.829894957058468247e-02 0.000000000000000000e+00 1.373134604851086460e-01 7.798670282082316441e-02 5.972681313292917127e-02 6.935723863323363728e-03 4.310906050999941536e-02 2.979777542074167895e-01 0.000000000000000000e+00 0.000000000000000000e+00 2.688414395999155857e-03 6.786415717527031349e-04 0.000000000000000000e+00 0.000000000000000000e+00 0.000000000000000000e+00 1.333034336598535596e-01 1.185970061071379110e-02 0.000000000000000000e+00
1.326961038111159653e-02 1.207955865744914231e-01 0.000000000000000000e+00 0.000000000000000000e+00 7.061557817402776271e-02 7.282930509891351323e-03 1.000912557889373222e-02 0.000000000000000000e+00 5.705526990000560350e-02 1.463597640799746413e-01 9.523942130528921524e-02 0.000000000000000000e+00 1.976885102946707856e-02 3.008276830264620255e-02 1.731249626123259333e-01 1.124181226440440539e-03 0.000000000000000000e+00 5.096785648362467391e-02 1.339669006488533876e-01 0.000000000000000000e+00 0.000000000000000000e+00 0.000000000000000000e+00 4.259068632123715059e-02 2.558852846384398680e-02 2.157978407875831700e-03
1.013656952591521568e-02 2.496913669851521037e-02 0.000000000000000000e+00 0.000000000000000000e+00 3.369486740210392989e-02 0.000000000000000000e+00 6.383868633925068869e-02 5.595533924414543975e-02 0.000000000000000000e+00 1.848348415341713735e-01 0.000000000000000000e+00 1.428595962884489923e-01 0.000000000000000000e+00 1.357886736742180099e-02 1.500235770743013619e-01 0.000000000000000000e+00 0.000000000000000000e+00 1.052773875412730750e-02 7.641854557150116849e-03 0.000000000000000000e+00 2.093753170654526555e-02 0.000000000000000000e+00 2.503954612376408512e-02 1.616731528675072194e-01 9.428869451663217383e-02
0.000000000000000000e+00 2.900592525921713918e-02 1.812696270659980291e-02 0.000000000000000000e+00 3.719750969239862121e-02 1.352781976823368322e-02 1.955956739108884179e-01 2.065704462562719876e-02 2.850532268167070907e-02 1.391756709592883723e-01 0.000000000000000000e+00 2.660053589954666786e-01 0.000000000000000000e+00 0.000000000000000000e+00 1.653481722731956274e-02 0.000000000000000000e+00 3.077530761671433152e-03 0.000000000000000000e+00 2.428138982995763431e-02 3.779315528715686788e-03 0.000000000000000000e+00 8.208312952278311704e-04 5.344992766590997424e-02 5.584339675440813319e-03 1.446745594163665327e-01
7.450406723329978942e-02 2.555371117922241100e-02 8.211520071386335662e-02 5.256652993312288871e-03 1.219896915522856173e-01 9.176337039206730606e-02 1.072874583447246122e-01 2.251351057427698407e-03 0.000000000000000000e+00 7.785605467971643337e-03 8.124449187427707636e-03 9.881936271970359620e-02 1.089499469057737396e-01 7.630191689837697092e-03 1.731954897986030806e-01 0.000000000000000000e+00 1.601296998378910188e-04 0.000000000000000000e+00 0.000000000000000000e+00 2.653753281078171863e-02 0.000000000000000000e+00 2.896290651108739816e-02 7.609632934559547660e-03 1.164659484597690454e-02 9.856653962235924563e-03
1.927014268574923569e-02 9.488407997620122714e-02 5.283734073039968171e-03 3.373099468404741272e-03 6.235742661371531520e-02 4.998170880888111499e-04 1.443868581844728058e-03 4.693054430943022215e-02 1.525687614089561543e-02 1.895521419917481909e-01 0.000000000000000000e+00 1.909913426738193143e-01 6.140342179793891603e-03 1.133907663459581732e-03 1.017395122648645372e-01 0.000000000000000000e+00 8.411468779300967924e-02 0.000000000000000000e+00 4.866829435685395694e-02 0.000000000000000000e+00 0.000000000000000000e+00 0.000000000000000000e+00 4.326409824396339893e-02 0.000000000000000000e+00 8.509608389511760795e-02
9.876373753773912134e-02 1.388706088624748480e-01 3.473300539765628026e-02 0.000000000000000000e+00 1.076644610864364859e-01 1.660612497562278058e-04 5.432378004340415734e-02 0.000000000000000000e+00 6.718405278198955402e-03 2.191041952275332716e-02 0.000000000000000000e+00 2.218935176208632759e-02 1.196469272356489311e-01 0.000000000000000000e+00 1.442115210063169284e-01 0.000000000000000000e+00 0.000000000000000000e+00 0.000000000000000000e+00 0.000000000000000000e+00 0.000000000000000000e+00 1.347488035425699251e-03 2.698409378691170660e-02 7.191640704193069666e-02 1.455006017637956173e-01 5.053130389464686491e-03
6.160030455177281650e-03 0.000000000000000000e+00 1.561109039239110818e-01 1.228882325159198936e-02 2.195094260472079534e-02 6.767145310628459171e-03 1.381888920826950806e-01 1.645102701326296435e-01 1.439678712409779744e-02 1.379279065546566152e-01 1.683917335195863740e-04 1.523726141840458514e-01 0.000000000000000000e+00 4.976356320981628351e-04 1.148674071740892269e-02 0.000000000000000000e+00 4.791728219712226801e-04 0.000000000000000000e+00 2.081649565391528039e-02 0.000000000000000000e+00 0.000000000000000000e+00 0.000000000000000000e+00 1.991083729791716037e-02 1.673474957169369687e-03 1.342929355618456833e-01
1.038853493183146404e-02 4.809451371498742883e-02 1.111998700274216823e-01 8.988051982444612148e-03 3.874396225223125656e-02 6.549010765731679007e-02 1.847157231752931394e-02 1.138444288532359655e-01 9.513891344489586177e-02 2.533554329142008177e-01 2.912757577267901642e-03 1.439125297982168095e-01 3.880275253388098568e-03 9.710318541994171666e-04 0.000000000000000000e+00 0.000000000000000000e+00 0.000000000000000000e+00 0.000000000000000000e+00 1.007180052058010995e-03 3.233976826414172723e-02 0.000000000000000000e+00 0.000000000000000000e+00 3.582992690269261316e-02 8.232605033588915114e-03 7.198537168351416653e-03
1.480735213793398231e-01 0.000000000000000000e+00 4.556921119416215693e-02 1.413397278862636199e-02 2.186043587324802695e-01 3.367518578165941672e-04 4.659200585323880484e-02 2.015992578318201445e-02 1.182801473594092927e-02 0.000000000000000000e+00 1.078131235361616015e-02 1.576560116635594144e-01 1.830169269062346254e-02 1.554171806979385943e-02 2.432717663851541659e-02 8.656411178649172852e-03 2.561783438428505942e-03 7.470046981113177831e-02 3.884869672438338514e-03 0.000000000000000000e+00 1.390200138295862031e-02 3.178685075982386286e-03 6.159551068641844901e-03 7.764315063118958776e-03 1.472862395677551062e-01
1.303705596097937125e-01 8.601730156457486343e-02 4.429691750820157273e-03 0.000000000000000000e+00 8.468057937423039555e-03 3.750184270648878465e-02 2.622898653219807655e-02 1.466852153099688222e-02 1.429510222668561002e-02 9.420487538269185779e-02 0.000000000000000000e+00 1.441359436525976867e-01 1.069974626340155777e-01 1.541602914582855619e-03 7.933009577251761129e-04 0.000000000000000000e+00 0.000000000000000000e+00 5.636001875155572868e-03 1.615754167792659846e-01 1.943957481176622482e-02 0.000000000000000000e+00 0.000000000000000000e+00 1.101045506562936260e-01 2.670910142627621470e-02 6.882105050648139669e-03
1.132168692616194600e-01 3.778260470753938560e-02 0.000000000000000000e+00 3.026623487934337344e-04 1.248915515924270761e-02 2.588099373682515008e-03 1.282856866572864782e-02 9.942155389469296486e-03 1.711717121270547718e-04 1.234699812747517417e-01 0.000000000000000000e+00 2.658502210614313577e-01 1.106934566222081244e-02 6.873705996860114339e-03 5.231930182313801470e-02 0.000000000000000000e+00 8.754480652506229851e-03 8.897854216519954229e-02 1.544641621190212533e-01 0.000000000000000000e+00 0.000000000000000000e+00 0.000000000000000000e+00 5.360371919779382405e-02 1.314245997369433566e-02 3.215279345518016335e-02
0.000000000000000000e+00 0.000000000000000000e+00 1.565912397282693824e-01 0.000000000000000000e+00 1.667060412941519520e-01 1.352008412404046844e-01 1.240538535892823577e-02 1.507140969461789187e-02 1.093779253543803315e-01 7.573487550941696012e-02 8.943339357340427884e-03 1.631094634060764603e-01 0.000000000000000000e+00 0.000000000000000000e+00 6.263264028687315355e-02 0.000000000000000000e+00 1.241753741748091722e-02 5.410400986527150874e-03 7.576678568228027016e-03 6.321199042298963379e-03 6.469585307722619874e-03 1.753731136924353146e-02 2.602726769375283619e-02 0.000000000000000000e+00 1.246685838428649752e-02
6.368930163303355985e-02 1.151202120748133842e-02 1.982373824272979854e-02 0.000000000000000000e+00 1.613201633815250155e-02 3.173425089672859099e-03 1.542604135293997314e-01 1.080695071012727632e-01 0.000000000000000000e+00 3.032012188293892792e-03 0.000000000000000000e+00 3.066179803382037550e-01 2.142430251617987932e-02 0.000000000000000000e+00 0.000000000000000000e+00 0.000000000000000000e+00 1.099877393187466690e-01 0.000000000000000000e+00 1.405315231909718410e-01 3.832207610385570881e-03 0.000000000000000000e+00 8.791565882150262010e-03 1.299095634234862830e-02 2.803399651367556936e-03 1.332788981960945918e-02
2.094205754403647424e-01 4.875997509643677924e-02 3.802472809838418431e-03 1.458604573569990785e-02 1.414141628143381069e-01 0.000000000000000000e+00 9.657154628026962118e-02 0.000000000000000000e+00 6.466776645050818784e-03 1.407901295577858314e-01 0.000000000000000000e+00 9.701669568936178989e-04 5.082721985476572855e-03 1.692000828422872221e-04 1.250753862661889149e-01 0.000000000000000000e+00 0.000000000000000000e+00 5.516978761300580375e-02 1.357649753659531111e-01 0.000000000000000000e+00 0.000000000000000000e+00 0.000000000000000000e+00 0.000000000000000000e+00 2.388210556364080660e-03 1.356786679349119597e-02
2.898946608192491670e-02 0.000000000000000000e+00 1.184243949692675851e-01 0.000000000000000000e+00 1.253153565759050625e-01 5.002414744567913046e-02 1.617575141283004725e-01 1.043444218398283940e-01 1.346493443011292576e-02 1.402263670013501051e-01 0.000000000000000000e+00 3.699756227497081468e-02 0.000000000000000000e+00 0.000000000000000000e+00 3.375559293949627337e-02 1.030861150032114440e-02 0.000000000000000000e+00 0.000000000000000000e+00 1.631145616308879442e-01 5.404622936205225742e-03 0.000000000000000000e+00 0.000000000000000000e+00 0.000000000000000000e+00 0.000000000000000000e+00 7.872446245749937718e-03
1.468940361793240161e-02 7.713108629666821058e-03 0.000000000000000000e+00 0.000000000000000000e+00 0.000000000000000000e+00 3.673184194526129057e-03 1.220333530042329029e-01 1.604528569918957370e-01 0.000000000000000000e+00 1.982778043710009264e-01 9.505664704762697243e-04 2.246066657708516712e-01 1.319513349429082480e-03 4.755841112638878386e-04 2.810827456790815793e-03 4.959274237103031280e-04 7.438659756854740582e-03 4.112258397123998849e-02 1.177911795120424251e-02 1.088558243201966091e-02 1.424406031623526477e-02 0.000000000000000000e+00 3.193115700769776077e-02 5.077355489696616132e-03 1.400226876832747769e-01
1.395821296707589441e-02 2.209834094758382148e-02 1.255795020296958664e-01 1.149760500250316363e-02 4.468021837227917500e-04 0.000000000000000000e+00 4.089779783040647931e-02 1.340483488492342666e-03 3.926028359638568735e-03 1.180526103077337297e-01 1.055049305458921616e-02 1.377070496686065015e-01 2.987251038048166149e-02 0.000000000000000000e+00 1.486695434984082465e-01 0.000000000000000000e+00 0.000000000000000000e+00 3.293709990162072693e-02 6.964749169406383132e-03 2.317685734280015147e-03 5.581210533614784641e-02 3.443340038326649934e-04 1.044208395754807478e-01 3.018022077578193848e-03 1.295881844827152241e-01
3.548996848268124588e-02 2.010930150745317002e-01 0.000000000000000000e+00 0.000000000000000000e+00 6.857186684587015038e-03 4.332075282705693392e-02 3.613386891923489608e-02 8.501196524779356181e-03 3.723950134174412729e-02 1.362657978659397584e-01 0.000000000000000000e+00 1.464801764669541040e-01 2.405217371335192228e-02 0.000000000000000000e+00 2.950970711231535714e-03 3.034270153120045832e-02 0.000000000000000000e+00 7.481171928089316858e-02 0.000000000000000000e+00 6.193659379950985922e-02 0.000000000000000000e+00 6.096579995530448416e-03 3.330663783017192084e-03 3.811170284098926685e-03 1.412859627136575369e-01
9.865165072814137057e-03 1.665662613928709790e-01 1.542694190461077301e-02 7.032991299107191341e-02 1.231377819472774873e-03 6.272884786651930500e-03 3.114028420642789285e-02 9.167157099085552693e-03 0.000000000000000000e+00 2.413201490376361835e-01 0.000000000000000000e+00 1.247741187917297823e-01 1.776795583328714956e-02 1.035815182317429859e-03 1.542776492415685041e-01 0.000000000000000000e+00 5.214354807211408864e-03 1.572486575476034557e-02 0.000000000000000000e+00 9.514407885174379007e-03 1.715173391142645054e-02 0.000000000000000000e+00 2.120196769285555630e-02 2.692318039457802098e-02 5.509381619444882888e-02
1.079059368532362811e-01 5.143036019910913331e-03 3.373933519834263059e-04 1.164612617679670371e-02 1.894109229951171716e-02 1.721041423331335155e-02 1.568478808876156705e-01 0.000000000000000000e+00 1.658032113422684695e-02 0.000000000000000000e+00 0.000000000000000000e+00 2.170004037423943211e-01 5.609783248256962340e-02 9.267275553654159143e-03 1.340596623887750083e-01 2.830383329315431379e-03 1.757256446005921180e-02 1.647273941127437797e-03 1.445364807759695058e-01 5.081559015389027108e-04 0.000000000000000000e+00 0.000000000000000000e+00 5.556925259612335855e-02 2.629851387187794043e-02 0.000000000000000000e+00
1.694908776322141819e-01 3.549333460654544720e-02 5.709184726704583622e-03 3.209113547613881567e-02 1.176891845994905428e-01 6.634142144726087875e-03 4.181270368508945012e-02 7.359581643509865989e-02 1.191295687380014741e-02 9.087370985125922673e-03 0.000000000000000000e+00 1.779678061161622457e-02 3.093671140168276386e-03 0.000000000000000000e+00 2.389057059736195976e-01 0.000000000000000000e+00 0.000000000000000000e+00 1.379337169966716927e-03 1.385591262402477708e-01 9.837718297817358085e-03 0.000000000000000000e+00 2.875173520168994648e-02 3.223997784277198714e-02 1.485336070444222105e-02 1.106587965272612904e-02
9.585245731980747419e-02 3.188079138682753388e-02 0.000000000000000000e+00 6.310141482028839600e-03 1.582340728002585295e-01 7.176740576577422814e-02 1.572260862710057883e-02 9.404038021717378570e-02 1.362173296137591735e-02 4.522301242433435925e-02 3.090226082738829413e-03 1.477073541089025666e-01 2.682821798601883051e-02 0.000000000000000000e+00 5.965350436175416438e-02 0.000000000000000000e+00 3.456369413217133080e-04 2.055900858179073205e-03 1.261209451962195527e-01 3.536170081359521922e-03 0.000000000000000000e+00 5.724380735707238453e-03 1.731506009696181256e-04 0.000000000000000000e+00 9.211191006214780597e-02
2.287816684104562043e-02 2.349466828632979509e-01 0.000000000000000000e+00 0.000000000000000000e+00 8.170120197121849559e-02 0.000000000000000000e+00 1.428112884865346821e-01 4.767599991806457244e-03 0.000000000000000000e+00 1.707264219795145629e-02 0.000000000000000000e+00 1.890843694633309868e-01 1.272416468494810306e-02 1.611241895781818229e-02 4.315517471537522881e-02 0.000000000000000000e+00 0.000000000000000000e+00 0.000000000000000000e+00 3.297777612010411447e-02 0.000000000000000000e+00 0.000000000000000000e+00 0.000000000000000000e+00 2.901249399501749579e-02 1.334676443966725801e-01 3.928837531487852641e-02
2.463594389278982166e-02 1.255864761274243513e-01 1.329412710597622019e-02 0.000000000000000000e+00 6.296160961120249311e-02 8.763696861670172353e-03 9.523325006620952937e-02 4.507086822736391246e-02 2.825169465395670990e-03 1.007126459025391163e-01 0.000000000000000000e+00 2.062908882927398935e-01 0.000000000000000000e+00 0.000000000000000000e+00 1.043498521463503137e-01 0.000000000000000000e+00 0.000000000000000000e+00 0.000000000000000000e+00 3.253686033894612802e-03 0.000000000000000000e+00 0.000000000000000000e+00 4.493489188656224487e-02 5.447208469231847212e-03 1.461290325359569375e-01 1.051065337469282886e-02
4.998276660339265320e-02 3.941462883010057178e-03 3.265001529454593463e-03 0.000000000000000000e+00 1.304048326387141354e-01 0.000000000000000000e+00 1.510342866063034695e-01 2.842142149507690188e-02 1.113882316109751774e-01 1.411281915170767287e-02 0.000000000000000000e+00 1.564675972011730642e-01 2.661611605406553893e-02 5.038012736538143715e-02 1.361251291156515830e-01 0.000000000000000000e+00 8.611479866133441019e-03 2.005393934732456647e-03 5.047317936494343828e-04 0.000000000000000000e+00 0.000000000000000000e+00 0.000000000000000000e+00 1.119538688364906109e-01 1.411476854064105252e-02 6.699647734468873721e-04
4.610761421538830257e-02 0.000000000000000000e+00 0.000000000000000000e+00 0.000000000000000000e+00 1.609467782475696995e-01 0.000000000000000000e+00 9.914076541464830750e-02 9.273887224606174040e-02 8.761887072703851073e-03 0.000000000000000000e+00 0.000000000000000000e+00 2.580337088352170904e-01 1.551968903653695546e-02 3.333866568569007066e-02 2.488325282171625213e-02 0.000000000000000000e+00 3.359146733547783634e-03 4.082166484483690239e-02 2.888844428994940400e-02 1.656553576721480139e-02 1.644775576025801723e-03 0.000000000000000000e+00 2.999384901944355392e-02 1.392553501934496174e-01 0.000000000000000000e+00
1.068031474734723076e-02 9.856998216250222045e-02 6.885095344625792591e-02 0.000000000000000000e+00 2.711254367341913232e-02 1.563006405139313881e-02 6.186928236190917391e-02 0.000000000000000000e+00 2.810676131292279972e-02 1.665631807894571992e-01 2.526744318136417856e-03 8.328629619047249813e-03 6.155366390392280791e-03 1.655173849243055020e-03 1.653109023145445111e-01 0.000000000000000000e+00 1.180559056671419155e-03 5.172740507594591683e-03 1.569155026640031703e-01 1.938514210175447047e-03 0.000000000000000000e+00 0.000000000000000000e+00 1.469135871404860794e-01 4.586539966711561216e-03 2.193265741778541514e-02
1.744237542825849635e-03 1.190495742731652595e-01 0.000000000000000000e+00 0.000000000000000000e+00 3.011383399606308228e-02 1.047180674742827569e-02 2.097891935991134590e-02 9.475323467438090397e-02 1.357333214582573215e-02 2.028983307551165127e-01 0.000000000000000000e+00 1.541545681710379256e-01 0.000000000000000000e+00 0.000000000000000000e+00 6.264615383409674956e-03 0.000000000000000000e+00 2.231114735519736450e-03 3.775215643351546163e-02 1.444201943495259099e-01 9.856688956676001173e-03 0.000000000000000000e+00 2.832933583832693281e-02 9.728587822540454497e-03 1.522322429151134159e-02 9.845624452321956321e-02
6.701353670514095806e-02 9.421636221684803747e-02 9.326238015357110264e-03 0.000000000000000000e+00 6.106765992070170047e-03 1.377806909334655938e-01 9.173692884751623311e-02 2.634556544829790015e-02 6.875419785694818035e-04 2.516432160992971290e-01 0.000000000000000000e+00 1.507615640340443652e-01 6.818225920259306065e-03 0.000000000000000000e+00 8.925057071805238273e-02 0.000000000000000000e+00 0.000000000000000000e+00 0.000000000000000000e+00 1.978186027750476229e-03 0.000000000000000000e+00 0.000000000000000000e+00 3.927673052881947534e-03 3.516976741240255156e-03 5.136405931162200261e-02 7.525897957586688905e-03
0.000000000000000000e+00 1.216662502872142698e-01 1.459327487174210325e-03 8.050346417542094540e-03 4.598124613690737078e-02 0.000000000000000000e+00 6.832293658622945465e-02 3.103380673024385989e-03 1.251817616065455802e-02 1.998462489116326068e-01 1.943795154730134419e-03 2.047046706803589133e-01 2.229115529487150568e-02 0.000000000000000000e+00 0.000000000000000000e+00 0.000000000000000000e+00 1.366990375104113788e-02 2.613920119055114163e-02 1.478070263926301309e-01 0.000000000000000000e+00 1.041587881589436243e-02 6.222658487940511962e-02 7.327379182801957783e-03 3.549496391198748990e-02 7.031528085349141380e-03
8.437055658226239041e-02 3.776515652907951048e-02 6.567725382731370853e-03 6.062307078274213785e-03 2.298196758161436329e-02 0.000000000000000000e+00 2.260048253318449121e-02 1.550242308237518296e-01 1.813081368335497587e-02 1.745233766556552879e-01 0.000000000000000000e+00 1.812302028539044818e-01 0.000000000000000000e+00 4.286974344242321967e-03 1.222853446446287573e-01 0.000000000000000000e+00 0.000000000000000000e+00 1.424022623484816515e-02 0.000000000000000000e+00 0.000000000000000000e+00 0.000000000000000000e+00 8.298948321537177528e-03 0.000000000000000000e+00 1.403963944398191888e-01 1.235292311111441327e-03
1.996636596946625014e-02 1.360451499378844409e-01 2.822055708814005803e-02 0.000000000000000000e+00 0.000000000000000000e+00 1.489927161830273189e-03 5.285345760326344566e-02 4.036573461261951101e-02 5.728219503774303195e-03 1.328911657817168912e-01 7.560870293083846172e-03 4.513302133283379064e-02 4.681291689054703498e-02 1.732789093918664716e-03 1.691101586525959599e-01 0.000000000000000000e+00 0.000000000000000000e+00 3.638950518555394975e-02 0.000000000000000000e+00 3.765206781688434142e-03 0.000000000000000000e+00 5.172114408658288337e-02 0.000000000000000000e+00 2.095496550292001714e-01 1.066415499530017248e-02
0.000000000000000000e+00 9.866521577140682092e-03 2.728358652014067562e-02 0.000000000000000000e+00 8.172031773037370661e-02 1.471441668257514879e-01 6.307902509318982776e-02 8.764281763790519181e-03 4.152884246278624319e-02 3.253271405411774925e-02 1.044485328318114220e-02 1.497952323145762266e-01 1.369209087401449497e-02 5.286121777986622222e-02 1.979638800372442442e-01 1.509583594157588903e-03 6.540353194194620245e-02 7.720440819203374695e-03 6.391609147053106156e-03 0.000000000000000000e+00 0.000000000000000000e+00 3.684821732596686890e-03 0.000000000000000000e+00 2.128468370743777024e-02 5.732859874143199364e-02
6.309317634665113916e-02 8.485167018202980629e-04 1.953410628848565103e-02 0.000000000000000000e+00 1.165840569730153264e-01 0.000000000000000000e+00 1.455050153093983001e-01 8.105975048444673259e-02 0.000000000000000000e+00 0.000000000000000000e+00 0.000000000000000000e+00 1.656375324969920071e-01 1.021833633314131601e-01 0.000000000000000000e+00 4.379201357065245354e-02 0.000000000000000000e+00 8.794122900111969732e-02 2.105485591679807401e-03 2.129309972841889401e-02 3.403669072829026564e-04 0.000000000000000000e+00 6.831870044735605281e-03 0.000000000000000000e+00 1.432504172238879825e-01 0.000000000000000000e+00
1.157609150871059950e-01 2.499694580211897499e-02 3.419798918404588772e-02 9.879772183859636056e-03 7.228386553049732932e-02 2.665872751740160692e-03 4.450026350559994903e-02 4.672135974032052413e-02 1.571583733482150372e-02 2.400660577518778926e-02 0.000000000000000000e+00 0.000000000000000000e+00 2.797366402983246948e-03 0.000000000000000000e+00 2.869397290349833818e-01 0.000000000000000000e+00 0.000000000000000000e+00 4.286708013842348459e-03 4.295394147276133945e-02 7.659180740453018152e-03 1.731536138876739852e-04 9.563279232894610071e-02 1.882619494981345801e-02 1.458699526693249260e-01 4.131553877706828706e-03
0.000000000000000000e+00 1.081311508915208108e-01 0.000000000000000000e+00 0.000000000000000000e+00 4.197325200649394683e-02 8.548474426926183992e-03 1.941303999908273667e-02 7.063037833904601062e-03 3.893075556110554836e-02 8.062216287162739248e-02 5.376598551258519529e-03 1.875948259662073014e-01 0.000000000000000000e+00 5.454424705620259523e-03 1.232697147488028694e-01 0.000000000000000000e+00 1.339951574864909831e-03 0.000000000000000000e+00 5.949726005609350110e-02 3.499879746489162162e-03 1.205508600549082569e-03 9.847643325260056410e-03 3.760613108535657695e-02 3.343711544984967476e-02 2.271890725989869075e-01
2.198165666743315608e-02 1.579900654178596070e-02 4.735552360880584954e-02 0.000000000000000000e+00 1.797132652391999208e-01 3.347432296919772982e-02 1.692150942568315317e-02 3.090301119849920425e-02 2.790817340362358040e-02 1.414466036023303563e-01 5.393936501108201158e-03 3.624012774236844842e-02 9.644113368357602745e-02 2.952837951252388748e-03 0.000000000000000000e+00 0.000000000000000000e+00 0.000000000000000000e+00 7.225670141135495661e-02 1.676527706669926343e-01 2.090634346620530437e-02 0.000000000000000000e+00 5.682420040091281516e-02 1.713296540326153874e-02 8.695910116408829896e-03 0.000000000000000000e+00
