3.476845202399412443e-02 1.308351969015993099e-01 9.822127839754021469e-03 1.548243127923294715e-01 2.247076738414996791e-02 8.043090849408292969e-03 0.000000000000000000e+00 1.895022303284924284e-02 2.805967297278546754e-02 0.000000000000000000e+00 0.000000000000000000e+00 1.633514135299083958e-01 0.000000000000000000e+00 0.000000000000000000e+00 1.227071171578087150e-01 0.000000000000000000e+00 8.323974029408011399e-02 1.614942065785511804e-01 3.495973489985805538e-02 2.647394374292366334e-02
2.791787239989230313e-02 6.543126980465416298e-02 5.732953931746835596e-02 2.530717084957857521e-01 2.430625425166622541e-02 1.455002468888680900e-01 1.259748665776362908e-01 8.974602406995600343e-03 0.000000000000000000e+00 0.000000000000000000e+00 2.614876536524128429e-03 1.206749152524636270e-01 0.000000000000000000e+00 1.702271438350526356e-02 0.000000000000000000e+00 7.962370079800610428e-03 1.134646376575150911e-01 7.121930324320538581e-03 2.263219562290387857e-02 0.000000000000000000e+00
2.036178559124237480e-02 1.158851132205465512e-01 1.201199352800903924e-01 1.426320788791432016e-02 1.927866881210996142e-01 1.434286673148736369e-01 0.000000000000000000e+00 0.000000000000000000e+00 1.532828202391406103e-01 0.000000000000000000e+00 0.000000000000000000e+00 0.000000000000000000e+00 0.000000000000000000e+00 2.379317064645653998e-02 1.393640627746085998e-02 0.000000000000000000e+00 0.000000000000000000e+00 6.038620564058170409e-02 0.000000000000000000e+00 1.417559997805933614e-01
1.418521843989778708e-01 8.329170984305270253e-02 1.703506090831791164e-01 0.000000000000000000e+00 6.048381267455704008e-02 9.919134205232940649e-02 0.000000000000000000e+00 4.431637557300779733e-03 1.061891819506609047e-01 0.000000000000000000e+00 3.301333224206928242e-03 1.466844063455872427e-01 7.769857305905149541e-04 0.000000000000000000e+00 1.059716065460517866e-02 1.644913226019239366e-02 6.444515922157713524e-03 0.000000000000000000e+00 1.399044135494925123e-01 1.005157475310969849e-02
0.000000000000000000e+00 1.844195430352689458e-01 0.000000000000000000e+00 1.433172206886562938e-01 2.045515331450041552e-01 0.000000000000000000e+00 1.277952768658723592e-01 9.413471316444581294e-02 0.000000000000000000e+00 0.000000000000000000e+00 0.000000000000000000e+00 2.241874162974471715e-02 2.881534538816294191e-02 1.210120642311984622e-02 1.280358716658976104e-01 0.000000000000000000e+00 0.000000000000000000e+00 2.785993910649805366e-02 2.655060888732910240e-02 0.000000000000000000e+00
1.261185845984733045e-01 5.303865641188802021e-02 1.529352647929545228e-01 1.529948614863168577e-01 1.659044336272350317e-01 1.587894302561196902e-01 4.804349981083482629e-02 1.178323836234440175e-01 0.000000000000000000e+00 0.000000000000000000e+00 0.000000000000000000e+00 2.434288539273367705e-02 0.000000000000000000e+00 0.000000000000000000e+00 0.000000000000000000e+00 0.000000000000000000e+00 0.000000000000000000e+00 0.000000000000000000e+00 0.000000000000000000e+00 0.000000000000000000e+00
1.551365805432727563e-01 1.175117434453303890e-02 0.000000000000000000e+00 1.466262580698302238e-02 7.872368631906113967e-02 1.558639201384948991e-01 0.000000000000000000e+00 0.000000000000000000e+00 2.511315590542755882e-01 0.000000000000000000e+00 0.000000000000000000e+00 4.229415987639924268e-02 0.000000000000000000e+00 1.487138440522202121e-01 0.000000000000000000e+00 0.000000000000000000e+00 0.000000000000000000e+00 0.000000000000000000e+00 1.417224498647602915e-01 0.000000000000000000e+00
1.323098167668003700e-01 1.807149588835511855e-01 1.551208441627077717e-01 1.919663153777721384e-02 1.626613625265447838e-01 4.955057939714450216e-02 0.000000000000000000e+00 0.000000000000000000e+00 1.416389611026556625e-02 0.000000000000000000e+00 0.000000000000000000e+00 1.243644550941176014e-01 0.000000000000000000e+00 0.000000000000000000e+00 0.000000000000000000e+00 0.000000000000000000e+00 0.000000000000000000e+00 0.000000000000000000e+00 1.619174555210910749e-01 0.000000000000000000e+00
5.978816526500281385e-03 3.158063643497978357e-02 0.000000000000000000e+00 2.743394595980381268e-01 2.846622517079656078e-01 4.511267846035959400e-02 1.872185918774815078e-02 0.000000000000000000e+00 1.499249876093235179e-02 0.000000000000000000e+00 0.000000000000000000e+00 0.000000000000000000e+00 2.279024278083702920e-02 1.388603564206440932e-01 0.000000000000000000e+00 0.000000000000000000e+00 9.847629166974295606e-03 0.000000000000000000e+00 1.409166621002820585e-01 1.219690885473852758e-02
2.402376560258978437e-03 1.574488283321759663e-01 4.951145770501002435e-02 1.738400819745861692e-01 1.567403674832515414e-01 1.583879186924034566e-01 1.415583377139738863e-01 2.189963275609066104e-02 0.000000000000000000e+00 0.000000000000000000e+00 0.000000000000000000e+00 1.478128803198937996e-02 1.043732626707837841e-01 0.000000000000000000e+00 1.342463145550587111e-03 0.000000000000000000e+00 0.000000000000000000e+00 0.000000000000000000e+00 0.000000000000000000e+00 1.771398493392547721e-02
1.089427494189070846e-02 5.688429690780772048e-03 1.371220616447988983e-01 1.656249320908120826e-01 7.411864960362456872e-03 3.341044161962471865e-02 1.426697719361193217e-01 0.000000000000000000e+00 1.101278058210193034e-01 0.000000000000000000e+00 0.000000000000000000e+00 1.088990094916312407e-01 5.813123199181902123e-02 1.778139935933371581e-03 7.865478126055026192e-03 0.000000000000000000e+00 0.000000000000000000e+00 1.298427127290406602e-01 8.053384502011241841e-02 0.000000000000000000e+00
5.500454821337631695e-03 8.484049443550853442e-02 8.715332960091430950e-03 0.000000000000000000e+00 0.000000000000000000e+00 0.000000000000000000e+00 9.907851442705269129e-02 1.881368402704861609e-01 1.009750294458725828e-01 2.664188991111556687e-02 0.000000000000000000e+00 1.712131551493773773e-01 2.018868905133759314e-02 0.000000000000000000e+00 3.887960661560753428e-02 3.067555813389839445e-02 0.000000000000000000e+00 1.279343961892915327e-01 0.000000000000000000e+00 9.722003858902301954e-02
1.188917149534280196e-02 1.541914646599375216e-01 0.000000000000000000e+00 1.053952844107035186e-01 4.952585514272348464e-03 1.337525502125518073e-01 0.000000000000000000e+00 1.542309011096930083e-01 1.811522546745969187e-01 0.000000000000000000e+00 1.884453115073146320e-02 1.459404799990036417e-01 0.000000000000000000e+00 0.000000000000000000e+00 4.805386838601240218e-02 0.000000000000000000e+00 0.000000000000000000e+00 4.159690838715469213e-02 0.000000000000000000e+00 0.000000000000000000e+00
2.361588696775136081e-02 1.560717511160594206e-01 1.375577444945413341e-01 1.573577613224852456e-01 8.251197146197392085e-02 1.556816038357217158e-01 6.305026416173419544e-03 5.547512237999215751e-02 2.905065586853803825e-02 0.000000000000000000e+00 0.000000000000000000e+00 1.376253228606643952e-01 0.000000000000000000e+00 0.000000000000000000e+00 5.874715327609907750e-02 0.000000000000000000e+00 0.000000000000000000e+00 0.000000000000000000e+00 0.000000000000000000e+00 0.000000000000000000e+00
0.000000000000000000e+00 4.772885402975535901e-02 3.095671569480791877e-02 0.000000000000000000e+00 1.556397875013833532e-01 3.514412809075205231e-04 0.000000000000000000e+00 0.000000000000000000e+00 1.443246259724721703e-01 9.732623974773647879e-02 1.230617811600246683e-03 2.965214823164558089e-02 3.467778376895386955e-02 1.447468867831373518e-01 1.245609386411700992e-01 0.000000000000000000e+00 3.049125109460039959e-04 7.803488326353217805e-03 4.018489654243355413e-02 1.405106631566972464e-01
0.000000000000000000e+00 6.860302501274093134e-02 0.000000000000000000e+00 2.051584211559753512e-01 1.569404594180434376e-01 0.000000000000000000e+00 2.563696309024823122e-02 0.000000000000000000e+00 2.647355712549552889e-02 0.000000000000000000e+00 0.000000000000000000e+00 2.402112004069397594e-02 9.050239804600257454e-02 0.000000000000000000e+00 1.398585107193408769e-02 7.467338055030860742e-04 2.019707142907061978e-03 2.183613928597805121e-01 1.660678527022459716e-01 1.482518528429079951e-03
1.101991515553364664e-01 0.000000000000000000e+00 0.000000000000000000e+00 6.960622246534294011e-02 6.804033520875792107e-02 1.981255511926541257e-01 1.688327469063550038e-03 1.163778893221361216e-01 6.021548385637758710e-02 0.000000000000000000e+00 0.000000000000000000e+00 7.889696418755069718e-02 1.059137553446923424e-01 2.218543295543587424e-02 0.000000000000000000e+00 7.835518427757476659e-03 0.000000000000000000e+00 0.000000000000000000e+00 3.444235169996685136e-02 1.264730163149279107e-01
7.997194655212497977e-03 1.412393130934919659e-02 1.499067586836030641e-01 4.078710588103100221e-02 0.000000000000000000e+00 1.431631060216276563e-01 0.000000000000000000e+00 2.632174336268179871e-01 2.190140922297817080e-02 0.000000000000000000e+00 0.000000000000000000e+00 4.465257472193472077e-02 0.000000000000000000e+00 8.021506739349955686e-03 0.000000000000000000e+00 0.000000000000000000e+00 2.515776162072825596e-03 1.649062785037146497e-02 1.336405069003784862e-01 1.535820682252730107e-01
1.643977436929754121e-01 1.308922945998798049e-01 0.000000000000000000e+00 2.188883227269383669e-01 5.637761295811256207e-02 0.000000000000000000e+00 1.880613910973380487e-02 0.000000000000000000e+00 1.674072308553608071e-02 0.000000000000000000e+00 0.000000000000000000e+00 2.725850525283952941e-02 0.000000000000000000e+00 0.000000000000000000e+00 0.000000000000000000e+00 0.000000000000000000e+00 0.000000000000000000e+00 2.399865612650383673e-01 0.000000000000000000e+00 1.266520973089460544e-01
0.000000000000000000e+00 7.555847169407614583e-02 1.189952959594550441e-01 0.000000000000000000e+00 1.884426641437802752e-01 7.096246939985603741e-02 0.000000000000000000e+00 2.765995146297182267e-02 4.311433708057055281e-02 0.000000000000000000e+00 0.000000000000000000e+00 1.619842312981533555e-02 9.460990759746591705e-02 1.256322350039727753e-01 1.119213712747429632e-02 0.000000000000000000e+00 9.452614823969248542e-03 9.310960561721209547e-03 1.488247244449333656e-03 2.073822847704220318e-01
1.161102884829000662e-02 1.453754450622342098e-01 1.876201052142421541e-02 2.652092370715893876e-01 0.000000000000000000e+00 1.429716648371247845e-01 6.590040879886713276e-02 1.636895164362725807e-01 0.000000000000000000e+00 0.000000000000000000e+00 0.000000000000000000e+00 5.705905220349635071e-02 1.019274669423184988e-03 0.000000000000000000e+00 4.324712170840686737e-03 0.000000000000000000e+00 0.000000000000000000e+00 0.000000000000000000e+00 0.000000000000000000e+00 1.240776493804375963e-01
3.954277833012927179e-02 0.000000000000000000e+00 0.000000000000000000e+00 1.737306674634007952e-01 1.545488943010977501e-01 2.170978393173818993e-02 1.335653382865138461e-01 4.871496303589345836e-03 1.845450988269862203e-01 1.146440533812221121e-02 0.000000000000000000e+00 1.308263553349753028e-01 0.000000000000000000e+00 0.000000000000000000e+00 6.812338682423511177e-04 1.509994514829190657e-02 0.000000000000000000e+00 0.000000000000000000e+00 0.000000000000000000e+00 1.294140028669127362e-01
0.000000000000000000e+00 2.241690137905486546e-01 1.684011187762125741e-03 1.425436844514831602e-01 1.135426880007160515e-02 2.451183062278795843e-02 0.000000000000000000e+00 0.000000000000000000e+00 1.309799216890081830e-01 0.000000000000000000e+00 0.000000000000000000e+00 1.325157571835608727e-01 0.000000000000000000e+00 0.000000000000000000e+00 0.000000000000000000e+00 0.000000000000000000e+00 0.000000000000000000e+00 7.684401681145715257e-02 1.615639418718906872e-01 9.383355359142978025e-02
1.562672826506559809e-01 1.481930330327636269e-01 7.547006365036385001e-03 1.460915819095410517e-01 1.404784410402723591e-03 1.450187857378518741e-01 7.319548024088470828e-02 1.200611963925411058e-01 2.452414674627174940e-02 2.299077757246053080e-02 0.000000000000000000e+00 1.395671016112511216e-02 0.000000000000000000e+00 0.000000000000000000e+00 0.000000000000000000e+00 0.000000000000000000e+00 6.446574460763652981e-02 0.000000000000000000e+00 7.016080522625836591e-02 6.122664946570206650e-03
7.336532249842230013e-02 2.130140385213830367e-01 1.167325698942358117e-02 8.712125425506397902e-02 0.000000000000000000e+00 1.470487010655993354e-01 1.391148728630689779e-01 1.620361532685388739e-01 4.579823604296307665e-02 5.112976860614582009e-02 0.000000000000000000e+00 0.000000000000000000e+00 6.672153118056645300e-03 1.212780743252671973e-03 3.089525183441611464e-02 0.000000000000000000e+00 0.000000000000000000e+00 0.000000000000000000e+00 3.091821019366552264e-02 0.000000000000000000e+00
5.828362446546349503e-03 5.098201154921572220e-03 1.491740130779328211e-01 1.899476936525000825e-01 9.908710824830530006e-02 9.033069864219257783e-02 0.000000000000000000e+00 5.646195351344488779e-03 4.297190256055219426e-02 0.000000000000000000e+00 0.000000000000000000e+00 2.162698496947671953e-02 4.786331434355928227e-02 1.344312175970740209e-01 0.000000000000000000e+00 1.338421118284184759e-02 5.856788929960424217e-02 4.692683879334219599e-02 0.000000000000000000e+00 8.911536867980625332e-02
1.259158626398848846e-01 1.400097470234415616e-02 0.000000000000000000e+00 1.726947663259731924e-01 2.407859848540035846e-02 2.199457895781545824e-01 0.000000000000000000e+00 1.194479748030505689e-01 2.841352817765484349e-03 1.560105161733021288e-03 5.446369395359128632e-03 2.351869245435176670e-01 0.000000000000000000e+00 0.000000000000000000e+00 3.386077494778855397e-03 0.000000000000000000e+00 4.422320787658837182e-02 0.000000000000000000e+00 2.475888100406101189e-02 6.513115171388798863e-03
0.000000000000000000e+00 1.581882693412958452e-01 0.000000000000000000e+00 1.527989076475955166e-01 0.000000000000000000e+00 2.306587014201833818e-01 5.270257967398349992e-04 1.682516665596325567e-01 4.157654552537002474e-02 2.418764737487287715e-03 0.000000000000000000e+00 8.723211016974748155e-02 0.000000000000000000e+00 0.000000000000000000e+00 0.000000000000000000e+00 1.870101663188277960e-02 7.151821087711398087e-03 9.093446459889374667e-03 1.234017246224646258e-01 0.000000000000000000e+00
6.391742921731967397e-02 1.340993313434709067e-01 0.000000000000000000e+00 2.868101265359676577e-01 0.000000000000000000e+00 2.408545085548745579e-01 5.068666012207088262e-02 3.903246387426054231e-02 1.287218213279817808e-02 0.000000000000000000e+00 0.000000000000000000e+00 1.512554872942162287e-02 6.415288074122635006e-03 0.000000000000000000e+00 0.000000000000000000e+00 5.905133657806829056e-02 8.157829195426093138e-02 0.000000000000000000e+00 6.727209235146519063e-03 2.829623648217692057e-03
2.358844864559914156e-01 0.000000000000000000e+00 4.860670357427880617e-02 8.535288431853280122e-02 0.000000000000000000e+00 0.000000000000000000e+00 0.000000000000000000e+00 0.000000000000000000e+00 3.068794107200636390e-01 0.000000000000000000e+00 0.000000000000000000e+00 1.782125988002098912e-02 0.000000000000000000e+00 0.000000000000000000e+00 0.000000000000000000e+00 0.000000000000000000e+00 0.000000000000000000e+00 1.538726299374036099e-01 5.428031640942292124e-03 1.461545934727664919e-01
