0.000000000000000000e+00 1.159418188570965486e-01 1.365779785985283233e-02 0.000000000000000000e+00 1.198112006682375691e-01 1.435531726737061808e-01 1.711707797811238760e-02 1.838989326710372199e-02 0.000000000000000000e+00 1.274355995407212561e-01 7.203380851016525158e-03 1.408962073948111515e-01 0.000000000000000000e+00 0.000000000000000000e+00 2.929913461415739606e-02 0.000000000000000000e+00 3.613696440711631260e-03 4.109032194893422890e-02 1.457149203792910269e-02 3.620947393863203218e-02 1.806713042658528168e-02 0.000000000000000000e+00 1.372874951105707009e-02 8.176274717796826186e-03 1.312375772735381585e-01
0.000000000000000000e+00 6.148246831393416358e-03 0.000000000000000000e+00 1.329798253604978497e-01 2.021822959613138460e-03 8.955475850849089169e-04 1.124223425712610469e-01 2.410829673789183225e-02 0.000000000000000000e+00 0.000000000000000000e+00 7.647434977677361467e-02 2.076668282306881053e-01 0.000000000000000000e+00 1.293628191038886975e-03 0.000000000000000000e+00 0.000000000000000000e+00 2.739977897243123586e-02 1.393709329669098052e-01 0.000000000000000000e+00 3.352702063373561082e-06 0.000000000000000000e+00 0.000000000000000000e+00 6.528144894406177901e-02 1.567138886973881429e-01 4.721970947290284049e-02
0.000000000000000000e+00 1.422463670783223888e-01 5.251759607247157881e-03 6.716438540389768445e-03 0.000000000000000000e+00 1.340718323016662217e-01 7.850181367429226453e-02 5.305468834676938666e-02 0.000000000000000000e+00 1.063402595138682322e-01 0.000000000000000000e+00 0.000000000000000000e+00 0.000000000000000000e+00 1.521066530576279004e-02 1.479717010962714081e-02 0.000000000000000000e+00 9.929651954419431437e-02 1.428799065403593971e-01 1.162484378273211279e-02 1.238334611427565901e-01 0.000000000000000000e+00 1.680836085131753518e-02 0.000000000000000000e+00 4.035569859149690242e-02 9.010215069197790097e-03
0.000000000000000000e+00 1.325224872640168028e-01 0.000000000000000000e+00 3.738284197040430985e-04 8.417744959865901266e-02 0.000000000000000000e+00 3.297659003087693823e-03 0.000000000000000000e+00 7.291914099260597172e-03 1.499753099257530864e-01 0.000000000000000000e+00 1.140679539147654992e-01 4.170465574214327065e-02 0.000000000000000000e+00 1.869083803887589858e-03 2.464616486107590147e-03 1.221523423751068663e-02 1.484654604993721205e-01 0.000000000000000000e+00 2.205373531164395162e-02 0.000000000000000000e+00 0.000000000000000000e+00 0.000000000000000000e+00 1.395078859768255630e-01 1.400127257172624484e-01
0.000000000000000000e+00 1.069095292438870248e-01 4.746776373351765596e-03 0.000000000000000000e+00 1.208932116149943892e-02 5.695623879236856590e-02 0.000000000000000000e+00 1.799459406771339864e-01 0.000000000000000000e+00 2.708338554624250549e-01 0.000000000000000000e+00 0.000000000000000000e+00 6.743919708691219553e-03 0.000000000000000000e+00 4.012933234263607596e-02 0.000000000000000000e+00 1.335110562548034452e-01 0.000000000000000000e+00 1.543393321015175124e-01 1.537569132184525567e-02 0.000000000000000000e+00 0.000000000000000000e+00 1.841900655984066507e-02 0.000000000000000000e+00 0.000000000000000000e+00
0.000000000000000000e+00 1.000656590932942208e-01 1.097101429692868141e-01 0.000000000000000000e+00 0.000000000000000000e+00 0.000000000000000000e+00 1.692134313958145175e-01 3.081775366313190337e-02 0.000000000000000000e+00 1.907644801271790591e-02 0.000000000000000000e+00 2.030650255347753869e-02 1.405681176992309989e-01 2.149058913747550412e-03 1.240767853927193659e-01 0.000000000000000000e+00 0.000000000000000000e+00 0.000000000000000000e+00 0.000000000000000000e+00 0.000000000000000000e+00 0.000000000000000000e+00 4.543731112185508264e-02 6.110817352889097442e-02 4.910652443023150876e-02 1.283640912256016342e-01
4.805569818607496185e-02 0.000000000000000000e+00 1.044169228701608415e-01 0.000000000000000000e+00 1.282261147858737016e-01 0.000000000000000000e+00 2.666082480966624479e-01 1.202467409542365938e-02 0.000000000000000000e+00 1.113202185104320528e-02 0.000000000000000000e+00 0.000000000000000000e+00 0.000000000000000000e+00 0.000000000000000000e+00 7.401238732971219397e-03 0.000000000000000000e+00 0.000000000000000000e+00 4.394310783806004705e-02 1.498382200710765208e-02 5.095762540869269025e-02 1.023629406022850399e-03 6.436657709914545000e-02 1.371905264347162146e-01 1.096697931880450949e-01 0.000000000000000000e+00
0.000000000000000000e+00 0.000000000000000000e+00 1.682867680121571119e-01 0.000000000000000000e+00 3.002351368677552354e-02 5.902997438870932062e-02 3.729500180999834220e-03 1.906180847777718679e-01 6.291285964801970887e-02 0.000000000000000000e+00 0.000000000000000000e+00 1.435738641900149160e-01 8.669247696978044093e-02 0.000000000000000000e+00 2.901372791872147000e-02 2.815086469036494170e-03 9.434603039770082800e-03 0.000000000000000000e+00 0.000000000000000000e+00 1.274463617601047372e-01 0.000000000000000000e+00 1.423532166452065595e-02 0.000000000000000000e+00 3.464033930834061609e-02 3.754751798527711237e-02
7.819185182688587546e-03 0.000000000000000000e+00 2.387351795794483492e-02 0.000000000000000000e+00 2.379040697690007755e-01 0.000000000000000000e+00 1.447345839752523233e-01 1.709878312316488458e-01 4.870259800683526819e-02 3.817699060276798229e-02 0.000000000000000000e+00 9.779404885383974691e-03 0.000000000000000000e+00 0.000000000000000000e+00 3.718469513729168174e-02 0.000000000000000000e+00 0.000000000000000000e+00 1.362249387147398960e-01 1.361108102086734011e-03 0.000000000000000000e+00 0.000000000000000000e+00 1.002792662005543428e-01 1.571039699675692153e-02 0.000000000000000000e+00 2.726141323704767486e-02
0.000000000000000000e+00 9.102045100120653709e-02 1.036552324327934677e-01 9.292755415694388399e-02 1.795492127077013764e-02 1.693171944423284628e-02 1.700699217183971323e-01 2.196479042667495440e-01 6.983321145413942665e-02 3.981510789645172771e-02 3.823089013513364387e-02 0.000000000000000000e+00 0.000000000000000000e+00 0.000000000000000000e+00 0.000000000000000000e+00 0.000000000000000000e+00 0.000000000000000000e+00 2.537730156740932580e-02 0.000000000000000000e+00 0.000000000000000000e+00 0.000000000000000000e+00 2.652073070719309852e-02 0.000000000000000000e+00 8.801505394857921105e-02 0.000000000000000000e+00
0.000000000000000000e+00 9.819413027470493688e-03 1.553490259766282799e-01 5.156880127345155745e-02 9.006747692504460390e-02 0.000000000000000000e+00 6.031654872359075437e-02 1.619908572893736728e-02 4.232320357888733064e-02 1.107901755803727822e-01 0.000000000000000000e+00 1.402011961691459474e-01 3.282064750812765941e-02 0.000000000000000000e+00 1.125377728872526718e-02 0.000000000000000000e+00 9.875917723101167167e-02 7.213480364552150165e-03 0.000000000000000000e+00 1.517167670549540437e-01 0.000000000000000000e+00 3.000486749696370213e-03 9.255736348382138544e-04 0.000000000000000000e+00 1.767516318456551286e-02
0.000000000000000000e+00 4.192449781859152597e-02 1.936410992462089531e-01 0.000000000000000000e+00 1.845670550716282249e-02 0.000000000000000000e+00 2.059284486705842132e-01 1.836970342336448625e-01 3.046388671241076745e-03 0.000000000000000000e+00 0.000000000000000000e+00 0.000000000000000000e+00 0.000000000000000000e+00 0.000000000000000000e+00 0.000000000000000000e+00 0.000000000000000000e+00 4.290644010813533804e-02 0.000000000000000000e+00 1.497745550905973666e-01 1.405112561555982298e-01 0.000000000000000000e+00 0.000000000000000000e+00 0.000000000000000000e+00 2.011357449823572563e-02 0.000000000000000000e+00
0.000000000000000000e+00 1.113735824822481013e-01 1.719805252512645322e-01 1.394586748984620594e-01 0.000000000000000000e+00 1.322698383707607006e-01 1.740989281267459610e-01 3.719526036664942692e-02 3.780809201475583692e-02 7.373780254226852161e-03 0.000000000000000000e+00 0.000000000000000000e+00 0.000000000000000000e+00 0.000000000000000000e+00 0.000000000000000000e+00 0.000000000000000000e+00 0.000000000000000000e+00 0.000000000000000000e+00 0.000000000000000000e+00 0.000000000000000000e+00 0.000000000000000000e+00 0.000000000000000000e+00 0.000000000000000000e+00 4.139465329337242705e-02 1.470466649415141658e-01
0.000000000000000000e+00 5.167072042668604745e-03 0.000000000000000000e+00 0.000000000000000000e+00 2.568540161596017946e-01 0.000000000000000000e+00 1.749456990453528427e-01 0.000000000000000000e+00 0.000000000000000000e+00 1.455254904705778618e-01 0.000000000000000000e+00 0.000000000000000000e+00 5.756864546269629263e-02 0.000000000000000000e+00 3.610107280026334658e-02 0.000000000000000000e+00 0.000000000000000000e+00 5.146285865907306370e-03 1.552939196874345562e-01 0.000000000000000000e+00 0.000000000000000000e+00 0.000000000000000000e+00 1.877373154276094284e-04 2.987976048758188719e-03 1.602220851013116398e-01
0.000000000000000000e+00 1.615423915631126681e-02 1.504343666783554134e-01 0.000000000000000000e+00 2.257371948808516438e-01 3.824921772519058495e-03 0.000000000000000000e+00 4.655576534900563584e-02 0.000000000000000000e+00 0.000000000000000000e+00 0.000000000000000000e+00 1.960116613465193447e-01 0.000000000000000000e+00 0.000000000000000000e+00 0.000000000000000000e+00 1.315343481777721604e-02 2.711516208404830819e-02 7.578959251144479908e-03 0.000000000000000000e+00 1.470848616140449650e-01 0.000000000000000000e+00 1.124693704732964393e-02 1.306513479776284514e-01 2.445114802446454044e-02 0.000000000000000000e+00
1.462442265170932169e-02 0.000000000000000000e+00 1.294625273017734404e-02 0.000000000000000000e+00 2.573542905122502278e-01 0.000000000000000000e+00 2.534200440848123972e-02 1.846791678258559097e-02 1.465544279691597118e-01 0.000000000000000000e+00 7.911465553776649007e-02 5.522498741117441712e-02 0.000000000000000000e+00 7.184537087370221689e-04 1.491857193909928714e-01 0.000000000000000000e+00 0.000000000000000000e+00 0.000000000000000000e+00 9.392976334773523502e-04 7.598309507983636024e-02 2.657972065256179565e-03 0.000000000000000000e+00 2.291096950114952790e-02 1.379755346172464314e-01 0.000000000000000000e+00
0.000000000000000000e+00 0.000000000000000000e+00 1.237212314613221620e-01 3.517124204828225072e-03 2.726463541036485139e-01 0.000000000000000000e+00 7.398123417353064113e-02 1.550109788612213380e-01 2.083448224805072892e-03 9.785546934452976631e-02 0.000000000000000000e+00 1.241591605797850474e-02 6.123703656383052557e-02 0.000000000000000000e+00 1.122993192468117393e-02 0.000000000000000000e+00 1.176133150456743284e-02 0.000000000000000000e+00 1.335919474821244401e-01 1.405125405655338611e-02 0.000000000000000000e+00 1.909922310816098215e-02 0.000000000000000000e+00 0.000000000000000000e+00 7.797518928217769818e-03
0.000000000000000000e+00 0.000000000000000000e+00 1.871458081019668485e-01 0.000000000000000000e+00 1.218589916778635290e-01 1.047491104691422419e-02 1.518721420402308897e-01 1.556217265996395482e-01 0.000000000000000000e+00 4.428347309440174712e-02 0.000000000000000000e+00 0.000000000000000000e+00 0.000000000000000000e+00 0.000000000000000000e+00 0.000000000000000000e+00 0.000000000000000000e+00 0.000000000000000000e+00 5.410974894656114809e-02 1.340017313353800144e-01 1.241627345770952157e-01 0.000000000000000000e+00 1.646873257994687159e-02 0.000000000000000000e+00 0.000000000000000000e+00 0.000000000000000000e+00
9.579541267732111232e-02 5.245344259395318814e-02 2.073771454601255199e-02 0.000000000000000000e+00 2.187674295698482929e-02 0.000000000000000000e+00 1.607548404698876110e-01 1.517465480824761737e-01 0.000000000000000000e+00 0.000000000000000000e+00 6.961131844488924062e-04 1.490221375619081023e-01 0.000000000000000000e+00 0.000000000000000000e+00 1.405721612684524280e-01 0.000000000000000000e+00 1.114468217779398911e-02 3.116894702511210230e-02 2.903044280926172019e-02 0.000000000000000000e+00 0.000000000000000000e+00 0.000000000000000000e+00 0.000000000000000000e+00 5.252099086336472350e-03 1.297487155600509645e-01
0.000000000000000000e+00 2.113449149953762138e-02 4.609272754875488876e-02 5.617780577210485654e-02 2.401173356074125798e-01 0.000000000000000000e+00 9.177992440911674626e-03 0.000000000000000000e+00 1.436766745821931208e-02 1.558609216155385502e-01 2.602494821145535583e-03 1.779531442519570184e-01 0.000000000000000000e+00 1.253901468606159232e-02 5.749162265690856144e-02 0.000000000000000000e+00 0.000000000000000000e+00 0.000000000000000000e+00 0.000000000000000000e+00 1.701632467754593536e-02 0.000000000000000000e+00 4.954252385194449215e-02 0.000000000000000000e+00 0.000000000000000000e+00 1.399259331119573624e-01
8.153333203221108799e-03 6.919473066863782162e-02 0.000000000000000000e+00 0.000000000000000000e+00 1.218685351666152633e-01 3.894225929758323573e-02 6.478996090895532134e-02 1.579427020435505702e-01 2.306716927445418702e-02 1.220082922425590882e-01 0.000000000000000000e+00 1.415488867177380483e-01 0.000000000000000000e+00 0.000000000000000000e+00 0.000000000000000000e+00 0.000000000000000000e+00 0.000000000000000000e+00 1.448760748566695344e-01 0.000000000000000000e+00 8.340275316935544941e-03 0.000000000000000000e+00 4.013359701351091116e-03 4.679525159240612020e-02 0.000000000000000000e+00 4.845916900932308036e-02
0.000000000000000000e+00 1.143028769621272367e-02 1.239227996452488129e-01 0.000000000000000000e+00 1.878033614983542696e-02 0.000000000000000000e+00 1.491070157418933617e-01 5.708044915851819001e-02 3.295757928585502095e-02 5.497256056192190848e-02 0.000000000000000000e+00 1.275654497695433431e-01 1.405183076863286522e-03 0.000000000000000000e+00 1.878089175607604855e-01 0.000000000000000000e+00 9.842898702734135738e-03 0.000000000000000000e+00 0.000000000000000000e+00 1.988717065509353066e-01 0.000000000000000000e+00 1.724397791728174683e-03 2.590868283403614022e-03 2.193955002454627684e-02 0.000000000000000000e+00
0.000000000000000000e+00 1.206120862972197838e-01 3.546089862414264493e-02 1.858180728010643337e-02 0.000000000000000000e+00 0.000000000000000000e+00 1.784359265030172892e-01 0.000000000000000000e+00 1.385073433571464008e-01 0.000000000000000000e+00 1.112894322509002942e-01 0.000000000000000000e+00 0.000000000000000000e+00 0.000000000000000000e+00 1.123916484422486824e-02 2.395236245116725421e-02 1.270078886899393342e-02 1.444647312061147770e-01 7.988842355090669881e-03 0.000000000000000000e+00 0.000000000000000000e+00 0.000000000000000000e+00 3.609644744271199579e-02 1.606701685191636586e-01 0.000000000000000000e+00
2.534834503401399083e-02 1.298222937486593342e-01 0.000000000000000000e+00 3.579473759927129933e-02 3.987924919523087169e-02 0.000000000000000000e+00 0.000000000000000000e+00 1.674098647407372964e-01 0.000000000000000000e+00 8.318881893540125416e-02 0.000000000000000000e+00 0.000000000000000000e+00 0.000000000000000000e+00 0.000000000000000000e+00 8.204268390580074510e-02 0.000000000000000000e+00 0.000000000000000000e+00 0.000000000000000000e+00 1.525290833372862087e-01 9.585170701048373321e-02 0.000000000000000000e+00 0.000000000000000000e+00 1.094945910713771425e-01 4.132995397266689408e-02 3.730867144907124705e-02
0.000000000000000000e+00 0.000000000000000000e+00 1.227394195870784056e-02 4.686398810252974390e-02 1.699735064779409055e-01 0.000000000000000000e+00 1.894100467902187085e-02 3.828727162335618015e-04 0.000000000000000000e+00 1.652547457084856120e-01 0.000000000000000000e+00 1.430764889435078846e-01 0.000000000000000000e+00 3.623977438935091847e-03 1.118244481986358368e-01 1.184100558658756491e-01 2.859059121231750066e-03 3.281418378216604398e-02 2.865618383454958396e-02 0.000000000000000000e+00 0.000000000000000000e+00 0.000000000000000000e+00 0.000000000000000000e+00 7.512997435781324212e-04 1.442942434286005327e-01
1.029224033319018489e-02 0.000000000000000000e+00 1.051233066679235911e-01 7.856266750312115160e-03 8.072515846210537305e-02 1.217544543802334955e-01 1.871885619354833330e-01 0.000000000000000000e+00 0.000000000000000000e+00 0.000000000000000000e+00 1.196167028204582483e-02 1.087529994256939379e-02 0.000000000000000000e+00 0.000000000000000000e+00 0.000000000000000000e+00 0.000000000000000000e+00 0.000000000000000000e+00 1.600093813344989624e-01 0.000000000000000000e+00 0.000000000000000000e+00 8.410694450651401421e-02 0.000000000000000000e+00 3.674185094938273860e-02 1.813494995975655777e-01 2.015364858175243499e-03
0.000000000000000000e+00 0.000000000000000000e+00 0.000000000000000000e+00 1.307508719066350668e-02 3.625587079124675260e-01 1.114125383482321256e-02 7.544556678298104668e-02 1.536637307001150199e-01 0.000000000000000000e+00 8.787376303880869988e-02 2.356939727587164385e-02 0.000000000000000000e+00 0.000000000000000000e+00 1.563178624758107538e-02 1.720990563420817798e-01 0.000000000000000000e+00 0.000000000000000000e+00 2.436251954189724844e-02 0.000000000000000000e+00 8.877250048046949824e-03 0.000000000000000000e+00 0.000000000000000000e+00 1.220538949225254653e-02 3.949649159240973401e-02 0.000000000000000000e+00
0.000000000000000000e+00 1.126212637878171857e-01 1.992804075994248914e-01 0.000000000000000000e+00 1.153128437772925480e-01 0.000000000000000000e+00 1.745542811910755776e-01 1.210544948605967730e-01 1.067425097314284727e-01 0.000000000000000000e+00 9.864992770292586172e-03 1.655752637449885156e-02 0.000000000000000000e+00 0.000000000000000000e+00 7.658262954187149314e-03 0.000000000000000000e+00 0.000000000000000000e+00 0.000000000000000000e+00 0.000000000000000000e+00 1.125058470624653029e-01 0.000000000000000000e+00 0.000000000000000000e+00 1.402739795361998727e-02 9.820171937300664969e-03 0.000000000000000000e+00
0.000000000000000000e+00 0.000000000000000000e+00 6.806669220095813710e-02 0.000000000000000000e+00 1.625550962479851147e-01 1.535988572096175508e-01 8.374318878211543804e-02 2.539161674412682146e-02 9.371045422864618477e-04 0.000000000000000000e+00 0.000000000000000000e+00 9.874168568657475109e-02 6.591115957562897719e-03 1.688087463020989873e-02 0.000000000000000000e+00 0.000000000000000000e+00 7.580965424382204131e-04 0.000000000000000000e+00 0.000000000000000000e+00 0.000000000000000000e+00 7.372823099487722798e-02 0.000000000000000000e+00 0.000000000000000000e+00 1.445641000525951791e-01 1.644433404086522166e-01
0.000000000000000000e+00 1.146389588383533303e-01 1.049325243463179909e-02 6.876104887231052586e-03 0.000000000000000000e+00 0.000000000000000000e+00 1.303073294887455436e-01 0.000000000000000000e+00 9.388815418496107568e-03 3.471612983707185185e-01 0.000000000000000000e+00 2.449438527894480869e-02 0.000000000000000000e+00 0.000000000000000000e+00 0.000000000000000000e+00 0.000000000000000000e+00 0.000000000000000000e+00 0.000000000000000000e+00 1.632733022814311348e-03 0.000000000000000000e+00 0.000000000000000000e+00 2.922919260803643476e-02 0.000000000000000000e+00 1.554981928180856066e-01 1.702797368339427075e-01
0.000000000000000000e+00 2.055879895604446200e-02 0.000000000000000000e+00 0.000000000000000000e+00 0.000000000000000000e+00 3.321696817917058064e-02 1.776648460465757584e-01 2.229211296976253420e-01 4.899147152506132252e-03 3.726629774468833214e-03 2.181166006706341393e-02 1.728772923476854795e-01 3.923804232187122487e-02 0.000000000000000000e+00 0.000000000000000000e+00 0.000000000000000000e+00 0.000000000000000000e+00 5.277010152307375426e-03 1.360428920252647611e-01 0.000000000000000000e+00 0.000000000000000000e+00 0.000000000000000000e+00 1.617655832794166193e-01 0.000000000000000000e+00 0.000000000000000000e+00
0.000000000000000000e+00 4.524870623056098662e-02 9.773987863194100179e-02 0.000000000000000000e+00 0.000000000000000000e+00 0.000000000000000000e+00 1.663306563773476188e-01 1.549381067472309359e-01 0.000000000000000000e+00 2.975874937938536788e-02 0.000000000000000000e+00 4.544302175528609072e-02 0.000000000000000000e+00 0.000000000000000000e+00 1.336746103004002040e-01 7.255506867429736828e-02 0.000000000000000000e+00 0.000000000000000000e+00 4.269603271670305289e-02 9.620276979851660401e-03 7.729037472201522041e-02 0.000000000000000000e+00 0.000000000000000000e+00 3.616991288496250716e-03 1.210875261964842881e-01
0.000000000000000000e+00 0.000000000000000000e+00 0.000000000000000000e+00 0.000000000000000000e+00 9.833698849545438603e-02 1.263803035219001614e-01 2.335990227743592329e-01 0.000000000000000000e+00 3.322454703938882564e-02 0.000000000000000000e+00 0.000000000000000000e+00 1.418592280662606987e-02 0.000000000000000000e+00 0.000000000000000000e+00 0.000000000000000000e+00 0.000000000000000000e+00 0.000000000000000000e+00 0.000000000000000000e+00 1.530584054442867270e-01 0.000000000000000000e+00 3.588224507262358087e-02 1.193976632989724729e-01 6.159253635329389742e-02 4.592597318892812502e-02 7.841639200416640476e-02
0.000000000000000000e+00 0.000000000000000000e+00 4.999219603334196897e-03 6.624980554326570514e-02 4.868822142890703170e-02 0.000000000000000000e+00 2.700497574362958897e-01 0.000000000000000000e+00 0.000000000000000000e+00 1.395287100661007917e-02 0.000000000000000000e+00 0.000000000000000000e+00 0.000000000000000000e+00 0.000000000000000000e+00 0.000000000000000000e+00 0.000000000000000000e+00 0.000000000000000000e+00 2.595034968571781619e-01 0.000000000000000000e+00 1.740342491779079959e-01 0.000000000000000000e+00 0.000000000000000000e+00 1.793872695236318690e-02 1.445836519941376686e-01 0.000000000000000000e+00
0.000000000000000000e+00 0.000000000000000000e+00 0.000000000000000000e+00 0.000000000000000000e+00 1.521200188340740833e-01 1.491861458370699334e-01 1.929141638665299585e-01 8.256479570800202838e-02 0.000000000000000000e+00 0.000000000000000000e+00 0.000000000000000000e+00 1.366617575764042872e-02 0.000000000000000000e+00 4.636063377778435433e-03 0.000000000000000000e+00 4.734835852641026965e-03 0.000000000000000000e+00 0.000000000000000000e+00 1.311605102028945815e-03 9.489192569664513244e-02 0.000000000000000000e+00 0.000000000000000000e+00 0.000000000000000000e+00 1.445218463941064790e-01 1.594524235734836037e-01
