0.000000000000000000e+00 1.803187836577891529e-02 1.459682832489105353e-01 7.679614135312541959e-03 0.000000000000000000e+00 0.000000000000000000e+00 1.653779145810828355e-02 0.000000000000000000e+00 5.921080789040090650e-03 1.471916636036276482e-01 0.000000000000000000e+00 1.274963112190107828e-01 0.000000000000000000e+00 3.622486035066417066e-03 1.469603978764389973e-01 0.000000000000000000e+00 1.628304072656967527e-01 1.631852825546532826e-02 4.945576740525420636e-03 2.007722682534828548e-03 1.980007189450714092e-02 0.000000000000000000e+00 0.000000000000000000e+00 1.715692799260401871e-02 1.575312584373721736e-01
9.432625463764973683e-02 6.227267703954107551e-03 0.000000000000000000e+00 1.558710292374935850e-02 1.379465148181658642e-02 7.964132959779551824e-02 1.503888859879983775e-01 5.662758920800676360e-02 1.191515340239068937e-01 6.229403193666225441e-02 0.000000000000000000e+00 3.311834364147999126e-03 0.000000000000000000e+00 0.000000000000000000e+00 2.538982638297627818e-03 2.746686449449444595e-02 0.000000000000000000e+00 1.269218974546815985e-03 0.000000000000000000e+00 0.000000000000000000e+00 3.152267930543809632e-02 1.427147668434287642e-01 2.557283824810373599e-02 1.337436290271658001e-01 3.382053860283708302e-02
0.000000000000000000e+00 9.756999604945501559e-02 1.049398898579945866e-02 1.131518749521993536e-02 6.947003720659898629e-02 4.969057467924043077e-03 4.985757990781389953e-02 8.527460751346989387e-02 6.471272166837484241e-02 1.094997835321920299e-02 0.000000000000000000e+00 4.692127204260881229e-02 7.040185725402097784e-03 0.000000000000000000e+00 1.613719160132566499e-01 8.165158270451375322e-03 9.476939040550368121e-02 1.086448388614107835e-02 0.000000000000000000e+00 1.054848510108740561e-01 0.000000000000000000e+00 9.975244777650096525e-03 0.000000000000000000e+00 9.890052747340552508e-02 5.189381574683131493e-02
5.616304093582457496e-02 2.425074491196002862e-03 1.157464265424622794e-02 0.000000000000000000e+00 8.805593515834876997e-03 0.000000000000000000e+00 7.421864422432037506e-03 1.431537057821308766e-02 1.387839583103232521e-01 1.485159528473130042e-01 0.000000000000000000e+00 1.347943412308534941e-02 1.225968810177751611e-01 3.442402776766672907e-03 1.244879348438349825e-01 2.444758856224306040e-02 2.724234325670926021e-02 2.199819589433814684e-02 1.404224422868292077e-01 1.978945565685823020e-03 0.000000000000000000e+00 3.728526345205365397e-03 5.423584502859382650e-02 1.263596249665003765e-02 6.129800004690014181e-02
0.000000000000000000e+00 4.326949048246029640e-03 7.166544245150423265e-02 0.000000000000000000e+00 3.999810015308654862e-03 3.867904694935698096e-03 2.751610593067585139e-02 1.509694777323200175e-03 1.818088290718537781e-02 1.008668369706463008e-01 0.000000000000000000e+00 1.047055652894361699e-02 9.257958337368797641e-02 4.641563120078316456e-04 1.295675227001748531e-01 0.000000000000000000e+00 7.995673145685033845e-02 5.153790899226470823e-02 0.000000000000000000e+00 2.225791509027234393e-03 3.272369001742538724e-02 1.174890057096413393e-01 4.920499844789470723e-02 1.532837216780237877e-01 4.856270647823286712e-02
0.000000000000000000e+00 1.443246790462570858e-02 7.655665755549586303e-03 0.000000000000000000e+00 9.447207879557359411e-02 5.971600520632007469e-02 1.488403557444364367e-01 1.781219803454376152e-02 2.536013191597229557e-02 5.972143181816176594e-02 0.000000000000000000e+00 4.495062883122096647e-02 7.344362145263214764e-03 0.000000000000000000e+00 1.962642689397017109e-02 1.087836738464455499e-01 2.441302998288493245e-02 1.244309018156493779e-01 7.144940465007906805e-02 2.850417064058423378e-02 5.197681364004135213e-04 0.000000000000000000e+00 2.555065689151754180e-02 0.000000000000000000e+00 1.164166409908012068e-01
0.000000000000000000e+00 1.783839685230611052e-02 1.351592283544626460e-01 0.000000000000000000e+00 1.217540406487991750e-01 0.000000000000000000e+00 1.672903235681986733e-01 1.155268855584758725e-01 0.000000000000000000e+00 1.199799796185272299e-01 0.000000000000000000e+00 0.000000000000000000e+00 7.046948077796511348e-03 0.000000000000000000e+00 8.847492726978348210e-02 0.000000000000000000e+00 0.000000000000000000e+00 0.000000000000000000e+00 2.629779768995194403e-02 0.000000000000000000e+00 0.000000000000000000e+00 0.000000000000000000e+00 7.818024237697684259e-03 5.736187167610490821e-03 1.870772609563901845e-01
6.419288065603293014e-02 6.326298778079298205e-03 5.673100405956364722e-02 0.000000000000000000e+00 1.361949774162548102e-02 3.178560201784558226e-03 1.362339893238252719e-02 2.094113622969432931e-01 7.049737657711134531e-02 7.481536436627022300e-03 0.000000000000000000e+00 2.085517195867229393e-03 3.560935538397980594e-04 0.000000000000000000e+00 1.834302389816091228e-01 1.263447320835444808e-03 1.166912353892807369e-01 4.680509970256355179e-02 5.943152246259172933e-03 0.000000000000000000e+00 3.137901014366429459e-02 1.243274358063908153e-01 2.127633074549769784e-02 3.451368291062678530e-03 1.792915494297934662e-02
0.000000000000000000e+00 1.840277238884591854e-02 1.163906067032319802e-01 0.000000000000000000e+00 9.266043661064604642e-02 0.000000000000000000e+00 1.239981447234433324e-03 4.899977382361261902e-02 3.188685050185616904e-02 9.849840204057019877e-02 2.462175003816296712e-03 1.113085918780674366e-01 2.446867092725124246e-02 9.350871306744817230e-03 1.366584700195891677e-01 0.000000000000000000e+00 1.248596884780062560e-01 2.619160031481144318e-02 0.000000000000000000e+00 0.000000000000000000e+00 0.000000000000000000e+00 0.000000000000000000e+00 1.368400790831867664e-01 4.825295257952571908e-03 1.495573421457662908e-02
0.000000000000000000e+00 0.000000000000000000e+00 8.868367813341805628e-03 0.000000000000000000e+00 0.000000000000000000e+00 0.000000000000000000e+00 2.155709384314429544e-01 3.757673748219651777e-02 1.572592455040548176e-01 1.520513789640954780e-02 0.000000000000000000e+00 0.000000000000000000e+00 6.894900618780495189e-04 3.412452542236722275e-04 7.257759348140720157e-02 1.068455962173261026e-01 1.928650265385357596e-02 8.533456887687321246e-03 2.602606448985157056e-02 3.795335209025201689e-02 0.000000000000000000e+00 1.912204825428571314e-02 1.636755166765918312e-01 1.104687068051974086e-01 0.000000000000000000e+00
0.000000000000000000e+00 5.060309040088753312e-04 1.610316904376269953e-01 2.541400418555376638e-03 2.037787276375426556e-03 1.001225868023119664e-01 9.821652670316068090e-02 1.995013496917080742e-03 4.166002077469621243e-03 1.856515497804251151e-03 0.000000000000000000e+00 1.848230453650436811e-01 0.000000000000000000e+00 1.273930011088838209e-02 2.388287518839060375e-01 0.000000000000000000e+00 0.000000000000000000e+00 0.000000000000000000e+00 6.157155781203707545e-02 2.115502423464611995e-02 0.000000000000000000e+00 1.347618105591977082e-02 2.073553099403655300e-02 0.000000000000000000e+00 7.419705492929212776e-02
0.000000000000000000e+00 0.000000000000000000e+00 9.950187544307580179e-02 2.944253551278367548e-03 5.625506781708833684e-03 0.000000000000000000e+00 1.176293452554338231e-01 1.527410681915501722e-01 1.218969141247866622e-01 0.000000000000000000e+00 0.000000000000000000e+00 0.000000000000000000e+00 0.000000000000000000e+00 0.000000000000000000e+00 8.722528810814685063e-02 1.266556648343163463e-02 1.485423482880279811e-01 7.389891982476324249e-03 1.270595518859192474e-01 9.972364773764516924e-03 0.000000000000000000e+00 6.922252763324571352e-03 0.000000000000000000e+00 0.000000000000000000e+00 9.988377236707521312e-02
0.000000000000000000e+00 3.464310916223511949e-03 1.592415735123015597e-01 5.108283034731372213e-03 3.148778662200539535e-02 4.920536525203415140e-03 1.618529917260285722e-01 9.210484809561779451e-02 1.267082957329655757e-01 5.318088556198821704e-03 5.033754998905220135e-04 6.696126522922325741e-02 0.000000000000000000e+00 0.000000000000000000e+00 0.000000000000000000e+00 2.116818412460830592e-02 0.000000000000000000e+00 0.000000000000000000e+00 3.569589249280145926e-02 0.000000000000000000e+00 0.000000000000000000e+00 0.000000000000000000e+00 1.587805807398113556e-01 2.732689126136041667e-03 1.239512980662530600e-01
8.610123186896380398e-02 1.340859903777510314e-03 2.790983814139881558e-02 0.000000000000000000e+00 9.924999200201350957e-02 3.918481985406641749e-02 1.201193752736884057e-01 2.703396346691741212e-02 9.169310541211342369e-02 4.891005756240941749e-02 0.000000000000000000e+00 5.843305634023444883e-02 0.000000000000000000e+00 8.527957481539408247e-03 1.580647338028856874e-01 0.000000000000000000e+00 0.000000000000000000e+00 0.000000000000000000e+00 6.118963924264805843e-02 1.315812312707763565e-05 2.667749382954348603e-02 7.968148588444059204e-07 0.000000000000000000e+00 0.000000000000000000e+00 1.455499208798143318e-01
0.000000000000000000e+00 4.454445087329816574e-03 1.018018593545742673e-01 0.000000000000000000e+00 2.450068159979691337e-02 1.081841571397323953e-01 5.427848407135460462e-02 9.527637379214098923e-02 2.145441975889979952e-02 1.100290655883694041e-01 0.000000000000000000e+00 1.267973315984117777e-01 0.000000000000000000e+00 2.027769588982248142e-02 2.015149397256428554e-02 1.113196203476171653e-02 2.353228152388861689e-03 1.699494729330839476e-02 8.314647944603550944e-02 2.092980332080863690e-02 0.000000000000000000e+00 1.176087042041807362e-01 5.123837348641032069e-04 9.810771468054247518e-03 5.030571249260105959e-02
0.000000000000000000e+00 0.000000000000000000e+00 9.662641041253781926e-02 3.352994044964533165e-04 3.903280302570445032e-02 0.000000000000000000e+00 1.545460432459970224e-01 1.003543424439094639e-01 2.676372887636750339e-02 2.559881211367917575e-02 0.000000000000000000e+00 2.750750512411058793e-02 0.000000000000000000e+00 0.000000000000000000e+00 3.836085181164999164e-02 0.000000000000000000e+00 1.634253758671499329e-02 8.937844955411682404e-03 1.293546132705278850e-01 0.000000000000000000e+00 2.097182081541979631e-02 2.336861319331924244e-02 1.322423292477047652e-01 3.487658922464886737e-04 1.593076785802026718e-01
2.968290598469099963e-03 0.000000000000000000e+00 1.218670940691881921e-01 5.866850328264906766e-02 4.134627790000857533e-02 1.897500849354002150e-01 1.167968490877331900e-01 3.246407041206127858e-02 6.297556666175162070e-03 1.314726248409065490e-01 0.000000000000000000e+00 0.000000000000000000e+00 0.000000000000000000e+00 0.000000000000000000e+00 1.184746516549119166e-01 4.396332034706045520e-03 1.621337457544511085e-02 0.000000000000000000e+00 1.372022583184150935e-01 2.039008403208820638e-03 0.000000000000000000e+00 1.075923403362001769e-02 0.000000000000000000e+00 0.000000000000000000e+00 9.283789187101624749e-03
0.000000000000000000e+00 2.937223711960199220e-03 3.952948710276927430e-02 5.033749143910793561e-04 7.320615377782526551e-03 0.000000000000000000e+00 1.331730267203870277e-01 1.488658412885986992e-01 1.060618323959672815e-01 6.305103833792291557e-02 0.000000000000000000e+00 5.692224867463888116e-03 4.023443888902454926e-03 0.000000000000000000e+00 1.428145358760382067e-01 4.594791156245112140e-02 3.548020728237471361e-02 1.456213281407826333e-03 1.316159854185053046e-01 0.000000000000000000e+00 0.000000000000000000e+00 9.308148110659057728e-02 3.844555686648686715e-02 0.000000000000000000e+00 0.000000000000000000e+00
3.817291937181985229e-03 0.000000000000000000e+00 0.000000000000000000e+00 0.000000000000000000e+00 0.000000000000000000e+00 1.491496565122912288e-01 1.596225214503644851e-01 1.390729637276674202e-01 0.000000000000000000e+00 0.000000000000000000e+00 0.000000000000000000e+00 6.236069341359009970e-03 5.932211358902639113e-03 5.390491216565465073e-03 1.930723936038860888e-01 2.629210322748240167e-02 0.000000000000000000e+00 0.000000000000000000e+00 3.234721973340110024e-02 0.000000000000000000e+00 1.364978715445135191e-03 0.000000000000000000e+00 6.284261330360997599e-02 2.407854334206767713e-02 1.907809425297754824e-01
7.371871599765216984e-03 0.000000000000000000e+00 0.000000000000000000e+00 9.904025786615448801e-02 0.000000000000000000e+00 0.000000000000000000e+00 1.483911489601901466e-02 5.064135150380465189e-02 2.637270199134859883e-02 3.101769592293038280e-01 0.000000000000000000e+00 4.277995740230079204e-03 2.132915114016617313e-03 2.629175293105271479e-03 1.396699327831215920e-01 1.125555572432774265e-01 3.108478980825058954e-02 0.000000000000000000e+00 1.303277942927659645e-02 1.033535567295443616e-02 0.000000000000000000e+00 6.324227381354434983e-03 0.000000000000000000e+00 0.000000000000000000e+00 1.695150144480171150e-01
