0.000000000000000000e+00 9.830572720010916088e-02 9.696087563723905164e-03 4.154257844048851733e-02 1.382801064434759919e-01 0.000000000000000000e+00 0.000000000000000000e+00 3.161037515610122962e-03 0.000000000000000000e+00 3.566334103071358412e-04 2.034710992974882345e-03 9.773107307223614232e-03 1.104132132971726195e-02 1.866615755917891504e-03 2.957104408823060249e-01 0.000000000000000000e+00 3.714614766143484181e-02 0.000000000000000000e+00 0.000000000000000000e+00 0.000000000000000000e+00 2.917635537315863697e-02 1.261566554363765212e-02 0.000000000000000000e+00 5.880332117307238843e-02 2.504901434068418919e-01
0.000000000000000000e+00 1.114093998591361850e-01 0.000000000000000000e+00 0.000000000000000000e+00 0.000000000000000000e+00 1.301940099488673452e-01 6.545616316480842162e-03 7.840312777422560331e-02 4.226369970060674108e-02 3.531380789603508902e-02 0.000000000000000000e+00 1.737207330001769301e-02 3.302987663538518165e-02 1.326337698713556633e-02 2.261000798915974511e-02 0.000000000000000000e+00 1.489122261634329147e-01 2.822005462187922656e-02 0.000000000000000000e+00 0.000000000000000000e+00 0.000000000000000000e+00 0.000000000000000000e+00 1.528928550978018164e-01 1.755037510245460730e-01 4.066116685289999054e-03
0.000000000000000000e+00 3.051910010579387753e-02 0.000000000000000000e+00 8.956089451121228284e-02 4.582466658468696552e-02 0.000000000000000000e+00 1.074413129369574255e-01 1.521082800733045415e-01 0.000000000000000000e+00 2.859228397734456251e-02 5.155847858203936596e-02 5.387343175880463658e-02 0.000000000000000000e+00 4.533036841242339514e-03 9.368024586570021517e-02 0.000000000000000000e+00 1.439825877389784743e-02 3.021067886000169175e-03 1.932386513838507333e-02 1.922491053659401358e-02 0.000000000000000000e+00 0.000000000000000000e+00 1.378827563394020017e-01 1.484574100886346393e-01 0.000000000000000000e+00
1.429081116220752221e-02 1.346655637258604987e-01 3.863714566287453078e-02 0.000000000000000000e+00 0.000000000000000000e+00 0.000000000000000000e+00 0.000000000000000000e+00 1.282325769010688732e-01 1.156100440425065004e-02 2.940835632443799044e-02 0.000000000000000000e+00 2.891585789531197007e-02 0.000000000000000000e+00 0.000000000000000000e+00 2.374415818887611884e-01 0.000000000000000000e+00 4.601767351256220995e-02 0.000000000000000000e+00 2.221024678356131599e-02 0.000000000000000000e+00 0.000000000000000000e+00 1.688927256902068418e-03 1.338756039956338628e-01 1.544717373815730488e-01 1.858291310499417953e-02
0.000000000000000000e+00 0.000000000000000000e+00 0.000000000000000000e+00 5.966195529513234480e-02 0.000000000000000000e+00 3.696645672658083887e-02 1.667960594008761621e-01 0.000000000000000000e+00 1.364397414452859234e-03 7.489768095049265106e-02 0.000000000000000000e+00 2.051637877179132430e-01 7.155549661827609841e-03 0.000000000000000000e+00 1.765431877511025316e-01 0.000000000000000000e+00 1.315666031776703895e-02 4.424889374626831545e-02 4.125818842487941236e-03 0.000000000000000000e+00 1.034379973001932872e-02 4.577426507685250501e-03 1.178657724189184630e-02 1.608453256732798875e-01 2.236642302222203310e-02
0.000000000000000000e+00 1.361781717794912083e-01 0.000000000000000000e+00 8.871172600378352154e-04 7.152173908764005621e-04 0.000000000000000000e+00 2.634727398813196952e-01 1.503644730111509675e-01 4.260658132136080356e-03 1.315795899837313154e-01 0.000000000000000000e+00 2.198119327518463853e-02 0.000000000000000000e+00 0.000000000000000000e+00 2.316523837861559146e-02 4.217943555443249594e-03 2.048366373541636587e-02 0.000000000000000000e+00 4.971415578778846933e-02 0.000000000000000000e+00 0.000000000000000000e+00 2.858147561071210443e-02 1.489596477617059246e-02 0.000000000000000000e+00 1.495023974419254775e-01
2.566922854496981807e-02 4.824578799259202078e-02 0.000000000000000000e+00 1.686321395343774732e-02 1.285052900610438031e-01 6.207092974659555312e-03 5.245282264364983099e-02 5.318490289563169819e-03 0.000000000000000000e+00 1.335688361894272758e-01 4.258593320716908513e-03 7.484145299712345600e-02 1.307430242472565618e-01 1.904520076073479284e-02 2.590304184040441438e-02 3.980663828234572155e-02 7.104667450300543438e-04 3.322209109597816946e-03 2.831466963028013081e-02 0.000000000000000000e+00 1.652535621006893940e-02 0.000000000000000000e+00 1.759774320894935337e-02 4.514217665273655838e-02 1.769586643454120478e-01
0.000000000000000000e+00 1.079253451734641239e-01 0.000000000000000000e+00 0.000000000000000000e+00 2.550509565524696279e-02 0.000000000000000000e+00 3.428483760972727418e-02 9.675749724516485850e-02 0.000000000000000000e+00 1.352187528869014110e-01 4.394546491117226616e-02 3.844443686420472711e-02 1.840160839278466923e-02 0.000000000000000000e+00 2.052560845204915718e-01 0.000000000000000000e+00 1.485735761741071304e-01 0.000000000000000000e+00 0.000000000000000000e+00 0.000000000000000000e+00 0.000000000000000000e+00 0.000000000000000000e+00 9.721804487435253828e-02 4.670159651676274171e-02 1.767659175619882552e-03
6.680755631394752481e-02 2.978296409620033447e-02 0.000000000000000000e+00 1.807729441402930112e-02 1.134382490163391294e-01 0.000000000000000000e+00 1.360601096022825418e-01 5.540493111358447270e-02 3.199345160984137099e-02 0.000000000000000000e+00 0.000000000000000000e+00 0.000000000000000000e+00 1.680232793073581712e-02 0.000000000000000000e+00 1.696399471257697689e-01 0.000000000000000000e+00 1.084034063099088563e-01 5.604193730520218991e-02 3.368809888929198432e-03 0.000000000000000000e+00 6.330069612135879979e-03 0.000000000000000000e+00 2.431013811234412902e-02 1.562284955828900090e-01 7.310311965859564963e-03
0.000000000000000000e+00 0.000000000000000000e+00 1.772983211977843462e-02 1.785978821490698297e-03 2.171070064745367345e-02 0.000000000000000000e+00 2.805720285030423589e-01 1.606836526226568529e-01 7.715696291365621920e-03 1.315926193436594283e-01 0.000000000000000000e+00 1.905351556643815336e-01 5.959574430107294866e-03 0.000000000000000000e+00 2.311209731135946063e-02 1.094722934042276219e-02 1.005935359631293796e-01 7.157630976308860258e-04 0.000000000000000000e+00 0.000000000000000000e+00 0.000000000000000000e+00 0.000000000000000000e+00 0.000000000000000000e+00 4.634613584352161725e-02 0.000000000000000000e+00
0.000000000000000000e+00 5.941599519562521664e-02 9.528706791531246778e-02 6.277044835058342639e-03 5.584961047838393755e-02 0.000000000000000000e+00 1.926581027503218232e-02 1.304721153522083454e-01 0.000000000000000000e+00 0.000000000000000000e+00 0.000000000000000000e+00 1.301555640164201721e-01 4.692590612146083778e-02 0.000000000000000000e+00 2.664015759342619472e-01 9.601713869499810261e-03 4.506461513975889427e-03 1.374360114208055808e-03 9.662435306149935732e-03 1.383169652733242695e-02 0.000000000000000000e+00 1.578600561737641267e-02 1.097546334086069719e-01 2.399526626207358279e-02 1.436737257013417923e-03
0.000000000000000000e+00 2.744053742172907623e-02 4.495094026217173744e-02 1.168583746834460646e-01 1.343560429711374848e-01 0.000000000000000000e+00 3.476893033403327671e-02 5.744775527328704195e-02 2.136698264593760773e-03 1.540088818463951695e-02 0.000000000000000000e+00 0.000000000000000000e+00 0.000000000000000000e+00 0.000000000000000000e+00 1.535950264323208414e-01 0.000000000000000000e+00 0.000000000000000000e+00 1.307955581148583651e-03 3.020535785534809049e-03 5.075770556206130046e-02 5.752845470338031030e-03 0.000000000000000000e+00 1.007486227886845165e-01 2.514571409848738170e-01 0.000000000000000000e+00
0.000000000000000000e+00 1.262800351843662572e-01 1.938575725248518900e-02 2.752139842567821043e-02 0.000000000000000000e+00 8.296827956139646298e-02 9.616410867995991985e-02 1.617313369285352381e-02 5.172789018873166084e-02 4.874067298189196581e-03 0.000000000000000000e+00 2.152576179417582114e-01 1.158499729245699925e-02 0.000000000000000000e+00 0.000000000000000000e+00 1.616120689821834086e-02 3.237002405937296906e-02 1.518699924443492506e-02 1.614183476999753453e-01 0.000000000000000000e+00 9.976388286315168719e-03 4.692561582356234023e-03 1.082571867114513059e-01 0.000000000000000000e+00 0.000000000000000000e+00
1.518219136498841736e-02 1.385517402949340560e-01 0.000000000000000000e+00 2.010741350948929904e-02 0.000000000000000000e+00 0.000000000000000000e+00 4.240078976212953432e-02 1.050937804632049860e-01 0.000000000000000000e+00 1.754465141984994647e-01 0.000000000000000000e+00 0.000000000000000000e+00 3.237321152305490304e-03 0.000000000000000000e+00 1.823897272501535383e-01 6.604447156954813131e-03 0.000000000000000000e+00 2.165589866859852445e-03 1.626344323003236225e-01 0.000000000000000000e+00 0.000000000000000000e+00 0.000000000000000000e+00 1.240582848370110625e-01 2.212776784314594500e-02 0.000000000000000000e+00
8.255514121770753458e-03 1.529233939671312270e-01 5.181276039266366484e-02 1.172253295653787331e-01 1.020647390590499887e-01 0.000000000000000000e+00 6.596126865471733935e-02 1.057636971718379088e-01 0.000000000000000000e+00 2.227835322802886389e-02 0.000000000000000000e+00 8.103906272578247430e-03 0.000000000000000000e+00 0.000000000000000000e+00 3.959143729892309477e-02 1.248443221634620718e-03 0.000000000000000000e+00 0.000000000000000000e+00 5.765799666883560798e-02 4.740821943090923335e-02 0.000000000000000000e+00 3.893220641553690048e-02 1.451803033137514555e-02 6.383172749746348663e-03 1.598715314498823925e-01
0.000000000000000000e+00 0.000000000000000000e+00 0.000000000000000000e+00 0.000000000000000000e+00 0.000000000000000000e+00 4.720466054420300456e-02 2.594584647822874013e-01 1.535290630394005873e-01 0.000000000000000000e+00 0.000000000000000000e+00 0.000000000000000000e+00 1.529470208626454719e-01 0.000000000000000000e+00 0.000000000000000000e+00 1.474104668434809105e-02 0.000000000000000000e+00 1.262368724720074609e-01 1.761926817898484821e-02 1.763804168513583848e-01 3.375073020088304593e-02 0.000000000000000000e+00 0.000000000000000000e+00 1.813245638388178912e-02 0.000000000000000000e+00 0.000000000000000000e+00
1.773487453310624087e-02 8.659761031659539421e-02 4.477250839668059368e-02 6.927642119157743916e-02 1.660278545805419226e-01 3.015074560976058107e-03 2.999918984192216642e-02 3.621103520277042104e-02 0.000000000000000000e+00 5.490060406882799754e-02 1.670115623328809543e-02 1.738345126715112876e-02 1.716573909682247989e-02 5.728536574374516917e-03 1.137684457105481439e-01 0.000000000000000000e+00 4.740509114949447572e-02 0.000000000000000000e+00 0.000000000000000000e+00 1.029822226536444979e-01 1.217251114749570663e-03 0.000000000000000000e+00 4.482126055553990567e-03 3.561693166507551994e-02 1.290138757862993590e-01
0.000000000000000000e+00 1.091594439176525877e-01 0.000000000000000000e+00 0.000000000000000000e+00 2.279178259346465243e-02 5.120772321648790933e-03 1.152476031659091238e-01 1.668704669378943128e-01 0.000000000000000000e+00 6.862284702086789145e-02 0.000000000000000000e+00 3.050960391548770273e-02 9.839747845738773535e-02 0.000000000000000000e+00 6.314550756835582423e-02 0.000000000000000000e+00 9.021666883301035500e-02 0.000000000000000000e+00 1.644798965084438014e-01 1.814670147206657561e-04 0.000000000000000000e+00 0.000000000000000000e+00 5.687318528387495103e-02 0.000000000000000000e+00 8.383276461281660707e-03
0.000000000000000000e+00 1.267949743054744838e-01 3.021985579975913685e-03 1.131872877412969276e-02 0.000000000000000000e+00 0.000000000000000000e+00 1.026260788656360445e-01 2.083494318291546354e-01 0.000000000000000000e+00 2.317317880992409221e-02 1.541209099438166537e-02 1.410980980942842800e-01 1.322275426224212881e-02 2.024290297185745574e-02 1.225599526413374829e-01 0.000000000000000000e+00 0.000000000000000000e+00 4.492964048013935174e-02 1.248932362799648130e-02 0.000000000000000000e+00 2.123593962106314070e-02 7.539673702576210783e-06 0.000000000000000000e+00 0.000000000000000000e+00 1.335173794687005977e-01
1.539793502687044138e-02 1.572931813633624692e-02 0.000000000000000000e+00 0.000000000000000000e+00 1.226918365782580242e-03 0.000000000000000000e+00 1.097746022097437213e-02 1.194680853364529644e-01 0.000000000000000000e+00 1.581366024155819727e-01 0.000000000000000000e+00 1.273562724574246463e-01 5.302904421731444162e-02 0.000000000000000000e+00 1.694418440008542415e-01 1.872321706035988756e-02 8.837118288657472634e-03 0.000000000000000000e+00 0.000000000000000000e+00 2.075461091114451286e-03 4.503645880252118983e-02 8.434676022203729806e-02 0.000000000000000000e+00 3.744474367767208073e-02 1.327727606800456484e-01
0.000000000000000000e+00 1.521935930166910117e-02 0.000000000000000000e+00 0.000000000000000000e+00 1.243925597012428275e-01 0.000000000000000000e+00 4.275730686789173951e-02 1.516796974306107437e-01 0.000000000000000000e+00 9.432253292836392800e-02 1.891113867052933786e-02 1.803536410216524666e-02 0.000000000000000000e+00 5.234511453124508773e-02 1.739198565176879596e-01 1.499350296579751891e-02 1.171460184747161876e-01 1.147812728467213078e-02 3.949301725624217510e-03 8.522324793442258295e-02 0.000000000000000000e+00 8.917328671034710844e-03 1.103159567426560510e-02 5.567794721806100522e-02 0.000000000000000000e+00
0.000000000000000000e+00 1.825565830406256779e-02 9.355084159625676188e-02 2.111604952328659940e-02 3.117814586026768087e-02 0.000000000000000000e+00 3.769797824689456039e-02 5.174794849079765620e-04 2.074594159675197461e-02 1.717587610469095138e-01 0.000000000000000000e+00 1.574663362276378098e-01 1.188694838524560760e-02 0.000000000000000000e+00 2.508019781163108308e-01 0.000000000000000000e+00 8.457457924595589149e-03 1.628383747471547419e-02 7.776621038498741575e-03 4.551266672222239670e-03 2.031763870655297483e-02 0.000000000000000000e+00 1.597713904394209216e-03 3.308618377548522282e-02 9.295316211500376236e-02
9.976947093862192917e-02 4.124905396752449882e-02 0.000000000000000000e+00 0.000000000000000000e+00 1.259687576994097113e-01 0.000000000000000000e+00 2.972503618727742603e-01 2.926549442117726187e-03 0.000000000000000000e+00 0.000000000000000000e+00 0.000000000000000000e+00 0.000000000000000000e+00 0.000000000000000000e+00 5.196510394851566045e-03 1.537352941092128555e-01 1.923634652496360176e-02 0.000000000000000000e+00 2.920200708542961682e-02 1.606618550577841864e-01 0.000000000000000000e+00 8.795281867735416786e-03 0.000000000000000000e+00 2.194348731602455138e-02 3.406502372355013630e-02 0.000000000000000000e+00
0.000000000000000000e+00 1.400504927127447230e-01 2.680761493857696659e-02 1.346351931399888957e-01 8.461474482293199206e-02 2.205688506661263038e-02 1.102024008003309880e-01 1.235690937202877787e-01 0.000000000000000000e+00 1.000566118133682514e-01 0.000000000000000000e+00 0.000000000000000000e+00 0.000000000000000000e+00 0.000000000000000000e+00 4.329506427933796364e-02 0.000000000000000000e+00 0.000000000000000000e+00 0.000000000000000000e+00 1.617785144373443951e-01 0.000000000000000000e+00 0.000000000000000000e+00 0.000000000000000000e+00 6.893767060944050451e-03 4.486762517071945372e-02 1.171992036811919354e-03
3.668365181320428631e-02 1.156069325088244920e-01 9.008807584570567920e-03 5.811406618251884447e-03 5.174409409272747590e-02 1.924586594481221893e-02 2.331399051997902483e-02 1.278102577355402260e-02 9.272793763537724027e-03 6.988530874985542964e-03 0.000000000000000000e+00 1.359201910095608201e-01 4.898606481406068969e-02 0.000000000000000000e+00 1.300826633100068686e-01 0.000000000000000000e+00 1.100184804577577363e-01 9.068364228927748572e-02 0.000000000000000000e+00 6.918560317048481900e-03 1.229811519666595791e-02 0.000000000000000000e+00 1.216988464015496176e-03 3.710908020598598089e-02 1.363091144411733013e-01
0.000000000000000000e+00 1.279110466205473917e-01 0.000000000000000000e+00 1.478310953445151170e-02 8.122465837738688035e-03 2.534628189293105724e-02 0.000000000000000000e+00 1.418725545049153436e-01 0.000000000000000000e+00 7.959645569108610152e-02 1.548315641732494596e-03 2.774825976281267148e-01 1.448871719747986918e-03 3.349981404326320394e-03 1.361456296969265622e-01 1.514337281988437263e-02 1.157630392044158366e-02 0.000000000000000000e+00 0.000000000000000000e+00 0.000000000000000000e+00 0.000000000000000000e+00 0.000000000000000000e+00 1.793364870308624900e-04 1.080683104445774936e-02 1.446868455556552802e-01
0.000000000000000000e+00 1.173921662690054074e-01 4.815113449370365950e-02 3.244131586080305739e-03 1.220232746932932953e-02 2.850786694622925270e-03 2.092790639840702849e-01 0.000000000000000000e+00 0.000000000000000000e+00 4.485906596946197950e-02 0.000000000000000000e+00 1.503547430096539017e-01 0.000000000000000000e+00 0.000000000000000000e+00 1.609663116124094850e-01 0.000000000000000000e+00 4.243275202018820247e-02 0.000000000000000000e+00 0.000000000000000000e+00 0.000000000000000000e+00 0.000000000000000000e+00 1.171744618181970628e-02 0.000000000000000000e+00 1.855069425335590105e-01 1.104312817609568245e-02
0.000000000000000000e+00 3.324715179356760308e-02 1.194952701436325371e-01 0.000000000000000000e+00 5.685693902357957796e-02 1.948270195535559829e-02 1.145067198649944856e-01 0.000000000000000000e+00 1.062888380785277989e-02 8.968147627795160573e-03 0.000000000000000000e+00 1.406528410981545685e-01 4.773721497205373615e-02 1.256122786613554816e-02 1.421543279534930593e-01 0.000000000000000000e+00 9.276225306684743321e-02 1.190229459583510077e-02 6.660827377913056124e-02 0.000000000000000000e+00 0.000000000000000000e+00 0.000000000000000000e+00 1.200611705506130916e-01 0.000000000000000000e+00 2.374581900959072712e-03
0.000000000000000000e+00 0.000000000000000000e+00 1.863327210530801858e-02 2.423419023629702802e-03 1.902725501960341944e-02 0.000000000000000000e+00 0.000000000000000000e+00 3.874650440839828153e-02 0.000000000000000000e+00 2.740791535795346692e-03 9.230417839161795049e-03 1.975497868638868004e-01 4.900621464376363895e-02 0.000000000000000000e+00 1.825190455318378424e-01 0.000000000000000000e+00 0.000000000000000000e+00 2.803886198958453757e-02 1.780696694931736129e-02 0.000000000000000000e+00 0.000000000000000000e+00 0.000000000000000000e+00 2.738434412315541855e-01 1.604340228581591921e-01 0.000000000000000000e+00
0.000000000000000000e+00 1.555500510973836237e-01 0.000000000000000000e+00 1.140813492225157821e-01 1.150818467294794367e-01 0.000000000000000000e+00 1.685083429678836675e-02 0.000000000000000000e+00 0.000000000000000000e+00 0.000000000000000000e+00 0.000000000000000000e+00 6.063319655813039465e-03 4.072702075337470459e-05 0.000000000000000000e+00 2.130812265399532612e-01 0.000000000000000000e+00 3.312109243284053900e-02 0.000000000000000000e+00 6.814960339477398564e-03 2.277140579045237086e-03 0.000000000000000000e+00 3.935513215852499969e-02 7.629435322380903606e-02 2.206161137833975161e-01 7.718529202182320813e-04
0.000000000000000000e+00 1.155118540033214375e-01 1.534922168980767422e-02 0.000000000000000000e+00 1.283410698731817824e-02 1.370954519965511542e-01 1.524497312578656782e-01 0.000000000000000000e+00 5.505889885927104819e-04 1.839036407814436302e-04 0.000000000000000000e+00 2.658793804994572518e-01 0.000000000000000000e+00 0.000000000000000000e+00 6.733244050202000230e-02 0.000000000000000000e+00 1.758909229889479842e-02 0.000000000000000000e+00 1.632174051502620626e-01 2.245104984217205502e-03 0.000000000000000000e+00 0.000000000000000000e+00 2.501272238640236956e-02 0.000000000000000000e+00 2.474899561450802712e-02
1.171868912188128806e-03 1.454165637934121819e-02 0.000000000000000000e+00 2.887209651331981708e-02 8.274260403007538400e-02 7.995409853205881490e-02 7.666383504475920985e-02 1.336287618483318063e-01 0.000000000000000000e+00 4.621272337704451262e-03 1.156969968802890741e-01 7.049686792267735591e-02 0.000000000000000000e+00 0.000000000000000000e+00 8.402968081557833646e-02 0.000000000000000000e+00 3.274919855609941238e-03 7.458022144806407405e-02 0.000000000000000000e+00 9.483879918708851275e-02 0.000000000000000000e+00 0.000000000000000000e+00 0.000000000000000000e+00 1.348863202929137528e-01 0.000000000000000000e+00
0.000000000000000000e+00 0.000000000000000000e+00 0.000000000000000000e+00 9.758181830522771882e-02 1.032805324027508270e-01 1.045264317893403357e-02 0.000000000000000000e+00 3.838217776740162485e-02 0.000000000000000000e+00 0.000000000000000000e+00 0.000000000000000000e+00 9.485822245889004301e-02 0.000000000000000000e+00 3.778935988492623105e-02 2.202814475356132118e-01 5.083939697683030612e-02 0.000000000000000000e+00 2.255756543894046201e-02 1.760089904211970813e-01 0.000000000000000000e+00 0.000000000000000000e+00 1.679959581037941685e-02 6.345513043238962259e-02 2.907734836990067545e-02 3.863577101661861551e-02
0.000000000000000000e+00 0.000000000000000000e+00 0.000000000000000000e+00 0.000000000000000000e+00 1.107116317795249633e-01 0.000000000000000000e+00 7.490956595081606391e-03 0.000000000000000000e+00 0.000000000000000000e+00 1.231109954836251269e-01 0.000000000000000000e+00 0.000000000000000000e+00 0.000000000000000000e+00 0.000000000000000000e+00 2.730333073990518500e-01 0.000000000000000000e+00 1.362966906010577017e-01 0.000000000000000000e+00 0.000000000000000000e+00 0.000000000000000000e+00 0.000000000000000000e+00 2.558212876440399668e-03 1.730446539729471322e-01 1.737535512922712688e-01 0.000000000000000000e+00
0.000000000000000000e+00 1.428196742197435642e-01 0.000000000000000000e+00 0.000000000000000000e+00 3.551113019023254685e-02 3.369754742967814160e-02 3.105106420494737826e-03 4.775573700382804848e-02 0.000000000000000000e+00 9.311640154951936199e-02 0.000000000000000000e+00 2.410915349252244488e-01 0.000000000000000000e+00 3.623464901939376769e-03 1.865772859646991355e-01 0.000000000000000000e+00 3.405287850020990992e-02 0.000000000000000000e+00 0.000000000000000000e+00 0.000000000000000000e+00 0.000000000000000000e+00 0.000000000000000000e+00 0.000000000000000000e+00 1.562948744873595142e-01 2.235436440707115960e-02
1.168567044323032614e-02 1.488056527188381106e-01 1.168721382703877265e-02 0.000000000000000000e+00 3.661005295957135697e-02 2.799695355126066709e-02 2.915341132085337138e-03 0.000000000000000000e+00 3.103491480387614299e-02 8.730409281258545706e-02 2.118484284818725888e-02 1.977301356404690888e-02 1.287723458281076969e-02 0.000000000000000000e+00 2.369102403652776911e-01 7.323765624778079408e-02 6.268652888796950873e-02 1.235541443902587588e-03 3.914169794481717896e-02 0.000000000000000000e+00 0.000000000000000000e+00 0.000000000000000000e+00 2.254926284252800096e-03 0.000000000000000000e+00 1.726584255824683001e-01
0.000000000000000000e+00 6.236584255097397944e-02 0.000000000000000000e+00 2.641403366545523254e-02 1.927661843476733694e-01 0.000000000000000000e+00 1.435165531818475559e-01 8.042685628239275297e-02 3.424427324997372790e-02 5.436083447853231471e-03 0.000000000000000000e+00 1.444208388456795500e-01 0.000000000000000000e+00 0.000000000000000000e+00 3.741736911168214857e-02 0.000000000000000000e+00 1.572501910992320923e-02 0.000000000000000000e+00 0.000000000000000000e+00 0.000000000000000000e+00 0.000000000000000000e+00 7.426902150262572767e-04 9.934607998659701622e-02 1.571781760049220100e-01 0.000000000000000000e+00
0.000000000000000000e+00 1.530363055251997839e-01 0.000000000000000000e+00 9.847648012448922961e-02 0.000000000000000000e+00 0.000000000000000000e+00 8.542552024391154852e-02 0.000000000000000000e+00 0.000000000000000000e+00 1.752100862786261024e-02 0.000000000000000000e+00 9.770509507617394784e-02 0.000000000000000000e+00 0.000000000000000000e+00 1.842806321154564220e-01 0.000000000000000000e+00 0.000000000000000000e+00 0.000000000000000000e+00 5.558392573371772477e-02 0.000000000000000000e+00 0.000000000000000000e+00 0.000000000000000000e+00 1.473242838967377122e-01 1.594688228146629305e-01 1.177925841788116448e-03
0.000000000000000000e+00 1.096532707721337291e-01 0.000000000000000000e+00 0.000000000000000000e+00 1.847811792364789998e-02 6.419353357024229489e-02 2.929995682715507560e-02 2.311565593900522311e-02 1.683970204653113117e-02 7.012533798872602232e-03 2.890604339305934134e-02 2.222138999291137784e-01 2.618384189008174379e-02 1.485370825014853922e-02 9.639581256998677045e-03 0.000000000000000000e+00 0.000000000000000000e+00 1.509364968712365029e-02 1.460849703508503017e-01 0.000000000000000000e+00 1.139032580405681047e-02 0.000000000000000000e+00 9.516729517807104299e-02 1.418210125615807123e-02 1.476918121267500050e-01
0.000000000000000000e+00 2.225960634628512125e-01 5.343271775032550075e-02 0.000000000000000000e+00 1.494392032281345768e-02 2.026621930770188679e-02 1.639351104345774524e-01 2.090092840950703856e-02 9.534643200933059018e-03 1.161617265678130811e-01 9.070521579245767463e-03 8.029896003051545383e-02 1.360295653068022310e-02 0.000000000000000000e+00 1.493756003597953089e-02 0.000000000000000000e+00 0.000000000000000000e+00 0.000000000000000000e+00 1.316923467315185281e-01 0.000000000000000000e+00 0.000000000000000000e+00 2.561019212062662451e-03 0.000000000000000000e+00 0.000000000000000000e+00 1.260653064234749932e-01
8.726003438709085958e-04 1.424955277839863033e-01 4.173542814454399980e-02 0.000000000000000000e+00 6.729225284465537027e-02 0.000000000000000000e+00 6.171282706289060033e-02 5.940054450442047024e-02 0.000000000000000000e+00 1.316039967834622404e-01 1.872397072198916587e-02 1.276499962633947660e-01 3.187838320208877946e-02 0.000000000000000000e+00 1.676939145042035950e-01 7.163531054199093022e-03 8.784684426107480792e-02 4.220021625140966785e-03 3.083492439351374209e-02 8.579205329366890002e-04 0.000000000000000000e+00 1.801731597362845466e-02 0.000000000000000000e+00 0.000000000000000000e+00 0.000000000000000000e+00
0.000000000000000000e+00 0.000000000000000000e+00 8.001109071719376964e-02 1.983892593036596166e-02 2.170726890747828788e-03 0.000000000000000000e+00 1.868017265360345444e-02 7.979861660842512208e-03 0.000000000000000000e+00 4.583808246381208817e-02 1.233598017925990886e-02 1.987708385059259453e-01 5.762302292618980658e-03 7.724338299832214476e-03 2.692100651656633148e-01 0.000000000000000000e+00 0.000000000000000000e+00 7.501746341303403010e-02 0.000000000000000000e+00 0.000000000000000000e+00 7.067246827867216738e-03 0.000000000000000000e+00 1.692873252786914751e-01 3.068914964887014402e-02 4.961643007167118591e-02
0.000000000000000000e+00 8.638244328205221811e-02 4.367344919681991761e-02 4.303487171770781217e-02 0.000000000000000000e+00 1.774922479214458351e-02 3.049161341630272914e-02 9.063523411946172031e-03 0.000000000000000000e+00 1.289066319105199587e-01 0.000000000000000000e+00 2.015390207976668416e-02 0.000000000000000000e+00 0.000000000000000000e+00 1.650088718818929490e-01 0.000000000000000000e+00 0.000000000000000000e+00 0.000000000000000000e+00 1.911991755860082132e-01 0.000000000000000000e+00 0.000000000000000000e+00 0.000000000000000000e+00 2.358466858540733124e-01 2.848960687076534590e-02 0.000000000000000000e+00
9.555793732705672103e-03 8.817485218826397186e-02 1.256308440263457886e-03 4.575500016844562777e-03 8.757721998632689991e-03 6.234879143526037004e-03 9.682784436531768901e-02 9.037338864507037106e-02 8.492820585774808750e-02 1.057938767040107336e-01 2.650399352488615190e-02 1.512277848103353584e-01 1.345692317775150533e-02 1.053512640240934252e-02 5.613148072034625929e-02 0.000000000000000000e+00 0.000000000000000000e+00 5.463400647240070768e-03 0.000000000000000000e+00 0.000000000000000000e+00 3.439039083625478055e-02 4.642807963281501971e-03 0.000000000000000000e+00 1.692694751658124427e-02 1.842427733085304498e-01
0.000000000000000000e+00 0.000000000000000000e+00 0.000000000000000000e+00 0.000000000000000000e+00 1.710970090806446589e-02 0.000000000000000000e+00 9.764612604641653704e-02 1.361845793994149456e-01 8.931249732268913000e-02 9.735963373157031919e-02 1.386219008201069504e-02 1.051315639892985154e-01 0.000000000000000000e+00 1.822058258551011861e-02 3.803229216572340948e-02 0.000000000000000000e+00 0.000000000000000000e+00 1.355678055140698002e-02 1.856618129941460527e-01 0.000000000000000000e+00 0.000000000000000000e+00 0.000000000000000000e+00 1.498105021730905539e-01 3.811173805065829617e-02 0.000000000000000000e+00
