0.000000000000000000e+00 1.105653097455653877e-01 0.000000000000000000e+00 8.098237173721581361e-02 1.266847714276122562e-02 1.614731125764959085e-01 8.392283216565987747e-03 0.000000000000000000e+00 1.247935472131125462e-01 0.000000000000000000e+00 0.000000000000000000e+00 1.635615851442399349e-01 1.144471949624323304e-01 0.000000000000000000e+00 1.229807596791160883e-02 0.000000000000000000e+00 0.000000000000000000e+00 1.738771667383370023e-01 3.694087555536208767e-02 0.000000000000000000e+00
6.326406956071965737e-02 0.000000000000000000e+00 1.110664594602953498e-01 1.809731292556784887e-02 0.000000000000000000e+00 3.180344512019038505e-02 3.814863445366391964e-02 1.585167249603166018e-01 1.254542744110289654e-01 7.464783972366691167e-02 0.000000000000000000e+00 1.611567820838051279e-01 8.133002243077622608e-05 6.685644697943961268e-02 1.550179774148400386e-02 0.000000000000000000e+00 2.199272467595808633e-02 1.099038011738504572e-01 3.508356707582280330e-03 0.000000000000000000e+00
1.518055653300739716e-01 0.000000000000000000e+00 3.318746248138482874e-02 1.773697944014762384e-01 8.860669873656877582e-02 3.295299035453767150e-02 5.576955463731148727e-02 5.657146374104904396e-02 2.803250907191774319e-02 0.000000000000000000e+00 0.000000000000000000e+00 0.000000000000000000e+00 0.000000000000000000e+00 0.000000000000000000e+00 0.000000000000000000e+00 0.000000000000000000e+00 0.000000000000000000e+00 1.387773882116849489e-01 2.261951175176120932e-01 1.073145551638325645e-02
8.033489531644011361e-02 7.300729322830062928e-02 8.559812222069626553e-02 0.000000000000000000e+00 0.000000000000000000e+00 2.881414395363351283e-02 2.526640439205926625e-02 5.187202866079623081e-02 1.522728342396938994e-01 0.000000000000000000e+00 0.000000000000000000e+00 1.464992617886457238e-01 0.000000000000000000e+00 0.000000000000000000e+00 1.723062593289000077e-01 0.000000000000000000e+00 9.350406188133200333e-03 8.278825604248210568e-02 9.189009464021928586e-02 0.000000000000000000e+00
1.095863701409517665e-01 1.884496004175878758e-01 1.127483255394341050e-01 5.933549140765020935e-02 0.000000000000000000e+00 3.351597097112286872e-02 0.000000000000000000e+00 0.000000000000000000e+00 0.000000000000000000e+00 0.000000000000000000e+00 0.000000000000000000e+00 1.579089554848376875e-01 9.411839652221606553e-03 0.000000000000000000e+00 0.000000000000000000e+00 0.000000000000000000e+00 0.000000000000000000e+00 2.617488828169871676e-02 1.584914517046036864e-01 1.443771063998914028e-01
1.423098560944450475e-01 1.748096618316664630e-01 0.000000000000000000e+00 2.498715607089607368e-02 0.000000000000000000e+00 2.043647895995657771e-01 8.581538664036015077e-03 1.402166002091399521e-01 1.612211492346913022e-01 0.000000000000000000e+00 0.000000000000000000e+00 1.435092482955594717e-01 0.000000000000000000e+00 0.000000000000000000e+00 0.000000000000000000e+00 0.000000000000000000e+00 0.000000000000000000e+00 0.000000000000000000e+00 0.000000000000000000e+00 0.000000000000000000e+00
3.220753725894472119e-02 1.105134510102093043e-01 0.000000000000000000e+00 1.454827200666258258e-01 0.000000000000000000e+00 1.320670391951883627e-01 5.125408333959948631e-02 6.771596251821715429e-02 8.323579215969904854e-02 0.000000000000000000e+00 0.000000000000000000e+00 1.420938292863062058e-01 5.241588131869304168e-02 0.000000000000000000e+00 0.000000000000000000e+00 5.978355907051528806e-03 0.000000000000000000e+00 1.057273971322556655e-01 4.789126265391509436e-03 6.651882454181817783e-02
0.000000000000000000e+00 0.000000000000000000e+00 2.943309659112353441e-02 1.301812036087197921e-01 9.117724746440690475e-02 2.139030528260602373e-02 0.000000000000000000e+00 2.388278442963108761e-01 6.054303094111881250e-02 0.000000000000000000e+00 0.000000000000000000e+00 1.615846444407524340e-01 0.000000000000000000e+00 0.000000000000000000e+00 0.000000000000000000e+00 0.000000000000000000e+00 6.136643440547007514e-03 1.344559413059433217e-01 1.083639134321871811e-01 1.790612919628403396e-02
1.062844900259086872e-01 3.403604055678478933e-03 0.000000000000000000e+00 2.222745534053603977e-01 1.616154655725439426e-01 0.000000000000000000e+00 0.000000000000000000e+00 3.267743333884148664e-03 2.117860195628053308e-03 0.000000000000000000e+00 9.726975982882785261e-04 2.074726291562042912e-01 0.000000000000000000e+00 0.000000000000000000e+00 0.000000000000000000e+00 2.443783148512049253e-02 0.000000000000000000e+00 3.340763177881293094e-02 2.074457014569335567e-01 2.729979193563663448e-02
1.129777427460166989e-01 0.000000000000000000e+00 3.359230032453113662e-02 3.033003311212560758e-03 1.217421940188018331e-01 1.135133208522580428e-01 2.841299238838057226e-02 1.582593812282146739e-01 3.743667372827579748e-02 3.344338822478321732e-02 0.000000000000000000e+00 2.735072430070821237e-01 0.000000000000000000e+00 0.000000000000000000e+00 0.000000000000000000e+00 0.000000000000000000e+00 0.000000000000000000e+00 0.000000000000000000e+00 0.000000000000000000e+00 8.408176017044340089e-02
5.555053311631590225e-03 1.696520973341487590e-02 0.000000000000000000e+00 2.050572166594344103e-01 7.076268310899554506e-03 1.495898401684996881e-01 0.000000000000000000e+00 0.000000000000000000e+00 3.684803557544648334e-02 4.351203501366213838e-03 4.482025919812152384e-03 1.269656652969128885e-01 1.394035895625598750e-02 0.000000000000000000e+00 2.642644673466000571e-02 0.000000000000000000e+00 1.166806201421095174e-01 1.771004169229205560e-01 1.089616387666359903e-01 0.000000000000000000e+00
1.347410908007606878e-01 0.000000000000000000e+00 4.199715893059554825e-03 7.526424696336394670e-04 8.015748079854867481e-02 2.435407257957471552e-02 0.000000000000000000e+00 1.879723763534335568e-01 1.155548194086568857e-02 0.000000000000000000e+00 0.000000000000000000e+00 2.852005070397026221e-01 0.000000000000000000e+00 0.000000000000000000e+00 1.172578766368895416e-02 0.000000000000000000e+00 8.665004690228799919e-03 1.646285152884608971e-01 6.105588504850411463e-02 2.499143943353814706e-02
3.187454702975445892e-02 0.000000000000000000e+00 0.000000000000000000e+00 0.000000000000000000e+00 7.156818617847407471e-02 1.455341436985712333e-01 0.000000000000000000e+00 1.676328074716271904e-02 2.855861463984245008e-01 6.183515164815910070e-02 0.000000000000000000e+00 1.663039112827965349e-01 0.000000000000000000e+00 7.156500674519700178e-02 2.512040363487882608e-02 0.000000000000000000e+00 0.000000000000000000e+00 1.109665364506070701e-01 1.288268618597457858e-02 0.000000000000000000e+00
7.847484091182542476e-02 1.415505206470111521e-01 1.185047262224612173e-02 1.953125932606778262e-02 0.000000000000000000e+00 1.474745299424120859e-01 1.126395451735605520e-02 4.112003916909098833e-02 0.000000000000000000e+00 2.583611340942911644e-02 0.000000000000000000e+00 2.697910869911419596e-01 9.439285635780551853e-02 0.000000000000000000e+00 1.267988881597882367e-01 0.000000000000000000e+00 2.703557034764380446e-02 4.879867598181697290e-03 0.000000000000000000e+00 0.000000000000000000e+00
6.725196898281544933e-02 0.000000000000000000e+00 4.596463290153870312e-02 8.614199671539066877e-03 4.694991140493233461e-02 1.142959323306361533e-02 0.000000000000000000e+00 9.073483740534590489e-03 2.119801107610449764e-01 4.249920655128257979e-02 0.000000000000000000e+00 2.454823413840606927e-01 8.852045238989196541e-02 0.000000000000000000e+00 1.662071816942533864e-01 0.000000000000000000e+00 0.000000000000000000e+00 1.887687260318892876e-02 0.000000000000000000e+00 3.715004468185378883e-02
9.472641528047613668e-02 0.000000000000000000e+00 2.566191708622871798e-02 1.836683919473833596e-02 0.000000000000000000e+00 1.330414367708094014e-01 0.000000000000000000e+00 3.511340106832092772e-02 1.494992055794423236e-01 0.000000000000000000e+00 0.000000000000000000e+00 1.658318583201447705e-01 0.000000000000000000e+00 0.000000000000000000e+00 0.000000000000000000e+00 0.000000000000000000e+00 0.000000000000000000e+00 1.515535260483417100e-02 1.907241811278460875e-01 1.718793929671590393e-01
2.524548687147583001e-02 0.000000000000000000e+00 3.534795155899769087e-02 0.000000000000000000e+00 9.291688968541002291e-02 3.017331544576782876e-01 0.000000000000000000e+00 2.993370671498761237e-01 1.022436995692914685e-01 0.000000000000000000e+00 0.000000000000000000e+00 2.875990177924020799e-02 0.000000000000000000e+00 0.000000000000000000e+00 0.000000000000000000e+00 0.000000000000000000e+00 0.000000000000000000e+00 0.000000000000000000e+00 1.144158489280304586e-01 0.000000000000000000e+00
5.795639459640062469e-02 1.104557822794681593e-01 0.000000000000000000e+00 0.000000000000000000e+00 1.288257017134131766e-01 2.010430673933251769e-02 0.000000000000000000e+00 7.409932366741890652e-02 4.335062111462360812e-02 0.000000000000000000e+00 0.000000000000000000e+00 2.704167241396047139e-01 2.431225760139855974e-02 0.000000000000000000e+00 1.878754754826492401e-01 0.000000000000000000e+00 0.000000000000000000e+00 0.000000000000000000e+00 0.000000000000000000e+00 8.260341266569054541e-02
1.352698786152107535e-01 5.112126899103904693e-02 0.000000000000000000e+00 1.778300557615772326e-01 0.000000000000000000e+00 0.000000000000000000e+00 0.000000000000000000e+00 0.000000000000000000e+00 1.765954587345097693e-01 0.000000000000000000e+00 0.000000000000000000e+00 3.792586708761183645e-02 0.000000000000000000e+00 2.301064102270390307e-02 2.121295735622561462e-01 0.000000000000000000e+00 0.000000000000000000e+00 1.583520081926849399e-01 2.620580437668111346e-03 2.514466759473819174e-02
2.586779305948683216e-02 1.141978041865437665e-01 3.590905267214868080e-02 0.000000000000000000e+00 1.365129784317255061e-02 1.388122624929466198e-01 0.000000000000000000e+00 6.237108249758239326e-02 6.350171659868726441e-03 0.000000000000000000e+00 0.000000000000000000e+00 1.156283449187271439e-01 5.257113194120928423e-03 0.000000000000000000e+00 0.000000000000000000e+00 7.411462610644271864e-03 0.000000000000000000e+00 1.473659671149701172e-02 1.725365845440155199e-01 2.872704336092454791e-01
0.000000000000000000e+00 0.000000000000000000e+00 5.873706283824189217e-02 1.420389403038449794e-01 0.000000000000000000e+00 1.254872455563963984e-01 0.000000000000000000e+00 2.968316433582125075e-02 0.000000000000000000e+00 4.579477223350746778e-02 6.746559832049153597e-03 2.410098575934895571e-01 0.000000000000000000e+00 0.000000000000000000e+00 1.914463333171508297e-01 0.000000000000000000e+00 0.000000000000000000e+00 0.000000000000000000e+00 3.604403566472253601e-02 1.230120283247759516e-01
0.000000000000000000e+00 0.000000000000000000e+00 9.004092489812531852e-02 7.305208336071965236e-02 9.724666775498215857e-03 4.790433764328573540e-02 0.000000000000000000e+00 2.081192208579658517e-02 1.580458778398791952e-01 0.000000000000000000e+00 0.000000000000000000e+00 1.810575596363545314e-01 2.134063581203290635e-02 2.786531263727078100e-02 0.000000000000000000e+00 0.000000000000000000e+00 0.000000000000000000e+00 1.646205207853664379e-02 2.462688949273140193e-01 1.074257323051864554e-01
1.832889669843414462e-02 0.000000000000000000e+00 5.086071021652489171e-02 1.641158639221652060e-01 1.649966804707687362e-01 1.344324504523782549e-01 0.000000000000000000e+00 5.305211218699019265e-02 2.748344990036642385e-02 0.000000000000000000e+00 0.000000000000000000e+00 0.000000000000000000e+00 0.000000000000000000e+00 0.000000000000000000e+00 0.000000000000000000e+00 0.000000000000000000e+00 0.000000000000000000e+00 0.000000000000000000e+00 2.565329570750612964e-01 1.301968790773109230e-01
2.290645075296792246e-02 1.448924054638195125e-01 1.434221471208086685e-01 0.000000000000000000e+00 0.000000000000000000e+00 1.804854830603419280e-01 0.000000000000000000e+00 4.834757200261484422e-02 1.042372935988418806e-02 1.876514151392572657e-03 0.000000000000000000e+00 5.789948480404150978e-03 0.000000000000000000e+00 0.000000000000000000e+00 0.000000000000000000e+00 4.412463600138091108e-02 0.000000000000000000e+00 1.789221909267884880e-01 2.188089226795968678e-01 0.000000000000000000e+00
1.699235198383435563e-01 0.000000000000000000e+00 1.323825540599776578e-02 1.311291253203787921e-01 3.314333694582229876e-03 0.000000000000000000e+00 4.701603128108529372e-02 4.998585276777051112e-02 1.226541969599892340e-01 0.000000000000000000e+00 8.561983069126268952e-04 0.000000000000000000e+00 3.814764827370479422e-03 0.000000000000000000e+00 1.057338150876689642e-01 0.000000000000000000e+00 0.000000000000000000e+00 5.963910306577222681e-02 1.104515091653411885e-01 1.822432942787871046e-01
8.184662583272857284e-02 9.948780902306698926e-02 4.831930645874110003e-02 0.000000000000000000e+00 0.000000000000000000e+00 0.000000000000000000e+00 2.381639178478697771e-02 3.122436404296851514e-02 2.540645133597076444e-01 1.170685496584846635e-01 0.000000000000000000e+00 0.000000000000000000e+00 0.000000000000000000e+00 9.735215781083254860e-02 0.000000000000000000e+00 0.000000000000000000e+00 0.000000000000000000e+00 8.897608657274748423e-02 1.485443092564987799e-01 9.299886199436769446e-03
0.000000000000000000e+00 2.437318468024073786e-02 8.725558837818846170e-02 1.551186242602373977e-01 7.461912931945735572e-02 6.871713563755735277e-02 0.000000000000000000e+00 5.509901846868334174e-02 0.000000000000000000e+00 0.000000000000000000e+00 0.000000000000000000e+00 2.137288864365364804e-01 0.000000000000000000e+00 0.000000000000000000e+00 1.714469398861370730e-01 0.000000000000000000e+00 0.000000000000000000e+00 1.112834137686967602e-02 4.568719418406886473e-02 9.282595737202334329e-02
2.060914141085986445e-02 6.486371272166259472e-02 2.420102021958772318e-02 6.880869659596507149e-02 0.000000000000000000e+00 5.368014273435343237e-02 2.598919626774537535e-03 6.738878263960369763e-02 1.549099840541184048e-01 1.023728761864911158e-01 0.000000000000000000e+00 1.211536436622819568e-01 0.000000000000000000e+00 0.000000000000000000e+00 0.000000000000000000e+00 0.000000000000000000e+00 0.000000000000000000e+00 9.690597313174863225e-02 1.700810086776513019e-01 5.242609833890166798e-02
7.583508088958596655e-03 9.586748569663684771e-02 0.000000000000000000e+00 2.661414240688939059e-02 2.382233483931206833e-02 1.627127100698012863e-01 1.308478957558267299e-02 0.000000000000000000e+00 7.741617741744669101e-02 7.753311783037697413e-02 1.739245622467072401e-03 2.631643451876597428e-01 5.716576222793490203e-02 0.000000000000000000e+00 0.000000000000000000e+00 0.000000000000000000e+00 0.000000000000000000e+00 1.679416069988515503e-01 2.535477403808224922e-02 0.000000000000000000e+00
3.248712946609374347e-02 0.000000000000000000e+00 4.139324524790156945e-02 1.282734947898923616e-01 0.000000000000000000e+00 0.000000000000000000e+00 0.000000000000000000e+00 1.436177659200448264e-01 2.084869697865426030e-01 0.000000000000000000e+00 0.000000000000000000e+00 9.215224033309191154e-02 0.000000000000000000e+00 0.000000000000000000e+00 1.941120365722137919e-01 6.105993984089365650e-04 0.000000000000000000e+00 3.178782112748261557e-02 0.000000000000000000e+00 1.270786973583274415e-01
0.000000000000000000e+00 2.046184820329413276e-02 0.000000000000000000e+00 1.472355322992279780e-01 1.637902988851745387e-02 0.000000000000000000e+00 0.000000000000000000e+00 1.365832218966890090e-02 1.471451339132228975e-01 3.356891786689038260e-02 0.000000000000000000e+00 2.647459417385830127e-01 0.000000000000000000e+00 0.000000000000000000e+00 2.030862059273923492e-01 0.000000000000000000e+00 0.000000000000000000e+00 1.271541100976261163e-01 0.000000000000000000e+00 2.656495787557665647e-02
2.140319155182938624e-02 0.000000000000000000e+00 0.000000000000000000e+00 1.588055942937089404e-01 0.000000000000000000e+00 2.419599227759050911e-02 2.544142472570367058e-03 1.372225915350296643e-01 1.064764262668915912e-01 0.000000000000000000e+00 6.124805128953820371e-02 1.688176374200804075e-01 0.000000000000000000e+00 0.000000000000000000e+00 0.000000000000000000e+00 0.000000000000000000e+00 0.000000000000000000e+00 0.000000000000000000e+00 2.549074570907454151e-01 6.437891580201562935e-02
7.500226771415578753e-02 0.000000000000000000e+00 0.000000000000000000e+00 0.000000000000000000e+00 0.000000000000000000e+00 0.000000000000000000e+00 0.000000000000000000e+00 0.000000000000000000e+00 1.893254863498220197e-01 7.914585916936262011e-02 0.000000000000000000e+00 1.748165015753877227e-01 0.000000000000000000e+00 0.000000000000000000e+00 0.000000000000000000e+00 0.000000000000000000e+00 0.000000000000000000e+00 1.639585173279527741e-01 2.453239728842978307e-01 7.242739497902132839e-02
2.785623442831639679e-02 5.580292899149378455e-02 1.490648408876371145e-03 5.655758832692160676e-02 3.820229127392434088e-02 1.450853444487562038e-01 0.000000000000000000e+00 0.000000000000000000e+00 1.436339442432717772e-01 9.089677656036566217e-03 0.000000000000000000e+00 2.612161938430246910e-01 1.416884964147843984e-01 7.528415366422980259e-02 0.000000000000000000e+00 0.000000000000000000e+00 0.000000000000000000e+00 4.409249830036394979e-02 0.000000000000000000e+00 0.000000000000000000e+00
1.051815388540236346e-01 6.633724269304409893e-02 0.000000000000000000e+00 1.216033756292164009e-01 1.251108193457045777e-02 0.000000000000000000e+00 0.000000000000000000e+00 0.000000000000000000e+00 1.396464783868112403e-01 0.000000000000000000e+00 0.000000000000000000e+00 1.574567165882676534e-01 0.000000000000000000e+00 0.000000000000000000e+00 2.978585045733688277e-02 0.000000000000000000e+00 0.000000000000000000e+00 1.233986719587044402e-02 2.187057913610930826e-01 1.364320568997662297e-01
