0.000000000000000000e+00 0.000000000000000000e+00 2.541001146067192393e-02 0.000000000000000000e+00 2.349359266400450480e-02 0.000000000000000000e+00 1.033706942605748524e-01 0.000000000000000000e+00 0.000000000000000000e+00 0.000000000000000000e+00 4.752004411421094018e-03 1.793200982891181641e-02 0.000000000000000000e+00 8.054952967712464620e-03 1.829707509129599174e-01 1.606264195583045895e-02 7.563349248839408567e-02 1.293972375899354599e-01 8.582694668497678481e-02 1.311601333443141448e-01 8.746303774944662671e-03 0.000000000000000000e+00 0.000000000000000000e+00 3.839096369086495569e-02 1.487982639644828131e-01
0.000000000000000000e+00 0.000000000000000000e+00 3.225990431241119397e-03 0.000000000000000000e+00 1.270667246018104268e-01 3.026682058382368107e-03 5.849552999272757473e-03 7.346033302692653311e-02 0.000000000000000000e+00 9.249060546791590398e-02 0.000000000000000000e+00 1.499699377998743866e-01 0.000000000000000000e+00 8.033113452732465465e-02 1.148157682921386452e-01 0.000000000000000000e+00 2.580135645055424420e-02 0.000000000000000000e+00 3.100807304718142601e-02 1.266860564285059165e-01 0.000000000000000000e+00 0.000000000000000000e+00 1.522183966778591357e-01 0.000000000000000000e+00 1.404938819101250735e-02
1.907323930837002968e-02 0.000000000000000000e+00 2.369788050025507450e-02 0.000000000000000000e+00 0.000000000000000000e+00 2.108145737293766475e-02 2.742282859147265883e-02 5.359944251925648218e-02 0.000000000000000000e+00 0.000000000000000000e+00 0.000000000000000000e+00 8.479544224976928724e-02 0.000000000000000000e+00 1.119794585083273980e-01 1.551119664633121564e-02 3.213179154028624612e-02 0.000000000000000000e+00 0.000000000000000000e+00 2.466453200160254045e-02 1.499412893041060513e-01 0.000000000000000000e+00 1.121297871522621836e-01 1.140680324958781300e-01 9.904113239268914903e-02 1.108624894164557811e-01
0.000000000000000000e+00 0.000000000000000000e+00 0.000000000000000000e+00 0.000000000000000000e+00 3.326968808819527872e-03 0.000000000000000000e+00 0.000000000000000000e+00 0.000000000000000000e+00 0.000000000000000000e+00 1.660760965877547957e-01 1.010365104804751037e-02 1.834364158554768753e-02 0.000000000000000000e+00 9.056450553321250541e-03 1.194366479942012005e-01 0.000000000000000000e+00 2.817197248448373437e-03 1.062741570901769295e-01 2.280144519714910056e-01 1.947721887271691710e-01 4.522299698071878538e-02 1.473504123933349827e-02 5.161590263840691584e-02 2.197433212349596612e-02 8.230275403067349033e-03
0.000000000000000000e+00 8.074014410954255538e-02 7.382100459262137815e-02 0.000000000000000000e+00 1.502289003702303623e-02 0.000000000000000000e+00 2.067925540229074988e-01 1.485369015837518236e-01 9.029828096501017407e-03 1.373725116553181080e-01 0.000000000000000000e+00 9.221265812244763826e-03 0.000000000000000000e+00 1.819095207562574507e-02 8.522348111718659747e-02 0.000000000000000000e+00 3.205816349702809293e-02 0.000000000000000000e+00 5.401839909396675965e-02 0.000000000000000000e+00 0.000000000000000000e+00 2.901141207922430104e-02 1.009604922270583433e-01 0.000000000000000000e+00 0.000000000000000000e+00
0.000000000000000000e+00 0.000000000000000000e+00 1.471651405042914175e-02 0.000000000000000000e+00 1.119191569947683568e-01 0.000000000000000000e+00 1.284804673177892265e-01 1.973923005029388777e-01 1.313781703327493271e-02 0.000000000000000000e+00 0.000000000000000000e+00 2.960964094919640160e-02 0.000000000000000000e+00 0.000000000000000000e+00 1.182960328724900201e-01 0.000000000000000000e+00 0.000000000000000000e+00 0.000000000000000000e+00 0.000000000000000000e+00 6.340000278810856149e-02 0.000000000000000000e+00 5.732476713387587089e-03 1.250754175855891236e-02 1.596143887502083913e-01 1.451936602688494726e-01
0.000000000000000000e+00 9.231382156797339434e-04 1.107942060241547538e-01 7.545172969843334278e-03 1.106410234878824478e-01 1.305015377442951263e-01 1.141324032512876924e-01 1.640877048088166049e-02 0.000000000000000000e+00 5.144726459772653616e-03 7.710599286219400883e-03 4.727168809478730221e-02 0.000000000000000000e+00 6.072865780330675978e-02 3.636060703121432591e-02 0.000000000000000000e+00 1.283499252668837166e-02 2.603843368621079624e-02 7.901812278870152043e-03 3.273919362991826402e-03 2.527689367946101343e-02 8.199342997743455652e-02 9.630649590201030563e-02 0.000000000000000000e+00 9.821149173700775836e-02
7.868646243569808740e-02 0.000000000000000000e+00 1.119664170985618275e-02 0.000000000000000000e+00 0.000000000000000000e+00 2.479764424264379458e-02 3.117540228118131224e-02 1.590502152514335910e-01 0.000000000000000000e+00 4.757343733704342409e-02 0.000000000000000000e+00 3.010873299386378904e-02 1.114041756286291221e-02 0.000000000000000000e+00 4.927723823979293649e-02 0.000000000000000000e+00 2.515911301273856537e-01 1.811834527741888051e-02 1.371694488729811034e-01 0.000000000000000000e+00 0.000000000000000000e+00 7.211717835996496462e-02 7.853249279735732488e-03 7.014445602813754177e-02 0.000000000000000000e+00
8.413232168465867430e-04 0.000000000000000000e+00 0.000000000000000000e+00 0.000000000000000000e+00 1.228914016437990531e-01 0.000000000000000000e+00 0.000000000000000000e+00 1.634224538840951813e-01 2.152791348904519245e-03 0.000000000000000000e+00 2.017903712413738823e-02 1.897417443095927303e-01 0.000000000000000000e+00 0.000000000000000000e+00 3.899409617391402707e-03 0.000000000000000000e+00 6.141201381891025352e-02 1.051797182564051872e-02 4.472331210610373115e-02 3.456990488731219446e-02 3.007209989535200145e-03 1.515563237440113514e-03 9.833495744562625873e-02 1.294107754236351049e-01 1.133801301210297374e-01
0.000000000000000000e+00 0.000000000000000000e+00 0.000000000000000000e+00 0.000000000000000000e+00 0.000000000000000000e+00 0.000000000000000000e+00 4.109599742774528754e-03 2.268967977578475737e-01 0.000000000000000000e+00 3.007605037625539837e-02 0.000000000000000000e+00 2.453056634232664568e-01 0.000000000000000000e+00 0.000000000000000000e+00 0.000000000000000000e+00 0.000000000000000000e+00 1.318025579790573498e-01 0.000000000000000000e+00 1.534423977564983443e-01 4.143008592893561437e-02 0.000000000000000000e+00 1.386889885632122121e-01 0.000000000000000000e+00 1.848178013805957740e-02 9.766078334092926153e-03
0.000000000000000000e+00 0.000000000000000000e+00 1.495935586872011169e-01 0.000000000000000000e+00 5.442804538562441043e-03 0.000000000000000000e+00 0.000000000000000000e+00 2.027514887700871127e-01 0.000000000000000000e+00 0.000000000000000000e+00 0.000000000000000000e+00 1.438074748229368482e-01 0.000000000000000000e+00 0.000000000000000000e+00 8.895480200027304496e-03 2.641745479404305347e-03 1.440540126312258307e-01 0.000000000000000000e+00 2.920420858977003722e-02 0.000000000000000000e+00 0.000000000000000000e+00 1.539491243781138108e-01 6.532507493039437299e-03 1.531275944096317509e-01 0.000000000000000000e+00
0.000000000000000000e+00 3.515308527725806496e-04 1.632455229844117714e-02 4.313040886730466761e-02 1.485532239706390534e-01 0.000000000000000000e+00 2.598725214594496680e-01 1.601077768119757994e-01 1.226741459316816815e-02 7.660441380582995452e-02 0.000000000000000000e+00 1.425769332946230476e-02 0.000000000000000000e+00 0.000000000000000000e+00 0.000000000000000000e+00 0.000000000000000000e+00 4.850676800403425776e-03 3.541640462221266883e-02 1.640783371633439125e-01 3.638175631244796454e-02 0.000000000000000000e+00 1.421682248305983914e-02 0.000000000000000000e+00 0.000000000000000000e+00 1.358646662948892123e-02
0.000000000000000000e+00 6.220194714361010628e-05 0.000000000000000000e+00 2.314532814627938070e-02 2.727159139070197205e-02 1.171547604731368736e-01 0.000000000000000000e+00 0.000000000000000000e+00 8.115141073303128736e-04 4.823334484153295187e-02 1.699841788642673934e-02 1.683713877348852472e-01 0.000000000000000000e+00 0.000000000000000000e+00 0.000000000000000000e+00 0.000000000000000000e+00 2.783701871543012851e-01 8.566456021494273446e-03 1.609268066437662403e-01 0.000000000000000000e+00 0.000000000000000000e+00 1.397049156098015554e-01 0.000000000000000000e+00 0.000000000000000000e+00 1.038308804319939410e-02
0.000000000000000000e+00 1.710422458878744362e-02 0.000000000000000000e+00 0.000000000000000000e+00 1.311870977179780684e-01 7.668522525644322005e-03 0.000000000000000000e+00 0.000000000000000000e+00 0.000000000000000000e+00 0.000000000000000000e+00 0.000000000000000000e+00 1.424538668625197901e-01 0.000000000000000000e+00 0.000000000000000000e+00 1.174885859774250779e-01 2.047229863921195409e-02 0.000000000000000000e+00 3.964770739071087069e-02 1.738027825993393449e-01 4.585827726481679634e-02 2.477475507186238310e-02 0.000000000000000000e+00 1.210816481095282060e-01 7.239185453562388579e-03 1.512210477986134227e-01
0.000000000000000000e+00 5.868245528959677160e-02 1.507167617666143322e-01 0.000000000000000000e+00 6.566914302989522445e-02 1.241521181607346813e-02 2.156471397586851718e-02 7.072898927716642081e-02 0.000000000000000000e+00 0.000000000000000000e+00 0.000000000000000000e+00 1.738464071808502598e-01 5.948584653186940983e-03 3.817151680891215770e-03 0.000000000000000000e+00 0.000000000000000000e+00 0.000000000000000000e+00 0.000000000000000000e+00 1.216235693166742016e-01 4.771294972875920332e-02 0.000000000000000000e+00 1.276676405854038077e-01 9.773005167984298580e-02 2.302679636384498754e-02 1.884957365533165147e-02
