1.437750800471037649e-01 0.000000000000000000e+00 0.000000000000000000e+00 0.000000000000000000e+00 9.171177122916542024e-02 0.000000000000000000e+00 0.000000000000000000e+00 6.923324892942422926e-02 0.000000000000000000e+00 0.000000000000000000e+00 0.000000000000000000e+00 1.496172293405838294e-01 3.393011377951630769e-01 0.000000000000000000e+00 0.000000000000000000e+00 0.000000000000000000e+00 0.000000000000000000e+00 3.096808282280404806e-02 1.753934498357554717e-01 0.000000000000000000e+00
1.127474359971150780e-01 0.000000000000000000e+00 3.156478398109190814e-02 3.132289586946345183e-01 0.000000000000000000e+00 1.958804494758462425e-02 0.000000000000000000e+00 1.314104224798329501e-01 9.435461613637935452e-02 0.000000000000000000e+00 0.000000000000000000e+00 1.348852950759044933e-01 0.000000000000000000e+00 0.000000000000000000e+00 0.000000000000000000e+00 1.239109571974342239e-02 1.379269113148617887e-03 2.361733112206785938e-03 0.000000000000000000e+00 1.460883447423583226e-01
0.000000000000000000e+00 6.858505758031882560e-02 1.131099517887020414e-02 0.000000000000000000e+00 9.667935540115546456e-02 3.050366377394022124e-02 0.000000000000000000e+00 0.000000000000000000e+00 1.541971470166988156e-01 0.000000000000000000e+00 0.000000000000000000e+00 0.000000000000000000e+00 1.163376211046579095e-01 1.641225341073724031e-01 0.000000000000000000e+00 0.000000000000000000e+00 0.000000000000000000e+00 0.000000000000000000e+00 1.386718469310271318e-01 2.195917789059589897e-01
0.000000000000000000e+00 0.000000000000000000e+00 0.000000000000000000e+00 0.000000000000000000e+00 0.000000000000000000e+00 2.324517659808723880e-02 0.000000000000000000e+00 0.000000000000000000e+00 1.863443241630846903e-01 0.000000000000000000e+00 7.937806767318711376e-02 6.025753009776264879e-02 1.659162293866324744e-01 0.000000000000000000e+00 0.000000000000000000e+00 1.298621058119811544e-01 1.888238682615634920e-02 9.729243015257410185e-03 1.674816070795869527e-01 1.589033293482638998e-01
0.000000000000000000e+00 1.030045632645246595e-01 5.427559531287440286e-02 1.438264478916560229e-01 0.000000000000000000e+00 3.774285206216657779e-02 0.000000000000000000e+00 5.395279462290555016e-03 0.000000000000000000e+00 0.000000000000000000e+00 0.000000000000000000e+00 4.802421040871789754e-02 3.956899128751797251e-02 1.516440467689940119e-01 1.281382392025926312e-02 0.000000000000000000e+00 1.059111203140089968e-01 0.000000000000000000e+00 1.525773697351854863e-01 1.452156995718042465e-01
1.344852381168000766e-01 1.776378576996023029e-01 0.000000000000000000e+00 0.000000000000000000e+00 1.575917747011822134e-01 1.573989803059459569e-01 0.000000000000000000e+00 8.374063167006837172e-02 3.644129324304359874e-02 0.000000000000000000e+00 0.000000000000000000e+00 2.379940630813822122e-01 0.000000000000000000e+00 0.000000000000000000e+00 0.000000000000000000e+00 0.000000000000000000e+00 1.471016118197524675e-02 0.000000000000000000e+00 0.000000000000000000e+00 0.000000000000000000e+00
5.790546927324217996e-02 0.000000000000000000e+00 0.000000000000000000e+00 0.000000000000000000e+00 1.791889404164404009e-01 2.065145821533343751e-01 0.000000000000000000e+00 4.421365023456744203e-02 0.000000000000000000e+00 0.000000000000000000e+00 0.000000000000000000e+00 0.000000000000000000e+00 1.589520578948224738e-01 0.000000000000000000e+00 0.000000000000000000e+00 8.147958149830673846e-02 0.000000000000000000e+00 1.570905625296483143e-01 1.146551559996380060e-01 0.000000000000000000e+00
1.472605857014109842e-01 1.876593209803883652e-02 2.619608966759397542e-02 1.353228327540960674e-01 1.618033079948416608e-01 0.000000000000000000e+00 0.000000000000000000e+00 9.530223890120319286e-02 3.279138791480798454e-02 0.000000000000000000e+00 0.000000000000000000e+00 0.000000000000000000e+00 1.932963001742903364e-01 0.000000000000000000e+00 0.000000000000000000e+00 0.000000000000000000e+00 0.000000000000000000e+00 1.415627176694990164e-01 4.769860712421782056e-02 0.000000000000000000e+00
0.000000000000000000e+00 0.000000000000000000e+00 1.294391020575736129e-01 0.000000000000000000e+00 2.048968846310858603e-03 2.665537015673514337e-02 0.000000000000000000e+00 4.909734901109866212e-02 1.817207931284250122e-01 0.000000000000000000e+00 0.000000000000000000e+00 1.131932323666190038e-01 1.502119570771157930e-01 0.000000000000000000e+00 0.000000000000000000e+00 0.000000000000000000e+00 0.000000000000000000e+00 3.322667523671556378e-01 1.536647498896616740e-02 0.000000000000000000e+00
0.000000000000000000e+00 2.147230099587539021e-01 0.000000000000000000e+00 0.000000000000000000e+00 1.623343716449856811e-01 2.323269989206528524e-02 4.695507510564262549e-02 0.000000000000000000e+00 7.151827635798153893e-02 1.127360169795893902e-01 0.000000000000000000e+00 0.000000000000000000e+00 0.000000000000000000e+00 0.000000000000000000e+00 0.000000000000000000e+00 2.864756674807657569e-02 0.000000000000000000e+00 0.000000000000000000e+00 1.773580135396944923e-01 1.624949697732105403e-01
1.304106147710968333e-01 2.245736728342531338e-02 0.000000000000000000e+00 0.000000000000000000e+00 1.665077738260709594e-01 0.000000000000000000e+00 0.000000000000000000e+00 0.000000000000000000e+00 1.400052056053518179e-01 0.000000000000000000e+00 0.000000000000000000e+00 1.102577104782765521e-01 1.720284436362498892e-01 1.496633176993334979e-01 0.000000000000000000e+00 0.000000000000000000e+00 0.000000000000000000e+00 0.000000000000000000e+00 1.086695667001951332e-01 0.000000000000000000e+00
0.000000000000000000e+00 1.193236540197635254e-01 0.000000000000000000e+00 0.000000000000000000e+00 0.000000000000000000e+00 1.627577379674926827e-01 0.000000000000000000e+00 1.067353282954949245e-01 4.439480086816239429e-02 1.430398875058471082e-02 2.211897076072185178e-02 0.000000000000000000e+00 1.505686133767793478e-01 4.423121643029642031e-03 1.167921649083505792e-01 0.000000000000000000e+00 0.000000000000000000e+00 1.323142483515461487e-01 0.000000000000000000e+00 1.262673710580742570e-01
0.000000000000000000e+00 1.175452522855744697e-01 9.733618452929452061e-03 9.611755495590929010e-02 7.580864855110824863e-02 1.461263314926304346e-01 0.000000000000000000e+00 3.118344460704070703e-02 1.598972407601909895e-01 6.062852593769878402e-03 3.833388470692958294e-02 1.309216931546547114e-01 4.259708512282504161e-02 0.000000000000000000e+00 4.694050313045918660e-02 0.000000000000000000e+00 9.873189018597808286e-02 0.000000000000000000e+00 0.000000000000000000e+00 0.000000000000000000e+00
1.543793702592480277e-01 0.000000000000000000e+00 0.000000000000000000e+00 0.000000000000000000e+00 1.852008925687076701e-01 3.358405023633326825e-01 0.000000000000000000e+00 0.000000000000000000e+00 0.000000000000000000e+00 0.000000000000000000e+00 0.000000000000000000e+00 0.000000000000000000e+00 0.000000000000000000e+00 0.000000000000000000e+00 1.839017566445923790e-01 1.406774781641192129e-01 0.000000000000000000e+00 0.000000000000000000e+00 0.000000000000000000e+00 0.000000000000000000e+00
0.000000000000000000e+00 0.000000000000000000e+00 0.000000000000000000e+00 1.426575276347152033e-01 0.000000000000000000e+00 1.401540473641516016e-01 0.000000000000000000e+00 2.971502514380438848e-03 7.199396567775485922e-02 0.000000000000000000e+00 2.764684808098013397e-02 0.000000000000000000e+00 0.000000000000000000e+00 1.487516426257887159e-01 1.439391406778285643e-01 1.302585573392947282e-01 3.051244176053286017e-02 0.000000000000000000e+00 1.578466895105867102e-02 1.453296573735143038e-01
0.000000000000000000e+00 0.000000000000000000e+00 3.135107620167097014e-02 0.000000000000000000e+00 2.905515610264023871e-02 0.000000000000000000e+00 0.000000000000000000e+00 1.580811779738831580e-01 0.000000000000000000e+00 1.276735057076469060e-01 0.000000000000000000e+00 0.000000000000000000e+00 1.884830067708097578e-01 0.000000000000000000e+00 4.208976499300302182e-02 1.070945829317154069e-01 0.000000000000000000e+00 0.000000000000000000e+00 1.562307730290200536e-01 1.599409562896106363e-01
1.149267467495523748e-01 0.000000000000000000e+00 0.000000000000000000e+00 9.226637537381571219e-02 0.000000000000000000e+00 1.559467745435776653e-01 0.000000000000000000e+00 1.435738056148128661e-01 0.000000000000000000e+00 9.816742183105151009e-02 0.000000000000000000e+00 0.000000000000000000e+00 0.000000000000000000e+00 6.231275985649757654e-02 0.000000000000000000e+00 1.225826346234407255e-01 0.000000000000000000e+00 0.000000000000000000e+00 6.540574800626881846e-02 1.448177334009827233e-01
0.000000000000000000e+00 0.000000000000000000e+00 2.200076409400010188e-02 2.831196748829463428e-02 1.924940158450728868e-03 1.175389000980769511e-01 0.000000000000000000e+00 7.454817679242416173e-02 7.401846860096429614e-02 0.000000000000000000e+00 0.000000000000000000e+00 1.296384541258211454e-01 1.496347658184700724e-01 1.011449529369310013e-01 1.630580839967378237e-01 0.000000000000000000e+00 0.000000000000000000e+00 4.501880428894193369e-03 0.000000000000000000e+00 1.336786454609351082e-01
1.498309084026998028e-01 0.000000000000000000e+00 0.000000000000000000e+00 1.751618486131783781e-01 0.000000000000000000e+00 0.000000000000000000e+00 0.000000000000000000e+00 0.000000000000000000e+00 0.000000000000000000e+00 0.000000000000000000e+00 0.000000000000000000e+00 1.768548345142857969e-01 9.065626263939785545e-02 0.000000000000000000e+00 1.934745680104359711e-01 0.000000000000000000e+00 0.000000000000000000e+00 1.624305986244985733e-01 5.159097919550353906e-02 0.000000000000000000e+00
0.000000000000000000e+00 0.000000000000000000e+00 1.358413743760745508e-02 1.294794243535678513e-01 2.305523448502413975e-01 1.732415438411810671e-01 6.461808404690269625e-02 0.000000000000000000e+00 9.830626798361226382e-03 0.000000000000000000e+00 0.000000000000000000e+00 0.000000000000000000e+00 1.630567614913641938e-01 0.000000000000000000e+00 0.000000000000000000e+00 0.000000000000000000e+00 5.601149079203140979e-02 0.000000000000000000e+00 0.000000000000000000e+00 1.596255863887425797e-01
0.000000000000000000e+00 0.000000000000000000e+00 0.000000000000000000e+00 1.856661767432664090e-01 0.000000000000000000e+00 5.796491681945652868e-02 0.000000000000000000e+00 0.000000000000000000e+00 1.735247417726245855e-01 1.400232701706733973e-01 0.000000000000000000e+00 0.000000000000000000e+00 1.677943280788080360e-01 0.000000000000000000e+00 1.818487997352480068e-01 9.317776667992308526e-02 0.000000000000000000e+00 0.000000000000000000e+00 0.000000000000000000e+00 0.000000000000000000e+00
0.000000000000000000e+00 7.385096351714382293e-03 3.211882237567616205e-02 9.806268955704171980e-03 1.570064843592487019e-02 0.000000000000000000e+00 0.000000000000000000e+00 1.356554764621278331e-01 1.427158780171556840e-01 1.008263712774025087e-02 0.000000000000000000e+00 0.000000000000000000e+00 6.286330371018858387e-02 1.462368277982945275e-01 5.585703811525722512e-03 0.000000000000000000e+00 0.000000000000000000e+00 5.187510074967922880e-02 1.506367884397696033e-01 2.293374477644989362e-01
0.000000000000000000e+00 4.774102921973897434e-02 0.000000000000000000e+00 2.629278072902717367e-02 3.196970802473495660e-02 1.463995440408784598e-01 0.000000000000000000e+00 1.359304622681321503e-02 1.594394946113343592e-01 0.000000000000000000e+00 0.000000000000000000e+00 1.339333176793348727e-02 2.564091368827973658e-02 0.000000000000000000e+00 6.581216896506876524e-03 1.193894440811265611e-01 0.000000000000000000e+00 9.280756489846975210e-02 1.704000227852739413e-01 1.463519030298823798e-01
0.000000000000000000e+00 0.000000000000000000e+00 0.000000000000000000e+00 0.000000000000000000e+00 1.713600777860008473e-01 1.540661004238175480e-01 0.000000000000000000e+00 3.080793667498269578e-02 0.000000000000000000e+00 1.141277701338982570e-01 0.000000000000000000e+00 0.000000000000000000e+00 2.263121183695789296e-01 0.000000000000000000e+00 0.000000000000000000e+00 0.000000000000000000e+00 0.000000000000000000e+00 0.000000000000000000e+00 1.460704480718835185e-01 1.572555485398381969e-01
0.000000000000000000e+00 0.000000000000000000e+00 0.000000000000000000e+00 3.022738479946291551e-02 1.514147521785762784e-01 1.610670307497015785e-01 2.046646887275774609e-02 8.668765583631611593e-02 0.000000000000000000e+00 0.000000000000000000e+00 0.000000000000000000e+00 0.000000000000000000e+00 2.975209411955957728e-02 1.349612178257370565e-01 8.688684092967449701e-02 0.000000000000000000e+00 1.466237173767042101e-01 1.223962280159582722e-01 0.000000000000000000e+00 2.951660929555167262e-02
0.000000000000000000e+00 1.526701240721779207e-01 0.000000000000000000e+00 0.000000000000000000e+00 0.000000000000000000e+00 1.498061215187040385e-01 0.000000000000000000e+00 0.000000000000000000e+00 1.869080563110387116e-01 1.741140341942233258e-02 0.000000000000000000e+00 0.000000000000000000e+00 4.023356249423126751e-02 0.000000000000000000e+00 1.347816056966527620e-01 4.140508671142911767e-02 1.224491781762857556e-01 1.173975610892574462e-01 1.586271148614552470e-02 2.107458902465507780e-02
2.583784324343509423e-02 3.209461516387299845e-02 0.000000000000000000e+00 1.378401880861540307e-01 0.000000000000000000e+00 1.125233739244355241e-01 0.000000000000000000e+00 1.629026438942299537e-01 1.221519661615534796e-01 0.000000000000000000e+00 0.000000000000000000e+00 9.658793457641491262e-03 1.149901437101153723e-01 3.484366906840361509e-03 1.428127772421324826e-01 5.506329915539243114e-02 4.099064203207555823e-02 2.470952358522095216e-02 1.493982343690035061e-02 0.000000000000000000e+00
0.000000000000000000e+00 3.794043490298292659e-02 0.000000000000000000e+00 2.918212178554049907e-01 0.000000000000000000e+00 1.649166254190714831e-01 0.000000000000000000e+00 9.603988065700370946e-02 2.246004227808175713e-01 0.000000000000000000e+00 0.000000000000000000e+00 0.000000000000000000e+00 0.000000000000000000e+00 0.000000000000000000e+00 0.000000000000000000e+00 0.000000000000000000e+00 1.515213214485227299e-02 0.000000000000000000e+00 1.695292862398670719e-01 0.000000000000000000e+00
0.000000000000000000e+00 7.661166870216190410e-03 0.000000000000000000e+00 0.000000000000000000e+00 1.559626991756958569e-01 0.000000000000000000e+00 0.000000000000000000e+00 9.238088878835667636e-03 0.000000000000000000e+00 0.000000000000000000e+00 0.000000000000000000e+00 3.272447599457962708e-01 0.000000000000000000e+00 1.359044503232298140e-01 6.915436980950675355e-03 1.576016464059174782e-01 0.000000000000000000e+00 3.147341204367157252e-02 2.691674788980552915e-02 1.410815914858809250e-01
0.000000000000000000e+00 0.000000000000000000e+00 0.000000000000000000e+00 0.000000000000000000e+00 0.000000000000000000e+00 1.784762153714863908e-01 0.000000000000000000e+00 0.000000000000000000e+00 5.731598779729919074e-02 0.000000000000000000e+00 0.000000000000000000e+00 0.000000000000000000e+00 3.892211207519897798e-01 0.000000000000000000e+00 1.997369356297165888e-01 0.000000000000000000e+00 0.000000000000000000e+00 1.085101598449803896e-02 0.000000000000000000e+00 1.643987244650099711e-01
0.000000000000000000e+00 0.000000000000000000e+00 0.000000000000000000e+00 0.000000000000000000e+00 1.735637373491491775e-01 0.000000000000000000e+00 0.000000000000000000e+00 0.000000000000000000e+00 0.000000000000000000e+00 0.000000000000000000e+00 0.000000000000000000e+00 1.691796821940420303e-01 1.696287280941160547e-01 0.000000000000000000e+00 1.590701694002217004e-01 0.000000000000000000e+00 0.000000000000000000e+00 3.285576829624710093e-01 0.000000000000000000e+00 0.000000000000000000e+00
0.000000000000000000e+00 0.000000000000000000e+00 0.000000000000000000e+00 1.597633586604593203e-01 0.000000000000000000e+00 0.000000000000000000e+00 0.000000000000000000e+00 0.000000000000000000e+00 2.046340977770805258e-01 0.000000000000000000e+00 0.000000000000000000e+00 1.618481849015910856e-01 0.000000000000000000e+00 0.000000000000000000e+00 1.066579390811375760e-02 0.000000000000000000e+00 0.000000000000000000e+00 1.437280714266307990e-01 1.570508422089897105e-01 1.623096511171347733e-01
0.000000000000000000e+00 0.000000000000000000e+00 0.000000000000000000e+00 0.000000000000000000e+00 1.174245376418983355e-01 0.000000000000000000e+00 0.000000000000000000e+00 0.000000000000000000e+00 1.675851482906675627e-01 1.168781261371331093e-01 0.000000000000000000e+00 4.953128066557228870e-02 0.000000000000000000e+00 1.498739601459812554e-01 1.343182274007475446e-02 0.000000000000000000e+00 0.000000000000000000e+00 1.980332579265385307e-01 1.872418664521341147e-01 0.000000000000000000e+00
0.000000000000000000e+00 0.000000000000000000e+00 0.000000000000000000e+00 0.000000000000000000e+00 7.997151491664467038e-02 3.407585799163912466e-01 6.639011977633808848e-02 0.000000000000000000e+00 1.812321113294903252e-01 0.000000000000000000e+00 0.000000000000000000e+00 0.000000000000000000e+00 1.604841496020827929e-01 3.671690493216893132e-03 0.000000000000000000e+00 0.000000000000000000e+00 2.013139289159982318e-02 0.000000000000000000e+00 1.473604410742360427e-01 0.000000000000000000e+00
1.292549409069164712e-01 0.000000000000000000e+00 1.498164476739036188e-01 0.000000000000000000e+00 0.000000000000000000e+00 1.738476614811619303e-01 0.000000000000000000e+00 0.000000000000000000e+00 1.978053062713134025e-01 1.835215331943087710e-02 0.000000000000000000e+00 1.423973980517882201e-03 1.760406064925616187e-01 0.000000000000000000e+00 0.000000000000000000e+00 0.000000000000000000e+00 0.000000000000000000e+00 0.000000000000000000e+00 1.534589098741940549e-01 0.000000000000000000e+00
7.317044848498491239e-02 0.000000000000000000e+00 2.238992156400948508e-02 0.000000000000000000e+00 0.000000000000000000e+00 0.000000000000000000e+00 0.000000000000000000e+00 6.483464363295454724e-02 1.512808846647160921e-01 0.000000000000000000e+00 0.000000000000000000e+00 1.344339119567651286e-01 3.294209909412372239e-01 3.151859410344593285e-03 1.485419761045855824e-01 4.236355298735614006e-02 0.000000000000000000e+00 0.000000000000000000e+00 3.041181025304641461e-02 0.000000000000000000e+00
0.000000000000000000e+00 0.000000000000000000e+00 1.144754197949919700e-01 1.292287979951250720e-01 2.035901353541919312e-01 7.749632982619804322e-02 7.250558692333992916e-02 0.000000000000000000e+00 0.000000000000000000e+00 0.000000000000000000e+00 0.000000000000000000e+00 0.000000000000000000e+00 5.828579728877149140e-03 4.374322484061291677e-02 1.777039965595722804e-01 0.000000000000000000e+00 0.000000000000000000e+00 1.917827797174037618e-02 1.075084870364854082e-02 1.454988023017017573e-01
0.000000000000000000e+00 0.000000000000000000e+00 0.000000000000000000e+00 1.382914404605463943e-01 5.088792023498662359e-02 0.000000000000000000e+00 0.000000000000000000e+00 0.000000000000000000e+00 1.406411975363965339e-01 0.000000000000000000e+00 0.000000000000000000e+00 1.500545702725119834e-01 2.008130724999453512e-02 1.428287456502196351e-01 0.000000000000000000e+00 0.000000000000000000e+00 0.000000000000000000e+00 3.199300185424225340e-02 1.814953289561786198e-01 1.437264877849235012e-01
0.000000000000000000e+00 0.000000000000000000e+00 0.000000000000000000e+00 3.762073051724111605e-02 1.668807071912952189e-01 2.878543210245901318e-01 0.000000000000000000e+00 0.000000000000000000e+00 1.118525634592908158e-02 0.000000000000000000e+00 0.000000000000000000e+00 0.000000000000000000e+00 0.000000000000000000e+00 3.797911818951082291e-02 1.988517415147393330e-01 1.404392220321122320e-01 0.000000000000000000e+00 1.151782343926977398e-01 0.000000000000000000e+00 4.010668791884407225e-03
1.288603602396486414e-01 1.570564692736241830e-01 1.787088016022489456e-02 5.046736207538771862e-02 1.582050640527984942e-01 1.072664132767005979e-01 0.000000000000000000e+00 0.000000000000000000e+00 0.000000000000000000e+00 0.000000000000000000e+00 0.000000000000000000e+00 0.000000000000000000e+00 0.000000000000000000e+00 0.000000000000000000e+00 4.543901159224825875e-02 0.000000000000000000e+00 1.584384387877086145e-02 1.342453392113765187e-01 3.687633705421240055e-02 1.478689191850075524e-01
0.000000000000000000e+00 0.000000000000000000e+00 0.000000000000000000e+00 0.000000000000000000e+00 2.516189581261092656e-02 1.723371605735155021e-01 0.000000000000000000e+00 1.099911119641359541e-01 3.319550633323734706e-02 0.000000000000000000e+00 0.000000000000000000e+00 1.988939619335063080e-02 1.666326507245783350e-01 0.000000000000000000e+00 1.424536725168752405e-01 0.000000000000000000e+00 2.216088416312226098e-02 1.355525627038248193e-01 2.760325079508110790e-02 1.450219082196678444e-01
2.003165364348778454e-01 9.234956091634996533e-02 3.961879047994466829e-02 0.000000000000000000e+00 0.000000000000000000e+00 1.399366548239855922e-02 0.000000000000000000e+00 1.858276929712867134e-02 1.523186899023265262e-01 0.000000000000000000e+00 0.000000000000000000e+00 0.000000000000000000e+00 8.575237238722420441e-02 0.000000000000000000e+00 0.000000000000000000e+00 1.108712066068997387e-01 1.903747127396528821e-02 1.126101789500516953e-01 0.000000000000000000e+00 1.545487582688329919e-01
0.000000000000000000e+00 0.000000000000000000e+00 1.379930537400785584e-01 2.002930681609594796e-02 7.094972901225474193e-03 0.000000000000000000e+00 0.000000000000000000e+00 1.287509405104717564e-01 0.000000000000000000e+00 0.000000000000000000e+00 7.179549285325741159e-02 2.820646320429248677e-02 1.606541079014870421e-01 1.760343615607743994e-01 0.000000000000000000e+00 5.066076527770707605e-02 0.000000000000000000e+00 9.132348522399868357e-03 1.581671800801455197e-01 5.148100663206450073e-02
1.476899656537463135e-01 1.501280758686884265e-01 0.000000000000000000e+00 1.601368201129683144e-01 0.000000000000000000e+00 1.081014086504747049e-02 0.000000000000000000e+00 4.477628100495070762e-02 3.566297472338466473e-02 0.000000000000000000e+00 0.000000000000000000e+00 1.765915159010097157e-01 0.000000000000000000e+00 0.000000000000000000e+00 0.000000000000000000e+00 0.000000000000000000e+00 0.000000000000000000e+00 5.573308098448354845e-04 9.241078069839472886e-02 1.812361143619647952e-01
0.000000000000000000e+00 0.000000000000000000e+00 3.501514406396202816e-02 1.702526002873581690e-01 9.467793354934824976e-03 0.000000000000000000e+00 0.000000000000000000e+00 0.000000000000000000e+00 1.605170803666181867e-01 0.000000000000000000e+00 0.000000000000000000e+00 0.000000000000000000e+00 1.522902035160221546e-01 1.591326318953607821e-01 1.712704901452379025e-01 0.000000000000000000e+00 1.420540563705059156e-01 0.000000000000000000e+00 0.000000000000000000e+00 0.000000000000000000e+00
9.987929329766098707e-02 3.618029575275830134e-02 3.715436087590729547e-02 0.000000000000000000e+00 0.000000000000000000e+00 1.700106738578595345e-01 0.000000000000000000e+00 0.000000000000000000e+00 1.666164566608080433e-01 1.846513078914272313e-02 0.000000000000000000e+00 2.494854240671808346e-02 9.873030094561039208e-03 1.101806623254480456e-02 1.471701462178286457e-01 1.276192944247733774e-01 0.000000000000000000e+00 0.000000000000000000e+00 0.000000000000000000e+00 1.510647093894371684e-01
1.088656652219066184e-01 4.827905855031856819e-02 3.252836669967337779e-02 1.062567941484153511e-02 0.000000000000000000e+00 1.534563933701382221e-01 0.000000000000000000e+00 0.000000000000000000e+00 1.431969196534926825e-01 7.949966957151582969e-03 0.000000000000000000e+00 1.004744823884157028e-02 1.643828285693678046e-02 1.339668824471492992e-01 0.000000000000000000e+00 0.000000000000000000e+00 0.000000000000000000e+00 0.000000000000000000e+00 5.155381668432944264e-02 2.830915199052202458e-01
1.257215907139621891e-01 0.000000000000000000e+00 0.000000000000000000e+00 1.811785537825275350e-01 1.763989355591802644e-01 2.992536444927200168e-01 0.000000000000000000e+00 0.000000000000000000e+00 0.000000000000000000e+00 0.000000000000000000e+00 0.000000000000000000e+00 0.000000000000000000e+00 0.000000000000000000e+00 0.000000000000000000e+00 0.000000000000000000e+00 0.000000000000000000e+00 2.992613246723200421e-02 0.000000000000000000e+00 1.875211429843780531e-01 0.000000000000000000e+00
8.852405233651572738e-03 2.638059576402162001e-02 0.000000000000000000e+00 1.645467422964922433e-01 0.000000000000000000e+00 1.581090517926665370e-02 0.000000000000000000e+00 5.756458651651256975e-02 1.349452159158298914e-01 0.000000000000000000e+00 0.000000000000000000e+00 1.349322894973195297e-01 0.000000000000000000e+00 0.000000000000000000e+00 0.000000000000000000e+00 1.193765911512854605e-01 0.000000000000000000e+00 1.133472332471362060e-01 1.660424737179901356e-01 5.820096148049426488e-02
0.000000000000000000e+00 0.000000000000000000e+00 0.000000000000000000e+00 0.000000000000000000e+00 1.731524841716655938e-01 3.190446007850983867e-01 0.000000000000000000e+00 0.000000000000000000e+00 0.000000000000000000e+00 0.000000000000000000e+00 0.000000000000000000e+00 0.000000000000000000e+00 0.000000000000000000e+00 0.000000000000000000e+00 0.000000000000000000e+00 0.000000000000000000e+00 0.000000000000000000e+00 0.000000000000000000e+00 2.290513613434035922e-01 2.787515536998323440e-01
