0.000000000000000000e+00 4.042187369992670393e-02 1.115525861197855101e-01 2.053930621735013812e-02 1.518297825111308667e-02 1.567984644228463675e-02 3.029827983934527819e-02 2.984713002588386399e-02 3.432711102322269330e-03 5.005266654000993520e-03 4.880932950297694854e-04 5.402073144893113771e-02 2.456838515062948706e-03 3.143965075130058726e-03 1.379197679771488882e-01 7.639058894407030863e-03 1.176846029279054739e-01 1.983503953239480200e-01 1.828880921172004390e-02 4.783251651113919374e-03 1.966209561999388358e-02 2.966507424018116797e-03 9.646718836785233208e-04 5.692353004502944715e-03 1.539788793953967561e-01
8.524696412907364906e-02 1.894424710215495550e-02 2.194082175610843205e-02 3.567071433510418752e-03 2.846374985880859628e-03 3.901284622292324096e-03 2.613608101299113966e-03 1.484500499932764617e-01 3.668425576884609858e-04 3.237219424748304097e-02 1.050138206582589516e-02 3.477753720165188689e-02 1.597293636601839991e-04 7.450715252648794362e-03 1.224631180132103314e-01 3.944594183756682665e-03 1.328751245705785122e-01 3.946608451690475361e-02 2.135831727936012177e-03 1.472460107299000502e-03 0.000000000000000000e+00 8.262562478362232626e-04 5.657246561301969290e-02 1.502935645029114253e-01 1.168116777039927695e-01
1.228926724463771068e-02 7.886102714391923785e-02 6.857335501109712572e-02 5.734814411746823673e-03 7.856468953675350628e-03 3.621795602186037022e-02 1.426384522115810016e-01 1.357240459358385609e-01 2.793295253767553304e-02 3.462750935829598392e-02 3.345590855616774328e-03 1.245911054254269373e-01 1.103722677245844597e-03 5.922452790257271872e-03 4.029136424722712384e-02 1.338402525026525006e-04 1.884641430711154683e-02 1.590004043531892050e-02 2.882430017794842397e-02 9.356331671078398082e-02 4.015207575079576103e-04 2.018252318087363634e-02 2.800679009891958449e-02 4.020371283284422670e-02 2.822745642008750444e-02
1.110582702157735108e-01 1.193932652786710734e-03 7.940244276082227340e-03 1.793935989637860350e-03 4.394497638901820324e-02 1.468556597485005466e-03 4.527114071502223031e-02 1.338636258269693402e-01 4.148443619818178996e-02 5.585364204011990241e-03 1.415388025040954269e-02 1.115249957501032729e-01 0.000000000000000000e+00 1.006919292310100300e-02 1.011986651419728885e-02 3.384439623144080761e-04 6.966709920356565014e-03 0.000000000000000000e+00 0.000000000000000000e+00 6.030985720035132855e-04 7.702556032045419776e-02 3.668800294298173170e-02 1.222304786931633913e-01 1.667297669745743116e-01 4.994552011137195352e-02
6.175047176730528997e-03 3.442086186170967115e-03 1.399723580117401799e-02 1.679550469999575152e-04 8.752476315753064673e-02 5.382831182927699278e-03 3.692408536233766220e-02 1.633029656059140911e-01 7.024137680537806405e-02 4.790447746873541246e-02 9.331377647544805611e-04 5.646962777571862963e-02 7.920954132826917016e-03 0.000000000000000000e+00 2.037345820064947674e-02 1.434677595023966558e-02 1.632943093203994556e-01 1.690552472758271793e-02 5.249034431513340329e-03 1.678407878479752646e-02 0.000000000000000000e+00 8.829884061545355267e-02 2.048282194424865324e-02 1.452391844363075946e-01 8.639428121608909786e-03
1.271890704186343091e-02 2.092138598005993666e-02 1.475435075515201325e-02 6.482756138901248251e-03 1.036579719705429080e-02 2.768798239430270581e-03 1.383626425733948118e-01 4.511662611958581516e-03 1.944945966982602331e-02 4.772457675024045255e-03 9.816257078765905364e-04 7.485862102183746258e-02 9.268801899185886983e-02 5.656788068834734187e-03 1.535164472059817597e-01 7.356622458258454955e-02 2.277020060466904139e-02 3.750149214130770597e-02 1.387548678253568979e-01 5.691090123213241037e-02 4.345833682879829407e-03 7.080846201936091128e-03 4.626057429704944629e-03 5.715865360580564634e-04 9.106227088431641248e-02
2.688137845040486015e-02 3.407465488251624347e-02 1.227355865364232052e-01 3.978536395803977666e-02 1.794579932412493084e-01 8.880872660539116184e-03 2.630200139895674805e-02 3.956159013395675605e-02 3.501116169220256947e-05 7.069771802636309714e-03 2.551727154698352380e-03 2.460244932211071676e-03 9.867360370201740290e-04 3.464289918145944860e-03 4.605454303481567452e-02 0.000000000000000000e+00 7.781747490093457453e-03 4.698756288809308873e-02 1.560972058648789629e-01 9.268233590529491306e-02 0.000000000000000000e+00 8.538714015526799317e-02 2.515092843344096316e-02 5.448039780279865033e-03 4.016327417934501681e-02
7.989677411942834595e-03 1.039837701272955557e-02 1.290374246051442797e-01 2.512834036894709758e-02 1.285786864352743940e-02 1.288549065709893027e-02 4.634915296269378343e-02 1.084209148061311134e-01 1.318545604045849931e-02 4.809270752258756301e-04 6.142401823357682839e-03 2.313572068156848766e-02 3.346119481039130992e-04 0.000000000000000000e+00 2.478624156933359989e-03 1.299442226055968694e-03 1.198620201283664144e-01 6.369672625099711410e-03 1.071800773914733176e-02 1.168613319339774359e-02 8.169148157793520992e-02 1.234266141372562381e-01 2.945817908292759028e-03 1.414640875684399501e-01 1.017117347021458673e-01
1.148870443293922156e-01 5.361750646285958107e-03 3.747298201213772328e-02 1.377143122057179585e-02 2.021678440527670262e-02 6.977389674620215233e-03 2.611870080407226180e-02 1.504681180723173133e-02 1.354807931431182590e-02 1.087087160878976999e-01 0.000000000000000000e+00 1.067407121074863546e-01 1.260377294592567553e-02 2.055472437067321165e-03 1.231107704637269817e-01 7.885828222164812263e-04 1.156190166030794941e-01 6.394300018519549073e-03 9.871421537456825587e-03 1.864183785250246236e-02 0.000000000000000000e+00 3.220906602726807209e-03 1.134510836589872479e-01 8.483152755357683400e-03 1.169092798931490040e-01
3.439295383732924542e-03 0.000000000000000000e+00 4.667001884524855232e-02 2.144275687151866398e-03 6.331407510887865353e-02 3.300813409153797746e-04 1.619955759751214031e-01 8.401100332798730475e-02 7.179074952682491795e-02 1.383332646645367946e-02 9.441055395030299117e-04 1.552832197190283370e-02 5.873782595824830581e-03 3.200256991901689538e-03 1.486274420938953900e-01 7.550865878633272743e-02 2.711018464732424180e-02 0.000000000000000000e+00 2.596416539121406547e-02 1.692124736651177269e-02 0.000000000000000000e+00 0.000000000000000000e+00 3.636898563800847889e-02 1.482000057153641803e-01 4.822444159990200985e-02
3.949276373798240453e-03 2.238783992806411133e-02 1.360751929898829371e-01 3.552824761575601627e-03 7.317508539158519565e-02 5.255817323993808646e-03 1.125925810372480074e-01 1.772223035396718327e-01 1.633170197273825855e-02 5.974260427229024194e-03 0.000000000000000000e+00 1.084867293128111698e-01 3.714479354690853425e-04 4.196994640860726017e-02 3.694594651214284237e-02 0.000000000000000000e+00 7.857254742804077293e-04 9.875194358880807349e-03 1.858495294870275488e-03 1.115508471219490289e-02 0.000000000000000000e+00 3.147352764264537556e-02 2.820449957314367234e-02 1.489834221918357460e-01 2.337309683733151955e-02
5.954353239047074919e-02 0.000000000000000000e+00 9.541920195635875124e-02 2.016931365076261515e-02 9.368773657591430992e-02 2.747739700047315600e-03 1.048670398223261815e-02 1.268488650501970738e-01 1.235020137666607842e-02 2.047876149869875054e-02 1.664398488067247192e-04 0.000000000000000000e+00 0.000000000000000000e+00 0.000000000000000000e+00 2.582621208850715416e-02 7.012652096932721693e-03 1.421909138416918295e-01 4.053622695897182542e-03 1.414127535997821983e-01 3.567531271704769968e-02 0.000000000000000000e+00 1.232035390477981968e-01 8.525589860247047291e-03 1.122464293973878674e-02 5.897626508220220332e-02
2.041071366446054608e-02 5.318654640826817742e-03 4.808566593745176518e-03 8.828168468088237394e-03 2.734553399246631225e-02 2.334538151502713044e-02 8.322801173774690975e-02 0.000000000000000000e+00 2.325288305073714996e-03 2.750876973125707461e-02 2.170080096138891999e-03 8.700036205557527824e-02 5.468541531466621780e-02 3.304820899616979848e-03 3.617229572719132813e-02 1.185615376988919528e-02 1.083814054516473308e-01 1.474706589811787261e-01 1.648036673919397732e-01 0.000000000000000000e+00 0.000000000000000000e+00 3.616685503984952421e-03 2.385683691951248284e-02 1.323255506632496983e-02 1.403299741736420136e-01
8.670183933837935291e-04 4.532427213552797304e-03 1.151185863983529428e-01 2.801708311696969947e-02 1.376785356632634350e-01 3.109068306943326560e-02 2.614728443013376522e-02 9.236440117062481511e-03 0.000000000000000000e+00 3.729639716262066890e-02 6.427294523615218955e-03 1.458246763825372383e-01 1.827099163047672670e-02 0.000000000000000000e+00 1.217110417548400159e-01 1.591554743099621457e-04 1.545927812503161691e-02 1.815913724800916063e-02 9.424258651857829461e-03 2.356289401526671587e-02 8.118849695418911550e-02 3.985997136861342376e-03 0.000000000000000000e+00 5.281036353932323790e-03 1.605612861842999617e-01
3.650780355135318893e-03 1.349884611589761627e-02 1.559145497946162473e-01 1.221907204375637379e-01 7.050069793960107856e-02 6.693097317748083770e-04 1.144147578263126838e-02 1.619224649039635242e-02 6.774091948804929035e-03 6.713748729921781939e-04 0.000000000000000000e+00 3.674707371845806203e-02 0.000000000000000000e+00 5.432637378797168688e-03 5.465451789271074529e-02 1.650034408194842332e-04 2.975157100313529160e-02 0.000000000000000000e+00 2.563496531948716503e-02 4.734061183700436935e-04 6.620098608705554753e-04 1.621558383320445551e-01 1.986572050753145635e-01 1.003485446519210463e-02 7.412682392538663678e-02
9.215102354388042538e-03 3.857568556440816622e-03 1.190521730554244262e-01 4.530104138303500672e-03 4.661478289822073434e-02 6.070529881490045743e-03 1.410319251508252436e-01 1.376928691132332239e-01 6.173934747017648106e-03 0.000000000000000000e+00 0.000000000000000000e+00 7.379763317372712433e-03 0.000000000000000000e+00 0.000000000000000000e+00 1.012958219398001070e-01 0.000000000000000000e+00 4.655429408581426148e-02 3.689378214501425057e-02 1.434498433441425969e-01 5.792389196060786748e-03 1.832982957298049569e-03 6.694594680592421722e-03 3.726906920561394443e-02 1.884244674713407737e-03 1.367142245582337323e-01
9.770832087530308130e-02 6.643088309129947452e-03 7.290155256571284603e-03 9.186795863120211791e-03 7.029166536070451110e-02 3.634943413889021434e-03 2.077159307323261234e-02 1.236753144676522587e-01 5.378543445536674433e-02 9.105359399475250470e-02 2.757094414899177379e-03 1.251582035312439820e-03 0.000000000000000000e+00 6.197387964010057926e-04 7.011687650403423955e-02 1.346245518100348034e-03 1.448169312383802143e-01 4.830087112714933142e-03 1.410717705682575096e-01 4.943296662062372088e-02 1.781442088514527790e-03 8.959063493756655450e-02 4.854452967560767170e-03 2.465703264115922787e-03 1.023568863796481482e-03
7.497037393532842396e-03 5.331077734744066321e-02 9.013496741615106833e-02 2.129971505602869068e-03 1.628946497912553068e-02 3.646229082563502873e-03 1.327295948156386185e-01 1.419580457428363807e-01 4.208000313118204216e-02 2.100513845652718023e-02 6.621023081903427369e-04 6.364638260193417746e-03 0.000000000000000000e+00 1.026613702807485391e-03 1.053929082550693515e-02 1.817513070588077035e-03 1.527887503356264998e-01 3.411943291662895839e-02 1.435805049032330138e-01 0.000000000000000000e+00 0.000000000000000000e+00 5.467852850037889512e-03 5.939412984101504617e-02 3.807598375615764766e-03 6.965034273995579506e-02
8.924567935207425307e-02 3.200686690103606968e-03 1.721087253901422073e-02 0.000000000000000000e+00 6.044260985177137002e-03 2.976481681092734734e-03 1.352731216125023506e-01 1.616521679256526789e-01 6.127682203521388725e-03 9.067021093273962967e-03 9.235539238203577597e-03 3.033378479432810235e-02 6.526103370291127083e-04 1.664814186672950672e-03 1.819294585952708487e-01 1.116320408416655689e-02 9.966283037396750019e-03 6.221392112121957446e-02 4.626582313740242036e-02 1.264140391226302972e-02 0.000000000000000000e+00 0.000000000000000000e+00 1.769995813925780148e-02 1.828210377870212369e-03 1.836070149565066367e-01
5.801314231741122596e-02 0.000000000000000000e+00 8.106081234313267103e-02 5.957391477455263075e-03 2.128055838095138218e-03 0.000000000000000000e+00 1.158821842983639022e-01 1.262313238653604286e-01 1.378671029938054182e-02 1.154522386437500658e-01 3.037518177561282853e-03 4.870636602269049625e-02 1.000491392053360316e-02 0.000000000000000000e+00 1.174210547369466257e-01 0.000000000000000000e+00 4.533634496196294918e-03 2.925280314136418421e-03 1.825351704150413035e-02 3.088530240218046591e-02 4.276896962893239618e-03 1.751929116868693875e-02 1.646665217762728964e-02 5.039384826042708071e-02 1.570638652356668441e-01
1.517578072909469278e-01 8.791291202089953835e-03 5.747997742490746319e-03 3.450321586365412072e-03 5.712251142412719945e-02 0.000000000000000000e+00 1.855746294533186860e-02 1.166790296510842873e-01 6.520680455899259542e-02 6.068171446561494188e-03 0.000000000000000000e+00 8.756887790253953946e-03 1.666697668284166961e-04 6.349298437633868562e-04 3.801489724422545124e-02 4.188317631193502408e-03 1.115445866589497986e-01 1.335928664566836122e-01 7.558310838103059204e-02 4.433308759962419771e-03 1.266045932390442129e-03 1.243525166380198971e-01 2.163226456897960476e-02 9.444116121910166653e-03 3.300808635781821848e-02
3.501906326629193687e-03 6.433242739326658528e-03 1.112107067949890671e-01 9.134265980747643607e-04 9.761189799799866937e-03 4.293659614813904557e-04 9.025289633873408114e-04 3.479099844239180034e-02 0.000000000000000000e+00 9.769216277337650078e-02 5.540404314997965721e-03 1.697333758182972829e-01 1.991792240632103694e-03 4.872059005896264687e-04 1.316990879606871612e-01 3.724066527712076996e-02 3.928447793945195887e-02 9.156860411574817282e-02 0.000000000000000000e+00 5.834973322695820612e-04 0.000000000000000000e+00 4.222646638456341653e-03 6.882456485444830505e-03 6.077233343311439634e-02 1.843579241437333094e-01
1.322067493746745780e-02 1.594646918119918327e-03 8.115304030703709981e-02 6.735663234987422122e-03 3.197546006406574819e-03 0.000000000000000000e+00 1.682736925256459737e-01 1.401310158146812090e-01 3.053720748716786532e-02 2.324171575956638161e-02 4.408236767927894723e-04 1.047464932590727038e-01 4.341786205676673865e-03 5.278978633316173952e-04 2.031169403149260533e-01 1.471966280390065747e-05 0.000000000000000000e+00 4.520686611862273496e-02 1.354518836569193647e-02 2.655683423831341899e-02 2.579247079037505930e-03 4.270613284059540660e-02 7.107625015128422874e-02 4.942360630599905436e-03 1.211325660217124796e-02
9.911986102029250734e-03 7.598866447931238235e-03 1.270987088513554353e-01 1.504558031987304409e-02 1.130412848783124702e-01 0.000000000000000000e+00 1.473143285764833346e-03 1.071419620614393470e-01 3.168611356863651040e-03 1.725972527390039722e-03 2.288976867192299425e-02 3.672878425150687826e-02 1.807228612025740117e-03 0.000000000000000000e+00 8.355995872850593628e-04 0.000000000000000000e+00 8.728732084414266013e-02 9.331654524683045265e-03 1.473368294705659776e-01 1.543158818380663613e-02 8.849858187370408628e-04 2.796974002132906340e-02 1.099659542161545295e-01 3.413043362639557599e-02 1.191939963404856223e-01
5.933538649547937492e-03 1.880442649024569946e-03 1.536568235193560006e-01 5.558766299900191193e-02 1.143435528438910831e-01 1.283372466822946907e-03 9.492559709902193693e-03 8.414118604945088065e-02 1.338808715215432377e-02 3.400973892093501344e-02 0.000000000000000000e+00 1.692493155781446199e-02 7.370347243268987603e-03 0.000000000000000000e+00 1.556679128483958174e-01 6.552542379836958720e-04 9.816165957834876912e-04 4.188700844987232157e-03 2.071618571855656302e-02 5.998105179111177382e-04 0.000000000000000000e+00 6.099450818050196343e-03 3.888862547514279622e-02 6.932566150983467124e-02 2.048645376721841271e-01
