2.914342959166837596e-02 6.076772315263900825e-02 0.000000000000000000e+00 8.136439081561702702e-02 4.102532410695882564e-03 7.357578481578545826e-02 0.000000000000000000e+00 0.000000000000000000e+00 7.727147595924371013e-04 0.000000000000000000e+00 0.000000000000000000e+00 0.000000000000000000e+00 9.336039214112825529e-03 0.000000000000000000e+00 4.059828306084341948e-02 1.847129710003323280e-02 1.790322651803425702e-01 1.431894213039439367e-01 1.905535001715639443e-01 1.690926184231617557e-01
0.000000000000000000e+00 0.000000000000000000e+00 1.054964134526340108e-01 2.289712009688881222e-01 6.179527860151059517e-03 2.334935789442199316e-01 0.000000000000000000e+00 4.254227245730117513e-02 7.886924097545579271e-02 0.000000000000000000e+00 0.000000000000000000e+00 1.476379467777492183e-01 4.289523954447250348e-02 2.662120555703599220e-02 0.000000000000000000e+00 0.000000000000000000e+00 4.418781591494588649e-03 1.022028870426104803e-03 0.000000000000000000e+00 8.185256300017146325e-02
0.000000000000000000e+00 1.349060734534758554e-01 0.000000000000000000e+00 9.413163518372107130e-02 1.961625984001889866e-02 1.697558455128353114e-02 9.816116586442334702e-02 9.191749407742554057e-02 1.512891513521643083e-01 0.000000000000000000e+00 6.783686342467931327e-03 4.572320588770153668e-03 0.000000000000000000e+00 1.646527770020188991e-02 3.920760763533478327e-02 1.050333483113500242e-02 4.213277385123505975e-04 1.665858845477487813e-03 1.263604494083048757e-01 1.870227725872831148e-01
1.490310971315195708e-03 9.101047863359031098e-02 0.000000000000000000e+00 1.592231789148586540e-01 3.820053889810656744e-02 1.215360308902277697e-01 6.025246627670786601e-03 6.322884884879927114e-02 1.374406776644565287e-01 0.000000000000000000e+00 2.586026548064692971e-03 1.152662784025634268e-01 0.000000000000000000e+00 0.000000000000000000e+00 8.808900607660466800e-03 6.904855186084949206e-03 0.000000000000000000e+00 1.060534382964402507e-02 1.605120848768336606e-01 7.716119910012367300e-02
0.000000000000000000e+00 6.197511923254657440e-02 0.000000000000000000e+00 1.074071964855596167e-02 1.804290374725748269e-01 1.744459681516565257e-03 0.000000000000000000e+00 1.736980664793568441e-01 0.000000000000000000e+00 5.075363859070657763e-03 5.434907296199513807e-03 4.256769793199399743e-02 0.000000000000000000e+00 9.512485509799764247e-03 5.360386356750260380e-03 0.000000000000000000e+00 0.000000000000000000e+00 1.426624803882690917e-01 1.692741771534974071e-01 1.915250989898683864e-01
1.185360448809878869e-01 8.566911373983819578e-02 0.000000000000000000e+00 0.000000000000000000e+00 2.585608618837186845e-01 0.000000000000000000e+00 2.750081307072313030e-03 1.674548649127111447e-02 8.133868633649119981e-03 1.348557503558998338e-01 0.000000000000000000e+00 1.307962106582052642e-01 0.000000000000000000e+00 0.000000000000000000e+00 0.000000000000000000e+00 5.141325075364611835e-02 0.000000000000000000e+00 2.231642146883774935e-02 1.610279350764730055e-01 9.194974750400708441e-03
1.298253693169658905e-02 1.090665567137586445e-01 0.000000000000000000e+00 2.432212111521152992e-02 1.530637118458088586e-01 1.394390851736052872e-01 0.000000000000000000e+00 3.625502647968963099e-02 5.563877694420267528e-02 0.000000000000000000e+00 6.982754313906605441e-03 3.413622592042198090e-02 0.000000000000000000e+00 8.105227140985221679e-02 6.259522883970224279e-03 2.746651457302646832e-03 1.042632236671328649e-01 4.451071941061637144e-02 1.740537936532153829e-01 1.522702207960852788e-02
0.000000000000000000e+00 2.842089003366435676e-02 2.391216731214928712e-03 1.078980581691718621e-01 0.000000000000000000e+00 1.141873270482151176e-01 1.009954641798984643e-01 1.620897476651370628e-01 0.000000000000000000e+00 0.000000000000000000e+00 0.000000000000000000e+00 0.000000000000000000e+00 8.310414332164169082e-02 0.000000000000000000e+00 0.000000000000000000e+00 7.109236658042704209e-03 0.000000000000000000e+00 6.180405537167252272e-02 3.319998608213411972e-01 0.000000000000000000e+00
2.243028309251082417e-02 0.000000000000000000e+00 0.000000000000000000e+00 2.016642963281072565e-01 1.301505289337573541e-02 9.535631171356016844e-02 2.163995750907931823e-02 1.475217484894279230e-01 3.668742397226867208e-02 3.045793459511735718e-02 0.000000000000000000e+00 1.186732098804461760e-01 0.000000000000000000e+00 1.188730277993885753e-01 9.784090106509733820e-02 4.536664610055493596e-02 3.376712845976933414e-02 9.704066131393723283e-04 1.301213941917780600e-02 2.723532068979024612e-03
7.169176230020843366e-02 1.343742659157010633e-01 1.096340716220704087e-02 8.616875779468673169e-03 1.658694185888811012e-01 1.729472090867356648e-01 3.105269451606401925e-03 1.751825707207042837e-02 3.201254263686097168e-02 0.000000000000000000e+00 0.000000000000000000e+00 4.196334282885923195e-02 0.000000000000000000e+00 8.791639155339616568e-03 1.579517323951563634e-01 8.021086416114030226e-02 0.000000000000000000e+00 0.000000000000000000e+00 4.623002043789506410e-02 4.775339302786951040e-02
0.000000000000000000e+00 3.805582091314635429e-02 0.000000000000000000e+00 4.251795715551472295e-03 1.208293678927396114e-01 0.000000000000000000e+00 0.000000000000000000e+00 0.000000000000000000e+00 3.341111756462496890e-02 0.000000000000000000e+00 0.000000000000000000e+00 3.843475749080071252e-02 1.658346559702882361e-01 1.646837454142589113e-02 8.096818177573492092e-02 0.000000000000000000e+00 6.485013687019314244e-03 1.665268953392281259e-01 1.940800961726975027e-01 1.346539229367430257e-01
0.000000000000000000e+00 7.328553035039077346e-02 0.000000000000000000e+00 0.000000000000000000e+00 0.000000000000000000e+00 1.089006824177434218e-01 2.058192597281309488e-02 9.005898468231619824e-02 1.603022493402567542e-02 1.547004115265313831e-03 1.701633919575268772e-04 1.649094618815222235e-01 1.960769640083282195e-01 0.000000000000000000e+00 6.294286282513624105e-03 3.349221260313142885e-03 0.000000000000000000e+00 1.462061284215133983e-01 0.000000000000000000e+00 1.725894222812974499e-01
1.850703340377527623e-02 1.549006353361019606e-01 1.223765056916431993e-03 0.000000000000000000e+00 8.525119744970085026e-03 1.367918498724278453e-01 0.000000000000000000e+00 5.770637539751274914e-02 5.845515983403521548e-02 2.350882988961450204e-02 2.187969949660463834e-02 1.348952224309119541e-01 1.750154400518639242e-01 1.010663814184529011e-03 2.683229699783192673e-02 0.000000000000000000e+00 0.000000000000000000e+00 0.000000000000000000e+00 5.487384940668962180e-02 1.258740592665594238e-01
1.663277626379887075e-01 1.085876846379369293e-01 0.000000000000000000e+00 0.000000000000000000e+00 1.529524591652912761e-02 1.545727141865270438e-01 0.000000000000000000e+00 3.623107911746390603e-03 0.000000000000000000e+00 0.000000000000000000e+00 0.000000000000000000e+00 2.169651209038075679e-01 1.075116976631763921e-01 2.043601566317973170e-02 3.723419864455068673e-02 1.535936088857334583e-03 1.191558331092222416e-02 2.182121297522723186e-02 1.083241026102338689e-01 2.584961684931672346e-02
4.990587396115616324e-03 1.456913430691552658e-01 8.456956676648814952e-03 0.000000000000000000e+00 1.443561173710772305e-01 1.253226352734507498e-01 0.000000000000000000e+00 1.229095519357823740e-01 6.389390169690659094e-02 0.000000000000000000e+00 0.000000000000000000e+00 0.000000000000000000e+00 0.000000000000000000e+00 1.215862222134203412e-02 1.399629741006838957e-01 3.619858669243161860e-03 6.065029473427020236e-03 2.006867979230150464e-02 1.995935826108118441e-02 1.825443840627846426e-01
0.000000000000000000e+00 1.148293272882558515e-05 0.000000000000000000e+00 0.000000000000000000e+00 4.127358524341610130e-02 0.000000000000000000e+00 0.000000000000000000e+00 8.210919797118161959e-03 1.569021036343803410e-01 0.000000000000000000e+00 0.000000000000000000e+00 3.879949345534049882e-02 6.168233644483077371e-02 0.000000000000000000e+00 1.459463706432609885e-02 0.000000000000000000e+00 0.000000000000000000e+00 9.975770179353538047e-02 3.063302241536965953e-01 2.724375154806271127e-01
8.656103451358965195e-02 0.000000000000000000e+00 0.000000000000000000e+00 0.000000000000000000e+00 6.444685979652045593e-02 1.406382355275055118e-01 2.926091864637313245e-02 1.047850251607807259e-01 9.313510102666051893e-02 0.000000000000000000e+00 7.958429641983101599e-02 8.102536326090610530e-02 0.000000000000000000e+00 3.464039924022326716e-02 0.000000000000000000e+00 6.216981421057820451e-03 1.109696648326383324e-02 2.210561026240760209e-03 5.858020843871421246e-02 2.078180490383330914e-01
3.767027811233941616e-03 1.045099161499931928e-01 0.000000000000000000e+00 0.000000000000000000e+00 1.353452679643923039e-02 1.424463506954767034e-01 0.000000000000000000e+00 1.474240631673680579e-01 2.301231464883405839e-02 0.000000000000000000e+00 0.000000000000000000e+00 1.057715325934867195e-01 3.448900836556235971e-02 9.518333424550752542e-03 0.000000000000000000e+00 0.000000000000000000e+00 1.400306196274490357e-02 1.096066379101861589e-03 1.588112693339970016e-01 2.416165286712113058e-01
1.209742753581963259e-02 1.269964432992793657e-01 0.000000000000000000e+00 3.379297874659247802e-01 7.428946217656773321e-02 0.000000000000000000e+00 0.000000000000000000e+00 0.000000000000000000e+00 7.231009288836329207e-02 0.000000000000000000e+00 0.000000000000000000e+00 0.000000000000000000e+00 1.029870507844219156e-03 0.000000000000000000e+00 1.775248825589642587e-01 0.000000000000000000e+00 0.000000000000000000e+00 1.499585633769395798e-01 2.785947790573377152e-03 4.507752239972399183e-02
0.000000000000000000e+00 4.523460458222142155e-02 0.000000000000000000e+00 0.000000000000000000e+00 1.488877463023037251e-01 5.085542797997498476e-02 1.413921333737414888e-02 1.526343754428838850e-01 5.911425323666025244e-02 0.000000000000000000e+00 0.000000000000000000e+00 2.533625867397434894e-02 0.000000000000000000e+00 9.455368500558701539e-02 4.898691900056543341e-02 0.000000000000000000e+00 0.000000000000000000e+00 1.025498956362083311e-02 1.643249306466849080e-01 1.856775962281490555e-01
0.000000000000000000e+00 7.743704922429335558e-02 0.000000000000000000e+00 3.258914482708131360e-02 1.402817030792844095e-02 1.236748770919246648e-01 1.868864254979976398e-03 1.065163902050203087e-01 0.000000000000000000e+00 0.000000000000000000e+00 3.486986243942293527e-03 2.089666008534213082e-01 2.050573095534287960e-01 1.614903474260014765e-02 4.056322117236322439e-02 9.876729566018210490e-03 0.000000000000000000e+00 0.000000000000000000e+00 0.000000000000000000e+00 1.597856219569979974e-01
0.000000000000000000e+00 1.438781235274471382e-01 0.000000000000000000e+00 1.332860751114195311e-03 1.336690883350498404e-02 5.179148332460310061e-02 1.315199958657312269e-02 1.703532432881123271e-01 1.296141448455976480e-02 0.000000000000000000e+00 0.000000000000000000e+00 5.655140391139856088e-02 2.689783342941775082e-02 9.808053633378173430e-03 1.344708882241499870e-01 1.006033541760152292e-02 0.000000000000000000e+00 1.555518243238789011e-01 4.628846338896879659e-02 1.535351638752916748e-01
0.000000000000000000e+00 1.441556171296142774e-01 0.000000000000000000e+00 6.570980959253167920e-03 4.777666936037716812e-03 1.443795153353709115e-01 4.272639409678191669e-02 1.794659132655519913e-03 6.542444157273458183e-02 0.000000000000000000e+00 0.000000000000000000e+00 1.414774377200339606e-01 1.234916398222508788e-01 0.000000000000000000e+00 1.059684939365035210e-02 0.000000000000000000e+00 0.000000000000000000e+00 4.802746412358380179e-02 1.700839591740738732e-01 9.649337460395898680e-02
1.072023399435170429e-02 1.243147589748938575e-01 1.661267596717387260e-02 2.845097281552912832e-02 4.399640861428778804e-02 2.468456595504366080e-01 7.194205398384279949e-03 1.564568174251467214e-01 0.000000000000000000e+00 0.000000000000000000e+00 0.000000000000000000e+00 2.431079960958403181e-03 2.857681133792805764e-02 0.000000000000000000e+00 0.000000000000000000e+00 0.000000000000000000e+00 2.770300416753841786e-03 7.948877037821888009e-03 1.498945543708846417e-01 1.737866441354491143e-01
6.086654915386185277e-02 2.568353653694990107e-02 1.960532215855081712e-03 6.173786325315754747e-02 1.568404141319278133e-01 0.000000000000000000e+00 1.256048291650485871e-01 3.298039994449920159e-02 0.000000000000000000e+00 0.000000000000000000e+00 0.000000000000000000e+00 0.000000000000000000e+00 9.211508921963490124e-03 1.354992053473174640e-01 6.135834791729685017e-02 9.276998190313186926e-03 4.919453898351610482e-02 3.004174026733207742e-02 5.187918850669804433e-02 1.878643474642627542e-01
6.704306684923480586e-02 1.290505777180763480e-01 7.734439925195584712e-04 0.000000000000000000e+00 0.000000000000000000e+00 0.000000000000000000e+00 2.412981874950944836e-02 4.568761487313859060e-02 2.035006094629848716e-01 0.000000000000000000e+00 4.187499161717586627e-02 2.225769315431893325e-01 0.000000000000000000e+00 1.063620318460296865e-02 2.361407158646392987e-02 0.000000000000000000e+00 1.345461810683853399e-01 5.612519143283251771e-02 2.723554042702060543e-02 1.320575749486583607e-02
1.756495765309126766e-02 1.171710751063302913e-01 0.000000000000000000e+00 1.925111628028993160e-01 1.713143795469225300e-03 1.765043389576563815e-01 1.487601681672189383e-02 1.405681150661239887e-01 0.000000000000000000e+00 0.000000000000000000e+00 0.000000000000000000e+00 1.179494211088536332e-01 0.000000000000000000e+00 0.000000000000000000e+00 1.527664636205356141e-01 1.657118129755728517e-02 3.145538914643927764e-02 7.105909965341204206e-03 1.324282466298068103e-02 0.000000000000000000e+00
1.455278110056469534e-03 1.264207373947657531e-01 1.301575346051302151e-02 1.232619940477137042e-02 0.000000000000000000e+00 1.711934473103451648e-01 0.000000000000000000e+00 1.478128386523375470e-01 2.307595673820267423e-02 3.808120116432831925e-04 0.000000000000000000e+00 1.356573854315466232e-01 0.000000000000000000e+00 0.000000000000000000e+00 0.000000000000000000e+00 0.000000000000000000e+00 8.361682700154970949e-03 3.157684135148065147e-02 1.591017493955949602e-01 1.696213180385874875e-01
0.000000000000000000e+00 1.884343536533322760e-02 0.000000000000000000e+00 4.549855027142791488e-04 6.101417602483810015e-02 4.035197832345432728e-04 1.922234012811194909e-02 1.476194487102065744e-01 0.000000000000000000e+00 0.000000000000000000e+00 4.329617709646047669e-03 2.575365950514854618e-01 1.566525955669731129e-01 0.000000000000000000e+00 2.589788933820340658e-02 0.000000000000000000e+00 0.000000000000000000e+00 6.211917388623394709e-02 6.663175756542048800e-02 1.792744653675988620e-01
4.715256720427771393e-03 1.394917146206804404e-01 0.000000000000000000e+00 2.262307056860625790e-02 4.980140330508557589e-02 1.120561676155280989e-01 1.122281822900605660e-03 8.855753788227145595e-02 1.593424768522078427e-01 1.040509135911684389e-02 0.000000000000000000e+00 3.176141064801773356e-02 8.169903937511579714e-03 0.000000000000000000e+00 1.859836531617638233e-01 2.170914183093456979e-04 1.707190042341759084e-01 0.000000000000000000e+00 1.006157998220864186e-02 4.972355871187967603e-03
0.000000000000000000e+00 1.756500966636450056e-01 0.000000000000000000e+00 3.013101573069461477e-03 7.379765558508996626e-02 3.508291872920004523e-02 1.916275051578371358e-02 1.068838758683234441e-01 7.928081255238549063e-03 0.000000000000000000e+00 1.565682224784117633e-03 1.851834024137340440e-01 1.408435637738170501e-02 0.000000000000000000e+00 2.728501764774920318e-02 0.000000000000000000e+00 9.694666982765784424e-02 0.000000000000000000e+00 8.408429434381979595e-02 1.693320969745230886e-01
0.000000000000000000e+00 8.410567757322565119e-02 0.000000000000000000e+00 3.656708701397713701e-02 0.000000000000000000e+00 1.296231880392753610e-01 2.149876222327575317e-02 9.345147207411709511e-02 1.942224220677115365e-01 0.000000000000000000e+00 0.000000000000000000e+00 1.134885893416332087e-01 0.000000000000000000e+00 0.000000000000000000e+00 6.374270531018076322e-03 0.000000000000000000e+00 1.591018135181409068e-02 3.359863929518369543e-04 1.477942876875570632e-01 1.566280757034430871e-01
9.680064890135788372e-03 0.000000000000000000e+00 0.000000000000000000e+00 5.266114742581923941e-02 9.200937274128997978e-02 5.314610241730590573e-02 1.260438382381732364e-02 1.464120003155814920e-01 8.440004745326279423e-02 1.113346987931760901e-01 0.000000000000000000e+00 7.704097544238881767e-02 4.845904564790609603e-02 5.708118226912027669e-04 5.917976194359055031e-02 1.317402208874280355e-02 0.000000000000000000e+00 2.200798579134958730e-02 7.744064981718119280e-03 2.095755144212243515e-01
1.791468744282047332e-02 9.336082698802466995e-02 4.099769292560749567e-02 0.000000000000000000e+00 7.056258238535349780e-02 1.832161146513658356e-01 3.262004723259464244e-03 1.791554908524543022e-01 7.859327270365244755e-02 6.587447181178632608e-03 0.000000000000000000e+00 1.491105079790847610e-01 1.059855851295405799e-01 0.000000000000000000e+00 0.000000000000000000e+00 3.354440913580052086e-02 0.000000000000000000e+00 1.171765265897208941e-03 3.653761263596012193e-02 0.000000000000000000e+00
4.642492391066316282e-03 7.145367202169830567e-02 0.000000000000000000e+00 1.723277473608181842e-01 2.498110146955591360e-02 1.193629539604970785e-01 6.768440545904573502e-02 1.866817267157512283e-01 5.059636379600150613e-02 0.000000000000000000e+00 0.000000000000000000e+00 6.726808927522473502e-02 2.656611864007644205e-03 0.000000000000000000e+00 0.000000000000000000e+00 0.000000000000000000e+00 0.000000000000000000e+00 3.749384643817757490e-02 1.750277052891773544e-01 1.982328395897835563e-02
2.303509170369595974e-02 6.610001232323266251e-02 0.000000000000000000e+00 4.565565946869145318e-03 1.678674318071151361e-01 4.892084924000805746e-02 4.062922907295093977e-02 6.738565962675894909e-03 1.888029618230372408e-01 0.000000000000000000e+00 0.000000000000000000e+00 1.337390292327878816e-01 0.000000000000000000e+00 0.000000000000000000e+00 2.594418086110274971e-03 2.813404155735790401e-03 1.101307359831413396e-01 0.000000000000000000e+00 1.962387655073775244e-02 1.844388281119019035e-01
1.279829613633557024e-02 9.977366182246701770e-04 5.103526525705655813e-03 1.353466705119805991e-01 4.981636728068854908e-02 1.933235489932167567e-02 3.651721943069013987e-02 5.313884625452158783e-02 0.000000000000000000e+00 0.000000000000000000e+00 0.000000000000000000e+00 1.076012537103604033e-01 6.642037275837068405e-03 1.631244348241356890e-01 1.685234838095638898e-01 5.964729782864879688e-04 0.000000000000000000e+00 4.360481303217284867e-03 1.568772813381554346e-03 2.345320456277492360e-01
3.550240323960958400e-03 7.576637339009477173e-04 3.055740307366475086e-03 0.000000000000000000e+00 1.618296115038951877e-01 5.714618153608914258e-02 0.000000000000000000e+00 1.657761082491468474e-02 1.531090115848759703e-01 0.000000000000000000e+00 1.355037612657746665e-02 5.626500608153492400e-02 0.000000000000000000e+00 0.000000000000000000e+00 0.000000000000000000e+00 0.000000000000000000e+00 1.388942079202258595e-02 1.788935222298926875e-01 1.738655826298449725e-01 1.675100323251239587e-01
2.857279556178771336e-03 7.225892376386877647e-03 1.671607983343472272e-03 1.781533764270730805e-02 1.785543835359136022e-01 4.764714133906373245e-02 1.078848007753640120e-01 0.000000000000000000e+00 4.727830511869880736e-02 0.000000000000000000e+00 9.700937537616471928e-03 1.779832137409086829e-02 6.337774340710921293e-03 7.509263618956929509e-02 1.910535035514661639e-01 1.059558873212496956e-02 1.556553945880466139e-01 9.319786252445906582e-02 1.969517988893348254e-02 9.938052945325372839e-03
0.000000000000000000e+00 1.351161225286321155e-01 0.000000000000000000e+00 1.854598859899427368e-02 1.704531729828651643e-01 7.575121728525786857e-02 1.179272084095753006e-05 0.000000000000000000e+00 8.655219824025067732e-02 0.000000000000000000e+00 0.000000000000000000e+00 2.162595952733462404e-02 1.911771712448905383e-02 1.703543808970761908e-01 1.455984487589999932e-01 0.000000000000000000e+00 2.468989131579687676e-02 1.981116157766736954e-02 1.993410546394984439e-02 9.243784297784483905e-02
7.674425653145820758e-03 8.491071746670963982e-02 0.000000000000000000e+00 1.237043269547276059e-01 0.000000000000000000e+00 1.412565327075997745e-01 7.005317860280311018e-03 5.289860196937840042e-02 0.000000000000000000e+00 0.000000000000000000e+00 0.000000000000000000e+00 6.602190035936619794e-02 1.659832595440148897e-02 0.000000000000000000e+00 1.416407992633357815e-01 1.209495992017540003e-02 8.401762676805740737e-02 0.000000000000000000e+00 4.118543761268321501e-02 2.209910275101390764e-01
1.367124475421141183e-01 1.379389184141065761e-01 1.491704505139849818e-03 3.805148298218447717e-02 0.000000000000000000e+00 1.607919168284493716e-01 0.000000000000000000e+00 1.175420695705455404e-01 1.928215473454466256e-01 0.000000000000000000e+00 0.000000000000000000e+00 0.000000000000000000e+00 0.000000000000000000e+00 4.099088591345716182e-03 3.785367868716399409e-02 6.435528887102776041e-02 2.878272657455829137e-02 0.000000000000000000e+00 0.000000000000000000e+00 7.955913008791780372e-02
0.000000000000000000e+00 1.218942679585605371e-01 0.000000000000000000e+00 0.000000000000000000e+00 1.859097734714099670e-01 9.584412233808317638e-02 0.000000000000000000e+00 0.000000000000000000e+00 0.000000000000000000e+00 0.000000000000000000e+00 0.000000000000000000e+00 6.138245438072413573e-02 0.000000000000000000e+00 0.000000000000000000e+00 6.398198184232373187e-03 2.242240329852871090e-03 1.147254441609064056e-02 1.767474540531197291e-01 1.543110381928153030e-01 1.837979066751112556e-01
0.000000000000000000e+00 1.348932498711994110e-01 6.230173391237218278e-03 8.736372991551422107e-02 1.820246443209320303e-02 2.717567654325566545e-02 2.672508181734562817e-03 5.147171894681887294e-02 4.642215408515913688e-03 0.000000000000000000e+00 0.000000000000000000e+00 1.173899222407784326e-01 1.496331942027492867e-01 2.130227119416813406e-02 3.174821216036854271e-02 0.000000000000000000e+00 2.217277424326758173e-01 9.091437986754449807e-03 2.468068495380072377e-02 9.177479813833552824e-02
0.000000000000000000e+00 6.786247843682942371e-02 1.086295392076582281e-02 8.411868534400146480e-02 1.573070280288204059e-01 1.176144290149424565e-01 9.382884339434091614e-02 0.000000000000000000e+00 1.321305925897755564e-02 4.645919853139920778e-03 0.000000000000000000e+00 1.318956869124348896e-01 0.000000000000000000e+00 2.524655313716134969e-02 1.180472622889538158e-02 0.000000000000000000e+00 4.281931483893500895e-02 0.000000000000000000e+00 1.628100951942851038e-01 7.597022643647022289e-02
8.847092944710442664e-03 1.058549493262699037e-01 0.000000000000000000e+00 1.263882842624385570e-02 1.474518188243041563e-03 6.779728109293677030e-02 9.918787352378773819e-03 1.550761919708056602e-01 1.836200384861890952e-02 1.159029202674328879e-01 9.552449170978661100e-03 1.268533593756092327e-03 1.113950417579607360e-01 7.352412789010701055e-02 1.569175349401751851e-01 0.000000000000000000e+00 1.008228937172279960e-01 0.000000000000000000e+00 4.360824628684037418e-02 7.038599225313720356e-03
1.103406569003146515e-01 0.000000000000000000e+00 0.000000000000000000e+00 0.000000000000000000e+00 1.883337263207796042e-01 1.391922353756484543e-01 3.163537677449457242e-02 8.807274669795370214e-02 2.104122791211473706e-02 0.000000000000000000e+00 1.062109180133474209e-03 3.830299043978042939e-02 2.458360745558016425e-02 1.493247983308103322e-02 0.000000000000000000e+00 0.000000000000000000e+00 3.365239036908748010e-02 0.000000000000000000e+00 1.213238373834030631e-01 1.875266153576286288e-01
1.708826566149258819e-02 7.807850240008770704e-02 1.319163867599048787e-02 1.615979199557756318e-01 1.443668258997053699e-01 1.964144694924953027e-01 0.000000000000000000e+00 0.000000000000000000e+00 1.804541274635814221e-02 0.000000000000000000e+00 0.000000000000000000e+00 4.519533894955879427e-02 0.000000000000000000e+00 0.000000000000000000e+00 1.238910442398977185e-01 0.000000000000000000e+00 1.162320029575837216e-01 3.975425706834174316e-02 2.062351779573601621e-02 2.552080415697685276e-02
1.843654843207088653e-02 1.598654375332945743e-01 2.568935030028808922e-03 1.263793466859713943e-01 1.429254066284796169e-02 0.000000000000000000e+00 0.000000000000000000e+00 3.485863294419470210e-02 8.988934960904049198e-02 0.000000000000000000e+00 0.000000000000000000e+00 0.000000000000000000e+00 1.299892310569178144e-01 5.180355223375333190e-02 5.559141748332935978e-02 0.000000000000000000e+00 1.589587514977920946e-01 2.438165745751928043e-02 9.499455844811269256e-02 3.799004092512659608e-02
0.000000000000000000e+00 1.467341293633178112e-01 0.000000000000000000e+00 3.393732668299303049e-03 1.224772191967600926e-01 1.558475224136040560e-01 0.000000000000000000e+00 1.373884968920286720e-01 7.668456290868734537e-02 9.294794314355673756e-03 0.000000000000000000e+00 2.140116755678382957e-02 6.188878334171523873e-03 1.168935358144810623e-02 0.000000000000000000e+00 3.078453540126565094e-03 1.341857353044106915e-02 0.000000000000000000e+00 1.694316433051854531e-01 1.229714723947904487e-01
