0.000000000000000000e+00 7.299104693312584912e-04 4.182097947250876246e-02 7.333862334709373952e-04 1.059577567054119547e-02 3.105643088354844220e-02 1.225107892886883598e-01 0.000000000000000000e+00 0.000000000000000000e+00 6.658880809235973204e-03 0.000000000000000000e+00 1.020692174004689257e-01 0.000000000000000000e+00 7.582667273408221810e-03 1.330106465230763146e-01 0.000000000000000000e+00 1.747639040797288601e-01 1.191734552327762958e-01 1.360322541435630452e-02 2.801736275264884220e-03 1.638692043284210517e-02 0.000000000000000000e+00 0.000000000000000000e+00 4.712808784104155491e-02 1.693739866997115429e-01
2.534159670013614446e-02 4.135630624248515241e-02 1.312112784317882030e-01 5.783969023491918049e-02 1.274512221282932296e-03 3.932177146275986357e-02 1.513599127741580841e-01 5.530507145967818866e-02 0.000000000000000000e+00 0.000000000000000000e+00 0.000000000000000000e+00 6.629806565306882275e-03 0.000000000000000000e+00 0.000000000000000000e+00 0.000000000000000000e+00 0.000000000000000000e+00 0.000000000000000000e+00 2.314439256041124840e-02 0.000000000000000000e+00 0.000000000000000000e+00 1.588562450570942808e-01 2.274648394716757144e-02 2.981971374509423400e-03 1.330751465037605941e-01 1.495558144645421916e-01
8.814842557882733576e-02 0.000000000000000000e+00 4.503835941455986563e-02 7.151886240586914634e-03 4.000673361243584775e-02 0.000000000000000000e+00 7.637289672070023128e-02 2.284852731484314503e-02 7.097722799428515805e-02 0.000000000000000000e+00 0.000000000000000000e+00 1.160661716390407189e-01 1.133608883481750963e-02 0.000000000000000000e+00 1.357410405414855858e-01 2.367086993607638370e-02 0.000000000000000000e+00 8.381629169430761250e-02 0.000000000000000000e+00 1.152492671257559775e-01 0.000000000000000000e+00 2.700931898540518544e-02 0.000000000000000000e+00 4.656710051834913461e-02 8.999979384852337116e-02
5.785399972483689507e-02 0.000000000000000000e+00 0.000000000000000000e+00 6.273792503485960863e-04 1.049135915101579233e-02 3.881913292271571558e-02 5.441392862543786152e-03 0.000000000000000000e+00 1.169698045107102000e-02 8.056527117946513106e-02 0.000000000000000000e+00 6.597442195441247104e-02 0.000000000000000000e+00 0.000000000000000000e+00 2.084628301203801382e-01 0.000000000000000000e+00 1.094512560451119526e-01 9.134962064689604311e-02 2.423918658239127000e-03 4.859699590001827219e-03 0.000000000000000000e+00 1.284682293386409102e-01 0.000000000000000000e+00 1.552343132405887283e-01 2.828019486373184802e-02
2.049705762799348616e-02 0.000000000000000000e+00 6.642750825573730256e-02 0.000000000000000000e+00 2.328787354523221241e-03 2.228538600231212696e-02 1.207799375446927392e-01 1.796874434562979461e-01 0.000000000000000000e+00 7.609728280364923270e-02 0.000000000000000000e+00 1.324802649184125825e-01 1.374098410210805761e-02 0.000000000000000000e+00 3.387843476840065454e-02 0.000000000000000000e+00 3.785779115193724752e-03 0.000000000000000000e+00 2.175703365640137624e-02 0.000000000000000000e+00 0.000000000000000000e+00 1.062448069231439474e-01 2.534784932146714326e-02 1.746614441496665004e-01 0.000000000000000000e+00
1.693379573010348263e-02 2.524549942727993823e-03 7.025200798395671298e-02 0.000000000000000000e+00 0.000000000000000000e+00 4.449838666643372680e-03 1.473623846143092553e-01 0.000000000000000000e+00 2.017300168392065912e-02 1.452428435634695904e-02 0.000000000000000000e+00 0.000000000000000000e+00 3.517922854126125445e-03 0.000000000000000000e+00 1.151572141261532345e-01 1.066450860870043621e-01 0.000000000000000000e+00 2.413520990407316651e-03 3.794638632682575952e-03 1.114525698071093182e-02 1.541462745940577472e-01 1.535856316402053612e-01 0.000000000000000000e+00 1.413845247875327171e-01 3.199006632911104847e-02
5.922112358650728076e-02 7.537460684082648854e-02 0.000000000000000000e+00 1.989411112551793190e-02 1.373253501097799756e-01 0.000000000000000000e+00 1.564338652166260557e-01 2.154340594867437397e-01 0.000000000000000000e+00 7.522435500169435962e-02 0.000000000000000000e+00 0.000000000000000000e+00 0.000000000000000000e+00 0.000000000000000000e+00 1.689392247425610394e-01 1.430631661779683053e-02 0.000000000000000000e+00 0.000000000000000000e+00 2.904810587153847101e-02 1.226677768048816362e-02 0.000000000000000000e+00 0.000000000000000000e+00 5.660836659967851021e-03 0.000000000000000000e+00 3.087126705995175621e-02
8.846139132309152608e-02 2.744546984650696533e-03 8.548560414852106326e-02 5.013573316678948677e-02 1.106794797767843286e-01 2.228327615748360718e-03 5.330741708389024475e-02 7.998390376434315330e-02 1.601287544543149310e-02 0.000000000000000000e+00 0.000000000000000000e+00 0.000000000000000000e+00 0.000000000000000000e+00 0.000000000000000000e+00 1.019865843019514690e-01 0.000000000000000000e+00 1.271589381249871031e-01 3.408889120034856723e-02 8.826989093572200351e-02 0.000000000000000000e+00 0.000000000000000000e+00 1.433076865776054531e-01 0.000000000000000000e+00 1.055659376392045941e-02 5.592135786214489160e-03
2.592409692018678158e-02 1.038067910088262026e-02 9.905560532701018772e-02 8.572729840297005355e-02 1.988818455148599895e-02 0.000000000000000000e+00 0.000000000000000000e+00 1.405819774920892551e-01 1.951084844334513568e-02 7.122583274022893825e-03 0.000000000000000000e+00 5.992552419667342145e-02 0.000000000000000000e+00 0.000000000000000000e+00 3.248074608854494699e-02 0.000000000000000000e+00 2.690029224679278685e-03 4.390046765199157042e-02 4.555624611546666911e-03 0.000000000000000000e+00 1.530735771168689535e-03 1.621214287002584742e-01 1.467308286941809529e-02 2.257252581359177612e-01 4.420582923780812939e-02
0.000000000000000000e+00 0.000000000000000000e+00 6.072641735263491214e-02 1.001874563755258268e-02 3.910798151856983637e-03 0.000000000000000000e+00 1.535345966467932255e-01 3.630790911163631063e-02 1.184124674724331971e-01 0.000000000000000000e+00 0.000000000000000000e+00 8.963503218945291506e-02 5.565524373178044534e-03 0.000000000000000000e+00 1.943194493529385586e-02 9.358809918394220273e-02 0.000000000000000000e+00 1.638391026921628621e-02 1.477650741369997654e-02 0.000000000000000000e+00 0.000000000000000000e+00 5.057567239521117142e-03 1.658049275139841794e-01 7.261665782320171625e-02 1.342288946856023679e-01
0.000000000000000000e+00 6.677411385212556061e-02 1.171989744863231597e-01 2.606292853575896060e-02 2.507633211172168031e-02 0.000000000000000000e+00 3.872677968830205448e-03 1.070244495054801098e-01 6.836431348128650665e-02 7.739917430278174873e-03 0.000000000000000000e+00 0.000000000000000000e+00 0.000000000000000000e+00 0.000000000000000000e+00 5.679078319979662809e-02 0.000000000000000000e+00 1.178213296090431933e-01 1.506051118906876762e-01 1.288277287805027205e-01 0.000000000000000000e+00 7.138754931542754369e-04 4.265942474730388678e-02 0.000000000000000000e+00 5.534155222649508876e-03 7.493388368505773944e-02
0.000000000000000000e+00 0.000000000000000000e+00 5.536316286830759298e-02 1.172625683563638908e-02 7.756895526238349881e-02 0.000000000000000000e+00 2.582032851025931608e-01 1.648770191966185961e-01 9.540661328952922821e-03 9.768017685160494245e-04 0.000000000000000000e+00 0.000000000000000000e+00 0.000000000000000000e+00 0.000000000000000000e+00 0.000000000000000000e+00 2.444275557064286980e-02 0.000000000000000000e+00 1.434194812049373151e-02 1.319001549902863724e-01 8.932995033361578255e-03 1.293037549652910345e-02 1.242954857805656649e-01 4.846785268382506479e-02 2.284993411948273156e-02 3.358235584180477296e-02
0.000000000000000000e+00 0.000000000000000000e+00 1.375505336980279714e-01 0.000000000000000000e+00 1.646551466623857873e-02 1.499998871343474760e-02 1.515082808826828109e-01 9.680986790520311469e-02 3.132813945617146656e-02 1.762625926926170150e-02 0.000000000000000000e+00 0.000000000000000000e+00 0.000000000000000000e+00 0.000000000000000000e+00 1.983744330329682837e-03 6.484616598664051830e-03 1.274445858344805046e-02 3.180784511561900174e-02 1.102482116166721982e-01 0.000000000000000000e+00 1.498684016449618184e-02 1.880624380863447909e-01 1.324766600130552752e-01 1.796413075348669494e-02 1.695247014686360881e-02
9.264083743483657665e-03 0.000000000000000000e+00 0.000000000000000000e+00 0.000000000000000000e+00 1.340368792215428373e-01 0.000000000000000000e+00 1.616534481668963075e-01 1.148209037059772508e-01 0.000000000000000000e+00 3.860074206118176837e-02 5.670621817850354969e-04 4.604075152726108677e-02 0.000000000000000000e+00 1.226475514989675865e-02 4.297135693386838762e-02 0.000000000000000000e+00 0.000000000000000000e+00 6.538603452628098667e-02 2.943910349582721728e-02 0.000000000000000000e+00 0.000000000000000000e+00 0.000000000000000000e+00 1.621773755197609412e-01 1.147756264290587238e-03 1.816297475019471586e-01
0.000000000000000000e+00 0.000000000000000000e+00 0.000000000000000000e+00 0.000000000000000000e+00 5.338897560085027055e-02 0.000000000000000000e+00 5.983335695809102739e-02 0.000000000000000000e+00 0.000000000000000000e+00 3.856804279734476343e-02 0.000000000000000000e+00 2.330456494408016110e-03 7.251568519292160390e-03 0.000000000000000000e+00 5.165173493076390815e-02 0.000000000000000000e+00 1.514283897983340899e-01 1.316834678952562288e-01 7.033404701454487595e-02 0.000000000000000000e+00 0.000000000000000000e+00 8.360932683855522296e-02 2.245852257148134024e-01 0.000000000000000000e+00 1.253354074377461269e-01
1.920423652576020226e-02 1.160929095102907066e-01 3.567947488013680640e-02 9.293888384570653249e-03 1.215171241916995250e-02 0.000000000000000000e+00 2.313979523857709608e-01 8.697492829367587872e-03 2.594873425128758210e-02 0.000000000000000000e+00 0.000000000000000000e+00 0.000000000000000000e+00 0.000000000000000000e+00 0.000000000000000000e+00 1.560888337199261289e-01 0.000000000000000000e+00 0.000000000000000000e+00 6.304718941121786793e-04 0.000000000000000000e+00 1.177001258492323676e-01 0.000000000000000000e+00 3.705876367935386027e-04 5.720979639975432712e-02 1.460712663942972667e-01 6.346251691952986551e-02
1.060483214057192716e-02 1.069592906304975798e-03 4.651854032696195983e-03 6.021439365132783559e-04 1.174828642761885367e-01 0.000000000000000000e+00 1.056155928601052452e-01 1.512768316334260066e-01 8.706499642203957903e-03 7.593239235044832447e-02 0.000000000000000000e+00 7.464693828634591521e-02 0.000000000000000000e+00 6.879085852286597261e-03 5.721808552831140343e-02 0.000000000000000000e+00 8.273658157807918523e-02 0.000000000000000000e+00 1.365917621286078520e-01 7.877619866913046108e-04 0.000000000000000000e+00 1.608099736260894808e-01 4.387207235129901399e-03 0.000000000000000000e+00 0.000000000000000000e+00
1.364300746936422584e-03 8.942772166768125919e-02 6.805965178975326157e-02 0.000000000000000000e+00 0.000000000000000000e+00 0.000000000000000000e+00 1.220521990168215443e-01 1.425292158178142476e-01 7.501909478039152932e-04 3.414643553657869743e-03 0.000000000000000000e+00 0.000000000000000000e+00 3.992103439446667568e-02 0.000000000000000000e+00 5.430550705656204263e-02 0.000000000000000000e+00 0.000000000000000000e+00 0.000000000000000000e+00 1.277535866005162224e-01 3.533953091432046056e-02 5.527095334298693860e-03 2.426249829995034968e-01 5.539252616214160145e-03 0.000000000000000000e+00 6.139108654364981016e-02
8.657545569802600066e-03 1.780104536681243604e-02 0.000000000000000000e+00 0.000000000000000000e+00 2.142731256803267603e-03 0.000000000000000000e+00 1.845923212950746350e-01 1.753683828029224678e-01 0.000000000000000000e+00 2.401859920552617753e-02 0.000000000000000000e+00 3.430165142144363331e-03 0.000000000000000000e+00 0.000000000000000000e+00 1.754604688986516337e-01 3.786619447323282678e-02 0.000000000000000000e+00 1.573816467729581003e-01 0.000000000000000000e+00 0.000000000000000000e+00 3.060722548404523277e-03 0.000000000000000000e+00 1.581524956802939433e-02 2.423732001128202709e-02 1.701676070883555159e-01
3.881423656557165462e-04 0.000000000000000000e+00 1.223790304538026064e-01 1.352434625328346185e-01 8.078907870857699944e-03 4.208847528099114721e-03 8.346825039677714664e-03 7.022989710518022510e-02 7.716712530953073312e-04 7.009435102092501091e-02 0.000000000000000000e+00 0.000000000000000000e+00 0.000000000000000000e+00 7.957122095340427026e-03 1.327547506891777196e-01 0.000000000000000000e+00 6.722868848384254414e-02 7.990627261062675790e-02 0.000000000000000000e+00 0.000000000000000000e+00 0.000000000000000000e+00 2.968969613711317304e-02 2.670627981940802611e-03 4.796996647325065671e-02 2.120817403585799898e-01
6.375782745625427350e-02 2.052881252902001921e-02 0.000000000000000000e+00 1.019118759381531375e-02 7.850796483234422085e-02 0.000000000000000000e+00 4.651707939219506573e-03 1.584590038012526347e-01 0.000000000000000000e+00 8.291704837893290603e-02 0.000000000000000000e+00 0.000000000000000000e+00 0.000000000000000000e+00 3.923543135249046377e-04 1.395345315111808093e-01 4.730901180079459187e-03 1.635763674700050352e-01 0.000000000000000000e+00 3.070617853885644274e-02 0.000000000000000000e+00 4.916277516637874989e-03 1.499063530582100401e-01 0.000000000000000000e+00 0.000000000000000000e+00 8.722348388066644698e-02
0.000000000000000000e+00 0.000000000000000000e+00 1.170841796497228693e-01 2.715113506710267050e-02 8.700749280997299717e-02 0.000000000000000000e+00 1.751937423009970740e-02 1.156408276448775835e-01 0.000000000000000000e+00 1.213471544981516714e-01 0.000000000000000000e+00 1.727359305789339522e-02 0.000000000000000000e+00 0.000000000000000000e+00 1.221896335290326673e-02 0.000000000000000000e+00 1.346357725973723052e-01 1.434526157644263472e-02 0.000000000000000000e+00 0.000000000000000000e+00 0.000000000000000000e+00 6.707257759766019518e-03 0.000000000000000000e+00 1.660932435881022629e-01 1.629757441675925567e-01
3.927021847706547997e-02 0.000000000000000000e+00 5.012864571082230325e-02 0.000000000000000000e+00 0.000000000000000000e+00 0.000000000000000000e+00 1.784929841383298688e-01 0.000000000000000000e+00 9.298736398240163223e-03 7.483274806631864950e-02 0.000000000000000000e+00 7.780906087126704916e-03 3.679792808043157865e-02 0.000000000000000000e+00 1.032616766666675789e-01 3.503516232732321184e-02 0.000000000000000000e+00 7.175233651308626781e-02 1.113596489324578456e-02 0.000000000000000000e+00 1.320027903930129920e-01 1.301076623840008162e-01 0.000000000000000000e+00 1.182135929435276928e-01 1.888646920800868614e-03
0.000000000000000000e+00 1.565434822442091090e-02 1.422348796878476207e-01 0.000000000000000000e+00 1.229024376757994336e-02 0.000000000000000000e+00 1.396226157354990560e-01 1.379387633015136116e-01 7.932957283187172526e-03 1.529699261334422147e-02 0.000000000000000000e+00 1.365506580245340763e-03 0.000000000000000000e+00 0.000000000000000000e+00 1.180217352120540297e-01 3.184360283916532874e-03 2.580407885462729020e-02 2.392402415338664573e-02 1.372076045257629995e-01 1.951712136917044260e-02 0.000000000000000000e+00 1.308022566620575255e-01 0.000000000000000000e+00 6.308312713093255919e-02 6.119384614453967156e-03
0.000000000000000000e+00 0.000000000000000000e+00 0.000000000000000000e+00 0.000000000000000000e+00 8.855449765229436720e-02 2.044946294641938195e-02 0.000000000000000000e+00 1.249748160639788108e-01 1.040182118141039919e-02 9.381163465094535456e-03 0.000000000000000000e+00 0.000000000000000000e+00 3.188135728805285840e-02 5.874751406395053131e-03 1.830671634288615346e-01 7.210982147712298451e-02 1.477617205461433381e-01 6.973233788454577531e-02 2.060434041220984142e-02 6.079410679207761584e-03 8.576865017532604414e-04 2.755040855171997285e-03 1.595002940421806278e-02 0.000000000000000000e+00 1.895645788071201321e-01
1.457633665117943553e-02 0.000000000000000000e+00 3.081370106369445833e-02 0.000000000000000000e+00 1.576942179735415367e-02 7.223272381166837876e-03 1.796258480060968776e-01 4.721096503198431160e-02 0.000000000000000000e+00 2.426232803376090433e-03 0.000000000000000000e+00 1.232748311163415003e-02 1.599400902711639334e-03 0.000000000000000000e+00 2.397937439588675446e-01 3.855857649924995800e-02 0.000000000000000000e+00 1.190766593241380650e-01 0.000000000000000000e+00 5.584163578198883364e-03 0.000000000000000000e+00 0.000000000000000000e+00 8.985335875670195926e-02 1.547948096279095076e-01 4.076602650573603326e-02
6.420636034036207584e-02 8.351098618084636105e-02 7.565892083433999049e-02 9.563997309050427387e-02 6.228649041470725456e-02 0.000000000000000000e+00 1.518956379400117351e-02 1.418887302840396436e-01 0.000000000000000000e+00 2.868288294217198435e-03 0.000000000000000000e+00 0.000000000000000000e+00 0.000000000000000000e+00 6.035652290282233004e-03 4.934181720789088815e-02 2.090251498647305306e-03 0.000000000000000000e+00 0.000000000000000000e+00 0.000000000000000000e+00 0.000000000000000000e+00 0.000000000000000000e+00 1.435365519823403602e-01 0.000000000000000000e+00 2.168718875231167575e-01 4.087452626470433614e-02
0.000000000000000000e+00 0.000000000000000000e+00 2.093944225255001124e-01 0.000000000000000000e+00 3.511154809867848836e-02 0.000000000000000000e+00 1.467419188880987324e-01 7.312610516057155285e-02 1.221520706150501234e-01 2.110870966970053789e-02 0.000000000000000000e+00 1.416236147775543595e-02 1.359219745701419242e-02 0.000000000000000000e+00 0.000000000000000000e+00 0.000000000000000000e+00 0.000000000000000000e+00 0.000000000000000000e+00 0.000000000000000000e+00 0.000000000000000000e+00 0.000000000000000000e+00 1.134428780760403550e-02 1.688223653498646115e-01 1.494625819274136846e-01 3.498143102274865746e-02
0.000000000000000000e+00 0.000000000000000000e+00 9.583763936389833038e-02 1.994207776788272865e-02 1.323758099296566682e-01 0.000000000000000000e+00 9.194039053542473611e-03 1.447430016505608374e-01 7.610382548356497100e-03 2.060344650216272729e-03 0.000000000000000000e+00 4.307234519878733875e-02 0.000000000000000000e+00 5.619054554852133399e-02 4.679846436623139212e-03 0.000000000000000000e+00 1.456529446390714966e-01 0.000000000000000000e+00 0.000000000000000000e+00 0.000000000000000000e+00 2.581376364511139485e-02 3.927643528337016257e-03 0.000000000000000000e+00 1.496138028488902816e-01 1.592858131905441899e-01
3.031786173501283509e-03 0.000000000000000000e+00 3.720634340899744291e-02 0.000000000000000000e+00 5.909877575751792261e-02 5.622743134247711397e-04 2.075467249234644596e-01 0.000000000000000000e+00 3.471974481639363008e-03 8.430564256065760376e-03 0.000000000000000000e+00 1.053142633202101691e-01 0.000000000000000000e+00 0.000000000000000000e+00 1.667460712651663290e-01 0.000000000000000000e+00 1.816470905263788682e-01 2.819931548043409612e-03 4.617765752581465266e-03 0.000000000000000000e+00 1.860182458595877747e-02 0.000000000000000000e+00 5.098275997381275515e-02 1.499218497132372707e-01 0.000000000000000000e+00
0.000000000000000000e+00 0.000000000000000000e+00 1.480080984655629261e-01 0.000000000000000000e+00 0.000000000000000000e+00 0.000000000000000000e+00 1.527786921597405756e-01 0.000000000000000000e+00 4.742767944033826968e-03 1.385548049082704729e-02 0.000000000000000000e+00 1.218503358184593321e-01 0.000000000000000000e+00 0.000000000000000000e+00 4.239666005573405200e-02 5.078956651706283826e-02 7.947078463117401848e-03 1.098402074659688907e-02 1.311610220536865157e-01 0.000000000000000000e+00 1.238105584212544769e-01 8.593353539065359814e-03 2.184226922082172298e-02 0.000000000000000000e+00 1.612400961040369451e-01
0.000000000000000000e+00 0.000000000000000000e+00 9.279227355281131906e-02 1.695367939852084321e-03 0.000000000000000000e+00 7.175235413775199293e-03 1.517853267367011705e-01 9.307236222861750563e-02 7.041477354573278703e-03 1.126602051656376731e-02 0.000000000000000000e+00 8.511377636190866139e-03 0.000000000000000000e+00 0.000000000000000000e+00 5.673937326398912490e-02 1.029928445193114689e-01 1.194764328813606620e-02 2.011605075381197802e-02 1.186558857579213810e-01 0.000000000000000000e+00 1.334332517065647816e-01 0.000000000000000000e+00 6.229885964727151920e-02 1.204766496839084905e-01 0.000000000000000000e+00
0.000000000000000000e+00 3.066322979403910895e-02 0.000000000000000000e+00 2.751180139054878494e-03 7.158085836485894886e-04 0.000000000000000000e+00 1.657372532065620740e-01 5.536375611379971279e-02 2.803777342775052098e-02 9.900260990753228726e-03 0.000000000000000000e+00 0.000000000000000000e+00 0.000000000000000000e+00 0.000000000000000000e+00 8.141080850240814404e-02 0.000000000000000000e+00 1.979034643109212413e-02 8.435163272307966142e-02 0.000000000000000000e+00 0.000000000000000000e+00 2.246007567066734406e-02 1.162945413208853369e-02 1.288855329105567660e-01 1.576980769603205379e-01 2.006048104141787136e-01
2.725123376516988202e-02 1.297376659255240761e-02 5.950600587935659519e-02 1.079868182436021992e-02 5.628006003397403867e-02 1.596703744832229412e-03 1.844515694516779269e-01 3.435630121131592191e-02 0.000000000000000000e+00 6.496866614605019408e-02 0.000000000000000000e+00 2.053809429016816360e-02 0.000000000000000000e+00 0.000000000000000000e+00 0.000000000000000000e+00 0.000000000000000000e+00 0.000000000000000000e+00 3.714219975732692414e-02 0.000000000000000000e+00 0.000000000000000000e+00 0.000000000000000000e+00 1.255010094760542205e-01 2.183377577027533212e-01 1.462979501244080216e-01 0.000000000000000000e+00
9.385108164402175546e-02 2.771209132643490808e-02 9.316326052971281649e-03 0.000000000000000000e+00 2.655046228859933924e-03 2.408328710943945586e-02 1.406323240026804144e-01 0.000000000000000000e+00 0.000000000000000000e+00 3.192797043272047053e-02 0.000000000000000000e+00 2.547901851039920812e-02 0.000000000000000000e+00 0.000000000000000000e+00 1.034204900873440386e-01 0.000000000000000000e+00 2.083359549821144074e-02 0.000000000000000000e+00 1.662073872296241164e-02 6.978881111256213590e-03 2.216442328399591266e-02 0.000000000000000000e+00 1.615847022162457680e-01 1.446335675851025127e-01 1.681064561873543417e-01
1.569511257657859454e-02 1.092153509423624408e-01 5.304673283640447962e-02 0.000000000000000000e+00 2.435137428244847548e-03 0.000000000000000000e+00 1.356853297200085184e-01 1.253721988426744101e-02 0.000000000000000000e+00 3.949856502654692028e-03 0.000000000000000000e+00 0.000000000000000000e+00 9.879076782765337447e-03 0.000000000000000000e+00 1.542788485948416999e-01 1.059661304735315529e-01 4.144346409889846511e-02 9.919138431905038730e-03 3.135018390115282359e-03 0.000000000000000000e+00 2.479507308554157203e-03 0.000000000000000000e+00 1.135597749789060392e-03 4.323144454112694268e-02 2.959670337379513572e-01
8.184863260134699059e-02 8.608960488639696984e-02 0.000000000000000000e+00 9.205160459460506872e-02 4.179472726492894363e-02 7.490076136161919439e-03 5.288856025914476060e-03 1.981497968758521022e-01 0.000000000000000000e+00 0.000000000000000000e+00 0.000000000000000000e+00 0.000000000000000000e+00 0.000000000000000000e+00 0.000000000000000000e+00 5.755495705084832242e-02 0.000000000000000000e+00 1.470410556329323493e-01 0.000000000000000000e+00 6.602339304302038900e-03 4.426954629672831543e-02 0.000000000000000000e+00 4.580672402045413844e-02 1.170501667526877704e-02 1.534127988173848434e-01 2.089426381687471690e-02
1.000967467155263954e-02 9.245214144498523079e-02 0.000000000000000000e+00 0.000000000000000000e+00 0.000000000000000000e+00 2.195278528815678559e-02 2.730193767247478254e-02 1.068326897975478973e-01 1.619686340616752554e-02 2.854237489084509791e-02 0.000000000000000000e+00 0.000000000000000000e+00 0.000000000000000000e+00 1.755942880542401283e-03 3.541052870706147548e-02 0.000000000000000000e+00 1.334192846374750857e-02 7.847962785638708250e-02 1.549001089755806249e-01 4.768425323254690991e-03 0.000000000000000000e+00 1.050136522685375245e-01 1.131844374419622434e-01 0.000000000000000000e+00 1.898568809111965128e-01
0.000000000000000000e+00 0.000000000000000000e+00 1.336787322576056258e-01 0.000000000000000000e+00 2.251760447114818653e-02 1.979569189128298906e-02 1.354266600406580368e-01 0.000000000000000000e+00 8.405446874400722412e-03 1.745133533642458101e-02 0.000000000000000000e+00 8.570064505664458376e-02 0.000000000000000000e+00 0.000000000000000000e+00 1.842326024670639523e-02 0.000000000000000000e+00 0.000000000000000000e+00 6.618767049721652196e-02 2.371079830467583138e-02 9.796166192043254811e-03 1.576125533261918954e-01 3.923882736255200100e-03 0.000000000000000000e+00 1.408252213645833084e-01 1.565443314041627398e-01
0.000000000000000000e+00 5.851154399247442822e-02 2.302791155287589944e-02 0.000000000000000000e+00 1.876233829746373413e-02 2.644768471544622218e-02 1.205886772716668609e-01 2.371434221667264794e-02 3.342189978357088670e-02 0.000000000000000000e+00 0.000000000000000000e+00 1.275468200449214051e-01 4.004369852439747940e-02 0.000000000000000000e+00 0.000000000000000000e+00 0.000000000000000000e+00 4.053165239722792551e-02 1.278840966495514708e-01 6.360559109535710021e-02 0.000000000000000000e+00 1.324705464069417596e-02 1.321821182517794648e-03 0.000000000000000000e+00 0.000000000000000000e+00 2.813448676351618660e-01
9.972703691214969413e-02 2.679335456601481327e-02 0.000000000000000000e+00 0.000000000000000000e+00 8.019471066599446682e-03 1.096801543732315032e-01 1.139034361553315500e-01 4.776698738173911635e-02 0.000000000000000000e+00 2.742584149975657581e-02 0.000000000000000000e+00 5.571048469595912128e-02 0.000000000000000000e+00 0.000000000000000000e+00 1.298174430390514611e-01 0.000000000000000000e+00 0.000000000000000000e+00 2.543204959861342790e-02 3.084199705508779144e-02 0.000000000000000000e+00 1.430238025522843626e-01 7.673677124017170073e-03 0.000000000000000000e+00 0.000000000000000000e+00 1.741842639801640114e-01
0.000000000000000000e+00 0.000000000000000000e+00 1.931766797936653943e-03 0.000000000000000000e+00 4.633341896396691272e-03 0.000000000000000000e+00 1.435571980750660059e-01 2.775068204698136805e-03 6.720861865825943082e-02 0.000000000000000000e+00 0.000000000000000000e+00 9.470521632180793625e-02 4.301141685532272954e-03 0.000000000000000000e+00 4.202900298683739239e-02 4.354266828396058386e-02 9.472013905754271546e-02 1.633833622918401951e-01 0.000000000000000000e+00 7.029324557268002566e-03 1.039309004781191065e-01 7.343951039122192936e-02 0.000000000000000000e+00 1.528127403135128848e-01 0.000000000000000000e+00
1.167330385038929663e-02 1.980168052355094684e-03 0.000000000000000000e+00 5.338863782831786489e-03 1.270733199185363760e-01 2.879073741540616460e-03 1.489203661214425585e-03 1.029327269970170960e-01 7.284319575862185231e-03 4.681512653197990315e-02 0.000000000000000000e+00 3.528860138676823827e-02 0.000000000000000000e+00 4.794101594818615635e-03 2.924862963325293094e-02 4.646079581385883454e-04 9.161861189379445769e-02 0.000000000000000000e+00 0.000000000000000000e+00 0.000000000000000000e+00 1.759613054707809543e-01 0.000000000000000000e+00 0.000000000000000000e+00 1.714538881811285276e-01 1.837041477695909863e-01
0.000000000000000000e+00 8.277361226471137423e-03 5.949240060909659344e-02 0.000000000000000000e+00 1.109365250466125448e-02 2.220234017558065515e-02 1.598550331139267089e-01 1.507646670520664256e-01 1.819073837084667425e-02 0.000000000000000000e+00 0.000000000000000000e+00 7.628407135590743737e-02 0.000000000000000000e+00 0.000000000000000000e+00 9.685758759066567802e-02 7.670840543337416328e-02 0.000000000000000000e+00 5.372090851860823356e-04 9.767222542517611794e-02 0.000000000000000000e+00 0.000000000000000000e+00 4.410944782370662155e-03 1.661181251979582107e-02 2.119441240728232867e-02 1.798471383475922225e-01
4.297749311396871497e-02 0.000000000000000000e+00 0.000000000000000000e+00 2.651650308540836297e-03 0.000000000000000000e+00 0.000000000000000000e+00 1.892732736143071526e-01 1.374369777719504360e-01 0.000000000000000000e+00 9.460142988723619847e-03 2.046706721330025249e-04 0.000000000000000000e+00 1.039212170218902637e-01 0.000000000000000000e+00 0.000000000000000000e+00 0.000000000000000000e+00 1.359307394245686251e-01 0.000000000000000000e+00 1.490354964491058531e-01 1.915617888634681826e-02 0.000000000000000000e+00 8.970618962206073146e-03 2.407671235524754677e-02 7.373857657869298254e-02 1.031662518523179667e-01
