1.056615653116850864e-03 7.192792436459620464e-02 0.000000000000000000e+00 1.916295251958627724e-02 2.740623133618316082e-02 9.396385432871737220e-02 2.178180665214071374e-02 5.158728533280814051e-03 1.213582897128998167e-01 4.802188062077309555e-02 8.546045900416571542e-03 4.702371555200774572e-02 0.000000000000000000e+00 2.478567906566365477e-03 3.912942565837507214e-02 1.041132061051390674e-02 4.096739903480024585e-03 1.222230430822577180e-01 1.298163865686808027e-01 2.264364710964074656e-01
8.985436728941025020e-02 1.300264907771971901e-01 2.494288279933731811e-02 2.368758942049745825e-03 4.388328274833463646e-03 4.597327832186016289e-02 6.990829289137256292e-03 1.456221286148186855e-01 2.899043651370606864e-02 1.250078996222630245e-01 6.859022619167752868e-03 1.517564178128344154e-01 0.000000000000000000e+00 1.493561729748720023e-03 7.626583812332696048e-03 3.145650915048470858e-02 1.530268971961967241e-02 1.124256308682452556e-02 4.012753503286022733e-02 1.299697165915139618e-01
1.029173781615409615e-02 7.503357894590760406e-03 3.214173915362449757e-02 5.573182902217098215e-03 4.002433978069841469e-02 6.057698829038806604e-02 1.114366744485336541e-01 1.187733773149255295e-01 3.191013095741668248e-02 0.000000000000000000e+00 0.000000000000000000e+00 1.868903776366569180e-02 0.000000000000000000e+00 3.927334309503523885e-02 1.414479481812241923e-02 0.000000000000000000e+00 1.608661520017215865e-02 2.486914338452708151e-01 1.381584672345205489e-01 1.067247794846644254e-01
1.226860189720715109e-02 5.724751892148474686e-02 0.000000000000000000e+00 2.479917241063510358e-02 1.668792410615017462e-04 9.879577056426357140e-03 2.129833991216508252e-02 7.988749624386207171e-02 1.667366978695257462e-01 8.088250499042728969e-03 3.241044341635214692e-03 1.027421393604951577e-01 9.427752881087042569e-02 0.000000000000000000e+00 3.212351853375342708e-02 1.147356806555575176e-01 6.472446516796168982e-03 1.618503231894375949e-01 9.818127416145609743e-02 6.003510378587892903e-03
0.000000000000000000e+00 3.113605272603305052e-02 3.451228077490677004e-02 6.816783136082349252e-03 1.430913453847335592e-01 1.192221950043235168e-01 1.665578347451364405e-02 1.603359450432915445e-01 2.060693751266164803e-02 0.000000000000000000e+00 0.000000000000000000e+00 1.626540805054031980e-01 0.000000000000000000e+00 1.603617660002959119e-02 5.735164566678204422e-03 0.000000000000000000e+00 0.000000000000000000e+00 1.193648770574852608e-01 1.495258256122516116e-01 1.430655260160599088e-02
1.442811505311597797e-01 1.133983555444392916e-01 1.169975400018796480e-03 4.879428783792578994e-02 1.012795809126266627e-01 6.839411804422827756e-02 1.278699791281514599e-02 9.660921986849325960e-02 1.171297998866301267e-03 2.830765833032490488e-03 0.000000000000000000e+00 2.025553278368076582e-01 0.000000000000000000e+00 2.683896701290955714e-03 3.358647714617874185e-04 0.000000000000000000e+00 1.732468234688645109e-02 1.952398748020303405e-03 7.009527302393253612e-02 1.143368066879946188e-01
2.237886986062432443e-02 7.452218270313962223e-02 0.000000000000000000e+00 3.888980959245893348e-02 1.800701964087922380e-01 1.904974708371265923e-01 1.988322232483920662e-02 2.272882989321990677e-02 1.498487349620392373e-01 0.000000000000000000e+00 0.000000000000000000e+00 1.590357922808119384e-01 0.000000000000000000e+00 0.000000000000000000e+00 3.155963086050865563e-02 1.471450352046241826e-02 0.000000000000000000e+00 3.756273654780577925e-02 5.830802020817120457e-02 0.000000000000000000e+00
0.000000000000000000e+00 6.147575295525423839e-02 1.137201889623797035e-02 1.008968273057955917e-01 1.362778635300813668e-01 0.000000000000000000e+00 0.000000000000000000e+00 1.812184069539856945e-01 2.185847714491265942e-02 0.000000000000000000e+00 0.000000000000000000e+00 1.368948223500812689e-01 2.447117210255949846e-02 1.011885794102369701e-01 2.356410016366128693e-02 1.176346364429284828e-02 3.809578433514827778e-02 1.260521673348612981e-01 1.546622526733535188e-02 9.404338605555720085e-03
6.115080587767282930e-03 4.094464280200668660e-02 2.363370160325185820e-02 6.790761811545871496e-02 1.415180087732724190e-01 7.055111487925176672e-02 1.787334973799699963e-03 1.254533037610311430e-01 1.174052512972521278e-01 1.235203093068756447e-01 6.176598268285499009e-03 1.331748475306936998e-02 0.000000000000000000e+00 1.836984145639167579e-02 8.504611559958118183e-02 7.925251314807483594e-04 1.955089884060767433e-02 9.943193926529618129e-03 4.150500699174316382e-02 8.646196893234364689e-02
3.790136825154756528e-02 1.095854458537373066e-01 0.000000000000000000e+00 1.420805035860981114e-01 1.121278810106528800e-01 1.027845170379618200e-01 2.088906795519809498e-03 7.299381374102519027e-02 5.994489611421219277e-02 2.084706701993510256e-02 1.183610353736644014e-03 2.232679066249202982e-01 2.601225562060570026e-02 1.317285550698822638e-02 1.480580153596337649e-02 6.589573910222010006e-04 9.027637074175049597e-03 1.046705055434527659e-02 2.355402793848135681e-02 1.749549798907192033e-02
3.433247198178600215e-03 9.751728272007596787e-02 0.000000000000000000e+00 5.372792189823970277e-02 0.000000000000000000e+00 0.000000000000000000e+00 0.000000000000000000e+00 0.000000000000000000e+00 2.030210186582160625e-01 0.000000000000000000e+00 4.810934480304672554e-04 1.157900114791804436e-01 5.228262195520169513e-03 2.419094672468076468e-02 7.179337350623596174e-03 9.165370234497757090e-03 5.750249535556354458e-02 1.438943322510610745e-01 1.626784428033240804e-01 1.161902376828078676e-01
3.008384474420365898e-02 4.159779064693275991e-02 2.392039949318200062e-02 7.873602128022455862e-03 9.003936783600147153e-02 3.783754724773503997e-02 5.314053665677968483e-03 6.243302936954646734e-03 4.067552669432018819e-02 0.000000000000000000e+00 0.000000000000000000e+00 2.247431849664713321e-01 3.157557100403152010e-04 1.198236216942996472e-02 4.582404392591565845e-02 7.886811361430505485e-02 0.000000000000000000e+00 1.086733522509267386e-01 5.541228935818471452e-02 1.905954626116960482e-01
4.078182595279968015e-02 1.141818901372022577e-01 3.336557608921409540e-02 1.919612632372987709e-02 1.231294711090239954e-02 5.350261832126232409e-02 4.205190079877484111e-03 1.647500351240478722e-01 1.455846147047308581e-01 4.112572737124388540e-03 0.000000000000000000e+00 1.732127020821958852e-01 3.947967273548366393e-03 7.673815691038481275e-03 1.209460926578018319e-01 0.000000000000000000e+00 2.471991259482044130e-03 4.479268240197657042e-02 0.000000000000000000e+00 5.496135205306558469e-02
0.000000000000000000e+00 5.627731755325824509e-02 0.000000000000000000e+00 7.709495510107071403e-02 2.684957118412977309e-02 4.045161734273781257e-02 8.781555265247943318e-03 1.392587992763688332e-01 0.000000000000000000e+00 0.000000000000000000e+00 4.094587035662041602e-02 2.174041588385711710e-01 4.936476115091414929e-02 3.469367873421131537e-02 1.281476049101649695e-01 6.755918717808730937e-04 3.351855780789342321e-02 1.465359606070303633e-01 0.000000000000000000e+00 0.000000000000000000e+00
0.000000000000000000e+00 1.300822359914201032e-01 0.000000000000000000e+00 9.265440918944014420e-03 6.569241314313851998e-02 6.373291439721097407e-02 0.000000000000000000e+00 2.289226861438140373e-02 1.110364113688492166e-01 1.218373351647721592e-01 0.000000000000000000e+00 1.444770049305877380e-01 3.331235437308908802e-03 0.000000000000000000e+00 0.000000000000000000e+00 3.271645548945006227e-02 1.017679014777572027e-01 1.216227476557097537e-02 1.386489083581122495e-01 4.235719994249646098e-02
0.000000000000000000e+00 0.000000000000000000e+00 5.895548409350589991e-02 2.887783535202761986e-02 0.000000000000000000e+00 2.102670688881778591e-02 1.247807554211622927e-01 1.223994475704653501e-01 2.593061032991636136e-02 1.692150723915903515e-02 2.073658026257988764e-03 1.568906267227195561e-01 1.735609039380791587e-04 0.000000000000000000e+00 8.210173092919159643e-02 0.000000000000000000e+00 0.000000000000000000e+00 1.128105552854234972e-01 1.380132028395810451e-01 1.090443183978337671e-01
9.320065984066806808e-02 4.771545474890507644e-04 4.622612888450785412e-02 2.598758890783004968e-02 5.680416060270793328e-03 4.266529579871788241e-02 6.572831360851795479e-02 2.727760467381694642e-01 5.360323264362433157e-03 0.000000000000000000e+00 0.000000000000000000e+00 3.532996396813365553e-02 8.231904713226551778e-04 9.494324022604779109e-04 1.820499944066882774e-03 3.904100354483327345e-02 3.539833202619026200e-03 1.107263560201515590e-01 5.732659673984873833e-02 1.923411960562300682e-01
2.651524901202572185e-02 1.420258057379420735e-01 4.889656819047237188e-04 0.000000000000000000e+00 8.504935436243461419e-03 1.138906381021105030e-01 1.338978861895438223e-02 1.851255057534784663e-03 1.380882177392047383e-01 0.000000000000000000e+00 8.292621672028646293e-03 5.817873544857739970e-02 1.773753308164876530e-01 1.684100467575734214e-02 3.098587392364871712e-02 2.153814748378419987e-03 7.132590792254830600e-03 1.025693302528940358e-02 1.127809008350391939e-01 1.312473386766178363e-01
0.000000000000000000e+00 4.652357380108335105e-02 0.000000000000000000e+00 1.248597791823140707e-01 9.186185796751367497e-03 4.267499795959666352e-03 8.728374355589130218e-02 4.367885817277363664e-02 1.345864489772725658e-01 1.018693220212792128e-01 0.000000000000000000e+00 1.544233507659613647e-01 2.417437002098619947e-02 8.883223100101523412e-03 1.049849433577117047e-01 7.799785941610002044e-04 0.000000000000000000e+00 9.604399022971739364e-02 1.772294717432723946e-02 4.073178545370827880e-02
1.952148162906934548e-02 2.031724868597189343e-02 5.270325256381144796e-03 6.970073719354120956e-02 3.151487561791998029e-03 0.000000000000000000e+00 6.311101566459999257e-02 9.792255640298357447e-03 1.512586365037500713e-01 0.000000000000000000e+00 0.000000000000000000e+00 3.720753207611389446e-02 9.666850001163318842e-03 9.393066684253929821e-02 1.127244679406466145e-02 9.340777561543062157e-02 1.535464692758112780e-02 1.275510051297028269e-01 1.053179300774125526e-01 1.641679584005876769e-01
2.464493887746038031e-02 1.516478376073917000e-01 0.000000000000000000e+00 4.667944943879318020e-02 4.002610168372339704e-03 5.585114689568854152e-02 1.201514796727974899e-01 7.287089312513132626e-03 1.812649529815808513e-01 1.510117700170148262e-03 1.644879137623491078e-03 1.132616344429461519e-01 1.191332077051768246e-01 1.844415823213556294e-02 1.062295677159784749e-02 9.125624836761778505e-03 0.000000000000000000e+00 6.754420380508423727e-04 3.315047520077855133e-04 1.337209694289318296e-01
2.366280167801216791e-02 1.354879048492574622e-01 2.126083064868541928e-02 2.088601783004506371e-02 1.658480411734696361e-02 1.671408756569030610e-02 2.019028624028514161e-03 1.361676494628756562e-01 4.188892381121557540e-02 0.000000000000000000e+00 0.000000000000000000e+00 2.828353628532545017e-01 5.819891050072363570e-03 2.671274060280933414e-04 1.890685366162394437e-02 0.000000000000000000e+00 3.235853216370274815e-02 6.591816993323207363e-02 1.563210315333282419e-01 2.290098281160098809e-02
2.177376529209058918e-03 1.509954391843589261e-01 5.544224128947128306e-04 1.234119060615331692e-01 1.097481329459510171e-02 0.000000000000000000e+00 0.000000000000000000e+00 0.000000000000000000e+00 3.124093235695227211e-04 9.566250774085585662e-03 2.926481782904335333e-02 2.655715149111922968e-01 1.607902406576247334e-01 8.073135407056378568e-03 0.000000000000000000e+00 3.881097294459477653e-02 0.000000000000000000e+00 4.402589215602199790e-02 1.488329075446228889e-01 6.637900969597529399e-03
3.109352366790877828e-02 9.526477896605628493e-02 6.940747110714118318e-02 8.048194626644489605e-03 4.716173487067138598e-02 1.272139461248396157e-02 0.000000000000000000e+00 1.458847681529391316e-01 1.794199124687122227e-02 3.431072192047247317e-04 1.309635730679146841e-02 1.345864987388208645e-01 7.747129946572122068e-03 8.956975754211561613e-02 3.803844070752283174e-03 3.319332301876519453e-02 6.924852689541369753e-03 4.913627854104472836e-02 1.334752460930269946e-01 1.005997475826482801e-01
1.020479240984278335e-01 1.441399717318446738e-01 1.184472302266517587e-03 7.182019030753815370e-02 5.175406688859079604e-03 0.000000000000000000e+00 9.411350935176450438e-02 2.985343879957278249e-02 1.515664998425041987e-01 6.460068950605165564e-04 5.008293438768170701e-03 6.493132042142052418e-03 1.165165899610075828e-01 2.848115999450234401e-02 4.593806980503865878e-02 1.871499213590359020e-02 3.418331246368446191e-03 4.510799999227267654e-02 8.369002387936546120e-03 1.214050089782215958e-01
7.517916978332096767e-02 0.000000000000000000e+00 2.254201127379354842e-03 0.000000000000000000e+00 2.196112981708018760e-02 1.205800360324882706e-03 1.063402201048530143e-01 4.707949799491499381e-03 1.349805882599352524e-01 4.574640389915866912e-02 1.459587466673909796e-02 1.931037774564283993e-01 0.000000000000000000e+00 3.797064589612317298e-02 1.862845914072804032e-02 6.983279300958945487e-03 9.231280729645469085e-02 1.053212548413183375e-01 6.492969260481280813e-02 7.377874564489257658e-02
2.715644070555727971e-02 6.975566368069009704e-02 2.797700532756113023e-02 6.428273420489440115e-02 2.235613542745347460e-02 1.678749307157914117e-03 1.221745877872950359e-01 7.180194182403433489e-02 9.400598110989236492e-03 6.152831999011903683e-03 4.924478458459918828e-03 1.487578708238941338e-01 0.000000000000000000e+00 0.000000000000000000e+00 1.470454568834432263e-01 1.997630898698611601e-02 0.000000000000000000e+00 1.567557704794519113e-01 1.360077654769882745e-02 8.620264944542098406e-02
0.000000000000000000e+00 3.316841011963538727e-04 4.556152011147952298e-03 1.835928020619051471e-01 0.000000000000000000e+00 1.437588019195417399e-01 4.176132464251114049e-03 1.220744617314766939e-01 1.515949430102950801e-01 0.000000000000000000e+00 0.000000000000000000e+00 7.396434971003608416e-02 1.730117624979353029e-04 0.000000000000000000e+00 2.902096861694362928e-02 1.558828177352439975e-02 1.795465731410934851e-02 3.330321171948424919e-02 1.846646204986407969e-01 3.524592130494947489e-02
9.841922806692531001e-02 1.371112056023314207e-01 3.219536072727258863e-02 3.502130112741338314e-02 5.895570243296498203e-02 1.681402135550967287e-04 0.000000000000000000e+00 4.918023193225532635e-02 2.490762184249070352e-02 6.177419985409884212e-02 0.000000000000000000e+00 2.513401111513369757e-01 1.300240590148360464e-02 0.000000000000000000e+00 1.523230424045890659e-02 0.000000000000000000e+00 0.000000000000000000e+00 9.635514390114634231e-02 7.836973569386108951e-02 4.796730731240550494e-02
6.804037895330834751e-02 6.022982847297610187e-02 1.552335396432608788e-02 5.098941001012754354e-02 8.172241014772678100e-03 1.646079611641311780e-01 0.000000000000000000e+00 1.344366461178440886e-01 3.283448144420915427e-02 0.000000000000000000e+00 4.331857067736316624e-02 4.359994458663303540e-02 1.051542985390720338e-02 9.054732288723489619e-02 3.410853438220972506e-02 7.670604316100906872e-03 1.490293161993972403e-02 3.039909558652369170e-02 2.722389779234758722e-02 1.628793671560450074e-01
8.213739228403720699e-04 3.132445314372801076e-02 4.599466067310178236e-03 9.445386425228213811e-03 4.938333324817090197e-02 4.937840048322381797e-02 4.244863755203254208e-02 4.926015180573496688e-02 1.522716755094394026e-01 1.148374098351760296e-03 0.000000000000000000e+00 1.628187703282189536e-01 1.166631963176782555e-01 3.097438485575685230e-03 2.269651895721072968e-02 2.874863149478651056e-02 8.048905403872055886e-03 1.212238191878038246e-01 2.910805410451850275e-02 1.175134134642752404e-01
1.754574053377080814e-03 4.721161133753870587e-02 7.306678315231461551e-02 8.643462365840455519e-02 0.000000000000000000e+00 1.252008323943767376e-01 0.000000000000000000e+00 3.095554114748461441e-02 2.366732683135883974e-01 2.420080089712365115e-02 0.000000000000000000e+00 9.396700118884118713e-02 0.000000000000000000e+00 4.643541465839970406e-02 1.781415244305108170e-02 1.005387649827885459e-03 3.420899398154367971e-02 1.630278825693290759e-02 1.510952619613687431e-01 1.367296490582650854e-02
0.000000000000000000e+00 1.469579143386659514e-01 0.000000000000000000e+00 1.275698009102650132e-01 1.661179965986235227e-02 3.311891084137911015e-03 9.367129163147627433e-03 1.045052448452320898e-01 1.584626735492305205e-01 2.623001774781265338e-02 2.032907712429504743e-03 2.099609925289980805e-01 0.000000000000000000e+00 3.691649409145595414e-03 0.000000000000000000e+00 2.818993528474792679e-03 0.000000000000000000e+00 2.524557211367773300e-03 1.370049768603645857e-01 4.894945145086561367e-02
8.333606533336263000e-02 1.066394043963496685e-01 0.000000000000000000e+00 2.630575151482920579e-02 1.734158887117781545e-01 1.307081630139771689e-01 2.011876831630774951e-02 2.901420150178280876e-03 9.144317361335072003e-02 7.718102692412469497e-03 4.434650711069049178e-03 1.418479190942170953e-01 8.721329040208697370e-02 0.000000000000000000e+00 0.000000000000000000e+00 1.652510274321303458e-04 1.341677436054516254e-02 2.314666913695894931e-02 2.066147017506825279e-02 6.652723735007631811e-02
0.000000000000000000e+00 3.659129144811082424e-02 0.000000000000000000e+00 1.507007516812836900e-01 1.386319169328109890e-01 1.117106472154610064e-01 0.000000000000000000e+00 9.327214819159107551e-02 2.230190250574694971e-02 6.954290825451704509e-03 0.000000000000000000e+00 1.202558121361265442e-01 1.501037247464832684e-02 0.000000000000000000e+00 9.800082845766772133e-02 0.000000000000000000e+00 3.418166471140493198e-03 2.864936576375820901e-02 1.565467972097391025e-01 1.795570868646339385e-02
6.088706196535401127e-02 1.098726220300277751e-01 9.567540933657052438e-02 2.030348569111371793e-02 1.182819075965702571e-01 2.998082131131841934e-03 1.119780672653336306e-01 2.054464898508757409e-01 1.557029631731329279e-02 3.427822586881373434e-03 3.418073768292244352e-02 1.414968041447171310e-01 1.030958148423788412e-02 9.870206259666881171e-04 1.675013239072465970e-03 2.809963700680670994e-03 2.754563361824214490e-02 0.000000000000000000e+00 1.499410814246752337e-03 3.505458991874167013e-02
0.000000000000000000e+00 1.142716286138238252e-01 1.576578181272882129e-02 2.769060772342433335e-02 3.453709104794473739e-02 1.803804872409106586e-01 0.000000000000000000e+00 1.367520161306209816e-03 1.550583218522090523e-01 7.530180458889870580e-03 0.000000000000000000e+00 4.253277032067129260e-02 1.329932548981298257e-01 0.000000000000000000e+00 1.816827140586454309e-02 0.000000000000000000e+00 1.078944972516114251e-02 1.171223924901651156e-02 4.965371408283868887e-02 1.975486814070804009e-01
0.000000000000000000e+00 3.984775671738191583e-02 2.688978729535532186e-02 2.295506555260883041e-02 1.256591614267092982e-01 1.320275346700063024e-01 8.197649826781958082e-02 2.639958531797912972e-03 2.011562974883277302e-02 1.675732473550139024e-04 0.000000000000000000e+00 1.884732129710786630e-01 1.356159722193316652e-01 0.000000000000000000e+00 1.120608828390909405e-03 4.081582524795014134e-03 0.000000000000000000e+00 7.091410723478024092e-02 1.414114550364743705e-01 6.104095727282076063e-03
0.000000000000000000e+00 5.916123403277054327e-02 0.000000000000000000e+00 4.160034841235054487e-02 2.343612569151156538e-02 1.472451926311610648e-01 0.000000000000000000e+00 1.232491007789082438e-01 4.295732203262474236e-02 0.000000000000000000e+00 0.000000000000000000e+00 1.508056523500425350e-01 0.000000000000000000e+00 3.673505913885183327e-03 6.281883007212645670e-03 1.079531638265647242e-01 3.496893160679619139e-02 1.001260198417546765e-01 1.714636242614635958e-02 1.413951574482710249e-01
2.837404315226303361e-02 1.128467653297470508e-01 8.612586678261974563e-03 7.282913173195948442e-02 1.108779686934194403e-01 1.016319416464575749e-02 3.367386220394537333e-02 1.076631724829010643e-02 8.490713863333811118e-02 0.000000000000000000e+00 1.610200385511117646e-02 1.483841180480102440e-01 8.556501469018505668e-03 1.674871989076031145e-02 1.193359783727224351e-03 0.000000000000000000e+00 0.000000000000000000e+00 3.647767636809378516e-02 1.068716990268822192e-01 1.926149137225261765e-01
2.219717508900849456e-02 2.995241527529082445e-02 6.175268955611327298e-02 1.369265929454524001e-02 2.593335492470301082e-03 1.321613405025026146e-02 1.777086240266050401e-02 1.237695817530897052e-01 9.717158807256209840e-02 1.632394542351181185e-02 0.000000000000000000e+00 1.770412767101948170e-01 1.484226701300175519e-02 0.000000000000000000e+00 1.032251343251156250e-01 0.000000000000000000e+00 7.840975623202217290e-03 1.305665722562338593e-01 3.705697538111443843e-03 1.643376901246380584e-01
2.476416086054106236e-02 1.576563955274429274e-01 8.962935113519681501e-03 0.000000000000000000e+00 1.182880404193508289e-01 3.319297225258092260e-03 6.306718327484526695e-03 1.105433842425923019e-01 1.440081865019141039e-01 8.540894101510065894e-02 3.239838265444115045e-02 1.416893878362503467e-01 2.132671690365349482e-02 0.000000000000000000e+00 1.694290166324820268e-02 3.678884121338629049e-02 4.130827389836350810e-03 6.061171638528965039e-02 0.000000000000000000e+00 2.685316672069015809e-02
1.326900230165202130e-02 8.114833973259291677e-02 7.796881951986390190e-03 2.583969500110669740e-02 4.326018722581863318e-02 9.738164594243778338e-02 1.027031668323760867e-02 1.086906561567659302e-01 1.341478021337682847e-01 0.000000000000000000e+00 8.435523046983584667e-04 4.862092410155068045e-02 5.826695955758404502e-04 4.403527118035441279e-02 8.313211011370391645e-04 3.907844779415720060e-03 3.774458016400542709e-02 1.574263501576703972e-01 1.379969228530861791e-01 4.620603663313968545e-02
1.089268109598428430e-02 1.354009654463169121e-01 1.023935733278431371e-03 3.939366431478421443e-02 9.537021095721069652e-02 3.825346049773659888e-03 9.157939555734753712e-02 0.000000000000000000e+00 9.853286269091485194e-02 8.184705853939226727e-02 0.000000000000000000e+00 1.759802342165120992e-01 3.765468311130359957e-02 3.155783416481846085e-03 1.146480499832381456e-01 2.160354777896933767e-02 3.183474481017666696e-02 9.804204516193147645e-03 3.393215682985051274e-02 1.352047495227155262e-02
4.715728590811606863e-03 5.527668438367726311e-02 4.613398393905838828e-03 8.921587394602943644e-02 1.231987083080107390e-02 0.000000000000000000e+00 1.030071515721371622e-01 1.473245480099106275e-01 1.650659813645767027e-01 6.139997891104857775e-02 0.000000000000000000e+00 5.831914764502586779e-02 7.863391455983820971e-03 1.221229885408601536e-02 0.000000000000000000e+00 0.000000000000000000e+00 1.454467671626292861e-02 1.162772069246944956e-01 1.382443628329624585e-01 9.599699568086020665e-03
