0.000000000000000000e+00 0.000000000000000000e+00 1.066058365797204477e-01 0.000000000000000000e+00 1.903257559944728644e-02 0.000000000000000000e+00 1.029111872138320505e-02 1.043145088088211908e-01 2.423030606401318718e-02 0.000000000000000000e+00 0.000000000000000000e+00 6.741791533606449061e-02 0.000000000000000000e+00 0.000000000000000000e+00 1.507036167954928785e-01 0.000000000000000000e+00 1.482545395314760484e-01 3.653249331821525892e-02 0.000000000000000000e+00 4.414465649578983020e-02 7.332637069061384572e-03 0.000000000000000000e+00 1.284890348433928298e-01 2.898374445280934089e-02 1.236670163843124753e-01
2.636440515160832707e-02 8.159829678849895088e-03 0.000000000000000000e+00 1.278718912228400117e-01 0.000000000000000000e+00 0.000000000000000000e+00 1.469246726202619036e-01 4.103513175827738779e-02 1.260844869316723460e-01 5.753605299291110475e-02 0.000000000000000000e+00 0.000000000000000000e+00 1.684019807763314711e-02 0.000000000000000000e+00 2.778573787457938940e-02 0.000000000000000000e+00 0.000000000000000000e+00 8.237460528397085036e-02 1.007805614539291142e-02 0.000000000000000000e+00 4.236680927951822634e-03 0.000000000000000000e+00 1.710158130214206595e-01 1.536924383126302418e-01 0.000000000000000000e+00
5.446350796226492874e-02 0.000000000000000000e+00 1.560486331149761249e-02 0.000000000000000000e+00 0.000000000000000000e+00 2.572950481297898995e-02 1.126742245438872719e-01 0.000000000000000000e+00 0.000000000000000000e+00 7.429560468996615485e-02 0.000000000000000000e+00 4.219806349524458239e-02 4.801276090180415373e-03 5.199748031090303639e-03 1.669553857311468215e-01 0.000000000000000000e+00 0.000000000000000000e+00 1.107421226445293866e-01 2.540542582717894571e-02 1.075679846820340457e-01 3.479184870116604385e-03 5.642028276049809721e-02 1.478203610659374057e-01 4.664245948144854492e-02 0.000000000000000000e+00
0.000000000000000000e+00 0.000000000000000000e+00 0.000000000000000000e+00 0.000000000000000000e+00 7.533437322044009114e-04 0.000000000000000000e+00 0.000000000000000000e+00 0.000000000000000000e+00 1.385271398235170780e-02 8.137608731077355939e-02 2.893569781791632822e-02 9.679038599904676854e-02 0.000000000000000000e+00 0.000000000000000000e+00 1.782621983790955988e-01 0.000000000000000000e+00 3.161540723086554705e-02 0.000000000000000000e+00 4.494969539403595449e-02 7.127413875208776783e-02 1.654506501474928629e-02 0.000000000000000000e+00 1.512228316970183895e-01 1.525905032096846747e-01 1.318319314801699171e-01
1.243919594767761982e-01 2.489016006852452344e-03 0.000000000000000000e+00 0.000000000000000000e+00 1.549587911822525657e-02 0.000000000000000000e+00 1.416678346265162758e-01 0.000000000000000000e+00 0.000000000000000000e+00 1.175078228243816580e-01 0.000000000000000000e+00 8.912107421151393982e-02 0.000000000000000000e+00 0.000000000000000000e+00 1.709502405076417375e-01 0.000000000000000000e+00 0.000000000000000000e+00 0.000000000000000000e+00 0.000000000000000000e+00 0.000000000000000000e+00 0.000000000000000000e+00 2.835315949674370797e-02 1.399813346805576231e-01 1.700416790507910114e-01 0.000000000000000000e+00
0.000000000000000000e+00 1.215577609140797155e-02 1.740855844244994788e-01 1.278136583205289646e-02 2.273596238374024914e-01 0.000000000000000000e+00 1.374535036046123926e-01 1.900155066288995937e-03 5.899969554724288773e-02 0.000000000000000000e+00 0.000000000000000000e+00 1.257162539150595004e-01 0.000000000000000000e+00 0.000000000000000000e+00 1.996416968958447669e-02 0.000000000000000000e+00 0.000000000000000000e+00 0.000000000000000000e+00 0.000000000000000000e+00 1.142559663534014865e-03 0.000000000000000000e+00 0.000000000000000000e+00 6.089732537860685635e-02 1.675439869497080403e-01 0.000000000000000000e+00
0.000000000000000000e+00 1.082839627915312131e-01 1.164258710147427489e-01 0.000000000000000000e+00 1.161848750692444227e-01 0.000000000000000000e+00 2.000069921602737333e-01 1.101807726841262311e-02 0.000000000000000000e+00 1.464248993981968720e-02 0.000000000000000000e+00 0.000000000000000000e+00 0.000000000000000000e+00 0.000000000000000000e+00 2.558558729397248932e-01 0.000000000000000000e+00 0.000000000000000000e+00 0.000000000000000000e+00 0.000000000000000000e+00 0.000000000000000000e+00 0.000000000000000000e+00 0.000000000000000000e+00 0.000000000000000000e+00 1.775818588162506317e-01 0.000000000000000000e+00
7.447419064396627181e-03 8.921984547769443163e-02 1.006578996836492157e-01 0.000000000000000000e+00 2.429131422722505262e-02 2.642542318397739232e-02 1.522943969770052149e-02 1.034036055568302893e-02 4.763619782069532585e-03 1.618497123614369149e-01 0.000000000000000000e+00 4.912246552799797578e-02 0.000000000000000000e+00 0.000000000000000000e+00 1.114119860331545669e-01 0.000000000000000000e+00 7.917221785924084820e-02 6.918923397923024826e-03 1.057438671650121412e-02 9.882531207020747721e-02 0.000000000000000000e+00 0.000000000000000000e+00 1.201550044768517067e-01 9.511221429843780620e-03 7.408344845444678195e-02
0.000000000000000000e+00 0.000000000000000000e+00 0.000000000000000000e+00 0.000000000000000000e+00 2.806960743077899223e-02 0.000000000000000000e+00 1.379408999505395972e-01 0.000000000000000000e+00 8.060585625436607338e-02 0.000000000000000000e+00 0.000000000000000000e+00 2.544670311342433697e-02 1.960851701724378865e-02 0.000000000000000000e+00 1.656198847570480859e-01 5.364975709114503527e-02 1.086623751962854934e-01 2.253514659143658269e-02 1.008395104719190249e-01 0.000000000000000000e+00 8.987542467420884390e-03 0.000000000000000000e+00 1.316604777782816871e-01 1.163737218801103174e-01 0.000000000000000000e+00
1.615015298551902845e-02 0.000000000000000000e+00 2.987575574548227003e-02 0.000000000000000000e+00 0.000000000000000000e+00 1.426985834137332529e-02 1.380836656319150146e-01 7.486988006530165274e-02 1.074407013396382754e-01 0.000000000000000000e+00 3.875316383009116353e-03 1.202907636392013396e-01 3.832427414162480755e-02 0.000000000000000000e+00 2.083101767392141479e-01 0.000000000000000000e+00 0.000000000000000000e+00 2.358483938026125978e-02 0.000000000000000000e+00 7.400424468143803301e-03 0.000000000000000000e+00 0.000000000000000000e+00 3.235419705575601906e-02 1.553401295347266453e-01 2.982986454883334096e-02
0.000000000000000000e+00 0.000000000000000000e+00 1.957223859751763551e-01 5.747416973576321107e-03 0.000000000000000000e+00 9.638151939652103706e-02 1.975392333816392010e-01 0.000000000000000000e+00 4.611264929171107578e-03 0.000000000000000000e+00 2.528611794036798172e-02 1.272523815665465852e-01 0.000000000000000000e+00 0.000000000000000000e+00 1.935128796255180528e-01 0.000000000000000000e+00 0.000000000000000000e+00 0.000000000000000000e+00 2.757286790262580486e-02 0.000000000000000000e+00 0.000000000000000000e+00 0.000000000000000000e+00 4.881939103250424600e-02 0.000000000000000000e+00 7.755454127635323658e-02
0.000000000000000000e+00 0.000000000000000000e+00 0.000000000000000000e+00 0.000000000000000000e+00 0.000000000000000000e+00 0.000000000000000000e+00 1.553749933550378215e-01 0.000000000000000000e+00 7.600164768963443840e-02 1.190950048394570767e-03 0.000000000000000000e+00 0.000000000000000000e+00 0.000000000000000000e+00 0.000000000000000000e+00 1.772224205360389271e-01 0.000000000000000000e+00 4.418164198430406947e-02 0.000000000000000000e+00 1.091707490725034868e-01 1.500529202698893672e-01 0.000000000000000000e+00 8.232450149447179122e-02 1.263498028947661056e-01 5.205271481891471375e-02 2.607765783604482079e-02
0.000000000000000000e+00 0.000000000000000000e+00 2.415092568453986177e-01 1.886610620885929152e-02 8.962607875070791041e-02 0.000000000000000000e+00 1.583349591008473556e-01 0.000000000000000000e+00 6.751753095074837507e-02 1.025936120038710014e-01 0.000000000000000000e+00 0.000000000000000000e+00 8.833511468936414493e-03 0.000000000000000000e+00 0.000000000000000000e+00 2.484980884199305615e-02 0.000000000000000000e+00 0.000000000000000000e+00 0.000000000000000000e+00 0.000000000000000000e+00 0.000000000000000000e+00 2.744791156161183535e-02 1.678728316690216160e-01 0.000000000000000000e+00 9.254839259800456963e-02
0.000000000000000000e+00 1.115633449141119858e-02 0.000000000000000000e+00 0.000000000000000000e+00 1.069582660895773973e-01 8.036424172332032323e-02 1.652848130302632668e-01 0.000000000000000000e+00 0.000000000000000000e+00 8.940010304409015673e-02 0.000000000000000000e+00 0.000000000000000000e+00 0.000000000000000000e+00 0.000000000000000000e+00 1.023083930086113452e-01 0.000000000000000000e+00 0.000000000000000000e+00 5.631905650635583849e-02 0.000000000000000000e+00 0.000000000000000000e+00 4.539115145866753909e-02 6.190224731986251894e-02 1.348669573684755374e-01 1.098999388280062217e-01 3.614849713135862008e-02
0.000000000000000000e+00 1.494413547746934606e-02 9.031816618849428102e-02 0.000000000000000000e+00 1.451939000646963566e-02 2.979212081490425698e-02 3.326349630426015530e-02 7.077729563598920970e-02 7.787113383712403192e-02 1.094381144433944630e-01 0.000000000000000000e+00 3.706818114972008915e-02 0.000000000000000000e+00 0.000000000000000000e+00 7.962209064517336565e-02 0.000000000000000000e+00 1.369124330954368252e-01 5.835205545611199009e-03 0.000000000000000000e+00 5.300378116149057940e-03 2.346719268538157571e-02 7.011939346420105468e-02 1.315823081057185540e-01 6.417691663641736377e-02 4.992047848085558702e-03
0.000000000000000000e+00 0.000000000000000000e+00 1.400665510544094605e-01 0.000000000000000000e+00 3.413272656407464328e-02 0.000000000000000000e+00 1.604638399420697525e-01 3.779107333677130930e-03 1.591110118990341493e-01 0.000000000000000000e+00 1.115095737839403439e-01 1.294484953554483619e-01 0.000000000000000000e+00 0.000000000000000000e+00 6.840473570240186707e-02 0.000000000000000000e+00 0.000000000000000000e+00 0.000000000000000000e+00 0.000000000000000000e+00 0.000000000000000000e+00 0.000000000000000000e+00 0.000000000000000000e+00 1.258599280480883313e-02 1.503250722977047815e-01 3.017289326243077427e-02
0.000000000000000000e+00 0.000000000000000000e+00 1.790961735492684753e-02 0.000000000000000000e+00 1.246457023671597719e-01 0.000000000000000000e+00 0.000000000000000000e+00 2.397504496172373975e-02 7.864697316660047496e-03 1.374101839747190745e-01 0.000000000000000000e+00 6.720765630510243394e-02 0.000000000000000000e+00 3.269807608061964244e-02 1.549439584525842961e-01 0.000000000000000000e+00 1.213057612514252953e-01 3.685047446212999511e-02 1.201765137601029931e-01 3.847619836852408243e-02 0.000000000000000000e+00 2.370647712563378126e-02 9.156843771859135561e-02 0.000000000000000000e+00 1.261200500096527856e-03
0.000000000000000000e+00 0.000000000000000000e+00 2.856894849878599540e-02 0.000000000000000000e+00 2.126553023163476122e-02 0.000000000000000000e+00 9.516026251792665536e-02 1.070901700778591342e-01 1.150255381358031986e-01 4.179416252519553045e-03 1.505812514539646430e-02 1.233998738423350144e-01 2.686865322445493656e-02 7.749105529329069998e-04 2.065244860751785094e-01 3.721754960311617760e-02 0.000000000000000000e+00 0.000000000000000000e+00 1.501510501635072159e-01 4.584748065784759186e-03 0.000000000000000000e+00 1.341015622164202885e-02 5.072058139112287090e-02 0.000000000000000000e+00 0.000000000000000000e+00
8.742601462322859007e-02 0.000000000000000000e+00 0.000000000000000000e+00 0.000000000000000000e+00 1.136832865808936055e-01 3.409013369661888920e-02 2.082068032921224332e-01 4.000346891234246582e-02 5.358696961106524520e-02 4.798084789005947065e-02 0.000000000000000000e+00 0.000000000000000000e+00 0.000000000000000000e+00 0.000000000000000000e+00 1.496128048376552666e-01 0.000000000000000000e+00 0.000000000000000000e+00 0.000000000000000000e+00 0.000000000000000000e+00 3.890476735697962971e-04 1.236987695449622959e-03 0.000000000000000000e+00 1.144292890572791016e-01 9.870165062827899322e-03 1.394841810668877025e-01
2.526292492999555103e-03 0.000000000000000000e+00 1.250644473085421871e-01 0.000000000000000000e+00 1.174088359454432268e-01 2.875528155834800731e-02 0.000000000000000000e+00 7.451860610028950005e-02 5.443468056135437882e-02 3.738686282649192338e-02 0.000000000000000000e+00 1.433544710929239852e-01 0.000000000000000000e+00 7.711479697284020704e-03 7.786147044271103657e-02 0.000000000000000000e+00 0.000000000000000000e+00 0.000000000000000000e+00 0.000000000000000000e+00 0.000000000000000000e+00 0.000000000000000000e+00 1.086165248262206812e-01 5.958484737422284350e-02 2.719150678456318075e-03 1.600570490947122171e-01
2.322962009514758716e-02 0.000000000000000000e+00 9.504441307879276518e-03 9.572588899884047417e-03 2.250960158658486809e-01 0.000000000000000000e+00 8.526178100108524477e-03 2.468741770412413022e-02 2.622649527494694960e-03 1.146347943314808410e-01 1.226075700930648891e-03 1.898617918488302138e-03 2.645249417491728205e-02 0.000000000000000000e+00 1.793249524232856384e-01 1.024401616133896811e-02 1.604786908384883692e-01 1.694925808589870520e-01 0.000000000000000000e+00 0.000000000000000000e+00 0.000000000000000000e+00 3.300886609159592311e-02 0.000000000000000000e+00 0.000000000000000000e+00 0.000000000000000000e+00
8.632458986646254773e-02 6.401720233052166607e-03 0.000000000000000000e+00 1.060307615657169085e-02 1.313613132778293224e-01 0.000000000000000000e+00 2.059120907374892284e-02 0.000000000000000000e+00 1.087517177442481331e-01 2.458830179799643412e-01 0.000000000000000000e+00 7.743616341618377030e-02 0.000000000000000000e+00 0.000000000000000000e+00 1.634782870763198670e-01 0.000000000000000000e+00 6.888931033427129168e-03 1.722371039907576867e-02 0.000000000000000000e+00 2.851024997616606257e-02 0.000000000000000000e+00 0.000000000000000000e+00 3.398367408091052932e-04 1.271960244656051425e-02 8.348657457958059969e-02
7.871253935577729802e-03 0.000000000000000000e+00 1.553518261759156138e-01 0.000000000000000000e+00 0.000000000000000000e+00 0.000000000000000000e+00 2.247566544332124105e-01 7.056508555765629879e-04 1.714437244579154751e-01 0.000000000000000000e+00 0.000000000000000000e+00 4.271256836866444556e-02 0.000000000000000000e+00 3.516162371098845315e-04 1.828708484423345881e-01 0.000000000000000000e+00 0.000000000000000000e+00 0.000000000000000000e+00 4.903826189806277658e-02 9.190448371265789312e-03 3.393101253350873370e-02 0.000000000000000000e+00 0.000000000000000000e+00 1.217761342908559308e-01 0.000000000000000000e+00
9.111221934664991140e-02 3.986792099429152698e-03 0.000000000000000000e+00 0.000000000000000000e+00 0.000000000000000000e+00 0.000000000000000000e+00 1.391838614890386905e-01 0.000000000000000000e+00 0.000000000000000000e+00 2.942315635100630281e-02 0.000000000000000000e+00 3.498186666847312443e-02 0.000000000000000000e+00 0.000000000000000000e+00 1.870639661499290674e-01 4.423942912669944980e-03 1.660528939089886968e-01 1.184754166837275885e-01 1.312392431243237789e-01 1.469624079410445337e-03 0.000000000000000000e+00 0.000000000000000000e+00 2.130711355934947898e-02 4.889713224220579302e-02 2.238277138479794273e-02
6.497042207238400147e-02 1.722870516866407964e-02 1.596246957675411318e-02 0.000000000000000000e+00 1.071080643063990201e-01 0.000000000000000000e+00 3.598140584880717141e-02 7.770585593089850140e-02 0.000000000000000000e+00 4.423657500236843898e-02 0.000000000000000000e+00 4.741412562325002245e-02 7.166361833225486089e-02 0.000000000000000000e+00 1.963221539441392105e-01 6.968336082696489908e-02 0.000000000000000000e+00 3.393003133194042592e-02 0.000000000000000000e+00 1.826252029806773799e-02 0.000000000000000000e+00 4.519186837745681889e-02 2.125854026949848888e-02 0.000000000000000000e+00 1.330802830901522682e-01
1.230295525914208155e-01 1.132364773878336700e-01 0.000000000000000000e+00 0.000000000000000000e+00 0.000000000000000000e+00 0.000000000000000000e+00 1.424000717288433915e-01 3.862119414131007060e-03 1.332290980992487384e-01 2.122547283272756269e-02 0.000000000000000000e+00 0.000000000000000000e+00 4.096144961948990776e-02 0.000000000000000000e+00 1.713609495570848351e-01 0.000000000000000000e+00 0.000000000000000000e+00 0.000000000000000000e+00 0.000000000000000000e+00 0.000000000000000000e+00 0.000000000000000000e+00 0.000000000000000000e+00 0.000000000000000000e+00 1.604963397038288997e-01 9.019846906539109865e-02
0.000000000000000000e+00 8.665314156990674976e-02 1.245763370250434349e-01 0.000000000000000000e+00 0.000000000000000000e+00 0.000000000000000000e+00 1.999813181568838305e-01 1.060069893528911428e-01 1.289499229599137993e-02 4.150968699590697197e-02 8.730435358820886130e-03 1.090695029810525990e-01 0.000000000000000000e+00 2.511109791102843561e-02 9.803775822458732359e-02 0.000000000000000000e+00 1.825733254651335132e-03 1.904945024226781247e-02 0.000000000000000000e+00 2.001452549154423069e-02 0.000000000000000000e+00 1.367434335794534273e-01 0.000000000000000000e+00 7.943743264524303141e-03 1.851854295446202009e-03
0.000000000000000000e+00 5.938136324249759096e-03 0.000000000000000000e+00 2.055802711561905902e-02 1.379981417090414900e-02 0.000000000000000000e+00 2.981870965194156897e-02 0.000000000000000000e+00 1.274253285581833928e-01 1.491567695206011956e-01 0.000000000000000000e+00 1.674324680499984092e-02 0.000000000000000000e+00 0.000000000000000000e+00 1.621171098346770312e-01 0.000000000000000000e+00 4.343380336808464609e-02 0.000000000000000000e+00 5.371105952602651425e-03 7.511447084738315239e-02 0.000000000000000000e+00 0.000000000000000000e+00 2.547290001391023240e-01 1.291580364920654964e-02 8.287867406244474322e-02
1.004663541871963356e-01 0.000000000000000000e+00 0.000000000000000000e+00 8.498584760221666867e-02 3.518077696711949948e-02 0.000000000000000000e+00 4.278688919134421287e-02 0.000000000000000000e+00 2.177733845126320761e-02 0.000000000000000000e+00 0.000000000000000000e+00 5.991599240220218253e-02 3.453552348992043521e-03 0.000000000000000000e+00 2.567283416082455361e-01 0.000000000000000000e+00 4.732779514895691514e-02 0.000000000000000000e+00 0.000000000000000000e+00 0.000000000000000000e+00 0.000000000000000000e+00 1.035042902384038926e-02 1.761091073256799699e-01 1.609175757429429920e-01 0.000000000000000000e+00
0.000000000000000000e+00 0.000000000000000000e+00 0.000000000000000000e+00 1.028605284692216473e-02 3.953074611741492356e-02 0.000000000000000000e+00 1.618637525677544264e-01 0.000000000000000000e+00 2.017826788403181137e-01 0.000000000000000000e+00 0.000000000000000000e+00 0.000000000000000000e+00 0.000000000000000000e+00 0.000000000000000000e+00 6.481812775155611217e-02 0.000000000000000000e+00 0.000000000000000000e+00 0.000000000000000000e+00 0.000000000000000000e+00 1.592339025444988732e-02 0.000000000000000000e+00 5.999402864634840321e-03 1.127917416074372264e-01 2.296443484789570666e-01 1.573597586705553220e-01
0.000000000000000000e+00 1.430488300206847301e-02 0.000000000000000000e+00 0.000000000000000000e+00 0.000000000000000000e+00 2.066740598410374274e-02 1.510715765041615033e-01 0.000000000000000000e+00 0.000000000000000000e+00 1.560377408573001244e-02 0.000000000000000000e+00 3.428392052370224929e-01 2.502722689349472923e-02 0.000000000000000000e+00 2.468180399911324568e-02 0.000000000000000000e+00 0.000000000000000000e+00 7.374286866661651507e-02 1.288215427972392579e-01 3.765296737301402664e-03 0.000000000000000000e+00 0.000000000000000000e+00 1.511985812230613735e-01 0.000000000000000000e+00 4.827583487008726970e-02
0.000000000000000000e+00 0.000000000000000000e+00 1.577781430579382749e-01 1.098430672935219593e-02 1.069368091142644805e-01 0.000000000000000000e+00 1.782189723858522423e-01 5.805422836376128264e-03 1.234867508319855284e-01 5.081828277240363345e-02 0.000000000000000000e+00 1.289441854080711214e-03 0.000000000000000000e+00 0.000000000000000000e+00 1.491780402514520376e-01 0.000000000000000000e+00 6.813441276296347722e-03 1.882193642557304994e-02 3.945897141069275305e-02 0.000000000000000000e+00 0.000000000000000000e+00 0.000000000000000000e+00 1.409384476226492877e-01 0.000000000000000000e+00 9.471033431083434803e-03
0.000000000000000000e+00 0.000000000000000000e+00 0.000000000000000000e+00 1.728918611938104130e-02 0.000000000000000000e+00 0.000000000000000000e+00 1.040442582842635716e-01 6.409798309336686706e-02 8.131181616386737310e-02 0.000000000000000000e+00 1.471916213138830349e-03 6.800381515569593749e-02 0.000000000000000000e+00 0.000000000000000000e+00 6.591058855205739198e-02 0.000000000000000000e+00 0.000000000000000000e+00 8.324894349473743738e-02 0.000000000000000000e+00 0.000000000000000000e+00 7.776830773149334686e-03 1.277945671273955086e-01 0.000000000000000000e+00 1.993477574711431111e-01 1.797023375518035093e-01
0.000000000000000000e+00 0.000000000000000000e+00 4.392514178913376616e-02 0.000000000000000000e+00 0.000000000000000000e+00 0.000000000000000000e+00 1.830843542709322813e-01 0.000000000000000000e+00 2.445012915397313732e-02 9.740741156851022431e-02 0.000000000000000000e+00 2.835662664141755732e-02 0.000000000000000000e+00 0.000000000000000000e+00 1.402133360740218104e-01 0.000000000000000000e+00 0.000000000000000000e+00 1.247081564007627708e-01 6.560337298880904687e-03 5.449458292273779737e-03 1.119282757378790572e-01 0.000000000000000000e+00 7.958484107431139376e-02 1.543319316979033240e-01 0.000000000000000000e+00
0.000000000000000000e+00 0.000000000000000000e+00 0.000000000000000000e+00 0.000000000000000000e+00 0.000000000000000000e+00 9.653599396393607035e-02 5.609377202550924757e-02 1.027889037065544964e-01 0.000000000000000000e+00 2.342631318689845227e-02 0.000000000000000000e+00 4.882549853422563091e-02 0.000000000000000000e+00 0.000000000000000000e+00 1.727068563933438494e-01 0.000000000000000000e+00 1.957198299517861131e-02 0.000000000000000000e+00 0.000000000000000000e+00 0.000000000000000000e+00 2.198808102597117620e-02 0.000000000000000000e+00 1.307565716996459959e-01 1.892317645959150363e-01 1.380742618728214299e-01
0.000000000000000000e+00 0.000000000000000000e+00 9.223013803378539432e-02 0.000000000000000000e+00 2.238624553286503241e-02 0.000000000000000000e+00 5.205880554549957573e-03 0.000000000000000000e+00 2.118788090343679334e-02 0.000000000000000000e+00 4.461007799409265340e-02 1.575415302495815628e-01 4.125396045740327249e-03 0.000000000000000000e+00 2.679696752128535864e-01 1.034085611332944965e-01 0.000000000000000000e+00 2.626729055497126555e-02 1.394859903660167211e-01 0.000000000000000000e+00 0.000000000000000000e+00 0.000000000000000000e+00 2.142536353428035542e-02 9.986223947401789633e-03 8.416974593713007213e-02
1.143886472161417533e-01 0.000000000000000000e+00 0.000000000000000000e+00 2.631540572425660959e-02 0.000000000000000000e+00 0.000000000000000000e+00 1.388819860660258088e-01 7.360685948958728061e-03 2.001360462952270908e-02 9.372688769569609279e-02 0.000000000000000000e+00 0.000000000000000000e+00 0.000000000000000000e+00 0.000000000000000000e+00 2.136203866504756410e-01 0.000000000000000000e+00 2.774719749819274869e-02 0.000000000000000000e+00 0.000000000000000000e+00 0.000000000000000000e+00 0.000000000000000000e+00 0.000000000000000000e+00 2.067027617168518683e-01 1.512424368538781427e-01 0.000000000000000000e+00
0.000000000000000000e+00 0.000000000000000000e+00 0.000000000000000000e+00 0.000000000000000000e+00 1.579957875080201246e-02 6.805686194657552257e-02 0.000000000000000000e+00 0.000000000000000000e+00 0.000000000000000000e+00 7.715508717995074248e-03 0.000000000000000000e+00 7.058511744769083163e-02 8.748937942439827600e-03 0.000000000000000000e+00 1.224841547964207328e-01 0.000000000000000000e+00 0.000000000000000000e+00 1.080411291524844691e-01 4.645822653239228828e-02 0.000000000000000000e+00 4.530103825681319057e-03 1.764295920947535068e-01 1.264795227104850706e-01 2.446712660822793206e-01 0.000000000000000000e+00
0.000000000000000000e+00 0.000000000000000000e+00 3.870270586732346002e-02 0.000000000000000000e+00 1.641606457213138498e-02 0.000000000000000000e+00 5.185751795937810354e-02 0.000000000000000000e+00 1.320843239957029402e-01 5.679978385604410838e-03 3.197026146449440803e-02 1.943613126761113696e-02 9.193281951437753952e-02 0.000000000000000000e+00 1.632880037660656147e-01 0.000000000000000000e+00 1.447539136407325899e-01 1.604273130365866350e-03 8.930098528825836232e-04 0.000000000000000000e+00 1.122870834252073097e-02 0.000000000000000000e+00 1.733618351457174786e-02 1.412403991939732706e-01 1.315757055322640812e-01
1.763362561259860378e-02 1.468575200406788475e-02 0.000000000000000000e+00 0.000000000000000000e+00 6.107855242758189994e-03 5.962667741037613704e-03 1.404587707851044087e-01 2.804321110536623501e-02 2.926682972853307529e-02 1.159948466571981279e-01 0.000000000000000000e+00 2.591735608631884694e-02 0.000000000000000000e+00 0.000000000000000000e+00 1.465980341158721612e-01 9.862538941440185392e-02 2.753476405228163018e-02 9.518241725716256388e-03 0.000000000000000000e+00 1.375566328142145689e-02 0.000000000000000000e+00 0.000000000000000000e+00 1.253508768481530200e-01 1.485236959997704720e-01 4.602241959940022581e-02
