0.000000000000000000e+00 1.768143563286058428e-01 8.602681202261897378e-03 7.953977087640651256e-02 1.261939433273814295e-03 2.343725548714253870e-02 6.309993096005737934e-02 4.234997501676062890e-04 6.158729187860063382e-03 9.381961707711233833e-02 4.040462872295355612e-02 1.448057725052724343e-01 1.184677699811361069e-02 1.278247440099894439e-02 0.000000000000000000e+00 2.902273377026235932e-02 3.660152367995804686e-03 1.216936694219737380e-01 5.945486495894917317e-02 1.231711465505924141e-01
8.765891004024542466e-02 0.000000000000000000e+00 0.000000000000000000e+00 2.398159554997784937e-01 0.000000000000000000e+00 1.013729207525636833e-01 6.165519609247780558e-02 0.000000000000000000e+00 1.450783240881844960e-01 9.419467892020662314e-02 2.881486015344924753e-02 5.181549247240122176e-03 2.174295438738803234e-03 4.924352582836855931e-03 0.000000000000000000e+00 0.000000000000000000e+00 0.000000000000000000e+00 1.784195726015558314e-01 0.000000000000000000e+00 5.070938458272268579e-02
1.462188182547276560e-01 3.930472393948299288e-03 2.403328645534161430e-03 1.234429236009492240e-02 4.839553201192752646e-02 1.604822497832592010e-01 1.176018717222968857e-01 1.485301319105929996e-01 1.426892549623152706e-01 0.000000000000000000e+00 5.865205742594706284e-03 0.000000000000000000e+00 0.000000000000000000e+00 6.339994530709275322e-02 1.730998498689109016e-02 3.182049652408764501e-02 0.000000000000000000e+00 5.766945130114658341e-02 0.000000000000000000e+00 4.133896409349040180e-02
3.410734359513890868e-02 8.596305925851963070e-02 0.000000000000000000e+00 1.248933492292662456e-01 0.000000000000000000e+00 1.073201535484790692e-01 1.358377066178606193e-02 1.570995492749463832e-02 1.662861127311319187e-01 1.268892939033079703e-01 0.000000000000000000e+00 4.103644940122823381e-02 0.000000000000000000e+00 5.265995050417390626e-03 3.166344789155673550e-02 1.663649033441396141e-01 7.839564915412017276e-02 0.000000000000000000e+00 0.000000000000000000e+00 2.520517303413474363e-03
1.574910168347623887e-02 1.730143825034173577e-01 1.763520063714773287e-04 1.222827017974573993e-01 4.204060917622459009e-02 2.917407614038631906e-03 2.942438867255348089e-02 1.492559224967541023e-02 1.572949622092095420e-03 1.115974680273149056e-01 4.339570613140861927e-03 1.070317756776845569e-01 6.147723487106063721e-04 5.330275051997779984e-02 4.061899387097024465e-03 0.000000000000000000e+00 1.152882438228147906e-02 3.641718223844981478e-02 1.405358685659542362e-01 1.284664029140819841e-01
1.360750213856195823e-01 1.969299008465729139e-01 2.263282642324145055e-02 0.000000000000000000e+00 7.327351267612047803e-02 1.762721410581585824e-01 9.726546269544973644e-02 4.672808812309016402e-02 9.142569334132844006e-02 0.000000000000000000e+00 0.000000000000000000e+00 7.477608340809308030e-02 0.000000000000000000e+00 0.000000000000000000e+00 0.000000000000000000e+00 1.293660344956934667e-02 2.439054290226940966e-02 0.000000000000000000e+00 2.051988896483272068e-02 2.677423472565419391e-02
5.162079266911925694e-03 1.443343864689179690e-01 0.000000000000000000e+00 5.281104048204132012e-02 7.521630915379692861e-02 1.517981716378877521e-01 5.913805155705487843e-03 1.067664983832926073e-01 1.566705461250150477e-01 1.185951165866731827e-01 4.386541376344898699e-03 0.000000000000000000e+00 0.000000000000000000e+00 9.453067405204343063e-03 3.493380619603331672e-03 3.692494212041166207e-02 0.000000000000000000e+00 5.105027894276687600e-02 7.475246922679236461e-02 2.671367048634304929e-03
2.206211540129837945e-01 2.837367560540729819e-02 7.810793142665231614e-02 5.131269466074513987e-03 8.870095166055821934e-02 1.420289586092327583e-01 1.038546370210162439e-01 1.564049833812801438e-02 3.820269997564814529e-02 5.256121826308889078e-02 2.384018568712161466e-03 1.238224241365912387e-01 1.777612686631909605e-02 1.009157805247427181e-02 6.073127156344584887e-02 8.469678966346741791e-03 1.015814946030264192e-03 1.957500024706574498e-03 0.000000000000000000e+00 5.285924965834030162e-04
4.047221614330906436e-02 1.149478215942797144e-01 1.469578456832547168e-02 2.649757301689093514e-01 4.188988235773493524e-02 1.191635387850469296e-01 0.000000000000000000e+00 3.181903121889551045e-02 1.450135635519803068e-01 1.121140670240669407e-01 1.413369734896163105e-02 1.354819336975208316e-02 0.000000000000000000e+00 0.000000000000000000e+00 4.344441995256263789e-03 2.789624900929798396e-02 1.023080316020747761e-02 4.475497970397613462e-02 0.000000000000000000e+00 0.000000000000000000e+00
2.248517474573132752e-02 1.423924464639833853e-01 1.815424443257373718e-02 1.323704399201308390e-01 1.606333551289665373e-02 1.605064643640217309e-02 3.820239986409738886e-02 1.117599197592944876e-01 3.374318387827418032e-03 3.163796516406144899e-02 5.809004498656075190e-04 2.888850600907776761e-03 0.000000000000000000e+00 1.670076697560539947e-01 0.000000000000000000e+00 6.305793118983592238e-02 0.000000000000000000e+00 1.361427596110972860e-01 0.000000000000000000e+00 9.783099770524053551e-02
2.126296848930896988e-01 9.773252154771928935e-02 0.000000000000000000e+00 2.715375309159581089e-03 0.000000000000000000e+00 6.825893153598332382e-03 3.833637412145207701e-02 2.078319670611499317e-02 1.657868708506541333e-01 1.069325403061433949e-01 6.808570817778446249e-02 9.084811621729771414e-02 1.698327830551070450e-02 1.843949361260526984e-02 0.000000000000000000e+00 3.394524657976019048e-03 4.662111909918047192e-03 1.457795819931023418e-01 6.472823787401606535e-05 0.000000000000000000e+00
1.474513599779514739e-01 1.219854089118091282e-02 1.921195210793469376e-03 3.613587443256068379e-04 0.000000000000000000e+00 1.287871609790976757e-01 6.960507859042058820e-02 3.215094838668651478e-02 1.910323163457365234e-02 1.171149011184594718e-01 8.529238004109743199e-02 1.296869784142679061e-01 0.000000000000000000e+00 7.058370115690866184e-03 0.000000000000000000e+00 4.281226795100601112e-02 3.609643857367308278e-04 1.245327561302254082e-01 2.807198104226812929e-02 5.349052638621824146e-02
1.529395176174794813e-01 1.738217877243317458e-02 0.000000000000000000e+00 1.929022385512033783e-02 0.000000000000000000e+00 1.208433384039361846e-01 6.340710314821705607e-02 6.690268312685490604e-02 1.606273593544144812e-02 1.173558595969196316e-01 1.489586871517341038e-01 1.594564482480364809e-01 0.000000000000000000e+00 2.775172825046887809e-02 2.310128803979625764e-02 0.000000000000000000e+00 0.000000000000000000e+00 0.000000000000000000e+00 4.891608320160761164e-02 1.763212465195445819e-02
8.780688655443519286e-02 1.200155469204781111e-01 0.000000000000000000e+00 1.028338727539088171e-01 4.813925070511222010e-02 1.508723809735215970e-01 4.743226800722709358e-02 4.413088789790504951e-02 2.899481584445842697e-02 8.573843383993499934e-02 1.375389349511381247e-02 8.555030477907113549e-04 1.630816560812868923e-02 1.344766325737628554e-01 1.078562397015606356e-01 3.726367121056309035e-03 0.000000000000000000e+00 3.586056440145736057e-03 3.472798515459576529e-03 0.000000000000000000e+00
1.576432602053246257e-01 5.939496204932983442e-02 0.000000000000000000e+00 1.245425348210403987e-01 0.000000000000000000e+00 1.390796018338774920e-01 0.000000000000000000e+00 1.429046544597183761e-03 1.405380721876074157e-01 5.806882799943419854e-02 0.000000000000000000e+00 6.729056648444881050e-02 9.562625124714051184e-02 3.584524621405277278e-02 0.000000000000000000e+00 2.028063109997216631e-02 6.445221949250867256e-03 6.551468733759296947e-02 2.830109002633056717e-02 0.000000000000000000e+00
1.258110205097514311e-01 0.000000000000000000e+00 0.000000000000000000e+00 7.377970918556066293e-02 1.345843551023303275e-01 3.195746349501873279e-02 2.663806469763677943e-03 1.311441944314185315e-01 0.000000000000000000e+00 1.083866460641912284e-02 8.291798449956763739e-02 1.025711245942042583e-02 0.000000000000000000e+00 1.375945024916867543e-01 6.709536480242520029e-02 9.081960331294460648e-03 1.607507031009599088e-02 1.551468655317473078e-01 6.173893689847594589e-03 4.878032083652015898e-03
3.949550610063676248e-02 1.521474321556661596e-02 1.090515578626463991e-02 0.000000000000000000e+00 8.695386291154776071e-02 1.545348331074769543e-01 2.739792172755553187e-02 9.786366662916014258e-02 1.110006115724415793e-01 1.481532926204836009e-01 1.094750109404424021e-01 2.744215886695205650e-02 8.648980677764161323e-03 0.000000000000000000e+00 0.000000000000000000e+00 4.012755862685216113e-02 8.205839321678778941e-02 0.000000000000000000e+00 4.072830400006776513e-02 0.000000000000000000e+00
3.281317596838767819e-03 7.657881017840028129e-03 0.000000000000000000e+00 4.336347838169981456e-02 2.137883340338840935e-02 3.226330814274313424e-02 0.000000000000000000e+00 3.429848487401689072e-02 9.607580060434744995e-02 7.037199684371703290e-02 5.919772965150081612e-02 4.814388612395642184e-03 5.039626176592307272e-02 1.211118432590067712e-01 9.510708567964773485e-02 2.953221598636343245e-02 1.213819885729194581e-01 9.955004036708735293e-02 9.822721366583898883e-02 1.199013157472523204e-02
1.396182963283265077e-01 1.419822831914371031e-01 0.000000000000000000e+00 1.304102585152586979e-01 2.191808812538014253e-02 3.273846050069140895e-02 2.657164210064424589e-02 0.000000000000000000e+00 1.582064982876849879e-01 9.598274654521121718e-03 1.163452171310389166e-01 3.290088867037776338e-02 0.000000000000000000e+00 4.485570801247541067e-02 0.000000000000000000e+00 0.000000000000000000e+00 3.798428948841023941e-03 1.351877335553097192e-01 5.868221978012938718e-03 0.000000000000000000e+00
1.818601383269651678e-02 1.017297604183034221e-01 7.285104205835907232e-02 0.000000000000000000e+00 3.880712839747658266e-02 1.250969054262428826e-01 6.031748220399989896e-02 4.262437039446257542e-02 2.406831124522925899e-02 5.260345270950644338e-03 7.066975715982118725e-03 0.000000000000000000e+00 0.000000000000000000e+00 1.378944653031520251e-01 2.755155757303284075e-02 5.820827246788236320e-02 1.086359564850444045e-03 3.019650759590250186e-02 9.964961653252693563e-02 1.494048859989499656e-01
5.284764270029892498e-03 9.580729989439713823e-02 0.000000000000000000e+00 2.043621766067795220e-01 0.000000000000000000e+00 1.539176147975967190e-01 7.379890695475598006e-02 6.812583935197573382e-02 1.557550793628124097e-01 0.000000000000000000e+00 0.000000000000000000e+00 4.540915360325419037e-02 2.082852039416560608e-02 1.389673601702143269e-01 1.190191394322197456e-02 2.584137065079650589e-02 0.000000000000000000e+00 0.000000000000000000e+00 0.000000000000000000e+00 0.000000000000000000e+00
4.645924256115865902e-02 4.742883346802471978e-02 2.469109911647800540e-02 2.365907596052235773e-01 0.000000000000000000e+00 6.386153098121218064e-02 0.000000000000000000e+00 8.553762788383217908e-02 3.248349936308312508e-02 6.143717557634712639e-03 5.500612995879138045e-02 2.169374656627043874e-01 9.626959768548171538e-04 0.000000000000000000e+00 1.111455536000578899e-02 1.819326502224577133e-02 1.076388666353394682e-02 0.000000000000000000e+00 0.000000000000000000e+00 1.438256908192167283e-01
7.667650558259275773e-02 2.368936577084166523e-02 8.405794846633661901e-03 1.329116274883260784e-01 9.768813547807163669e-03 1.434175781150533180e-01 1.978651873706206363e-02 0.000000000000000000e+00 1.511284104909327297e-01 1.204160630005245147e-01 5.256290450525055724e-02 9.881015601135767837e-03 0.000000000000000000e+00 1.301374714905235985e-01 0.000000000000000000e+00 7.750187390274308752e-02 0.000000000000000000e+00 0.000000000000000000e+00 0.000000000000000000e+00 4.371605692057297515e-02
8.872747869101912932e-02 1.387949487405522597e-01 1.375324961787364846e-02 4.567179303866622520e-02 1.259698405354962025e-01 1.566563418249609374e-01 2.471062416579427115e-02 1.131188956531511830e-01 7.847470937205661135e-02 2.773508974798430046e-02 1.607746200591912700e-02 3.763509429225366659e-02 1.021029499341708944e-03 1.754725533825429035e-02 0.000000000000000000e+00 0.000000000000000000e+00 9.661423200809413732e-04 9.209933075748477638e-02 0.000000000000000000e+00 2.104071439911071525e-02
1.185150527932912201e-01 5.878710797384358033e-02 0.000000000000000000e+00 2.013546972499590665e-02 2.028163017069136431e-01 1.628699255048088601e-01 4.387451509932939475e-02 9.102374394758990786e-04 1.264643605382295422e-01 6.539952516877994837e-02 8.804802098426866078e-03 0.000000000000000000e+00 0.000000000000000000e+00 8.904574597855869147e-03 5.929068443768049229e-02 1.118354127305617590e-01 0.000000000000000000e+00 1.139203018580703386e-02 0.000000000000000000e+00 0.000000000000000000e+00
0.000000000000000000e+00 1.343224481880873344e-01 0.000000000000000000e+00 1.038450577463286423e-01 4.326795576409779576e-02 1.212682312537588236e-01 5.239554428404344551e-03 1.812385081087235683e-04 1.600778491579047114e-01 1.883133519955715041e-01 8.842452383921188888e-03 1.347811796799585488e-02 5.656042700274740986e-02 1.255223940040591513e-01 1.139950755461340597e-06 1.803228624375545713e-04 2.877684321769184012e-02 0.000000000000000000e+00 0.000000000000000000e+00 1.012261556812979121e-02
1.169804219598897105e-01 8.227271934835191439e-03 8.791012097350381360e-02 2.152447273282155349e-01 5.687049043773853910e-03 2.633400444482120878e-02 0.000000000000000000e+00 8.934316741853351451e-02 2.850117551920354833e-02 4.755120662823735661e-02 1.251696929007555491e-02 1.356181480253565164e-01 1.730794748401389208e-02 8.173630766157033087e-03 5.298308516685467685e-03 1.302930783074665762e-02 1.967491937339498585e-03 1.652116999354069082e-01 1.509735096320468338e-02 0.000000000000000000e+00
0.000000000000000000e+00 2.355874586876009202e-01 7.592794509989143729e-03 1.477783343239504332e-01 7.165094609478810106e-02 1.515312059014979340e-01 4.719140395215999650e-02 0.000000000000000000e+00 1.362063426780832087e-01 1.243530716228472000e-01 3.151355606670205867e-02 1.986766392658078847e-02 1.499508342344942416e-02 0.000000000000000000e+00 0.000000000000000000e+00 0.000000000000000000e+00 1.023001539053268807e-02 1.502123421818139185e-03 0.000000000000000000e+00 0.000000000000000000e+00
4.495988282086672144e-02 1.397662689671880232e-01 7.878210042129765028e-03 3.459048612838662440e-02 3.872950309300465105e-02 1.540713578918245230e-01 1.048609209740734988e-01 7.649455356890784430e-02 8.635412732878705588e-02 5.744131892990629595e-02 2.638370408779994354e-03 9.875871267683788979e-02 9.056995479107854408e-02 0.000000000000000000e+00 0.000000000000000000e+00 1.533720703322495431e-03 9.308027319559781382e-03 0.000000000000000000e+00 4.315271945576366203e-02 8.891864899582827692e-03
6.105177614036382330e-03 4.198007147657122073e-02 0.000000000000000000e+00 6.344704721873327229e-03 2.817349577858639306e-02 1.346945086790949375e-01 0.000000000000000000e+00 0.000000000000000000e+00 1.789330096708859619e-01 1.442351617430989719e-01 0.000000000000000000e+00 1.137269898023651402e-02 7.094604522824968012e-04 8.355002451526234719e-02 8.394304805926555701e-02 3.405514235562116798e-03 2.478464743067074552e-03 1.291008761879291478e-01 2.434046259497923276e-02 1.206333205472683301e-01
1.442622726870002037e-01 1.214688776154186772e-01 0.000000000000000000e+00 2.909769456290125025e-02 6.018414106352639598e-02 1.637448990190883968e-01 2.935862666293722473e-03 7.661826877591956797e-02 4.120875729417029093e-02 4.270733705618026677e-02 2.825771879592876845e-02 1.734924075048841635e-02 2.594261131030477577e-02 2.424512819213192703e-03 4.089479880495528082e-03 0.000000000000000000e+00 5.245525852889229741e-04 1.335798777167017913e-02 7.546718235489288662e-02 1.503586029912185318e-01
0.000000000000000000e+00 2.143682326677187056e-01 1.668376933302669800e-04 1.223476758499166261e-01 5.804355118175364217e-03 1.662968695856197332e-01 3.283698051482740639e-03 1.059680962189164972e-02 1.546418574572586135e-01 1.249597357938821846e-01 1.536905281579894859e-02 1.132013719291031714e-02 3.251713199647791180e-02 0.000000000000000000e+00 5.166657335636085091e-02 6.053075143502529946e-03 0.000000000000000000e+00 7.455461538617177975e-02 0.000000000000000000e+00 6.053342269501804304e-03
0.000000000000000000e+00 0.000000000000000000e+00 0.000000000000000000e+00 6.796388802464487433e-04 8.582635215854779454e-02 1.199364408066265625e-01 1.570877203371495376e-02 5.053203998252327883e-02 1.606206943643941065e-01 1.024054906158953088e-01 0.000000000000000000e+00 2.420524199740112931e-02 2.071285323303049056e-02 1.189773034441438948e-01 5.306077874663236993e-02 8.645657357678895871e-02 1.178907252469063756e-02 1.324623453564112985e-01 1.662640227895280723e-02 0.000000000000000000e+00
3.251359159572752427e-02 4.728974854898492647e-02 0.000000000000000000e+00 0.000000000000000000e+00 8.341671051439691897e-02 2.708267882317287878e-01 6.178175537870277817e-02 0.000000000000000000e+00 1.941930244299774344e-01 2.058930875003994049e-02 1.684052966139959473e-02 2.198471822528247702e-02 7.503182040564417878e-03 1.260049434358676279e-01 9.833942048139050068e-03 6.343717523618577769e-02 0.000000000000000000e+00 2.683822681339574287e-02 1.694635508960709580e-02 0.000000000000000000e+00
1.371614061869865231e-01 1.418424251760004411e-02 9.213401576415994332e-03 0.000000000000000000e+00 4.320264612310812519e-02 1.449091907541527890e-01 9.513852663336273829e-02 2.541729352333911562e-02 1.033088874244689204e-01 5.999865051139244981e-02 4.990903581592212590e-02 1.417966830290871838e-01 1.837659227039525195e-02 3.602389636523331985e-03 0.000000000000000000e+00 3.001952288060187601e-02 0.000000000000000000e+00 0.000000000000000000e+00 1.138878979315974538e-01 9.873633185046273159e-03
1.353415927157591327e-02 1.509631633532468875e-01 1.339579386498421926e-02 1.215249024177334491e-01 6.933722711938455907e-02 1.779862909109618946e-02 2.260654004298961756e-03 4.960828195668335466e-02 4.810470847220384150e-02 0.000000000000000000e+00 0.000000000000000000e+00 7.235935852942182792e-04 3.979340558494363911e-02 5.507446310315262245e-02 0.000000000000000000e+00 8.778610500861090682e-02 6.479999333515389093e-02 1.276034290958255255e-02 1.184986183959042261e-01 1.340359585261505782e-01
1.464404682810354907e-01 1.115954824375747639e-01 0.000000000000000000e+00 0.000000000000000000e+00 0.000000000000000000e+00 1.803127002099838838e-01 1.611862554841697603e-01 1.004020348111377692e-01 1.493878068054382280e-01 7.382052081808390676e-02 3.161889260958614806e-02 0.000000000000000000e+00 0.000000000000000000e+00 0.000000000000000000e+00 0.000000000000000000e+00 3.149194599920064272e-03 0.000000000000000000e+00 3.848348330647999305e-02 3.603160636590049988e-03 0.000000000000000000e+00
1.559110581665365258e-01 1.311485859957617628e-01 6.792089777215788758e-04 0.000000000000000000e+00 5.460104117443792017e-03 1.891577414077026953e-01 1.099889259206039832e-01 1.017994555658015554e-01 1.438361404730008619e-01 9.311311571355139483e-02 0.000000000000000000e+00 0.000000000000000000e+00 0.000000000000000000e+00 0.000000000000000000e+00 0.000000000000000000e+00 1.790689015428128042e-02 0.000000000000000000e+00 1.948170759986636927e-02 3.151706590772834077e-02 0.000000000000000000e+00
1.880989393505756724e-01 1.481469140299141677e-03 3.423963660011611473e-04 4.730926742374509664e-02 2.855358989565229353e-03 1.581770923782879062e-02 1.569457007405623827e-02 2.156418830855846291e-01 1.261766781944993060e-02 9.681530897138081182e-02 2.070773035334156145e-02 1.176922434943044604e-01 2.989778397733654919e-02 1.160583950048309637e-01 0.000000000000000000e+00 2.543253347490189928e-03 0.000000000000000000e+00 1.008251620609148802e-01 3.536044327192121826e-03 1.206481697610253465e-02
5.340542522150960175e-02 0.000000000000000000e+00 8.916335568448872928e-02 1.611853178130855935e-01 0.000000000000000000e+00 1.452937674510405563e-01 0.000000000000000000e+00 4.879004533434242244e-03 3.064486343026473492e-02 2.585468099721962079e-03 0.000000000000000000e+00 0.000000000000000000e+00 1.298054265831759604e-02 1.305133009339527750e-01 0.000000000000000000e+00 2.506345845042396575e-02 0.000000000000000000e+00 1.476165920583404900e-01 7.041676104789673651e-02 1.262521426175231276e-01
4.794721056986637336e-02 1.912508198088148925e-01 4.424181980900307280e-03 3.629976621993125097e-02 1.657152132150677398e-03 1.281903747777033038e-02 5.165758169247035292e-02 1.067896717808034142e-02 4.365907462413756018e-02 3.862061422543415501e-02 1.107803739449332719e-01 2.468604262112709669e-01 4.694241837630201350e-03 1.495831387018966840e-01 0.000000000000000000e+00 2.443631237026636441e-02 8.542577170942013132e-03 0.000000000000000000e+00 7.604101683138570281e-03 8.484422170365617591e-03
2.437694315732229777e-01 1.325294379963183888e-01 1.930559606920511165e-02 0.000000000000000000e+00 0.000000000000000000e+00 1.654759300431304925e-01 0.000000000000000000e+00 3.406946888769381981e-02 1.071360189317370065e-01 0.000000000000000000e+00 3.940487679348763338e-03 0.000000000000000000e+00 2.488855956666148270e-02 1.487049657605483133e-01 0.000000000000000000e+00 5.911243510762636232e-03 0.000000000000000000e+00 7.056102009621456617e-02 1.702709291088745289e-02 2.668074697426897623e-02
5.163827947441999161e-02 3.963624904458921960e-02 6.827130241729251030e-04 5.471411968019282597e-03 6.592179516722537769e-02 9.102280220051751913e-02 5.512189541051943503e-02 7.821277093769056499e-02 9.478251880267064833e-02 7.740924126888980294e-02 4.983226464814857759e-02 2.011952473308577585e-02 0.000000000000000000e+00 1.188388965977688477e-01 2.999530254750180230e-02 1.210019758213651438e-02 1.089021420557684293e-03 1.369932877450994735e-01 6.113890426611218176e-02 9.992923160874321586e-03
1.216514574705883367e-01 2.372155325600568410e-01 1.456009162193494522e-02 1.400450856997598748e-01 0.000000000000000000e+00 9.339416444899492631e-02 4.760915799577018423e-03 1.910314601538113137e-03 2.505967799604633811e-02 9.297912028002319751e-02 0.000000000000000000e+00 2.733560587658071406e-03 1.389802523654884306e-03 0.000000000000000000e+00 0.000000000000000000e+00 0.000000000000000000e+00 0.000000000000000000e+00 7.149958610987919294e-02 3.468815634245203672e-02 1.581125339578361710e-01
5.249560262139817569e-04 5.186560853355496464e-02 9.982048453038138563e-04 1.670869977532986328e-01 2.753761487909315089e-02 3.576908578863022964e-02 7.688164171299892435e-02 1.090843735633312550e-01 1.715697220298981751e-01 8.024307792678077311e-02 2.418037730104524718e-02 1.559162162211381875e-01 3.156028943269497539e-02 6.558808266590963020e-03 1.386716147579734101e-03 1.671482611918612832e-02 7.759067288603244301e-03 2.016085293622589189e-02 2.093248339895992672e-03 1.210831488793581018e-02
1.703687659969986834e-01 4.788695970698467891e-02 5.983080605174342231e-02 7.517987181157385380e-03 3.279271921888535918e-02 1.291974593800327697e-01 1.046865853121055692e-02 0.000000000000000000e+00 1.521970998676819842e-01 1.176804447282406296e-01 2.618110331539452718e-02 3.213976305529805261e-02 5.721593971765179254e-03 3.322360878093201519e-02 3.292207163772341294e-02 1.161493532000100054e-01 8.905886231989360025e-03 0.000000000000000000e+00 2.398654161806796826e-05 1.679173260233392598e-02
7.067391274027186310e-02 1.229236439707327433e-01 1.468443045909867753e-02 1.662312462676055272e-02 7.262495248618004717e-02 1.501056279602915877e-01 3.631586135378101106e-03 1.151977879571037949e-01 7.128291280417171916e-02 4.832044461602260504e-03 1.049640004753043948e-01 1.204393325401081488e-01 5.115791828342928062e-04 2.893258870449550921e-02 2.531959411281570899e-02 6.344391801248994156e-02 1.980846314862171574e-03 0.000000000000000000e+00 1.051416748224365261e-02 1.313949573254914261e-03
0.000000000000000000e+00 7.497453420710384342e-02 3.422113558085915219e-03 2.303202804952216715e-02 2.218904749135879040e-02 1.483435553283782016e-01 1.163735747559139187e-02 2.300775455789751123e-02 6.796162755031084218e-03 9.653170905945548941e-02 0.000000000000000000e+00 2.808606992069286046e-02 9.690367991905307621e-02 1.485376193560826730e-01 4.025495993980149345e-02 9.626449369459216809e-02 0.000000000000000000e+00 6.276203697495499889e-03 5.277551713689904167e-02 1.209671938529589541e-01
3.265945756964758369e-03 1.688258085947454967e-01 1.178063729996666007e-03 9.629201856326043141e-02 0.000000000000000000e+00 2.560653674836037633e-02 9.432040960361744164e-03 1.544339187405980446e-02 7.062753274518844028e-03 1.285375869732047482e-01 1.153651960631983525e-01 1.428922346591939181e-02 0.000000000000000000e+00 1.283978899409294605e-01 1.014782138447529840e-02 5.822349060979508870e-03 2.481507147549175552e-03 1.433311015734487770e-01 1.115422052793459962e-01 1.297855960868115645e-02
0.000000000000000000e+00 1.190883459006037703e-01 7.429049997399580964e-04 1.411526055024974746e-01 4.709267837774012283e-02 1.698797838375867564e-01 1.789377952629357432e-04 5.081524821581833405e-03 5.463440946634867679e-03 2.016541653850524585e-02 0.000000000000000000e+00 5.655017456496590905e-02 4.098355194605383944e-02 1.408586591523888071e-02 7.302044839634558304e-02 2.579798421840823891e-02 0.000000000000000000e+00 6.691256435761726643e-03 1.221858086963519274e-01 1.518392711067208800e-01
