1.335802665104673659e-01 1.339398680795114704e-01 8.211725346881343368e-02 2.958450927414350146e-02 1.413016557050239264e-01 0.000000000000000000e+00 0.000000000000000000e+00 0.000000000000000000e+00 0.000000000000000000e+00 0.000000000000000000e+00 0.000000000000000000e+00 0.000000000000000000e+00 1.267678279585946477e-01 1.458370591738480382e-01 1.583175157926658139e-01 0.000000000000000000e+00 0.000000000000000000e+00 0.000000000000000000e+00 5.669294935842295220e-03 1.218339303622712443e-02 0.000000000000000000e+00 0.000000000000000000e+00 2.925132985576748071e-02 0.000000000000000000e+00 1.450026209094901425e-03
0.000000000000000000e+00 1.101268816343241586e-01 1.700374979561633249e-01 0.000000000000000000e+00 1.387013203838047271e-01 1.407532634283355788e-01 3.796740209056481685e-02 2.730970148549369519e-03 3.378194449415404532e-02 0.000000000000000000e+00 3.493149503233458023e-03 0.000000000000000000e+00 3.855612421108914681e-03 0.000000000000000000e+00 1.585699665399817604e-01 2.209546467296508946e-03 1.074649740338290416e-02 1.042062215080993837e-01 0.000000000000000000e+00 7.982458523861809402e-03 8.847878382588953566e-03 3.425746925471741255e-04 2.084352149533211587e-02 0.000000000000000000e+00 4.480329292667086655e-02
2.013853341664651950e-02 2.079495739720314818e-01 1.127132317788329674e-01 7.294799290237364122e-04 0.000000000000000000e+00 2.880881728300692390e-02 2.063235908236400046e-02 1.282738797204206749e-01 0.000000000000000000e+00 0.000000000000000000e+00 0.000000000000000000e+00 1.113784259628289447e-01 7.149951702471192549e-02 7.658043517413581913e-02 3.161657995738977045e-02 4.180467729644351399e-02 0.000000000000000000e+00 1.233194267020530123e-02 3.719830758096016009e-03 1.034447830650045558e-01 0.000000000000000000e+00 1.086397657127945345e-02 1.292167870491273823e-02 4.592277632665534189e-03 0.000000000000000000e+00
1.869751282593526132e-01 2.747124113169326365e-01 0.000000000000000000e+00 1.621680765684228170e-02 0.000000000000000000e+00 2.558509192754208905e-03 0.000000000000000000e+00 1.366169445619266343e-01 3.041749421747081544e-02 1.094962903678035199e-01 0.000000000000000000e+00 3.602674684995688104e-02 1.274348492177378445e-01 0.000000000000000000e+00 4.584535257359304700e-02 0.000000000000000000e+00 0.000000000000000000e+00 0.000000000000000000e+00 1.693578880364055364e-02 0.000000000000000000e+00 0.000000000000000000e+00 0.000000000000000000e+00 7.223413360681946692e-03 9.540263621306993916e-03 0.000000000000000000e+00
0.000000000000000000e+00 5.288126620718847787e-02 4.805036096503154802e-03 0.000000000000000000e+00 1.226413905626132089e-01 0.000000000000000000e+00 1.048541043437507120e-01 1.400431643524898684e-01 0.000000000000000000e+00 5.145375682384808157e-03 0.000000000000000000e+00 1.446632448600973508e-01 1.208441597655320054e-01 1.082141863092314776e-01 5.976927777293337268e-02 0.000000000000000000e+00 4.181705833595677352e-02 9.077976912585329541e-04 0.000000000000000000e+00 1.098690619875554789e-03 0.000000000000000000e+00 2.204376972560623607e-02 7.027147767457855854e-02 0.000000000000000000e+00 0.000000000000000000e+00
0.000000000000000000e+00 1.570980929118730770e-03 1.436868792263862882e-01 0.000000000000000000e+00 1.328261016302144104e-01 0.000000000000000000e+00 1.238367573555468337e-02 0.000000000000000000e+00 1.536983964179428411e-02 1.089642009195652614e-02 2.028385892291974246e-02 1.772640505958045232e-01 0.000000000000000000e+00 1.369243492806839456e-02 1.131966931762530965e-01 0.000000000000000000e+00 1.466740966370682665e-02 0.000000000000000000e+00 6.436969489540440847e-02 6.212221330700216752e-03 0.000000000000000000e+00 2.924595047528311467e-02 0.000000000000000000e+00 1.471770283819807956e-01 9.715676037485397598e-02
1.123928340638532808e-01 5.398536568095992777e-02 1.450205954417942977e-01 0.000000000000000000e+00 1.589926565536131930e-01 0.000000000000000000e+00 4.473431433260582207e-02 1.238311409008020642e-01 0.000000000000000000e+00 3.266263913877063413e-02 0.000000000000000000e+00 0.000000000000000000e+00 1.468992778711168401e-01 0.000000000000000000e+00 4.297224666786909203e-02 0.000000000000000000e+00 0.000000000000000000e+00 0.000000000000000000e+00 3.705676792183968792e-03 0.000000000000000000e+00 0.000000000000000000e+00 0.000000000000000000e+00 1.265791860210612862e-03 1.335374606962203281e-01 0.000000000000000000e+00
1.917138687800495622e-01 1.309416365434158958e-01 6.410523719986879580e-03 0.000000000000000000e+00 1.764998465643210709e-02 1.710748160468960168e-03 0.000000000000000000e+00 1.119029952569143005e-01 5.382244307155435725e-02 0.000000000000000000e+00 0.000000000000000000e+00 1.553867174070967250e-01 8.092195911163296840e-02 2.783902314440956770e-03 3.369543683805288625e-02 1.896005801548212091e-02 0.000000000000000000e+00 0.000000000000000000e+00 0.000000000000000000e+00 0.000000000000000000e+00 0.000000000000000000e+00 9.224259032045702134e-02 2.582303073785179731e-02 4.549413936330366781e-02 3.053996570285977957e-02
1.633464157222344268e-02 1.317722882803600837e-01 1.483994062263637170e-01 1.220116724197667542e-02 1.401868744848517312e-01 0.000000000000000000e+00 7.742586829546278977e-03 1.312344668930880420e-01 3.773089347454321261e-03 1.268048017261603523e-02 0.000000000000000000e+00 1.223047531623562383e-02 9.513027676146126876e-02 4.416535834386250275e-03 0.000000000000000000e+00 0.000000000000000000e+00 1.873696374199914153e-02 6.232422769741190194e-02 5.353018195735109036e-02 0.000000000000000000e+00 7.450721267307197204e-04 0.000000000000000000e+00 1.485612655159437023e-01 0.000000000000000000e+00 0.000000000000000000e+00
1.142169065617254786e-01 2.812298465515269963e-02 4.484284125326906678e-03 0.000000000000000000e+00 8.990748862647920947e-02 3.046740184084741759e-02 5.636601757501780684e-03 2.216793665571719849e-02 2.722941944613927259e-02 1.037828979480547031e-01 1.329910164127555687e-04 1.515412428571262515e-01 7.651107899596314155e-02 4.497139629545200690e-02 8.316913473424986103e-02 1.006084201475355988e-02 7.490087546180653963e-03 9.586625468018632190e-04 3.563846468230874066e-03 0.000000000000000000e+00 2.770485091185783365e-03 0.000000000000000000e+00 6.793828399360557491e-02 4.792204179378761753e-02 7.695398502930547724e-02
0.000000000000000000e+00 0.000000000000000000e+00 1.939016306788567678e-01 0.000000000000000000e+00 1.731932348887121609e-01 0.000000000000000000e+00 3.556264386593354179e-04 1.852388104461621388e-01 0.000000000000000000e+00 0.000000000000000000e+00 0.000000000000000000e+00 1.985067606403178031e-01 2.744445001598747741e-02 0.000000000000000000e+00 7.829061675700764444e-02 0.000000000000000000e+00 0.000000000000000000e+00 0.000000000000000000e+00 4.627748245708328788e-03 0.000000000000000000e+00 1.823736232516089822e-02 1.461288703881993487e-02 1.339306416634292000e-02 8.771498279823623789e-02 4.482825560028407506e-03
1.107499141547519383e-01 1.268045892942719355e-01 1.241950682394460104e-01 0.000000000000000000e+00 3.075416849684717291e-01 0.000000000000000000e+00 2.366988061978580679e-03 1.492002355933276514e-01 0.000000000000000000e+00 2.639632634558920082e-02 0.000000000000000000e+00 0.000000000000000000e+00 0.000000000000000000e+00 0.000000000000000000e+00 0.000000000000000000e+00 0.000000000000000000e+00 0.000000000000000000e+00 0.000000000000000000e+00 0.000000000000000000e+00 0.000000000000000000e+00 0.000000000000000000e+00 0.000000000000000000e+00 0.000000000000000000e+00 5.093081319609733815e-03 1.476521120225532391e-01
1.155132521480693175e-01 2.217219479066222590e-02 1.630961619453839273e-01 5.503863896883598103e-03 1.728590619993509436e-01 3.880535404803743538e-03 2.523115504436445819e-02 1.444364075841225170e-01 0.000000000000000000e+00 2.989133147061305562e-03 0.000000000000000000e+00 0.000000000000000000e+00 2.613727160319534448e-02 1.988071678171453999e-02 0.000000000000000000e+00 1.754768638029748258e-03 0.000000000000000000e+00 6.008237006669296665e-02 0.000000000000000000e+00 1.692515953640912757e-02 0.000000000000000000e+00 5.951077625863231135e-02 0.000000000000000000e+00 1.377296715951499551e-01 2.229749955947395515e-02
1.572909188273385883e-01 3.412433677119904030e-02 0.000000000000000000e+00 7.147248489096560270e-03 1.319035602434274201e-01 0.000000000000000000e+00 0.000000000000000000e+00 0.000000000000000000e+00 0.000000000000000000e+00 1.173342849428547635e-01 0.000000000000000000e+00 1.265035423371308268e-02 0.000000000000000000e+00 5.331372674944313134e-02 5.392069249686341770e-02 0.000000000000000000e+00 2.178382361606901949e-03 1.325847152547927621e-01 2.762505554804000132e-02 1.138694882047079776e-01 0.000000000000000000e+00 1.301838430240642198e-03 5.160024068224014146e-03 1.570099361758224565e-02 1.338943797608695696e-01
0.000000000000000000e+00 0.000000000000000000e+00 1.400935185352264190e-01 9.334691454624607920e-03 1.489592951106807339e-01 1.262403998459808024e-02 0.000000000000000000e+00 0.000000000000000000e+00 4.027299046893009771e-02 0.000000000000000000e+00 0.000000000000000000e+00 2.077005283407227787e-01 1.590944225200644768e-01 7.189341278073749231e-02 6.969802088807461327e-02 0.000000000000000000e+00 0.000000000000000000e+00 3.953884493269213540e-02 0.000000000000000000e+00 0.000000000000000000e+00 0.000000000000000000e+00 6.405308681295050766e-02 3.673714817069795302e-02 0.000000000000000000e+00 0.000000000000000000e+00
3.638395045195861460e-02 0.000000000000000000e+00 1.307189496132705742e-01 1.176868366627392042e-03 5.967092891636098517e-02 1.292640416738399245e-01 4.862500170983179160e-02 0.000000000000000000e+00 7.546414699896407396e-02 0.000000000000000000e+00 0.000000000000000000e+00 2.213902605268466273e-01 1.361146205611389048e-01 0.000000000000000000e+00 2.195990778260552886e-03 0.000000000000000000e+00 2.421723623235239389e-02 9.210156032264017745e-02 0.000000000000000000e+00 1.733922650993957593e-02 0.000000000000000000e+00 3.116708948363931917e-04 2.502554644313203722e-02 0.000000000000000000e+00 0.000000000000000000e+00
1.228319985849782719e-01 3.878419913029138022e-02 0.000000000000000000e+00 1.653076641418178838e-02 3.330099687918598034e-02 0.000000000000000000e+00 1.499936949114201168e-01 1.480400439302516080e-01 3.002226470922961937e-02 1.768802580594889748e-02 0.000000000000000000e+00 1.582080495713896265e-02 0.000000000000000000e+00 0.000000000000000000e+00 3.411450966700034504e-02 0.000000000000000000e+00 4.824043111689468866e-02 8.957453014543427516e-02 1.089818362752524861e-01 5.954111934232651088e-02 0.000000000000000000e+00 5.063294075215245271e-02 3.590183737831260935e-02 0.000000000000000000e+00 0.000000000000000000e+00
3.127003216126493512e-02 1.210453109697597236e-02 1.640259614084991491e-01 0.000000000000000000e+00 9.493042427041180342e-03 9.111676431395814013e-03 7.556113239626088829e-02 1.292343417999226585e-01 8.334090881517203231e-02 8.094519935596727889e-02 0.000000000000000000e+00 2.878423922972866977e-02 1.325867604327102267e-01 0.000000000000000000e+00 1.589175140310740142e-01 0.000000000000000000e+00 0.000000000000000000e+00 0.000000000000000000e+00 3.623307759787421783e-02 3.371393662773961020e-03 5.225167306132646539e-04 3.466385970622766510e-04 1.616129629526065828e-02 0.000000000000000000e+00 2.798973753040287851e-02
9.483335632805495186e-02 1.121182303184429796e-01 3.294835429044151720e-02 0.000000000000000000e+00 8.767619969991385931e-02 2.116395930143378373e-02 3.985258978061526070e-02 1.710051807016956492e-03 0.000000000000000000e+00 8.373659398629827721e-02 8.705610760795482080e-04 3.398847700975794750e-02 3.071070604408626323e-02 1.348836873824243608e-03 1.409311994248992062e-01 0.000000000000000000e+00 0.000000000000000000e+00 2.084452862110737145e-02 2.568200280159439394e-02 0.000000000000000000e+00 0.000000000000000000e+00 1.015226222318466043e-02 1.526664462007894241e-01 0.000000000000000000e+00 1.087656442124592254e-01
1.154011762835478044e-01 2.621229145790285320e-02 9.320059689323090257e-02 0.000000000000000000e+00 0.000000000000000000e+00 0.000000000000000000e+00 8.683017843577382766e-03 1.340396739890113431e-01 4.364113706232879836e-02 5.500275356621423667e-02 0.000000000000000000e+00 0.000000000000000000e+00 2.303073310096845697e-02 1.614011486154380212e-02 8.281427678237374135e-02 0.000000000000000000e+00 0.000000000000000000e+00 8.305485247682754812e-02 5.300967065599694258e-03 2.906765526777353725e-02 0.000000000000000000e+00 0.000000000000000000e+00 4.350828787360282168e-02 1.193080401626851333e-01 1.215944253128118518e-01
2.290208769157964508e-01 9.983147985079104947e-02 0.000000000000000000e+00 1.166009484066521645e-04 5.635682394147840946e-02 0.000000000000000000e+00 3.266370678493599883e-02 1.423097945639959783e-01 0.000000000000000000e+00 5.434792551460906375e-03 0.000000000000000000e+00 1.690920483728882151e-01 1.884628938411640059e-02 2.030148304906790636e-03 7.669630252469306075e-02 0.000000000000000000e+00 0.000000000000000000e+00 1.107014489549689590e-01 4.353718882797154993e-02 1.336249807358960533e-02 0.000000000000000000e+00 0.000000000000000000e+00 0.000000000000000000e+00 0.000000000000000000e+00 0.000000000000000000e+00
0.000000000000000000e+00 1.508403181464733345e-01 1.976161780132452972e-01 6.656589483678268526e-02 2.941746499683985799e-02 1.063666971043598398e-02 0.000000000000000000e+00 1.178115071931618157e-01 9.237963757490584224e-03 5.912753486865333918e-02 0.000000000000000000e+00 7.953578771164544758e-02 4.366587894310579310e-02 0.000000000000000000e+00 1.876548343201044772e-02 3.568966318300481610e-02 0.000000000000000000e+00 9.049286498560970421e-03 0.000000000000000000e+00 0.000000000000000000e+00 0.000000000000000000e+00 0.000000000000000000e+00 5.711721827491815506e-02 7.864510668765336415e-03 1.070586397649061217e-01
3.372236557789761585e-02 1.113999729151525925e-01 6.143080249263969950e-02 1.194992090910916788e-03 1.518615368045828952e-02 0.000000000000000000e+00 7.248284235103798212e-02 9.792558168686599229e-02 6.916617084903341206e-02 0.000000000000000000e+00 0.000000000000000000e+00 1.152500293647694546e-01 1.088559970513735820e-01 2.422655791768912187e-02 1.050705081529638568e-01 0.000000000000000000e+00 0.000000000000000000e+00 0.000000000000000000e+00 4.446036397233360526e-02 9.248235255305844657e-03 1.905925622978177228e-03 0.000000000000000000e+00 1.132028836922910203e-01 1.051279847961497822e-02 4.757818846683833751e-03
1.428533018230770113e-01 0.000000000000000000e+00 1.564164015150442677e-01 2.143693996811426791e-02 1.621182470348679905e-01 2.831271873055997510e-03 0.000000000000000000e+00 0.000000000000000000e+00 1.881514311377516582e-02 1.329792272120410013e-01 8.453861793990772450e-04 1.761378626846502352e-04 2.680946660256570968e-02 5.407396590453819596e-03 1.350111263996198185e-01 1.323414211522503693e-03 0.000000000000000000e+00 0.000000000000000000e+00 2.168840034844286141e-02 0.000000000000000000e+00 2.268042334921628600e-02 0.000000000000000000e+00 2.724603260426593926e-02 1.070522315492275500e-01 1.430945176262614360e-02
0.000000000000000000e+00 8.174500276647579666e-02 1.460711673104333752e-01 2.054767354872003710e-02 0.000000000000000000e+00 5.617154928473726966e-02 0.000000000000000000e+00 1.183393034707302810e-01 5.201221360407462350e-03 0.000000000000000000e+00 1.706264325413564022e-03 1.931615617493214476e-01 1.863793022818098846e-02 0.000000000000000000e+00 6.272460661050917666e-03 1.424490631252824362e-03 1.100951172047318349e-01 0.000000000000000000e+00 7.258463062151858380e-02 5.643923648637204186e-03 0.000000000000000000e+00 0.000000000000000000e+00 6.993564914817643197e-02 0.000000000000000000e+00 9.246205404021198837e-02
1.153112501249738478e-02 1.680482599726327853e-01 7.121026913083960963e-02 3.505192995365001563e-02 1.365532065101901227e-01 6.154594281793328465e-03 0.000000000000000000e+00 8.554943190704425091e-03 0.000000000000000000e+00 0.000000000000000000e+00 0.000000000000000000e+00 1.506461129425853973e-01 1.726275619373698195e-02 1.830039742381245060e-01 1.423023600039621805e-02 0.000000000000000000e+00 0.000000000000000000e+00 0.000000000000000000e+00 0.000000000000000000e+00 0.000000000000000000e+00 0.000000000000000000e+00 0.000000000000000000e+00 1.552471977128234704e-01 3.880736317561350041e-02 3.698031684412297296e-03
0.000000000000000000e+00 1.879075067595634418e-01 1.664742124476093488e-01 2.271054159010116660e-02 2.485442274451206968e-01 4.778426396736826232e-02 0.000000000000000000e+00 1.757891050795937563e-02 7.540430781524398891e-03 8.587006027010023190e-02 0.000000000000000000e+00 1.621263621858719528e-01 0.000000000000000000e+00 0.000000000000000000e+00 0.000000000000000000e+00 0.000000000000000000e+00 0.000000000000000000e+00 0.000000000000000000e+00 0.000000000000000000e+00 0.000000000000000000e+00 0.000000000000000000e+00 0.000000000000000000e+00 3.970126939272875660e-03 1.003924992067257820e-02 3.945410718483563506e-02
8.357488014770507456e-02 3.923090410796800827e-03 1.369922384327537379e-01 0.000000000000000000e+00 7.596595514118527348e-02 0.000000000000000000e+00 1.428614319338353256e-01 6.312097503276459243e-02 5.025406216779404814e-03 4.529327373429134496e-03 1.071412839587513634e-02 1.437393053875391513e-01 8.331558045744615060e-02 6.771746173470115371e-02 1.063114156768606711e-01 0.000000000000000000e+00 1.925966338819498982e-02 0.000000000000000000e+00 1.381819080850830647e-02 1.436543287727243615e-02 0.000000000000000000e+00 0.000000000000000000e+00 0.000000000000000000e+00 2.330623160204197547e-02 1.459284982310698640e-03
3.724354883209304162e-02 0.000000000000000000e+00 1.466839493195934152e-01 0.000000000000000000e+00 1.406621212153174871e-01 2.897970392314169405e-02 0.000000000000000000e+00 1.167347914937791886e-01 6.062211457766739954e-03 0.000000000000000000e+00 0.000000000000000000e+00 3.143420299104423415e-02 8.335701124881905733e-02 0.000000000000000000e+00 6.341434521950481060e-03 0.000000000000000000e+00 1.486588990035791515e-02 1.144373359218817665e-01 2.606827749542310266e-02 0.000000000000000000e+00 0.000000000000000000e+00 4.002640365973596064e-03 1.183803835564329471e-01 1.247464977564252536e-01 0.000000000000000000e+00
4.761193598671937394e-02 1.360557738919469517e-01 1.210113901704488459e-01 0.000000000000000000e+00 9.200714989302738456e-02 3.007991014752749159e-03 0.000000000000000000e+00 0.000000000000000000e+00 3.237742287826753107e-02 1.876705252248507538e-01 0.000000000000000000e+00 3.870366999035028399e-02 4.337035939110696348e-02 1.813023785706223759e-02 1.211915926970561913e-01 0.000000000000000000e+00 0.000000000000000000e+00 0.000000000000000000e+00 0.000000000000000000e+00 0.000000000000000000e+00 1.588228671699765809e-03 6.940449832645041034e-03 5.159564124784659332e-03 1.160867817019620440e-01 2.908692667331917725e-02
1.444400779722738136e-02 2.539524590927569325e-01 1.900540581676199436e-01 0.000000000000000000e+00 0.000000000000000000e+00 0.000000000000000000e+00 0.000000000000000000e+00 3.309066158689063369e-02 1.316048389435497262e-02 1.178095132809140327e-01 6.799915780199631589e-03 1.852526712881693571e-01 3.657084383966668212e-02 0.000000000000000000e+00 2.541044668757421604e-02 0.000000000000000000e+00 0.000000000000000000e+00 0.000000000000000000e+00 7.055544771134189541e-02 4.141666903898683777e-03 0.000000000000000000e+00 0.000000000000000000e+00 0.000000000000000000e+00 0.000000000000000000e+00 4.875782396938577873e-02
0.000000000000000000e+00 1.762461210476107265e-02 1.363339241504017141e-01 0.000000000000000000e+00 0.000000000000000000e+00 0.000000000000000000e+00 1.298035852000767798e-03 4.289841927622331519e-02 6.677752695830078793e-03 1.016434757800537131e-01 3.837274569392015028e-02 1.515133091526807141e-01 8.221765609592224591e-03 9.046026179243951476e-04 1.077341473497303997e-01 5.070504393635197338e-03 2.586129807975831932e-02 0.000000000000000000e+00 3.891166357696921457e-02 9.170829491169180114e-02 0.000000000000000000e+00 8.511606207648460612e-03 2.167138425471784591e-01 0.000000000000000000e+00 0.000000000000000000e+00
0.000000000000000000e+00 0.000000000000000000e+00 0.000000000000000000e+00 3.999453751471699486e-02 4.403793074668506391e-02 1.776001462382280349e-02 6.302080795371162170e-02 7.578580783741742377e-02 1.402618941609898584e-01 7.626795748444434309e-02 7.984137234503908137e-03 2.826465536657919997e-01 0.000000000000000000e+00 5.934646870594258161e-02 2.603335133475337751e-02 0.000000000000000000e+00 0.000000000000000000e+00 3.776839821749711917e-02 0.000000000000000000e+00 0.000000000000000000e+00 0.000000000000000000e+00 4.345503717116141335e-03 1.176527591854876348e-01 7.093877617119237824e-03 0.000000000000000000e+00
1.324126035588742423e-01 0.000000000000000000e+00 1.338693928046612476e-02 1.709967340926785845e-02 1.489153494277891954e-01 0.000000000000000000e+00 1.222241118041939023e-01 3.114506972366445567e-02 1.701046696966139818e-02 1.392369398732520580e-01 0.000000000000000000e+00 3.079951602389452425e-02 0.000000000000000000e+00 0.000000000000000000e+00 0.000000000000000000e+00 0.000000000000000000e+00 1.118529774321928849e-01 6.110216484284097804e-02 0.000000000000000000e+00 0.000000000000000000e+00 0.000000000000000000e+00 0.000000000000000000e+00 1.109701617995458994e-01 6.384402585435650090e-02 0.000000000000000000e+00
5.856178173401933862e-02 1.441623854466572985e-01 0.000000000000000000e+00 3.142827908228108119e-02 1.542336658197680233e-01 0.000000000000000000e+00 1.047144903018558948e-01 1.392459039668337561e-01 0.000000000000000000e+00 4.085949590337201176e-02 0.000000000000000000e+00 2.792901808132645103e-01 0.000000000000000000e+00 5.998173155434283373e-03 1.092579300363867752e-02 0.000000000000000000e+00 0.000000000000000000e+00 0.000000000000000000e+00 0.000000000000000000e+00 0.000000000000000000e+00 0.000000000000000000e+00 0.000000000000000000e+00 0.000000000000000000e+00 3.057985077287514453e-02 0.000000000000000000e+00
1.745199570030576963e-01 1.586835242982180538e-01 1.500486460149557354e-02 5.276498163610255504e-02 2.154459464646641537e-02 1.244948707455976467e-01 2.717370470037590996e-02 1.969252884259716299e-02 1.085827722182857759e-02 0.000000000000000000e+00 0.000000000000000000e+00 1.657236411926981401e-01 9.103191238808171215e-03 1.650389658654029951e-02 0.000000000000000000e+00 9.062963300467259675e-02 0.000000000000000000e+00 4.789049559109755105e-03 5.789278468293561179e-03 6.879639317592557701e-02 0.000000000000000000e+00 0.000000000000000000e+00 3.392761307821242495e-02 0.000000000000000000e+00 0.000000000000000000e+00
1.150690500894179513e-01 0.000000000000000000e+00 5.824240881529241243e-02 0.000000000000000000e+00 9.950171257586136464e-02 0.000000000000000000e+00 0.000000000000000000e+00 7.247207646344236420e-02 2.695124716674345000e-02 2.320660204796865314e-02 7.765489039096357647e-03 1.032232898284492217e-01 1.227573613006722048e-01 0.000000000000000000e+00 1.021227551152384810e-01 8.538167186226915117e-03 1.120163675315484914e-01 0.000000000000000000e+00 0.000000000000000000e+00 2.936999838821830605e-02 0.000000000000000000e+00 0.000000000000000000e+00 0.000000000000000000e+00 1.187634744518238916e-01 0.000000000000000000e+00
0.000000000000000000e+00 0.000000000000000000e+00 1.964020041308905951e-01 0.000000000000000000e+00 2.837528469904755934e-01 8.835071932587187926e-02 1.222374964021697846e-01 0.000000000000000000e+00 0.000000000000000000e+00 2.360499654770050089e-03 0.000000000000000000e+00 0.000000000000000000e+00 0.000000000000000000e+00 0.000000000000000000e+00 1.547018607764051763e-02 0.000000000000000000e+00 0.000000000000000000e+00 4.969237621384237080e-03 0.000000000000000000e+00 8.182014915788796833e-03 0.000000000000000000e+00 1.765846045041493707e-03 1.229694498646518863e-01 6.635514759225911649e-03 1.469041842120893393e-01
0.000000000000000000e+00 2.046244318046663291e-01 1.456582245037846002e-01 4.996644493261332559e-03 1.520576206670874383e-02 1.360383365873165662e-01 0.000000000000000000e+00 0.000000000000000000e+00 1.819624156713249563e-02 0.000000000000000000e+00 0.000000000000000000e+00 1.691924218533374658e-01 4.963939663795500015e-03 0.000000000000000000e+00 4.568658575671347838e-02 1.754176578788641666e-02 1.744844368766864176e-02 0.000000000000000000e+00 0.000000000000000000e+00 0.000000000000000000e+00 2.363416693810331884e-02 1.321294871660829914e-02 7.674153261993180153e-02 1.068585539530849809e-01 0.000000000000000000e+00
1.947996021094492922e-03 1.393848851914129550e-01 3.774832344699976389e-02 0.000000000000000000e+00 2.116243014916380574e-02 1.189493379995333888e-01 1.067099944342979195e-01 0.000000000000000000e+00 4.060341432806923584e-02 0.000000000000000000e+00 0.000000000000000000e+00 1.201878960190669032e-01 1.167259346330328518e-01 2.558052957061896990e-02 6.344522721738439508e-02 0.000000000000000000e+00 1.055243665084055517e-02 0.000000000000000000e+00 0.000000000000000000e+00 0.000000000000000000e+00 0.000000000000000000e+00 1.865276896950254781e-02 3.570529744830152653e-03 8.751123925017503802e-02 8.726705637397702553e-02
2.002837879856076905e-02 1.026757874794499842e-01 1.439828206376513042e-01 0.000000000000000000e+00 1.347057617962269527e-01 0.000000000000000000e+00 0.000000000000000000e+00 9.646712185113272275e-02 0.000000000000000000e+00 8.066672435076979730e-02 2.439151747992988895e-02 1.367544366516204868e-01 2.796476783282152850e-02 1.860451209594951799e-03 1.200370778833092095e-01 0.000000000000000000e+00 0.000000000000000000e+00 1.822975467456685456e-02 9.531155185344843128e-03 0.000000000000000000e+00 0.000000000000000000e+00 7.428643493679011611e-02 6.168197110114844589e-03 2.249612122115886206e-03 0.000000000000000000e+00
0.000000000000000000e+00 0.000000000000000000e+00 1.716089026736713208e-01 0.000000000000000000e+00 1.621598585117124958e-01 2.831501469894225770e-02 2.591171047076817543e-02 1.251988789718278504e-02 0.000000000000000000e+00 0.000000000000000000e+00 0.000000000000000000e+00 1.704170361587303839e-01 1.547225019694506432e-01 0.000000000000000000e+00 1.146057384214728553e-01 0.000000000000000000e+00 0.000000000000000000e+00 0.000000000000000000e+00 0.000000000000000000e+00 1.127988165408685267e-02 0.000000000000000000e+00 3.119990587497341279e-05 2.953489328551440075e-03 1.454747783095558522e-01 0.000000000000000000e+00
1.182927859282521393e-01 1.422873548622305140e-01 0.000000000000000000e+00 0.000000000000000000e+00 7.618879263656623546e-02 0.000000000000000000e+00 1.503961240274684016e-02 1.623973912556849475e-01 0.000000000000000000e+00 1.068146024830102792e-01 0.000000000000000000e+00 1.089192653657002074e-02 1.044369115472865428e-01 2.680199947781721631e-02 0.000000000000000000e+00 2.599802791237833255e-02 1.791566301167808392e-02 2.545412102063301929e-02 0.000000000000000000e+00 0.000000000000000000e+00 0.000000000000000000e+00 0.000000000000000000e+00 3.299247916824836480e-02 1.184701779613759193e-01 1.601815379552152044e-02
1.537166010265454685e-02 4.458711911206197920e-02 1.916217339341529380e-01 0.000000000000000000e+00 8.562895720040826497e-02 0.000000000000000000e+00 0.000000000000000000e+00 1.267915574122680245e-01 6.436295188613072593e-02 0.000000000000000000e+00 0.000000000000000000e+00 4.603053756392693624e-02 2.740976898463403505e-02 4.252338167015055903e-02 0.000000000000000000e+00 0.000000000000000000e+00 7.808901980799250013e-03 9.141274012057744314e-02 9.581715636433368877e-03 9.114050122253047892e-02 0.000000000000000000e+00 0.000000000000000000e+00 5.676490352098973423e-03 1.399555964656412910e-01 1.009638635553117628e-02
1.631610435878556517e-02 1.417343130135921003e-01 1.110407639671841806e-01 2.211568522165587719e-02 1.439866015340255101e-01 1.309812347159564419e-02 2.244691903998601371e-02 0.000000000000000000e+00 2.134273127063654116e-02 1.324103841595175579e-01 1.306700363581404963e-02 1.645292284196661070e-01 0.000000000000000000e+00 0.000000000000000000e+00 0.000000000000000000e+00 7.352647935131905420e-03 0.000000000000000000e+00 0.000000000000000000e+00 2.958655623586106329e-02 2.365146308694675639e-02 9.000394665457052412e-02 1.040071674098461303e-02 3.691681125404594477e-02 0.000000000000000000e+00 0.000000000000000000e+00
