0.000000000000000000e+00 1.616292875575655805e-02 0.000000000000000000e+00 0.000000000000000000e+00 1.392996003964583340e-01 0.000000000000000000e+00 1.380777282319712862e-01 3.842069774643476487e-02 0.000000000000000000e+00 5.966855138356959645e-03 0.000000000000000000e+00 4.221144461444031187e-02 2.307735943675057796e-03 0.000000000000000000e+00 2.640867775352286895e-01 0.000000000000000000e+00 1.774059245637373428e-03 0.000000000000000000e+00 1.061921730409526865e-01 2.254781960119414674e-02 0.000000000000000000e+00 0.000000000000000000e+00 2.715755073943177181e-02 6.330905127829349055e-02 1.324855777321684580e-01
1.390399903311364538e-01 7.479664025664031768e-02 0.000000000000000000e+00 2.823293615271639870e-02 1.539535801282338606e-02 1.483734155452951509e-01 1.437232033337930981e-01 0.000000000000000000e+00 0.000000000000000000e+00 0.000000000000000000e+00 0.000000000000000000e+00 0.000000000000000000e+00 0.000000000000000000e+00 0.000000000000000000e+00 2.867787506621516380e-02 0.000000000000000000e+00 3.114102419081528697e-02 5.142443291293481017e-02 1.086227191581611018e-02 9.614632926106552249e-03 0.000000000000000000e+00 0.000000000000000000e+00 0.000000000000000000e+00 1.427053112261154888e-01 1.760129081295918330e-01
3.234099330586009263e-02 0.000000000000000000e+00 1.601524820664966195e-02 7.841522246389065476e-03 9.614841534193473149e-03 1.887641551986227184e-02 2.337399186945915697e-01 1.129633133390104266e-01 0.000000000000000000e+00 3.093442455166274530e-02 5.405630974609831191e-02 3.133789967930183940e-02 0.000000000000000000e+00 0.000000000000000000e+00 1.037074807310788514e-02 9.269440894737208947e-02 0.000000000000000000e+00 5.432534513545789374e-03 0.000000000000000000e+00 1.029180880932578229e-01 0.000000000000000000e+00 0.000000000000000000e+00 1.408146611863928810e-01 4.550352945255584092e-02 5.454514291014835731e-02
0.000000000000000000e+00 2.040123929419992987e-01 0.000000000000000000e+00 1.186867227217768559e-03 1.261933542531120944e-01 0.000000000000000000e+00 1.367708833842545268e-01 0.000000000000000000e+00 3.631306878876504329e-02 0.000000000000000000e+00 0.000000000000000000e+00 1.592428650830909065e-01 0.000000000000000000e+00 0.000000000000000000e+00 7.487144664066661126e-02 0.000000000000000000e+00 0.000000000000000000e+00 0.000000000000000000e+00 1.656972159877166118e-01 0.000000000000000000e+00 0.000000000000000000e+00 3.376881793281212574e-02 1.305496633932674670e-02 0.000000000000000000e+00 4.888812142103833580e-02
4.844380608762395568e-02 7.567491566876606568e-02 0.000000000000000000e+00 0.000000000000000000e+00 0.000000000000000000e+00 0.000000000000000000e+00 1.883275015193342991e-02 0.000000000000000000e+00 0.000000000000000000e+00 0.000000000000000000e+00 0.000000000000000000e+00 2.419497926071377814e-01 0.000000000000000000e+00 3.207820291059491902e-02 1.893379569007654362e-01 0.000000000000000000e+00 2.838904071256491760e-02 1.013646773526627465e-01 0.000000000000000000e+00 0.000000000000000000e+00 0.000000000000000000e+00 9.733036199205818972e-03 9.299760383409562403e-02 1.611982175746492496e-01 0.000000000000000000e+00
0.000000000000000000e+00 1.347858571963763408e-01 1.834363740206296223e-01 0.000000000000000000e+00 3.842531299504105963e-02 1.424987582763893867e-01 1.052048802573443548e-01 6.188307420772343886e-02 0.000000000000000000e+00 1.342340628513910561e-01 1.355215938363933843e-02 0.000000000000000000e+00 0.000000000000000000e+00 0.000000000000000000e+00 4.792154643823467314e-02 0.000000000000000000e+00 1.920304732113255067e-03 0.000000000000000000e+00 0.000000000000000000e+00 0.000000000000000000e+00 0.000000000000000000e+00 9.908880020696617108e-02 2.746719949107334635e-02 9.581669943077891077e-03 0.000000000000000000e+00
1.388452125178846475e-01 8.519796236688370605e-02 0.000000000000000000e+00 0.000000000000000000e+00 1.723665847045201815e-01 0.000000000000000000e+00 1.882905619142222486e-01 7.646160305074906072e-02 0.000000000000000000e+00 1.098905631474308801e-02 1.139912361118677019e-02 0.000000000000000000e+00 8.551332079887354054e-02 0.000000000000000000e+00 1.524268421361179016e-01 0.000000000000000000e+00 1.007218468022911921e-02 0.000000000000000000e+00 0.000000000000000000e+00 0.000000000000000000e+00 0.000000000000000000e+00 0.000000000000000000e+00 2.282868670870306579e-02 0.000000000000000000e+00 4.560886119588666854e-02
1.427792496599718242e-01 1.339263810797443610e-01 0.000000000000000000e+00 0.000000000000000000e+00 1.089402026707452370e-01 0.000000000000000000e+00 1.750423939426895949e-03 0.000000000000000000e+00 5.502564396808746604e-04 1.436212806934848984e-01 0.000000000000000000e+00 2.450817605316320258e-02 0.000000000000000000e+00 0.000000000000000000e+00 2.231232238932314427e-01 0.000000000000000000e+00 1.007441067593824319e-01 6.984132779433499527e-02 1.378915664750040085e-02 0.000000000000000000e+00 0.000000000000000000e+00 1.984304450807815225e-03 1.624422518469636686e-02 7.543957383201173490e-03 1.065372735062793813e-02
4.196237037612328413e-02 1.323980239319428598e-01 0.000000000000000000e+00 0.000000000000000000e+00 2.512268094874018504e-02 0.000000000000000000e+00 1.544271971019687550e-01 3.029754929287242424e-02 0.000000000000000000e+00 0.000000000000000000e+00 0.000000000000000000e+00 1.500181984281388770e-01 0.000000000000000000e+00 2.521387584270006615e-02 1.541543382587108324e-01 1.143368546987353629e-01 1.198696568504012544e-01 1.113364708945274555e-02 2.201996537073074023e-02 0.000000000000000000e+00 0.000000000000000000e+00 0.000000000000000000e+00 3.021510452655752112e-03 0.000000000000000000e+00 1.602413135682681164e-02
9.574820584686061014e-04 1.318674543569565982e-01 0.000000000000000000e+00 7.046262859421867190e-03 0.000000000000000000e+00 6.526540446537191338e-05 3.124105460534509215e-01 0.000000000000000000e+00 0.000000000000000000e+00 0.000000000000000000e+00 0.000000000000000000e+00 1.602183564772770297e-01 0.000000000000000000e+00 0.000000000000000000e+00 2.319931544412072791e-02 0.000000000000000000e+00 0.000000000000000000e+00 4.925501888834767777e-02 2.535080837155030964e-01 1.600106262724027353e-02 0.000000000000000000e+00 2.091263336491046981e-02 1.617183963968495813e-02 0.000000000000000000e+00 8.386679110152379588e-03
0.000000000000000000e+00 4.790230703494995773e-02 1.478968145998983685e-01 0.000000000000000000e+00 1.118653932650845104e-02 1.324875594016629299e-01 1.595327872506470956e-01 0.000000000000000000e+00 0.000000000000000000e+00 1.066884319487985400e-01 0.000000000000000000e+00 1.360147952520396331e-01 0.000000000000000000e+00 0.000000000000000000e+00 4.857897623878346810e-02 0.000000000000000000e+00 2.431164302627260299e-02 0.000000000000000000e+00 0.000000000000000000e+00 0.000000000000000000e+00 0.000000000000000000e+00 3.726395296891617942e-02 7.722860324429030310e-02 7.629532349126566700e-03 6.327805735810580756e-02
0.000000000000000000e+00 8.596626045586683307e-03 8.656257849468625143e-02 1.170400404577916567e-03 3.346302621678180489e-01 0.000000000000000000e+00 4.898389398696540581e-02 1.146101855345290493e-02 2.825860010605077497e-03 0.000000000000000000e+00 0.000000000000000000e+00 1.441667887827313421e-01 0.000000000000000000e+00 2.738475258009915106e-02 1.666728838871784357e-01 0.000000000000000000e+00 0.000000000000000000e+00 2.117652213281429746e-02 1.393194202154859895e-01 7.048992737998445793e-03 0.000000000000000000e+00 0.000000000000000000e+00 0.000000000000000000e+00 0.000000000000000000e+00 0.000000000000000000e+00
0.000000000000000000e+00 1.653972780991190550e-01 1.919479703303922646e-01 0.000000000000000000e+00 1.729657251429874906e-02 2.562502172821888233e-02 0.000000000000000000e+00 2.833274545737399924e-02 0.000000000000000000e+00 1.173760307931169394e-01 1.542883572581168344e-03 1.432518608371132207e-01 0.000000000000000000e+00 0.000000000000000000e+00 0.000000000000000000e+00 7.538912159704172673e-03 7.913044468104727877e-04 0.000000000000000000e+00 1.483804823130301098e-01 0.000000000000000000e+00 0.000000000000000000e+00 2.081966132813668421e-02 1.201863465735096698e-01 2.246305275173434042e-03 9.266624571421149328e-03
0.000000000000000000e+00 1.825755400183075305e-02 0.000000000000000000e+00 1.225506703955590165e-01 4.218414458378479809e-02 2.308375358307418815e-02 6.174699090839782384e-02 0.000000000000000000e+00 0.000000000000000000e+00 3.904640221471959499e-04 0.000000000000000000e+00 0.000000000000000000e+00 5.517067985107842153e-03 0.000000000000000000e+00 1.630629015226833511e-01 0.000000000000000000e+00 3.422996308904231386e-03 1.236262036847570328e-01 2.525773678156592039e-01 0.000000000000000000e+00 5.843894206538022447e-03 0.000000000000000000e+00 1.538590465027055432e-01 1.863572515309679448e-02 5.241219325754039281e-03
0.000000000000000000e+00 1.527274367184748016e-01 5.707985333689641512e-03 4.577367894525343275e-03 1.404265583512304127e-01 1.426050481251441293e-01 7.196009054787097514e-02 1.102645165277138690e-02 0.000000000000000000e+00 1.581637830026502434e-01 0.000000000000000000e+00 2.897777402357778684e-02 0.000000000000000000e+00 0.000000000000000000e+00 0.000000000000000000e+00 1.853543902946312022e-02 1.154096846624210609e-01 3.744085564329801608e-04 3.028143349101755383e-03 0.000000000000000000e+00 0.000000000000000000e+00 0.000000000000000000e+00 7.673684225846630347e-02 2.196137253591532237e-02 4.778161395826477365e-02
0.000000000000000000e+00 8.173280901455372283e-02 1.217144141175513419e-03 0.000000000000000000e+00 3.462742419086060203e-02 0.000000000000000000e+00 1.571915777328351249e-01 1.390133881369032542e-01 0.000000000000000000e+00 4.289578398325492870e-03 0.000000000000000000e+00 1.564611407218073347e-01 0.000000000000000000e+00 0.000000000000000000e+00 0.000000000000000000e+00 0.000000000000000000e+00 1.242377380380288165e-01 1.497581976000302538e-02 1.676098103757602820e-01 0.000000000000000000e+00 0.000000000000000000e+00 2.224972703780478400e-02 8.317391831825633741e-02 0.000000000000000000e+00 1.321992413368569715e-02
1.342158825460259552e-01 0.000000000000000000e+00 5.731431448856015229e-03 8.303865192991906341e-02 1.638576730336824827e-01 1.404914130683238283e-01 2.266234909842942957e-02 0.000000000000000000e+00 0.000000000000000000e+00 8.130424757894988419e-02 0.000000000000000000e+00 0.000000000000000000e+00 0.000000000000000000e+00 0.000000000000000000e+00 1.505664930778495558e-01 0.000000000000000000e+00 6.074025419928792691e-02 3.536362029668060208e-02 0.000000000000000000e+00 0.000000000000000000e+00 5.509959171705115441e-03 2.702058261157609664e-02 8.268211752044782314e-02 6.815324418266152824e-03 0.000000000000000000e+00
0.000000000000000000e+00 1.455191493235498124e-01 0.000000000000000000e+00 0.000000000000000000e+00 8.456633775129099306e-02 0.000000000000000000e+00 4.325945228302319201e-02 1.500801900867988758e-01 2.295253552724166660e-02 3.236877290571041343e-02 0.000000000000000000e+00 1.616189735980030351e-01 0.000000000000000000e+00 0.000000000000000000e+00 3.849665564975560117e-02 0.000000000000000000e+00 0.000000000000000000e+00 0.000000000000000000e+00 1.673404595625099522e-01 6.483763751920283876e-03 0.000000000000000000e+00 1.187725810080589861e-01 0.000000000000000000e+00 2.215689204059471257e-02 6.384236511542466103e-03
0.000000000000000000e+00 1.654078185623050479e-01 6.947378790977469520e-02 0.000000000000000000e+00 2.560912783361272982e-02 5.906651439187284372e-03 2.454790352177961543e-01 0.000000000000000000e+00 0.000000000000000000e+00 3.579470827331366137e-03 0.000000000000000000e+00 0.000000000000000000e+00 0.000000000000000000e+00 0.000000000000000000e+00 1.337097209505724582e-01 0.000000000000000000e+00 0.000000000000000000e+00 6.397365043882832780e-02 4.028317236428985426e-02 3.961991826754867468e-02 0.000000000000000000e+00 0.000000000000000000e+00 3.765024751491075766e-02 1.763697569966712203e-02 1.516704229741756282e-01
0.000000000000000000e+00 0.000000000000000000e+00 1.090356894987939418e-01 4.708865363927212944e-02 1.579038455991418621e-01 3.684060009274525010e-02 0.000000000000000000e+00 2.526584034318078362e-02 3.038369171000685279e-02 6.325171715343605450e-02 0.000000000000000000e+00 9.927581299909732371e-02 0.000000000000000000e+00 7.912803572834248506e-04 9.211709757994184997e-03 0.000000000000000000e+00 5.497595818713878202e-02 0.000000000000000000e+00 8.708341048385580263e-02 1.029371670447953857e-01 0.000000000000000000e+00 3.343403782109257132e-04 0.000000000000000000e+00 6.629558485592201671e-03 1.689907242694550227e-01
0.000000000000000000e+00 0.000000000000000000e+00 5.704453074520728084e-02 0.000000000000000000e+00 2.805275848380485160e-01 1.363493625087266736e-01 7.928471050973042930e-03 0.000000000000000000e+00 0.000000000000000000e+00 1.286617380675233666e-02 0.000000000000000000e+00 1.717642102771363144e-01 1.714531674218422019e-03 0.000000000000000000e+00 1.468393085881154192e-01 1.021684143542772039e-01 1.299606068226805480e-02 0.000000000000000000e+00 5.822251991410524498e-03 0.000000000000000000e+00 0.000000000000000000e+00 1.600226928791733186e-02 3.000757284632963456e-02 0.000000000000000000e+00 1.796925734861922613e-02
0.000000000000000000e+00 0.000000000000000000e+00 1.387564832218923239e-01 6.962021947652546894e-02 1.002607874761769491e-01 0.000000000000000000e+00 1.509503109727614589e-01 0.000000000000000000e+00 1.054162415444504126e-02 1.553785406183454398e-01 0.000000000000000000e+00 2.562415317909105122e-02 0.000000000000000000e+00 1.415345374449993509e-03 2.235242308913188980e-01 0.000000000000000000e+00 3.760831823537122681e-03 5.810674050035847041e-03 0.000000000000000000e+00 0.000000000000000000e+00 0.000000000000000000e+00 0.000000000000000000e+00 2.808581881388070092e-02 8.627097994753971100e-02 0.000000000000000000e+00
0.000000000000000000e+00 0.000000000000000000e+00 1.733145812967628596e-01 0.000000000000000000e+00 1.221478463013048049e-01 0.000000000000000000e+00 2.156997450604933309e-01 0.000000000000000000e+00 0.000000000000000000e+00 0.000000000000000000e+00 0.000000000000000000e+00 1.490388603950085766e-01 0.000000000000000000e+00 6.969234117300767556e-03 9.914309912781919809e-02 0.000000000000000000e+00 0.000000000000000000e+00 0.000000000000000000e+00 1.667661207212572383e-01 0.000000000000000000e+00 0.000000000000000000e+00 4.731226829576776899e-03 4.810039025394319961e-02 0.000000000000000000e+00 1.408889589653310702e-02
0.000000000000000000e+00 1.435780273302755261e-01 2.623274688970975849e-02 0.000000000000000000e+00 7.578437421905150073e-02 0.000000000000000000e+00 1.337801417590256739e-02 0.000000000000000000e+00 0.000000000000000000e+00 6.933188278173493813e-02 0.000000000000000000e+00 1.448327754136750356e-01 0.000000000000000000e+00 1.855117222576988618e-03 1.903052707074253669e-01 0.000000000000000000e+00 2.948641078420491390e-02 3.338281293046239939e-02 1.467791882234575629e-01 7.237186956915667158e-02 0.000000000000000000e+00 0.000000000000000000e+00 0.000000000000000000e+00 4.011753588209190230e-02 1.256397387027479579e-02
1.400681871020841296e-01 5.351097826835078675e-03 2.392671059042383169e-02 0.000000000000000000e+00 1.484218276800839398e-01 7.333525930678049844e-03 0.000000000000000000e+00 0.000000000000000000e+00 0.000000000000000000e+00 1.650124009724056595e-01 0.000000000000000000e+00 3.312847929310839407e-02 0.000000000000000000e+00 0.000000000000000000e+00 1.517053475493831127e-01 0.000000000000000000e+00 1.088586977235284081e-01 3.345760466053495849e-03 3.233050672743001831e-03 2.747701296919755672e-03 0.000000000000000000e+00 7.632006209032398368e-03 1.894569742694985626e-01 0.000000000000000000e+00 9.778232417222284048e-03
4.421489992023741600e-02 1.659477133082179201e-01 2.161561743178774114e-02 0.000000000000000000e+00 1.311401695401898382e-01 0.000000000000000000e+00 4.172489797902973439e-03 0.000000000000000000e+00 0.000000000000000000e+00 2.378625740470519199e-03 0.000000000000000000e+00 1.532052702303577651e-01 0.000000000000000000e+00 0.000000000000000000e+00 2.450702528644951514e-02 9.925031569186945624e-02 1.214287032542280265e-01 3.150782269274604586e-02 1.523161543754969205e-01 0.000000000000000000e+00 0.000000000000000000e+00 0.000000000000000000e+00 0.000000000000000000e+00 1.762353177269866027e-03 4.655283955277617070e-02
3.864165335773230014e-02 1.349022713959763253e-01 0.000000000000000000e+00 0.000000000000000000e+00 5.130955001385414244e-02 1.466844583380779443e-01 1.400259860071794149e-01 0.000000000000000000e+00 6.212342533216673977e-03 1.053964530796718119e-01 2.234361499315953847e-03 1.435394097707667627e-01 0.000000000000000000e+00 1.790715663337214816e-03 3.857205860182881529e-02 0.000000000000000000e+00 0.000000000000000000e+00 1.133091317866130876e-01 0.000000000000000000e+00 3.460607430614335948e-04 0.000000000000000000e+00 1.641121424099064099e-02 3.575598386925760847e-02 2.486834909911980404e-02 0.000000000000000000e+00
0.000000000000000000e+00 1.627280687228348233e-01 0.000000000000000000e+00 0.000000000000000000e+00 2.546853134514073108e-02 0.000000000000000000e+00 1.871267511245796808e-02 0.000000000000000000e+00 1.102967892899793870e-03 1.405150708602116716e-01 7.287026566648198249e-03 0.000000000000000000e+00 0.000000000000000000e+00 1.998218663930393865e-02 1.564954522860612096e-01 0.000000000000000000e+00 4.263940231801170710e-02 0.000000000000000000e+00 4.002267029364389023e-02 2.793516633236812693e-02 0.000000000000000000e+00 1.098197871670405917e-01 1.950866001425320129e-01 4.232566781152770352e-02 9.878726509317724280e-03
0.000000000000000000e+00 0.000000000000000000e+00 0.000000000000000000e+00 2.090338821891843770e-04 3.487990312963438755e-01 1.646841489523728774e-01 0.000000000000000000e+00 0.000000000000000000e+00 3.440656926410786895e-03 0.000000000000000000e+00 2.950040039704449491e-03 5.499891344471356802e-02 0.000000000000000000e+00 0.000000000000000000e+00 3.964440536012948935e-02 0.000000000000000000e+00 1.445284101263759058e-01 4.123961976707461730e-02 3.215386270878629882e-02 0.000000000000000000e+00 0.000000000000000000e+00 3.638395830227497425e-03 0.000000000000000000e+00 1.637134816656715397e-01 0.000000000000000000e+00
0.000000000000000000e+00 1.449799213023177102e-01 3.876497619572145947e-02 0.000000000000000000e+00 5.886546705365150456e-02 0.000000000000000000e+00 1.503927463059413078e-02 0.000000000000000000e+00 1.812518772298070402e-02 1.304738584304643845e-01 0.000000000000000000e+00 0.000000000000000000e+00 0.000000000000000000e+00 5.429603513637866908e-04 1.723259719989257144e-01 0.000000000000000000e+00 1.075390912804474871e-03 1.092835199519450601e-01 6.585919309115501052e-02 0.000000000000000000e+00 0.000000000000000000e+00 1.107276685294855956e-01 1.339366098285904028e-01 0.000000000000000000e+00 0.000000000000000000e+00
0.000000000000000000e+00 1.423252590451174193e-01 1.788438404797699777e-01 1.535051557165553445e-03 4.000068214426463764e-02 1.869246054612013451e-03 4.194362768374806233e-02 0.000000000000000000e+00 0.000000000000000000e+00 1.158854144040004641e-01 7.705103414917513147e-03 1.265707317112126432e-02 0.000000000000000000e+00 5.554865005327680981e-03 1.520289129262799577e-01 0.000000000000000000e+00 0.000000000000000000e+00 9.462813327565150825e-03 1.414859504783768929e-01 0.000000000000000000e+00 0.000000000000000000e+00 0.000000000000000000e+00 1.198796379453533761e-01 0.000000000000000000e+00 2.882252236237993828e-02
0.000000000000000000e+00 6.843016307046353129e-03 3.565647976538647429e-02 1.031529323269774617e-01 0.000000000000000000e+00 1.639003586369147392e-01 2.400211496563653679e-01 1.548173776474288076e-02 0.000000000000000000e+00 1.858356961805854302e-01 0.000000000000000000e+00 1.774223549254682480e-02 0.000000000000000000e+00 0.000000000000000000e+00 3.054051678288311270e-02 0.000000000000000000e+00 0.000000000000000000e+00 0.000000000000000000e+00 0.000000000000000000e+00 0.000000000000000000e+00 0.000000000000000000e+00 0.000000000000000000e+00 1.014939246109926654e-02 1.495172971983113053e-01 4.115918742714082951e-02
0.000000000000000000e+00 0.000000000000000000e+00 0.000000000000000000e+00 0.000000000000000000e+00 1.688341828300364555e-01 1.627434895743948839e-01 1.370975485060477728e-01 0.000000000000000000e+00 7.393763073302166144e-02 2.109750467148180950e-04 1.370951747704044748e-06 4.187561555389109069e-02 0.000000000000000000e+00 0.000000000000000000e+00 4.411550086735280610e-03 1.049076027691139279e-01 0.000000000000000000e+00 4.186854043508642098e-02 1.817162465509640779e-01 1.414048727298019593e-02 0.000000000000000000e+00 0.000000000000000000e+00 0.000000000000000000e+00 4.584590978141642181e-02 2.240884990784921052e-02
1.263720288944795156e-01 0.000000000000000000e+00 0.000000000000000000e+00 8.475462520068674510e-02 3.219169418480192779e-01 0.000000000000000000e+00 2.186994536472794404e-03 1.372661713420454399e-01 0.000000000000000000e+00 1.800689407378242568e-01 0.000000000000000000e+00 0.000000000000000000e+00 0.000000000000000000e+00 0.000000000000000000e+00 1.202696899561650707e-03 0.000000000000000000e+00 0.000000000000000000e+00 0.000000000000000000e+00 3.486697178633483413e-02 0.000000000000000000e+00 0.000000000000000000e+00 8.575632575639145772e-02 1.575375612607278486e-02 9.854546872111118183e-03 0.000000000000000000e+00
3.267101044668035449e-03 2.306987502631194786e-01 6.202841236928465299e-03 2.384622385356692173e-03 2.823771147601672471e-02 1.592080882363432759e-01 0.000000000000000000e+00 1.644304688033801235e-03 0.000000000000000000e+00 2.010370925967952874e-02 2.860254208249997723e-02 1.899442636613903057e-01 0.000000000000000000e+00 0.000000000000000000e+00 0.000000000000000000e+00 1.012027945774381238e-01 0.000000000000000000e+00 0.000000000000000000e+00 2.292016364109480866e-03 6.154874552585720519e-03 0.000000000000000000e+00 0.000000000000000000e+00 3.513980468638846361e-02 1.836291697340660667e-01 1.287405751375984798e-03
1.368443189015134120e-01 0.000000000000000000e+00 0.000000000000000000e+00 0.000000000000000000e+00 1.889804592056120724e-01 0.000000000000000000e+00 0.000000000000000000e+00 0.000000000000000000e+00 0.000000000000000000e+00 1.345521645210443797e-02 8.197067390382238583e-02 1.717326072982623963e-01 0.000000000000000000e+00 0.000000000000000000e+00 1.522153822522657740e-01 0.000000000000000000e+00 0.000000000000000000e+00 0.000000000000000000e+00 1.132791349241623995e-02 1.645687304732917564e-02 0.000000000000000000e+00 0.000000000000000000e+00 1.108031486716345992e-02 0.000000000000000000e+00 2.159362405795107465e-01
0.000000000000000000e+00 1.379343367631642725e-01 0.000000000000000000e+00 0.000000000000000000e+00 2.050849195018562485e-02 1.565996752071279613e-02 0.000000000000000000e+00 0.000000000000000000e+00 0.000000000000000000e+00 2.936460829619745236e-02 0.000000000000000000e+00 2.651466384715990554e-02 0.000000000000000000e+00 0.000000000000000000e+00 2.251107015051546645e-01 0.000000000000000000e+00 1.477328931192876948e-01 0.000000000000000000e+00 0.000000000000000000e+00 0.000000000000000000e+00 0.000000000000000000e+00 1.557081775032020943e-01 6.889635040969573077e-02 1.619945184994480702e-01 1.057529058579151186e-02
8.444155212113665238e-03 0.000000000000000000e+00 0.000000000000000000e+00 7.536102367184968620e-02 1.642468388701205650e-01 0.000000000000000000e+00 1.108471190602551004e-01 3.522297979627866255e-02 0.000000000000000000e+00 1.702621418878209891e-01 7.352888395961906798e-02 1.233921319198711675e-01 0.000000000000000000e+00 0.000000000000000000e+00 1.132561133697790150e-02 0.000000000000000000e+00 0.000000000000000000e+00 1.086396440706268729e-01 0.000000000000000000e+00 4.222275274254701574e-03 1.943297849778479163e-04 7.886974826830553398e-02 3.544311688692836776e-02 0.000000000000000000e+00 0.000000000000000000e+00
0.000000000000000000e+00 0.000000000000000000e+00 2.739758344530575374e-02 0.000000000000000000e+00 1.619706072832275690e-01 1.168581080562418328e-02 1.408868341840219807e-01 0.000000000000000000e+00 1.347836568538195862e-02 1.280117873044582348e-02 0.000000000000000000e+00 1.309958716556781921e-01 1.201219840345731267e-02 0.000000000000000000e+00 4.789368007615400075e-02 0.000000000000000000e+00 0.000000000000000000e+00 8.563836948175626573e-02 1.305980098371639642e-02 4.845838235102846794e-03 9.847357966307921859e-03 0.000000000000000000e+00 4.312690435381674042e-02 1.474451611191526790e-01 1.369144375908504518e-01
1.853043512582106672e-02 1.314525319587336039e-01 1.541767960731441345e-01 1.632438614597851029e-02 1.485475796331077458e-02 1.266160875541808561e-01 8.692726381573645522e-03 0.000000000000000000e+00 0.000000000000000000e+00 0.000000000000000000e+00 0.000000000000000000e+00 1.567606538844495412e-01 4.176677025058217474e-02 0.000000000000000000e+00 1.597252963379952942e-02 0.000000000000000000e+00 1.357649115797832443e-02 1.197348540524647773e-02 1.457411555436042838e-01 5.287834739353668720e-04 0.000000000000000000e+00 1.076169845383966456e-01 0.000000000000000000e+00 0.000000000000000000e+00 3.541542490926509468e-02
1.952627470223219919e-02 1.591546344653879397e-01 0.000000000000000000e+00 0.000000000000000000e+00 8.770204109774030338e-03 0.000000000000000000e+00 1.578222072025036241e-02 9.252575810109936461e-03 6.062904922470857549e-02 1.978210474316935141e-01 1.749770131930161992e-03 0.000000000000000000e+00 0.000000000000000000e+00 0.000000000000000000e+00 1.495864637121807617e-01 1.111463538238352117e-01 2.599520317015344487e-02 8.370866108171981165e-03 1.847494474561059696e-01 1.358891527234217661e-02 0.000000000000000000e+00 5.277659715625199156e-04 0.000000000000000000e+00 4.776379990766850374e-03 2.857282789879429102e-02
0.000000000000000000e+00 0.000000000000000000e+00 0.000000000000000000e+00 0.000000000000000000e+00 2.204037921594808602e-01 0.000000000000000000e+00 7.481196402066993267e-02 2.980111032014614181e-03 0.000000000000000000e+00 0.000000000000000000e+00 6.218490159038540799e-02 1.073648033031834037e-01 0.000000000000000000e+00 0.000000000000000000e+00 1.647676662161702832e-01 0.000000000000000000e+00 1.289277109836960145e-01 7.872778881699340689e-03 3.842705370310525812e-03 1.923942818972888824e-02 0.000000000000000000e+00 5.072032085785131011e-02 7.380127771563571581e-02 3.079057033633999033e-02 5.229196934283370651e-02
0.000000000000000000e+00 2.026629472112232433e-01 2.488168747555557711e-02 3.416253679877619652e-03 1.173686090942671449e-02 3.804308284115781418e-03 6.232354883093794550e-04 5.128227211529723384e-03 0.000000000000000000e+00 5.080838309062661595e-02 0.000000000000000000e+00 0.000000000000000000e+00 0.000000000000000000e+00 0.000000000000000000e+00 1.832304920440920581e-01 2.547273051971457591e-03 1.510277024544634805e-01 0.000000000000000000e+00 1.756014677868072971e-01 0.000000000000000000e+00 0.000000000000000000e+00 0.000000000000000000e+00 1.561686423131216084e-01 5.196093496952763381e-03 2.316642550192665739e-02
0.000000000000000000e+00 6.552136850281763125e-02 2.661693650139480144e-03 0.000000000000000000e+00 0.000000000000000000e+00 0.000000000000000000e+00 2.169888310241559481e-01 2.763050748133456455e-02 1.424827700235874357e-02 0.000000000000000000e+00 0.000000000000000000e+00 9.761495603414320488e-02 9.173208243779958429e-03 1.216781460125056875e-03 2.644923744907174412e-01 1.046447398029403814e-01 0.000000000000000000e+00 0.000000000000000000e+00 0.000000000000000000e+00 0.000000000000000000e+00 6.096508112476261426e-04 0.000000000000000000e+00 4.334181096533648581e-02 0.000000000000000000e+00 1.518558005309035286e-01
0.000000000000000000e+00 4.136916248116739858e-02 0.000000000000000000e+00 9.479254526648558943e-02 7.469224856664577472e-02 0.000000000000000000e+00 7.092238563042239929e-02 1.304676069738716082e-01 0.000000000000000000e+00 0.000000000000000000e+00 0.000000000000000000e+00 1.550822566611120557e-01 0.000000000000000000e+00 1.977444749073899665e-04 1.906002483452123863e-02 1.061290259389317814e-01 0.000000000000000000e+00 0.000000000000000000e+00 1.705654294303456942e-01 5.407647105914663126e-03 0.000000000000000000e+00 0.000000000000000000e+00 8.998823310768030992e-02 1.783928204662987849e-02 2.348640748136420972e-02
0.000000000000000000e+00 1.658703148261192473e-01 0.000000000000000000e+00 3.877219050055522552e-03 0.000000000000000000e+00 6.562893639739056373e-02 5.096831039506342226e-02 0.000000000000000000e+00 0.000000000000000000e+00 0.000000000000000000e+00 8.764301718527338705e-03 9.226933480795628667e-03 0.000000000000000000e+00 4.752615311124415431e-02 3.332730017720482961e-03 0.000000000000000000e+00 1.474306800502964698e-01 0.000000000000000000e+00 1.394046407670279930e-01 0.000000000000000000e+00 0.000000000000000000e+00 0.000000000000000000e+00 1.510802374582823349e-01 1.858077301158927996e-01 2.108181261158417405e-02
0.000000000000000000e+00 0.000000000000000000e+00 0.000000000000000000e+00 0.000000000000000000e+00 0.000000000000000000e+00 0.000000000000000000e+00 1.474986290897188912e-01 0.000000000000000000e+00 1.057486490449386328e-02 3.433863990304771713e-02 0.000000000000000000e+00 1.091978648308993688e-01 0.000000000000000000e+00 0.000000000000000000e+00 3.424779629458851726e-01 0.000000000000000000e+00 0.000000000000000000e+00 1.291295907890283312e-01 1.758568503867420918e-01 8.108181613050257155e-03 0.000000000000000000e+00 4.096627792631852769e-03 0.000000000000000000e+00 3.414652089933943764e-03 3.530613565456844349e-02
0.000000000000000000e+00 0.000000000000000000e+00 3.402004097382312769e-02 0.000000000000000000e+00 1.403334153330860166e-02 0.000000000000000000e+00 2.998461412800866935e-02 7.340848757394461029e-03 0.000000000000000000e+00 1.328252695860675583e-02 0.000000000000000000e+00 1.819848711335080027e-01 0.000000000000000000e+00 0.000000000000000000e+00 2.749315149814345327e-01 9.949151728076059686e-02 0.000000000000000000e+00 3.456614058883657192e-02 1.268672937156570951e-02 0.000000000000000000e+00 0.000000000000000000e+00 1.452461492091738082e-01 0.000000000000000000e+00 1.524317050835791720e-01 0.000000000000000000e+00
0.000000000000000000e+00 0.000000000000000000e+00 6.222111916323999625e-02 0.000000000000000000e+00 4.443673026084171696e-02 0.000000000000000000e+00 7.711950222797214890e-04 0.000000000000000000e+00 0.000000000000000000e+00 3.921433457009572410e-02 2.620851120184631775e-02 2.870911154433296586e-01 3.869566484639825471e-02 1.956039957936007664e-04 7.122656900214960340e-02 0.000000000000000000e+00 0.000000000000000000e+00 5.669533069515634823e-04 1.759236436436576456e-01 8.733981650111730111e-02 3.433242563745378482e-03 0.000000000000000000e+00 1.597491420384393804e-02 1.421301579827890377e-02 1.324875704764306716e-01
1.757465991313916787e-02 8.330972903275305971e-03 0.000000000000000000e+00 0.000000000000000000e+00 2.139315124140857838e-01 0.000000000000000000e+00 1.303391454000327743e-01 0.000000000000000000e+00 0.000000000000000000e+00 0.000000000000000000e+00 0.000000000000000000e+00 0.000000000000000000e+00 2.345857788832483165e-02 3.297180619526653839e-02 2.360454479762318092e-01 0.000000000000000000e+00 0.000000000000000000e+00 1.236294571804750775e-01 1.753532983263781098e-01 0.000000000000000000e+00 0.000000000000000000e+00 3.836512180279063461e-02 0.000000000000000000e+00 0.000000000000000000e+00 0.000000000000000000e+00
