1.150238104061850897e-01 6.648701697311915071e-02 0.000000000000000000e+00 5.709519889325494896e-02 2.525619988994011900e-03 2.116394628762794522e-02 2.708673620876326377e-02 0.000000000000000000e+00 1.385047992910291292e-01 0.000000000000000000e+00 1.663679098765826966e-02 1.810292827663270432e-01 0.000000000000000000e+00 1.669762240876518714e-02 3.307152080728818083e-02 0.000000000000000000e+00 1.658237848630372911e-03 1.389924783673814335e-01 1.611383684860241139e-01 2.288857027895180654e-02
1.162723573643949099e-01 3.569490938235355976e-03 1.823901054372182922e-03 2.145790641956349734e-02 3.256652601288068799e-02 0.000000000000000000e+00 0.000000000000000000e+00 0.000000000000000000e+00 1.881586368379958851e-01 0.000000000000000000e+00 1.310316754086602101e-02 1.393042807181889831e-01 0.000000000000000000e+00 2.531279358462213552e-02 8.190003336984939472e-03 5.001300905818280599e-04 1.051165504794067257e-01 9.722893803740773055e-02 1.021219456536948955e-01 1.452733719308041127e-01
2.297807928285885634e-02 6.326846385330395228e-02 0.000000000000000000e+00 0.000000000000000000e+00 7.555629580016691438e-02 0.000000000000000000e+00 3.714614101956522502e-02 1.393941008332100565e-02 1.580989187939743912e-01 0.000000000000000000e+00 0.000000000000000000e+00 0.000000000000000000e+00 1.400980981434548911e-01 1.365828240117675785e-01 2.949794568146732812e-02 0.000000000000000000e+00 3.391158653653070926e-02 1.308626801390936067e-01 1.489975597880871805e-01 9.061996866408399132e-03
1.864879628830002668e-03 3.927358113206067675e-02 6.885709398756937466e-03 1.264680910310874914e-02 5.955686215069095311e-03 0.000000000000000000e+00 2.030589438150649101e-02 9.521144210608943614e-02 1.393218430112650730e-01 2.528343473054018437e-02 6.921606656804398482e-03 6.940043678410200145e-02 1.446770952721971037e-01 1.174364748808144066e-01 0.000000000000000000e+00 2.061458694540395202e-03 2.299934978464937205e-02 2.785723515148389590e-03 2.762684419636038391e-01 1.070013274091341851e-02
1.072977628594264619e-02 3.046833555089123458e-02 7.341144273155466096e-03 8.683131948063979935e-03 5.292969776641804486e-02 1.120913319406912911e-01 3.953417678957948760e-03 1.140522127125774415e-01 1.261020189275480763e-01 0.000000000000000000e+00 0.000000000000000000e+00 7.597386425149514622e-02 7.771172645767302281e-03 0.000000000000000000e+00 2.217215901516178794e-03 0.000000000000000000e+00 6.969588182460110040e-04 1.919608611779486523e-02 2.888404410924499399e-01 1.389531940884844996e-01
1.167441719473546330e-01 8.000515558581533515e-02 2.692316025318079037e-02 3.122601479411528033e-02 1.676712084256035129e-01 2.580662890930743997e-02 2.912657455536882961e-02 1.255567016782831447e-01 2.333426638131961758e-02 0.000000000000000000e+00 0.000000000000000000e+00 1.762183630503123544e-01 4.690654035415341497e-03 1.515299975966398309e-03 1.027673732739589618e-02 0.000000000000000000e+00 2.071696703879643761e-02 1.138844127362348413e-02 9.496664730701895318e-02 5.383300746112234386e-02
0.000000000000000000e+00 0.000000000000000000e+00 0.000000000000000000e+00 1.569104277831147864e-01 4.081068623091405750e-02 1.121627475703817489e-01 0.000000000000000000e+00 1.418121041767574086e-01 1.658334526207710657e-01 0.000000000000000000e+00 8.265092337880773632e-03 1.449822566898331944e-01 1.771019794524107335e-02 0.000000000000000000e+00 0.000000000000000000e+00 0.000000000000000000e+00 0.000000000000000000e+00 1.497645825174604983e-01 5.533633854344991582e-02 6.412113584195457301e-03
1.182402587083741796e-02 5.550067343358387750e-02 1.332048039095692568e-02 9.517686215508761038e-02 7.219065794860189678e-02 0.000000000000000000e+00 1.269465010288910872e-02 1.255996850289613775e-01 2.820078040717318157e-01 0.000000000000000000e+00 5.132596353536309289e-03 4.679708185840761314e-02 9.944941606712920032e-03 9.944607746588818298e-02 0.000000000000000000e+00 0.000000000000000000e+00 5.038646214602390469e-03 0.000000000000000000e+00 1.221305330507724274e-01 4.319528444743012813e-02
3.399635109667417665e-02 1.268511645709088365e-01 9.370886305388206189e-03 1.419904319008054305e-01 6.463524686259999874e-02 8.465581364071526199e-03 3.559856663271294269e-02 1.267891472755663385e-01 9.386190496454288601e-02 0.000000000000000000e+00 6.062057825765632992e-03 1.465274708464849029e-01 1.671517428480196257e-02 6.856092791027265654e-02 4.463983857646645036e-03 1.854735208879189010e-02 2.915305154366272869e-02 7.911778091524228687e-03 1.274265901621712826e-02 4.775626356156193603e-02
9.465942548521606714e-02 0.000000000000000000e+00 0.000000000000000000e+00 5.155291331071867877e-02 1.023963767658862406e-01 2.615895031974376731e-03 3.069842090342433244e-02 2.086132052459089836e-01 1.594737345699807907e-01 0.000000000000000000e+00 0.000000000000000000e+00 1.523181692566498990e-01 0.000000000000000000e+00 6.154310941599933082e-02 2.587450471096193125e-02 0.000000000000000000e+00 1.421291078088437847e-02 5.405275266440769805e-03 2.639371512038100453e-03 8.799668774391612713e-02
1.151613287924221074e-01 8.631697706155869176e-02 0.000000000000000000e+00 1.085895643156985918e-01 8.449235729161488906e-02 1.202680746966187757e-02 2.416105662377560429e-02 2.329549965303341977e-02 1.570139647406206818e-01 0.000000000000000000e+00 0.000000000000000000e+00 1.218699759625784806e-01 2.330415725863146242e-03 1.697841182627242169e-03 1.922176172999552277e-02 1.209316722222068168e-03 6.589419937350877998e-02 1.610136152806670440e-01 1.570531807415179865e-02 0.000000000000000000e+00
3.535390310742565767e-02 8.725434551162801478e-02 7.243892187918321568e-02 0.000000000000000000e+00 0.000000000000000000e+00 4.543627730142280573e-03 3.194558248154905772e-02 1.025878897366132997e-01 1.548686538450599892e-01 6.168465373362755355e-03 0.000000000000000000e+00 1.523277955311480580e-01 0.000000000000000000e+00 0.000000000000000000e+00 3.251454937499408115e-02 3.064013720959835041e-02 3.083832012206553022e-02 1.252121711321771413e-01 4.747814218713546780e-02 8.582749477791702664e-02
3.967179900605767411e-03 4.430562377720124317e-02 0.000000000000000000e+00 1.254127674101335743e-01 8.778776389775264088e-02 1.200617491839888890e-01 0.000000000000000000e+00 1.079074180682061956e-01 1.761448949126619146e-01 1.131727192484793115e-02 9.982557032328323587e-03 1.614455627469625343e-01 1.942267543303277319e-02 3.406026760148689152e-03 3.852854194873159971e-02 8.125859041542858596e-03 2.717989134830743267e-02 2.998177524176336498e-02 1.350796560245883134e-03 2.367164481153830047e-02
1.022183759309735485e-01 1.171761847413739649e-01 7.596808539450468703e-03 1.239875765116775323e-02 5.777003539480308342e-02 2.586193550372933858e-02 1.672146543144914163e-02 2.551035663394272124e-01 4.252745237351454079e-03 5.115806749571503477e-03 0.000000000000000000e+00 3.224366435293329891e-01 1.362510895513502525e-02 2.987782355803385911e-03 1.716211956877494726e-02 1.949704977096472155e-02 9.686569778533148448e-03 7.562949114158351409e-03 0.000000000000000000e+00 2.826095407999988651e-03
1.356254127528964959e-01 1.792973365554715801e-02 1.098044061258478601e-02 1.527766452766489078e-03 0.000000000000000000e+00 5.224007900126898278e-04 0.000000000000000000e+00 3.266211975443470989e-03 1.795644272609299152e-01 7.623712160213502557e-03 0.000000000000000000e+00 1.389126738029908548e-01 6.002639166483289546e-02 1.513864462973722735e-02 1.384067877555227033e-01 1.874860667681260218e-03 3.905090130960810722e-03 1.617224633328415498e-02 1.054897478071490508e-01 1.630334515474466672e-01
0.000000000000000000e+00 1.669347239434981409e-02 1.893852238009055902e-02 1.269972936294705423e-01 0.000000000000000000e+00 1.848428124852219065e-02 3.686542926164104728e-02 2.685511780355077927e-02 1.244976399263096195e-01 0.000000000000000000e+00 0.000000000000000000e+00 5.733656530856255651e-02 7.573315357051791513e-03 0.000000000000000000e+00 0.000000000000000000e+00 0.000000000000000000e+00 1.704644674031045304e-01 1.684675842812481950e-01 1.990583987635522190e-01 2.776791224254620757e-02
1.225831579588779197e-01 5.430910068776916011e-02 0.000000000000000000e+00 2.624275324606415230e-02 1.665786636357454997e-01 1.312473865679329998e-01 1.820978451579117682e-02 1.641774859982229606e-01 4.761068072169321978e-03 3.113535878522525474e-02 0.000000000000000000e+00 7.532896251670131993e-02 0.000000000000000000e+00 0.000000000000000000e+00 9.011658502967069551e-02 7.124281018039685734e-03 4.075936053437734762e-03 0.000000000000000000e+00 3.303978543636511278e-02 7.106969047798705752e-02
1.077359251787575120e-02 1.348543812961255639e-01 1.208865140124258837e-02 1.056847704288851608e-01 2.194615914569870985e-02 3.836013138950012530e-02 1.252350024592403625e-02 3.803774426561687665e-03 5.353826785396977386e-03 0.000000000000000000e+00 1.076383917622764606e-02 1.382137951147497379e-01 1.122731638343354293e-01 0.000000000000000000e+00 4.813776701817079617e-02 1.687590062488635891e-03 3.792729128464066707e-02 1.004967845132063824e-02 1.504698520917932825e-01 1.450882353290624538e-01
0.000000000000000000e+00 1.089379760346846776e-01 5.878487232179997052e-02 2.173620042603510438e-01 2.255760580489238158e-03 0.000000000000000000e+00 0.000000000000000000e+00 3.652082918951534557e-02 9.588082691821316061e-02 0.000000000000000000e+00 0.000000000000000000e+00 1.553788674978077433e-01 0.000000000000000000e+00 0.000000000000000000e+00 1.512635956999104914e-01 1.390922191479478619e-02 1.145295338484038247e-04 3.834086462571463516e-02 2.987110330803623929e-03 1.182635410920666458e-01
4.335307257425322774e-02 1.131412449168320809e-02 8.920446210471250081e-02 8.142420264859491150e-03 9.259011485177864875e-02 0.000000000000000000e+00 8.549576395723061661e-02 4.811674245989628479e-02 5.041618814598968629e-02 0.000000000000000000e+00 3.700180826712507441e-03 3.816579615697582306e-02 8.454671773786550867e-03 7.940929053791259684e-02 3.228540391723720704e-02 0.000000000000000000e+00 6.639571905549286612e-02 1.569635740798054624e-02 1.848772217267120044e-01 1.423824697467861722e-01
0.000000000000000000e+00 1.984406857629458093e-02 0.000000000000000000e+00 1.567093663666998052e-02 3.049491608405307044e-02 1.251452004826465458e-01 5.851769957451910531e-02 7.088347005465744921e-02 3.186114229548066279e-02 5.578148985716274884e-04 3.635198215410602516e-04 1.768355970196446580e-01 8.690414581053204635e-02 5.630629354011115750e-02 1.525747857913090644e-01 3.190140798872916766e-02 1.240107963689250983e-02 0.000000000000000000e+00 1.158732112301183448e-01 1.386471055822885261e-02
0.000000000000000000e+00 1.339879766093263758e-01 2.762330918527833995e-03 1.346334685829001232e-01 7.262350898747349862e-03 0.000000000000000000e+00 0.000000000000000000e+00 0.000000000000000000e+00 1.831142115780058921e-01 2.545443525116822606e-02 8.827775551389428418e-03 1.478728006809124085e-01 1.292466384062010204e-03 2.613206564172345509e-02 1.617112605754772170e-01 0.000000000000000000e+00 0.000000000000000000e+00 2.603510703815134150e-02 6.952040119177676884e-03 1.339617101704307367e-01
1.170031950207174876e-01 0.000000000000000000e+00 1.343686522268677103e-02 1.521388906635444405e-01 3.791870205248730474e-02 3.678106631274156210e-03 0.000000000000000000e+00 0.000000000000000000e+00 5.511744077689637034e-02 0.000000000000000000e+00 2.404986162315786088e-02 1.475474354584557224e-01 1.262292523784480924e-01 0.000000000000000000e+00 0.000000000000000000e+00 4.440441107479204536e-02 0.000000000000000000e+00 0.000000000000000000e+00 2.483399521608264104e-01 3.013588693671353722e-02
1.899476705481050257e-02 1.162687435132259833e-01 0.000000000000000000e+00 4.089932056976202518e-03 0.000000000000000000e+00 5.168893720601567491e-04 1.269937214850976603e-01 1.765402832403089317e-01 7.016144515042452290e-02 0.000000000000000000e+00 1.051791776180940018e-02 1.492987698091420012e-01 1.209545480554796715e-01 1.845685834805797093e-02 0.000000000000000000e+00 1.739224563408526755e-02 0.000000000000000000e+00 2.319413589648067903e-02 1.422382559182038542e-01 4.381486703837037672e-03
8.978499034867466755e-02 7.364597498351578564e-02 0.000000000000000000e+00 5.365650115349451799e-02 0.000000000000000000e+00 0.000000000000000000e+00 1.036860820998110611e-01 5.292558212229048903e-02 3.114772708467432316e-02 3.524500504350696153e-04 0.000000000000000000e+00 1.042510914599435561e-02 1.290355880810634126e-01 1.436369558618061648e-01 4.960445842026196817e-02 1.940895893341484978e-03 5.310974214590438031e-02 1.273028380221543493e-02 3.080613039126782818e-02 1.635115284152490744e-01
1.140566100483842021e-01 1.335981489153832136e-01 4.605997423235324629e-04 1.363804926687799124e-01 2.333977203950822043e-03 0.000000000000000000e+00 1.737064103686060195e-04 1.279436039218944943e-01 1.206495826070528160e-01 0.000000000000000000e+00 7.647735710049849769e-03 1.395220526189199783e-01 0.000000000000000000e+00 9.953887725366804620e-03 0.000000000000000000e+00 5.046105785648185432e-02 1.090881275733307232e-01 3.116659802636707541e-02 1.191836572980954070e-03 1.537198239836509543e-02
8.937430382805536949e-03 1.078459140923608839e-01 0.000000000000000000e+00 1.549536350798774442e-01 2.743099148789971548e-02 7.820551623536778352e-02 0.000000000000000000e+00 1.158232104945532831e-01 0.000000000000000000e+00 1.095156803264015453e-02 0.000000000000000000e+00 1.707528741847599008e-01 0.000000000000000000e+00 2.544805265338096791e-03 1.602057890850666633e-01 0.000000000000000000e+00 1.868370073116250741e-03 1.017692571333549297e-02 2.344677207513339023e-02 1.268561977977453736e-01
0.000000000000000000e+00 3.546340001650706564e-02 1.169394274713207553e-02 0.000000000000000000e+00 8.635929460980688865e-02 0.000000000000000000e+00 0.000000000000000000e+00 4.756158899021550369e-04 1.348059795620205892e-01 2.263234981965818807e-02 0.000000000000000000e+00 2.376033948729719680e-01 8.846839471136599964e-02 0.000000000000000000e+00 4.260652331833295059e-02 1.670435193152114417e-02 1.215214826724090496e-03 4.233085066960233511e-02 1.828367450506903358e-01 9.680394197376422649e-02
2.146435071964404410e-03 4.259306568168688342e-03 0.000000000000000000e+00 1.268863172943953399e-01 1.191846647475852949e-01 2.024522704439595672e-02 1.225520984866194582e-03 1.645908836374901374e-02 9.828136759571542286e-03 1.847115706530318060e-03 0.000000000000000000e+00 1.934708098937309440e-01 3.049338589163878843e-02 3.132194605550991245e-02 1.719505308707769756e-02 8.650669012942376057e-02 1.285163179753179286e-01 1.755419812789991707e-01 1.161324227181840911e-02 2.325876087525678357e-02
3.922269223503570615e-03 3.443935942067184643e-04 2.426875965491270479e-02 8.135065296940112434e-02 1.041089852760508777e-01 2.782895833469781893e-02 4.368480016838410113e-03 5.229560543322868404e-02 2.714966171767821956e-01 1.970609128522825618e-02 1.861495318117426315e-02 4.506034352286231170e-02 9.356338854930693061e-02 3.931950836495443080e-02 1.433271908279363516e-01 0.000000000000000000e+00 0.000000000000000000e+00 2.325397768108366375e-02 3.235382195772947000e-02 1.481600295010223126e-02
