3.237200559619349272e-02 0.000000000000000000e+00 0.000000000000000000e+00 5.091395976330586335e-04 0.000000000000000000e+00 1.660357496379117614e-01 1.590968037504568999e-01 4.739266829273615367e-02 0.000000000000000000e+00 7.244248844309789624e-03 0.000000000000000000e+00 1.294841708451916484e-01 2.383482617607646931e-02 0.000000000000000000e+00 1.440395664603641712e-01 0.000000000000000000e+00 3.414711659256596432e-04 4.124612585155958133e-02 2.848835693902767793e-03 7.683273058230096972e-03 1.448793171580148136e-02 7.962884497353658192e-03 4.265937674136058982e-02 2.621782828629083337e-02 1.465430937887018392e-01
0.000000000000000000e+00 1.060062420025235236e-02 6.161983885817107903e-02 1.232134372061058532e-02 8.978667887159527336e-03 4.109426641242058809e-02 1.180561986338239111e-01 1.813016066580884489e-02 2.899629247048499635e-05 3.390481248627699035e-02 1.029504988389986532e-02 7.685723612546756234e-02 9.142874574439964486e-02 0.000000000000000000e+00 5.406111167310231197e-02 5.352531195450323676e-04 5.889031587782350870e-03 8.798080576770196670e-02 1.053511901830553148e-02 0.000000000000000000e+00 1.089301743021669697e-02 5.991944235709361494e-02 9.481094637509878895e-03 1.491331703126706210e-01 1.282560131853105745e-01
9.189854170759408081e-02 7.038588881663171426e-02 2.227937485258377551e-02 2.597670031750070815e-02 8.867588210859100872e-02 9.158195709145151853e-02 8.322868191939239435e-02 4.781861616666333720e-02 3.611470507338913893e-02 4.036932969878333916e-02 0.000000000000000000e+00 1.030196319313164827e-01 0.000000000000000000e+00 0.000000000000000000e+00 2.334894347754797039e-02 1.451213590425269465e-03 3.086743061497337903e-03 3.354302474058605543e-02 1.582290410934904246e-03 1.112501100319683855e-01 2.856774498064882511e-02 8.246221138385020216e-03 2.933110679247249997e-02 2.645709342513603499e-02 3.178619866650016917e-02
4.996522519409364246e-03 0.000000000000000000e+00 0.000000000000000000e+00 0.000000000000000000e+00 3.899378610366507902e-02 5.760142860292080669e-02 1.141199202402080892e-02 0.000000000000000000e+00 1.530203932181949944e-01 1.294994979399391455e-01 0.000000000000000000e+00 1.565635278385076046e-01 3.885389713228562525e-02 1.046621466258224574e-02 1.099066504855500115e-01 6.340404959057667489e-02 0.000000000000000000e+00 1.858879783183762027e-02 2.889329943663119724e-02 1.986362821111939056e-02 8.891519188014018055e-03 1.204216573969846445e-02 0.000000000000000000e+00 1.370026294750469054e-01 0.000000000000000000e+00
2.930842727440440693e-02 0.000000000000000000e+00 7.911533487648794716e-03 0.000000000000000000e+00 8.346606964815778823e-03 1.029426436697281240e-02 2.351192097957325589e-01 1.445810623511207538e-01 1.595549069054662608e-02 2.246810183567068617e-02 0.000000000000000000e+00 0.000000000000000000e+00 2.286720826147177910e-03 0.000000000000000000e+00 1.086018780827758129e-01 0.000000000000000000e+00 5.947254657471631734e-02 6.439409438089847837e-02 1.407189839401790273e-02 2.757837351042913623e-02 1.141515663306354178e-02 7.793859667337425801e-02 3.521744023386783658e-03 1.444597679450708161e-01 1.227452618920730175e-02
0.000000000000000000e+00 3.423678206007591614e-04 6.425650193264352550e-02 5.333793399869919162e-03 6.033976525210742875e-03 2.964202421597484510e-02 1.629011643014570687e-01 3.068119874887751536e-02 6.368377144023240621e-02 4.407590091847359004e-03 0.000000000000000000e+00 7.977507082989701570e-02 0.000000000000000000e+00 1.689431847829788239e-02 7.160790158579846514e-03 7.348462749649779802e-02 2.079297709511518464e-03 1.313798630429808927e-02 1.306161830069208496e-01 1.537036088655563447e-03 0.000000000000000000e+00 8.219222210185929411e-02 4.761429411343759410e-02 3.226953461765103004e-02 1.459562506176793617e-01
9.435238044530991353e-02 2.587124004845572402e-03 3.630442105719876647e-04 3.456128453114305776e-02 2.312393926022788537e-01 1.068578809531729318e-01 7.605420206232166302e-02 9.873477492278889822e-03 8.602240207647630574e-03 7.855513514224919322e-03 0.000000000000000000e+00 1.179818627640528000e-01 1.362413940527810834e-03 0.000000000000000000e+00 0.000000000000000000e+00 1.932867323888084327e-02 1.375011440251834756e-02 0.000000000000000000e+00 1.422358421706270415e-01 2.447855308832277976e-02 2.843788252224474511e-02 1.321144098397972026e-02 1.254085233889149810e-02 5.400989827984657536e-03 4.892483469817428265e-02
8.977363230800057547e-02 3.471040205203073932e-04 2.617758201972568768e-02 5.305832727894845002e-03 2.443819448264389349e-02 2.322062729696168157e-02 7.267292575387784836e-02 2.940438636220056579e-02 1.339467166184457082e-02 3.087730818541946712e-02 0.000000000000000000e+00 9.611000950401656431e-03 3.040512453481502230e-04 6.724141457945266229e-03 7.460865782800664425e-02 0.000000000000000000e+00 1.436266197239226827e-01 8.695279620621594596e-02 4.271383202787319006e-02 3.080797688792875216e-02 0.000000000000000000e+00 1.291869152305334945e-01 2.670439592135528603e-02 1.192783937420945628e-01 1.386895395928490482e-02
9.101940854696755068e-02 5.048759701523467674e-03 1.093430280609673962e-02 0.000000000000000000e+00 1.160791161516310788e-01 6.117334943653881044e-03 1.283127794019506551e-01 1.522410216369300406e-01 1.532397547068375856e-03 3.181908656983897798e-02 2.591420709954104281e-03 4.514012702346349715e-02 3.292202935245188561e-02 0.000000000000000000e+00 7.133204316326126337e-02 2.916628805727299002e-04 1.569116894197316453e-02 0.000000000000000000e+00 2.417198420933740731e-03 1.778227308846115975e-02 6.993012926248917682e-02 3.255001056852058205e-03 1.330350149328366621e-02 1.567616609580169684e-01 2.547757634262577675e-02
8.555618827607426678e-04 0.000000000000000000e+00 3.480363328181032556e-02 0.000000000000000000e+00 2.324465954610472479e-02 2.879640581499045247e-03 2.317407019929533241e-01 6.015236542351998922e-02 3.878082477574079645e-02 3.066104062031527969e-03 1.143689100278288311e-03 9.531095417250093349e-02 5.497947745855792656e-02 5.005765324815833646e-03 9.557988175323693658e-02 1.718841492359692719e-02 4.411946826821775032e-03 1.420272652844404571e-01 0.000000000000000000e+00 0.000000000000000000e+00 2.526524196551274866e-03 7.663071920691278890e-03 3.007179899694836442e-02 1.465602303355773017e-01 2.007488159562182892e-03
0.000000000000000000e+00 0.000000000000000000e+00 1.282350453578847416e-01 8.418845789412886943e-03 5.875524387732073903e-03 6.989648105126941569e-02 7.759222477209508362e-02 2.047405532182340962e-02 5.600056066467790777e-02 1.803126969095470919e-02 6.403517310288542319e-03 1.907960429236892907e-01 5.554124979253306088e-02 2.202509887888825461e-03 1.032570052614366907e-01 0.000000000000000000e+00 1.087708172372418153e-02 0.000000000000000000e+00 0.000000000000000000e+00 5.750273948939173090e-03 0.000000000000000000e+00 6.747171657853118275e-04 7.577702256349024001e-02 8.107356863261291902e-03 1.560892155231132228e-01
1.938703785635626994e-02 0.000000000000000000e+00 7.624335242518491540e-02 9.228443292643651041e-02 1.878283347507843804e-03 2.037596591544752617e-02 4.172979902888053483e-02 1.602291023157688676e-01 8.655101941448913039e-02 6.240084694142859767e-02 0.000000000000000000e+00 1.535161245073857032e-02 1.813933627134272242e-03 0.000000000000000000e+00 2.612385535788266586e-02 3.094219887150200313e-02 8.173130358225924597e-02 5.667514042804564812e-03 1.300633628668717845e-01 1.842331874741635206e-02 3.679781416328826039e-03 2.506782018106640253e-03 2.685259695886920307e-03 7.984504629614164531e-03 1.119467325219538206e-01
2.081683735394052048e-03 2.300660753687842550e-03 1.316151814142054177e-01 4.986250582079999882e-03 1.442388061469802862e-02 2.996408382780971300e-03 1.572537156139007519e-01 1.340812854851538985e-03 7.837256184258198019e-03 2.866745211121651815e-02 0.000000000000000000e+00 1.835835879277091312e-02 0.000000000000000000e+00 0.000000000000000000e+00 1.389577958893445653e-01 3.785006267894985843e-02 5.195367455352605662e-03 8.509574088952359802e-05 1.619632467476931140e-02 1.307539666493507660e-03 5.912135709669649741e-02 3.212787108133596109e-02 1.647123658919531428e-02 1.911106984511943274e-01 1.297149896359342802e-01
3.067846405607584787e-03 9.319085223951873928e-03 8.610073760994282552e-03 0.000000000000000000e+00 1.160331117505269682e-01 2.698842469073477190e-02 1.440769763784930380e-01 1.182240104658858343e-02 7.561107050640772896e-03 1.492892787116472386e-01 2.093165771288549304e-02 7.025955038628943321e-03 0.000000000000000000e+00 2.456597153459853800e-02 9.762660553674072650e-02 0.000000000000000000e+00 6.836098075399829610e-02 5.854489055069256494e-03 2.984679214034283851e-02 0.000000000000000000e+00 2.927593796215576319e-02 5.284721158337281691e-03 3.835537628072025786e-03 4.914066005550520033e-02 1.814823864044804169e-01
2.193188397780600419e-05 3.469322957010076165e-04 8.392200233936032705e-02 0.000000000000000000e+00 8.292129729517299513e-03 0.000000000000000000e+00 9.298000227290430242e-02 2.830643187542384448e-02 1.804099312000982669e-02 4.233033167368551591e-02 0.000000000000000000e+00 6.245985370971586514e-02 0.000000000000000000e+00 5.969941579155668004e-02 3.873863397451532409e-02 2.239157206310065512e-02 1.173455573406292779e-01 0.000000000000000000e+00 7.389573818640951530e-02 1.652537784275839861e-02 3.581878814888334733e-02 2.839101953820201071e-02 1.941958031570806542e-01 4.145312686181871695e-03 7.215217237038648590e-02
0.000000000000000000e+00 3.781633197473031373e-03 6.457888818115627150e-02 5.447344256928816561e-03 2.091667638832807319e-02 1.139505066285480817e-01 2.001840254888143100e-01 1.093492580267908972e-02 1.843147375718133182e-02 2.219143313508707520e-03 4.634043494057336725e-03 6.751544814918603032e-03 1.056987490327375295e-01 0.000000000000000000e+00 4.007288202723438553e-02 0.000000000000000000e+00 1.025097748112402396e-02 9.027310677078492426e-03 1.300323605901692048e-01 4.943338593898060317e-03 1.620005275074950721e-02 4.060745886535975513e-02 7.813105570420400547e-02 6.158991920581608631e-02 5.161568974803543153e-02
3.710453657588520804e-02 5.888882374599593329e-04 3.876797012788927438e-02 9.841312724464463743e-03 9.556238857945874299e-02 2.758928649559853202e-02 2.663921991138307743e-01 1.481144333738257934e-01 0.000000000000000000e+00 4.003675692151814625e-02 2.803271594927768916e-03 3.449539821459327721e-02 0.000000000000000000e+00 2.163247950291467565e-03 3.629541749163257142e-02 0.000000000000000000e+00 1.820456173612113385e-02 7.568353607871474396e-03 1.314839212022372028e-01 1.123089396054466164e-02 6.196857932609443724e-04 1.285674657377964408e-02 4.068429153259554149e-02 3.759643819221356043e-02 0.000000000000000000e+00
4.649570767810051741e-02 0.000000000000000000e+00 3.392234622192630972e-02 7.685194339695351068e-03 3.664987319599211091e-02 0.000000000000000000e+00 1.171234725447088121e-01 1.599707945082224636e-01 7.320117564151129574e-03 1.555207093757178805e-01 0.000000000000000000e+00 1.075869230952549924e-02 0.000000000000000000e+00 0.000000000000000000e+00 2.203579415412221937e-02 0.000000000000000000e+00 1.708834177279095201e-01 6.690990673499317039e-03 1.314911559991394086e-01 1.662441757599707193e-02 0.000000000000000000e+00 1.280081334563995012e-02 1.635630924092384628e-02 0.000000000000000000e+00 4.767019354472838005e-02
4.569000335254229037e-03 6.168974914752560403e-04 7.951109059408931201e-02 2.370897363060618310e-02 6.313790022022738348e-03 3.417303755606862243e-03 8.908961565947368100e-02 3.732395553118893206e-02 2.274891561076639382e-02 9.969798563452821061e-03 9.460492454414742847e-03 1.892318054686645268e-01 1.100814293482201087e-03 0.000000000000000000e+00 1.409109532683222310e-01 0.000000000000000000e+00 0.000000000000000000e+00 9.161718987210974718e-02 2.277042462315336576e-03 8.861799765454859285e-03 9.704815794795106781e-03 1.047968264237746257e-02 1.045198695319773524e-01 4.468021923381353122e-03 1.500981713287685704e-01
3.551769802575206053e-02 0.000000000000000000e+00 1.641934048017928277e-02 1.836043999274613887e-03 1.989403529223413361e-02 2.006632907394453186e-02 1.889234494351407501e-01 1.384024095762319967e-02 2.099934351385119441e-02 1.337787792954817645e-01 0.000000000000000000e+00 8.756240558440152311e-02 1.492144866674482116e-02 2.714100115839457168e-06 1.491418547612862744e-01 7.951383911308947117e-02 4.159514301846281049e-03 3.542093933122840237e-04 9.770047523265018574e-03 3.841213986327093790e-03 1.311238201478603493e-03 1.746853912480282123e-03 4.617073522027161266e-03 1.803443530092520286e-03 1.899788833300512236e-01
6.622520082169448818e-02 7.632212469557821642e-03 9.516085799060283734e-03 2.780042783140635604e-03 1.228623771776271717e-01 1.103123199828561158e-03 3.159187490255048469e-02 1.421667176286511569e-01 6.386689574940663519e-04 1.160289667253972812e-01 0.000000000000000000e+00 1.396768599875519157e-01 0.000000000000000000e+00 5.105688152299525358e-04 8.503330871111615397e-02 3.215305129344881493e-03 4.596021789561343524e-02 1.663536184017095146e-02 0.000000000000000000e+00 6.041897870071849704e-03 1.299497714015371112e-02 1.164368967938578942e-01 7.986085587052616994e-03 3.578763621460051558e-02 2.917561355023420150e-02
0.000000000000000000e+00 4.352414656851833624e-02 1.062818284227114579e-01 4.577137699207788762e-02 2.061611978200189599e-02 0.000000000000000000e+00 1.589156107197896642e-02 8.931929907277603997e-02 0.000000000000000000e+00 4.348389015783916262e-02 0.000000000000000000e+00 1.502388463238121981e-02 3.156193255218167192e-03 6.391915470716192336e-03 1.509849484182866353e-01 0.000000000000000000e+00 1.190516721199987721e-01 1.417920866590583785e-02 1.573552754897487600e-03 6.920724954324100273e-03 7.301698523084917958e-03 6.467990016260457458e-04 5.695819496268579585e-02 1.016934986120107132e-01 1.512294865609603023e-01
1.644812789464723465e-02 2.459040597737817760e-02 1.827631389735693418e-02 0.000000000000000000e+00 8.340498617582284800e-04 2.149110280909468859e-02 2.160956675406082994e-01 1.250765656291247946e-03 5.420570525992962629e-02 8.007634435797328365e-03 2.909944588106169803e-04 4.773060863654817777e-03 1.233828690014805302e-01 2.971947227422772758e-02 1.217122469595133816e-01 2.933628507694056517e-02 7.422552732592256619e-03 5.831946706384559531e-03 5.160138517840974839e-03 0.000000000000000000e+00 0.000000000000000000e+00 4.929632156106798259e-03 3.201424832040299095e-02 1.291892503850444462e-01 1.450375292141386219e-01
1.173063648258581143e-01 0.000000000000000000e+00 0.000000000000000000e+00 7.463111277217186409e-03 1.415246594570698513e-01 4.934266297074316188e-02 1.664662726162857154e-01 4.499159058742493479e-03 1.637788217524059620e-02 0.000000000000000000e+00 0.000000000000000000e+00 1.355120759943876513e-02 0.000000000000000000e+00 9.721649300725720977e-03 9.664562100781502740e-02 2.032104064415616359e-03 1.431615984989010725e-03 0.000000000000000000e+00 1.369202217186556714e-01 8.040125441947893609e-03 0.000000000000000000e+00 3.486701082066100826e-02 1.418562007432868921e-01 3.257277222844356251e-02 1.938135870846387221e-02
9.718063820610113590e-02 5.507425807192331893e-03 5.390416603612990798e-02 3.181842018949879690e-03 2.626605105474974847e-03 9.316940022450041770e-02 0.000000000000000000e+00 6.144995251516144168e-03 4.910258256835954571e-02 8.691251609981301418e-02 5.989719664620818135e-04 4.014287400203161299e-02 7.914106398188110181e-02 2.950319977576465924e-04 1.528009130786395220e-01 2.236111588082747084e-02 1.151224154540407135e-01 5.818162190953561977e-03 2.549722773509579057e-02 6.705272676310151947e-04 0.000000000000000000e+00 0.000000000000000000e+00 5.806582509625642270e-03 7.373418654161417382e-03 1.466415239628552358e-01
2.669929898590815004e-02 1.400006405490466718e-02 7.820570843764342028e-03 8.862299865522709624e-03 3.422000156000853856e-03 0.000000000000000000e+00 1.560084016773819471e-01 1.692768542704915502e-01 5.528645047081498856e-03 6.102460027330066511e-02 1.054091426568427555e-03 8.298705401950612348e-02 5.140509533422276539e-03 1.014489220839743903e-02 2.336934120757180877e-02 6.227226371730548021e-02 8.537350973611320662e-04 3.068308484942035633e-02 1.285116143604755033e-03 8.156659848446165886e-04 1.495933128840886556e-02 6.036587716699049443e-03 1.323248439992839171e-02 1.334856864787483111e-01 1.610374207538566027e-01
5.177399189170933756e-04 0.000000000000000000e+00 4.155146199479487629e-02 6.348747122234939255e-02 1.870493622217883900e-01 0.000000000000000000e+00 1.143894779725162375e-01 1.403875264191664640e-01 1.605183334411502613e-02 1.919951754441724667e-02 0.000000000000000000e+00 3.499135785402689158e-02 0.000000000000000000e+00 1.986130024451112155e-02 3.932692212919402380e-02 0.000000000000000000e+00 5.856743599734682421e-02 0.000000000000000000e+00 9.488514786862867201e-02 8.859485889049185242e-03 3.078158304855294763e-03 7.931902215911475207e-02 3.039120501949287446e-03 5.482140544283012340e-02 2.061625297042918650e-02
0.000000000000000000e+00 9.244267104747643307e-03 1.321119105672255434e-01 6.659446905511292106e-03 2.412196779493886931e-02 0.000000000000000000e+00 1.575867959668309504e-01 7.135135557192295863e-02 5.661696504866942786e-02 0.000000000000000000e+00 0.000000000000000000e+00 1.123009543840821842e-02 1.144478027585151686e-01 1.504155829394891383e-02 1.297346036915223433e-01 0.000000000000000000e+00 1.161391930868017029e-02 1.942741250917971382e-02 7.675684803459855397e-03 3.790250338909036034e-03 4.676328009765230720e-03 7.774118955104199202e-02 1.375062529446319237e-02 1.918822171414428027e-02 1.139895993281153375e-01
4.760115277425240425e-03 1.083821908884382429e-01 1.143486003857956679e-01 1.595920621634903253e-02 7.678778378230677326e-02 4.660856431464169281e-02 2.778065232055333331e-02 2.292427543523603214e-02 7.985983113989883475e-02 0.000000000000000000e+00 0.000000000000000000e+00 2.274872286306778291e-02 2.242577587533218370e-02 7.506951092305035565e-03 1.104758095174688259e-01 1.045779008405516193e-02 9.026806790278603040e-03 5.457213145916926800e-03 1.830455290547448877e-02 3.407262345446544403e-04 2.784133486822068602e-03 8.324770909972140087e-02 7.801949048545164800e-02 1.317930986589163633e-01 0.000000000000000000e+00
0.000000000000000000e+00 1.070247074343475858e-02 5.133021751725909583e-03 0.000000000000000000e+00 1.146556578656429508e-02 4.724570533046069942e-02 2.173181050076351817e-02 0.000000000000000000e+00 2.337223775414957669e-02 3.701342972197668724e-02 0.000000000000000000e+00 9.055004828532361993e-02 7.049669989867387437e-03 0.000000000000000000e+00 1.228592278221865737e-02 7.149732424279076504e-04 1.875549029618988617e-01 2.477018159165883873e-02 3.693852213574977394e-02 2.632042769017973668e-02 1.327683018883380472e-01 9.885983875323575004e-03 3.612918857550389412e-02 1.493968336331867597e-01 1.289708017592474665e-01
9.641766465783996320e-02 0.000000000000000000e+00 2.217271842319331124e-02 8.915517927150768893e-03 5.959011702342605077e-02 8.219598078773386607e-02 1.097841115813501939e-02 0.000000000000000000e+00 6.202791218544534413e-02 8.937791912945540485e-02 2.122622118515845452e-02 1.461509162119022098e-01 1.773237715653280496e-04 3.543363871027781047e-03 4.906753696806482115e-03 1.103911707522559375e-03 2.373871277180409495e-02 1.399838701233490634e-01 1.377379497204774539e-01 2.922528667627255494e-02 5.308862125752326433e-04 1.157386422293708687e-02 9.288647619696329544e-03 2.158989054571748556e-02 1.754616037080803520e-02
0.000000000000000000e+00 6.708947496194652468e-04 1.408057211158693645e-01 2.427321267636457086e-02 1.522416909349718836e-02 9.618882703195316686e-02 1.457003518741227521e-01 5.691879288933932718e-02 2.463777604293637680e-02 3.491178907289661099e-02 0.000000000000000000e+00 5.940013999591811297e-03 0.000000000000000000e+00 4.976171885210783083e-04 1.893219848656936197e-02 1.437744844477364253e-02 2.564384271242435218e-02 0.000000000000000000e+00 1.255607036952855471e-01 1.381987185559052991e-02 1.089732051473745744e-01 0.000000000000000000e+00 0.000000000000000000e+00 2.351267650138180385e-02 1.234108874218886043e-01
4.200674095457080336e-03 3.304027497267534620e-03 6.977125394817938753e-02 1.240355948362921873e-01 1.261984505688597095e-02 3.973977550539039422e-02 1.182072564337149911e-02 1.701312764716833570e-02 2.134896969994780347e-02 1.215018565024133107e-01 0.000000000000000000e+00 7.540934259199030820e-02 0.000000000000000000e+00 1.333741241342907731e-02 3.197138159481596048e-02 0.000000000000000000e+00 1.435752914841658123e-01 4.510553499973235167e-03 0.000000000000000000e+00 6.812583990512235043e-04 0.000000000000000000e+00 4.035679545408624863e-03 5.362247670363770244e-03 1.331530722035552117e-01 1.626079101648732206e-01
8.488827058908907097e-02 6.273571950546056285e-03 2.113169318009149727e-02 2.381650095966851219e-02 1.302775550396660098e-01 1.752095257416553392e-02 1.675604907948714528e-01 1.874050078960415311e-01 6.521933415341836168e-03 1.915435247703052915e-02 0.000000000000000000e+00 1.359068131442231486e-02 1.370597060570699589e-03 0.000000000000000000e+00 1.753099146032471162e-02 0.000000000000000000e+00 1.960118063101685612e-03 5.724785669901664986e-03 1.938229167873122341e-02 1.564394483037095246e-02 7.709129103424182741e-03 0.000000000000000000e+00 4.301415041111210369e-02 1.690958475430172081e-01 4.042713398851114498e-02
0.000000000000000000e+00 7.056970968254762909e-03 1.512402229294799137e-02 3.312718719438561762e-03 4.682078801822829595e-02 1.179015798359542150e-01 5.530312472174809396e-02 2.081767864586167235e-02 1.389541821942848719e-02 3.967725732982003983e-02 0.000000000000000000e+00 6.096659515457718975e-02 2.647199270085208792e-02 9.117352385353601901e-03 1.176947834229541689e-01 0.000000000000000000e+00 1.142123180747261352e-01 7.051241448879757776e-03 0.000000000000000000e+00 0.000000000000000000e+00 1.504471164554568516e-02 6.843598990938196298e-03 2.050752368906531495e-02 1.419923163282618417e-01 1.601880074071639348e-01
1.604848152394449789e-04 1.053064415327105846e-01 5.118976145092173080e-02 4.115509306701972680e-03 1.035186607827676963e-01 7.555128493496916786e-02 1.052154042544364843e-01 1.186946472770901949e-02 1.014735758069450905e-02 4.005712346872719598e-02 3.261612849428638210e-03 7.542804407764842033e-03 4.815366747325407031e-03 0.000000000000000000e+00 1.241937803948756081e-01 0.000000000000000000e+00 7.631531137186318980e-02 1.703620031556225475e-02 1.603504863480226597e-02 1.089234045026139103e-02 0.000000000000000000e+00 5.356405706471884659e-02 2.991143942389918806e-02 0.000000000000000000e+00 1.493005454846207669e-01
0.000000000000000000e+00 0.000000000000000000e+00 5.455042792569535226e-02 4.201624532533297131e-03 7.123187827528426434e-03 0.000000000000000000e+00 6.541533521544341812e-02 1.422135672193049032e-02 2.045625594684538986e-02 1.917130663484787473e-02 0.000000000000000000e+00 7.825252442155890276e-02 0.000000000000000000e+00 1.288101375076221647e-03 3.959174450860393490e-02 5.735590574553626510e-03 1.893159295726640767e-01 1.116858127522948468e-01 9.112244350367037712e-03 1.061761491036953067e-02 1.130046544259140882e-02 0.000000000000000000e+00 2.676078818227180939e-02 1.780518298889635365e-01 1.531478592158607710e-01
3.209640777904346990e-03 0.000000000000000000e+00 9.272336893188855289e-02 1.360092935739320164e-01 3.472096212242392621e-02 7.069847068559448680e-03 2.819011297289111470e-02 4.246964122699267014e-02 1.424413949792080296e-03 1.230918547785720268e-01 0.000000000000000000e+00 8.053892645583191068e-02 0.000000000000000000e+00 0.000000000000000000e+00 1.703856778070387754e-02 0.000000000000000000e+00 3.166708996194451953e-02 2.479694394050810033e-02 1.299348925860077386e-01 1.027760177101910699e-02 0.000000000000000000e+00 0.000000000000000000e+00 6.516527429255328241e-02 2.227931713204673800e-02 1.493922506764285840e-01
2.095145604065249550e-02 9.908201501863255975e-03 6.392442174463079316e-03 1.566558740295648580e-02 9.391115429962583125e-03 6.883581961771189327e-03 2.169623157131462254e-01 3.620783267774888015e-02 2.895647649145305976e-03 9.345885150472327263e-03 6.436015294137826083e-04 3.758846122226820827e-03 0.000000000000000000e+00 2.065478802058428286e-03 9.613831083904481045e-02 0.000000000000000000e+00 7.230337658891479446e-02 5.003747613534584478e-03 2.033327550329302666e-02 6.682027370242056737e-03 5.178646057504671107e-02 8.901384329512161686e-02 6.952648273916394849e-04 1.485343018924704939e-01 1.684373993390594348e-01
0.000000000000000000e+00 4.405626602166952746e-03 1.082015358261885635e-01 7.587862274816619887e-03 4.182259409606128159e-02 8.517704085624067112e-02 1.630548367072173488e-01 6.871450799672543762e-03 3.126228394472894273e-02 1.448492268508757286e-01 0.000000000000000000e+00 5.967063002485398227e-02 0.000000000000000000e+00 0.000000000000000000e+00 9.840457798319978203e-03 0.000000000000000000e+00 3.243415409610400646e-03 1.236467625281017710e-02 1.172040595832892634e-01 3.593932289421096493e-02 0.000000000000000000e+00 8.057865392286560347e-02 5.359679193709661338e-02 1.418198222847831015e-02 2.014755199049604595e-02
7.747117990065542636e-02 1.427826183465193480e-02 5.174535979759017044e-03 2.202916647868600423e-03 1.054387889039304915e-01 0.000000000000000000e+00 4.664215388562675813e-02 9.339078038995506093e-02 2.491516427500150774e-02 4.273720036484977315e-03 0.000000000000000000e+00 3.089610790156516532e-02 9.959748565744943119e-03 1.345856534984829489e-02 2.355599465735202513e-01 0.000000000000000000e+00 8.964244382674834213e-03 1.098754252633822072e-02 6.868334342938839897e-03 6.471660146579294448e-03 2.381984095275036743e-03 5.026391314684181119e-04 1.433985026264679996e-01 1.229709185698910426e-02 1.444661306466558104e-01
1.790405899864673522e-02 0.000000000000000000e+00 4.043934347856686928e-02 0.000000000000000000e+00 1.710255676847924622e-01 4.285482311659893212e-02 1.907342848159521154e-02 1.020770254229984852e-01 0.000000000000000000e+00 5.381328933698482919e-02 6.907942624724382717e-03 1.790705637874952516e-01 2.164272018797062241e-02 2.406130378257587826e-02 1.429861386328911965e-01 0.000000000000000000e+00 0.000000000000000000e+00 1.326176473745221268e-02 1.455768244618237854e-03 1.186347952782316750e-01 6.362591762359319676e-03 3.867907768296781085e-03 2.075613714320250977e-02 0.000000000000000000e+00 1.380482952999836574e-02
0.000000000000000000e+00 2.045449082280368508e-02 4.980126363159743941e-02 1.100731700648762967e-01 1.486181993373283106e-01 2.365548017270276832e-02 9.739680782537524228e-02 7.262113368431158573e-03 0.000000000000000000e+00 1.191681968142747627e-01 0.000000000000000000e+00 9.048282881731810334e-02 0.000000000000000000e+00 0.000000000000000000e+00 2.134490824819962676e-02 4.099398037788444006e-03 9.652675213370948831e-03 1.409900118546312912e-02 1.462909579209836219e-01 3.872405867415836846e-03 0.000000000000000000e+00 1.588245641698273619e-02 9.466355210713806034e-02 1.962771796305841018e-02 3.554376184891407889e-03
0.000000000000000000e+00 0.000000000000000000e+00 1.318083961551841030e-03 4.438141207669686616e-03 1.045090154863038967e-02 0.000000000000000000e+00 8.563074642418591620e-02 1.666114490900255929e-01 2.403706463216855743e-02 7.620104287164189416e-02 1.561684719771191032e-03 1.441721953831763825e-01 2.829749715047662553e-02 6.721258918014505479e-02 9.993265841641739422e-02 0.000000000000000000e+00 0.000000000000000000e+00 2.308924323759721856e-02 5.689198794099347561e-02 2.179257491442452253e-03 1.621828527213763430e-02 0.000000000000000000e+00 5.400163951411963460e-03 3.591130054898806351e-02 1.504457069715686435e-01
0.000000000000000000e+00 7.457688033095563607e-02 1.267938166394462496e-01 3.161904889334227198e-02 1.117552101586300889e-01 1.208922788320368480e-03 9.850591645491432735e-02 0.000000000000000000e+00 1.731991140723293261e-03 1.044088561863786187e-02 1.373973076932200575e-02 1.315684015737765000e-01 1.764907347961049144e-02 2.702476339388201667e-03 1.266949168697494577e-01 2.649861061267877915e-04 8.154191051837721485e-03 0.000000000000000000e+00 1.381178580394953059e-01 6.290537821845649386e-03 1.213240869196579100e-02 4.503796190877751120e-03 3.879196377707296028e-02 2.397304945456990924e-02 1.878393780939146759e-02
2.522607653280476217e-03 2.353812313130720923e-02 8.204935205373925511e-02 3.387461620437546206e-04 1.475215811478733548e-02 1.483277085499283207e-02 5.098533279713428346e-02 1.314548508118867087e-01 5.004589719180413399e-02 1.118929285912143440e-01 0.000000000000000000e+00 4.547161157920419881e-03 4.097150641963922917e-03 2.363282804341599371e-03 1.695153874993833229e-02 0.000000000000000000e+00 1.491942177311512963e-01 0.000000000000000000e+00 1.697789980541387217e-02 6.665607746691997338e-04 0.000000000000000000e+00 2.356557916301205841e-02 6.553004922519764519e-02 1.591912957665433670e-01 7.450249681765795662e-02
3.365494615914947966e-04 9.020059662018662522e-03 9.786840490874706977e-03 1.131400413744987517e-02 1.039072624552222351e-02 9.452027431931331412e-04 1.883012754934477728e-01 7.671227897564950396e-03 1.195466651334044922e-03 1.150354702227096484e-03 0.000000000000000000e+00 7.923936083396551644e-02 1.510096983890998022e-02 3.072318521730038610e-03 5.181080657403430711e-02 0.000000000000000000e+00 8.401940736310122004e-02 4.275964826500384952e-02 1.194890672812683012e-02 4.536701196032956983e-03 3.529991508937064919e-03 9.895345618252209680e-03 1.468687507591740771e-01 1.406582718569126533e-01 1.664478134505953388e-01
2.747684520274972994e-02 0.000000000000000000e+00 1.016643478811091704e-02 7.194733328003979043e-03 8.569692051622851414e-02 4.743783060317540573e-02 2.640332513635543776e-01 3.528675297873466732e-02 2.367803474802038927e-02 2.690544370604405072e-02 0.000000000000000000e+00 9.079412623109347352e-03 1.036867847963407648e-02 1.493278729979125551e-02 6.761358391985354543e-02 1.356925381022982234e-02 1.417167046645954193e-02 0.000000000000000000e+00 1.378682831648574414e-01 2.228509730078921842e-03 0.000000000000000000e+00 0.000000000000000000e+00 1.599126480642267534e-01 4.259620944900313795e-03 3.811930426223692631e-02
6.007530285896003214e-02 2.058889822740996023e-02 1.500737776143608185e-03 0.000000000000000000e+00 5.200514949250850671e-02 8.567983035450853560e-03 1.306806430756635162e-01 1.320594612109761701e-01 1.150451233565445847e-01 1.864166924310739146e-02 0.000000000000000000e+00 3.374472672985371485e-02 0.000000000000000000e+00 8.171252348345609678e-03 9.072717787754566721e-02 3.623627463317049039e-04 8.867932001116259066e-02 2.190605262984531357e-02 1.451146830628876339e-01 2.759462763207680414e-02 9.200333100041969058e-04 1.694132340540045398e-02 4.735031574025639744e-04 7.289594575479689878e-03 1.891037423689939309e-02
2.421125829210574870e-02 9.980969940438297328e-02 1.653914074573860707e-02 0.000000000000000000e+00 2.123634747165678571e-01 0.000000000000000000e+00 4.128360073521852858e-02 1.999705586995295659e-02 1.066680459380472609e-02 6.252642102881900144e-02 0.000000000000000000e+00 0.000000000000000000e+00 4.945199175758156068e-02 3.105705610442779929e-03 1.361345591216312212e-01 5.960043736107975554e-02 4.447898460188091235e-02 0.000000000000000000e+00 1.494043865352678857e-01 3.216876259206324917e-02 5.925846818723024510e-03 1.071557732080426987e-03 1.524431427104298853e-02 7.364609441782460700e-03 8.651388769833436021e-03
