0.000000000000000000e+00 1.031608440191325859e-01 1.826213272493701573e-03 3.363266455972267754e-02 1.068545544766810913e-02 1.148663399944345881e-01 1.925164833502299513e-02 2.490459528708659220e-02 5.684496018842681575e-02 0.000000000000000000e+00 0.000000000000000000e+00 3.790557937016404699e-02 3.182751096235977156e-02 0.000000000000000000e+00 2.654861551270674969e-02 0.000000000000000000e+00 3.795092513474274815e-02 1.118725520048211852e-01 1.578308228771286292e-01 2.308912730340887676e-01
1.339905709213947554e-02 1.272125034230239260e-01 1.518269175323505235e-02 2.844257895640517342e-01 2.396534702884438664e-02 2.197221801361508298e-02 0.000000000000000000e+00 4.923928787295987243e-03 2.047083800480472161e-03 0.000000000000000000e+00 0.000000000000000000e+00 4.937624576312812409e-03 0.000000000000000000e+00 1.556233799070667889e-01 5.245989994372426274e-02 2.931193006724690589e-02 6.699904014780919126e-02 5.313618256067052098e-03 1.446784889607583870e-02 1.777580387430111319e-01
1.743551495718827574e-02 1.435743250447877872e-01 4.976125671768963366e-02 7.554522422442998264e-02 1.934161096851881242e-02 1.230097580549956854e-01 1.381494981234409614e-01 0.000000000000000000e+00 5.199907784389903864e-03 0.000000000000000000e+00 4.719459941372414549e-03 1.138031536683923976e-02 1.530180857852510012e-01 3.910019741557890088e-02 3.840220865285063484e-02 0.000000000000000000e+00 2.355853066271766053e-03 8.644575156263780823e-04 1.125019200963816267e-02 1.668921343711307348e-01
0.000000000000000000e+00 7.188709848375299249e-02 6.171816988390703591e-03 2.386384233640403141e-01 1.070953497190257064e-01 3.703042971592580834e-02 1.339183004795729652e-02 4.168015961792315843e-02 1.188599430417430491e-01 2.191775727858466993e-04 1.101679226064238883e-02 8.237263624531447267e-03 1.158530623657568100e-02 1.092064424292219227e-01 0.000000000000000000e+00 3.895959993999743853e-02 0.000000000000000000e+00 0.000000000000000000e+00 1.133053134848464316e-01 7.271505347263987340e-02
0.000000000000000000e+00 8.623960741873009164e-04 0.000000000000000000e+00 7.078064237432402095e-03 7.292182045014246328e-02 4.674342131948941437e-02 0.000000000000000000e+00 1.126045287852639604e-01 7.630018279466299624e-02 0.000000000000000000e+00 0.000000000000000000e+00 3.454301892586542772e-02 3.836663391622700120e-02 1.304112839435509763e-01 2.974875725319437933e-02 1.016000003121630413e-01 0.000000000000000000e+00 2.737488300229732469e-02 1.646371694309787248e-01 1.568078395545446369e-01
0.000000000000000000e+00 3.478395357412989580e-02 0.000000000000000000e+00 2.433261589674535486e-01 2.628591189039159934e-02 1.334349525117110163e-02 1.486041516625089161e-02 2.032637595751603330e-03 1.623035952198224607e-01 9.628031054167437985e-02 4.542066468667487616e-03 1.839865924922396145e-01 0.000000000000000000e+00 6.287760743129580665e-02 0.000000000000000000e+00 1.223754621186253499e-01 0.000000000000000000e+00 1.858673040442009733e-02 1.441506287810624676e-02 0.000000000000000000e+00
7.814473772540125873e-02 1.308180142916430012e-02 0.000000000000000000e+00 2.490025585427918520e-02 7.675615365709964610e-02 1.395538498488055612e-01 0.000000000000000000e+00 1.979211656784996692e-02 1.910993872483452566e-02 0.000000000000000000e+00 8.905514309952379526e-03 1.611179018795219076e-01 1.823084574733778995e-01 4.890052419976401166e-02 8.519333989149313266e-03 3.994941550824559692e-03 1.149827097134691195e-01 2.011536935670580478e-02 8.441769303936388219e-03 7.137462441586406303e-02
1.783603814613328540e-03 1.237523577056531682e-01 1.604421972628116214e-02 1.246805334660973236e-01 1.303357872155716801e-01 3.877253330475093768e-02 1.076439347823762195e-02 8.068178550412065386e-03 0.000000000000000000e+00 0.000000000000000000e+00 0.000000000000000000e+00 9.164312039270450239e-02 1.388990982706068793e-02 3.452845813690665067e-02 7.680141763570974556e-02 1.328562154794910022e-02 1.206020643855697100e-01 2.925655709306560284e-02 9.044273254079657209e-02 7.534851117862009784e-02
0.000000000000000000e+00 4.891883712716025429e-02 3.194899096720220117e-03 1.408540139588269069e-01 1.592168132107054657e-01 1.321021264255294869e-01 5.292602534082230248e-02 0.000000000000000000e+00 1.185989784873392461e-01 1.084540191867760933e-01 0.000000000000000000e+00 0.000000000000000000e+00 0.000000000000000000e+00 0.000000000000000000e+00 1.693094256520537647e-02 7.133190630102614893e-02 1.058078562946909162e-01 0.000000000000000000e+00 0.000000000000000000e+00 4.166358200519773569e-02
2.688276803165631432e-02 1.259386454544814127e-01 1.153925497041998448e-02 3.273526986959729435e-02 1.522441449333860608e-01 8.074461339693625450e-02 1.710632828133638594e-01 1.598294432244935434e-02 0.000000000000000000e+00 0.000000000000000000e+00 1.478587375369048735e-03 5.352002706123735326e-02 2.762421164272141176e-03 1.488120083899566737e-01 9.769761937079193825e-02 3.768893159651905134e-02 0.000000000000000000e+00 0.000000000000000000e+00 0.000000000000000000e+00 4.090948124956324261e-02
0.000000000000000000e+00 7.501226641727416766e-02 8.186898143584957254e-04 0.000000000000000000e+00 1.242823339752510137e-01 7.068103523612233319e-02 5.742167361386286972e-02 0.000000000000000000e+00 7.971040002185189599e-02 1.005372318261837683e-04 0.000000000000000000e+00 6.589054373843680756e-02 4.464524872836924535e-02 8.814636513829101488e-03 2.767635617144336910e-02 0.000000000000000000e+00 1.437892627430658286e-02 1.076401140675398715e-01 1.778437014424749107e-01 1.450835367530532438e-01
2.664521886301884565e-02 1.772690129271492325e-04 0.000000000000000000e+00 0.000000000000000000e+00 1.327008013111957707e-01 9.552115148582743243e-02 1.019005622762582247e-01 1.055588073422003698e-01 3.968130053748761960e-02 7.315864025564889012e-04 4.393338674295688834e-03 1.102335532000948137e-01 0.000000000000000000e+00 0.000000000000000000e+00 2.867871496717647878e-02 4.435866537181518132e-03 6.502964673181770017e-02 1.204048638543783051e-01 5.626210246726632419e-02 1.076452163363173370e-01
1.239462114594765477e-02 5.255458373714467536e-03 0.000000000000000000e+00 1.552721752637854502e-01 1.001343024498621836e-01 8.311320277512158905e-02 0.000000000000000000e+00 3.992279696783193610e-02 2.153490636811309644e-01 0.000000000000000000e+00 0.000000000000000000e+00 2.616734878569729195e-02 2.402687561120977512e-03 3.400562399509693412e-02 1.594430366804187316e-01 0.000000000000000000e+00 1.190560700956941158e-02 1.180583722850496592e-01 2.294012464053706013e-02 1.363557838511563793e-02
1.416154712570364682e-01 5.984642494033205057e-02 1.390553444779891188e-03 1.292884361332270471e-01 3.407997270427853831e-02 1.572484052758791051e-01 2.854444741907781816e-02 2.922137018295880434e-02 7.553271999394665925e-02 0.000000000000000000e+00 2.930108117510447571e-02 1.955262664824971852e-01 6.225763061966342257e-03 0.000000000000000000e+00 0.000000000000000000e+00 1.566680192744273822e-02 0.000000000000000000e+00 8.955388759430657486e-02 6.958398407166400609e-03 0.000000000000000000e+00
1.061746003333402695e-02 2.521815994035045763e-02 2.310397989469644212e-02 1.275568215581387999e-01 3.297383736676253591e-02 2.173180615260178472e-02 0.000000000000000000e+00 2.116689789008934300e-02 1.213193864572358061e-01 3.079297910974737856e-03 7.597129712863236531e-03 0.000000000000000000e+00 1.645894831964150873e-02 2.297783738580554680e-01 1.320525404229809519e-01 1.453462101331540581e-03 1.749174304216627408e-03 4.911196428173628982e-03 5.599651269001140047e-02 1.632350149585416743e-01
1.204338003057634811e-02 3.814647575200999247e-03 0.000000000000000000e+00 3.045825869705736516e-02 2.265553468596241959e-01 1.370339674037722999e-01 4.532427527935736777e-02 2.920391871590179503e-02 0.000000000000000000e+00 1.038354430008328220e-03 0.000000000000000000e+00 6.309576438777277085e-02 0.000000000000000000e+00 8.465460739141922319e-03 7.511670548780561597e-04 0.000000000000000000e+00 1.374961674721746248e-02 3.432309708614404015e-02 2.197776799633735789e-01 1.743650650299735649e-01
9.730929898103560238e-02 6.260317808812346577e-03 1.748827287183324711e-02 0.000000000000000000e+00 1.907483749880453938e-01 1.561708726642830614e-01 3.478394115262560538e-02 1.554199537965925970e-01 0.000000000000000000e+00 0.000000000000000000e+00 4.327298974671435830e-03 8.149769897340114477e-02 1.148071424279533889e-02 0.000000000000000000e+00 9.186784470370031042e-03 0.000000000000000000e+00 7.818656933645909066e-03 4.700842063571838980e-02 5.027101839688535162e-02 1.302283751092845610e-01
1.102540462614959088e-03 1.517636386679311333e-01 5.837030674247649896e-03 1.562237592813728315e-01 4.284222600569126405e-03 7.495101456299293162e-03 1.250902556895556496e-02 3.128372649397038324e-02 5.720244097639666514e-02 0.000000000000000000e+00 0.000000000000000000e+00 9.061647370907266463e-02 1.676338036396613287e-02 0.000000000000000000e+00 2.612030826742212444e-02 0.000000000000000000e+00 4.414724186137683470e-02 4.140103273973205766e-02 1.561950985025915561e-01 1.970549783734810156e-01
5.919399317724297060e-03 1.489599346615097797e-01 0.000000000000000000e+00 1.914270633617527195e-01 5.496033399440198447e-02 0.000000000000000000e+00 2.763228150809283329e-02 1.151983815957051361e-03 0.000000000000000000e+00 0.000000000000000000e+00 0.000000000000000000e+00 8.191762670807418989e-02 1.506312531006927802e-01 1.027837414648154479e-01 1.658648070314411582e-01 2.766284254029369519e-02 0.000000000000000000e+00 0.000000000000000000e+00 5.781298138095511407e-04 4.051060268143444332e-02
1.207200862680016598e-02 3.303707765326365994e-03 2.138773128861739745e-02 0.000000000000000000e+00 2.305856157068818524e-01 2.679705897514814694e-01 2.220170850381205166e-02 1.083102212544592539e-02 2.921746452433390817e-02 0.000000000000000000e+00 0.000000000000000000e+00 1.193408618431878593e-02 3.783511345554600031e-02 1.081572696576205833e-02 5.855385936794591829e-03 4.926030077187035922e-03 4.486513317182977412e-02 0.000000000000000000e+00 1.547293330366645847e-01 1.314693428791981200e-01
5.104475022164966375e-02 1.392738560480407672e-01 0.000000000000000000e+00 1.776890707729269700e-02 1.152016667366793229e-02 5.912018637737387859e-03 2.333683810603196310e-02 1.487324710132109651e-01 1.541419382291420448e-01 9.792842239698562601e-03 2.092559763826777608e-02 1.124120598447279906e-01 2.981439282661382459e-02 5.585408860669419107e-02 1.885847826105824937e-02 0.000000000000000000e+00 4.137477630387345617e-02 0.000000000000000000e+00 1.082721509897688339e-03 1.581540967623948912e-01
9.823109202827241121e-03 1.117076331108288884e-01 2.044783672087480478e-02 6.984596774178278289e-02 2.436312044012422032e-02 1.271662365059772204e-01 6.846761718370220073e-02 1.132548209632717739e-01 7.113895697493895220e-02 0.000000000000000000e+00 1.404393089032888141e-02 3.466394862650127445e-02 1.147947719035172232e-02 3.035772647923935461e-02 1.247136733836820000e-01 1.223390054527775418e-02 2.798586964514836965e-03 1.206995447426375406e-02 8.775714736886779457e-03 1.326477878646255548e-01
7.783444028838803347e-03 8.384429407756170682e-02 0.000000000000000000e+00 1.690425555992300724e-02 1.610970919177279193e-01 4.210871970719449325e-02 1.011542009072762156e-02 0.000000000000000000e+00 1.956675113756595544e-02 0.000000000000000000e+00 0.000000000000000000e+00 5.556258313753208861e-02 6.099262881212293846e-02 7.131868052631860910e-02 0.000000000000000000e+00 2.067631237946741807e-02 7.417366027053614230e-04 5.990492822575940041e-02 2.929639009733748800e-01 9.641925282317977131e-02
4.617388148582147502e-03 1.166040181659994679e-01 0.000000000000000000e+00 3.425086414090340939e-03 4.916258956826885518e-02 1.366791049124086166e-01 7.628362555492042285e-02 1.621752458282613857e-02 9.207789057511338304e-02 1.186536700869940744e-02 0.000000000000000000e+00 6.348349342528104844e-02 3.102242079411035580e-02 2.178995871444506377e-02 0.000000000000000000e+00 1.108128536704904854e-01 3.545408338372920288e-03 9.456449569868774496e-02 1.373595379378654557e-01 3.048923648983815210e-02
9.657094294545610913e-02 9.120310758436150911e-02 3.831248847979995022e-04 5.313581187837622399e-02 4.302831290045830426e-02 0.000000000000000000e+00 8.426527113614681874e-02 7.567146475636138403e-02 2.623028009270494953e-02 0.000000000000000000e+00 8.408935598356261434e-03 2.425947131022839973e-02 1.197810355834514895e-01 2.605784124463185469e-02 4.001852873567306873e-02 0.000000000000000000e+00 5.318033137699800135e-03 1.184131822816725799e-01 2.612701100710222366e-02 1.611276449225210738e-01
0.000000000000000000e+00 1.003837543135524535e-01 0.000000000000000000e+00 2.465567662242425240e-02 4.116511084474653442e-02 1.250650016170276047e-01 1.183518501681665031e-02 0.000000000000000000e+00 1.515543729576233900e-01 0.000000000000000000e+00 3.324416564597899165e-02 1.494893191541164616e-03 1.480268522148788235e-01 1.621607271195162417e-02 1.207200472027764385e-02 3.538627589654784120e-03 1.306799039625159420e-01 1.147076061635722262e-03 1.653260770551613079e-01 3.359522547421300853e-02
2.967415761792713616e-02 2.101474555249272999e-02 0.000000000000000000e+00 1.588174715092721401e-01 1.416995598464774742e-01 6.983027429784537110e-02 0.000000000000000000e+00 1.341508459116841356e-01 1.073260909933241442e-01 0.000000000000000000e+00 4.634882548142986620e-03 2.055038328519356167e-02 7.349555254794687409e-02 2.002470304269643453e-03 8.399300526889746932e-02 0.000000000000000000e+00 1.690207959873513480e-02 1.008328209863351282e-01 3.507565973145606447e-02 0.000000000000000000e+00
4.740856490911092569e-02 4.056578024374417335e-02 6.370433763065230792e-03 4.618477092234198750e-02 1.412604933793395467e-01 2.408770033575308167e-02 0.000000000000000000e+00 9.554850860519072814e-03 0.000000000000000000e+00 0.000000000000000000e+00 0.000000000000000000e+00 1.367754566704843522e-01 2.935516512487474519e-06 1.187282064869195769e-01 5.282690516928382519e-03 3.131972475277435691e-02 1.990588653445960615e-02 0.000000000000000000e+00 2.064361364191196202e-01 1.661163686889274849e-01
2.157716047904670309e-02 1.246059207069700192e-01 0.000000000000000000e+00 8.632149234942742763e-03 8.232220972304740703e-02 3.201821215024013012e-02 9.704186423943887696e-02 2.999363202908860576e-02 1.379331865136963486e-01 1.927976847311775946e-02 0.000000000000000000e+00 1.168105370276466826e-01 9.065151076154494628e-03 1.124093749034518752e-02 2.140500146780227250e-02 3.065424389526862341e-03 0.000000000000000000e+00 2.358747523979312991e-02 9.712422157615870077e-02 1.642971481829842706e-01
1.210752852427287793e-02 1.137287965577650495e-01 6.924271123880285442e-03 6.171430083688786428e-02 1.410732331539070183e-01 1.816930299146819403e-02 7.615381061277583241e-02 0.000000000000000000e+00 7.413556259265631498e-02 2.736578807988426093e-03 1.551768928687337346e-02 1.147409885142687408e-01 3.632593009051097478e-04 4.775117436078072514e-02 1.432193176577315208e-01 2.148315193804299639e-02 8.498673446337663695e-02 2.794932766874300839e-02 1.085958165708207981e-02 2.638538995059411252e-02
0.000000000000000000e+00 1.080694975640018596e-01 1.028759577849622285e-03 1.400274883817828331e-01 1.176112750269913410e-01 7.448675459687398304e-02 2.800072075041132660e-02 1.354934713918967866e-02 3.806380157031668404e-02 0.000000000000000000e+00 4.091682533711283633e-03 4.243570998127583344e-02 1.192664567814178886e-02 1.443281796680146445e-01 7.397008127363682850e-02 1.025500239713918356e-02 0.000000000000000000e+00 1.271187858988649493e-02 0.000000000000000000e+00 1.794431752707766059e-01
0.000000000000000000e+00 1.267477967986410381e-01 2.776273364116513091e-03 2.028925333229797054e-02 0.000000000000000000e+00 2.325517386579704637e-01 0.000000000000000000e+00 4.793563485270846414e-02 1.289706508215942293e-01 0.000000000000000000e+00 0.000000000000000000e+00 6.606366272361052783e-02 6.915871294658414506e-03 0.000000000000000000e+00 2.859104288929742096e-02 0.000000000000000000e+00 2.699944810219200367e-02 3.933831141007237964e-02 1.472733982347624870e-01 1.255469175180780328e-01
0.000000000000000000e+00 1.372057488167467143e-01 0.000000000000000000e+00 3.491614954008943200e-02 3.136114171417808683e-02 1.990217116804510467e-01 4.368792085487168374e-03 4.925480819602196317e-03 1.033540059704792652e-01 0.000000000000000000e+00 4.399053409436852469e-03 8.135848181404269075e-02 1.131904418679786084e-01 0.000000000000000000e+00 1.214341606407842548e-02 0.000000000000000000e+00 4.388836075603777705e-03 1.490593076264169238e-02 9.397454008818710569e-02 1.604862692909969357e-01
1.975764884530818461e-03 1.211657759614112040e-01 1.763270375030510234e-02 5.594012041038588963e-03 6.573520649330485965e-02 1.511166063254783254e-01 6.461362471051829148e-02 1.726430378882646277e-01 1.386388663500872365e-01 0.000000000000000000e+00 0.000000000000000000e+00 3.566088580341467140e-02 9.890570685698960723e-03 3.441027716607775004e-03 4.319206821189351675e-03 3.647226374809026117e-02 4.448220068392604032e-02 5.924977496169617913e-02 5.636511258504858096e-02 1.100335858938909783e-02
0.000000000000000000e+00 5.085619442236911925e-02 0.000000000000000000e+00 9.950931709398118039e-03 1.786491461010302484e-01 1.342870204092230790e-01 9.633216977862767150e-02 4.622872440343382683e-02 4.246229609350107154e-02 1.815724039578527527e-04 0.000000000000000000e+00 3.692729360558632407e-02 1.951035554217601248e-02 1.798741166863995766e-02 1.152912794190772902e-02 0.000000000000000000e+00 4.093294796566127047e-02 1.517140926085252806e-01 1.445942799233742859e-01 1.785643542258818356e-02
