3.120093691243503234e-02 1.356926866462126735e-01 0.000000000000000000e+00 0.000000000000000000e+00 0.000000000000000000e+00 4.060079405697345628e-02 0.000000000000000000e+00 0.000000000000000000e+00 1.623938359089855885e-02 0.000000000000000000e+00 2.021366957264184722e-03 3.156944669598804598e-01 0.000000000000000000e+00 0.000000000000000000e+00 5.396362736430904833e-02 5.587600337303978010e-03 1.336200277546102932e-01 1.945635656095624777e-01 1.266963932142368097e-02 5.814590448912593246e-02
2.321888182218912189e-01 0.000000000000000000e+00 7.072446381699509788e-02 1.623334351631943173e-01 0.000000000000000000e+00 2.031408040377062282e-02 0.000000000000000000e+00 1.118975190440234108e-01 0.000000000000000000e+00 0.000000000000000000e+00 7.742900068105254552e-02 1.865279794111915912e-01 0.000000000000000000e+00 3.793055363638217492e-02 1.614358522239550675e-02 0.000000000000000000e+00 0.000000000000000000e+00 5.194034769847405593e-03 7.622356308614018638e-02 3.092966543116014346e-03
1.473331438466598045e-02 7.260537856143427921e-03 5.417156480890698150e-02 3.805559890823660696e-02 1.432791143256975652e-02 0.000000000000000000e+00 3.008249998616294163e-02 5.047926911890468493e-02 5.599278454353165402e-03 0.000000000000000000e+00 0.000000000000000000e+00 0.000000000000000000e+00 0.000000000000000000e+00 1.050315010924757486e-01 1.889301248587862275e-02 4.731101744944445076e-02 0.000000000000000000e+00 2.805683986002331931e-01 1.871181133715840161e-01 1.463679820504403262e-01
1.633844744884544176e-01 1.672562786435917437e-01 1.662408714133276066e-01 0.000000000000000000e+00 0.000000000000000000e+00 0.000000000000000000e+00 0.000000000000000000e+00 4.011737182782510597e-02 0.000000000000000000e+00 0.000000000000000000e+00 0.000000000000000000e+00 9.921038085927899597e-02 3.501254064184575882e-02 0.000000000000000000e+00 0.000000000000000000e+00 0.000000000000000000e+00 9.475599024220346389e-02 5.226045578048691721e-03 2.115691757451294841e-01 1.722687056029477068e-02
0.000000000000000000e+00 6.989550590154817999e-02 0.000000000000000000e+00 1.559740958261936483e-01 1.699060418758052970e-01 1.209576675536970514e-01 0.000000000000000000e+00 2.765424052437989114e-03 0.000000000000000000e+00 0.000000000000000000e+00 0.000000000000000000e+00 2.079091388182056355e-01 0.000000000000000000e+00 1.316926064220327042e-01 7.314217574173711989e-02 0.000000000000000000e+00 4.824107679386614028e-02 0.000000000000000000e+00 1.951626701447634407e-02 0.000000000000000000e+00
1.428170599421971394e-02 1.331304075828607936e-01 1.402706735427264872e-01 1.694570600053600107e-01 2.194341564519420792e-02 8.240377084148095554e-02 0.000000000000000000e+00 1.321401338879606424e-01 5.962308964145592721e-03 0.000000000000000000e+00 0.000000000000000000e+00 1.823500439173686427e-01 0.000000000000000000e+00 0.000000000000000000e+00 0.000000000000000000e+00 0.000000000000000000e+00 0.000000000000000000e+00 2.937258360629358550e-02 7.419308203817392977e-02 1.449481397421550737e-02
0.000000000000000000e+00 1.197530831540935675e-01 0.000000000000000000e+00 1.029863197488114918e-01 1.069474931835494719e-01 1.583349831718159906e-01 0.000000000000000000e+00 1.443753787859504700e-01 0.000000000000000000e+00 9.259078780339623227e-03 2.636878922276305725e-03 1.833856656122519746e-01 8.505675739614805553e-02 4.281041788502090717e-02 0.000000000000000000e+00 0.000000000000000000e+00 0.000000000000000000e+00 1.669691461383726594e-02 0.000000000000000000e+00 2.775702874590467786e-02
9.171953300230769116e-03 0.000000000000000000e+00 0.000000000000000000e+00 4.103311134697647938e-02 1.126859400865419802e-01 6.218874153966509784e-03 0.000000000000000000e+00 1.015681374002257026e-01 0.000000000000000000e+00 0.000000000000000000e+00 0.000000000000000000e+00 8.243357291182117075e-02 6.828318020011622802e-02 1.572535908359795342e-01 1.242337298733320744e-01 0.000000000000000000e+00 2.566436223098512992e-02 5.419421498560638567e-02 9.187658621165920025e-02 1.253827464625588139e-01
0.000000000000000000e+00 1.443298252435130102e-01 2.382691113253943560e-01 2.061438578318749437e-01 0.000000000000000000e+00 9.006532679423535914e-02 0.000000000000000000e+00 1.402953091575544764e-01 2.652463909992038710e-02 0.000000000000000000e+00 0.000000000000000000e+00 6.766083181789633687e-03 4.427971660228031264e-02 0.000000000000000000e+00 0.000000000000000000e+00 0.000000000000000000e+00 7.726333840297569533e-02 2.606279236046174855e-02 0.000000000000000000e+00 0.000000000000000000e+00
1.000960541597371856e-01 1.093637734790546823e-01 3.241983135745428284e-03 0.000000000000000000e+00 1.422288640992897812e-01 6.567124712760125105e-02 0.000000000000000000e+00 0.000000000000000000e+00 0.000000000000000000e+00 7.493863334829284351e-02 3.305026968443574437e-02 1.711746968774916777e-01 0.000000000000000000e+00 0.000000000000000000e+00 0.000000000000000000e+00 1.019508252012312072e-01 0.000000000000000000e+00 0.000000000000000000e+00 0.000000000000000000e+00 1.982836528871202153e-01
0.000000000000000000e+00 1.441104614854193597e-02 0.000000000000000000e+00 1.405593186510430415e-01 2.150358299844438298e-02 1.189951418390380045e-01 5.971673533078648843e-02 4.007143087131775222e-03 0.000000000000000000e+00 0.000000000000000000e+00 1.511179700330031461e-01 1.739743007475498260e-01 0.000000000000000000e+00 6.277536533200464564e-02 7.672856002681997800e-02 0.000000000000000000e+00 0.000000000000000000e+00 1.314973924232456515e-01 4.471344338239099936e-02 0.000000000000000000e+00
7.395491564454922603e-03 0.000000000000000000e+00 0.000000000000000000e+00 9.983832693436824057e-02 5.636938022715798358e-02 7.675632414660285563e-02 0.000000000000000000e+00 2.470364423406742546e-02 0.000000000000000000e+00 0.000000000000000000e+00 0.000000000000000000e+00 3.235589884964760188e-01 0.000000000000000000e+00 1.465306523524434728e-03 3.528079987103089482e-02 2.344463050282325975e-02 0.000000000000000000e+00 2.047647232285423058e-01 2.555481325710758436e-02 1.208675710138440718e-01
2.623030456728842399e-02 0.000000000000000000e+00 0.000000000000000000e+00 1.687006229174059235e-01 0.000000000000000000e+00 1.817311129866459596e-01 0.000000000000000000e+00 0.000000000000000000e+00 8.462604290248466887e-02 9.449436208473546012e-03 1.361204681844952746e-01 1.975095107056171750e-01 0.000000000000000000e+00 3.019223911199372945e-02 3.800773025412008347e-03 0.000000000000000000e+00 3.278327508078437286e-02 0.000000000000000000e+00 1.288562143093989198e-01 0.000000000000000000e+00
0.000000000000000000e+00 1.599856185178658297e-01 0.000000000000000000e+00 1.866064465094547931e-01 1.355799665003048875e-02 1.745747420215971318e-02 3.206155467214778093e-02 1.194096941061761480e-01 5.212171093171327763e-02 0.000000000000000000e+00 0.000000000000000000e+00 2.079740199154510860e-01 0.000000000000000000e+00 0.000000000000000000e+00 1.869647484809593418e-01 1.774213138990328800e-02 0.000000000000000000e+00 0.000000000000000000e+00 6.118604624138237330e-03 0.000000000000000000e+00
0.000000000000000000e+00 1.292159230220095711e-01 1.552991236924997076e-01 1.600271449859732853e-01 0.000000000000000000e+00 4.878067739191543906e-02 0.000000000000000000e+00 0.000000000000000000e+00 6.814092536820939849e-02 2.489138103777945032e-02 0.000000000000000000e+00 1.912602320492997054e-01 0.000000000000000000e+00 3.238990353671192257e-02 1.463752849626924479e-01 4.283682419913090872e-02 7.825797537782342101e-04 0.000000000000000000e+00 0.000000000000000000e+00 0.000000000000000000e+00
8.219073805182174064e-02 0.000000000000000000e+00 6.695273264392526125e-02 1.843210896382392883e-01 1.361142064696290420e-02 9.937775240405279098e-02 0.000000000000000000e+00 0.000000000000000000e+00 0.000000000000000000e+00 0.000000000000000000e+00 1.654032747606216242e-02 9.022959709702568082e-03 0.000000000000000000e+00 0.000000000000000000e+00 2.713037662147721116e-02 0.000000000000000000e+00 8.514351055826022141e-02 6.856654848256540924e-02 1.877952914142180796e-01 1.593472523527124929e-01
0.000000000000000000e+00 0.000000000000000000e+00 1.799672923939985058e-04 5.295585569263874109e-03 1.039310960299563297e-01 5.613908192596023944e-02 6.914161655721742794e-03 1.161236792882408414e-01 0.000000000000000000e+00 0.000000000000000000e+00 2.453173145346210574e-02 1.476311712709797996e-01 9.843508687767316134e-03 0.000000000000000000e+00 1.360693705732392011e-01 1.197002209112976168e-01 1.912282026864194073e-02 1.302669926201280859e-01 5.752263841324195721e-03 1.184983486116226586e-01
8.441573605505077460e-02 0.000000000000000000e+00 0.000000000000000000e+00 0.000000000000000000e+00 1.990964372106098987e-02 1.397078209834416995e-01 0.000000000000000000e+00 7.514430902379778954e-02 0.000000000000000000e+00 0.000000000000000000e+00 0.000000000000000000e+00 1.967727153109960145e-02 1.007540590351737320e-01 1.501034528314455774e-01 1.844387171415521609e-01 0.000000000000000000e+00 0.000000000000000000e+00 7.836803494832168815e-02 5.430947481961860557e-02 9.317147990943748515e-02
0.000000000000000000e+00 2.204420536120781648e-01 1.248410505712900798e-01 1.909699066343871487e-01 0.000000000000000000e+00 0.000000000000000000e+00 0.000000000000000000e+00 0.000000000000000000e+00 0.000000000000000000e+00 0.000000000000000000e+00 0.000000000000000000e+00 1.772101795918540335e-01 0.000000000000000000e+00 6.492120619063682097e-02 1.889710876573056919e-01 0.000000000000000000e+00 0.000000000000000000e+00 7.322766940196568687e-03 0.000000000000000000e+00 2.532174880225158617e-02
0.000000000000000000e+00 0.000000000000000000e+00 1.196187303427036774e-01 6.943374664057794243e-02 5.512294938401164635e-02 1.093922864221397034e-01 0.000000000000000000e+00 2.625440328710206689e-02 0.000000000000000000e+00 0.000000000000000000e+00 0.000000000000000000e+00 1.616909695688950876e-01 0.000000000000000000e+00 5.200915383517998314e-02 0.000000000000000000e+00 0.000000000000000000e+00 4.371536004252865072e-03 0.000000000000000000e+00 1.575098615129819635e-01 2.445963630021550927e-01
0.000000000000000000e+00 1.202367425266536866e-01 0.000000000000000000e+00 1.451895534704406854e-01 0.000000000000000000e+00 7.461251110319466577e-03 0.000000000000000000e+00 4.326754984634539197e-03 0.000000000000000000e+00 6.359428719156873244e-03 0.000000000000000000e+00 1.961289448273240144e-01 1.257258128487013515e-01 2.844837516949760489e-02 1.926855529066012762e-01 6.529086038348222432e-02 0.000000000000000000e+00 0.000000000000000000e+00 0.000000000000000000e+00 1.081467230531882318e-01
4.051915354704969940e-03 0.000000000000000000e+00 1.786269097014223095e-02 0.000000000000000000e+00 1.456558914947108097e-01 9.678924889431828743e-03 2.998654742952264283e-03 8.268135422417795255e-02 0.000000000000000000e+00 2.671564057168237735e-02 8.437515183906051444e-03 1.845293210901618741e-01 9.549807225179558767e-02 0.000000000000000000e+00 0.000000000000000000e+00 0.000000000000000000e+00 0.000000000000000000e+00 9.178707168176690467e-02 1.912002016755776912e-01 1.389027458689893191e-01
0.000000000000000000e+00 8.715238788015719495e-02 5.429192032641731031e-02 0.000000000000000000e+00 2.008937012540916722e-01 0.000000000000000000e+00 0.000000000000000000e+00 0.000000000000000000e+00 4.071474758748185735e-02 6.664353013129087344e-02 2.451470894593832106e-01 3.557428950450178956e-02 5.609372028685287448e-02 0.000000000000000000e+00 0.000000000000000000e+00 0.000000000000000000e+00 0.000000000000000000e+00 0.000000000000000000e+00 2.134886135698232934e-01 0.000000000000000000e+00
1.469000004091982822e-02 1.135166488275373281e-01 1.987519879341592688e-01 0.000000000000000000e+00 4.429974946060102198e-02 6.575608475811797748e-02 1.767416290207859952e-02 3.214195111838186181e-02 0.000000000000000000e+00 3.555363244810818418e-02 0.000000000000000000e+00 1.308732076389372556e-02 6.977214296644176049e-03 8.815747088134036347e-02 0.000000000000000000e+00 5.228627143112175857e-02 0.000000000000000000e+00 1.463329549080263914e-01 1.327948953909081908e-01 3.797965483816144461e-02
1.324426056540203567e-01 1.374232926625763296e-01 7.655573531505426021e-02 0.000000000000000000e+00 4.875627754103561973e-02 0.000000000000000000e+00 8.659345438369883685e-02 0.000000000000000000e+00 0.000000000000000000e+00 4.856314899157847947e-02 2.403033109087299862e-02 0.000000000000000000e+00 2.794013037997735219e-02 4.999321978034772240e-02 1.021143368619505387e-01 4.657314499337696784e-02 0.000000000000000000e+00 2.255980683256762764e-02 2.778237803223639751e-02 1.686721374807064466e-01
0.000000000000000000e+00 5.681649768536153194e-02 5.356088853245558751e-02 0.000000000000000000e+00 0.000000000000000000e+00 0.000000000000000000e+00 2.392654218693212806e-02 9.697804525580744350e-02 0.000000000000000000e+00 1.694026926753863793e-02 1.643325245800516810e-01 1.761398110100250991e-01 0.000000000000000000e+00 1.920351359329380003e-01 3.163437323959478187e-02 0.000000000000000000e+00 4.077699344660871278e-02 9.536482080633357228e-02 0.000000000000000000e+00 5.149409805635282722e-02
6.537106945230167221e-02 1.105744339166288559e-01 0.000000000000000000e+00 1.670047751555593929e-01 3.786409085884814840e-02 3.264659216045098789e-02 0.000000000000000000e+00 0.000000000000000000e+00 6.086224898354950646e-03 0.000000000000000000e+00 0.000000000000000000e+00 2.083387731264076392e-01 8.419083783689244524e-03 2.388100669899120496e-02 1.470332639981421774e-01 0.000000000000000000e+00 0.000000000000000000e+00 6.829303735270229880e-02 0.000000000000000000e+00 1.244876485979233977e-01
0.000000000000000000e+00 1.520560163639137104e-02 0.000000000000000000e+00 1.858317386474249433e-01 0.000000000000000000e+00 1.310347002644511594e-01 0.000000000000000000e+00 0.000000000000000000e+00 0.000000000000000000e+00 7.960324083458217292e-03 5.656342229519762538e-02 8.326499991542590795e-02 0.000000000000000000e+00 0.000000000000000000e+00 3.765504111999379289e-02 0.000000000000000000e+00 1.113671390522496113e-01 1.848971946665694871e-03 3.313664285628662443e-01 3.790163247587544776e-02
0.000000000000000000e+00 6.175565103900197694e-02 0.000000000000000000e+00 1.647615554181751096e-01 8.183727309889476942e-02 3.607415564414182679e-02 0.000000000000000000e+00 4.174281432829415189e-02 0.000000000000000000e+00 0.000000000000000000e+00 1.284636286434232277e-01 1.957628260087128369e-01 0.000000000000000000e+00 1.577814452940915491e-01 5.919224303213722199e-03 0.000000000000000000e+00 0.000000000000000000e+00 1.142834050525992490e-01 1.161802116945151279e-02 0.000000000000000000e+00
1.444968762789195782e-01 0.000000000000000000e+00 0.000000000000000000e+00 9.521735974020704985e-02 0.000000000000000000e+00 0.000000000000000000e+00 0.000000000000000000e+00 0.000000000000000000e+00 0.000000000000000000e+00 9.326026816899517929e-03 0.000000000000000000e+00 2.569054483757605145e-01 7.781056925359347565e-02 1.689484122275339631e-02 1.852024320714345806e-01 0.000000000000000000e+00 0.000000000000000000e+00 1.523645993198945447e-01 2.225741444604363573e-02 3.952443247449367175e-02
0.000000000000000000e+00 0.000000000000000000e+00 2.624598488102559621e-02 4.229489429043903391e-04 1.404637814994782151e-02 3.211589329792363667e-02 0.000000000000000000e+00 0.000000000000000000e+00 0.000000000000000000e+00 2.374965127608075904e-02 1.948618222227342656e-01 1.925716506017939589e-01 0.000000000000000000e+00 1.480644605376287559e-01 1.720384679591478727e-01 0.000000000000000000e+00 0.000000000000000000e+00 1.440945320973801291e-01 5.178821003343300755e-02 0.000000000000000000e+00
0.000000000000000000e+00 1.236987145001246374e-01 4.853845795396158520e-03 1.756186389010527538e-01 0.000000000000000000e+00 5.005994373919701174e-02 0.000000000000000000e+00 8.652713228323014039e-02 0.000000000000000000e+00 0.000000000000000000e+00 2.322073743613987246e-02 1.443689070214033143e-01 0.000000000000000000e+00 0.000000000000000000e+00 5.526321658694319933e-02 1.675745505020447695e-02 0.000000000000000000e+00 0.000000000000000000e+00 1.842079331737626335e-01 1.354234755125457990e-01
0.000000000000000000e+00 0.000000000000000000e+00 0.000000000000000000e+00 0.000000000000000000e+00 2.624969233346557407e-01 1.145141400780016888e-01 0.000000000000000000e+00 0.000000000000000000e+00 0.000000000000000000e+00 1.804542795168569830e-02 0.000000000000000000e+00 2.238727588297275417e-01 0.000000000000000000e+00 0.000000000000000000e+00 4.594021453342656165e-03 1.442291966920923874e-01 0.000000000000000000e+00 1.482390308593481767e-02 2.174236285745595187e-01 0.000000000000000000e+00
8.826506813331677637e-02 6.179787023790812850e-02 1.559054097436709911e-02 0.000000000000000000e+00 1.926225025615720121e-01 1.642815513689362406e-01 0.000000000000000000e+00 1.523349191076917020e-02 2.657462668316996901e-02 7.425942055683058471e-03 8.500277934069228741e-03 1.891176286886438185e-01 9.500266097402446097e-02 1.314133951308101567e-01 0.000000000000000000e+00 0.000000000000000000e+00 0.000000000000000000e+00 0.000000000000000000e+00 4.174443346729851331e-03 0.000000000000000000e+00
7.451266130923837536e-03 1.246069679957557616e-02 0.000000000000000000e+00 0.000000000000000000e+00 1.554960798572191383e-01 1.809210770602531493e-01 0.000000000000000000e+00 0.000000000000000000e+00 0.000000000000000000e+00 0.000000000000000000e+00 6.654563697478302169e-03 1.573749534562536925e-02 0.000000000000000000e+00 0.000000000000000000e+00 5.450041948492608673e-02 0.000000000000000000e+00 7.651736720079785337e-02 2.303562576786961913e-02 1.914502400458357179e-01 2.757751686094951915e-01
1.263630820328295046e-01 2.677124551648059000e-02 0.000000000000000000e+00 3.801582857322855576e-04 1.262146725440126682e-01 1.461849771922226759e-01 0.000000000000000000e+00 1.199790137156234865e-02 3.848825586727411176e-03 1.811188547751343622e-02 4.318523083494023307e-02 1.858152387989506493e-01 0.000000000000000000e+00 1.482083485555046043e-01 0.000000000000000000e+00 0.000000000000000000e+00 0.000000000000000000e+00 0.000000000000000000e+00 0.000000000000000000e+00 1.629184338035235269e-01
4.192121462880108416e-03 1.280074161442057712e-01 1.473681431048460000e-01 3.777206458956836738e-02 6.768273307376592926e-03 0.000000000000000000e+00 6.121738750397674386e-03 0.000000000000000000e+00 2.303663995045191967e-02 0.000000000000000000e+00 0.000000000000000000e+00 1.454404455218409331e-01 2.944205891642342338e-02 2.977830119822016605e-02 1.927293414344101175e-01 0.000000000000000000e+00 0.000000000000000000e+00 1.808592250997478057e-01 2.232289987593282041e-03 6.625194053203783962e-02
1.728975084681750457e-02 1.132538284390395035e-02 0.000000000000000000e+00 0.000000000000000000e+00 8.761571513707880343e-02 0.000000000000000000e+00 0.000000000000000000e+00 5.451746535784002257e-02 5.573364707077194807e-02 2.462035746189951413e-02 4.381310177606115297e-02 1.901627294462219786e-01 2.989038893271629693e-02 8.150503485610906262e-02 0.000000000000000000e+00 1.028781578931675100e-01 0.000000000000000000e+00 3.137462254282039065e-02 1.926289339161130765e-01 7.664471191847872789e-02
9.186994891961198020e-03 1.672089820354417944e-03 1.268468923682551930e-01 1.684854498530772016e-01 1.469621450101017343e-02 0.000000000000000000e+00 0.000000000000000000e+00 0.000000000000000000e+00 1.250027909536274504e-02 4.272756448754420205e-02 1.786107150919810996e-02 2.046404453343876328e-01 0.000000000000000000e+00 4.013189250780832551e-02 1.006958221700798503e-02 8.902561700311578674e-02 5.138970424097180634e-03 1.635308233635716646e-01 6.111390277685070649e-02 3.237220984639752053e-02
0.000000000000000000e+00 7.515359942683584940e-03 0.000000000000000000e+00 1.165437792818399265e-01 1.903901003149703272e-02 4.734805383100152559e-02 0.000000000000000000e+00 7.811399356348190659e-02 0.000000000000000000e+00 5.140342507458416088e-02 1.911307660617328832e-02 1.450264796210222196e-01 0.000000000000000000e+00 1.258510055784449744e-01 1.193170854135941761e-01 4.412189695811846724e-02 6.051335384293705238e-02 1.073126158692886828e-01 1.088500577105347422e-02 4.789585861427949481e-02
5.242104465158059501e-02 5.563689501572825075e-03 4.460413184352731569e-02 5.279706842753103743e-03 4.902885008782623122e-03 4.326648796509682815e-02 0.000000000000000000e+00 7.182204404636923119e-03 0.000000000000000000e+00 0.000000000000000000e+00 9.236531408868311685e-03 1.248779592791742221e-01 1.230217042816172668e-01 1.003971414518954192e-01 1.582240748518428386e-01 0.000000000000000000e+00 3.916027648951178261e-03 2.906579626855786483e-02 3.805124063564754161e-02 2.499893739554951144e-01
0.000000000000000000e+00 0.000000000000000000e+00 0.000000000000000000e+00 0.000000000000000000e+00 4.470441005302727699e-02 3.133892320217140665e-03 0.000000000000000000e+00 4.010442481453001945e-02 5.819598132621969094e-02 5.104565303120255082e-02 7.020389981376068400e-02 1.782314916395117688e-01 0.000000000000000000e+00 1.521780026217435522e-01 0.000000000000000000e+00 1.025164862549213796e-01 0.000000000000000000e+00 1.421535008967103331e-01 7.707122026843850338e-02 8.046103695971694447e-02
0.000000000000000000e+00 9.469658924583314319e-02 0.000000000000000000e+00 0.000000000000000000e+00 4.417185267603465984e-03 2.028367133166784075e-01 0.000000000000000000e+00 4.848271139765962523e-02 0.000000000000000000e+00 0.000000000000000000e+00 0.000000000000000000e+00 6.610774960455198523e-02 0.000000000000000000e+00 0.000000000000000000e+00 1.040626522965662840e-02 2.883566748494489212e-02 1.423370355366379396e-02 1.596474590312362551e-01 1.782136274200014081e-01 1.921223284481705651e-01
2.362108069532564952e-03 1.424123381842333225e-01 1.637690301338209087e-01 1.823330708675838518e-01 7.403515438992415432e-02 1.468822739989925075e-01 4.500909705796815943e-03 0.000000000000000000e+00 0.000000000000000000e+00 6.904181667784279166e-04 1.121286160103407295e-03 0.000000000000000000e+00 5.133681060594280643e-02 2.546402164045041480e-02 0.000000000000000000e+00 0.000000000000000000e+00 0.000000000000000000e+00 5.818665351985536499e-02 2.578598665308757393e-02 1.211199379038978563e-01
9.670545299923574700e-03 4.686529391985742865e-02 2.026517778313332296e-01 1.990595081271084865e-01 2.721686877206308877e-02 0.000000000000000000e+00 0.000000000000000000e+00 0.000000000000000000e+00 0.000000000000000000e+00 0.000000000000000000e+00 0.000000000000000000e+00 0.000000000000000000e+00 7.520793211728805938e-02 2.137716955665200369e-01 2.255563783659061128e-01 0.000000000000000000e+00 0.000000000000000000e+00 0.000000000000000000e+00 0.000000000000000000e+00 0.000000000000000000e+00
