9.779210797636304908e-02 1.886423769093133890e-02 1.634711223257738141e-02 1.240699541121797339e-02 5.018342042230396899e-02 1.365449966429886294e-02 9.868809282539284591e-03 1.694641908999665325e-02 0.000000000000000000e+00 0.000000000000000000e+00 1.281260327985291915e-03 5.249891456316115035e-02 3.545551451521843003e-03 1.234710260887208200e-01 1.751354954361949989e-01 8.306004766277743810e-04 0.000000000000000000e+00 2.429449643197012162e-02 4.008045128569375209e-04 3.410030827784740759e-02 6.892967434081952172e-02 4.755235207865710079e-02 3.555218364573194817e-02 5.265540559187623093e-02 1.436883250058004213e-01
3.537775461905287577e-02 1.501654977114104741e-02 0.000000000000000000e+00 1.245834258964324259e-01 1.496340984750329974e-03 1.166646254398893794e-02 4.995963983716640577e-02 2.023362161824583325e-02 1.461416145485638831e-03 2.313221655371074797e-02 5.104423077332090677e-03 1.781043153022863340e-02 0.000000000000000000e+00 2.713940073098182644e-03 1.494738244113995584e-01 9.650448748697515455e-02 1.029353521760580092e-02 3.912249727976583463e-02 1.565096991999660389e-02 1.121982693301723337e-02 3.759508729839259830e-04 4.172609335990275399e-03 5.166531578110537121e-02 1.380283713875530005e-01 1.749363887229740677e-01
1.030538963262593172e-01 6.439637039227701087e-02 2.915668794955968493e-02 1.907210740640359614e-02 7.224080671795246079e-03 2.133091157837228250e-03 7.916556055599560660e-02 9.288474987130818095e-02 2.113863960520976238e-03 1.142065976959025578e-02 8.839127601718895638e-03 2.965811701350541067e-03 3.912825239206501812e-03 1.045752754605475676e-01 1.384441951433781071e-01 1.070726702145709530e-01 5.569404326544832168e-02 1.659573343384618260e-02 1.832066715819864397e-02 2.724310455537166595e-02 2.151825444459936135e-02 0.000000000000000000e+00 5.124328331178579915e-02 2.307614467932727481e-02 9.877795729103163239e-03
8.240397761633957985e-02 1.755970927829026904e-02 1.030948685781424637e-02 0.000000000000000000e+00 1.836199885776549148e-02 0.000000000000000000e+00 8.562969095177407758e-03 1.211678034502872287e-01 2.302345745595858742e-05 9.740196256137353958e-03 1.522550151134726727e-02 2.893469329863015017e-03 3.946319599584112436e-02 3.833569728340206068e-03 2.005500498953091681e-02 4.194585813580340057e-03 0.000000000000000000e+00 1.098421710697156245e-01 6.873563936785601070e-02 0.000000000000000000e+00 1.519114928032034694e-03 5.724294503329453720e-02 1.091003737867666384e-01 1.454098260323326008e-01 1.543554375442322268e-01
2.342700534349491381e-03 1.038296948826245292e-01 3.262101617025671418e-02 3.744156897857980025e-03 2.188114300809614748e-02 3.731575526085482986e-02 1.511563375155546007e-01 3.105003048393283061e-02 0.000000000000000000e+00 8.865990425717304099e-03 0.000000000000000000e+00 0.000000000000000000e+00 0.000000000000000000e+00 2.799694993307800736e-02 1.650798316192139403e-01 0.000000000000000000e+00 1.651632830461375169e-04 9.573656666425929898e-03 7.438676297360058420e-03 3.425949660743330544e-02 0.000000000000000000e+00 5.118505369166955659e-04 1.085888802653838525e-01 1.626232291858097090e-01 9.095544042608809387e-02
7.461419077207928630e-02 2.813662144090964615e-02 1.866350043751589718e-03 0.000000000000000000e+00 0.000000000000000000e+00 1.525908411673658309e-02 1.075165491427856057e-01 3.458135124070740862e-02 7.119676702526625545e-02 0.000000000000000000e+00 3.079747196257507941e-03 1.234261107006403603e-02 1.670847966217479594e-02 5.057821566746326797e-02 1.553950004442804789e-01 9.820681270959573383e-02 4.883471624186850983e-03 4.491858901164339640e-02 1.466648258346705813e-01 1.510998841445483111e-02 0.000000000000000000e+00 1.877554041265331458e-02 1.009465916364639740e-02 7.425194316084270107e-02 1.581920184582976535e-02
1.203652654066410116e-01 0.000000000000000000e+00 0.000000000000000000e+00 6.845153276561645852e-04 1.324725369844116374e-01 0.000000000000000000e+00 1.091163963780130905e-02 4.304350146379839863e-03 1.755790789476680447e-04 2.884882730624228550e-02 0.000000000000000000e+00 6.090858760921951526e-03 3.807064777949731305e-02 0.000000000000000000e+00 1.357213808895573748e-01 0.000000000000000000e+00 2.512622695210425198e-03 4.107757488994268069e-02 1.707402829615092821e-01 2.303698071334224409e-03 9.464437159404549479e-03 4.260063065376576419e-02 7.959948954035593605e-02 8.128519177782267402e-02 9.277047093259783994e-02
2.617573445217955680e-02 3.403554459448904917e-02 5.929281709146858731e-02 2.187211184103167450e-02 2.694638923799356350e-02 1.234882133232853216e-02 4.570515728740149469e-02 4.564021025093088334e-04 1.316907953385366287e-03 1.045500531521647864e-03 0.000000000000000000e+00 1.184553437298200554e-03 3.838613755192266629e-03 7.545992720951943955e-02 4.596608065387809000e-02 1.053858308000730493e-01 8.705804282263594762e-02 1.505773138201254224e-03 7.301813529478130838e-02 1.119833415567547952e-01 1.351481723219644104e-02 7.484957314212359325e-02 9.215605151757285535e-03 2.888109249050520994e-02 1.389432268907742352e-01
8.481674349030481064e-02 1.131902457144744537e-03 1.539838738926583954e-02 8.364274419789170540e-04 7.595544091593060820e-02 0.000000000000000000e+00 1.698904803138421432e-02 6.613891658490239633e-02 1.594216506841760611e-02 8.305473155698819138e-03 1.111260537608408511e-03 9.477189735701144549e-03 0.000000000000000000e+00 0.000000000000000000e+00 1.619074499253610744e-01 4.995819357003271344e-02 7.947281631425393011e-02 5.255465983608696712e-02 1.462989932689955433e-02 0.000000000000000000e+00 0.000000000000000000e+00 4.713096815417861657e-02 1.282719738655958286e-01 5.723417570097831530e-02 1.127369084982756398e-01
6.486241897796367339e-02 3.412128902752173962e-04 3.050611811300667914e-02 1.221447600254483290e-01 0.000000000000000000e+00 3.474619890737167590e-03 1.088570944655342376e-01 3.172284054280116034e-02 0.000000000000000000e+00 4.971840993976947348e-04 0.000000000000000000e+00 0.000000000000000000e+00 1.340228314813184151e-03 2.952345148381709146e-03 5.373713745279411202e-02 1.011151373621473754e-01 1.388054182556992984e-02 8.249859689768260229e-02 1.155994741257423408e-01 1.482093061287193848e-02 1.673887806129622678e-03 1.668746884405337191e-03 3.576692694842736886e-02 1.265646709215060284e-01 8.597512669436430111e-02
8.210547376067947514e-04 3.411576708009990411e-02 1.989727383543948847e-02 7.712180178530891883e-02 5.483126651217520506e-03 3.741788389044275326e-02 1.167983307472836435e-01 1.299086308533215460e-02 0.000000000000000000e+00 0.000000000000000000e+00 3.173825036127106208e-04 0.000000000000000000e+00 2.766230215301395887e-02 8.203258918227719935e-04 3.373832121477809420e-01 1.100047835044399847e-01 4.919915080885265898e-03 1.474776809688876575e-02 1.146586358115499887e-01 4.934535749752941292e-02 5.229071161351332535e-03 0.000000000000000000e+00 2.725163658078195994e-02 0.000000000000000000e+00 3.013507757611598795e-03
1.432159616445099481e-01 0.000000000000000000e+00 1.734171099154860384e-04 0.000000000000000000e+00 1.318573775924254121e-01 2.651674462407506427e-02 5.239245302604987956e-03 1.773315433980957728e-02 4.856792321385863635e-03 5.238222005932258868e-03 4.711367457324403332e-03 0.000000000000000000e+00 4.701609249173805435e-04 1.295259081279443170e-01 9.453721045442661786e-02 5.762884589360172012e-03 1.625168057667536947e-04 1.603276846000304123e-01 1.589701529648296363e-01 1.929075422438760248e-02 0.000000000000000000e+00 8.887673451048622511e-03 5.063318562069835799e-02 0.000000000000000000e+00 3.188958583860714013e-02
5.646733945913953029e-02 3.237979065111552118e-02 5.634791204236675420e-03 9.217013467203291621e-02 2.063098208305030878e-02 0.000000000000000000e+00 4.314984477681580582e-02 2.806710323139621419e-02 0.000000000000000000e+00 8.475157097217524485e-03 0.000000000000000000e+00 3.478950677149224898e-03 8.514551309537417593e-04 7.250107693252903426e-03 1.618349538520081482e-02 1.927813672333639552e-02 4.185222757855572295e-02 1.336630029727481350e-01 1.801793354083815746e-01 0.000000000000000000e+00 0.000000000000000000e+00 1.187170739026806449e-01 3.075238930804614912e-02 1.006120399772706883e-02 1.507574780469630726e-01
2.981585429758355082e-02 1.598264854074198452e-02 6.666915930937274137e-04 0.000000000000000000e+00 0.000000000000000000e+00 3.107157030961579108e-02 1.349905463134351558e-01 2.232291317457260268e-02 1.093044581892101824e-02 1.406661416518931000e-02 0.000000000000000000e+00 5.588404419162638567e-03 3.332990931538451062e-04 2.516937908340521630e-03 1.017942792733538965e-01 1.042338543110781501e-01 7.489735608442273096e-03 5.441427006462436905e-02 2.174430134363284084e-01 4.331941018474116251e-02 1.031853383972379523e-02 9.219865321580476836e-02 4.474820908962472837e-02 3.989021501939323151e-03 5.176509384052902646e-02
5.084562156801609827e-03 5.355416044345450918e-03 4.861368730907953545e-02 1.221729568954645767e-02 5.866068657233524872e-03 1.104809198584555223e-02 2.119502354803259186e-02 2.151284896441336969e-02 0.000000000000000000e+00 4.416065792671600154e-02 1.342752527936731015e-03 1.665494310933232636e-02 0.000000000000000000e+00 1.709715966425575939e-01 4.361371059478363899e-02 5.805703058768351028e-03 4.810233962684723474e-02 1.184899302361401840e-01 9.968533962746689570e-02 4.702452100668392393e-02 3.194305358158251035e-02 8.796746433261649900e-02 7.736055613436514100e-02 6.348225320124385729e-02 1.250218403766098496e-02
3.816398917281050521e-03 4.350768235199405781e-02 7.351600570587440812e-03 8.767869563685609657e-02 5.324019449931674530e-03 1.015329062579814479e-02 1.975895843952963915e-01 1.170919450440271598e-01 2.867164199870587613e-02 3.254227451400903276e-02 0.000000000000000000e+00 1.863754497636355536e-03 6.522155617274837114e-03 7.874321933254274306e-03 1.336438604674810571e-01 0.000000000000000000e+00 1.776066443642902379e-02 1.195618436417108799e-01 1.492348082957405953e-01 0.000000000000000000e+00 1.647676308574438572e-02 7.110874619528391579e-04 0.000000000000000000e+00 0.000000000000000000e+00 1.262360705828892253e-02
1.094321268635750355e-01 3.397532173084828137e-03 8.028139237274823162e-03 9.089452096121891297e-03 1.168028598188820821e-01 1.363227057507976868e-02 1.827750399399309363e-03 0.000000000000000000e+00 3.295507097164050714e-04 0.000000000000000000e+00 2.198181217316848984e-02 0.000000000000000000e+00 1.432352788909152692e-02 1.216212164316846644e-01 1.777963455409603544e-01 0.000000000000000000e+00 0.000000000000000000e+00 3.093609882330131816e-02 1.762828355474163958e-02 4.706653132033000037e-02 1.693679533669982529e-02 2.770746493578153669e-02 9.769285911293765223e-02 2.294319334077122782e-02 1.408261896673975444e-01
9.382802374220475250e-02 7.812191916459597374e-02 2.928789721413966804e-02 1.142311856620510518e-01 5.134250234666481311e-02 0.000000000000000000e+00 4.579783846046933671e-02 1.127710248851924446e-01 3.315024869175803562e-03 8.475092694097361226e-03 5.456653132879987073e-03 0.000000000000000000e+00 0.000000000000000000e+00 9.100790933878149386e-03 3.791499768757169292e-02 3.721643747388685142e-02 4.193494274385985154e-02 5.911452449200505638e-02 1.928826275415914671e-01 4.070014244929039821e-02 2.200067950578579821e-03 7.061776304044660620e-03 5.898293015193777425e-03 1.306943400865324088e-02 1.027880322797493882e-02
8.722642512491331213e-02 6.933877166609478566e-03 8.778271652169256783e-03 3.690470121129262385e-03 4.113708560094131439e-03 1.174780233026881913e-03 4.572128196836153929e-02 6.445537547981443349e-02 0.000000000000000000e+00 0.000000000000000000e+00 1.008580346392581525e-02 0.000000000000000000e+00 0.000000000000000000e+00 5.553863961818811257e-02 2.639121091720468271e-01 0.000000000000000000e+00 7.320033897167526997e-03 5.961208966115363189e-02 4.685926634286585908e-03 2.329916316309227006e-02 8.281160455369638781e-03 1.138943836111360602e-01 2.211772713719386413e-02 1.807688370046471940e-02 1.910818891798566899e-01
5.593411177604119822e-02 0.000000000000000000e+00 0.000000000000000000e+00 1.172577816274374407e-01 7.018476869873975857e-03 6.441165742833008156e-05 1.120465269996906432e-02 6.154855480009974351e-03 9.557661484469474802e-04 2.824785924676818591e-02 1.277249395109922130e-02 3.331996815510813656e-04 7.715782325170903247e-03 1.106196750507755381e-03 1.840995406130143952e-01 8.648248420850377857e-03 3.272511303529936078e-02 1.229144512869343175e-01 9.421609499602742743e-02 3.185208781053008170e-02 2.740453440799354295e-02 4.516389193410659877e-03 5.407247680349844265e-02 5.786102609437186739e-02 1.329244491237653869e-01
9.103843380682841158e-02 6.709752193521907951e-03 0.000000000000000000e+00 2.740025023200514179e-02 3.181613583023294722e-02 1.562442364994840738e-01 1.183876652945356073e-01 3.284331364294434258e-02 1.767770875521849786e-03 0.000000000000000000e+00 0.000000000000000000e+00 0.000000000000000000e+00 0.000000000000000000e+00 5.106293203392604438e-03 1.613784200886197451e-01 8.244533022994446694e-03 7.641043884972723021e-02 5.207800863687155751e-02 4.654979092131929924e-02 2.018048218841944283e-03 3.009231963882717450e-02 2.178877562266854501e-02 3.603441722049518896e-03 4.056191133144670252e-02 8.596046036816709646e-02
2.202250559706069033e-03 1.023223531222634680e-01 8.742569371368744124e-02 7.963331398535573175e-03 1.252239670150245010e-01 1.013236785223178404e-03 6.952549535220307886e-02 1.092285734106338696e-02 0.000000000000000000e+00 1.380374172305981195e-01 0.000000000000000000e+00 0.000000000000000000e+00 0.000000000000000000e+00 6.558249441088132015e-02 1.727917911244951921e-01 1.222030024261174484e-03 0.000000000000000000e+00 1.101650666326439709e-01 9.747810052411318323e-04 1.324057430211453973e-02 0.000000000000000000e+00 6.229333226067805193e-03 8.530056797092244042e-03 6.068833442481881557e-02 1.593893553407903577e-02
3.572352193246872056e-03 9.295193951942691546e-03 1.158153319620211369e-01 9.671780849537545133e-02 8.335791886511828737e-04 2.940025004222363535e-03 1.314667965152024887e-01 1.408443576350755164e-02 0.000000000000000000e+00 3.774572379664344751e-02 0.000000000000000000e+00 2.632656936559602586e-03 0.000000000000000000e+00 1.911450589768703967e-02 2.349474966245190533e-01 1.798037075176108987e-03 1.786854436982281786e-03 2.548176300001429861e-02 7.928226394034044999e-02 4.690891485089244278e-02 6.428871069567311178e-03 1.075935014313148669e-01 4.448283155560463220e-02 1.332961324981332164e-02 3.741443060715487004e-03
9.423348793001884438e-02 4.800973288097238820e-03 3.644279598144452292e-02 0.000000000000000000e+00 5.720134216081390610e-03 2.255685682771830342e-04 3.905404519980395887e-03 1.218258935966373135e-01 1.138769086774994894e-02 7.591306235041923346e-03 0.000000000000000000e+00 7.370255745141847566e-03 6.994301964030670907e-03 9.977668995024847887e-02 2.980175664310138334e-02 2.989231342063743396e-03 2.801902197581104034e-03 1.670555572137190359e-02 1.603929752368177808e-01 0.000000000000000000e+00 3.007580910362440637e-04 9.228343982993084463e-03 1.052526337809830126e-01 9.550284174988678265e-02 1.767494983914152107e-01
1.125043192301451896e-02 0.000000000000000000e+00 6.808793061752280162e-02 1.177798369921559743e-02 1.551072260270228240e-03 0.000000000000000000e+00 3.616619228613651617e-03 4.083173295697813815e-02 0.000000000000000000e+00 4.976023027668391441e-04 7.317210002457116315e-03 3.229896779223027231e-02 0.000000000000000000e+00 1.104832628976463137e-02 2.701066269007503795e-01 9.925103950677766074e-02 3.445727065277629647e-02 3.739550014041142373e-02 3.964956900914849702e-02 1.805115906506159565e-02 0.000000000000000000e+00 6.663136842567956219e-04 3.739728480669569921e-02 1.131334663668571300e-02 2.634340125246021902e-01
9.348281095294112830e-02 1.683416732745316585e-02 2.631097637336064082e-02 9.280441311618309319e-02 4.279137064771860316e-02 1.394228246261887752e-02 1.091660670177267978e-01 1.049705655823883615e-01 1.099571858479462790e-03 8.911446485652469579e-03 1.689723526703557630e-04 5.471187205368038299e-03 0.000000000000000000e+00 2.478992346593073340e-02 4.419549657536148840e-02 1.688954614869436722e-04 6.349584218097770183e-02 1.204126032091784315e-01 1.359315383389050058e-01 0.000000000000000000e+00 0.000000000000000000e+00 1.015299427486898894e-02 4.690060887295650904e-02 3.019190153791571560e-02 7.806364699857461578e-03
0.000000000000000000e+00 2.687731344162695366e-02 0.000000000000000000e+00 0.000000000000000000e+00 0.000000000000000000e+00 1.603595767165695227e-02 6.563974808263222174e-03 1.691035084235624764e-01 2.066058122425067003e-03 3.957453803736899617e-02 1.102383760553141655e-02 0.000000000000000000e+00 0.000000000000000000e+00 1.081014409080675691e-02 8.235234817974682042e-02 0.000000000000000000e+00 1.222528406570618995e-02 9.745006516217994200e-03 1.367536095036339140e-02 1.913483209658493889e-02 3.275346142606871784e-03 1.778007685372846036e-01 1.201770950694914936e-01 2.242623027686472537e-01 5.529632347210849258e-02
1.439722624729361826e-03 7.796445630331536036e-02 1.103497245642304642e-01 1.438747314827995560e-02 8.475926933850363998e-02 2.153661368331132812e-03 3.603251769887524936e-02 3.091956090234847243e-02 8.899256353505131554e-04 7.345492710196588337e-02 2.741023559694168925e-04 1.192066277246149088e-02 2.033626561703613320e-02 5.957974271211956274e-02 1.565461619301936336e-01 0.000000000000000000e+00 3.234977165728654316e-03 2.530152459927270323e-02 0.000000000000000000e+00 9.479311293919590042e-02 0.000000000000000000e+00 1.109804142785115327e-02 1.391768236022595251e-01 1.951020436048865603e-02 2.587714183149313757e-02
5.786531183425417529e-02 3.996812642173972613e-03 7.422251506452497150e-02 1.963046938772821520e-02 1.069054018962423691e-01 1.155361880328039346e-03 2.203605906545198778e-02 7.587871337579919773e-02 5.694380074505680893e-03 0.000000000000000000e+00 4.806656529288772179e-04 3.310866792714396017e-02 4.222721493476250774e-03 2.499142494658690428e-02 2.430621753495789891e-02 1.029030137070909567e-01 2.962354118481062143e-02 5.409655811482167592e-02 1.418804887935570282e-02 1.079057648056784904e-02 6.317508413053558695e-03 8.897445373073653921e-03 4.085241308718632475e-02 1.763263945718519243e-01 1.015097774120853613e-01
1.202094763291679663e-01 9.749191192623402058e-02 1.840817684370792476e-02 4.042770419511016421e-03 5.550263178887093231e-03 3.987940840941255581e-03 1.377830410405090841e-02 4.993191833949088727e-03 2.557491721908057049e-03 1.465432345732975428e-02 0.000000000000000000e+00 0.000000000000000000e+00 4.980090965048978181e-04 6.155236970168459151e-03 1.756257741823096241e-01 1.610256014550998658e-03 2.393628041494296962e-02 1.723856267604798737e-02 1.206035637611358770e-02 1.048546746498912885e-02 1.674191496177365387e-02 1.163870385903562205e-01 6.319071044505097934e-02 1.518501871690842997e-01 1.185463549824202767e-01
2.816129311812514899e-02 2.733787580771233558e-02 7.172285678210031656e-02 9.452736450069443297e-02 0.000000000000000000e+00 0.000000000000000000e+00 1.974874764853942477e-01 1.043890535226820460e-01 2.207190045063017747e-02 0.000000000000000000e+00 1.430948853152735119e-03 7.112697065581183309e-02 4.725310345258973790e-04 4.107903600128433308e-02 1.292153145512460743e-01 0.000000000000000000e+00 3.369270356584530297e-03 0.000000000000000000e+00 1.482514551723421725e-01 0.000000000000000000e+00 1.625752005518374746e-02 7.797573357490188845e-03 1.527910319029656024e-02 0.000000000000000000e+00 2.002245610474316304e-02
0.000000000000000000e+00 9.286660245351836818e-02 6.429090897375998315e-02 6.221619844635639662e-02 1.024811815381702212e-02 3.802279566336903144e-02 1.090517143023607138e-01 3.819829313601604687e-02 3.812718698274302626e-02 5.119552255350043324e-02 7.878480067991590645e-04 1.542436366638496974e-02 0.000000000000000000e+00 2.619083957959610423e-02 7.528363732992092439e-02 1.069675524433053998e-01 8.257907128654448647e-02 7.673291625318696615e-03 7.187585732463601385e-02 8.678844227926638122e-02 0.000000000000000000e+00 1.197605915958709771e-02 5.878463065343129783e-03 4.357233567856551130e-03 0.000000000000000000e+00
8.468231228943047528e-02 4.978557103615814661e-02 0.000000000000000000e+00 5.943963472449999980e-02 3.314043689037029713e-03 3.927494420538495817e-02 1.390329831730943988e-01 5.337625877530412233e-02 0.000000000000000000e+00 1.844528076317714744e-03 9.349302173040833705e-03 1.542578017657062405e-03 1.988401266270495987e-03 1.760851853132873804e-02 3.818165565951077423e-02 9.399241017638250428e-02 1.312829689344115723e-02 4.408116963589728265e-02 1.499299368631883123e-01 8.841809093698702049e-02 0.000000000000000000e+00 4.187686239889241296e-02 1.729708315594514698e-02 4.252551380074860721e-02 9.329904521482882893e-03
3.959549222463704804e-02 0.000000000000000000e+00 7.866064523187761559e-02 1.113762126297565686e-01 1.406198856088187836e-02 0.000000000000000000e+00 1.448347557293140631e-01 1.570635016146506024e-01 4.079423634345822822e-03 8.329554690645179366e-03 0.000000000000000000e+00 0.000000000000000000e+00 4.761008065780639349e-03 1.589217985317885676e-02 1.156728040553880663e-02 1.888610280365807942e-02 2.844716610715465610e-02 4.518951143979919871e-02 4.351639944280782067e-03 2.083906605108087201e-02 0.000000000000000000e+00 9.572943570971166605e-02 4.949212833342388901e-02 1.468429069702838763e-01 0.000000000000000000e+00
1.396830885901730566e-02 3.785341995837371559e-03 6.655580566351450289e-02 3.436861536885542356e-02 1.165552805282035059e-01 4.568263903718954716e-02 9.755775470424827081e-03 1.621243010912642307e-02 0.000000000000000000e+00 1.664709349892154119e-02 8.287508505870596134e-04 2.070971418710855494e-03 1.735937730659122338e-02 1.343209763151303471e-01 5.549795083790482614e-02 1.967363696214054561e-02 1.747741287014699472e-03 1.053807537392848631e-01 3.822984925413176836e-03 1.187453872348777778e-01 0.000000000000000000e+00 3.545730736374323733e-02 1.632004900823003091e-02 1.407361485229793874e-01 2.450667369630150916e-02
