5.256310639657005984e-02 1.187488038666105333e-01 0.000000000000000000e+00 1.546756369160348921e-01 2.434518123683982599e-02 1.658013265827551486e-01 0.000000000000000000e+00 0.000000000000000000e+00 8.458962616422085676e-03 1.107816695866924855e-02 0.000000000000000000e+00 9.819172456515104508e-02 1.530699347491446261e-01 0.000000000000000000e+00 0.000000000000000000e+00 1.042638886665766054e-02 1.539101103675263871e-03 0.000000000000000000e+00 0.000000000000000000e+00 2.011016661414696538e-01
0.000000000000000000e+00 0.000000000000000000e+00 8.207486680949086996e-03 1.992677311800153672e-01 0.000000000000000000e+00 4.486418676118424098e-02 0.000000000000000000e+00 1.045700306000221652e-01 1.253345360330927749e-01 3.354376384376857312e-02 0.000000000000000000e+00 1.384048806406346921e-01 1.281521219132130199e-02 3.187605526621631324e-02 0.000000000000000000e+00 0.000000000000000000e+00 1.015561667391668421e-01 4.279167466703161227e-02 7.648811205504738031e-02 8.028016334154969291e-02
0.000000000000000000e+00 6.231335296678360003e-02 5.201842495969161151e-02 6.051400228823441280e-03 2.580713516722186740e-01 0.000000000000000000e+00 0.000000000000000000e+00 2.882210507701548491e-02 1.200805219334303980e-01 0.000000000000000000e+00 2.384789753178567437e-02 0.000000000000000000e+00 0.000000000000000000e+00 1.470349721540961385e-01 1.043248486041705413e-02 8.844492704840158093e-02 0.000000000000000000e+00 3.619681279327131157e-02 0.000000000000000000e+00 1.666857487740650290e-01
0.000000000000000000e+00 8.353021356022569469e-03 2.785416971375877498e-03 1.684585853014938517e-01 0.000000000000000000e+00 2.482697232584684527e-02 0.000000000000000000e+00 0.000000000000000000e+00 1.611634131079468513e-01 0.000000000000000000e+00 0.000000000000000000e+00 6.450417916343199887e-02 1.877170845282178507e-02 0.000000000000000000e+00 9.522157993688861941e-03 1.947867404951757198e-01 0.000000000000000000e+00 2.201477873020134257e-01 4.821787832300402504e-02 7.846213920717834411e-02
0.000000000000000000e+00 0.000000000000000000e+00 0.000000000000000000e+00 1.576735919127173757e-01 1.522448697437200349e-01 1.817453498728304195e-01 0.000000000000000000e+00 0.000000000000000000e+00 1.126660290817481230e-01 0.000000000000000000e+00 0.000000000000000000e+00 4.822484545580937865e-02 1.082178229005522664e-02 0.000000000000000000e+00 0.000000000000000000e+00 0.000000000000000000e+00 0.000000000000000000e+00 0.000000000000000000e+00 1.578200805032280440e-01 1.788034511398914062e-01
1.110913858481341748e-01 4.778131915597732399e-02 0.000000000000000000e+00 0.000000000000000000e+00 0.000000000000000000e+00 3.360532448881269896e-01 0.000000000000000000e+00 1.142040261438858201e-01 1.383799869716025033e-02 0.000000000000000000e+00 0.000000000000000000e+00 6.639854929613993317e-02 1.024803674980646340e-01 0.000000000000000000e+00 3.113738381804587521e-02 1.215569938246271187e-01 4.930503814328105090e-03 3.134736791294111952e-02 2.258416713138958112e-03 1.692244238942967535e-02
1.793322752372279033e-02 0.000000000000000000e+00 1.936942425463226980e-02 9.111667539192487911e-03 4.163070675149935229e-02 1.779160082987630287e-01 0.000000000000000000e+00 0.000000000000000000e+00 1.681220894146404077e-01 0.000000000000000000e+00 1.269583185677780057e-01 0.000000000000000000e+00 0.000000000000000000e+00 1.487728271755900111e-01 0.000000000000000000e+00 0.000000000000000000e+00 0.000000000000000000e+00 1.237941752577687987e-01 1.663915552164127454e-01 0.000000000000000000e+00
0.000000000000000000e+00 1.442992504973536760e-01 0.000000000000000000e+00 1.129316414889770803e-01 1.368890931597706584e-01 0.000000000000000000e+00 0.000000000000000000e+00 0.000000000000000000e+00 8.440192956920067324e-02 0.000000000000000000e+00 0.000000000000000000e+00 3.438026184814837322e-02 1.195537441435660791e-01 1.338162140271141609e-01 2.003558239003936856e-02 0.000000000000000000e+00 1.494576377805174050e-01 8.829951329695082812e-03 4.374081979187546126e-02 1.166387397374183711e-02
6.653609632943545231e-03 9.128206739707846878e-03 0.000000000000000000e+00 6.064600490302193662e-03 1.349878507554820861e-01 4.421667471836637081e-02 7.228119659785713080e-02 0.000000000000000000e+00 1.300512106186763328e-01 0.000000000000000000e+00 3.236200288739188302e-02 1.733417694681363419e-02 1.274833438460562518e-01 0.000000000000000000e+00 0.000000000000000000e+00 5.600989871357087146e-02 1.478775582066673699e-01 1.310927029325105464e-01 8.059584343443917942e-02 3.861123479214732725e-03
0.000000000000000000e+00 1.965244986560010232e-01 0.000000000000000000e+00 2.292238953299904555e-02 1.483654851057291946e-01 3.212816496061551841e-02 2.557561033695007410e-02 0.000000000000000000e+00 6.845199079919254970e-02 7.597834283657803334e-02 0.000000000000000000e+00 2.177732867473611000e-01 0.000000000000000000e+00 0.000000000000000000e+00 1.158186287195832158e-02 3.864076999364792625e-02 0.000000000000000000e+00 0.000000000000000000e+00 0.000000000000000000e+00 1.620575981589672532e-01
1.870043580439314373e-02 7.143751795066065335e-03 0.000000000000000000e+00 8.513642034368626953e-04 0.000000000000000000e+00 1.450217125867337142e-01 0.000000000000000000e+00 0.000000000000000000e+00 1.758533068528897181e-01 1.177485436430407949e-02 8.031521508807498710e-02 7.182973002026110665e-02 1.676444995403469362e-01 0.000000000000000000e+00 0.000000000000000000e+00 0.000000000000000000e+00 1.736323531483834059e-01 0.000000000000000000e+00 1.472327765961098656e-01 0.000000000000000000e+00
0.000000000000000000e+00 0.000000000000000000e+00 0.000000000000000000e+00 0.000000000000000000e+00 0.000000000000000000e+00 1.659197667586728431e-01 0.000000000000000000e+00 4.635954197944176097e-02 1.444239883063129504e-01 1.321519076291407246e-01 0.000000000000000000e+00 0.000000000000000000e+00 1.501347885210501665e-01 1.995277896955430577e-02 3.528789393922421302e-02 0.000000000000000000e+00 0.000000000000000000e+00 0.000000000000000000e+00 1.347620710362712193e-01 1.710072628603317713e-01
4.369195630422799403e-02 1.378071380284683345e-01 0.000000000000000000e+00 0.000000000000000000e+00 0.000000000000000000e+00 1.567249706117132824e-01 0.000000000000000000e+00 0.000000000000000000e+00 1.356801060342149867e-01 0.000000000000000000e+00 6.318660661837191550e-02 1.465692019659972090e-01 0.000000000000000000e+00 3.336194685942026929e-03 1.292932437058113559e-01 3.707565636905658935e-02 8.428856319964306287e-02 0.000000000000000000e+00 6.234636247655309105e-02 0.000000000000000000e+00
1.788023504367745875e-02 0.000000000000000000e+00 0.000000000000000000e+00 8.862492122489966373e-02 1.545793942344190208e-01 3.330635804329533101e-01 0.000000000000000000e+00 0.000000000000000000e+00 0.000000000000000000e+00 0.000000000000000000e+00 0.000000000000000000e+00 1.323284318378913083e-01 1.118677699090196535e-02 3.791140750052948011e-02 2.003196943895416485e-02 0.000000000000000000e+00 8.272811061977260183e-02 1.216651726760010765e-01 0.000000000000000000e+00 0.000000000000000000e+00
0.000000000000000000e+00 1.565321708729113664e-02 0.000000000000000000e+00 1.376377319327371507e-01 0.000000000000000000e+00 4.386422289850497314e-02 0.000000000000000000e+00 0.000000000000000000e+00 1.368650932064802428e-01 0.000000000000000000e+00 2.401852349790794400e-02 0.000000000000000000e+00 0.000000000000000000e+00 1.477231939578350639e-01 1.453980437064133213e-01 1.558333196771582163e-01 2.243392581506998759e-02 4.903054973652704908e-03 9.402079908667150890e-03 1.562675933382821347e-01
0.000000000000000000e+00 4.200947852941315508e-02 8.947392003683631023e-02 3.732805661647881513e-04 8.996653966245257705e-02 0.000000000000000000e+00 0.000000000000000000e+00 0.000000000000000000e+00 1.185353661880193532e-01 0.000000000000000000e+00 0.000000000000000000e+00 3.138851446841681159e-02 1.662013315079781950e-01 0.000000000000000000e+00 3.221315736991049034e-02 9.437752055681537799e-02 1.290870401489994067e-02 1.353202175522570661e-02 1.362193360663113140e-01 1.728008292775559673e-01
0.000000000000000000e+00 0.000000000000000000e+00 0.000000000000000000e+00 1.207707372957356057e-01 3.251869857572746436e-02 1.411523614708458385e-01 3.428593804905245845e-02 1.418879284494925785e-01 0.000000000000000000e+00 9.370714434285888628e-02 1.390937749599868156e-01 2.929690943169818013e-02 0.000000000000000000e+00 1.870909160867296681e-02 0.000000000000000000e+00 0.000000000000000000e+00 4.384472213429752713e-02 0.000000000000000000e+00 3.215052154449606764e-02 1.725821721371356143e-01
0.000000000000000000e+00 0.000000000000000000e+00 2.685546817336874684e-02 2.727265751618642570e-02 0.000000000000000000e+00 1.151263475870114711e-01 0.000000000000000000e+00 0.000000000000000000e+00 1.317817658782225176e-01 0.000000000000000000e+00 2.237571569411294856e-02 1.354675899694260111e-01 1.272724804750149930e-01 9.214969491118549239e-02 1.639433528812606899e-01 0.000000000000000000e+00 1.221909363315312747e-02 1.470323909422513974e-02 0.000000000000000000e+00 1.308325941868326570e-01
4.724119999592910069e-02 1.535336704658697704e-01 0.000000000000000000e+00 1.310164586019611256e-02 9.414296901973046028e-02 0.000000000000000000e+00 0.000000000000000000e+00 0.000000000000000000e+00 0.000000000000000000e+00 0.000000000000000000e+00 0.000000000000000000e+00 1.524538098977102352e-01 7.353003341411142729e-03 0.000000000000000000e+00 1.698461720396827190e-01 0.000000000000000000e+00 1.193249318823972616e-01 7.854079270764001419e-02 1.050927816099638847e-02 1.539525266284368643e-01
0.000000000000000000e+00 2.976508470956279462e-02 0.000000000000000000e+00 0.000000000000000000e+00 1.331103791176148632e-01 1.853564824347229412e-01 0.000000000000000000e+00 6.252251753151095992e-02 0.000000000000000000e+00 1.154153207019253252e-01 0.000000000000000000e+00 0.000000000000000000e+00 0.000000000000000000e+00 1.183909564472526710e-01 0.000000000000000000e+00 1.749129843530712602e-02 9.621976871198709494e-03 0.000000000000000000e+00 1.662168439381934149e-01 1.621091398127113559e-01
