0.000000000000000000e+00 0.000000000000000000e+00 4.203906858456200185e-02 0.000000000000000000e+00 0.000000000000000000e+00 0.000000000000000000e+00 3.306277615585362893e-03 2.713125884727684428e-02 0.000000000000000000e+00 1.762209826951397981e-02 2.160859619406642947e-03 1.270193802747976164e-01 1.102264581640973384e-03 5.375620183868111933e-03 1.483785959327875992e-01 0.000000000000000000e+00 4.497183101711246800e-02 1.455475075439714161e-01 0.000000000000000000e+00 1.336064468163215835e-01 1.048659310888187951e-01 0.000000000000000000e+00 2.836911522717544890e-02 1.983902327226635259e-02 1.486647211248948164e-01
6.489906981611563708e-02 1.359111755708589976e-03 5.869586041848865593e-02 6.649386018080881595e-03 1.220018951091702761e-02 0.000000000000000000e+00 2.245820024180354268e-03 3.035012979269605671e-01 2.137120832281930605e-03 1.254569542478297522e-02 0.000000000000000000e+00 8.572759161725643229e-02 0.000000000000000000e+00 0.000000000000000000e+00 1.219182814274578919e-02 0.000000000000000000e+00 1.422707032642197833e-01 3.116263085720489059e-02 0.000000000000000000e+00 0.000000000000000000e+00 0.000000000000000000e+00 0.000000000000000000e+00 4.804910430186829645e-03 1.277108446278663600e-01 1.318979393330034777e-01
0.000000000000000000e+00 0.000000000000000000e+00 4.070008868705438793e-02 0.000000000000000000e+00 0.000000000000000000e+00 1.740891779037231218e-02 6.383290128266798369e-02 1.311908107284309732e-01 0.000000000000000000e+00 0.000000000000000000e+00 0.000000000000000000e+00 0.000000000000000000e+00 0.000000000000000000e+00 2.555718955073211715e-02 1.440939697138745590e-01 1.001565784354496030e-01 4.047394325067057985e-02 2.487396782952396284e-03 4.416753621466552177e-02 1.366512591006267818e-01 1.401991069688524570e-02 7.753456195800380313e-02 1.522583027939823086e-01 0.000000000000000000e+00 9.466633013631379351e-03
9.397880903480832632e-03 1.255904914882260276e-02 0.000000000000000000e+00 2.563714051742110173e-02 5.353945191191086805e-02 0.000000000000000000e+00 4.993472306063492794e-02 6.231956014508592545e-02 1.360007840777785297e-02 1.283436361710085516e-01 0.000000000000000000e+00 1.081346441754846566e-01 0.000000000000000000e+00 8.331962075946610161e-03 1.441368396460341317e-01 0.000000000000000000e+00 3.988183277103451302e-02 1.473831456106189097e-01 1.464110907991781618e-01 5.002711154705272861e-03 0.000000000000000000e+00 0.000000000000000000e+00 4.189776165055764112e-02 0.000000000000000000e+00 3.488491850297422564e-03
1.733088568954043254e-04 1.324302204080376466e-01 3.943040313473459429e-02 0.000000000000000000e+00 0.000000000000000000e+00 0.000000000000000000e+00 1.241705435456239848e-01 1.553406149155667770e-01 3.309038909995752620e-02 1.539839282363599515e-01 0.000000000000000000e+00 0.000000000000000000e+00 0.000000000000000000e+00 0.000000000000000000e+00 1.106326902319561788e-02 4.717424292382571722e-03 1.058901239946456185e-01 0.000000000000000000e+00 1.402740423616930521e-01 7.229981423520522033e-02 0.000000000000000000e+00 0.000000000000000000e+00 1.630925174144634560e-02 1.082666615425554105e-02 0.000000000000000000e+00
5.952260558498693489e-03 0.000000000000000000e+00 0.000000000000000000e+00 0.000000000000000000e+00 5.139359914047446354e-02 0.000000000000000000e+00 1.652054771024147328e-01 1.337176512263096029e-01 5.195118061770760036e-04 0.000000000000000000e+00 0.000000000000000000e+00 8.495481316989853676e-03 7.753053318165821495e-02 0.000000000000000000e+00 1.126994904911769874e-01 1.386069580476876062e-01 0.000000000000000000e+00 2.817514961557318273e-02 0.000000000000000000e+00 0.000000000000000000e+00 0.000000000000000000e+00 1.283491240889189366e-01 1.111599929356336947e-02 1.382387641305573012e-01 0.000000000000000000e+00
0.000000000000000000e+00 9.402652866919468388e-02 1.508167228057577802e-01 0.000000000000000000e+00 1.346739527745680065e-01 8.479576730255838912e-02 1.160711056691276083e-01 5.355524518154965163e-02 0.000000000000000000e+00 0.000000000000000000e+00 0.000000000000000000e+00 0.000000000000000000e+00 5.535904448962722380e-03 0.000000000000000000e+00 1.619199985669929343e-01 0.000000000000000000e+00 0.000000000000000000e+00 0.000000000000000000e+00 1.559343513294590700e-01 0.000000000000000000e+00 0.000000000000000000e+00 0.000000000000000000e+00 1.147089329761986388e-02 2.928779866908558238e-02 1.911731285123766675e-03
7.321741808091078441e-02 4.489249592059140620e-02 3.108146353301453196e-02 1.206885165980401131e-01 1.452223724864491012e-03 1.785974874245048472e-02 3.591998529657744466e-02 2.129441471960677457e-02 1.607486928576682544e-02 1.325222307027148771e-01 0.000000000000000000e+00 3.825791048496358666e-03 5.137538883066462706e-04 0.000000000000000000e+00 2.622792291311594123e-02 0.000000000000000000e+00 1.458643372762712109e-01 1.355932756327462019e-01 8.583446189413361516e-03 5.398394252349321062e-03 1.509674513574341820e-02 1.308921393411688061e-01 1.876321858547909220e-03 7.718195320502269433e-03 2.340631053880076751e-02
0.000000000000000000e+00 2.433872200094765875e-02 4.118448403000114777e-02 0.000000000000000000e+00 1.390584216424453623e-01 0.000000000000000000e+00 2.571745508985174428e-02 1.670001097053607497e-01 2.123481206311523834e-03 9.059089880846322995e-02 0.000000000000000000e+00 1.197778879391913215e-01 0.000000000000000000e+00 0.000000000000000000e+00 0.000000000000000000e+00 3.677748317336419076e-02 2.361226001694984311e-01 0.000000000000000000e+00 3.759478492567767255e-02 0.000000000000000000e+00 0.000000000000000000e+00 2.577880536696176925e-03 5.996028520169690429e-02 0.000000000000000000e+00 1.717550557049376050e-02
0.000000000000000000e+00 0.000000000000000000e+00 0.000000000000000000e+00 9.134333113904581636e-03 0.000000000000000000e+00 1.039794656148509966e-01 1.531815700855139184e-01 7.877828259271014294e-03 3.357651753324146244e-03 0.000000000000000000e+00 0.000000000000000000e+00 4.247281451114207074e-02 2.823389406423723949e-02 0.000000000000000000e+00 1.376354092042174904e-01 1.371611536814872634e-01 0.000000000000000000e+00 8.768334493581768363e-03 1.761831870905867237e-01 0.000000000000000000e+00 0.000000000000000000e+00 1.637812252880040120e-01 0.000000000000000000e+00 2.823313283987867114e-02 0.000000000000000000e+00
0.000000000000000000e+00 1.088141615486859642e-01 1.607693014538524590e-01 0.000000000000000000e+00 0.000000000000000000e+00 1.460197873156822979e-01 1.201256913698011720e-03 3.430558649295502999e-02 0.000000000000000000e+00 0.000000000000000000e+00 0.000000000000000000e+00 1.469719371730572877e-01 0.000000000000000000e+00 0.000000000000000000e+00 0.000000000000000000e+00 1.237079257306295671e-02 1.554532753155450364e-01 0.000000000000000000e+00 2.030363632786306993e-01 3.874730947191329551e-03 0.000000000000000000e+00 0.000000000000000000e+00 1.770118985598095190e-02 0.000000000000000000e+00 9.481617131657911479e-03
0.000000000000000000e+00 0.000000000000000000e+00 0.000000000000000000e+00 0.000000000000000000e+00 2.474941235980211152e-01 4.160843084068775732e-02 1.460931125323567670e-01 1.591714122511714569e-01 0.000000000000000000e+00 0.000000000000000000e+00 0.000000000000000000e+00 0.000000000000000000e+00 0.000000000000000000e+00 0.000000000000000000e+00 2.500976724067260556e-02 0.000000000000000000e+00 0.000000000000000000e+00 0.000000000000000000e+00 1.476492966279708552e-01 4.104677869964556969e-02 0.000000000000000000e+00 1.423229367909157883e-01 0.000000000000000000e+00 3.762341109472022022e-02 1.198073032383771205e-02
0.000000000000000000e+00 1.528371199167944880e-02 1.055403349713030792e-01 1.827446851428084912e-02 2.762758267347591688e-03 0.000000000000000000e+00 3.253261004539449719e-02 1.546528352377527782e-01 8.501024378571359411e-03 2.497596700492497879e-02 0.000000000000000000e+00 1.228062664998280235e-01 2.571218355676888664e-03 1.292132439189132287e-01 9.238051332843787850e-03 0.000000000000000000e+00 1.216001857136637387e-01 0.000000000000000000e+00 5.337910816143098813e-02 1.808629096554738649e-02 8.421428152610188275e-03 1.591544057818004287e-01 0.000000000000000000e+00 0.000000000000000000e+00 1.300609070643061332e-02
2.153585079098060094e-03 1.092242180950916686e-01 0.000000000000000000e+00 0.000000000000000000e+00 0.000000000000000000e+00 8.695159053348375244e-02 2.624645689603862311e-02 0.000000000000000000e+00 0.000000000000000000e+00 6.100382978706358345e-02 0.000000000000000000e+00 4.771395656746101055e-02 0.000000000000000000e+00 1.304873966434945132e-01 1.227162650878885070e-01 0.000000000000000000e+00 9.518448943477923058e-03 1.292812442261385975e-01 3.627023579121345376e-02 2.235724291895780855e-02 2.713751865652622164e-02 0.000000000000000000e+00 9.480961288918367952e-03 0.000000000000000000e+00 1.794570494851480680e-01
0.000000000000000000e+00 0.000000000000000000e+00 1.517265064108709594e-01 0.000000000000000000e+00 3.945123758025945171e-02 1.291721091906188890e-01 7.031060613116491172e-03 1.169553688293784553e-02 4.538576506681684351e-03 2.684604283814748596e-02 0.000000000000000000e+00 1.351636797018880842e-01 0.000000000000000000e+00 1.351264854786938530e-01 0.000000000000000000e+00 0.000000000000000000e+00 1.179162020787496643e-02 0.000000000000000000e+00 6.646067372146985397e-03 1.769182408113648131e-01 8.306639153755663793e-03 3.630714425646128316e-03 0.000000000000000000e+00 4.166564728652002655e-03 1.477889180973446792e-01
0.000000000000000000e+00 0.000000000000000000e+00 8.085930083373972510e-02 1.786606044578191443e-02 1.191688612790116203e-01 0.000000000000000000e+00 1.460003829663138741e-01 4.589403343662538243e-02 0.000000000000000000e+00 3.102524496428037126e-02 0.000000000000000000e+00 3.888222434803985991e-03 0.000000000000000000e+00 0.000000000000000000e+00 0.000000000000000000e+00 0.000000000000000000e+00 1.765385819027033287e-01 1.387432529926631852e-01 1.688575186246660254e-01 0.000000000000000000e+00 0.000000000000000000e+00 4.937990319556494895e-02 2.177863692384559083e-02 0.000000000000000000e+00 0.000000000000000000e+00
0.000000000000000000e+00 0.000000000000000000e+00 0.000000000000000000e+00 0.000000000000000000e+00 8.562003332790031618e-02 0.000000000000000000e+00 2.210109245970338747e-03 1.581004765432802439e-01 1.043500618180239897e-01 0.000000000000000000e+00 0.000000000000000000e+00 1.156875161906084221e-01 0.000000000000000000e+00 1.091403498554872724e-02 0.000000000000000000e+00 0.000000000000000000e+00 2.866440780112189390e-01 4.476577479900810397e-02 1.447681003276618805e-01 3.098062189036372011e-02 0.000000000000000000e+00 0.000000000000000000e+00 1.595919286041547897e-02 0.000000000000000000e+00 0.000000000000000000e+00
2.413038706631721181e-02 0.000000000000000000e+00 6.277810688605876821e-02 0.000000000000000000e+00 1.296858927926619436e-02 0.000000000000000000e+00 1.471214723431489291e-01 1.587024491682530181e-01 0.000000000000000000e+00 2.203194195541808009e-01 0.000000000000000000e+00 3.934729312503389836e-02 0.000000000000000000e+00 0.000000000000000000e+00 0.000000000000000000e+00 0.000000000000000000e+00 1.010473576094110815e-01 0.000000000000000000e+00 1.437927215805410719e-01 0.000000000000000000e+00 0.000000000000000000e+00 2.403201773332566335e-02 1.222218218045239592e-02 0.000000000000000000e+00 5.353800347401101167e-02
1.082041375579801887e-02 2.547595189581000966e-02 5.927596201304513243e-03 0.000000000000000000e+00 1.370820859352174792e-01 1.065683189394802249e-01 1.471603691874558417e-01 3.890857127127902992e-02 0.000000000000000000e+00 0.000000000000000000e+00 0.000000000000000000e+00 0.000000000000000000e+00 0.000000000000000000e+00 1.799856232527901126e-02 1.410501478047241075e-01 0.000000000000000000e+00 1.665744689996098010e-02 0.000000000000000000e+00 2.751563245307723712e-02 0.000000000000000000e+00 1.256000281588273704e-01 0.000000000000000000e+00 3.675024671718110647e-02 1.124624506161468057e-02 1.512383833929902832e-01
0.000000000000000000e+00 0.000000000000000000e+00 4.712271663392790001e-03 0.000000000000000000e+00 1.349047513161130696e-01 1.707232901355308641e-02 1.399604884711500297e-01 1.221880099422649052e-01 2.784409411833430395e-02 5.733254217552820504e-03 0.000000000000000000e+00 1.166291638133314656e-01 7.430040025027695796e-03 3.856949573640001266e-02 1.315048244812199452e-01 0.000000000000000000e+00 0.000000000000000000e+00 0.000000000000000000e+00 0.000000000000000000e+00 6.807067571169823916e-02 0.000000000000000000e+00 4.233540167314659569e-03 0.000000000000000000e+00 3.125019861846289188e-02 1.498968627041840362e-01
0.000000000000000000e+00 0.000000000000000000e+00 0.000000000000000000e+00 0.000000000000000000e+00 1.412319988072593679e-01 1.729286912217626801e-02 1.269045014253198933e-01 1.595317335482100973e-01 0.000000000000000000e+00 2.226710174694886135e-01 0.000000000000000000e+00 2.579053647483079293e-03 0.000000000000000000e+00 0.000000000000000000e+00 5.786631501487641410e-02 3.865866716559480248e-02 3.961484573400304160e-02 1.333284930569204607e-01 0.000000000000000000e+00 0.000000000000000000e+00 0.000000000000000000e+00 0.000000000000000000e+00 6.032050500866784765e-02 0.000000000000000000e+00 0.000000000000000000e+00
8.040556102494428661e-03 0.000000000000000000e+00 0.000000000000000000e+00 0.000000000000000000e+00 4.538107330354430868e-02 0.000000000000000000e+00 0.000000000000000000e+00 1.470703150138230053e-01 0.000000000000000000e+00 1.343456156384353617e-01 1.078547466239734159e-02 2.505398893634567387e-02 1.594522755673705161e-02 3.821980506099488528e-02 1.557052022509174960e-01 0.000000000000000000e+00 1.411157576980488493e-01 0.000000000000000000e+00 0.000000000000000000e+00 8.691137227246678587e-02 0.000000000000000000e+00 0.000000000000000000e+00 0.000000000000000000e+00 4.446355352834354541e-02 1.469620579754511991e-01
0.000000000000000000e+00 0.000000000000000000e+00 4.666759930707334303e-02 0.000000000000000000e+00 0.000000000000000000e+00 3.617569931737375788e-02 1.425828379826865888e-01 0.000000000000000000e+00 0.000000000000000000e+00 1.098409245226347059e-02 0.000000000000000000e+00 0.000000000000000000e+00 0.000000000000000000e+00 1.105446147280262498e-01 1.592176685825819338e-01 0.000000000000000000e+00 3.631750627193183756e-02 0.000000000000000000e+00 0.000000000000000000e+00 0.000000000000000000e+00 1.241864612137269924e-01 3.650536175350072715e-02 1.333327041077532193e-01 1.513675784204686348e-01 1.211787586261315816e-02
0.000000000000000000e+00 1.477600465275649005e-02 4.034724562336753501e-02 1.070137404153408689e-01 9.596521140616924572e-02 5.334945202058833519e-02 1.655759469505913295e-01 4.396265680979327684e-02 0.000000000000000000e+00 0.000000000000000000e+00 0.000000000000000000e+00 1.154220009212384053e-02 0.000000000000000000e+00 0.000000000000000000e+00 1.061744388876568676e-02 1.271572057072967166e-02 1.463085115063902375e-01 1.423784817829756577e-01 1.535072528878956288e-01 0.000000000000000000e+00 0.000000000000000000e+00 0.000000000000000000e+00 0.000000000000000000e+00 0.000000000000000000e+00 1.940131392512228119e-03
7.459058463135877920e-03 1.104799699871544805e-01 1.364750028410813276e-01 0.000000000000000000e+00 3.324001004045810254e-02 0.000000000000000000e+00 0.000000000000000000e+00 1.546774995549739240e-01 0.000000000000000000e+00 0.000000000000000000e+00 0.000000000000000000e+00 6.973239395929942130e-02 0.000000000000000000e+00 2.344569075118397954e-03 1.303249886101890131e-01 0.000000000000000000e+00 0.000000000000000000e+00 4.699741039451597706e-03 2.748984123414704300e-02 1.612212703534605246e-02 0.000000000000000000e+00 6.844942902965126842e-03 5.516686578877511710e-02 9.516213514471642820e-02 1.497808543231880785e-01
0.000000000000000000e+00 0.000000000000000000e+00 0.000000000000000000e+00 0.000000000000000000e+00 1.605307055362595325e-01 3.782205698180696879e-02 1.486399439104656994e-01 8.938874625073708891e-02 4.237378736119875450e-02 2.844426826170169328e-02 0.000000000000000000e+00 0.000000000000000000e+00 0.000000000000000000e+00 0.000000000000000000e+00 3.105567489765192687e-02 1.463188417581157696e-01 9.463637691341809932e-02 2.132046280304631357e-03 1.549712719569488473e-01 0.000000000000000000e+00 0.000000000000000000e+00 0.000000000000000000e+00 2.455339720231880605e-03 2.278174231126489299e-02 3.844919785989428518e-02
1.489001209039516639e-02 0.000000000000000000e+00 0.000000000000000000e+00 0.000000000000000000e+00 1.393128839549543085e-01 0.000000000000000000e+00 3.083093062592512368e-02 1.549110650088003638e-01 0.000000000000000000e+00 9.939395299795872329e-03 0.000000000000000000e+00 1.496659952901457091e-01 0.000000000000000000e+00 2.010997238342645752e-02 1.922552235926953956e-02 0.000000000000000000e+00 0.000000000000000000e+00 0.000000000000000000e+00 0.000000000000000000e+00 1.600155633709483827e-01 0.000000000000000000e+00 1.332902945352021917e-01 2.033661754788083920e-02 1.474717475332559813e-01 0.000000000000000000e+00
0.000000000000000000e+00 1.144746730183536093e-01 1.586404694154349426e-01 0.000000000000000000e+00 0.000000000000000000e+00 0.000000000000000000e+00 1.420709313319395428e-01 2.234966186346201422e-01 0.000000000000000000e+00 2.938233206574281456e-02 0.000000000000000000e+00 0.000000000000000000e+00 0.000000000000000000e+00 0.000000000000000000e+00 0.000000000000000000e+00 0.000000000000000000e+00 8.616193913774240765e-02 0.000000000000000000e+00 0.000000000000000000e+00 4.433955840289666162e-02 0.000000000000000000e+00 4.511655893718394261e-03 2.315820861412755047e-02 1.549778403858712017e-01 1.878577309955270502e-02
0.000000000000000000e+00 0.000000000000000000e+00 1.743228184831940308e-01 6.625115028385060445e-02 1.568382736227237340e-01 0.000000000000000000e+00 2.615416509954507189e-03 1.475417234618954798e-01 0.000000000000000000e+00 1.055069781723695817e-03 0.000000000000000000e+00 1.015124601481353847e-02 8.096023621881663634e-02 0.000000000000000000e+00 2.809158067978863305e-02 0.000000000000000000e+00 6.066794765426782726e-02 4.735202258020782679e-02 2.617162196957333389e-02 2.176083057958624542e-03 0.000000000000000000e+00 1.472480692552517734e-01 2.412964436821609781e-03 2.292381884069252460e-02 2.321995714846569400e-02
0.000000000000000000e+00 4.769381969723999332e-02 0.000000000000000000e+00 0.000000000000000000e+00 1.464995192968253646e-01 0.000000000000000000e+00 1.978343094200693542e-01 0.000000000000000000e+00 0.000000000000000000e+00 1.186792421893812302e-02 0.000000000000000000e+00 0.000000000000000000e+00 0.000000000000000000e+00 1.177430252280020585e-03 1.121510726154349019e-01 0.000000000000000000e+00 5.258611653790278007e-02 1.280356800586630317e-01 0.000000000000000000e+00 0.000000000000000000e+00 0.000000000000000000e+00 1.282328001720894894e-02 0.000000000000000000e+00 1.282903688323800417e-01 1.610404790530574615e-01
0.000000000000000000e+00 2.597954210534995576e-02 3.100324304903555664e-02 1.699917494416031127e-02 1.519311994930306886e-01 0.000000000000000000e+00 1.420247654188198094e-01 1.908983840569038887e-02 0.000000000000000000e+00 0.000000000000000000e+00 0.000000000000000000e+00 7.757627110979541107e-02 9.180002749995909428e-02 2.261748771383675916e-02 1.168777084347992663e-02 0.000000000000000000e+00 3.646492611426734726e-02 0.000000000000000000e+00 2.163722783323743515e-01 1.718106508660903128e-02 0.000000000000000000e+00 0.000000000000000000e+00 4.898796740675245495e-03 0.000000000000000000e+00 1.343736131429161262e-01
5.996367090698084303e-03 8.189964294522007748e-02 5.075916266824244405e-02 0.000000000000000000e+00 2.174071392576053339e-03 1.464292221572392402e-02 4.773818066113275430e-03 2.195155800744576780e-01 0.000000000000000000e+00 3.671251114372642982e-02 0.000000000000000000e+00 5.246496344892765187e-03 0.000000000000000000e+00 4.890202042226727934e-03 9.615247769430925601e-03 2.952195282042165136e-02 2.140908693665159734e-02 4.695590973696373016e-03 3.007434574599515686e-02 1.003439360549620851e-01 3.246579798909728781e-02 7.513116416151725298e-03 6.432542639363689890e-03 1.994680828893792834e-01 1.318495257809727539e-01
0.000000000000000000e+00 2.729208819233622241e-03 0.000000000000000000e+00 3.281482956896815103e-04 0.000000000000000000e+00 1.192244409295084989e-01 2.422834718690359823e-01 1.175603641963826260e-02 0.000000000000000000e+00 1.308303936641743923e-02 0.000000000000000000e+00 1.430948012930267355e-01 0.000000000000000000e+00 2.386310105803993165e-02 6.157420859645686487e-03 0.000000000000000000e+00 4.185188234022965345e-03 1.029611674810785582e-01 1.933978342068379264e-02 0.000000000000000000e+00 0.000000000000000000e+00 0.000000000000000000e+00 0.000000000000000000e+00 1.590741993197484772e-01 1.519199926342303664e-01
0.000000000000000000e+00 2.215401908369386830e-02 7.642191461296313215e-02 3.878810149908954591e-02 1.399101761759369289e-01 0.000000000000000000e+00 8.134706095202665077e-02 7.681675225579340238e-02 0.000000000000000000e+00 1.028193920995802528e-02 0.000000000000000000e+00 2.238019520807539020e-01 3.729358422311144367e-02 0.000000000000000000e+00 1.372354626753774639e-03 0.000000000000000000e+00 1.065320998717809824e-02 0.000000000000000000e+00 0.000000000000000000e+00 0.000000000000000000e+00 0.000000000000000000e+00 1.413437517297245760e-01 1.000692866807181315e-02 1.298082548949448800e-01 0.000000000000000000e+00
0.000000000000000000e+00 2.331636392602214752e-02 9.877535755697233744e-02 0.000000000000000000e+00 1.443066990025690111e-01 9.185330138093462937e-02 5.027671651550277843e-02 7.488802812691167099e-02 0.000000000000000000e+00 0.000000000000000000e+00 0.000000000000000000e+00 1.647370309522469545e-02 0.000000000000000000e+00 0.000000000000000000e+00 0.000000000000000000e+00 0.000000000000000000e+00 2.908617578408386264e-02 1.312765993300338829e-01 0.000000000000000000e+00 0.000000000000000000e+00 4.765289459347821742e-03 0.000000000000000000e+00 3.163526524705677356e-02 1.544333827582681506e-01 1.489131178170723102e-01
