0.000000000000000000e+00 1.828712999307151267e-03 3.412108157483561416e-03 0.000000000000000000e+00 1.801502472666197952e-01 6.172442258594337990e-03 1.150963683655841369e-01 9.414340898221215670e-02 7.546808970176994980e-02 4.465261546428900274e-03 0.000000000000000000e+00 7.871088135372653061e-02 0.000000000000000000e+00 2.783734894900727688e-03 1.314706616212609203e-01 0.000000000000000000e+00 0.000000000000000000e+00 1.357644040571460708e-01 0.000000000000000000e+00 0.000000000000000000e+00 0.000000000000000000e+00 4.991942241432112230e-03 3.488669570578545320e-02 0.000000000000000000e+00 1.306550408477481773e-01
0.000000000000000000e+00 1.632916001286019991e-01 0.000000000000000000e+00 0.000000000000000000e+00 1.461401144874328040e-01 1.831510185095639454e-01 1.501746182523819861e-01 0.000000000000000000e+00 0.000000000000000000e+00 0.000000000000000000e+00 2.409311511391062574e-02 1.309767257018314701e-01 0.000000000000000000e+00 0.000000000000000000e+00 3.036839984835745104e-02 0.000000000000000000e+00 0.000000000000000000e+00 0.000000000000000000e+00 0.000000000000000000e+00 0.000000000000000000e+00 1.563340435651960209e-02 0.000000000000000000e+00 1.561710036014000436e-01 0.000000000000000000e+00 0.000000000000000000e+00
6.436953480280589203e-03 1.187271367517374748e-01 3.999249295760939037e-03 1.277415471488168031e-01 0.000000000000000000e+00 0.000000000000000000e+00 1.841405455961760695e-01 1.151212944068155247e-01 0.000000000000000000e+00 0.000000000000000000e+00 0.000000000000000000e+00 0.000000000000000000e+00 9.253971350585230710e-03 1.659263238383009917e-02 1.687941782635238031e-01 1.177423455461579505e-01 0.000000000000000000e+00 1.535764405681210552e-02 9.993003741596792090e-04 0.000000000000000000e+00 0.000000000000000000e+00 7.821883400855028645e-02 0.000000000000000000e+00 3.298490764326430374e-02 3.889459693529024632e-03
0.000000000000000000e+00 1.429080469227351491e-01 0.000000000000000000e+00 2.260161143690446184e-01 2.197929108831223402e-02 1.448169793678623918e-01 0.000000000000000000e+00 0.000000000000000000e+00 0.000000000000000000e+00 0.000000000000000000e+00 8.554623606504940803e-02 1.905507426180572672e-01 0.000000000000000000e+00 0.000000000000000000e+00 7.499066449941026169e-02 0.000000000000000000e+00 0.000000000000000000e+00 4.070191826141141694e-02 0.000000000000000000e+00 0.000000000000000000e+00 0.000000000000000000e+00 0.000000000000000000e+00 7.249000680811726327e-02 0.000000000000000000e+00 0.000000000000000000e+00
0.000000000000000000e+00 9.502387205709640627e-02 0.000000000000000000e+00 7.715402279241920236e-02 1.434868260605792201e-01 0.000000000000000000e+00 3.671098909608728339e-02 1.669393758282961271e-01 0.000000000000000000e+00 2.813040748462850363e-02 0.000000000000000000e+00 8.075040284534601431e-02 0.000000000000000000e+00 0.000000000000000000e+00 5.837397940755540554e-02 0.000000000000000000e+00 7.011918224540390765e-02 0.000000000000000000e+00 3.189972038096273305e-02 2.243975867496661447e-02 0.000000000000000000e+00 0.000000000000000000e+00 9.383928478082617652e-02 9.513217834583251320e-02 0.000000000000000000e+00
2.827953046858412700e-02 0.000000000000000000e+00 0.000000000000000000e+00 0.000000000000000000e+00 1.535183214884254799e-01 0.000000000000000000e+00 1.496105471142813725e-01 1.779762857117474784e-01 0.000000000000000000e+00 0.000000000000000000e+00 0.000000000000000000e+00 3.133821784818008882e-01 0.000000000000000000e+00 0.000000000000000000e+00 3.331131896914761581e-02 0.000000000000000000e+00 0.000000000000000000e+00 0.000000000000000000e+00 0.000000000000000000e+00 0.000000000000000000e+00 0.000000000000000000e+00 0.000000000000000000e+00 5.796688301025149613e-03 1.381251294649878114e-01 0.000000000000000000e+00
5.238336749090953884e-03 0.000000000000000000e+00 1.373294301517282434e-01 4.470999664128226525e-02 1.508649042289299524e-01 1.160438185115889170e-01 1.989686219842833059e-02 1.058677789510245049e-01 0.000000000000000000e+00 0.000000000000000000e+00 5.263040456470891720e-02 0.000000000000000000e+00 0.000000000000000000e+00 0.000000000000000000e+00 1.788068722395698418e-01 0.000000000000000000e+00 0.000000000000000000e+00 0.000000000000000000e+00 4.177193853301707643e-02 0.000000000000000000e+00 0.000000000000000000e+00 0.000000000000000000e+00 5.460617151264453295e-03 0.000000000000000000e+00 1.413790400793665247e-01
0.000000000000000000e+00 1.336388607575438314e-01 6.802990799284685391e-03 3.811461642388548621e-02 8.427959602340831524e-02 0.000000000000000000e+00 1.208214391266683591e-01 1.802038907845096571e-02 0.000000000000000000e+00 5.191606532688753869e-03 1.194175463303327918e-02 6.539599148035117604e-02 0.000000000000000000e+00 0.000000000000000000e+00 2.132260791703209091e-01 0.000000000000000000e+00 1.010182825567639830e-01 0.000000000000000000e+00 0.000000000000000000e+00 0.000000000000000000e+00 0.000000000000000000e+00 1.297839939726670999e-01 0.000000000000000000e+00 5.607654103877245805e-02 1.568785840616076718e-02
3.803734873851046666e-02 1.146798256028090240e-01 1.728328276555712861e-02 1.501165147368636182e-02 3.225296573239627151e-01 0.000000000000000000e+00 4.406403929225601729e-02 1.612088342386941153e-01 0.000000000000000000e+00 0.000000000000000000e+00 0.000000000000000000e+00 1.471720129619579487e-01 1.233080350928718871e-01 0.000000000000000000e+00 0.000000000000000000e+00 0.000000000000000000e+00 0.000000000000000000e+00 1.670531250969438386e-02 0.000000000000000000e+00 0.000000000000000000e+00 0.000000000000000000e+00 0.000000000000000000e+00 0.000000000000000000e+00 0.000000000000000000e+00 0.000000000000000000e+00
0.000000000000000000e+00 0.000000000000000000e+00 0.000000000000000000e+00 0.000000000000000000e+00 2.002585282983513834e-02 0.000000000000000000e+00 2.762194454341841410e-01 1.804248802340239211e-01 0.000000000000000000e+00 5.826427174425500427e-03 0.000000000000000000e+00 1.401671299620232680e-01 0.000000000000000000e+00 0.000000000000000000e+00 3.463238782836671609e-02 0.000000000000000000e+00 0.000000000000000000e+00 0.000000000000000000e+00 1.729773807312715017e-01 2.730997000362628616e-02 0.000000000000000000e+00 3.027702620092797593e-03 0.000000000000000000e+00 0.000000000000000000e+00 1.393888231821507340e-01
0.000000000000000000e+00 0.000000000000000000e+00 1.650935756603013338e-01 1.328462158517237923e-01 1.098981133099662943e-01 1.355553768709890673e-02 3.595597793543714752e-04 1.632399584496314893e-01 0.000000000000000000e+00 0.000000000000000000e+00 0.000000000000000000e+00 1.691240094972196462e-01 0.000000000000000000e+00 0.000000000000000000e+00 2.361504605843284949e-02 0.000000000000000000e+00 3.580814462941471488e-02 0.000000000000000000e+00 1.706415269940828039e-02 0.000000000000000000e+00 0.000000000000000000e+00 3.230394850944397211e-02 0.000000000000000000e+00 1.370917378680043541e-01 0.000000000000000000e+00
0.000000000000000000e+00 0.000000000000000000e+00 2.017420873229038569e-01 0.000000000000000000e+00 2.874142897748985237e-01 0.000000000000000000e+00 1.520271303168391763e-01 1.782047202194090296e-01 0.000000000000000000e+00 6.228812677744866022e-02 0.000000000000000000e+00 2.527415551246334213e-02 0.000000000000000000e+00 0.000000000000000000e+00 2.783014976342291363e-02 0.000000000000000000e+00 3.328207393708648015e-02 2.136496113321896886e-02 0.000000000000000000e+00 0.000000000000000000e+00 0.000000000000000000e+00 0.000000000000000000e+00 0.000000000000000000e+00 0.000000000000000000e+00 1.057230524230899811e-02
8.139345727084033866e-02 1.202854808786365387e-01 0.000000000000000000e+00 1.480380775577991304e-01 0.000000000000000000e+00 0.000000000000000000e+00 5.207906630860725805e-02 1.612573726901057325e-01 1.411643711984529245e-02 6.270568839905084346e-02 9.177003478754988328e-03 0.000000000000000000e+00 0.000000000000000000e+00 1.541429737958117420e-02 1.321061074303152005e-01 0.000000000000000000e+00 0.000000000000000000e+00 0.000000000000000000e+00 0.000000000000000000e+00 1.821379385746282539e-02 0.000000000000000000e+00 1.965918463805745378e-02 0.000000000000000000e+00 4.704387134569006090e-02 1.185101616452531315e-01
0.000000000000000000e+00 0.000000000000000000e+00 0.000000000000000000e+00 0.000000000000000000e+00 1.915559308256195026e-01 0.000000000000000000e+00 1.729449882691181661e-01 0.000000000000000000e+00 0.000000000000000000e+00 1.702457061285191087e-01 0.000000000000000000e+00 0.000000000000000000e+00 0.000000000000000000e+00 0.000000000000000000e+00 0.000000000000000000e+00 3.812349359183667130e-02 0.000000000000000000e+00 1.240657613647731528e-01 1.354655325392848109e-01 0.000000000000000000e+00 0.000000000000000000e+00 0.000000000000000000e+00 1.275899019549092406e-01 0.000000000000000000e+00 4.000868532593924304e-02
0.000000000000000000e+00 3.056941399406112522e-02 2.621208538428561607e-01 0.000000000000000000e+00 3.199138881879182855e-02 0.000000000000000000e+00 0.000000000000000000e+00 1.545453866353374006e-01 0.000000000000000000e+00 1.878101207184763866e-02 0.000000000000000000e+00 3.204097467612842531e-01 0.000000000000000000e+00 0.000000000000000000e+00 2.098959957148980801e-03 0.000000000000000000e+00 3.934475484354407054e-03 0.000000000000000000e+00 0.000000000000000000e+00 0.000000000000000000e+00 0.000000000000000000e+00 4.193767647216464604e-03 0.000000000000000000e+00 0.000000000000000000e+00 1.713549947871015333e-01
1.578845640256142449e-02 2.833317206608520350e-03 1.208627894119742169e-01 1.890427272537799352e-02 1.744596402863029250e-01 0.000000000000000000e+00 5.958894835813662721e-02 2.230635405031265728e-02 0.000000000000000000e+00 1.254479852780860660e-01 0.000000000000000000e+00 6.143734529878816519e-02 1.791671034446754365e-02 0.000000000000000000e+00 1.576203476912265977e-01 0.000000000000000000e+00 0.000000000000000000e+00 8.467393888734449370e-02 0.000000000000000000e+00 7.217682402386642673e-03 0.000000000000000000e+00 0.000000000000000000e+00 0.000000000000000000e+00 0.000000000000000000e+00 1.309422116564261385e-01
0.000000000000000000e+00 0.000000000000000000e+00 1.426861791452991579e-01 0.000000000000000000e+00 7.970696214916564437e-02 0.000000000000000000e+00 2.420420999262766840e-02 1.595336757179128817e-01 0.000000000000000000e+00 4.187534181556836974e-03 0.000000000000000000e+00 7.507289873953659765e-02 0.000000000000000000e+00 0.000000000000000000e+00 8.335987883712653312e-02 0.000000000000000000e+00 1.388815086909788998e-01 5.202959001778430931e-02 1.002790471618536655e-01 2.265468878308577946e-02 0.000000000000000000e+00 1.170350753274310845e-01 0.000000000000000000e+00 0.000000000000000000e+00 3.687512556409017921e-04
0.000000000000000000e+00 3.878749901162955455e-02 3.633191142796711437e-04 1.232126680178865924e-01 0.000000000000000000e+00 5.408499697087085917e-02 1.191180915390256528e-01 1.581191364541116862e-01 5.457781236855165780e-02 2.429167130027198307e-01 0.000000000000000000e+00 4.441379050230643416e-02 0.000000000000000000e+00 0.000000000000000000e+00 3.381078228471402075e-02 0.000000000000000000e+00 0.000000000000000000e+00 0.000000000000000000e+00 9.897274203691745764e-02 0.000000000000000000e+00 0.000000000000000000e+00 1.303983708441125260e-02 0.000000000000000000e+00 0.000000000000000000e+00 1.858261161257526717e-02
0.000000000000000000e+00 1.890356894396486021e-01 9.529845437636774372e-03 0.000000000000000000e+00 7.051625510440256983e-02 0.000000000000000000e+00 1.920716257945741245e-01 1.983244281228347394e-01 0.000000000000000000e+00 0.000000000000000000e+00 1.093600854614734837e-02 0.000000000000000000e+00 0.000000000000000000e+00 0.000000000000000000e+00 1.531844489565128420e-01 0.000000000000000000e+00 0.000000000000000000e+00 7.666796345719329060e-04 0.000000000000000000e+00 2.343203364199692579e-02 0.000000000000000000e+00 3.676543899287482153e-03 0.000000000000000000e+00 0.000000000000000000e+00 1.485264414223866625e-01
1.537152815858507278e-02 3.799506483557769931e-02 2.353302698742127351e-03 1.138136675894628747e-01 0.000000000000000000e+00 1.071279863174706866e-02 2.382345354430431827e-02 1.349615348827280792e-01 2.979441147092711309e-02 1.424998212854643453e-01 0.000000000000000000e+00 0.000000000000000000e+00 5.260040874972945341e-03 5.494722021524429435e-03 1.710457159625831669e-01 0.000000000000000000e+00 6.926710041061887035e-02 0.000000000000000000e+00 7.351736930025104880e-03 3.902761949949643504e-03 0.000000000000000000e+00 0.000000000000000000e+00 8.453866674191914954e-02 0.000000000000000000e+00 1.418136720108680304e-01
1.442396806515020523e-02 0.000000000000000000e+00 0.000000000000000000e+00 1.735819837199889179e-02 1.742973914631920918e-01 1.700219992836792537e-01 2.040311550701135596e-02 6.860767270955950639e-03 0.000000000000000000e+00 0.000000000000000000e+00 0.000000000000000000e+00 1.796722952196616596e-01 1.846697813097899002e-02 0.000000000000000000e+00 0.000000000000000000e+00 0.000000000000000000e+00 1.030175838787061732e-01 1.217083088595928564e-01 0.000000000000000000e+00 2.942459977481112245e-03 0.000000000000000000e+00 0.000000000000000000e+00 1.367664918131333103e-03 0.000000000000000000e+00 1.694592690534601487e-01
0.000000000000000000e+00 9.378041357856763127e-02 5.508687712110567347e-02 0.000000000000000000e+00 1.385145339744311699e-01 0.000000000000000000e+00 3.040842157730445222e-02 0.000000000000000000e+00 9.068908261050232303e-03 1.293333439444532829e-01 0.000000000000000000e+00 1.854093486755510889e-01 0.000000000000000000e+00 0.000000000000000000e+00 2.298689816874398273e-01 0.000000000000000000e+00 0.000000000000000000e+00 1.250003334958822189e-02 0.000000000000000000e+00 0.000000000000000000e+00 0.000000000000000000e+00 0.000000000000000000e+00 2.791471580609226205e-02 5.865998242478491151e-03 8.224842378193773784e-02
0.000000000000000000e+00 8.459339353466054090e-02 1.336424467500876290e-01 0.000000000000000000e+00 0.000000000000000000e+00 0.000000000000000000e+00 2.526373244190305289e-01 8.378402034574664384e-03 0.000000000000000000e+00 0.000000000000000000e+00 0.000000000000000000e+00 2.355519286305348126e-01 0.000000000000000000e+00 0.000000000000000000e+00 1.394247808882099759e-01 0.000000000000000000e+00 0.000000000000000000e+00 0.000000000000000000e+00 1.457717237429019264e-01 0.000000000000000000e+00 0.000000000000000000e+00 0.000000000000000000e+00 0.000000000000000000e+00 0.000000000000000000e+00 0.000000000000000000e+00
0.000000000000000000e+00 1.382568350484038311e-01 1.168457491986233526e-01 2.660118744599684545e-02 1.911499861849063342e-01 3.420685734208886962e-03 8.694894496130957601e-04 0.000000000000000000e+00 1.032576714232297764e-03 1.038527468774887511e-02 0.000000000000000000e+00 4.260951707058249771e-02 0.000000000000000000e+00 7.210615049712982292e-04 1.925734415373437924e-01 0.000000000000000000e+00 0.000000000000000000e+00 1.205732988121723664e-01 5.607986703871659442e-03 0.000000000000000000e+00 0.000000000000000000e+00 0.000000000000000000e+00 0.000000000000000000e+00 0.000000000000000000e+00 1.493529099073249711e-01
0.000000000000000000e+00 0.000000000000000000e+00 0.000000000000000000e+00 0.000000000000000000e+00 2.730619958643606404e-01 0.000000000000000000e+00 0.000000000000000000e+00 1.666534174391426648e-01 7.890438103952025425e-03 1.832701436471367504e-02 0.000000000000000000e+00 1.509666481920932113e-01 0.000000000000000000e+00 0.000000000000000000e+00 6.636448474115195541e-03 0.000000000000000000e+00 1.292349558379110586e-01 0.000000000000000000e+00 5.427932848240555469e-02 0.000000000000000000e+00 0.000000000000000000e+00 1.267718260509184680e-01 6.617792719038749494e-02 0.000000000000000000e+00 0.000000000000000000e+00
0.000000000000000000e+00 0.000000000000000000e+00 0.000000000000000000e+00 0.000000000000000000e+00 3.923627561619706938e-01 0.000000000000000000e+00 1.780249506026855000e-01 0.000000000000000000e+00 0.000000000000000000e+00 0.000000000000000000e+00 0.000000000000000000e+00 0.000000000000000000e+00 0.000000000000000000e+00 0.000000000000000000e+00 1.379516013387714624e-01 1.507130114705868551e-01 0.000000000000000000e+00 0.000000000000000000e+00 0.000000000000000000e+00 0.000000000000000000e+00 0.000000000000000000e+00 0.000000000000000000e+00 0.000000000000000000e+00 0.000000000000000000e+00 1.409476804259856553e-01
0.000000000000000000e+00 3.718430537198452041e-02 1.593045572437196133e-01 0.000000000000000000e+00 1.400844439948607523e-01 0.000000000000000000e+00 3.394131699696996407e-02 1.610736106657652544e-01 0.000000000000000000e+00 0.000000000000000000e+00 7.544124678715792044e-03 1.541941392661684285e-01 0.000000000000000000e+00 0.000000000000000000e+00 2.146681989400951382e-02 0.000000000000000000e+00 0.000000000000000000e+00 0.000000000000000000e+00 0.000000000000000000e+00 1.511818982436599450e-02 0.000000000000000000e+00 1.101987151360747513e-01 2.060142520224130316e-02 1.392883517251241599e-01 0.000000000000000000e+00
0.000000000000000000e+00 4.198033087648441603e-02 9.001700568757621534e-02 0.000000000000000000e+00 1.203744120003013701e-01 0.000000000000000000e+00 2.964576523026342114e-01 2.875422835045613953e-02 0.000000000000000000e+00 0.000000000000000000e+00 0.000000000000000000e+00 0.000000000000000000e+00 0.000000000000000000e+00 0.000000000000000000e+00 0.000000000000000000e+00 0.000000000000000000e+00 7.798601461491894149e-02 0.000000000000000000e+00 1.153074957673151310e-02 1.093859150545388459e-01 0.000000000000000000e+00 0.000000000000000000e+00 1.606044333581549965e-01 4.958689844210114467e-02 1.332235973610218505e-02
0.000000000000000000e+00 0.000000000000000000e+00 1.528066437982640927e-02 2.249199408360504082e-02 3.801832430690650026e-03 4.316677769075350640e-02 0.000000000000000000e+00 2.732264881301503523e-02 0.000000000000000000e+00 2.010865188483956789e-02 6.199811505518296878e-03 3.980658179369646055e-01 1.020963628368633247e-01 6.866705537941678907e-03 1.201083119156380469e-01 0.000000000000000000e+00 0.000000000000000000e+00 0.000000000000000000e+00 0.000000000000000000e+00 0.000000000000000000e+00 0.000000000000000000e+00 1.148008526747346797e-01 1.041996816945210402e-01 0.000000000000000000e+00 1.548988661508803218e-02
0.000000000000000000e+00 0.000000000000000000e+00 2.012890005725411491e-01 0.000000000000000000e+00 1.525841559899011879e-01 0.000000000000000000e+00 4.536147250076380533e-02 0.000000000000000000e+00 2.529637330862484490e-03 1.538688516799724959e-01 0.000000000000000000e+00 3.065119013914568424e-01 5.606982650707960543e-03 0.000000000000000000e+00 1.958353075928417897e-02 2.507046411155753815e-02 6.750323031215587320e-03 0.000000000000000000e+00 2.370257084053770200e-03 0.000000000000000000e+00 0.000000000000000000e+00 0.000000000000000000e+00 2.458473378003953047e-02 1.246010759417367185e-02 4.142858152346979433e-02
0.000000000000000000e+00 1.844589807748716059e-01 0.000000000000000000e+00 0.000000000000000000e+00 0.000000000000000000e+00 0.000000000000000000e+00 3.500662134966265465e-02 1.759631110622840444e-01 4.122059874963560078e-02 0.000000000000000000e+00 0.000000000000000000e+00 3.238004398273395812e-01 0.000000000000000000e+00 0.000000000000000000e+00 0.000000000000000000e+00 0.000000000000000000e+00 0.000000000000000000e+00 1.204114349582287025e-01 0.000000000000000000e+00 0.000000000000000000e+00 0.000000000000000000e+00 1.032122394588732700e-01 1.592657381910453016e-02 0.000000000000000000e+00 0.000000000000000000e+00
0.000000000000000000e+00 3.057986605462712643e-02 1.977494339587158867e-02 0.000000000000000000e+00 0.000000000000000000e+00 0.000000000000000000e+00 4.448298326933345509e-02 1.698401161724830410e-01 0.000000000000000000e+00 1.088892095706693042e-01 0.000000000000000000e+00 2.033336239720707761e-01 0.000000000000000000e+00 0.000000000000000000e+00 9.402854464603560905e-03 8.747107551716519491e-02 0.000000000000000000e+00 0.000000000000000000e+00 2.710388848635995190e-02 9.507780060196122096e-02 0.000000000000000000e+00 5.484334270593232280e-02 2.590262160351288617e-02 1.047236347924556665e-01 1.857403939295389217e-02
0.000000000000000000e+00 0.000000000000000000e+00 0.000000000000000000e+00 1.081540404584594058e-02 2.222865805830901223e-02 7.163871434881766143e-02 7.358864520844319614e-03 6.709905657984892302e-02 7.693491469948489370e-02 1.349968364389173836e-01 0.000000000000000000e+00 3.106442911221319325e-01 0.000000000000000000e+00 0.000000000000000000e+00 1.058140643538977958e-02 2.736476409120604854e-03 0.000000000000000000e+00 0.000000000000000000e+00 0.000000000000000000e+00 0.000000000000000000e+00 0.000000000000000000e+00 2.513048579250162090e-02 9.157596346004914789e-02 1.893012578221418482e-02 1.493288023065246495e-01
0.000000000000000000e+00 0.000000000000000000e+00 0.000000000000000000e+00 0.000000000000000000e+00 3.257907585036400322e-01 0.000000000000000000e+00 1.549398858884316055e-01 0.000000000000000000e+00 0.000000000000000000e+00 1.691855623027800071e-01 0.000000000000000000e+00 1.667069452600642154e-01 0.000000000000000000e+00 0.000000000000000000e+00 0.000000000000000000e+00 0.000000000000000000e+00 0.000000000000000000e+00 1.089358394318683670e-01 0.000000000000000000e+00 0.000000000000000000e+00 0.000000000000000000e+00 0.000000000000000000e+00 2.548321586932561847e-02 4.895779274389026881e-02 0.000000000000000000e+00
0.000000000000000000e+00 0.000000000000000000e+00 7.351146801991756408e-02 1.188065199751441592e-01 7.613294282097099637e-03 3.086094193338556960e-02 1.307139236543910787e-01 4.461753756487118333e-02 1.445076003095342775e-03 0.000000000000000000e+00 0.000000000000000000e+00 7.749650526880359769e-02 0.000000000000000000e+00 0.000000000000000000e+00 1.610972924262652206e-01 5.122087828382560631e-02 0.000000000000000000e+00 0.000000000000000000e+00 2.530339580000273703e-02 0.000000000000000000e+00 0.000000000000000000e+00 8.537112304890678155e-03 4.880591633934172613e-03 1.204305647846169447e-01 1.434648980647591221e-01
0.000000000000000000e+00 5.311450027293365163e-04 2.374419142594346582e-02 0.000000000000000000e+00 1.357281553513629835e-01 0.000000000000000000e+00 1.657495212562205555e-01 0.000000000000000000e+00 3.213718594179262866e-02 0.000000000000000000e+00 9.843918123593916464e-03 1.748348668955270746e-01 3.623183238263384155e-03 0.000000000000000000e+00 1.420751291643106151e-01 2.016931117183223127e-02 0.000000000000000000e+00 0.000000000000000000e+00 7.142480921337207578e-02 0.000000000000000000e+00 0.000000000000000000e+00 0.000000000000000000e+00 0.000000000000000000e+00 0.000000000000000000e+00 2.201385832150517252e-01
0.000000000000000000e+00 2.011189820906648246e-02 1.414049062106734478e-01 1.548558008908840385e-02 2.429590451188842759e-01 6.899974351091719971e-02 0.000000000000000000e+00 3.492113997533809189e-02 0.000000000000000000e+00 1.290893958913311990e-01 0.000000000000000000e+00 9.237540032024620096e-02 0.000000000000000000e+00 0.000000000000000000e+00 5.734588058454700814e-03 0.000000000000000000e+00 5.703962857884948418e-02 0.000000000000000000e+00 0.000000000000000000e+00 0.000000000000000000e+00 0.000000000000000000e+00 3.389565801421734297e-03 1.212894895092315045e-01 5.466722238475002493e-02 1.253239634174717863e-02
1.286797686045626221e-01 4.563098140396174528e-03 2.136749418540687812e-02 1.293845569722439914e-01 1.593046410818780845e-01 0.000000000000000000e+00 1.451406838820009093e-01 0.000000000000000000e+00 0.000000000000000000e+00 7.653547943110616640e-03 0.000000000000000000e+00 1.698834418186191686e-01 0.000000000000000000e+00 0.000000000000000000e+00 4.643056895376172083e-02 0.000000000000000000e+00 3.982333496935145170e-03 0.000000000000000000e+00 0.000000000000000000e+00 1.423417779485600977e-02 0.000000000000000000e+00 0.000000000000000000e+00 0.000000000000000000e+00 0.000000000000000000e+00 1.693756871262287467e-01
0.000000000000000000e+00 4.441840006997791086e-03 2.404185976531824157e-02 0.000000000000000000e+00 2.216797194037516475e-02 6.590519578903406527e-03 0.000000000000000000e+00 0.000000000000000000e+00 0.000000000000000000e+00 1.444888177749730496e-01 0.000000000000000000e+00 2.136205501937441520e-01 1.375439311174127439e-02 0.000000000000000000e+00 1.474570112036516223e-01 5.470868501164115674e-03 0.000000000000000000e+00 8.352495825112973837e-02 1.285914072387701335e-01 0.000000000000000000e+00 0.000000000000000000e+00 1.194265490974953658e-02 4.911684934811510334e-02 0.000000000000000000e+00 1.447902981753666773e-01
3.148980697111418425e-02 0.000000000000000000e+00 0.000000000000000000e+00 1.384212666891751486e-02 1.144660659191356067e-01 2.898737164123409843e-02 3.930563979856661200e-02 0.000000000000000000e+00 7.104349311730676075e-02 1.278566637748327905e-01 0.000000000000000000e+00 1.427277790003076419e-01 1.169220993721659801e-01 0.000000000000000000e+00 1.057857200371900737e-02 2.839257183356562551e-03 2.991286198900682328e-02 9.663999108315901587e-02 1.154560050284718781e-01 2.634945384865523214e-03 0.000000000000000000e+00 2.670792867756806646e-02 4.064679884081587313e-03 0.000000000000000000e+00 2.452471250219023791e-02
1.119993286831370144e-01 1.066533253487966793e-01 0.000000000000000000e+00 8.503305756068472651e-03 1.787102932754357568e-02 0.000000000000000000e+00 0.000000000000000000e+00 1.237441595715929772e-02 2.828541944054381585e-02 3.053811729672369912e-01 8.555519665270282584e-03 1.814968897942858053e-02 3.972488906911778028e-02 1.128700208101515896e-03 1.500175909221223847e-01 2.782108229789564610e-02 0.000000000000000000e+00 0.000000000000000000e+00 4.328251893434439251e-03 5.438072306169581399e-03 0.000000000000000000e+00 0.000000000000000000e+00 2.923774599865565371e-02 0.000000000000000000e+00 1.245304611793182359e-01
0.000000000000000000e+00 0.000000000000000000e+00 0.000000000000000000e+00 1.525814582453903501e-02 3.905593283324139686e-01 0.000000000000000000e+00 1.633574584009241191e-03 1.487284580930799960e-01 0.000000000000000000e+00 0.000000000000000000e+00 1.404089996847397021e-02 4.660124825803405729e-02 0.000000000000000000e+00 0.000000000000000000e+00 1.591281954585973824e-01 0.000000000000000000e+00 0.000000000000000000e+00 1.891747384016186084e-01 1.328098074610397500e-02 0.000000000000000000e+00 0.000000000000000000e+00 0.000000000000000000e+00 0.000000000000000000e+00 0.000000000000000000e+00 2.159443033312977503e-02
4.294505311704094330e-02 1.401674004063850898e-01 0.000000000000000000e+00 7.930608096622585035e-02 1.657405269083830068e-01 9.762009423923984769e-03 0.000000000000000000e+00 1.567726784842889964e-01 0.000000000000000000e+00 8.783605404715794096e-02 1.174136889226831681e-02 1.691919375265104608e-01 0.000000000000000000e+00 2.981143700015385836e-03 0.000000000000000000e+00 0.000000000000000000e+00 0.000000000000000000e+00 1.713523511788795370e-03 0.000000000000000000e+00 0.000000000000000000e+00 8.303069597713077328e-04 0.000000000000000000e+00 3.882259658336639427e-03 1.219701447433155783e-01 5.159511654587787925e-03
8.713397798022343155e-02 1.218421597080062285e-01 9.360239154421422236e-02 1.208515024799821230e-01 2.158666166001492557e-03 1.728468539481475136e-02 0.000000000000000000e+00 0.000000000000000000e+00 2.405509938023258840e-02 0.000000000000000000e+00 0.000000000000000000e+00 1.278426101502457835e-01 3.209563372730313540e-03 1.611359183177193824e-03 1.841890837833089489e-01 0.000000000000000000e+00 0.000000000000000000e+00 0.000000000000000000e+00 6.723631101031468660e-02 9.786151743277954687e-03 0.000000000000000000e+00 1.812498188114951194e-03 0.000000000000000000e+00 0.000000000000000000e+00 1.373839399153553020e-01
0.000000000000000000e+00 0.000000000000000000e+00 0.000000000000000000e+00 0.000000000000000000e+00 1.917530855812956403e-01 0.000000000000000000e+00 4.834403963644919033e-02 1.114545344627123208e-01 3.565869516856941951e-02 0.000000000000000000e+00 0.000000000000000000e+00 4.010608472182702368e-03 0.000000000000000000e+00 0.000000000000000000e+00 0.000000000000000000e+00 3.421292064747289557e-02 0.000000000000000000e+00 1.443636419143087823e-01 0.000000000000000000e+00 8.806392741407174929e-02 0.000000000000000000e+00 0.000000000000000000e+00 1.431163629706078966e-01 1.195070259198199175e-01 7.951515781250949322e-02
0.000000000000000000e+00 1.253721078910095821e-01 0.000000000000000000e+00 5.504181720000245887e-02 1.258284511794036109e-01 0.000000000000000000e+00 1.116353623328814612e-03 1.565571294992966489e-01 3.336434369378801085e-02 0.000000000000000000e+00 0.000000000000000000e+00 3.120143604045693686e-01 0.000000000000000000e+00 0.000000000000000000e+00 0.000000000000000000e+00 0.000000000000000000e+00 0.000000000000000000e+00 0.000000000000000000e+00 0.000000000000000000e+00 0.000000000000000000e+00 0.000000000000000000e+00 5.609446305652159969e-04 8.286186110990635678e-02 4.973722037716082206e-02 5.754541039096906091e-02
0.000000000000000000e+00 8.631328856513140538e-03 0.000000000000000000e+00 0.000000000000000000e+00 1.327030542165551219e-01 8.135073453887280148e-02 0.000000000000000000e+00 1.534173989654387948e-01 4.636047503820265453e-02 0.000000000000000000e+00 0.000000000000000000e+00 3.133659858358591177e-01 1.325595445490681257e-01 0.000000000000000000e+00 3.938253939650027124e-02 0.000000000000000000e+00 8.635984647383888879e-03 0.000000000000000000e+00 0.000000000000000000e+00 0.000000000000000000e+00 0.000000000000000000e+00 7.513564670694263502e-03 2.263603213531379874e-02 3.409451176311928400e-02 1.934884538647881416e-02
0.000000000000000000e+00 0.000000000000000000e+00 0.000000000000000000e+00 0.000000000000000000e+00 2.955258288741795525e-01 0.000000000000000000e+00 1.757077715638491744e-01 0.000000000000000000e+00 0.000000000000000000e+00 3.777686030658801430e-02 0.000000000000000000e+00 1.513472432812372204e-01 0.000000000000000000e+00 0.000000000000000000e+00 1.068872882246578171e-01 0.000000000000000000e+00 0.000000000000000000e+00 3.978231403670921817e-02 0.000000000000000000e+00 0.000000000000000000e+00 0.000000000000000000e+00 0.000000000000000000e+00 1.554505026180956762e-01 0.000000000000000000e+00 3.752219109468341723e-02
0.000000000000000000e+00 0.000000000000000000e+00 1.611486549317341088e-01 1.766947687641454851e-02 2.535842733131733473e-01 8.601745091576329383e-02 0.000000000000000000e+00 0.000000000000000000e+00 4.761137995176723675e-02 1.371572198421196209e-01 0.000000000000000000e+00 5.545956256977774279e-02 1.010027234578966121e-01 0.000000000000000000e+00 1.948726481417588710e-02 4.799964826487720590e-03 0.000000000000000000e+00 1.379039511616213893e-03 5.062994438033621702e-02 2.591845820773832319e-03 0.000000000000000000e+00 0.000000000000000000e+00 2.363877947857076500e-02 1.686740028611774869e-02 2.095501902327515792e-02
0.000000000000000000e+00 1.359917379165519191e-01 0.000000000000000000e+00 7.900036898709113242e-03 7.989056158703496113e-02 0.000000000000000000e+00 2.029375541229354665e-03 1.678424060020709818e-02 1.221819706754351774e-02 1.383227508162980512e-01 0.000000000000000000e+00 1.628615327627117026e-01 4.985922931104174935e-03 0.000000000000000000e+00 1.470677394549482486e-01 0.000000000000000000e+00 0.000000000000000000e+00 6.411431291640673491e-02 8.651744076879624989e-02 0.000000000000000000e+00 0.000000000000000000e+00 1.946300115643286380e-02 9.994386679993727540e-02 2.190928278208855925e-02 0.000000000000000000e+00
