0.000000000000000000e+00 1.701284086544900265e-01 0.000000000000000000e+00 8.110369989947206759e-02 1.546647171887667593e-01 0.000000000000000000e+00 0.000000000000000000e+00 8.638586578159170026e-03 1.569985401830853722e-01 0.000000000000000000e+00 7.504377668067064786e-03 1.398322451783757248e-01 9.735093150250661090e-03 0.000000000000000000e+00 2.198543019393121509e-02 0.000000000000000000e+00 2.302256928104469934e-03 1.397731764358913775e-01 0.000000000000000000e+00 1.073334679414061910e-01
2.687415775795595386e-05 0.000000000000000000e+00 5.860000521899703940e-02 1.235969866802992118e-01 1.457383387444392275e-01 0.000000000000000000e+00 0.000000000000000000e+00 0.000000000000000000e+00 1.643837125453570525e-01 0.000000000000000000e+00 0.000000000000000000e+00 0.000000000000000000e+00 0.000000000000000000e+00 1.957528785387774306e-01 0.000000000000000000e+00 0.000000000000000000e+00 1.214644614513951809e-01 1.594299323369317012e-01 0.000000000000000000e+00 3.100681032604521090e-02
1.451757489653962840e-01 3.117310457782170724e-02 0.000000000000000000e+00 2.686245082263702053e-02 1.359488884023124511e-01 2.759216966451684058e-02 1.781902254314773155e-03 0.000000000000000000e+00 1.704365538058678353e-01 0.000000000000000000e+00 0.000000000000000000e+00 0.000000000000000000e+00 9.388647142944152573e-04 1.605665332068090534e-01 0.000000000000000000e+00 0.000000000000000000e+00 9.782276413078209998e-03 1.137433819971998307e-02 1.493546916072613084e-01 1.290124773659701019e-01
0.000000000000000000e+00 1.118358510925518585e-02 6.615896491663923740e-02 1.049186146726975161e-01 1.083595893993882439e-02 1.481527175661258855e-01 0.000000000000000000e+00 0.000000000000000000e+00 1.869085315495110367e-01 0.000000000000000000e+00 0.000000000000000000e+00 4.119031538516477499e-03 9.432813765183661880e-02 1.066689170493660514e-02 1.337324824119076050e-01 2.199954353117908274e-06 0.000000000000000000e+00 0.000000000000000000e+00 7.350450735601997410e-02 1.554883766282619817e-01
0.000000000000000000e+00 1.719316474941952055e-01 0.000000000000000000e+00 3.027398028425893339e-01 1.229549826037107906e-02 1.157388754285465504e-02 0.000000000000000000e+00 5.557617765790072786e-03 3.190418164084541080e-03 1.516392107908059311e-03 0.000000000000000000e+00 1.704743653400514480e-01 0.000000000000000000e+00 1.614484914206237853e-01 0.000000000000000000e+00 0.000000000000000000e+00 1.328120041890809219e-02 0.000000000000000000e+00 1.459906786426237724e-01 0.000000000000000000e+00
1.185381965062677900e-01 1.727193839234810735e-01 3.146913681672976193e-02 0.000000000000000000e+00 1.308126375008232534e-01 1.379931320092901426e-01 8.843660552532620067e-02 1.069603151150588100e-01 0.000000000000000000e+00 0.000000000000000000e+00 1.184493203809514408e-02 1.176605288604325728e-01 1.041892034518838127e-02 3.544682944863255386e-02 0.000000000000000000e+00 0.000000000000000000e+00 2.273272625756286511e-02 1.496665565311137806e-02 0.000000000000000000e+00 0.000000000000000000e+00
0.000000000000000000e+00 7.096241830048223391e-03 0.000000000000000000e+00 4.271144078777783237e-02 3.142855474219469203e-01 1.530606930575540980e-01 0.000000000000000000e+00 3.271259694003415819e-02 1.762922046895935568e-01 9.275740257877468711e-03 0.000000000000000000e+00 1.521062956235773034e-01 7.414069383039774939e-04 4.376673315220219913e-03 0.000000000000000000e+00 0.000000000000000000e+00 0.000000000000000000e+00 1.073411591380662444e-01 0.000000000000000000e+00 0.000000000000000000e+00
6.003721068850869508e-02 3.202017148986944367e-02 1.068146995187282434e-02 1.283569195087317094e-01 1.388706753589502019e-01 6.431287684952505246e-02 1.217719300677862909e-01 1.528857770766598456e-01 9.607458409179858716e-02 0.000000000000000000e+00 0.000000000000000000e+00 6.595007492618217004e-02 0.000000000000000000e+00 0.000000000000000000e+00 0.000000000000000000e+00 1.857667562327865521e-02 1.670453984597203290e-02 0.000000000000000000e+00 9.375709452086460061e-02 0.000000000000000000e+00
0.000000000000000000e+00 0.000000000000000000e+00 0.000000000000000000e+00 1.742066568200001386e-01 2.309348471642264367e-01 1.975874288736726436e-01 0.000000000000000000e+00 0.000000000000000000e+00 3.578534482137820105e-01 1.489134643341027790e-02 0.000000000000000000e+00 0.000000000000000000e+00 2.452627249490865399e-02 0.000000000000000000e+00 0.000000000000000000e+00 0.000000000000000000e+00 0.000000000000000000e+00 0.000000000000000000e+00 0.000000000000000000e+00 0.000000000000000000e+00
0.000000000000000000e+00 1.196612234072606390e-01 0.000000000000000000e+00 3.387550043121709265e-02 1.909318217669281059e-01 0.000000000000000000e+00 6.436188834261491465e-02 1.502127640691749977e-01 1.712464046924470906e-01 2.222331049152109078e-02 0.000000000000000000e+00 1.275668957069222009e-01 0.000000000000000000e+00 0.000000000000000000e+00 0.000000000000000000e+00 8.276624341484562636e-03 0.000000000000000000e+00 0.000000000000000000e+00 0.000000000000000000e+00 1.116435667504293155e-01
7.765358705180899768e-02 9.393740691693139300e-02 0.000000000000000000e+00 1.055725536841532614e-01 0.000000000000000000e+00 1.443349303080280199e-01 1.258508049663470407e-02 0.000000000000000000e+00 1.764300098945199291e-01 1.293457802816261673e-02 0.000000000000000000e+00 1.272751361564325168e-01 5.587159152455029032e-02 0.000000000000000000e+00 0.000000000000000000e+00 0.000000000000000000e+00 3.730892262232740619e-02 1.412040107784127974e-01 1.489219253803802587e-02 0.000000000000000000e+00
1.786784771858852539e-01 3.200653306219697954e-03 0.000000000000000000e+00 5.375937782443871750e-03 0.000000000000000000e+00 1.821066336524491125e-01 0.000000000000000000e+00 0.000000000000000000e+00 2.051124093745300414e-02 0.000000000000000000e+00 0.000000000000000000e+00 1.813967656837179865e-01 1.582097601267699882e-03 1.414553198191070005e-01 0.000000000000000000e+00 1.087614833548906403e-02 0.000000000000000000e+00 2.274414385248760828e-01 0.000000000000000000e+00 4.737528717109132370e-02
0.000000000000000000e+00 7.209395939267143616e-03 6.750904059454010571e-03 1.187695804486202031e-02 0.000000000000000000e+00 1.671168079240291648e-01 7.942885410858075215e-03 8.812376937443001934e-03 3.362376277073825803e-01 1.076977528766450698e-01 0.000000000000000000e+00 1.935986760660830253e-01 5.515266532392266302e-02 0.000000000000000000e+00 5.338554308818468236e-02 0.000000000000000000e+00 4.262093866006498588e-02 1.597467961803513770e-03 0.000000000000000000e+00 0.000000000000000000e+00
8.676494311670049364e-02 8.532241646790922340e-02 3.581096943767862750e-02 1.522064944693910515e-01 3.700974413135114547e-04 1.710832995185853911e-01 0.000000000000000000e+00 1.468291910784473055e-02 0.000000000000000000e+00 0.000000000000000000e+00 0.000000000000000000e+00 1.598649031489965955e-01 1.373740089096924244e-01 0.000000000000000000e+00 0.000000000000000000e+00 1.300598157845635726e-02 1.297764175690921118e-01 1.373754923433928750e-02 0.000000000000000000e+00 0.000000000000000000e+00
4.367469265439869602e-02 7.142792455966397169e-02 1.420650214600977478e-02 1.815761570229574018e-01 0.000000000000000000e+00 2.343826745384764709e-01 0.000000000000000000e+00 0.000000000000000000e+00 3.313847247102844062e-01 0.000000000000000000e+00 0.000000000000000000e+00 1.917345276677293693e-03 0.000000000000000000e+00 2.836525068778194755e-02 0.000000000000000000e+00 0.000000000000000000e+00 0.000000000000000000e+00 9.306472840375000499e-02 0.000000000000000000e+00 0.000000000000000000e+00
0.000000000000000000e+00 3.483607036097380316e-02 0.000000000000000000e+00 1.642218393448964808e-01 3.166776495812252401e-01 1.889109965512596190e-01 0.000000000000000000e+00 0.000000000000000000e+00 0.000000000000000000e+00 0.000000000000000000e+00 0.000000000000000000e+00 0.000000000000000000e+00 1.004507595369326933e-01 0.000000000000000000e+00 5.935529309236817208e-02 0.000000000000000000e+00 0.000000000000000000e+00 0.000000000000000000e+00 0.000000000000000000e+00 1.355473915323439638e-01
1.106168482506344475e-01 0.000000000000000000e+00 0.000000000000000000e+00 0.000000000000000000e+00 1.410493497745410052e-01 0.000000000000000000e+00 1.047642008774935483e-02 1.292484725911164367e-01 1.277199885403504931e-01 0.000000000000000000e+00 0.000000000000000000e+00 8.407278984405275324e-02 1.778103701431556910e-02 0.000000000000000000e+00 0.000000000000000000e+00 0.000000000000000000e+00 1.389957558129612837e-02 1.479684416309840211e-01 5.958987665903020536e-02 1.575772000259295369e-01
7.281311619969778152e-03 9.968437020150497721e-03 5.923884307121395076e-02 7.920624716138611326e-03 0.000000000000000000e+00 1.545689554457070347e-01 1.801274654233756684e-02 0.000000000000000000e+00 7.678447473429168835e-02 1.133047964327847795e-01 9.038720881943221666e-03 2.611957127929102618e-01 0.000000000000000000e+00 0.000000000000000000e+00 0.000000000000000000e+00 0.000000000000000000e+00 9.295786969421589163e-02 1.527921534698170325e-01 0.000000000000000000e+00 3.693535357851981255e-02
1.633164100682079527e-03 0.000000000000000000e+00 9.561882529964756128e-02 1.117363050150053799e-01 2.359855441364648934e-02 0.000000000000000000e+00 4.267693921632552401e-02 4.372748232915694283e-02 3.001273027099572444e-01 0.000000000000000000e+00 1.423373555782700807e-03 1.339568003514396421e-01 0.000000000000000000e+00 0.000000000000000000e+00 1.868057455903629135e-02 4.945730332341644747e-02 0.000000000000000000e+00 2.017644689543207290e-02 0.000000000000000000e+00 1.571869282304717286e-01
0.000000000000000000e+00 0.000000000000000000e+00 1.157763817448014820e-01 0.000000000000000000e+00 2.824518008814391745e-01 7.831907866544453312e-03 0.000000000000000000e+00 9.344334145904623079e-02 4.221574846427233497e-03 0.000000000000000000e+00 2.750259725004389547e-02 1.401455846962088303e-01 0.000000000000000000e+00 0.000000000000000000e+00 0.000000000000000000e+00 1.665021247997447440e-02 0.000000000000000000e+00 0.000000000000000000e+00 1.412950244063188865e-01 1.706815743691953158e-01
0.000000000000000000e+00 4.622858967998668724e-03 0.000000000000000000e+00 2.793266419889451901e-01 0.000000000000000000e+00 2.396468047934199874e-01 4.352620307499678598e-02 4.838482109425273382e-03 1.857079339881516911e-01 0.000000000000000000e+00 0.000000000000000000e+00 3.013558800434040438e-02 1.839008986577410354e-02 9.353697661573203564e-03 0.000000000000000000e+00 0.000000000000000000e+00 0.000000000000000000e+00 0.000000000000000000e+00 0.000000000000000000e+00 1.844516995453746033e-01
9.692759713152291137e-03 6.575052136079504068e-03 1.823375862989899286e-03 3.015723304798697407e-02 0.000000000000000000e+00 0.000000000000000000e+00 0.000000000000000000e+00 0.000000000000000000e+00 3.284769733696479288e-01 1.040179401760691347e-01 0.000000000000000000e+00 1.799517216230888950e-01 4.965295174571082021e-02 9.604215160771832627e-02 1.968167978592272674e-02 1.488648281967027559e-02 0.000000000000000000e+00 0.000000000000000000e+00 0.000000000000000000e+00 1.590416781119632639e-01
1.285388346612889587e-01 0.000000000000000000e+00 0.000000000000000000e+00 1.576183648225715217e-01 0.000000000000000000e+00 8.121091656564423042e-03 0.000000000000000000e+00 0.000000000000000000e+00 1.762631477772428623e-01 4.364802666494538470e-03 0.000000000000000000e+00 9.547584194368444535e-03 6.341365450221714273e-02 1.899730255462290518e-01 1.452535329738420707e-02 0.000000000000000000e+00 0.000000000000000000e+00 9.121794235596274170e-02 1.536736834508571348e-01 2.742515068818837838e-03
1.651710527133368189e-02 9.759616186293100515e-02 4.785921815414054259e-02 0.000000000000000000e+00 1.232159127291081319e-01 0.000000000000000000e+00 1.081808819052803572e-01 5.090760412958020981e-02 0.000000000000000000e+00 0.000000000000000000e+00 0.000000000000000000e+00 2.023500764243434807e-02 0.000000000000000000e+00 1.436040661377972205e-01 0.000000000000000000e+00 0.000000000000000000e+00 2.856541942990570640e-02 1.641706426103901051e-01 0.000000000000000000e+00 1.991479801270987227e-01
0.000000000000000000e+00 5.130228651472192036e-02 6.708667243244360867e-02 4.310276539332460327e-02 2.374135059585617477e-02 0.000000000000000000e+00 1.493237637438272203e-01 1.427093057197090786e-01 4.108468919372675748e-02 5.419331179021522754e-02 0.000000000000000000e+00 0.000000000000000000e+00 0.000000000000000000e+00 9.163187096716336744e-02 1.925851811917825849e-03 0.000000000000000000e+00 0.000000000000000000e+00 1.442018883269202689e-01 2.566496005383549217e-02 1.640312834563384947e-01
1.593480721852587323e-02 3.057449378803996261e-03 1.093792688923396483e-01 0.000000000000000000e+00 0.000000000000000000e+00 0.000000000000000000e+00 0.000000000000000000e+00 1.298395768915867367e-02 2.661402997681295290e-01 8.515319414218695815e-02 1.167550657607734077e-02 1.200748137346534378e-01 1.671420837507206492e-02 1.579799811727573278e-01 7.362621062131138872e-02 0.000000000000000000e+00 0.000000000000000000e+00 1.893204688363548521e-02 0.000000000000000000e+00 1.083482555473482822e-01
1.430272523733512047e-01 0.000000000000000000e+00 0.000000000000000000e+00 3.021254683114736883e-01 7.392092519265605621e-02 1.728924164224049931e-01 0.000000000000000000e+00 1.272112831116679367e-02 0.000000000000000000e+00 0.000000000000000000e+00 0.000000000000000000e+00 1.504370477298750397e-01 0.000000000000000000e+00 5.500163228204526383e-02 0.000000000000000000e+00 0.000000000000000000e+00 0.000000000000000000e+00 5.404016358628963707e-02 0.000000000000000000e+00 3.583396579073747090e-02
2.148212437093826449e-02 1.406080744821673889e-01 0.000000000000000000e+00 1.123433605099550259e-01 6.056072008267390262e-03 1.408131355116200301e-01 0.000000000000000000e+00 1.647537943958728851e-02 1.959974370137379240e-01 0.000000000000000000e+00 0.000000000000000000e+00 2.059065620550064035e-01 0.000000000000000000e+00 8.808243973275935862e-03 0.000000000000000000e+00 0.000000000000000000e+00 2.826658833766569363e-03 5.310659726437698749e-03 1.087339207655524942e-01 3.463837130968767247e-02
5.482861371443253223e-03 4.827568593181724710e-02 0.000000000000000000e+00 1.166493058251816123e-01 9.513441503962168089e-02 7.908897403194529996e-02 0.000000000000000000e+00 0.000000000000000000e+00 0.000000000000000000e+00 0.000000000000000000e+00 0.000000000000000000e+00 2.140792090462612651e-01 0.000000000000000000e+00 0.000000000000000000e+00 0.000000000000000000e+00 9.555804974428211418e-02 7.633955540054659927e-02 2.177994491579661740e-01 4.563894725826588006e-02 5.953547192668878253e-03
0.000000000000000000e+00 0.000000000000000000e+00 4.752087041138107135e-03 1.570177299186801823e-01 0.000000000000000000e+00 0.000000000000000000e+00 4.978268759749303329e-02 2.510800071404920356e-02 1.129763595310876306e-01 3.060539074123310929e-02 0.000000000000000000e+00 1.539532106396316880e-01 0.000000000000000000e+00 5.441777875605102732e-02 1.980267223626556582e-04 0.000000000000000000e+00 1.030018216368069478e-01 1.544741163113873272e-01 0.000000000000000000e+00 1.537127903900789572e-01
0.000000000000000000e+00 0.000000000000000000e+00 0.000000000000000000e+00 4.354485112584381701e-02 2.210846546253873723e-01 1.933434046080852869e-02 0.000000000000000000e+00 0.000000000000000000e+00 2.042909032456972918e-02 0.000000000000000000e+00 0.000000000000000000e+00 1.940843408846125995e-01 0.000000000000000000e+00 1.327400151388829219e-01 8.938210587538460844e-03 4.634959435130674849e-02 4.202168847968600768e-02 1.206037559916558616e-01 0.000000000000000000e+00 1.508694580297079424e-01
0.000000000000000000e+00 6.956913614723055561e-04 0.000000000000000000e+00 2.606563648770791053e-01 0.000000000000000000e+00 1.589156420765303335e-01 1.546549633168021499e-02 1.380239959427820989e-02 2.512630039075529065e-01 0.000000000000000000e+00 0.000000000000000000e+00 1.432135939816304299e-02 0.000000000000000000e+00 0.000000000000000000e+00 0.000000000000000000e+00 0.000000000000000000e+00 0.000000000000000000e+00 1.294343679734580310e-01 0.000000000000000000e+00 1.554456744797858003e-01
0.000000000000000000e+00 0.000000000000000000e+00 0.000000000000000000e+00 1.466899447611055450e-03 1.369159126243411906e-01 2.628511495314759302e-03 0.000000000000000000e+00 0.000000000000000000e+00 3.147583071168927327e-01 3.366766597221866608e-02 0.000000000000000000e+00 1.751347332534178847e-01 0.000000000000000000e+00 1.357521907761302937e-01 0.000000000000000000e+00 0.000000000000000000e+00 3.640820835653298115e-02 1.278904257807112754e-01 0.000000000000000000e+00 3.537714517682925136e-02
0.000000000000000000e+00 3.464940743220561864e-02 1.002320448070365966e-01 1.170271934537449668e-02 1.063550393515060449e-01 1.609455099342069206e-01 9.211412481330104665e-03 6.592201017417639863e-02 6.513470428412197755e-02 2.794248001854030862e-03 1.320002556340877341e-02 1.410548465824961462e-01 0.000000000000000000e+00 0.000000000000000000e+00 0.000000000000000000e+00 2.537083295067737478e-03 1.680873896442806881e-02 2.130864249067448146e-01 5.636578487604230331e-02 0.000000000000000000e+00
1.236454436377156518e-01 1.785628639314650323e-01 0.000000000000000000e+00 1.663192145109678721e-01 2.375814611488365116e-03 0.000000000000000000e+00 0.000000000000000000e+00 2.653695715099756991e-01 1.703323884768452867e-01 1.293011022462381508e-03 0.000000000000000000e+00 0.000000000000000000e+00 0.000000000000000000e+00 5.307511589023282406e-02 0.000000000000000000e+00 0.000000000000000000e+00 0.000000000000000000e+00 0.000000000000000000e+00 0.000000000000000000e+00 3.902657640884691498e-02
6.615379531367347916e-03 1.886424123432461908e-02 0.000000000000000000e+00 1.317873109178014368e-01 1.141234492091712932e-01 1.808313141066441795e-02 2.337277291574184346e-02 8.555358449064955073e-02 1.662785163967016033e-01 0.000000000000000000e+00 0.000000000000000000e+00 1.451460868119076042e-01 0.000000000000000000e+00 0.000000000000000000e+00 0.000000000000000000e+00 3.063886791990897904e-02 9.283008380203759680e-02 0.000000000000000000e+00 2.419512988447921568e-03 1.642870623712757716e-01
0.000000000000000000e+00 2.023044322169255047e-02 0.000000000000000000e+00 1.225738583838592993e-01 7.521794764306916070e-02 2.138005484810467927e-03 2.043460045738651198e-01 0.000000000000000000e+00 1.717771381346000770e-01 0.000000000000000000e+00 0.000000000000000000e+00 0.000000000000000000e+00 1.907897406349155778e-02 5.471246712827002728e-02 0.000000000000000000e+00 2.645566477907950256e-02 0.000000000000000000e+00 1.459870835198411876e-01 0.000000000000000000e+00 1.574824130674210010e-01
1.448446240533124152e-01 0.000000000000000000e+00 8.877895812350983240e-02 0.000000000000000000e+00 9.810132860948251113e-03 0.000000000000000000e+00 1.693090000850167032e-02 2.307553388215592867e-03 1.733447778343589207e-01 0.000000000000000000e+00 0.000000000000000000e+00 2.560757730958684308e-01 6.439234092301480104e-03 0.000000000000000000e+00 0.000000000000000000e+00 0.000000000000000000e+00 1.448759923090836566e-01 5.900438303702945642e-02 0.000000000000000000e+00 9.758767119687039582e-02
0.000000000000000000e+00 6.966882805300096682e-02 0.000000000000000000e+00 1.910499536149246336e-01 3.688699496571866132e-01 6.229671578721333175e-02 0.000000000000000000e+00 0.000000000000000000e+00 8.471387342342453358e-03 0.000000000000000000e+00 0.000000000000000000e+00 0.000000000000000000e+00 0.000000000000000000e+00 0.000000000000000000e+00 0.000000000000000000e+00 7.727496431193454571e-03 0.000000000000000000e+00 1.552612885416364830e-01 0.000000000000000000e+00 1.366543805725020655e-01
0.000000000000000000e+00 0.000000000000000000e+00 0.000000000000000000e+00 1.608265156513080107e-01 1.928117120656603067e-01 1.159016645183879451e-02 0.000000000000000000e+00 0.000000000000000000e+00 2.016616134541656113e-01 0.000000000000000000e+00 0.000000000000000000e+00 1.172715432430294497e-01 0.000000000000000000e+00 1.616853376327912484e-01 0.000000000000000000e+00 0.000000000000000000e+00 1.302701447683465331e-02 0.000000000000000000e+00 0.000000000000000000e+00 1.411260970243717328e-01
2.294434576808503795e-02 7.408094430757503068e-02 0.000000000000000000e+00 7.370873146542963883e-02 9.611333068754863984e-02 0.000000000000000000e+00 3.426944702977917367e-02 0.000000000000000000e+00 7.927359706556430519e-02 0.000000000000000000e+00 0.000000000000000000e+00 1.716710754373859116e-01 0.000000000000000000e+00 1.299605211592768927e-01 1.249937512045137672e-01 1.774280869770527430e-02 0.000000000000000000e+00 2.494671190141356607e-03 2.359774143610589986e-02 1.491490345508890147e-01
4.918971097532352267e-03 1.851902946545209983e-01 1.205402301147672495e-01 2.811039903521858618e-02 0.000000000000000000e+00 0.000000000000000000e+00 2.633183587925575723e-03 1.364638315861533002e-01 2.161298595270428613e-01 1.079700755169729631e-01 0.000000000000000000e+00 0.000000000000000000e+00 0.000000000000000000e+00 3.071549030244087250e-02 0.000000000000000000e+00 0.000000000000000000e+00 0.000000000000000000e+00 3.316532542509303613e-03 9.543258709862531552e-02 6.857854493629064740e-02
2.757474787176117381e-02 0.000000000000000000e+00 6.593293902624032879e-03 2.073885040317353934e-02 1.414866963383016873e-01 4.737719636348237257e-02 1.991677570932211608e-02 1.479981864872252813e-02 7.107362341874108591e-02 0.000000000000000000e+00 0.000000000000000000e+00 2.668761398217043834e-01 0.000000000000000000e+00 1.358293838903764927e-01 6.681308881824297996e-03 4.228058245318275059e-03 0.000000000000000000e+00 1.574924204518215465e-01 7.710642264817009484e-02 2.225263404656473154e-03
1.076069551790481173e-02 3.929717450274030494e-02 1.126377333613989007e-01 1.194797978314938135e-02 0.000000000000000000e+00 1.137043131677731161e-01 2.032156840335161072e-02 0.000000000000000000e+00 9.582071369191265398e-02 9.347740940408658106e-02 0.000000000000000000e+00 1.561748738494189159e-01 8.552628591542059747e-03 0.000000000000000000e+00 4.100623514255983398e-02 0.000000000000000000e+00 1.504040617755649789e-01 6.960596061353185871e-02 4.138167102713410928e-02 3.490698116793108235e-02
1.979707116000238576e-01 0.000000000000000000e+00 0.000000000000000000e+00 1.341879068144200549e-01 1.729347503624656945e-01 1.683473820526232845e-01 0.000000000000000000e+00 0.000000000000000000e+00 1.594424373535044404e-01 3.024933728146722220e-02 0.000000000000000000e+00 0.000000000000000000e+00 0.000000000000000000e+00 0.000000000000000000e+00 0.000000000000000000e+00 0.000000000000000000e+00 5.250578547723426179e-03 0.000000000000000000e+00 1.316168959877721256e-01 0.000000000000000000e+00
