0.000000000000000000e+00 3.970349973582011638e-02 1.618772120809185491e-02 3.869404359209121656e-04 1.085226840446196356e-01 7.712831224576437161e-02 1.475687346713092096e-01 1.624066972505464404e-02 1.633814933793763594e-02 0.000000000000000000e+00 0.000000000000000000e+00 0.000000000000000000e+00 0.000000000000000000e+00 1.117634449373209162e-03 1.168132705435423330e-01 0.000000000000000000e+00 0.000000000000000000e+00 1.499607918919209082e-01 2.942894296876805843e-02 7.863169639451980664e-03 2.379122179209720855e-03 4.795797464216229600e-02 0.000000000000000000e+00 5.775697597748821743e-02 1.646454063035649173e-01
0.000000000000000000e+00 7.282536514717773135e-02 2.352074711070867644e-02 0.000000000000000000e+00 6.439334175730243408e-03 0.000000000000000000e+00 1.229222786295180309e-01 8.085106243307484120e-02 0.000000000000000000e+00 0.000000000000000000e+00 0.000000000000000000e+00 2.839915739094182184e-02 1.016652659991146290e-01 0.000000000000000000e+00 6.739784511860476279e-02 0.000000000000000000e+00 6.123224401671072126e-02 1.045618631168174495e-01 0.000000000000000000e+00 1.111833566318968505e-03 0.000000000000000000e+00 0.000000000000000000e+00 6.361551146963061176e-02 1.876793063262969796e-01 7.777818549935465453e-02
1.130920748141459320e-01 8.045764512664249635e-02 4.288046882433065726e-02 0.000000000000000000e+00 4.074077511897805648e-02 0.000000000000000000e+00 6.154791401137460483e-02 2.294327629082217827e-03 0.000000000000000000e+00 0.000000000000000000e+00 0.000000000000000000e+00 1.428986418272644165e-01 0.000000000000000000e+00 1.024052397027713432e-02 1.383079804543322078e-01 0.000000000000000000e+00 0.000000000000000000e+00 1.265486768402113715e-01 0.000000000000000000e+00 1.057415573642530998e-01 0.000000000000000000e+00 1.071499638481422656e-02 0.000000000000000000e+00 4.863284217804540038e-02 7.590157545624810764e-02
1.077358503121815698e-02 7.428729810357191654e-02 0.000000000000000000e+00 0.000000000000000000e+00 1.136291591890213615e-01 1.131923203402133808e-02 2.277547175366918895e-03 0.000000000000000000e+00 0.000000000000000000e+00 9.532584869466267929e-02 0.000000000000000000e+00 9.966585952397391535e-02 0.000000000000000000e+00 1.750488013671730805e-02 1.406231589055877973e-01 0.000000000000000000e+00 3.786668072210139929e-02 8.786725346557108796e-02 2.208532974825996864e-03 4.724456043582730448e-03 1.630075899074334006e-02 8.396903113051987222e-02 2.773545147518160364e-02 1.545180944351179364e-01 1.940317196821470663e-02
0.000000000000000000e+00 5.482234741189661621e-03 6.580511696946022421e-03 0.000000000000000000e+00 3.445546270865964492e-03 0.000000000000000000e+00 1.291859295067705193e-01 1.610065798770469458e-01 0.000000000000000000e+00 1.493501546873109154e-02 0.000000000000000000e+00 6.251949347425687920e-02 0.000000000000000000e+00 0.000000000000000000e+00 3.749132820919295200e-02 2.812720909103819458e-02 2.073708791431046194e-03 9.861274545566008076e-02 0.000000000000000000e+00 5.172272567907206658e-02 2.806192837893632663e-02 1.964354833011248969e-01 0.000000000000000000e+00 1.743195600577371884e-01 0.000000000000000000e+00
7.266151958453828663e-03 8.475754182685697746e-02 7.254800851516655935e-02 3.313968072626394257e-02 1.510730492459487831e-02 0.000000000000000000e+00 1.534426059957869903e-01 2.956416813056521667e-02 4.315866207336654589e-03 9.386285374239715026e-03 0.000000000000000000e+00 1.143697505151513878e-03 0.000000000000000000e+00 1.058027533137967380e-03 1.650764283735526791e-02 1.647862599233535785e-01 2.663162580379847821e-02 9.574239720557205929e-03 0.000000000000000000e+00 0.000000000000000000e+00 1.991102227834028356e-03 6.898945559681619486e-04 1.639988893877779574e-01 1.463912992076113195e-01 5.769970763818976084e-02
7.894979997649773096e-02 1.307146209159489314e-01 1.452064889687562088e-01 0.000000000000000000e+00 1.738918728480073894e-01 0.000000000000000000e+00 4.989535615858890077e-02 2.603802975917584028e-01 0.000000000000000000e+00 3.805083694339300043e-04 0.000000000000000000e+00 0.000000000000000000e+00 0.000000000000000000e+00 0.000000000000000000e+00 1.114940185076190339e-02 0.000000000000000000e+00 1.341101677286950788e-01 0.000000000000000000e+00 1.532148559155155007e-02 0.000000000000000000e+00 0.000000000000000000e+00 0.000000000000000000e+00 0.000000000000000000e+00 0.000000000000000000e+00 0.000000000000000000e+00
9.065922323871571098e-02 2.692099039264889485e-02 2.255446826101922819e-02 7.228582859088507687e-03 2.143009141622223210e-02 7.899225180873728925e-04 0.000000000000000000e+00 1.094155939646903469e-01 0.000000000000000000e+00 3.335156599987800646e-02 0.000000000000000000e+00 2.797077168532892746e-03 1.165186811349067271e-02 0.000000000000000000e+00 9.078115109200876609e-02 0.000000000000000000e+00 1.270399053609134743e-01 2.125396640109788668e-02 3.209630855431474996e-03 0.000000000000000000e+00 0.000000000000000000e+00 1.403041907079974338e-01 3.624822684247648585e-02 1.871284876771460992e-01 6.723505713055460964e-02
8.769208927728883163e-02 0.000000000000000000e+00 3.169370208836833763e-02 1.659629419555968752e-02 1.232564624552238142e-01 8.883442361664820996e-04 2.130259015248990584e-01 1.455467205234723116e-01 0.000000000000000000e+00 0.000000000000000000e+00 0.000000000000000000e+00 3.516415376491553030e-02 0.000000000000000000e+00 0.000000000000000000e+00 0.000000000000000000e+00 0.000000000000000000e+00 1.466841357161584661e-02 1.070661548956112485e-01 2.459152404444109753e-03 0.000000000000000000e+00 0.000000000000000000e+00 1.573768608658882105e-03 5.035737823600201259e-03 1.892401018899939891e-01 2.609300274018166999e-02
1.627976031518272443e-02 0.000000000000000000e+00 9.022616907197879982e-03 1.778902911923575456e-02 2.329620325522147387e-02 0.000000000000000000e+00 1.429358963269022897e-01 2.561987071336948030e-01 6.693978032373655573e-02 9.381208377686661715e-03 0.000000000000000000e+00 0.000000000000000000e+00 2.768897875717931962e-03 0.000000000000000000e+00 2.507258012343436399e-02 1.076984414401244289e-01 4.702884094422229988e-02 5.133810017461302305e-03 2.657270104951083185e-03 3.508655228783359031e-02 0.000000000000000000e+00 0.000000000000000000e+00 5.088781658985763214e-03 6.960376208198928993e-02 1.580178617064218194e-01
1.018988263898926334e-02 1.116309621558766139e-02 1.702829507898010186e-01 3.469221974323850183e-02 0.000000000000000000e+00 4.065835680868223195e-02 1.533552285421911077e-01 5.597315857823467744e-02 0.000000000000000000e+00 0.000000000000000000e+00 0.000000000000000000e+00 1.259889239972579733e-01 1.873086142494926167e-03 0.000000000000000000e+00 2.101252588911343630e-02 0.000000000000000000e+00 5.458513553242248795e-02 0.000000000000000000e+00 0.000000000000000000e+00 0.000000000000000000e+00 1.467115376062682816e-02 0.000000000000000000e+00 1.763472376249111684e-01 0.000000000000000000e+00 1.292070437364488678e-01
0.000000000000000000e+00 0.000000000000000000e+00 1.358896067096901361e-01 0.000000000000000000e+00 1.274183728373373681e-01 0.000000000000000000e+00 2.451100382033255809e-01 1.710289589769393714e-01 0.000000000000000000e+00 1.507606254352806228e-02 0.000000000000000000e+00 0.000000000000000000e+00 0.000000000000000000e+00 0.000000000000000000e+00 2.587866014640741175e-02 0.000000000000000000e+00 4.677746643725288339e-02 0.000000000000000000e+00 1.270404748125655015e-01 1.410881298577812328e-03 0.000000000000000000e+00 6.261070704641638618e-02 2.532790980922434466e-03 0.000000000000000000e+00 3.922598000703703819e-02
0.000000000000000000e+00 0.000000000000000000e+00 1.351014571189251279e-01 0.000000000000000000e+00 1.391168875125569082e-01 6.267592606569183378e-02 1.573688659999224471e-01 1.477410153276806359e-01 3.882965052612415233e-03 1.358484754708754773e-02 1.246978887529330993e-03 6.449125169265586266e-02 3.687272671237579527e-03 3.679136379516141989e-03 0.000000000000000000e+00 3.901578706989163037e-02 4.986726109283330655e-02 1.433659853079772596e-02 6.638180153808594802e-03 0.000000000000000000e+00 0.000000000000000000e+00 8.369370889958005488e-02 0.000000000000000000e+00 0.000000000000000000e+00 7.387185999767292843e-02
1.280936574283797827e-02 0.000000000000000000e+00 0.000000000000000000e+00 1.227802295941998051e-01 1.954268999620297487e-01 0.000000000000000000e+00 2.539267371700178189e-02 8.800594344631995636e-02 0.000000000000000000e+00 7.155358575632539408e-02 0.000000000000000000e+00 0.000000000000000000e+00 1.105866856659607801e-02 3.090014358160808605e-03 0.000000000000000000e+00 0.000000000000000000e+00 0.000000000000000000e+00 1.712766857865090919e-01 6.271545722432500525e-02 0.000000000000000000e+00 1.518681570615357419e-02 0.000000000000000000e+00 0.000000000000000000e+00 6.327850366428369733e-02 1.574251564752570942e-01
0.000000000000000000e+00 1.331721497102820451e-01 2.092432567599182905e-02 0.000000000000000000e+00 7.124816949588155812e-02 4.142835479695640422e-02 0.000000000000000000e+00 0.000000000000000000e+00 0.000000000000000000e+00 1.309469201509956271e-01 0.000000000000000000e+00 0.000000000000000000e+00 0.000000000000000000e+00 0.000000000000000000e+00 2.262895725200083502e-02 9.131005739463990412e-02 2.561075744360697543e-02 0.000000000000000000e+00 3.754735449445896489e-02 0.000000000000000000e+00 0.000000000000000000e+00 1.384167777908278940e-01 1.457592843821160500e-01 0.000000000000000000e+00 1.410068914122419026e-01
1.912031018094023649e-02 0.000000000000000000e+00 4.092580466870827244e-02 4.919097563408267836e-03 6.139066492125856006e-02 0.000000000000000000e+00 1.877550114839450224e-01 6.882123149370145132e-03 1.900350182899027823e-02 0.000000000000000000e+00 0.000000000000000000e+00 9.729733638515167260e-02 0.000000000000000000e+00 0.000000000000000000e+00 4.415355064949189751e-02 0.000000000000000000e+00 0.000000000000000000e+00 1.877386392816684790e-01 0.000000000000000000e+00 0.000000000000000000e+00 0.000000000000000000e+00 1.395440694137542459e-01 4.115109996780028090e-02 1.501187905055126892e-01 0.000000000000000000e+00
3.868104185932861455e-02 0.000000000000000000e+00 1.583450634382371769e-02 3.079161696796733905e-02 1.224440033759139346e-01 2.044729357091505141e-03 1.425908259413628636e-02 1.544738022908131170e-01 2.165462807640319148e-03 1.153248458853124714e-01 0.000000000000000000e+00 0.000000000000000000e+00 0.000000000000000000e+00 0.000000000000000000e+00 1.154471493442719987e-02 0.000000000000000000e+00 2.352000867190730260e-01 0.000000000000000000e+00 1.392932890439929905e-01 3.109764413120921778e-02 0.000000000000000000e+00 5.940648819416990273e-02 1.616576109835246924e-02 0.000000000000000000e+00 1.127292439674781356e-02
7.899893905074312217e-03 9.841891173783032243e-02 6.415845832238048496e-02 2.247692574446452651e-02 1.349354205195729406e-01 0.000000000000000000e+00 3.651828031105657651e-02 1.417194451269672417e-01 0.000000000000000000e+00 1.581863228877558591e-02 0.000000000000000000e+00 3.081120064490755484e-02 0.000000000000000000e+00 0.000000000000000000e+00 9.254441849048979096e-02 0.000000000000000000e+00 5.536860496262351050e-02 0.000000000000000000e+00 1.248102970593898270e-01 1.158947996379241889e-02 0.000000000000000000e+00 1.008696434288586935e-01 1.824580589109253692e-02 0.000000000000000000e+00 4.381458160272372337e-02
0.000000000000000000e+00 3.849358776109652880e-02 0.000000000000000000e+00 1.893085858527383380e-03 0.000000000000000000e+00 0.000000000000000000e+00 1.584804075279189206e-01 1.674933587393310497e-01 0.000000000000000000e+00 1.724101529666436372e-01 0.000000000000000000e+00 5.779195642224384949e-02 0.000000000000000000e+00 0.000000000000000000e+00 1.516599160372016086e-01 0.000000000000000000e+00 1.439404666113149565e-02 0.000000000000000000e+00 0.000000000000000000e+00 0.000000000000000000e+00 1.550040931612087745e-03 0.000000000000000000e+00 3.980195880933542346e-02 1.543185635116710482e-02 1.805996319337908884e-01
0.000000000000000000e+00 0.000000000000000000e+00 1.239395129035826826e-01 1.339099586561220134e-01 1.329064765119265523e-01 1.225157959846960923e-02 2.758335896427124151e-02 9.922587628735939080e-02 2.969479032685095644e-03 1.577835752141138748e-01 0.000000000000000000e+00 0.000000000000000000e+00 0.000000000000000000e+00 0.000000000000000000e+00 0.000000000000000000e+00 0.000000000000000000e+00 0.000000000000000000e+00 1.602644126658280292e-03 7.366673899892159372e-02 5.115819424521269448e-02 0.000000000000000000e+00 3.351157405788769022e-05 0.000000000000000000e+00 1.099505466137924541e-02 1.719740392252399053e-01
7.862526054160477729e-02 0.000000000000000000e+00 0.000000000000000000e+00 1.993760016742965671e-02 7.589319558624023354e-02 3.906260576778324695e-02 1.879140443886198955e-02 1.682663167006210325e-01 0.000000000000000000e+00 1.057972691961191758e-01 0.000000000000000000e+00 1.680770568381261543e-01 0.000000000000000000e+00 0.000000000000000000e+00 1.081850034706481750e-01 0.000000000000000000e+00 0.000000000000000000e+00 2.639438167686526671e-02 0.000000000000000000e+00 0.000000000000000000e+00 0.000000000000000000e+00 1.453916626562514747e-01 4.557824295944883086e-02 0.000000000000000000e+00 0.000000000000000000e+00
0.000000000000000000e+00 0.000000000000000000e+00 7.048034582404154313e-02 0.000000000000000000e+00 9.894032430750611395e-02 3.272009052174622247e-04 0.000000000000000000e+00 1.307089417818619037e-01 3.714881042433451890e-03 2.039849932597861126e-01 0.000000000000000000e+00 0.000000000000000000e+00 0.000000000000000000e+00 2.164319432751248082e-03 3.906557794586899834e-02 8.954262429798777456e-02 1.648306217399463647e-01 0.000000000000000000e+00 0.000000000000000000e+00 0.000000000000000000e+00 0.000000000000000000e+00 0.000000000000000000e+00 0.000000000000000000e+00 1.805776681216339843e-02 1.781824026504356673e-01
3.385154823111621164e-02 0.000000000000000000e+00 2.098430421746083283e-02 0.000000000000000000e+00 2.353118613849510682e-02 1.496150562267772833e-03 1.836321881206938733e-01 2.174072234885753366e-02 1.072264388419889025e-01 6.825800652331232010e-02 0.000000000000000000e+00 2.263952629032920175e-02 3.088470904924339733e-03 3.996300011763541382e-02 1.873914681859677467e-01 2.519787555795517317e-02 0.000000000000000000e+00 2.202500222063244750e-01 1.784590173815849695e-03 1.705769929370073296e-02 0.000000000000000000e+00 0.000000000000000000e+00 0.000000000000000000e+00 2.010560969584353208e-02 1.801192589311073535e-03
8.194692465709428608e-02 1.477983417761928424e-02 0.000000000000000000e+00 5.685433940876080542e-04 3.958017622088435758e-03 0.000000000000000000e+00 1.863800023479368351e-01 2.928985473997341299e-02 0.000000000000000000e+00 1.726388716844634227e-02 4.172449498489570752e-03 2.786545676775768754e-02 0.000000000000000000e+00 0.000000000000000000e+00 1.004920971522011708e-01 0.000000000000000000e+00 0.000000000000000000e+00 3.117244478945304861e-02 1.297484495570641605e-01 2.460312057275991504e-02 4.635375003118275342e-03 0.000000000000000000e+00 1.314940500182845140e-01 5.215934555531610839e-02 1.594701469783093295e-01
3.458007859064431144e-02 9.644870434154002858e-02 5.459299648669872773e-02 0.000000000000000000e+00 3.284869820266825280e-02 8.081741700938974149e-02 0.000000000000000000e+00 0.000000000000000000e+00 1.034993078122460088e-02 5.668228551055672776e-02 0.000000000000000000e+00 2.546758256424523983e-02 6.933756452237553082e-03 0.000000000000000000e+00 2.213193770548252393e-01 0.000000000000000000e+00 0.000000000000000000e+00 1.490321292815705578e-01 4.330821100923533395e-02 2.089877798998549148e-03 1.923386717047720264e-03 0.000000000000000000e+00 1.808842603823782383e-02 0.000000000000000000e+00 1.655171421608794269e-01
7.876882162735569792e-03 0.000000000000000000e+00 1.775668282679130142e-02 0.000000000000000000e+00 2.118022412182169259e-02 0.000000000000000000e+00 1.776334357617729842e-01 1.529042749777361765e-01 1.599721270947469234e-03 0.000000000000000000e+00 0.000000000000000000e+00 1.852869449664925824e-02 1.697283713070248633e-03 0.000000000000000000e+00 1.116108675350826474e-01 2.629511766680856302e-02 0.000000000000000000e+00 1.835277492308077241e-01 2.600324672198302961e-02 8.883976641031510885e-03 0.000000000000000000e+00 2.082993710842089615e-03 0.000000000000000000e+00 1.991552150882021643e-01 4.326363407371757591e-02
4.357315277716247715e-02 2.330428214476622066e-03 1.016879757233907916e-02 9.341914649918593716e-02 2.705398269970811509e-02 0.000000000000000000e+00 1.311811649915222977e-01 1.669935347873719167e-01 0.000000000000000000e+00 1.254477518600617958e-01 0.000000000000000000e+00 0.000000000000000000e+00 0.000000000000000000e+00 1.025484968460724060e-02 3.689155524003277092e-02 0.000000000000000000e+00 3.705732211476850391e-02 0.000000000000000000e+00 0.000000000000000000e+00 0.000000000000000000e+00 0.000000000000000000e+00 1.288160707364818525e-01 0.000000000000000000e+00 1.546850944836673514e-01 3.212714833861420732e-02
0.000000000000000000e+00 0.000000000000000000e+00 1.600244123859022038e-01 8.082705228274393236e-03 1.005123571852061144e-02 0.000000000000000000e+00 1.578912969164843194e-01 3.440426772091352559e-02 4.908079720734355098e-03 0.000000000000000000e+00 0.000000000000000000e+00 4.944330332864607658e-02 3.930171135902900577e-03 0.000000000000000000e+00 1.011805737715098102e-01 7.967612022135604766e-03 1.549716882012146940e-02 5.033878212311804906e-02 0.000000000000000000e+00 0.000000000000000000e+00 1.766822467371972211e-02 6.679165802581449145e-03 1.837492749604064113e-01 1.700103294468803261e-01 1.817339622414882241e-02
0.000000000000000000e+00 0.000000000000000000e+00 1.450994349081401180e-01 1.650901809409368315e-01 2.803257968056027671e-02 0.000000000000000000e+00 0.000000000000000000e+00 0.000000000000000000e+00 2.908105382078897058e-02 5.680183946728551564e-03 0.000000000000000000e+00 4.006363504436769030e-02 1.753643120525195335e-03 0.000000000000000000e+00 1.434822549971325606e-02 0.000000000000000000e+00 0.000000000000000000e+00 1.895604822935487987e-01 0.000000000000000000e+00 0.000000000000000000e+00 4.985861432265852738e-02 0.000000000000000000e+00 1.121221954951327239e-02 1.599189507560827561e-01 1.603007961164357453e-01
3.227843226817713688e-03 0.000000000000000000e+00 0.000000000000000000e+00 0.000000000000000000e+00 9.259166531919148799e-04 0.000000000000000000e+00 2.346783402242126615e-01 0.000000000000000000e+00 1.162081935660951859e-01 0.000000000000000000e+00 0.000000000000000000e+00 6.071755120275152545e-02 2.615296775071604147e-03 0.000000000000000000e+00 6.469302676952856657e-02 0.000000000000000000e+00 7.189664574852591694e-02 0.000000000000000000e+00 2.746199283725869137e-03 9.192656399557239946e-04 6.618906882163737293e-02 1.597423420606658984e-01 3.278568248985185701e-02 1.750039163023859590e-01 7.650711235582125132e-03
0.000000000000000000e+00 0.000000000000000000e+00 1.338589197441666379e-01 0.000000000000000000e+00 0.000000000000000000e+00 6.641805677928579177e-02 1.423861318343775939e-01 0.000000000000000000e+00 1.976246701657858457e-02 1.928463885624857876e-02 0.000000000000000000e+00 6.715881460398064051e-02 0.000000000000000000e+00 0.000000000000000000e+00 3.011067141847341769e-02 1.843245859429627417e-02 3.718999651164579118e-02 1.036168782598147209e-02 1.294656438775055596e-01 0.000000000000000000e+00 1.326490725487224076e-01 1.081524904382199712e-02 2.625007400850476805e-02 0.000000000000000000e+00 1.558561173364104158e-01
2.209225993310749182e-03 0.000000000000000000e+00 1.651597554220097727e-02 1.549749514851038283e-02 1.972971698814996247e-02 8.520915287129465776e-02 2.223780773410379552e-01 2.384054506829617198e-02 0.000000000000000000e+00 6.324630068594963399e-03 0.000000000000000000e+00 4.448905076161390609e-02 0.000000000000000000e+00 0.000000000000000000e+00 6.446093615514307887e-03 1.145011843258622736e-01 0.000000000000000000e+00 0.000000000000000000e+00 6.948708759804131385e-02 4.436743794006844585e-03 1.464667713023155848e-01 2.583336299178914941e-02 4.674293221820073965e-03 2.853046404657924237e-02 1.634301293210615735e-01
0.000000000000000000e+00 0.000000000000000000e+00 1.353155025060925366e-02 1.346361374534868309e-02 7.646823738921533845e-03 0.000000000000000000e+00 1.684634106800470118e-03 1.320511291002559318e-01 0.000000000000000000e+00 1.260496912211560572e-01 0.000000000000000000e+00 7.562841147943585862e-02 0.000000000000000000e+00 0.000000000000000000e+00 2.967301850252151638e-02 0.000000000000000000e+00 1.620651695534403858e-01 6.695131266765515232e-02 1.450151096299961972e-01 6.814032813487681979e-04 1.846390458141570698e-02 1.549448786382692789e-02 0.000000000000000000e+00 2.957449435347900626e-02 1.620252459237885578e-01
0.000000000000000000e+00 0.000000000000000000e+00 8.962979486693047060e-02 0.000000000000000000e+00 4.665071148927847633e-02 0.000000000000000000e+00 1.918014922595533966e-01 6.514033230234755889e-02 3.197607183767165861e-03 5.795123467694063280e-02 0.000000000000000000e+00 2.813404834257763817e-02 0.000000000000000000e+00 0.000000000000000000e+00 5.375554974672733417e-03 0.000000000000000000e+00 0.000000000000000000e+00 1.950894825927329546e-02 0.000000000000000000e+00 0.000000000000000000e+00 1.438196249868025078e-01 7.300846038347569289e-02 9.603443267210730327e-02 1.797477576022729895e-01 0.000000000000000000e+00
5.279065362875118989e-02 0.000000000000000000e+00 2.162240497243024875e-02 0.000000000000000000e+00 2.778852687825924053e-02 0.000000000000000000e+00 1.344745254562912939e-01 1.271579441910099806e-01 0.000000000000000000e+00 1.243696766802516313e-01 0.000000000000000000e+00 5.048069850315380080e-02 0.000000000000000000e+00 4.231690348046108184e-03 1.212438615618291297e-02 6.585315563349343308e-03 5.365695381570927125e-02 8.839431174639357514e-02 3.012518799952154051e-03 0.000000000000000000e+00 0.000000000000000000e+00 0.000000000000000000e+00 0.000000000000000000e+00 1.401704176244757960e-01 1.531399756357435527e-01
8.290576162870688312e-03 1.684595943288109184e-03 4.430090513963298726e-02 0.000000000000000000e+00 9.147487737911691452e-02 0.000000000000000000e+00 1.476416077999202492e-01 0.000000000000000000e+00 1.473279520197914166e-02 1.239897317020219152e-02 0.000000000000000000e+00 1.599670384054725225e-01 0.000000000000000000e+00 0.000000000000000000e+00 1.404718613390362747e-01 9.370827217850627444e-02 2.773039327286637087e-02 1.831367387605011346e-02 1.582346630321236070e-01 0.000000000000000000e+00 5.447602525051717555e-03 0.000000000000000000e+00 5.819511098004841176e-02 1.554719485738004052e-02 1.859858736454296675e-03
0.000000000000000000e+00 1.098075494336031438e-01 2.007055404188001768e-02 1.800258633751566527e-03 1.277098917257797964e-02 0.000000000000000000e+00 3.879852055829345961e-03 0.000000000000000000e+00 0.000000000000000000e+00 9.073961634957612710e-02 0.000000000000000000e+00 2.712540806930768128e-02 0.000000000000000000e+00 0.000000000000000000e+00 2.145394759060594014e-01 1.377868250444859791e-02 1.015913712795475654e-01 0.000000000000000000e+00 7.500232215325867069e-04 8.940694402717804315e-03 0.000000000000000000e+00 1.795994257307008124e-01 4.083868339397515174e-02 1.737674158044921480e-01 0.000000000000000000e+00
5.839365420567516757e-02 0.000000000000000000e+00 1.957251678994495741e-03 0.000000000000000000e+00 5.117218891136231414e-03 0.000000000000000000e+00 4.272356227488358776e-02 1.096043615947843164e-01 8.971388296468429946e-03 3.025689107990630570e-03 0.000000000000000000e+00 0.000000000000000000e+00 0.000000000000000000e+00 0.000000000000000000e+00 5.232719213526591806e-02 0.000000000000000000e+00 2.571703436779853441e-02 1.232226690092256549e-01 1.510899375819805546e-01 4.041810885436546846e-03 0.000000000000000000e+00 8.773437804854319899e-02 9.557031390610992716e-02 2.867032381244543834e-02 2.018332142032613352e-01
0.000000000000000000e+00 4.225457042281286282e-03 6.530323838163237804e-02 6.351325407050186639e-03 1.423365239049478315e-01 0.000000000000000000e+00 3.640556769476289284e-02 0.000000000000000000e+00 7.566106592799155817e-02 3.213536164519052024e-02 7.049945420592509775e-03 3.235786693750531545e-02 0.000000000000000000e+00 0.000000000000000000e+00 0.000000000000000000e+00 0.000000000000000000e+00 1.765038096467395554e-02 1.530046166220566384e-01 8.671527954249599532e-03 3.319914173576942601e-02 7.107256567470952337e-03 1.641575962957772875e-02 4.875652579597468395e-03 1.519732836056782999e-01 2.052760279789714870e-01
2.081707283395673597e-03 2.473780947935078425e-02 0.000000000000000000e+00 0.000000000000000000e+00 7.567449335742100318e-03 1.161926271485317352e-01 3.141559271611090581e-02 0.000000000000000000e+00 0.000000000000000000e+00 1.426135249668070981e-01 0.000000000000000000e+00 9.898607761699438137e-03 0.000000000000000000e+00 6.080941760411397341e-03 8.068983205744777176e-03 4.507939083842036482e-02 1.097442095463186523e-01 9.512175836023012421e-02 1.299984748911429400e-01 1.333194771399851333e-02 8.326391941720129308e-02 1.400936878207868774e-01 0.000000000000000000e+00 0.000000000000000000e+00 3.470936775410733699e-02
1.100253001388541291e-01 3.470405930225429342e-02 1.224504500353173521e-02 0.000000000000000000e+00 1.203709208720599028e-01 0.000000000000000000e+00 1.403322120126834771e-01 0.000000000000000000e+00 0.000000000000000000e+00 1.800725360392946631e-02 0.000000000000000000e+00 3.831607170088340703e-02 3.444762078305659697e-02 0.000000000000000000e+00 2.514610774939873838e-01 1.104580472878549137e-02 0.000000000000000000e+00 3.965033638869919219e-02 2.989134516079270179e-02 0.000000000000000000e+00 0.000000000000000000e+00 0.000000000000000000e+00 5.040534515341713907e-03 0.000000000000000000e+00 1.544624182951404301e-01
0.000000000000000000e+00 0.000000000000000000e+00 0.000000000000000000e+00 0.000000000000000000e+00 1.764524200611650162e-01 0.000000000000000000e+00 1.346517785801075451e-01 1.067028800070010386e-01 2.809558013564847356e-02 0.000000000000000000e+00 0.000000000000000000e+00 1.245258532423127590e-02 0.000000000000000000e+00 0.000000000000000000e+00 1.460457930958089512e-01 1.111592314713643614e-01 1.319556093701927113e-01 7.553858283735137048e-03 0.000000000000000000e+00 1.199559157074573668e-01 0.000000000000000000e+00 0.000000000000000000e+00 0.000000000000000000e+00 2.497434796328810297e-02 0.000000000000000000e+00
1.137359784530703050e-01 2.018942433914591294e-04 0.000000000000000000e+00 0.000000000000000000e+00 1.349500413279169642e-01 1.315097696938605509e-01 1.731461943445339047e-01 3.293504186453671823e-02 0.000000000000000000e+00 5.568616520611197052e-02 0.000000000000000000e+00 0.000000000000000000e+00 1.151039500808951569e-03 0.000000000000000000e+00 0.000000000000000000e+00 0.000000000000000000e+00 3.230668035538262345e-02 0.000000000000000000e+00 0.000000000000000000e+00 0.000000000000000000e+00 8.567626847020880579e-03 0.000000000000000000e+00 1.681134873651113359e-01 1.476960807982544699e-01 0.000000000000000000e+00
3.690492590548131199e-04 9.088423190005311125e-02 6.652283681162850237e-02 5.638373387482192162e-02 1.849307857272311159e-02 0.000000000000000000e+00 4.441684871014699859e-02 1.195667464510052069e-01 6.294594970966929659e-02 3.223180611996737544e-03 0.000000000000000000e+00 7.664527197145988568e-02 0.000000000000000000e+00 4.899245119956447542e-03 1.340926607543690627e-02 0.000000000000000000e+00 2.318323522216868965e-02 1.534941061330806211e-01 9.665139110462638017e-02 0.000000000000000000e+00 0.000000000000000000e+00 0.000000000000000000e+00 8.962531628504967832e-03 3.976302206050491908e-03 1.559729946376157972e-01
1.012109153237367026e-01 3.201604899836012381e-03 0.000000000000000000e+00 6.910627351114440042e-02 6.803431247490769607e-02 0.000000000000000000e+00 2.001329406279557174e-02 6.847294607536720881e-03 0.000000000000000000e+00 1.340454822117901623e-01 2.115818471020782540e-04 1.874916576851467787e-01 1.605303752696806210e-02 0.000000000000000000e+00 1.438767682608685095e-01 6.242801903946619026e-04 8.432940819718699049e-03 0.000000000000000000e+00 1.560850394651750184e-01 1.087553305512071154e-02 0.000000000000000000e+00 2.578690898776312204e-02 0.000000000000000000e+00 4.284321057318669218e-02 5.259864496808510509e-03
