5.313645761959037012e-02 2.998963442892865067e-03 3.051562590747727843e-02 1.476965813068235878e-02 2.509162014569302039e-03 0.000000000000000000e+00 0.000000000000000000e+00 1.491185621309646173e-02 0.000000000000000000e+00 0.000000000000000000e+00 0.000000000000000000e+00 0.000000000000000000e+00 0.000000000000000000e+00 0.000000000000000000e+00 1.868448449125338640e-01 6.053091716559853147e-03 4.728253565639518874e-02 1.405172857217950322e-01 0.000000000000000000e+00 1.264438520064309068e-01 3.061910976343695107e-02 2.468526766442881090e-02 3.232570057462735152e-02 7.914985832256914156e-02 2.072367303329143429e-01
3.813700799598043062e-02 6.744268596428352330e-03 0.000000000000000000e+00 2.040998315329990015e-02 3.342218134547153552e-02 0.000000000000000000e+00 3.361528384981051637e-02 4.935175682780994222e-02 0.000000000000000000e+00 0.000000000000000000e+00 3.149245281604343832e-02 1.623664197765941133e-02 2.302654297139723749e-03 5.470162079899087114e-03 1.436838707396094206e-01 0.000000000000000000e+00 3.312128786898327435e-03 1.425714700763842380e-01 5.724086993569534737e-02 0.000000000000000000e+00 0.000000000000000000e+00 9.217887632934190778e-02 1.457585726695871664e-01 1.571755105863578417e-01 2.089630793658345254e-02
2.367649141969635149e-03 1.529421811560829556e-02 8.486657633932737088e-02 3.236502493323069329e-02 2.888245898745272350e-02 3.271181703858656864e-02 3.601482594129506304e-02 2.885272645893823332e-02 0.000000000000000000e+00 4.047142598423521948e-02 8.896170177106257904e-02 0.000000000000000000e+00 1.626459576874065768e-02 2.288436728450482516e-02 1.429824806432361817e-01 1.596739280023938903e-02 0.000000000000000000e+00 1.309043417695255895e-01 0.000000000000000000e+00 1.041403423534612571e-01 3.253409886681015578e-03 0.000000000000000000e+00 1.193944434481070821e-01 4.806197274400981871e-03 4.861400405939662883e-02
0.000000000000000000e+00 4.884135821011766077e-02 4.835663909291541135e-02 0.000000000000000000e+00 7.875956314266285840e-02 0.000000000000000000e+00 0.000000000000000000e+00 1.112809187988477860e-01 0.000000000000000000e+00 6.257180704007757333e-02 1.465363474718518917e-02 0.000000000000000000e+00 0.000000000000000000e+00 8.619412277816308060e-03 1.227693124201100355e-01 0.000000000000000000e+00 1.129944069283047581e-01 2.074706193182862448e-03 6.361910155732493355e-02 1.338827535028222319e-02 0.000000000000000000e+00 2.450243398673227976e-02 1.203331093112069428e-01 1.672353209432331789e-01 0.000000000000000000e+00
0.000000000000000000e+00 2.054950250491412167e-02 0.000000000000000000e+00 0.000000000000000000e+00 1.192578948564780722e-01 0.000000000000000000e+00 2.709514418835740415e-02 1.910804136139274655e-03 0.000000000000000000e+00 5.832976276669354920e-02 0.000000000000000000e+00 5.731131344379041676e-02 3.319476782438496310e-02 1.225914921707665362e-01 1.847063449051287720e-01 0.000000000000000000e+00 0.000000000000000000e+00 1.435418015249460000e-01 5.716293528101475639e-04 2.950760875878873091e-02 0.000000000000000000e+00 0.000000000000000000e+00 1.557233377094881938e-02 1.858595997958531199e-01 0.000000000000000000e+00
0.000000000000000000e+00 0.000000000000000000e+00 6.089944008996647090e-02 0.000000000000000000e+00 9.296414934300764599e-02 1.879601718908622404e-02 1.330548215748323937e-01 0.000000000000000000e+00 2.190127806545778127e-03 0.000000000000000000e+00 0.000000000000000000e+00 6.655283565382715157e-03 2.529103437791584141e-02 6.432215393367585188e-02 1.648497038614321897e-01 1.102423042123190228e-01 1.746785896016426337e-02 2.899626250790619461e-02 1.016549689062801326e-01 0.000000000000000000e+00 1.777235433596971968e-03 9.976227263351386543e-02 1.573066308114063477e-02 0.000000000000000000e+00 5.534570252323391809e-02
7.501508732621753458e-04 1.386293173256135935e-01 0.000000000000000000e+00 0.000000000000000000e+00 1.304259905613874559e-01 2.569441059606819046e-03 4.194394405664561565e-02 6.199513310577958736e-02 0.000000000000000000e+00 1.797966472228279267e-01 0.000000000000000000e+00 0.000000000000000000e+00 1.799235435892046139e-02 0.000000000000000000e+00 1.806800948930429862e-01 1.036450679273777098e-01 3.395597538759297356e-03 6.623030710055340109e-02 5.416930213255325560e-02 1.065920420770418049e-02 0.000000000000000000e+00 7.117447635965438134e-03 0.000000000000000000e+00 0.000000000000000000e+00 0.000000000000000000e+00
0.000000000000000000e+00 9.605561089541923836e-02 3.431342988744059963e-02 0.000000000000000000e+00 4.212133046551082977e-02 0.000000000000000000e+00 2.217559000691690652e-02 7.947173955568391512e-02 2.441135689963843964e-03 1.633256187589655350e-01 2.347860002181178032e-02 4.227648017261365770e-02 0.000000000000000000e+00 2.612450291956161519e-02 5.120515961636861596e-02 0.000000000000000000e+00 2.358983734222436235e-02 1.305765697886881183e-01 2.023410597668342040e-02 1.059317375074592393e-01 0.000000000000000000e+00 0.000000000000000000e+00 7.737063288982849729e-02 2.818415028575904993e-02 3.112376821910072672e-02
1.330412315357472897e-01 0.000000000000000000e+00 0.000000000000000000e+00 1.438827387557721771e-01 2.223137876557469000e-02 0.000000000000000000e+00 1.484280991495175173e-01 0.000000000000000000e+00 0.000000000000000000e+00 4.071815275581312094e-02 0.000000000000000000e+00 0.000000000000000000e+00 3.659778653345134754e-03 0.000000000000000000e+00 1.790335548283809308e-01 3.115673424720236638e-03 5.539308245854702214e-04 1.283124437167360021e-01 1.454818597845384739e-02 0.000000000000000000e+00 5.824954663607398442e-03 1.621760421671025049e-02 5.669484266794557609e-02 1.037374300630905105e-01 0.000000000000000000e+00
4.053463621636069908e-02 2.267646394713101077e-03 3.901183767710680525e-03 4.903360858485669022e-02 1.519408401129560167e-02 0.000000000000000000e+00 1.281345902802853709e-01 1.920996349225985098e-02 3.818582653007126290e-03 5.940590949552955469e-02 0.000000000000000000e+00 0.000000000000000000e+00 0.000000000000000000e+00 0.000000000000000000e+00 5.599784400839082077e-02 1.366262083403468053e-01 1.016178654687627941e-01 2.667335364977586193e-03 1.533743590636301446e-01 1.103995109422794829e-01 0.000000000000000000e+00 0.000000000000000000e+00 7.446825947011545543e-02 4.103961920028944416e-02 2.308793245188827531e-03
0.000000000000000000e+00 6.159583317348141934e-02 3.762794062955233335e-03 1.894156535205582942e-02 8.688366013055505432e-02 3.732470998752659280e-02 1.270396415878272955e-01 8.583651587855676331e-04 0.000000000000000000e+00 0.000000000000000000e+00 0.000000000000000000e+00 0.000000000000000000e+00 6.177388964421861618e-04 0.000000000000000000e+00 2.996050203201249262e-01 0.000000000000000000e+00 7.618551857414358752e-02 1.159476768613722925e-01 5.760394117770042260e-02 7.881968645228203119e-02 0.000000000000000000e+00 6.303390587076345732e-03 2.851045767767114436e-02 0.000000000000000000e+00 0.000000000000000000e+00
0.000000000000000000e+00 0.000000000000000000e+00 2.806591901916170861e-02 0.000000000000000000e+00 7.590286436238138923e-02 0.000000000000000000e+00 1.729117241452443610e-02 1.113226291465860968e-01 0.000000000000000000e+00 3.800849297203409000e-02 0.000000000000000000e+00 1.544673771830178122e-02 0.000000000000000000e+00 3.800463404083645903e-03 8.722898431628042792e-02 6.200088261438699982e-02 0.000000000000000000e+00 2.463019516996608343e-02 1.424171361510787048e-01 1.228816500653712694e-02 9.262143364081741603e-02 2.454942353937909771e-02 1.220465080483582182e-01 1.108978395881390043e-02 1.312892085173087420e-01
9.523209510407039391e-02 3.875954421634301289e-02 5.558147861521701288e-02 1.720625832432072788e-01 0.000000000000000000e+00 5.139240122986877407e-02 1.533328317877857283e-01 0.000000000000000000e+00 0.000000000000000000e+00 1.287967610858998385e-02 0.000000000000000000e+00 0.000000000000000000e+00 2.904667049885346908e-02 0.000000000000000000e+00 0.000000000000000000e+00 0.000000000000000000e+00 2.041259976980450174e-04 5.256911746542543978e-02 1.761599094547957045e-01 0.000000000000000000e+00 1.921648911441541097e-02 1.026042164733396433e-01 2.838655256534501799e-03 1.273172683288250305e-02 2.538847860097311754e-02
0.000000000000000000e+00 9.919575544314062493e-03 0.000000000000000000e+00 0.000000000000000000e+00 0.000000000000000000e+00 0.000000000000000000e+00 1.844641242260957811e-02 0.000000000000000000e+00 0.000000000000000000e+00 2.037675408780447936e-02 4.675935510874882489e-02 7.354553549574176750e-03 0.000000000000000000e+00 1.222616610799955039e-01 1.802849225845844505e-01 4.873683776110189318e-03 0.000000000000000000e+00 1.546030138435706969e-01 1.715193296298937187e-01 3.535860158331888964e-02 0.000000000000000000e+00 0.000000000000000000e+00 1.337576381665605274e-01 1.429556271765915383e-02 8.018893590525560944e-02
0.000000000000000000e+00 3.982136222953308428e-03 1.327040759014374294e-01 0.000000000000000000e+00 7.088396007756751771e-02 0.000000000000000000e+00 0.000000000000000000e+00 4.197623504890026641e-02 0.000000000000000000e+00 6.544646827618687268e-02 0.000000000000000000e+00 4.127077574833080270e-03 8.707757627780227105e-03 6.962797552325049322e-02 5.095369740541215789e-03 8.702006531723847221e-03 1.336903920580461216e-03 1.494165621846572090e-01 9.538987748163678393e-02 9.063585907775421890e-02 0.000000000000000000e+00 0.000000000000000000e+00 1.353322453812388082e-01 4.867726259067544498e-02 6.795822683828268984e-02
0.000000000000000000e+00 0.000000000000000000e+00 0.000000000000000000e+00 1.549785002388995823e-02 3.892502847277319600e-02 1.736373234379494715e-02 2.714294039787847335e-01 1.257109774519906686e-01 0.000000000000000000e+00 0.000000000000000000e+00 0.000000000000000000e+00 8.990194141775567638e-02 5.438818540496192719e-03 0.000000000000000000e+00 0.000000000000000000e+00 0.000000000000000000e+00 1.527561977729479867e-02 2.433711886829413584e-02 1.718374439368297035e-01 0.000000000000000000e+00 7.579809456972391724e-02 2.830728224579547384e-02 2.893271438945061586e-02 0.000000000000000000e+00 9.124397398312590612e-02
7.346514251041526278e-02 0.000000000000000000e+00 0.000000000000000000e+00 0.000000000000000000e+00 2.464823069637090136e-01 2.547086857939323198e-02 9.491126353280292943e-03 3.082340355606988033e-02 0.000000000000000000e+00 9.158665836021595563e-02 1.128436924677905795e-02 0.000000000000000000e+00 0.000000000000000000e+00 1.370538074795161765e-01 1.873409487519297201e-01 0.000000000000000000e+00 0.000000000000000000e+00 1.662541703175953595e-02 2.957668241781093513e-02 5.690489810387977521e-02 0.000000000000000000e+00 0.000000000000000000e+00 8.389437064524118970e-02 0.000000000000000000e+00 0.000000000000000000e+00
0.000000000000000000e+00 1.754676509433856016e-02 1.424427003412679082e-01 2.705563608479436000e-02 2.821740307633525610e-02 0.000000000000000000e+00 2.134387353317618585e-01 1.939673882041576813e-01 0.000000000000000000e+00 0.000000000000000000e+00 0.000000000000000000e+00 0.000000000000000000e+00 0.000000000000000000e+00 0.000000000000000000e+00 7.218393379244676666e-02 0.000000000000000000e+00 2.221179215131133602e-02 5.629429420026321046e-02 1.781916046348868687e-01 1.241856395979879131e-02 0.000000000000000000e+00 2.697073394412125708e-03 3.333410973422524376e-02 0.000000000000000000e+00 0.000000000000000000e+00
5.360568595465405733e-02 2.285137683482804313e-02 6.455350914482987923e-03 5.666541080171606792e-02 1.049685032157064365e-02 2.665314603235085025e-02 5.201899093505715777e-02 4.156575968657606063e-02 0.000000000000000000e+00 1.173234523914841411e-03 0.000000000000000000e+00 0.000000000000000000e+00 0.000000000000000000e+00 9.366034644055702685e-02 1.557506282070010850e-01 3.718921950900153789e-03 7.916172735863461277e-03 9.831701190089534026e-02 1.808651731697594189e-02 1.061661932468915825e-01 1.784374297932588005e-02 5.655285684880358155e-02 7.734328061099731561e-03 1.680321791229831552e-02 1.459642563942373517e-01
0.000000000000000000e+00 4.433405988715077850e-02 1.843745351430003954e-02 0.000000000000000000e+00 0.000000000000000000e+00 0.000000000000000000e+00 4.824072639646763937e-03 7.581202365218563111e-02 0.000000000000000000e+00 5.823240361512695834e-02 0.000000000000000000e+00 5.435548820399722231e-03 0.000000000000000000e+00 0.000000000000000000e+00 1.642926302104469882e-01 0.000000000000000000e+00 6.298995220690664469e-03 1.237232218343567169e-01 2.710936118977932702e-03 7.604089878500690236e-02 4.809880863775158749e-02 1.053507718181316277e-01 2.013957630671641200e-02 7.021213089398446738e-02 1.760564680451267572e-01
1.289681257378352819e-01 0.000000000000000000e+00 0.000000000000000000e+00 0.000000000000000000e+00 2.432741220949461436e-01 1.643093902336085488e-01 1.894458693447087852e-02 1.485140862848484920e-02 0.000000000000000000e+00 5.166869201520730981e-02 0.000000000000000000e+00 0.000000000000000000e+00 2.425604339482335080e-03 9.565876363519573017e-03 1.833415683318575240e-01 2.694282133196215442e-02 8.648783720572285338e-02 0.000000000000000000e+00 6.921996678290262550e-02 0.000000000000000000e+00 0.000000000000000000e+00 0.000000000000000000e+00 0.000000000000000000e+00 0.000000000000000000e+00 0.000000000000000000e+00
1.236352759655719863e-02 1.689386819788828500e-02 1.629763023807122985e-02 1.461851574571974011e-01 2.222435232887025325e-01 0.000000000000000000e+00 2.411355479740522750e-02 0.000000000000000000e+00 0.000000000000000000e+00 1.522691713932073920e-01 0.000000000000000000e+00 2.456019573123411487e-02 6.989268431414703310e-03 0.000000000000000000e+00 2.252340802083199756e-01 3.810575987947194612e-03 1.727017132497971064e-02 1.317692753470750822e-01 0.000000000000000000e+00 0.000000000000000000e+00 0.000000000000000000e+00 0.000000000000000000e+00 0.000000000000000000e+00 0.000000000000000000e+00 0.000000000000000000e+00
7.731131937948434660e-03 1.222067396174724846e-01 2.078586029270754892e-02 1.145255010547527180e-01 6.897832315648783075e-02 0.000000000000000000e+00 2.931966887328873311e-02 1.380993185353801382e-03 3.277070454758165829e-02 3.926727623351969516e-03 0.000000000000000000e+00 0.000000000000000000e+00 1.847885029578126559e-02 0.000000000000000000e+00 3.036678882673347624e-01 0.000000000000000000e+00 0.000000000000000000e+00 9.375981733842288224e-02 0.000000000000000000e+00 1.207154198334244380e-02 0.000000000000000000e+00 4.610073417143062402e-03 1.372082326259760343e-01 2.588180222673566039e-02 2.696143556318698377e-03
7.383854389644743145e-03 0.000000000000000000e+00 0.000000000000000000e+00 0.000000000000000000e+00 1.088361801961897357e-01 3.888904079565730083e-04 1.457230399220817429e-01 2.709121487743859288e-02 0.000000000000000000e+00 2.642305033409444309e-02 0.000000000000000000e+00 1.949880127469961371e-04 0.000000000000000000e+00 1.107472335199627400e-01 1.689972232042882549e-01 0.000000000000000000e+00 9.727549299092769913e-03 1.352491485871260557e-01 1.637063512657531139e-01 5.658582680002042370e-02 0.000000000000000000e+00 0.000000000000000000e+00 1.677953049536820215e-03 3.726749613406701161e-02 0.000000000000000000e+00
7.970585717003600412e-02 9.981209636445186051e-02 0.000000000000000000e+00 0.000000000000000000e+00 1.254075065443456538e-03 0.000000000000000000e+00 0.000000000000000000e+00 1.611008246184467141e-02 0.000000000000000000e+00 7.722551913365875709e-02 2.088928465038094283e-03 2.042106704845891851e-02 5.690886552383388197e-03 0.000000000000000000e+00 3.233701166680170713e-01 0.000000000000000000e+00 3.758038717086251840e-02 1.736477113545703554e-02 2.628484484168801955e-02 0.000000000000000000e+00 2.937507860813730678e-02 0.000000000000000000e+00 1.521117375261522853e-02 1.245601977416593495e-02 2.360490957877418028e-01
8.507597776077570687e-03 0.000000000000000000e+00 1.654604709258753956e-02 0.000000000000000000e+00 1.106445913736056746e-01 0.000000000000000000e+00 1.246203949326855076e-01 0.000000000000000000e+00 0.000000000000000000e+00 0.000000000000000000e+00 0.000000000000000000e+00 0.000000000000000000e+00 1.185992511844119121e-02 9.755511178484083112e-03 2.794724677037541127e-01 2.806467775455707015e-03 0.000000000000000000e+00 1.220377573409057448e-01 1.022917917083064621e-01 6.510847676573136220e-03 0.000000000000000000e+00 7.977044154104587573e-03 4.310862856744477473e-02 2.536073455056854845e-02 1.285001930510053791e-01
5.538588588863883194e-02 5.521939337445463947e-02 1.750078150645073202e-02 1.103250126775286513e-02 0.000000000000000000e+00 0.000000000000000000e+00 6.645170228577203242e-02 1.183847832538969386e-01 5.666971571458023077e-03 2.432410829681543388e-02 0.000000000000000000e+00 0.000000000000000000e+00 3.785752579929958089e-04 3.305214400378939099e-03 2.557225543822883723e-02 0.000000000000000000e+00 9.316786222650651206e-02 2.158557963425592960e-02 0.000000000000000000e+00 0.000000000000000000e+00 1.356188093702402966e-02 3.559124500542660413e-02 1.337875551646610928e-01 2.193755993667283188e-01 9.970810512355723909e-02
2.244130355269111088e-02 0.000000000000000000e+00 1.443688325007534169e-02 0.000000000000000000e+00 2.128518097838668494e-02 0.000000000000000000e+00 1.521854897506264570e-01 1.542740805033050028e-02 2.628509584045787828e-02 0.000000000000000000e+00 0.000000000000000000e+00 0.000000000000000000e+00 1.489341575740464781e-02 0.000000000000000000e+00 1.885048296675432278e-01 0.000000000000000000e+00 3.211914786889226436e-02 7.809970818989017682e-02 4.354855611134999388e-02 0.000000000000000000e+00 1.897103563022995917e-02 9.391306950416150601e-02 1.680650039113814331e-01 1.098238719365787486e-01 0.000000000000000000e+00
3.708304792461351862e-02 0.000000000000000000e+00 1.173954003943545044e-01 4.196505860195345883e-02 1.394647489545073060e-01 2.399496412207758472e-03 6.226693182380706182e-03 1.159410485399100105e-01 0.000000000000000000e+00 0.000000000000000000e+00 0.000000000000000000e+00 4.634615005862821602e-02 7.514848524850351735e-03 1.059857480269748436e-02 1.619490208804395537e-01 0.000000000000000000e+00 7.085050157757688538e-02 0.000000000000000000e+00 2.365881484701468779e-02 0.000000000000000000e+00 6.864669490863476060e-03 0.000000000000000000e+00 0.000000000000000000e+00 1.563862771869223289e-01 5.535564862107982681e-02
0.000000000000000000e+00 8.699704614861476781e-02 1.272336106545741974e-02 1.306402264377792555e-01 4.978808789135016379e-03 0.000000000000000000e+00 9.760679722173517137e-04 0.000000000000000000e+00 0.000000000000000000e+00 1.683503299695887981e-02 0.000000000000000000e+00 4.646843328594749134e-02 1.812492883707688199e-02 2.484686821921710045e-02 2.272492429312602813e-01 0.000000000000000000e+00 0.000000000000000000e+00 1.363097134566373381e-01 0.000000000000000000e+00 0.000000000000000000e+00 0.000000000000000000e+00 1.789441327954697722e-02 0.000000000000000000e+00 1.570460534555206955e-01 1.189098031246307030e-01
9.968741128253770165e-03 2.696468215624663045e-02 1.827766911781678050e-02 1.258056032173422156e-01 2.601405586675665030e-02 8.744689232447530602e-02 0.000000000000000000e+00 7.373268359812883144e-03 0.000000000000000000e+00 1.220344745691291427e-03 3.598119791018237340e-02 2.125140267684506173e-02 0.000000000000000000e+00 2.419948992100029450e-02 8.879218806012779963e-02 0.000000000000000000e+00 3.286346012513503140e-03 7.845252156182093775e-03 2.045070169477255229e-01 0.000000000000000000e+00 0.000000000000000000e+00 1.359825918655834832e-02 2.226619997487627456e-01 5.932075227532166567e-02 1.548483818838509475e-02
1.698990955599358373e-03 4.006109162706441087e-03 8.615118075528147012e-02 3.122597011932781025e-02 8.734004349952008417e-03 5.352470554512699097e-02 1.328505095310544282e-01 5.125129622179073335e-02 2.278482446269974177e-02 4.754193353784763598e-02 0.000000000000000000e+00 0.000000000000000000e+00 0.000000000000000000e+00 9.833155980079606728e-02 1.237201769787589223e-01 1.083965590300706022e-01 0.000000000000000000e+00 0.000000000000000000e+00 5.007171479999079911e-02 0.000000000000000000e+00 0.000000000000000000e+00 0.000000000000000000e+00 0.000000000000000000e+00 1.495336453636601504e-01 3.017681938533689143e-02
0.000000000000000000e+00 1.046104953452565295e-02 0.000000000000000000e+00 0.000000000000000000e+00 0.000000000000000000e+00 5.415494646195752370e-04 4.892498970444416478e-02 0.000000000000000000e+00 0.000000000000000000e+00 0.000000000000000000e+00 0.000000000000000000e+00 0.000000000000000000e+00 0.000000000000000000e+00 1.313239198492412718e-01 1.691556801369548946e-01 1.025481694741471085e-02 0.000000000000000000e+00 1.565471877768221665e-01 1.707202500114302912e-01 0.000000000000000000e+00 8.272015013828924734e-03 2.787952704404791666e-03 1.314067087711910109e-01 3.693858135985997326e-02 1.226652987252626476e-01
0.000000000000000000e+00 2.643588936808690185e-02 8.419702914286812320e-03 1.398137717281429104e-01 0.000000000000000000e+00 0.000000000000000000e+00 2.514773130332391415e-02 2.860209968532207575e-02 0.000000000000000000e+00 2.944084771838998901e-02 0.000000000000000000e+00 9.279951538954976176e-04 0.000000000000000000e+00 0.000000000000000000e+00 1.715445471895973850e-01 0.000000000000000000e+00 1.071323330682832781e-01 1.281299689007450449e-01 5.717298437300619846e-02 2.903145192585352904e-02 7.953002901068354294e-03 3.387887204963290714e-03 5.959934117405155107e-02 1.698356263099497221e-01 7.424819081033501127e-03
6.159549274974217281e-02 3.611579033478830303e-02 1.127526908227730745e-02 0.000000000000000000e+00 1.432418186686730023e-02 0.000000000000000000e+00 0.000000000000000000e+00 1.189433810398540792e-01 0.000000000000000000e+00 2.362925393479380423e-02 3.217180594933276988e-02 2.763291479627128996e-03 0.000000000000000000e+00 2.138657065505634655e-02 1.487879439314200858e-01 2.806785049610773398e-03 0.000000000000000000e+00 0.000000000000000000e+00 1.127744145102307916e-02 1.001506991742764502e-01 0.000000000000000000e+00 0.000000000000000000e+00 1.373903535563582301e-01 1.634494008389050790e-01 1.139323389060671460e-01
0.000000000000000000e+00 1.130867771505254665e-01 3.198365614786012785e-03 0.000000000000000000e+00 5.240233124761616013e-02 0.000000000000000000e+00 1.423362228847278588e-01 1.426433105032394975e-02 0.000000000000000000e+00 6.131503167788666248e-02 0.000000000000000000e+00 0.000000000000000000e+00 1.209052637455582113e-02 1.973065368909230829e-02 1.809445802287343863e-01 1.139606634616791014e-01 1.986554845635791003e-02 6.533121363194421827e-03 3.677706367634283463e-02 1.569910494556717509e-02 7.584267921653401606e-03 1.234169826671612652e-02 0.000000000000000000e+00 0.000000000000000000e+00 1.878697119902403845e-01
0.000000000000000000e+00 6.228369991544510653e-02 3.770898199656144700e-02 2.232031327852194297e-02 2.048866797728789435e-01 0.000000000000000000e+00 0.000000000000000000e+00 0.000000000000000000e+00 0.000000000000000000e+00 0.000000000000000000e+00 0.000000000000000000e+00 0.000000000000000000e+00 0.000000000000000000e+00 1.879201201196627202e-02 2.107590795470412059e-01 0.000000000000000000e+00 0.000000000000000000e+00 1.043206070838379185e-01 0.000000000000000000e+00 0.000000000000000000e+00 0.000000000000000000e+00 1.090005528771394588e-01 4.516936576767884015e-02 1.847587077489289686e-01 0.000000000000000000e+00
0.000000000000000000e+00 1.277966028963128664e-01 4.599106547050197183e-03 0.000000000000000000e+00 1.139745503581479080e-01 0.000000000000000000e+00 1.433517484052507229e-02 3.485441383444257829e-02 0.000000000000000000e+00 1.538561791665250984e-02 0.000000000000000000e+00 0.000000000000000000e+00 0.000000000000000000e+00 0.000000000000000000e+00 1.809609019454250234e-01 0.000000000000000000e+00 9.603758714312144590e-03 1.557393577501595388e-03 5.235211588700910273e-02 0.000000000000000000e+00 4.829194193311250882e-03 1.065033587606258741e-01 7.975222707763240937e-02 2.098713393186897591e-01 4.362424413236162812e-02
0.000000000000000000e+00 9.620056810188980234e-02 5.373821691447942112e-02 1.592016125277475463e-02 1.785119123635800151e-02 0.000000000000000000e+00 7.545773725410433175e-02 7.841677969524496472e-02 7.976589414269125156e-03 6.484148674417147470e-03 3.633927302198997067e-02 0.000000000000000000e+00 2.420427022118360263e-03 4.206808388326751386e-02 1.929757612634570574e-01 0.000000000000000000e+00 1.188554254118504537e-02 3.726419091294597835e-02 1.506743037510312466e-01 0.000000000000000000e+00 0.000000000000000000e+00 0.000000000000000000e+00 1.245332138730725555e-02 2.437866303536401560e-02 1.374950406377959677e-01
4.344836944633860554e-02 6.738976008398275819e-02 8.408051971214674375e-03 9.790195030715448388e-02 2.698731538135954827e-05 8.790312362963105530e-03 1.614253515520815974e-01 4.965410206946731242e-02 5.683371838676541665e-02 0.000000000000000000e+00 1.135293572030922002e-02 0.000000000000000000e+00 8.125268293099173131e-03 0.000000000000000000e+00 8.096073149856652940e-02 2.054832660759028234e-02 2.804580276770417008e-03 1.374003005122612087e-01 1.528755745718093362e-01 8.668657217957884131e-02 0.000000000000000000e+00 0.000000000000000000e+00 0.000000000000000000e+00 0.000000000000000000e+00 5.367106844665597842e-03
7.252926280793783875e-02 1.138043426810449593e-01 7.962041792849129662e-03 1.292106975295269529e-02 0.000000000000000000e+00 0.000000000000000000e+00 3.220653941544227017e-02 2.431546595652056553e-02 0.000000000000000000e+00 1.795964285064615418e-01 1.086943480359145843e-03 1.098340579248871258e-03 2.486549597949301235e-02 4.252010360485532214e-02 1.773391111585189417e-01 5.473660440502949639e-04 0.000000000000000000e+00 1.273641671894153449e-01 5.734247791715890372e-03 9.175830588289211887e-02 0.000000000000000000e+00 7.315856302722364458e-03 0.000000000000000000e+00 7.240719593490178851e-02 4.627715138618085887e-03
5.626539760025372344e-04 0.000000000000000000e+00 4.895366091362842592e-03 7.112574420683706600e-03 0.000000000000000000e+00 0.000000000000000000e+00 1.206211960829498692e-01 2.309259622360143246e-02 0.000000000000000000e+00 1.035990035234799767e-01 0.000000000000000000e+00 4.060645131935977648e-02 9.230789263220799679e-02 0.000000000000000000e+00 2.096487931372501279e-01 1.202862931219476211e-01 7.854417377647393561e-02 9.612840302981984220e-02 1.759734950567210313e-02 0.000000000000000000e+00 0.000000000000000000e+00 0.000000000000000000e+00 1.999687543073200985e-02 5.786890829780845513e-02 7.131469430647732408e-03
0.000000000000000000e+00 4.036068443205462208e-02 1.132023954636840989e-02 1.240152160148778882e-02 1.771133734674326665e-01 0.000000000000000000e+00 0.000000000000000000e+00 2.969385368958960339e-02 0.000000000000000000e+00 0.000000000000000000e+00 9.590158939465596999e-03 0.000000000000000000e+00 2.218428842161218086e-03 4.451348479030998312e-02 1.764334784310963578e-01 0.000000000000000000e+00 1.151839000165826195e-02 0.000000000000000000e+00 1.788844552269213961e-01 0.000000000000000000e+00 0.000000000000000000e+00 1.324379567395299329e-01 1.403761537004349635e-01 2.755149966763737954e-02 5.586320923851664962e-03
0.000000000000000000e+00 3.716226203863637551e-04 5.151161772332617239e-02 0.000000000000000000e+00 0.000000000000000000e+00 0.000000000000000000e+00 6.130835104001272629e-02 4.246677870724126919e-02 0.000000000000000000e+00 3.285563858759551776e-03 0.000000000000000000e+00 1.396352367854673815e-01 0.000000000000000000e+00 1.093119400646792860e-01 1.684247568705866394e-01 0.000000000000000000e+00 0.000000000000000000e+00 1.095958739465272280e-01 0.000000000000000000e+00 0.000000000000000000e+00 0.000000000000000000e+00 7.009860123665355436e-02 1.838285071970401779e-02 6.587593680428645293e-02 1.597308696223692093e-01
6.572558200973399600e-02 0.000000000000000000e+00 3.974454107834765604e-02 1.652407583965697854e-02 0.000000000000000000e+00 0.000000000000000000e+00 1.157096059624877910e-01 1.070048053657639830e-01 1.633838875476159233e-02 3.902986781183329784e-02 2.962033998930957250e-03 1.690860334067186346e-02 1.589108766785978649e-02 8.674707574254152120e-02 9.300775222527170316e-02 4.680262726184001437e-02 0.000000000000000000e+00 0.000000000000000000e+00 1.659054808275345072e-01 7.654008177772722576e-02 0.000000000000000000e+00 0.000000000000000000e+00 1.584240887128323533e-02 7.271766193243583976e-02 6.598319531317951500e-03
