0.000000000000000000e+00 1.420705651783706891e-01 4.997387064103708809e-02 0.000000000000000000e+00 2.829975308898031311e-02 8.900541119775529086e-02 0.000000000000000000e+00 0.000000000000000000e+00 0.000000000000000000e+00 0.000000000000000000e+00 1.424418083612333796e-01 2.464515065751453904e-01 4.967038848271133206e-02 0.000000000000000000e+00 1.108162747111794168e-02 0.000000000000000000e+00 4.108371047580196278e-02 1.451764692330307360e-01 2.928824156878106696e-02 2.545664772603490819e-02
1.465352399797028027e-01 0.000000000000000000e+00 0.000000000000000000e+00 2.456727184684365239e-01 2.274942221579388801e-02 5.445392931331761305e-02 0.000000000000000000e+00 1.284974610666564654e-01 0.000000000000000000e+00 0.000000000000000000e+00 0.000000000000000000e+00 1.791314635230244479e-01 0.000000000000000000e+00 1.658790677549852599e-01 0.000000000000000000e+00 0.000000000000000000e+00 0.000000000000000000e+00 4.368015131138018592e-02 8.803476934827867209e-03 4.597069431874810722e-03
1.442677540129833902e-01 2.599509132036470493e-02 4.769313017584311115e-02 6.941620013722685223e-02 2.569366226083258375e-01 0.000000000000000000e+00 3.154024125987749116e-02 5.398721945704050562e-02 0.000000000000000000e+00 0.000000000000000000e+00 0.000000000000000000e+00 0.000000000000000000e+00 1.865716399268181787e-03 1.525434635616063073e-01 0.000000000000000000e+00 4.434709073649900635e-03 1.040334135873933856e-02 2.884877610147507446e-02 1.720677345335993313e-01 0.000000000000000000e+00
2.167603910730812877e-01 4.297097865919572574e-02 0.000000000000000000e+00 0.000000000000000000e+00 0.000000000000000000e+00 2.999979362491092191e-02 0.000000000000000000e+00 6.452400934146057532e-02 0.000000000000000000e+00 0.000000000000000000e+00 1.021381965390259494e-01 1.406017001360962415e-01 0.000000000000000000e+00 0.000000000000000000e+00 0.000000000000000000e+00 4.221356943126890887e-02 0.000000000000000000e+00 2.090747729424074358e-02 1.997777666442931421e-01 1.401061172564263824e-01
0.000000000000000000e+00 0.000000000000000000e+00 0.000000000000000000e+00 1.479181805353367851e-01 8.000705316364728481e-02 0.000000000000000000e+00 0.000000000000000000e+00 0.000000000000000000e+00 0.000000000000000000e+00 2.291391728386292514e-02 1.404944838486588687e-01 1.968046281404242370e-01 0.000000000000000000e+00 1.912105393766915795e-01 7.543576349735069131e-02 0.000000000000000000e+00 0.000000000000000000e+00 3.446548277131433052e-02 1.687688129909741680e-02 9.387307008361579774e-02
1.479282617029792357e-01 1.438738160440377056e-01 0.000000000000000000e+00 0.000000000000000000e+00 0.000000000000000000e+00 5.021873795697779502e-02 0.000000000000000000e+00 4.013674903536797178e-02 0.000000000000000000e+00 3.204205575210628681e-02 0.000000000000000000e+00 2.295771971899605857e-01 0.000000000000000000e+00 0.000000000000000000e+00 3.783700195453814784e-04 8.098415978102885271e-02 0.000000000000000000e+00 1.111109449742727073e-01 6.293734284948770963e-02 1.008123646942358509e-01
1.779639675099211060e-01 5.319912609981459345e-02 0.000000000000000000e+00 7.536582999813078686e-03 3.182455378368338056e-02 2.700214042498121914e-01 0.000000000000000000e+00 0.000000000000000000e+00 0.000000000000000000e+00 0.000000000000000000e+00 0.000000000000000000e+00 1.729009169217882724e-01 0.000000000000000000e+00 1.267905947860073490e-01 0.000000000000000000e+00 0.000000000000000000e+00 0.000000000000000000e+00 1.156393788747299284e-01 4.412347477443010618e-02 0.000000000000000000e+00
1.346477515570083661e-01 0.000000000000000000e+00 6.158521360911497350e-02 1.345627441380969208e-02 2.192189089702574999e-03 0.000000000000000000e+00 0.000000000000000000e+00 9.934129730346531739e-02 1.470219045111615108e-01 0.000000000000000000e+00 1.237984284809385965e-01 0.000000000000000000e+00 3.047365143407803224e-03 1.976215218364375525e-01 0.000000000000000000e+00 0.000000000000000000e+00 0.000000000000000000e+00 9.145411328790334360e-02 1.110664754470710586e-01 1.476746531997921892e-02
0.000000000000000000e+00 2.383644735489373612e-02 2.230896150097107927e-02 2.411370796922744364e-01 7.607387128735024207e-02 1.799282771436085671e-01 0.000000000000000000e+00 1.514326252350941260e-01 2.137029150875802835e-02 0.000000000000000000e+00 1.453784705896623008e-01 0.000000000000000000e+00 0.000000000000000000e+00 0.000000000000000000e+00 0.000000000000000000e+00 0.000000000000000000e+00 0.000000000000000000e+00 1.268940780270833568e-01 1.163989766030412189e-02 0.000000000000000000e+00
1.534341342035398514e-01 0.000000000000000000e+00 0.000000000000000000e+00 1.132922926873344283e-01 1.752034553251201887e-01 0.000000000000000000e+00 2.930439706245553319e-02 4.853591654695905283e-02 1.823190239889720815e-02 0.000000000000000000e+00 0.000000000000000000e+00 6.657960102322947604e-02 1.551934592200182247e-02 9.729618588162963766e-02 4.658551345698657559e-02 1.098457345843081440e-01 0.000000000000000000e+00 0.000000000000000000e+00 0.000000000000000000e+00 1.261715209075381927e-01
0.000000000000000000e+00 9.412303527421027327e-02 0.000000000000000000e+00 1.280854519257100255e-01 3.469311284948025775e-03 7.085800464430946910e-02 1.329945586338172024e-02 7.356428078619307864e-02 4.226093579572402781e-02 0.000000000000000000e+00 1.329269124481540221e-01 1.377203153355625598e-01 1.172041965052844810e-02 9.891191333379995010e-02 4.865173391929402541e-02 0.000000000000000000e+00 1.824877480579727845e-02 1.261594549323871439e-01 0.000000000000000000e+00 0.000000000000000000e+00
1.857591107244492556e-02 8.058241075553561339e-02 1.428797520183584802e-01 2.906194422441787245e-02 0.000000000000000000e+00 8.771351609063937627e-02 0.000000000000000000e+00 1.372380417733476583e-03 0.000000000000000000e+00 6.735319671794412488e-02 0.000000000000000000e+00 1.623573848583261814e-01 4.573881055925711758e-02 1.621201693654838183e-01 0.000000000000000000e+00 0.000000000000000000e+00 0.000000000000000000e+00 1.304761044227337741e-01 1.101079441495379438e-02 6.075762508217133484e-02
9.827039205307926129e-03 0.000000000000000000e+00 0.000000000000000000e+00 7.379055037728939059e-02 9.957170574093994128e-03 2.347094835818425707e-01 0.000000000000000000e+00 0.000000000000000000e+00 3.449237749859115215e-02 0.000000000000000000e+00 0.000000000000000000e+00 2.570712782609788083e-01 9.977018744126485428e-02 1.766295417094774778e-01 5.479117300706584648e-02 4.400392092230918928e-02 0.000000000000000000e+00 4.957277421778813649e-03 0.000000000000000000e+00 0.000000000000000000e+00
0.000000000000000000e+00 1.577556279307796572e-01 0.000000000000000000e+00 1.961504999482672207e-01 2.251068136394641581e-02 0.000000000000000000e+00 1.697770515940331265e-02 4.659072544420040513e-03 0.000000000000000000e+00 0.000000000000000000e+00 0.000000000000000000e+00 1.974653499031547577e-01 1.250472313321797369e-01 0.000000000000000000e+00 2.455630535445155749e-01 1.613906838186715195e-02 0.000000000000000000e+00 0.000000000000000000e+00 1.773170989146625673e-02 0.000000000000000000e+00
1.498816991162660872e-01 0.000000000000000000e+00 3.274411653652244819e-02 7.330279607336332576e-03 0.000000000000000000e+00 4.028764152677000165e-02 0.000000000000000000e+00 0.000000000000000000e+00 1.181904626458156471e-02 3.541793963798343242e-02 1.201803191511700798e-03 1.873466730414189152e-01 0.000000000000000000e+00 1.761862227379667467e-01 1.481570575323707672e-01 1.024741501650554415e-01 1.170606721965868936e-02 2.048648419775741733e-02 2.237202864198709756e-03 7.272361636060163670e-02
3.061168949608669143e-01 0.000000000000000000e+00 7.885750177383943349e-02 2.063434571538466933e-01 7.600128963454050313e-04 4.116226288860916349e-02 0.000000000000000000e+00 1.957240226602100230e-01 0.000000000000000000e+00 0.000000000000000000e+00 0.000000000000000000e+00 0.000000000000000000e+00 0.000000000000000000e+00 0.000000000000000000e+00 6.352987546501598359e-02 0.000000000000000000e+00 5.612515981995563896e-02 5.138081238131089745e-02 0.000000000000000000e+00 0.000000000000000000e+00
1.406845614044213433e-01 0.000000000000000000e+00 0.000000000000000000e+00 1.625259023641706033e-02 5.365360175397490376e-03 8.233711277029724662e-02 0.000000000000000000e+00 9.974137327288808141e-02 0.000000000000000000e+00 0.000000000000000000e+00 0.000000000000000000e+00 2.240835729350969530e-01 0.000000000000000000e+00 1.331056146205120416e-01 5.861680302748260157e-02 8.307372917995878292e-02 0.000000000000000000e+00 0.000000000000000000e+00 1.012904155551784674e-01 5.544886682234998615e-02
0.000000000000000000e+00 0.000000000000000000e+00 1.145449866905685204e-02 3.160562312912205962e-02 1.610814546268644898e-02 0.000000000000000000e+00 0.000000000000000000e+00 0.000000000000000000e+00 0.000000000000000000e+00 0.000000000000000000e+00 8.110937104753307425e-02 1.875001965339808119e-01 0.000000000000000000e+00 3.557377213802234706e-02 1.893684965159184441e-01 0.000000000000000000e+00 1.046665886165644016e-01 1.677254922305371765e-01 6.514077102033279110e-02 1.097470446362454888e-01
4.074508948474881570e-02 1.368491840771254298e-01 0.000000000000000000e+00 1.769653490548365737e-01 0.000000000000000000e+00 0.000000000000000000e+00 0.000000000000000000e+00 0.000000000000000000e+00 0.000000000000000000e+00 0.000000000000000000e+00 1.380063397423048899e-01 2.602383458777103240e-02 0.000000000000000000e+00 1.600506616362195808e-02 1.736012559147051826e-01 1.736114029310394449e-02 0.000000000000000000e+00 1.153454623629906750e-01 0.000000000000000000e+00 1.590972783187914741e-01
4.625732797796541784e-02 0.000000000000000000e+00 1.080156755404474422e-01 0.000000000000000000e+00 5.743366382530938619e-02 1.320592866849896463e-01 1.896556940428887478e-02 4.872506174537100110e-02 0.000000000000000000e+00 0.000000000000000000e+00 0.000000000000000000e+00 1.343625788548968303e-01 1.353422678808693762e-02 8.611492419040847612e-02 1.204731741274850387e-02 1.216211003602164602e-03 0.000000000000000000e+00 0.000000000000000000e+00 1.387436146363207889e-01 2.025245419355645726e-01
1.004968426958899874e-01 0.000000000000000000e+00 8.191596956602836821e-02 1.519353451363391339e-01 0.000000000000000000e+00 0.000000000000000000e+00 0.000000000000000000e+00 5.136695516942243328e-02 0.000000000000000000e+00 0.000000000000000000e+00 3.722809259359797368e-02 1.663444728371324677e-01 2.897349753047205774e-03 1.815692166342955938e-01 2.157851952214546454e-01 0.000000000000000000e+00 0.000000000000000000e+00 0.000000000000000000e+00 0.000000000000000000e+00 1.046056039279212244e-02
1.011047107038572368e-01 1.012130371457093531e-02 2.083603673263420900e-02 1.170532106460244887e-01 3.071489400509248152e-02 1.068463725223926380e-01 0.000000000000000000e+00 0.000000000000000000e+00 0.000000000000000000e+00 0.000000000000000000e+00 0.000000000000000000e+00 1.765059987115777662e-01 0.000000000000000000e+00 0.000000000000000000e+00 0.000000000000000000e+00 0.000000000000000000e+00 0.000000000000000000e+00 7.618222908078994826e-02 1.765206445373551924e-01 1.841145993457051211e-01
8.787302359387617889e-02 4.531990592771324017e-02 0.000000000000000000e+00 1.517772861557019071e-01 6.049483847362540842e-03 9.405200062267615735e-02 5.156212594095069962e-02 2.788406403113754400e-02 3.361292417587025128e-02 0.000000000000000000e+00 0.000000000000000000e+00 1.651449251043237421e-01 0.000000000000000000e+00 1.481379192608521245e-01 0.000000000000000000e+00 0.000000000000000000e+00 0.000000000000000000e+00 0.000000000000000000e+00 1.566760431107967755e-01 3.191029822873888561e-02
3.665301524067778906e-03 3.208079937750977356e-02 0.000000000000000000e+00 3.839065899187580483e-02 8.045040185025095769e-02 1.292462039930840634e-01 0.000000000000000000e+00 8.295830574708973337e-02 0.000000000000000000e+00 9.800787262563701724e-03 2.222795916181794784e-01 1.185397795978418954e-02 0.000000000000000000e+00 0.000000000000000000e+00 5.419602207931235524e-03 0.000000000000000000e+00 7.547906763539182461e-03 2.224052375688410632e-01 1.343704480804948920e-01 1.953077705478818010e-02
3.857143420731450750e-02 1.107751461889549226e-02 0.000000000000000000e+00 1.044586125469341847e-01 1.138885828191636418e-01 0.000000000000000000e+00 5.579739662659338739e-02 6.091193406601618648e-02 3.291297952336327132e-02 9.836352071507554681e-03 1.474811760417605866e-01 0.000000000000000000e+00 6.469795415582918485e-02 4.691344425753001673e-02 4.122458743258107690e-03 1.162063243195712164e-02 0.000000000000000000e+00 1.144881812710478869e-01 3.617214170044125848e-02 1.470492049183876604e-01
0.000000000000000000e+00 1.467584819034060684e-01 0.000000000000000000e+00 1.864159781921408132e-02 0.000000000000000000e+00 0.000000000000000000e+00 2.796354574611746580e-02 2.369151452376950032e-03 2.025237920080305912e-02 3.535359645110273258e-02 2.201891374443993576e-01 1.721743502536082215e-01 0.000000000000000000e+00 1.498877298984178930e-01 2.160556842103140626e-02 6.076804493723693412e-02 4.224058839390996425e-04 2.633190290953927107e-02 0.000000000000000000e+00 9.728210767880757226e-02
2.486873991868864681e-02 0.000000000000000000e+00 0.000000000000000000e+00 1.746417073533710618e-01 6.084185856248491148e-02 1.059000591107557565e-02 0.000000000000000000e+00 4.707790572888107677e-02 0.000000000000000000e+00 0.000000000000000000e+00 0.000000000000000000e+00 1.942667669883812176e-01 6.166433716423450756e-02 1.390685011419324768e-01 1.506337747928750692e-01 0.000000000000000000e+00 1.013243220404889677e-01 2.119047675549719581e-02 0.000000000000000000e+00 1.383160364208924423e-02
8.690775050011941829e-04 5.930622773215726840e-02 2.104869729541325452e-02 5.158858078446367998e-03 1.215754973688974901e-02 7.105003620570375655e-02 0.000000000000000000e+00 3.125935746683566191e-02 0.000000000000000000e+00 0.000000000000000000e+00 7.127416497587794886e-02 1.439557268733906992e-01 9.356300201211786849e-02 0.000000000000000000e+00 1.096733974841695818e-02 0.000000000000000000e+00 1.098430093408566538e-02 1.864179750097338384e-01 2.819876864259296956e-01 0.000000000000000000e+00
3.417542438309391362e-02 0.000000000000000000e+00 0.000000000000000000e+00 1.545097300683256625e-01 0.000000000000000000e+00 3.259696853060019273e-02 0.000000000000000000e+00 2.986356317559188053e-02 0.000000000000000000e+00 2.368411190911065903e-02 0.000000000000000000e+00 2.053825329374679987e-01 0.000000000000000000e+00 1.435379526030621800e-01 0.000000000000000000e+00 8.491733364193672362e-02 0.000000000000000000e+00 1.380094723521307354e-01 3.782125399658269049e-02 1.155016564020973080e-01
0.000000000000000000e+00 0.000000000000000000e+00 4.836055408965845431e-02 1.828584355717116638e-01 0.000000000000000000e+00 8.822656725198434191e-02 9.651398473408502598e-02 0.000000000000000000e+00 1.725464524774779698e-02 2.319593003772762053e-03 8.275183324559401421e-02 1.728725786514504620e-02 2.256932223133959782e-03 1.729025875384111732e-01 2.670001557957378813e-01 0.000000000000000000e+00 0.000000000000000000e+00 0.000000000000000000e+00 0.000000000000000000e+00 2.226745343301780519e-02
7.409384287365293649e-03 1.994769383213938208e-01 3.209022648186801024e-02 1.056078786119690055e-01 2.404859627472849537e-02 1.817375552139571457e-02 0.000000000000000000e+00 3.817348244449566413e-03 0.000000000000000000e+00 0.000000000000000000e+00 4.486159109309627302e-02 4.514171391675884243e-02 2.135605557618951503e-03 2.208505731600909558e-03 1.724906994144398964e-01 5.590425429544508898e-03 2.135535674332069214e-02 6.584379647726176787e-02 0.000000000000000000e+00 2.497481778931884278e-01
0.000000000000000000e+00 9.740673029667265559e-02 0.000000000000000000e+00 1.345511999302459764e-03 0.000000000000000000e+00 0.000000000000000000e+00 0.000000000000000000e+00 1.612326267970883020e-02 0.000000000000000000e+00 0.000000000000000000e+00 0.000000000000000000e+00 1.838581245106533646e-01 0.000000000000000000e+00 1.530280439538270199e-01 6.414775756447572974e-02 0.000000000000000000e+00 0.000000000000000000e+00 1.743762418962797045e-01 1.803688597756198109e-01 1.293454673234604724e-01
0.000000000000000000e+00 0.000000000000000000e+00 9.034945054380254595e-03 0.000000000000000000e+00 3.020178167875869901e-01 0.000000000000000000e+00 0.000000000000000000e+00 0.000000000000000000e+00 3.818656373069416465e-02 9.675760692557119902e-02 0.000000000000000000e+00 1.896120836432508561e-01 0.000000000000000000e+00 0.000000000000000000e+00 1.904633145561867788e-02 0.000000000000000000e+00 0.000000000000000000e+00 0.000000000000000000e+00 2.005743859467657153e-01 1.447702664561320851e-01
1.495892432184524889e-01 0.000000000000000000e+00 1.137039987713778927e-02 0.000000000000000000e+00 1.596996465700616652e-01 2.647064626698847345e-01 0.000000000000000000e+00 0.000000000000000000e+00 0.000000000000000000e+00 0.000000000000000000e+00 0.000000000000000000e+00 1.903458592281559725e-01 0.000000000000000000e+00 1.773461858072321873e-01 0.000000000000000000e+00 0.000000000000000000e+00 4.694220262907499580e-02 0.000000000000000000e+00 0.000000000000000000e+00 0.000000000000000000e+00
0.000000000000000000e+00 8.863076069193007167e-02 0.000000000000000000e+00 1.517731786946074080e-01 4.175781593355251805e-04 1.378382831006099152e-01 0.000000000000000000e+00 0.000000000000000000e+00 0.000000000000000000e+00 0.000000000000000000e+00 1.520574700641335875e-01 2.283678473182843959e-03 4.357306892176194407e-02 1.573772293832796099e-01 5.794522476121944515e-02 0.000000000000000000e+00 0.000000000000000000e+00 0.000000000000000000e+00 1.900485644258450568e-01 1.805496332409442517e-02
