0.000000000000000000e+00 3.926906536437568124e-02 1.326397575170000787e-01 1.548214767696226698e-03 2.257888240444791070e-02 0.000000000000000000e+00 1.408720928657520577e-01 1.617417686459231008e-01 2.698208118318521764e-03 3.727365050305219037e-03 0.000000000000000000e+00 3.237322806589398860e-02 1.825065600841946302e-04 0.000000000000000000e+00 1.263941774894505321e-01 0.000000000000000000e+00 1.092474543729819031e-01 9.429927136501018228e-03 3.705339140980278695e-02 2.102900868446553814e-03 1.870408845583360817e-04 0.000000000000000000e+00 0.000000000000000000e+00 1.452180935998285093e-02 1.634322091184789161e-01
2.218667678655932701e-02 1.532747303809629258e-01 3.579425970370036375e-02 3.576455141039275309e-02 2.193200164493512225e-02 0.000000000000000000e+00 0.000000000000000000e+00 0.000000000000000000e+00 4.351624534395086459e-03 2.042043257381981614e-01 0.000000000000000000e+00 2.100204715767255495e-02 9.525528803904635688e-02 0.000000000000000000e+00 0.000000000000000000e+00 1.217046344303957250e-01 2.181891556628067635e-02 5.931323021046550764e-02 0.000000000000000000e+00 1.194121233241902599e-03 0.000000000000000000e+00 0.000000000000000000e+00 0.000000000000000000e+00 2.022035931637533590e-01 0.000000000000000000e+00
1.970563206690841354e-03 6.898011116942501242e-02 1.408217849195556037e-01 0.000000000000000000e+00 4.162685967368013468e-02 0.000000000000000000e+00 8.468294407320826889e-02 1.269987229179288524e-01 1.934436945458296170e-02 2.425797931591503614e-02 0.000000000000000000e+00 0.000000000000000000e+00 0.000000000000000000e+00 0.000000000000000000e+00 1.620691395835850701e-01 0.000000000000000000e+00 1.973001125649540277e-01 1.579388458075523319e-02 0.000000000000000000e+00 1.107053261085174239e-01 0.000000000000000000e+00 0.000000000000000000e+00 0.000000000000000000e+00 0.000000000000000000e+00 5.448202431201504270e-03
5.920033605473652705e-02 8.112345390179866167e-02 9.977997125986158566e-02 2.052902564081636461e-02 1.517579856693591737e-02 0.000000000000000000e+00 0.000000000000000000e+00 0.000000000000000000e+00 1.832413344294275132e-02 0.000000000000000000e+00 0.000000000000000000e+00 1.261952586885494998e-01 0.000000000000000000e+00 7.922363775737644451e-04 0.000000000000000000e+00 0.000000000000000000e+00 5.168972998020093801e-02 1.311529800059194339e-01 4.271130504480266654e-02 1.172943143218685598e-02 2.079291519055506687e-02 1.395643919722122130e-02 0.000000000000000000e+00 1.553136659646138784e-01 1.515333192512848814e-01
2.369698794918113569e-02 0.000000000000000000e+00 1.153146534958315178e-02 0.000000000000000000e+00 0.000000000000000000e+00 0.000000000000000000e+00 1.468466349464444265e-01 1.403743847108008258e-01 0.000000000000000000e+00 9.549738071556719554e-02 0.000000000000000000e+00 0.000000000000000000e+00 0.000000000000000000e+00 0.000000000000000000e+00 7.502013712096909648e-02 6.415479441178614795e-02 6.297940436917848217e-02 5.155643025275524760e-02 2.479656588222765162e-02 0.000000000000000000e+00 1.818096073780624961e-02 1.126151211610255665e-01 0.000000000000000000e+00 1.578868002574212726e-01 1.486293213525342015e-02
0.000000000000000000e+00 7.258294319801698868e-02 9.116841808909051381e-02 0.000000000000000000e+00 3.897087129045230698e-03 0.000000000000000000e+00 1.508425927976273784e-01 8.609873357672273575e-02 3.119483015736958589e-02 0.000000000000000000e+00 0.000000000000000000e+00 8.108046281542333547e-03 0.000000000000000000e+00 0.000000000000000000e+00 1.622086523129742663e-02 1.185481295604786239e-01 2.250775879897166237e-02 0.000000000000000000e+00 1.948680521101853538e-02 0.000000000000000000e+00 0.000000000000000000e+00 4.803096512017784175e-02 1.809139105534670888e-01 1.503989142951741020e-01 0.000000000000000000e+00
0.000000000000000000e+00 1.201366469605551351e-01 1.650832532209820513e-01 0.000000000000000000e+00 1.841364636027378876e-01 0.000000000000000000e+00 5.649499083650228598e-02 7.876785641052298781e-03 0.000000000000000000e+00 1.013030594236968562e-01 0.000000000000000000e+00 0.000000000000000000e+00 0.000000000000000000e+00 0.000000000000000000e+00 1.215409686480282692e-01 0.000000000000000000e+00 0.000000000000000000e+00 0.000000000000000000e+00 5.988272068307227275e-03 0.000000000000000000e+00 0.000000000000000000e+00 0.000000000000000000e+00 0.000000000000000000e+00 2.374395595981378948e-01 0.000000000000000000e+00
1.001720828216100118e-01 0.000000000000000000e+00 3.597706313205219913e-02 0.000000000000000000e+00 1.612727146931271227e-02 5.573868114190113146e-03 0.000000000000000000e+00 1.235467574235548510e-02 0.000000000000000000e+00 9.460972521532927740e-03 0.000000000000000000e+00 7.811250319386472962e-02 6.671976818158956851e-03 0.000000000000000000e+00 7.641225735023898791e-02 0.000000000000000000e+00 1.268164049440752839e-01 1.446848076061744807e-02 0.000000000000000000e+00 0.000000000000000000e+00 3.509058132100633526e-02 2.679733039012334173e-01 2.049468918196484593e-02 1.524447907866571250e-01 4.184907794112936036e-02
0.000000000000000000e+00 2.645289615923716864e-02 9.577799700891664880e-02 2.234951986350198691e-02 1.185874229899799154e-01 1.250502458995959203e-03 8.312716401272034206e-03 1.652629064622953836e-01 0.000000000000000000e+00 4.018573380493296876e-02 0.000000000000000000e+00 8.898907004752365513e-02 6.230673562015905977e-03 0.000000000000000000e+00 0.000000000000000000e+00 0.000000000000000000e+00 1.286211742241517159e-02 6.124203263445695405e-02 4.706787760202572370e-03 5.565344315238102829e-03 2.439018804722722748e-03 1.278350734698866231e-01 2.660254303832840748e-03 1.768938210102907194e-01 3.239611152028278040e-02
3.192595177794856423e-03 2.790183240808765622e-03 8.526632446909972185e-02 3.984228301886332804e-04 2.050115690380776429e-02 0.000000000000000000e+00 1.430075725836861822e-01 7.290723236211525682e-02 8.005856426260458958e-02 4.016719191987145471e-02 0.000000000000000000e+00 6.093117632739007347e-03 0.000000000000000000e+00 0.000000000000000000e+00 6.744884494350904258e-02 1.144691495919814700e-01 0.000000000000000000e+00 0.000000000000000000e+00 3.319326108661174030e-02 1.075404467876610835e-02 1.386885875453016531e-02 1.252649912910154262e-01 1.806184882708698203e-01 0.000000000000000000e+00 0.000000000000000000e+00
0.000000000000000000e+00 0.000000000000000000e+00 1.551629950353775045e-01 4.703508018615536884e-02 5.601954176170255428e-02 0.000000000000000000e+00 1.005200140045724583e-01 1.077148591634152358e-01 3.261310330227884437e-03 2.149569977170571675e-02 0.000000000000000000e+00 1.247746480105756950e-01 1.277901399542222538e-01 0.000000000000000000e+00 7.893848610683178169e-02 0.000000000000000000e+00 0.000000000000000000e+00 0.000000000000000000e+00 1.344827742638832757e-01 0.000000000000000000e+00 0.000000000000000000e+00 0.000000000000000000e+00 1.790182624931004746e-02 0.000000000000000000e+00 2.490262516202005477e-02
8.149364323651216158e-02 0.000000000000000000e+00 4.447366812515078649e-02 0.000000000000000000e+00 1.146422112797799153e-01 0.000000000000000000e+00 5.964255931144204353e-02 1.502484466555972786e-01 0.000000000000000000e+00 0.000000000000000000e+00 0.000000000000000000e+00 0.000000000000000000e+00 0.000000000000000000e+00 0.000000000000000000e+00 1.689065671024570642e-02 0.000000000000000000e+00 0.000000000000000000e+00 0.000000000000000000e+00 1.408956831281978628e-01 3.000795979202604269e-02 2.426831277612146245e-02 1.703807619924196937e-01 1.728383945889208975e-02 3.191580725136822227e-02 1.178564502822467691e-01
0.000000000000000000e+00 0.000000000000000000e+00 1.794163966019177159e-01 2.085602170143003795e-02 1.634045615915548366e-02 0.000000000000000000e+00 1.434518935035961062e-01 9.102470399454183625e-02 8.725336071534797733e-02 2.018731393696337334e-02 0.000000000000000000e+00 0.000000000000000000e+00 0.000000000000000000e+00 0.000000000000000000e+00 6.987377241865186427e-04 0.000000000000000000e+00 2.996752801086892057e-02 1.006009944657801358e-02 1.534794543485713259e-01 7.448831926390959979e-03 0.000000000000000000e+00 2.285337892822424458e-02 1.624258588698736516e-01 0.000000000000000000e+00 5.453596413235396734e-02
7.809875150673538380e-02 4.932453302517902927e-03 0.000000000000000000e+00 0.000000000000000000e+00 1.532837326769921349e-01 0.000000000000000000e+00 1.946829232300365323e-02 1.343631579058872094e-01 0.000000000000000000e+00 1.672486413330751542e-01 0.000000000000000000e+00 5.298825589323397783e-02 1.134028904620895586e-03 1.940125760158445856e-04 0.000000000000000000e+00 3.902656695671803374e-04 0.000000000000000000e+00 5.864938308524719063e-02 7.758211155898617206e-02 0.000000000000000000e+00 1.615108722347652348e-02 0.000000000000000000e+00 0.000000000000000000e+00 5.899567126155855906e-02 1.765201547790821168e-01
2.349241145366699323e-03 3.076103224575612791e-02 9.656282908494102923e-02 0.000000000000000000e+00 3.979167628989494637e-02 0.000000000000000000e+00 1.119391686316727544e-02 1.133742000120652529e-02 0.000000000000000000e+00 1.047708306803512429e-01 0.000000000000000000e+00 7.697679750569533241e-02 0.000000000000000000e+00 0.000000000000000000e+00 1.102839854239454076e-01 1.985167806110241847e-03 1.911323552178312846e-01 0.000000000000000000e+00 0.000000000000000000e+00 4.115235781422574290e-03 0.000000000000000000e+00 1.651423217845975344e-01 1.452760307838499576e-01 0.000000000000000000e+00 8.321159385863923993e-03
3.190263458251958728e-02 0.000000000000000000e+00 1.113372472554572667e-01 0.000000000000000000e+00 5.840915350558842367e-02 3.101434359769658210e-03 1.576356213003680395e-01 1.106818750638461774e-01 2.723010057002655734e-02 0.000000000000000000e+00 0.000000000000000000e+00 0.000000000000000000e+00 0.000000000000000000e+00 0.000000000000000000e+00 1.651973803926781378e-02 0.000000000000000000e+00 1.135651912604343549e-03 0.000000000000000000e+00 0.000000000000000000e+00 2.707728832093529887e-03 0.000000000000000000e+00 1.327389737018798421e-01 1.697711478679953256e-01 1.511150973963459598e-01 2.571359561223755114e-02
7.469198656284688296e-04 0.000000000000000000e+00 9.019533985680781851e-02 0.000000000000000000e+00 1.778375319284477563e-01 0.000000000000000000e+00 1.540323281785786064e-02 1.379557011696085911e-01 0.000000000000000000e+00 5.413497358505611062e-02 0.000000000000000000e+00 1.598820078939446054e-02 0.000000000000000000e+00 0.000000000000000000e+00 4.538285164611191580e-02 0.000000000000000000e+00 1.125105605567959105e-01 0.000000000000000000e+00 1.451404239771665050e-01 9.803335384989413093e-02 0.000000000000000000e+00 1.066709099572304836e-01 0.000000000000000000e+00 0.000000000000000000e+00 0.000000000000000000e+00
9.387140625673766337e-02 0.000000000000000000e+00 6.932034712188357706e-02 6.502265131407340693e-02 3.069950474096454565e-02 0.000000000000000000e+00 2.376458999680519935e-01 1.618379574638995622e-01 0.000000000000000000e+00 2.640985926334739331e-02 0.000000000000000000e+00 1.645324923368069597e-02 0.000000000000000000e+00 0.000000000000000000e+00 2.854587160072026824e-03 0.000000000000000000e+00 6.712790953770575268e-03 3.497977175472349962e-03 1.384155480249221470e-01 8.405217125650047208e-03 0.000000000000000000e+00 1.147858773087426926e-01 0.000000000000000000e+00 0.000000000000000000e+00 2.406712688873123215e-02
1.343026340710947245e-02 4.020444141189132015e-02 5.567198911735109050e-03 0.000000000000000000e+00 1.904008178447634883e-02 0.000000000000000000e+00 2.395923568131825832e-01 1.020295833931866847e-01 2.042188782967490224e-03 1.495480329691663279e-01 0.000000000000000000e+00 4.875599462856810423e-02 0.000000000000000000e+00 0.000000000000000000e+00 1.249370762661560080e-01 0.000000000000000000e+00 0.000000000000000000e+00 0.000000000000000000e+00 0.000000000000000000e+00 0.000000000000000000e+00 2.850709766842018152e-03 0.000000000000000000e+00 0.000000000000000000e+00 5.949788179786465181e-02 1.925041900668539585e-01
7.255576977628099000e-02 0.000000000000000000e+00 1.296937569647113875e-01 3.424070777400719297e-03 4.115607017880323903e-02 0.000000000000000000e+00 3.907215080478077234e-04 1.847039502014071188e-01 1.605213209795770465e-02 3.049233374762527066e-02 0.000000000000000000e+00 1.404110671249375608e-01 0.000000000000000000e+00 7.783522724591220542e-04 1.253025082998059647e-01 0.000000000000000000e+00 4.748998246006449347e-02 0.000000000000000000e+00 1.967894970613410914e-04 7.479753078567429265e-04 0.000000000000000000e+00 0.000000000000000000e+00 0.000000000000000000e+00 1.632847887063192463e-02 1.902760409149487075e-01
8.886236405390351978e-02 5.313710983281655365e-02 2.025477060221767336e-02 0.000000000000000000e+00 3.843788768659669314e-02 0.000000000000000000e+00 3.543024699527183661e-03 1.720094170936219136e-01 7.816900889386588789e-04 7.977092149818473810e-02 0.000000000000000000e+00 5.054929241803331370e-04 0.000000000000000000e+00 0.000000000000000000e+00 1.083447747857357452e-01 5.579177377887121342e-02 1.619542253313556168e-01 0.000000000000000000e+00 1.173411502676875457e-03 3.894867598564973076e-04 9.467743548698819706e-03 1.686137831416130994e-01 0.000000000000000000e+00 0.000000000000000000e+00 3.696212267120489031e-02
0.000000000000000000e+00 0.000000000000000000e+00 4.138785175251115389e-02 0.000000000000000000e+00 1.628768490934034419e-01 2.716913186836437261e-02 0.000000000000000000e+00 1.356524232932210805e-01 1.304424955845848643e-03 2.178850378200767601e-01 0.000000000000000000e+00 0.000000000000000000e+00 0.000000000000000000e+00 3.852532250658030448e-03 7.404343484267256192e-02 7.614023977034477253e-02 1.776902726770556579e-02 2.690589468519203643e-03 0.000000000000000000e+00 0.000000000000000000e+00 0.000000000000000000e+00 0.000000000000000000e+00 0.000000000000000000e+00 7.245304931994420161e-02 1.667754082967330687e-01
1.589358149459748834e-02 0.000000000000000000e+00 2.743779730416387105e-02 2.040165796821570218e-02 0.000000000000000000e+00 0.000000000000000000e+00 1.855759500994531852e-01 0.000000000000000000e+00 9.126721753867549081e-02 1.127084022545461889e-01 1.242581617849263919e-03 7.305013270003522102e-03 0.000000000000000000e+00 0.000000000000000000e+00 1.686290075844828762e-01 4.956121155975461851e-02 0.000000000000000000e+00 2.000148468810218627e-01 5.706124314403234615e-02 1.752453384247990367e-02 0.000000000000000000e+00 0.000000000000000000e+00 5.436756376814458162e-03 5.335831435248965422e-03 3.460436762866012789e-02
0.000000000000000000e+00 0.000000000000000000e+00 1.704382649294028662e-01 1.676586134690463085e-03 7.253311023012769254e-02 0.000000000000000000e+00 1.683844108314564228e-03 0.000000000000000000e+00 8.979448856365317144e-02 1.291116245516922001e-01 0.000000000000000000e+00 1.314444041105800390e-02 0.000000000000000000e+00 0.000000000000000000e+00 2.193381794206139546e-01 0.000000000000000000e+00 5.164389895095410771e-02 9.660527376518851170e-03 1.641216969305759055e-01 0.000000000000000000e+00 0.000000000000000000e+00 8.639956884416075816e-03 0.000000000000000000e+00 5.528165753882077760e-02 1.293172396916135447e-02
0.000000000000000000e+00 2.067401756224800189e-03 1.553898080954359828e-01 2.498044077782223416e-03 1.223241784401203625e-01 0.000000000000000000e+00 0.000000000000000000e+00 4.100230287386587985e-02 7.135613847537810618e-03 1.176385063773699793e-02 0.000000000000000000e+00 9.448736737614873982e-02 1.108522824905154303e-01 2.950751683327485636e-02 1.600716737458371675e-01 0.000000000000000000e+00 1.907167977626102878e-02 0.000000000000000000e+00 4.329547932925881248e-02 0.000000000000000000e+00 0.000000000000000000e+00 0.000000000000000000e+00 3.543341310146329304e-02 0.000000000000000000e+00 1.650993876185365139e-01
1.846224119046840223e-02 6.718701145604291658e-02 6.024937587142131096e-02 0.000000000000000000e+00 0.000000000000000000e+00 1.974134659104610952e-03 1.392125996189801929e-01 6.698996384656969068e-03 0.000000000000000000e+00 2.824565712573429751e-03 0.000000000000000000e+00 9.648469617551806710e-02 1.480825324851362326e-02 3.153246515101602171e-02 7.652062112089089152e-03 3.555249321752495389e-02 0.000000000000000000e+00 2.638651398580065810e-01 0.000000000000000000e+00 1.269140282239270001e-02 0.000000000000000000e+00 3.038548086561041958e-02 1.148355778011261874e-02 1.541678932078498210e-01 4.476763066811813296e-02
9.076144820011572412e-02 1.316241234242337271e-02 0.000000000000000000e+00 0.000000000000000000e+00 2.258478091616810540e-02 0.000000000000000000e+00 2.275130966867600357e-01 1.740686601407882839e-01 0.000000000000000000e+00 3.902314509923973662e-02 0.000000000000000000e+00 0.000000000000000000e+00 0.000000000000000000e+00 1.939755231443933501e-03 0.000000000000000000e+00 1.078357217477975832e-02 3.040283198489323029e-03 4.477975934082272826e-03 6.236011561225560454e-03 0.000000000000000000e+00 0.000000000000000000e+00 3.817341369240686427e-02 1.044953666393506064e-01 2.404605163155476844e-01 2.327956186717872189e-02
0.000000000000000000e+00 0.000000000000000000e+00 2.243411567468417411e-01 0.000000000000000000e+00 2.109423164809140841e-02 0.000000000000000000e+00 1.513990201014815129e-01 7.322074517576494801e-02 0.000000000000000000e+00 2.735357638170451619e-02 0.000000000000000000e+00 4.372306809426213664e-02 0.000000000000000000e+00 0.000000000000000000e+00 0.000000000000000000e+00 4.515062478744997013e-03 1.273344665375418690e-02 0.000000000000000000e+00 3.121575323870847546e-02 2.938837567236589690e-02 0.000000000000000000e+00 1.730091002143075221e-02 1.794845526255484380e-01 1.540232911901891211e-01 3.020680997111190730e-02
0.000000000000000000e+00 0.000000000000000000e+00 1.326670174334645957e-01 4.434221018285532806e-02 2.774739067368051440e-02 0.000000000000000000e+00 1.179285806755436122e-01 9.357363734425212798e-02 9.739273900983568683e-03 4.332913168353320910e-02 0.000000000000000000e+00 2.889881772902027496e-02 3.584923075842422896e-03 0.000000000000000000e+00 8.694712768434442740e-02 1.091063544821608807e-03 6.056899334129339785e-02 1.315448148078506851e-01 1.154167091134009754e-02 0.000000000000000000e+00 3.942814298665918427e-02 6.227592834194838750e-03 9.172322240209478724e-04 1.599223789662992390e-01 0.000000000000000000e+00
0.000000000000000000e+00 0.000000000000000000e+00 4.572911985092664722e-02 0.000000000000000000e+00 0.000000000000000000e+00 0.000000000000000000e+00 1.096624074590834275e-01 0.000000000000000000e+00 3.168137289363277126e-02 5.529086949236307509e-03 0.000000000000000000e+00 0.000000000000000000e+00 1.000020117380260145e-03 0.000000000000000000e+00 7.983077471932306657e-02 0.000000000000000000e+00 2.265471898393025263e-01 1.365466145672461773e-01 4.585713113677963859e-02 0.000000000000000000e+00 0.000000000000000000e+00 0.000000000000000000e+00 0.000000000000000000e+00 1.662638345003137064e-01 1.513524479667754663e-01
0.000000000000000000e+00 0.000000000000000000e+00 1.534499160191923894e-01 1.798712816765157124e-02 0.000000000000000000e+00 0.000000000000000000e+00 0.000000000000000000e+00 0.000000000000000000e+00 2.840277523117210393e-02 1.559355471287507400e-01 0.000000000000000000e+00 1.314215427435350692e-01 0.000000000000000000e+00 0.000000000000000000e+00 7.288673316117314470e-03 1.072491757215136426e-01 0.000000000000000000e+00 1.613621870570579320e-02 1.753455296872314662e-01 9.698330338673311415e-03 0.000000000000000000e+00 1.563064500393015754e-01 0.000000000000000000e+00 1.333235813453241547e-02 2.744635476662274712e-02
0.000000000000000000e+00 0.000000000000000000e+00 1.003128910379700867e-01 1.157365577790260124e-03 1.990118099235206259e-02 5.857864399990806575e-02 1.453335574545808473e-01 7.238385980646023544e-03 1.017475884082776061e-01 2.225621791298823191e-02 0.000000000000000000e+00 4.874118535576606875e-02 1.856237913082918814e-02 0.000000000000000000e+00 1.432632443951313561e-01 1.178812620849815779e-01 2.827333594517521601e-02 0.000000000000000000e+00 1.460691395954808736e-01 0.000000000000000000e+00 7.631450360601372239e-03 0.000000000000000000e+00 2.665157555808518163e-03 0.000000000000000000e+00 3.038701421171252984e-02
0.000000000000000000e+00 3.436839266301500856e-02 2.543044080523903031e-02 7.820879812711433940e-03 1.433263345102462304e-02 0.000000000000000000e+00 9.280462839754356763e-02 1.247084850442765624e-01 0.000000000000000000e+00 9.632099708407154681e-02 0.000000000000000000e+00 6.606344502927646856e-02 0.000000000000000000e+00 0.000000000000000000e+00 2.014425899353938440e-02 1.242953905872147720e-02 1.592044885321482195e-01 0.000000000000000000e+00 1.539261050781061679e-01 3.714401962289675015e-03 0.000000000000000000e+00 0.000000000000000000e+00 1.068499377369324169e-02 4.089652055803809534e-03 1.739566582585397037e-01
2.639834273172750323e-02 0.000000000000000000e+00 9.632271880338570680e-02 2.334111708388956694e-02 6.489532374591219788e-02 0.000000000000000000e+00 1.679781019930161878e-01 4.690219582887430322e-02 1.871051659779193049e-02 5.575396857524324984e-02 0.000000000000000000e+00 6.167998170309286696e-03 0.000000000000000000e+00 0.000000000000000000e+00 0.000000000000000000e+00 4.222208261791695824e-03 0.000000000000000000e+00 0.000000000000000000e+00 1.648183248208686183e-02 0.000000000000000000e+00 0.000000000000000000e+00 1.155229037393089714e-01 1.948702653936997264e-01 1.624325065929627943e-01 0.000000000000000000e+00
8.338214828165461945e-02 0.000000000000000000e+00 1.514925740883440175e-01 0.000000000000000000e+00 1.325978586524268962e-02 0.000000000000000000e+00 2.423229989867038345e-02 1.933663899307211387e-02 0.000000000000000000e+00 1.714593607845826990e-03 3.300000354336552269e-03 3.522349186923322273e-02 0.000000000000000000e+00 3.717221010382422506e-03 1.032324613639866717e-01 2.604018096244191047e-02 1.239840218700663244e-01 5.640902677734612597e-02 0.000000000000000000e+00 0.000000000000000000e+00 0.000000000000000000e+00 5.101346049078597615e-03 1.023471202939179453e-02 1.695231449055939477e-01 1.698163520733127763e-01
9.229223149538096083e-02 0.000000000000000000e+00 0.000000000000000000e+00 0.000000000000000000e+00 5.636226010609479697e-02 1.687339205283860380e-03 0.000000000000000000e+00 1.061125287873305179e-01 0.000000000000000000e+00 9.123823260699027993e-02 0.000000000000000000e+00 3.442725332220690493e-02 0.000000000000000000e+00 0.000000000000000000e+00 0.000000000000000000e+00 2.308698990234738652e-02 1.619251057503122149e-01 1.441689708755102273e-01 7.508715462106252403e-02 0.000000000000000000e+00 0.000000000000000000e+00 0.000000000000000000e+00 0.000000000000000000e+00 8.303374463098803226e-02 1.305781886964921534e-01
8.835362307178552810e-02 0.000000000000000000e+00 1.322667102640126546e-01 7.487113410713520587e-03 2.576608882772600875e-02 2.379703918177088554e-02 5.009683235537513990e-03 5.284349639164230908e-03 0.000000000000000000e+00 0.000000000000000000e+00 0.000000000000000000e+00 1.384213534815697810e-01 0.000000000000000000e+00 0.000000000000000000e+00 2.788776127001581229e-02 0.000000000000000000e+00 7.333518236774009928e-03 1.307583572188404097e-01 1.286259823884072610e-02 6.421566592249663454e-04 9.308713160106660278e-03 5.639831890407191739e-02 1.358098740724849041e-01 1.926127411273603485e-01 0.000000000000000000e+00
1.153492179248921390e-01 1.658829305223388784e-02 1.861291597223429291e-04 0.000000000000000000e+00 5.331728529478817202e-02 7.949149593831337374e-03 0.000000000000000000e+00 1.449717688138576765e-01 0.000000000000000000e+00 3.243397537805358700e-03 0.000000000000000000e+00 7.879524608916986528e-02 0.000000000000000000e+00 7.342093878567890371e-03 3.236353251624032173e-02 0.000000000000000000e+00 8.130276892507287776e-04 1.524426917345116485e-03 1.543965723807299018e-01 0.000000000000000000e+00 3.791875733588363773e-02 1.057425606888779540e-01 2.796635392255653399e-02 5.253188478102708420e-02 1.590003024232200524e-01
0.000000000000000000e+00 1.571648838205383023e-02 1.265031475054574361e-01 0.000000000000000000e+00 0.000000000000000000e+00 0.000000000000000000e+00 1.199491590710161960e-02 0.000000000000000000e+00 0.000000000000000000e+00 1.148558287199258343e-01 0.000000000000000000e+00 9.269156592683101825e-02 0.000000000000000000e+00 0.000000000000000000e+00 8.803621019404593573e-02 1.737508652946164822e-03 1.406777524590026029e-01 6.763178595066064031e-03 1.596062223708708538e-01 9.381708870963119873e-04 4.277660226298571344e-02 3.077480220256730448e-03 1.701276600480578632e-02 1.588497269301557963e-02 1.617271892185384863e-01
8.526219089300447751e-02 9.336018652603651422e-03 3.196356523860298914e-03 2.309665620510800710e-02 1.979456927700485799e-02 0.000000000000000000e+00 1.269769541221933140e-01 0.000000000000000000e+00 5.777537533361606220e-02 1.441736795197972043e-01 0.000000000000000000e+00 5.111418663428842629e-02 0.000000000000000000e+00 3.809056587117409820e-04 0.000000000000000000e+00 1.277775686392221000e-01 0.000000000000000000e+00 8.220424667412552788e-02 1.236199975339002666e-01 1.120953670826816718e-02 5.860719615884111416e-03 1.591395052878490091e-02 0.000000000000000000e+00 6.887572552154759206e-03 1.054195149274721188e-01
0.000000000000000000e+00 4.972104600863616435e-03 1.105085882826517124e-01 0.000000000000000000e+00 1.334213674140231898e-01 0.000000000000000000e+00 3.561596124096670646e-02 0.000000000000000000e+00 0.000000000000000000e+00 2.744404713968098472e-02 0.000000000000000000e+00 5.745407514443428426e-02 2.261496443390051229e-03 2.319911682377821111e-02 2.339284829257045339e-01 0.000000000000000000e+00 0.000000000000000000e+00 0.000000000000000000e+00 5.523487948580842188e-02 1.895333213475626152e-02 0.000000000000000000e+00 2.098752913418518162e-02 9.274289539664810900e-03 9.575960913644135375e-02 1.709851205536505880e-01
0.000000000000000000e+00 0.000000000000000000e+00 7.993999644558087703e-02 0.000000000000000000e+00 7.219600334397073028e-03 0.000000000000000000e+00 0.000000000000000000e+00 9.421053571880748378e-02 0.000000000000000000e+00 0.000000000000000000e+00 0.000000000000000000e+00 7.396272851559325401e-02 0.000000000000000000e+00 0.000000000000000000e+00 2.640822157196164033e-02 0.000000000000000000e+00 0.000000000000000000e+00 1.656382162342260600e-01 6.742359660259182250e-03 6.954075159089653443e-03 2.571911887551737649e-02 0.000000000000000000e+00 3.182123051506941663e-02 3.067679736955132852e-01 1.746159432739846362e-01
8.363880533547742024e-02 0.000000000000000000e+00 0.000000000000000000e+00 3.646560514674423992e-02 8.459257251269386435e-02 7.476375267369876620e-02 1.190713012734075926e-01 7.908526583730106363e-02 0.000000000000000000e+00 1.551206365698779011e-01 0.000000000000000000e+00 2.858741928271880950e-02 0.000000000000000000e+00 0.000000000000000000e+00 1.756893126301697222e-02 0.000000000000000000e+00 2.178136433840391697e-02 1.348624146042030347e-01 0.000000000000000000e+00 0.000000000000000000e+00 0.000000000000000000e+00 0.000000000000000000e+00 0.000000000000000000e+00 1.644619311624564428e-01 0.000000000000000000e+00
0.000000000000000000e+00 1.380263241475617993e-03 7.520350184427734841e-02 3.711786307350446734e-02 0.000000000000000000e+00 8.437244621868432437e-02 1.427282884717538392e-01 1.520415650087506010e-01 1.429153477614440726e-02 1.062064299939279449e-01 0.000000000000000000e+00 7.891942015795871956e-02 0.000000000000000000e+00 0.000000000000000000e+00 1.345689488552996409e-02 0.000000000000000000e+00 0.000000000000000000e+00 2.364004707270941311e-03 0.000000000000000000e+00 0.000000000000000000e+00 0.000000000000000000e+00 0.000000000000000000e+00 4.082805410441132238e-02 8.728231648276324472e-02 1.638074170335473423e-01
6.827008816909946320e-02 0.000000000000000000e+00 0.000000000000000000e+00 1.791372739786596668e-02 1.814103073976687519e-02 0.000000000000000000e+00 1.237435306607080204e-01 1.210331172632838348e-01 0.000000000000000000e+00 0.000000000000000000e+00 0.000000000000000000e+00 0.000000000000000000e+00 0.000000000000000000e+00 9.503376533336885734e-04 2.492769801508946254e-02 0.000000000000000000e+00 1.315098369579295046e-01 1.238690047468204436e-01 1.653544869148728946e-01 2.387794421082942153e-02 0.000000000000000000e+00 0.000000000000000000e+00 0.000000000000000000e+00 4.647908944922536645e-02 1.339301078211752039e-01
