4.151623800588963298e-02 2.167517132632890697e-01 0.000000000000000000e+00 1.403986706907899840e-01 0.000000000000000000e+00 2.018638773266353270e-01 2.157433099151858866e-02 0.000000000000000000e+00 8.079908189563178578e-02 0.000000000000000000e+00 9.665551700472563290e-03 7.596312375367985856e-03 2.046215384719262190e-02 4.449666789859784040e-03 2.074238782398086373e-02 0.000000000000000000e+00 7.838857152640030246e-02 0.000000000000000000e+00 0.000000000000000000e+00 1.557914437629715210e-01
0.000000000000000000e+00 0.000000000000000000e+00 1.357077638502082913e-02 2.973054914376214719e-01 0.000000000000000000e+00 7.101233148983790433e-02 0.000000000000000000e+00 4.225801279969729901e-02 8.906333375180371104e-02 6.639055458886643224e-02 0.000000000000000000e+00 4.276166710126283466e-02 0.000000000000000000e+00 0.000000000000000000e+00 0.000000000000000000e+00 0.000000000000000000e+00 4.576253616318560341e-02 1.181443095880815308e-01 2.014620618234563565e-01 1.226892487116610850e-02
0.000000000000000000e+00 1.055064537849410497e-02 3.487518641962581573e-02 1.149131795964646596e-01 5.770239351260382510e-02 1.418250469881972564e-01 6.573469759695248736e-03 0.000000000000000000e+00 1.560303110400950433e-01 0.000000000000000000e+00 0.000000000000000000e+00 0.000000000000000000e+00 0.000000000000000000e+00 7.951995851746980482e-02 1.586497146089302845e-03 0.000000000000000000e+00 1.611009155419935168e-01 1.330750652459588082e-02 1.900871293328524336e-01 3.192776024182299860e-02
2.549772662929841293e-03 9.989033516587232653e-02 0.000000000000000000e+00 1.538843628223483251e-01 0.000000000000000000e+00 1.502879539415995502e-01 1.009893982891536292e-02 1.497257860537682013e-02 1.248758023952799140e-01 1.711340737987380664e-02 0.000000000000000000e+00 0.000000000000000000e+00 1.753396688503964240e-01 0.000000000000000000e+00 4.874359404005144253e-02 8.673011254784068758e-02 0.000000000000000000e+00 8.846906361257637907e-02 1.139444050529356267e-02 1.564996764164538340e-02
3.191717590471546823e-02 1.922148309415409873e-01 0.000000000000000000e+00 2.814038884399273476e-03 3.267560057718357086e-02 1.169551159264244217e-01 0.000000000000000000e+00 4.185688914084566975e-02 0.000000000000000000e+00 0.000000000000000000e+00 0.000000000000000000e+00 0.000000000000000000e+00 1.471514680263508353e-02 9.035140501616927000e-02 1.794156945425184890e-02 1.034733731092980780e-01 0.000000000000000000e+00 0.000000000000000000e+00 2.113692972599196251e-01 1.437155569826166768e-01
1.152064982719072095e-01 1.463793006421940102e-01 0.000000000000000000e+00 1.281586864311905823e-03 1.404596200128098438e-01 1.189427620828736043e-01 1.569211491431983865e-02 3.813396435489090075e-02 1.731232536746150907e-02 1.283040061520957231e-01 1.654170018343601757e-03 8.328351190089119949e-02 0.000000000000000000e+00 5.557118089057636262e-04 0.000000000000000000e+00 1.749433688860865810e-02 4.268078151144945320e-02 0.000000000000000000e+00 1.326193092089366921e-01 0.000000000000000000e+00
1.738371685078618847e-02 3.029633257958341819e-02 0.000000000000000000e+00 4.146429327542835996e-02 7.357805323718356882e-02 1.682120170316029895e-01 0.000000000000000000e+00 9.122085734054108386e-02 0.000000000000000000e+00 0.000000000000000000e+00 0.000000000000000000e+00 2.380538630711998352e-02 0.000000000000000000e+00 8.534218365893335434e-02 3.079507930280309374e-03 1.040731635951764877e-01 1.257777318240392017e-01 4.173443541225369674e-02 1.725868165965072643e-01 2.144550436056411047e-02
9.748534491280927070e-03 1.269878433958427921e-01 5.400264317772423064e-03 9.341641496479723139e-03 1.793697649364381919e-01 1.345250146986764206e-01 0.000000000000000000e+00 8.738935183937163870e-03 2.928617884961618595e-02 1.002039136499208128e-03 6.375515165169122304e-03 5.499197811797713192e-02 0.000000000000000000e+00 6.483843376133463510e-02 0.000000000000000000e+00 0.000000000000000000e+00 1.476331920525431052e-01 0.000000000000000000e+00 2.217606643964329105e-01 0.000000000000000000e+00
2.548397373174864783e-02 1.618153935833215040e-01 0.000000000000000000e+00 1.634085970499594698e-01 2.211815736036133739e-02 5.339105888927280635e-02 0.000000000000000000e+00 0.000000000000000000e+00 1.499869585169454345e-01 1.160265749640969624e-01 0.000000000000000000e+00 1.087075532532279232e-01 4.777289901788649498e-03 0.000000000000000000e+00 0.000000000000000000e+00 0.000000000000000000e+00 1.378202711601534403e-01 0.000000000000000000e+00 3.308635726270458405e-02 2.337781432641938134e-02
1.297005598747892618e-01 1.427450932703537290e-01 2.471827326084878942e-02 9.580010557303236807e-02 1.499838381945206023e-01 4.202683985256428639e-02 0.000000000000000000e+00 1.544001808870891675e-02 1.060022241599050397e-01 1.331948921808435715e-01 0.000000000000000000e+00 0.000000000000000000e+00 0.000000000000000000e+00 0.000000000000000000e+00 9.632737710781147378e-02 2.505546152880220798e-02 0.000000000000000000e+00 0.000000000000000000e+00 0.000000000000000000e+00 3.900531690781974120e-02
3.553932656349525349e-02 9.558497236529563124e-02 0.000000000000000000e+00 1.418451750459847616e-01 0.000000000000000000e+00 9.803691958771937331e-02 1.487267915711499786e-02 0.000000000000000000e+00 1.079562451179365626e-02 0.000000000000000000e+00 0.000000000000000000e+00 8.920115757799049194e-02 1.924832051820855872e-01 3.157265381400491122e-02 1.617369230377171119e-01 0.000000000000000000e+00 0.000000000000000000e+00 1.283313631567983282e-01 0.000000000000000000e+00 0.000000000000000000e+00
1.056278595288672600e-02 9.655200050813943224e-02 5.868468168872320373e-04 5.459092623213881133e-03 1.404972677868921750e-02 3.725507564598670718e-02 3.593828386096649397e-02 7.552894906508263173e-02 0.000000000000000000e+00 1.765780154383892603e-03 3.287431032920994870e-03 2.420401754785366510e-01 1.645458951559312100e-01 2.014207914865290966e-02 0.000000000000000000e+00 0.000000000000000000e+00 2.879420374645187339e-02 1.250413339094668119e-01 0.000000000000000000e+00 1.384503401218033780e-01
8.646043008138723160e-03 2.134062096910717670e-04 5.063020897908879214e-02 2.588399731060476716e-01 0.000000000000000000e+00 6.605003163158146284e-02 0.000000000000000000e+00 1.452285448521205627e-02 1.174480801460057039e-01 0.000000000000000000e+00 9.732582122407146957e-03 6.967911928778157404e-02 7.121020518002971200e-02 3.540094479250020104e-02 1.555824155193869796e-01 0.000000000000000000e+00 8.476271025179414609e-03 1.335678645069494352e-01 0.000000000000000000e+00 0.000000000000000000e+00
9.503139846938910007e-02 6.684096855337354204e-02 0.000000000000000000e+00 1.683831705115493849e-01 1.771980128168346158e-02 1.185671779059569442e-01 0.000000000000000000e+00 1.035674828615146086e-02 0.000000000000000000e+00 0.000000000000000000e+00 0.000000000000000000e+00 8.660094521101288981e-03 1.997605775854467691e-01 1.273588450948211215e-01 1.741107343730432244e-01 3.850439669907671641e-03 0.000000000000000000e+00 0.000000000000000000e+00 9.360043747576055062e-03 0.000000000000000000e+00
1.714354733833418562e-02 1.157912190060257362e-01 4.464504192937119621e-03 1.571476259946925132e-03 1.640703953655686664e-02 0.000000000000000000e+00 0.000000000000000000e+00 2.015983340273316479e-02 5.987513314521901442e-02 0.000000000000000000e+00 0.000000000000000000e+00 8.995783301609761029e-02 1.359466154155083706e-01 1.059176623060801847e-01 1.348369713317671970e-01 1.515768525966182390e-02 0.000000000000000000e+00 0.000000000000000000e+00 1.324674612715372457e-01 1.503030185175945610e-01
