1.137742018273006223e-01 3.657919043737274667e-02 0.000000000000000000e+00 1.891042227977214260e-02 0.000000000000000000e+00 1.472628951058053415e-01 8.580179602561096783e-03 0.000000000000000000e+00 1.635536386745383708e-01 0.000000000000000000e+00 0.000000000000000000e+00 1.931464638383467436e-01 8.321478425014282310e-02 2.348334292258489123e-02 8.435774330162505458e-04 2.422665358275342962e-02 2.265082356926220730e-02 6.160480137849524626e-03 1.114763322818067004e-01 4.613701405688706847e-02
6.622878603987744639e-02 0.000000000000000000e+00 2.633991841695626501e-02 4.292374610510450994e-01 0.000000000000000000e+00 1.670956533414165723e-01 0.000000000000000000e+00 0.000000000000000000e+00 1.767426117953962983e-01 0.000000000000000000e+00 0.000000000000000000e+00 2.505387969564929276e-02 0.000000000000000000e+00 1.452558910277017105e-02 1.780754827412394574e-04 8.236169529879020217e-04 6.722337497452181287e-02 2.655103314663777303e-02 0.000000000000000000e+00 0.000000000000000000e+00
1.118357760040328448e-02 1.440046718330432463e-01 0.000000000000000000e+00 7.138346344574479641e-02 1.130397246531122391e-01 1.570631627508565498e-01 1.165100219889224492e-01 4.197834682613529184e-03 1.576865464543290296e-01 0.000000000000000000e+00 0.000000000000000000e+00 4.633731482815614186e-03 3.825289954881283538e-02 7.426194592176796859e-03 0.000000000000000000e+00 0.000000000000000000e+00 8.490591583968002884e-03 0.000000000000000000e+00 0.000000000000000000e+00 1.661275793832015513e-01
1.770541031952699643e-02 3.432565235875096460e-02 1.398670661135010748e-02 2.646017509767398246e-01 0.000000000000000000e+00 1.692151837336214554e-04 4.580381450788718542e-03 7.768368195848964104e-03 1.747544121660203342e-01 3.902130019228913088e-02 0.000000000000000000e+00 1.040922016881616272e-02 1.050531416911514894e-02 0.000000000000000000e+00 0.000000000000000000e+00 1.085207745871322182e-01 7.924097160783478977e-02 8.954419806379093627e-02 1.437864321774263432e-01 1.079891770835646539e-03
9.236279206680564346e-02 8.005438101549247620e-02 3.112807387578093651e-02 1.766031327501629000e-01 0.000000000000000000e+00 4.321901120422226572e-02 0.000000000000000000e+00 3.142504170992963235e-03 1.631308625196092963e-03 1.440690308502237151e-02 0.000000000000000000e+00 1.680618273497006265e-01 1.115952218241269139e-01 1.396060087397207328e-01 0.000000000000000000e+00 0.000000000000000000e+00 3.969536636649427692e-03 0.000000000000000000e+00 1.333436337409501238e-01 8.756649151765799827e-04
2.144132647053989538e-01 1.117072639020219166e-01 0.000000000000000000e+00 0.000000000000000000e+00 1.422637501230269996e-01 1.621712186307179004e-01 3.289109844070852579e-02 2.053372672186798698e-01 5.208467202582274524e-02 2.164188358917647215e-02 0.000000000000000000e+00 0.000000000000000000e+00 0.000000000000000000e+00 0.000000000000000000e+00 0.000000000000000000e+00 0.000000000000000000e+00 0.000000000000000000e+00 5.748958136444663747e-02 0.000000000000000000e+00 0.000000000000000000e+00
1.105655952624688514e-02 1.616409556326353289e-02 9.927012467287851458e-03 2.432294206443079976e-01 1.367491198345682224e-01 1.446267649799230781e-01 0.000000000000000000e+00 5.435593174006750350e-02 1.654016493773792229e-01 3.714177538772884309e-03 0.000000000000000000e+00 1.807025300885814478e-01 0.000000000000000000e+00 3.416557729441711323e-04 0.000000000000000000e+00 0.000000000000000000e+00 0.000000000000000000e+00 8.866134871637159492e-03 1.864464140266813494e-03 2.300048345475326841e-02
1.934084228038356751e-02 1.759158305077263285e-01 0.000000000000000000e+00 2.999493837656749123e-02 4.678133916545168872e-03 4.178048322868855094e-03 1.236436353582351377e-01 1.998387561430584880e-01 4.525423158934416268e-02 3.803086833751922330e-02 0.000000000000000000e+00 1.667797929152662895e-01 3.581915027551888647e-02 0.000000000000000000e+00 4.116915202685587222e-02 0.000000000000000000e+00 7.072460431247064999e-03 1.502519322521800489e-02 8.884805541944264251e-02 4.410910874202841718e-03
9.207009383277138526e-02 7.236245571614301209e-02 0.000000000000000000e+00 2.061855169739224558e-01 1.374690937322987916e-01 1.627485150415421966e-01 0.000000000000000000e+00 0.000000000000000000e+00 1.595459379461715566e-01 0.000000000000000000e+00 0.000000000000000000e+00 7.963673184075229991e-03 3.526144243168417153e-02 7.151611035601604556e-03 0.000000000000000000e+00 0.000000000000000000e+00 0.000000000000000000e+00 8.746167041555507520e-04 1.183670434016341338e-01 0.000000000000000000e+00
2.305362596651356483e-02 2.631605049155064102e-02 0.000000000000000000e+00 1.790425039795956463e-01 1.406310137805210914e-01 2.829078175398767533e-02 5.203943577619069699e-02 2.035731219379630641e-01 0.000000000000000000e+00 0.000000000000000000e+00 0.000000000000000000e+00 7.183014131188174278e-02 0.000000000000000000e+00 1.250000960344461176e-01 0.000000000000000000e+00 4.290544051615442084e-02 0.000000000000000000e+00 0.000000000000000000e+00 0.000000000000000000e+00 1.073177884511952312e-01
1.682016115760068611e-02 4.413449097697194623e-02 0.000000000000000000e+00 2.437486531825572567e-01 1.963314495619781358e-02 7.457536031198766513e-02 1.199728421105112491e-02 9.558199780476066276e-02 5.211376633352456794e-02 1.125930168791954879e-02 9.016837297579824429e-05 1.836612051178593830e-01 1.487866938952698767e-02 4.058282245328774518e-02 4.978070101725133589e-02 5.292132629380226494e-03 1.896473647816729682e-02 1.168854039189798771e-01 0.000000000000000000e+00 0.000000000000000000e+00
1.028451030390829975e-02 5.077670173191028286e-02 2.223895913386220516e-02 2.177612896554775856e-02 0.000000000000000000e+00 0.000000000000000000e+00 4.558988771816313915e-03 9.477952451803653422e-02 1.423177461466947902e-01 3.296394675968472403e-03 0.000000000000000000e+00 2.478625189669897977e-01 0.000000000000000000e+00 6.437398994797885465e-02 0.000000000000000000e+00 2.140154886331473616e-04 0.000000000000000000e+00 1.126788971136978429e-01 6.075541516971950939e-02 1.640862090652360772e-01
1.605119582934335515e-02 6.429001864892153195e-02 0.000000000000000000e+00 1.501995772734844858e-01 1.179072495119558583e-01 1.583356803095687659e-01 0.000000000000000000e+00 8.163944343645231083e-02 2.005516890271180352e-01 6.537969516543482061e-04 0.000000000000000000e+00 1.455310706590226821e-01 0.000000000000000000e+00 3.829366840797987503e-03 3.559499460777565405e-02 1.985172973750738007e-02 4.399158266004646496e-03 1.165028900392988927e-03 0.000000000000000000e+00 0.000000000000000000e+00
6.943857039758333238e-03 5.789812369852914697e-02 0.000000000000000000e+00 2.829685768239674215e-01 1.076304933825183024e-01 1.585088779638813561e-01 3.184747888865249038e-02 2.981460805695602609e-02 9.982715704322443762e-03 0.000000000000000000e+00 0.000000000000000000e+00 1.606143932098928473e-01 0.000000000000000000e+00 9.622858682039745620e-03 0.000000000000000000e+00 1.330216852188492727e-02 1.000050480379367779e-01 1.132218037174967731e-02 1.953861961791047638e-02 0.000000000000000000e+00
1.813250211090285113e-02 7.311640674396828465e-02 6.609415167446950831e-03 2.689548115165025788e-01 3.365335256906223232e-02 7.927401613013236592e-02 0.000000000000000000e+00 6.830303626524361280e-04 3.183465994916885311e-01 5.685045988271320364e-03 0.000000000000000000e+00 0.000000000000000000e+00 0.000000000000000000e+00 1.419294849826072680e-01 0.000000000000000000e+00 9.934087873132288124e-03 1.533307393383553409e-03 0.000000000000000000e+00 4.214793967024935140e-02 0.000000000000000000e+00
2.579927822671743750e-03 0.000000000000000000e+00 2.150997477615823258e-02 1.605033147129389381e-01 3.671797908706684460e-02 1.389710619241516787e-01 1.164895964539594021e-03 1.166508840613607184e-01 2.644609657991481289e-02 1.029001282127411376e-01 0.000000000000000000e+00 1.251666740722817972e-01 1.180917769572483178e-01 0.000000000000000000e+00 1.459428804917306532e-02 0.000000000000000000e+00 1.736277300243913978e-04 0.000000000000000000e+00 1.634893255341250684e-02 1.181804374963163901e-01
1.740630559499877772e-01 3.433723520713055644e-02 4.807387927654949156e-02 1.953425030116314604e-02 1.448559790216384820e-02 2.200514477275723191e-01 1.687107706419526190e-02 1.182965318610853800e-01 1.149154192973386168e-01 0.000000000000000000e+00 0.000000000000000000e+00 5.453457416960993259e-02 7.026331449429978719e-03 0.000000000000000000e+00 0.000000000000000000e+00 0.000000000000000000e+00 4.569018666574871379e-02 0.000000000000000000e+00 1.190572023850999112e-02 1.202146928895149597e-01
7.558804036468221368e-03 1.654262717019545081e-01 4.398601127225803924e-03 1.283381697443372882e-01 9.926842726706637532e-03 0.000000000000000000e+00 1.514870530428208961e-01 4.373338194755987431e-03 6.239241791252929902e-03 0.000000000000000000e+00 1.981475598192491971e-03 2.898062369338602617e-01 0.000000000000000000e+00 1.987879505929581944e-02 9.079305408709040974e-04 2.720359910863014673e-03 2.003013180522509804e-02 3.121031195595243973e-02 0.000000000000000000e+00 1.557164358302176588e-01
7.271801791274264473e-03 2.414988372463931429e-02 0.000000000000000000e+00 3.020539728238684773e-01 2.355067918584460851e-03 0.000000000000000000e+00 2.629389491843244723e-03 0.000000000000000000e+00 2.023727923293298370e-01 2.353712938406402055e-02 0.000000000000000000e+00 3.784475512312802936e-02 1.121833683606804494e-01 1.214378687170712678e-01 0.000000000000000000e+00 1.031037072023314460e-01 0.000000000000000000e+00 0.000000000000000000e+00 5.691728390310753227e-02 4.142979230077582613e-03
1.503876744530468490e-01 1.107928368974488431e-01 8.097990008220674885e-02 3.426842397573991866e-02 7.817524654830263972e-03 1.447493584166734517e-03 3.899123742289457850e-02 3.630191043134153167e-02 1.707233651608091873e-01 0.000000000000000000e+00 0.000000000000000000e+00 1.107425379937818826e-03 0.000000000000000000e+00 1.307221741895750189e-01 9.682708911171789001e-03 6.780263802175862976e-03 0.000000000000000000e+00 7.381663265138418972e-02 2.387964506411204869e-03 1.437924638968594016e-01
0.000000000000000000e+00 1.519892090410866758e-02 1.480201243158553448e-02 4.053467614445456779e-01 0.000000000000000000e+00 1.226526610021281584e-02 5.704091520929383506e-03 1.921308510751592591e-01 1.772824314215322716e-01 5.115700140481803208e-03 3.679655951938131612e-03 3.475373535240146175e-04 7.635638255068757929e-02 6.490919785194169955e-02 0.000000000000000000e+00 0.000000000000000000e+00 0.000000000000000000e+00 0.000000000000000000e+00 0.000000000000000000e+00 2.686119125335320601e-02
1.106695028374850981e-01 1.524097967388175212e-01 1.609951329570625048e-02 2.897443368991521259e-02 0.000000000000000000e+00 3.319296773145116730e-02 1.337069924163949335e-03 0.000000000000000000e+00 1.370427562885773443e-01 0.000000000000000000e+00 9.467107010376745249e-03 1.740925231268743156e-01 8.586432006687256396e-03 0.000000000000000000e+00 0.000000000000000000e+00 6.203308237258393920e-02 0.000000000000000000e+00 1.193151104664919721e-01 0.000000000000000000e+00 1.467797045108691356e-01
1.141336999587127116e-01 1.107263446316412436e-01 1.472554157115141954e-02 2.225014434381807418e-02 3.185780147904699808e-03 2.339131602060720017e-01 7.069746180466754404e-03 0.000000000000000000e+00 2.028854725114462854e-01 3.442158388143446270e-04 0.000000000000000000e+00 7.740321865493873799e-02 6.383740211022281841e-02 0.000000000000000000e+00 9.804733726055244944e-04 0.000000000000000000e+00 0.000000000000000000e+00 4.829297677359368872e-03 2.043098659841714824e-03 1.416724041350042318e-01
1.872692298607971789e-02 8.336481866970577026e-02 0.000000000000000000e+00 1.163612554304021274e-01 9.408732416961385070e-02 1.322119182927016245e-01 2.304052071109458089e-02 2.214443088617137900e-02 1.723883961972723089e-01 1.126802347210065364e-01 0.000000000000000000e+00 1.466709533272168506e-02 1.283063349023446688e-02 6.455483785359159010e-02 5.159348613433786855e-04 0.000000000000000000e+00 1.120342839900466958e-01 0.000000000000000000e+00 0.000000000000000000e+00 2.039139240801424863e-02
1.625390887416451602e-02 1.834476188108282169e-01 1.095677988665735847e-01 3.997959023854377042e-02 6.204794820918793901e-04 0.000000000000000000e+00 1.380405262869960903e-01 3.341497399981436015e-04 3.005638270072207296e-01 0.000000000000000000e+00 1.642226058525337782e-04 1.948088464747248227e-02 0.000000000000000000e+00 4.855838122458909674e-03 1.873143112482199193e-03 0.000000000000000000e+00 0.000000000000000000e+00 3.487991099897490288e-02 4.749402973491442630e-03 1.451886982328505771e-01
4.792913296697910372e-03 1.120979998490520130e-01 7.133619667644846424e-03 2.205486608536364745e-01 0.000000000000000000e+00 0.000000000000000000e+00 0.000000000000000000e+00 6.861179918146019952e-04 1.254336578657149759e-01 3.324333417318540290e-02 0.000000000000000000e+00 2.328267641329209159e-01 3.980839989751892329e-03 5.551290797314559905e-02 1.720162445426076680e-04 1.095590770891073130e-02 1.155382894674908678e-01 0.000000000000000000e+00 1.015747703499177666e-02 6.691949375049933979e-02
1.053587692932041603e-01 0.000000000000000000e+00 2.042746913025761044e-02 2.756422134551099745e-01 4.688825399991251169e-02 1.575504244124124598e-01 0.000000000000000000e+00 4.689181578716497545e-02 1.735959048009458605e-01 9.053700419055013549e-02 0.000000000000000000e+00 4.504783474362749479e-02 0.000000000000000000e+00 0.000000000000000000e+00 0.000000000000000000e+00 4.418560888821888681e-03 2.046805074970077173e-02 0.000000000000000000e+00 1.317369854829209506e-02 0.000000000000000000e+00
6.552136938258402987e-02 1.022076565113235191e-01 1.136644037948853214e-01 1.876489560477405116e-01 0.000000000000000000e+00 1.226862891011950008e-01 0.000000000000000000e+00 1.090233260826552197e-02 1.022545764669040430e-01 0.000000000000000000e+00 4.874786030037271483e-04 1.189857122987262456e-01 0.000000000000000000e+00 0.000000000000000000e+00 1.300829856274690133e-03 0.000000000000000000e+00 5.831100718107412595e-03 2.810372983775182021e-02 1.935217898356654531e-02 1.210533857896714666e-01
1.460153871144355929e-02 0.000000000000000000e+00 0.000000000000000000e+00 1.724257052890392286e-02 1.873284358356122961e-02 0.000000000000000000e+00 7.509038157123530330e-03 8.785701066076107013e-02 1.750822441033567933e-01 1.293421393553444709e-01 0.000000000000000000e+00 2.891376804712322279e-01 1.014185381636723005e-03 1.120112496732984801e-05 1.412581207339595572e-02 0.000000000000000000e+00 1.621749627831026858e-02 7.327547434540821955e-03 7.301432208268376911e-02 1.487843700527381463e-01
9.820305581214727741e-02 8.274436945834597740e-03 1.176475857616261361e-01 1.461016651733380335e-02 3.834531683434333482e-02 7.209197176514289818e-02 4.579968625945665672e-02 1.264002681115597715e-01 0.000000000000000000e+00 6.778347510700667711e-02 0.000000000000000000e+00 4.613263911128010625e-02 8.176641074912605316e-04 2.227111245743806228e-02 6.448580325312359279e-03 4.462206991808968792e-02 6.543773673953173775e-02 9.996546881752235714e-02 2.557505779822288623e-03 1.225912596290609641e-01
9.138213880740791994e-02 5.434503591076465107e-02 9.701117943784175190e-02 1.194551959501396338e-01 1.798204053211102105e-01 1.205999454943177257e-01 1.559972068398267917e-03 0.000000000000000000e+00 2.909954770914034011e-02 1.137955921130771528e-02 0.000000000000000000e+00 2.920383464934853818e-02 2.188848277605704232e-02 0.000000000000000000e+00 4.805580200418307218e-02 0.000000000000000000e+00 4.764901080699580904e-03 3.064343407030285793e-02 1.362022157555971280e-02 1.471703439334209329e-01
0.000000000000000000e+00 4.152847138160674356e-02 7.875140775763861400e-02 2.809196749084520994e-01 0.000000000000000000e+00 1.345648373814682663e-01 0.000000000000000000e+00 0.000000000000000000e+00 3.398137651910829171e-01 1.988250081840634009e-02 0.000000000000000000e+00 0.000000000000000000e+00 0.000000000000000000e+00 0.000000000000000000e+00 1.761332934707203837e-04 3.875328558352894234e-03 1.035767038043780910e-02 4.563912710367095706e-03 8.556629761871657747e-02 0.000000000000000000e+00
1.643280878449296378e-02 0.000000000000000000e+00 0.000000000000000000e+00 3.832399499123739523e-03 1.066012497345467103e-01 1.752413475980278343e-02 4.438101028180277408e-03 0.000000000000000000e+00 3.147392188324127371e-01 5.260370495682459291e-02 0.000000000000000000e+00 1.189047828173624421e-01 0.000000000000000000e+00 1.238959012466011866e-01 1.085050807213261068e-02 5.614990684523387017e-03 7.779765930137665791e-03 0.000000000000000000e+00 0.000000000000000000e+00 2.167824336538589636e-01
0.000000000000000000e+00 3.738290918561768678e-02 3.300182767346253321e-02 7.497680154639480010e-02 1.274761311096700989e-01 1.478710026692599266e-01 8.195991923661245793e-02 7.941784027390421871e-03 1.628452879738432777e-03 1.249135914564317718e-01 0.000000000000000000e+00 1.816242966363970923e-01 4.299133849469773117e-02 0.000000000000000000e+00 5.138333157542612772e-03 6.637789317101222076e-04 2.837889498999382476e-02 1.821932637032722124e-02 7.844109196364715264e-02 7.390519671106158400e-03
0.000000000000000000e+00 2.278497289659586200e-01 1.300202646274376504e-02 2.736443471037212638e-01 1.116803201941760949e-02 1.315717817310939342e-01 1.197093248462510100e-03 0.000000000000000000e+00 1.828492043317873905e-01 0.000000000000000000e+00 0.000000000000000000e+00 1.143085105055297555e-02 0.000000000000000000e+00 1.162564610442482285e-02 9.768079952464667204e-02 0.000000000000000000e+00 0.000000000000000000e+00 0.000000000000000000e+00 0.000000000000000000e+00 3.798048945719064567e-02
1.160875756679988213e-01 6.250425898564819505e-02 9.549201204798388187e-02 1.244539381389284279e-02 0.000000000000000000e+00 1.092123280129661707e-02 7.728549097738931671e-04 9.023409081095604134e-02 2.258082997836249883e-02 1.388780746577637608e-02 6.166189692024500596e-02 1.403854487984683430e-01 0.000000000000000000e+00 1.546422475994321255e-01 0.000000000000000000e+00 3.955835577831994486e-03 5.972553959504645071e-02 0.000000000000000000e+00 7.567753252235139873e-03 1.471352217750518665e-01
2.234134115047504976e-02 6.535835367299047682e-02 7.488733148160948982e-02 2.759284187846104963e-01 2.504257710550858787e-02 9.299430337878493436e-03 4.242321268507918443e-03 0.000000000000000000e+00 1.845685701030047865e-01 0.000000000000000000e+00 2.569420831117442613e-02 5.117613593362731889e-02 4.661381640340920424e-02 3.501310538312041309e-02 0.000000000000000000e+00 0.000000000000000000e+00 1.622613691247293613e-02 1.308944102216627325e-01 0.000000000000000000e+00 3.271384292994767434e-02
1.490689768057765208e-01 1.731432284750479556e-02 1.266656477603777912e-02 1.734415214201263239e-02 4.576915592826364537e-02 5.985367577768965081e-02 1.199510327450580179e-02 1.384373649444112144e-03 2.832791021741079898e-02 0.000000000000000000e+00 0.000000000000000000e+00 1.660230251879085128e-01 7.898637134869047893e-02 0.000000000000000000e+00 0.000000000000000000e+00 2.789282429606998004e-04 0.000000000000000000e+00 1.276552854224886346e-01 1.254188606565762309e-01 1.579132937227296085e-01
9.733896602584926616e-02 1.205343841035684815e-01 9.062567350836596425e-03 4.906270281116708459e-02 0.000000000000000000e+00 1.147521731630058300e-01 2.076163647224531575e-03 1.354362527180513198e-01 1.015930237520029922e-01 9.816347687126361892e-04 0.000000000000000000e+00 1.359923984849348844e-01 0.000000000000000000e+00 3.382587485500986686e-04 2.921440510004762897e-04 1.128561048134867073e-01 2.009002011283210487e-02 0.000000000000000000e+00 2.488039830726936422e-02 7.471280714150752011e-02
0.000000000000000000e+00 0.000000000000000000e+00 1.564752359420649649e-02 1.688470181468847420e-01 1.438281781585065144e-01 6.315505760102074762e-02 0.000000000000000000e+00 0.000000000000000000e+00 2.099918597014550914e-01 0.000000000000000000e+00 0.000000000000000000e+00 4.595851985416769120e-02 9.787328953717709668e-02 1.239287022508137881e-01 0.000000000000000000e+00 0.000000000000000000e+00 0.000000000000000000e+00 0.000000000000000000e+00 0.000000000000000000e+00 1.307698511557678633e-01
