0.000000000000000000e+00 2.708978643104945072e-02 6.529184524499674971e-03 0.000000000000000000e+00 1.455182885121318881e-01 0.000000000000000000e+00 1.683451044363157845e-01 8.971933795617543714e-03 4.055430983311385934e-02 0.000000000000000000e+00 0.000000000000000000e+00 0.000000000000000000e+00 5.073951429013493636e-02 0.000000000000000000e+00 1.448538489930191187e-01 0.000000000000000000e+00 8.011527344653504579e-03 0.000000000000000000e+00 0.000000000000000000e+00 5.445206925704304535e-02 0.000000000000000000e+00 0.000000000000000000e+00 1.601420823064751420e-01 2.386609862417317721e-02 1.609262516517728503e-01
0.000000000000000000e+00 1.056708110693154734e-01 0.000000000000000000e+00 1.411391062312147143e-02 0.000000000000000000e+00 0.000000000000000000e+00 5.253390935788290750e-03 1.405030210264003598e-01 4.752003327427593848e-02 1.168199086516467922e-02 4.513505096365486718e-02 1.856936479285523356e-01 0.000000000000000000e+00 6.326274742057130807e-03 1.395297286135043224e-01 0.000000000000000000e+00 0.000000000000000000e+00 1.228375560224021917e-01 0.000000000000000000e+00 3.492581722186869145e-03 5.576653471853251776e-03 0.000000000000000000e+00 0.000000000000000000e+00 1.272997201322014493e-01 3.936562860952136367e-02
1.341780109352400663e-01 1.180645644836758046e-01 7.331095397215305932e-03 1.352750527675599945e-01 0.000000000000000000e+00 0.000000000000000000e+00 2.502911249658208367e-02 1.431711957725015881e-02 2.274329057057059011e-02 1.231189559691790725e-01 0.000000000000000000e+00 5.474143699708490518e-02 0.000000000000000000e+00 0.000000000000000000e+00 1.630149146956187123e-01 2.472006053100229625e-02 0.000000000000000000e+00 2.481721570874275556e-02 3.820211802562241930e-03 1.048929675170973269e-01 0.000000000000000000e+00 0.000000000000000000e+00 3.107633107503215801e-03 1.929254499701591949e-02 2.153581244609954412e-02
0.000000000000000000e+00 2.369212510958099149e-02 3.905024126153557214e-03 1.366982914590096077e-01 8.102224744741898244e-02 5.198720749201211910e-03 0.000000000000000000e+00 0.000000000000000000e+00 1.769959951943247400e-01 1.285989455605171528e-01 0.000000000000000000e+00 1.664515445403538241e-01 1.184051226623423179e-02 0.000000000000000000e+00 2.623741712425046654e-02 3.325465184242079597e-02 0.000000000000000000e+00 1.384139879981411683e-03 9.763773423488510128e-02 4.026113408284205664e-02 0.000000000000000000e+00 3.681109650831234509e-02 0.000000000000000000e+00 3.001041987451340265e-02 0.000000000000000000e+00
0.000000000000000000e+00 4.704297237978112556e-02 1.472974145622522602e-01 0.000000000000000000e+00 5.272284434163459869e-04 6.434701033792833424e-02 3.991983672692506896e-02 0.000000000000000000e+00 3.831687755862289713e-02 1.026618843848860763e-01 0.000000000000000000e+00 1.575930652076041605e-01 0.000000000000000000e+00 0.000000000000000000e+00 1.531014927537434900e-01 4.754722746872571022e-03 1.206126462112271699e-03 4.615589419443949515e-02 0.000000000000000000e+00 2.489126208300446175e-02 8.994306530145991865e-03 1.025173254465006588e-02 0.000000000000000000e+00 1.524108877675175167e-01 5.272853160977559930e-04
0.000000000000000000e+00 2.825352167547486026e-03 2.610729942828329472e-02 0.000000000000000000e+00 4.382072980761627387e-04 0.000000000000000000e+00 1.788757180045977835e-01 0.000000000000000000e+00 0.000000000000000000e+00 0.000000000000000000e+00 0.000000000000000000e+00 1.906482553081165487e-01 3.487662561312226267e-02 0.000000000000000000e+00 0.000000000000000000e+00 0.000000000000000000e+00 0.000000000000000000e+00 0.000000000000000000e+00 0.000000000000000000e+00 0.000000000000000000e+00 0.000000000000000000e+00 2.020964706310262038e-01 1.869840079646347686e-01 1.771364425892114347e-01 1.162099538404957046e-05
4.884764002617066059e-02 3.029384789935346545e-02 1.435339733369443982e-01 2.515955299614551499e-02 1.585432441437755469e-01 1.155804136505344665e-01 1.107978465872308700e-02 9.309284394654968042e-02 0.000000000000000000e+00 1.032214043896298623e-02 0.000000000000000000e+00 0.000000000000000000e+00 0.000000000000000000e+00 0.000000000000000000e+00 2.038634736779496859e-01 0.000000000000000000e+00 0.000000000000000000e+00 0.000000000000000000e+00 1.839227376804809452e-02 0.000000000000000000e+00 0.000000000000000000e+00 0.000000000000000000e+00 0.000000000000000000e+00 0.000000000000000000e+00 1.412908114568422191e-01
2.422951351654468663e-02 1.258877494312290457e-01 0.000000000000000000e+00 0.000000000000000000e+00 8.966477460030945756e-02 0.000000000000000000e+00 1.611743735942721550e-02 6.630411141915227083e-03 0.000000000000000000e+00 6.771210382266767448e-03 0.000000000000000000e+00 4.632536949793949338e-02 0.000000000000000000e+00 0.000000000000000000e+00 3.479289315729834353e-01 0.000000000000000000e+00 2.943634169871761283e-02 0.000000000000000000e+00 0.000000000000000000e+00 0.000000000000000000e+00 0.000000000000000000e+00 1.211837207572542124e-01 1.226114057226818238e-01 5.044433558535746376e-02 1.276879873337359063e-02
0.000000000000000000e+00 1.626330401881420987e-02 1.352002424229707400e-01 0.000000000000000000e+00 2.246236064050376874e-02 0.000000000000000000e+00 1.703336568488689196e-02 6.343480910699240971e-02 0.000000000000000000e+00 0.000000000000000000e+00 4.450336690699445603e-03 1.525482006147713121e-01 7.333664704409791069e-02 5.621781314515019237e-03 1.518513692963036621e-01 0.000000000000000000e+00 0.000000000000000000e+00 9.274326469330360090e-02 2.285458567435585953e-02 1.095688402151355212e-01 0.000000000000000000e+00 1.190147331421525095e-01 1.273752145048671902e-02 0.000000000000000000e+00 8.786379900104017123e-04
0.000000000000000000e+00 1.956241473126442074e-02 8.942700573576643774e-02 3.404215165728249198e-03 5.388526841858289756e-02 1.251090333619737927e-02 1.871877866201956397e-01 1.237899247418653981e-01 0.000000000000000000e+00 1.130768053597251549e-01 6.937214287094660252e-03 2.045853695382680859e-01 0.000000000000000000e+00 0.000000000000000000e+00 1.462716154268593229e-02 0.000000000000000000e+00 0.000000000000000000e+00 0.000000000000000000e+00 2.498140425092891873e-02 0.000000000000000000e+00 0.000000000000000000e+00 1.306870546481568411e-02 2.302382800728106776e-02 0.000000000000000000e+00 1.099319927996000174e-01
0.000000000000000000e+00 8.810876174625776117e-03 1.762210661855193594e-01 2.537201990997958387e-03 4.842363059539179712e-03 0.000000000000000000e+00 0.000000000000000000e+00 1.395263114639892499e-01 1.462938478937287658e-02 0.000000000000000000e+00 1.254340809506833063e-02 2.180198002520251921e-01 0.000000000000000000e+00 0.000000000000000000e+00 3.152727643265638806e-03 1.798809013732242620e-04 7.913790036693865715e-02 0.000000000000000000e+00 0.000000000000000000e+00 0.000000000000000000e+00 0.000000000000000000e+00 5.692462166443584132e-02 9.630337812082481741e-02 1.584065787952134985e-01 2.876450049681047311e-02
0.000000000000000000e+00 0.000000000000000000e+00 6.566861941957825854e-02 1.390794871735198321e-02 1.872220830763148824e-01 0.000000000000000000e+00 1.641204275485603492e-01 1.734709006297538991e-01 0.000000000000000000e+00 7.797517337276166534e-03 0.000000000000000000e+00 0.000000000000000000e+00 0.000000000000000000e+00 0.000000000000000000e+00 4.500313561960017639e-02 0.000000000000000000e+00 0.000000000000000000e+00 0.000000000000000000e+00 0.000000000000000000e+00 0.000000000000000000e+00 0.000000000000000000e+00 0.000000000000000000e+00 1.640405628512917602e-01 1.768932281125561168e-02 1.610794819890169483e-01
0.000000000000000000e+00 1.213170443381546837e-01 4.813273685104954569e-02 0.000000000000000000e+00 2.123029287003777923e-02 9.625296773034264231e-02 1.581382140253542457e-01 0.000000000000000000e+00 0.000000000000000000e+00 1.810668517625156626e-02 1.248885286023937620e-02 2.018466018443967613e-01 0.000000000000000000e+00 0.000000000000000000e+00 0.000000000000000000e+00 0.000000000000000000e+00 0.000000000000000000e+00 1.550230528047774614e-01 0.000000000000000000e+00 0.000000000000000000e+00 0.000000000000000000e+00 2.218438188976957354e-02 7.167226629648708672e-03 0.000000000000000000e+00 1.381119429799777254e-01
0.000000000000000000e+00 1.618595423422216142e-02 0.000000000000000000e+00 0.000000000000000000e+00 2.306260832948612421e-02 3.084698097848311005e-02 1.506298938755831207e-01 0.000000000000000000e+00 0.000000000000000000e+00 0.000000000000000000e+00 0.000000000000000000e+00 1.734441582924358127e-01 4.250436333304002945e-02 0.000000000000000000e+00 9.852145677745818841e-02 0.000000000000000000e+00 1.958975003550634782e-04 1.483044232821512654e-01 1.372487705064973640e-01 0.000000000000000000e+00 0.000000000000000000e+00 0.000000000000000000e+00 1.159912083926318421e-02 0.000000000000000000e+00 1.674563720510246767e-01
0.000000000000000000e+00 0.000000000000000000e+00 1.709534621728457104e-01 0.000000000000000000e+00 2.586203695450082773e-01 0.000000000000000000e+00 0.000000000000000000e+00 1.329829438498185135e-01 0.000000000000000000e+00 0.000000000000000000e+00 0.000000000000000000e+00 2.320979690225349334e-01 0.000000000000000000e+00 4.138385247103980140e-03 0.000000000000000000e+00 1.356366735122805089e-01 0.000000000000000000e+00 0.000000000000000000e+00 0.000000000000000000e+00 1.515080611171353876e-02 0.000000000000000000e+00 2.775266235165168432e-02 0.000000000000000000e+00 2.266672818704287481e-02 0.000000000000000000e+00
0.000000000000000000e+00 2.531264797438305750e-02 7.183599843718566080e-02 0.000000000000000000e+00 1.011240897011220080e-01 0.000000000000000000e+00 1.820976772394993209e-03 1.475533413433713359e-01 2.778128201718145160e-02 0.000000000000000000e+00 0.000000000000000000e+00 1.009334780206636167e-01 0.000000000000000000e+00 0.000000000000000000e+00 1.753774757329839007e-01 0.000000000000000000e+00 5.645507894811846450e-02 0.000000000000000000e+00 2.963954736051089851e-03 3.498693938138783873e-03 0.000000000000000000e+00 1.447372413233700417e-01 7.249377927824271831e-03 1.333563631272113303e-01 0.000000000000000000e+00
0.000000000000000000e+00 0.000000000000000000e+00 6.615543458128519960e-02 0.000000000000000000e+00 3.345099695762312475e-01 1.303019730604544069e-01 0.000000000000000000e+00 0.000000000000000000e+00 0.000000000000000000e+00 0.000000000000000000e+00 0.000000000000000000e+00 1.710652649795158520e-01 2.170620866364233667e-02 0.000000000000000000e+00 1.649060578504058516e-01 0.000000000000000000e+00 0.000000000000000000e+00 1.252853013936067531e-02 0.000000000000000000e+00 0.000000000000000000e+00 0.000000000000000000e+00 9.882656114910436107e-02 0.000000000000000000e+00 0.000000000000000000e+00 0.000000000000000000e+00
1.238197178368399681e-01 7.596665502319482725e-03 8.879310074749660608e-02 2.576392860279602681e-02 1.079716816521878731e-01 0.000000000000000000e+00 3.146746363301321930e-02 1.426204041438146053e-01 0.000000000000000000e+00 5.225475078665430678e-02 0.000000000000000000e+00 1.495861049740177806e-01 0.000000000000000000e+00 0.000000000000000000e+00 7.492489387886163039e-03 0.000000000000000000e+00 9.829334652673191175e-02 7.588196567097282505e-03 1.240642599324656564e-01 2.421316445158857786e-02 0.000000000000000000e+00 1.472490360052079641e-03 5.345478879024843227e-03 0.000000000000000000e+00 1.656756016013622617e-03
0.000000000000000000e+00 1.325458207284474221e-01 9.651784097095085502e-03 0.000000000000000000e+00 0.000000000000000000e+00 2.318431079535077793e-02 8.634296374819157294e-02 2.061908764025647267e-01 0.000000000000000000e+00 0.000000000000000000e+00 8.214007772192857132e-03 5.344782127340080152e-02 2.925904325035744418e-03 2.334650419176037897e-02 2.358822720166146580e-01 0.000000000000000000e+00 0.000000000000000000e+00 0.000000000000000000e+00 1.376910081482535762e-02 0.000000000000000000e+00 9.241517590056990555e-03 0.000000000000000000e+00 2.916617995398472496e-02 1.937650376002873417e-02 1.467144325304501618e-01
1.298786727043656957e-03 5.003305728483659759e-02 5.241486464195839468e-02 1.173874258906479895e-01 0.000000000000000000e+00 0.000000000000000000e+00 1.131690262071947395e-01 1.249307396718565971e-01 2.368711807481705539e-02 9.440484279534290535e-02 0.000000000000000000e+00 1.164337276756551992e-01 0.000000000000000000e+00 0.000000000000000000e+00 1.320171656242366542e-01 9.797483303891914297e-03 0.000000000000000000e+00 0.000000000000000000e+00 0.000000000000000000e+00 0.000000000000000000e+00 8.730644535451090663e-03 1.853104572504890579e-02 1.362936220686123377e-03 0.000000000000000000e+00 1.358011356213321419e-01
9.583640897547989965e-03 0.000000000000000000e+00 0.000000000000000000e+00 0.000000000000000000e+00 1.483048468444957968e-01 1.845076968066741430e-01 5.773237855987946310e-02 3.770518484071287701e-02 0.000000000000000000e+00 0.000000000000000000e+00 0.000000000000000000e+00 1.952939120277029927e-01 0.000000000000000000e+00 0.000000000000000000e+00 0.000000000000000000e+00 9.433470926674748791e-02 8.644084567318745249e-02 0.000000000000000000e+00 0.000000000000000000e+00 1.145264326434874622e-02 0.000000000000000000e+00 0.000000000000000000e+00 6.444372987467786654e-03 0.000000000000000000e+00 1.681997688312354133e-01
0.000000000000000000e+00 0.000000000000000000e+00 4.105532595475927526e-02 1.229168535161592746e-02 2.727302918219918770e-01 0.000000000000000000e+00 0.000000000000000000e+00 1.574768246419937928e-02 0.000000000000000000e+00 2.191453781897327313e-01 0.000000000000000000e+00 2.157616024432074120e-01 0.000000000000000000e+00 0.000000000000000000e+00 1.463651792620943859e-01 0.000000000000000000e+00 0.000000000000000000e+00 2.416342175441962489e-02 0.000000000000000000e+00 0.000000000000000000e+00 0.000000000000000000e+00 0.000000000000000000e+00 0.000000000000000000e+00 1.230838577639668807e-02 4.043104698158272309e-02
6.613508665217811104e-03 0.000000000000000000e+00 1.230039217719196692e-01 0.000000000000000000e+00 1.657789944135839300e-01 0.000000000000000000e+00 1.882766622441350290e-01 0.000000000000000000e+00 0.000000000000000000e+00 1.383958847400262870e-01 2.111734011164308200e-02 0.000000000000000000e+00 0.000000000000000000e+00 0.000000000000000000e+00 6.855387441237049961e-02 0.000000000000000000e+00 0.000000000000000000e+00 2.792575308190110850e-02 2.277548590962949916e-03 0.000000000000000000e+00 0.000000000000000000e+00 0.000000000000000000e+00 1.150252899677159518e-01 0.000000000000000000e+00 1.430312220005236501e-01
0.000000000000000000e+00 8.865735246416484028e-02 1.741026705045330691e-01 4.075228479291448380e-02 2.029636490566484597e-01 0.000000000000000000e+00 0.000000000000000000e+00 0.000000000000000000e+00 4.430580468910344516e-03 1.362829969165323118e-01 1.705931264348946319e-02 6.555313415585035247e-03 0.000000000000000000e+00 0.000000000000000000e+00 5.456347987994171478e-02 0.000000000000000000e+00 5.047196276763608012e-03 1.481839577802566976e-01 1.403270962803792113e-02 3.787673722102449098e-03 1.128609103112370024e-03 4.314694090794047449e-02 0.000000000000000000e+00 1.380897266069778563e-02 4.549629977836901207e-02
0.000000000000000000e+00 0.000000000000000000e+00 3.613188760005758143e-02 0.000000000000000000e+00 1.646235741259206853e-01 0.000000000000000000e+00 1.120408746459884003e-01 0.000000000000000000e+00 0.000000000000000000e+00 9.264196681360030439e-02 0.000000000000000000e+00 1.442504038423958468e-01 2.402978994042579211e-02 2.811920852599949366e-02 2.228044937397592185e-01 0.000000000000000000e+00 0.000000000000000000e+00 1.255278953934756483e-02 0.000000000000000000e+00 1.437788455774001613e-03 0.000000000000000000e+00 0.000000000000000000e+00 1.613672227707312334e-01 0.000000000000000000e+00 0.000000000000000000e+00
0.000000000000000000e+00 1.016010272424130306e-01 2.397878300179003691e-02 7.863479111966879820e-03 5.955293059564591152e-02 7.295053137714811731e-02 1.559448748008272212e-01 6.815145587736113134e-03 0.000000000000000000e+00 0.000000000000000000e+00 0.000000000000000000e+00 1.703947644952544527e-01 0.000000000000000000e+00 0.000000000000000000e+00 1.297470825368142733e-01 0.000000000000000000e+00 0.000000000000000000e+00 0.000000000000000000e+00 0.000000000000000000e+00 0.000000000000000000e+00 0.000000000000000000e+00 0.000000000000000000e+00 1.389814719288921252e-01 1.321699093215117082e-01 0.000000000000000000e+00
0.000000000000000000e+00 2.167651413139199193e-02 1.411669429946374732e-01 0.000000000000000000e+00 1.119096356458239711e-01 5.460405362055423609e-03 4.628215879509515324e-03 1.380266735632677821e-01 2.139519949333596599e-02 1.221308097746552981e-02 0.000000000000000000e+00 1.561211233994477809e-01 0.000000000000000000e+00 0.000000000000000000e+00 4.271197382609687176e-02 0.000000000000000000e+00 9.588710400962072861e-03 0.000000000000000000e+00 0.000000000000000000e+00 0.000000000000000000e+00 0.000000000000000000e+00 1.916205788121343456e-01 9.439758725132975717e-03 1.340411867887382757e-01 0.000000000000000000e+00
0.000000000000000000e+00 0.000000000000000000e+00 3.651162458714187625e-02 0.000000000000000000e+00 1.821382920518698767e-01 0.000000000000000000e+00 2.815592684861553674e-01 5.027778057017703167e-02 4.767434395194483643e-02 1.094366384132070685e-02 0.000000000000000000e+00 2.373496343061831659e-02 0.000000000000000000e+00 0.000000000000000000e+00 7.619956493648337437e-02 0.000000000000000000e+00 0.000000000000000000e+00 0.000000000000000000e+00 0.000000000000000000e+00 1.101445923324480131e-01 0.000000000000000000e+00 0.000000000000000000e+00 1.541741299583632985e-01 2.055884139914344530e-02 6.082934454333827415e-03
0.000000000000000000e+00 0.000000000000000000e+00 1.241215323760019168e-03 0.000000000000000000e+00 1.058062818009940648e-01 1.435607997389202195e-01 0.000000000000000000e+00 0.000000000000000000e+00 1.851543257119344157e-02 0.000000000000000000e+00 5.119668493409784693e-02 2.411356084877943062e-01 1.367007842862006661e-01 0.000000000000000000e+00 1.258903078339565773e-01 0.000000000000000000e+00 0.000000000000000000e+00 1.059005672822219178e-03 0.000000000000000000e+00 0.000000000000000000e+00 0.000000000000000000e+00 5.086460324360222301e-02 1.240292761066583427e-01 0.000000000000000000e+00 0.000000000000000000e+00
7.607255036677926241e-02 6.834366129893700535e-03 4.636651374674097964e-02 0.000000000000000000e+00 2.130470883374505631e-01 3.587435516914770639e-02 0.000000000000000000e+00 0.000000000000000000e+00 8.741474329984680325e-02 1.505234979954148400e-01 0.000000000000000000e+00 9.195242617650059569e-02 0.000000000000000000e+00 0.000000000000000000e+00 1.561779763713701530e-01 0.000000000000000000e+00 5.653444682141442468e-02 0.000000000000000000e+00 3.752756410339572538e-03 0.000000000000000000e+00 0.000000000000000000e+00 0.000000000000000000e+00 1.791035789164140829e-02 0.000000000000000000e+00 5.753892128346003998e-02
0.000000000000000000e+00 1.629766050076299766e-01 0.000000000000000000e+00 0.000000000000000000e+00 0.000000000000000000e+00 9.526920576065599222e-03 6.071185183180016071e-03 9.049645820326704393e-02 6.902703269095337990e-02 4.432576813967054052e-03 0.000000000000000000e+00 1.881024964914532194e-01 0.000000000000000000e+00 0.000000000000000000e+00 1.369323405738604761e-02 0.000000000000000000e+00 3.611131059188993353e-02 1.093090996880599908e-01 0.000000000000000000e+00 0.000000000000000000e+00 0.000000000000000000e+00 1.664702020738913213e-01 1.437828786222564159e-01 0.000000000000000000e+00 0.000000000000000000e+00
0.000000000000000000e+00 0.000000000000000000e+00 2.083455781451589578e-02 1.281598629801500022e-01 0.000000000000000000e+00 1.646068905175038233e-02 1.588040053712987953e-01 1.610004194896167140e-01 0.000000000000000000e+00 0.000000000000000000e+00 0.000000000000000000e+00 1.771724230246680409e-01 0.000000000000000000e+00 0.000000000000000000e+00 4.852096960454214958e-02 0.000000000000000000e+00 0.000000000000000000e+00 0.000000000000000000e+00 1.012657373524321475e-01 0.000000000000000000e+00 1.207517467212063621e-02 1.174976270173251902e-01 2.279181454417940692e-02 2.932785253784113075e-02 6.088866539559491774e-03
0.000000000000000000e+00 1.147727317941517160e-02 0.000000000000000000e+00 0.000000000000000000e+00 0.000000000000000000e+00 6.778503264800754546e-02 1.946948932365773210e-02 1.495016047725281350e-01 1.093536125338557749e-02 0.000000000000000000e+00 0.000000000000000000e+00 1.869052293248599506e-01 0.000000000000000000e+00 0.000000000000000000e+00 7.045980300421954279e-02 0.000000000000000000e+00 0.000000000000000000e+00 0.000000000000000000e+00 0.000000000000000000e+00 0.000000000000000000e+00 6.954611204328158209e-04 5.000403181635237893e-02 1.995830219231962688e-01 8.468709480379776888e-02 1.484965968301471262e-01
0.000000000000000000e+00 0.000000000000000000e+00 0.000000000000000000e+00 0.000000000000000000e+00 1.721507088587760637e-01 0.000000000000000000e+00 1.658864061479889962e-01 1.535214450516547702e-01 0.000000000000000000e+00 6.012326553110714650e-02 0.000000000000000000e+00 1.502710158932016871e-01 2.425170130951866468e-02 0.000000000000000000e+00 0.000000000000000000e+00 0.000000000000000000e+00 0.000000000000000000e+00 8.381253780391842434e-02 0.000000000000000000e+00 0.000000000000000000e+00 0.000000000000000000e+00 4.012808903707627828e-02 7.188209100550813427e-03 1.426666212662073274e-01 0.000000000000000000e+00
2.755127741633283875e-03 0.000000000000000000e+00 0.000000000000000000e+00 0.000000000000000000e+00 1.446020217578843636e-01 1.982377720289047601e-02 1.496392200484610580e-01 1.371907193584640805e-01 0.000000000000000000e+00 0.000000000000000000e+00 6.416601729077638615e-03 2.031927390180467141e-01 0.000000000000000000e+00 0.000000000000000000e+00 1.228369166708689376e-02 0.000000000000000000e+00 0.000000000000000000e+00 0.000000000000000000e+00 0.000000000000000000e+00 0.000000000000000000e+00 1.644456900926244414e-02 0.000000000000000000e+00 0.000000000000000000e+00 1.715993236906923625e-01 1.360522087765005661e-01
0.000000000000000000e+00 1.250078652088828235e-01 3.933222677223421199e-02 0.000000000000000000e+00 1.403120798917448786e-01 0.000000000000000000e+00 1.450866431958634274e-02 0.000000000000000000e+00 0.000000000000000000e+00 6.629550066362451671e-03 1.105213191233553327e-02 1.814053681351529002e-01 0.000000000000000000e+00 0.000000000000000000e+00 1.526790512590479876e-01 9.135530611007772195e-02 0.000000000000000000e+00 0.000000000000000000e+00 0.000000000000000000e+00 0.000000000000000000e+00 9.122362694193407798e-03 0.000000000000000000e+00 4.390263684051245313e-02 2.205781372815027869e-02 1.626349430617189951e-01
0.000000000000000000e+00 0.000000000000000000e+00 1.993870301675216509e-03 6.502684191357733373e-03 2.408961625809678819e-01 4.709950113985910541e-02 0.000000000000000000e+00 0.000000000000000000e+00 0.000000000000000000e+00 1.267017713930072842e-01 0.000000000000000000e+00 1.086177095950678767e-01 8.324983921501434569e-02 0.000000000000000000e+00 1.091240204121705915e-01 0.000000000000000000e+00 7.055092936905978801e-03 0.000000000000000000e+00 0.000000000000000000e+00 0.000000000000000000e+00 0.000000000000000000e+00 8.208584523607302674e-02 1.259479147864836779e-01 3.115871161489501551e-02 2.956687659652245531e-02
1.452515152276532828e-01 0.000000000000000000e+00 0.000000000000000000e+00 5.030826270043958943e-03 1.488668898504167948e-01 1.318586239206470667e-01 0.000000000000000000e+00 0.000000000000000000e+00 0.000000000000000000e+00 1.308655452294838102e-02 0.000000000000000000e+00 3.377137649945534670e-01 0.000000000000000000e+00 0.000000000000000000e+00 3.809893218357975064e-02 0.000000000000000000e+00 1.061637257429966404e-02 0.000000000000000000e+00 0.000000000000000000e+00 1.247640044301981518e-03 0.000000000000000000e+00 0.000000000000000000e+00 1.483726908408270102e-02 0.000000000000000000e+00 1.533916113274728099e-01
0.000000000000000000e+00 8.592170511993148241e-02 4.855171257164804521e-02 0.000000000000000000e+00 2.553306466004806596e-02 1.062957387547484311e-01 4.356951954108064656e-03 0.000000000000000000e+00 2.065253820027600912e-02 0.000000000000000000e+00 2.304822754234727572e-02 2.693263208981834245e-01 0.000000000000000000e+00 0.000000000000000000e+00 1.021773393272579905e-01 0.000000000000000000e+00 0.000000000000000000e+00 1.487700982881602109e-02 1.697023775063834228e-02 0.000000000000000000e+00 1.448560827507824889e-02 0.000000000000000000e+00 0.000000000000000000e+00 1.366387642215628473e-01 1.311647808953557426e-01
5.655588587028217290e-03 2.328308834714110376e-01 9.847261847374888522e-03 5.071748152700815589e-03 5.089116322031535938e-02 0.000000000000000000e+00 0.000000000000000000e+00 0.000000000000000000e+00 3.438069171134923441e-02 1.723384742656687563e-01 0.000000000000000000e+00 1.269127868769575340e-01 0.000000000000000000e+00 0.000000000000000000e+00 0.000000000000000000e+00 0.000000000000000000e+00 8.285401380922365056e-02 4.598234249032390891e-02 8.507861845582526117e-03 6.039818041462622494e-02 0.000000000000000000e+00 8.619420716589677733e-02 4.638088866470341937e-02 3.175390747683765752e-02 0.000000000000000000e+00
1.986460032594392772e-02 1.092119789118231460e-01 0.000000000000000000e+00 0.000000000000000000e+00 1.830429198894067133e-01 7.030347037736238425e-02 1.334287772628676705e-01 0.000000000000000000e+00 0.000000000000000000e+00 1.456109004421068942e-01 1.640172235655988067e-03 4.741748833473716923e-02 0.000000000000000000e+00 0.000000000000000000e+00 2.040449826949178591e-01 0.000000000000000000e+00 0.000000000000000000e+00 4.873470436684202226e-03 0.000000000000000000e+00 0.000000000000000000e+00 0.000000000000000000e+00 0.000000000000000000e+00 0.000000000000000000e+00 0.000000000000000000e+00 8.056123908849399662e-02
0.000000000000000000e+00 0.000000000000000000e+00 7.642892108120816208e-02 0.000000000000000000e+00 0.000000000000000000e+00 0.000000000000000000e+00 4.843074025629347940e-02 8.639948882266591801e-02 0.000000000000000000e+00 1.127525760208680783e-02 0.000000000000000000e+00 2.011426697391923424e-01 0.000000000000000000e+00 0.000000000000000000e+00 2.502032361438725205e-01 0.000000000000000000e+00 0.000000000000000000e+00 9.174217428554840015e-02 3.161187580807766490e-02 1.083811611744368332e-02 0.000000000000000000e+00 0.000000000000000000e+00 8.749172900069320663e-03 1.340944331334155415e-01 4.908391411012619915e-02
0.000000000000000000e+00 5.973054471633989018e-03 0.000000000000000000e+00 6.852880083190837635e-02 1.618337313026509405e-01 1.619542582366268954e-02 1.894109587949860118e-01 0.000000000000000000e+00 0.000000000000000000e+00 2.108772861043624880e-01 0.000000000000000000e+00 0.000000000000000000e+00 2.629492453606569607e-02 0.000000000000000000e+00 0.000000000000000000e+00 0.000000000000000000e+00 0.000000000000000000e+00 3.313353019379916293e-03 0.000000000000000000e+00 0.000000000000000000e+00 0.000000000000000000e+00 0.000000000000000000e+00 1.544809560610366228e-01 1.421478642992801134e-01 2.094364475503305428e-02
0.000000000000000000e+00 0.000000000000000000e+00 1.091470325755555942e-01 0.000000000000000000e+00 0.000000000000000000e+00 1.527898518190913199e-02 1.711965116835049150e-01 1.437053458391122918e-01 0.000000000000000000e+00 0.000000000000000000e+00 0.000000000000000000e+00 7.263373076220111524e-02 0.000000000000000000e+00 0.000000000000000000e+00 9.457546786269989403e-02 0.000000000000000000e+00 0.000000000000000000e+00 0.000000000000000000e+00 1.230109661792778974e-01 0.000000000000000000e+00 0.000000000000000000e+00 0.000000000000000000e+00 1.173803507286999143e-01 2.047028172988834410e-02 1.326013274571508360e-01
0.000000000000000000e+00 0.000000000000000000e+00 4.163912484854555285e-02 0.000000000000000000e+00 1.887978872084693782e-01 1.112729999397164410e-01 1.247568074429233551e-02 0.000000000000000000e+00 0.000000000000000000e+00 1.414793088332160220e-01 6.444389108805040345e-02 4.225886596710456966e-02 0.000000000000000000e+00 1.248144943452681420e-02 0.000000000000000000e+00 0.000000000000000000e+00 0.000000000000000000e+00 0.000000000000000000e+00 0.000000000000000000e+00 0.000000000000000000e+00 0.000000000000000000e+00 8.091792451919839479e-02 1.572967800308812669e-01 1.469360873859988093e-01 0.000000000000000000e+00
0.000000000000000000e+00 0.000000000000000000e+00 4.532344836115598241e-02 2.729557778286380298e-02 2.390357298465231317e-01 4.642332384754506436e-02 5.091921522873338497e-03 1.389819531209756653e-01 3.545525095428087026e-02 0.000000000000000000e+00 0.000000000000000000e+00 1.119094382434016322e-01 0.000000000000000000e+00 0.000000000000000000e+00 1.301670133683595354e-02 0.000000000000000000e+00 4.461316404398387586e-02 0.000000000000000000e+00 0.000000000000000000e+00 0.000000000000000000e+00 0.000000000000000000e+00 0.000000000000000000e+00 2.582267089164582557e-02 1.191069648619840909e-01 1.479238551859308748e-01
0.000000000000000000e+00 1.843952671588794945e-01 0.000000000000000000e+00 0.000000000000000000e+00 0.000000000000000000e+00 0.000000000000000000e+00 2.069709744406161012e-01 1.869936626827383985e-01 0.000000000000000000e+00 0.000000000000000000e+00 0.000000000000000000e+00 2.056345310647809121e-01 3.719636541211163855e-02 0.000000000000000000e+00 0.000000000000000000e+00 0.000000000000000000e+00 2.647332980445041631e-03 0.000000000000000000e+00 0.000000000000000000e+00 0.000000000000000000e+00 0.000000000000000000e+00 1.744613978402353716e-01 1.700468420193022422e-03 0.000000000000000000e+00 0.000000000000000000e+00
0.000000000000000000e+00 0.000000000000000000e+00 1.044247660628752454e-02 0.000000000000000000e+00 2.244872695118816930e-01 0.000000000000000000e+00 3.359432166454240365e-01 0.000000000000000000e+00 2.426892520852813400e-04 0.000000000000000000e+00 0.000000000000000000e+00 0.000000000000000000e+00 0.000000000000000000e+00 0.000000000000000000e+00 2.535897196497918227e-01 0.000000000000000000e+00 0.000000000000000000e+00 0.000000000000000000e+00 0.000000000000000000e+00 0.000000000000000000e+00 0.000000000000000000e+00 0.000000000000000000e+00 0.000000000000000000e+00 0.000000000000000000e+00 1.752946283345298006e-01
0.000000000000000000e+00 0.000000000000000000e+00 1.604135715374020027e-02 0.000000000000000000e+00 2.306183631577478632e-01 1.166226138186383932e-01 0.000000000000000000e+00 1.099296934503458598e-02 3.272806674162910545e-02 1.390976746833007538e-01 0.000000000000000000e+00 1.319175846695733456e-01 1.073739965887055281e-01 0.000000000000000000e+00 9.617243789617522338e-04 3.944083673528616524e-02 0.000000000000000000e+00 5.364872172062266908e-03 2.530291794201731254e-02 0.000000000000000000e+00 0.000000000000000000e+00 5.422915546323110042e-02 8.034550933733755618e-02 8.962357812734180959e-03 0.000000000000000000e+00
0.000000000000000000e+00 1.863365247186083151e-01 0.000000000000000000e+00 2.027321779843532096e-03 7.960345004460006590e-02 3.452512804879342284e-02 2.127804688336974726e-02 2.013611205398909473e-03 0.000000000000000000e+00 1.455745114448246669e-01 0.000000000000000000e+00 1.704670023540900414e-01 1.703701353499414376e-03 0.000000000000000000e+00 1.539575308402996445e-01 0.000000000000000000e+00 0.000000000000000000e+00 5.356785009680752052e-02 7.401344952332747362e-02 0.000000000000000000e+00 0.000000000000000000e+00 0.000000000000000000e+00 7.493187170653728413e-02 0.000000000000000000e+00 0.000000000000000000e+00
