0.000000000000000000e+00 0.000000000000000000e+00 1.761439076634712525e-02 1.266755758672807181e-02 3.726542947693936569e-02 3.277258714937269883e-03 7.363039893921993762e-02 2.544059236034295832e-02 1.018137123021924974e-02 1.425030112774621285e-02 6.771248297708004410e-04 2.390132160414508433e-01 2.838696438371002967e-02 3.846350590326562922e-03 2.025629774973752295e-01 0.000000000000000000e+00 2.992594949541324371e-03 0.000000000000000000e+00 0.000000000000000000e+00 2.394490321308864397e-02 0.000000000000000000e+00 2.762155713804318249e-02 1.277856997513991399e-01 2.085154078186416196e-02 1.279897706209498220e-01
1.592281320105615877e-02 1.566500495940546245e-01 2.698105892413897589e-02 0.000000000000000000e+00 1.179902589032404969e-01 0.000000000000000000e+00 3.664859271808963703e-02 9.416520857083623963e-03 7.317550690187119185e-03 7.644585301759828679e-03 7.055023297635345733e-03 1.170664438073455854e-01 1.412881373136439661e-03 0.000000000000000000e+00 1.410605452761439782e-01 0.000000000000000000e+00 9.452402309740219610e-02 0.000000000000000000e+00 3.532494282580253206e-04 1.522653121765255371e-02 3.803746904764816750e-02 2.848663240494922130e-03 0.000000000000000000e+00 1.386905291706771737e-01 6.515321085399508605e-02
3.442832665744111759e-02 4.650476293104005565e-02 1.042361016912966981e-01 3.347580652787185418e-02 1.078499287729344919e-01 0.000000000000000000e+00 2.616125133722638565e-02 0.000000000000000000e+00 3.479490353165250183e-02 4.728668530688829447e-02 5.252875603398229204e-02 1.294597952124749152e-01 1.005585429431780746e-03 0.000000000000000000e+00 2.291298228490986754e-03 0.000000000000000000e+00 6.704855549149252997e-03 1.318752531663374555e-02 7.596408091982347066e-02 8.298478065136351278e-02 0.000000000000000000e+00 2.924678139260014284e-02 1.196900021257915059e-01 4.189453916030638769e-02 1.030423322360059755e-02
0.000000000000000000e+00 1.637451060017445503e-01 0.000000000000000000e+00 1.069512180483381389e-03 2.955235100289025849e-02 0.000000000000000000e+00 0.000000000000000000e+00 0.000000000000000000e+00 2.075343284533417293e-02 6.547200605112203642e-02 4.057955071980069717e-03 2.407997895185791659e-01 6.940549548688412784e-02 0.000000000000000000e+00 1.501511109352586804e-01 0.000000000000000000e+00 0.000000000000000000e+00 0.000000000000000000e+00 7.201683883044336654e-02 1.197006035373050781e-02 0.000000000000000000e+00 0.000000000000000000e+00 3.661395566970254700e-02 1.343923860518471958e-01 0.000000000000000000e+00
1.132685811960899847e-02 5.089439610419824872e-02 2.076720489931108918e-03 8.022025068981937512e-02 1.620556899523424577e-01 2.824258673716191145e-02 3.194389128626017038e-02 6.217424107739516481e-02 5.192682851527753024e-02 3.331634954659636050e-02 4.411451884385568512e-03 2.559448685232234427e-02 1.446272554738433844e-02 0.000000000000000000e+00 1.857779021521062113e-01 1.127856137152609363e-03 4.832873146667814729e-02 1.610070414140169978e-02 6.900794981183539824e-03 0.000000000000000000e+00 8.013716212595653260e-04 0.000000000000000000e+00 7.758887456291667546e-03 1.649521905421362789e-01 9.605084699106666499e-03
2.395815354103565838e-03 1.138066313986668687e-01 4.381247921961179542e-02 1.180194200782434810e-02 4.984798708267575845e-02 6.681028899068203013e-03 1.197707709700316647e-01 4.346244260244598590e-02 8.265889821664179626e-03 1.200624106282424525e-01 0.000000000000000000e+00 3.287611955024508092e-02 2.257137704766251987e-02 8.095801824842553326e-03 1.084752229735680834e-01 0.000000000000000000e+00 9.925066659035545070e-04 0.000000000000000000e+00 0.000000000000000000e+00 0.000000000000000000e+00 2.442283357651189434e-03 1.325335233506170496e-01 4.131598179072627774e-02 3.613095971570307909e-03 1.271766894828786076e-01
1.083558600730823301e-01 4.733420948094794849e-03 5.755519124537859105e-02 8.591371755092856721e-03 1.766659634514792243e-01 3.338542856107254648e-04 2.275986821874180846e-02 7.376783527107668749e-03 2.599439501202025285e-02 1.396644843056125129e-01 2.450925073744419491e-03 1.447305344515099346e-01 2.911432937166853405e-02 5.081134321066498212e-03 1.208973936682443927e-02 0.000000000000000000e+00 5.272440653178281193e-03 1.168744074436329486e-03 1.127644241928196095e-01 4.934645726473979588e-03 0.000000000000000000e+00 2.692505256736934735e-02 6.478498051227293830e-02 2.669543462174413934e-02 1.195642224467089246e-02
7.535220544262635767e-02 1.195324760770601902e-01 1.825617336984852387e-02 3.590331965140234217e-03 4.728800569934878129e-02 0.000000000000000000e+00 2.090848115152445577e-02 3.250512319157552316e-02 3.995279297948556990e-02 8.864464248682372288e-03 1.932718965278620860e-02 6.382917413644288718e-02 8.182255889085826919e-03 1.023072806631923279e-02 1.012728334714516343e-01 0.000000000000000000e+00 0.000000000000000000e+00 0.000000000000000000e+00 1.332461692071197504e-03 0.000000000000000000e+00 1.055797313260710803e-03 8.555729770533199163e-02 1.740315980507515028e-02 1.624691896699292371e-01 1.630898584729537915e-01
9.352474719952152959e-02 8.384473593242198347e-03 0.000000000000000000e+00 0.000000000000000000e+00 1.340886194398606956e-01 0.000000000000000000e+00 5.052308160866159775e-02 0.000000000000000000e+00 0.000000000000000000e+00 5.752208625409014481e-03 5.411245101420441780e-03 8.687353852729945425e-02 1.019084821465097851e-01 2.938516347232868718e-03 1.357146274573358957e-01 0.000000000000000000e+00 3.528907064934711652e-03 0.000000000000000000e+00 7.209916051348830811e-03 0.000000000000000000e+00 0.000000000000000000e+00 3.159053211435050579e-02 4.535838143721209609e-02 1.205220183561231118e-01 1.666707049295373666e-01
0.000000000000000000e+00 7.705723266205245781e-02 8.171183099321518983e-02 0.000000000000000000e+00 7.457226125077385040e-03 8.473383645504028831e-04 4.715718776603161633e-02 7.218682697226420919e-02 2.649248934377337189e-02 1.115604379391507972e-01 1.564664298320200125e-02 1.526843260705528990e-02 1.666691515916782912e-02 1.009791585502902789e-03 1.960557583865931153e-01 7.607052445328055246e-03 0.000000000000000000e+00 0.000000000000000000e+00 1.165095952536857223e-03 2.868555571146030880e-02 0.000000000000000000e+00 1.613735255540689473e-02 7.945390671652355352e-02 2.840106045086162115e-02 1.694318652802461467e-01
2.996173283269101730e-03 1.663944142396817094e-02 1.010387945133918719e-01 1.981365519780281005e-03 5.286520946539826488e-02 0.000000000000000000e+00 1.462845272259231388e-01 1.137293424270412329e-01 0.000000000000000000e+00 6.747413248289625687e-02 2.217395106651511450e-03 1.378254507645674254e-01 3.863354679453944590e-02 1.598054065335320281e-03 3.396734616120295619e-02 0.000000000000000000e+00 0.000000000000000000e+00 0.000000000000000000e+00 1.596095965506780234e-02 1.876292041666447266e-02 0.000000000000000000e+00 1.975974980414759233e-02 1.601213788093321100e-01 0.000000000000000000e+00 6.814421208082321879e-02
3.386070603253478126e-03 0.000000000000000000e+00 9.875793145292978414e-02 1.162826429391310423e-01 2.493650480424008387e-01 0.000000000000000000e+00 2.543959800951834174e-02 0.000000000000000000e+00 8.507335431793004721e-02 1.770989438083624481e-02 0.000000000000000000e+00 1.223767381659028250e-02 0.000000000000000000e+00 1.140588968802013110e-02 2.494119024137974802e-02 0.000000000000000000e+00 0.000000000000000000e+00 6.842438286894255046e-03 1.420650453420509510e-02 2.599809248291570698e-03 0.000000000000000000e+00 1.277929082676351191e-01 0.000000000000000000e+00 1.515619387094263304e-01 5.239710746155770010e-02
1.888923806498826394e-02 2.066850647506559835e-01 0.000000000000000000e+00 0.000000000000000000e+00 1.092369328884841562e-02 0.000000000000000000e+00 1.019325508544181580e-01 2.082029038020068515e-02 7.032021146801280265e-02 3.816526472417854088e-02 2.505206376001485862e-03 4.520079062658531599e-02 5.648614150997132918e-03 0.000000000000000000e+00 9.400458298970219839e-02 9.200900244323438788e-04 1.366928172971779848e-02 0.000000000000000000e+00 1.655147976072753602e-01 4.671277493186964253e-02 1.389696521873843432e-02 0.000000000000000000e+00 0.000000000000000000e+00 1.310002226406298612e-02 1.310905605493144221e-01
1.206529063571321198e-01 3.132892963183617208e-02 3.712087908990043157e-03 1.130512846803139078e-03 1.251957223574312605e-01 0.000000000000000000e+00 4.706453550951271436e-02 0.000000000000000000e+00 0.000000000000000000e+00 9.075965151908119838e-03 6.105148016907347569e-02 1.261138521580588978e-01 1.759526061463627042e-02 2.882054830031465648e-03 1.178541502912147099e-01 0.000000000000000000e+00 0.000000000000000000e+00 8.148804112689839174e-03 1.496970227097230988e-01 0.000000000000000000e+00 7.633417779290353755e-02 8.431951470046002151e-03 3.439879519806984115e-02 4.775868627115181092e-02 1.157310461878735194e-02
0.000000000000000000e+00 6.341204892518012559e-02 1.788749909266252325e-01 3.860354173695603776e-03 1.638140829436380286e-01 1.098821910157914694e-01 1.230270691415858743e-02 4.943844266566443241e-02 4.075952340036411228e-03 8.370257647484021998e-03 2.643121536543351080e-02 1.364396586086744634e-01 3.991419472247123741e-03 1.387781506620052070e-02 0.000000000000000000e+00 0.000000000000000000e+00 3.059706071906045932e-03 0.000000000000000000e+00 1.745862463551640367e-04 5.961275210637728694e-02 3.262996651833983269e-03 7.743160219604648675e-02 5.024289437088570037e-02 2.505122313072469242e-02 6.393103161041095196e-03
0.000000000000000000e+00 2.481051057173169587e-03 1.365923653422545792e-01 0.000000000000000000e+00 2.315572757289632022e-01 0.000000000000000000e+00 3.122471035519689200e-02 0.000000000000000000e+00 2.618705741754472419e-02 3.591646753069108883e-02 0.000000000000000000e+00 1.295278178878771572e-02 7.016207071768458363e-03 0.000000000000000000e+00 1.542338438355157215e-01 0.000000000000000000e+00 1.365598903158450443e-02 0.000000000000000000e+00 1.457914590832370405e-01 0.000000000000000000e+00 0.000000000000000000e+00 6.428238304136905945e-02 1.204751312084279824e-01 0.000000000000000000e+00 1.763327750748598655e-02
8.852556560440401345e-02 2.716053830268580840e-02 5.031090840552940313e-02 8.833704397575352363e-03 1.764072732089983775e-01 3.337258251313289254e-04 7.722600155767354868e-02 0.000000000000000000e+00 8.337297641476025534e-02 2.875238307151408226e-02 8.907145712505540672e-03 0.000000000000000000e+00 0.000000000000000000e+00 0.000000000000000000e+00 1.570296586845017772e-01 0.000000000000000000e+00 1.533334872225027359e-03 0.000000000000000000e+00 1.419803724284628447e-03 9.430361681760206227e-02 8.800297789878502993e-04 4.167754164525405702e-02 3.522401725765387549e-03 1.462717034439061925e-01 3.531686806695254026e-03
2.803447844207066289e-02 8.668442575297407096e-03 0.000000000000000000e+00 0.000000000000000000e+00 0.000000000000000000e+00 1.505102621211628668e-02 3.599188732481187203e-02 1.363237708673468163e-01 0.000000000000000000e+00 6.564541870783160982e-02 5.219898867488022287e-02 8.499471213548911996e-02 2.021358604834458395e-02 8.604529008707842690e-04 1.323528832116236675e-01 1.025021641116801449e-03 0.000000000000000000e+00 0.000000000000000000e+00 1.514114040009136297e-01 0.000000000000000000e+00 0.000000000000000000e+00 9.839704477277647077e-02 1.752391506098608873e-02 2.128303296671256797e-02 1.300239344568114297e-01
1.036161072724820637e-01 1.427701400428052214e-01 1.000224683349646478e-03 0.000000000000000000e+00 0.000000000000000000e+00 0.000000000000000000e+00 6.044012102994815450e-02 1.434830458082808104e-02 0.000000000000000000e+00 5.570175531173749209e-03 5.421672608343986073e-03 2.024361605189697877e-01 2.582378096344575304e-03 0.000000000000000000e+00 1.332896181501453114e-01 0.000000000000000000e+00 1.198688473102637632e-02 4.045690161545651212e-03 3.385427241136124404e-04 1.821562332156700893e-03 0.000000000000000000e+00 0.000000000000000000e+00 1.035968852936558909e-01 5.930004327801125658e-02 1.474354889650999756e-01
7.145801449606217770e-02 1.365410668146946165e-02 0.000000000000000000e+00 9.273897916753690018e-02 1.144935926991617545e-02 3.666294869378721420e-03 3.936753988321466113e-02 3.163130592483009290e-02 7.125472721100901963e-02 1.511294547594359793e-02 0.000000000000000000e+00 8.060978734369633747e-02 1.214883470063163849e-02 6.159701938762888671e-03 2.565767525857797771e-01 0.000000000000000000e+00 0.000000000000000000e+00 0.000000000000000000e+00 7.534808119008732166e-03 0.000000000000000000e+00 0.000000000000000000e+00 3.211112926512575769e-03 2.883252129524212573e-02 1.113377189904520281e-01 1.432554891205531367e-01
