2.516932148746391790e-02 7.676683835480599405e-02 3.401770686832644719e-02 0.000000000000000000e+00 6.432726773871451365e-02 3.084152471840204829e-02 3.801433145493842564e-02 0.000000000000000000e+00 1.584364904728854384e-01 0.000000000000000000e+00 0.000000000000000000e+00 2.383948744779216533e-01 0.000000000000000000e+00 0.000000000000000000e+00 8.709669100044881845e-03 0.000000000000000000e+00 1.037191638858917242e-01 1.326003790719753050e-01 3.951895121406667766e-02 4.948348115456294855e-02
8.187557553122351561e-03 0.000000000000000000e+00 0.000000000000000000e+00 1.321169108403835897e-02 0.000000000000000000e+00 5.849863793084549707e-03 8.945822386325635867e-02 1.591274165834823673e-01 0.000000000000000000e+00 8.860881473122327046e-02 1.184808554542443951e-02 2.243885129498141284e-01 1.318425819503159929e-02 1.223749031179606900e-01 0.000000000000000000e+00 0.000000000000000000e+00 5.723111790306540519e-02 2.017171784177216112e-02 5.022857963870032763e-03 1.813349788748543356e-01
5.236274515476180974e-02 0.000000000000000000e+00 0.000000000000000000e+00 3.063007304435205747e-02 1.497203829780102968e-01 1.384453045220583045e-01 2.150476703763429809e-01 0.000000000000000000e+00 7.389455400469706337e-02 0.000000000000000000e+00 0.000000000000000000e+00 0.000000000000000000e+00 0.000000000000000000e+00 0.000000000000000000e+00 0.000000000000000000e+00 0.000000000000000000e+00 1.135159974265628202e-01 2.709037414611293812e-02 1.883778501204940725e-01 1.091504822660764595e-02
0.000000000000000000e+00 2.323188378878497315e-02 0.000000000000000000e+00 1.421487508249095200e-01 0.000000000000000000e+00 1.498993599013045130e-01 1.172362116037002459e-02 8.781263946165014656e-02 1.722478623304048440e-01 0.000000000000000000e+00 0.000000000000000000e+00 4.393364878473274976e-02 1.017895534102278982e-01 7.240829213265138897e-02 0.000000000000000000e+00 0.000000000000000000e+00 1.412657162775697584e-02 0.000000000000000000e+00 1.672336312948196069e-01 1.344418528238735394e-02
0.000000000000000000e+00 1.042860429045873276e-02 0.000000000000000000e+00 2.318193273666321885e-02 9.827236538688816081e-02 7.070882245411311273e-02 1.274895324472806284e-02 2.442267058558805215e-01 2.500690631049923545e-03 3.928884366243598492e-03 0.000000000000000000e+00 3.471223884165471757e-02 0.000000000000000000e+00 1.149935725048543828e-01 0.000000000000000000e+00 0.000000000000000000e+00 6.007729329694783257e-04 3.990506070269247973e-02 1.789587528558022889e-01 1.648326431960013827e-01
1.233528237314056308e-01 2.158197515452768209e-02 3.209643692571116213e-03 1.018078035361977413e-01 2.859296889807223796e-02 1.223882562395759016e-01 0.000000000000000000e+00 6.895193265499391377e-02 4.624830102906529739e-02 1.140312258411835212e-03 0.000000000000000000e+00 8.084893796085179662e-02 0.000000000000000000e+00 0.000000000000000000e+00 8.689915015288139644e-02 1.035963738911349907e-01 7.819129751864656308e-02 4.925957094415030213e-02 7.385788010196059350e-02 1.007277223555305863e-02
1.667507869349240945e-01 0.000000000000000000e+00 0.000000000000000000e+00 1.829589835531598430e-01 1.842935721076108843e-04 1.284849791171379096e-01 2.689789931990452243e-02 9.756645066464431082e-02 0.000000000000000000e+00 1.038578408441835493e-01 3.287151592851074444e-02 1.725856467870310607e-01 4.065777512991096410e-02 0.000000000000000000e+00 6.908277440111276410e-03 0.000000000000000000e+00 0.000000000000000000e+00 3.680059573024554997e-02 3.474954978128619049e-03 0.000000000000000000e+00
2.780019134967583183e-02 0.000000000000000000e+00 1.228488939872233836e-02 1.598167020377148639e-01 1.176236707176435553e-01 2.599758140351663555e-02 0.000000000000000000e+00 1.891843785983527426e-01 1.156161263630901409e-01 0.000000000000000000e+00 0.000000000000000000e+00 1.848338036487764402e-01 0.000000000000000000e+00 0.000000000000000000e+00 0.000000000000000000e+00 7.342928198888036551e-03 5.203838367247232317e-03 0.000000000000000000e+00 1.460574796050191915e-01 8.238410311352816623e-03
2.971910150004825751e-02 5.564764118986612051e-02 3.094284362624902425e-03 2.215596597217451003e-01 1.471377142578405017e-01 1.115743480427067863e-01 1.164320814091900601e-02 1.250332795646660333e-01 0.000000000000000000e+00 7.288640370545912406e-03 0.000000000000000000e+00 2.339427781679105645e-02 1.056706021849427440e-01 0.000000000000000000e+00 7.014403325708548631e-02 1.157699757071812240e-02 1.669270280997394232e-03 2.553134676236239187e-02 0.000000000000000000e+00 4.931559497614011744e-02
2.407966673006714520e-01 0.000000000000000000e+00 0.000000000000000000e+00 2.557038957695458720e-02 1.045644878999791583e-01 0.000000000000000000e+00 1.299199420964390270e-02 1.304306632940482047e-01 1.584868127530118520e-01 0.000000000000000000e+00 6.469962996169861813e-02 2.882756184798103416e-02 0.000000000000000000e+00 0.000000000000000000e+00 0.000000000000000000e+00 6.029809445570229187e-02 0.000000000000000000e+00 0.000000000000000000e+00 0.000000000000000000e+00 1.733336987003088747e-01
0.000000000000000000e+00 8.960607338144291334e-02 0.000000000000000000e+00 1.098885204972051555e-01 0.000000000000000000e+00 1.828810358393695157e-01 1.155630066876428830e-01 7.014370034136373222e-03 8.675631545663105293e-02 0.000000000000000000e+00 0.000000000000000000e+00 1.344830034146932418e-01 1.486506595715886281e-01 0.000000000000000000e+00 0.000000000000000000e+00 0.000000000000000000e+00 7.788634928959111900e-03 1.173683801883312339e-01 0.000000000000000000e+00 0.000000000000000000e+00
1.600294624531063969e-01 0.000000000000000000e+00 0.000000000000000000e+00 2.227086476439551089e-03 0.000000000000000000e+00 3.116992042383720171e-02 0.000000000000000000e+00 1.804366679281904917e-01 1.508869238550717036e-02 1.570020842135747274e-01 0.000000000000000000e+00 1.869859731092246569e-01 1.169635502615357370e-01 6.212964248438466487e-03 1.400272852520739221e-02 0.000000000000000000e+00 0.000000000000000000e+00 1.718017037766724625e-02 0.000000000000000000e+00 1.127006995972710673e-01
5.383739480007057598e-02 0.000000000000000000e+00 0.000000000000000000e+00 0.000000000000000000e+00 2.257747972677159876e-02 1.333900592812331254e-01 0.000000000000000000e+00 8.909478158060085695e-02 1.597075051387381317e-01 1.096375417108181177e-01 0.000000000000000000e+00 1.775815950386845365e-01 0.000000000000000000e+00 1.198856568092509511e-01 9.632563050990576581e-03 0.000000000000000000e+00 1.077649082963794414e-01 0.000000000000000000e+00 1.689051456646211563e-02 0.000000000000000000e+00
1.960014695983057498e-02 6.742081516332974755e-02 0.000000000000000000e+00 2.895746376716982207e-01 0.000000000000000000e+00 0.000000000000000000e+00 3.037804495039855834e-02 3.337409537885527994e-02 0.000000000000000000e+00 0.000000000000000000e+00 0.000000000000000000e+00 2.673178870259840800e-01 0.000000000000000000e+00 0.000000000000000000e+00 1.565134860122404659e-01 0.000000000000000000e+00 8.642385090553189597e-02 0.000000000000000000e+00 4.939703593213114197e-02 0.000000000000000000e+00
1.451125433490889826e-03 0.000000000000000000e+00 4.035797683235462646e-02 1.560560922741555633e-02 3.876483979089154208e-02 9.650135265870196655e-02 0.000000000000000000e+00 1.947900487509641662e-02 2.359754265752296021e-01 2.123863374588050301e-02 0.000000000000000000e+00 1.814481096247486103e-01 1.659679691560172338e-02 1.595126494537724843e-02 1.463759869024117144e-01 1.411013760664169524e-02 2.929111849969375306e-02 0.000000000000000000e+00 4.165118217918150484e-02 8.520143418728275131e-02
0.000000000000000000e+00 0.000000000000000000e+00 0.000000000000000000e+00 1.563089928095205416e-01 1.158586221014253209e-01 1.507790964420329949e-01 0.000000000000000000e+00 2.033772741304049336e-01 7.780274956800808939e-02 0.000000000000000000e+00 0.000000000000000000e+00 1.086104800025956274e-01 0.000000000000000000e+00 0.000000000000000000e+00 0.000000000000000000e+00 0.000000000000000000e+00 0.000000000000000000e+00 0.000000000000000000e+00 1.762610906008831302e-01 1.100169434512949206e-02
2.731380146152054961e-02 0.000000000000000000e+00 1.084981207567120879e-03 9.772345102056463617e-02 6.320484579583608709e-02 1.169853448046950933e-01 5.536117310858119749e-03 1.834754865714244565e-01 7.734951593002920012e-02 9.555499677203314543e-03 0.000000000000000000e+00 2.572707301943838454e-01 0.000000000000000000e+00 0.000000000000000000e+00 3.359029157097139645e-02 0.000000000000000000e+00 0.000000000000000000e+00 2.017696373932445150e-02 9.601215059201164553e-03 9.713175565642052922e-02
1.557093719401184961e-01 0.000000000000000000e+00 0.000000000000000000e+00 0.000000000000000000e+00 0.000000000000000000e+00 0.000000000000000000e+00 8.440297588645920279e-02 6.487079697538979117e-02 1.826300785017769684e-02 1.439769561680732668e-01 0.000000000000000000e+00 3.169789939377499199e-01 0.000000000000000000e+00 0.000000000000000000e+00 1.720504781100536396e-01 0.000000000000000000e+00 0.000000000000000000e+00 4.374741913197788962e-02 0.000000000000000000e+00 0.000000000000000000e+00
9.331438122702159776e-02 0.000000000000000000e+00 0.000000000000000000e+00 4.816619057166642293e-01 0.000000000000000000e+00 0.000000000000000000e+00 0.000000000000000000e+00 0.000000000000000000e+00 3.884153258124220520e-02 0.000000000000000000e+00 0.000000000000000000e+00 0.000000000000000000e+00 0.000000000000000000e+00 0.000000000000000000e+00 2.335503847758933493e-01 0.000000000000000000e+00 0.000000000000000000e+00 1.526317956991785074e-01 0.000000000000000000e+00 0.000000000000000000e+00
4.883473750703860167e-02 0.000000000000000000e+00 0.000000000000000000e+00 1.258633828467013716e-02 1.315102493631165603e-01 3.045840027615325570e-03 0.000000000000000000e+00 1.362332120430438942e-01 1.603921534829737261e-01 8.176428137903236915e-03 0.000000000000000000e+00 5.932631299540024050e-02 0.000000000000000000e+00 2.101427364470627099e-02 0.000000000000000000e+00 0.000000000000000000e+00 8.810705860122819422e-02 4.877096575141762896e-02 1.408167830955242283e-01 1.411856470653618800e-01
0.000000000000000000e+00 1.211558634259218004e-01 0.000000000000000000e+00 2.467625070644254848e-01 0.000000000000000000e+00 3.848020550281058133e-02 1.102995366443915437e-01 0.000000000000000000e+00 0.000000000000000000e+00 2.592171879261121695e-03 0.000000000000000000e+00 2.045711877940125101e-01 6.622679234992402686e-02 0.000000000000000000e+00 1.863400675470852363e-01 0.000000000000000000e+00 0.000000000000000000e+00 0.000000000000000000e+00 0.000000000000000000e+00 2.357166779216777336e-02
0.000000000000000000e+00 4.923427739880248399e-02 0.000000000000000000e+00 1.858248643206677764e-01 1.473453010805911637e-02 1.064879354093677252e-03 1.269627360994457776e-01 0.000000000000000000e+00 1.622473363854379513e-01 0.000000000000000000e+00 0.000000000000000000e+00 1.686595083551681584e-01 0.000000000000000000e+00 0.000000000000000000e+00 0.000000000000000000e+00 0.000000000000000000e+00 0.000000000000000000e+00 2.247810356286342182e-02 1.749242415365702408e-01 9.386952287889127611e-02
1.544733085701046893e-01 1.773823301671810168e-02 0.000000000000000000e+00 2.839752996368116039e-02 1.138496683336383264e-01 2.199042780503490668e-02 4.343272971962111595e-02 1.380779252451380112e-01 1.123546097535694649e-01 3.780233813979934701e-03 0.000000000000000000e+00 1.790945589699120266e-01 7.374255596054323653e-03 0.000000000000000000e+00 0.000000000000000000e+00 1.139956603658575859e-02 0.000000000000000000e+00 0.000000000000000000e+00 1.680369531759621227e-01 0.000000000000000000e+00
0.000000000000000000e+00 1.200010208248450914e-02 2.323228445312894991e-02 1.114920778290752618e-01 7.214523518254663259e-02 1.397767895731384380e-01 0.000000000000000000e+00 1.847635833928630289e-01 3.174295087879697858e-02 0.000000000000000000e+00 2.299282009054617187e-02 1.389807017929034494e-01 0.000000000000000000e+00 8.877169949992816389e-02 0.000000000000000000e+00 8.318237345523829193e-03 0.000000000000000000e+00 0.000000000000000000e+00 1.627711802011455600e-01 3.012337677919073222e-03
9.908296235334200508e-02 1.171037331530980913e-01 2.897728410267854434e-03 1.928585145269022250e-01 0.000000000000000000e+00 0.000000000000000000e+00 1.548222834098031131e-01 1.242964654748679731e-01 9.880278970595897381e-02 1.189476602091131714e-02 7.608682675533672045e-04 0.000000000000000000e+00 0.000000000000000000e+00 0.000000000000000000e+00 3.338474821055392033e-02 0.000000000000000000e+00 0.000000000000000000e+00 0.000000000000000000e+00 2.293610366822471797e-02 1.411590367985164629e-01
0.000000000000000000e+00 7.331399396903443000e-03 0.000000000000000000e+00 0.000000000000000000e+00 0.000000000000000000e+00 0.000000000000000000e+00 1.140959989590669688e-01 0.000000000000000000e+00 1.351703655294037854e-01 3.053722347998393677e-02 9.633588163207005423e-03 1.491225411372994192e-01 0.000000000000000000e+00 1.167559494667443215e-01 6.401069955007294976e-02 0.000000000000000000e+00 1.052994782147856218e-01 0.000000000000000000e+00 1.307534106989345357e-01 1.372893454035980232e-01
1.513780654018562211e-01 8.049061825383256250e-03 0.000000000000000000e+00 2.351874244560261951e-02 1.157727395221663513e-01 0.000000000000000000e+00 0.000000000000000000e+00 1.409891252977785725e-01 8.641946454599391814e-02 1.548218800357307190e-01 0.000000000000000000e+00 1.941501556189342836e-01 2.092271978200074128e-02 0.000000000000000000e+00 8.660448031478395689e-03 4.338086259241200754e-02 0.000000000000000000e+00 1.452929276175205821e-02 3.740744213891102066e-02 0.000000000000000000e+00
1.659466506888885315e-03 0.000000000000000000e+00 1.474212570527641021e-02 1.313459183831187371e-01 2.490666670212117115e-02 0.000000000000000000e+00 0.000000000000000000e+00 9.317862643910304957e-03 2.340162311393355343e-02 4.305983277751690430e-02 0.000000000000000000e+00 2.902559578045409983e-01 6.757219290959395538e-03 0.000000000000000000e+00 3.640987393653150050e-02 0.000000000000000000e+00 3.939238941867977128e-02 1.314455358469096558e-01 2.258649868702652386e-01 2.144054099934756749e-02
0.000000000000000000e+00 1.697388027541466352e-02 0.000000000000000000e+00 1.515888277722021171e-01 1.181686182940239610e-01 1.613054153061967491e-02 0.000000000000000000e+00 6.328160737632392008e-02 0.000000000000000000e+00 1.316704324185775932e-01 0.000000000000000000e+00 2.849443802400498660e-01 1.238437657270299586e-01 0.000000000000000000e+00 0.000000000000000000e+00 1.867562293109084268e-02 0.000000000000000000e+00 2.810406654225834980e-02 1.337288833868458503e-02 3.324536855372430683e-02
0.000000000000000000e+00 0.000000000000000000e+00 0.000000000000000000e+00 1.215706363191245906e-02 0.000000000000000000e+00 1.379348837970871544e-02 0.000000000000000000e+00 0.000000000000000000e+00 1.956997468913082017e-01 3.970952631234979380e-02 0.000000000000000000e+00 1.920345012268569462e-01 1.652165072614712391e-02 1.241585982242861819e-01 1.691947013762000740e-01 0.000000000000000000e+00 1.376607145729817072e-01 0.000000000000000000e+00 0.000000000000000000e+00 9.907000865824895641e-02
1.464980154679694502e-02 1.133724633375356866e-01 0.000000000000000000e+00 0.000000000000000000e+00 2.503330056703092499e-01 0.000000000000000000e+00 0.000000000000000000e+00 0.000000000000000000e+00 2.479467066743578849e-02 6.420698020410113560e-02 0.000000000000000000e+00 3.426490684144254395e-01 0.000000000000000000e+00 0.000000000000000000e+00 1.829087556350133537e-01 0.000000000000000000e+00 0.000000000000000000e+00 1.555621953549090469e-03 0.000000000000000000e+00 5.529632570833314248e-03
8.967114703536327447e-02 0.000000000000000000e+00 0.000000000000000000e+00 5.541407760088839021e-03 0.000000000000000000e+00 0.000000000000000000e+00 0.000000000000000000e+00 0.000000000000000000e+00 2.416005810604810178e-01 0.000000000000000000e+00 0.000000000000000000e+00 1.974393160837167871e-01 0.000000000000000000e+00 0.000000000000000000e+00 5.132898605919700152e-02 0.000000000000000000e+00 2.673681895002527620e-02 5.908138382537999819e-03 2.578447637018755345e-01 1.239288409667141933e-01
1.569675723244869092e-02 1.205945368741428853e-01 4.335867519345108778e-03 0.000000000000000000e+00 1.259858662604330659e-01 0.000000000000000000e+00 0.000000000000000000e+00 0.000000000000000000e+00 3.188727380706711245e-01 0.000000000000000000e+00 0.000000000000000000e+00 2.068588446076035370e-01 0.000000000000000000e+00 0.000000000000000000e+00 5.751934707580896866e-03 7.501394312141864643e-04 2.378935781605185512e-03 4.372378978691581625e-02 1.550505897280393119e-01 0.000000000000000000e+00
9.110031228697540451e-02 1.994107311265636701e-02 0.000000000000000000e+00 5.636747157076736625e-02 1.283463922062055285e-01 1.637765256547342729e-01 1.073700032706052104e-02 5.192911833308427871e-02 1.217816988409521767e-01 1.102905229572858714e-03 0.000000000000000000e+00 1.736471101270258000e-01 1.319051160841648584e-01 3.216617711027106724e-03 0.000000000000000000e+00 0.000000000000000000e+00 0.000000000000000000e+00 3.900926360351942429e-02 7.139394912254106752e-03 0.000000000000000000e+00
0.000000000000000000e+00 5.469105825061295473e-02 0.000000000000000000e+00 8.652893780443714905e-03 1.556463530948639651e-01 1.473786175612101512e-01 0.000000000000000000e+00 0.000000000000000000e+00 1.480772472741969381e-01 0.000000000000000000e+00 0.000000000000000000e+00 9.046432678541846406e-02 0.000000000000000000e+00 4.918890789140466235e-02 5.639057231129954162e-02 8.307108187721429227e-02 0.000000000000000000e+00 0.000000000000000000e+00 2.013885496411766951e-01 5.050391532158683000e-03
1.465105783799346140e-01 0.000000000000000000e+00 1.660503509227082009e-02 3.701797982460491854e-02 8.734082775839652202e-02 0.000000000000000000e+00 9.889233816686637465e-03 1.320367685514493572e-01 8.133976340202329902e-02 0.000000000000000000e+00 0.000000000000000000e+00 1.801869175722636551e-01 0.000000000000000000e+00 0.000000000000000000e+00 0.000000000000000000e+00 0.000000000000000000e+00 1.053317586547301427e-01 0.000000000000000000e+00 1.616482869140769066e-02 1.875763082562321438e-01
5.538762829993808257e-02 4.763696795598574424e-02 0.000000000000000000e+00 1.287951387606656476e-03 1.137657075948994220e-02 4.437713409564646161e-02 0.000000000000000000e+00 9.672777196316037496e-02 1.397417601919258290e-01 0.000000000000000000e+00 0.000000000000000000e+00 9.969459671911495152e-03 1.555074330166079065e-02 0.000000000000000000e+00 2.341669229331714563e-01 0.000000000000000000e+00 1.726998369894806318e-01 0.000000000000000000e+00 2.654384160793296296e-02 1.445334108420894548e-01
6.618227194093936894e-02 0.000000000000000000e+00 0.000000000000000000e+00 2.268018232960667124e-01 0.000000000000000000e+00 0.000000000000000000e+00 0.000000000000000000e+00 7.566567433637663709e-02 1.798068345366445331e-01 9.160809244514215091e-03 0.000000000000000000e+00 2.284529364605344948e-01 2.483728592088032400e-02 0.000000000000000000e+00 0.000000000000000000e+00 8.492709637812925066e-03 0.000000000000000000e+00 0.000000000000000000e+00 1.706875789294947932e-01 9.912075696736060565e-03
0.000000000000000000e+00 1.154268587839847732e-01 3.380111403290352035e-02 7.082054923289375636e-02 5.647809182565288570e-03 0.000000000000000000e+00 2.394914554233292317e-02 1.586646381264583405e-01 1.009432925428115357e-01 2.425334152969572683e-03 4.774460609519531537e-03 1.707062279568253294e-01 0.000000000000000000e+00 0.000000000000000000e+00 1.632336251767046303e-03 3.555854505653359247e-03 0.000000000000000000e+00 1.925206198036680597e-02 0.000000000000000000e+00 2.884003170989480891e-01
3.690421220715755287e-03 0.000000000000000000e+00 0.000000000000000000e+00 5.028888196348309247e-02 0.000000000000000000e+00 1.488690118268453655e-01 0.000000000000000000e+00 1.283863035429398392e-01 1.343251236360237244e-01 0.000000000000000000e+00 0.000000000000000000e+00 1.312859702063682299e-01 1.205861136525110677e-01 1.031001490370571094e-01 1.416829056497495576e-01 1.973019891950730104e-02 0.000000000000000000e+00 0.000000000000000000e+00 1.805492034479899699e-02 0.000000000000000000e+00
7.235352202386881315e-02 4.685389429256588481e-03 0.000000000000000000e+00 0.000000000000000000e+00 7.577865156336106855e-02 0.000000000000000000e+00 0.000000000000000000e+00 1.259659604578530212e-01 1.041634903189944117e-01 3.857790592109787246e-03 0.000000000000000000e+00 2.802214616546388481e-01 9.640073959339301446e-03 0.000000000000000000e+00 1.131066304335930639e-01 3.219111164061626285e-02 0.000000000000000000e+00 6.074105101836776641e-03 3.433496332155155928e-02 1.376268495029805139e-01
1.599614379220631877e-01 5.339965455524756099e-02 1.809080049255759950e-02 1.040856187979582875e-01 0.000000000000000000e+00 0.000000000000000000e+00 0.000000000000000000e+00 6.222454804608631290e-02 2.717069523195005457e-02 1.529243845958118686e-01 0.000000000000000000e+00 1.772542063797528655e-01 1.196343350289436197e-01 9.161773259182126724e-04 8.265296879316682069e-03 0.000000000000000000e+00 1.079936545803012876e-01 8.079190164092460089e-03 0.000000000000000000e+00 0.000000000000000000e+00
7.411880865987349569e-03 1.312633801675348703e-02 0.000000000000000000e+00 0.000000000000000000e+00 3.409123728649686436e-02 0.000000000000000000e+00 0.000000000000000000e+00 1.290191513868954309e-01 2.373333243981490259e-02 0.000000000000000000e+00 1.313565057133202511e-03 2.419726047902758526e-01 0.000000000000000000e+00 6.814420738430964665e-03 9.695787479721286115e-03 2.572630401422112360e-03 9.715287157813135011e-02 0.000000000000000000e+00 1.966846363163314848e-01 2.364115436426058314e-01
0.000000000000000000e+00 1.093723636158711043e-01 1.582718610164523740e-02 2.224609055386550238e-01 2.226738892171758674e-02 1.193673995039779001e-01 0.000000000000000000e+00 0.000000000000000000e+00 7.262378495375282350e-02 0.000000000000000000e+00 0.000000000000000000e+00 4.130652867199182537e-02 0.000000000000000000e+00 0.000000000000000000e+00 0.000000000000000000e+00 0.000000000000000000e+00 1.226741523483714236e-01 1.587771312414915093e-01 6.135121471667502255e-03 1.091880376308582007e-01
1.152606332950654490e-02 5.850645931520506021e-02 1.984075394899065606e-02 2.453221151947427847e-01 1.898817002834982115e-02 4.350756792246112531e-02 0.000000000000000000e+00 0.000000000000000000e+00 1.547468002919228092e-01 0.000000000000000000e+00 0.000000000000000000e+00 4.708839815052576205e-02 0.000000000000000000e+00 0.000000000000000000e+00 1.738214491162418107e-01 0.000000000000000000e+00 1.371006182478386182e-01 7.546428525368896467e-02 1.408731920052619033e-02 0.000000000000000000e+00
0.000000000000000000e+00 0.000000000000000000e+00 0.000000000000000000e+00 1.609285641114008292e-01 1.938325371284120276e-03 4.067021984390794013e-04 3.354470416133797234e-02 2.533660178355980341e-01 2.055883285420494200e-02 6.470126237324251572e-02 0.000000000000000000e+00 2.019803409621978851e-01 2.387937746089829893e-02 0.000000000000000000e+00 3.739292888192509434e-02 1.345431815886028760e-02 3.256224563589934975e-03 1.677942040857312300e-01 0.000000000000000000e+00 1.679819698129005751e-02
9.768774141350446139e-02 3.935563892721427592e-03 0.000000000000000000e+00 0.000000000000000000e+00 7.290082343887083205e-02 4.636344736191149417e-03 5.005908799645569091e-02 0.000000000000000000e+00 3.123259003232808917e-01 0.000000000000000000e+00 0.000000000000000000e+00 1.903857440847366855e-01 0.000000000000000000e+00 7.592619099812970840e-02 0.000000000000000000e+00 0.000000000000000000e+00 0.000000000000000000e+00 0.000000000000000000e+00 5.593074681550905952e-02 1.362118563006002592e-01
2.011588556632180891e-02 3.191124604209982785e-02 3.856482743073153842e-03 2.001356038375730617e-01 1.166710485998862512e-01 1.384044020002591080e-01 0.000000000000000000e+00 6.875915606311463514e-03 0.000000000000000000e+00 4.081687035774603928e-02 0.000000000000000000e+00 1.471688484154573817e-01 0.000000000000000000e+00 5.705687370866232774e-03 1.005411509316780395e-02 7.879375342898709000e-02 0.000000000000000000e+00 6.677657319621270460e-02 5.323744948035863400e-02 7.947611826167931548e-02
1.448677603345596525e-02 8.886631347880447410e-03 9.993763396455182177e-03 1.366473110531665480e-01 1.566532040653961441e-02 0.000000000000000000e+00 1.132557516585185747e-01 1.612415555721190968e-02 1.877814132615765741e-01 0.000000000000000000e+00 0.000000000000000000e+00 1.697777163168390779e-01 0.000000000000000000e+00 0.000000000000000000e+00 2.719819607153827964e-02 0.000000000000000000e+00 9.997864096560349356e-02 3.113241959421338134e-02 1.690719043370008667e-01 0.000000000000000000e+00
0.000000000000000000e+00 0.000000000000000000e+00 0.000000000000000000e+00 1.117774351651634190e-01 0.000000000000000000e+00 1.249125134578063373e-01 8.330461744822192580e-03 6.115189352888524693e-02 9.306958827662069333e-02 0.000000000000000000e+00 0.000000000000000000e+00 3.184910701246980169e-01 0.000000000000000000e+00 6.377876878892645152e-02 0.000000000000000000e+00 3.430559104478210063e-03 0.000000000000000000e+00 0.000000000000000000e+00 1.459324371148132682e-01 6.912527269378623829e-02
