0.000000000000000000e+00 7.114642555529680432e-03 3.730736742708315543e-03 0.000000000000000000e+00 1.186683788501198544e-01 0.000000000000000000e+00 0.000000000000000000e+00 5.921957432249556202e-02 7.188252181442802632e-03 3.625750739360229097e-02 0.000000000000000000e+00 1.835854277854995220e-02 0.000000000000000000e+00 0.000000000000000000e+00 1.831863715674237336e-01 0.000000000000000000e+00 1.276735003639415666e-01 7.528671516653731577e-02 5.317701693520674594e-02 6.493777832762960209e-03 7.795105202015484725e-04 0.000000000000000000e+00 3.920942178733301947e-02 9.024922659564900418e-02 1.734068244064956854e-01
1.356191641638492817e-01 1.882044443602909067e-01 0.000000000000000000e+00 0.000000000000000000e+00 3.745618391611690162e-02 0.000000000000000000e+00 1.647838616233688047e-01 8.163803362126487162e-02 0.000000000000000000e+00 2.617849826885953329e-02 0.000000000000000000e+00 1.618043021928100220e-02 0.000000000000000000e+00 0.000000000000000000e+00 3.000353339193932017e-02 5.144626458991510137e-02 9.350135349303323462e-02 0.000000000000000000e+00 0.000000000000000000e+00 0.000000000000000000e+00 0.000000000000000000e+00 0.000000000000000000e+00 0.000000000000000000e+00 1.749882323520809690e-01 0.000000000000000000e+00
3.456127530667681916e-03 1.177858957766949113e-02 0.000000000000000000e+00 5.173144917099676762e-03 7.765974070084541610e-03 0.000000000000000000e+00 3.247584429544719820e-02 1.917570270406672162e-01 0.000000000000000000e+00 2.388254988159671521e-02 1.113435179175151918e-01 1.028272823107468786e-01 0.000000000000000000e+00 0.000000000000000000e+00 1.911926401692639055e-01 0.000000000000000000e+00 0.000000000000000000e+00 0.000000000000000000e+00 0.000000000000000000e+00 0.000000000000000000e+00 0.000000000000000000e+00 0.000000000000000000e+00 1.296714617610400799e-01 1.886758405282012996e-01 0.000000000000000000e+00
0.000000000000000000e+00 1.650546390270661579e-01 6.109984057905525588e-03 1.786230302274340303e-03 1.826962756559039336e-01 1.368642634355466195e-02 0.000000000000000000e+00 0.000000000000000000e+00 1.815015218739635117e-02 1.414143530149492289e-01 4.295641822993600395e-02 1.798699760756297117e-01 2.768248025207360394e-02 0.000000000000000000e+00 1.003169075444709790e-02 0.000000000000000000e+00 0.000000000000000000e+00 1.575874828633803959e-02 1.465619906591832944e-01 4.290821788509867341e-02 3.564829791002394489e-04 0.000000000000000000e+00 3.351224812074508636e-03 1.624709477068685777e-03 0.000000000000000000e+00
0.000000000000000000e+00 1.767171384143827184e-02 0.000000000000000000e+00 0.000000000000000000e+00 1.515841918486082089e-03 0.000000000000000000e+00 9.003734502874979895e-02 1.095477933096042911e-01 0.000000000000000000e+00 1.540377212621011349e-01 0.000000000000000000e+00 1.598816186968863781e-02 0.000000000000000000e+00 0.000000000000000000e+00 1.959567424462947960e-01 0.000000000000000000e+00 0.000000000000000000e+00 4.269525838040626187e-02 2.063721178873480829e-03 3.156675216177027513e-03 0.000000000000000000e+00 1.139447083309667735e-01 3.835215084940411800e-02 2.070804942041102881e-01 7.951672163699114934e-03
0.000000000000000000e+00 1.619916993660981686e-01 0.000000000000000000e+00 0.000000000000000000e+00 1.266155524212127931e-02 7.363292750864779655e-03 1.160298277012870305e-01 3.937413725664822353e-03 0.000000000000000000e+00 1.381554776448669364e-01 2.301331011579919525e-03 1.621925208804507745e-01 0.000000000000000000e+00 1.538545741424082909e-02 1.739423342852736143e-01 0.000000000000000000e+00 0.000000000000000000e+00 0.000000000000000000e+00 0.000000000000000000e+00 4.269553716752646534e-03 0.000000000000000000e+00 7.906672113661293924e-03 1.793027893021627989e-02 2.345010151280453592e-02 1.524824837041169889e-01
4.669293961066973281e-02 0.000000000000000000e+00 6.945476110819390030e-03 1.554887029479347024e-02 1.566141185610603059e-01 6.216033055225427678e-02 1.469600812532851075e-01 4.188775602124934772e-02 8.551020156100088906e-03 0.000000000000000000e+00 0.000000000000000000e+00 4.536249108848720846e-02 0.000000000000000000e+00 0.000000000000000000e+00 1.650663701458817412e-01 1.065588236837229988e-02 0.000000000000000000e+00 0.000000000000000000e+00 1.719137534203274975e-01 0.000000000000000000e+00 0.000000000000000000e+00 0.000000000000000000e+00 8.409225686231261432e-02 1.231412367423234851e-02 2.523452988015470466e-02
8.265996009279083859e-03 1.097979095339262218e-01 0.000000000000000000e+00 0.000000000000000000e+00 7.788577797784049239e-02 3.118349411503662863e-02 2.468898562667251606e-02 9.765369025846633300e-03 1.812074884994410717e-02 1.297371853693258248e-01 1.029977824262902700e-02 5.169736168350083649e-02 0.000000000000000000e+00 0.000000000000000000e+00 1.217934706990398408e-01 0.000000000000000000e+00 0.000000000000000000e+00 0.000000000000000000e+00 1.380697836937241040e-02 0.000000000000000000e+00 0.000000000000000000e+00 9.667440108235127172e-02 1.404255674765790274e-01 1.558569759386560505e-01 0.000000000000000000e+00
1.048788934562088354e-01 0.000000000000000000e+00 0.000000000000000000e+00 1.987733116780923681e-02 2.091885133885389991e-01 0.000000000000000000e+00 1.419984494364013583e-01 1.184951527712272135e-01 8.718203346442823798e-02 6.101689657076006003e-03 0.000000000000000000e+00 5.718697413848014555e-02 7.728981310912257964e-03 0.000000000000000000e+00 1.706281766105356423e-01 0.000000000000000000e+00 6.347683138658273896e-03 0.000000000000000000e+00 0.000000000000000000e+00 0.000000000000000000e+00 0.000000000000000000e+00 0.000000000000000000e+00 6.548973299556444527e-02 4.896388464159237737e-03 0.000000000000000000e+00
0.000000000000000000e+00 0.000000000000000000e+00 0.000000000000000000e+00 0.000000000000000000e+00 1.429415705551433657e-01 1.167963242165759308e-01 1.711381604986626434e-02 1.587032367003887723e-02 7.611721255760758864e-02 1.684455440446190055e-01 1.155773742121253903e-02 7.668749555734191703e-02 0.000000000000000000e+00 0.000000000000000000e+00 1.175163476365529217e-02 9.994165146383481024e-03 1.191893133382496660e-02 0.000000000000000000e+00 1.498905158243202529e-01 2.800699131844240630e-02 0.000000000000000000e+00 2.197262408078362247e-02 0.000000000000000000e+00 0.000000000000000000e+00 1.409351134601845024e-01
0.000000000000000000e+00 0.000000000000000000e+00 1.764159967833838980e-02 0.000000000000000000e+00 2.449031032712940814e-02 5.042892169154660972e-03 1.563980276591794838e-01 1.419794282135273533e-01 7.916907332664426325e-03 0.000000000000000000e+00 0.000000000000000000e+00 1.762162194989344566e-01 0.000000000000000000e+00 0.000000000000000000e+00 0.000000000000000000e+00 0.000000000000000000e+00 0.000000000000000000e+00 0.000000000000000000e+00 5.869192748665027180e-03 3.139776257987649671e-02 0.000000000000000000e+00 2.637693076340482529e-03 2.260984036884495230e-01 1.846677688519171856e-01 1.964379417582298032e-02
0.000000000000000000e+00 1.603012387101030584e-02 5.181825100367720358e-03 0.000000000000000000e+00 2.973713918604133366e-01 0.000000000000000000e+00 5.243930246330671258e-02 1.403901371984423718e-01 1.695519747839976110e-01 5.341582997659811288e-02 0.000000000000000000e+00 2.504270628318764486e-02 0.000000000000000000e+00 5.858626449837968765e-04 4.695711971073407431e-02 0.000000000000000000e+00 0.000000000000000000e+00 0.000000000000000000e+00 0.000000000000000000e+00 5.758769577937564513e-03 0.000000000000000000e+00 0.000000000000000000e+00 0.000000000000000000e+00 1.872749565290207641e-01 0.000000000000000000e+00
2.095749477484016438e-02 2.912602455955606851e-01 0.000000000000000000e+00 0.000000000000000000e+00 0.000000000000000000e+00 6.625284063514662314e-02 7.443196320878246730e-02 0.000000000000000000e+00 0.000000000000000000e+00 4.520274716541112375e-02 9.309870464557352954e-02 1.808765463073930546e-01 1.324673593005326958e-02 3.362058878212945828e-02 0.000000000000000000e+00 0.000000000000000000e+00 0.000000000000000000e+00 0.000000000000000000e+00 1.644716074144879081e-01 0.000000000000000000e+00 0.000000000000000000e+00 0.000000000000000000e+00 5.773593888447814057e-03 0.000000000000000000e+00 1.080693165217379119e-02
0.000000000000000000e+00 1.680834476896830576e-01 0.000000000000000000e+00 0.000000000000000000e+00 2.354043269853937567e-02 0.000000000000000000e+00 2.273215298139137641e-01 1.615217451650516334e-01 0.000000000000000000e+00 2.184758119463747067e-02 0.000000000000000000e+00 1.687033489614047366e-01 0.000000000000000000e+00 0.000000000000000000e+00 0.000000000000000000e+00 0.000000000000000000e+00 0.000000000000000000e+00 0.000000000000000000e+00 1.882455296286962565e-01 0.000000000000000000e+00 0.000000000000000000e+00 0.000000000000000000e+00 1.588301295414554573e-02 6.271042521327362465e-03 1.858232937260097598e-02
0.000000000000000000e+00 1.308595538557946357e-03 1.449961163930655814e-02 0.000000000000000000e+00 1.513770569822040224e-01 0.000000000000000000e+00 3.715604631080141051e-02 2.084937269222048983e-03 0.000000000000000000e+00 1.560181811971945443e-01 0.000000000000000000e+00 2.967219974039205788e-01 1.022376983148258756e-01 1.103156349966109666e-02 1.430330948333863872e-01 0.000000000000000000e+00 0.000000000000000000e+00 2.773972745419102381e-02 0.000000000000000000e+00 1.293727008433497331e-03 0.000000000000000000e+00 0.000000000000000000e+00 5.549776254829490163e-02 0.000000000000000000e+00 0.000000000000000000e+00
0.000000000000000000e+00 0.000000000000000000e+00 1.160413256205235742e-02 0.000000000000000000e+00 2.360505937841975155e-01 0.000000000000000000e+00 1.384569484178399534e-01 3.517145819670295520e-02 0.000000000000000000e+00 1.229093020122888104e-02 0.000000000000000000e+00 2.924781818369682207e-01 0.000000000000000000e+00 0.000000000000000000e+00 0.000000000000000000e+00 0.000000000000000000e+00 3.257569661512800530e-02 0.000000000000000000e+00 1.494722179341777812e-01 0.000000000000000000e+00 0.000000000000000000e+00 5.252837675551907254e-02 3.937146369618516051e-02 0.000000000000000000e+00 0.000000000000000000e+00
1.329156363445771049e-03 2.153771167753901900e-02 0.000000000000000000e+00 5.720378869026081052e-03 8.229342214844494185e-02 6.412027005248202571e-02 8.909349180042820671e-02 0.000000000000000000e+00 1.661616790594053553e-02 1.871627836258313859e-01 0.000000000000000000e+00 7.664667944821343393e-02 0.000000000000000000e+00 0.000000000000000000e+00 4.892191399486661013e-02 0.000000000000000000e+00 9.754156791274054897e-03 5.870681348743949507e-02 1.535652757391466616e-01 7.093927926300959419e-03 0.000000000000000000e+00 0.000000000000000000e+00 1.526926203419017580e-01 2.474522982771916110e-02 0.000000000000000000e+00
1.905241220884752729e-02 0.000000000000000000e+00 0.000000000000000000e+00 0.000000000000000000e+00 8.627859251224596557e-03 0.000000000000000000e+00 1.850705673213310642e-01 1.844519394451676342e-01 0.000000000000000000e+00 2.816843869360868835e-02 0.000000000000000000e+00 1.846729831981724912e-01 0.000000000000000000e+00 0.000000000000000000e+00 5.600700396786828343e-03 0.000000000000000000e+00 1.493658495118078133e-01 0.000000000000000000e+00 2.086754112600378297e-01 2.631383871301560748e-02 0.000000000000000000e+00 0.000000000000000000e+00 0.000000000000000000e+00 0.000000000000000000e+00 0.000000000000000000e+00
0.000000000000000000e+00 1.179328687683013632e-01 1.725183611482128399e-02 0.000000000000000000e+00 0.000000000000000000e+00 1.685238585116216603e-02 8.357115661578540244e-02 6.317077339059667951e-02 1.773711737716748837e-02 1.567516883956688034e-01 0.000000000000000000e+00 1.058133692837445322e-01 0.000000000000000000e+00 0.000000000000000000e+00 2.781544252207885509e-02 0.000000000000000000e+00 4.328806961214366929e-03 0.000000000000000000e+00 5.961463750191171862e-02 4.560893030613623333e-02 4.848987518196655640e-03 8.813249100830734817e-02 6.168372191492993428e-03 3.924238304995152776e-02 1.451587531434626044e-01
1.801475822330359704e-03 1.130270759220854959e-01 3.493737577890272672e-02 0.000000000000000000e+00 0.000000000000000000e+00 1.494469520422445075e-01 5.805900641000601679e-03 0.000000000000000000e+00 0.000000000000000000e+00 7.444932620375969978e-02 1.289021339207991647e-02 1.532299779230577863e-01 0.000000000000000000e+00 0.000000000000000000e+00 1.761344730598462249e-01 0.000000000000000000e+00 0.000000000000000000e+00 0.000000000000000000e+00 0.000000000000000000e+00 6.470611899431629246e-03 4.284946426303011535e-03 3.018984070234557657e-02 6.908685704530939144e-03 8.911495509382248714e-02 1.413081893882591755e-01
0.000000000000000000e+00 2.935006161831265475e-02 0.000000000000000000e+00 8.714919031945062011e-02 4.184894553432527003e-02 1.353386125763216680e-02 6.777133677825479541e-02 3.154627964123679629e-02 0.000000000000000000e+00 1.332366448282360470e-02 9.807299065158302243e-02 2.489187047507968598e-01 0.000000000000000000e+00 5.584013183721850751e-03 1.454174983931993959e-01 0.000000000000000000e+00 0.000000000000000000e+00 0.000000000000000000e+00 0.000000000000000000e+00 5.624781358549339229e-03 0.000000000000000000e+00 4.015683663693325745e-02 1.343734877982145082e-01 0.000000000000000000e+00 3.732834759496591465e-02
0.000000000000000000e+00 0.000000000000000000e+00 0.000000000000000000e+00 0.000000000000000000e+00 1.632525372256502516e-01 0.000000000000000000e+00 0.000000000000000000e+00 0.000000000000000000e+00 1.275920491669396348e-02 2.906457682000643250e-01 0.000000000000000000e+00 1.323950968069511069e-01 6.563542355621545567e-03 0.000000000000000000e+00 1.737394212039175545e-01 0.000000000000000000e+00 1.538921080507836721e-02 0.000000000000000000e+00 0.000000000000000000e+00 6.033535764110363464e-02 0.000000000000000000e+00 0.000000000000000000e+00 0.000000000000000000e+00 9.788812412346789560e-02 4.703173672145134765e-02
1.402202998713787327e-02 3.086677821007937847e-02 9.828799626532520872e-02 6.593546733437843053e-03 0.000000000000000000e+00 0.000000000000000000e+00 1.162920595951244529e-01 2.148912827800894890e-03 0.000000000000000000e+00 2.128711059896185726e-02 1.277153611889203337e-02 2.362289905995167139e-01 0.000000000000000000e+00 2.442780581473395426e-02 2.592612180107455311e-01 0.000000000000000000e+00 0.000000000000000000e+00 0.000000000000000000e+00 1.566664750744227452e-02 0.000000000000000000e+00 0.000000000000000000e+00 0.000000000000000000e+00 3.000988953835505638e-02 8.097177020874714304e-02 5.116370798369974243e-02
0.000000000000000000e+00 1.188668585422056612e-01 0.000000000000000000e+00 0.000000000000000000e+00 1.230068867285686179e-01 0.000000000000000000e+00 5.035711350681148363e-02 0.000000000000000000e+00 0.000000000000000000e+00 1.363723374502217034e-01 0.000000000000000000e+00 1.724733979189825017e-01 0.000000000000000000e+00 5.753202616503244084e-03 4.879805824849241247e-02 0.000000000000000000e+00 0.000000000000000000e+00 0.000000000000000000e+00 1.950988959064461625e-01 0.000000000000000000e+00 0.000000000000000000e+00 0.000000000000000000e+00 2.098888919419964263e-02 1.735249648469979616e-02 1.109318634028687162e-01
1.348435072405358426e-01 0.000000000000000000e+00 8.740740237082571251e-02 5.322487409662109842e-02 1.422900261826204882e-01 1.232489847101668132e-03 1.042798895863119614e-02 1.383907298422822063e-01 2.866574143540721875e-02 0.000000000000000000e+00 0.000000000000000000e+00 1.853129213198226599e-01 3.054836630206642957e-03 0.000000000000000000e+00 0.000000000000000000e+00 7.244539438003591222e-03 0.000000000000000000e+00 0.000000000000000000e+00 2.201075974427517401e-02 0.000000000000000000e+00 0.000000000000000000e+00 0.000000000000000000e+00 2.496433270778057253e-02 7.446677425749102276e-03 1.534831727601368434e-01
2.242938812584549437e-03 1.305505084681675421e-01 0.000000000000000000e+00 7.940147223851745997e-03 8.001521137631956160e-02 0.000000000000000000e+00 1.162574767649497687e-01 8.447504657228098110e-03 0.000000000000000000e+00 0.000000000000000000e+00 0.000000000000000000e+00 3.034404282276437770e-01 0.000000000000000000e+00 0.000000000000000000e+00 9.365147914137086915e-02 0.000000000000000000e+00 0.000000000000000000e+00 1.233395349118455130e-02 8.540664023123693827e-02 0.000000000000000000e+00 0.000000000000000000e+00 0.000000000000000000e+00 9.302458160576796212e-03 1.266350831161204282e-01 2.377617032876538222e-02
0.000000000000000000e+00 0.000000000000000000e+00 0.000000000000000000e+00 1.620682327166051567e-02 7.256612360652602012e-02 0.000000000000000000e+00 0.000000000000000000e+00 1.599125944330838101e-01 0.000000000000000000e+00 3.808757212521251753e-03 0.000000000000000000e+00 1.811922780026183344e-01 0.000000000000000000e+00 1.680428824547731959e-02 1.495996244156802546e-01 0.000000000000000000e+00 0.000000000000000000e+00 0.000000000000000000e+00 0.000000000000000000e+00 0.000000000000000000e+00 0.000000000000000000e+00 1.243572990213803187e-01 1.827645605112991345e-01 9.278765127975302507e-02 0.000000000000000000e+00
9.385899239208241387e-03 4.387366236786849338e-02 0.000000000000000000e+00 0.000000000000000000e+00 1.077828021533902420e-01 0.000000000000000000e+00 4.253418578802134475e-02 2.566132218971615628e-02 1.124873229715751648e-02 1.438350694907805372e-01 8.944389935329795371e-02 1.366288184892484048e-01 0.000000000000000000e+00 4.203150550306457289e-02 1.471512609354207191e-01 0.000000000000000000e+00 0.000000000000000000e+00 0.000000000000000000e+00 0.000000000000000000e+00 0.000000000000000000e+00 0.000000000000000000e+00 0.000000000000000000e+00 1.521582614458349969e-01 4.016153303633639843e-02 8.103047710654323957e-03
0.000000000000000000e+00 0.000000000000000000e+00 1.578007621024016260e-02 7.026236469615311855e-03 0.000000000000000000e+00 0.000000000000000000e+00 2.739129770972020469e-02 0.000000000000000000e+00 0.000000000000000000e+00 1.319920509925996965e-01 0.000000000000000000e+00 2.395240030365267392e-01 5.465606691167411435e-02 5.176910058428348116e-02 5.348279171434923429e-02 0.000000000000000000e+00 0.000000000000000000e+00 0.000000000000000000e+00 8.502260159944275905e-03 0.000000000000000000e+00 5.683620734856007634e-02 0.000000000000000000e+00 4.203577027323750215e-02 1.716563613875441152e-01 1.393477772017052418e-01
0.000000000000000000e+00 0.000000000000000000e+00 2.392729878648322626e-03 2.111010511597799164e-02 2.020930347366472202e-01 1.804437812732548330e-02 7.891880525104645605e-02 0.000000000000000000e+00 6.832869785864402468e-02 1.597923637762461990e-01 0.000000000000000000e+00 1.225970069049675676e-01 0.000000000000000000e+00 0.000000000000000000e+00 1.573941850165183065e-01 0.000000000000000000e+00 0.000000000000000000e+00 0.000000000000000000e+00 1.501000130177847780e-01 0.000000000000000000e+00 0.000000000000000000e+00 0.000000000000000000e+00 1.323495172874004748e-02 0.000000000000000000e+00 5.993728587453552199e-03
0.000000000000000000e+00 1.670719967562308006e-01 0.000000000000000000e+00 0.000000000000000000e+00 2.487267386574580977e-02 0.000000000000000000e+00 1.541177760311999156e-01 1.470035766508610009e-01 1.102875512656879744e-03 2.937881595663482392e-01 0.000000000000000000e+00 0.000000000000000000e+00 0.000000000000000000e+00 0.000000000000000000e+00 0.000000000000000000e+00 0.000000000000000000e+00 0.000000000000000000e+00 0.000000000000000000e+00 1.783557924560539021e-01 3.368714916090334577e-02 0.000000000000000000e+00 0.000000000000000000e+00 0.000000000000000000e+00 0.000000000000000000e+00 0.000000000000000000e+00
0.000000000000000000e+00 1.490491976162279242e-01 0.000000000000000000e+00 0.000000000000000000e+00 0.000000000000000000e+00 1.121012191817218617e-01 4.632745277006394130e-03 0.000000000000000000e+00 2.657905245484968107e-02 1.492538257350043696e-01 1.997842594452966039e-02 1.335110531757955077e-01 0.000000000000000000e+00 1.227032691832328007e-02 1.713816887752779017e-01 0.000000000000000000e+00 0.000000000000000000e+00 0.000000000000000000e+00 3.122032738802862917e-03 0.000000000000000000e+00 0.000000000000000000e+00 6.145450285643568912e-03 0.000000000000000000e+00 9.242215470687056844e-02 1.195528271899465728e-01
0.000000000000000000e+00 0.000000000000000000e+00 0.000000000000000000e+00 0.000000000000000000e+00 1.985000164287280267e-02 4.532005424325253468e-02 0.000000000000000000e+00 0.000000000000000000e+00 0.000000000000000000e+00 0.000000000000000000e+00 1.286489673881938967e-01 1.717906702108434880e-01 0.000000000000000000e+00 0.000000000000000000e+00 1.767569075118686217e-01 0.000000000000000000e+00 0.000000000000000000e+00 0.000000000000000000e+00 2.007613459852879145e-01 0.000000000000000000e+00 0.000000000000000000e+00 6.007921927277481283e-02 4.697607629075333836e-03 9.684265109580486586e-02 9.525257502002569543e-02
0.000000000000000000e+00 1.313144218820480602e-01 3.759707424147861604e-02 0.000000000000000000e+00 3.268980242360857574e-02 0.000000000000000000e+00 1.428401735045621568e-02 1.021191723839490612e-01 0.000000000000000000e+00 1.946187782454632254e-01 0.000000000000000000e+00 1.257559540037024928e-02 0.000000000000000000e+00 0.000000000000000000e+00 1.568024712041877211e-01 0.000000000000000000e+00 3.046384549772786568e-02 0.000000000000000000e+00 0.000000000000000000e+00 0.000000000000000000e+00 8.827713980846810249e-02 1.443627362597996872e-02 2.537701112601744094e-02 1.594443968102450537e-01 0.000000000000000000e+00
0.000000000000000000e+00 1.685467439411854895e-01 4.146090328450638407e-02 0.000000000000000000e+00 4.597029333649885370e-03 0.000000000000000000e+00 2.368783090267084501e-01 0.000000000000000000e+00 0.000000000000000000e+00 5.054002630316575123e-03 0.000000000000000000e+00 2.238544614982327929e-01 1.580018706510226759e-02 1.148345816183146163e-02 0.000000000000000000e+00 0.000000000000000000e+00 1.047459721549444944e-01 0.000000000000000000e+00 0.000000000000000000e+00 0.000000000000000000e+00 0.000000000000000000e+00 0.000000000000000000e+00 0.000000000000000000e+00 1.655940848989125302e-01 2.198484800460949809e-02
5.218527805777355144e-03 7.557533306561885211e-03 0.000000000000000000e+00 1.022147819617423292e-01 1.695555453076957597e-01 1.757159926116162174e-01 0.000000000000000000e+00 0.000000000000000000e+00 1.399992802729279132e-02 7.372226423131147954e-02 0.000000000000000000e+00 6.966566567404065824e-02 0.000000000000000000e+00 1.321094429618675792e-03 1.714921638324547748e-01 0.000000000000000000e+00 0.000000000000000000e+00 4.158643289844927288e-02 1.181819226110819706e-03 1.962441925463087719e-04 0.000000000000000000e+00 0.000000000000000000e+00 0.000000000000000000e+00 5.730353864845143252e-02 1.092684678463302084e-01
0.000000000000000000e+00 1.462491886535036423e-01 2.438934906952291634e-02 0.000000000000000000e+00 6.338975693944356136e-03 1.900765020868669733e-02 0.000000000000000000e+00 0.000000000000000000e+00 0.000000000000000000e+00 6.255046643246404969e-02 0.000000000000000000e+00 1.133665415618060751e-01 0.000000000000000000e+00 0.000000000000000000e+00 2.122688686263212721e-01 0.000000000000000000e+00 9.433161828950145655e-02 0.000000000000000000e+00 0.000000000000000000e+00 0.000000000000000000e+00 0.000000000000000000e+00 1.225563260162491758e-01 2.861752755624540415e-02 1.518258729718467981e-01 1.849761491990809664e-02
0.000000000000000000e+00 0.000000000000000000e+00 1.299706492578137960e-06 0.000000000000000000e+00 1.524479818663478370e-01 1.032464557421303337e-02 6.847194885967795852e-02 5.579539559262509246e-03 2.754808806010658473e-02 1.506766799422002701e-01 8.499886158228169009e-02 1.629406426404241826e-01 3.278288049876373293e-03 0.000000000000000000e+00 2.335059156024895874e-02 0.000000000000000000e+00 0.000000000000000000e+00 5.190957227285924319e-02 1.690914692000479100e-02 3.102162560815140135e-02 0.000000000000000000e+00 0.000000000000000000e+00 4.884292849290520350e-02 1.598527461839051866e-01 1.845413121042108152e-03
0.000000000000000000e+00 1.041149563801388317e-01 2.136511557349201132e-02 0.000000000000000000e+00 1.691375665442061971e-01 0.000000000000000000e+00 5.332939299477281597e-02 0.000000000000000000e+00 2.340045632631473221e-02 2.957650203035456019e-02 5.367644804604956854e-03 2.535602202293920082e-01 0.000000000000000000e+00 0.000000000000000000e+00 1.922773386947092267e-02 0.000000000000000000e+00 0.000000000000000000e+00 0.000000000000000000e+00 2.798242393222196561e-02 0.000000000000000000e+00 0.000000000000000000e+00 0.000000000000000000e+00 1.434738051798392991e-02 1.371239756292775558e-01 1.414666311677695021e-01
0.000000000000000000e+00 1.437532558614885714e-01 0.000000000000000000e+00 3.502752821512826551e-03 1.655074367394600982e-02 1.223803996623583877e-02 1.413558100513251196e-02 0.000000000000000000e+00 3.391493026102535696e-03 1.547435568914048709e-01 0.000000000000000000e+00 1.107665618523243217e-01 0.000000000000000000e+00 4.753113614702394324e-02 1.683295358547128306e-01 0.000000000000000000e+00 0.000000000000000000e+00 7.020719657716516238e-02 1.600720448792810890e-01 3.120132719842986287e-03 0.000000000000000000e+00 2.005850780292112168e-02 2.814261685868150661e-02 0.000000000000000000e+00 4.345684406222378310e-02
