1.587826029444372802e-02 7.213881092529143835e-02 0.000000000000000000e+00 0.000000000000000000e+00 1.776239012263572392e-01 0.000000000000000000e+00 1.067861770908715979e-01 0.000000000000000000e+00 1.200014476184693701e-02 0.000000000000000000e+00 2.788396761684612535e-02 2.071249372180841708e-01 0.000000000000000000e+00 0.000000000000000000e+00 0.000000000000000000e+00 3.167966768069299666e-02 0.000000000000000000e+00 1.499298435189225231e-01 1.989542896666432470e-01 0.000000000000000000e+00
1.439597381330059156e-01 0.000000000000000000e+00 3.531763525053689678e-02 2.584857198087399111e-01 0.000000000000000000e+00 3.776042203141920933e-02 0.000000000000000000e+00 0.000000000000000000e+00 1.420815930388662218e-01 6.081087613858307712e-03 0.000000000000000000e+00 1.641510919813836400e-01 2.318530365705651769e-02 0.000000000000000000e+00 0.000000000000000000e+00 0.000000000000000000e+00 0.000000000000000000e+00 1.625720505022351658e-01 1.562494822554827932e-02 1.078040975734994265e-02
1.006045716929679784e-01 4.994326563882564574e-02 0.000000000000000000e+00 1.440656850513263865e-01 1.416451118478608828e-01 0.000000000000000000e+00 0.000000000000000000e+00 6.145174068690194280e-02 1.746167861809672095e-01 0.000000000000000000e+00 0.000000000000000000e+00 0.000000000000000000e+00 1.912161598155696918e-02 5.448078737871069055e-02 0.000000000000000000e+00 0.000000000000000000e+00 0.000000000000000000e+00 0.000000000000000000e+00 1.825170352883000724e-01 7.155340025258208336e-02
1.274652794239511562e-02 8.047467245166517458e-02 0.000000000000000000e+00 7.923141219200451058e-02 6.927632445243114834e-02 1.429758480998389591e-01 0.000000000000000000e+00 2.916559788275165793e-02 1.572337853420052445e-01 6.821872557830807593e-02 0.000000000000000000e+00 0.000000000000000000e+00 9.754569141517575870e-02 0.000000000000000000e+00 1.427494977085986194e-03 5.551928811370126712e-04 2.110922017261778263e-02 0.000000000000000000e+00 2.312337314450619019e-01 8.805775167521606023e-03
1.690895902512789539e-01 9.179205285826417399e-03 1.167498773722737554e-01 1.896652750195214950e-03 1.016395629111402771e-01 4.758614253519059117e-02 4.541365435725108063e-02 0.000000000000000000e+00 0.000000000000000000e+00 4.866795270491509201e-02 0.000000000000000000e+00 1.212704286140107307e-01 7.665785353954209956e-04 6.531997859757286522e-03 0.000000000000000000e+00 8.816114108102094445e-04 0.000000000000000000e+00 1.145232641702606351e-02 1.694085139188202527e-01 1.494659050761086017e-01
1.277734144510272452e-01 4.093663588442762041e-02 0.000000000000000000e+00 3.405560508279268511e-02 3.851031651876949541e-02 2.084401805247835804e-01 7.676385153968474928e-02 2.498261376839605585e-02 0.000000000000000000e+00 0.000000000000000000e+00 0.000000000000000000e+00 7.323717789276863732e-02 0.000000000000000000e+00 0.000000000000000000e+00 9.135017545748280732e-02 1.300648880021837983e-01 8.966841370233229191e-02 0.000000000000000000e+00 0.000000000000000000e+00 6.421672717535101271e-02
3.372743239441530500e-03 1.253062465496384593e-03 2.193148476330251603e-02 1.323820455553961495e-01 4.828066576326364018e-02 1.311389128386349079e-01 1.293240829826461033e-02 7.634730028026834314e-02 9.594363438614222916e-02 8.898427215182298788e-02 0.000000000000000000e+00 1.962243348940851950e-01 4.421092052289037067e-02 0.000000000000000000e+00 0.000000000000000000e+00 1.041988601538821821e-02 0.000000000000000000e+00 9.825290362739641514e-02 3.832542519820664184e-02 0.000000000000000000e+00
1.613697338193298414e-01 0.000000000000000000e+00 3.831066597653259159e-02 1.587683469001372133e-03 2.051582887408003597e-01 2.201024542386762275e-02 2.531096993194943690e-02 1.404142636559081447e-01 1.476391182220678500e-01 0.000000000000000000e+00 0.000000000000000000e+00 3.011464122397380927e-02 0.000000000000000000e+00 0.000000000000000000e+00 0.000000000000000000e+00 1.701248015499004854e-02 0.000000000000000000e+00 6.172776402103054283e-02 1.493441453605484082e-01 0.000000000000000000e+00
0.000000000000000000e+00 8.428844211511626883e-02 6.599385891957092534e-03 2.440105319340799273e-01 1.106741289094768238e-01 0.000000000000000000e+00 0.000000000000000000e+00 1.325972806599033105e-01 2.817469997650589447e-02 3.331703519462225760e-02 0.000000000000000000e+00 1.521303119329604492e-01 8.651867927019063487e-02 0.000000000000000000e+00 1.520337825272185389e-02 1.524381510318563102e-02 0.000000000000000000e+00 8.671655081442920798e-02 0.000000000000000000e+00 4.525759944850582181e-03
8.203845698326477087e-02 0.000000000000000000e+00 5.427512409209774707e-02 2.973692288449504562e-02 1.393446262759680809e-01 0.000000000000000000e+00 9.148380656871094030e-02 1.207421256599601200e-01 1.745150290840653262e-01 2.831535303729488390e-02 4.707626060439894927e-02 2.903654920413363191e-02 0.000000000000000000e+00 2.557111723298690839e-02 0.000000000000000000e+00 0.000000000000000000e+00 0.000000000000000000e+00 0.000000000000000000e+00 0.000000000000000000e+00 1.778646283726235122e-01
1.427559381374404746e-01 0.000000000000000000e+00 0.000000000000000000e+00 0.000000000000000000e+00 0.000000000000000000e+00 1.533616203545921097e-01 5.455941501132450383e-02 0.000000000000000000e+00 1.643057793777009945e-01 4.995286830971565339e-02 0.000000000000000000e+00 7.257794605269556054e-02 0.000000000000000000e+00 0.000000000000000000e+00 2.045032201854014575e-01 0.000000000000000000e+00 0.000000000000000000e+00 1.579832125711293223e-01 0.000000000000000000e+00 0.000000000000000000e+00
2.670387996581731829e-02 4.025483332949666287e-02 0.000000000000000000e+00 0.000000000000000000e+00 0.000000000000000000e+00 1.921428813447285389e-01 6.411573417684784948e-02 0.000000000000000000e+00 1.491217389246004277e-01 2.044124529567429779e-02 0.000000000000000000e+00 1.778261561757319698e-01 0.000000000000000000e+00 8.784775143522967691e-03 0.000000000000000000e+00 2.668402081437679790e-02 0.000000000000000000e+00 2.464984572490747095e-01 0.000000000000000000e+00 4.742627758012837175e-02
2.966917980706498988e-03 7.518787260240122894e-02 2.754549754498917050e-02 1.154576537951968879e-01 1.878535853780698983e-01 1.493790707625620717e-01 0.000000000000000000e+00 2.078408792965454402e-02 1.097033076308377882e-02 1.096034294289006672e-01 0.000000000000000000e+00 1.991017760402033487e-01 0.000000000000000000e+00 0.000000000000000000e+00 4.885967680646724487e-02 0.000000000000000000e+00 0.000000000000000000e+00 4.755106319402554321e-02 2.409846526747589333e-03 2.329191246991434670e-03
1.424337224368824040e-01 2.075377650271809440e-02 4.245585561541671826e-02 1.341355551170493043e-01 5.820810285852143218e-02 1.392722174565814985e-01 0.000000000000000000e+00 8.356506758210301145e-02 0.000000000000000000e+00 0.000000000000000000e+00 0.000000000000000000e+00 2.349792981333143072e-01 0.000000000000000000e+00 0.000000000000000000e+00 1.053517749553991856e-01 1.973863594562277196e-02 0.000000000000000000e+00 3.671543869330242977e-03 0.000000000000000000e+00 1.543444952706118402e-02
5.261442731054573330e-02 1.551760049481013849e-02 0.000000000000000000e+00 5.105254719331881602e-02 2.724835976402327498e-02 1.014653351731348713e-01 0.000000000000000000e+00 0.000000000000000000e+00 2.302337867571978003e-01 4.548333508521361368e-02 0.000000000000000000e+00 1.620873963529049777e-01 3.787917987747700058e-03 6.767501903249662117e-03 1.547947106490843161e-01 7.149479926330869206e-02 0.000000000000000000e+00 0.000000000000000000e+00 0.000000000000000000e+00 7.745228206546037053e-02
0.000000000000000000e+00 0.000000000000000000e+00 6.803263335140516399e-02 6.971262152147972811e-03 8.266479076257207681e-02 0.000000000000000000e+00 0.000000000000000000e+00 5.655342658464992261e-02 1.506261403256785314e-01 0.000000000000000000e+00 0.000000000000000000e+00 1.614946810807919853e-01 0.000000000000000000e+00 0.000000000000000000e+00 0.000000000000000000e+00 0.000000000000000000e+00 0.000000000000000000e+00 2.154595169343270777e-02 1.618996021706269883e-01 2.902115118786947612e-01
1.220858385727253276e-01 0.000000000000000000e+00 0.000000000000000000e+00 0.000000000000000000e+00 3.866819654494955960e-02 1.592406683338521978e-01 5.040819683138503954e-02 3.790407862915081555e-02 8.282571914537091573e-02 0.000000000000000000e+00 0.000000000000000000e+00 1.201793527354975549e-01 0.000000000000000000e+00 0.000000000000000000e+00 0.000000000000000000e+00 3.933626764190958913e-02 0.000000000000000000e+00 1.984922368212531374e-01 0.000000000000000000e+00 1.508594447439058905e-01
1.631320858194112988e-01 0.000000000000000000e+00 0.000000000000000000e+00 0.000000000000000000e+00 0.000000000000000000e+00 1.325281871993113647e-01 5.574347103578756318e-02 3.029495795106148734e-02 1.816954185053316819e-03 1.067040774817830801e-01 2.027781578192008535e-02 2.009351476854892848e-01 0.000000000000000000e+00 0.000000000000000000e+00 1.741103193849519726e-01 0.000000000000000000e+00 0.000000000000000000e+00 7.615589496672590941e-03 0.000000000000000000e+00 1.068413939785580469e-01
1.334099746925394570e-01 0.000000000000000000e+00 0.000000000000000000e+00 1.579127490960470503e-01 0.000000000000000000e+00 0.000000000000000000e+00 0.000000000000000000e+00 1.070704039371737637e-01 1.045670512535135967e-02 0.000000000000000000e+00 0.000000000000000000e+00 1.654440491233566679e-01 0.000000000000000000e+00 2.836836151840451542e-02 1.819791788497308882e-01 8.948465176568845547e-03 0.000000000000000000e+00 1.908903979904591486e-01 0.000000000000000000e+00 1.551971449036835919e-02
1.127893163181431166e-02 0.000000000000000000e+00 9.639223456653628688e-03 0.000000000000000000e+00 9.770408567897807817e-02 1.669305741501596607e-01 1.400871596608030487e-03 1.326419383126950235e-01 6.361021302590487425e-02 2.961720620131923221e-02 0.000000000000000000e+00 5.211558155453533542e-02 0.000000000000000000e+00 0.000000000000000000e+00 0.000000000000000000e+00 0.000000000000000000e+00 0.000000000000000000e+00 1.724838244480441556e-03 1.751889583423593133e-01 2.581475778044920455e-01
1.338420850972888154e-01 0.000000000000000000e+00 0.000000000000000000e+00 9.133348934129228991e-02 0.000000000000000000e+00 2.591723449143646871e-02 5.917654013914115663e-02 1.681808491661672400e-01 1.721579842555659989e-01 0.000000000000000000e+00 0.000000000000000000e+00 6.077935169838120238e-02 7.127813355241399695e-02 0.000000000000000000e+00 1.748620632706445466e-01 1.520338139903594336e-02 0.000000000000000000e+00 0.000000000000000000e+00 0.000000000000000000e+00 2.726888758863236020e-02
1.309527447555556279e-01 3.506467902519389696e-02 0.000000000000000000e+00 5.366203627196226844e-02 3.170585003655851386e-02 0.000000000000000000e+00 0.000000000000000000e+00 0.000000000000000000e+00 2.614416503878342901e-01 0.000000000000000000e+00 1.101590885510971181e-02 1.487996943963726948e-01 1.950623209955641008e-02 0.000000000000000000e+00 3.442430869379979694e-03 0.000000000000000000e+00 0.000000000000000000e+00 4.496990440462205613e-02 1.611396747450589140e-01 9.829919415279556039e-02
1.495043646003011983e-01 3.969890837355088964e-02 2.002150220023726519e-03 4.326193889164375167e-02 8.979923642018924901e-02 1.346233926840422757e-01 0.000000000000000000e+00 5.682457609369467172e-02 2.564211859390371773e-01 0.000000000000000000e+00 0.000000000000000000e+00 0.000000000000000000e+00 2.762853928164201237e-02 0.000000000000000000e+00 0.000000000000000000e+00 2.900294736419913033e-02 0.000000000000000000e+00 2.244853627657383832e-02 5.611659457632125515e-03 1.431725643974700868e-01
1.587081895135148690e-01 0.000000000000000000e+00 6.848159725276459220e-02 1.069983221356037295e-01 2.822136101440238243e-02 2.036006230775174591e-02 0.000000000000000000e+00 1.374493100039836657e-01 4.275587119257279363e-03 4.730498836972985705e-02 0.000000000000000000e+00 3.113854681771011448e-02 0.000000000000000000e+00 0.000000000000000000e+00 0.000000000000000000e+00 7.058143671241681391e-03 3.039701686509842151e-03 1.643645926661853052e-01 1.809730634797254156e-01 4.162653396161953429e-02
7.359215936924055901e-02 1.378812133272151463e-01 6.744332241282209074e-03 1.669224874754739740e-01 0.000000000000000000e+00 0.000000000000000000e+00 1.194050591408874901e-01 1.942914043289079365e-02 1.593541718433731658e-01 1.525827083158502913e-02 0.000000000000000000e+00 0.000000000000000000e+00 0.000000000000000000e+00 0.000000000000000000e+00 5.418391134644509610e-02 0.000000000000000000e+00 3.348451725760061976e-02 3.763976848105868994e-02 2.558099799949918249e-02 1.505239702534480750e-01
0.000000000000000000e+00 9.504839695688969969e-02 1.672603831569436294e-03 1.653882442665799424e-01 6.978730053020259887e-03 0.000000000000000000e+00 1.037685846726769077e-02 2.164563900929715803e-02 2.128617438117004490e-01 1.421635066222088351e-01 0.000000000000000000e+00 1.729398907134732932e-01 0.000000000000000000e+00 0.000000000000000000e+00 5.369230587650332918e-03 1.245525069472538243e-02 9.509463463940205641e-02 1.350247572510806376e-02 4.261429440844170108e-02 1.888500212665628151e-03
1.886368071470610752e-01 0.000000000000000000e+00 0.000000000000000000e+00 1.071707331285487313e-01 3.881226420404300381e-02 1.603551324467990952e-02 0.000000000000000000e+00 1.192365862047662234e-01 3.105944614560767966e-02 0.000000000000000000e+00 0.000000000000000000e+00 1.897950340045192474e-01 0.000000000000000000e+00 3.396721337313556022e-02 1.514684680545666795e-01 0.000000000000000000e+00 1.035648742211436463e-01 0.000000000000000000e+00 2.025306027192812219e-02 0.000000000000000000e+00
0.000000000000000000e+00 0.000000000000000000e+00 3.026988638156814099e-02 0.000000000000000000e+00 1.073138400227790917e-01 0.000000000000000000e+00 4.181387784528378671e-02 7.559377988506179626e-03 1.794733974141824451e-01 8.501680035753293729e-02 0.000000000000000000e+00 1.206496906392557772e-01 0.000000000000000000e+00 0.000000000000000000e+00 2.855908111216800063e-02 0.000000000000000000e+00 2.599180344199281123e-02 4.895639145351442234e-02 1.914971491367019329e-01 1.328987042065145063e-01
1.517883437133842883e-01 0.000000000000000000e+00 0.000000000000000000e+00 5.752178605174813192e-02 3.071974979171382750e-02 5.097871876477603342e-02 7.891212810341952100e-02 1.823778430575393253e-02 0.000000000000000000e+00 0.000000000000000000e+00 1.800241056811210244e-02 2.259527696723059031e-01 0.000000000000000000e+00 0.000000000000000000e+00 0.000000000000000000e+00 1.859762595095042562e-02 9.584570370453814048e-02 2.024738572284521532e-01 5.096912214484552311e-02 0.000000000000000000e+00
0.000000000000000000e+00 0.000000000000000000e+00 0.000000000000000000e+00 0.000000000000000000e+00 3.684545578765466983e-02 2.935206719518165808e-02 0.000000000000000000e+00 5.422510785785125513e-03 1.986982632338473165e-01 5.070735848879866399e-03 1.701667910918989307e-02 1.875901406167313212e-01 1.166911054097772259e-02 8.128704140976635018e-02 1.788263453967071370e-01 0.000000000000000000e+00 1.219850568043356898e-01 5.371935327271897508e-03 0.000000000000000000e+00 1.208646579436713636e-01
0.000000000000000000e+00 0.000000000000000000e+00 0.000000000000000000e+00 1.390325296530008914e-01 2.856478946501990746e-01 0.000000000000000000e+00 0.000000000000000000e+00 0.000000000000000000e+00 6.037903758760470446e-02 1.439039622070404680e-02 1.935931088098732846e-03 2.808294209606166381e-01 0.000000000000000000e+00 0.000000000000000000e+00 1.769393658201802166e-01 0.000000000000000000e+00 0.000000000000000000e+00 3.721264404334931331e-02 0.000000000000000000e+00 3.632779976246459149e-03
0.000000000000000000e+00 0.000000000000000000e+00 7.361826237909781245e-02 1.369391786919023912e-01 0.000000000000000000e+00 1.019450897980850451e-01 0.000000000000000000e+00 8.155147129891855695e-02 1.375998095504770702e-01 0.000000000000000000e+00 0.000000000000000000e+00 2.295095353199280153e-01 0.000000000000000000e+00 0.000000000000000000e+00 0.000000000000000000e+00 0.000000000000000000e+00 3.697601389857180232e-02 2.757471043721594281e-02 1.742859286258034435e-01 0.000000000000000000e+00
1.371716667571929171e-01 0.000000000000000000e+00 0.000000000000000000e+00 0.000000000000000000e+00 8.449573034839398533e-02 0.000000000000000000e+00 1.493349967957126843e-02 0.000000000000000000e+00 2.268518465250395633e-01 2.464574508512793610e-02 0.000000000000000000e+00 1.630246897516858529e-01 0.000000000000000000e+00 0.000000000000000000e+00 0.000000000000000000e+00 0.000000000000000000e+00 1.188132444026615553e-01 6.197768819744391838e-02 1.680858892528829529e-01 0.000000000000000000e+00
1.246587572868792237e-01 9.547597465617314871e-02 2.280258141273026548e-02 0.000000000000000000e+00 1.759708698215755318e-01 1.432577583783662956e-01 0.000000000000000000e+00 3.087781955685708554e-02 1.943913819408147801e-04 1.154900889536220748e-02 1.363335680429444627e-02 1.627095253592415469e-01 1.339864596993014523e-01 1.736919022036654799e-03 0.000000000000000000e+00 0.000000000000000000e+00 0.000000000000000000e+00 8.314657772524117196e-02 0.000000000000000000e+00 0.000000000000000000e+00
1.454303861674076381e-01 0.000000000000000000e+00 1.997400457177757327e-03 1.045058192902564714e-01 1.627245350577766550e-02 0.000000000000000000e+00 0.000000000000000000e+00 0.000000000000000000e+00 1.758337111286191745e-01 0.000000000000000000e+00 0.000000000000000000e+00 1.564968185277007540e-01 0.000000000000000000e+00 0.000000000000000000e+00 6.250378761096662961e-02 2.573904547851930263e-02 0.000000000000000000e+00 0.000000000000000000e+00 1.658430889934512376e-01 1.453774888401234144e-01
2.555318692659469537e-02 1.238095199244157729e-01 6.948078069452152689e-04 1.592619330221095022e-03 1.269095458188868319e-01 1.457249700027714312e-02 0.000000000000000000e+00 3.230579766810828292e-03 2.793443302076433765e-01 8.888056621443482476e-04 6.432493043769510650e-03 1.501162831085542659e-01 1.515191650169057935e-02 5.019607882611477195e-02 5.800869743628883461e-03 0.000000000000000000e+00 0.000000000000000000e+00 0.000000000000000000e+00 5.679400205062990273e-03 1.900270661272396855e-01
0.000000000000000000e+00 0.000000000000000000e+00 1.417256391916475733e-01 2.287061120549664650e-02 5.146705937196503072e-02 0.000000000000000000e+00 5.166197988753402914e-03 2.317303738954890058e-02 6.670760341734199850e-02 3.875459293646964926e-02 0.000000000000000000e+00 1.598392290593712017e-01 1.595367253740198263e-02 8.399300328624005607e-02 2.080392818706765512e-01 0.000000000000000000e+00 0.000000000000000000e+00 2.062654642830726026e-02 1.198284118494058990e-02 1.497006841318390957e-01
3.298935709950134160e-02 0.000000000000000000e+00 0.000000000000000000e+00 1.149739240643311983e-01 9.786323515127622052e-02 3.788233448517527163e-02 0.000000000000000000e+00 8.307859488037963591e-02 1.766004918034740911e-01 0.000000000000000000e+00 0.000000000000000000e+00 1.996778033687631182e-01 0.000000000000000000e+00 0.000000000000000000e+00 0.000000000000000000e+00 0.000000000000000000e+00 9.783962461225930926e-03 7.619038380536016786e-02 1.709599128805130430e-01 0.000000000000000000e+00
3.080957274466821633e-02 0.000000000000000000e+00 0.000000000000000000e+00 6.913207902928783510e-02 1.297140040450985672e-03 3.687379996103382074e-02 2.700991370189725210e-02 1.210833972898375660e-01 2.360003143780005364e-01 8.647726928011740047e-03 0.000000000000000000e+00 1.533793840318861956e-01 5.174834663697929632e-02 0.000000000000000000e+00 9.878874389538902165e-03 1.816581175595205142e-02 6.490070549047310955e-02 1.694718932361442831e-02 0.000000000000000000e+00 1.541257442983680059e-01
0.000000000000000000e+00 0.000000000000000000e+00 0.000000000000000000e+00 2.282584478089643432e-01 1.337784172477729516e-01 1.004663608642525525e-02 0.000000000000000000e+00 0.000000000000000000e+00 0.000000000000000000e+00 0.000000000000000000e+00 0.000000000000000000e+00 1.828884279546476588e-01 0.000000000000000000e+00 0.000000000000000000e+00 0.000000000000000000e+00 0.000000000000000000e+00 0.000000000000000000e+00 1.763789782537225903e-01 6.604142623618880492e-02 2.026076664122783699e-01
2.978902533160250263e-02 0.000000000000000000e+00 0.000000000000000000e+00 0.000000000000000000e+00 4.656118697352363417e-02 1.419927658408652871e-01 0.000000000000000000e+00 6.127308284587761750e-02 5.805322818922626499e-02 0.000000000000000000e+00 0.000000000000000000e+00 2.689503189986124435e-02 0.000000000000000000e+00 4.668876510385758238e-02 1.532257449059917509e-01 0.000000000000000000e+00 0.000000000000000000e+00 1.324190097353030449e-01 1.281051067869149740e-01 1.749970523869761319e-01
1.445851761572699845e-01 8.324987412408163534e-02 0.000000000000000000e+00 1.428865484770519279e-01 2.190408754096807159e-03 0.000000000000000000e+00 1.584494867265914819e-02 1.916980663876358959e-01 1.797573728813512961e-01 0.000000000000000000e+00 0.000000000000000000e+00 0.000000000000000000e+00 0.000000000000000000e+00 0.000000000000000000e+00 0.000000000000000000e+00 3.046102755802172074e-02 0.000000000000000000e+00 6.333898694926930195e-02 1.233886601768417052e-01 2.259892986172049034e-02
9.869815147390192944e-02 0.000000000000000000e+00 0.000000000000000000e+00 0.000000000000000000e+00 1.241797629647472118e-01 0.000000000000000000e+00 0.000000000000000000e+00 1.255391199616443243e-01 0.000000000000000000e+00 0.000000000000000000e+00 0.000000000000000000e+00 8.134146224309234119e-02 0.000000000000000000e+00 5.747492627374422430e-02 0.000000000000000000e+00 4.541863858979239971e-02 0.000000000000000000e+00 1.899247556894603783e-01 2.061695030344866675e-01 7.125367976913041246e-02
1.400505790636705772e-01 9.987332660271119877e-02 1.124345924913154326e-01 0.000000000000000000e+00 2.184310140619864435e-02 4.578947593147304068e-02 1.367689925184490188e-02 0.000000000000000000e+00 1.106813439178777753e-01 0.000000000000000000e+00 3.954552700478655702e-02 4.801416072516426214e-02 1.842931720678290045e-02 0.000000000000000000e+00 0.000000000000000000e+00 0.000000000000000000e+00 3.161331332424073548e-02 8.630929623926127114e-02 1.603016041154216309e-02 2.157089064231304532e-01
1.978366137412532547e-02 9.773457043532982058e-02 0.000000000000000000e+00 8.482393098577500901e-02 1.802326909853932055e-02 1.242075541041217090e-01 3.028724032321879547e-02 0.000000000000000000e+00 1.575061218804197360e-01 0.000000000000000000e+00 0.000000000000000000e+00 4.107398576132312296e-02 0.000000000000000000e+00 2.731292634066575034e-02 1.636573264188611321e-01 0.000000000000000000e+00 1.345851801212993581e-01 8.750493531131911529e-02 1.349929784500156042e-02 0.000000000000000000e+00
