6.549953221339324325e-03 8.225391060530641563e-03 7.762517459499891290e-03 4.636525584045769061e-02 2.826467524047775876e-02 0.000000000000000000e+00 2.074890089321461406e-02 1.279226823019603276e-01 6.676581854514110348e-02 2.216220860033549581e-02 0.000000000000000000e+00 5.835614254444625865e-02 0.000000000000000000e+00 0.000000000000000000e+00 1.076471905145144903e-01 4.284950169015246807e-02 1.043266211028582137e-03 1.392945634820727183e-02 5.088247492806711320e-02 1.105034129120030821e-03 1.473691123311503606e-02 1.296140965387584665e-01 2.413224370981154054e-02 5.870979829389152277e-02 1.622264806959304029e-01
7.462826906216099565e-02 4.791733896311261599e-03 1.517115203960139706e-02 1.172009057114713725e-02 2.908747368918451412e-02 7.304387334119588626e-02 1.415893799185258262e-01 2.433560176578681081e-02 1.563691299493705222e-01 7.498276052864288888e-02 0.000000000000000000e+00 0.000000000000000000e+00 0.000000000000000000e+00 0.000000000000000000e+00 2.720510964225248459e-03 0.000000000000000000e+00 8.124950147001772441e-03 1.267535211170518240e-02 1.259806467339128280e-02 0.000000000000000000e+00 0.000000000000000000e+00 2.686159807187130794e-02 0.000000000000000000e+00 1.494442142733715118e-01 1.818558449965064494e-01
1.657759234297281892e-02 1.060217669005591168e-01 0.000000000000000000e+00 1.047635151522091114e-02 5.661326652524400344e-02 5.370954475510551773e-03 2.809104348468088354e-03 3.009163377967282588e-02 1.766979849182666665e-02 6.430948574970600518e-02 0.000000000000000000e+00 4.286026673846770989e-03 4.990304705003464555e-03 1.201672415733571033e-03 1.016721607273428502e-01 2.827979055248138265e-02 0.000000000000000000e+00 8.401134345189403829e-02 1.143547003779606282e-02 6.953860198618799782e-02 1.146894817841155878e-01 1.432959838996796242e-01 2.218427808681530666e-02 9.513537090801814367e-02 9.339560641904269545e-03
0.000000000000000000e+00 8.160418456968791812e-03 5.570540583056479700e-02 3.795981194654673920e-04 1.473479726884267538e-01 0.000000000000000000e+00 1.228396830363044784e-01 0.000000000000000000e+00 0.000000000000000000e+00 2.147573341326204296e-02 0.000000000000000000e+00 1.373346327271082745e-01 2.065720475192707462e-02 0.000000000000000000e+00 3.943817570381207005e-02 0.000000000000000000e+00 7.403146862300255711e-03 1.142698886637210504e-01 3.728224314693668467e-02 0.000000000000000000e+00 0.000000000000000000e+00 4.083295796067101802e-02 1.480370981386784288e-02 1.503588130319104543e-01 8.171041579275287181e-02
1.374748860114445581e-02 0.000000000000000000e+00 2.388484654693644529e-02 1.895122508823494359e-03 1.191114783162737362e-01 0.000000000000000000e+00 1.411567752916680248e-02 9.169018951076995938e-02 8.408959053524218963e-02 8.056187624639107175e-03 0.000000000000000000e+00 0.000000000000000000e+00 0.000000000000000000e+00 0.000000000000000000e+00 4.991992217588979430e-02 9.416008669402814446e-02 1.296044239988140556e-01 3.211797919106708886e-03 6.263018212283774644e-02 7.588109099399423588e-03 1.833428433026168102e-03 1.918665960832224293e-01 3.035872520177480480e-02 7.223614709890446850e-02 0.000000000000000000e+00
0.000000000000000000e+00 9.227986723095727914e-03 4.632180844449167167e-02 1.259953765757670886e-03 3.971031406337416358e-02 1.871462474139845610e-03 1.365240123359565960e-01 4.744555359700020764e-02 6.922567795607652806e-03 3.196759472078821579e-02 0.000000000000000000e+00 7.501716564119523256e-02 0.000000000000000000e+00 9.009286495629684676e-04 2.159793990888871432e-02 1.008255060325333602e-01 0.000000000000000000e+00 4.231120978957778056e-02 0.000000000000000000e+00 7.550595138000723485e-04 1.405599025509739197e-01 1.005441998044108859e-01 1.656895159959001799e-03 1.664212543511982556e-01 2.815868467768813110e-02
0.000000000000000000e+00 9.509927699805842405e-02 0.000000000000000000e+00 0.000000000000000000e+00 1.537146160869584943e-01 2.960260330760665706e-02 5.699085201852129717e-02 1.438061372088293155e-01 0.000000000000000000e+00 9.536602388549555998e-02 0.000000000000000000e+00 0.000000000000000000e+00 0.000000000000000000e+00 0.000000000000000000e+00 5.735387536050142419e-03 3.307034928348705216e-02 1.186215977524001375e-01 4.643331393456256832e-03 1.496871597426821798e-01 0.000000000000000000e+00 1.465012079025594834e-02 2.847349171649818031e-02 6.754892020662701772e-03 3.311938455175998403e-03 6.047222180386162965e-02
9.877739148130799951e-02 9.521498780945317209e-02 9.093022863005102360e-03 1.454506645777096019e-03 1.425831216594280852e-02 0.000000000000000000e+00 2.096200754208167160e-03 1.569688278694104100e-01 0.000000000000000000e+00 4.667205465229556927e-03 0.000000000000000000e+00 4.452450320977629356e-02 0.000000000000000000e+00 0.000000000000000000e+00 9.555949758261113314e-02 0.000000000000000000e+00 1.313996874265829229e-01 2.008376485796108113e-02 1.688305729452134517e-03 0.000000000000000000e+00 2.956821968460963262e-02 1.587789216216077548e-01 0.000000000000000000e+00 9.131918759876742064e-02 4.454745723429722609e-02
2.665049655604342579e-03 2.765555847521066184e-03 1.973691682733991204e-02 0.000000000000000000e+00 2.384309509031947716e-01 0.000000000000000000e+00 9.281733222019042384e-02 1.339308725043528159e-01 0.000000000000000000e+00 1.023898545583975216e-02 0.000000000000000000e+00 9.010722683440282321e-02 0.000000000000000000e+00 0.000000000000000000e+00 1.966636255109335818e-02 4.234240769798603560e-02 5.007747401756520306e-02 1.933865527925174993e-02 8.859432693998708312e-04 0.000000000000000000e+00 4.657412952409662604e-02 7.462969230364136473e-03 9.998759380900055713e-03 1.705881765476187084e-01 4.237223225327832465e-02
0.000000000000000000e+00 0.000000000000000000e+00 1.850816249467959057e-02 0.000000000000000000e+00 1.640425348165162056e-01 3.867666236981693456e-02 1.442811798385035815e-01 2.931100853310852558e-02 1.604256592687349913e-04 4.293231600585945690e-02 0.000000000000000000e+00 1.425384941984736420e-02 0.000000000000000000e+00 0.000000000000000000e+00 2.341949557223500702e-03 9.087970279270915497e-02 0.000000000000000000e+00 0.000000000000000000e+00 2.572396209511873186e-02 4.156712248693878592e-02 0.000000000000000000e+00 8.363789930385001625e-03 1.536040192859798592e-01 1.069152323785148573e-01 1.184380823355296181e-01
9.036637025710899263e-04 1.022230052574928105e-02 1.538228097116182969e-01 4.496623612064712394e-02 1.645301844539048819e-02 5.995119498751291277e-03 1.049107313973027672e-01 7.567491887849732424e-02 0.000000000000000000e+00 1.597624476962227705e-03 0.000000000000000000e+00 1.213398047659600132e-01 0.000000000000000000e+00 0.000000000000000000e+00 2.098184381209615076e-02 0.000000000000000000e+00 2.530048212435443561e-02 3.830265047471798773e-02 1.438831770530970555e-01 6.310050240775406764e-03 1.092540049647695716e-01 8.744746494008542870e-02 1.155988240293523948e-02 2.107421646371884436e-02 0.000000000000000000e+00
7.724162128954430813e-04 2.704277443189947137e-03 4.639282711147876825e-02 0.000000000000000000e+00 2.526438344379154932e-01 1.437703122913356127e-02 2.392092566496653236e-02 0.000000000000000000e+00 3.230912787504300332e-03 0.000000000000000000e+00 0.000000000000000000e+00 1.019075500369964749e-01 0.000000000000000000e+00 0.000000000000000000e+00 3.925479582296410863e-02 1.648588771790298127e-02 6.129834861213308284e-02 1.503412663828375406e-01 1.724724668289437934e-01 3.488387553881201666e-03 1.034016658833555348e-02 0.000000000000000000e+00 1.841290087357672078e-02 0.000000000000000000e+00 8.195600469534450316e-02
5.072384502642085513e-02 1.509190288149546422e-02 0.000000000000000000e+00 2.544984201812224619e-03 4.369966800184199585e-03 0.000000000000000000e+00 3.465449017248393992e-02 0.000000000000000000e+00 6.084688014780585165e-03 5.728327834833116250e-02 0.000000000000000000e+00 3.238807012020482323e-02 0.000000000000000000e+00 0.000000000000000000e+00 0.000000000000000000e+00 8.117512514206894070e-02 1.923671537919127983e-01 1.386492089247845783e-01 1.774521386793417310e-01 4.566288744655421644e-02 0.000000000000000000e+00 3.541997955229200280e-04 0.000000000000000000e+00 1.931998884670472387e-04 1.610048607656344444e-01
1.740314524310153377e-02 0.000000000000000000e+00 1.501166035606388630e-02 4.258710114978390276e-03 1.226573497982213490e-01 5.474408718019632518e-04 5.451645156765571459e-02 1.085757993444562142e-01 0.000000000000000000e+00 1.215553212609646189e-01 0.000000000000000000e+00 1.699813199853537071e-01 0.000000000000000000e+00 1.284109962003798962e-02 2.662421994408866593e-02 0.000000000000000000e+00 0.000000000000000000e+00 4.463896058939033351e-02 1.206401564305009666e-02 3.445215054760040205e-04 6.491440236174711963e-03 0.000000000000000000e+00 2.368183642239485298e-02 7.785760835423810589e-02 1.809490991425518613e-01
9.577353676804093927e-03 4.449410054785968294e-02 4.681252356275642651e-02 9.785853153339386934e-03 3.067079176123584799e-02 0.000000000000000000e+00 6.313572076038492797e-02 0.000000000000000000e+00 0.000000000000000000e+00 9.253489387391799353e-03 1.335627001644185043e-03 1.982232627008622960e-01 0.000000000000000000e+00 5.552927077873651834e-02 0.000000000000000000e+00 2.806273522809808393e-02 2.028168483378776921e-02 1.784790021142988736e-02 4.894761265305272446e-02 1.604243548773567202e-02 2.977530578618244831e-03 3.584155980160635968e-02 1.834255172958073332e-01 7.131365394668406910e-02 1.064413766321646720e-01
0.000000000000000000e+00 0.000000000000000000e+00 1.071274221700517643e-01 3.340294443503285474e-03 6.066669908988916310e-02 1.745180839941524520e-04 1.392884658978653101e-01 1.001982028070156350e-01 2.253452379270617575e-02 0.000000000000000000e+00 0.000000000000000000e+00 0.000000000000000000e+00 0.000000000000000000e+00 0.000000000000000000e+00 3.217129266321712422e-02 0.000000000000000000e+00 3.863045208473407655e-02 4.024062583540858468e-02 1.482234148176548305e-01 2.042833643865101835e-03 1.159259587231231126e-01 1.542231488333269951e-01 0.000000000000000000e+00 7.374955869223163811e-03 2.783719124442151846e-02
0.000000000000000000e+00 0.000000000000000000e+00 2.286457894990845743e-03 1.634848307849256707e-02 2.045107899062482693e-01 9.394205575842819178e-02 9.023833049485225147e-03 0.000000000000000000e+00 3.160766154053245604e-03 1.895198356378590410e-01 0.000000000000000000e+00 1.666164189161624225e-03 4.425080647330965899e-02 0.000000000000000000e+00 1.440052382788897453e-02 0.000000000000000000e+00 1.692213730224028101e-01 0.000000000000000000e+00 1.857985890197231260e-01 0.000000000000000000e+00 0.000000000000000000e+00 6.242257383406536742e-03 0.000000000000000000e+00 3.880299388154849483e-02 2.082507072300141676e-02
3.728460952960140767e-03 1.181092636184496916e-03 8.086380402115909971e-02 0.000000000000000000e+00 3.988500336880900637e-03 3.658117571914558147e-04 1.049576028777105541e-01 1.234293102741454706e-01 9.367664229478144759e-04 5.088914722663460954e-02 0.000000000000000000e+00 6.160435091115181068e-03 9.436997270650269911e-04 0.000000000000000000e+00 5.705064361723381772e-02 0.000000000000000000e+00 1.135061108218374110e-01 1.414943635587122620e-02 1.358384670481412038e-01 6.096548211369279963e-03 0.000000000000000000e+00 1.525681584774960242e-01 1.010269695412104041e-02 1.134790953242237194e-01 1.976421186571158256e-02
6.616777025645235837e-03 3.901777616709370400e-02 5.272133998754424677e-02 3.258707451405858102e-02 1.992704109646179812e-03 3.640057795328939462e-04 2.072030882290409881e-02 5.030393299670790630e-02 1.843857582092652339e-02 0.000000000000000000e+00 0.000000000000000000e+00 1.914293681830462612e-01 5.084732903531203642e-03 1.910781648072626057e-02 1.828414547059645789e-01 2.866731901448537137e-02 0.000000000000000000e+00 1.416964955876494625e-01 2.348395379512081133e-03 7.836957560412472368e-04 0.000000000000000000e+00 0.000000000000000000e+00 5.476183646687223438e-04 1.477538562379995118e-02 1.899552227765154422e-01
7.831454911094548610e-03 2.117605216162215132e-03 1.142365706382720836e-01 9.940879218321081387e-03 1.252045214414393703e-01 4.257985480801271955e-02 3.612784205949240435e-02 1.431898482222264957e-01 1.601041698443281605e-03 4.252860311487280387e-02 0.000000000000000000e+00 1.240051962553465614e-01 0.000000000000000000e+00 0.000000000000000000e+00 6.031933049763224530e-02 1.100305732364282056e-03 0.000000000000000000e+00 8.154335099645424259e-03 5.068069190466035351e-02 8.551109758401971312e-04 0.000000000000000000e+00 0.000000000000000000e+00 0.000000000000000000e+00 1.878995178304510710e-02 2.107368564231288655e-01
8.205359035394106659e-02 3.898640244489833678e-02 3.788892978494425110e-03 0.000000000000000000e+00 1.129941668635848079e-01 2.484938078629486072e-03 1.775600023010023842e-02 1.067876472362211532e-01 1.837075884007071400e-03 1.549625698655694543e-02 0.000000000000000000e+00 2.159330448620489992e-02 0.000000000000000000e+00 5.445683130726856197e-02 0.000000000000000000e+00 9.865014410820445445e-03 1.167713659265244425e-01 6.253604919283262120e-02 5.150984930620646635e-02 1.189521917622753458e-02 4.019258311891386361e-03 1.282149700338338361e-01 3.792586556942163095e-02 8.701938397928223132e-04 1.181571073825418150e-01
1.137782362657512730e-02 2.950977964655942740e-02 1.363975253949579192e-01 5.792808381570715981e-02 1.316289709146441222e-01 0.000000000000000000e+00 2.352708846731229458e-02 2.348394622296145692e-02 1.525554187489426691e-03 1.092459813138408828e-02 0.000000000000000000e+00 7.598017039166259090e-02 0.000000000000000000e+00 0.000000000000000000e+00 4.065598684459313661e-02 5.017627845464577886e-03 5.494755684902902920e-02 0.000000000000000000e+00 0.000000000000000000e+00 0.000000000000000000e+00 1.131419636155371888e-01 0.000000000000000000e+00 2.707318555681476752e-02 9.307847845462140224e-02 1.638016600346862695e-01
9.242180973421226797e-02 0.000000000000000000e+00 2.806522815642616044e-03 0.000000000000000000e+00 1.640052446721424959e-02 1.859012319829068255e-02 1.811635644770947240e-01 4.615680468939335757e-02 1.607640215086016469e-02 2.650875684474071278e-02 0.000000000000000000e+00 5.426560480604663422e-02 1.478192595086809608e-03 7.058818966806303108e-03 8.185162318622674071e-02 1.129662586505945400e-02 2.022749706919644685e-03 1.229160259246188797e-01 4.520018726041787060e-02 2.382477502955148221e-02 0.000000000000000000e+00 0.000000000000000000e+00 1.317171882781007775e-01 7.898814203398113465e-02 3.925555796973553835e-02
1.344519123308001579e-03 1.325158329321172446e-01 7.291362719917643398e-02 1.169421683179536903e-02 1.114355679852358366e-01 0.000000000000000000e+00 1.139128495670312970e-02 4.526441463606564741e-02 0.000000000000000000e+00 8.019803219265370098e-02 0.000000000000000000e+00 1.664732214973817974e-03 1.286556800360254271e-01 0.000000000000000000e+00 2.174995738489549774e-02 9.202140284208246146e-02 2.492921471256612925e-02 2.281212887198465211e-02 1.599249466562820132e-01 1.493902182179116835e-02 0.000000000000000000e+00 3.737528091959448073e-02 0.000000000000000000e+00 2.320110935776503736e-02 5.969029324983914607e-03
8.504794266643252165e-02 0.000000000000000000e+00 2.876212806596754185e-02 2.549000954951262388e-02 9.598152973194898352e-02 8.197767966367871043e-03 9.633505167687641643e-06 1.053751286697911516e-01 9.814336119604394337e-02 0.000000000000000000e+00 0.000000000000000000e+00 1.495458227716372308e-03 0.000000000000000000e+00 1.798428185032076299e-02 1.198311622900753437e-01 0.000000000000000000e+00 1.361586933568809110e-01 0.000000000000000000e+00 3.209170661601240711e-03 0.000000000000000000e+00 4.841633429416047907e-02 1.184042662309342520e-03 1.007154583310447375e-02 0.000000000000000000e+00 2.146418094725988379e-01
4.905301095389140095e-03 4.982396417810223271e-02 5.201048568134847110e-04 0.000000000000000000e+00 6.947814501590142758e-03 0.000000000000000000e+00 1.347863772407824345e-01 5.283996943864090190e-02 2.363643579874729825e-02 5.870663167652007651e-03 0.000000000000000000e+00 4.463207080196517768e-02 3.835673903109126058e-03 5.219775093411868150e-04 1.128373646586425666e-01 4.272466172763005748e-02 1.531103305575690597e-02 1.240638415039769377e-01 1.573746259712518417e-03 0.000000000000000000e+00 0.000000000000000000e+00 0.000000000000000000e+00 1.254034793425214400e-01 7.493712307258945660e-02 1.748283978870371069e-01
2.848805185483814333e-03 3.542012970349003170e-02 3.455758706758223220e-02 0.000000000000000000e+00 0.000000000000000000e+00 0.000000000000000000e+00 1.495815822287358265e-01 1.245961223855926864e-01 8.749099118272350012e-03 1.881264855475689446e-02 3.509995661578274931e-04 2.386633332202050747e-02 0.000000000000000000e+00 1.499088056954178769e-03 7.522969395599575504e-02 1.134191900475327872e-03 1.647514295473214430e-01 1.536092121628250540e-02 0.000000000000000000e+00 3.837661191683865158e-02 0.000000000000000000e+00 1.611988240019724978e-03 1.011157690587118248e-03 1.393825577257958304e-01 1.628590526176373898e-01
7.799417819340619985e-03 8.271258974962907018e-02 1.185726053471750641e-01 0.000000000000000000e+00 1.906528365732621313e-02 5.118096733836688178e-04 1.335593239709919888e-01 1.876401193800347755e-01 2.119772478011990730e-02 4.703200275073910093e-03 1.284609056615949527e-02 4.040348725287860876e-02 8.260190920542316356e-04 5.653625417308239844e-03 0.000000000000000000e+00 0.000000000000000000e+00 1.130969525414801842e-03 2.621438063188742673e-03 0.000000000000000000e+00 0.000000000000000000e+00 9.068768276693370267e-02 0.000000000000000000e+00 0.000000000000000000e+00 5.097670024017084828e-02 2.190919124228160875e-01
5.356197091010632405e-02 0.000000000000000000e+00 4.482530297737986197e-02 1.250164851384934495e-01 1.232996261084629008e-01 1.484626099556859459e-02 2.450875776586734084e-02 8.163909192096786838e-03 0.000000000000000000e+00 2.775105226536562358e-02 0.000000000000000000e+00 3.241220748381736655e-02 5.906800500965734418e-02 3.523516931558006490e-03 2.446379656671737041e-02 0.000000000000000000e+00 7.171959217256282382e-02 1.511698326028257655e-01 3.204915343037617603e-02 0.000000000000000000e+00 0.000000000000000000e+00 1.320283319457568258e-02 2.132575511475481508e-02 1.690919421398138500e-01 0.000000000000000000e+00
0.000000000000000000e+00 8.683097219208660636e-03 4.020512391053186058e-02 3.317643149917922155e-03 0.000000000000000000e+00 0.000000000000000000e+00 1.907193635100072615e-01 0.000000000000000000e+00 2.615640870826922704e-02 0.000000000000000000e+00 0.000000000000000000e+00 6.455980667522100147e-02 1.041475682646723390e-02 0.000000000000000000e+00 1.852270046191138025e-02 2.524345004779342261e-02 3.077411903231876827e-02 0.000000000000000000e+00 4.430116537207095390e-02 5.788743878994057068e-03 1.356806080331074971e-01 1.581979002713192473e-01 1.218209077566409330e-02 1.973733615050124457e-01 2.787966062218490831e-02
0.000000000000000000e+00 4.995809653930274007e-03 1.322052411695346930e-01 4.972170657270885870e-03 1.318439421879165352e-02 0.000000000000000000e+00 1.293990606082825734e-01 9.869050716788742295e-02 1.247946312086062326e-02 1.643755793572806642e-02 0.000000000000000000e+00 2.491728899076874407e-02 0.000000000000000000e+00 0.000000000000000000e+00 3.631482417128419592e-03 7.998006047824973708e-02 4.192024664452713434e-02 5.004105770657214271e-03 1.624944133886221387e-01 0.000000000000000000e+00 3.185048765215391098e-02 1.446836731855244418e-01 0.000000000000000000e+00 1.661642059724218606e-02 7.653761634283978710e-02
0.000000000000000000e+00 2.093138836459790611e-02 4.422795998884645335e-02 1.086904074062033584e-02 1.115959438332675630e-03 4.716551330698235539e-02 1.408188339814178403e-01 0.000000000000000000e+00 3.444135252922619905e-02 1.820783177102084857e-02 0.000000000000000000e+00 9.244498921999622781e-03 1.347431538226381564e-01 0.000000000000000000e+00 7.292708952631864194e-02 9.731625631149423694e-02 0.000000000000000000e+00 0.000000000000000000e+00 3.034396623604739690e-02 7.133550496496790516e-04 3.767837715692556010e-03 6.649745484468871145e-04 1.899266074390435627e-02 1.827678312790040338e-01 1.307404957237597865e-01
9.634026697764419556e-03 0.000000000000000000e+00 0.000000000000000000e+00 0.000000000000000000e+00 9.463661908943515888e-03 0.000000000000000000e+00 9.917076701810213779e-02 1.226468559881525866e-01 7.791738853793689704e-03 6.192128565136017365e-02 0.000000000000000000e+00 2.063665952844504770e-01 0.000000000000000000e+00 5.155843822626471263e-06 1.235432198705693589e-02 4.718816111958195475e-02 9.292033103549344336e-03 1.831373179002046894e-02 1.556168901630241574e-01 8.332531063214670920e-04 3.363768451888591270e-03 2.412314030236245230e-02 1.109124308946982627e-02 3.235548613235393611e-02 1.684678835079813364e-01
0.000000000000000000e+00 3.386605679442243350e-03 1.090661370305563288e-01 1.868255579411162715e-02 5.642178588103946048e-03 6.770243633266543812e-03 4.189200298800421773e-02 7.065047562913352730e-02 1.180981759042527418e-01 1.250014081855785157e-02 0.000000000000000000e+00 1.432923873483232524e-01 0.000000000000000000e+00 0.000000000000000000e+00 1.008467216019100741e-02 0.000000000000000000e+00 0.000000000000000000e+00 9.475096159265250853e-03 0.000000000000000000e+00 1.927864104325084215e-04 0.000000000000000000e+00 1.440202725620383928e-01 6.002357691007870893e-02 2.368451537029095111e-01 9.377538681332420537e-03
8.249685671609024995e-02 0.000000000000000000e+00 2.376514265399592984e-02 0.000000000000000000e+00 1.242984130916862523e-01 0.000000000000000000e+00 7.474244109344670151e-03 1.062093075743395648e-01 0.000000000000000000e+00 1.449148052904556316e-03 0.000000000000000000e+00 3.109892315120522943e-02 0.000000000000000000e+00 7.166471670875411426e-03 1.798988889219206577e-01 4.199556657333103002e-03 1.409463299148190109e-02 1.337039522492950751e-02 4.192386543451359637e-03 1.000110791159747325e-03 0.000000000000000000e+00 0.000000000000000000e+00 1.227497775658333359e-02 1.923295168461996441e-01 1.946810272464988001e-01
0.000000000000000000e+00 6.002388498142796971e-03 1.195391767687215417e-01 3.271446460018966398e-04 1.323438035708834060e-01 1.557065660653281225e-02 2.488849795785006910e-02 1.004185888635673353e-02 1.601636574653973397e-02 9.621529461812666773e-02 6.724504793618033341e-03 3.192816228423640129e-02 2.611583613254524552e-02 1.940609620056652634e-02 1.113264118743766545e-01 0.000000000000000000e+00 1.374809669580325799e-01 2.295109822014929427e-02 4.070276141838171519e-02 1.282657687935708814e-03 0.000000000000000000e+00 7.758642423878497028e-03 2.073638163314349761e-02 2.120325324660947593e-03 1.505209677493193066e-01
6.929294388697700667e-03 1.279327169034056022e-01 1.177299544313703122e-01 7.796088084952591465e-03 1.827335709789849535e-02 2.201187403415727495e-02 0.000000000000000000e+00 1.405867750549074160e-02 3.606048438388329697e-02 8.861063400633546056e-03 0.000000000000000000e+00 7.452816379499549448e-02 7.618792520537571479e-03 0.000000000000000000e+00 1.499258004207381367e-01 0.000000000000000000e+00 0.000000000000000000e+00 3.955504131189538711e-03 0.000000000000000000e+00 5.492433116739120665e-03 2.225738264950163046e-03 1.097257226667150143e-01 2.100485315180478790e-02 2.088395234803469280e-01 5.702995822149366928e-02
5.344654527479730105e-02 1.376835654599755342e-02 9.307483751669046526e-03 4.391977814655910473e-03 6.867780443696890058e-02 4.287407554624870359e-02 1.269988129001243526e-01 4.515510746138116059e-03 1.629501141285476240e-02 2.340219575821800638e-02 0.000000000000000000e+00 6.936597426057358740e-02 0.000000000000000000e+00 0.000000000000000000e+00 1.242883752544422238e-01 0.000000000000000000e+00 8.403211608361967847e-04 1.052264654184601259e-02 1.537313788109753721e-01 1.018458685316531035e-03 0.000000000000000000e+00 4.474672928468977073e-02 1.826330233406130849e-02 4.653041811957548540e-02 1.670146213600108565e-01
6.961008276088980319e-04 0.000000000000000000e+00 1.149040456675105293e-01 4.712806817209889976e-02 1.436794348798700327e-01 1.784840710910227599e-02 2.641576343160496193e-03 1.420283217633242501e-01 0.000000000000000000e+00 4.520203335043482956e-02 0.000000000000000000e+00 0.000000000000000000e+00 0.000000000000000000e+00 0.000000000000000000e+00 1.012029449779562780e-02 0.000000000000000000e+00 3.172199903066248196e-03 2.869545347090503296e-03 2.103252626570912068e-02 2.051441907963968275e-02 1.503805996498231053e-02 3.337097210606319864e-02 7.666584402539970700e-03 2.110676575161429813e-01 1.610197528038599946e-01
1.563258149091360100e-02 3.396593914737749270e-02 2.741109647409740654e-03 7.048072533368399638e-03 0.000000000000000000e+00 3.512920128523536320e-04 4.617835279386188485e-02 1.573169444820180785e-01 6.767119002879086465e-02 1.091817308010761406e-01 0.000000000000000000e+00 0.000000000000000000e+00 5.405900696747723260e-04 0.000000000000000000e+00 9.848994230792986956e-03 9.347227227619829548e-02 5.860080029028163356e-02 2.858392038843045498e-03 1.502030644029835882e-01 2.320372352660838699e-03 2.869586473601085097e-02 9.587714259190248389e-02 5.626230891779720675e-03 0.000000000000000000e+00 1.118690631812031128e-01
0.000000000000000000e+00 1.343276120806026139e-02 1.157123312311906932e-01 8.761916786807376345e-02 1.506110922352238701e-01 0.000000000000000000e+00 2.191831526890597459e-02 3.614740022635694328e-02 0.000000000000000000e+00 0.000000000000000000e+00 0.000000000000000000e+00 3.635886735089285254e-02 0.000000000000000000e+00 0.000000000000000000e+00 1.280179529256984527e-01 5.273206569886211255e-04 0.000000000000000000e+00 8.606478232698420994e-02 2.753051923813994856e-02 0.000000000000000000e+00 8.519592178342898919e-04 0.000000000000000000e+00 1.618513066004070161e-02 1.128848832908734973e-01 1.661375162947359707e-01
9.322709338924775602e-03 0.000000000000000000e+00 8.325465807952256089e-03 1.536861305385742562e-03 0.000000000000000000e+00 0.000000000000000000e+00 1.400686468030905296e-01 1.585677704890461892e-01 2.161771586216504684e-02 0.000000000000000000e+00 0.000000000000000000e+00 2.182627680354357752e-02 0.000000000000000000e+00 0.000000000000000000e+00 2.768943992581759245e-02 3.834776375949444649e-02 0.000000000000000000e+00 8.008056388237867751e-02 1.673154949335807148e-02 1.019312859027816411e-02 7.100271750632251681e-03 1.159637903451904255e-03 3.269187107563455846e-02 2.006723880422809914e-01 2.240679391665652276e-01
9.784254632680469688e-02 1.250061983518219004e-02 1.761012660308185207e-02 0.000000000000000000e+00 2.633366539623402391e-02 4.139886567952647672e-02 1.361183080307802051e-01 2.474091648524314943e-02 1.131565179632806548e-02 3.224292068913565262e-02 0.000000000000000000e+00 1.140960342583878656e-01 4.775523728947705417e-03 1.438139669362351741e-02 1.264948880460001202e-01 0.000000000000000000e+00 0.000000000000000000e+00 7.269021235209633530e-03 1.523275829769931144e-01 0.000000000000000000e+00 0.000000000000000000e+00 0.000000000000000000e+00 1.205037926372586662e-03 3.136418420465295065e-02 1.479827100874960555e-01
7.189524500299439291e-02 5.787913797434231927e-02 7.866821798471257399e-03 0.000000000000000000e+00 3.124287771725114266e-02 0.000000000000000000e+00 2.295766961614286172e-01 1.187867801261045103e-01 3.211577141067400998e-02 1.483423841254533472e-03 0.000000000000000000e+00 3.249405436930137819e-03 0.000000000000000000e+00 6.082344613321814808e-02 2.885889024119501003e-02 1.200077435706595544e-02 0.000000000000000000e+00 0.000000000000000000e+00 4.288486394010122132e-02 4.506402970780518102e-03 4.895929912163435316e-03 4.381886667081660858e-02 9.663828086133278636e-03 7.147101243867459708e-02 1.669798257804001596e-01
0.000000000000000000e+00 3.900134783202213132e-03 7.701062490208447631e-02 9.292527216966489992e-03 1.199728962529135884e-01 0.000000000000000000e+00 2.006422501588592255e-02 6.781074173949978856e-02 4.261961839440391205e-03 0.000000000000000000e+00 1.813656244165154374e-04 5.177435201405967274e-02 0.000000000000000000e+00 4.867297407882263828e-05 1.573473448211015410e-02 3.590379989469055615e-03 5.266568072252887818e-03 1.412261378693345781e-01 1.608021962525543747e-01 2.282407920661189832e-02 1.014203930919574392e-02 5.101907835768516170e-02 0.000000000000000000e+00 2.534448692686511184e-02 2.097327971713732198e-01
0.000000000000000000e+00 0.000000000000000000e+00 2.344150830416270870e-02 0.000000000000000000e+00 5.933218256677087049e-02 3.181978099890376156e-03 3.665058861977123217e-02 1.483476280437741324e-01 9.146987953248388731e-03 1.401976398709470911e-02 0.000000000000000000e+00 8.575443689102640876e-02 0.000000000000000000e+00 0.000000000000000000e+00 3.380360866637848079e-03 1.090684910931784615e-02 1.430782522124749157e-01 0.000000000000000000e+00 4.226636775040309296e-02 0.000000000000000000e+00 0.000000000000000000e+00 1.458974022342306998e-01 5.256396858621203289e-02 1.430376738041804208e-01 7.899405097080422489e-02
2.886354446773446367e-02 1.437903482517888937e-02 0.000000000000000000e+00 3.323740169780892845e-02 2.905114382701464576e-03 1.809964289300726795e-02 1.433642906442475218e-01 1.985865170998469542e-01 5.456398241755718720e-02 9.634411568362376971e-03 0.000000000000000000e+00 2.171374552296024066e-02 0.000000000000000000e+00 0.000000000000000000e+00 5.230730564658771231e-02 1.775201114451754186e-02 0.000000000000000000e+00 6.335080823875322009e-02 1.634551250619460938e-01 3.485030173746113055e-03 0.000000000000000000e+00 1.367298428640887076e-01 4.048605223831236791e-03 3.352358612712404151e-02 0.000000000000000000e+00
1.215724566602511582e-02 0.000000000000000000e+00 6.060969827150941569e-02 0.000000000000000000e+00 1.010243583620562546e-02 4.159192467419739470e-02 1.114921866572631259e-01 2.492433434853381924e-02 0.000000000000000000e+00 1.912194373881600379e-02 0.000000000000000000e+00 1.320959457748019927e-01 7.911529119954879841e-03 0.000000000000000000e+00 5.412717834009365958e-02 0.000000000000000000e+00 4.811357912223489935e-02 1.189634286287129944e-01 5.317427404330514820e-03 1.062500949476050376e-03 0.000000000000000000e+00 1.085227715966165241e-01 2.035789350353518420e-02 1.867954457845779626e-01 3.673253058311483354e-02
2.705602630039432091e-02 6.966931845346467644e-02 4.906497869070417656e-02 2.258357650632776548e-02 1.330573395066057818e-02 5.134415843803946666e-03 1.633538014932729232e-03 5.915013608896362712e-02 0.000000000000000000e+00 0.000000000000000000e+00 0.000000000000000000e+00 1.984043594169022373e-01 3.336555420142933628e-03 0.000000000000000000e+00 1.036154357638780291e-02 4.063954051947405582e-02 6.165898354990831821e-04 0.000000000000000000e+00 1.770740089268109108e-01 0.000000000000000000e+00 1.231917051234271698e-01 0.000000000000000000e+00 3.086190972146655651e-02 0.000000000000000000e+00 1.679160636106374338e-01
5.438491273993203978e-02 0.000000000000000000e+00 9.031545571677605799e-02 3.434310783700757208e-02 4.453112473123281567e-02 3.382501960237098426e-02 3.333101569343640408e-02 1.033430735476722172e-02 4.010416624250306983e-03 9.274156835438043811e-03 1.771749574367529213e-04 2.864948136166351172e-03 6.078539024998740915e-03 1.771842239459911136e-02 4.198915476983580697e-02 1.238617429848341313e-02 1.145514690908929073e-01 2.105160739911424717e-01 5.243089009751309565e-02 3.935744818393680975e-04 0.000000000000000000e+00 8.441247567227900313e-04 0.000000000000000000e+00 8.768034058433733791e-02 1.380195962808203891e-01
