4.845717722843309767e-03 2.364098716586024787e-02 9.943318941603565553e-02 3.572245238868882594e-02 4.690235849770745674e-02 1.938051862302630352e-02 3.096706483374211602e-02 3.997278387850605047e-02 6.543925666531429097e-02 2.026191147029014067e-02 1.151656560773653935e-02 5.532252835655024348e-02 3.593043474243652613e-02 2.657993342565554903e-02 3.867239415971764765e-02 6.078710644064381878e-03 2.619240616992694545e-02 1.503420414526408233e-01 1.419372482702859761e-01 1.208614965089709059e-01
2.117847201821144651e-02 6.625526811855347864e-02 9.198717221245223882e-03 1.218176357595325970e-01 1.104288696541044779e-01 1.297113236272555425e-01 2.689319618125670178e-02 1.178824028978490979e-02 2.444427976304903646e-02 0.000000000000000000e+00 4.567714373110346934e-03 2.096070201548052431e-02 1.796673250050788428e-01 8.477374293831016483e-02 1.994335663828948266e-02 2.059906105735278756e-02 5.860629121059310158e-03 5.788886304284478939e-04 9.430329656218546181e-04 1.403895446222746535e-01
1.391896029449658269e-02 1.395274577165228347e-01 1.308871982243918139e-02 4.428165609771705924e-02 2.194375552856637213e-01 2.361695233516061532e-01 2.422135482306300019e-02 4.679785820152420478e-03 0.000000000000000000e+00 4.904443581278619289e-04 4.968472004874028517e-04 2.888979583921080438e-02 1.925016939165869606e-02 8.369456825077146306e-03 1.788833415331533838e-02 0.000000000000000000e+00 5.683388914818341027e-03 1.559812662863537219e-04 4.983324791665196679e-02 1.736173209227052094e-01
1.588008455358675408e-01 1.339033820429762212e-01 1.006091719126354089e-01 4.166139754539093659e-02 2.639578714913884232e-03 1.597461723544184309e-02 1.774578881918791214e-03 2.569993261399096396e-03 9.234407868111263462e-02 2.314393522505706416e-02 5.176130770897055533e-03 9.900937478466705077e-02 2.134465813006663007e-02 4.574958829669852067e-02 2.041639495113252087e-03 4.628488340527770958e-03 1.577355317549740052e-02 0.000000000000000000e+00 1.634960371231895526e-01 6.935895084662938026e-02
0.000000000000000000e+00 5.891077328021267906e-02 0.000000000000000000e+00 5.097503870103511914e-02 1.285893951751839737e-01 3.041542581367091824e-02 1.544937936485608031e-02 6.283554224736254135e-02 1.182570998209393417e-02 1.285042152885492728e-01 1.211564156500273028e-02 9.549890758917206623e-02 4.487386226270683072e-03 2.839784188390473418e-02 6.604168678620321066e-03 3.827954409834079599e-03 1.448820449849271084e-03 3.732853589701420893e-02 1.535895455248340868e-01 1.691957179225333785e-01
9.969022622367264275e-02 1.621494322601634286e-01 2.353195554382397827e-03 3.385366205637230230e-02 1.226469499586719664e-01 1.354163093171172338e-01 1.493521601182860176e-02 1.428696954120550235e-02 1.337734698564612031e-02 3.072441613880995057e-03 1.666720660783071063e-03 2.144026470846614393e-02 0.000000000000000000e+00 2.428457090525842910e-02 1.078728920703564235e-02 4.013321293746022894e-02 1.373591862167541401e-02 1.390472092483595323e-01 1.462034578112902938e-01 9.196063767301333128e-04
6.404021817648952730e-02 5.468928284907037529e-02 3.403742866888407811e-03 3.125812692975064866e-02 9.710226637384440640e-02 1.267230431495410536e-01 6.223538746586112190e-03 5.390918260346927449e-02 2.398303516773458294e-02 8.203129888208429308e-04 1.230139120153120151e-02 1.093042273516866558e-01 1.334935519209721477e-01 6.868894739917427716e-02 4.740118082113099068e-02 2.281239611119917354e-02 1.088791189686335315e-01 1.575680417959750886e-03 8.044351049204779072e-03 2.534640490631210122e-02
2.066143476508128587e-02 1.373892544922642178e-01 4.405933873629611780e-02 2.451666362441999245e-02 1.340242169799725491e-01 1.988033729383411885e-01 8.278343876159407685e-03 5.047176850655943348e-02 2.742702608860857899e-02 2.838234134528550001e-03 0.000000000000000000e+00 8.559831847686548076e-03 1.715982980213890752e-03 4.447590191342135025e-04 8.142510321629263526e-03 0.000000000000000000e+00 1.432968297472629049e-01 5.983709571907701134e-03 1.233615599868681939e-01 6.002516238306589841e-02
1.520802506529256174e-03 4.591768051209477175e-02 0.000000000000000000e+00 3.137871037045885866e-03 1.459704040651604029e-01 1.418160651773419101e-01 2.613197184066588796e-02 1.624742781157227970e-04 4.732006013961351232e-02 3.725979038650505809e-02 3.202330586071021768e-03 1.238879194715892390e-01 6.436253001022704257e-02 1.454037580161963820e-02 2.578186622045472096e-03 3.128885275204057979e-03 2.376929974216639430e-01 4.264366291645825882e-03 4.303105971134239816e-02 5.407422886551890850e-02
6.107568470379171229e-03 1.451158310232526505e-01 8.130938034090713640e-03 3.579363991279180951e-02 1.519577234986344560e-01 1.570707265147009424e-01 8.986079840085160406e-03 3.050106092691215118e-02 1.142070069889429412e-01 3.307045952190486304e-02 1.139021859693201003e-03 1.117565063193606961e-01 1.940612601941521997e-03 1.096032189695349268e-02 2.577038904978919132e-02 2.574828307462625337e-02 2.916211465522455457e-02 5.572491411925992177e-02 3.989493089716835555e-02 6.961870794288034861e-03
2.962870211496269890e-02 1.025554883960426017e-01 1.217854519317469221e-02 1.436859757994793929e-01 1.951354294395627950e-02 2.144885965852986673e-02 4.715008808474184521e-02 0.000000000000000000e+00 1.692126680250758686e-01 5.204875476118956540e-02 9.199642272386681849e-03 2.386073593221231873e-02 4.603836128876635098e-02 4.267365030612127463e-02 1.156722467110070374e-01 7.766079233662094398e-03 4.125088934273932195e-02 1.081480050133590692e-01 2.771790627428105235e-03 5.195974295164911515e-03
4.083475519683299471e-02 5.102006279106933301e-02 5.036533598462362288e-02 1.219315825120008967e-01 3.383580155652241711e-02 3.519603969961642570e-02 1.458675517780954820e-02 2.946259900062801404e-02 1.056863828430084154e-02 3.128060394973604386e-02 3.154561814980591430e-03 9.970485728643396772e-02 0.000000000000000000e+00 1.670024673384153460e-02 1.791803019513160634e-03 1.435702251236585514e-02 1.333862771271254744e-01 1.360915817165776198e-01 7.084566916341887566e-02 1.048858064726028022e-01
7.559882752332773743e-03 7.359034877672120112e-02 1.278561945996402414e-03 1.462031106308525896e-01 1.072751633767992374e-01 9.517150265906913764e-02 1.435794851405732854e-02 2.037151526360454420e-02 7.801446916292821207e-03 4.704695034942229831e-04 1.013842656920668078e-02 2.491532197230592743e-02 1.339097904988133525e-01 1.223905981306524539e-02 1.085106316971009704e-01 5.790335309942912234e-03 6.223663925759492788e-02 1.012516463770567754e-01 1.570603063936160809e-02 5.122216752633135944e-02
1.328068230474467159e-03 2.236660708432059233e-02 1.334045521817840306e-03 5.996113936856306906e-03 5.550601027994728903e-02 1.506136055179166933e-01 1.683970331498928566e-02 2.611916994259265087e-02 2.313413624975902139e-01 2.001601707115291395e-02 9.290823791631966713e-03 1.311209845003760699e-01 8.405333849898607990e-02 8.815219056518537252e-03 5.506102971403915164e-02 5.057690930793760919e-02 8.156258027081264572e-02 5.616056529659507572e-03 1.708871878438121550e-02 2.535363614799881343e-02
4.486466958471981188e-03 1.249426877487426618e-01 5.683574272216040772e-03 6.718972889187081526e-04 4.502444859014695377e-02 3.247684739964924044e-02 3.176329092286356293e-02 1.452479959348446925e-01 1.099017040802450912e-01 1.238105832132643802e-02 1.009239935378527728e-02 8.171793544822118088e-03 1.329383665174401208e-01 1.226251312053597189e-03 1.458656625464904988e-01 0.000000000000000000e+00 1.985910124097508764e-02 3.682991040741201687e-03 9.310616288560469647e-03 1.562728466377064640e-01
9.595784248840461689e-03 7.732692520926973123e-02 2.164944049538604365e-03 1.791029064591100756e-02 1.495243994115180164e-01 7.098038555240333836e-02 1.975659793233182707e-02 5.802572170552062342e-02 3.421211624162810022e-02 2.950707547963011407e-02 4.572549915968369266e-02 6.290880443858448690e-02 1.661727940154488978e-03 1.101009651347773996e-02 1.302568391007730315e-02 0.000000000000000000e+00 9.679871537360240988e-03 1.449510002006104137e-01 1.466507731711806095e-01 9.538230265227902460e-02
9.903692016254814212e-02 3.889312399053515557e-02 1.363456626102086018e-02 2.346588480057986402e-04 2.901169785264560638e-02 1.326441902544837903e-01 7.108524743106905963e-02 1.118784300418335653e-01 3.771704239597149094e-02 5.909935341757432958e-03 2.704105577297914492e-04 3.135192795083101541e-03 1.510010118849014482e-01 4.941620278582400938e-02 2.047495319265249872e-02 3.181300679174018644e-04 3.313160163248333144e-04 1.791074026006465132e-03 4.707969280082411473e-02 1.861362032928654264e-01
1.419281506231667885e-02 1.305898576238087305e-01 4.356302573547079886e-03 0.000000000000000000e+00 7.572543776887274980e-02 9.142138885187313380e-02 1.374478242245883927e-02 1.077329760085912747e-01 2.567883066339037013e-02 9.012140743705740475e-02 1.891174189552353307e-02 5.728068330887724907e-02 1.688716409989215669e-02 0.000000000000000000e+00 3.542014184689650652e-02 0.000000000000000000e+00 8.279342482031668352e-03 0.000000000000000000e+00 1.438684020464154611e-01 1.657887259084472598e-01
2.466100932231830509e-02 6.567049550531460500e-02 4.416121713051173944e-03 1.274253856004834984e-01 8.774209348450584534e-02 1.119394041955561712e-02 8.600960701434966216e-02 5.371393740842639319e-02 1.048788457072027600e-02 1.952961366705282392e-02 1.168988644406491854e-02 2.620570036539548314e-02 3.609727072822492035e-03 2.949852180299673138e-02 1.430595082006372309e-01 2.191648974747625531e-02 1.319175254304345568e-01 8.577558216105771183e-02 8.107050655948078166e-03 4.736991941338838247e-02
0.000000000000000000e+00 3.038367347850148836e-02 3.650153329835117717e-03 9.785057141078114251e-02 6.029947887632737535e-02 1.200057958150423654e-01 8.706317483946486580e-02 9.474088222134617598e-02 1.523400080457180082e-02 8.142610903009923559e-03 4.047345703692839178e-03 3.796223228247309900e-02 8.016656840987781973e-02 3.311488989115844370e-03 1.120408736390110689e-02 4.938359806295809437e-03 0.000000000000000000e+00 3.192466049014245494e-03 1.759267394646729654e-01 1.618803702520759114e-01
1.830771805477144146e-02 1.370583866240421278e-01 2.083067317478149924e-02 2.995046568994607153e-02 1.363984082066760917e-01 8.337706572094275015e-02 9.092578015294131011e-02 1.950597084761513528e-02 2.299763828968559923e-02 5.083155945582974559e-03 1.378844106354520406e-02 1.362853714814082351e-01 1.004145149120662384e-01 2.708050725879413041e-03 8.774801753411439614e-03 1.279328632314654995e-03 3.866412035553492069e-03 3.312417176669676076e-03 1.258463532052989109e-02 1.525507641916367396e-01
3.424831149702892152e-03 8.987252649039552399e-02 4.596064911844844822e-03 1.177527916324953156e-02 7.853477559594584934e-02 1.346931807547661064e-01 4.705365094287924238e-02 1.537048757196338433e-01 1.249811312069967206e-01 1.159516425997728604e-02 5.009032828163838789e-03 2.643818035093963795e-03 1.206529751387022849e-02 3.717981467671604284e-02 7.320826726551765695e-03 1.537715572473064658e-03 7.670047686023260484e-04 7.003373996698931958e-02 1.394624764145002971e-01 6.374879330164728852e-02
3.550116301382220257e-02 1.311137059576575059e-01 3.278073733809432760e-02 3.886141006988191177e-02 1.775172910902342027e-01 7.790951615085268955e-02 6.398112238368166421e-03 6.557982208891852127e-03 4.758755192655081401e-02 1.844146400765088803e-02 0.000000000000000000e+00 6.933830975343877913e-04 0.000000000000000000e+00 2.703186875685109711e-03 6.636956830742247408e-04 7.397411091184269774e-03 5.669932097806406994e-03 1.073529074321913634e-01 1.584660930919358501e-01 1.443844566285837072e-01
1.756690343922669194e-03 1.144999758432095754e-01 5.318141342152054446e-02 1.725728860597454742e-02 1.314105194096810425e-01 1.507864648554408660e-01 3.009905326001414624e-02 6.468707231092933607e-03 2.814573190847879935e-03 2.152056646578500224e-02 2.637618752222464433e-03 4.161780869978009417e-02 3.217183573401499654e-03 1.334039636264401467e-02 2.480462925303426880e-03 0.000000000000000000e+00 9.380473398880831426e-02 2.003445053917200444e-02 1.455327734894999725e-01 1.475393190416788292e-01
4.144378590335558166e-02 1.168785693758370853e-01 5.071897013305775009e-04 6.101872867745015278e-02 1.624903295292120797e-01 4.515898351703331870e-02 9.564466798042631224e-02 1.838488465449994724e-01 1.038912869693923470e-02 0.000000000000000000e+00 2.255976857161234601e-03 1.012064653210994168e-02 7.393124545957063462e-03 1.634664854333496217e-02 2.696018080145905910e-02 1.276239045233449991e-02 8.030052168663149182e-04 4.911179506055008553e-02 1.599539785608494790e-03 1.552664622780345338e-01
1.143651342617048490e-02 1.167254888628157239e-01 3.541425974264736376e-02 8.890166874729370228e-03 3.215006303995653764e-02 1.050806619430162125e-01 3.105493734420688295e-02 6.505378737806210253e-03 2.228960819332719001e-01 2.912941953871858725e-03 2.311690061579609826e-03 1.226486069330773136e-02 3.947979795753504655e-03 1.159977743212423952e-02 9.414932743123294659e-03 4.834304622247515004e-02 1.299528789303722731e-01 4.954648806520223214e-02 1.396545348972657585e-01 1.989731730030368934e-02
3.680462976521346741e-02 3.215721926417144938e-02 0.000000000000000000e+00 1.297289514152256407e-01 1.798724763726642362e-01 1.124377654981527502e-01 1.896866627095087840e-02 1.719133676168718428e-01 2.893979687171741380e-02 0.000000000000000000e+00 0.000000000000000000e+00 0.000000000000000000e+00 6.702645767185627657e-02 0.000000000000000000e+00 9.824199848946062186e-02 0.000000000000000000e+00 5.215530389162056218e-02 2.013792483270724840e-02 5.161544203938750464e-02 0.000000000000000000e+00
1.019339108315666514e-02 5.918753944951716389e-02 1.832409487630896894e-02 1.263592998879523553e-02 7.751724745389930449e-02 5.348540384251181806e-02 1.210536253892635083e-01 1.275163079513303710e-01 3.511269279981560354e-02 1.913371359878544842e-02 0.000000000000000000e+00 1.798074236198132086e-02 2.988066337213307957e-02 4.496448621052103736e-04 1.408971774030871524e-02 0.000000000000000000e+00 1.280760429819107760e-01 6.177279761724471796e-02 1.886090146426490088e-01 2.498142998828318390e-02
4.440590463930369392e-04 6.614975673376004284e-02 2.649407537725830333e-03 1.505156841512121924e-01 4.322139225888314146e-02 8.504704259164586508e-06 7.516940154237156113e-02 5.096413572162530187e-02 7.867407855196024979e-02 1.539721724965024095e-02 1.568619237891959867e-02 1.294299203490348882e-01 5.520381962276217636e-02 1.172222232218434745e-01 1.985798924110789357e-02 4.590399050055146875e-03 1.952943334391784181e-03 1.662277478096733192e-03 1.651652903575205611e-02 1.546840687901954170e-01
2.466881578178760012e-02 1.196033272173307183e-01 8.137688874940603168e-04 1.269286972515092926e-01 1.004516905322637016e-01 8.898328495846544173e-02 9.791155241305242451e-03 8.082941092856012200e-02 1.496767798241653569e-02 4.968943580708866381e-04 3.322258789427471552e-04 1.236970176713872091e-02 7.332793004877660725e-02 1.231659257519310442e-02 1.379065691592661347e-01 5.703316202460133669e-03 1.386074455399197158e-01 2.658757015710397700e-02 6.407765219440111210e-03 1.890616031255526117e-02
