1.233663069207300124e-03 1.996337697075744461e-02 1.350797364049156901e-01 0.000000000000000000e+00 1.133655435396700578e-01 0.000000000000000000e+00 4.475636508437360467e-02 0.000000000000000000e+00 3.712903915129426441e-02 2.915333104308637235e-03 0.000000000000000000e+00 3.543195520613817706e-02 0.000000000000000000e+00 0.000000000000000000e+00 1.561415301429028846e-01 0.000000000000000000e+00 1.741277836745490082e-01 7.236756103067349365e-03 0.000000000000000000e+00 0.000000000000000000e+00 0.000000000000000000e+00 0.000000000000000000e+00 1.986264745342350511e-03 1.127726138221923358e-01 1.578600389812807869e-01
1.383445626707215381e-01 1.862183223417331890e-01 4.065055835420543218e-02 0.000000000000000000e+00 3.249237881233497244e-02 9.999471507682398518e-04 0.000000000000000000e+00 8.118789039144400088e-02 8.731392602689945839e-03 0.000000000000000000e+00 0.000000000000000000e+00 0.000000000000000000e+00 0.000000000000000000e+00 0.000000000000000000e+00 6.540623891037795901e-02 0.000000000000000000e+00 6.594129627548535322e-02 1.068119173187346282e-01 5.124697971513124395e-02 0.000000000000000000e+00 1.337311958431100511e-02 0.000000000000000000e+00 0.000000000000000000e+00 1.523976228227374996e-01 5.619777304932493944e-02
2.137618471411420126e-02 0.000000000000000000e+00 5.551374829573985786e-02 0.000000000000000000e+00 0.000000000000000000e+00 3.522543188559096317e-02 2.718227442179347100e-02 5.864470028206517083e-02 0.000000000000000000e+00 5.935488045270573276e-02 0.000000000000000000e+00 7.396806058429782060e-02 0.000000000000000000e+00 0.000000000000000000e+00 1.680477476182464514e-01 1.415300556447372966e-02 0.000000000000000000e+00 4.088831818588382319e-04 0.000000000000000000e+00 8.647760882405407246e-02 0.000000000000000000e+00 7.178079037946594188e-02 1.453920121395201603e-01 1.265242766642109551e-01 5.595039499186264809e-02
1.072571079582603920e-01 1.279724021930902234e-01 0.000000000000000000e+00 0.000000000000000000e+00 2.076844650056328470e-02 0.000000000000000000e+00 0.000000000000000000e+00 0.000000000000000000e+00 1.942742857963426122e-03 9.475152165747142280e-03 1.097939365946180726e-03 7.731954868500984235e-02 0.000000000000000000e+00 1.520023916970364604e-02 1.702303483277529395e-01 0.000000000000000000e+00 2.558324575322118780e-02 9.208449387673119102e-02 4.961545582914728830e-02 0.000000000000000000e+00 1.239138395740427973e-02 1.381787075172700163e-01 0.000000000000000000e+00 1.508827858421890045e-01 0.000000000000000000e+00
1.140532755620335403e-01 1.427234678461019278e-02 0.000000000000000000e+00 8.543486246208430168e-02 0.000000000000000000e+00 0.000000000000000000e+00 1.631274002831485381e-01 0.000000000000000000e+00 0.000000000000000000e+00 3.157558460496663784e-03 0.000000000000000000e+00 1.397757642638270403e-01 6.486296674295972953e-02 1.565099373896381221e-02 1.571740452223739926e-01 1.086456925813983690e-02 0.000000000000000000e+00 0.000000000000000000e+00 4.261906979851017366e-03 0.000000000000000000e+00 0.000000000000000000e+00 0.000000000000000000e+00 5.173687745371301216e-02 1.685848915184657570e-01 7.042541269332592939e-03
0.000000000000000000e+00 1.217967706462800559e-01 1.467584428175586764e-01 0.000000000000000000e+00 9.585275245112083453e-02 0.000000000000000000e+00 4.040007811966856571e-02 9.210189447310600241e-02 0.000000000000000000e+00 1.442916608988974170e-01 0.000000000000000000e+00 0.000000000000000000e+00 0.000000000000000000e+00 0.000000000000000000e+00 9.757837618071779628e-02 0.000000000000000000e+00 0.000000000000000000e+00 0.000000000000000000e+00 0.000000000000000000e+00 8.604827639320433708e-02 0.000000000000000000e+00 5.992080661064438929e-02 6.022483515745978566e-02 0.000000000000000000e+00 5.502610625134209121e-02
9.704651404984249163e-02 1.171944507910672312e-01 1.536186941972193520e-01 0.000000000000000000e+00 7.324155108556332922e-03 1.466377556307731089e-01 1.135756784514718454e-01 7.329174613023572808e-03 0.000000000000000000e+00 4.251734266670170737e-02 0.000000000000000000e+00 0.000000000000000000e+00 0.000000000000000000e+00 0.000000000000000000e+00 6.268720428735398420e-02 4.478870307847417943e-03 0.000000000000000000e+00 0.000000000000000000e+00 1.583224881741189527e-01 0.000000000000000000e+00 0.000000000000000000e+00 2.303252403129022949e-02 4.927514771310460145e-02 0.000000000000000000e+00 1.695999997762909217e-02
1.372913397076455100e-01 1.332812170381885430e-01 0.000000000000000000e+00 0.000000000000000000e+00 8.935426407925040060e-02 0.000000000000000000e+00 0.000000000000000000e+00 0.000000000000000000e+00 0.000000000000000000e+00 1.490336338314307563e-01 0.000000000000000000e+00 1.963978979819736709e-02 0.000000000000000000e+00 0.000000000000000000e+00 2.100250166711789823e-01 0.000000000000000000e+00 1.953413437910643535e-01 0.000000000000000000e+00 2.988527736115576330e-02 0.000000000000000000e+00 0.000000000000000000e+00 0.000000000000000000e+00 0.000000000000000000e+00 3.032372229925055229e-02 5.824395422637814075e-03
7.076899849200067594e-02 1.428012348922158004e-01 0.000000000000000000e+00 1.457277225436135262e-02 0.000000000000000000e+00 9.091090268755687431e-03 1.447477572122919942e-01 2.988822241495898285e-02 4.496845465687238086e-03 0.000000000000000000e+00 0.000000000000000000e+00 1.622350079437216985e-01 0.000000000000000000e+00 1.253102703319182269e-02 1.575224965304836966e-01 9.286749439950151008e-02 1.237545770821604357e-01 1.599904778067411104e-02 0.000000000000000000e+00 0.000000000000000000e+00 0.000000000000000000e+00 0.000000000000000000e+00 0.000000000000000000e+00 1.418641492659274660e-02 4.537013303402039933e-03
9.865422728952347176e-02 0.000000000000000000e+00 4.376899145110616646e-02 0.000000000000000000e+00 0.000000000000000000e+00 1.364526374351720528e-01 6.808159956268337865e-02 1.051420437025948722e-02 1.808371599662392942e-02 1.265329191204825621e-01 1.146334604671129555e-02 3.899494027515211514e-02 0.000000000000000000e+00 5.315624333380017733e-03 7.137301226617487337e-02 0.000000000000000000e+00 9.191967375394297091e-02 0.000000000000000000e+00 1.393072210586126514e-01 0.000000000000000000e+00 0.000000000000000000e+00 5.132427461391402901e-04 0.000000000000000000e+00 0.000000000000000000e+00 1.390246442940358818e-01
0.000000000000000000e+00 0.000000000000000000e+00 1.840660781982446093e-01 2.515428936885800645e-02 0.000000000000000000e+00 1.596643483694118459e-02 2.289815475633453709e-02 0.000000000000000000e+00 0.000000000000000000e+00 0.000000000000000000e+00 4.350768566430487927e-02 1.630528418566813964e-01 0.000000000000000000e+00 0.000000000000000000e+00 1.649660679907105354e-01 0.000000000000000000e+00 0.000000000000000000e+00 0.000000000000000000e+00 0.000000000000000000e+00 0.000000000000000000e+00 0.000000000000000000e+00 1.093741725446658736e-01 2.310002984641713608e-01 0.000000000000000000e+00 4.001397631908763103e-02
0.000000000000000000e+00 0.000000000000000000e+00 1.941494749816789489e-01 0.000000000000000000e+00 7.711609756432170892e-02 1.579147183140883551e-02 2.865612775124580791e-01 1.343479237182350627e-01 0.000000000000000000e+00 1.017627453335397981e-02 0.000000000000000000e+00 3.054943369816837812e-02 3.470008706073548707e-03 0.000000000000000000e+00 9.241757745774872856e-02 0.000000000000000000e+00 8.520604167927686712e-03 0.000000000000000000e+00 1.306267685505300702e-01 0.000000000000000000e+00 0.000000000000000000e+00 4.826774812237331902e-03 0.000000000000000000e+00 1.144631246585770673e-02 0.000000000000000000e+00
0.000000000000000000e+00 1.339769025974358319e-01 0.000000000000000000e+00 6.736910127347682346e-03 1.142013277673337157e-01 1.519462960783087846e-01 3.063765785712155298e-02 8.712482933915896566e-03 0.000000000000000000e+00 4.571021312003323983e-02 0.000000000000000000e+00 0.000000000000000000e+00 0.000000000000000000e+00 0.000000000000000000e+00 4.958769634355952340e-03 0.000000000000000000e+00 1.330075732924648202e-01 0.000000000000000000e+00 2.052408729473709503e-01 0.000000000000000000e+00 0.000000000000000000e+00 9.179730110886749964e-03 2.326155494451972658e-02 2.450603700711721268e-03 1.299791048881933364e-01
1.249318474309513323e-02 3.788288037297499883e-02 0.000000000000000000e+00 9.546628046673361068e-02 4.902914756406100139e-02 1.067197133844766110e-02 3.572587238934059328e-02 0.000000000000000000e+00 0.000000000000000000e+00 1.288298435805111941e-01 1.453335236177820129e-04 8.097589985185100689e-03 4.692135918783736865e-04 0.000000000000000000e+00 2.634860054376013672e-01 1.926245271921744493e-03 1.426355549585065462e-02 0.000000000000000000e+00 1.555409414694945425e-01 0.000000000000000000e+00 0.000000000000000000e+00 7.577078381231454329e-02 0.000000000000000000e+00 1.076038755313537265e-01 2.597275425617810111e-03
0.000000000000000000e+00 5.111425540579845814e-03 1.632908238672603762e-01 0.000000000000000000e+00 4.103853371695213165e-02 1.033053548744759520e-01 5.845670461142714151e-03 0.000000000000000000e+00 1.694528289557298284e-02 1.279741177344487779e-01 0.000000000000000000e+00 3.004250296622499317e-01 0.000000000000000000e+00 0.000000000000000000e+00 0.000000000000000000e+00 0.000000000000000000e+00 3.890453705595920547e-03 0.000000000000000000e+00 0.000000000000000000e+00 0.000000000000000000e+00 0.000000000000000000e+00 1.097465589537955227e-01 6.813560005156481247e-02 5.429114853636109878e-02 0.000000000000000000e+00
