0.000000000000000000e+00 1.033446656271124094e-02 0.000000000000000000e+00 5.325644133167534329e-03 2.707716904418550757e-02 1.460750591836812266e-02 9.854585577609221991e-02 0.000000000000000000e+00 4.030137482769113183e-02 0.000000000000000000e+00 0.000000000000000000e+00 1.191917395874653174e-01 1.433813187672096645e-01 1.692014722600518675e-02 4.354441797771992084e-02 0.000000000000000000e+00 1.622889430805007221e-02 1.418745143330250869e-01 1.497641891711036510e-01 1.729027623672054481e-01
8.356589649699198291e-03 0.000000000000000000e+00 1.706744856794240863e-04 1.510198276403399431e-01 1.134002531191419388e-01 0.000000000000000000e+00 7.021929928386978076e-03 0.000000000000000000e+00 1.641085758450819276e-01 4.261050936889989801e-03 1.712222243529097632e-02 1.444626954985292477e-01 0.000000000000000000e+00 1.174640973511800052e-02 2.232062945734360204e-02 6.856063399589868920e-03 0.000000000000000000e+00 2.797251332820276382e-01 4.370371182234493446e-02 2.572423276453634014e-02
8.685287402237795717e-02 4.215502154098672849e-02 4.792491479312575159e-02 0.000000000000000000e+00 1.113620954555268605e-01 0.000000000000000000e+00 3.097024163724710483e-02 4.006854846697790323e-02 1.510292127072560830e-01 0.000000000000000000e+00 0.000000000000000000e+00 0.000000000000000000e+00 0.000000000000000000e+00 5.906965659718052888e-03 6.260026830674964016e-02 0.000000000000000000e+00 2.916523426429259297e-02 2.350363671947490185e-01 1.396931728576938925e-01 1.723508309329849567e-02
3.778912753436186600e-02 2.039218949251662277e-03 0.000000000000000000e+00 0.000000000000000000e+00 0.000000000000000000e+00 0.000000000000000000e+00 0.000000000000000000e+00 2.394247342243161283e-02 1.573692079389784892e-01 2.388944833163248252e-02 0.000000000000000000e+00 3.916228982750477594e-02 3.507064755218257113e-01 1.070951520726726447e-01 1.478425871887522908e-03 1.437992000797133629e-02 6.134329051734560209e-03 6.526492224596755487e-02 1.707490092237798907e-01 0.000000000000000000e+00
0.000000000000000000e+00 3.659244342049596671e-02 0.000000000000000000e+00 0.000000000000000000e+00 1.115419775912252359e-01 1.338464670770131149e-01 2.241024343821289982e-02 6.366169442092031727e-02 3.064319043583539365e-03 2.561496281881017051e-02 0.000000000000000000e+00 7.856788948912289683e-02 1.004825549614995622e-01 1.252126596338238966e-02 6.779636959483499072e-03 0.000000000000000000e+00 0.000000000000000000e+00 1.990741443809852015e-03 2.702552927241239078e-01 1.326705106483165586e-01
1.481203524110617231e-01 1.428190450955047208e-01 1.233337175620323120e-02 4.477487793653969414e-03 9.392630341047263076e-02 0.000000000000000000e+00 2.820414409923207785e-02 7.700018223788676619e-02 8.325884329279904100e-03 1.052516125109132991e-03 0.000000000000000000e+00 1.526368738292057936e-01 8.809759492206392303e-03 1.854454213536637155e-02 1.358393580027376013e-03 1.031748486705525748e-02 1.283499561093545960e-01 1.339665048132873681e-02 1.210597967053968771e-01 2.926725554165456739e-02
1.287574354908080920e-01 0.000000000000000000e+00 5.033873569016197348e-03 3.060951055272088245e-03 1.453297230305146681e-01 1.611425958764617708e-02 2.595016953820015928e-03 7.313980152216577324e-02 1.622948836950771911e-01 1.398519869011309036e-01 8.454311895995518175e-03 1.382311783090734159e-01 4.250289334222719095e-02 0.000000000000000000e+00 0.000000000000000000e+00 0.000000000000000000e+00 0.000000000000000000e+00 1.417299393179337862e-02 2.673920203317492472e-02 9.372148868228451224e-02
1.270018788650711106e-01 1.417710942976321553e-01 2.202966362736815190e-02 1.211001419223015942e-02 9.632580463163988027e-02 1.102905385897453953e-02 8.509225227182948053e-04 3.158355419112457430e-02 5.938665539181529895e-02 0.000000000000000000e+00 0.000000000000000000e+00 4.538949476031371721e-02 1.796782355505285173e-02 1.055597933255173621e-01 1.398830919613852988e-02 1.359717787925009830e-02 9.981842330849957645e-02 6.006444836004613819e-02 3.548465567495303480e-02 1.060412323616544694e-01
2.080849054805457288e-02 3.213321405166363193e-02 1.015946837731207530e-02 2.065833928960297480e-02 9.243840208701392669e-02 1.008944757648092827e-01 8.924690682885237647e-02 1.120038734929046653e-01 1.264330913974976156e-01 1.267563544715168966e-01 0.000000000000000000e+00 0.000000000000000000e+00 0.000000000000000000e+00 2.316332320889607013e-02 5.162435001872483359e-02 0.000000000000000000e+00 5.016575785655532499e-02 4.824079558041899363e-02 5.912740198926296625e-02 3.614575503691384861e-02
0.000000000000000000e+00 1.038315296747949201e-01 4.759111068216783508e-02 1.323193687483789349e-01 1.199608109090823382e-01 2.205988066294750638e-01 7.515421117879539370e-02 6.699336031215759324e-02 1.734275925365721949e-02 0.000000000000000000e+00 5.885596125131908191e-03 5.279457522624610849e-02 6.035162225828249495e-03 1.400635996236443935e-02 7.405742470804334288e-02 1.006375208752754991e-03 3.468079265403606315e-04 3.671699040014847482e-02 0.000000000000000000e+00 2.535875082843502132e-02
0.000000000000000000e+00 1.125210962961615060e-02 0.000000000000000000e+00 0.000000000000000000e+00 5.005904596519131222e-02 0.000000000000000000e+00 3.426216302226914312e-02 0.000000000000000000e+00 2.726217594588647986e-01 2.326541431831140403e-03 0.000000000000000000e+00 1.598457175762273141e-01 3.857106032110047163e-03 4.896573918314636557e-03 1.313331802959298300e-01 0.000000000000000000e+00 8.911453347511670564e-02 1.394864441821290491e-01 1.009448250123998192e-01 0.000000000000000000e+00
2.641533374230211131e-02 5.521765004819378930e-03 0.000000000000000000e+00 0.000000000000000000e+00 3.621176961478071894e-03 0.000000000000000000e+00 3.255219101347474418e-03 9.485914609759257821e-02 1.487011456725977898e-01 6.687713571998582691e-03 0.000000000000000000e+00 3.522886067420645806e-01 2.850833415325128121e-03 0.000000000000000000e+00 2.931080006939853350e-02 0.000000000000000000e+00 0.000000000000000000e+00 1.261880844799485868e-01 6.389440995445229421e-02 1.364057651866748266e-01
6.733292925995579270e-02 1.163167738324664829e-01 0.000000000000000000e+00 0.000000000000000000e+00 0.000000000000000000e+00 2.546810066493593663e-03 3.074683850904398608e-02 4.969025259381661813e-02 1.752853930481024225e-01 1.588094392864479176e-01 9.326271181403241947e-03 1.898292594078961615e-01 0.000000000000000000e+00 2.045130859998631895e-02 4.670281321516280698e-02 0.000000000000000000e+00 9.517567073690320900e-02 0.000000000000000000e+00 3.778624026232156596e-02 0.000000000000000000e+00
1.240710705434955319e-01 4.288504817078707398e-02 1.168275163828529604e-03 8.267319440793563512e-03 1.191192531378860442e-01 1.322506705615545952e-01 6.080754419808113466e-03 9.006862007009516780e-02 2.523149916623022501e-02 4.376259819847573042e-03 4.394847933559385515e-03 5.213364081409557066e-02 1.141699375119765991e-01 2.466477387269817162e-02 1.353154973953887841e-01 7.261737710915112942e-02 4.475184404757811575e-03 1.942117793760636535e-02 0.000000000000000000e+00 1.928879252643988379e-02
3.322514164067806803e-04 1.317217880608383129e-01 3.206294919416731448e-02 3.020149303121414525e-02 5.529622348116752968e-03 0.000000000000000000e+00 0.000000000000000000e+00 3.224833994052984931e-02 2.788166608591681750e-01 3.385537315743954861e-02 2.272868516492535657e-02 1.403523230728002946e-01 7.677680705982112275e-03 2.739856254943873101e-05 1.335717766915583415e-01 0.000000000000000000e+00 7.857955791891631236e-02 1.147458987133774186e-02 6.081951000404954566e-02 0.000000000000000000e+00
0.000000000000000000e+00 0.000000000000000000e+00 9.371651636957378795e-02 2.237987745920418450e-02 6.829667502990560690e-02 9.875042043394031965e-02 0.000000000000000000e+00 2.034010497897749750e-02 1.976982962065469696e-02 0.000000000000000000e+00 0.000000000000000000e+00 1.726411944330026940e-02 1.821900119896205095e-01 0.000000000000000000e+00 0.000000000000000000e+00 0.000000000000000000e+00 0.000000000000000000e+00 4.799898041272461502e-02 2.519646636553559693e-01 1.773288006067426370e-01
1.195353845859778615e-03 0.000000000000000000e+00 0.000000000000000000e+00 0.000000000000000000e+00 1.989512616557760349e-01 1.876639104414901393e-01 4.613788299533196080e-02 2.479675451017190613e-01 0.000000000000000000e+00 3.023099350971398223e-03 0.000000000000000000e+00 8.216474299598951203e-02 0.000000000000000000e+00 2.973285670174842174e-02 6.713166869349518340e-02 0.000000000000000000e+00 1.945629333538889325e-02 0.000000000000000000e+00 1.042698368476182025e-01 1.230554803461143994e-02
4.885728549196426823e-03 5.099826847443773153e-02 0.000000000000000000e+00 1.196631426666660419e-02 1.538680914100304213e-02 4.660672957959755176e-03 0.000000000000000000e+00 0.000000000000000000e+00 2.635828629645024512e-01 2.150624643607192826e-02 4.695093965056149066e-02 1.379483591109840201e-01 0.000000000000000000e+00 8.323838388107029224e-03 4.042154113674181759e-02 1.302827478316205892e-02 3.119262373632812439e-03 1.131443552717001644e-01 1.311233078055338286e-01 1.329532186897388335e-01
2.295863400872406868e-02 7.625040988638450215e-03 0.000000000000000000e+00 5.303468674934551375e-02 0.000000000000000000e+00 0.000000000000000000e+00 0.000000000000000000e+00 0.000000000000000000e+00 2.625327276227916729e-01 9.998381262203428002e-03 0.000000000000000000e+00 7.581521405307871386e-02 0.000000000000000000e+00 7.782775580308327890e-02 1.081139273766588277e-01 4.405041145133518909e-02 2.068373642419815694e-02 2.430987110591514289e-01 3.992797506493465931e-02 3.433279813585651818e-02
2.895414877585435545e-02 4.989694025210195290e-03 2.338914487069644263e-02 1.808650156487471433e-02 1.292181308946727947e-01 5.736333397902718123e-02 1.845515883530183046e-02 6.233058988808718587e-02 0.000000000000000000e+00 0.000000000000000000e+00 0.000000000000000000e+00 9.985400082176522363e-02 2.058182279101068365e-02 1.354665286894412846e-01 4.918760775551347421e-03 1.507659043709041113e-03 7.526610530040256375e-02 4.479370513815299909e-02 1.369469700011018976e-01 1.378777446051402955e-01
0.000000000000000000e+00 2.229193086915664743e-03 0.000000000000000000e+00 1.371558156163337483e-01 1.173090816354533800e-01 3.694623971374359273e-04 0.000000000000000000e+00 1.093235002275794177e-02 0.000000000000000000e+00 1.487055886079083084e-03 0.000000000000000000e+00 2.510964938257281287e-01 1.074146743805052123e-01 5.638967409694903982e-02 1.716480625431703044e-01 6.352148790932934767e-03 0.000000000000000000e+00 0.000000000000000000e+00 0.000000000000000000e+00 1.376159877180371249e-01
3.752906211222307900e-05 5.184986050953403758e-02 0.000000000000000000e+00 1.321032816295379664e-01 0.000000000000000000e+00 0.000000000000000000e+00 5.569371857203862797e-02 9.524051732174387483e-03 1.796164662987531913e-01 6.686429171766744518e-04 0.000000000000000000e+00 1.719400282973939098e-01 0.000000000000000000e+00 5.871687655332780142e-02 2.181678227463841255e-02 0.000000000000000000e+00 0.000000000000000000e+00 5.572423985896889781e-02 3.070318948860649780e-02 2.316053328057372795e-01
0.000000000000000000e+00 1.990795572504982722e-03 0.000000000000000000e+00 8.485523441038178571e-02 3.038429772133928800e-02 0.000000000000000000e+00 3.284787387194200436e-02 2.511756484646074719e-02 1.444201065697004738e-01 1.611386157505639551e-05 0.000000000000000000e+00 3.625683025013713007e-02 2.069611446176387315e-01 1.024813734956802613e-01 1.916119044837911664e-02 7.494686219601447673e-03 0.000000000000000000e+00 1.162384257581146330e-01 1.663749596530825769e-01 2.539940270346176254e-02
1.968191821790351431e-02 3.846879967187179228e-02 4.844237255263658670e-02 0.000000000000000000e+00 1.527138637318979641e-01 1.333246878102428146e-01 6.371832450853172521e-03 6.352517438423165019e-02 3.695804683118308204e-02 4.327646316901283090e-03 0.000000000000000000e+00 1.558147767153121865e-01 1.087063303396244435e-01 0.000000000000000000e+00 3.569791522211580403e-04 7.175604112669965728e-02 3.231529195182662913e-03 9.373192308934573044e-03 1.469468091943036403e-01 0.000000000000000000e+00
1.138960456224604040e-01 0.000000000000000000e+00 8.094465050724335142e-02 7.854480968418754705e-02 0.000000000000000000e+00 2.213812604046247814e-03 1.452131065503751151e-01 5.011033630024727681e-02 6.675851702961813766e-03 3.253552967684557318e-02 0.000000000000000000e+00 1.917218220083353672e-02 2.087018316339816701e-02 1.825908279334006665e-02 5.073307081815264102e-02 1.421011232427845652e-03 5.102906332402729062e-02 1.127408908418982419e-01 4.187073356951817593e-02 1.737696394080367190e-01
7.783938519567294712e-02 1.141692124342385817e-01 9.127705650482613800e-03 1.185435420337463824e-01 4.147667522893454251e-02 0.000000000000000000e+00 8.462927942917829183e-03 6.221189649539238947e-02 2.257524628111094028e-02 6.860267085101624286e-03 0.000000000000000000e+00 1.442007112060582075e-01 3.281382495938350158e-02 3.268567015160634467e-03 0.000000000000000000e+00 0.000000000000000000e+00 1.332540363597536914e-01 2.053307836073407777e-01 0.000000000000000000e+00 1.986521850470536824e-02
2.743919428504921348e-02 4.120751952916538834e-03 0.000000000000000000e+00 1.111830593067597156e-01 2.392993999322793330e-01 1.914808087746913950e-03 3.215986935060715052e-04 2.664760550879289799e-02 2.065911929201589767e-02 0.000000000000000000e+00 4.307865855782079881e-03 1.417803740833437354e-01 5.221044758789161744e-02 0.000000000000000000e+00 1.434982221763067278e-01 1.298381936402538987e-03 5.229957101975591304e-04 8.582176347087949742e-02 1.389744121201298144e-01 0.000000000000000000e+00
1.798495494645208428e-02 0.000000000000000000e+00 4.896664772466278320e-02 2.317428959088857390e-04 1.537119877980364924e-01 1.413500242910787630e-01 0.000000000000000000e+00 6.560728793215185421e-03 5.201174696898152455e-02 5.906045895100067722e-02 0.000000000000000000e+00 1.402548519027648766e-01 1.031427344882878960e-01 0.000000000000000000e+00 4.802878433141030690e-02 0.000000000000000000e+00 0.000000000000000000e+00 3.807378365615787102e-02 1.906215532520427192e-01 0.000000000000000000e+00
3.318613739118559530e-02 1.277963108010653215e-01 0.000000000000000000e+00 9.061106867252155484e-04 2.484020756157224452e-01 0.000000000000000000e+00 6.568996282699106869e-03 5.106535577232708401e-02 0.000000000000000000e+00 1.190219297492898717e-02 6.520609614751551007e-03 1.544701499510685028e-01 1.113986131921380490e-01 5.365391048145031101e-03 0.000000000000000000e+00 0.000000000000000000e+00 2.395374860145159553e-03 1.547891373907584467e-01 7.455631454471793595e-02 1.067722987362158642e-02
7.138666191274059547e-02 8.401626589602685657e-02 0.000000000000000000e+00 2.508553145816579469e-03 6.139075412041308799e-02 1.153847410338233737e-01 0.000000000000000000e+00 3.968295062626506567e-03 2.820745665595604801e-01 1.915521135225657298e-02 0.000000000000000000e+00 3.676774831681165617e-02 8.006739727696826972e-03 1.353714174554050340e-02 2.041084508942124787e-01 0.000000000000000000e+00 4.738032637394290654e-03 7.139759271523468676e-02 8.673877568474763766e-03 1.288536731137063240e-02
