6.976570034573230383e-02 1.221983495196968666e-01 0.000000000000000000e+00 2.078835075152110287e-02 2.027214920003136966e-02 2.536568908699519675e-01 7.714976912564810952e-04 0.000000000000000000e+00 4.168522236272288219e-03 0.000000000000000000e+00 0.000000000000000000e+00 7.887616112096330900e-02 1.523673319335051290e-01 0.000000000000000000e+00 2.248833772054401395e-02 0.000000000000000000e+00 0.000000000000000000e+00 0.000000000000000000e+00 4.512484418103514250e-02 2.095218644294900290e-01
1.148234945355255110e-01 0.000000000000000000e+00 0.000000000000000000e+00 2.071667565150955292e-01 3.560424467440294338e-02 2.041589273130979543e-02 2.780229092705615093e-02 1.196087410357746239e-01 9.868257199229805987e-02 1.092020396592332035e-02 0.000000000000000000e+00 1.338101617888814432e-01 0.000000000000000000e+00 0.000000000000000000e+00 2.437987954224536593e-03 0.000000000000000000e+00 1.171260925760342908e-01 1.116015613034737619e-01 0.000000000000000000e+00 0.000000000000000000e+00
0.000000000000000000e+00 6.188981552539720571e-02 2.042814782064657567e-02 5.351658037712661575e-02 1.246070255037150937e-01 1.579549649121393395e-01 1.231185551471628142e-01 1.442898525854625913e-02 1.548560821487180439e-01 0.000000000000000000e+00 4.863649703360947013e-02 1.523442324184119331e-02 9.664131708750075406e-03 0.000000000000000000e+00 2.882519238116036924e-03 0.000000000000000000e+00 0.000000000000000000e+00 5.696498922338937704e-02 7.437833451171822589e-03 1.483794494096700722e-01
0.000000000000000000e+00 2.429704579757149471e-02 0.000000000000000000e+00 0.000000000000000000e+00 0.000000000000000000e+00 8.307019258639032622e-02 0.000000000000000000e+00 0.000000000000000000e+00 1.555157067823013106e-01 0.000000000000000000e+00 0.000000000000000000e+00 8.667713106589257366e-02 1.682731983169358236e-01 1.029405233571706628e-03 0.000000000000000000e+00 1.344645432904688631e-01 0.000000000000000000e+00 2.922763629248222722e-02 1.651141302046547632e-01 1.523310104297308787e-01
0.000000000000000000e+00 5.955586736524334096e-02 0.000000000000000000e+00 1.695521623276820822e-01 1.132416327097532233e-01 3.333683265922673944e-02 3.629914806607076327e-02 0.000000000000000000e+00 0.000000000000000000e+00 1.267446765640668493e-01 0.000000000000000000e+00 0.000000000000000000e+00 0.000000000000000000e+00 0.000000000000000000e+00 0.000000000000000000e+00 1.468859943830787829e-01 0.000000000000000000e+00 0.000000000000000000e+00 1.612440765713213098e-01 1.531396093535569991e-01
0.000000000000000000e+00 5.644628711335068598e-03 0.000000000000000000e+00 1.564589673789079649e-01 1.766011943813156626e-01 1.533380166023560476e-01 1.019700393041352432e-01 3.888878937567350619e-02 0.000000000000000000e+00 1.630940197461867164e-03 0.000000000000000000e+00 2.066476283189658258e-01 0.000000000000000000e+00 0.000000000000000000e+00 0.000000000000000000e+00 1.381585018407838483e-01 0.000000000000000000e+00 0.000000000000000000e+00 2.066129388906498554e-02 0.000000000000000000e+00
1.159545150908997124e-01 1.702433506909267757e-02 0.000000000000000000e+00 0.000000000000000000e+00 1.381191112582978164e-01 1.496718742733406382e-01 0.000000000000000000e+00 0.000000000000000000e+00 1.543497579415770982e-01 0.000000000000000000e+00 0.000000000000000000e+00 3.393763730409789237e-02 1.489674672168415370e-01 0.000000000000000000e+00 1.123029641614038503e-02 4.912873282677094472e-02 0.000000000000000000e+00 5.236741101087028644e-02 1.292488615920710793e-01 0.000000000000000000e+00
1.559906470487380792e-01 2.867600421190573748e-02 0.000000000000000000e+00 1.891281048657954267e-02 1.742719677008020829e-01 1.882716760717675561e-02 0.000000000000000000e+00 0.000000000000000000e+00 0.000000000000000000e+00 0.000000000000000000e+00 1.155708789664222635e-02 0.000000000000000000e+00 1.899811929027664659e-01 1.218818814880469475e-01 0.000000000000000000e+00 1.776782804064287735e-01 6.277372013165563938e-03 7.694691742207271368e-02 1.337206049997841095e-02 5.626610315696497361e-03
1.086787651296953483e-01 2.966910854298462907e-02 9.986693727942129450e-02 2.460269938478592752e-03 1.327722338464439877e-01 0.000000000000000000e+00 0.000000000000000000e+00 4.976172608752330029e-02 7.884482243107411581e-02 0.000000000000000000e+00 0.000000000000000000e+00 0.000000000000000000e+00 1.559986719786982112e-01 0.000000000000000000e+00 0.000000000000000000e+00 1.252527002836703873e-01 2.713080307638773142e-02 1.517735498294892071e-01 8.999304990920086941e-03 2.879110658521309360e-02
1.364659278604116455e-01 6.151561947340872250e-02 6.796704244323681712e-03 3.492748525015212935e-02 1.567723095841707937e-01 0.000000000000000000e+00 0.000000000000000000e+00 4.245862822298177887e-03 2.338568912569831751e-02 2.035878438013479785e-01 1.370503319338991707e-02 1.497477619009386293e-02 0.000000000000000000e+00 2.900809180832706127e-02 1.421883490760194046e-01 1.724263075703583170e-01 0.000000000000000000e+00 0.000000000000000000e+00 0.000000000000000000e+00 0.000000000000000000e+00
7.689998844573084358e-02 1.056380034874323665e-01 0.000000000000000000e+00 0.000000000000000000e+00 0.000000000000000000e+00 0.000000000000000000e+00 0.000000000000000000e+00 0.000000000000000000e+00 1.826098053154974199e-01 1.447258476356102774e-01 0.000000000000000000e+00 0.000000000000000000e+00 9.102116149135386358e-02 0.000000000000000000e+00 1.820018841880176874e-01 1.640483536931557629e-01 5.305495574320182040e-02 0.000000000000000000e+00 0.000000000000000000e+00 0.000000000000000000e+00
0.000000000000000000e+00 2.316320256535449318e-01 0.000000000000000000e+00 0.000000000000000000e+00 0.000000000000000000e+00 1.431464326534443166e-01 0.000000000000000000e+00 7.010172542057513737e-03 1.620472075607788387e-01 0.000000000000000000e+00 0.000000000000000000e+00 1.583289700096911223e-01 0.000000000000000000e+00 2.032503141304549399e-02 3.303188372329525588e-03 1.617279395605356607e-01 0.000000000000000000e+00 0.000000000000000000e+00 5.203970975322745607e-02 6.043932248134510632e-02
2.415312776492397045e-03 0.000000000000000000e+00 0.000000000000000000e+00 1.526292813763816536e-01 1.962929279842016636e-02 1.360941442048461680e-01 0.000000000000000000e+00 1.268747084162188260e-02 1.544632113854513267e-01 0.000000000000000000e+00 1.488457212062964108e-01 1.253560092605722209e-01 0.000000000000000000e+00 0.000000000000000000e+00 7.160088944388383336e-02 1.699022589834733310e-01 0.000000000000000000e+00 5.504415451326710729e-03 8.719922712339976461e-04 0.000000000000000000e+00
7.658253195326830687e-02 5.996166329011034385e-03 0.000000000000000000e+00 6.689521704441925287e-02 4.107852365057119981e-02 1.652281207579098521e-01 0.000000000000000000e+00 0.000000000000000000e+00 0.000000000000000000e+00 0.000000000000000000e+00 0.000000000000000000e+00 2.658138455246314980e-01 8.178094026083036761e-02 1.224682495072762362e-01 1.465909348392559902e-02 1.503094253702262351e-01 0.000000000000000000e+00 0.000000000000000000e+00 9.187886117930534405e-03 0.000000000000000000e+00
0.000000000000000000e+00 0.000000000000000000e+00 0.000000000000000000e+00 1.381791924381282621e-01 0.000000000000000000e+00 1.425165102046271060e-01 0.000000000000000000e+00 4.550804433638941035e-03 4.094367419949344888e-02 1.336443788424587081e-02 4.008629892230246294e-02 1.262423638042772626e-02 5.817627549902291972e-02 1.381608493927127812e-01 1.489950599452477820e-01 7.989412241043258867e-02 3.092812346158418241e-02 0.000000000000000000e+00 0.000000000000000000e+00 1.515804148281359176e-01
0.000000000000000000e+00 2.569379678256044491e-02 0.000000000000000000e+00 0.000000000000000000e+00 1.690376700345982697e-01 0.000000000000000000e+00 0.000000000000000000e+00 3.615733554915587927e-02 4.179009617945405458e-02 1.399518001275237289e-01 0.000000000000000000e+00 0.000000000000000000e+00 1.776778617326326415e-01 0.000000000000000000e+00 1.373513228550229393e-01 0.000000000000000000e+00 2.226142501697937499e-03 0.000000000000000000e+00 1.434027336694165544e-01 1.267112405679373666e-01
2.732649877633316036e-03 0.000000000000000000e+00 0.000000000000000000e+00 1.394170046283986775e-01 0.000000000000000000e+00 1.409450217979078823e-01 0.000000000000000000e+00 1.286882049708653886e-01 3.701659794284508503e-02 0.000000000000000000e+00 1.187289427894486493e-01 2.747765898070197998e-02 0.000000000000000000e+00 0.000000000000000000e+00 2.929601448826378574e-02 1.548270804675216106e-01 2.031779590648287795e-02 4.931203150869892249e-02 3.255512993934081556e-02 1.186858667018910463e-01
3.883233095797040697e-03 5.817582333528879129e-02 0.000000000000000000e+00 9.193665738972868484e-02 1.343149098601578162e-01 7.078221646171177495e-02 0.000000000000000000e+00 0.000000000000000000e+00 0.000000000000000000e+00 1.222532321882264100e-01 1.409509105925258465e-01 1.318000062475126188e-01 5.482027412062039085e-02 0.000000000000000000e+00 1.679171559906703359e-01 0.000000000000000000e+00 0.000000000000000000e+00 0.000000000000000000e+00 0.000000000000000000e+00 2.316558071776023825e-02
0.000000000000000000e+00 0.000000000000000000e+00 0.000000000000000000e+00 3.041161400633332623e-01 1.826886444591844377e-02 0.000000000000000000e+00 0.000000000000000000e+00 0.000000000000000000e+00 3.346063402222613364e-02 0.000000000000000000e+00 0.000000000000000000e+00 1.121957713299697075e-02 6.452056701644003078e-02 0.000000000000000000e+00 2.635414681939547421e-01 2.723393732827488270e-02 5.012781114476665828e-02 1.654686502250533597e-01 6.204235042703554887e-02 0.000000000000000000e+00
0.000000000000000000e+00 0.000000000000000000e+00 0.000000000000000000e+00 0.000000000000000000e+00 1.131595733092593259e-01 2.227610268156751672e-01 0.000000000000000000e+00 4.842700743502599547e-02 0.000000000000000000e+00 1.146387634115115656e-01 0.000000000000000000e+00 0.000000000000000000e+00 1.544357903931937170e-01 0.000000000000000000e+00 0.000000000000000000e+00 2.187479286021306105e-02 0.000000000000000000e+00 2.054615203153497757e-02 1.569203047695072462e-01 1.472365889740790412e-01
