0.000000000000000000e+00 0.000000000000000000e+00 4.110332244798999696e-02 9.137204646916401163e-02 1.668493927709550212e-02 0.000000000000000000e+00 0.000000000000000000e+00 0.000000000000000000e+00 1.515829229502048880e-03 2.162669403862817197e-03 0.000000000000000000e+00 1.052835183946645853e-01 0.000000000000000000e+00 0.000000000000000000e+00 3.008008395341361663e-01 0.000000000000000000e+00 1.166587244594041173e-01 4.437825801741304005e-02 0.000000000000000000e+00 5.963799313010210296e-02 2.298299386419416432e-02 0.000000000000000000e+00 2.810004478451307366e-02 1.591880079696497002e-02 1.534000201909933581e-01
4.575354573578146143e-03 3.067264316120060438e-02 0.000000000000000000e+00 2.631359179673464083e-02 0.000000000000000000e+00 0.000000000000000000e+00 2.462008899450146213e-03 1.552838311582315500e-01 9.368995564832024656e-03 3.621550116208294146e-02 0.000000000000000000e+00 1.681258646603918383e-02 0.000000000000000000e+00 9.928573190574664642e-02 1.653273123545086210e-01 0.000000000000000000e+00 1.545246872799773130e-01 3.377480493613095602e-02 0.000000000000000000e+00 0.000000000000000000e+00 0.000000000000000000e+00 0.000000000000000000e+00 0.000000000000000000e+00 1.573062474638372010e-01 1.080767032776500519e-01
6.112969439047367254e-03 0.000000000000000000e+00 0.000000000000000000e+00 0.000000000000000000e+00 0.000000000000000000e+00 0.000000000000000000e+00 8.416655256178845468e-02 1.582290323778964558e-01 0.000000000000000000e+00 1.340604513656972960e-02 0.000000000000000000e+00 5.023396701200263936e-02 0.000000000000000000e+00 0.000000000000000000e+00 1.323282477214589303e-01 0.000000000000000000e+00 0.000000000000000000e+00 2.621994247471119699e-02 2.438686083882504047e-02 1.230381356659230180e-01 6.505674129330353203e-03 1.392555556300844877e-01 1.935242744439268914e-01 0.000000000000000000e+00 4.259274256843528783e-02
0.000000000000000000e+00 6.685395498813387523e-03 4.211394366419657365e-02 4.154914845234306681e-02 2.589302918579390878e-01 0.000000000000000000e+00 0.000000000000000000e+00 1.559866762837944232e-01 9.016314571909340991e-02 0.000000000000000000e+00 0.000000000000000000e+00 1.605969609841405021e-01 0.000000000000000000e+00 0.000000000000000000e+00 1.426619301657248810e-02 0.000000000000000000e+00 5.492703703448553049e-02 0.000000000000000000e+00 2.393291220385127330e-02 0.000000000000000000e+00 5.943775734530962196e-03 0.000000000000000000e+00 0.000000000000000000e+00 1.449045195502391969e-01 0.000000000000000000e+00
0.000000000000000000e+00 9.479468089049841728e-02 0.000000000000000000e+00 0.000000000000000000e+00 4.893985083797364188e-02 0.000000000000000000e+00 1.800689889552765238e-02 1.542132542129694972e-01 0.000000000000000000e+00 1.533453993994972064e-01 0.000000000000000000e+00 0.000000000000000000e+00 0.000000000000000000e+00 0.000000000000000000e+00 0.000000000000000000e+00 1.157882242973835504e-02 1.597952244906676311e-01 3.222441969128507500e-02 2.601795950333509189e-01 0.000000000000000000e+00 3.038082668100689984e-02 2.993415206366701123e-02 6.606875373817763103e-03 0.000000000000000000e+00 0.000000000000000000e+00
1.229885944568402840e-02 6.982195914540261297e-03 0.000000000000000000e+00 1.175590248011921905e-02 1.313439595487504719e-01 0.000000000000000000e+00 1.368328141245913621e-01 5.350780786546024265e-02 2.639866724583941546e-02 0.000000000000000000e+00 0.000000000000000000e+00 1.000875376474402861e-01 0.000000000000000000e+00 1.980779042732314435e-02 3.032746675349444823e-02 0.000000000000000000e+00 0.000000000000000000e+00 5.252977041428161936e-02 1.611502599044054018e-01 0.000000000000000000e+00 9.715746216540679936e-02 0.000000000000000000e+00 8.208942872622243883e-03 4.650936853009858540e-03 1.469596263370312739e-01
0.000000000000000000e+00 2.045103922340713032e-01 1.239826135822769820e-01 8.994403326673748589e-03 0.000000000000000000e+00 0.000000000000000000e+00 1.668852178502614192e-01 6.025995532417225548e-02 1.537080583210582302e-02 0.000000000000000000e+00 0.000000000000000000e+00 0.000000000000000000e+00 0.000000000000000000e+00 0.000000000000000000e+00 1.349729289691073975e-01 0.000000000000000000e+00 0.000000000000000000e+00 0.000000000000000000e+00 1.725534692076032273e-01 5.221617656572105290e-04 0.000000000000000000e+00 5.504243271417701491e-03 0.000000000000000000e+00 0.000000000000000000e+00 1.064438086366529396e-01
0.000000000000000000e+00 2.846584704850941769e-02 6.854114073545758412e-02 0.000000000000000000e+00 0.000000000000000000e+00 0.000000000000000000e+00 1.957238635505167620e-02 1.534064008464593731e-01 0.000000000000000000e+00 0.000000000000000000e+00 0.000000000000000000e+00 1.098735626566406907e-02 0.000000000000000000e+00 0.000000000000000000e+00 1.466567619550914470e-01 0.000000000000000000e+00 2.352969599805070366e-01 0.000000000000000000e+00 0.000000000000000000e+00 1.868937700395148505e-02 0.000000000000000000e+00 4.590938607550959505e-02 0.000000000000000000e+00 1.083798727324437883e-01 1.640945110013544705e-01
0.000000000000000000e+00 0.000000000000000000e+00 4.002693056787927361e-02 0.000000000000000000e+00 1.412375193101331194e-01 0.000000000000000000e+00 1.860001559801858009e-02 1.686740732627588224e-01 1.996706737880985481e-03 0.000000000000000000e+00 0.000000000000000000e+00 2.179622736960858953e-01 4.984277653133601521e-02 2.596933740315454653e-02 0.000000000000000000e+00 0.000000000000000000e+00 0.000000000000000000e+00 0.000000000000000000e+00 9.653770645553082230e-02 1.762978229126521967e-01 0.000000000000000000e+00 0.000000000000000000e+00 2.945312166317131525e-02 3.207686611453396813e-02 1.324849746864338726e-03
0.000000000000000000e+00 0.000000000000000000e+00 2.602041383751476505e-02 0.000000000000000000e+00 0.000000000000000000e+00 0.000000000000000000e+00 1.463516939807959771e-01 9.158036364895523473e-02 0.000000000000000000e+00 0.000000000000000000e+00 0.000000000000000000e+00 1.099186789557625166e-01 1.041687639605976129e-01 0.000000000000000000e+00 0.000000000000000000e+00 4.131878674413701213e-02 0.000000000000000000e+00 6.196853429923565582e-02 2.599043575724167554e-01 0.000000000000000000e+00 0.000000000000000000e+00 1.404385516641414866e-01 1.832985533644295242e-02 0.000000000000000000e+00 0.000000000000000000e+00
0.000000000000000000e+00 0.000000000000000000e+00 1.556178459269656755e-01 0.000000000000000000e+00 0.000000000000000000e+00 0.000000000000000000e+00 1.352683070971007206e-01 1.969165889387196056e-01 0.000000000000000000e+00 5.852541372381071458e-03 0.000000000000000000e+00 1.453054478727671683e-01 0.000000000000000000e+00 0.000000000000000000e+00 0.000000000000000000e+00 0.000000000000000000e+00 0.000000000000000000e+00 0.000000000000000000e+00 4.426846301602687522e-02 0.000000000000000000e+00 0.000000000000000000e+00 3.000924127546080594e-02 1.327161453741391994e-01 1.540454191264389039e-01 0.000000000000000000e+00
0.000000000000000000e+00 0.000000000000000000e+00 0.000000000000000000e+00 2.666589472030364907e-02 1.489517791354323939e-01 0.000000000000000000e+00 2.771394658829681168e-01 1.616254189187860402e-01 1.451171842749495421e-03 3.550316491910733563e-02 0.000000000000000000e+00 0.000000000000000000e+00 0.000000000000000000e+00 4.900148038681648860e-02 3.862007814007172718e-02 0.000000000000000000e+00 0.000000000000000000e+00 0.000000000000000000e+00 1.789486211286936135e-01 7.785383302078716095e-02 0.000000000000000000e+00 4.239091904283914629e-03 0.000000000000000000e+00 0.000000000000000000e+00 0.000000000000000000e+00
0.000000000000000000e+00 0.000000000000000000e+00 4.408133460888419286e-03 0.000000000000000000e+00 0.000000000000000000e+00 0.000000000000000000e+00 1.170648173009091186e-01 0.000000000000000000e+00 0.000000000000000000e+00 0.000000000000000000e+00 0.000000000000000000e+00 2.743527846561130343e-02 9.853308575716611395e-03 1.131102677040096878e-02 0.000000000000000000e+00 1.322898308857571592e-01 3.135840119014427496e-01 0.000000000000000000e+00 2.039221571305958880e-01 0.000000000000000000e+00 0.000000000000000000e+00 1.691486693530868668e-01 0.000000000000000000e+00 0.000000000000000000e+00 1.098276615559081598e-02
0.000000000000000000e+00 6.647158638028899391e-02 0.000000000000000000e+00 0.000000000000000000e+00 1.510927080395665645e-01 0.000000000000000000e+00 5.662739860079122473e-03 0.000000000000000000e+00 0.000000000000000000e+00 0.000000000000000000e+00 0.000000000000000000e+00 1.804817447767324279e-01 0.000000000000000000e+00 0.000000000000000000e+00 0.000000000000000000e+00 0.000000000000000000e+00 0.000000000000000000e+00 1.880506916241991844e-01 2.353373683224898316e-01 0.000000000000000000e+00 0.000000000000000000e+00 0.000000000000000000e+00 0.000000000000000000e+00 0.000000000000000000e+00 1.729031609966439897e-01
0.000000000000000000e+00 2.203029237933228773e-02 1.715553888382028436e-01 0.000000000000000000e+00 1.181647116225173072e-01 8.607321570042519854e-02 0.000000000000000000e+00 0.000000000000000000e+00 0.000000000000000000e+00 0.000000000000000000e+00 0.000000000000000000e+00 1.662040331930708936e-01 0.000000000000000000e+00 4.328466493188549286e-02 0.000000000000000000e+00 6.192885023335812505e-02 0.000000000000000000e+00 1.083231578379288337e-02 0.000000000000000000e+00 4.870711925912188378e-02 2.718237049606754205e-02 8.011805511920741529e-02 0.000000000000000000e+00 0.000000000000000000e+00 1.639189824430181130e-01
0.000000000000000000e+00 0.000000000000000000e+00 0.000000000000000000e+00 0.000000000000000000e+00 0.000000000000000000e+00 0.000000000000000000e+00 4.222373897271785269e-03 1.597988458818718205e-01 0.000000000000000000e+00 0.000000000000000000e+00 0.000000000000000000e+00 2.781166445150803912e-01 0.000000000000000000e+00 0.000000000000000000e+00 3.812167984412703076e-02 0.000000000000000000e+00 1.242579480920184970e-01 0.000000000000000000e+00 1.729655848650580585e-01 4.675343311463184964e-02 0.000000000000000000e+00 0.000000000000000000e+00 1.253976700923247478e-01 0.000000000000000000e+00 5.036581969761582539e-02
0.000000000000000000e+00 4.755578938848670570e-03 8.283742723392865936e-02 0.000000000000000000e+00 5.245171606023836530e-02 2.104101429055154140e-02 0.000000000000000000e+00 1.667641526861868284e-01 0.000000000000000000e+00 0.000000000000000000e+00 0.000000000000000000e+00 0.000000000000000000e+00 0.000000000000000000e+00 0.000000000000000000e+00 0.000000000000000000e+00 0.000000000000000000e+00 3.203034250527061477e-01 1.090803497092688625e-02 1.882242304444433634e-01 1.095355622478289825e-01 9.714684927810695800e-03 3.346417314652993386e-02 0.000000000000000000e+00 0.000000000000000000e+00 0.000000000000000000e+00
0.000000000000000000e+00 0.000000000000000000e+00 1.505538927248346592e-01 0.000000000000000000e+00 0.000000000000000000e+00 0.000000000000000000e+00 6.453949311508201669e-02 1.618095994828178952e-01 0.000000000000000000e+00 1.532397727337226623e-01 0.000000000000000000e+00 0.000000000000000000e+00 0.000000000000000000e+00 0.000000000000000000e+00 0.000000000000000000e+00 0.000000000000000000e+00 3.396700973337781621e-02 2.973472600812581551e-03 1.939585824674044945e-01 1.624390042361818776e-01 0.000000000000000000e+00 0.000000000000000000e+00 0.000000000000000000e+00 0.000000000000000000e+00 7.651917290576609743e-02
0.000000000000000000e+00 1.148181521369849578e-01 5.729707201380315751e-03 3.035627112041362416e-02 0.000000000000000000e+00 0.000000000000000000e+00 1.006318599440927941e-01 1.517346583599980814e-01 0.000000000000000000e+00 2.686252858508219460e-02 0.000000000000000000e+00 0.000000000000000000e+00 0.000000000000000000e+00 0.000000000000000000e+00 1.645895042291190824e-01 0.000000000000000000e+00 0.000000000000000000e+00 1.411257060643588725e-02 0.000000000000000000e+00 1.625159573291651838e-01 2.652229560969516370e-02 2.126162443669105118e-02 2.312088845034612414e-02 0.000000000000000000e+00 1.577439819905956386e-01
0.000000000000000000e+00 0.000000000000000000e+00 1.299832853973640900e-01 0.000000000000000000e+00 0.000000000000000000e+00 0.000000000000000000e+00 0.000000000000000000e+00 2.648965080997672805e-01 2.593433589826938616e-03 0.000000000000000000e+00 0.000000000000000000e+00 1.180308614644617476e-01 0.000000000000000000e+00 1.503421004530083177e-02 1.615306339868267105e-01 0.000000000000000000e+00 0.000000000000000000e+00 0.000000000000000000e+00 0.000000000000000000e+00 0.000000000000000000e+00 0.000000000000000000e+00 2.175275906081130042e-02 0.000000000000000000e+00 0.000000000000000000e+00 2.861783083556411755e-01
