0.000000000000000000e+00 2.727039749318358949e-02 1.655361659316941236e-01 0.000000000000000000e+00 1.455450456063788478e-01 0.000000000000000000e+00 0.000000000000000000e+00 1.519082145798755501e-01 0.000000000000000000e+00 1.126054034375554083e-03 0.000000000000000000e+00 5.982839131212469054e-03 1.300100852598866374e-01 2.029480966242436766e-04 8.773143492387266984e-02 0.000000000000000000e+00 4.375952732661193834e-02 0.000000000000000000e+00 9.158719568751562401e-02 0.000000000000000000e+00 0.000000000000000000e+00 0.000000000000000000e+00 0.000000000000000000e+00 2.380175205217022888e-02 1.255383398765985148e-01
1.812612489858012321e-01 1.782872229984536483e-01 0.000000000000000000e+00 0.000000000000000000e+00 1.336051012710328945e-01 1.122764866973409992e-01 0.000000000000000000e+00 2.174133088246032672e-02 6.385736389187447390e-03 0.000000000000000000e+00 0.000000000000000000e+00 0.000000000000000000e+00 0.000000000000000000e+00 1.303077724189774522e-01 7.865812816186315559e-02 9.111258592066075190e-02 6.636438627422215630e-02 0.000000000000000000e+00 0.000000000000000000e+00 0.000000000000000000e+00 0.000000000000000000e+00 0.000000000000000000e+00 0.000000000000000000e+00 0.000000000000000000e+00 0.000000000000000000e+00
1.478308952652031549e-01 1.361752620685690307e-01 0.000000000000000000e+00 6.255512027485279208e-03 0.000000000000000000e+00 5.142740400397536119e-03 5.955843480649474636e-02 1.919409601623698336e-01 0.000000000000000000e+00 0.000000000000000000e+00 2.203013038899427969e-02 1.731430905079987467e-02 0.000000000000000000e+00 5.374616066859979474e-02 1.454606134362510517e-01 0.000000000000000000e+00 2.875616433250737999e-02 4.426953253578773395e-03 2.286960896768409218e-02 1.364216174233096879e-01 0.000000000000000000e+00 6.592898324885385769e-03 6.238785977614192887e-03 9.238953445255874974e-03 0.000000000000000000e+00
0.000000000000000000e+00 1.901324067770845949e-01 0.000000000000000000e+00 0.000000000000000000e+00 7.872653196787621210e-02 0.000000000000000000e+00 1.171897392816533129e-01 1.807104625198562020e-01 7.848504136752706972e-02 0.000000000000000000e+00 0.000000000000000000e+00 3.547558180860026500e-01 0.000000000000000000e+00 0.000000000000000000e+00 0.000000000000000000e+00 0.000000000000000000e+00 0.000000000000000000e+00 0.000000000000000000e+00 0.000000000000000000e+00 0.000000000000000000e+00 0.000000000000000000e+00 0.000000000000000000e+00 0.000000000000000000e+00 0.000000000000000000e+00 0.000000000000000000e+00
9.877937429829546784e-03 1.343743639963942138e-01 0.000000000000000000e+00 0.000000000000000000e+00 1.952619864680178174e-01 0.000000000000000000e+00 9.298643956099857805e-03 1.639416281724368762e-01 0.000000000000000000e+00 1.083296656968970179e-01 0.000000000000000000e+00 1.711003534801949777e-01 0.000000000000000000e+00 0.000000000000000000e+00 3.057970407439527995e-03 0.000000000000000000e+00 1.920298792961412648e-02 1.268629103698881988e-01 0.000000000000000000e+00 0.000000000000000000e+00 0.000000000000000000e+00 0.000000000000000000e+00 5.869155209318778488e-02 0.000000000000000000e+00 0.000000000000000000e+00
8.030915859013184818e-03 2.544201991763790915e-01 1.988197900678551067e-01 0.000000000000000000e+00 0.000000000000000000e+00 0.000000000000000000e+00 0.000000000000000000e+00 0.000000000000000000e+00 0.000000000000000000e+00 1.439173448773162778e-01 0.000000000000000000e+00 2.911133045165254993e-02 0.000000000000000000e+00 0.000000000000000000e+00 1.774839336038698187e-02 1.044553568685438472e-01 0.000000000000000000e+00 0.000000000000000000e+00 4.702630930321173575e-03 0.000000000000000000e+00 0.000000000000000000e+00 0.000000000000000000e+00 8.682510287132721993e-02 0.000000000000000000e+00 1.519689355372045303e-01
1.326855237187855308e-01 1.539288336784303685e-02 0.000000000000000000e+00 0.000000000000000000e+00 1.842577634922007435e-01 1.528092971249950804e-01 0.000000000000000000e+00 6.463625682899154512e-02 0.000000000000000000e+00 1.032456344644445446e-02 0.000000000000000000e+00 0.000000000000000000e+00 7.280602101293301605e-03 1.787020058026763877e-02 1.628242939055058736e-01 0.000000000000000000e+00 1.344731026770367155e-01 0.000000000000000000e+00 0.000000000000000000e+00 2.820955162008213085e-02 0.000000000000000000e+00 0.000000000000000000e+00 4.048935335962033921e-02 0.000000000000000000e+00 4.874660777693381325e-02
1.092718164707103951e-01 1.214164731833176775e-01 3.251662571536625967e-02 1.214063832584719171e-02 7.120829875892886740e-02 0.000000000000000000e+00 0.000000000000000000e+00 1.521781779203527640e-01 4.633041533493002448e-03 0.000000000000000000e+00 0.000000000000000000e+00 2.727325699638012690e-02 1.521378629858551323e-01 1.118545607992441210e-01 0.000000000000000000e+00 0.000000000000000000e+00 4.224334848949753973e-03 0.000000000000000000e+00 0.000000000000000000e+00 1.583950115176170070e-01 0.000000000000000000e+00 1.155412113376983949e-02 0.000000000000000000e+00 3.119577981016789445e-02 0.000000000000000000e+00
3.409979645441910123e-02 0.000000000000000000e+00 2.729448391739135865e-02 0.000000000000000000e+00 1.582996438995937227e-01 0.000000000000000000e+00 6.852005012479489218e-03 1.667120349915044153e-01 0.000000000000000000e+00 1.115016560855750481e-02 0.000000000000000000e+00 1.996238713287719069e-01 1.122218401492462436e-01 0.000000000000000000e+00 0.000000000000000000e+00 0.000000000000000000e+00 1.461751753972500290e-01 1.266758345907686711e-01 0.000000000000000000e+00 0.000000000000000000e+00 0.000000000000000000e+00 0.000000000000000000e+00 1.089514865001768237e-02 0.000000000000000000e+00 0.000000000000000000e+00
3.941847356799819957e-02 4.332572169103175719e-02 0.000000000000000000e+00 0.000000000000000000e+00 0.000000000000000000e+00 3.697816987817781169e-04 0.000000000000000000e+00 1.559373170944003961e-01 5.676540440215025601e-02 2.576780405411147612e-01 0.000000000000000000e+00 2.158839819295352014e-01 0.000000000000000000e+00 0.000000000000000000e+00 1.258868444382252039e-01 0.000000000000000000e+00 0.000000000000000000e+00 0.000000000000000000e+00 9.219578629571306694e-02 1.253864834104924213e-02 0.000000000000000000e+00 0.000000000000000000e+00 0.000000000000000000e+00 0.000000000000000000e+00 0.000000000000000000e+00
0.000000000000000000e+00 2.787352811912883338e-02 1.389412093396317771e-01 5.123474707518081012e-02 0.000000000000000000e+00 1.245007180313563167e-01 1.582620148894997580e-01 0.000000000000000000e+00 1.189249540972392855e-01 0.000000000000000000e+00 0.000000000000000000e+00 2.041055430546370453e-01 0.000000000000000000e+00 0.000000000000000000e+00 8.614546465983101420e-02 0.000000000000000000e+00 4.437047997689947537e-02 0.000000000000000000e+00 0.000000000000000000e+00 0.000000000000000000e+00 0.000000000000000000e+00 4.014043697884897566e-03 4.162729705871080765e-02 0.000000000000000000e+00 0.000000000000000000e+00
0.000000000000000000e+00 1.377215375556216648e-01 1.084071800390377510e-01 0.000000000000000000e+00 1.991057882032956361e-01 0.000000000000000000e+00 1.140419613356549733e-01 1.730681162160679909e-01 1.076894161109917189e-02 0.000000000000000000e+00 0.000000000000000000e+00 3.606276294536314014e-02 0.000000000000000000e+00 0.000000000000000000e+00 2.718378324223155729e-02 0.000000000000000000e+00 0.000000000000000000e+00 2.618868017526476688e-02 0.000000000000000000e+00 4.215909926918407630e-02 0.000000000000000000e+00 0.000000000000000000e+00 0.000000000000000000e+00 0.000000000000000000e+00 1.252921494071792818e-01
1.440711893280230971e-01 1.665854895922551093e-01 0.000000000000000000e+00 0.000000000000000000e+00 0.000000000000000000e+00 0.000000000000000000e+00 1.032638130315144814e-01 1.817871285906562939e-01 0.000000000000000000e+00 6.852962614923916243e-03 0.000000000000000000e+00 2.622036422646858642e-02 1.108877450665200423e-02 6.748634827078418830e-02 1.152108652842269987e-01 0.000000000000000000e+00 0.000000000000000000e+00 0.000000000000000000e+00 0.000000000000000000e+00 0.000000000000000000e+00 0.000000000000000000e+00 2.707672858847462276e-03 0.000000000000000000e+00 1.575252805282805271e-02 1.589728636428196507e-01
5.506941469544984757e-02 1.454248342579160802e-01 0.000000000000000000e+00 9.008609862320628159e-02 7.835499394765120529e-02 2.308796308755661775e-02 0.000000000000000000e+00 0.000000000000000000e+00 0.000000000000000000e+00 2.923190900012933441e-02 0.000000000000000000e+00 2.972892969677988842e-02 0.000000000000000000e+00 0.000000000000000000e+00 4.688805516066037182e-02 7.588970798223368397e-02 0.000000000000000000e+00 1.331077434768657445e-03 4.315194799673520432e-02 6.752461273461768387e-03 0.000000000000000000e+00 1.658881817852751045e-02 2.336233506652727054e-01 0.000000000000000000e+00 1.247904379996506580e-01
0.000000000000000000e+00 4.213242789845762087e-02 1.392777632527572307e-01 0.000000000000000000e+00 9.204496951581450301e-03 0.000000000000000000e+00 0.000000000000000000e+00 1.476143107559064749e-01 0.000000000000000000e+00 7.415216468376603642e-02 0.000000000000000000e+00 1.934465755155782007e-01 0.000000000000000000e+00 0.000000000000000000e+00 2.134838883875099166e-02 0.000000000000000000e+00 1.223419859825069095e-01 0.000000000000000000e+00 0.000000000000000000e+00 1.179630663598089241e-01 0.000000000000000000e+00 8.772882583047718688e-03 1.237459371778384248e-01 0.000000000000000000e+00 0.000000000000000000e+00
0.000000000000000000e+00 2.294505723457225810e-01 1.460034311703657106e-01 0.000000000000000000e+00 0.000000000000000000e+00 0.000000000000000000e+00 9.389121593587186620e-02 3.301186853597625620e-02 0.000000000000000000e+00 0.000000000000000000e+00 0.000000000000000000e+00 1.651066429638712585e-01 0.000000000000000000e+00 1.341061382037170846e-01 3.765191244258990488e-02 0.000000000000000000e+00 0.000000000000000000e+00 1.301198498185254793e-01 0.000000000000000000e+00 0.000000000000000000e+00 0.000000000000000000e+00 0.000000000000000000e+00 0.000000000000000000e+00 3.065836858335988305e-02 0.000000000000000000e+00
4.572931378810019681e-02 0.000000000000000000e+00 2.786518064517586393e-02 0.000000000000000000e+00 1.756601660739831594e-01 1.709994539225359600e-01 3.819463658617358592e-02 0.000000000000000000e+00 0.000000000000000000e+00 1.368558013841688348e-01 0.000000000000000000e+00 8.009056167496191037e-02 0.000000000000000000e+00 5.518623725785266193e-02 6.212299757528972483e-02 0.000000000000000000e+00 1.076287713146279745e-01 0.000000000000000000e+00 0.000000000000000000e+00 8.219302554099172306e-03 0.000000000000000000e+00 0.000000000000000000e+00 9.144757722303091529e-02 0.000000000000000000e+00 0.000000000000000000e+00
1.408037799822517144e-01 6.419787127265504101e-02 1.094314420069073535e-01 0.000000000000000000e+00 4.162123704833917137e-02 1.276392274971790627e-02 0.000000000000000000e+00 1.607338354181581941e-01 0.000000000000000000e+00 6.763955269659022163e-02 0.000000000000000000e+00 1.157997192810094195e-01 0.000000000000000000e+00 0.000000000000000000e+00 1.454017620195728611e-01 0.000000000000000000e+00 1.893096818907225596e-03 0.000000000000000000e+00 1.180357029349110298e-01 1.269182651429070531e-02 0.000000000000000000e+00 0.000000000000000000e+00 2.247394431360486607e-03 0.000000000000000000e+00 6.738856825328720830e-03
6.770972819715798813e-03 1.287378306035957820e-01 0.000000000000000000e+00 3.968310494801672466e-04 1.416901835654457154e-01 1.158480347573670882e-01 1.093453780338888848e-01 3.386001835993524001e-02 0.000000000000000000e+00 1.729212537215584281e-02 0.000000000000000000e+00 0.000000000000000000e+00 0.000000000000000000e+00 0.000000000000000000e+00 8.629849379207923943e-02 2.918569850325438211e-02 3.245890851444290914e-03 0.000000000000000000e+00 1.020665256526050862e-03 2.219655507233072103e-02 5.468149133535676713e-03 0.000000000000000000e+00 1.626918373535909401e-01 9.429803949478074779e-03 1.265215315261762064e-01
0.000000000000000000e+00 1.539112045802625006e-01 4.600417916364451208e-03 0.000000000000000000e+00 1.856730084874469097e-02 0.000000000000000000e+00 0.000000000000000000e+00 1.372030026030985617e-01 3.900497536250074459e-03 1.359547418025098542e-01 0.000000000000000000e+00 1.628577140470205964e-01 7.022803596415319594e-02 0.000000000000000000e+00 0.000000000000000000e+00 1.740190639393150024e-02 0.000000000000000000e+00 1.302472840167793744e-01 0.000000000000000000e+00 1.874953786825062432e-02 0.000000000000000000e+00 0.000000000000000000e+00 1.463783564226345812e-01 0.000000000000000000e+00 0.000000000000000000e+00
2.036876834842755446e-01 1.331058655523079393e-01 0.000000000000000000e+00 0.000000000000000000e+00 7.001643809234199545e-02 0.000000000000000000e+00 0.000000000000000000e+00 1.303044104680773363e-01 1.984657172231013220e-02 0.000000000000000000e+00 0.000000000000000000e+00 2.075902022970819993e-01 0.000000000000000000e+00 0.000000000000000000e+00 7.629345934400529050e-02 0.000000000000000000e+00 2.288176337891978732e-02 1.356579187037516843e-01 0.000000000000000000e+00 0.000000000000000000e+00 0.000000000000000000e+00 0.000000000000000000e+00 0.000000000000000000e+00 0.000000000000000000e+00 6.156869569281245768e-04
1.236060333494028440e-01 4.229892738286677306e-02 6.507882630480976704e-02 2.004108309517663861e-02 3.357101872650537083e-02 4.488256107976106718e-03 0.000000000000000000e+00 0.000000000000000000e+00 6.271337777515264070e-03 2.314633683915858220e-01 0.000000000000000000e+00 0.000000000000000000e+00 1.301854974931134223e-01 2.841800793818583318e-02 1.483705218012493776e-01 0.000000000000000000e+00 1.334134505934355397e-01 1.609659661488963478e-03 0.000000000000000000e+00 0.000000000000000000e+00 0.000000000000000000e+00 0.000000000000000000e+00 1.565966012163294216e-02 1.552435125505534884e-02 0.000000000000000000e+00
9.843310394366207305e-03 2.102961754368415648e-01 1.469309294859307133e-03 0.000000000000000000e+00 1.406506892742940829e-01 7.648664720249462312e-02 2.690773882212940324e-02 9.783395731585273550e-03 0.000000000000000000e+00 8.834556755811774631e-02 0.000000000000000000e+00 1.035453588467994263e-01 4.764569265222306366e-02 0.000000000000000000e+00 1.270587529551832073e-01 0.000000000000000000e+00 0.000000000000000000e+00 4.698390383181835425e-03 0.000000000000000000e+00 0.000000000000000000e+00 1.471447313520258052e-02 0.000000000000000000e+00 1.221770508682431672e-01 1.654047013218813700e-03 1.472340043125973386e-02
8.924982149733506898e-02 2.090052207474523971e-01 1.413240897754839409e-01 0.000000000000000000e+00 1.061116689378593589e-02 0.000000000000000000e+00 0.000000000000000000e+00 0.000000000000000000e+00 0.000000000000000000e+00 8.041599844000497932e-03 0.000000000000000000e+00 9.182162537694490978e-02 0.000000000000000000e+00 8.280026106770964692e-03 1.904628983123511643e-01 0.000000000000000000e+00 1.314331264371280117e-01 0.000000000000000000e+00 0.000000000000000000e+00 2.599390255679395745e-02 0.000000000000000000e+00 0.000000000000000000e+00 9.377652245195315650e-02 0.000000000000000000e+00 0.000000000000000000e+00
0.000000000000000000e+00 0.000000000000000000e+00 0.000000000000000000e+00 0.000000000000000000e+00 3.456657415775993281e-01 0.000000000000000000e+00 0.000000000000000000e+00 1.805162194634724881e-01 7.423288294563270585e-03 1.391488336409695825e-01 0.000000000000000000e+00 2.441378009836351060e-01 0.000000000000000000e+00 7.038569045836724769e-02 0.000000000000000000e+00 0.000000000000000000e+00 1.272242558139299179e-02 0.000000000000000000e+00 0.000000000000000000e+00 0.000000000000000000e+00 0.000000000000000000e+00 0.000000000000000000e+00 0.000000000000000000e+00 0.000000000000000000e+00 0.000000000000000000e+00
1.066579391834404644e-01 3.308776560621823348e-01 0.000000000000000000e+00 6.828484441962288931e-02 4.858889250341464489e-02 0.000000000000000000e+00 0.000000000000000000e+00 1.626710791490279806e-01 0.000000000000000000e+00 0.000000000000000000e+00 0.000000000000000000e+00 2.418229550945338036e-01 0.000000000000000000e+00 0.000000000000000000e+00 4.109663358777793790e-02 0.000000000000000000e+00 0.000000000000000000e+00 0.000000000000000000e+00 0.000000000000000000e+00 0.000000000000000000e+00 0.000000000000000000e+00 0.000000000000000000e+00 0.000000000000000000e+00 0.000000000000000000e+00 0.000000000000000000e+00
0.000000000000000000e+00 1.766119983742663879e-01 0.000000000000000000e+00 0.000000000000000000e+00 1.465644098435160414e-01 0.000000000000000000e+00 0.000000000000000000e+00 0.000000000000000000e+00 0.000000000000000000e+00 6.306311525899847316e-03 0.000000000000000000e+00 2.055165507500149868e-01 1.355323322996660751e-01 0.000000000000000000e+00 1.676081026340792979e-01 0.000000000000000000e+00 0.000000000000000000e+00 2.454997984646956413e-03 0.000000000000000000e+00 0.000000000000000000e+00 0.000000000000000000e+00 0.000000000000000000e+00 1.594052965879104167e-01 0.000000000000000000e+00 0.000000000000000000e+00
1.297018473035770336e-01 6.030665429421202747e-03 1.806740141192886284e-02 4.122333324042084385e-02 1.514461733838191049e-01 0.000000000000000000e+00 1.697517286735548692e-01 4.790981530387924958e-02 0.000000000000000000e+00 5.609728626117835119e-04 4.605765939643851822e-03 0.000000000000000000e+00 8.463769139416647824e-02 0.000000000000000000e+00 1.445491116661626330e-01 0.000000000000000000e+00 3.653025534224430926e-04 1.122716154107210231e-03 1.114699888033511554e-01 1.345171184620514750e-02 0.000000000000000000e+00 0.000000000000000000e+00 4.047454847708516906e-02 2.200253012618275106e-02 1.262869543046036235e-02
1.058338246599371396e-01 0.000000000000000000e+00 0.000000000000000000e+00 5.624069383164358171e-02 6.434671561602930273e-03 0.000000000000000000e+00 0.000000000000000000e+00 2.284100712087383522e-02 0.000000000000000000e+00 7.658946536640951971e-03 0.000000000000000000e+00 3.384044650541142563e-01 1.227163778221517648e-02 0.000000000000000000e+00 9.149966808145267028e-02 6.446196746375849884e-02 2.430476733264062481e-02 0.000000000000000000e+00 1.278854501340943306e-01 7.807586714081929044e-03 0.000000000000000000e+00 0.000000000000000000e+00 1.343553137269441755e-01 0.000000000000000000e+00 0.000000000000000000e+00
1.068662507145536414e-02 3.174475099222537344e-01 6.533568739822331883e-02 0.000000000000000000e+00 0.000000000000000000e+00 1.774207882925957908e-02 9.058301074951002896e-02 0.000000000000000000e+00 2.526316877289215557e-02 4.432888700943063420e-02 0.000000000000000000e+00 2.579085382063577882e-03 0.000000000000000000e+00 0.000000000000000000e+00 1.385118571262130838e-01 0.000000000000000000e+00 2.666329763388280635e-02 1.214280870010873842e-01 0.000000000000000000e+00 0.000000000000000000e+00 0.000000000000000000e+00 0.000000000000000000e+00 1.394307051037283751e-01 0.000000000000000000e+00 0.000000000000000000e+00
