0.000000000000000000e+00 1.712354668365705657e-01 0.000000000000000000e+00 7.783271612790507166e-02 0.000000000000000000e+00 1.113487497564235457e-01 2.429724174497428085e-02 2.316730005822275479e-02 0.000000000000000000e+00 8.165649387257394032e-02 9.855726266231441823e-03 1.562975942961719045e-01 2.979900978606576933e-02 0.000000000000000000e+00 1.158978675047448240e-02 3.789075910879296290e-03 5.649402407460574205e-02 3.690181654183454212e-03 9.912408048705288743e-02 1.398225523776650547e-01
7.125969150382779893e-02 0.000000000000000000e+00 0.000000000000000000e+00 3.316771295594628244e-01 8.877486448832549223e-04 1.634766468990683508e-01 0.000000000000000000e+00 5.931352059762218243e-02 1.884916053747399955e-01 0.000000000000000000e+00 0.000000000000000000e+00 0.000000000000000000e+00 0.000000000000000000e+00 0.000000000000000000e+00 0.000000000000000000e+00 0.000000000000000000e+00 0.000000000000000000e+00 7.212279918828694292e-02 1.127708582321086117e-01 0.000000000000000000e+00
2.233709812849009671e-02 1.365162389992012060e-01 0.000000000000000000e+00 3.087571457106307871e-01 0.000000000000000000e+00 1.522089708573753364e-01 0.000000000000000000e+00 5.265192938870125183e-02 1.738956257559812757e-01 0.000000000000000000e+00 9.727566848315243042e-02 0.000000000000000000e+00 0.000000000000000000e+00 2.708637953510843049e-02 0.000000000000000000e+00 0.000000000000000000e+00 2.927094314135914380e-02 0.000000000000000000e+00 0.000000000000000000e+00 0.000000000000000000e+00
0.000000000000000000e+00 1.272742024726877808e-01 6.159840100985308200e-04 1.547284685415902528e-01 0.000000000000000000e+00 3.216614361489229107e-02 1.239058417023702341e-01 8.203903783819302409e-02 1.771045356467255971e-01 0.000000000000000000e+00 0.000000000000000000e+00 5.470028555901203238e-02 2.420086224753414950e-02 0.000000000000000000e+00 0.000000000000000000e+00 1.936758863435778660e-02 0.000000000000000000e+00 1.773785289121952713e-01 2.651852082034323460e-02 0.000000000000000000e+00
0.000000000000000000e+00 0.000000000000000000e+00 0.000000000000000000e+00 1.690766176374845497e-01 2.199225487691186531e-02 1.296561047547980516e-01 0.000000000000000000e+00 7.129061850940016098e-02 6.399322947026282737e-03 1.545316662855494572e-01 1.679727775586196681e-01 0.000000000000000000e+00 0.000000000000000000e+00 1.198470697052560346e-01 0.000000000000000000e+00 0.000000000000000000e+00 0.000000000000000000e+00 0.000000000000000000e+00 1.592335677249538395e-01 0.000000000000000000e+00
1.292978617410684983e-01 1.628159774512118740e-01 1.550786574917768432e-02 0.000000000000000000e+00 7.730135740192976834e-02 1.762659779928716364e-01 1.383187288724495312e-01 1.522537409749201154e-01 1.118114374890040452e-01 1.306358892441288229e-02 0.000000000000000000e+00 2.336346340295396284e-02 0.000000000000000000e+00 0.000000000000000000e+00 0.000000000000000000e+00 0.000000000000000000e+00 0.000000000000000000e+00 0.000000000000000000e+00 0.000000000000000000e+00 0.000000000000000000e+00
1.252066361058319366e-01 0.000000000000000000e+00 1.106170571674902764e-01 0.000000000000000000e+00 2.327625968886579133e-02 1.641612455374653334e-01 0.000000000000000000e+00 3.860208160691068154e-04 1.946315804202502497e-01 1.252653909502003671e-01 1.049742534720838061e-01 0.000000000000000000e+00 0.000000000000000000e+00 1.274764108537148471e-02 0.000000000000000000e+00 0.000000000000000000e+00 5.861900262265590938e-03 1.328720144941061554e-01 0.000000000000000000e+00 0.000000000000000000e+00
1.418062777688963993e-01 0.000000000000000000e+00 1.140984685715426767e-03 1.546673391374582540e-01 2.745494238901326906e-02 2.086784753847243656e-01 1.429405420925881909e-01 5.781147874765421059e-03 1.205443462738496618e-01 0.000000000000000000e+00 0.000000000000000000e+00 6.526006315164619223e-03 1.036038434090199786e-02 1.165912830759929103e-01 0.000000000000000000e+00 0.000000000000000000e+00 2.285544659962529535e-02 2.623084077423310997e-02 1.442198328707108325e-02 0.000000000000000000e+00
1.795076190003794953e-02 1.749722486928223797e-01 6.878114074651833776e-02 2.805630435681878421e-01 0.000000000000000000e+00 5.188812045878588020e-02 0.000000000000000000e+00 1.198441773828639728e-01 9.988853534955628721e-02 0.000000000000000000e+00 0.000000000000000000e+00 5.615098065253292664e-02 0.000000000000000000e+00 0.000000000000000000e+00 0.000000000000000000e+00 0.000000000000000000e+00 0.000000000000000000e+00 1.516216110509208126e-02 1.147988301436024122e-01 0.000000000000000000e+00
6.215659016472925569e-02 2.478187935772075690e-01 4.298911660458800375e-03 1.346043952671372446e-01 9.402443074084655683e-02 2.407205828018969818e-02 4.246792336347454677e-02 1.287194756908270621e-02 6.240782648827719603e-02 2.233647243676319810e-02 1.163707459538736999e-01 5.181591252135608200e-02 7.348820333712092513e-03 0.000000000000000000e+00 1.064219778830802765e-01 0.000000000000000000e+00 1.098319375981100972e-02 0.000000000000000000e+00 0.000000000000000000e+00 0.000000000000000000e+00
4.666879004477039912e-03 9.127249875244572430e-02 0.000000000000000000e+00 1.149754767645998210e-01 0.000000000000000000e+00 1.611119536746154768e-01 1.020711622489722456e-02 0.000000000000000000e+00 2.681743566662522782e-01 2.263152887335182634e-02 0.000000000000000000e+00 5.692162877757245276e-02 1.225367904807199426e-02 0.000000000000000000e+00 0.000000000000000000e+00 0.000000000000000000e+00 1.385151518711100725e-02 1.244662001071135948e-01 1.194671669194915936e-01 0.000000000000000000e+00
7.489943924865194447e-02 1.776602634052419083e-01 0.000000000000000000e+00 3.535024117265326421e-02 8.286635948685608030e-03 1.287476808834039643e-01 1.443949973483067868e-02 5.820276909279022137e-02 1.166186857111087445e-02 5.132474436676402740e-02 1.529464797954724125e-03 1.264877014472407246e-01 1.764137861722110331e-02 0.000000000000000000e+00 1.339089007146531014e-02 1.812740506729353107e-02 0.000000000000000000e+00 1.246767237154443181e-01 1.178078553907762477e-01 1.976543846847151828e-02
9.382680058879026841e-02 1.720170831468627662e-02 0.000000000000000000e+00 1.513220997238001464e-01 0.000000000000000000e+00 1.635748391461337714e-01 0.000000000000000000e+00 4.620558371713216067e-02 1.070205385366771247e-02 1.567455338318955449e-01 4.979254682456795561e-02 1.516095618360468744e-01 0.000000000000000000e+00 0.000000000000000000e+00 0.000000000000000000e+00 0.000000000000000000e+00 0.000000000000000000e+00 1.356345179542318702e-01 2.338475420904728361e-02 0.000000000000000000e+00
2.714681101601685853e-01 7.796716397322572822e-02 0.000000000000000000e+00 0.000000000000000000e+00 0.000000000000000000e+00 1.715633907223179100e-01 1.519246004473080169e-01 1.412574317011058020e-03 0.000000000000000000e+00 0.000000000000000000e+00 3.988715288914005536e-02 1.636568501951339571e-01 9.679982764436602730e-03 0.000000000000000000e+00 0.000000000000000000e+00 0.000000000000000000e+00 2.112402796349835410e-02 9.131614656775974281e-02 0.000000000000000000e+00 0.000000000000000000e+00
1.718623414376761471e-01 1.747177811620373791e-02 0.000000000000000000e+00 1.573033098086219495e-01 0.000000000000000000e+00 2.134137545213667386e-01 0.000000000000000000e+00 1.174927047342763653e-01 1.723664983079994661e-01 1.472272789602361853e-01 0.000000000000000000e+00 0.000000000000000000e+00 0.000000000000000000e+00 0.000000000000000000e+00 0.000000000000000000e+00 0.000000000000000000e+00 0.000000000000000000e+00 2.862334113619303434e-03 0.000000000000000000e+00 0.000000000000000000e+00
