0.000000000000000000e+00 1.578782358518373121e-03 0.000000000000000000e+00 7.835797155749153406e-03 7.493111165308240229e-02 3.208590432282303062e-02 9.035986106677054708e-02 5.717429253152743474e-02 0.000000000000000000e+00 1.407892171416337546e-01 5.315729138689755150e-04 3.672389182887002973e-02 6.940889411888330300e-03 9.727932912809887644e-02 1.416226544220533234e-01 2.572007697401314588e-02 4.874735930742355589e-02 0.000000000000000000e+00 0.000000000000000000e+00 8.109267301473885650e-03 2.845855306465274598e-02 0.000000000000000000e+00 8.801157436576613827e-03 4.411407207625514526e-02 1.481962099047205994e-01
1.102073644650057365e-03 6.269195355094718536e-02 8.600351642760878379e-02 2.805048615578489141e-02 6.392801239088272656e-03 0.000000000000000000e+00 1.413217048921789065e-01 0.000000000000000000e+00 0.000000000000000000e+00 1.274822266229005685e-01 6.494898064946972964e-03 1.345988188247389805e-01 1.458270188703055144e-02 8.000098900306701344e-03 1.852438305792733020e-03 0.000000000000000000e+00 3.814655487834597847e-02 1.820523803836395643e-02 1.629514420218093488e-03 0.000000000000000000e+00 2.073647898668893111e-02 0.000000000000000000e+00 0.000000000000000000e+00 1.624501774472474347e-01 1.402583177131610237e-01
0.000000000000000000e+00 0.000000000000000000e+00 0.000000000000000000e+00 1.174292918906590100e-01 3.411999499856356588e-02 4.869431638782444755e-02 7.893366920606681436e-02 9.688984681506267529e-03 0.000000000000000000e+00 4.808919682102300031e-02 3.878522186802080968e-02 0.000000000000000000e+00 3.676243572835506505e-03 1.139387320987780144e-02 2.362918409752413629e-01 9.863397085703697054e-02 3.558086271767557651e-02 4.382145592651785077e-02 5.499781062309829632e-02 3.790293426904132838e-04 0.000000000000000000e+00 0.000000000000000000e+00 1.063358299960601855e-01 3.314840692530209715e-02 0.000000000000000000e+00
0.000000000000000000e+00 3.181307843634770954e-02 0.000000000000000000e+00 4.878710428260420694e-03 1.803244546384181191e-01 2.224409630730447146e-02 0.000000000000000000e+00 0.000000000000000000e+00 0.000000000000000000e+00 2.128023061032505159e-02 0.000000000000000000e+00 2.231621850324265188e-01 1.624355915211229962e-02 1.240899315833583630e-03 1.014387348246785642e-01 1.507071874046862422e-02 0.000000000000000000e+00 8.514044279057489395e-02 5.913615970282339734e-02 0.000000000000000000e+00 1.039693379749417716e-02 3.547994030099188827e-03 5.298321637976936144e-02 1.710985858130635029e-01 0.000000000000000000e+00
0.000000000000000000e+00 8.910100526396882992e-02 0.000000000000000000e+00 0.000000000000000000e+00 0.000000000000000000e+00 2.644553011846121748e-03 1.759821503896713546e-01 0.000000000000000000e+00 0.000000000000000000e+00 1.900730177274951097e-02 0.000000000000000000e+00 7.476006294638176675e-02 9.673870561587466499e-02 1.804942679497489530e-02 1.728604611230921684e-01 1.061137755435929975e-01 5.028739311092034897e-03 0.000000000000000000e+00 0.000000000000000000e+00 5.544632898259878317e-02 1.786624084712288240e-04 6.336048428208531508e-03 5.062038336844377519e-03 1.726907400706328144e-01 0.000000000000000000e+00
0.000000000000000000e+00 0.000000000000000000e+00 8.766038706447167039e-02 0.000000000000000000e+00 4.107905041368565061e-03 6.145257325911388652e-02 1.285321436677384355e-01 3.599123653448020599e-02 3.297195208587434812e-02 1.278451732089902482e-01 0.000000000000000000e+00 8.822633223410310255e-02 0.000000000000000000e+00 0.000000000000000000e+00 1.529663712751981042e-01 8.040775372394690090e-02 1.504617955653455262e-02 0.000000000000000000e+00 0.000000000000000000e+00 9.140692936487546105e-03 0.000000000000000000e+00 0.000000000000000000e+00 2.082835750126887930e-02 7.110135607916769074e-03 1.477128063025065496e-01
3.326527396778785478e-02 2.979888467630541042e-03 0.000000000000000000e+00 1.460716511839600142e-02 1.492757694157550163e-01 0.000000000000000000e+00 1.664371456876968247e-01 1.604205830244518835e-02 0.000000000000000000e+00 4.538988145586721201e-02 0.000000000000000000e+00 1.201379942653946625e-01 3.347498308937749915e-03 7.310862726818029809e-03 2.244164416653916805e-02 0.000000000000000000e+00 8.430696207658776309e-02 0.000000000000000000e+00 2.440665690525045672e-02 0.000000000000000000e+00 3.645358490000981389e-02 1.119494369388319560e-01 1.351231106358301293e-02 1.346147412258646980e-02 1.346743921098821906e-01
0.000000000000000000e+00 1.061422386056155159e-01 3.095419052486273609e-02 0.000000000000000000e+00 1.963135877224866238e-02 1.476716111471919682e-03 2.225698695760936971e-02 6.753513082430599723e-02 2.941565817617332063e-03 1.690534437346404018e-01 4.611983542642905491e-03 1.147671200327578522e-01 7.538111076738728336e-03 8.103688547989531740e-03 1.275257606167316815e-01 1.050166971250839909e-01 4.027120410802941669e-02 0.000000000000000000e+00 5.628677807083383444e-02 2.053786891176201130e-03 0.000000000000000000e+00 0.000000000000000000e+00 0.000000000000000000e+00 9.578541038919013290e-03 1.042546976007249493e-01
0.000000000000000000e+00 1.154372094864844212e-01 5.152874997514521500e-03 2.656441644546365943e-02 9.465476401358056957e-02 0.000000000000000000e+00 1.183288019562758336e-01 0.000000000000000000e+00 2.726735325470330817e-02 1.940372229502978357e-02 0.000000000000000000e+00 8.590129016698588860e-02 3.911170749072980651e-02 0.000000000000000000e+00 1.496569501528664525e-01 0.000000000000000000e+00 9.203717228445811027e-02 1.154798134965153572e-02 1.349630451676501336e-02 0.000000000000000000e+00 0.000000000000000000e+00 2.588796468161997863e-03 1.193500953397947165e-02 1.869156455873495215e-01 0.000000000000000000e+00
0.000000000000000000e+00 0.000000000000000000e+00 3.751761562061726746e-03 6.553126060162689330e-03 0.000000000000000000e+00 1.260376468378562320e-01 2.434969266761895235e-01 3.132571455609760996e-02 2.441214155761207635e-02 1.687665385220856601e-03 0.000000000000000000e+00 2.676607957303134833e-01 0.000000000000000000e+00 0.000000000000000000e+00 5.025062663184308442e-02 2.558777453734875640e-02 3.452137986237750061e-02 0.000000000000000000e+00 8.992291811770197416e-03 1.932111191795907526e-02 0.000000000000000000e+00 0.000000000000000000e+00 0.000000000000000000e+00 1.564010368731871825e-01 0.000000000000000000e+00
0.000000000000000000e+00 3.109134820166769425e-02 1.149567923207661241e-01 1.649788907192589055e-02 0.000000000000000000e+00 1.786329978877724070e-04 1.531160679123412527e-02 8.585644561904281699e-03 0.000000000000000000e+00 0.000000000000000000e+00 0.000000000000000000e+00 1.213504703840695836e-01 1.105468622328102807e-01 1.425760873103193438e-02 1.155895385086241484e-01 6.326535529167139071e-02 6.652384319595126827e-02 0.000000000000000000e+00 1.424247955297672508e-01 0.000000000000000000e+00 0.000000000000000000e+00 4.701200323002125911e-03 7.017399536474486221e-02 4.454458786184673641e-02 5.999982863109446646e-02
0.000000000000000000e+00 3.678720916505173744e-02 9.692454185630788865e-02 0.000000000000000000e+00 1.441736603024713348e-01 1.422729605603741815e-02 0.000000000000000000e+00 2.387956661951076524e-03 1.521865113534405858e-02 3.074124787991628915e-01 1.008455716375594204e-02 2.796488191304648610e-02 0.000000000000000000e+00 6.900377816651286078e-02 9.582663862716920417e-03 2.141603269822525343e-02 0.000000000000000000e+00 3.851853133319493167e-02 2.771368794991671894e-02 0.000000000000000000e+00 3.537980268592429145e-03 5.014018867631440078e-03 1.270180848062485157e-01 2.843105033497546168e-03 4.017088396033463571e-02
1.532427324162497981e-02 1.126912978103480900e-01 2.165557587097116654e-02 5.170467391940983259e-02 7.392321386439171249e-02 0.000000000000000000e+00 2.837270444397753041e-02 3.127349550214268865e-03 1.326049198966363068e-03 2.262814018930047952e-02 6.773382737046829138e-02 2.860095950108881291e-01 3.139570189063000533e-02 0.000000000000000000e+00 2.698822824335756626e-02 1.711739145508705401e-02 2.683682933266170328e-02 0.000000000000000000e+00 1.563387318933423531e-01 0.000000000000000000e+00 0.000000000000000000e+00 2.028230463047926008e-02 3.654411208388117643e-02 0.000000000000000000e+00 0.000000000000000000e+00
0.000000000000000000e+00 1.178390489895137921e-01 0.000000000000000000e+00 9.374856610568622906e-02 0.000000000000000000e+00 0.000000000000000000e+00 1.594454288011958043e-02 9.122564042369410431e-02 0.000000000000000000e+00 1.399493427287070990e-01 0.000000000000000000e+00 1.566355775555242080e-02 2.558170741570213024e-03 0.000000000000000000e+00 1.444916395928192709e-01 1.038496403419882433e-02 0.000000000000000000e+00 3.981295056459691235e-03 1.559719736141907953e-01 0.000000000000000000e+00 0.000000000000000000e+00 2.265507207807741438e-02 1.295837946112059491e-01 5.600239138820461288e-02 0.000000000000000000e+00
0.000000000000000000e+00 3.665918256060956421e-02 1.024212183906601237e-01 5.857311888096451875e-03 1.376665241649265847e-01 0.000000000000000000e+00 1.125933429359706056e-01 3.091053840944004566e-02 2.685728762462426603e-02 4.795183693978226358e-02 2.133005441805666674e-02 1.318761485262522348e-01 0.000000000000000000e+00 8.718474271699169819e-04 1.082650812193669265e-01 2.144311390587198829e-02 1.241653979135999043e-02 0.000000000000000000e+00 1.543353466190457712e-01 1.785821378190224212e-02 0.000000000000000000e+00 1.196305998907192664e-02 1.547169625414958859e-02 0.000000000000000000e+00 3.251655153642775149e-03
2.809538591878067704e-03 8.542530592996486205e-02 0.000000000000000000e+00 4.195770634547821981e-02 1.503647117101935826e-01 2.493749116966380297e-02 2.492914980446448575e-02 1.933023265787839340e-02 2.200669594252453731e-02 1.304504290696001378e-01 0.000000000000000000e+00 6.684856590219093522e-03 3.088558392628432299e-03 0.000000000000000000e+00 1.474209555627916945e-01 0.000000000000000000e+00 1.079553954765380928e-03 0.000000000000000000e+00 0.000000000000000000e+00 0.000000000000000000e+00 0.000000000000000000e+00 5.102661483179654796e-03 7.343608457745400345e-03 1.947596887546704236e-01 1.323088555823536960e-01
1.123977340469092812e-02 3.602869385560440035e-02 0.000000000000000000e+00 8.942094032789879576e-02 1.495223410134181030e-01 2.657272040450381345e-02 1.497319537420463142e-01 5.339998346999611650e-03 5.084980789939826454e-03 1.427014630111194116e-01 2.455098767989247199e-02 1.375426536017396728e-01 0.000000000000000000e+00 1.039968278258822029e-02 1.589120726554462890e-02 0.000000000000000000e+00 5.498793376461838522e-02 4.436265783145181517e-03 3.731893344229331860e-02 1.735801182424847342e-04 0.000000000000000000e+00 0.000000000000000000e+00 1.762323247914947960e-02 7.461742499050560973e-02 6.815233196059240425e-03
0.000000000000000000e+00 1.036929917514048116e-01 0.000000000000000000e+00 8.673675141781993225e-02 1.281688146390827232e-01 0.000000000000000000e+00 2.977811190410282333e-02 1.363028975210347771e-01 4.309022250085050784e-03 5.765985911847178874e-03 1.044980884922643710e-02 5.261140698869586768e-02 0.000000000000000000e+00 0.000000000000000000e+00 6.084652439856873957e-02 0.000000000000000000e+00 0.000000000000000000e+00 0.000000000000000000e+00 1.749455950578008290e-01 1.136361619933933843e-03 0.000000000000000000e+00 1.082095891765828544e-01 0.000000000000000000e+00 2.145175057093297311e-02 7.559438794288099450e-02
0.000000000000000000e+00 7.235813728558886104e-02 5.570346163172683156e-03 2.963671672369514246e-02 1.346340637308236499e-01 1.331540271965098686e-02 1.608781937548117019e-02 1.130070682290523626e-01 0.000000000000000000e+00 1.419262706931884443e-01 1.209264722574401353e-02 0.000000000000000000e+00 0.000000000000000000e+00 4.039267369042318784e-02 1.848446851214506637e-01 0.000000000000000000e+00 1.814487535349124103e-02 0.000000000000000000e+00 1.833982819028981762e-02 0.000000000000000000e+00 3.763733760639645029e-03 2.951678902078661015e-02 0.000000000000000000e+00 1.397270600599593779e-02 1.523962367105254623e-01
0.000000000000000000e+00 4.536635058937975307e-02 1.131062401737650408e-01 0.000000000000000000e+00 8.240866913011462777e-03 3.367858927931782070e-02 8.377250516104989622e-03 0.000000000000000000e+00 0.000000000000000000e+00 2.463128082930425219e-02 1.330405888543303300e-02 1.306075637233302111e-01 5.004669876116353729e-03 0.000000000000000000e+00 2.586938549245542673e-01 2.340841625300581902e-03 1.033970275375690074e-03 1.128992307859405519e-02 2.022804983133034626e-02 0.000000000000000000e+00 3.971253208173070731e-02 1.076420653317372994e-01 0.000000000000000000e+00 3.122379786015196806e-02 1.455180942054622173e-01
2.565049977299526870e-02 2.028309290468619658e-02 1.127503332526847216e-02 9.677064424103569429e-02 1.272929415761922534e-01 1.274668507837748987e-01 1.063409733618968234e-01 1.052570453213235585e-02 2.313801487659307779e-02 4.024378946205695723e-02 0.000000000000000000e+00 4.079629096629135837e-02 0.000000000000000000e+00 3.349979486087524723e-03 1.516921871472770578e-01 7.703744555970790109e-02 1.395890450717588360e-03 1.526244257020445416e-02 2.476348211981394334e-02 3.958347091709372295e-02 0.000000000000000000e+00 1.433208142491594790e-02 1.738616484297591386e-02 2.274144455556869650e-03 2.313887522272584096e-02
7.896676175331430840e-04 6.399015668308150051e-02 1.003729334743395929e-02 0.000000000000000000e+00 0.000000000000000000e+00 0.000000000000000000e+00 6.165918328092781509e-02 0.000000000000000000e+00 0.000000000000000000e+00 1.717804716631143314e-01 0.000000000000000000e+00 1.121379770058645031e-01 6.594061215665941722e-03 3.904586984552659706e-02 2.244868420938345432e-01 1.055645929515672404e-01 5.782385789920485054e-03 1.174636024400434317e-03 1.006997797875144787e-03 2.819879956377663310e-02 0.000000000000000000e+00 0.000000000000000000e+00 0.000000000000000000e+00 5.984271189482207737e-02 1.079083532246555982e-01
0.000000000000000000e+00 3.828764071213568154e-02 0.000000000000000000e+00 1.128399724109245376e-02 0.000000000000000000e+00 2.733307391045911028e-02 1.584226112360336280e-01 3.968782092251697119e-02 4.910294161087570136e-02 9.371506802551581028e-02 1.020488249314912936e-02 8.497781151631178531e-02 1.302255842351454466e-02 7.113564120861731732e-02 2.019890921892268099e-01 0.000000000000000000e+00 0.000000000000000000e+00 3.158260703542959541e-02 1.434910359507313715e-01 0.000000000000000000e+00 0.000000000000000000e+00 0.000000000000000000e+00 1.247175930353170564e-02 1.329145822085837231e-02 0.000000000000000000e+00
1.651887598356878428e-02 2.458433362950268944e-02 9.526840263983536727e-02 1.424826436328411119e-02 1.383891952792666233e-02 0.000000000000000000e+00 5.060596828644230161e-03 4.678588624171174659e-02 0.000000000000000000e+00 2.303733176004187436e-02 0.000000000000000000e+00 1.256039258830958794e-01 0.000000000000000000e+00 0.000000000000000000e+00 1.665736142445920498e-01 2.866872843244170146e-02 0.000000000000000000e+00 0.000000000000000000e+00 1.619052071930991710e-01 0.000000000000000000e+00 1.890337054030306538e-02 0.000000000000000000e+00 8.193100249185615580e-02 3.587478082109967631e-02 1.411967594189968145e-01
0.000000000000000000e+00 2.198278528778093918e-02 0.000000000000000000e+00 1.072654833852038775e-03 1.229778907022758827e-01 1.202629574834168658e-02 0.000000000000000000e+00 1.194593607728844653e-01 0.000000000000000000e+00 4.551618187223300388e-02 2.690132191561446159e-02 1.557599928545752924e-02 1.652945003382829889e-02 5.298222961132938169e-02 3.561766731683945753e-01 0.000000000000000000e+00 4.243815474985907985e-03 1.901440785628768105e-03 0.000000000000000000e+00 0.000000000000000000e+00 0.000000000000000000e+00 4.230492177337026594e-02 4.537529147523196565e-04 4.467851733647373001e-03 1.554273740856232100e-01
0.000000000000000000e+00 1.714468571229895988e-01 0.000000000000000000e+00 2.130169708872299214e-02 5.234851908062088631e-03 0.000000000000000000e+00 1.256647273526663722e-01 8.954292923055465203e-02 0.000000000000000000e+00 1.893175416077294212e-02 9.756103203078170943e-03 1.416358379773645371e-01 1.225113833332354268e-01 1.701232719719576042e-02 1.013608042033685014e-01 0.000000000000000000e+00 0.000000000000000000e+00 0.000000000000000000e+00 7.057108411408780611e-03 0.000000000000000000e+00 0.000000000000000000e+00 3.870655984344839335e-03 0.000000000000000000e+00 3.262978186266029396e-02 1.320431809635752851e-01
0.000000000000000000e+00 1.241767125051026904e-01 2.029522914660822352e-02 2.340417309384239600e-02 8.778928781482904509e-02 0.000000000000000000e+00 5.219391944613378798e-02 1.248337105319450614e-02 0.000000000000000000e+00 2.772240654960297836e-03 0.000000000000000000e+00 5.350973401742212254e-02 0.000000000000000000e+00 2.828014353596927134e-03 2.795208917023869200e-01 0.000000000000000000e+00 0.000000000000000000e+00 0.000000000000000000e+00 2.660055114613316812e-02 0.000000000000000000e+00 0.000000000000000000e+00 1.004989507397172632e-01 3.927688432541828062e-02 1.661994393000123249e-01 8.450600700641897750e-03
0.000000000000000000e+00 9.763894678011392214e-03 9.210756895371996489e-02 1.600830220526373773e-03 8.492287046243472692e-02 0.000000000000000000e+00 1.405427465122102877e-02 0.000000000000000000e+00 0.000000000000000000e+00 9.456054944344037538e-02 0.000000000000000000e+00 9.313272470339090114e-02 9.207598668793359753e-02 3.547435494383398974e-02 2.599422285691177503e-01 1.183117243868908770e-02 6.036907517167441027e-03 0.000000000000000000e+00 2.658914945234430293e-03 0.000000000000000000e+00 0.000000000000000000e+00 1.257371592381494735e-02 1.485522178161929330e-01 2.778855660288837015e-02 1.292323144238261001e-02
0.000000000000000000e+00 0.000000000000000000e+00 5.665130476346941224e-02 0.000000000000000000e+00 1.387043770636124940e-01 4.515001219877240804e-03 0.000000000000000000e+00 1.239926388409436364e-01 1.529015936825443844e-02 0.000000000000000000e+00 0.000000000000000000e+00 1.452577367097220191e-02 0.000000000000000000e+00 8.944185584602377947e-02 2.254147182213729061e-01 0.000000000000000000e+00 0.000000000000000000e+00 0.000000000000000000e+00 2.635698139084771598e-03 0.000000000000000000e+00 2.595640259885282491e-02 6.736346406990643965e-02 0.000000000000000000e+00 1.701686890027120647e-01 6.533991719491789862e-02
0.000000000000000000e+00 8.385717241871212813e-02 1.898549808957497858e-04 0.000000000000000000e+00 1.268596012717388144e-01 0.000000000000000000e+00 1.769271436136434505e-01 0.000000000000000000e+00 0.000000000000000000e+00 6.103483454960368683e-03 0.000000000000000000e+00 1.324734366609619796e-01 2.473375665543919161e-02 0.000000000000000000e+00 1.740769617829192317e-01 0.000000000000000000e+00 5.119968778622269179e-02 0.000000000000000000e+00 2.152565232612068877e-02 0.000000000000000000e+00 0.000000000000000000e+00 0.000000000000000000e+00 0.000000000000000000e+00 2.020532490483857857e-01 0.000000000000000000e+00
0.000000000000000000e+00 1.207856577153406802e-01 1.170024055022881627e-02 3.966141889268309101e-02 1.840853117457737914e-02 0.000000000000000000e+00 0.000000000000000000e+00 2.315852556288675035e-02 4.423872759073859025e-03 8.509602401390545245e-02 1.513249222499331824e-02 9.793396664020653786e-02 0.000000000000000000e+00 0.000000000000000000e+00 2.234130519430966855e-01 0.000000000000000000e+00 0.000000000000000000e+00 0.000000000000000000e+00 1.609543460851372010e-01 0.000000000000000000e+00 0.000000000000000000e+00 0.000000000000000000e+00 1.641664121309616697e-01 0.000000000000000000e+00 3.516546030690848035e-02
0.000000000000000000e+00 6.623729044731656301e-02 5.441490064691371920e-02 3.429259615521727377e-03 4.300069056808790424e-03 8.627499597129269227e-02 1.292349217443302667e-01 2.604704143382744613e-02 9.524345899260187182e-03 1.292881231594509017e-01 0.000000000000000000e+00 1.394358601700550204e-01 1.467724765274835974e-02 1.152823818557232498e-03 2.233220450620083605e-02 0.000000000000000000e+00 1.582891774370760382e-02 2.417127324887390072e-02 6.181836345010961221e-03 0.000000000000000000e+00 3.501614264978684943e-03 3.287884186934888348e-02 5.555703670418245255e-02 1.347003028869372399e-01 4.083109281467671436e-02
0.000000000000000000e+00 0.000000000000000000e+00 9.488409863036516984e-03 1.057519343211682228e-01 6.919863308301313354e-02 4.232585300846875703e-03 1.775028085617030293e-01 1.077636020848329879e-01 3.358095154106907100e-03 0.000000000000000000e+00 0.000000000000000000e+00 8.396456683632019802e-02 0.000000000000000000e+00 1.103196832157082863e-01 0.000000000000000000e+00 3.818090007454177925e-02 0.000000000000000000e+00 0.000000000000000000e+00 1.729194015521594574e-01 0.000000000000000000e+00 0.000000000000000000e+00 0.000000000000000000e+00 5.667813128718014737e-02 2.673521323325908985e-02 3.390603543212335202e-02
2.354914548249201905e-02 8.660217409977716274e-03 9.700939425498368573e-02 7.266363285728007215e-02 1.585578648135252400e-01 3.205592677177950163e-03 9.022349946371391316e-02 0.000000000000000000e+00 0.000000000000000000e+00 1.431342484862221098e-01 0.000000000000000000e+00 1.731496353727748558e-02 1.284165246917599087e-03 0.000000000000000000e+00 7.065446734028875408e-03 8.508600050812004101e-02 0.000000000000000000e+00 1.776092290181689737e-02 0.000000000000000000e+00 0.000000000000000000e+00 8.034107385240382704e-02 4.279132139128805426e-03 2.369290265523059727e-02 1.661717969797031902e-01 0.000000000000000000e+00
6.035552922153577041e-03 0.000000000000000000e+00 4.689355911597642423e-02 0.000000000000000000e+00 7.815415279781344482e-02 1.242513410393336487e-01 1.258584555616122647e-02 0.000000000000000000e+00 2.301956778189308619e-02 1.163992557568684257e-02 1.099386999111787600e-03 1.331891974500200027e-01 3.939240500049821792e-02 2.132345842211136669e-02 4.076555267650215642e-02 1.337961095245994436e-01 8.522703291946449877e-02 0.000000000000000000e+00 0.000000000000000000e+00 3.692523006932041385e-02 0.000000000000000000e+00 2.828225326736379889e-03 2.443811986850411011e-02 1.679183480776030024e-01 1.051698887651037091e-02
0.000000000000000000e+00 0.000000000000000000e+00 8.723655003947419773e-02 1.025495534992497682e-01 3.157197583369356769e-02 0.000000000000000000e+00 4.588571740490825397e-03 1.299442164170615949e-02 0.000000000000000000e+00 3.995516727764832077e-02 2.995368650341581271e-02 1.378166844013912484e-01 1.311879724251286197e-02 7.489619358195471858e-03 1.760924917505993503e-01 0.000000000000000000e+00 0.000000000000000000e+00 1.548868889941175733e-02 2.125838668104280266e-02 0.000000000000000000e+00 0.000000000000000000e+00 1.227217141212346915e-02 3.031479698765185155e-03 3.933427372754402795e-02 2.652474802927352049e-01
0.000000000000000000e+00 4.139398215669037179e-02 1.289933890372233771e-01 1.252683802055857831e-01 1.438648433201002164e-01 2.190325203100669527e-02 0.000000000000000000e+00 1.390135281323225808e-02 2.936666766708578499e-02 0.000000000000000000e+00 0.000000000000000000e+00 0.000000000000000000e+00 0.000000000000000000e+00 0.000000000000000000e+00 1.478796897921176301e-01 0.000000000000000000e+00 0.000000000000000000e+00 0.000000000000000000e+00 0.000000000000000000e+00 6.695400062736357565e-03 0.000000000000000000e+00 1.745495926654844904e-02 5.304010836153580247e-04 1.839454887415667428e-01 1.388021938224909546e-01
0.000000000000000000e+00 0.000000000000000000e+00 0.000000000000000000e+00 0.000000000000000000e+00 1.377486733950740727e-01 0.000000000000000000e+00 0.000000000000000000e+00 0.000000000000000000e+00 0.000000000000000000e+00 1.110993524879809180e-01 0.000000000000000000e+00 2.120699948390836198e-02 7.744843886295697810e-03 0.000000000000000000e+00 1.504161392836263766e-01 0.000000000000000000e+00 0.000000000000000000e+00 0.000000000000000000e+00 1.966726133844390670e-02 0.000000000000000000e+00 4.471704395783634989e-02 1.403334734025451225e-01 3.480407483657727008e-02 1.945666707287893593e-01 1.376954671989224777e-01
0.000000000000000000e+00 1.290598727530493407e-02 6.833053802077915110e-04 3.857449689001288956e-02 2.550302344254391090e-02 0.000000000000000000e+00 7.999958503851310743e-02 2.531243916268611626e-03 0.000000000000000000e+00 1.128443595538994176e-01 3.298728296210017008e-02 7.598572656801219627e-02 1.376410684120973373e-02 0.000000000000000000e+00 2.135713807265554598e-01 0.000000000000000000e+00 0.000000000000000000e+00 4.259748977598321745e-02 1.564800009762088440e-01 0.000000000000000000e+00 0.000000000000000000e+00 6.403706921072780875e-03 2.372908337891602507e-02 1.900452450936982243e-02 1.424346958438210964e-01
1.265666067710371741e-03 1.272007583314947454e-01 0.000000000000000000e+00 8.429241006353716675e-04 0.000000000000000000e+00 1.169646087046958688e-01 5.599854634199902953e-02 1.952250347494661337e-02 6.615667799377669515e-03 1.174245170972181562e-01 0.000000000000000000e+00 1.361135965499377098e-01 8.263697717678871596e-03 0.000000000000000000e+00 0.000000000000000000e+00 8.442519586769926809e-02 2.754231840331097456e-02 3.149741220781088202e-02 1.374510530306666534e-01 4.512016105934641558e-02 0.000000000000000000e+00 0.000000000000000000e+00 9.247394122940514466e-03 0.000000000000000000e+00 7.450397912253070576e-02
0.000000000000000000e+00 9.335496588487283975e-02 3.474981433569045847e-02 0.000000000000000000e+00 2.471621268092869667e-02 0.000000000000000000e+00 1.443485724744439369e-01 9.572776313693621281e-03 0.000000000000000000e+00 1.848813707018102381e-01 0.000000000000000000e+00 3.415566846299535053e-02 4.875222543274226883e-02 0.000000000000000000e+00 1.980412792722058835e-01 3.126180535509230640e-02 0.000000000000000000e+00 0.000000000000000000e+00 3.638090538105072380e-02 2.942920484393564406e-02 1.093553848101181530e-02 7.175018262341457172e-04 6.665021334790937300e-03 1.111285222309016385e-01 9.086149875995114733e-04
0.000000000000000000e+00 0.000000000000000000e+00 0.000000000000000000e+00 4.101460248822927368e-02 1.550503260167349628e-01 0.000000000000000000e+00 0.000000000000000000e+00 5.149953855589672891e-02 0.000000000000000000e+00 2.111769591137738905e-02 3.624950757223967604e-03 2.416970890402011379e-02 7.148314791485897018e-04 7.740748894417216752e-02 2.835144648473624795e-01 0.000000000000000000e+00 0.000000000000000000e+00 0.000000000000000000e+00 0.000000000000000000e+00 5.282481688574438249e-03 7.695002433811895526e-02 0.000000000000000000e+00 3.581484716007264342e-04 1.813682123384375566e-01 7.792752525910276451e-02
0.000000000000000000e+00 9.474180523202301030e-02 0.000000000000000000e+00 0.000000000000000000e+00 8.233683879045368414e-02 0.000000000000000000e+00 0.000000000000000000e+00 0.000000000000000000e+00 0.000000000000000000e+00 1.677841278569000560e-02 0.000000000000000000e+00 1.397888419557338502e-01 6.227979743937106169e-03 3.776874340505470551e-02 1.633140380458754926e-01 0.000000000000000000e+00 0.000000000000000000e+00 4.750737776833769722e-03 1.683428820230400969e-01 0.000000000000000000e+00 0.000000000000000000e+00 1.247820227267398482e-02 2.922359008608837322e-02 4.623691681285321126e-02 1.980110110697427261e-01
0.000000000000000000e+00 9.015716316202146419e-02 1.829476876755900885e-02 0.000000000000000000e+00 0.000000000000000000e+00 0.000000000000000000e+00 1.947470075497149608e-02 1.641189353186291167e-02 0.000000000000000000e+00 3.834447556325619455e-02 3.064572834009772050e-03 1.669256049042509293e-01 8.434121573891867341e-03 7.809733159442749928e-02 1.749243115167907481e-01 9.292691719167186365e-03 0.000000000000000000e+00 5.198394059634253326e-04 1.113290739426603532e-01 0.000000000000000000e+00 9.769718043653091710e-03 2.772367648302307645e-03 7.702407820182895215e-03 0.000000000000000000e+00 2.444849572170287866e-01
0.000000000000000000e+00 0.000000000000000000e+00 0.000000000000000000e+00 0.000000000000000000e+00 0.000000000000000000e+00 0.000000000000000000e+00 1.276254146182076721e-01 1.142259916758855964e-01 2.586734815619434226e-03 8.976585724814203915e-02 4.953145732845489618e-02 1.062426124040979220e-01 0.000000000000000000e+00 5.299967669236387707e-02 4.126068285107621636e-02 0.000000000000000000e+00 1.538722384148763847e-02 0.000000000000000000e+00 1.722765000245916334e-01 0.000000000000000000e+00 0.000000000000000000e+00 0.000000000000000000e+00 1.785871597043892367e-01 3.252813210947543693e-02 1.698255668620845399e-02
0.000000000000000000e+00 1.222311866145365661e-01 1.312681999626084950e-01 2.342381505149018217e-01 2.785918860621792309e-02 2.460833111310545968e-02 7.214870168115259524e-03 1.144492618784339194e-01 2.019624668160504427e-02 0.000000000000000000e+00 0.000000000000000000e+00 0.000000000000000000e+00 0.000000000000000000e+00 0.000000000000000000e+00 0.000000000000000000e+00 0.000000000000000000e+00 0.000000000000000000e+00 0.000000000000000000e+00 0.000000000000000000e+00 0.000000000000000000e+00 0.000000000000000000e+00 7.800158276116292769e-03 9.340328812001465197e-02 2.167311180643445301e-01 0.000000000000000000e+00
0.000000000000000000e+00 9.353513183248222951e-02 0.000000000000000000e+00 1.089820041683790264e-01 1.278535911843512729e-01 0.000000000000000000e+00 1.571831582344125344e-01 3.148909705847267176e-02 3.078480385412517284e-02 2.049282210140590532e-02 0.000000000000000000e+00 3.350854338431710072e-02 1.825850495562372083e-02 0.000000000000000000e+00 1.849600173029438410e-01 0.000000000000000000e+00 0.000000000000000000e+00 0.000000000000000000e+00 1.719681170407446891e-01 1.877913444687612622e-03 0.000000000000000000e+00 0.000000000000000000e+00 0.000000000000000000e+00 3.999131485871645388e-03 1.510716395218260864e-02
3.694252215126404728e-04 1.653744060050505935e-02 6.344171107645913028e-03 1.740947323975761433e-03 1.269956203904335987e-02 0.000000000000000000e+00 1.117321592425340737e-01 6.702976433902625708e-02 0.000000000000000000e+00 2.712362733746901539e-02 0.000000000000000000e+00 1.143669805416888952e-01 0.000000000000000000e+00 0.000000000000000000e+00 7.048670894313072144e-02 8.672967508127424211e-04 0.000000000000000000e+00 5.584941419286753445e-02 1.138375705602506956e-02 3.459010118300101261e-03 0.000000000000000000e+00 2.662551625809253183e-02 1.351012284048646282e-02 2.070546935617570694e-01 2.528194025251268018e-01
0.000000000000000000e+00 0.000000000000000000e+00 4.274134493890591191e-02 0.000000000000000000e+00 4.277724329606215695e-03 1.036338100634842524e-01 1.584955990754149391e-01 0.000000000000000000e+00 0.000000000000000000e+00 3.101883885298167137e-02 0.000000000000000000e+00 1.214857722839410847e-01 0.000000000000000000e+00 0.000000000000000000e+00 2.229615556864908699e-01 4.600073230571918165e-02 0.000000000000000000e+00 0.000000000000000000e+00 1.762592190294235694e-01 7.246412730345409836e-03 1.047207469300773242e-02 0.000000000000000000e+00 0.000000000000000000e+00 6.988844111348313515e-02 5.518474897196199054e-03
0.000000000000000000e+00 1.164177966466113656e-01 3.853352059009810399e-02 7.922484870169273913e-03 2.379641825592168636e-02 2.795710866991046092e-03 0.000000000000000000e+00 8.891133754124280753e-02 2.809374115589122374e-03 1.046424706759997107e-03 0.000000000000000000e+00 8.995199714543690439e-03 2.226873344886703271e-02 0.000000000000000000e+00 2.721830154056105733e-01 0.000000000000000000e+00 1.035481545172558110e-01 0.000000000000000000e+00 1.627435023743773190e-01 0.000000000000000000e+00 0.000000000000000000e+00 7.734387701433345641e-02 3.066187330146016854e-02 3.344591288690027669e-03 3.667798534147848066e-02
