3.295672339914731811e-04 2.171224463329883558e-02 5.403895358261262549e-02 5.021309803621176737e-02 5.218073518417102805e-04 2.527445644015826817e-02 0.000000000000000000e+00 0.000000000000000000e+00 1.318313667491262109e-01 9.887384570089850777e-02 2.427875699451116989e-02 2.335293323509028407e-01 1.509365750165155180e-03 2.585848975603439581e-03 4.240792896525399230e-02 4.305763911020459717e-02 5.809734522883696489e-02 1.326530496840875317e-01 5.035932805019111003e-02 2.872606516210367625e-02
3.386301656660836712e-02 3.107349116727826585e-02 1.255151180428992199e-03 9.929488299647680483e-02 9.554614037292059534e-03 5.414313378505036800e-02 1.134620115029119636e-02 1.134917837743743552e-01 1.284101271992477700e-01 7.338793401186538556e-03 4.278113085920273555e-03 2.064366377326608271e-01 8.539489815951987334e-03 2.922400830515366459e-03 9.774364343703516311e-02 8.296491900034181754e-04 6.312333917614958677e-03 1.166264818127043384e-01 5.128233357662673186e-02 1.525772134273229233e-02
3.530293443891031197e-02 4.003618969002997741e-02 1.089769090169178389e-01 1.065911768886158989e-01 3.699239464684839218e-02 0.000000000000000000e+00 2.333879808797654012e-02 1.381318644597448290e-02 7.389139424120587385e-02 0.000000000000000000e+00 1.187373262387484731e-02 9.144772702390954744e-02 1.312680681001122344e-03 0.000000000000000000e+00 4.925070254616716091e-04 2.393870568622982406e-02 2.549038262778731412e-02 1.419227409978249532e-01 2.314338266276098899e-01 3.314471324982155159e-02
2.640816781271298694e-02 2.210386857696230306e-02 3.956801032055333456e-03 1.576612691658722809e-01 1.590061188156576336e-02 1.742393255798899837e-02 8.355234806287485140e-04 1.356850738251799172e-02 2.435175019838960453e-01 2.858539813331270260e-02 3.232471057347769110e-03 1.286167303022077435e-01 5.814341987631361369e-02 9.046188896158552026e-03 1.481503443388604013e-01 2.939315575609108278e-02 0.000000000000000000e+00 1.191511950226401342e-02 6.585455009235234580e-02 1.568643817089142994e-02
1.082536705102417479e-01 3.460080594276092238e-03 1.769348326593714110e-03 7.049699821374839914e-02 1.054672832417766631e-01 3.785726241760423855e-02 2.198192856623404703e-02 6.457024663463117875e-02 0.000000000000000000e+00 5.808538611066228459e-04 3.309476110102514777e-03 1.617037256534499534e-01 0.000000000000000000e+00 0.000000000000000000e+00 0.000000000000000000e+00 2.337356680649654329e-03 1.061346828079504263e-02 2.494066291988653733e-02 2.441960655278549996e-01 1.384615724610485099e-01
2.192103556645433049e-01 1.108392721164156436e-01 6.552113082468323524e-02 7.995420873404025797e-02 1.835047915609902547e-02 2.204729998487938228e-02 2.477691612412818295e-02 9.164881848328626512e-02 1.102962923994312179e-02 5.316548982305062745e-03 9.973156132530830009e-04 1.803392611410273572e-01 1.165476506438128425e-02 2.249192297854620340e-02 1.282610592378409346e-02 1.633035190536560530e-02 2.125895582133683487e-02 5.844433902179052565e-02 2.696232322019161479e-02 0.000000000000000000e+00
8.044735230526156577e-02 4.408745204305118681e-02 4.804058568161944515e-02 4.612769882672187322e-02 9.402967932547455499e-02 1.183710140603136118e-01 5.350226083016251452e-03 2.983311613742905752e-02 1.112641767750717631e-01 6.848448682944925474e-03 1.917495077527149811e-03 1.689812003072406477e-01 4.708133748078383723e-02 0.000000000000000000e+00 2.372425660265992109e-02 6.311269469107251735e-03 2.101075236961177668e-03 1.387229150465531247e-01 1.979760050348786798e-02 6.963100354774826549e-03
1.394824252732904946e-01 1.432923485613124201e-02 7.859867594751680786e-02 4.286730843311896758e-03 1.665856940598652303e-01 1.028771630237241969e-01 5.488428923009032977e-03 5.572113346561454600e-02 9.323300326354562462e-02 1.128363226137337957e-02 0.000000000000000000e+00 8.072854201409430941e-02 2.181219898024086903e-02 0.000000000000000000e+00 1.671684069102405759e-02 1.869050986553022140e-03 2.797076043402014090e-03 1.072273147446051733e-01 6.729425496310464938e-02 2.966859965959320333e-02
2.733493120774315235e-02 5.684110845725395822e-02 3.432439935769425465e-02 1.335618040825554687e-01 1.162141180814874469e-01 9.494070669573186072e-02 7.111537336806863889e-03 2.067167872051314803e-02 2.819655809730647333e-01 6.345212328008848629e-03 0.000000000000000000e+00 1.640481428054400836e-02 8.650909163623312845e-03 0.000000000000000000e+00 1.607955617707154949e-01 0.000000000000000000e+00 1.520307286259000917e-03 1.801562257789524057e-02 5.275491719580462265e-03 1.002621596052272190e-02
4.904723565411543001e-02 8.526671735915873629e-02 3.855005486727481473e-02 1.611901367469500690e-01 8.829289181116414809e-02 4.795625818626478298e-02 0.000000000000000000e+00 1.313237337343156966e-02 1.236946892305081924e-01 4.837246378953014708e-02 4.939966795305933802e-04 7.177475202110757124e-02 1.928175938259105854e-02 9.863056290926769040e-03 2.267721593614634157e-02 8.938635754741840189e-02 0.000000000000000000e+00 1.785153806618233405e-03 0.000000000000000000e+00 1.292348873172630697e-01
5.465739456798651003e-02 9.722672473233860690e-02 2.499481508284744167e-03 1.230762964893669237e-01 3.403380313258468765e-03 6.129050654344218385e-04 1.156997621131852089e-02 1.661886478721213772e-04 1.858257100658536332e-01 1.093244269056135864e-01 1.567838574743122063e-02 1.478286414766427914e-01 2.988639653546004346e-02 3.317841039316404817e-04 4.347585009141340107e-02 3.525342212905217213e-03 1.162625089271323610e-02 1.271586546341333390e-01 5.321278669991767393e-03 2.680493112804981787e-02
1.585922964068540303e-02 1.064176885115237017e-02 3.056344455677463198e-02 9.419920593505634598e-02 4.975337162054184470e-02 1.075634838788227104e-01 4.732012892319428093e-02 1.112117817962460509e-01 8.808925503900190412e-02 1.475235767530812432e-02 1.809854803179164950e-03 1.344880751859910684e-01 1.385717529925896852e-03 8.897885122785182538e-03 1.002605893495803618e-01 0.000000000000000000e+00 1.503944378207931016e-03 1.296362323793441573e-01 4.175972692606495090e-02 1.030394640813768123e-02
6.421180905313952914e-02 3.128315873450986800e-02 1.904191353943773552e-03 3.138748824726873138e-02 8.906408227243903242e-02 1.168918427676367139e-01 1.098517527192215805e-05 5.597395733626785164e-02 2.178824877415158623e-01 6.942367699207752096e-02 6.172138569640364366e-04 1.570484168493616606e-01 1.422703152534442010e-02 1.503293572280325376e-02 2.562177438055081996e-02 0.000000000000000000e+00 2.155009770532225529e-03 5.943953558171997248e-02 8.605629572849042563e-03 3.921877306580381917e-02
8.670517752464074190e-02 2.292608843790593098e-02 8.165918332922673939e-02 1.381403169749572113e-01 4.472755050970804447e-02 1.922221145796606384e-02 0.000000000000000000e+00 1.328736222777854858e-01 2.341014408715509556e-03 0.000000000000000000e+00 0.000000000000000000e+00 1.446062717455856017e-01 8.511234337085395174e-02 1.294972499216829297e-02 5.245430951810490378e-02 9.767162086244984484e-03 0.000000000000000000e+00 2.997383446817082197e-03 1.620621610384716804e-01 1.455478880847764153e-03
1.728232813846432986e-02 3.441534332130640611e-02 5.325399396270888257e-03 1.033986645071756638e-01 1.138484422226270498e-01 1.558518276066558385e-02 0.000000000000000000e+00 5.408163578536531735e-02 1.292786430407953380e-01 1.395986676850517749e-02 0.000000000000000000e+00 1.534567299959877784e-01 1.012995001202514908e-03 1.189275258756288325e-02 1.488210962929299164e-01 2.412358273796237629e-02 7.427822542171441146e-03 6.038700352368883348e-03 2.345347099626812065e-02 1.365973435523702706e-01
3.615800308001511365e-02 4.850911315514910491e-03 1.043248383798270756e-01 2.029944667286152221e-02 1.290272827236105813e-01 1.196757084154943945e-01 0.000000000000000000e+00 7.007371933953121523e-02 8.952419073846158704e-02 4.022777571506806760e-02 4.399532263166927581e-02 3.491435944395081953e-02 0.000000000000000000e+00 0.000000000000000000e+00 0.000000000000000000e+00 0.000000000000000000e+00 6.708103445185269707e-04 1.186403653352874864e-02 1.630418625548145928e-01 1.313517321111334901e-01
2.626885023004040323e-02 6.913485535921079679e-03 6.677471079938200951e-03 1.051400094255304507e-01 8.602169174031478252e-03 3.074140015261373274e-02 1.516909791333856221e-02 3.321903987344539317e-04 1.731415909838195655e-01 1.199745618102390776e-02 8.426408405812993441e-02 1.352779867364545079e-02 9.830321068529613779e-03 2.867664633548194439e-02 8.032922672497036509e-02 0.000000000000000000e+00 1.085548585840321878e-01 1.307908675994476910e-01 1.128373974392904572e-01 4.620507844148054322e-02
1.425792851939833572e-01 2.457960622642061527e-02 0.000000000000000000e+00 1.221036367864207495e-01 1.262748632555899322e-02 1.191258231177968856e-02 9.019125798181119522e-03 2.653144269040275116e-02 2.799620570923404272e-02 0.000000000000000000e+00 4.122855644174359263e-02 3.593021229784540971e-01 2.283070815547493665e-02 0.000000000000000000e+00 1.580464590656288359e-01 2.261635110431052184e-02 0.000000000000000000e+00 0.000000000000000000e+00 1.862643121240662239e-02 0.000000000000000000e+00
1.095526157424355634e-01 2.338387923275083921e-02 0.000000000000000000e+00 2.375763598338339819e-02 7.546692311451197975e-03 3.384439575121471477e-02 3.880762196570166234e-03 1.884607740499711498e-02 6.732932527665906608e-02 7.736656705913495802e-02 1.075556438922233710e-03 9.222927437073434598e-02 5.953439352177503086e-02 4.989124101895531238e-02 1.981452072662141795e-01 4.822553944430074332e-03 1.432485817398349362e-02 1.533494197842546480e-01 4.459864969885781599e-02 1.652089482327575437e-02
1.306537321914775507e-01 1.164564254535117305e-01 1.079019587161488131e-01 1.870552938728030010e-02 6.188196618980765923e-03 5.244172435395461074e-02 3.360447223485156509e-03 2.005995759434005959e-02 1.011848099838845855e-01 2.277809396045969020e-02 1.540545187193475239e-02 5.551172353242905810e-02 2.493489715153770700e-02 2.228228455544415299e-04 9.143944136665149020e-03 4.019051031952701816e-03 2.853079096778918331e-03 9.178711967693969215e-03 1.532569014652117589e-01 1.457425414167182187e-01
7.765014444887065326e-03 5.971785038065018092e-02 2.003470479838018875e-02 1.459922262330797249e-01 9.791318346026731123e-02 3.096361569338029751e-02 1.622853796461262883e-03 1.047406654086441846e-01 8.108525718773362811e-02 3.069063321709790751e-02 2.592611684533489662e-03 2.132174115946141799e-02 7.710482777507352004e-02 7.622384522845795582e-03 1.762360826728387453e-01 3.392941597868760588e-03 1.887838664785535404e-03 0.000000000000000000e+00 0.000000000000000000e+00 1.293155673020109364e-01
1.745755051017913034e-02 9.494670760836191117e-03 8.653301433329033121e-02 1.274807828917242369e-01 1.595194710420891337e-02 0.000000000000000000e+00 1.447673020812494105e-02 1.891386431666962006e-02 7.187224602202961499e-02 1.571099455093436306e-02 1.945879709110486314e-02 1.748126836621762270e-01 4.541826956084566574e-02 6.899807106740179184e-03 8.714112661436504079e-03 0.000000000000000000e+00 4.753567455758319965e-04 1.173207185021941934e-01 2.193599983151450217e-01 2.964845565678423528e-02
6.778458179549698426e-02 7.746361579858465629e-02 8.140554295926247632e-04 5.819684258980162977e-02 1.755093720462340967e-01 5.789107040011101137e-03 0.000000000000000000e+00 9.003768612578848252e-02 1.626047206936067635e-01 7.198175834659895078e-02 0.000000000000000000e+00 3.374220731603487511e-02 4.279539884907216513e-02 0.000000000000000000e+00 4.712475968569739861e-03 2.943713036706909619e-02 0.000000000000000000e+00 1.402699452317547266e-02 1.585237304698590977e-01 6.580322640504075553e-03
5.450128101482784593e-02 8.359239482426944479e-02 4.960915031011378998e-03 7.411480168368922428e-02 2.932880048674793572e-02 5.202475607204128799e-02 5.138572154278238727e-03 1.197525510245836394e-01 9.171675599393180889e-02 1.191601751367016813e-02 2.261766608571964213e-03 8.415884108106654049e-02 1.490688706492001962e-02 3.800453925331500303e-03 1.322182272660354235e-03 1.788800226474177415e-03 2.852660333745284799e-03 1.334573746200523880e-01 1.973031728116312056e-01 3.110101525649574400e-02
1.664992701316778956e-01 1.681918065476460319e-02 3.052588771206209139e-02 5.326565285222249757e-02 1.196103116291027425e-02 0.000000000000000000e+00 4.259518342677362512e-02 6.769982537647463786e-03 5.167187942688938364e-03 2.219409617002177787e-02 1.715206374834540946e-03 3.394340357724651147e-02 1.363752122334490335e-01 1.159454389186655209e-03 7.385024472483693592e-02 1.661527555220487903e-04 1.378579820994573768e-01 6.466206850800721925e-03 1.110873756553438646e-01 1.415812887485531357e-01
