0.000000000000000000e+00 1.191598812079295577e-01 4.618127688968860084e-02 0.000000000000000000e+00 7.586325163134345628e-02 9.513912918454577386e-03 1.392573656004623406e-01 1.933032151386690836e-02 3.127778986275078082e-02 1.161910555107882603e-02 0.000000000000000000e+00 0.000000000000000000e+00 7.755894131609362453e-03 0.000000000000000000e+00 6.188901119581296378e-02 0.000000000000000000e+00 2.498426542400773373e-02 1.100804377154619151e-01 0.000000000000000000e+00 1.987651649065699452e-02 4.988767361582928384e-03 0.000000000000000000e+00 1.514869870996888267e-02 2.999338744004459434e-03 3.000741650513196745e-01
0.000000000000000000e+00 0.000000000000000000e+00 0.000000000000000000e+00 7.697551615703285277e-02 2.946381471938340144e-02 0.000000000000000000e+00 1.402456424241373123e-01 5.870531797250382045e-03 1.351891655954919891e-01 1.668020281291320364e-02 0.000000000000000000e+00 7.237403077936417628e-03 0.000000000000000000e+00 1.417113113945951339e-02 1.814619741981358114e-01 9.267791379917793282e-02 9.955013172048431461e-03 0.000000000000000000e+00 0.000000000000000000e+00 0.000000000000000000e+00 0.000000000000000000e+00 0.000000000000000000e+00 1.447590693501455972e-01 1.453126217568872780e-01 0.000000000000000000e+00
0.000000000000000000e+00 1.068813586273523047e-01 0.000000000000000000e+00 0.000000000000000000e+00 0.000000000000000000e+00 1.518577323700264804e-02 6.378583453844121308e-03 0.000000000000000000e+00 9.807725652092867327e-03 1.294254503812906354e-01 0.000000000000000000e+00 3.890521929335576806e-02 9.040280273264386093e-04 0.000000000000000000e+00 3.030118496315857279e-01 0.000000000000000000e+00 0.000000000000000000e+00 8.013026925263291855e-02 0.000000000000000000e+00 1.126029848588050303e-01 0.000000000000000000e+00 0.000000000000000000e+00 1.399092991884569037e-01 1.849021800226841733e-02 3.836724039398621555e-02
1.191902465972958514e-01 1.367925042039265515e-01 0.000000000000000000e+00 2.933073070053687087e-02 1.057466090159007652e-02 0.000000000000000000e+00 0.000000000000000000e+00 0.000000000000000000e+00 1.362569916206553822e-01 9.649009033672513447e-02 0.000000000000000000e+00 1.940086820288701788e-02 0.000000000000000000e+00 0.000000000000000000e+00 1.597705194058480216e-01 0.000000000000000000e+00 0.000000000000000000e+00 0.000000000000000000e+00 0.000000000000000000e+00 9.566488103185372127e-02 0.000000000000000000e+00 5.259984043787668123e-02 1.022067154389959091e-02 1.337079950169049458e-01 0.000000000000000000e+00
0.000000000000000000e+00 4.005931509471958446e-02 0.000000000000000000e+00 0.000000000000000000e+00 0.000000000000000000e+00 0.000000000000000000e+00 1.168342593619436098e-01 1.058520564093913367e-03 0.000000000000000000e+00 0.000000000000000000e+00 0.000000000000000000e+00 1.881234709275658723e-01 0.000000000000000000e+00 2.264152392504608421e-03 2.550361806202910975e-01 0.000000000000000000e+00 2.438872654751643443e-02 0.000000000000000000e+00 1.276334620337191139e-02 5.466755814300064409e-02 0.000000000000000000e+00 0.000000000000000000e+00 1.514416333347151922e-01 1.533628368102771533e-01 0.000000000000000000e+00
1.038453591986595592e-01 9.845491155435022457e-02 0.000000000000000000e+00 2.550566052989298484e-03 1.460978204092163169e-01 0.000000000000000000e+00 1.530001836760563338e-01 0.000000000000000000e+00 7.138047369447621249e-02 0.000000000000000000e+00 0.000000000000000000e+00 0.000000000000000000e+00 0.000000000000000000e+00 0.000000000000000000e+00 1.785590052735508970e-01 0.000000000000000000e+00 0.000000000000000000e+00 0.000000000000000000e+00 0.000000000000000000e+00 9.962585672842373327e-03 0.000000000000000000e+00 5.751222384862919590e-03 5.203303197249252443e-02 1.783648401105033532e-01 0.000000000000000000e+00
5.615841573697691325e-02 1.549335266986746895e-01 1.075309322502595866e-01 1.166876080015452483e-01 8.824836452892876812e-03 1.343185352707112860e-02 5.715139699922307248e-02 1.554147681992909188e-02 0.000000000000000000e+00 0.000000000000000000e+00 0.000000000000000000e+00 0.000000000000000000e+00 0.000000000000000000e+00 2.035157936069714041e-04 6.167404993100640553e-02 0.000000000000000000e+00 3.311095087971302996e-03 0.000000000000000000e+00 6.550651250338457299e-02 0.000000000000000000e+00 0.000000000000000000e+00 5.642538393269972904e-03 2.202949796651437753e-02 1.689110864412073643e-01 1.424616573964664901e-01
0.000000000000000000e+00 1.944955866037548498e-01 1.295219913896399344e-01 0.000000000000000000e+00 0.000000000000000000e+00 0.000000000000000000e+00 8.766943950294699833e-03 0.000000000000000000e+00 1.284446092993317134e-01 2.006038566992358538e-02 0.000000000000000000e+00 4.029160979011217961e-04 0.000000000000000000e+00 7.810922060492918491e-03 1.633298410476898277e-01 0.000000000000000000e+00 1.655691658432071334e-01 0.000000000000000000e+00 1.788646882093941973e-02 1.256124197621415195e-01 0.000000000000000000e+00 0.000000000000000000e+00 2.768134959474558010e-02 4.197533827265759188e-03 6.219866032672120328e-03
0.000000000000000000e+00 9.697107795213223344e-03 0.000000000000000000e+00 0.000000000000000000e+00 3.190032000133986856e-02 1.254211125285712748e-02 0.000000000000000000e+00 0.000000000000000000e+00 3.917413270487365984e-02 1.093075328505225124e-01 0.000000000000000000e+00 9.357737051257621064e-02 1.821877459606817407e-02 1.920097902928544556e-02 1.547066383825835001e-01 0.000000000000000000e+00 1.128254479716164632e-01 0.000000000000000000e+00 0.000000000000000000e+00 1.123689288886736415e-01 0.000000000000000000e+00 6.780154901378598886e-02 1.483326028237856864e-01 3.449954331016342329e-02 3.584696086665509207e-02
8.746583761783008337e-02 0.000000000000000000e+00 0.000000000000000000e+00 0.000000000000000000e+00 3.907533097721176824e-02 2.151339222928048359e-03 2.037784089540605782e-03 1.204168344822643261e-01 2.120689086528097442e-02 1.288395837642369035e-01 0.000000000000000000e+00 5.027491706200097610e-02 4.079927075529427016e-03 1.557257482091975280e-02 8.253431367048631728e-02 2.914955816220108319e-03 1.235278318441827283e-01 0.000000000000000000e+00 1.248679197492482129e-01 0.000000000000000000e+00 1.957295223746799429e-02 0.000000000000000000e+00 3.094885643639041367e-02 0.000000000000000000e+00 1.445121502682612524e-01
0.000000000000000000e+00 0.000000000000000000e+00 1.506614945306904430e-01 6.686439044564842886e-03 1.745080474440713000e-02 4.770844270583689782e-03 1.612875458760824054e-01 1.565451847682731989e-01 0.000000000000000000e+00 2.412607458973765450e-03 3.073467749681874171e-03 1.904049393425688019e-01 0.000000000000000000e+00 0.000000000000000000e+00 9.063412729411818997e-03 0.000000000000000000e+00 1.465578144943218697e-01 0.000000000000000000e+00 2.086975215742857895e-02 3.270393284906029235e-02 0.000000000000000000e+00 0.000000000000000000e+00 3.587992549679987903e-02 0.000000000000000000e+00 6.163183448715145452e-02
0.000000000000000000e+00 5.128244508337662100e-02 0.000000000000000000e+00 0.000000000000000000e+00 0.000000000000000000e+00 0.000000000000000000e+00 2.314169492325391653e-01 9.148522256300470334e-02 1.293703979672533033e-01 0.000000000000000000e+00 0.000000000000000000e+00 0.000000000000000000e+00 0.000000000000000000e+00 0.000000000000000000e+00 1.654192550852728871e-01 0.000000000000000000e+00 0.000000000000000000e+00 0.000000000000000000e+00 1.435709084271931668e-01 0.000000000000000000e+00 6.718801454924505992e-03 7.706590541393927227e-03 1.395748393273694987e-01 2.546332896388963166e-02 7.991261353782461163e-03
0.000000000000000000e+00 2.172058770044941675e-02 1.706806146118784728e-01 1.175865585426100063e-01 0.000000000000000000e+00 0.000000000000000000e+00 0.000000000000000000e+00 2.352210380125429809e-02 1.056634083891427878e-01 0.000000000000000000e+00 0.000000000000000000e+00 1.312892732301262355e-01 5.345081700200501537e-03 0.000000000000000000e+00 3.497556656433974120e-02 0.000000000000000000e+00 0.000000000000000000e+00 0.000000000000000000e+00 1.570247775980624094e-01 0.000000000000000000e+00 7.945221442720123289e-03 1.780647735697132514e-02 1.021818693657554206e-01 3.755593216059201125e-03 1.005028664804302474e-01
0.000000000000000000e+00 3.254742661692668765e-02 0.000000000000000000e+00 0.000000000000000000e+00 0.000000000000000000e+00 0.000000000000000000e+00 1.306480906524325192e-01 0.000000000000000000e+00 0.000000000000000000e+00 1.731094941339913484e-01 0.000000000000000000e+00 0.000000000000000000e+00 9.231861051667959728e-02 0.000000000000000000e+00 2.166603332663241677e-01 0.000000000000000000e+00 0.000000000000000000e+00 0.000000000000000000e+00 1.611509460072202971e-01 4.637948964662515910e-02 0.000000000000000000e+00 8.904035086215478581e-03 2.204663907976657858e-02 0.000000000000000000e+00 1.162349349938182064e-01
0.000000000000000000e+00 0.000000000000000000e+00 1.503730064440521597e-01 0.000000000000000000e+00 8.269925109162881011e-03 6.863064853338944615e-02 1.705482410414563832e-01 7.219129611806144285e-03 1.168479320991409713e-02 9.712597369191522736e-03 0.000000000000000000e+00 1.446818077140669956e-01 5.843494011905652971e-03 1.308775197467843812e-03 3.588642856897007738e-03 2.128232110544690803e-02 1.285160596181828766e-03 0.000000000000000000e+00 1.508316023329273406e-02 6.839379796996021554e-02 0.000000000000000000e+00 2.449513399108316572e-02 1.222108206685123127e-01 1.547767959314349240e-01 1.061174840477773114e-02
0.000000000000000000e+00 1.540702558331951723e-02 9.634103841307968541e-02 1.709083941450863795e-03 2.217571766705906111e-01 0.000000000000000000e+00 4.196722114789476488e-02 7.765083162426550389e-03 0.000000000000000000e+00 0.000000000000000000e+00 0.000000000000000000e+00 1.120320153367942162e-01 0.000000000000000000e+00 0.000000000000000000e+00 1.870448518553642636e-01 0.000000000000000000e+00 0.000000000000000000e+00 0.000000000000000000e+00 1.629258186474691894e-01 0.000000000000000000e+00 0.000000000000000000e+00 0.000000000000000000e+00 1.530506852416103625e-01 0.000000000000000000e+00 0.000000000000000000e+00
1.021204393055202553e-01 0.000000000000000000e+00 0.000000000000000000e+00 0.000000000000000000e+00 0.000000000000000000e+00 5.361800273438217281e-03 7.396573681077375784e-02 4.531989842040550637e-02 0.000000000000000000e+00 1.268149923980743110e-01 1.395272158839128834e-03 1.205729882378861334e-01 0.000000000000000000e+00 2.784120844005130713e-02 7.512848369265784539e-03 0.000000000000000000e+00 8.759199063546986574e-02 5.449748730341529013e-02 1.548819139585210503e-01 8.723598301916470066e-03 0.000000000000000000e+00 2.817913603324110131e-02 1.511801933646308993e-01 0.000000000000000000e+00 4.040495988550870353e-03
0.000000000000000000e+00 0.000000000000000000e+00 1.305153358819225173e-01 0.000000000000000000e+00 0.000000000000000000e+00 0.000000000000000000e+00 4.369619256185006129e-02 1.243318020418132802e-01 1.448997108310009219e-01 7.720463646400094193e-02 0.000000000000000000e+00 0.000000000000000000e+00 0.000000000000000000e+00 0.000000000000000000e+00 8.120727424883952827e-02 0.000000000000000000e+00 1.323035235569835488e-01 2.240239758852532667e-03 1.153593436705520198e-01 1.163048788762910679e-01 0.000000000000000000e+00 1.754995105656126375e-02 0.000000000000000000e+00 0.000000000000000000e+00 1.438711105133228148e-02
0.000000000000000000e+00 4.039794396643070495e-02 0.000000000000000000e+00 1.994649898401440469e-02 5.286338798845313658e-02 7.469210023244261115e-03 2.623454910856378927e-02 2.751064844039523283e-02 4.634195137585100932e-02 1.144783362771309571e-01 0.000000000000000000e+00 1.287992411412073046e-01 0.000000000000000000e+00 1.888733095848828605e-02 1.199564953231669340e-01 0.000000000000000000e+00 0.000000000000000000e+00 8.887965123439565962e-02 5.214806395333795169e-02 0.000000000000000000e+00 0.000000000000000000e+00 9.149580324347612870e-02 2.449232085290492869e-02 0.000000000000000000e+00 1.400985671289393664e-01
2.080769364386875816e-03 1.493852433117583700e-01 0.000000000000000000e+00 1.337172119740031306e-01 8.721515596359467881e-03 0.000000000000000000e+00 2.997537691107430083e-02 8.288030950876433545e-02 2.459837384027318066e-02 1.592968454865965056e-01 0.000000000000000000e+00 7.573447437177102323e-03 0.000000000000000000e+00 0.000000000000000000e+00 2.021287675804303921e-02 1.126175939487300548e-01 0.000000000000000000e+00 0.000000000000000000e+00 1.559465463166553531e-02 5.823616696668146991e-03 0.000000000000000000e+00 0.000000000000000000e+00 5.264751544429539798e-02 1.699285305859758732e-02 1.778817960316070867e-01
0.000000000000000000e+00 3.079328459325073389e-02 0.000000000000000000e+00 1.058837668765753304e-01 3.690957402321749098e-02 1.163569387959684648e-01 7.035925895847244815e-02 0.000000000000000000e+00 0.000000000000000000e+00 3.628750454549321824e-03 0.000000000000000000e+00 1.461948672461358123e-01 0.000000000000000000e+00 0.000000000000000000e+00 1.703397477340365673e-01 0.000000000000000000e+00 0.000000000000000000e+00 4.866736495725246248e-02 8.762457082142295628e-02 0.000000000000000000e+00 0.000000000000000000e+00 1.108497018863882494e-01 0.000000000000000000e+00 3.549410667850415313e-02 3.689806697422582521e-02
0.000000000000000000e+00 6.806936941211381813e-03 2.637160826776928368e-02 8.655315382988705217e-03 1.130953865887229653e-01 0.000000000000000000e+00 2.498074379151393395e-02 0.000000000000000000e+00 0.000000000000000000e+00 1.455101640243485761e-01 0.000000000000000000e+00 1.677838906655541029e-01 1.843295073622033473e-02 2.368337323595167895e-03 2.410899609225903295e-01 1.826185598201248220e-02 3.332678544992247194e-02 8.538561826160233348e-02 0.000000000000000000e+00 0.000000000000000000e+00 0.000000000000000000e+00 0.000000000000000000e+00 0.000000000000000000e+00 2.489964525128378001e-02 8.303080041066428219e-02
0.000000000000000000e+00 0.000000000000000000e+00 0.000000000000000000e+00 0.000000000000000000e+00 2.837470691763394406e-02 0.000000000000000000e+00 2.414257012586922269e-01 3.674724484110291484e-02 0.000000000000000000e+00 0.000000000000000000e+00 0.000000000000000000e+00 7.673141365336844837e-04 0.000000000000000000e+00 2.526408823301453874e-02 2.809231948782169308e-01 1.093858054931402292e-02 0.000000000000000000e+00 3.554271121549403695e-02 1.784294151671987350e-01 0.000000000000000000e+00 5.962540981131707676e-03 5.933495471178972143e-03 1.462866359489822521e-01 3.404370401506077396e-03 0.000000000000000000e+00
0.000000000000000000e+00 0.000000000000000000e+00 1.597558130542709454e-01 0.000000000000000000e+00 1.136106213458109859e-01 1.125638381385333543e-02 0.000000000000000000e+00 0.000000000000000000e+00 1.117500134043037004e-02 0.000000000000000000e+00 0.000000000000000000e+00 4.128718318328927078e-02 0.000000000000000000e+00 0.000000000000000000e+00 1.625290695578062716e-01 0.000000000000000000e+00 1.278586740922791065e-01 2.615725839282847381e-02 1.477092640644567800e-01 1.114780669876489910e-01 4.818580936468301601e-03 0.000000000000000000e+00 0.000000000000000000e+00 2.408490114826336917e-02 5.827918208259368071e-02
0.000000000000000000e+00 4.206185758873260544e-02 1.143713606227037966e-01 0.000000000000000000e+00 6.586200185433052981e-03 0.000000000000000000e+00 3.775225082590812770e-02 4.612409936732752430e-02 1.469344838349558209e-03 3.491254857306710230e-02 0.000000000000000000e+00 3.464855856085218011e-02 0.000000000000000000e+00 2.317721972471711162e-02 2.450389457452104847e-01 0.000000000000000000e+00 6.134871836929577799e-02 0.000000000000000000e+00 0.000000000000000000e+00 9.847338238014728684e-02 0.000000000000000000e+00 1.405472134280633979e-03 1.787075649197824093e-02 0.000000000000000000e+00 2.347592845919964089e-01
