0.000000000000000000e+00 0.000000000000000000e+00 1.029727233197499509e-01 0.000000000000000000e+00 6.407649169059084771e-02 1.986330077061984958e-02 1.059709192871974986e-02 1.240481994950260181e-01 0.000000000000000000e+00 7.195001855185563511e-02 0.000000000000000000e+00 2.377925231636710338e-02 0.000000000000000000e+00 0.000000000000000000e+00 1.213854930315867997e-01 0.000000000000000000e+00 4.493550680727496915e-02 1.580420831091804701e-01 0.000000000000000000e+00 1.892058245155844864e-02 0.000000000000000000e+00 1.757403702522862543e-02 2.498932667251019257e-02 5.894716734870632247e-02 1.379187254810249619e-01
0.000000000000000000e+00 7.246839090411490159e-02 1.288403430967203500e-01 1.216391915609499330e-02 2.226335619902298502e-01 1.596113334055441341e-02 6.665033272580507756e-04 6.587953639715293797e-02 0.000000000000000000e+00 1.156412510110698798e-03 1.130445001493847901e-03 2.410893679673920681e-02 8.224329701433917561e-02 2.584711732297079179e-02 1.581968367209434512e-01 0.000000000000000000e+00 0.000000000000000000e+00 1.055448403991184336e-01 7.164794814515681835e-03 7.096413835580900678e-03 0.000000000000000000e+00 4.009707326372349834e-02 0.000000000000000000e+00 1.134568424669695798e-02 1.745475986164168880e-02
2.776236218889250543e-03 0.000000000000000000e+00 1.252183308189595834e-01 3.552128391077882807e-02 1.117672056440059160e-02 1.004616172542687445e-03 7.743181771238585864e-02 1.581645056225001178e-01 0.000000000000000000e+00 8.145329086667983318e-03 0.000000000000000000e+00 0.000000000000000000e+00 0.000000000000000000e+00 3.439893609722744633e-02 1.244990497838853044e-01 0.000000000000000000e+00 0.000000000000000000e+00 0.000000000000000000e+00 5.309515237360499639e-04 1.472108074574760006e-01 8.255532235068625694e-04 8.946838445723886979e-02 1.759860079816562284e-01 7.641469368148320548e-03 0.000000000000000000e+00
0.000000000000000000e+00 0.000000000000000000e+00 0.000000000000000000e+00 2.268412836381115613e-02 3.260448677449548816e-04 0.000000000000000000e+00 3.373870082457600117e-02 5.462093300088548091e-03 1.208676122757233393e-02 1.322507294178001391e-01 0.000000000000000000e+00 2.074152062472125468e-01 9.970951808086906450e-04 0.000000000000000000e+00 1.405927726879111495e-01 2.784194013657180500e-02 8.209055327775383049e-03 1.249875972244953309e-01 1.617299802836842659e-01 5.693183290236216235e-03 4.123149131276662716e-02 9.478923589916954037e-03 2.513157361566941209e-02 6.965154166218779502e-03 3.317756893513967159e-02
0.000000000000000000e+00 9.783593873900660320e-02 0.000000000000000000e+00 0.000000000000000000e+00 3.328293780935443619e-02 6.311120131118837066e-03 3.787649471063635892e-02 1.461464319585024929e-01 0.000000000000000000e+00 1.570903277492466665e-01 0.000000000000000000e+00 1.517389240135588457e-01 0.000000000000000000e+00 4.302371298321991389e-02 1.358992323974753808e-02 0.000000000000000000e+00 1.162453989633823043e-01 3.817508423444527371e-02 1.241592468394137755e-01 6.847088177327452507e-03 0.000000000000000000e+00 9.130013259155422140e-03 1.854735719188397094e-02 0.000000000000000000e+00 0.000000000000000000e+00
0.000000000000000000e+00 0.000000000000000000e+00 1.343515897554922907e-02 2.587838632466689121e-03 1.519543624456143327e-01 0.000000000000000000e+00 1.291062197185119109e-01 1.729391989017342035e-01 0.000000000000000000e+00 2.971536889007139401e-02 4.990726002788177908e-04 2.690098650549666362e-02 0.000000000000000000e+00 0.000000000000000000e+00 9.125711137961300262e-03 6.625261368622300780e-04 2.878343247775005595e-02 0.000000000000000000e+00 1.052961176298278373e-01 0.000000000000000000e+00 0.000000000000000000e+00 1.168323557315917721e-01 1.383253633651878589e-01 6.333607434679493220e-02 1.050021250430068116e-02
9.421795822390235942e-02 2.847006964980162286e-02 1.900196204853005222e-02 1.707185651129148381e-03 1.299204790919047114e-01 9.422808937331737800e-03 1.171032562052898990e-01 5.980711071950349511e-02 0.000000000000000000e+00 8.463448400302274466e-02 0.000000000000000000e+00 2.347631944460262104e-02 1.025178520577507690e-02 0.000000000000000000e+00 1.233635601351623923e-01 8.364961114602605585e-04 6.091520938336208307e-02 7.886679787083751211e-03 1.572005920166170967e-01 0.000000000000000000e+00 0.000000000000000000e+00 8.695726004433858639e-03 2.989919666870117024e-03 4.762613341488440566e-02 1.247226429933250003e-02
8.121011049662356374e-02 0.000000000000000000e+00 3.933045686590800304e-03 3.766123355537012024e-02 0.000000000000000000e+00 1.251807557749680909e-02 0.000000000000000000e+00 1.298602008107151429e-01 6.562883426695950533e-03 2.797336091024267210e-02 0.000000000000000000e+00 2.568271331501294913e-02 0.000000000000000000e+00 0.000000000000000000e+00 7.134267434495630833e-02 0.000000000000000000e+00 1.466536957590987289e-01 0.000000000000000000e+00 1.080353536725429421e-02 2.753246389501824015e-02 0.000000000000000000e+00 1.084527863887534277e-01 1.271173449794431309e-02 1.215020772957091377e-01 1.755994086725175818e-01
0.000000000000000000e+00 0.000000000000000000e+00 4.765385743518853190e-02 1.859158197187651268e-02 2.378405295872053626e-01 0.000000000000000000e+00 8.624433691909180050e-03 1.480969645858590811e-01 0.000000000000000000e+00 1.285576919860906275e-01 0.000000000000000000e+00 7.337186913498167096e-02 0.000000000000000000e+00 0.000000000000000000e+00 0.000000000000000000e+00 0.000000000000000000e+00 1.599541379987651918e-02 2.132190044268461246e-03 0.000000000000000000e+00 1.546229777847153430e-01 0.000000000000000000e+00 1.124125434034652787e-01 2.357889584960269624e-02 2.852105072496078503e-02 0.000000000000000000e+00
2.691688063527541627e-02 0.000000000000000000e+00 2.662857197387404409e-03 0.000000000000000000e+00 5.190348737728965600e-03 0.000000000000000000e+00 1.327085828926429234e-01 7.359187379473625112e-02 0.000000000000000000e+00 2.394688386026513904e-02 0.000000000000000000e+00 1.264912006402013622e-01 0.000000000000000000e+00 1.817716938838117441e-02 0.000000000000000000e+00 0.000000000000000000e+00 1.560019731790503184e-01 0.000000000000000000e+00 1.376483232547897062e-01 5.593414551011423666e-03 0.000000000000000000e+00 1.230657953777712782e-01 1.633953245321956571e-01 0.000000000000000000e+00 4.609371958563037233e-03
0.000000000000000000e+00 0.000000000000000000e+00 4.741609372068016082e-02 0.000000000000000000e+00 1.441551718228625267e-01 6.511477291528769765e-03 1.081654455199602266e-01 1.028876561598161127e-01 0.000000000000000000e+00 1.217145370647301598e-02 0.000000000000000000e+00 0.000000000000000000e+00 0.000000000000000000e+00 0.000000000000000000e+00 1.507532423578503977e-01 0.000000000000000000e+00 1.382165093063825734e-01 9.301429846760796843e-03 0.000000000000000000e+00 1.280281387908090429e-01 0.000000000000000000e+00 0.000000000000000000e+00 1.523933814768765049e-01 0.000000000000000000e+00 0.000000000000000000e+00
0.000000000000000000e+00 0.000000000000000000e+00 1.987088656607453874e-03 0.000000000000000000e+00 1.551512864571771011e-01 0.000000000000000000e+00 2.567977852885653389e-01 1.505300860299071397e-01 0.000000000000000000e+00 3.690417268363456460e-02 0.000000000000000000e+00 0.000000000000000000e+00 0.000000000000000000e+00 2.359712342735187027e-02 0.000000000000000000e+00 0.000000000000000000e+00 3.320834291153862416e-02 4.115354821233019843e-03 1.565804344277076376e-01 2.349726040922316128e-02 0.000000000000000000e+00 1.783875045938141876e-02 6.501457558350717640e-03 1.000167753296195700e-01 3.327408153970237703e-02
0.000000000000000000e+00 0.000000000000000000e+00 1.265992494161192472e-01 2.093696861013654223e-02 0.000000000000000000e+00 1.170101801202310804e-01 5.550539630183554118e-02 0.000000000000000000e+00 1.976931006168881726e-03 4.526220026386889271e-03 0.000000000000000000e+00 1.470629223553833465e-01 0.000000000000000000e+00 0.000000000000000000e+00 0.000000000000000000e+00 0.000000000000000000e+00 1.063759250129927836e-01 3.303103342007469856e-02 1.563951505907783257e-01 1.840074489796856769e-02 0.000000000000000000e+00 1.159361413186407556e-02 0.000000000000000000e+00 1.027840160939884166e-02 1.903072625006610452e-01
9.316627502226912036e-03 9.364289224601134165e-03 0.000000000000000000e+00 0.000000000000000000e+00 1.332796870302765946e-01 0.000000000000000000e+00 0.000000000000000000e+00 0.000000000000000000e+00 0.000000000000000000e+00 0.000000000000000000e+00 0.000000000000000000e+00 1.328097315355375729e-01 0.000000000000000000e+00 0.000000000000000000e+00 1.392508003254982474e-01 0.000000000000000000e+00 0.000000000000000000e+00 4.201561147604163798e-02 1.563229271541201337e-01 2.196775909068487357e-03 3.982250005609425103e-02 1.320325687951641284e-02 6.416001810768574842e-02 1.034742014572322122e-01 1.547835733421005222e-01
0.000000000000000000e+00 0.000000000000000000e+00 1.627375052934610100e-01 0.000000000000000000e+00 1.436940069843378465e-01 0.000000000000000000e+00 5.240346121094188389e-03 0.000000000000000000e+00 0.000000000000000000e+00 8.293880537128649070e-04 0.000000000000000000e+00 1.363446028676774391e-01 0.000000000000000000e+00 0.000000000000000000e+00 8.821954822114473627e-03 0.000000000000000000e+00 9.709818419985322135e-02 1.387628708588563992e-02 9.101054890360558633e-03 5.263190333304116481e-02 0.000000000000000000e+00 1.570551129496372822e-01 1.322529887615785937e-01 7.372564694411916364e-02 6.591017693126677811e-03
0.000000000000000000e+00 6.258826808960882976e-03 3.541623487920797335e-03 0.000000000000000000e+00 0.000000000000000000e+00 0.000000000000000000e+00 0.000000000000000000e+00 0.000000000000000000e+00 0.000000000000000000e+00 0.000000000000000000e+00 0.000000000000000000e+00 3.030120240248789648e-02 0.000000000000000000e+00 0.000000000000000000e+00 7.657807871991638426e-02 0.000000000000000000e+00 1.223336893997187397e-01 1.305524218136262793e-01 1.521857041231194363e-01 2.857921201244869591e-01 0.000000000000000000e+00 3.959598611146062513e-03 0.000000000000000000e+00 9.429347214803953520e-03 1.790673872938124689e-01
1.703296423455273600e-02 0.000000000000000000e+00 6.122533313506483416e-02 0.000000000000000000e+00 4.580931380780049050e-02 0.000000000000000000e+00 3.559669035576801255e-02 1.477885519113990020e-01 0.000000000000000000e+00 0.000000000000000000e+00 0.000000000000000000e+00 0.000000000000000000e+00 0.000000000000000000e+00 0.000000000000000000e+00 1.045573007622376677e-01 0.000000000000000000e+00 3.194353322637203396e-01 0.000000000000000000e+00 1.545573421392449909e-01 8.112086866897244564e-02 0.000000000000000000e+00 6.560452087222838798e-03 2.631585063401671934e-02 0.000000000000000000e+00 0.000000000000000000e+00
0.000000000000000000e+00 0.000000000000000000e+00 1.113359634390249063e-02 0.000000000000000000e+00 1.547086416566687342e-02 0.000000000000000000e+00 1.148702785692485087e-02 1.803953468317737174e-01 0.000000000000000000e+00 0.000000000000000000e+00 0.000000000000000000e+00 1.209172316301417444e-01 0.000000000000000000e+00 0.000000000000000000e+00 0.000000000000000000e+00 0.000000000000000000e+00 1.740306589332702991e-01 5.351528920837662212e-02 1.524217061762581094e-01 8.638011722190357122e-02 2.027535311334154391e-02 1.236645828926939139e-01 5.030822562574616824e-02 0.000000000000000000e+00 0.000000000000000000e+00
9.103660463670408889e-03 1.585240566453364336e-02 7.594361009456069601e-03 2.492502569332972432e-03 1.062739702468245249e-02 1.158653215142010917e-01 1.310412716360673802e-01 8.560450386471936401e-02 0.000000000000000000e+00 5.744922895925417411e-02 0.000000000000000000e+00 4.199647442116803686e-02 0.000000000000000000e+00 0.000000000000000000e+00 1.476280793714849493e-01 0.000000000000000000e+00 0.000000000000000000e+00 6.591975761826327851e-04 3.260142383185562348e-02 1.345011116467260126e-01 5.661172609169164843e-02 0.000000000000000000e+00 1.476992554817907434e-03 9.888943533746029010e-03 1.390053982664095911e-01
0.000000000000000000e+00 0.000000000000000000e+00 1.889628396189826087e-01 9.092238230924634679e-02 1.442919554856666731e-01 3.791819862438536044e-03 4.093295167564369764e-03 4.359725574012664195e-02 0.000000000000000000e+00 9.908477506639867816e-02 6.136634411941344937e-03 9.750544547943544582e-03 0.000000000000000000e+00 6.368803132799122531e-03 1.140162733151028548e-02 0.000000000000000000e+00 1.522760822367614369e-02 3.244593662393244898e-02 0.000000000000000000e+00 5.943230788248817648e-02 0.000000000000000000e+00 1.113253499294877547e-01 0.000000000000000000e+00 9.319435523973176524e-03 1.638474291418240136e-01
9.000500085667722736e-03 1.364022233918724299e-02 0.000000000000000000e+00 0.000000000000000000e+00 1.627769688078844756e-01 0.000000000000000000e+00 1.146347193636125666e-01 1.608508285459092635e-01 0.000000000000000000e+00 1.746321249242539508e-01 0.000000000000000000e+00 3.816251841501020620e-02 0.000000000000000000e+00 0.000000000000000000e+00 1.497359714306056551e-03 0.000000000000000000e+00 1.554660986357005448e-01 1.399780316022765717e-02 9.266185544785664197e-03 1.917789488502709416e-02 0.000000000000000000e+00 0.000000000000000000e+00 1.862729927479947131e-02 0.000000000000000000e+00 1.082694763036281538e-01
0.000000000000000000e+00 0.000000000000000000e+00 1.257897794077719456e-01 1.117959309425348678e-02 1.309258275732351207e-01 0.000000000000000000e+00 7.975425859312164356e-02 1.293235248475906318e-01 3.287644164144505870e-03 9.545090495886444926e-02 0.000000000000000000e+00 5.315758863633083392e-02 0.000000000000000000e+00 1.076056951874012658e-02 1.422320442140001251e-01 0.000000000000000000e+00 0.000000000000000000e+00 0.000000000000000000e+00 0.000000000000000000e+00 1.441688530885096818e-02 0.000000000000000000e+00 0.000000000000000000e+00 2.520618435196660036e-03 6.638360238733279073e-02 1.348171588605665827e-01
3.766814814902968728e-03 0.000000000000000000e+00 1.888867642989452630e-02 0.000000000000000000e+00 1.161923268056384018e-01 1.142713953047395786e-01 0.000000000000000000e+00 3.432161512139830523e-03 1.299394307873076582e-02 0.000000000000000000e+00 0.000000000000000000e+00 1.391622245748465603e-01 6.710891888840146962e-04 2.563342544726252004e-02 1.688723163253758042e-01 0.000000000000000000e+00 1.401867707658478457e-01 0.000000000000000000e+00 1.803599811097076344e-01 6.608476497593189156e-03 0.000000000000000000e+00 0.000000000000000000e+00 1.976715044511051511e-02 0.000000000000000000e+00 4.919324769932587743e-02
0.000000000000000000e+00 1.216377952378138241e-02 2.058128939029119434e-02 1.045620957287189817e-01 1.148799832938043608e-01 0.000000000000000000e+00 0.000000000000000000e+00 5.831034118134271332e-02 8.781261429656178966e-03 1.171639602492546006e-01 0.000000000000000000e+00 0.000000000000000000e+00 0.000000000000000000e+00 6.697942742057245644e-03 6.253739467667615917e-03 0.000000000000000000e+00 1.695595390466220209e-01 1.564493814867977672e-01 1.532918797047306547e-01 3.727729587440838099e-02 0.000000000000000000e+00 2.273882296636529216e-02 9.961855505373224534e-03 0.000000000000000000e+00 1.326832409128353386e-03
5.541976002983468180e-03 1.016077774514990983e-01 1.698353654128368154e-02 0.000000000000000000e+00 4.946419979479795698e-02 0.000000000000000000e+00 0.000000000000000000e+00 1.550748835961496819e-01 1.369637623534859447e-02 5.436281860117673365e-02 0.000000000000000000e+00 3.175959413292216149e-02 0.000000000000000000e+00 0.000000000000000000e+00 1.281842746514949838e-01 0.000000000000000000e+00 9.133733942867418298e-02 1.365781903206860770e-01 4.767502553645636999e-03 0.000000000000000000e+00 1.657052133078010421e-03 9.807972935525816408e-03 3.763806579713368378e-02 0.000000000000000000e+00 1.615384398236002217e-01
0.000000000000000000e+00 1.124123088516927327e-01 1.492306525453374576e-02 4.058418133809705425e-02 1.644876771872735843e-02 0.000000000000000000e+00 1.283373479890599078e-01 1.631008464220680063e-02 0.000000000000000000e+00 0.000000000000000000e+00 0.000000000000000000e+00 6.059214567607267878e-03 0.000000000000000000e+00 0.000000000000000000e+00 1.730775779659570468e-01 0.000000000000000000e+00 1.623541879007360522e-01 1.511683579156329060e-01 1.330630964299487073e-01 0.000000000000000000e+00 0.000000000000000000e+00 0.000000000000000000e+00 0.000000000000000000e+00 0.000000000000000000e+00 4.526180942580047134e-02
1.151303333359089253e-03 0.000000000000000000e+00 0.000000000000000000e+00 6.170197910863755610e-03 1.461539145634517811e-01 0.000000000000000000e+00 1.038781922140171766e-02 1.580057087847429875e-01 0.000000000000000000e+00 2.001062530849584842e-03 4.936408640979477597e-03 1.499317366970452370e-01 0.000000000000000000e+00 3.169443754445904621e-02 0.000000000000000000e+00 0.000000000000000000e+00 4.952037514491023848e-03 0.000000000000000000e+00 6.971523529077382902e-03 1.265496387600186824e-02 0.000000000000000000e+00 2.417840869429976336e-01 4.750476312093070141e-02 1.757000357893487852e-01 0.000000000000000000e+00
0.000000000000000000e+00 0.000000000000000000e+00 1.721504281452405083e-01 0.000000000000000000e+00 1.329647495049841033e-01 0.000000000000000000e+00 1.271489744162332958e-01 3.609035405165056387e-02 0.000000000000000000e+00 1.916766926810887367e-02 0.000000000000000000e+00 3.193298327208762919e-03 1.154918487101682240e-01 0.000000000000000000e+00 0.000000000000000000e+00 0.000000000000000000e+00 1.867880588721286539e-02 2.313483353390017802e-02 0.000000000000000000e+00 1.182282925319013689e-01 7.615885537312651159e-03 0.000000000000000000e+00 2.154298581278369512e-02 4.106861882124502455e-02 1.635232554520498482e-01
0.000000000000000000e+00 0.000000000000000000e+00 3.455866210824362888e-03 0.000000000000000000e+00 5.499464433520438039e-02 0.000000000000000000e+00 1.824955375339843257e-03 1.890940197837355508e-01 0.000000000000000000e+00 1.443538269803181298e-02 0.000000000000000000e+00 1.334097929891255585e-01 0.000000000000000000e+00 0.000000000000000000e+00 0.000000000000000000e+00 0.000000000000000000e+00 1.506475340994323786e-01 1.394362815442950765e-01 1.727767884829158607e-01 2.694045356044647704e-02 0.000000000000000000e+00 1.058230161896785981e-01 0.000000000000000000e+00 7.161264730970003795e-03 0.000000000000000000e+00
9.914984107520332431e-04 0.000000000000000000e+00 9.892975856544358043e-03 0.000000000000000000e+00 1.965145351606004467e-02 2.198188212843898634e-02 4.180713189093509391e-02 4.305806551892218254e-03 0.000000000000000000e+00 2.593687302192332345e-02 0.000000000000000000e+00 1.069389156631318644e-01 0.000000000000000000e+00 1.108706884405074797e-02 6.444559855160110137e-03 0.000000000000000000e+00 1.051771708108969680e-02 0.000000000000000000e+00 2.615543339489914687e-01 1.331674842399414027e-01 0.000000000000000000e+00 0.000000000000000000e+00 1.899527677011755566e-01 2.839377889988058210e-03 1.529301533999250506e-01
