1.508737294816312781e-02 9.323743789661938230e-02 2.002323637367301595e-03 1.913635151609351494e-03 2.323904067314024741e-02 5.510066942482868407e-02 6.828171545501619810e-02 0.000000000000000000e+00 3.164143123083171250e-02 0.000000000000000000e+00 0.000000000000000000e+00 5.622669138414025658e-02 0.000000000000000000e+00 0.000000000000000000e+00 2.685841004542837140e-01 5.967158136413546442e-03 8.241318465651237268e-02 1.133923066908072291e-01 6.450083896080616077e-04 2.074568966543276563e-03 0.000000000000000000e+00 0.000000000000000000e+00 1.513977702243655965e-02 3.478189297638922123e-02 1.302716849052897308e-01
1.196676589571165836e-02 9.446093109349590344e-02 1.280444372195245761e-01 5.403136463816831520e-02 1.178705652482758548e-01 6.622469198568463333e-02 3.087067368270218423e-02 2.115137504567867963e-02 0.000000000000000000e+00 1.485647799066882983e-02 0.000000000000000000e+00 4.039589780256969392e-04 0.000000000000000000e+00 0.000000000000000000e+00 1.872062465094760098e-01 1.341215683947346009e-03 0.000000000000000000e+00 1.154043085262993346e-01 0.000000000000000000e+00 3.886550689255714036e-03 0.000000000000000000e+00 1.076955082859906102e-03 1.014006288204962469e-01 0.000000000000000000e+00 4.980285290972924495e-02
3.495861295422200005e-02 1.312531750516566370e-02 0.000000000000000000e+00 0.000000000000000000e+00 3.567073467548385890e-02 9.642879240481666558e-02 1.195073208595528735e-01 1.222347059609796109e-02 8.870837264314486437e-02 1.286199372291594971e-02 0.000000000000000000e+00 1.627159282079616853e-01 5.336014371310473722e-04 0.000000000000000000e+00 0.000000000000000000e+00 8.830325375573587487e-02 8.688510305266176903e-02 7.553544363323204565e-03 0.000000000000000000e+00 5.368872681546000419e-02 0.000000000000000000e+00 1.051208396210589202e-01 1.964992854395475330e-02 3.264536585421599912e-02 2.941909298709681833e-02
1.305782465364690170e-01 0.000000000000000000e+00 0.000000000000000000e+00 4.513608956642328057e-02 1.172553228895149985e-01 2.411196547181804206e-02 1.045945654559519164e-03 4.485222396264033212e-02 9.220929659617156660e-02 1.340007749552812877e-01 0.000000000000000000e+00 1.376212808691351097e-01 2.525520695108127156e-02 0.000000000000000000e+00 4.391653641474332209e-02 0.000000000000000000e+00 0.000000000000000000e+00 3.508969715745948424e-03 9.039187894543673774e-02 1.169193963298800071e-02 0.000000000000000000e+00 4.901712151712795014e-03 0.000000000000000000e+00 1.519719492261657583e-02 7.832541476366224054e-02
0.000000000000000000e+00 5.589701735297568364e-02 0.000000000000000000e+00 0.000000000000000000e+00 3.114668875993978434e-03 1.374461331677251635e-03 1.154491090227073719e-01 0.000000000000000000e+00 0.000000000000000000e+00 4.108495940105864885e-02 3.420774541964930957e-03 2.344992075313807323e-01 0.000000000000000000e+00 5.182621704197756416e-04 1.554470301936187460e-01 0.000000000000000000e+00 0.000000000000000000e+00 0.000000000000000000e+00 1.571424041993148193e-03 6.683812097053802581e-02 0.000000000000000000e+00 1.039255385620372618e-01 6.635111193132507690e-02 1.505083140723093016e-01 0.000000000000000000e+00
0.000000000000000000e+00 2.459798259913929699e-04 3.075703007247564819e-02 0.000000000000000000e+00 2.545564828918883693e-01 0.000000000000000000e+00 2.610214569167917942e-01 1.430908374402991290e-01 3.323224022553315088e-02 3.098863195250977157e-03 0.000000000000000000e+00 1.545674756240767445e-01 0.000000000000000000e+00 0.000000000000000000e+00 6.041829457967380634e-02 0.000000000000000000e+00 0.000000000000000000e+00 0.000000000000000000e+00 0.000000000000000000e+00 1.513575002705576378e-02 0.000000000000000000e+00 1.863728605340120650e-02 1.376823335926603831e-02 1.147006978829591926e-02 0.000000000000000000e+00
4.377461024340159254e-03 6.781785027728292996e-03 1.708210404606350097e-01 0.000000000000000000e+00 2.641054510336868222e-01 4.094537404102568251e-02 2.472539772848252326e-01 4.213832344032832772e-02 0.000000000000000000e+00 1.340073520840339705e-01 0.000000000000000000e+00 0.000000000000000000e+00 0.000000000000000000e+00 0.000000000000000000e+00 1.557950109381997603e-03 0.000000000000000000e+00 0.000000000000000000e+00 2.580622795587591330e-03 2.817996321776581117e-02 3.472027256356874565e-04 0.000000000000000000e+00 6.610053149058579131e-03 1.850121261718054924e-02 2.349822042098208622e-02 8.294010567804391276e-03
4.008579677189848950e-02 1.345515512925864743e-01 6.250866795798586638e-03 5.122648401124189205e-02 4.194694170660506760e-02 1.070632849376883938e-02 1.489511924462441107e-02 4.385983208037640135e-02 4.963188703842921767e-02 3.561379055605110033e-02 0.000000000000000000e+00 3.021166673072812892e-02 0.000000000000000000e+00 0.000000000000000000e+00 1.073152454803796008e-01 0.000000000000000000e+00 0.000000000000000000e+00 0.000000000000000000e+00 0.000000000000000000e+00 0.000000000000000000e+00 0.000000000000000000e+00 1.210836533931377440e-01 1.371773387888221840e-01 1.560374029088946735e-01 1.940609470665715514e-02
0.000000000000000000e+00 0.000000000000000000e+00 2.187507150787600108e-01 1.669100435092113564e-03 1.376484520431843217e-01 1.418742327858569796e-01 1.373985210056351269e-01 3.414969351197308985e-03 1.108289086851481087e-01 0.000000000000000000e+00 7.850084025303155633e-03 3.157690940072439834e-02 1.277877007884557249e-02 0.000000000000000000e+00 1.415279859547438623e-01 0.000000000000000000e+00 0.000000000000000000e+00 6.627990800047517221e-03 0.000000000000000000e+00 0.000000000000000000e+00 0.000000000000000000e+00 0.000000000000000000e+00 1.372686269028898509e-02 3.314668848035133650e-03 3.101182881713725886e-02
0.000000000000000000e+00 1.520723588626672340e-01 1.181045853973239634e-01 3.245603407236277022e-02 3.368922019067759847e-03 1.611737495660816449e-02 1.535236111831896622e-01 4.370722727763482786e-03 8.260839340646393414e-02 8.731268984150854229e-02 8.390050545611811561e-05 0.000000000000000000e+00 0.000000000000000000e+00 0.000000000000000000e+00 9.312716409784918548e-02 0.000000000000000000e+00 0.000000000000000000e+00 6.365044041909787530e-03 5.840877362533182515e-02 7.326063328819672291e-04 0.000000000000000000e+00 3.324104666488759269e-02 5.792238672458612132e-03 0.000000000000000000e+00 1.523145335922694021e-01
0.000000000000000000e+00 1.135115598481128106e-02 1.558991075758547062e-01 7.065903577221450873e-04 1.245818608762582352e-01 2.223338713271872866e-02 3.876878380765517301e-02 0.000000000000000000e+00 2.003845520510223396e-02 0.000000000000000000e+00 0.000000000000000000e+00 1.982296924908585611e-01 0.000000000000000000e+00 0.000000000000000000e+00 3.886518999777492656e-02 1.021736303937267470e-01 0.000000000000000000e+00 0.000000000000000000e+00 4.687543990506626984e-02 4.753787567744104103e-03 0.000000000000000000e+00 1.661513496917761401e-01 2.469700681417857924e-02 0.000000000000000000e+00 4.467456219875202278e-02
2.348543852504970594e-02 0.000000000000000000e+00 9.837617447479775346e-02 0.000000000000000000e+00 1.544141350248462996e-01 6.141455816053139651e-03 9.868664265510627975e-02 2.885259602188073452e-02 4.842179588293433340e-02 0.000000000000000000e+00 0.000000000000000000e+00 0.000000000000000000e+00 0.000000000000000000e+00 0.000000000000000000e+00 1.442545260895912729e-01 0.000000000000000000e+00 2.041400116418976094e-03 3.868718061845703715e-02 3.534478138015138132e-02 1.246825819327365692e-02 0.000000000000000000e+00 9.226567568822572132e-03 1.484340404947673830e-01 9.134105634545134321e-04 1.502515965743949633e-01
3.166007617577492467e-02 1.047474283211281137e-01 3.357093118276774368e-02 1.135620380267705343e-01 4.454763835586128540e-02 0.000000000000000000e+00 2.015486925838986254e-01 0.000000000000000000e+00 1.864788296039128837e-02 1.577805148430321269e-01 0.000000000000000000e+00 0.000000000000000000e+00 0.000000000000000000e+00 0.000000000000000000e+00 3.934107775132631574e-02 0.000000000000000000e+00 0.000000000000000000e+00 0.000000000000000000e+00 0.000000000000000000e+00 0.000000000000000000e+00 0.000000000000000000e+00 7.662664392233739866e-03 8.543818601545927552e-03 4.813973739869235186e-02 1.902474994065770919e-01
0.000000000000000000e+00 5.336299228965137031e-02 0.000000000000000000e+00 0.000000000000000000e+00 3.263354216997597229e-02 1.823746390828232325e-02 1.408950884485243860e-01 0.000000000000000000e+00 0.000000000000000000e+00 2.418541151689433677e-02 0.000000000000000000e+00 1.286045910013889348e-01 2.264371784917044994e-02 2.453711173682007925e-03 2.534842650241211359e-01 0.000000000000000000e+00 3.897131706270466449e-03 0.000000000000000000e+00 0.000000000000000000e+00 3.685856818678560215e-03 0.000000000000000000e+00 0.000000000000000000e+00 1.553632604719073773e-01 2.092432420189565406e-02 1.396286434195570525e-01
0.000000000000000000e+00 4.768187150236074569e-03 1.846659088205329924e-01 0.000000000000000000e+00 1.215698883609730441e-01 1.301802777305216541e-02 0.000000000000000000e+00 3.658088918914562115e-02 2.893568559698924542e-02 2.789575233954356970e-02 0.000000000000000000e+00 2.778815284630132831e-01 0.000000000000000000e+00 0.000000000000000000e+00 3.795123772539752728e-03 0.000000000000000000e+00 0.000000000000000000e+00 6.150943232247965513e-03 0.000000000000000000e+00 0.000000000000000000e+00 0.000000000000000000e+00 1.043728374900182443e-01 1.407448962044275387e-01 4.024965268357331288e-02 9.370678923707105937e-03
1.304619684452536449e-03 4.191516512285875344e-03 1.565891686791686388e-01 0.000000000000000000e+00 2.176064412170568285e-01 1.645512512719578616e-02 3.009454128814728971e-02 1.197117403705815070e-01 9.017382433011649975e-03 0.000000000000000000e+00 1.979185541623630770e-04 7.679273142479054945e-03 0.000000000000000000e+00 0.000000000000000000e+00 1.748317013620933613e-01 6.879208822233424080e-03 3.694202848711316666e-03 5.274697273476239290e-02 5.384055044471625084e-02 1.006565684263024084e-02 0.000000000000000000e+00 9.085820343080035222e-02 0.000000000000000000e+00 6.269406344451552288e-03 3.796637016105946366e-02
2.266870395979061689e-02 1.083778776998317872e-01 4.972656533095398679e-02 1.667147141259027812e-03 7.271621956519205843e-02 6.800310561550725573e-03 1.698948858547020269e-01 1.489167956271379711e-02 1.594004846645033224e-01 1.260285107695531259e-01 0.000000000000000000e+00 2.802672467077657603e-02 0.000000000000000000e+00 0.000000000000000000e+00 1.240920987486561072e-01 0.000000000000000000e+00 1.497342691760281466e-03 1.058100176085441206e-02 0.000000000000000000e+00 1.033979282016562681e-02 0.000000000000000000e+00 9.277929781355086225e-02 0.000000000000000000e+00 0.000000000000000000e+00 5.113563841855604548e-04
0.000000000000000000e+00 4.097191209162110576e-02 2.783535390406780344e-02 1.350751056677994832e-01 8.052075744797469736e-02 0.000000000000000000e+00 5.824223644153038448e-02 1.596234448367158942e-01 5.902000252898900734e-02 2.076590330519161309e-01 0.000000000000000000e+00 3.789439171843680954e-02 0.000000000000000000e+00 0.000000000000000000e+00 3.331731158453762193e-02 0.000000000000000000e+00 2.196836579854363758e-02 0.000000000000000000e+00 5.805656204575426749e-02 3.983130405135981017e-02 0.000000000000000000e+00 3.383077397136527442e-02 1.387268448644257690e-03 0.000000000000000000e+00 4.766176410743839555e-03
1.584946666726222766e-02 8.325363201279069314e-02 7.834928018326122693e-05 4.198681501759973962e-03 0.000000000000000000e+00 1.558818244938332299e-02 4.052801696360772143e-02 5.263259008493777029e-03 2.045561827875804362e-03 1.207519616404782031e-01 1.907417917635706770e-05 2.805227544866879530e-01 7.721489441878323645e-03 0.000000000000000000e+00 1.616805649111121290e-01 7.016712126296470280e-03 0.000000000000000000e+00 4.850633501911818667e-04 0.000000000000000000e+00 3.871097610746591922e-02 1.874069784086203425e-03 8.885875851667874789e-03 6.620487985894182859e-02 0.000000000000000000e+00 1.393214285506608197e-01
0.000000000000000000e+00 6.018661082425352804e-02 1.312233895977754916e-01 0.000000000000000000e+00 0.000000000000000000e+00 2.902683547050428046e-03 6.281125381036233024e-02 0.000000000000000000e+00 2.636865786466226214e-02 3.311532496462073899e-02 8.945454808470679545e-04 1.422715846967455844e-01 1.415421141513753533e-02 0.000000000000000000e+00 1.302192218525896061e-01 0.000000000000000000e+00 4.549341384335185701e-02 1.339166665567159964e-01 6.935095910569845281e-04 8.122584499620140799e-03 5.509690158843789237e-02 0.000000000000000000e+00 1.863851082447606430e-02 1.040646032160203642e-03 1.328502830101362664e-01
0.000000000000000000e+00 1.500003166318799978e-02 0.000000000000000000e+00 6.655829149147576493e-03 2.134029313217993551e-01 0.000000000000000000e+00 2.782602057418925509e-02 1.352712243317863994e-01 1.543183101426306124e-02 2.550673009446639480e-02 0.000000000000000000e+00 1.459823401242028862e-01 1.508510828586384460e-02 0.000000000000000000e+00 0.000000000000000000e+00 1.347699491605905669e-03 0.000000000000000000e+00 9.556337170021765581e-02 2.452741321599347102e-02 1.451089441295016352e-02 0.000000000000000000e+00 1.947167522606966031e-02 1.035935699278012212e-01 0.000000000000000000e+00 1.408233294664551494e-01
0.000000000000000000e+00 0.000000000000000000e+00 8.371007845688664684e-03 1.455957167599462865e-03 1.201778112779229996e-01 1.470436299652947950e-03 6.747660306320444647e-03 0.000000000000000000e+00 9.119882439810194502e-03 1.725041084214873899e-01 0.000000000000000000e+00 1.849902806818263801e-01 9.778050292677246957e-03 0.000000000000000000e+00 1.748053460964645034e-01 1.705859700678690307e-04 0.000000000000000000e+00 2.530071128082305235e-02 0.000000000000000000e+00 8.362383780006716694e-04 6.763065365878724415e-03 0.000000000000000000e+00 9.575368246205694100e-02 1.027337100914443857e-01 7.902146562227804760e-02
0.000000000000000000e+00 0.000000000000000000e+00 5.570141329711741918e-02 0.000000000000000000e+00 1.687663167946147971e-02 0.000000000000000000e+00 2.714502089380394501e-01 4.634517930566391802e-02 1.118170753673604079e-01 0.000000000000000000e+00 2.472076101096974676e-03 1.677486124623402686e-01 0.000000000000000000e+00 8.936637739302318029e-03 1.344666685712951615e-01 0.000000000000000000e+00 1.009661873619115309e-02 2.881748394201337320e-03 1.322660727371883782e-01 0.000000000000000000e+00 0.000000000000000000e+00 2.236337230739886967e-02 1.657768436334292744e-02 0.000000000000000000e+00 0.000000000000000000e+00
0.000000000000000000e+00 9.514008203473213465e-02 1.222575766067003078e-01 7.116418706343705970e-03 6.252459965266142505e-02 1.531303971028969736e-02 1.554600512263439593e-01 1.468432366336747952e-01 9.628737788792997992e-03 1.705846144142632304e-02 0.000000000000000000e+00 9.491303094762483517e-02 0.000000000000000000e+00 1.095129752993116018e-02 9.057656086499267512e-02 1.242752552068637426e-02 0.000000000000000000e+00 1.767337411496995884e-03 0.000000000000000000e+00 5.523252994592576029e-03 6.196588809495816134e-03 0.000000000000000000e+00 1.029874151188874404e-01 0.000000000000000000e+00 4.331478700132678633e-02
1.737656546148608943e-03 1.466365042917417427e-01 4.648139626037551251e-04 1.244683982040623998e-01 4.562372057654526247e-02 2.133788037171389235e-02 1.521269179874376251e-02 2.805808869781835704e-02 4.935726709826381356e-03 4.516961734573850945e-02 0.000000000000000000e+00 1.216882521821150281e-01 1.954829420766612466e-02 0.000000000000000000e+00 1.339807370149054822e-01 1.123104815576411453e-01 1.334203796439552281e-03 2.889580058551153088e-02 1.326721541464377478e-02 0.000000000000000000e+00 0.000000000000000000e+00 0.000000000000000000e+00 0.000000000000000000e+00 0.000000000000000000e+00 1.353299167361346200e-01
0.000000000000000000e+00 0.000000000000000000e+00 0.000000000000000000e+00 0.000000000000000000e+00 2.617879433164335690e-02 0.000000000000000000e+00 1.841721698875643520e-01 1.443035016683846816e-01 0.000000000000000000e+00 0.000000000000000000e+00 4.313559590779779060e-03 1.215384240923459980e-01 8.946299670546064425e-03 0.000000000000000000e+00 2.860755375809239109e-01 0.000000000000000000e+00 0.000000000000000000e+00 4.826347141451423073e-02 0.000000000000000000e+00 0.000000000000000000e+00 0.000000000000000000e+00 0.000000000000000000e+00 0.000000000000000000e+00 2.941691198866934823e-02 1.467913297746281098e-01
0.000000000000000000e+00 1.109875320539015775e-01 4.605488115798719168e-02 1.356420416542340468e-01 1.618112238605031727e-01 0.000000000000000000e+00 1.633053392018820327e-01 1.251211368853069328e-01 1.125331274354592678e-03 1.344221750236815338e-01 0.000000000000000000e+00 0.000000000000000000e+00 0.000000000000000000e+00 0.000000000000000000e+00 4.105766748178250186e-02 0.000000000000000000e+00 0.000000000000000000e+00 1.080187565944907939e-03 0.000000000000000000e+00 0.000000000000000000e+00 0.000000000000000000e+00 1.641027830397797163e-02 2.315106083328009878e-02 1.804380676781174725e-02 2.178733793535164026e-02
0.000000000000000000e+00 0.000000000000000000e+00 3.091336923157584834e-02 0.000000000000000000e+00 1.744999310291085182e-01 0.000000000000000000e+00 2.919139680780719059e-01 9.569915747647256277e-02 2.845763856356911536e-02 2.588789834962946373e-02 0.000000000000000000e+00 8.488384104496144236e-03 0.000000000000000000e+00 0.000000000000000000e+00 2.593397794256822094e-03 0.000000000000000000e+00 0.000000000000000000e+00 0.000000000000000000e+00 1.646007362526793333e-02 8.314365625729934484e-02 0.000000000000000000e+00 1.158362794888639739e-02 1.013070084376320040e-01 1.856658061886790057e-02 1.104853084848660266e-01
0.000000000000000000e+00 0.000000000000000000e+00 4.153716338605125541e-02 3.245899989457116941e-02 1.438115331369072825e-01 4.559194034566076831e-02 2.095081779415364914e-02 3.159623629600820556e-03 3.045189539984750199e-02 1.772676648248338802e-02 0.000000000000000000e+00 2.723145845831146383e-01 9.308828302828435486e-02 0.000000000000000000e+00 1.203112112649258082e-02 0.000000000000000000e+00 0.000000000000000000e+00 0.000000000000000000e+00 2.944055574872275760e-02 2.869944296984844323e-02 0.000000000000000000e+00 0.000000000000000000e+00 1.224454879897688836e-01 4.047927245860736059e-03 1.022438572386317190e-01
0.000000000000000000e+00 1.032072832251866579e-01 8.949758762905074549e-03 0.000000000000000000e+00 2.904591073405740076e-01 2.753106137868898892e-02 2.780095137677657258e-02 0.000000000000000000e+00 1.249790428668789977e-01 1.385546620053591249e-01 0.000000000000000000e+00 1.655221854549620009e-01 0.000000000000000000e+00 0.000000000000000000e+00 1.126212143858460434e-02 4.742474834622049246e-02 0.000000000000000000e+00 0.000000000000000000e+00 0.000000000000000000e+00 0.000000000000000000e+00 0.000000000000000000e+00 2.215788843075352024e-02 1.003908313604327807e-02 0.000000000000000000e+00 2.211210623706667475e-02
0.000000000000000000e+00 7.598349892460788679e-02 2.715781339992392671e-02 0.000000000000000000e+00 0.000000000000000000e+00 1.108554732258285394e-02 3.627093180918332382e-02 0.000000000000000000e+00 2.052264196872001858e-02 2.293480494287229721e-02 0.000000000000000000e+00 1.725845355618818577e-01 0.000000000000000000e+00 0.000000000000000000e+00 1.332881038382175976e-01 0.000000000000000000e+00 0.000000000000000000e+00 9.661807520838244789e-02 0.000000000000000000e+00 7.928561015624809027e-02 0.000000000000000000e+00 1.062030015589069121e-01 1.337651676648138888e-01 0.000000000000000000e+00 8.430026764365881886e-02
0.000000000000000000e+00 1.084930719587815784e-01 2.481666959316902385e-02 0.000000000000000000e+00 0.000000000000000000e+00 7.830168780797577832e-03 1.607819549323482311e-01 1.435165945950782895e-01 1.884736238722903648e-02 2.938784812629499296e-02 0.000000000000000000e+00 1.752473407989105780e-01 0.000000000000000000e+00 0.000000000000000000e+00 1.550516114651359356e-01 0.000000000000000000e+00 0.000000000000000000e+00 0.000000000000000000e+00 1.021082009711812670e-02 2.498678936220952509e-02 1.392854958013709996e-02 9.796669288854574498e-02 8.438074021839464534e-03 0.000000000000000000e+00 2.049645141240472035e-02
0.000000000000000000e+00 0.000000000000000000e+00 0.000000000000000000e+00 6.411865276537881408e-02 0.000000000000000000e+00 1.093097525400968557e-02 5.217883795173795802e-02 8.728050736579414867e-03 8.955420336334952991e-02 3.993333456053398123e-02 0.000000000000000000e+00 2.752164741687376237e-01 0.000000000000000000e+00 0.000000000000000000e+00 4.248334443871325250e-02 0.000000000000000000e+00 0.000000000000000000e+00 1.359373001118975299e-01 0.000000000000000000e+00 0.000000000000000000e+00 0.000000000000000000e+00 1.121739195997585592e-02 8.745212484242732842e-02 4.464510903760073035e-02 1.376042008090583302e-01
0.000000000000000000e+00 1.171826832264965396e-02 3.183851245239372602e-02 0.000000000000000000e+00 2.705863347291283527e-01 1.925114774295223763e-03 7.547194732615522539e-02 1.111371327666671460e-01 0.000000000000000000e+00 1.490831292197025149e-01 4.767973511225542110e-02 1.266159143231276353e-02 0.000000000000000000e+00 1.044642698037329034e-03 5.666483901302391164e-03 0.000000000000000000e+00 7.073703941781753690e-04 9.680636757204366671e-02 0.000000000000000000e+00 2.324107621007953997e-02 0.000000000000000000e+00 5.292844626283777984e-03 1.947739768520290182e-02 1.356620507773122486e-01 0.000000000000000000e+00
0.000000000000000000e+00 6.265351721796067960e-03 1.237740070820436133e-01 0.000000000000000000e+00 1.530693168209335542e-01 0.000000000000000000e+00 4.960708281612601078e-02 3.018828087009193042e-02 1.849114150113771683e-03 3.899554780039125867e-02 0.000000000000000000e+00 6.968268297176778703e-02 1.632169874962848422e-03 0.000000000000000000e+00 1.104282694186875247e-01 0.000000000000000000e+00 0.000000000000000000e+00 1.176493588397368312e-01 0.000000000000000000e+00 2.447943852647755519e-03 0.000000000000000000e+00 6.661327094371874338e-04 7.026343699452469033e-03 1.373110903424675788e-01 1.494073070293437944e-01
0.000000000000000000e+00 1.799649967423173642e-03 0.000000000000000000e+00 1.121005346706387346e-03 1.505039399154188551e-01 0.000000000000000000e+00 1.339266514368229744e-01 0.000000000000000000e+00 4.573889485682661876e-02 3.519600023559636692e-02 0.000000000000000000e+00 1.628797458307373880e-01 1.928845008274264472e-02 0.000000000000000000e+00 1.372270355844338041e-01 5.772585947294719966e-02 1.022300473411485002e-03 0.000000000000000000e+00 0.000000000000000000e+00 0.000000000000000000e+00 0.000000000000000000e+00 0.000000000000000000e+00 9.636284713415769337e-03 0.000000000000000000e+00 2.439341820835172758e-01
0.000000000000000000e+00 2.990821315762043353e-02 4.813184771790261079e-02 0.000000000000000000e+00 2.288106904456418955e-01 0.000000000000000000e+00 1.856465093697051011e-02 1.807084400928169604e-02 5.633124074686210979e-03 1.295695221194763658e-01 0.000000000000000000e+00 3.071604872401718922e-02 3.271189730029717968e-03 0.000000000000000000e+00 1.665892711776658652e-01 0.000000000000000000e+00 3.352524619109064491e-02 1.226844764893260734e-02 0.000000000000000000e+00 1.014126960555351425e-01 0.000000000000000000e+00 9.477239120166642411e-03 9.363659954360159521e-02 4.857744530542174033e-02 2.183692404195913817e-02
0.000000000000000000e+00 6.983616575062094600e-02 7.217431041694331861e-02 1.853493228762568765e-02 1.337656963692256118e-01 0.000000000000000000e+00 0.000000000000000000e+00 1.725204153391792644e-02 5.373565542261969988e-03 3.022257150804612963e-02 0.000000000000000000e+00 3.110477610949041044e-02 7.909789560381546908e-04 1.054638608050873210e-03 2.012472420120843819e-01 0.000000000000000000e+00 1.095201631437445157e-03 1.280406134497647508e-01 1.096285595393618195e-01 8.440307113035113579e-03 0.000000000000000000e+00 1.616968745295037715e-02 0.000000000000000000e+00 1.888341451386878894e-02 1.363852972052762014e-01
0.000000000000000000e+00 0.000000000000000000e+00 7.189112421165932965e-02 0.000000000000000000e+00 2.106776509186137347e-01 3.264885851329974429e-04 0.000000000000000000e+00 9.867776380780665657e-03 3.042041913066788686e-02 4.262007462283427806e-02 1.349265665025865639e-03 0.000000000000000000e+00 0.000000000000000000e+00 0.000000000000000000e+00 2.219188395072636266e-01 0.000000000000000000e+00 0.000000000000000000e+00 1.425083631011183627e-01 0.000000000000000000e+00 0.000000000000000000e+00 0.000000000000000000e+00 0.000000000000000000e+00 0.000000000000000000e+00 1.392340798579444205e-01 1.291859180189587897e-01
0.000000000000000000e+00 9.949029152479234306e-02 6.958007647123477801e-02 2.528155293453870564e-02 1.410036042075363261e-01 4.629732402298917388e-02 0.000000000000000000e+00 8.466007503031629591e-03 4.677245983439114012e-03 1.299115750593505259e-01 0.000000000000000000e+00 1.489525141981046241e-01 4.893056985472433486e-03 0.000000000000000000e+00 0.000000000000000000e+00 0.000000000000000000e+00 7.341678666357924488e-02 2.706924742820060112e-02 1.034482925483075876e-02 0.000000000000000000e+00 0.000000000000000000e+00 1.317229499825824657e-01 1.446618896321305407e-02 3.490323086445652062e-02 2.952351795264762310e-02
6.432693029004901697e-02 1.361811163394635593e-01 2.314664371355893910e-02 0.000000000000000000e+00 1.168964845832092814e-01 1.710303441813525172e-02 0.000000000000000000e+00 1.119893900795073879e-02 3.913022261848884964e-03 1.497203177260575113e-01 0.000000000000000000e+00 5.321921600297160188e-02 2.466275754488077027e-03 0.000000000000000000e+00 1.546469497020483974e-01 1.541177869148950552e-02 0.000000000000000000e+00 0.000000000000000000e+00 5.685339047578335386e-02 2.230987876066494249e-02 0.000000000000000000e+00 8.024574191915462285e-02 4.605584367012402480e-03 0.000000000000000000e+00 8.775469598611394806e-02
0.000000000000000000e+00 0.000000000000000000e+00 0.000000000000000000e+00 3.554196685794720756e-02 1.718259766388791354e-01 0.000000000000000000e+00 3.347055695356209587e-02 9.397869452476710628e-02 5.113337784038404429e-03 6.983788860417300447e-04 2.441938045568540355e-02 1.325482627473720532e-01 1.387971857418653782e-02 0.000000000000000000e+00 1.381866562534780074e-01 2.100594847706083526e-02 6.442871322369861896e-03 0.000000000000000000e+00 6.354157999799192602e-02 8.232461815299313423e-02 3.492053809834230879e-04 0.000000000000000000e+00 1.422909481465671477e-01 0.000000000000000000e+00 3.438189884607593949e-02
0.000000000000000000e+00 1.704102997071564041e-01 0.000000000000000000e+00 1.108080799720659038e-01 1.234647698787832842e-01 0.000000000000000000e+00 2.200688549165559851e-02 1.341201153843235017e-01 0.000000000000000000e+00 1.123026498182000121e-01 0.000000000000000000e+00 0.000000000000000000e+00 0.000000000000000000e+00 3.929459739632123506e-03 0.000000000000000000e+00 0.000000000000000000e+00 0.000000000000000000e+00 0.000000000000000000e+00 0.000000000000000000e+00 0.000000000000000000e+00 0.000000000000000000e+00 5.778012588810834196e-03 1.694802861697025098e-01 1.405677502169990212e-01 7.131691032670886728e-03
5.578108340457989950e-03 1.641551994347128229e-01 3.774499745976634540e-02 4.143895985050112529e-02 0.000000000000000000e+00 0.000000000000000000e+00 3.301304428999676799e-02 3.373000791309185842e-03 3.406890508356222314e-02 3.014997603948685063e-03 0.000000000000000000e+00 2.430541471901664086e-01 0.000000000000000000e+00 0.000000000000000000e+00 7.685289588453203535e-02 0.000000000000000000e+00 0.000000000000000000e+00 1.459425750274262190e-01 7.230059830484031336e-02 0.000000000000000000e+00 5.862374425608244045e-06 0.000000000000000000e+00 0.000000000000000000e+00 3.363235495690731960e-03 1.360934728686634676e-01
1.573368340251543249e-02 8.715853861870565336e-03 0.000000000000000000e+00 5.287123980200156975e-02 1.445926650397577617e-01 0.000000000000000000e+00 1.640796902392920031e-01 9.707164712605281104e-03 1.085239372413654146e-01 0.000000000000000000e+00 0.000000000000000000e+00 2.562817946240844580e-01 0.000000000000000000e+00 0.000000000000000000e+00 0.000000000000000000e+00 1.091099577767223709e-02 0.000000000000000000e+00 0.000000000000000000e+00 0.000000000000000000e+00 1.220545829415760168e-02 1.052630659618859245e-02 4.306535948684229488e-03 1.588039878459110710e-01 4.274068661389364421e-02 0.000000000000000000e+00
0.000000000000000000e+00 7.839036984368411010e-02 3.688713387696535007e-02 2.184002846197685352e-02 8.949544541914238038e-02 6.803974877895516138e-02 1.045262470669792998e-01 1.322172976242220743e-01 1.985267543294149187e-02 6.715780372630822002e-04 0.000000000000000000e+00 1.030785391516475524e-01 0.000000000000000000e+00 9.622419616826664076e-04 9.261746854875241297e-02 0.000000000000000000e+00 0.000000000000000000e+00 0.000000000000000000e+00 0.000000000000000000e+00 0.000000000000000000e+00 0.000000000000000000e+00 1.301823447244725152e-02 2.111874688832867872e-02 9.527088594026653090e-02 1.220133584947451222e-01
0.000000000000000000e+00 3.776715503360695420e-02 0.000000000000000000e+00 9.661055708363610814e-03 0.000000000000000000e+00 0.000000000000000000e+00 1.525794191110435849e-01 1.502118115959916178e-01 0.000000000000000000e+00 0.000000000000000000e+00 0.000000000000000000e+00 2.863176438809193480e-01 7.610840612540283046e-03 0.000000000000000000e+00 1.362366469815781689e-01 0.000000000000000000e+00 0.000000000000000000e+00 2.308156319000590970e-02 9.064981568910782800e-03 2.348736901023414786e-02 0.000000000000000000e+00 6.693988176284948466e-02 7.516633476830821003e-02 2.046735447543201331e-02 1.407942300215999330e-03
0.000000000000000000e+00 7.408368713111032275e-03 4.280470013639538218e-02 0.000000000000000000e+00 2.625298227362494741e-01 1.391295650259259387e-01 2.577907558827316481e-01 0.000000000000000000e+00 0.000000000000000000e+00 6.492376036451437578e-03 0.000000000000000000e+00 1.132116352793018782e-02 0.000000000000000000e+00 0.000000000000000000e+00 7.282897494704591856e-02 0.000000000000000000e+00 0.000000000000000000e+00 0.000000000000000000e+00 5.766107881151279028e-03 0.000000000000000000e+00 0.000000000000000000e+00 0.000000000000000000e+00 1.651080522784630633e-01 0.000000000000000000e+00 2.882011283454468525e-02
0.000000000000000000e+00 1.977795893202506650e-02 2.001802858941087448e-01 6.828154099751984618e-02 2.260617692079473495e-01 0.000000000000000000e+00 2.078834406682264144e-03 0.000000000000000000e+00 3.429379592223711498e-02 1.273139202854513263e-01 0.000000000000000000e+00 1.796149022989127764e-01 0.000000000000000000e+00 0.000000000000000000e+00 1.639593393549997058e-02 1.078473559808314046e-02 0.000000000000000000e+00 4.961156158287405998e-02 0.000000000000000000e+00 3.426891379804399788e-03 0.000000000000000000e+00 0.000000000000000000e+00 5.296442515576709961e-03 4.347370011846943966e-02 1.340772692480775644e-02
0.000000000000000000e+00 1.348834413835021950e-01 7.100666354636210598e-02 0.000000000000000000e+00 1.696883631098352607e-01 8.664487510107010682e-03 1.565833191126522360e-03 1.314764201134304041e-02 1.084671475855421632e-02 1.752072055659116001e-01 0.000000000000000000e+00 3.353970899739953937e-03 1.193309257503005283e-03 2.889995593232994216e-03 1.574077558354426420e-01 1.860509854011982434e-02 4.686268595782718677e-02 0.000000000000000000e+00 0.000000000000000000e+00 7.295116649664304398e-02 0.000000000000000000e+00 2.204737031801928815e-02 3.182517683154281740e-02 2.959893965867068863e-02 2.825417953451658803e-02
