0.000000000000000000e+00 1.333021610001521584e-01 9.799849796307026628e-02 2.130122154644196325e-02 0.000000000000000000e+00 6.096259703613353398e-02 7.909087515158082227e-02 1.518658728597199921e-02 3.930690634411831419e-01 0.000000000000000000e+00 1.345234645134823874e-02 4.864686322550658935e-03 0.000000000000000000e+00 0.000000000000000000e+00 2.087995732551226752e-02 0.000000000000000000e+00 0.000000000000000000e+00 1.406759286199578624e-03 2.196847194256002758e-04 1.582655624704298880e-01
2.530580785895246779e-02 0.000000000000000000e+00 1.963325320677485053e-01 2.646619978415288288e-01 7.109582115636381254e-03 1.581901160641863424e-01 0.000000000000000000e+00 1.536775293136010551e-02 1.639292214191529484e-01 1.315089891264282010e-02 0.000000000000000000e+00 0.000000000000000000e+00 0.000000000000000000e+00 1.926505060617282909e-03 0.000000000000000000e+00 0.000000000000000000e+00 0.000000000000000000e+00 0.000000000000000000e+00 0.000000000000000000e+00 1.540255857281744023e-01
9.689892506607006295e-02 6.643982803716960706e-02 5.481280595205635653e-02 5.213857719147349523e-02 1.076892566623335878e-01 2.976455679698536416e-02 1.110527004983279283e-02 0.000000000000000000e+00 1.618495458291906719e-01 0.000000000000000000e+00 0.000000000000000000e+00 0.000000000000000000e+00 1.376254661980644495e-03 1.426811661174426649e-01 0.000000000000000000e+00 0.000000000000000000e+00 3.123470069200064668e-03 1.272726247325879634e-02 1.196888969293373600e-01 1.397041841636685322e-01
0.000000000000000000e+00 4.242967202513991953e-02 2.007960067484357569e-01 1.474281753405912165e-01 0.000000000000000000e+00 5.134563579332825610e-03 1.898620994046050850e-02 0.000000000000000000e+00 1.988475634165670636e-01 0.000000000000000000e+00 0.000000000000000000e+00 1.154839298805095810e-01 0.000000000000000000e+00 0.000000000000000000e+00 5.517988938277856165e-03 2.343619654749256112e-02 0.000000000000000000e+00 0.000000000000000000e+00 8.702370022021804763e-02 1.549159933629745689e-01
0.000000000000000000e+00 1.661085338611609230e-01 1.056440058195903461e-02 2.997829072495770686e-01 0.000000000000000000e+00 0.000000000000000000e+00 0.000000000000000000e+00 1.428728693109989345e-01 1.617000496791104816e-02 5.014305960729836982e-03 0.000000000000000000e+00 1.661918158657063049e-01 0.000000000000000000e+00 0.000000000000000000e+00 0.000000000000000000e+00 0.000000000000000000e+00 1.466870973559424030e-02 8.899639402909683902e-03 1.697268130634529415e-01 0.000000000000000000e+00
1.493045216401393538e-01 2.833485176805756317e-02 0.000000000000000000e+00 0.000000000000000000e+00 1.749051632011064394e-01 1.994134940984119975e-01 0.000000000000000000e+00 1.541043397927385483e-01 6.389177982470163608e-02 3.075059237167024340e-02 0.000000000000000000e+00 7.785115553681114242e-02 0.000000000000000000e+00 1.143034477567693311e-03 0.000000000000000000e+00 0.000000000000000000e+00 1.096725204118449357e-02 9.285378524752833929e-02 1.648003000008259680e-02 0.000000000000000000e+00
1.271467525605732285e-01 6.136217093281863370e-03 0.000000000000000000e+00 1.432631829006828783e-01 1.494730527789867869e-01 1.627794375794790194e-01 0.000000000000000000e+00 4.302793176429844241e-02 1.947877016654095683e-01 7.694858080702577166e-03 0.000000000000000000e+00 1.450354439810759288e-01 0.000000000000000000e+00 1.174275403353552396e-03 0.000000000000000000e+00 0.000000000000000000e+00 0.000000000000000000e+00 1.853960295694390831e-02 9.415432352122869112e-04 0.000000000000000000e+00
1.979700727417381678e-01 1.938975615355864948e-02 8.500900056437031300e-04 0.000000000000000000e+00 1.686068972180473080e-01 0.000000000000000000e+00 0.000000000000000000e+00 9.009595982208810916e-02 2.011139040708387338e-01 0.000000000000000000e+00 0.000000000000000000e+00 0.000000000000000000e+00 0.000000000000000000e+00 1.710324678654608077e-01 0.000000000000000000e+00 0.000000000000000000e+00 0.000000000000000000e+00 0.000000000000000000e+00 1.509408521226245914e-01 0.000000000000000000e+00
0.000000000000000000e+00 0.000000000000000000e+00 0.000000000000000000e+00 1.813743117191979615e-01 2.220869081559809222e-01 2.228754348561906851e-01 0.000000000000000000e+00 0.000000000000000000e+00 3.431805714536795282e-01 3.048277381495085800e-02 0.000000000000000000e+00 0.000000000000000000e+00 0.000000000000000000e+00 0.000000000000000000e+00 0.000000000000000000e+00 0.000000000000000000e+00 0.000000000000000000e+00 0.000000000000000000e+00 0.000000000000000000e+00 0.000000000000000000e+00
3.433746465593456691e-03 1.408272090373080265e-01 0.000000000000000000e+00 7.999619904968469086e-02 3.883011014543688022e-01 0.000000000000000000e+00 5.430092678680613523e-03 0.000000000000000000e+00 0.000000000000000000e+00 0.000000000000000000e+00 0.000000000000000000e+00 3.134114779313138671e-02 1.104884291139119068e-01 6.579328942009346481e-02 0.000000000000000000e+00 0.000000000000000000e+00 0.000000000000000000e+00 0.000000000000000000e+00 0.000000000000000000e+00 1.743887849872276796e-01
1.338540338041171174e-01 4.672082411877999386e-02 0.000000000000000000e+00 0.000000000000000000e+00 0.000000000000000000e+00 2.245015796453640050e-02 9.913900877132750256e-02 0.000000000000000000e+00 2.060377543362616193e-01 0.000000000000000000e+00 0.000000000000000000e+00 1.357584951469823775e-01 7.455549024436630701e-02 1.280720123115998976e-01 0.000000000000000000e+00 0.000000000000000000e+00 0.000000000000000000e+00 1.332475840133953149e-01 2.016463928863337224e-02 0.000000000000000000e+00
1.412660000054043186e-01 4.216316624623415998e-02 0.000000000000000000e+00 0.000000000000000000e+00 0.000000000000000000e+00 1.347285249502855331e-01 0.000000000000000000e+00 1.099913954829075946e-01 4.889817315264516351e-02 7.404913191591529914e-03 0.000000000000000000e+00 1.312856196296557920e-01 7.738434482726834485e-02 0.000000000000000000e+00 8.340562031996819406e-03 0.000000000000000000e+00 0.000000000000000000e+00 1.292923017609815262e-01 0.000000000000000000e+00 1.692449987210291051e-01
1.194996810288395661e-01 1.270983277329474151e-02 0.000000000000000000e+00 4.020601312155613373e-03 0.000000000000000000e+00 1.509818322072304653e-01 0.000000000000000000e+00 1.526054213823311613e-02 2.803592419979950012e-01 2.153790763909561867e-02 0.000000000000000000e+00 1.399886680407544659e-01 0.000000000000000000e+00 0.000000000000000000e+00 9.905721527470093268e-02 0.000000000000000000e+00 1.242716197323438451e-02 1.049990222542893509e-01 2.328125929855339935e-02 1.587703406162340944e-02
1.162741395505483416e-01 5.252512435354812770e-02 4.681026434649932649e-02 1.565456714628596091e-01 0.000000000000000000e+00 1.652546443501250739e-01 2.306244365107546976e-02 5.515632614471849965e-02 5.335450254554477585e-03 0.000000000000000000e+00 0.000000000000000000e+00 1.536467168192414690e-01 1.360151525976528442e-01 0.000000000000000000e+00 0.000000000000000000e+00 0.000000000000000000e+00 8.754800245065400000e-02 1.826064018522885989e-03 0.000000000000000000e+00 0.000000000000000000e+00
2.703818524759217523e-02 1.294620955246762739e-02 1.805464751227117415e-01 1.594428828836762513e-01 0.000000000000000000e+00 1.293277616264636720e-01 0.000000000000000000e+00 0.000000000000000000e+00 1.757317134626877886e-01 6.718244588378091686e-02 0.000000000000000000e+00 0.000000000000000000e+00 0.000000000000000000e+00 7.677321172017992357e-02 0.000000000000000000e+00 0.000000000000000000e+00 5.320143800106803995e-03 0.000000000000000000e+00 1.656909707003330068e-01 0.000000000000000000e+00
4.513594724418806825e-02 2.133519939453817557e-02 0.000000000000000000e+00 1.781578530096045443e-01 0.000000000000000000e+00 2.504089622994369324e-01 0.000000000000000000e+00 2.226665494852956562e-01 0.000000000000000000e+00 0.000000000000000000e+00 0.000000000000000000e+00 0.000000000000000000e+00 0.000000000000000000e+00 0.000000000000000000e+00 0.000000000000000000e+00 0.000000000000000000e+00 0.000000000000000000e+00 7.040165582096728769e-02 3.403210145012244836e-02 1.778617312958470087e-01
7.884920568970026078e-02 3.201484018942988424e-02 1.961365730169441560e-02 6.967902566083743199e-02 1.456379565959598811e-02 1.327067860989721571e-01 1.269908075325811882e-02 1.226087544235879845e-01 2.259031188564404602e-01 0.000000000000000000e+00 1.407304199665463697e-02 9.823219893481595355e-02 0.000000000000000000e+00 0.000000000000000000e+00 1.244464824510429016e-02 4.468617927967813951e-03 0.000000000000000000e+00 0.000000000000000000e+00 1.880591022715985203e-02 1.433373180347808362e-01
1.292108054029293684e-01 1.010580973922781123e-01 0.000000000000000000e+00 0.000000000000000000e+00 1.603037063365117879e-02 9.775102881486205653e-02 5.910896237502862721e-02 1.267463843171153515e-01 1.771079044854540624e-02 0.000000000000000000e+00 0.000000000000000000e+00 1.659537264531324718e-01 0.000000000000000000e+00 0.000000000000000000e+00 3.684696571213660898e-03 0.000000000000000000e+00 0.000000000000000000e+00 0.000000000000000000e+00 1.434680218464053914e-01 1.392771157448383090e-01
2.407521986367375071e-03 0.000000000000000000e+00 0.000000000000000000e+00 1.461573579959275504e-01 1.493278919706405097e-02 0.000000000000000000e+00 2.392969697884749988e-02 1.331658308054677609e-01 3.071503613487437390e-01 0.000000000000000000e+00 0.000000000000000000e+00 1.174412253556975927e-01 0.000000000000000000e+00 0.000000000000000000e+00 5.205474820867635015e-03 2.693816791837778252e-02 0.000000000000000000e+00 6.208896816669452756e-02 1.124436054724376431e-02 1.493382448787006489e-01
5.567184424443864105e-02 0.000000000000000000e+00 1.249937570284865712e-01 3.982865760672619007e-03 1.371858019468968626e-01 9.631058891389703003e-03 1.321389813692504592e-02 2.369487366254450222e-01 4.228192242982758454e-03 0.000000000000000000e+00 0.000000000000000000e+00 1.026775414380297902e-01 0.000000000000000000e+00 0.000000000000000000e+00 0.000000000000000000e+00 1.378035874960745677e-03 0.000000000000000000e+00 0.000000000000000000e+00 1.565021465293803538e-01 1.535861212803920905e-01
0.000000000000000000e+00 3.728810812124678858e-04 1.457734778895451722e-01 3.474770497187411045e-01 0.000000000000000000e+00 1.508071443217310834e-02 0.000000000000000000e+00 1.240697512226613258e-01 1.753771043750344538e-01 3.594419152946755347e-02 0.000000000000000000e+00 2.791737921124509865e-03 0.000000000000000000e+00 1.531130918300402932e-01 0.000000000000000000e+00 0.000000000000000000e+00 0.000000000000000000e+00 0.000000000000000000e+00 0.000000000000000000e+00 0.000000000000000000e+00
0.000000000000000000e+00 0.000000000000000000e+00 4.318131631942920962e-02 1.479543136207920606e-01 1.855906101062785793e-02 0.000000000000000000e+00 7.152010418604781705e-02 0.000000000000000000e+00 2.915018125797995130e-01 0.000000000000000000e+00 0.000000000000000000e+00 1.355594956792196826e-01 0.000000000000000000e+00 6.062645846149340711e-02 1.770361278138060310e-02 0.000000000000000000e+00 0.000000000000000000e+00 1.234458584354503410e-02 0.000000000000000000e+00 2.010492395176648184e-01
1.432420357376078257e-02 1.126063148041595852e-01 4.162157745814883472e-03 1.549876890752522329e-01 0.000000000000000000e+00 0.000000000000000000e+00 0.000000000000000000e+00 1.317046630438303279e-01 1.617402063699731329e-01 0.000000000000000000e+00 3.943544532279540972e-03 1.281505532924409607e-01 0.000000000000000000e+00 2.744758985993505512e-02 2.656798405692373591e-02 7.740627235014607699e-02 0.000000000000000000e+00 1.051939886313814493e-01 5.176483266410210338e-02 0.000000000000000000e+00
4.362795490709774938e-03 9.569991787383939907e-02 0.000000000000000000e+00 1.145470914594288320e-01 0.000000000000000000e+00 1.631211136740134959e-01 0.000000000000000000e+00 2.616642706698320553e-01 1.787778129772907287e-02 7.239519205266625734e-02 0.000000000000000000e+00 8.716200559811310058e-04 0.000000000000000000e+00 1.812757053552868300e-02 4.320764522241862977e-03 7.088199021503389236e-03 1.447233647642832619e-02 0.000000000000000000e+00 1.092647537556264009e-01 1.161865931144714231e-01
3.569874876029122818e-02 1.060715023873497059e-01 1.438040981573414090e-01 5.196886233419769491e-02 1.503562994716381440e-01 0.000000000000000000e+00 1.260403754929393105e-01 1.548724931159141671e-01 7.274342606989531168e-02 0.000000000000000000e+00 0.000000000000000000e+00 0.000000000000000000e+00 0.000000000000000000e+00 0.000000000000000000e+00 0.000000000000000000e+00 0.000000000000000000e+00 0.000000000000000000e+00 1.724726473133802312e-02 0.000000000000000000e+00 1.411969294790951512e-01
1.222313170387854947e-01 8.543192941582564148e-02 7.918597434688744163e-02 4.945674942956342947e-03 0.000000000000000000e+00 0.000000000000000000e+00 0.000000000000000000e+00 0.000000000000000000e+00 3.442564002685633562e-01 0.000000000000000000e+00 0.000000000000000000e+00 1.370984796374515556e-02 0.000000000000000000e+00 1.362661051311032934e-01 4.736482731311280822e-03 6.308892467163357276e-02 2.237758342828350538e-02 0.000000000000000000e+00 1.237697600609051346e-01 0.000000000000000000e+00
1.264636333923438993e-01 0.000000000000000000e+00 0.000000000000000000e+00 3.164523202592987028e-01 1.215378378589805214e-01 7.448796585130609826e-02 0.000000000000000000e+00 2.233222952030008285e-02 0.000000000000000000e+00 6.181212783218634904e-02 0.000000000000000000e+00 1.632586100780815397e-01 0.000000000000000000e+00 7.765767173996381001e-02 0.000000000000000000e+00 0.000000000000000000e+00 0.000000000000000000e+00 0.000000000000000000e+00 3.599760346753895501e-02 0.000000000000000000e+00
0.000000000000000000e+00 1.179796077404458299e-01 2.023743615487693520e-02 1.338140192545663187e-01 0.000000000000000000e+00 2.069169766215924189e-01 4.993778783098628410e-03 3.869083082915213048e-03 2.157593127732930771e-01 0.000000000000000000e+00 0.000000000000000000e+00 9.060058216076204152e-02 0.000000000000000000e+00 0.000000000000000000e+00 0.000000000000000000e+00 0.000000000000000000e+00 1.294946214261891333e-02 3.478672102515661946e-02 2.472260992836330593e-02 1.333704103323107015e-01
1.501355591520821611e-02 1.239509325098150511e-01 5.571716724602531401e-04 6.579701468816169518e-02 1.906331286997999253e-01 4.238158739480398646e-02 3.177579786358494113e-02 3.052362528647047449e-02 0.000000000000000000e+00 0.000000000000000000e+00 1.351991898533379081e-02 2.081756249666641689e-01 0.000000000000000000e+00 1.904941677072548854e-04 0.000000000000000000e+00 1.117201021450452414e-01 4.920135406177999354e-02 1.165596916431649865e-01 0.000000000000000000e+00 0.000000000000000000e+00
1.178270606099914106e-03 5.534984529074800201e-03 0.000000000000000000e+00 2.260926355408878208e-01 2.613354168849292211e-02 0.000000000000000000e+00 9.044502041447861906e-03 1.250217033967987446e-01 1.186499001553906474e-01 3.220454064485543666e-02 0.000000000000000000e+00 1.625313837116117155e-01 0.000000000000000000e+00 1.016967004018091807e-02 1.268696783737511928e-02 0.000000000000000000e+00 6.789026834002083455e-02 9.671409904203687180e-02 2.990457758974003968e-02 7.624295483598618473e-02
5.971700972613790820e-02 6.235105850425338297e-02 0.000000000000000000e+00 6.819142480634544576e-03 5.345969703928982880e-02 0.000000000000000000e+00 0.000000000000000000e+00 4.507167088957186180e-02 1.827750599480603907e-02 0.000000000000000000e+00 1.566408076291624790e-02 1.945088301462362668e-01 1.112695809942047809e-01 1.360064222085868302e-01 1.311603924175280267e-01 1.452374273786920592e-02 1.102087752744626689e-03 0.000000000000000000e+00 0.000000000000000000e+00 1.500687783452203938e-01
0.000000000000000000e+00 4.376472789331059543e-02 0.000000000000000000e+00 2.767941565095211609e-01 0.000000000000000000e+00 1.556674958250973129e-01 0.000000000000000000e+00 1.149203732407521640e-02 2.658113817176064320e-01 0.000000000000000000e+00 0.000000000000000000e+00 1.970628548045498529e-02 0.000000000000000000e+00 0.000000000000000000e+00 0.000000000000000000e+00 0.000000000000000000e+00 0.000000000000000000e+00 7.209696088090888910e-02 0.000000000000000000e+00 1.546669543690253612e-01
2.098013004912862352e-03 0.000000000000000000e+00 0.000000000000000000e+00 2.805723194224342409e-02 1.151206256176325882e-01 1.433320048858082452e-01 4.525863423768266766e-03 0.000000000000000000e+00 1.668149541374641387e-01 1.089378294460909696e-02 0.000000000000000000e+00 2.636865355920400833e-02 1.336111317922785702e-01 0.000000000000000000e+00 1.192052843700491804e-02 8.320484892203711125e-02 7.428745386726956501e-03 0.000000000000000000e+00 1.792856412120164278e-01 8.733797473429348590e-02
1.228237701349889528e-02 2.299633332426365487e-02 1.064217145224791300e-01 4.822685479810345094e-02 1.442230531391279214e-01 1.535827215057618544e-01 2.203495609527975768e-02 3.187963328794217368e-03 1.615675611419956428e-02 1.512046432129962635e-03 0.000000000000000000e+00 1.464552774615923147e-01 1.791931363911764734e-04 0.000000000000000000e+00 2.714563860564995351e-02 0.000000000000000000e+00 8.597372199627256392e-03 1.793793753427453119e-01 9.705604861857040216e-03 9.791276211849865574e-02
8.986185159624779373e-02 1.898350714256792915e-01 0.000000000000000000e+00 1.978722282091159024e-01 0.000000000000000000e+00 0.000000000000000000e+00 0.000000000000000000e+00 2.620736054937303772e-01 1.758610643696228992e-01 2.249604383787303687e-03 3.550442729847203948e-03 0.000000000000000000e+00 4.418923703573095219e-02 0.000000000000000000e+00 0.000000000000000000e+00 0.000000000000000000e+00 0.000000000000000000e+00 0.000000000000000000e+00 7.435667150893668191e-04 3.376332804114889202e-02
3.265157725100384552e-03 4.358574689878706721e-02 0.000000000000000000e+00 1.486105810513646819e-01 1.201065784778528323e-01 5.234817171986938522e-02 0.000000000000000000e+00 6.268328153081886844e-02 1.771485847656139034e-01 0.000000000000000000e+00 0.000000000000000000e+00 1.431945304728851343e-01 0.000000000000000000e+00 4.602908641781069433e-03 0.000000000000000000e+00 0.000000000000000000e+00 8.656911862438702865e-02 0.000000000000000000e+00 0.000000000000000000e+00 1.578853400915396499e-01
1.766612678485154631e-01 3.355902725291955158e-02 1.707707342594464925e-02 1.566207714143781349e-01 2.868252008333862201e-03 4.497175339109166919e-02 7.063671554150847964e-02 3.055762786859111263e-02 2.890780274776234560e-01 5.721961070835591967e-03 1.024437855322224943e-02 1.848850301413512698e-02 0.000000000000000000e+00 3.261040756369734846e-03 0.000000000000000000e+00 0.000000000000000000e+00 0.000000000000000000e+00 1.402536003765309791e-01 0.000000000000000000e+00 0.000000000000000000e+00
1.448377777802088880e-02 4.532269101249495995e-03 1.759097626957439181e-02 1.493514445908526167e-01 1.230888610642038861e-01 8.010560500058818909e-03 2.548475689692603421e-02 2.970395236720854357e-02 1.715055704372309975e-01 0.000000000000000000e+00 0.000000000000000000e+00 1.386263297683482387e-01 2.081593111646629773e-02 0.000000000000000000e+00 0.000000000000000000e+00 0.000000000000000000e+00 1.277457154819486851e-01 5.505998803479204146e-02 1.449686911339174468e-02 9.950299747972721209e-02
0.000000000000000000e+00 6.239537542206392839e-02 1.341366114686699529e-01 7.626312965881168471e-02 2.266340522546948441e-02 3.577286003464424003e-04 5.597755230365522063e-03 1.264725309362445815e-01 1.459776755693553141e-01 2.652810231831410643e-03 0.000000000000000000e+00 1.379707490930970615e-01 1.072507209672881635e-02 8.722887626466668820e-03 1.036451652659286030e-02 1.643879609371712291e-01 0.000000000000000000e+00 2.538564111388273703e-02 0.000000000000000000e+00 6.592615026290234159e-02
0.000000000000000000e+00 0.000000000000000000e+00 0.000000000000000000e+00 1.699511270231633953e-01 1.635665472244482166e-01 1.832158486366482208e-02 0.000000000000000000e+00 0.000000000000000000e+00 2.544336268354188135e-01 0.000000000000000000e+00 0.000000000000000000e+00 8.423794740559725769e-02 0.000000000000000000e+00 1.533321675132314765e-01 0.000000000000000000e+00 0.000000000000000000e+00 2.611511182047863630e-02 0.000000000000000000e+00 0.000000000000000000e+00 1.300418873139973786e-01
2.380864125778317866e-02 0.000000000000000000e+00 7.908937085344283288e-03 1.426747869217434572e-01 0.000000000000000000e+00 0.000000000000000000e+00 1.935722646354906540e-02 0.000000000000000000e+00 2.255075953143191592e-01 0.000000000000000000e+00 0.000000000000000000e+00 6.371128244507430483e-02 4.779370193785992260e-02 1.640520871381608292e-01 1.422129053868554649e-01 3.363540465382590904e-03 0.000000000000000000e+00 6.178792934551365773e-03 1.395257275461508732e-02 1.394779298947612933e-01
2.286295398641603055e-02 3.411832183055851092e-02 0.000000000000000000e+00 1.123283669572950338e-01 0.000000000000000000e+00 0.000000000000000000e+00 4.474862880581362626e-03 0.000000000000000000e+00 3.087029767054695339e-01 1.294428970758385589e-01 1.706121581281467431e-02 0.000000000000000000e+00 0.000000000000000000e+00 3.268128893915035749e-02 0.000000000000000000e+00 1.651147334720238710e-02 1.476510452448302410e-02 1.863230020558110378e-01 1.207275358843794971e-01 0.000000000000000000e+00
1.215373872605031158e-01 0.000000000000000000e+00 2.624613364300732582e-02 0.000000000000000000e+00 6.355338610224458944e-03 8.581514732481861085e-02 0.000000000000000000e+00 1.542328168089392715e-01 1.876960905514240829e-01 5.661665335788321381e-03 0.000000000000000000e+00 1.074064188463610403e-01 0.000000000000000000e+00 0.000000000000000000e+00 1.190608233822720635e-03 0.000000000000000000e+00 1.224892070987563392e-02 0.000000000000000000e+00 1.400406567601853725e-01 1.515688159150501146e-01
1.767036545113379598e-01 1.336894146626383117e-01 0.000000000000000000e+00 0.000000000000000000e+00 0.000000000000000000e+00 0.000000000000000000e+00 5.778094338247460188e-02 5.071908775476953457e-02 3.392296272370319381e-03 1.102189160884957386e-02 0.000000000000000000e+00 2.167003968933945424e-01 1.244830546731111320e-01 0.000000000000000000e+00 4.794723981044732297e-03 0.000000000000000000e+00 0.000000000000000000e+00 0.000000000000000000e+00 1.377543268322903823e-02 2.069391035767801923e-01
1.678099893130432785e-01 0.000000000000000000e+00 0.000000000000000000e+00 1.593739044340691524e-01 1.462638273542713752e-01 1.557952437848203475e-01 0.000000000000000000e+00 0.000000000000000000e+00 1.570177068254313690e-01 2.559426205317979000e-02 0.000000000000000000e+00 0.000000000000000000e+00 0.000000000000000000e+00 2.022643687026354914e-02 0.000000000000000000e+00 0.000000000000000000e+00 1.366020838035635586e-02 0.000000000000000000e+00 1.542584209845646592e-01 0.000000000000000000e+00
