0.000000000000000000e+00 0.000000000000000000e+00 4.971829175790797722e-02 0.000000000000000000e+00 3.595146023208430769e-02 0.000000000000000000e+00 6.616916725563448676e-02 0.000000000000000000e+00 0.000000000000000000e+00 0.000000000000000000e+00 0.000000000000000000e+00 1.498308092582853190e-01 0.000000000000000000e+00 0.000000000000000000e+00 1.529797491827591949e-01 0.000000000000000000e+00 2.932432549715927039e-02 1.127226077223065781e-01 0.000000000000000000e+00 1.165778549379415524e-01 0.000000000000000000e+00 0.000000000000000000e+00 1.164629667237733895e-01 1.121109969568169842e-02 1.590516677364661735e-01
4.282671546956809405e-02 3.581840497306827860e-03 2.627292984361610101e-02 0.000000000000000000e+00 8.169690040766577031e-04 0.000000000000000000e+00 9.996183158672067304e-03 1.642795076959971956e-01 0.000000000000000000e+00 9.654101972639496376e-02 0.000000000000000000e+00 2.863561692571221784e-02 1.293407516567833537e-01 5.604437531548497366e-03 3.674642036182121374e-02 0.000000000000000000e+00 1.561721714305928377e-01 0.000000000000000000e+00 0.000000000000000000e+00 0.000000000000000000e+00 0.000000000000000000e+00 0.000000000000000000e+00 0.000000000000000000e+00 1.308894077937981515e-01 1.682960289041118274e-01
2.505469335638681183e-02 1.033761805466328759e-01 0.000000000000000000e+00 6.768484742448116834e-03 0.000000000000000000e+00 0.000000000000000000e+00 6.678681623950599722e-02 1.047248732360284429e-01 0.000000000000000000e+00 1.071572080740876287e-01 0.000000000000000000e+00 7.729631249907245594e-02 0.000000000000000000e+00 2.781955150727814362e-03 2.046632034361731689e-01 0.000000000000000000e+00 0.000000000000000000e+00 1.104534558485307794e-01 1.059155952088653568e-02 1.258055186173513973e-01 0.000000000000000000e+00 1.156003945608874081e-02 1.967243235310042748e-03 1.128970452303009776e-02 2.972275151773897187e-02
0.000000000000000000e+00 6.238329812829478127e-02 2.653907560165998450e-02 0.000000000000000000e+00 1.530235407915924439e-01 3.303757461674398932e-02 0.000000000000000000e+00 0.000000000000000000e+00 0.000000000000000000e+00 1.467565027916157561e-01 0.000000000000000000e+00 0.000000000000000000e+00 5.946306872769333528e-03 6.108055750205237814e-04 1.527108100357741638e-01 0.000000000000000000e+00 1.511102919522095247e-03 4.730948724087730151e-02 1.573079303400254647e-01 1.943282568623750650e-01 7.052482555375843730e-04 0.000000000000000000e+00 1.376232090072472374e-02 0.000000000000000000e+00 4.067739067466759513e-03
0.000000000000000000e+00 1.176064030711994196e-01 0.000000000000000000e+00 0.000000000000000000e+00 3.081362222307500176e-02 0.000000000000000000e+00 7.275203472466046373e-02 2.358686714981235166e-01 0.000000000000000000e+00 1.362972740639607772e-01 0.000000000000000000e+00 9.081380146455124078e-03 0.000000000000000000e+00 0.000000000000000000e+00 0.000000000000000000e+00 0.000000000000000000e+00 3.365714370213744588e-02 4.197859221182452527e-02 1.644380551307826344e-01 2.020528922892370766e-02 8.986701113095965643e-02 4.743452286789782979e-02 0.000000000000000000e+00 0.000000000000000000e+00 0.000000000000000000e+00
0.000000000000000000e+00 0.000000000000000000e+00 1.723451954551951867e-02 4.769569558133125720e-02 0.000000000000000000e+00 0.000000000000000000e+00 1.799972986616904802e-01 1.404820695603782241e-02 0.000000000000000000e+00 6.116999079246800142e-02 0.000000000000000000e+00 0.000000000000000000e+00 0.000000000000000000e+00 0.000000000000000000e+00 1.846891269913586778e-02 1.481714320641883409e-01 0.000000000000000000e+00 1.590768461770676601e-02 1.682038054335972532e-01 1.398977734645362979e-02 0.000000000000000000e+00 1.514378359324438650e-01 1.636748403694271159e-01 0.000000000000000000e+00 0.000000000000000000e+00
0.000000000000000000e+00 2.713092171703998176e-02 1.488957982065591268e-01 0.000000000000000000e+00 1.337577337663245491e-01 0.000000000000000000e+00 1.570011488082255491e-01 7.869150210212789986e-02 0.000000000000000000e+00 3.316856636871153008e-02 0.000000000000000000e+00 0.000000000000000000e+00 0.000000000000000000e+00 0.000000000000000000e+00 1.397855207422541157e-01 0.000000000000000000e+00 1.178263273809281447e-01 0.000000000000000000e+00 1.637424809078290300e-01 0.000000000000000000e+00 0.000000000000000000e+00 0.000000000000000000e+00 0.000000000000000000e+00 0.000000000000000000e+00 0.000000000000000000e+00
0.000000000000000000e+00 0.000000000000000000e+00 6.029892191667884926e-02 6.545143459657636054e-02 0.000000000000000000e+00 0.000000000000000000e+00 0.000000000000000000e+00 0.000000000000000000e+00 0.000000000000000000e+00 1.190594498188296407e-01 0.000000000000000000e+00 2.072820272781838308e-02 0.000000000000000000e+00 0.000000000000000000e+00 0.000000000000000000e+00 0.000000000000000000e+00 1.951330447808751201e-01 0.000000000000000000e+00 1.754958448307270824e-01 0.000000000000000000e+00 1.296924637426462024e-01 0.000000000000000000e+00 3.563683160931891553e-02 7.914596828757509972e-03 1.905892091477719708e-01
1.270222551137411837e-01 0.000000000000000000e+00 1.861895226130645328e-02 4.515067910635364203e-03 9.520697896494246734e-03 0.000000000000000000e+00 1.377124994231419264e-01 0.000000000000000000e+00 1.361497497475732191e-02 0.000000000000000000e+00 0.000000000000000000e+00 1.239420313307205285e-02 1.091383523598852406e-01 0.000000000000000000e+00 1.397194048237851427e-01 0.000000000000000000e+00 1.852373550896050935e-01 2.393854789562297261e-02 1.219171009305599317e-02 5.517187877655420347e-02 6.375418127504909292e-03 0.000000000000000000e+00 9.629681615733123867e-02 4.853186596350660131e-02 0.000000000000000000e+00
5.667962441345302665e-03 0.000000000000000000e+00 1.398027366271391118e-02 0.000000000000000000e+00 0.000000000000000000e+00 0.000000000000000000e+00 2.252194315151714032e-01 5.613762997006060268e-02 1.324853071395318618e-02 0.000000000000000000e+00 0.000000000000000000e+00 1.357975747859907489e-01 1.279473441518366207e-02 9.669300259141884457e-02 0.000000000000000000e+00 9.644638403386390779e-03 1.822126078333809532e-02 3.474166067663705948e-02 1.774022651650801127e-02 9.983969852690847708e-04 0.000000000000000000e+00 0.000000000000000000e+00 1.518004945173811182e-01 6.550411945923471924e-02 1.418100625624080513e-01
0.000000000000000000e+00 0.000000000000000000e+00 1.591314745888011972e-01 0.000000000000000000e+00 0.000000000000000000e+00 0.000000000000000000e+00 3.511540236471907134e-02 1.821776180016916949e-02 0.000000000000000000e+00 0.000000000000000000e+00 0.000000000000000000e+00 1.530255472373180936e-01 0.000000000000000000e+00 0.000000000000000000e+00 5.536180419802513158e-02 0.000000000000000000e+00 0.000000000000000000e+00 0.000000000000000000e+00 1.794715126072017330e-01 2.471039723519944387e-01 0.000000000000000000e+00 0.000000000000000000e+00 1.525725248517713073e-01 0.000000000000000000e+00 0.000000000000000000e+00
0.000000000000000000e+00 0.000000000000000000e+00 0.000000000000000000e+00 1.771896187676473555e-02 1.437594987661481027e-01 0.000000000000000000e+00 2.851493638449333345e-01 1.465318573457161933e-01 0.000000000000000000e+00 1.505714900921944696e-02 0.000000000000000000e+00 0.000000000000000000e+00 0.000000000000000000e+00 0.000000000000000000e+00 4.721065410876683355e-02 0.000000000000000000e+00 0.000000000000000000e+00 3.353513006065925173e-02 1.691999613171913108e-01 8.922579215607226444e-02 0.000000000000000000e+00 0.000000000000000000e+00 0.000000000000000000e+00 0.000000000000000000e+00 5.261163151452858538e-02
0.000000000000000000e+00 0.000000000000000000e+00 0.000000000000000000e+00 0.000000000000000000e+00 0.000000000000000000e+00 0.000000000000000000e+00 2.826708794396276536e-02 0.000000000000000000e+00 0.000000000000000000e+00 0.000000000000000000e+00 0.000000000000000000e+00 1.044175553108241949e-01 0.000000000000000000e+00 0.000000000000000000e+00 8.443788398474147416e-02 0.000000000000000000e+00 2.604525150975558478e-01 0.000000000000000000e+00 1.997124490271455777e-01 0.000000000000000000e+00 1.522276126083058068e-01 1.665500731101039744e-01 0.000000000000000000e+00 3.934822917360263420e-03 0.000000000000000000e+00
0.000000000000000000e+00 5.874669407910616814e-02 0.000000000000000000e+00 0.000000000000000000e+00 0.000000000000000000e+00 8.830699404048390766e-02 2.937361241893062663e-02 0.000000000000000000e+00 0.000000000000000000e+00 1.468338774045430672e-01 0.000000000000000000e+00 0.000000000000000000e+00 3.427993193940157002e-02 2.484054503571960903e-03 1.596512789056653558e-01 1.345340313194328119e-01 0.000000000000000000e+00 1.298120623448919403e-02 1.793031710306088322e-01 5.110055055650631305e-03 0.000000000000000000e+00 2.830439283898995850e-02 0.000000000000000000e+00 0.000000000000000000e+00 1.200907002291260461e-01
0.000000000000000000e+00 0.000000000000000000e+00 1.607773623344755931e-01 0.000000000000000000e+00 0.000000000000000000e+00 0.000000000000000000e+00 1.304447698402601274e-01 1.752105035243163855e-01 0.000000000000000000e+00 0.000000000000000000e+00 0.000000000000000000e+00 2.033156649811757866e-01 0.000000000000000000e+00 1.012900925630739607e-01 0.000000000000000000e+00 0.000000000000000000e+00 4.538782562335479803e-02 0.000000000000000000e+00 0.000000000000000000e+00 0.000000000000000000e+00 0.000000000000000000e+00 0.000000000000000000e+00 1.702807958236941463e-02 0.000000000000000000e+00 1.665457015509738681e-01
0.000000000000000000e+00 0.000000000000000000e+00 0.000000000000000000e+00 0.000000000000000000e+00 4.894397785439037751e-02 0.000000000000000000e+00 2.660352553359158698e-02 1.508977192000006129e-01 0.000000000000000000e+00 4.368095945534353208e-02 0.000000000000000000e+00 2.732890288445821714e-01 0.000000000000000000e+00 0.000000000000000000e+00 3.667096647888587468e-02 0.000000000000000000e+00 1.116004788581772822e-01 0.000000000000000000e+00 1.620662510389946631e-01 0.000000000000000000e+00 0.000000000000000000e+00 0.000000000000000000e+00 1.295924610447811154e-01 0.000000000000000000e+00 1.665463169125273868e-02
0.000000000000000000e+00 7.536014454436186331e-03 1.208629037179997506e-01 0.000000000000000000e+00 4.873223700904152911e-02 3.719244129297628876e-02 0.000000000000000000e+00 1.472697273712606225e-01 0.000000000000000000e+00 2.293184227006166143e-02 0.000000000000000000e+00 0.000000000000000000e+00 0.000000000000000000e+00 0.000000000000000000e+00 0.000000000000000000e+00 0.000000000000000000e+00 3.213620760339773730e-01 0.000000000000000000e+00 1.694128549560008634e-01 1.246999028942458038e-01 0.000000000000000000e+00 0.000000000000000000e+00 0.000000000000000000e+00 0.000000000000000000e+00 0.000000000000000000e+00
0.000000000000000000e+00 0.000000000000000000e+00 1.386939828403941644e-01 0.000000000000000000e+00 0.000000000000000000e+00 5.242748911830199393e-02 1.587097032796998264e-01 1.512848334121215110e-01 0.000000000000000000e+00 1.269237520132659169e-01 0.000000000000000000e+00 0.000000000000000000e+00 0.000000000000000000e+00 0.000000000000000000e+00 2.066460849009780013e-02 0.000000000000000000e+00 1.230457641397910140e-01 0.000000000000000000e+00 1.652628941260101403e-01 0.000000000000000000e+00 0.000000000000000000e+00 0.000000000000000000e+00 0.000000000000000000e+00 0.000000000000000000e+00 6.298697258031767110e-02
0.000000000000000000e+00 1.090910151905523651e-01 1.468519503171974161e-01 0.000000000000000000e+00 0.000000000000000000e+00 0.000000000000000000e+00 9.239242686336472665e-02 1.523054859548452211e-01 0.000000000000000000e+00 4.251880643292005324e-02 0.000000000000000000e+00 0.000000000000000000e+00 0.000000000000000000e+00 0.000000000000000000e+00 1.386716833465793386e-01 0.000000000000000000e+00 0.000000000000000000e+00 4.521687459736353949e-03 0.000000000000000000e+00 1.584348730069107813e-01 0.000000000000000000e+00 0.000000000000000000e+00 0.000000000000000000e+00 0.000000000000000000e+00 1.552120714278936997e-01
0.000000000000000000e+00 0.000000000000000000e+00 7.076618509800722268e-02 2.677314602321050063e-02 2.602905902063724075e-01 7.378392028222097165e-02 0.000000000000000000e+00 1.285918831290658593e-01 0.000000000000000000e+00 1.867617299313894530e-01 0.000000000000000000e+00 0.000000000000000000e+00 0.000000000000000000e+00 1.657723736008124291e-03 6.770168388024277659e-03 0.000000000000000000e+00 0.000000000000000000e+00 2.782519223635043434e-02 0.000000000000000000e+00 0.000000000000000000e+00 0.000000000000000000e+00 3.951764587041876886e-02 0.000000000000000000e+00 2.354634619835441547e-02 1.537154689005774955e-01
3.596938827044719646e-03 0.000000000000000000e+00 0.000000000000000000e+00 0.000000000000000000e+00 1.335426058628037815e-01 4.662448180718485602e-02 1.234949536949629528e-01 0.000000000000000000e+00 2.779310111909545980e-02 0.000000000000000000e+00 8.740285497960123551e-02 1.502542765359339283e-01 0.000000000000000000e+00 0.000000000000000000e+00 3.914507245239402106e-02 0.000000000000000000e+00 1.341496386222598702e-01 9.277164378683236748e-03 2.962358724477305583e-02 3.353111827851280868e-02 1.983637678560123616e-02 0.000000000000000000e+00 0.000000000000000000e+00 0.000000000000000000e+00 1.617278294111488546e-01
0.000000000000000000e+00 0.000000000000000000e+00 0.000000000000000000e+00 0.000000000000000000e+00 4.397308574756086941e-02 0.000000000000000000e+00 3.978122318052626505e-03 1.672397286138549086e-02 0.000000000000000000e+00 1.010984838755419196e-01 0.000000000000000000e+00 1.572155399725307379e-01 0.000000000000000000e+00 0.000000000000000000e+00 1.527893347638440147e-01 0.000000000000000000e+00 1.662050243235601299e-01 1.338352195201483741e-01 0.000000000000000000e+00 1.509119841820019160e-02 0.000000000000000000e+00 0.000000000000000000e+00 0.000000000000000000e+00 5.943024574176913183e-02 1.496597724574066646e-01
1.267506624509117386e-01 1.192529027903128230e-01 2.430099145555874446e-02 1.063256595264511738e-02 4.730021138003428355e-02 1.068840658429145440e-01 1.420955919787283139e-01 0.000000000000000000e+00 2.664133514222622942e-02 1.824313360433646447e-02 0.000000000000000000e+00 0.000000000000000000e+00 0.000000000000000000e+00 1.395307973004325693e-02 1.546462212956102311e-01 0.000000000000000000e+00 0.000000000000000000e+00 0.000000000000000000e+00 0.000000000000000000e+00 0.000000000000000000e+00 2.651059566309308876e-02 0.000000000000000000e+00 2.615645717657931815e-02 0.000000000000000000e+00 1.566321855370058358e-01
0.000000000000000000e+00 3.482920911561943056e-02 0.000000000000000000e+00 1.119194611993132304e-01 0.000000000000000000e+00 0.000000000000000000e+00 0.000000000000000000e+00 6.133148483109714805e-02 0.000000000000000000e+00 1.236289626822977133e-01 0.000000000000000000e+00 0.000000000000000000e+00 0.000000000000000000e+00 0.000000000000000000e+00 0.000000000000000000e+00 1.776222331245693245e-02 1.568989939326353444e-01 1.536194718209538124e-01 1.684458544373550748e-01 1.682619371990836943e-01 0.000000000000000000e+00 0.000000000000000000e+00 3.302401469187699490e-03 0.000000000000000000e+00 0.000000000000000000e+00
0.000000000000000000e+00 0.000000000000000000e+00 0.000000000000000000e+00 0.000000000000000000e+00 1.627087491087798182e-02 0.000000000000000000e+00 2.089419614616713078e-02 3.049518154928464869e-02 0.000000000000000000e+00 0.000000000000000000e+00 0.000000000000000000e+00 2.995954615111548480e-01 7.440393113103054706e-03 6.402235562758509975e-03 1.376758726304355973e-01 1.020103049883537040e-02 1.571061699667047340e-01 1.571682523393883590e-01 0.000000000000000000e+00 0.000000000000000000e+00 0.000000000000000000e+00 0.000000000000000000e+00 0.000000000000000000e+00 0.000000000000000000e+00 1.567503317712898026e-01
0.000000000000000000e+00 0.000000000000000000e+00 0.000000000000000000e+00 0.000000000000000000e+00 0.000000000000000000e+00 0.000000000000000000e+00 1.443419555054848424e-01 1.620631329083456126e-02 0.000000000000000000e+00 5.811840798815468001e-02 0.000000000000000000e+00 2.955480259967933551e-02 2.148054240527836820e-02 2.397191693104678157e-03 1.573674561878597167e-01 0.000000000000000000e+00 1.351905500724364939e-01 1.367823374124934321e-01 7.870673836300215442e-02 0.000000000000000000e+00 0.000000000000000000e+00 1.089248517714382081e-01 0.000000000000000000e+00 0.000000000000000000e+00 1.109288527102334637e-01
0.000000000000000000e+00 0.000000000000000000e+00 0.000000000000000000e+00 2.462964951301642100e-02 1.456803837554591641e-01 1.408132189494499913e-02 4.489344583507319519e-02 1.373451414880327293e-01 0.000000000000000000e+00 0.000000000000000000e+00 0.000000000000000000e+00 1.572427108893060532e-01 0.000000000000000000e+00 3.943031210489452744e-03 9.129111918877549220e-03 0.000000000000000000e+00 4.573716639911774157e-02 0.000000000000000000e+00 0.000000000000000000e+00 0.000000000000000000e+00 1.239084552855307386e-02 1.205584589570236204e-01 1.331647991757622940e-01 1.512039334343436847e-01 0.000000000000000000e+00
1.233349220947152665e-02 1.411308303742956904e-01 1.628066627122377874e-01 0.000000000000000000e+00 5.095352539371315187e-02 0.000000000000000000e+00 1.496859679780218610e-01 1.702298361921544823e-02 0.000000000000000000e+00 0.000000000000000000e+00 0.000000000000000000e+00 0.000000000000000000e+00 0.000000000000000000e+00 0.000000000000000000e+00 1.815971282753693931e-03 0.000000000000000000e+00 0.000000000000000000e+00 0.000000000000000000e+00 0.000000000000000000e+00 1.248367243350440997e-01 0.000000000000000000e+00 0.000000000000000000e+00 1.581433914494626836e-01 1.369754770129413823e-01 4.429497363284267547e-02
0.000000000000000000e+00 0.000000000000000000e+00 4.161087483441260754e-02 7.068125864684278795e-03 0.000000000000000000e+00 1.342706004034593557e-03 1.493953076733110785e-01 9.493872083246947258e-02 0.000000000000000000e+00 0.000000000000000000e+00 0.000000000000000000e+00 1.482732859385170188e-01 0.000000000000000000e+00 0.000000000000000000e+00 0.000000000000000000e+00 0.000000000000000000e+00 1.420454644589049242e-01 1.482506042310587635e-01 1.476093601455629456e-01 6.894469112183426902e-03 0.000000000000000000e+00 8.611071605944098373e-02 3.291144039964499345e-03 2.316922080545540108e-02 0.000000000000000000e+00
0.000000000000000000e+00 0.000000000000000000e+00 2.545436774825778417e-02 2.818124210001165045e-02 1.263236033074546516e-01 0.000000000000000000e+00 9.636522933193091001e-02 0.000000000000000000e+00 8.086641138050182712e-03 1.592348763627502162e-01 0.000000000000000000e+00 9.691765842707684986e-02 0.000000000000000000e+00 0.000000000000000000e+00 0.000000000000000000e+00 0.000000000000000000e+00 1.599154063348673382e-02 1.479351216640894806e-01 1.535444185633954572e-01 0.000000000000000000e+00 0.000000000000000000e+00 0.000000000000000000e+00 1.280283531993597068e-01 0.000000000000000000e+00 1.393694752413645113e-02
