5.946116801691521403e-02 1.291271504882823828e-01 0.000000000000000000e+00 1.387571797167564680e-01 2.321697766193148854e-02 1.717299688456133400e-01 0.000000000000000000e+00 0.000000000000000000e+00 6.803040298851193574e-03 8.744901316662778701e-03 0.000000000000000000e+00 6.469862604113069300e-03 0.000000000000000000e+00 0.000000000000000000e+00 0.000000000000000000e+00 3.454353463841208088e-02 1.358028494514737228e-01 2.742959631284704047e-02 6.070925771069041188e-02 1.972045129374508377e-01
7.276869804171050282e-02 0.000000000000000000e+00 0.000000000000000000e+00 1.778000157619586546e-02 0.000000000000000000e+00 4.151576300998692688e-03 0.000000000000000000e+00 1.225189112271075215e-01 6.921520916526070766e-02 3.084957241937455463e-02 0.000000000000000000e+00 1.482475978294675589e-01 7.505198631937324769e-03 7.831829949706528571e-02 2.742809502833937815e-03 1.576203940938502579e-01 5.797403753511359142e-02 1.299540929397559053e-01 0.000000000000000000e+00 1.003536012393282800e-01
1.130385081401672487e-01 7.671047706555476908e-02 7.733674696670501079e-03 0.000000000000000000e+00 1.353346617108902583e-01 0.000000000000000000e+00 8.856931534727353894e-02 5.395402527363887465e-03 7.727991049130958356e-02 0.000000000000000000e+00 0.000000000000000000e+00 0.000000000000000000e+00 0.000000000000000000e+00 1.720458002243403783e-01 4.903005950997364748e-02 7.684298658504280614e-03 0.000000000000000000e+00 4.785843555333549326e-02 0.000000000000000000e+00 2.193194560746165589e-01
0.000000000000000000e+00 8.489944600520134277e-02 1.644219101918036746e-02 0.000000000000000000e+00 0.000000000000000000e+00 0.000000000000000000e+00 0.000000000000000000e+00 0.000000000000000000e+00 2.526368853643616852e-01 0.000000000000000000e+00 1.901619808727099056e-02 1.892743476990852991e-01 1.589869115714153125e-01 7.735468222241932007e-03 0.000000000000000000e+00 0.000000000000000000e+00 1.157334734005412320e-02 1.000241367914830870e-01 1.519701097935857725e-01 7.440958106119758067e-03
0.000000000000000000e+00 1.042373481774744037e-01 0.000000000000000000e+00 1.341791293464295043e-01 0.000000000000000000e+00 4.684831550033411590e-02 2.510035206325863036e-02 3.188078630349138604e-02 2.000278751024476848e-03 0.000000000000000000e+00 0.000000000000000000e+00 7.388390037634061380e-02 8.277003014732214892e-02 1.313145940136946910e-01 2.435105309545295207e-02 0.000000000000000000e+00 5.312700412982268583e-02 0.000000000000000000e+00 1.503969139478522343e-01 1.399102941475021122e-01
1.737318409514725104e-02 1.167275296291413189e-01 0.000000000000000000e+00 1.256925274465807152e-01 6.026375003533965963e-02 3.122770014218352319e-01 6.514611981471966212e-03 1.406626662741704559e-01 0.000000000000000000e+00 0.000000000000000000e+00 0.000000000000000000e+00 3.292722825150351529e-02 0.000000000000000000e+00 0.000000000000000000e+00 0.000000000000000000e+00 1.277649499377506714e-01 0.000000000000000000e+00 3.456920610910737407e-02 2.522734481795176759e-02 0.000000000000000000e+00
0.000000000000000000e+00 0.000000000000000000e+00 0.000000000000000000e+00 0.000000000000000000e+00 5.553773105508807290e-02 1.938648833406461658e-02 0.000000000000000000e+00 1.478478486593710894e-01 1.402543573750697770e-01 1.818621498116392357e-02 0.000000000000000000e+00 0.000000000000000000e+00 2.414309136041371262e-01 5.373641469760102873e-02 0.000000000000000000e+00 1.134932462588113949e-01 0.000000000000000000e+00 6.777501906463109793e-02 1.254128755590124544e-01 1.693889041104930729e-02
0.000000000000000000e+00 3.625313228867160092e-02 9.294329430562273120e-02 1.933448770204913569e-01 3.279880032037874732e-02 1.657621558280817156e-02 0.000000000000000000e+00 1.792209703499658691e-01 0.000000000000000000e+00 0.000000000000000000e+00 1.156987099995515633e-01 2.066058886903234318e-02 0.000000000000000000e+00 5.385528918860554154e-02 0.000000000000000000e+00 0.000000000000000000e+00 0.000000000000000000e+00 2.955844477204969817e-02 1.785948217664319604e-01 5.049485553639056212e-02
0.000000000000000000e+00 9.031624755665128290e-02 1.003877700136552864e-01 1.237026772979717693e-01 6.951743703717350176e-02 2.219603241659767745e-01 0.000000000000000000e+00 0.000000000000000000e+00 8.087632797443572441e-02 0.000000000000000000e+00 0.000000000000000000e+00 3.378438507526997786e-02 1.620096133466253641e-01 0.000000000000000000e+00 0.000000000000000000e+00 0.000000000000000000e+00 0.000000000000000000e+00 4.248144118533343436e-03 1.131970734137070222e-01 0.000000000000000000e+00
0.000000000000000000e+00 2.158930174028459992e-01 0.000000000000000000e+00 0.000000000000000000e+00 1.524436841183125779e-01 1.225475769717451896e-01 0.000000000000000000e+00 0.000000000000000000e+00 2.189344131303716870e-02 1.023182987290444657e-01 0.000000000000000000e+00 2.024588444313314695e-02 0.000000000000000000e+00 4.869355622324674643e-02 0.000000000000000000e+00 1.515932869683674078e-02 0.000000000000000000e+00 0.000000000000000000e+00 1.549556556845133881e-01 1.458495564172844761e-01
1.089832844407880204e-02 3.540257960818288425e-03 0.000000000000000000e+00 0.000000000000000000e+00 0.000000000000000000e+00 1.425730577420140088e-01 1.924871711201528793e-02 1.714431964470655018e-02 1.359764056990716008e-01 0.000000000000000000e+00 0.000000000000000000e+00 2.537321845550425184e-02 2.541574519172703495e-01 0.000000000000000000e+00 1.590629687663338843e-01 0.000000000000000000e+00 1.824047101313418795e-01 4.822605728737686115e-02 1.394506839468282649e-03 0.000000000000000000e+00
5.943921116932792889e-03 0.000000000000000000e+00 0.000000000000000000e+00 0.000000000000000000e+00 6.402067019320116514e-02 6.861541410802769747e-02 0.000000000000000000e+00 0.000000000000000000e+00 0.000000000000000000e+00 0.000000000000000000e+00 0.000000000000000000e+00 2.773116814817716547e-01 1.531824916675432191e-01 6.793236438991413773e-04 1.340090573511532480e-03 1.143455722013127090e-01 0.000000000000000000e+00 1.002184732993811195e-01 1.227915890396597126e-01 9.155077267475937586e-02
0.000000000000000000e+00 3.751918207157948354e-02 0.000000000000000000e+00 1.600964615154049364e-01 0.000000000000000000e+00 1.468803383966839349e-01 0.000000000000000000e+00 3.860856722860577135e-03 5.527717290011113088e-02 1.066476493646222184e-01 1.129126671650623054e-01 1.648304347245536372e-01 0.000000000000000000e+00 0.000000000000000000e+00 2.420508241132039370e-02 1.752724491680827668e-01 0.000000000000000000e+00 0.000000000000000000e+00 1.249770555971864254e-02 0.000000000000000000e+00
1.089023431723700752e-01 2.569258947522108129e-03 0.000000000000000000e+00 2.773080202603067992e-02 6.740344687336888470e-03 1.715193505689978914e-01 1.306300164116077495e-02 1.310744842219147832e-01 0.000000000000000000e+00 0.000000000000000000e+00 0.000000000000000000e+00 1.985685231921843485e-01 1.543993623871827425e-01 0.000000000000000000e+00 6.940094074066613383e-02 0.000000000000000000e+00 1.160315884146336379e-01 0.000000000000000000e+00 0.000000000000000000e+00 0.000000000000000000e+00
1.745751685563592948e-02 1.053854294996770663e-02 1.532097151087438713e-02 1.476384647652789206e-01 0.000000000000000000e+00 1.131126264095118072e-01 0.000000000000000000e+00 0.000000000000000000e+00 2.320884909974321730e-02 1.453634457469039909e-02 4.690195879306551484e-03 0.000000000000000000e+00 7.747849602267455060e-02 1.346230760499830259e-01 2.034239852157676831e-01 8.248100988175961767e-02 0.000000000000000000e+00 0.000000000000000000e+00 1.102760086568765029e-02 1.444623199191185647e-01
0.000000000000000000e+00 0.000000000000000000e+00 3.025908937181187239e-02 0.000000000000000000e+00 6.791907231974916859e-02 1.509955414149654895e-01 0.000000000000000000e+00 6.349527994156557199e-03 8.748348395995583782e-02 0.000000000000000000e+00 0.000000000000000000e+00 1.167116108761974760e-02 1.686654341971920157e-01 0.000000000000000000e+00 4.339543122998788111e-02 9.050916153314429724e-02 0.000000000000000000e+00 0.000000000000000000e+00 1.660300307613625237e-01 1.767220661300545337e-01
1.999476484800243731e-02 0.000000000000000000e+00 0.000000000000000000e+00 1.330703949554568888e-01 3.683654701997846059e-02 1.475714501952016533e-01 2.657304570695632681e-02 1.431911805450088448e-01 1.228177431506193573e-01 0.000000000000000000e+00 0.000000000000000000e+00 4.158339440342750243e-02 0.000000000000000000e+00 4.330084231960603519e-02 1.545006329700938652e-01 0.000000000000000000e+00 1.305600038856487011e-01 0.000000000000000000e+00 0.000000000000000000e+00 0.000000000000000000e+00
1.547432183305866814e-02 1.360038544227564752e-03 0.000000000000000000e+00 0.000000000000000000e+00 1.508272554613252492e-01 3.952216830034615408e-02 1.087367724924864255e-02 1.481445385772184320e-01 1.811089475644609564e-02 0.000000000000000000e+00 0.000000000000000000e+00 1.615413886671010213e-01 3.637417796751059307e-02 0.000000000000000000e+00 2.690113603520326579e-01 0.000000000000000000e+00 0.000000000000000000e+00 0.000000000000000000e+00 0.000000000000000000e+00 1.487601782914850790e-01
0.000000000000000000e+00 0.000000000000000000e+00 0.000000000000000000e+00 3.121016624960912811e-01 0.000000000000000000e+00 0.000000000000000000e+00 0.000000000000000000e+00 0.000000000000000000e+00 4.517072067044373973e-02 0.000000000000000000e+00 0.000000000000000000e+00 6.866501990954079759e-02 6.529071370799677254e-02 0.000000000000000000e+00 1.988540000357360005e-01 0.000000000000000000e+00 7.720285095676303333e-02 1.569330750335523328e-01 4.497900558050858810e-02 3.080295160936752721e-02
2.321986304401762666e-02 0.000000000000000000e+00 0.000000000000000000e+00 0.000000000000000000e+00 1.993843970878211858e-01 1.945510282504913924e-01 1.033022047853311524e-02 1.464761314074763399e-01 0.000000000000000000e+00 0.000000000000000000e+00 0.000000000000000000e+00 3.781491351837571596e-02 1.478610183175420034e-01 8.816326688572781456e-03 0.000000000000000000e+00 8.447881800493850513e-02 0.000000000000000000e+00 0.000000000000000000e+00 6.389410193098526980e-02 8.317318127124607996e-02
0.000000000000000000e+00 0.000000000000000000e+00 0.000000000000000000e+00 0.000000000000000000e+00 0.000000000000000000e+00 1.844307404118556704e-01 7.974110537604120474e-03 1.707036002537084263e-01 0.000000000000000000e+00 9.429868537099848208e-03 0.000000000000000000e+00 1.182110261505870813e-01 1.584572068814366352e-01 2.529922562923148793e-02 1.709598266749558781e-01 3.862101868467342908e-02 0.000000000000000000e+00 0.000000000000000000e+00 0.000000000000000000e+00 1.159133762388472738e-01
0.000000000000000000e+00 0.000000000000000000e+00 0.000000000000000000e+00 4.913959644681924199e-02 1.507507792766736056e-02 4.584408088876831995e-03 1.697425026946867976e-02 1.472174926705623610e-01 2.578574725969637327e-01 0.000000000000000000e+00 9.985348246087991791e-03 4.267760519375120992e-02 2.784537304573921068e-02 1.253934449784175065e-01 0.000000000000000000e+00 0.000000000000000000e+00 0.000000000000000000e+00 4.167038236024526304e-02 1.481497187671733939e-01 1.134298294082273229e-01
1.000612572630598107e-01 0.000000000000000000e+00 9.701080806406709584e-03 1.724216764943991287e-01 1.369726731147284382e-01 1.223432272961279821e-01 0.000000000000000000e+00 8.810031896659601888e-03 7.673438720466133067e-02 0.000000000000000000e+00 0.000000000000000000e+00 0.000000000000000000e+00 6.631682034786715030e-02 1.546660560046340671e-01 0.000000000000000000e+00 0.000000000000000000e+00 0.000000000000000000e+00 0.000000000000000000e+00 1.519727895714559074e-01 0.000000000000000000e+00
0.000000000000000000e+00 1.286166186652774011e-02 0.000000000000000000e+00 0.000000000000000000e+00 2.934147327102335501e-01 1.557370816097780886e-01 0.000000000000000000e+00 3.594456586706694379e-02 0.000000000000000000e+00 0.000000000000000000e+00 0.000000000000000000e+00 5.533025937162214941e-02 1.427888580346641234e-01 2.550057824128874884e-02 0.000000000000000000e+00 2.583140311503434941e-02 1.450631484637108538e-02 0.000000000000000000e+00 1.392738885084383316e-01 9.881065582897480271e-02
7.046421464047268601e-02 5.204564394513829656e-02 6.342634037939350045e-02 1.177817896408001747e-01 0.000000000000000000e+00 0.000000000000000000e+00 1.199506059545578235e-01 1.460793753314736376e-01 2.046866864211444037e-01 0.000000000000000000e+00 6.222003665649244314e-03 0.000000000000000000e+00 0.000000000000000000e+00 6.477576984463691290e-02 0.000000000000000000e+00 0.000000000000000000e+00 0.000000000000000000e+00 0.000000000000000000e+00 0.000000000000000000e+00 1.545675701767332821e-01
0.000000000000000000e+00 1.367187020694800581e-01 3.434671419581382477e-03 6.810159388088772581e-03 1.501659370353271468e-02 1.358190031723814362e-01 1.611247046813423303e-02 3.083094609490649382e-02 1.648223761708181301e-01 2.292670472457565903e-02 1.017028422848779562e-01 2.476485411309848131e-02 0.000000000000000000e+00 0.000000000000000000e+00 0.000000000000000000e+00 1.475209772251892815e-01 1.316861875838818696e-01 1.868567512678864090e-02 4.314783645466496037e-02 0.000000000000000000e+00
0.000000000000000000e+00 4.811882560290111494e-02 0.000000000000000000e+00 3.175230083806118708e-02 5.117129520801244613e-02 2.878911475299334929e-02 0.000000000000000000e+00 1.400424122754171941e-01 0.000000000000000000e+00 0.000000000000000000e+00 0.000000000000000000e+00 5.734227427362066642e-02 1.614714696751320122e-01 4.666468316893668429e-03 1.436176420647526097e-01 7.023752969883771680e-02 5.364151158108733386e-02 1.212661035877698606e-01 1.903523778910598194e-02 6.884781433541496687e-02
0.000000000000000000e+00 6.668469888526931677e-02 0.000000000000000000e+00 1.431370966357955188e-01 1.290257329707138190e-01 1.214610769236723620e-01 1.887489329566179735e-02 0.000000000000000000e+00 1.928356248165999376e-02 0.000000000000000000e+00 0.000000000000000000e+00 9.616544723038102094e-02 5.433981089702844686e-02 0.000000000000000000e+00 0.000000000000000000e+00 0.000000000000000000e+00 1.392276319161835640e-01 0.000000000000000000e+00 1.933533030308672296e-01 1.844674573276695873e-02
0.000000000000000000e+00 4.114141355110220721e-02 0.000000000000000000e+00 0.000000000000000000e+00 1.652199038744720794e-01 2.321853482748093347e-02 3.186162935907900506e-02 6.981683127587573132e-03 0.000000000000000000e+00 0.000000000000000000e+00 0.000000000000000000e+00 2.915455894069815534e-01 0.000000000000000000e+00 1.422463451681149071e-01 7.142115480365378299e-02 0.000000000000000000e+00 2.341870047328820439e-02 2.698653177581015680e-02 3.159122752014488500e-02 1.443672861122846374e-01
0.000000000000000000e+00 0.000000000000000000e+00 0.000000000000000000e+00 0.000000000000000000e+00 2.493675815293329434e-02 1.422515821867610386e-01 0.000000000000000000e+00 8.113419202638782676e-03 9.749794114086741958e-02 0.000000000000000000e+00 0.000000000000000000e+00 0.000000000000000000e+00 2.426574549751080445e-01 1.904513217956083429e-02 1.670890536231049162e-01 0.000000000000000000e+00 1.242764354962338086e-01 5.446375848788818225e-02 0.000000000000000000e+00 1.196684645549035558e-01
0.000000000000000000e+00 0.000000000000000000e+00 0.000000000000000000e+00 1.571355596610387040e-01 1.626816409766322913e-01 1.562607694244558948e-02 0.000000000000000000e+00 0.000000000000000000e+00 1.642294621389266086e-03 6.735434124868362391e-03 0.000000000000000000e+00 1.411775098848002119e-01 0.000000000000000000e+00 3.556647597137636840e-02 1.606951209807342129e-01 0.000000000000000000e+00 1.351029687570441951e-01 1.836369180796708356e-01 0.000000000000000000e+00 0.000000000000000000e+00
0.000000000000000000e+00 0.000000000000000000e+00 8.292708792474422219e-03 1.499596147303056404e-01 0.000000000000000000e+00 1.923415602637654487e-01 0.000000000000000000e+00 0.000000000000000000e+00 1.284417164181734516e-01 0.000000000000000000e+00 0.000000000000000000e+00 9.418813780137207103e-02 7.211476209396710559e-03 2.938930945409296003e-02 0.000000000000000000e+00 8.388668403358273684e-02 0.000000000000000000e+00 3.335477321530846972e-02 1.490357399803786953e-01 1.238982791011494916e-01
0.000000000000000000e+00 0.000000000000000000e+00 0.000000000000000000e+00 1.084581218171319777e-01 1.507723983157836511e-01 1.524536279200004174e-01 1.792445252218987164e-02 0.000000000000000000e+00 1.682093463089137930e-01 0.000000000000000000e+00 0.000000000000000000e+00 7.329375977385571561e-02 0.000000000000000000e+00 0.000000000000000000e+00 0.000000000000000000e+00 1.137370596652744967e-02 1.469903477714341600e-01 3.138367496764005865e-02 1.391405646365228566e-01 0.000000000000000000e+00
0.000000000000000000e+00 1.050333798367538984e-01 0.000000000000000000e+00 0.000000000000000000e+00 2.115230682591314193e-01 1.411788775164878884e-01 0.000000000000000000e+00 0.000000000000000000e+00 3.279721982889527432e-02 0.000000000000000000e+00 0.000000000000000000e+00 0.000000000000000000e+00 1.686260117437251016e-01 3.582754645397225306e-03 0.000000000000000000e+00 0.000000000000000000e+00 0.000000000000000000e+00 1.809204268556476036e-01 1.563382613139614463e-01 0.000000000000000000e+00
0.000000000000000000e+00 2.783383913342495335e-03 1.119792960374677293e-01 0.000000000000000000e+00 1.370450218680768772e-01 1.443076265531750280e-01 0.000000000000000000e+00 0.000000000000000000e+00 7.454229915550140972e-02 0.000000000000000000e+00 1.194590436221411173e-01 6.117231510170154790e-02 1.736016693056641746e-01 3.146437112396900659e-02 0.000000000000000000e+00 0.000000000000000000e+00 0.000000000000000000e+00 0.000000000000000000e+00 1.436449733189605615e-01 0.000000000000000000e+00
0.000000000000000000e+00 0.000000000000000000e+00 0.000000000000000000e+00 2.247050068854426069e-02 6.652981374561026812e-03 0.000000000000000000e+00 0.000000000000000000e+00 8.626504513555302567e-02 2.372954468758415314e-01 0.000000000000000000e+00 0.000000000000000000e+00 1.328628991297990947e-01 2.959180171439230733e-01 0.000000000000000000e+00 0.000000000000000000e+00 2.580940482124875063e-02 0.000000000000000000e+00 0.000000000000000000e+00 3.474899684377308340e-02 1.579767079867562540e-01
0.000000000000000000e+00 0.000000000000000000e+00 9.056990577275388088e-02 1.378096059138202989e-01 6.973179715521600486e-02 4.233257405587660671e-02 0.000000000000000000e+00 1.041735417405686426e-01 6.437496484736575375e-02 0.000000000000000000e+00 3.251220504518503168e-02 0.000000000000000000e+00 0.000000000000000000e+00 1.370463756061550964e-01 1.741045134656445392e-01 0.000000000000000000e+00 0.000000000000000000e+00 0.000000000000000000e+00 1.415647782305361375e-02 1.331880385743605677e-01
0.000000000000000000e+00 0.000000000000000000e+00 0.000000000000000000e+00 1.294795717655590483e-01 8.858143421956292396e-02 1.242220312432749524e-01 0.000000000000000000e+00 9.401148220929909927e-02 1.228810772175327470e-01 0.000000000000000000e+00 0.000000000000000000e+00 6.329451995325312275e-02 0.000000000000000000e+00 0.000000000000000000e+00 0.000000000000000000e+00 1.706255439000383886e-02 0.000000000000000000e+00 3.031903333102875173e-02 1.920061393141256623e-01 1.381421563563598465e-01
0.000000000000000000e+00 0.000000000000000000e+00 0.000000000000000000e+00 0.000000000000000000e+00 2.711130990504632687e-01 5.326776408371194926e-02 1.760556944194665574e-01 8.906001242328825951e-02 0.000000000000000000e+00 0.000000000000000000e+00 4.789087535643841986e-02 0.000000000000000000e+00 0.000000000000000000e+00 0.000000000000000000e+00 0.000000000000000000e+00 5.259951662633442597e-04 0.000000000000000000e+00 1.758033895823636616e-01 1.567188588572624441e-01 2.956431106074205312e-02
0.000000000000000000e+00 1.664561295632753235e-01 1.539843995770312501e-01 1.143881041718013969e-01 1.532182070106594962e-01 0.000000000000000000e+00 0.000000000000000000e+00 0.000000000000000000e+00 1.777235350136608868e-02 0.000000000000000000e+00 0.000000000000000000e+00 6.697936046459669612e-02 2.446082298842464260e-03 0.000000000000000000e+00 3.538816549777827614e-02 0.000000000000000000e+00 0.000000000000000000e+00 0.000000000000000000e+00 1.440209328905096564e-01 1.453462650241394150e-01
0.000000000000000000e+00 3.927266283805362634e-02 0.000000000000000000e+00 0.000000000000000000e+00 2.863634665090489598e-02 1.412895171395358862e-01 0.000000000000000000e+00 0.000000000000000000e+00 9.498541064892261632e-02 0.000000000000000000e+00 0.000000000000000000e+00 0.000000000000000000e+00 1.718550169904966285e-01 4.933900872455759118e-02 1.978922884699516049e-01 5.726478825098074016e-02 0.000000000000000000e+00 0.000000000000000000e+00 1.334898095390290966e-02 2.061159793326935441e-01
1.769659070664488520e-01 1.043785226269524219e-01 1.776700119647619397e-02 0.000000000000000000e+00 0.000000000000000000e+00 1.584626644142803353e-01 0.000000000000000000e+00 1.363594566893762405e-01 1.341225828733774439e-01 0.000000000000000000e+00 0.000000000000000000e+00 0.000000000000000000e+00 5.751216656285342010e-02 0.000000000000000000e+00 0.000000000000000000e+00 1.120047657587315559e-01 0.000000000000000000e+00 0.000000000000000000e+00 0.000000000000000000e+00 1.024269328115034600e-01
0.000000000000000000e+00 0.000000000000000000e+00 0.000000000000000000e+00 0.000000000000000000e+00 1.403784318526331842e-01 7.379375023403735023e-02 0.000000000000000000e+00 1.423952339955465718e-01 1.324620375096684233e-01 8.071545325806277205e-03 1.240885431602583022e-01 6.417416637037703930e-02 0.000000000000000000e+00 1.342602358807180873e-01 1.164191853174252958e-02 1.225737159262273168e-02 0.000000000000000000e+00 0.000000000000000000e+00 1.510697379044793620e-01 5.407027642110241727e-03
0.000000000000000000e+00 1.334486187817019998e-01 8.100018871968813622e-03 1.171433812874061869e-01 0.000000000000000000e+00 1.446502859401512797e-01 0.000000000000000000e+00 3.647720645747360574e-02 6.080696898669479128e-03 2.540980195041317273e-03 1.366411299319031381e-02 5.569526725404019135e-02 1.525736762962879300e-01 1.186707367191207896e-01 1.576067212791063682e-02 0.000000000000000000e+00 1.475946078145468632e-01 1.092820644516601276e-02 6.040845941602740639e-03 3.063068597572180668e-02
1.151763524792977084e-01 3.037492065235080849e-02 0.000000000000000000e+00 1.866858688838078650e-01 0.000000000000000000e+00 1.484254875675274365e-01 2.780553752025131248e-02 0.000000000000000000e+00 1.199790448173189694e-01 0.000000000000000000e+00 0.000000000000000000e+00 0.000000000000000000e+00 1.479434476028097453e-02 3.547913497250196335e-02 1.859571640478240306e-01 0.000000000000000000e+00 0.000000000000000000e+00 0.000000000000000000e+00 0.000000000000000000e+00 1.353221442988388479e-01
0.000000000000000000e+00 0.000000000000000000e+00 0.000000000000000000e+00 3.614955192211742607e-02 1.997142296748939325e-02 0.000000000000000000e+00 4.134949302351783457e-02 2.542087274223386872e-01 1.398709150453301409e-01 2.052650730633640355e-02 0.000000000000000000e+00 0.000000000000000000e+00 1.529895571178619684e-01 1.202769754777780198e-01 0.000000000000000000e+00 5.633949600575247768e-02 3.885804758854552454e-02 1.013906618493316952e-01 1.806864427360048084e-02 0.000000000000000000e+00
2.392274858536608539e-01 6.992319633364710296e-02 4.644535900301315773e-02 0.000000000000000000e+00 1.613439430263767863e-02 1.296923740445041773e-01 0.000000000000000000e+00 0.000000000000000000e+00 6.956446469884366990e-02 0.000000000000000000e+00 0.000000000000000000e+00 5.095342860930539286e-02 2.155547305850072370e-02 1.336558795336437178e-01 0.000000000000000000e+00 0.000000000000000000e+00 1.585312983729630226e-02 0.000000000000000000e+00 5.448999487611771997e-02 1.525048198488294371e-01
0.000000000000000000e+00 0.000000000000000000e+00 0.000000000000000000e+00 1.540725941129924559e-01 1.620765261584136419e-01 1.415104620432349469e-01 0.000000000000000000e+00 1.039131319254678505e-02 0.000000000000000000e+00 0.000000000000000000e+00 0.000000000000000000e+00 1.486217859949552633e-01 0.000000000000000000e+00 1.853305861257989462e-02 7.880298849326800026e-02 5.405217664378225012e-02 1.598740645167149310e-01 7.206503023151186738e-02 0.000000000000000000e+00 0.000000000000000000e+00
2.512006868799192619e-02 1.241756589016345114e-01 0.000000000000000000e+00 0.000000000000000000e+00 8.595012576576929741e-02 2.074844216769112723e-02 0.000000000000000000e+00 1.163640374529215232e-01 1.246815825570250363e-01 3.491551456233209054e-03 0.000000000000000000e+00 1.288185906039852335e-01 1.598005198629548831e-02 2.438885447547413723e-02 2.199145950111493567e-02 0.000000000000000000e+00 1.686929866137123601e-03 6.881563359980077954e-02 1.488378068896718809e-01 8.894920608825374053e-02
0.000000000000000000e+00 0.000000000000000000e+00 8.401874729654947027e-02 1.420272810118677898e-01 1.520646205085299796e-01 1.728550806636451609e-01 2.260381382453352864e-02 2.211906936203076809e-02 0.000000000000000000e+00 9.766229245887055044e-03 0.000000000000000000e+00 0.000000000000000000e+00 0.000000000000000000e+00 0.000000000000000000e+00 0.000000000000000000e+00 1.052351937819256435e-02 1.204058014855832574e-02 0.000000000000000000e+00 5.407138121471122272e-02 3.179096773454941349e-01
