1.972473864068785467e-03 4.671794961427634674e-02 7.369496252248437101e-03 7.637964311503689721e-03 8.884366934361460910e-02 2.274287732749568497e-02 1.287764018189530846e-01 2.294340055703054330e-03 8.978464808895667004e-02 0.000000000000000000e+00 8.362347429275466745e-03 8.872677702339043515e-02 4.694793687781462915e-02 1.158689647749992606e-02 4.941070513467115278e-04 4.326811312235062310e-03 1.149617603082202406e-02 1.128846931110964597e-01 1.190324753121331791e-01 2.000019586975657626e-01
1.893376063179613451e-03 1.226916501558275030e-01 0.000000000000000000e+00 0.000000000000000000e+00 6.500494109572316215e-02 1.919118003834921482e-02 1.097909877599434342e-01 1.970732774671721515e-03 1.744416746262200391e-01 0.000000000000000000e+00 1.074884395967247094e-02 1.662758108935725454e-01 0.000000000000000000e+00 3.504955286736281990e-03 2.390878465197488270e-02 0.000000000000000000e+00 4.113863443222270239e-02 1.246052024104713357e-01 2.033898790919125982e-02 1.144942379422437262e-01
2.571025250774236146e-02 9.628642553007960014e-02 1.075360063701441028e-02 6.046254082475238656e-02 1.763664563462648549e-01 1.210095727722399796e-02 1.350999753779259793e-01 8.360247836104091682e-03 1.161658560410034624e-01 3.849091787667895115e-02 1.647849690570605055e-02 5.094212228139195775e-03 1.144767500228589113e-01 6.614114258853051988e-04 2.429005487495919033e-02 0.000000000000000000e+00 0.000000000000000000e+00 1.620721661220494991e-02 6.340723824432326593e-03 1.366539038510240500e-01
1.571212705375683166e-02 5.105508773844748271e-02 0.000000000000000000e+00 1.322027505106833888e-02 8.310595489989678003e-04 1.980521229126350202e-01 1.566818767866606787e-01 8.412093813408517973e-02 1.106218642306999317e-01 2.543321190721150975e-03 0.000000000000000000e+00 1.330521310673407898e-01 1.660462870399813991e-04 0.000000000000000000e+00 0.000000000000000000e+00 2.936795861856470249e-02 3.172670663027397572e-03 7.851538091364909655e-02 9.713214946457324195e-02 2.575499033873130533e-02
7.550664414135308845e-03 3.004797191965321093e-02 2.050550489605622653e-02 1.130365705376365354e-01 3.364667475515321915e-02 5.830923520176543168e-02 1.605146348179168486e-02 1.324167605540800541e-01 1.231880927253251913e-03 3.289584848511414687e-03 9.161358508780321997e-04 1.520587309497885564e-01 1.127759481837059541e-02 0.000000000000000000e+00 9.935628916250716092e-03 1.952332129432289738e-03 2.729694553139952636e-03 1.079476263632433430e-01 1.400864122163187064e-01 1.570095326665414681e-01
5.118865846903487664e-03 7.727564597919190856e-03 3.270249962035455451e-03 9.212396815723994728e-03 2.145133589258373941e-01 1.406415440184638210e-01 4.411614912103746511e-02 2.272558067230007750e-01 7.740786493655832379e-02 7.213922766580912463e-04 1.570109591969134390e-03 6.400471807141711045e-02 6.164934556276755080e-03 4.181623507123915406e-05 5.608433940709305066e-03 1.004514324522445129e-01 1.553980632635899861e-02 5.397021941979436577e-02 1.734659381278124898e-02 5.316742369239373621e-03
1.477804017869305524e-03 1.531947207051584381e-01 2.125666608584444658e-02 1.695286387040635320e-02 1.525140045188659588e-01 2.631170090273591833e-01 3.547220815454080189e-02 5.080200602948311064e-03 2.819334074436432441e-02 3.144022359075931972e-03 1.092243113875532171e-03 2.095638297554023033e-01 1.154834080191980555e-02 6.523465737334414438e-04 1.253237574108514302e-02 3.713988254608410755e-02 0.000000000000000000e+00 1.446910653097472190e-03 4.561910427164642817e-02 2.126456722698736766e-06
1.831101492691837931e-02 1.155282945681283258e-01 0.000000000000000000e+00 2.147573941438914516e-03 2.010318863549338531e-01 3.961291863048452960e-02 1.267340160553019346e-01 3.811507535089033848e-03 4.533635788556108701e-03 0.000000000000000000e+00 6.015477377373324407e-03 2.611596328757426200e-01 0.000000000000000000e+00 3.330352131892508924e-04 8.646333369722456613e-03 3.287434738368128786e-04 1.615244547082801338e-02 6.759687396618471733e-02 1.280566104522717907e-01 0.000000000000000000e+00
6.299803087627039826e-03 1.495786069764080267e-02 0.000000000000000000e+00 1.146439342979968246e-01 1.794442087116278894e-01 2.135407826803384645e-01 4.420052519840379779e-02 5.402771253403290327e-03 1.205810800548233752e-01 1.503394305948242866e-02 6.582052329904239038e-03 1.169289603768772640e-01 1.710235781038891775e-02 1.170179675314277426e-02 4.821748701101261840e-04 0.000000000000000000e+00 6.879839355207971463e-02 3.453729763948200360e-02 2.903128573820824496e-02 7.307718884628487156e-04
3.309283878956066128e-04 1.224431801408755321e-01 1.745886455378729482e-02 1.275420195036169047e-01 1.547139488871859814e-01 4.957795968160549210e-02 1.590630587462626283e-02 2.274888077394275968e-02 1.183723095037171463e-01 4.430759893885799841e-03 9.717065110105871026e-03 4.211782360147565268e-02 5.895022259432990477e-03 1.257238774677375652e-02 0.000000000000000000e+00 2.284873365258449987e-02 0.000000000000000000e+00 1.276134511919293224e-01 0.000000000000000000e+00 1.457103592365590616e-01
0.000000000000000000e+00 4.476457640005185312e-02 1.890042409291858307e-04 4.447996287805718735e-02 1.477448532115828092e-02 1.338927469612513979e-02 4.134183193166784259e-02 2.373395528942654625e-02 2.312110917533843901e-02 0.000000000000000000e+00 1.056578592172300983e-02 2.060391909587467318e-01 1.458101012980560773e-01 1.843996875912842131e-03 4.937635310751706252e-02 0.000000000000000000e+00 1.145111390214018261e-02 1.203422278299444426e-01 1.418097716729042335e-01 1.069672585003009491e-01
3.043289511082849716e-02 1.217722707577392760e-01 3.139115308559829731e-02 6.654433395977460419e-03 2.953702756225229722e-02 2.558611312963860948e-02 1.202291916395658022e-01 2.967288908292615643e-02 2.835497171624321022e-02 3.166924621443184887e-03 6.609306530544933195e-03 5.458036595401496993e-02 1.352334467893899668e-02 1.186748522449885927e-02 1.789960527327287554e-02 9.531592130660221374e-02 3.891971591428647348e-02 1.173235506547142676e-01 1.148137624049063304e-01 1.023490719560072593e-01
1.746888846438547117e-03 3.763119504994304199e-02 6.816760290407650018e-03 3.081989452138051561e-02 1.453645541105972119e-02 2.637368073279611758e-01 1.238802266380964329e-01 1.190229823892517830e-01 2.230919060552577493e-02 1.984302584182395107e-02 1.188986820209306239e-02 1.267505729613497001e-01 4.959934537162254825e-03 0.000000000000000000e+00 9.295418339006937536e-02 1.183006229130011654e-02 0.000000000000000000e+00 5.811242092789060260e-02 3.271604856149409879e-02 2.044348220675202416e-02
0.000000000000000000e+00 1.180070355340174723e-02 3.291336474884403135e-04 0.000000000000000000e+00 1.667349562353787618e-01 1.581364703648181769e-01 1.768707179130006302e-01 9.615722426666778455e-02 5.603148310798828496e-02 0.000000000000000000e+00 0.000000000000000000e+00 1.160364852097520438e-01 1.758836552588373958e-01 1.068288508342100582e-02 9.946214246771335234e-04 0.000000000000000000e+00 9.768208097310005986e-03 1.016063987010427938e-02 6.751459298921038549e-03 3.661356668233194198e-03
7.434239717279505361e-03 4.248460057628415838e-03 2.149096176915563441e-02 7.105202341239494693e-03 1.383524688248315981e-01 9.680723265655265253e-02 1.603772853043398949e-01 2.028934753995354986e-02 3.938251002783959426e-02 6.289022225807710219e-03 3.436944787185592255e-04 1.379960675112188416e-02 2.341630820171835322e-04 1.025524444003300395e-01 1.493688598116143795e-01 1.669822624474753478e-02 2.549756374433029618e-02 2.386633036484963472e-02 1.399758777739555128e-02 1.518647928802467906e-01
0.000000000000000000e+00 3.304786778462096702e-02 0.000000000000000000e+00 3.218793144202121426e-02 2.910351285499356705e-02 1.187998003488369703e-01 1.203275282974032162e-01 1.939401089968702946e-03 7.992509174020579052e-04 1.201712796674909121e-02 2.655729196523843802e-02 1.563505866537421019e-01 1.443210087993547219e-01 0.000000000000000000e+00 1.504585766565086080e-01 0.000000000000000000e+00 1.622889518830251303e-03 1.268248818249274705e-02 1.752197970791117762e-02 1.422627578139261106e-01
9.539636476520349517e-02 4.733046257492182218e-02 4.660863717582551871e-03 7.725548370602421631e-03 6.519827067760421146e-02 1.448131778498602251e-01 2.924738808418088365e-02 9.547556511136508217e-02 3.103039897887211948e-02 8.677681927255077865e-03 2.482528656298303368e-02 1.722128093700420540e-02 1.448046074889846602e-01 0.000000000000000000e+00 4.854162371030514705e-02 9.905305843132979331e-04 1.968651502438218282e-03 3.436861021774380298e-02 1.290528297845453323e-02 1.848184039603251450e-01
5.093821548934688616e-03 1.212696332540026956e-01 0.000000000000000000e+00 0.000000000000000000e+00 0.000000000000000000e+00 1.119383664219273100e-01 2.270909649485199772e-02 2.706407872021245747e-02 1.430439755452496409e-01 0.000000000000000000e+00 5.382000706683509605e-02 9.204295716054859688e-02 8.406224718260686679e-02 0.000000000000000000e+00 4.782141099441569038e-02 0.000000000000000000e+00 6.964650031812378433e-03 5.841637814624592827e-03 1.279491491535474923e-01 1.503789686104304857e-01
0.000000000000000000e+00 4.504923048250489281e-02 2.102067369105272560e-02 6.093980405782724319e-02 1.404876950836099481e-01 2.173965323794808946e-02 1.671780900755017452e-01 1.759796283712529918e-03 7.579929876960547763e-02 3.008898061195802633e-03 1.875110385962602084e-03 3.584825215078164817e-02 0.000000000000000000e+00 1.275759294116436682e-01 1.330679797648050000e-01 9.621672572638002505e-03 2.626080765252292344e-03 3.174385394875836597e-02 3.625913356464975732e-03 1.170320679007349207e-01
2.205139740966732820e-02 3.431989527657594574e-02 1.250083041230596009e-04 2.381110554724944883e-04 1.725821231903355846e-01 7.162831112998700733e-02 7.045168686976914507e-02 1.348223937335895073e-01 0.000000000000000000e+00 0.000000000000000000e+00 0.000000000000000000e+00 8.058228583177085014e-02 3.117669977557108868e-02 0.000000000000000000e+00 1.452972761780285949e-01 0.000000000000000000e+00 0.000000000000000000e+00 1.065364865992523245e-02 5.573663880192509384e-02 1.703345237832590564e-01
9.470384086057230880e-03 8.861059039468681398e-02 0.000000000000000000e+00 2.581450760451877921e-02 1.121497235195783315e-01 3.278968578322742633e-02 7.961027967318486456e-03 2.932917231207094952e-02 1.189911555273191236e-02 1.674002292440382803e-02 6.302343491494341067e-03 2.534761486566938782e-01 1.608242655797502141e-01 3.557131784538098557e-02 3.024104809014435680e-02 4.759458105078807791e-04 0.000000000000000000e+00 0.000000000000000000e+00 3.726237182316095853e-02 1.410823285582736841e-01
3.551852928984176871e-02 6.317974060360584398e-02 2.508931323829912893e-02 2.492312342758774557e-01 1.414429251151903127e-02 6.534667690550656667e-03 6.551586393181702342e-03 2.144441961511752565e-02 1.302928718074734815e-01 0.000000000000000000e+00 1.459088429424368989e-03 1.777351910710779637e-01 1.583718243542379250e-02 4.079523986725010903e-02 9.235254134120896713e-03 0.000000000000000000e+00 0.000000000000000000e+00 7.317710957341890064e-04 1.334963774830386363e-01 6.872324005846329464e-02
8.273250996374029945e-04 5.041575231417756708e-02 5.621496173503111315e-03 8.141352901881207874e-03 9.102149646773485814e-02 1.041167137514640434e-01 7.948077896307548240e-02 6.059969142010655091e-03 6.658055390633262072e-02 1.048458236397793730e-02 2.704730289958421664e-03 1.393150001688670536e-01 3.357446781613107611e-02 1.625827782379001582e-04 3.047346254699032433e-02 5.400877821220763375e-02 1.912917305570942597e-02 4.552559172841810081e-02 1.298281989410034198e-01 1.225279933786818376e-01
1.200772160638264620e-02 1.065143721181644187e-01 6.221899015341893213e-02 9.560403991426469350e-02 9.868034124076242863e-02 2.408661296020840892e-01 1.066456672061053164e-02 3.406074668318120890e-02 1.900077707442413000e-02 0.000000000000000000e+00 0.000000000000000000e+00 1.401327487487347492e-02 1.535675453035865307e-02 5.752148974904373706e-03 4.916125868018792616e-03 6.618160176440165098e-03 3.092179292794043979e-02 9.130163574177584118e-03 1.230183568953469725e-01 1.106555370646466474e-01
4.923581157047685411e-03 1.557372428738683368e-01 9.767378236036143926e-03 1.134527394518760196e-01 1.233710059728661962e-01 0.000000000000000000e+00 2.385892829875863874e-01 6.742767756979657634e-02 0.000000000000000000e+00 6.331506229453259327e-04 1.009104690531317274e-02 4.632273426188682555e-03 0.000000000000000000e+00 1.594154238979627811e-02 6.346088853556337839e-02 0.000000000000000000e+00 6.334018868511429728e-03 8.211531709040723916e-04 2.695221112503632093e-03 1.821217967191967324e-01
1.614017564758121054e-02 0.000000000000000000e+00 2.384240834424395012e-04 3.733704292449525897e-02 0.000000000000000000e+00 3.140053226332025025e-03 4.933230177162765268e-02 2.220546445104537928e-02 1.608461715479609089e-01 1.670395768496338654e-02 1.274833705493103736e-02 2.040146627938129453e-01 4.986771817110402863e-03 2.591174567962314240e-02 2.940729213145521978e-02 1.213017936445889011e-01 0.000000000000000000e+00 1.283549841505646563e-02 1.576769074882013455e-01 1.251733996377723257e-01
1.364775977562704967e-01 7.924601387634434835e-03 5.782048088831701071e-02 2.938928938020341983e-02 8.428743522102696839e-02 1.087091432066454033e-01 3.915366081409245996e-02 1.417247851845837309e-03 2.874991837028442049e-02 1.051967615015401286e-02 1.429325167774374208e-03 2.181114100485875562e-01 4.941515041077360060e-02 8.252797623985747705e-04 1.395459845426841872e-01 5.363135481952972967e-03 1.090315167150101953e-02 6.108898258607076831e-02 6.295910043757045344e-04 8.238938297406999539e-03
5.736676637952763114e-03 1.431364396584922094e-01 5.628580778006462665e-05 1.847915244981816751e-02 1.742758869884417083e-01 8.420531867758719244e-03 1.152595717322004581e-01 6.395740605235303300e-02 3.948641679406948019e-02 3.290226876647830978e-02 0.000000000000000000e+00 3.945515717075684381e-02 3.480737868925425776e-02 0.000000000000000000e+00 0.000000000000000000e+00 3.045149961358638996e-02 2.727402473704690464e-04 1.511396229602867680e-01 1.421629645634002737e-01 0.000000000000000000e+00
5.813552362663360756e-03 1.163787181434917939e-01 1.369838562052356178e-02 1.579076457921487842e-03 1.493508832727662855e-02 1.519856278511975620e-02 1.654172044288742746e-02 1.031367751472662825e-01 2.207147607509978970e-03 0.000000000000000000e+00 1.824237830457448506e-03 2.558944220899875277e-01 1.172390771421072814e-01 4.992739444793079700e-04 2.380846631268239075e-02 1.660675900262900543e-04 1.764850158853427690e-03 1.103824906601398870e-01 3.611370477817898994e-02 1.628183825984272082e-01
3.344675664457685675e-04 0.000000000000000000e+00 3.337898206171226200e-04 1.322932964036463953e-02 1.626886250207870144e-01 1.582328105245311145e-01 1.169278407675147791e-02 9.203995883489272598e-03 1.244550589896311066e-01 2.252229008824858589e-02 0.000000000000000000e+00 1.635539251814225603e-01 0.000000000000000000e+00 2.058810936252079837e-02 1.333470920118552672e-01 4.042156743624588516e-02 1.430910802986160024e-02 2.649154854413600726e-02 1.997063834651265080e-02 7.862485947657914254e-02
0.000000000000000000e+00 3.890007073312304331e-02 2.209324724795105194e-02 1.394994435627560092e-01 1.266052025074119458e-01 1.109668077410541770e-01 1.635737397399677009e-02 1.219528960689494207e-01 1.244132941416459075e-02 2.647101793955128433e-03 4.784535281105804089e-02 1.223911056290624827e-01 2.843294209294491837e-02 9.022134111722134378e-03 3.141710946761688827e-02 0.000000000000000000e+00 2.593917508432424905e-03 4.999588750294449522e-04 1.022584124990809536e-02 1.561081652108634310e-01
0.000000000000000000e+00 3.020969986364717766e-02 3.913679325017646593e-02 1.120667500470940992e-01 2.183317334272990781e-02 1.127265029071606861e-01 8.991587640767144396e-02 7.097573014853690576e-02 2.835955181047812579e-02 4.153463747279748097e-03 0.000000000000000000e+00 6.871778011603857025e-03 1.683707447061671319e-03 1.221952749240320102e-01 4.811567776553850317e-02 0.000000000000000000e+00 0.000000000000000000e+00 9.309697561852766159e-03 1.498365592272561664e-01 1.526097635378804163e-01
0.000000000000000000e+00 1.633574939124815550e-02 1.846659262574096988e-02 1.116407923800734892e-01 1.554671612326778696e-01 1.868914252528884878e-01 8.418747841455269040e-03 1.190514694555609536e-02 3.897614118394430310e-02 6.346097269923408474e-03 0.000000000000000000e+00 1.339776003679130634e-01 0.000000000000000000e+00 3.505691880524169912e-02 2.113983650543689585e-02 1.520143471663403141e-02 1.590567511723945185e-02 1.311081408692663444e-02 2.790113205267993890e-02 1.832587342244202666e-01
4.584898045925203669e-02 9.487229251481973935e-02 2.647110067415846825e-06 5.666699967184442993e-02 8.853348110987994957e-02 2.598803547769147348e-01 5.951611993785493188e-02 8.711664305894138705e-02 3.000926792075982175e-02 4.301552607475161473e-03 1.918651905467771979e-02 1.248178466237516021e-01 2.481552347438843471e-03 5.435540586784071843e-03 2.870331966721664796e-03 9.903648205579261218e-03 9.062255988524238470e-02 0.000000000000000000e+00 1.378978621405452069e-02 4.143875947940289621e-03
0.000000000000000000e+00 9.937019727590591656e-02 3.401113804474462793e-02 3.856077720758633448e-02 1.552136822735587507e-01 1.084206947103352747e-01 4.242650652637001453e-03 6.214456166854016861e-02 5.080008248517929592e-02 0.000000000000000000e+00 0.000000000000000000e+00 1.997917980212257638e-01 3.227576362395192383e-02 1.853441256211859831e-02 4.016237131641660352e-02 1.094325774895420905e-02 7.937680154689465140e-03 4.883504283734925629e-03 1.218638905882490631e-01 1.084353738217218831e-02
