2.342594257084285037e-02 1.028030393779404417e-01 3.577712477849659834e-03 0.000000000000000000e+00 6.715402958100070985e-02 0.000000000000000000e+00 2.339566209813878639e-02 1.526787084888023283e-01 3.059152065073954610e-02 2.353754722505173314e-02 0.000000000000000000e+00 2.895172763022516582e-01 1.065452317034741928e-02 0.000000000000000000e+00 4.178185298874505238e-02 0.000000000000000000e+00 4.575786964436475562e-02 0.000000000000000000e+00 0.000000000000000000e+00 2.622380271200707574e-02 0.000000000000000000e+00 0.000000000000000000e+00 3.398366516555749884e-03 1.045251846889512504e-02 1.450496277264670120e-01
1.063939510363744352e-02 1.042126222077231629e-01 2.953538233985821340e-02 4.886510328081011129e-02 1.417917152479230558e-01 7.243663746023744354e-02 2.674566137992007500e-02 5.949349445083377749e-03 0.000000000000000000e+00 7.160816789512591818e-02 0.000000000000000000e+00 9.007348162253299428e-02 0.000000000000000000e+00 1.780512110538349244e-04 2.512171025558414955e-02 2.780168260681360401e-02 1.090455588481799645e-02 1.242794005031419291e-01 0.000000000000000000e+00 0.000000000000000000e+00 4.917242565370735091e-02 0.000000000000000000e+00 3.640182362320062027e-03 1.419101226001324434e-01 1.513435293957686271e-02
1.271920079578692242e-01 7.261391153457713576e-02 0.000000000000000000e+00 9.927079164212986636e-04 0.000000000000000000e+00 0.000000000000000000e+00 1.319375845065179076e-01 1.326197717442324786e-01 2.658904659469969387e-02 0.000000000000000000e+00 0.000000000000000000e+00 3.032869123502228426e-02 1.198540535890353781e-01 5.674341167656506146e-03 1.282491514990886650e-01 0.000000000000000000e+00 3.533031393685760746e-02 2.488426613862223732e-02 4.491567574311699368e-02 9.498175539229192221e-02 0.000000000000000000e+00 1.509135035233788750e-03 0.000000000000000000e+00 2.131076955599933362e-02 1.016816452757404515e-03
1.033374321159281212e-01 0.000000000000000000e+00 0.000000000000000000e+00 5.748450841992827458e-03 1.432940544137619766e-02 0.000000000000000000e+00 1.461607853722171890e-01 2.255905357229025521e-01 4.547765793582708022e-02 5.693276038294710351e-02 0.000000000000000000e+00 2.302229255282273873e-02 0.000000000000000000e+00 0.000000000000000000e+00 0.000000000000000000e+00 0.000000000000000000e+00 1.504807095918311299e-01 9.047231919317050633e-03 0.000000000000000000e+00 1.131100900650193128e-02 0.000000000000000000e+00 6.817755195659644949e-04 0.000000000000000000e+00 1.581254914539200751e-01 4.975446214285003665e-02
0.000000000000000000e+00 1.268912821439514282e-01 1.047983683528462377e-02 0.000000000000000000e+00 0.000000000000000000e+00 0.000000000000000000e+00 2.650929653159785765e-02 1.483189254220061148e-01 2.079081896829306636e-02 4.297018925484639117e-03 0.000000000000000000e+00 1.536992296268337166e-01 0.000000000000000000e+00 0.000000000000000000e+00 1.573218579214450963e-01 2.273490591185341886e-02 4.478019988196130577e-03 2.549842353735086789e-02 4.359577024987486976e-02 4.771633622491109825e-03 2.334807282842646381e-02 9.756689107112581638e-02 1.929893404670306395e-03 1.242338058354458402e-01 3.534317175668772858e-03
2.230698725907873103e-02 8.205680118114910826e-02 2.323651875301305930e-02 0.000000000000000000e+00 4.700149040027907371e-02 1.823067679138559456e-03 1.432331441789879423e-01 1.365299930010667982e-02 8.045683679758182383e-02 5.433864786921088243e-03 0.000000000000000000e+00 1.368183363811182642e-02 1.905897220770865061e-03 7.405048760559940560e-03 1.321286209878053952e-01 7.336145675381940123e-02 0.000000000000000000e+00 5.612392362119514831e-03 1.062313434226444531e-01 2.444336981711465670e-02 3.508520902097401334e-03 2.834045047362855271e-03 1.483246104689460998e-01 3.460578462150497303e-02 2.675536566088657781e-02
6.578802520067798809e-02 2.146754845256525907e-02 5.271259115924635487e-04 6.578092520462079477e-03 2.366411049099441666e-01 4.614339446577828130e-02 6.456485593309037319e-02 6.835416744349684512e-04 0.000000000000000000e+00 1.023899312245701715e-01 0.000000000000000000e+00 7.872075889285734540e-02 0.000000000000000000e+00 0.000000000000000000e+00 2.580800014494487489e-03 1.102241051941143038e-02 1.305272672257669873e-02 1.335720848513508897e-03 1.505495472946105362e-01 0.000000000000000000e+00 8.009480594302505196e-02 2.104780488496081972e-02 4.573229175508497502e-02 5.825329062943274475e-03 4.525418376840616846e-02
8.061201268322969182e-02 1.000964289436288013e-01 3.002520727500382260e-03 0.000000000000000000e+00 0.000000000000000000e+00 1.171377417823912283e-02 4.523602957485217679e-02 5.436287139782600142e-02 5.851239350121745231e-02 3.396676340161891572e-02 0.000000000000000000e+00 3.614626022717984388e-02 6.935311657964463722e-03 0.000000000000000000e+00 1.364393981723316385e-01 0.000000000000000000e+00 1.118826272571574743e-01 1.307622061636050381e-02 6.718155621762506241e-04 5.108615861719440106e-03 2.627621412852724006e-02 1.156954316026365670e-01 8.655965177550330181e-02 6.574984765381151897e-02 7.955811076519235525e-03
2.981255791177163210e-03 0.000000000000000000e+00 5.008570404158135814e-02 3.139177832945555351e-03 1.014658921893039217e-01 0.000000000000000000e+00 3.479458989437347188e-02 1.652257120000305557e-01 3.582276810619572371e-02 1.812884600688882686e-01 6.074880501031098071e-04 2.095983767699598488e-01 0.000000000000000000e+00 0.000000000000000000e+00 1.458943905944771330e-02 0.000000000000000000e+00 1.202789625542330203e-02 3.086487283168500972e-03 1.270847949859596759e-01 0.000000000000000000e+00 0.000000000000000000e+00 5.157396865171078731e-02 4.066512116397111125e-03 1.681365753932088187e-04 2.393340327940642834e-03
0.000000000000000000e+00 1.560018875301577221e-02 3.761435563623274914e-02 0.000000000000000000e+00 2.693578749082209314e-03 0.000000000000000000e+00 2.301818606303457637e-01 3.004616582170234820e-02 8.797032370196417039e-02 5.878626734664826881e-03 0.000000000000000000e+00 9.882383517442967780e-02 0.000000000000000000e+00 7.718889346939543546e-03 9.414475652675294293e-03 0.000000000000000000e+00 7.487924641740211287e-03 2.982994016365693511e-04 4.183755590156065102e-02 9.449081417951034345e-02 6.671304389010625224e-03 0.000000000000000000e+00 1.503090878038050582e-01 1.209450060358269706e-02 1.608682128781014631e-01
0.000000000000000000e+00 7.666037658068337347e-03 1.356395247436551210e-01 0.000000000000000000e+00 1.859583745732778202e-03 8.583035813938240388e-02 2.387929012565964959e-01 8.740462710587901252e-02 7.510194024620074627e-02 4.291220734636633227e-02 4.398356574093526157e-03 1.763047970343508686e-01 0.000000000000000000e+00 0.000000000000000000e+00 4.015017424263925966e-02 5.745438320077112665e-04 3.984700340374137603e-03 0.000000000000000000e+00 6.065957931279978427e-02 0.000000000000000000e+00 0.000000000000000000e+00 1.747454758267475566e-02 1.478596591435459885e-02 0.000000000000000000e+00 6.460154924824170440e-03
0.000000000000000000e+00 2.436600598824443034e-02 4.048442732375194530e-02 0.000000000000000000e+00 1.716991169270314782e-02 1.674697426035107260e-04 1.197216941793495248e-01 1.414626415877149879e-01 1.151730382989940432e-01 2.972063559162929289e-02 0.000000000000000000e+00 1.527979113029857838e-01 0.000000000000000000e+00 2.576863198671323300e-03 1.510542929846906135e-01 0.000000000000000000e+00 7.895575024493414404e-03 0.000000000000000000e+00 1.313727222228987246e-01 0.000000000000000000e+00 0.000000000000000000e+00 2.656541320107052781e-02 0.000000000000000000e+00 1.544167836069111274e-02 2.402971929950760074e-02
0.000000000000000000e+00 2.072906260940406142e-02 1.429028750146023319e-01 1.879130821801460252e-02 8.961059119492317468e-03 7.347599505811840993e-03 1.441960774669154843e-01 2.444073498099664978e-03 2.821255486355203450e-03 7.651855193741463612e-02 1.948284545784108876e-03 1.281056746053960971e-01 0.000000000000000000e+00 0.000000000000000000e+00 9.764500064705168569e-02 9.219148730128490579e-03 0.000000000000000000e+00 2.333589800289051150e-02 6.868568650099347861e-02 9.456817825231582028e-03 9.346565123127723029e-02 3.079509815517684351e-02 0.000000000000000000e+00 4.856214074863380442e-03 1.077746628250964289e-01
0.000000000000000000e+00 6.127874654940195995e-03 0.000000000000000000e+00 0.000000000000000000e+00 4.754126167111419332e-02 7.453359736697794113e-02 1.637620422708992718e-01 1.323575818488285580e-02 7.445493442026963719e-03 5.857749632749659902e-02 0.000000000000000000e+00 7.172458079861133984e-02 6.380153091525356257e-04 0.000000000000000000e+00 9.553239525746398675e-02 1.364245043994187154e-02 3.149912446433456980e-03 9.215116426700318067e-03 7.673549950674955766e-02 6.567804653040810016e-04 5.381865147359272961e-02 0.000000000000000000e+00 1.523010745754602713e-01 6.899745845943462685e-02 8.236454092281718375e-02
0.000000000000000000e+00 5.798649978282080682e-03 6.815441908567694551e-02 0.000000000000000000e+00 3.260538388276931071e-02 3.166059134729451701e-03 2.216051650902140045e-03 8.957800955081270111e-02 7.020860483970403632e-02 7.960951914021351106e-02 0.000000000000000000e+00 4.371628665338877368e-02 0.000000000000000000e+00 1.816475794596693338e-02 2.784548564490838332e-02 2.688462404303692058e-03 1.598922317451887676e-01 2.767605611150121547e-02 2.865043784246961052e-03 3.050661394780026896e-03 0.000000000000000000e+00 0.000000000000000000e+00 1.258022209617692122e-01 1.054313510508453344e-01 1.315307450400104716e-01
1.687331415777797161e-02 0.000000000000000000e+00 0.000000000000000000e+00 0.000000000000000000e+00 4.068371192153674709e-02 1.869417551051919674e-02 1.371150318447088012e-01 1.460154789434976452e-01 1.289991126020296475e-01 2.866790111620317119e-02 0.000000000000000000e+00 1.242110576449035608e-01 8.753035755091538930e-03 8.339253680028959606e-04 2.184708678786775535e-02 0.000000000000000000e+00 4.005989250318039291e-02 0.000000000000000000e+00 1.309361492189324294e-01 0.000000000000000000e+00 0.000000000000000000e+00 1.267462982706601092e-02 5.003589596604071394e-04 1.833544000763748976e-03 1.413015938382580772e-01
4.319377987601145941e-02 9.158379581672203285e-02 7.755980807201454975e-03 1.175728246215505465e-03 2.074572808254534009e-02 6.845060598690556582e-04 4.329119769858487399e-02 2.090048388835754334e-01 0.000000000000000000e+00 1.322884386770663279e-01 0.000000000000000000e+00 1.699554151557982062e-01 0.000000000000000000e+00 0.000000000000000000e+00 2.680998342334498397e-03 0.000000000000000000e+00 1.613065764607858263e-02 1.824278051726762120e-02 1.271465679390596792e-01 1.782281202992584690e-02 0.000000000000000000e+00 6.074255544049250721e-02 2.040633715716842420e-02 0.000000000000000000e+00 1.714788162408304589e-02
6.590747292009389424e-04 9.279811157692814672e-02 9.916840352694654415e-02 0.000000000000000000e+00 1.067077915738640498e-01 4.936736256936784077e-03 7.348913498297203473e-02 1.604115111034727092e-01 4.446488292308317485e-03 7.481269230229213585e-02 0.000000000000000000e+00 5.983832049424595706e-02 0.000000000000000000e+00 0.000000000000000000e+00 2.768081474546973952e-02 0.000000000000000000e+00 3.861030825601514949e-02 0.000000000000000000e+00 1.289781139907383301e-01 0.000000000000000000e+00 0.000000000000000000e+00 0.000000000000000000e+00 6.415775993963210647e-03 1.589435268653781070e-04 1.208877786477805805e-01
6.148656529600176474e-02 9.403546423764081591e-04 1.645573961380807429e-03 0.000000000000000000e+00 4.107622546225306315e-03 6.498789262215251550e-02 5.334969250523830669e-02 1.499950262703525772e-01 2.127898241354734751e-02 6.063490625951294122e-02 0.000000000000000000e+00 1.101624709120117562e-01 6.376917763821977198e-03 9.267939047964334973e-03 1.401059466377451157e-01 0.000000000000000000e+00 1.143925884239308105e-01 1.792506628726781015e-02 1.337606359829318333e-03 0.000000000000000000e+00 2.978020594755388228e-03 0.000000000000000000e+00 1.259644036382311268e-02 2.795943217982223630e-02 1.384709549122402905e-01
0.000000000000000000e+00 3.286071954460997001e-04 1.301324680255274702e-01 1.310104438978906549e-01 1.066558618293875771e-01 1.858000684269736288e-02 3.069771469707863534e-02 0.000000000000000000e+00 8.585006685996719343e-04 1.880560765986195870e-01 0.000000000000000000e+00 4.154250240280492508e-03 0.000000000000000000e+00 1.699582265985746495e-04 5.982552436334136192e-02 0.000000000000000000e+00 1.791153658003579591e-02 0.000000000000000000e+00 0.000000000000000000e+00 4.285637296824035963e-02 1.884244877583524796e-02 5.744175468503480604e-03 0.000000000000000000e+00 5.995179880289594476e-02 1.842242548190216322e-01
1.114289533972449668e-02 6.779079889243490829e-03 0.000000000000000000e+00 3.972989471497805070e-02 1.044039980630213499e-01 4.400202769959363387e-03 4.935361362132165836e-02 2.087973192483332241e-01 0.000000000000000000e+00 1.209403520534507032e-01 0.000000000000000000e+00 5.160120393604786249e-02 0.000000000000000000e+00 0.000000000000000000e+00 6.771359157652159788e-03 1.311000363310636276e-02 9.737444287201166282e-02 3.423497357489904171e-03 9.154792143555942618e-02 3.830056064822763562e-02 1.858754957909460742e-03 1.115923928282025746e-01 2.897398677430270200e-02 0.000000000000000000e+00 9.898520699457822453e-03
0.000000000000000000e+00 3.495718632653951191e-02 1.285040560938310872e-01 3.646028396853062681e-02 6.963390588795288424e-03 1.360407303004330286e-03 5.246989464724804292e-02 0.000000000000000000e+00 5.137830198085313604e-02 1.614284162493273556e-02 0.000000000000000000e+00 1.300988560470046386e-02 0.000000000000000000e+00 2.672517693020936332e-03 1.175918237736515437e-01 0.000000000000000000e+00 3.102275187852892094e-02 1.023676423675592001e-01 0.000000000000000000e+00 1.025094177585218411e-02 6.719480241081721150e-02 1.146200250561953266e-01 3.460226707163401461e-03 7.321344614879458923e-02 1.363595740499815578e-01
5.051161295991179025e-04 8.589212489209983870e-02 1.655707016197601189e-01 0.000000000000000000e+00 1.153656132296786456e-03 0.000000000000000000e+00 1.561380978787675067e-01 6.628156025471095350e-03 1.288941357189103409e-01 2.678714504499181415e-02 0.000000000000000000e+00 6.952920247856873848e-02 6.923914430265736865e-03 0.000000000000000000e+00 1.169087576872526457e-01 2.116345422115353900e-03 0.000000000000000000e+00 1.115501196243006213e-02 5.606334037342344118e-02 1.686532291428678200e-04 0.000000000000000000e+00 2.050012611902963730e-02 1.450655148558749330e-01 0.000000000000000000e+00 0.000000000000000000e+00
8.454980621918066486e-03 1.665716668211840055e-04 1.112725213997004803e-01 1.016117955275494256e-01 1.276624557892198364e-01 0.000000000000000000e+00 7.507416580708271836e-02 6.802098879598658665e-02 7.334499622089828835e-03 6.552905024931567589e-03 0.000000000000000000e+00 5.668219104027070326e-02 3.336195983961215590e-04 1.840844183088060455e-03 1.991697025457485892e-01 0.000000000000000000e+00 1.373616744347307475e-02 1.486292714581539942e-02 1.297954379790200174e-01 1.912203376133926974e-06 0.000000000000000000e+00 3.751400562327571880e-02 0.000000000000000000e+00 3.065898967321332644e-02 9.253318309023240984e-03
6.683785773581132558e-03 1.217075490699276868e-01 2.009445606109003593e-02 2.521640711155284306e-02 2.066856467900770374e-03 0.000000000000000000e+00 1.609267824698074056e-02 1.809241612891903661e-01 0.000000000000000000e+00 1.070097013040075852e-02 0.000000000000000000e+00 6.058035273812568955e-02 9.983229830233369614e-03 0.000000000000000000e+00 2.094165189911562086e-01 5.192772327781228388e-03 5.847687259145310096e-02 0.000000000000000000e+00 9.441289319302626284e-03 0.000000000000000000e+00 0.000000000000000000e+00 0.000000000000000000e+00 5.435705331874163444e-03 2.328936288341547714e-02 2.346970318360337981e-01
1.614050286086472774e-02 0.000000000000000000e+00 1.361738997772187799e-02 1.779319588985118182e-03 3.253142039019829568e-02 0.000000000000000000e+00 1.980096471710338646e-01 1.135089243856789998e-01 1.017117787695448992e-02 1.307280284786672964e-02 1.087971661146853661e-02 1.522289344637703379e-01 2.684915588985338324e-03 5.664631540736311463e-03 7.969362979171161487e-03 8.044890605009775986e-02 0.000000000000000000e+00 1.497106795571470032e-03 1.460827382543009685e-03 0.000000000000000000e+00 0.000000000000000000e+00 2.649343564065141307e-02 4.202751404928930373e-02 1.434927046532530337e-01 1.263207591451582512e-01
0.000000000000000000e+00 3.234153140259825917e-03 0.000000000000000000e+00 2.012089733781093764e-02 1.447149458915535647e-01 0.000000000000000000e+00 1.806049204533420952e-02 1.845804389327308226e-01 2.751491291629572580e-02 1.160576133922050363e-01 0.000000000000000000e+00 8.409543225650542575e-02 0.000000000000000000e+00 3.501153651232538720e-03 9.413196174770979696e-02 0.000000000000000000e+00 5.151056437472868038e-03 0.000000000000000000e+00 2.112876993172543155e-02 0.000000000000000000e+00 1.866857380251626952e-02 4.012586158809192637e-03 3.536667098266310649e-02 1.718623983128986510e-01 4.779794306227679035e-02
1.404979235516207008e-02 0.000000000000000000e+00 1.588069533868802785e-01 7.732436400266469445e-02 4.831671640217723163e-02 0.000000000000000000e+00 2.251110577308878813e-01 2.812995869787791522e-02 4.662675518975863825e-02 4.429229530062434722e-03 0.000000000000000000e+00 2.090032788442864470e-02 0.000000000000000000e+00 7.938610594277483584e-03 3.693103209622740270e-03 7.123341156704269400e-03 1.065206622873865992e-02 3.350438353954651033e-02 6.018200674870532313e-03 1.632639638774549930e-03 0.000000000000000000e+00 8.245157456808009655e-02 7.550042792424738192e-02 1.477904972852378540e-01 0.000000000000000000e+00
1.784221255609845166e-02 3.815384396984632803e-02 4.771697762596718850e-02 1.065802535394695660e-01 2.941324043901616392e-02 3.654936426596189225e-02 0.000000000000000000e+00 2.616023348886027944e-01 1.272964411554601376e-02 1.389332736167897819e-01 0.000000000000000000e+00 4.268301661492660513e-03 3.615740781467554482e-02 0.000000000000000000e+00 9.997506593194928695e-03 1.649447332076975706e-02 3.371332094078156611e-03 6.990466140815607306e-03 0.000000000000000000e+00 2.836808892748808250e-02 4.346634700375375145e-03 0.000000000000000000e+00 8.279406332390796749e-03 1.840222496384202044e-01 8.182987759000517891e-03
0.000000000000000000e+00 8.645217694885935431e-03 1.529844445151750665e-01 4.328582068028838728e-03 1.894182226086585027e-02 4.992924987877683882e-04 1.272043850091234829e-01 0.000000000000000000e+00 2.882609189754664625e-02 1.354141334679782871e-01 0.000000000000000000e+00 4.528422099375380150e-02 0.000000000000000000e+00 1.357041053771591366e-03 1.504741935282930543e-01 0.000000000000000000e+00 4.806090990841911832e-03 3.321594913138239263e-03 1.227211799534268510e-01 0.000000000000000000e+00 0.000000000000000000e+00 0.000000000000000000e+00 0.000000000000000000e+00 3.339660509476160741e-04 1.948577431034350937e-01
6.608147385589087375e-02 0.000000000000000000e+00 4.069538418243362488e-02 1.009918663451098500e-02 2.880637068134837830e-02 1.017423181625732621e-02 1.342115960311066059e-01 1.316059205001968158e-01 2.352648833985927085e-02 1.427042321168097982e-01 0.000000000000000000e+00 5.855829202403321082e-02 0.000000000000000000e+00 0.000000000000000000e+00 5.525590106439610093e-03 0.000000000000000000e+00 1.039093530642683921e-02 8.526522351974928290e-03 1.336622913644328059e-01 4.572375638212503729e-02 0.000000000000000000e+00 0.000000000000000000e+00 0.000000000000000000e+00 5.829673542985270088e-03 1.438780547631685613e-01
0.000000000000000000e+00 1.084035896750896039e-01 7.752085954668168355e-02 3.701756289141780887e-03 8.861963334238082135e-03 0.000000000000000000e+00 1.456081096800652397e-01 1.425663628287528184e-01 6.739782167533492872e-03 1.232784777132533115e-02 0.000000000000000000e+00 1.336836925914245550e-03 0.000000000000000000e+00 0.000000000000000000e+00 1.257549462890394654e-01 4.923843014555211433e-04 4.448371899449377401e-03 0.000000000000000000e+00 4.057713787774384212e-02 0.000000000000000000e+00 9.458048719343750688e-02 5.312652674024874282e-03 6.174908901501188589e-03 5.826250838433648382e-02 1.573294942602695701e-01
0.000000000000000000e+00 1.171222568624518366e-02 2.560565481445728833e-02 1.436510230182572005e-03 3.730359655909864548e-03 0.000000000000000000e+00 0.000000000000000000e+00 8.084571469192372573e-02 1.164324494971719082e-02 6.095136158968705864e-02 0.000000000000000000e+00 1.559488663866776537e-01 0.000000000000000000e+00 4.696537578473213535e-03 1.891017415998898776e-01 1.700553809390957516e-02 2.132165827093171831e-02 1.268791249508032307e-03 0.000000000000000000e+00 0.000000000000000000e+00 7.678693418009014011e-03 5.915261756985397759e-03 8.820982467166965657e-02 1.594289795929592912e-01 1.534990357628636393e-01
4.957040497067665558e-02 8.435830429311887146e-02 7.661167475564417684e-03 0.000000000000000000e+00 7.229502681037460431e-03 0.000000000000000000e+00 1.833837457149411765e-01 1.470899237076960797e-01 0.000000000000000000e+00 2.263671850252649970e-02 0.000000000000000000e+00 1.143749666323668097e-02 2.513322891956678781e-03 0.000000000000000000e+00 1.376992213883612981e-01 0.000000000000000000e+00 0.000000000000000000e+00 3.941604185389825481e-03 0.000000000000000000e+00 0.000000000000000000e+00 6.893710255557300437e-02 5.330865905707461716e-02 5.368162808147581427e-02 1.317229440446429090e-01 3.482825378672791544e-02
0.000000000000000000e+00 0.000000000000000000e+00 9.457244725764321625e-02 0.000000000000000000e+00 8.601315957593684905e-03 1.125151851116106272e-01 8.977554896016969391e-03 4.777898590914875926e-02 5.005162447063620131e-03 1.148194235838486815e-01 0.000000000000000000e+00 1.691845037567603072e-01 2.303271539971876031e-02 0.000000000000000000e+00 8.587511790101919062e-02 6.262462550499722520e-04 0.000000000000000000e+00 4.926122288967865921e-03 1.883494109280002896e-02 0.000000000000000000e+00 0.000000000000000000e+00 0.000000000000000000e+00 3.079110839409420625e-02 1.378323685253322328e-01 1.366268012233317897e-01
0.000000000000000000e+00 3.403630119346703203e-02 1.290865793895161207e-01 1.621462604201689972e-02 1.064229936410893418e-01 6.292827795691222949e-03 1.234877168844501216e-01 0.000000000000000000e+00 0.000000000000000000e+00 1.927739198367064977e-02 1.208829709124912069e-02 7.305916507658487269e-02 1.700005822315109327e-02 0.000000000000000000e+00 1.356081947788438657e-01 0.000000000000000000e+00 1.826345173447030748e-02 1.910185976792805329e-02 7.345770095253502732e-03 0.000000000000000000e+00 1.467250631316670446e-02 0.000000000000000000e+00 0.000000000000000000e+00 9.915741213534058629e-02 1.688848478541104536e-01
2.510461344792408803e-02 3.334576019452949874e-02 8.823392976773607524e-03 6.860062938990636218e-03 3.760401805183455348e-02 2.324498859029808587e-03 5.953324983386081709e-02 3.320756228785041314e-02 9.901524148312773610e-02 7.364579635489146292e-02 0.000000000000000000e+00 1.450461568605136975e-01 2.564584698148836966e-02 0.000000000000000000e+00 1.508012924758738993e-01 1.552889628313047429e-02 1.645322357472061084e-02 9.424506497697446869e-04 2.039802039049264538e-03 0.000000000000000000e+00 1.981556604564996965e-02 0.000000000000000000e+00 1.059047919236978663e-01 1.383577767372935474e-01 0.000000000000000000e+00
1.664600488511969070e-04 1.092088323025074831e-01 1.309576515142392705e-01 1.171539818698954204e-02 0.000000000000000000e+00 0.000000000000000000e+00 0.000000000000000000e+00 0.000000000000000000e+00 2.311606303389389470e-03 1.606431616331951973e-01 0.000000000000000000e+00 1.721517451901462617e-02 0.000000000000000000e+00 2.970418508033046204e-02 1.769001014827349394e-01 0.000000000000000000e+00 3.200128247815461902e-02 8.132657285792571633e-03 1.262334698131445943e-01 1.361999104441902197e-02 2.099406966663798155e-02 0.000000000000000000e+00 0.000000000000000000e+00 1.986840557850828859e-02 1.403275530620907985e-01
0.000000000000000000e+00 0.000000000000000000e+00 4.614589831495531647e-02 0.000000000000000000e+00 2.068607819547407800e-02 0.000000000000000000e+00 1.284390499294490659e-02 0.000000000000000000e+00 7.403663792383399778e-03 1.569329358247158468e-01 0.000000000000000000e+00 1.641888100543421880e-01 7.016691385005007289e-03 0.000000000000000000e+00 1.436081932529523764e-01 0.000000000000000000e+00 0.000000000000000000e+00 4.567435259946127368e-02 1.018302143130052871e-02 0.000000000000000000e+00 1.133362452312822455e-01 0.000000000000000000e+00 0.000000000000000000e+00 1.360483223832185951e-01 1.359318825419642274e-01
1.316286378232331584e-02 1.673317629521937954e-03 7.888599500695540889e-02 0.000000000000000000e+00 1.629261168644566618e-02 0.000000000000000000e+00 4.206511290247760826e-02 1.235799101955155181e-02 1.114332549691922081e-01 1.278376301037587870e-01 3.860517374293350162e-03 1.376067893905624506e-01 4.977417113196886365e-03 0.000000000000000000e+00 2.057585500968263717e-02 7.521141586766792557e-03 1.267909862168654922e-01 0.000000000000000000e+00 9.886030392142966527e-02 0.000000000000000000e+00 0.000000000000000000e+00 2.637108142077278922e-02 1.977055623167522057e-03 4.060425576153088578e-02 1.271458194815050791e-01
