0.000000000000000000e+00 2.689756413947694443e-03 3.915408420120786853e-02 2.677683243980748078e-03 3.638268376562552031e-02 1.187147599597729829e-02 2.311415738733065689e-02 2.013880932398547374e-01 4.184910333915509845e-02 3.089295488237123882e-02 0.000000000000000000e+00 1.730215697678622877e-01 3.417727140342156585e-04 6.874444394228321382e-03 1.564467709596896738e-01 1.154623625914379375e-03 2.874335123401665359e-02 9.390985823512743372e-03 1.458177025076758115e-02 2.106559248307932758e-02 4.699710200294988233e-03 1.677269531261396662e-02 4.952107820184687391e-03 2.110277214362187362e-02 1.508318408007283673e-01
1.078662625940350756e-01 1.437586298370815063e-03 0.000000000000000000e+00 3.152991818318834089e-03 1.041899500284727137e-02 9.158804381495905256e-02 1.585182836722910382e-01 4.068767276573181067e-03 1.249602016266718879e-01 2.585793717396299776e-02 0.000000000000000000e+00 3.366680150877384564e-02 1.001519749810335109e-03 3.354040139719959533e-03 1.068472299463101016e-02 1.023455211094742232e-02 1.220319950341921048e-02 1.555616671542104090e-01 3.363514664782442376e-03 1.338884288531125288e-02 3.289877241824430351e-03 1.447877175247990443e-02 2.317858410792969417e-03 1.432451677250110023e-01 6.534039488025569775e-02
5.088013821857177536e-03 5.117979957332527419e-02 4.704675053628298159e-02 0.000000000000000000e+00 1.582199636021434583e-02 1.455942672377355616e-03 3.513736618806215933e-02 1.136286661475567894e-01 0.000000000000000000e+00 4.788651958367867029e-02 3.407638574508971806e-03 2.226947796577527505e-01 2.806280998001850838e-03 1.320187538682631714e-03 3.373398065389727335e-02 3.978392612348848750e-02 5.454282592570119242e-03 1.188216996529757735e-01 2.535740663156026142e-02 1.132988958607365065e-01 0.000000000000000000e+00 5.700522904438923288e-02 0.000000000000000000e+00 2.042042303955696192e-02 3.865021474852453620e-02
5.939988050264977809e-02 9.933387332502052747e-02 1.046326192434988284e-02 1.770146586795048698e-04 2.512828250986474249e-02 0.000000000000000000e+00 1.642762148688973467e-01 1.229761439977959669e-01 8.406885809584882518e-02 9.183250295680032982e-02 0.000000000000000000e+00 9.310630768080044306e-03 0.000000000000000000e+00 0.000000000000000000e+00 0.000000000000000000e+00 6.511298807780640553e-03 9.286687999978799485e-03 4.292620399587532970e-02 1.943267417571561961e-02 0.000000000000000000e+00 1.368953504189524863e-02 2.348748722469695682e-02 1.839576849136551409e-02 1.790335672253621502e-01 2.027011342934275165e-02
2.260952596215361904e-02 5.938230836448165142e-03 5.090726265758117181e-02 2.244464073695363448e-03 4.823994686427431240e-03 1.614128656839159824e-04 8.133623888683250147e-02 1.191244173031545811e-01 5.674111912726299833e-03 1.150597961935839464e-01 0.000000000000000000e+00 7.393536789456668645e-02 1.678663072438638635e-04 5.470479508086689355e-04 3.042221904232037324e-02 1.716845935001651453e-03 3.142215146111652924e-02 3.598485941497706064e-02 5.651003445801976166e-02 0.000000000000000000e+00 8.614139912386591102e-02 9.293261460057949952e-02 2.870249556860859919e-02 1.498784214061128495e-01 3.759221458491504402e-03
0.000000000000000000e+00 3.313802556968956114e-04 8.301438418186707358e-02 0.000000000000000000e+00 0.000000000000000000e+00 0.000000000000000000e+00 1.489971603801502065e-01 1.054535643787357299e-02 3.933988341011414314e-02 8.955495160155946613e-03 6.857373758285808217e-03 0.000000000000000000e+00 3.374846346739194679e-04 0.000000000000000000e+00 1.933461304673750603e-01 8.497653410055482082e-02 2.138107928193655818e-03 1.377614576922375489e-01 1.360937739993378984e-02 0.000000000000000000e+00 0.000000000000000000e+00 5.377468042978288121e-02 1.807804751985310140e-02 7.369806070195980552e-02 1.242390855412917189e-01
1.017972332201256269e-01 4.476650993188620309e-02 1.889951895081259719e-03 4.468581400531428799e-02 1.279565394506670395e-01 4.405832751189837221e-02 1.319267346157084464e-01 9.128107578234002928e-02 2.463958115862692130e-02 1.290471913181865347e-02 1.735080602576205414e-04 3.239223990367835759e-02 3.320215722297232067e-03 3.590099645517288735e-03 1.217283844631301308e-03 4.672790158117902035e-03 7.394717979041702614e-04 5.384861933553942992e-02 3.127068849976196580e-02 2.083967975299756258e-03 0.000000000000000000e+00 7.072815350267301626e-02 1.378832611250785725e-02 1.543237345996856524e-01 1.944414138661604546e-03
8.196681334008998343e-02 7.807748634103372012e-03 3.863123806236154478e-02 8.407235477862130824e-03 8.524722801961451268e-02 1.606815439866923420e-03 2.600522541574105256e-02 3.747203458381798136e-02 1.306968308345690666e-02 1.448467339407585319e-01 2.691139029577094190e-03 1.124088902762287040e-01 7.421770354670929187e-04 1.577560197664296755e-04 6.271502664711198216e-02 3.274862399902209349e-03 1.226183647411103750e-01 1.893404085270583570e-02 3.857282793656049980e-02 1.637329233356150590e-02 1.147612846304146015e-03 1.125163412580234973e-01 2.520354481494231635e-02 1.094893182556387796e-02 2.663443598550153599e-02
1.049234421332314107e-02 0.000000000000000000e+00 1.166053548352945363e-01 8.817292718979902535e-03 5.653400863824414868e-02 0.000000000000000000e+00 1.259826143556560564e-02 1.234054075432400865e-01 1.908126499340620941e-03 6.386257415108692603e-02 6.647973634499080393e-04 1.042530048256700564e-01 3.234513596289018979e-04 1.045192800565561235e-02 3.352872324147887799e-04 0.000000000000000000e+00 1.558930437415701475e-01 1.325317064527318234e-01 0.000000000000000000e+00 0.000000000000000000e+00 0.000000000000000000e+00 1.091405730363169402e-01 7.599769972509616382e-03 4.767260864933151737e-02 3.691045932564578080e-02
1.481301095513644882e-02 3.183875183087817116e-03 8.279589940876229751e-03 1.680093576257645459e-03 7.558607564834493586e-02 5.905684972416662404e-03 2.045990667113038175e-01 1.600973173396322835e-01 9.820993805540462543e-03 2.734485275923836771e-03 0.000000000000000000e+00 1.257345843579451561e-01 1.902968361329978458e-02 2.418700665997821752e-03 1.589723807574314751e-01 2.067220852619636867e-02 2.702282614573592832e-03 7.562299900298782331e-03 3.272344231433915729e-02 1.182350242678382839e-02 0.000000000000000000e+00 5.247351691418229713e-02 1.452392082499704903e-02 3.880375310021651897e-02 2.585953057521805931e-02
2.596626736782297381e-03 5.478390151857844698e-02 1.190143243414146235e-01 2.324896185753218963e-02 7.121263283530286647e-02 0.000000000000000000e+00 3.962355843156831897e-02 8.442302952132345328e-02 1.182680855323172287e-03 3.203856958386917808e-02 0.000000000000000000e+00 1.280592739793315615e-01 3.169245036057349169e-04 3.975757406980705982e-02 3.154729912337650433e-02 1.298187154129269152e-03 5.020971225437534380e-02 1.248083172707478185e-03 5.013781916641535386e-04 5.068941006993921139e-02 0.000000000000000000e+00 2.655894012018922626e-02 1.902981762486667949e-01 4.255340846484183259e-02 8.837346965671226406e-03
5.203294386449425213e-03 8.558232801964538866e-03 9.534620630952349296e-02 3.033168966325684116e-04 1.034320555044807577e-01 5.018891451089410767e-04 2.945705444777933085e-02 1.233108162402785923e-01 4.368932179279032442e-03 7.549650642814097722e-03 0.000000000000000000e+00 6.811406497486667197e-03 0.000000000000000000e+00 1.675828772760479951e-02 3.544708281673154826e-02 1.732950952476439155e-02 9.185694057349319194e-03 7.944131008407617767e-02 1.342644490996932061e-01 1.366705168477213260e-02 2.486048129512680779e-03 2.906660931913245677e-02 2.844216246261259753e-02 8.680356775251103774e-02 1.622653722894421280e-01
7.529764173637662483e-02 0.000000000000000000e+00 1.656756205206859215e-03 8.504714893887364542e-04 6.364380042725080455e-02 3.138852916396196475e-03 7.916283509614779890e-02 0.000000000000000000e+00 4.543393082963695004e-04 5.407427080120717072e-02 4.966754135889375581e-03 5.210264219235671151e-02 3.357644101845766102e-03 0.000000000000000000e+00 3.616851831836115361e-02 0.000000000000000000e+00 3.363391901159662467e-02 1.020897170923107528e-01 1.421304844438755488e-01 4.248313407043334891e-03 3.521229739232593393e-03 2.259515793680931250e-01 2.225597522947189363e-02 6.555576484668670934e-02 2.573849013296579391e-02
9.708564041288447743e-02 5.567671862297676570e-03 2.668029856880023767e-02 2.693010075966980124e-02 9.110705763590203066e-02 1.416215864433089874e-02 8.823196395944218548e-03 1.185985746339881519e-01 1.104905997962587778e-03 1.238730727989409280e-01 0.000000000000000000e+00 3.031642318496689803e-02 6.308808652516265797e-03 2.420591570573292755e-03 5.619254566307835957e-02 1.302737254558491466e-03 5.232611455387665977e-02 4.237222285916312017e-03 6.262924745212512800e-02 0.000000000000000000e+00 9.270576259789194140e-02 1.895483696860647852e-03 3.176404073053835410e-03 1.994069371599687876e-02 1.526152875878642734e-01
2.493448786889893194e-03 2.692700587226055237e-02 1.205146812003159013e-01 4.152628866887041539e-03 4.086810598450455606e-03 0.000000000000000000e+00 2.284203936318620135e-02 1.438171909160542439e-01 3.841092063332165844e-03 2.412316387797774214e-03 0.000000000000000000e+00 1.467456567098361364e-01 2.565654774282809854e-03 4.600126665205801074e-02 2.480850414018634723e-02 2.058961344312662187e-02 1.073501873478369638e-02 1.624391396922371042e-02 1.635183577407234344e-03 7.347188549527121880e-03 8.023489774723491230e-02 6.724171460372870002e-02 3.444230550182277029e-02 5.839781406381658324e-02 1.519240534777911156e-01
4.503490425278604964e-02 1.662108408795993225e-02 2.285094699634429918e-02 1.331652137055556150e-02 1.355245421865165778e-02 1.969062282825703725e-02 2.573447466508208548e-01 1.174710671598222927e-01 9.449669359312397321e-02 6.275328760118517764e-03 0.000000000000000000e+00 0.000000000000000000e+00 3.103709136123801969e-03 0.000000000000000000e+00 2.847503855069146925e-02 4.783273285715906008e-03 1.011946714807635287e-03 6.344907868816895488e-03 0.000000000000000000e+00 1.256857999855560439e-02 7.847184869564947929e-03 1.384718366715399600e-02 4.119455147197944450e-02 2.386922797976230859e-01 3.547697472052703527e-02
1.347101448628777731e-02 2.615247390608029226e-03 3.377807763497710919e-02 0.000000000000000000e+00 9.426331821535519073e-02 0.000000000000000000e+00 2.756480527642641842e-01 1.204810463675586585e-01 4.103707976469569280e-02 2.063355114317182507e-02 0.000000000000000000e+00 1.673091343645578984e-04 0.000000000000000000e+00 0.000000000000000000e+00 4.211871602905416234e-02 1.207093025332189179e-02 7.262700778221408728e-03 2.586513604406229933e-02 1.389737080818567172e-01 3.873449993033410439e-03 0.000000000000000000e+00 1.383175687859415116e-02 1.102846128927749934e-02 1.208722115106495784e-02 1.307932226002304077e-01
1.061641812160270346e-03 3.712357115397681324e-03 2.809946112859076917e-02 0.000000000000000000e+00 2.998702889108233443e-03 0.000000000000000000e+00 4.405485429618337390e-02 1.261533473803544692e-01 1.930632232026080822e-02 1.019802679754721053e-01 1.044366102648838562e-03 4.957141042726323499e-02 1.465789978544477026e-02 2.095293185450602599e-03 7.899221677804131592e-02 3.446421959848144229e-02 8.906921080406523389e-03 3.045947091644671256e-02 1.479178542912453209e-01 6.682032244607233849e-03 5.177553222189594517e-02 9.929130692599659469e-02 5.652643697519444538e-02 1.965824197221703595e-02 7.058984257713214749e-02
8.446976890214475189e-03 3.351946116348359078e-04 4.922455362721340349e-02 2.067898885995674268e-03 1.830821199214809764e-02 0.000000000000000000e+00 1.622603802522289973e-01 2.320735952894553422e-01 2.367303338326984946e-02 6.656076281514659854e-02 3.485739525595175307e-03 0.000000000000000000e+00 2.108257266303385433e-02 0.000000000000000000e+00 1.660670879427386115e-01 0.000000000000000000e+00 1.825030555165781804e-02 1.525423016445446277e-02 2.144279470670661797e-02 0.000000000000000000e+00 1.211006554461925740e-02 9.232794750437719675e-03 3.990776248469803458e-03 1.212907460396283818e-02 1.540039505510166773e-01
1.997529497753211189e-02 3.269769965703042333e-04 1.152721351403486333e-01 1.331412604247907919e-03 0.000000000000000000e+00 5.293175638558507944e-03 1.461659941280466779e-01 2.366337514392492514e-01 2.548653398847302784e-02 2.020455402886981583e-02 2.466486009134358139e-03 6.295202499370841642e-02 8.035771063622434290e-03 1.095788701235184646e-02 1.103224592817322602e-01 9.689444824044475633e-04 1.143221090649871458e-02 3.665359488141232275e-03 1.716523099141193526e-02 1.000231267229584851e-02 5.572276402352648733e-03 6.517912183915912719e-03 0.000000000000000000e+00 1.547098281005102743e-02 1.637803127604828268e-01
1.161606567231202453e-01 8.383636691601831226e-03 5.025266433500369737e-03 1.663874378889192076e-04 9.699047756860005795e-03 7.235573599172816315e-04 2.493276854824574146e-02 1.182568894904715562e-01 1.469793443248359685e-02 1.098289980328202436e-01 1.842355290082359773e-03 2.177300322243486824e-02 5.019823063370278940e-04 3.032741898122025270e-02 4.147877653581370783e-02 3.735861091651321991e-02 1.404750929143302463e-01 4.421331724190756540e-02 1.175130779447183804e-02 3.056456760008015652e-04 6.057819868939620656e-03 1.201955486793739453e-01 2.500442921607850220e-03 5.684232757824750348e-02 7.650120716580950664e-02
1.151061538487510583e-01 2.355247004951134537e-03 3.417152896822565119e-04 5.298247344061869993e-03 1.459953367915377623e-02 3.729370865822685677e-02 1.321390124156920226e-02 0.000000000000000000e+00 0.000000000000000000e+00 1.784520472651322243e-01 1.593836891622471899e-02 2.021593589897668214e-02 0.000000000000000000e+00 0.000000000000000000e+00 1.017046063003322065e-01 1.379901740490527273e-02 8.116388504166766049e-02 1.191006788447416045e-02 0.000000000000000000e+00 7.675125245562373043e-03 1.068901367506437106e-01 5.058943462485778831e-04 2.347645463015705838e-03 1.019819340496469495e-01 1.692068283667735873e-01
4.230744722438773558e-03 1.375510805718706091e-02 2.398393570683444651e-02 1.778800805598460206e-03 3.241485256769920109e-02 1.163159018101515927e-03 1.603918008609112877e-01 1.494032028035874038e-01 1.819950034080353510e-02 6.683802542527857680e-03 0.000000000000000000e+00 8.367865387306074954e-04 2.398193457672028600e-02 1.029040363690946099e-02 9.182921188578510585e-02 9.184499063402488950e-02 0.000000000000000000e+00 2.303435388352582935e-02 2.115766240832541584e-02 1.510737460256502025e-02 1.866145907826527103e-03 0.000000000000000000e+00 4.842856914378660012e-03 1.442582642871238774e-01 1.589451072983947832e-01
9.007816180356077382e-03 6.686310489081788086e-03 1.595825133308598903e-02 0.000000000000000000e+00 2.987018180553070723e-02 7.015060233191078472e-03 1.585876539964050924e-01 4.757273347689491838e-02 2.141012278135625072e-02 6.567712225320172792e-02 0.000000000000000000e+00 1.471914083118913870e-02 1.019777863661246869e-01 5.903707129683250475e-03 1.061837436517668321e-01 0.000000000000000000e+00 3.341329397771018034e-03 9.044540384280758127e-02 1.374616301102579152e-01 1.979870032810944827e-02 0.000000000000000000e+00 9.511828405051823976e-02 2.527832081867253684e-03 4.161552069448714447e-02 1.912166896631382201e-02
1.166544241845201002e-01 2.278163175645987748e-02 1.838431506550288960e-02 8.922125810225497305e-03 2.296516734724553949e-02 7.035027181340667429e-03 3.594873587207556009e-02 1.089483043287879094e-01 6.656026159370620433e-04 1.047626107692943391e-02 5.529642638499109681e-04 9.986632689632335413e-02 1.599355254312803893e-03 1.824199474897413150e-03 1.427104323674101283e-01 7.020410934866922956e-03 1.179543337217380805e-01 4.619195612383333698e-03 6.532526707087845178e-03 1.232157227928133182e-03 0.000000000000000000e+00 1.553942817825232879e-02 7.774872216515400780e-02 1.593093639021952654e-02 1.540874155665517831e-01
2.085140810970281117e-02 1.425814098332698655e-02 6.534409191981317699e-03 4.474391431876838417e-03 4.647553614340810962e-02 9.372049152396779576e-04 1.446030487667998299e-01 2.241436552970108020e-02 1.957611482026372102e-03 2.266342493813516303e-03 2.211570340075623853e-03 9.144431726124845061e-02 1.106238627333715543e-02 1.489489774106356190e-02 4.461450571260591746e-02 8.878564907498921743e-02 2.026948009787322633e-03 9.758307790720441299e-03 1.138543099704217576e-01 2.436902462892739235e-02 0.000000000000000000e+00 8.283607709574676570e-02 1.557522883847229922e-01 7.987380586574466257e-02 1.374345280273231613e-02
8.693913987510544852e-03 2.920455793445475567e-02 1.151061637247460107e-01 0.000000000000000000e+00 3.505827221785982883e-02 0.000000000000000000e+00 4.192796056524911857e-02 1.240764803921742543e-01 3.366335219339547423e-04 1.255932808827620734e-02 6.354312755856049606e-03 2.039877865764115894e-01 0.000000000000000000e+00 4.531280455805979795e-02 7.159536508816848055e-02 1.322345995110297493e-03 0.000000000000000000e+00 1.788141756469264002e-02 0.000000000000000000e+00 3.674580706089826572e-03 0.000000000000000000e+00 6.292080354391302310e-02 1.067962631957522762e-03 1.411709797111747877e-01 7.774833043636131258e-02
6.963496516570431838e-04 8.353664951704607711e-03 1.799711576756752307e-01 2.441789909909596393e-02 4.650148366080019552e-02 2.226071948944555786e-03 1.435607931830548967e-01 1.784102871363598547e-02 2.602559615143096999e-02 3.741365158991184769e-03 3.068102074440085675e-03 1.774463091417614879e-02 1.129983037697514792e-01 8.018755321714325342e-04 1.484622374295005258e-02 0.000000000000000000e+00 3.502929885701914353e-02 7.693956876772568843e-02 3.811842092169254181e-03 2.799300668864446694e-03 4.816099582545623728e-04 8.181857505530661101e-02 2.390157390926552980e-02 1.680781530184653205e-01 4.345531444449741466e-03
7.515908865951202722e-02 2.196887188268679264e-02 2.756983943684869487e-02 4.389523298646795524e-02 1.157293170059053022e-01 0.000000000000000000e+00 2.732477392435079394e-02 6.965006493780344365e-02 5.654232092489910183e-02 5.276156752276777492e-04 0.000000000000000000e+00 1.875673105900834553e-02 0.000000000000000000e+00 7.929898822557790872e-04 1.689522144804293108e-02 5.388619923710406823e-02 3.142829184474347365e-02 7.206196583889615259e-02 2.051539071249595253e-02 0.000000000000000000e+00 0.000000000000000000e+00 5.951239496452935540e-02 1.312240360906449244e-01 1.448179988436812393e-01 1.174165464489594982e-02
2.378984142392184462e-02 2.966683248407470715e-03 8.843745308543994599e-02 2.561332172014870595e-02 1.166501801903339214e-01 1.157185543691270288e-02 1.136830701830621043e-01 5.228314984189316728e-02 2.095562196259490376e-02 2.836939224614771354e-03 0.000000000000000000e+00 5.190612509146223276e-04 0.000000000000000000e+00 6.327166228851384411e-03 3.773280647106757452e-02 0.000000000000000000e+00 1.695181473924369658e-02 1.329075559335504697e-01 5.245934544650764433e-03 3.607111440347211904e-03 2.746253846291298473e-03 2.846381324904598709e-03 7.987338549119926689e-03 2.046370462050931260e-01 1.197034131486357927e-01
3.040130007271368839e-02 5.686605502699036002e-03 6.764597363449016687e-02 1.504878541345080816e-03 4.149126101792003501e-02 1.579640144675393751e-02 1.188631879154492116e-01 2.651006281308409748e-03 2.830011933453675365e-03 3.532595178197311253e-02 0.000000000000000000e+00 2.508546627399028082e-03 0.000000000000000000e+00 8.618919700409559403e-03 9.685927740536030839e-02 4.753671459054634695e-03 4.298832041807151144e-02 1.200783957297258675e-01 1.410184050048290394e-01 1.050325237851131369e-02 9.012233243035314145e-02 1.872807409011370550e-02 5.957913724059163765e-03 2.216741141422955749e-03 1.334495717625834299e-01
6.259396081145394974e-02 1.635575929691669358e-02 1.905264704534490733e-02 1.599764709670844489e-03 1.611361696583719222e-02 4.681546761221608288e-02 1.382690582788763389e-01 2.240063684932465729e-02 6.722179002700287564e-02 7.000440764258584504e-03 4.951657219970474278e-04 2.285495575765442156e-02 0.000000000000000000e+00 1.476354849330694568e-03 2.974762671654780644e-02 8.272608051619836922e-02 1.452171546880907027e-03 0.000000000000000000e+00 6.161304154668644645e-02 5.592767616616550579e-03 0.000000000000000000e+00 1.102745162560773429e-01 1.607352039893882312e-01 1.156562754938812894e-02 1.140433455723317974e-01
0.000000000000000000e+00 4.855271545163112983e-03 4.578806694695377461e-02 0.000000000000000000e+00 3.216419016691546978e-02 3.366669701391369440e-04 1.361958907205796376e-01 1.149223348170300418e-01 1.071271695312746471e-02 9.749377299799478688e-03 0.000000000000000000e+00 7.859804656434513093e-02 6.711206857866246298e-04 0.000000000000000000e+00 2.052987239660470503e-02 4.319147609225169882e-02 1.658731069748675124e-01 7.849757444026210507e-03 1.035169544353953773e-02 0.000000000000000000e+00 0.000000000000000000e+00 1.706445023760429572e-02 0.000000000000000000e+00 1.487927387639802479e-01 1.523532199772859308e-01
0.000000000000000000e+00 4.548064039857096022e-03 1.317660571586746210e-01 5.150791399722652163e-04 8.303916128286240039e-02 5.778896002798208009e-04 1.743999938244226999e-01 1.276885593594008668e-02 7.404255151713821925e-02 1.089911195475442435e-01 2.170266554179247145e-02 4.742614516577832451e-02 1.799278724675031430e-03 2.578362443721435304e-03 1.168490392991535648e-01 0.000000000000000000e+00 4.888163912141343199e-04 3.036811821393109456e-02 0.000000000000000000e+00 1.866041303125334436e-02 1.517098709890565746e-03 2.399381731510004823e-03 7.556664394496012509e-03 1.509985869820152371e-01 7.006657323877345418e-03
1.065719644786376763e-01 5.179322184188990541e-03 3.472208888750054085e-03 2.260004147010373846e-02 1.212680782882146792e-02 0.000000000000000000e+00 1.380321964604163676e-01 9.808132376115218098e-02 4.455713471155004260e-04 7.470141122845498985e-03 0.000000000000000000e+00 2.887586463432637029e-02 1.554620583865273884e-03 1.330297634056156137e-03 1.893277328070758214e-02 3.035586547428526308e-02 1.502586672817742865e-02 1.429809212966562382e-01 1.663561266131760976e-04 1.249559571817985756e-02 7.583604287597659963e-03 6.739150739526537405e-03 1.828101160666508254e-02 1.517655165656026095e-01 1.699329777817092935e-01
3.613021281151484153e-03 1.349225481311783952e-03 7.806863773407940466e-02 4.228921663583033730e-02 6.206064692386825676e-02 2.491492851832066008e-02 1.236525282923171994e-02 9.133230284692955836e-02 2.856348777963289148e-02 7.490051729394167634e-02 1.318011786792870794e-02 6.515215077205399608e-02 7.007898933099197120e-03 1.241899130336506125e-02 1.199890789078654763e-01 1.250435926694881163e-02 1.157409174945473775e-03 3.559507387041487003e-02 2.941632465410747715e-02 1.292729665276400866e-03 1.674486879365343441e-04 3.782026777022013536e-03 1.500816161510361117e-02 1.058869589971163372e-02 2.532822952799228533e-01
7.674968625936475289e-03 0.000000000000000000e+00 1.443365829023205149e-01 2.071648453788918921e-03 6.716371467909906801e-02 0.000000000000000000e+00 1.443234772114723452e-01 6.818545861158893662e-02 2.239908071260454658e-03 5.770800364645079297e-03 1.937028917173550316e-02 1.350039251098793421e-02 2.744538338177202313e-03 0.000000000000000000e+00 1.006984911541163596e-01 0.000000000000000000e+00 2.250505620901830858e-02 9.153569503149515396e-03 0.000000000000000000e+00 5.468539959386457122e-02 1.273351504803177103e-01 1.097457621332628176e-03 1.820145105313534725e-02 1.559373569226001066e-01 3.300428852145301239e-02
1.028803350913332082e-01 2.103630028043829408e-03 2.648957357792978626e-02 1.399772892427113627e-02 2.869305884638995857e-02 1.509763086323568336e-02 1.155602105348168679e-01 0.000000000000000000e+00 7.151105354622488107e-03 3.204941821057794710e-02 3.281609399292095266e-04 2.477246203720418274e-02 0.000000000000000000e+00 0.000000000000000000e+00 1.261623106239203873e-01 1.122418305919402164e-02 2.028102333040067082e-02 2.237900422499796219e-02 1.415946236086169652e-01 3.603657100825369448e-03 7.984394560123032891e-02 1.755579693000116140e-02 4.208212828494317659e-02 1.273388850792071640e-02 1.534161243195948654e-01
7.746783081571359530e-02 8.462018695026980383e-03 1.308639951248131983e-02 5.528341624374865163e-03 8.221724882994893915e-03 4.587355861127078577e-02 1.189916863395644869e-01 5.717402262757984716e-02 2.488867555516366056e-03 4.005892279930361490e-03 2.383426170850837071e-03 3.791879141379198015e-02 4.704861274452676149e-03 5.955576108682050090e-03 1.128455107664422669e-01 6.735951506377983386e-03 1.393823291693642441e-01 1.538562536539389569e-02 1.401023579253247719e-01 2.331124502363592088e-03 1.390454552576383777e-02 9.352085220003570482e-03 0.000000000000000000e+00 2.112049826617973247e-02 1.465769738405550693e-01
4.381312803662353039e-02 1.734806772372618098e-03 5.898001850494275639e-02 3.006842769368723699e-03 3.120844137920016775e-02 7.600175922362849279e-02 6.202216958169178007e-02 1.188391545294596383e-03 2.114351554804255739e-02 1.144914638423046027e-01 0.000000000000000000e+00 5.914394596660526443e-03 1.675248518104284034e-04 3.605951390407024452e-03 3.421622934959072521e-02 6.607509264468139354e-03 1.620303622304066216e-01 3.425516966948013997e-02 1.365917477403586766e-01 4.502960851117955056e-03 0.000000000000000000e+00 1.009979523508590035e-02 7.392403815591702676e-02 4.764532167914059535e-04 1.140173262444355989e-01
