0.000000000000000000e+00 4.568646012021997105e-02 0.000000000000000000e+00 8.831379379201531599e-03 1.436280295503386262e-01 0.000000000000000000e+00 4.293145433414566337e-02 1.338019050763609719e-01 0.000000000000000000e+00 0.000000000000000000e+00 3.538985296179816050e-03 0.000000000000000000e+00 9.947821419678305049e-03 1.648315810913019916e-02 1.413809545378579557e-01 8.589038063203376094e-02 4.751398624519453245e-02 2.451002920461225337e-03 0.000000000000000000e+00 8.946447112763457332e-02 1.193846409786596466e-02 0.000000000000000000e+00 1.956854594523716774e-03 1.143621388512282462e-02 2.031184786740502513e-01
6.560832856074302975e-04 1.745772218429888500e-01 1.089468834190904581e-02 2.733405867943872886e-02 1.152883372808267970e-02 0.000000000000000000e+00 1.045654879572339435e-01 1.371282911540212812e-01 6.244586936767631408e-02 0.000000000000000000e+00 0.000000000000000000e+00 1.233686513139251387e-02 1.355673235524475044e-02 0.000000000000000000e+00 0.000000000000000000e+00 0.000000000000000000e+00 1.048022746598469279e-01 0.000000000000000000e+00 0.000000000000000000e+00 4.238204942953470271e-03 0.000000000000000000e+00 0.000000000000000000e+00 1.523807426186289671e-01 1.835546459349749748e-01 0.000000000000000000e+00
0.000000000000000000e+00 9.777966449682044120e-03 0.000000000000000000e+00 1.230467214518931734e-01 9.027890457600028229e-02 0.000000000000000000e+00 0.000000000000000000e+00 9.813922405821463857e-02 0.000000000000000000e+00 8.461443583226570253e-02 5.949111105925102699e-02 0.000000000000000000e+00 6.768988585675279890e-02 0.000000000000000000e+00 2.442428693530780681e-01 0.000000000000000000e+00 0.000000000000000000e+00 0.000000000000000000e+00 0.000000000000000000e+00 0.000000000000000000e+00 0.000000000000000000e+00 1.366555293341265367e-02 1.674814447655206540e-01 3.714408465337538934e-02 4.427799010553577601e-03
0.000000000000000000e+00 6.264305343072515235e-03 0.000000000000000000e+00 1.281871651808757229e-01 1.201700178334908775e-01 0.000000000000000000e+00 0.000000000000000000e+00 0.000000000000000000e+00 0.000000000000000000e+00 5.792958059397597392e-02 0.000000000000000000e+00 0.000000000000000000e+00 0.000000000000000000e+00 0.000000000000000000e+00 1.812715934705071696e-01 0.000000000000000000e+00 0.000000000000000000e+00 0.000000000000000000e+00 6.328482172193156119e-02 0.000000000000000000e+00 0.000000000000000000e+00 0.000000000000000000e+00 1.605868213923852261e-01 2.823056944637610255e-01 0.000000000000000000e+00
0.000000000000000000e+00 1.655947162386773794e-02 1.276375486599837759e-02 9.161440115457936129e-02 0.000000000000000000e+00 0.000000000000000000e+00 1.313074645445324595e-01 2.164877841111917389e-02 0.000000000000000000e+00 1.350814449044099863e-01 0.000000000000000000e+00 0.000000000000000000e+00 9.658814631640864901e-02 0.000000000000000000e+00 2.255875657799108480e-01 4.905572532648113521e-02 0.000000000000000000e+00 0.000000000000000000e+00 6.445546004358603670e-03 3.567677281986547655e-02 0.000000000000000000e+00 0.000000000000000000e+00 0.000000000000000000e+00 1.776709282484682517e-01 0.000000000000000000e+00
6.039136217045178168e-02 1.830218381828553065e-01 3.239269226845364023e-03 1.856797680841807893e-02 3.260713735633390814e-02 0.000000000000000000e+00 1.418551019334076402e-01 1.527909682809356837e-02 0.000000000000000000e+00 1.401214968708221209e-01 0.000000000000000000e+00 0.000000000000000000e+00 0.000000000000000000e+00 0.000000000000000000e+00 1.873022095788920982e-01 0.000000000000000000e+00 0.000000000000000000e+00 0.000000000000000000e+00 1.970483308133628639e-02 5.753408869113752974e-03 3.214250686782401441e-03 3.697811904384285669e-02 3.143087327000714404e-03 3.744912572183433427e-03 1.450758994636207055e-01
8.243753621367677642e-02 0.000000000000000000e+00 5.169238069695657189e-02 0.000000000000000000e+00 1.671689109253923500e-01 0.000000000000000000e+00 8.892152926780508282e-02 0.000000000000000000e+00 0.000000000000000000e+00 1.957043653528151711e-02 1.554191617563819433e-03 0.000000000000000000e+00 1.198009678857505506e-01 1.972706496299625467e-02 1.781761344723249985e-01 0.000000000000000000e+00 6.020746878375207028e-02 3.915044418466804947e-03 8.269982561194429149e-02 0.000000000000000000e+00 0.000000000000000000e+00 0.000000000000000000e+00 9.114183151767621394e-02 0.000000000000000000e+00 3.298667709041263468e-02
0.000000000000000000e+00 1.307873333970503427e-01 0.000000000000000000e+00 9.924354963404176388e-02 3.514450057041037384e-02 0.000000000000000000e+00 0.000000000000000000e+00 0.000000000000000000e+00 4.120489067523620884e-04 1.623933835570156303e-01 0.000000000000000000e+00 7.696340295620927863e-02 7.668072898137268112e-02 0.000000000000000000e+00 6.732932303328986734e-02 1.042963390787571554e-01 1.778643057912834835e-02 1.176300061640440280e-03 3.278113517861927506e-02 0.000000000000000000e+00 0.000000000000000000e+00 4.773941985092482881e-02 6.136283818443990373e-02 7.147160142187139464e-02 1.443166460847642579e-02
0.000000000000000000e+00 0.000000000000000000e+00 3.295183492724827745e-02 0.000000000000000000e+00 8.497454206502921825e-02 0.000000000000000000e+00 1.424243133728325950e-01 3.126755990911794791e-02 1.002941924888247315e-02 0.000000000000000000e+00 0.000000000000000000e+00 3.919710067534794978e-02 1.855694075365190224e-02 0.000000000000000000e+00 1.559775243271382950e-01 8.107117258652251149e-03 8.075013460464257331e-02 8.088378924425844441e-02 6.516779882015127923e-02 5.934986461586074652e-02 0.000000000000000000e+00 0.000000000000000000e+00 6.072739673227128300e-03 1.793528048756450333e-01 4.936515628313824407e-03
0.000000000000000000e+00 8.971145135636254819e-02 1.678440998686800802e-03 0.000000000000000000e+00 0.000000000000000000e+00 0.000000000000000000e+00 1.148648735823254996e-01 2.101564087071590980e-01 0.000000000000000000e+00 1.375522705111270061e-01 0.000000000000000000e+00 2.017203776923291725e-02 1.576206884741536418e-02 3.220800043359026144e-02 8.964794611456641804e-02 0.000000000000000000e+00 0.000000000000000000e+00 0.000000000000000000e+00 1.597532665536822716e-01 0.000000000000000000e+00 0.000000000000000000e+00 0.000000000000000000e+00 0.000000000000000000e+00 0.000000000000000000e+00 1.284932351258517846e-01
0.000000000000000000e+00 8.266937124465150236e-03 1.129972336104559522e-01 8.865248619714950762e-02 5.276976937325332517e-02 0.000000000000000000e+00 0.000000000000000000e+00 1.779511020717458036e-01 0.000000000000000000e+00 0.000000000000000000e+00 4.466505835791475393e-02 1.233291527910193169e-01 4.071988724448652452e-03 0.000000000000000000e+00 1.423741805980113795e-01 0.000000000000000000e+00 0.000000000000000000e+00 0.000000000000000000e+00 0.000000000000000000e+00 1.197684121765199908e-02 0.000000000000000000e+00 1.716032660457951714e-03 1.127174940249811297e-01 1.730136076549799659e-02 1.012103624829471249e-01
0.000000000000000000e+00 0.000000000000000000e+00 0.000000000000000000e+00 1.295336838596232998e-01 1.745041556328595089e-01 0.000000000000000000e+00 1.348829732708719913e-02 4.873719042292692233e-02 8.292090082941924734e-02 0.000000000000000000e+00 0.000000000000000000e+00 1.158533334149680211e-01 0.000000000000000000e+00 0.000000000000000000e+00 5.712143342712660415e-02 0.000000000000000000e+00 0.000000000000000000e+00 7.621806725246058805e-04 2.565083172365544353e-02 3.369578606651989217e-02 2.979214236029651981e-03 0.000000000000000000e+00 1.314507312229007963e-01 1.833022611643588540e-01 0.000000000000000000e+00
0.000000000000000000e+00 5.491289165124315502e-02 0.000000000000000000e+00 4.080418855725876162e-03 1.684638736090826316e-01 4.834907199864135925e-03 6.808413235167230793e-02 7.999366988590703165e-03 0.000000000000000000e+00 1.657879471609452204e-01 0.000000000000000000e+00 0.000000000000000000e+00 0.000000000000000000e+00 0.000000000000000000e+00 0.000000000000000000e+00 2.494717333594586445e-02 0.000000000000000000e+00 0.000000000000000000e+00 2.160359752043238823e-01 0.000000000000000000e+00 0.000000000000000000e+00 1.087128550532964338e-01 0.000000000000000000e+00 3.024808870570170477e-02 1.458923698836080973e-01
0.000000000000000000e+00 2.945614400304839009e-01 0.000000000000000000e+00 1.119899161745692984e-01 0.000000000000000000e+00 9.373689269231010035e-02 1.270541146546074612e-02 0.000000000000000000e+00 0.000000000000000000e+00 9.600817609805584185e-02 0.000000000000000000e+00 1.260400007339440853e-01 6.346687009734459711e-04 0.000000000000000000e+00 4.662290520647112586e-03 6.977738403637461818e-03 0.000000000000000000e+00 1.444957252924708490e-04 2.000884671647062685e-01 0.000000000000000000e+00 0.000000000000000000e+00 0.000000000000000000e+00 4.329813185829566036e-02 0.000000000000000000e+00 9.152370431623911909e-03
0.000000000000000000e+00 1.313280276997171314e-01 0.000000000000000000e+00 8.883365119268608889e-02 1.663986029065156746e-01 0.000000000000000000e+00 9.527882477957728621e-03 1.021481972233274742e-02 9.495194861527719160e-03 0.000000000000000000e+00 0.000000000000000000e+00 1.617384235417899663e-01 0.000000000000000000e+00 0.000000000000000000e+00 0.000000000000000000e+00 0.000000000000000000e+00 3.382224389753781674e-02 1.498695987916705274e-02 0.000000000000000000e+00 0.000000000000000000e+00 4.570601159046398798e-02 4.802945561015343340e-02 2.130005147624247919e-01 1.925651745230578041e-02 4.766169440541986879e-02
0.000000000000000000e+00 0.000000000000000000e+00 0.000000000000000000e+00 0.000000000000000000e+00 1.768820429426424534e-01 3.909853356262261471e-03 1.886554948251494002e-01 0.000000000000000000e+00 0.000000000000000000e+00 5.831950622479249724e-02 0.000000000000000000e+00 1.332515070387062239e-01 0.000000000000000000e+00 0.000000000000000000e+00 0.000000000000000000e+00 0.000000000000000000e+00 9.727855111844162933e-03 5.284864372479604680e-03 1.906748821874346689e-01 5.841895601862889115e-03 0.000000000000000000e+00 6.377141435200223141e-02 1.401052459003970796e-01 0.000000000000000000e+00 2.357543808642652283e-02
0.000000000000000000e+00 7.634201494826732548e-02 4.425164095883001719e-03 3.631392509402709551e-02 2.037786229606567689e-01 0.000000000000000000e+00 2.758646850668884740e-03 0.000000000000000000e+00 0.000000000000000000e+00 1.958407364989274702e-01 5.067301661866956825e-03 0.000000000000000000e+00 0.000000000000000000e+00 0.000000000000000000e+00 1.235003130207678601e-01 0.000000000000000000e+00 1.031868417183236242e-01 0.000000000000000000e+00 1.223779963577249818e-03 0.000000000000000000e+00 0.000000000000000000e+00 7.342420697183749123e-02 1.435403582957201218e-01 3.059808791947622730e-02 0.000000000000000000e+00
7.608978172904945492e-02 0.000000000000000000e+00 0.000000000000000000e+00 1.117754598211401044e-02 1.020153616749698566e-02 0.000000000000000000e+00 2.277574094681151240e-01 1.359751814414770776e-01 0.000000000000000000e+00 6.609003266594080939e-02 0.000000000000000000e+00 1.200907749671919628e-01 1.940987863628362842e-02 0.000000000000000000e+00 9.438185216137007227e-02 0.000000000000000000e+00 3.389699773431499585e-02 0.000000000000000000e+00 2.049290090466458769e-01 0.000000000000000000e+00 0.000000000000000000e+00 0.000000000000000000e+00 0.000000000000000000e+00 0.000000000000000000e+00 0.000000000000000000e+00
0.000000000000000000e+00 1.563149512690448772e-01 0.000000000000000000e+00 0.000000000000000000e+00 0.000000000000000000e+00 7.780037373175995377e-03 1.062394318130564230e-01 2.780089972846276625e-02 0.000000000000000000e+00 9.028515520647043685e-03 0.000000000000000000e+00 1.056929005296843721e-01 2.241647270991599730e-02 0.000000000000000000e+00 2.843979708652394356e-01 0.000000000000000000e+00 2.943771885102505759e-02 0.000000000000000000e+00 1.273680117618418949e-02 1.382070587119483412e-02 0.000000000000000000e+00 0.000000000000000000e+00 6.769996441100689655e-02 4.776362977265699063e-03 1.518572669040964829e-01
3.588985422742485554e-02 0.000000000000000000e+00 0.000000000000000000e+00 1.369673343048571634e-01 4.574182838319813815e-02 0.000000000000000000e+00 6.075444604917171415e-04 2.471400263560518881e-02 7.522707645224462406e-03 6.277523374924966204e-02 0.000000000000000000e+00 0.000000000000000000e+00 1.187238438277394559e-01 0.000000000000000000e+00 2.702308374085813925e-01 8.666779247325284707e-02 0.000000000000000000e+00 0.000000000000000000e+00 0.000000000000000000e+00 8.609421536243326567e-03 8.076190399654710819e-03 2.834395539111240342e-02 7.196808936350349538e-03 3.091264784467744053e-03 1.548413798365465832e-01
8.786979448769466350e-03 9.685853394943490235e-02 1.199030309938432445e-02 4.942979918056477490e-02 1.737358733893707152e-01 1.537554497313570537e-02 5.554108658920976034e-04 1.934172494612151905e-02 0.000000000000000000e+00 1.621016847789671922e-01 1.048787381129209252e-02 2.324295724598730156e-02 5.690606040490773891e-04 0.000000000000000000e+00 1.632312046338910694e-01 0.000000000000000000e+00 8.625010668700876237e-02 0.000000000000000000e+00 0.000000000000000000e+00 1.556895188555781559e-02 0.000000000000000000e+00 0.000000000000000000e+00 1.571368196197445444e-01 0.000000000000000000e+00 5.337170880828635312e-03
0.000000000000000000e+00 5.054274628452176676e-02 6.590928420610778866e-04 2.076567473601303310e-02 0.000000000000000000e+00 0.000000000000000000e+00 5.660667849226348053e-02 0.000000000000000000e+00 0.000000000000000000e+00 1.779050004325494760e-01 0.000000000000000000e+00 1.441691566472773633e-01 2.534838877121390124e-02 0.000000000000000000e+00 2.453415567943582898e-01 0.000000000000000000e+00 0.000000000000000000e+00 9.975896635296754855e-02 0.000000000000000000e+00 0.000000000000000000e+00 0.000000000000000000e+00 0.000000000000000000e+00 1.370217717644231781e-01 2.686053589510148734e-02 1.502043098724937208e-02
1.832995567759235223e-01 5.307192225465903745e-02 6.395248526490010521e-03 1.153110760361246781e-02 1.499890206664138415e-01 0.000000000000000000e+00 3.907554065822971961e-02 5.219627749459292490e-03 0.000000000000000000e+00 0.000000000000000000e+00 0.000000000000000000e+00 1.146063338005841661e-02 2.351279081359992917e-02 0.000000000000000000e+00 1.636504133956643847e-01 0.000000000000000000e+00 0.000000000000000000e+00 1.232546110799587202e-02 1.620722473410452225e-01 9.837530987713634552e-04 0.000000000000000000e+00 0.000000000000000000e+00 1.457754000583788012e-01 3.163727656969803764e-02 0.000000000000000000e+00
0.000000000000000000e+00 4.180671400021513696e-03 0.000000000000000000e+00 4.786019315528333012e-02 1.685221427711266484e-01 0.000000000000000000e+00 0.000000000000000000e+00 7.518412173383093311e-02 0.000000000000000000e+00 6.822695811422732105e-03 4.970063297756257409e-03 0.000000000000000000e+00 0.000000000000000000e+00 0.000000000000000000e+00 9.012596662823230131e-02 1.901855491653784216e-02 0.000000000000000000e+00 0.000000000000000000e+00 1.863343386978439098e-01 0.000000000000000000e+00 3.867415374866054346e-03 1.686950954978168327e-01 7.973504540086172321e-02 1.055255210706579176e-02 1.341311432073340748e-01
0.000000000000000000e+00 5.159130225753790280e-03 2.568522308196213508e-03 1.472793801681484584e-02 1.859966307802882468e-01 0.000000000000000000e+00 0.000000000000000000e+00 0.000000000000000000e+00 0.000000000000000000e+00 1.427253408300689363e-01 0.000000000000000000e+00 1.573205594173347419e-02 9.062583273750580981e-02 0.000000000000000000e+00 4.289142043058725290e-02 1.038771371900857332e-01 1.399277907791784438e-02 0.000000000000000000e+00 2.022348757461894520e-01 0.000000000000000000e+00 0.000000000000000000e+00 0.000000000000000000e+00 1.794683367148583453e-01 0.000000000000000000e+00 0.000000000000000000e+00
1.000276811541269684e-01 2.395976423953773971e-01 0.000000000000000000e+00 0.000000000000000000e+00 5.441644141700645310e-02 0.000000000000000000e+00 1.459619674936213918e-01 6.054058630396481726e-03 0.000000000000000000e+00 2.067043176091015212e-03 0.000000000000000000e+00 1.557382072427692388e-01 0.000000000000000000e+00 0.000000000000000000e+00 1.776036550763021235e-02 0.000000000000000000e+00 0.000000000000000000e+00 4.018620653664657649e-03 1.426725473963832980e-01 0.000000000000000000e+00 0.000000000000000000e+00 0.000000000000000000e+00 2.051171348642008216e-02 7.343391869890071588e-02 3.773979274761214697e-02
9.755720610505004553e-02 1.347656627394156481e-01 8.051796413734031710e-02 0.000000000000000000e+00 2.218223669053668093e-02 0.000000000000000000e+00 1.662095744635664063e-01 0.000000000000000000e+00 0.000000000000000000e+00 9.347575752349601697e-02 0.000000000000000000e+00 1.463811393109107906e-01 0.000000000000000000e+00 0.000000000000000000e+00 4.941539883170625175e-03 0.000000000000000000e+00 0.000000000000000000e+00 9.462254075242407594e-03 9.823747157795208185e-03 5.203999502286345280e-03 0.000000000000000000e+00 0.000000000000000000e+00 0.000000000000000000e+00 1.888865838312841494e-01 4.059233457990536753e-02
0.000000000000000000e+00 3.598056938013479561e-02 1.207001429562276906e-01 1.998231470441742472e-02 1.275688088057350955e-01 0.000000000000000000e+00 4.970629837845806642e-02 0.000000000000000000e+00 0.000000000000000000e+00 2.213210050429786635e-01 1.481546911627652438e-02 1.433332167535885000e-02 2.752547957606110013e-03 0.000000000000000000e+00 1.801048112571814463e-01 0.000000000000000000e+00 0.000000000000000000e+00 0.000000000000000000e+00 1.604712964016208332e-02 9.204831496057124321e-03 0.000000000000000000e+00 0.000000000000000000e+00 1.803472216998577293e-01 7.135527889548346457e-03 0.000000000000000000e+00
0.000000000000000000e+00 0.000000000000000000e+00 0.000000000000000000e+00 1.379948209813955384e-01 1.748763517069523432e-01 0.000000000000000000e+00 3.658934640182154308e-02 2.805717301080803625e-02 0.000000000000000000e+00 0.000000000000000000e+00 0.000000000000000000e+00 1.442353618697838347e-01 8.749698772362171639e-02 0.000000000000000000e+00 1.364590236054032402e-01 0.000000000000000000e+00 0.000000000000000000e+00 7.747967306995326431e-03 1.095656656164604309e-02 5.878308134894647680e-02 0.000000000000000000e+00 0.000000000000000000e+00 0.000000000000000000e+00 1.768033194826257870e-01 0.000000000000000000e+00
0.000000000000000000e+00 8.224361805631216771e-02 0.000000000000000000e+00 0.000000000000000000e+00 4.943262829830936955e-02 0.000000000000000000e+00 1.915176097923206033e-01 0.000000000000000000e+00 0.000000000000000000e+00 1.247820478884946738e-01 0.000000000000000000e+00 1.291143641517377705e-01 5.678767187749676759e-02 0.000000000000000000e+00 1.563429625601971962e-01 0.000000000000000000e+00 2.102278461232561305e-02 0.000000000000000000e+00 3.460034662501806912e-02 0.000000000000000000e+00 0.000000000000000000e+00 0.000000000000000000e+00 0.000000000000000000e+00 1.541559661377877866e-01 0.000000000000000000e+00
