0.000000000000000000e+00 1.602947434955257280e-02 1.749710505167834107e-02 2.467889534205748581e-02 7.793168537309966282e-02 1.222769464412896273e-01 0.000000000000000000e+00 0.000000000000000000e+00 1.937677310722017709e-01 0.000000000000000000e+00 0.000000000000000000e+00 1.948501399895519459e-01 3.292808728696761805e-02 0.000000000000000000e+00 0.000000000000000000e+00 0.000000000000000000e+00 9.220733653594752333e-02 1.304178481538720846e-01 5.209610005365858734e-03 9.220514039841523624e-02
2.918419262563055547e-02 8.245320662972202563e-02 9.075454516303925467e-02 1.581119797398454485e-01 0.000000000000000000e+00 1.154796222226107429e-02 2.238470883841236700e-02 1.324480520674125306e-01 7.074716641803886936e-03 1.266960568601680458e-02 0.000000000000000000e+00 2.160386711734604837e-01 0.000000000000000000e+00 6.222106855228277250e-02 0.000000000000000000e+00 0.000000000000000000e+00 0.000000000000000000e+00 1.335097423193400135e-01 2.001671158930594385e-02 2.158483675146670097e-02
0.000000000000000000e+00 4.316528936193921679e-04 3.580752018142887433e-02 1.647922744187831912e-01 7.285867041287695522e-02 9.792414031679695652e-02 5.766565397262430476e-02 9.125168688728587524e-03 2.521775038834268151e-02 0.000000000000000000e+00 0.000000000000000000e+00 0.000000000000000000e+00 1.338626944777508536e-02 0.000000000000000000e+00 7.895899753551968714e-02 2.814285038160505275e-03 0.000000000000000000e+00 7.769326577962347435e-02 1.076298022951122091e-01 2.556945486306080872e-01
0.000000000000000000e+00 1.312841538351703502e-02 1.453598816898832823e-02 0.000000000000000000e+00 0.000000000000000000e+00 1.694777250695645165e-01 0.000000000000000000e+00 5.499128337420999824e-02 2.281926541724282054e-01 0.000000000000000000e+00 0.000000000000000000e+00 2.962729826180697957e-03 6.997266306234407873e-02 8.317370123053549613e-02 0.000000000000000000e+00 0.000000000000000000e+00 2.217388763961163078e-02 0.000000000000000000e+00 3.083850583202775164e-01 3.300589375234242590e-02
0.000000000000000000e+00 0.000000000000000000e+00 0.000000000000000000e+00 1.775053886206587328e-01 1.097653252014229724e-01 0.000000000000000000e+00 0.000000000000000000e+00 3.053025946750619404e-02 2.137337542740361945e-02 0.000000000000000000e+00 0.000000000000000000e+00 6.542034789052074417e-02 0.000000000000000000e+00 0.000000000000000000e+00 1.741833905183120005e-03 0.000000000000000000e+00 1.204155719517684270e-01 2.569020703847336648e-02 2.775573785773489122e-01 1.700003119197138479e-01
1.261178303865449213e-01 0.000000000000000000e+00 9.242428869079703790e-02 0.000000000000000000e+00 2.567934331683516813e-01 1.716131654200934442e-01 1.249085863026713587e-02 8.821148107491515178e-02 2.139528253257866851e-03 7.756561779852470806e-02 0.000000000000000000e+00 9.966279182941642500e-02 0.000000000000000000e+00 0.000000000000000000e+00 0.000000000000000000e+00 0.000000000000000000e+00 0.000000000000000000e+00 0.000000000000000000e+00 7.298100474783171532e-02 0.000000000000000000e+00
1.446644214917016669e-01 0.000000000000000000e+00 0.000000000000000000e+00 2.423796699828901363e-02 7.383310929990012650e-02 4.422221916090229854e-02 0.000000000000000000e+00 9.418156904549415676e-02 1.354348992072096358e-01 0.000000000000000000e+00 0.000000000000000000e+00 1.861589417399848734e-01 1.398082202694849764e-02 1.015800877430679842e-03 7.633400369506417905e-03 1.370036477988295989e-02 0.000000000000000000e+00 2.579190897432881435e-01 3.017395259461469643e-03 0.000000000000000000e+00
5.271809655199351935e-02 9.996511224795623374e-02 5.291141570935831151e-02 6.565525032301280928e-02 8.403049651905301898e-02 6.510607104523838395e-02 0.000000000000000000e+00 1.595262294666976444e-01 2.253735402621458161e-01 0.000000000000000000e+00 0.000000000000000000e+00 1.115914008724065154e-01 0.000000000000000000e+00 0.000000000000000000e+00 0.000000000000000000e+00 0.000000000000000000e+00 0.000000000000000000e+00 0.000000000000000000e+00 8.312238700213776810e-02 0.000000000000000000e+00
4.983178948651751511e-02 1.498647838346698485e-02 1.372923308366786055e-01 1.607538330710802654e-01 2.419339872979809347e-01 1.122886554622828104e-01 0.000000000000000000e+00 6.181583496811878659e-02 1.789826374632398631e-02 0.000000000000000000e+00 0.000000000000000000e+00 3.580015629265369953e-02 0.000000000000000000e+00 0.000000000000000000e+00 0.000000000000000000e+00 0.000000000000000000e+00 6.011820876365933999e-03 0.000000000000000000e+00 1.613868495785305279e-01 0.000000000000000000e+00
7.237217345150882830e-02 1.218111253434900759e-01 0.000000000000000000e+00 1.874164181774123569e-02 1.255789036094549227e-01 4.905844686927387371e-02 0.000000000000000000e+00 1.379178900413589696e-02 6.120723413017822162e-02 1.264128156984038048e-02 0.000000000000000000e+00 2.762515372138016900e-01 1.167783162140472591e-02 0.000000000000000000e+00 0.000000000000000000e+00 7.265074303971598424e-02 0.000000000000000000e+00 0.000000000000000000e+00 0.000000000000000000e+00 1.642172923294541176e-01
1.077301653745986604e-01 6.396043574768504880e-02 0.000000000000000000e+00 0.000000000000000000e+00 1.250179500477929112e-02 1.608344026783328773e-02 0.000000000000000000e+00 0.000000000000000000e+00 3.806420582629048421e-02 3.498070136362670113e-02 1.322835033414122320e-02 3.349683596338409730e-01 2.238032126223752499e-02 0.000000000000000000e+00 7.246742651153380288e-02 0.000000000000000000e+00 1.579207978479439320e-02 1.600191994530180406e-01 0.000000000000000000e+00 1.078235194356204768e-01
2.911327935652500976e-02 5.965916207798001303e-02 0.000000000000000000e+00 0.000000000000000000e+00 4.088588847285572203e-03 1.735012658084216647e-02 0.000000000000000000e+00 7.289350603947754303e-02 6.088784853410716263e-02 1.745285273945777760e-02 0.000000000000000000e+00 3.251571168963239833e-01 1.118581716129239852e-02 0.000000000000000000e+00 2.799032687356269727e-02 0.000000000000000000e+00 3.874484924012206594e-02 1.245379950471419278e-01 7.444259870433386772e-02 1.364959319015478234e-01
1.063032624034240814e-01 2.064584607050263740e-02 0.000000000000000000e+00 0.000000000000000000e+00 5.534608947628953494e-03 6.299031113049653741e-02 0.000000000000000000e+00 6.027973692493253377e-02 2.362338040973941400e-01 7.618008155468872222e-02 0.000000000000000000e+00 1.611921454336011639e-01 6.503272822402024131e-03 0.000000000000000000e+00 6.219266397241961231e-02 0.000000000000000000e+00 0.000000000000000000e+00 1.399328567765758813e-01 6.201140986593372401e-02 0.000000000000000000e+00
1.658918140800969554e-01 0.000000000000000000e+00 5.500009904111477499e-02 1.353203903604144887e-01 1.202428511422127533e-01 1.055507807943526118e-02 5.372796336807637331e-03 9.688662054683451486e-02 5.779344858610276081e-02 0.000000000000000000e+00 0.000000000000000000e+00 1.658010390165078340e-01 3.945683126151998746e-03 0.000000000000000000e+00 1.724224669662984544e-01 0.000000000000000000e+00 0.000000000000000000e+00 9.714286027615299732e-03 0.000000000000000000e+00 1.053426690407207635e-03
6.346110482535018138e-02 1.064352785548783598e-01 1.084514510737697307e-01 1.096149467970082211e-02 0.000000000000000000e+00 0.000000000000000000e+00 0.000000000000000000e+00 0.000000000000000000e+00 1.252266569451413736e-01 0.000000000000000000e+00 0.000000000000000000e+00 1.719320669299401749e-01 0.000000000000000000e+00 1.012778886025652858e-01 1.767446469782751883e-01 0.000000000000000000e+00 0.000000000000000000e+00 3.939728124812236915e-02 0.000000000000000000e+00 9.611213016225654548e-02
0.000000000000000000e+00 0.000000000000000000e+00 6.059671015005799882e-02 1.866604359435048988e-01 2.387964545729338167e-02 1.108012018129172632e-01 0.000000000000000000e+00 1.504861426490190952e-02 0.000000000000000000e+00 0.000000000000000000e+00 0.000000000000000000e+00 0.000000000000000000e+00 9.111827178084641946e-03 0.000000000000000000e+00 0.000000000000000000e+00 0.000000000000000000e+00 0.000000000000000000e+00 0.000000000000000000e+00 2.422085358821407519e-01 3.516930293110992478e-01
4.697276464651375938e-02 0.000000000000000000e+00 0.000000000000000000e+00 1.612697110672804690e-02 2.198396086755587120e-02 1.955517270771523625e-02 4.166544891579651577e-02 9.477518287776513783e-02 1.808252389399096771e-01 0.000000000000000000e+00 2.315026086828122359e-03 2.619359015710077121e-01 4.001783899376314818e-03 0.000000000000000000e+00 1.330084158936510781e-02 2.383786421283543358e-02 0.000000000000000000e+00 1.154669035062933780e-01 8.118832489968889898e-02 7.604861417262084866e-02
4.530448518673609037e-02 0.000000000000000000e+00 1.181030637751418443e-02 1.843434093440082105e-02 1.130224310617222727e-02 4.173413987629875227e-02 0.000000000000000000e+00 1.248047890700678952e-01 1.081691553472119982e-01 6.553782182482516261e-02 2.381510953599470792e-02 1.619611497002747258e-01 0.000000000000000000e+00 0.000000000000000000e+00 1.858813513993249622e-01 0.000000000000000000e+00 0.000000000000000000e+00 0.000000000000000000e+00 1.717895450327282941e-02 1.840661531379056692e-01
4.839819796598302665e-02 0.000000000000000000e+00 0.000000000000000000e+00 7.790017632139094317e-02 0.000000000000000000e+00 0.000000000000000000e+00 0.000000000000000000e+00 2.650365742712791888e-03 1.757042753241006283e-01 0.000000000000000000e+00 0.000000000000000000e+00 1.494219003406688229e-01 8.445712777628774925e-03 1.353055744572539687e-01 2.035560727864626773e-01 0.000000000000000000e+00 0.000000000000000000e+00 0.000000000000000000e+00 2.846428783735920065e-02 1.701534364464389604e-01
1.107894724762391869e-01 5.013611784257012566e-02 1.449035088760629308e-01 0.000000000000000000e+00 6.868754354889289315e-02 1.130831698908819627e-01 0.000000000000000000e+00 6.184358405686347926e-02 6.248348692634950186e-02 0.000000000000000000e+00 0.000000000000000000e+00 2.610688332555120145e-02 0.000000000000000000e+00 0.000000000000000000e+00 0.000000000000000000e+00 0.000000000000000000e+00 2.161482712714057203e-03 0.000000000000000000e+00 1.678397808393776169e-01 1.919649695044970128e-01
2.955252249750195404e-02 0.000000000000000000e+00 0.000000000000000000e+00 1.554061301907298798e-01 0.000000000000000000e+00 0.000000000000000000e+00 0.000000000000000000e+00 2.670908126998807960e-02 0.000000000000000000e+00 1.344770381537527780e-02 0.000000000000000000e+00 1.790411946058218240e-01 9.427125705945987866e-02 0.000000000000000000e+00 2.079819101517836610e-01 0.000000000000000000e+00 0.000000000000000000e+00 0.000000000000000000e+00 0.000000000000000000e+00 2.935902004093395301e-01
2.989073496285083939e-02 1.160740148506569369e-01 9.918472202323996845e-02 1.648841449720940822e-01 8.169072246451303254e-03 0.000000000000000000e+00 0.000000000000000000e+00 0.000000000000000000e+00 1.059736226986206648e-01 7.829899139306956135e-03 1.487168975076639567e-02 1.497168239918890420e-01 0.000000000000000000e+00 0.000000000000000000e+00 0.000000000000000000e+00 1.298695020362785300e-02 0.000000000000000000e+00 0.000000000000000000e+00 1.625907462881597820e-01 1.278275788723363671e-01
2.150515304364098920e-02 1.147429096874907212e-02 0.000000000000000000e+00 8.741802567855573580e-02 1.507528953306153385e-01 3.670324417275216966e-02 0.000000000000000000e+00 0.000000000000000000e+00 5.742131068400512656e-02 0.000000000000000000e+00 0.000000000000000000e+00 1.867004812480771714e-01 1.591765277442302659e-02 0.000000000000000000e+00 0.000000000000000000e+00 0.000000000000000000e+00 0.000000000000000000e+00 0.000000000000000000e+00 2.932255775466061087e-01 1.388813685525752961e-01
5.868334133734873920e-02 0.000000000000000000e+00 8.916519122866255198e-02 0.000000000000000000e+00 1.315921321621261741e-01 2.560616394462899084e-02 0.000000000000000000e+00 1.440891985105439976e-01 4.648455116853360269e-02 3.944195259515961838e-02 0.000000000000000000e+00 1.172509253895872711e-01 0.000000000000000000e+00 3.559276031706102433e-02 0.000000000000000000e+00 4.679218294985152543e-02 0.000000000000000000e+00 6.887022542885090637e-02 1.465134080268554184e-01 4.991796694079018992e-02
9.565360718626839120e-02 0.000000000000000000e+00 1.233405364646295854e-01 9.061894332630404669e-02 3.872367998211213858e-02 0.000000000000000000e+00 5.793361685278732021e-02 4.039623395849369775e-02 3.507191203688578979e-02 9.508468042450610169e-02 3.086526419265192209e-02 0.000000000000000000e+00 2.241722851464205378e-03 2.960027057122997796e-03 4.404178400666143578e-02 0.000000000000000000e+00 0.000000000000000000e+00 8.840004443708703724e-03 1.625321344314865080e-01 1.716958527849170857e-01
8.902442847025017481e-02 1.274408446984351129e-01 0.000000000000000000e+00 0.000000000000000000e+00 3.064071765531695135e-03 0.000000000000000000e+00 0.000000000000000000e+00 1.125793608805246253e-02 1.941113369529978705e-01 1.159620503119030040e-02 5.178185791775272162e-03 1.668721972501804318e-01 2.698450287133302011e-02 1.312195188900949598e-02 7.390214511773121608e-02 0.000000000000000000e+00 9.035091473670431306e-02 0.000000000000000000e+00 0.000000000000000000e+00 1.870952793368086675e-01
4.412399305811401384e-02 0.000000000000000000e+00 0.000000000000000000e+00 2.072746007703505366e-01 6.438755293008158187e-02 1.232866541501578296e-02 0.000000000000000000e+00 7.732776330800497644e-02 0.000000000000000000e+00 0.000000000000000000e+00 0.000000000000000000e+00 3.159287165360842309e-01 0.000000000000000000e+00 0.000000000000000000e+00 1.887554105247793990e-01 0.000000000000000000e+00 0.000000000000000000e+00 0.000000000000000000e+00 3.483527561810879913e-02 5.503802183946072957e-02
3.566319866622204293e-02 0.000000000000000000e+00 4.983676570925784505e-02 0.000000000000000000e+00 8.832800540233538833e-02 0.000000000000000000e+00 0.000000000000000000e+00 0.000000000000000000e+00 1.392336117302389875e-01 5.606342577354694878e-02 0.000000000000000000e+00 3.357945546943998799e-02 0.000000000000000000e+00 0.000000000000000000e+00 1.332695223602057936e-02 0.000000000000000000e+00 8.649986382969521159e-02 0.000000000000000000e+00 3.153753932570008134e-01 1.820933279262421933e-01
0.000000000000000000e+00 4.897457856332560616e-02 0.000000000000000000e+00 1.401718385710391292e-02 8.713016917383173410e-03 0.000000000000000000e+00 0.000000000000000000e+00 2.312616292377445495e-02 0.000000000000000000e+00 1.316077632681731530e-02 0.000000000000000000e+00 2.955289059259575413e-01 3.529523670720050715e-02 0.000000000000000000e+00 0.000000000000000000e+00 2.023866310774452559e-02 9.275294689677425486e-02 1.523612641300154946e-01 1.501273789530889746e-01 1.457038856908144109e-01
1.264149969796608819e-01 0.000000000000000000e+00 1.715560749312682390e-02 0.000000000000000000e+00 2.035974591954854002e-02 0.000000000000000000e+00 0.000000000000000000e+00 1.019505247472754332e-02 1.228902747300367054e-01 6.290145175072469133e-03 0.000000000000000000e+00 2.350835482157779543e-01 1.119804469837669958e-01 0.000000000000000000e+00 1.925472150646939107e-01 0.000000000000000000e+00 0.000000000000000000e+00 0.000000000000000000e+00 0.000000000000000000e+00 1.570829669635883385e-01
1.371991053332359267e-01 7.600891084877939297e-02 0.000000000000000000e+00 3.785217528542580978e-02 7.906915327043042424e-03 0.000000000000000000e+00 0.000000000000000000e+00 0.000000000000000000e+00 1.765141618223196041e-01 3.938690710659132482e-02 0.000000000000000000e+00 1.719297518355728249e-01 0.000000000000000000e+00 0.000000000000000000e+00 2.363867588559026012e-01 6.871871572666164371e-03 4.085623546239602194e-03 1.058578184662237603e-01 0.000000000000000000e+00 0.000000000000000000e+00
0.000000000000000000e+00 4.905496217804395688e-03 0.000000000000000000e+00 1.482904509769626122e-01 0.000000000000000000e+00 9.788886535523932952e-02 1.859935789972776490e-02 8.773405074559438577e-02 7.730813037550024469e-02 0.000000000000000000e+00 0.000000000000000000e+00 2.133859651776640054e-01 0.000000000000000000e+00 0.000000000000000000e+00 1.079763086725782362e-01 0.000000000000000000e+00 0.000000000000000000e+00 0.000000000000000000e+00 1.674991530108299875e-01 7.641222156809905630e-02
0.000000000000000000e+00 3.410337087549956958e-02 0.000000000000000000e+00 0.000000000000000000e+00 2.519331933793029707e-02 1.814293780341024453e-01 0.000000000000000000e+00 0.000000000000000000e+00 3.246479382265219371e-01 2.439232012501180158e-02 0.000000000000000000e+00 3.665839073922085023e-02 6.035065980472114136e-03 5.665578175826058854e-02 3.320632571644339080e-03 0.000000000000000000e+00 0.000000000000000000e+00 4.278478481342608969e-02 1.099587249848409387e-01 1.548202925530690055e-01
1.605293115356301245e-02 9.689689211978283478e-02 1.066881237532875115e-01 0.000000000000000000e+00 9.899083655616885968e-02 1.219184028267590036e-01 0.000000000000000000e+00 4.705681561249937944e-02 1.057613576193647126e-01 2.109512922420536240e-03 0.000000000000000000e+00 1.597431111621532562e-01 8.768901544792347125e-02 7.542911738186260616e-03 0.000000000000000000e+00 3.900159268336298325e-03 2.124301992331355943e-02 5.845434882519405517e-02 2.443071021884600860e-02 4.152185085220131550e-02
0.000000000000000000e+00 8.717676815782944566e-02 0.000000000000000000e+00 1.452078427614588441e-01 1.134225164901630362e-01 5.996096677799475638e-02 0.000000000000000000e+00 0.000000000000000000e+00 1.384779828388508494e-01 0.000000000000000000e+00 0.000000000000000000e+00 3.556196993186080263e-02 0.000000000000000000e+00 0.000000000000000000e+00 6.922693929976247995e-02 0.000000000000000000e+00 0.000000000000000000e+00 0.000000000000000000e+00 1.680714487577629479e-01 1.828935649843169142e-01
