0.000000000000000000e+00 7.351645495275002835e-03 0.000000000000000000e+00 4.218183977168106502e-02 8.175579057478321240e-03 9.665497136215035756e-02 9.769709190819797495e-02 8.280079095049646190e-03 0.000000000000000000e+00 4.290250304276579246e-02 9.857262151222075108e-04 9.361131098304184550e-02 1.094165040669534301e-02 1.178731134951821607e-01 2.231302901715246090e-01 3.248879962629954571e-02 0.000000000000000000e+00 0.000000000000000000e+00 4.110053413185995458e-02 0.000000000000000000e+00 1.398741552904240841e-02 1.186053507079002332e-02 1.178215102513416844e-02 1.880239592226735576e-02 1.201923676904421145e-01
0.000000000000000000e+00 1.785292843280521791e-01 0.000000000000000000e+00 0.000000000000000000e+00 1.744934359410450497e-01 2.740464250911364349e-02 0.000000000000000000e+00 1.249769250147251543e-01 0.000000000000000000e+00 8.850226986101431079e-04 0.000000000000000000e+00 2.166418113331633824e-02 0.000000000000000000e+00 1.847451852054685789e-02 0.000000000000000000e+00 5.709315798796552044e-02 7.560024796725962892e-02 0.000000000000000000e+00 2.034842584876893692e-02 0.000000000000000000e+00 0.000000000000000000e+00 0.000000000000000000e+00 0.000000000000000000e+00 1.944892553032068483e-01 1.060409027473897536e-01
2.144972646467668224e-03 1.035177633803339020e-01 1.662449591665227100e-02 1.077901148665055993e-02 6.470621282191162116e-03 8.204642134389771718e-03 6.545242764474991370e-02 4.844697134348380230e-02 0.000000000000000000e+00 3.713468281073699362e-02 3.105089488552826432e-02 9.264395706077098447e-02 9.175718628361442808e-02 4.314005578597792517e-02 4.067570348661730950e-02 1.145981480885446407e-01 0.000000000000000000e+00 0.000000000000000000e+00 2.558085989367099577e-02 0.000000000000000000e+00 0.000000000000000000e+00 7.481378689728822133e-03 0.000000000000000000e+00 1.334101715124717258e-01 1.208860556674189179e-01
0.000000000000000000e+00 3.546417823100105754e-02 0.000000000000000000e+00 0.000000000000000000e+00 1.687869588100182894e-01 0.000000000000000000e+00 0.000000000000000000e+00 1.785925083239184863e-01 0.000000000000000000e+00 5.039307319583397060e-02 0.000000000000000000e+00 0.000000000000000000e+00 0.000000000000000000e+00 0.000000000000000000e+00 1.153880392944472977e-01 0.000000000000000000e+00 6.199523938099576505e-03 0.000000000000000000e+00 3.208744905578763545e-02 5.749054553636369358e-02 0.000000000000000000e+00 0.000000000000000000e+00 0.000000000000000000e+00 3.555977236145299591e-01 0.000000000000000000e+00
0.000000000000000000e+00 3.726676161640423562e-02 0.000000000000000000e+00 0.000000000000000000e+00 0.000000000000000000e+00 2.076535668508056043e-02 1.255853076056391848e-01 3.234064154138016622e-02 0.000000000000000000e+00 0.000000000000000000e+00 0.000000000000000000e+00 0.000000000000000000e+00 4.304481179725105910e-02 1.255401752729872755e-01 1.728121117607386015e-01 1.317489737085582313e-02 0.000000000000000000e+00 0.000000000000000000e+00 1.598552283789960934e-02 0.000000000000000000e+00 0.000000000000000000e+00 1.330704293234567792e-02 8.041119232228823022e-02 3.197661782571296074e-01 0.000000000000000000e+00
0.000000000000000000e+00 0.000000000000000000e+00 0.000000000000000000e+00 0.000000000000000000e+00 6.329536929552410929e-02 0.000000000000000000e+00 1.405073952046705654e-01 1.659579685075277533e-01 0.000000000000000000e+00 1.994765376453370431e-01 0.000000000000000000e+00 1.778043748887104050e-02 2.828910978080240862e-02 0.000000000000000000e+00 1.305054839337923822e-01 4.946056533425258889e-02 0.000000000000000000e+00 0.000000000000000000e+00 4.917639240327301153e-02 1.208724160358407712e-02 0.000000000000000000e+00 0.000000000000000000e+00 1.144251877828539234e-03 1.423192469245364855e-01 0.000000000000000000e+00
9.186428699528306763e-03 2.106237795187348716e-01 0.000000000000000000e+00 0.000000000000000000e+00 1.671747516876287143e-01 0.000000000000000000e+00 3.323375862444605949e-02 1.026124600803982601e-01 0.000000000000000000e+00 0.000000000000000000e+00 0.000000000000000000e+00 0.000000000000000000e+00 0.000000000000000000e+00 0.000000000000000000e+00 1.876751109364018788e-01 0.000000000000000000e+00 0.000000000000000000e+00 6.874770865953484800e-03 1.990162845695784277e-01 0.000000000000000000e+00 0.000000000000000000e+00 0.000000000000000000e+00 0.000000000000000000e+00 2.655551515922036782e-03 8.094710350140797706e-02
0.000000000000000000e+00 1.116364700049904124e-01 0.000000000000000000e+00 0.000000000000000000e+00 1.282959813615061964e-02 1.150943988305664495e-01 2.838613705756233650e-03 8.611863940996958289e-03 0.000000000000000000e+00 1.235927175786887267e-01 1.099150235690485918e-03 6.497680058388147217e-02 2.835819773079224435e-02 1.074017054209272654e-01 1.294923876584851141e-01 1.022284710035445549e-01 3.324661956968952281e-02 0.000000000000000000e+00 8.354965900853608685e-02 0.000000000000000000e+00 7.905325476531918248e-04 0.000000000000000000e+00 6.464464805210842768e-02 0.000000000000000000e+00 9.608165991542266804e-03
0.000000000000000000e+00 1.188676689855915070e-01 2.183699075633665360e-02 3.977000028144685000e-03 7.854494504666351129e-02 0.000000000000000000e+00 1.211375496255898999e-03 6.400509647386366796e-02 0.000000000000000000e+00 6.680153481311303099e-02 0.000000000000000000e+00 3.423321158155401972e-02 1.508319784486121702e-02 0.000000000000000000e+00 1.491338335011789251e-01 3.250081523531892901e-03 1.401526529151660982e-01 2.137855476897933260e-02 1.542780070483080850e-02 3.952700464387775593e-03 0.000000000000000000e+00 0.000000000000000000e+00 9.802315822737085738e-02 1.335915965999050214e-01 3.052860026826499651e-02
0.000000000000000000e+00 8.003332545833369976e-03 9.351426283967673170e-02 1.628498223125049438e-02 2.173787330323496275e-02 0.000000000000000000e+00 1.758717801744850429e-01 2.549344323415762004e-01 0.000000000000000000e+00 0.000000000000000000e+00 0.000000000000000000e+00 0.000000000000000000e+00 0.000000000000000000e+00 0.000000000000000000e+00 2.386514268520235071e-01 3.590755895381206320e-02 9.139224394590396428e-04 0.000000000000000000e+00 0.000000000000000000e+00 0.000000000000000000e+00 0.000000000000000000e+00 7.507969102985114981e-03 0.000000000000000000e+00 4.386311703249144017e-02 1.028093421831719340e-01
0.000000000000000000e+00 5.193242513422677460e-03 2.620111170297859636e-03 1.167923358267411449e-01 2.153623398843585585e-02 4.612469245356777547e-03 8.057510307934773186e-02 7.681812243197810863e-02 0.000000000000000000e+00 7.309458902658784972e-03 1.198606566401662701e-02 0.000000000000000000e+00 0.000000000000000000e+00 1.779782523119438110e-03 1.959561676081193471e-01 1.055070665315064604e-01 5.416787967242050333e-02 0.000000000000000000e+00 1.784334873407864841e-01 0.000000000000000000e+00 0.000000000000000000e+00 0.000000000000000000e+00 2.432999876228329056e-02 0.000000000000000000e+00 1.123824747395088947e-01
0.000000000000000000e+00 1.153918239125359263e-01 1.002159526530076129e-03 0.000000000000000000e+00 0.000000000000000000e+00 0.000000000000000000e+00 1.945372744170221491e-01 1.888768208838491891e-01 0.000000000000000000e+00 0.000000000000000000e+00 0.000000000000000000e+00 0.000000000000000000e+00 0.000000000000000000e+00 0.000000000000000000e+00 2.597601195935428636e-03 0.000000000000000000e+00 0.000000000000000000e+00 0.000000000000000000e+00 1.783794604551981744e-01 0.000000000000000000e+00 5.071608159270703936e-02 0.000000000000000000e+00 0.000000000000000000e+00 1.512712548688194270e-01 1.172275231474025903e-01
5.320175768122022142e-02 1.328736696708820442e-01 0.000000000000000000e+00 1.069547891113889308e-02 6.940461812071226089e-02 0.000000000000000000e+00 5.346446779760015595e-03 2.282497426269678928e-02 3.808000930703808046e-02 1.142584032683911094e-01 0.000000000000000000e+00 0.000000000000000000e+00 0.000000000000000000e+00 0.000000000000000000e+00 1.270610045917040798e-01 0.000000000000000000e+00 1.557961347850799483e-01 0.000000000000000000e+00 1.812674801816525905e-01 0.000000000000000000e+00 1.458258093775716135e-02 2.123279593048930589e-02 6.018313143414288219e-03 1.442036686996438569e-02 3.293596555809878701e-02
0.000000000000000000e+00 2.704159435929071389e-02 0.000000000000000000e+00 0.000000000000000000e+00 1.675502680900349539e-01 0.000000000000000000e+00 1.441759657845537168e-02 3.176905967142263504e-02 0.000000000000000000e+00 9.947517748104858781e-02 0.000000000000000000e+00 0.000000000000000000e+00 1.052760019406099729e-01 3.552673526760225398e-03 6.490126507480220748e-03 1.219149199167654518e-01 0.000000000000000000e+00 0.000000000000000000e+00 2.356211965956697130e-01 0.000000000000000000e+00 1.887719300490974927e-03 0.000000000000000000e+00 1.436827518945551010e-02 0.000000000000000000e+00 1.706353908425156662e-01
0.000000000000000000e+00 9.816851166072161627e-02 5.126905657330152292e-03 1.496076707548968897e-03 5.670814660744381147e-02 4.292286213673468520e-02 1.681755638747836623e-02 1.761043864522367913e-02 4.984511771240651701e-03 3.019065836770774142e-02 0.000000000000000000e+00 7.091068321383304368e-03 9.148091948600535483e-02 1.345147936862542415e-01 1.211835095476481161e-01 2.559917347197252988e-02 1.321586425024672690e-02 1.653826292358554287e-02 6.544265987193254031e-02 1.272824942727551496e-03 1.159058449814472785e-02 9.893969484420757701e-03 1.157484088930371829e-01 1.120430131763199832e-01 3.592795048916864022e-04
0.000000000000000000e+00 1.267762126950467728e-02 0.000000000000000000e+00 2.770203972003624452e-03 1.093814349522197471e-01 7.388312424801143224e-03 3.296493994183102155e-02 3.466544712088397845e-02 0.000000000000000000e+00 3.716617692401272353e-04 0.000000000000000000e+00 1.064908839972997096e-01 2.172730721966053408e-02 9.458018917664562375e-02 2.535613285293529806e-01 0.000000000000000000e+00 0.000000000000000000e+00 0.000000000000000000e+00 1.731379539344995167e-01 1.741598121241443725e-02 1.863419519618281564e-04 5.567228765599113206e-03 1.271131637620819266e-01 0.000000000000000000e+00 0.000000000000000000e+00
0.000000000000000000e+00 1.813120670254494624e-02 0.000000000000000000e+00 0.000000000000000000e+00 1.423612322748655235e-01 1.419414071524136567e-01 7.137832158659755677e-02 3.804966377944401373e-02 1.468127751233103996e-03 1.438876417100872218e-01 0.000000000000000000e+00 0.000000000000000000e+00 0.000000000000000000e+00 9.815762175539057693e-03 1.775995224542977202e-01 0.000000000000000000e+00 0.000000000000000000e+00 8.009318188816709483e-02 3.359698658500484547e-02 0.000000000000000000e+00 0.000000000000000000e+00 9.185163615179297138e-04 4.474656543936538639e-02 9.601186413892194571e-02 0.000000000000000000e+00
0.000000000000000000e+00 8.168351054965479474e-02 4.492948899576031108e-02 0.000000000000000000e+00 3.639904819500851957e-02 0.000000000000000000e+00 1.839746238037288650e-01 1.503823147093749368e-01 0.000000000000000000e+00 1.591914191026896630e-01 0.000000000000000000e+00 4.199159977911528369e-02 2.224942364326321434e-03 0.000000000000000000e+00 0.000000000000000000e+00 0.000000000000000000e+00 0.000000000000000000e+00 9.265616554920430570e-02 1.737435780184666545e-01 3.282330893267033228e-02 0.000000000000000000e+00 0.000000000000000000e+00 0.000000000000000000e+00 0.000000000000000000e+00 0.000000000000000000e+00
0.000000000000000000e+00 0.000000000000000000e+00 0.000000000000000000e+00 5.673221486082167565e-03 3.567918984455574483e-02 0.000000000000000000e+00 0.000000000000000000e+00 1.770538062683768843e-01 0.000000000000000000e+00 8.025424389996183017e-02 0.000000000000000000e+00 0.000000000000000000e+00 0.000000000000000000e+00 8.199478325727682301e-03 1.533845835935622737e-01 1.047147903031226540e-01 0.000000000000000000e+00 0.000000000000000000e+00 0.000000000000000000e+00 6.840092053286482739e-03 6.865013985153325948e-02 5.668357248411222404e-02 3.746600688572353233e-02 1.324889942367843410e-01 1.329118807671708646e-01
1.839413865430585687e-02 0.000000000000000000e+00 1.733171332199882203e-02 0.000000000000000000e+00 3.716088395301680308e-02 0.000000000000000000e+00 4.553614650498481568e-03 9.650698016374145705e-02 0.000000000000000000e+00 3.847864012367255976e-02 0.000000000000000000e+00 0.000000000000000000e+00 4.102455310205760028e-03 1.225711000945875206e-01 1.851515273052848354e-01 1.022126344694843647e-01 4.994105129737849702e-02 9.016244492404469277e-03 7.164767500642186399e-03 0.000000000000000000e+00 1.294925271917830682e-02 7.781153450356304187e-03 2.858325683426741343e-02 3.690242196361773891e-02 2.211981636953586627e-01
4.676718972534029718e-03 8.625574676644744143e-03 5.336540892640199464e-03 0.000000000000000000e+00 1.056796335952742694e-01 1.490745913747763829e-01 1.908383994087982649e-01 3.962467572687394801e-03 1.103792381534655573e-02 0.000000000000000000e+00 5.830909384950612624e-03 0.000000000000000000e+00 0.000000000000000000e+00 1.583806783295066134e-01 2.288665817961363369e-01 6.008756852620443512e-02 4.873752724556690112e-03 0.000000000000000000e+00 1.637310448673973086e-03 0.000000000000000000e+00 0.000000000000000000e+00 1.393669045990377246e-03 3.691083110878590201e-02 1.776009444986877822e-02 5.026753876624294980e-03
0.000000000000000000e+00 0.000000000000000000e+00 0.000000000000000000e+00 1.630274379113957547e-02 0.000000000000000000e+00 0.000000000000000000e+00 1.426507077725673589e-01 9.876712768214063187e-02 2.095236851483504165e-02 1.621971631609772091e-01 0.000000000000000000e+00 2.099034314615251182e-02 2.681606604020191076e-02 1.375336753118196545e-02 2.935782297571282173e-01 0.000000000000000000e+00 0.000000000000000000e+00 0.000000000000000000e+00 9.110649304288383080e-04 0.000000000000000000e+00 0.000000000000000000e+00 0.000000000000000000e+00 1.023924689945405510e-02 1.928415707737926588e-01 0.000000000000000000e+00
1.745377193965575585e-03 1.346693434444074244e-01 0.000000000000000000e+00 0.000000000000000000e+00 6.256726832741985045e-02 0.000000000000000000e+00 1.563729383118656058e-01 1.233917886505030148e-01 1.997297749938170466e-03 0.000000000000000000e+00 0.000000000000000000e+00 9.102274087794542945e-03 0.000000000000000000e+00 1.464855938529810789e-02 1.593409516726861375e-01 5.099483677155902672e-02 0.000000000000000000e+00 0.000000000000000000e+00 1.964439102444461571e-01 1.208730541737205837e-02 0.000000000000000000e+00 0.000000000000000000e+00 0.000000000000000000e+00 7.663814874274441080e-02 0.000000000000000000e+00
8.250898063939339500e-02 1.141077758341261239e-01 0.000000000000000000e+00 0.000000000000000000e+00 2.333478079474981259e-01 9.097702678370210572e-02 0.000000000000000000e+00 0.000000000000000000e+00 2.689460334979844325e-02 0.000000000000000000e+00 0.000000000000000000e+00 0.000000000000000000e+00 0.000000000000000000e+00 0.000000000000000000e+00 9.265999590292796351e-02 0.000000000000000000e+00 0.000000000000000000e+00 0.000000000000000000e+00 1.919149995638197714e-01 0.000000000000000000e+00 0.000000000000000000e+00 1.007203773810978233e-02 5.163100231348566500e-03 1.523536720092757424e-01 0.000000000000000000e+00
7.114057284895619615e-02 5.619324180914816308e-03 0.000000000000000000e+00 0.000000000000000000e+00 2.635131376629974986e-01 0.000000000000000000e+00 0.000000000000000000e+00 9.900597363120385019e-03 1.094304449402822306e-05 0.000000000000000000e+00 0.000000000000000000e+00 0.000000000000000000e+00 0.000000000000000000e+00 1.600515714339628137e-01 1.816327596470619088e-01 0.000000000000000000e+00 0.000000000000000000e+00 4.090597132363913563e-02 8.190673161960881909e-02 0.000000000000000000e+00 0.000000000000000000e+00 0.000000000000000000e+00 1.853183908752444042e-01 0.000000000000000000e+00 0.000000000000000000e+00
