2.947490982325232101e-03 6.790039418168777050e-04 1.290926124699140649e-02 5.597412401091683698e-03 7.906361377134571433e-02 1.304303738355076236e-01 2.226326801075034258e-03 6.344122187121205465e-03 1.516884239223890811e-02 0.000000000000000000e+00 6.076725849755208048e-02 2.663576171490161792e-01 6.468617720755724665e-02 7.434121023553913465e-02 6.229972357973703745e-02 0.000000000000000000e+00 9.277834581632860358e-03 1.290769307659797027e-01 5.144346299279076162e-02 2.638333743068120574e-02
9.277198908514544540e-02 0.000000000000000000e+00 1.597051865801404555e-02 7.719730341595761047e-02 8.067316561767587380e-02 3.763004085812279853e-02 2.240175911900063252e-02 1.329430373936760779e-01 0.000000000000000000e+00 8.624559565514538367e-03 1.312992528164150068e-02 1.593724750047967320e-01 2.433707581860736560e-02 1.789409061094077505e-02 0.000000000000000000e+00 0.000000000000000000e+00 8.259778859033137244e-02 4.463636133701037040e-02 1.039104139020559647e-01 8.590949574150871793e-02
1.370197337543650664e-03 1.174842533729593408e-02 1.695603040134749037e-02 5.666195521126002332e-03 1.456487657373970734e-01 1.353073599566685659e-01 2.365092694697860931e-02 3.926684826244781525e-03 1.941801269266958934e-03 0.000000000000000000e+00 1.725540915992293534e-01 2.969720332513613864e-02 0.000000000000000000e+00 2.183682976869513390e-02 1.119470642425240275e-01 0.000000000000000000e+00 0.000000000000000000e+00 0.000000000000000000e+00 2.696058159085131245e-01 4.814260782203325095e-02
0.000000000000000000e+00 6.381904528157326950e-02 3.808905541023862012e-03 4.794709932638469355e-03 0.000000000000000000e+00 2.912820254198123515e-01 1.071075800698978973e-02 1.312260547802251709e-01 2.102918622735447385e-02 0.000000000000000000e+00 1.562696149089777276e-01 5.891454573354328733e-02 8.638758274844515750e-02 0.000000000000000000e+00 2.400570514669629618e-02 0.000000000000000000e+00 0.000000000000000000e+00 5.417444121719759698e-02 7.791475908573632092e-02 1.566266596978635461e-02
0.000000000000000000e+00 2.583210860251369465e-02 2.870154240555827796e-02 8.635353817106689034e-02 2.524127313528691866e-02 1.118521008732427519e-01 0.000000000000000000e+00 9.684771655411162847e-03 0.000000000000000000e+00 0.000000000000000000e+00 0.000000000000000000e+00 1.721094568675267111e-01 1.069110627904178712e-01 8.185510446527742567e-02 8.440424926838434316e-02 1.817843588963251669e-02 2.044364872200618924e-02 1.991773207871509743e-02 5.820258168537811166e-02 1.503123933895821052e-01
5.251145988377795698e-02 8.192805882159885644e-02 8.662722109158296768e-02 2.497575364698281092e-02 4.152099336695586063e-02 1.339663852150198564e-01 3.072656298220183355e-03 1.295647620735835559e-01 0.000000000000000000e+00 7.662665414856619037e-04 1.492658955866414394e-01 1.547080210553247182e-01 5.302973820598635285e-02 0.000000000000000000e+00 6.645406856421513797e-02 0.000000000000000000e+00 0.000000000000000000e+00 5.876314865558888122e-04 0.000000000000000000e+00 2.102108816206875105e-02
0.000000000000000000e+00 0.000000000000000000e+00 0.000000000000000000e+00 1.525634914560524691e-01 2.015442457971186041e-01 1.511712173011408034e-01 0.000000000000000000e+00 6.068606480954416528e-04 4.069189767751819897e-02 0.000000000000000000e+00 4.708427572587294690e-03 1.734102642602420863e-01 2.689580957126363678e-02 5.804769173085791434e-02 8.524790160528851468e-02 0.000000000000000000e+00 0.000000000000000000e+00 1.014578992576445488e-01 3.654293122190661099e-03 0.000000000000000000e+00
1.083844763256900101e-01 0.000000000000000000e+00 1.036648018099679304e-02 5.645912483657739012e-02 6.280161461209911311e-02 1.314598103689603170e-01 0.000000000000000000e+00 1.545507880496290454e-01 0.000000000000000000e+00 0.000000000000000000e+00 1.471000887087273341e-02 3.799093221466215420e-02 1.006814239572878869e-03 2.048939044855125832e-02 1.433409831592122319e-02 1.706917677150399104e-02 9.353851361601860093e-02 1.490397698462103682e-02 2.171790475565670842e-01 4.475574660775641367e-02
3.996660706405310431e-02 2.383329899190754497e-02 3.697525192163082092e-02 2.912001691104393886e-01 5.614666788152095078e-02 8.337302630094080638e-03 6.662229099341832050e-03 1.685294492008051481e-01 0.000000000000000000e+00 2.127601106022691466e-02 7.297970717094323656e-02 0.000000000000000000e+00 1.153076927398500873e-01 0.000000000000000000e+00 3.124841250258095920e-02 0.000000000000000000e+00 0.000000000000000000e+00 0.000000000000000000e+00 0.000000000000000000e+00 1.275372006266059510e-01
8.108282001821924545e-02 8.647411277853873923e-02 1.261630380945026886e-01 3.512158994254015176e-02 1.242102800376927024e-01 7.276773571684964914e-02 6.127107771576990186e-02 1.839243000941570994e-03 9.125273412153495946e-04 0.000000000000000000e+00 1.323004667363254783e-02 5.171556711480975593e-02 0.000000000000000000e+00 8.256847579311953067e-02 2.012432124046068527e-01 1.215207518631152006e-02 0.000000000000000000e+00 0.000000000000000000e+00 0.000000000000000000e+00 4.924819818124977211e-02
5.066744038622622570e-02 7.609334834324500696e-02 3.834871705996440241e-03 9.308088045516765829e-02 0.000000000000000000e+00 1.228110860646844799e-01 2.010707145499342555e-02 0.000000000000000000e+00 1.119461980839316917e-01 7.207242325990806386e-03 6.729827823888308302e-02 1.661271630292857904e-01 0.000000000000000000e+00 0.000000000000000000e+00 1.347428198320598791e-01 0.000000000000000000e+00 0.000000000000000000e+00 1.379781430691503774e-01 8.105457010385144073e-03 0.000000000000000000e+00
0.000000000000000000e+00 1.492849083087983142e-01 8.333698429450364653e-02 0.000000000000000000e+00 0.000000000000000000e+00 8.796053901779204987e-03 4.305221523907689501e-03 5.687644410198387790e-02 0.000000000000000000e+00 3.934000802236910233e-02 1.661354415361676051e-01 6.651205080795725977e-02 3.050329690786070941e-02 4.730443292025558050e-02 1.980532753342802987e-01 0.000000000000000000e+00 0.000000000000000000e+00 0.000000000000000000e+00 4.208077614652808857e-03 1.453438047254839716e-01
2.588757152430231842e-02 9.973484645072343280e-02 1.018633659490618274e-03 6.948062497099882599e-03 0.000000000000000000e+00 1.413286724365008795e-01 7.951508570060824427e-03 5.983584062856800445e-02 6.019584345225439947e-03 2.039712684379876937e-03 8.761106234019708228e-02 1.568620872488525886e-01 1.051285525590003487e-03 5.273093729465028190e-02 3.816956406790580208e-02 0.000000000000000000e+00 1.351671273581510069e-01 1.654984141010104257e-02 7.398758157529547637e-03 1.536949038006713841e-01
6.492639351855734875e-02 0.000000000000000000e+00 0.000000000000000000e+00 1.345336144080240826e-01 0.000000000000000000e+00 3.132623653266284475e-02 0.000000000000000000e+00 0.000000000000000000e+00 3.399859222624437849e-02 0.000000000000000000e+00 1.714480324481324480e-01 1.539416578747721809e-01 8.359089764812971954e-04 0.000000000000000000e+00 3.007703006879115515e-01 4.927835692257287285e-03 0.000000000000000000e+00 0.000000000000000000e+00 1.032914276349565924e-01 0.000000000000000000e+00
4.339777382550173701e-02 7.785116213523919637e-02 0.000000000000000000e+00 2.175378492968843905e-02 1.548898761773625371e-02 1.024125078644996627e-02 0.000000000000000000e+00 1.263968750568131849e-01 8.915742431721468408e-02 0.000000000000000000e+00 1.065861685850633678e-01 1.756074917610885022e-01 0.000000000000000000e+00 1.797541028998260980e-04 1.665431633561337832e-01 0.000000000000000000e+00 2.710103241446642358e-02 0.000000000000000000e+00 1.086115406961669499e-01 3.108359041553766453e-02
0.000000000000000000e+00 0.000000000000000000e+00 0.000000000000000000e+00 9.797552124334557577e-02 1.171783901413678830e-01 1.051142505556526552e-01 0.000000000000000000e+00 0.000000000000000000e+00 0.000000000000000000e+00 0.000000000000000000e+00 1.442961387643845461e-01 1.384850051688605796e-02 9.146151964825449676e-02 0.000000000000000000e+00 9.672234861889783541e-02 0.000000000000000000e+00 7.442595791577239286e-03 7.326822845660514727e-02 1.482077644984787501e-01 1.044847417645497767e-01
0.000000000000000000e+00 0.000000000000000000e+00 0.000000000000000000e+00 7.701560618246890144e-02 0.000000000000000000e+00 2.432407684034137429e-01 4.826381729004113053e-02 0.000000000000000000e+00 3.564228622710766646e-03 0.000000000000000000e+00 1.827726848834751450e-01 2.024107625225342669e-02 2.525166081525198614e-03 8.407758592365049966e-02 8.632425071917261550e-02 2.934454677956627525e-02 0.000000000000000000e+00 0.000000000000000000e+00 1.531928552120772613e-01 6.943741364964493845e-02
0.000000000000000000e+00 0.000000000000000000e+00 0.000000000000000000e+00 3.628739377139559436e-02 1.563588872097109173e-01 6.938747729143997234e-02 0.000000000000000000e+00 4.646094321618703116e-02 2.227802417412163768e-02 2.159037816987452940e-04 9.649018919501529956e-02 1.563551142855509890e-01 0.000000000000000000e+00 0.000000000000000000e+00 1.891997606204687266e-01 0.000000000000000000e+00 8.483148380088310903e-02 0.000000000000000000e+00 0.000000000000000000e+00 1.421348226535280035e-01
5.696951677993579259e-03 7.653628025464981333e-02 0.000000000000000000e+00 2.018389574293167066e-01 6.804269242344655570e-03 0.000000000000000000e+00 0.000000000000000000e+00 0.000000000000000000e+00 0.000000000000000000e+00 0.000000000000000000e+00 1.581753081770161384e-01 1.850886165760972646e-01 0.000000000000000000e+00 0.000000000000000000e+00 2.700864066267829044e-01 0.000000000000000000e+00 0.000000000000000000e+00 1.699519388680720278e-02 0.000000000000000000e+00 7.877801612899185124e-02
2.183879884175449898e-02 4.610951530153171302e-02 7.291517020931539972e-02 5.797026657040739786e-03 3.879643266388542455e-02 3.993747853246030349e-02 1.500180328580284252e-02 4.212486033445768385e-02 1.671864940489287479e-02 0.000000000000000000e+00 0.000000000000000000e+00 7.559735046271189030e-02 0.000000000000000000e+00 9.638004058852023270e-02 6.629862219081969835e-03 1.717590921239135413e-02 1.839516612149388539e-02 1.917653412791536435e-02 1.456112954509347912e-01 3.217941065858088701e-01
0.000000000000000000e+00 1.099331325148747013e-01 0.000000000000000000e+00 5.373999617113837945e-02 0.000000000000000000e+00 1.107874710623231451e-01 0.000000000000000000e+00 7.186375672103023637e-02 0.000000000000000000e+00 3.149310423339753140e-02 1.098844896181191827e-01 1.829600906816051809e-01 9.769039199262330442e-02 0.000000000000000000e+00 2.005311274271713851e-01 0.000000000000000000e+00 0.000000000000000000e+00 0.000000000000000000e+00 7.525057904021157339e-03 2.359138167369582290e-02
9.619257315033276357e-03 9.360903540596096639e-02 1.000466252212986185e-01 1.138077508687710682e-01 2.135601538410479908e-02 2.979606580328875501e-02 0.000000000000000000e+00 0.000000000000000000e+00 8.695367492100934508e-04 2.159038919101610374e-02 0.000000000000000000e+00 1.482295644820050828e-01 3.488358428376367795e-03 0.000000000000000000e+00 3.721932898271203272e-02 3.356277152189068164e-02 1.512893302780391434e-02 3.633558434614258398e-02 3.100618520769597708e-02 3.043345980646897098e-01
4.083690294665668491e-02 0.000000000000000000e+00 0.000000000000000000e+00 1.264259191404702998e-01 1.903545971099334655e-01 0.000000000000000000e+00 4.495597211802795229e-02 0.000000000000000000e+00 0.000000000000000000e+00 5.132097217615012863e-02 1.567436305605369729e-01 7.436854779996608655e-03 1.108159553164760197e-01 0.000000000000000000e+00 1.957406799086448476e-02 6.789848305180876467e-03 0.000000000000000000e+00 3.158720112494616677e-02 1.689604557320826261e-01 4.419762269867773263e-02
5.464200182841542214e-02 8.771348238609451287e-02 5.316849968805586329e-03 0.000000000000000000e+00 6.437588476649483415e-02 1.968198003918406325e-01 2.445120907522056394e-02 2.011255008599872190e-02 0.000000000000000000e+00 0.000000000000000000e+00 3.418172358308271819e-02 2.670202066056876974e-02 0.000000000000000000e+00 1.570805927108962288e-02 1.087712501002397435e-02 9.894726799542237494e-02 6.266659587881186384e-03 7.415677408826242684e-03 1.757277892430325339e-01 1.707418987372021357e-01
6.937932280507960736e-02 1.170210559259889094e-01 1.228473519500655059e-01 1.256294218275477159e-01 5.088985881635087888e-02 0.000000000000000000e+00 0.000000000000000000e+00 0.000000000000000000e+00 2.301392505772556843e-03 1.816676069343231212e-02 5.915941292382430848e-03 0.000000000000000000e+00 3.801195278335012251e-02 0.000000000000000000e+00 9.249066820768217512e-02 0.000000000000000000e+00 3.641672834980154427e-02 6.572241934427096310e-02 1.251391911843144356e-02 2.426932063798438455e-01
6.314948260673017288e-02 9.290112669654698729e-02 6.411812165316103061e-03 1.082604052654397991e-01 0.000000000000000000e+00 0.000000000000000000e+00 3.234813723675840184e-03 0.000000000000000000e+00 2.804435154794991322e-02 3.940581502593911573e-02 1.394617338743514290e-01 1.804679096711067632e-01 1.024979139761699257e-02 0.000000000000000000e+00 9.984076589813500879e-02 6.736951205735772219e-02 0.000000000000000000e+00 8.768264449771891178e-02 2.384233727088534704e-02 4.967749830123006916e-02
1.436613318853856812e-02 2.976025605397199583e-02 0.000000000000000000e+00 0.000000000000000000e+00 1.546702782110505603e-01 1.134951017302415072e-01 0.000000000000000000e+00 1.157843350203733614e-02 0.000000000000000000e+00 3.616262694712762266e-02 1.338999959646758053e-01 1.921992130797987308e-01 4.548454085021638726e-02 0.000000000000000000e+00 2.276301294768666994e-01 0.000000000000000000e+00 1.082894656151939467e-03 2.406588283774543924e-02 1.560451350157746574e-02 0.000000000000000000e+00
1.356487647691910492e-01 0.000000000000000000e+00 0.000000000000000000e+00 5.946560408291257094e-02 6.867447628705962426e-02 5.112551373651647024e-02 0.000000000000000000e+00 1.248987501829265379e-01 0.000000000000000000e+00 0.000000000000000000e+00 0.000000000000000000e+00 1.637905603418662870e-01 1.087710587194053689e-02 0.000000000000000000e+00 0.000000000000000000e+00 0.000000000000000000e+00 0.000000000000000000e+00 5.750733341813078769e-02 3.247446171779743707e-01 3.267274131481763544e-03
4.444276071501028491e-02 1.102997348756092934e-02 0.000000000000000000e+00 1.689971426082897965e-02 2.885537028940305532e-03 5.623049389912808393e-02 1.662380142633956143e-02 8.420503413125413408e-03 4.442549882015432716e-02 2.301937975285648155e-02 4.740737184992236883e-03 3.189885497627431565e-01 8.539423657322997227e-03 2.033714513322720796e-02 4.586799587566005310e-02 2.987996993056589098e-02 0.000000000000000000e+00 8.755170524623774597e-02 1.076569266160867788e-01 1.524598837892196801e-01
0.000000000000000000e+00 2.673383767090156682e-02 3.278051166461307814e-02 1.489715404681544748e-03 1.643689339402080660e-02 1.408007345798118620e-02 1.986098781678144465e-02 0.000000000000000000e+00 4.382132576755000918e-03 0.000000000000000000e+00 4.836240464639944558e-02 1.646627760601278023e-01 1.919334466853246353e-03 9.688877080256849683e-02 3.104554646059428102e-01 0.000000000000000000e+00 1.619955845788289411e-02 1.092800744664794294e-01 1.364674645080110882e-01 0.000000000000000000e+00
2.884011248790157092e-02 0.000000000000000000e+00 6.725296173068234795e-02 0.000000000000000000e+00 1.699903350275642488e-01 1.522527260012378550e-02 0.000000000000000000e+00 0.000000000000000000e+00 8.909232005301847071e-03 0.000000000000000000e+00 1.828635383764869449e-01 1.661618795422609152e-01 0.000000000000000000e+00 0.000000000000000000e+00 3.350943682681281066e-01 1.846185329568818256e-02 5.599383337923436073e-03 1.601063327938797220e-03 0.000000000000000000e+00 0.000000000000000000e+00
0.000000000000000000e+00 0.000000000000000000e+00 6.877957379387421299e-03 2.011869497465133549e-01 0.000000000000000000e+00 3.041990713098895530e-02 0.000000000000000000e+00 9.397409166451504287e-03 1.020896400544704929e-01 0.000000000000000000e+00 1.732775888948989429e-01 1.937145011906277747e-01 0.000000000000000000e+00 0.000000000000000000e+00 2.997130104523618860e-02 2.793942929249451992e-02 0.000000000000000000e+00 1.768742613957948601e-02 2.025191123013976857e-01 4.918777657953688973e-03
1.006354085250561400e-02 2.266983533106927285e-03 2.078369598927715112e-02 1.059114974301402501e-01 4.292908735493752848e-02 2.047271143351044043e-02 0.000000000000000000e+00 5.083191541956477884e-03 2.350024407040817581e-02 4.356017832327852696e-02 1.948828842149892895e-02 2.482375464174367830e-01 0.000000000000000000e+00 0.000000000000000000e+00 0.000000000000000000e+00 4.747779205166488548e-02 0.000000000000000000e+00 1.365890743983174394e-01 1.734334081572656561e-01 1.002027600246949840e-01
1.141318824875021537e-01 4.158974269692465586e-02 4.748154347934681330e-02 4.683285617074880308e-02 1.546983191972277349e-01 1.428305355854483094e-01 0.000000000000000000e+00 2.858825416470294183e-03 2.499423386870639439e-03 4.176701281650425923e-02 2.030313540254147578e-03 1.463613462012769983e-01 3.131097634372554533e-02 2.197460927274316397e-02 3.698917944598981416e-03 0.000000000000000000e+00 9.811410314672198985e-02 5.836424679046451486e-02 2.026039225563491808e-02 2.319495326753602191e-02
6.634906968052749383e-03 0.000000000000000000e+00 6.833635307028197714e-02 0.000000000000000000e+00 1.074810708662245901e-01 2.114209501995779547e-02 0.000000000000000000e+00 2.535365030375978136e-03 0.000000000000000000e+00 0.000000000000000000e+00 5.257791246187383527e-02 1.318114652924858854e-01 1.083918803216718241e-01 5.476237984726371744e-02 7.666914325475207570e-02 0.000000000000000000e+00 2.496535659880977690e-04 8.387701019908220049e-03 1.632867320623032914e-01 1.977333412188600203e-01
1.003821021297881741e-02 2.348769632792470884e-03 1.240514090580804446e-01 2.185437520120726840e-02 1.483992049616599251e-01 7.162190013996279359e-02 0.000000000000000000e+00 0.000000000000000000e+00 1.654373157859055253e-03 5.174597621477056847e-02 1.723423989353981001e-02 1.626116116042286841e-01 0.000000000000000000e+00 7.645735694565576612e-02 2.247782028508321928e-01 2.421389860908762515e-02 3.601768932456093984e-04 0.000000000000000000e+00 4.082924579657922631e-02 2.180104882751983733e-02
5.041260785260898852e-02 1.038013302430647496e-02 0.000000000000000000e+00 1.594730677510383943e-01 6.108090651658082144e-04 2.974106131723023780e-02 0.000000000000000000e+00 2.908300664560852997e-02 0.000000000000000000e+00 0.000000000000000000e+00 1.513096773210968193e-01 1.642552722265549214e-01 1.215496435914561980e-03 7.697152271129795165e-02 1.971546230118765564e-01 0.000000000000000000e+00 1.801104318835979956e-03 1.475607063840122211e-02 1.387019305562228556e-06 1.128341606607582148e-01
1.637318006630712752e-01 0.000000000000000000e+00 0.000000000000000000e+00 0.000000000000000000e+00 1.972175840591130491e-01 3.559185298754538596e-02 0.000000000000000000e+00 5.104632746420475348e-03 8.668444461185638439e-02 0.000000000000000000e+00 5.158081126576554917e-03 2.476790470351862561e-01 0.000000000000000000e+00 3.046306513977069599e-03 0.000000000000000000e+00 1.998955190661514530e-02 0.000000000000000000e+00 3.208925602514939301e-02 1.524737714375648708e-02 1.884600651807324667e-01
2.065572272232481590e-02 2.317879098628946102e-02 5.474646328332838895e-03 0.000000000000000000e+00 1.822272234640445188e-01 5.854430857118527592e-02 2.510247328431776392e-02 1.354121601556972088e-01 1.885399728082357701e-03 0.000000000000000000e+00 5.398240950758053519e-02 1.601266967226749605e-01 0.000000000000000000e+00 6.451314168626010037e-02 1.035861229945653633e-01 1.757565886035018440e-02 0.000000000000000000e+00 0.000000000000000000e+00 1.108134428345431133e-01 3.692180215375143182e-02
1.253871012638089165e-02 8.684199831625492860e-02 1.294879692141165384e-01 1.211358603053471067e-01 1.297918891226112481e-01 5.174751962298590642e-03 0.000000000000000000e+00 8.073686359564636802e-03 2.760295903992050076e-02 2.522032357529922081e-02 6.210919079953874933e-02 9.515579786332881151e-02 0.000000000000000000e+00 0.000000000000000000e+00 4.778610877339119906e-02 5.391639135670902618e-03 7.502742774480886112e-02 3.294463385414245910e-02 3.975340894278567294e-02 9.596364486453960729e-02
0.000000000000000000e+00 0.000000000000000000e+00 2.812990450010840245e-03 1.494276013878154162e-03 1.335254095650015016e-01 6.015556655052194113e-02 0.000000000000000000e+00 2.501992983617993063e-02 1.038429031402473834e-01 0.000000000000000000e+00 1.504077229875709631e-01 1.629093005358038804e-01 9.335711284940310939e-02 1.861380517548750363e-02 0.000000000000000000e+00 2.033034743854160789e-02 0.000000000000000000e+00 1.763054931948696696e-02 1.193062267770242796e-01 9.059385936084195234e-02
2.072341711856666435e-02 4.218790128221974051e-02 0.000000000000000000e+00 2.275313181302461227e-02 1.101362800192602458e-02 6.240487425611863231e-02 0.000000000000000000e+00 1.427146491021358543e-01 1.211687365896508412e-02 0.000000000000000000e+00 8.177618420885711392e-02 1.518305116594707016e-01 6.786605363412233360e-02 1.922528831522353140e-02 4.776769591336502835e-02 0.000000000000000000e+00 9.366185026934131103e-03 1.061201426141163140e-01 7.278964608596771857e-02 1.293438173089864751e-01
9.957470675934747273e-02 4.370502924956040647e-02 1.214271490373010076e-01 4.632582135496166043e-02 6.451945413299031706e-02 4.269760233956272633e-02 3.531693624260455466e-02 2.503537959364693019e-02 6.962411579210468771e-02 0.000000000000000000e+00 0.000000000000000000e+00 1.754210755573298516e-02 0.000000000000000000e+00 3.204837483743901844e-02 0.000000000000000000e+00 0.000000000000000000e+00 0.000000000000000000e+00 2.319527095880542789e-01 1.702306135166938295e-01 0.000000000000000000e+00
4.374340524253132745e-02 1.015606568325837233e-01 1.499400584750965326e-01 9.665485171939058873e-02 2.081429330465568717e-02 1.196934991860743903e-02 0.000000000000000000e+00 0.000000000000000000e+00 1.585748830310750590e-01 5.771268852604329556e-04 4.281711668986137170e-02 6.146073638946232542e-02 3.040871624106115598e-02 4.140105363036827163e-02 4.619380635973591859e-02 0.000000000000000000e+00 0.000000000000000000e+00 5.104867486021850281e-02 7.489374435374115957e-02 6.794152606635052438e-02
0.000000000000000000e+00 5.399136266129125200e-02 6.424858038138291094e-02 2.095925094220331131e-01 1.958525843184431500e-02 1.775682444497368173e-01 3.059037698997138077e-03 0.000000000000000000e+00 0.000000000000000000e+00 0.000000000000000000e+00 0.000000000000000000e+00 0.000000000000000000e+00 7.136745399270610912e-02 7.101155297081832019e-02 2.151545368735177932e-01 0.000000000000000000e+00 0.000000000000000000e+00 7.120983951249284204e-03 0.000000000000000000e+00 1.073004791664228103e-01
2.435664765289295014e-02 4.995198562247739338e-02 1.909025905410287067e-03 1.247401513410330842e-01 3.732961919185411731e-02 7.794987870708556220e-03 2.115124196656809671e-03 1.452238533584652713e-01 5.881895404654211013e-02 3.248674923171945145e-02 1.436829733746747828e-01 2.005227027335347578e-01 0.000000000000000000e+00 8.440439796862309052e-02 4.121016920507736270e-02 6.854513053954404758e-03 0.000000000000000000e+00 1.639654722958569857e-02 3.674541840529453249e-04 2.183414383273703588e-02
7.592115202862257349e-03 8.613541939039025264e-02 1.807632027894015905e-02 1.330304225974264292e-03 2.420580790867241788e-02 6.874629928994840933e-02 1.104883742903052003e-02 4.657620056835481970e-03 2.119203431933095599e-02 1.905305122031846973e-02 1.366227409259078707e-01 7.240085294142446781e-02 6.571381970932077543e-02 1.205427580835381762e-02 3.959030048084705850e-02 1.159767722716015595e-02 1.761984299302294884e-04 3.461871454498755517e-03 1.463502743992211030e-01 2.499941793010327651e-01
2.191862858241075060e-02 1.728687807515755792e-01 4.884141878254529695e-02 0.000000000000000000e+00 1.429558584014820610e-01 1.246145519711234495e-01 1.217284607364617528e-02 0.000000000000000000e+00 0.000000000000000000e+00 1.434712290650176983e-02 1.031932799892189695e-01 3.398127144826952606e-02 0.000000000000000000e+00 0.000000000000000000e+00 5.943186528273528696e-02 0.000000000000000000e+00 8.023438581893634070e-02 6.458350276633795239e-02 2.913922611864658285e-02 9.171726110657002495e-02
7.379919476977189752e-02 2.293054026990197503e-02 5.216647465407507926e-04 8.782368212100263860e-02 0.000000000000000000e+00 0.000000000000000000e+00 0.000000000000000000e+00 2.321225391501421931e-02 9.511744563786148771e-03 4.903973521604763561e-03 1.698885134085616477e-01 1.518942495304048401e-01 0.000000000000000000e+00 0.000000000000000000e+00 7.016609910635486329e-03 3.371784666341923892e-02 1.317977659803450802e-02 7.718369918479972731e-03 2.657829263466903735e-01 1.280986537161515892e-01
7.130512976137865291e-03 1.607260544102382879e-02 3.457662810490021860e-02 7.029389608779895889e-03 0.000000000000000000e+00 2.308480754206978791e-01 0.000000000000000000e+00 7.619123732885271783e-02 0.000000000000000000e+00 0.000000000000000000e+00 0.000000000000000000e+00 1.725338264016480772e-01 1.241311184137730821e-03 1.451580951544508523e-02 0.000000000000000000e+00 0.000000000000000000e+00 7.040607246773834815e-03 0.000000000000000000e+00 2.671912363626091635e-01 1.656287604089936027e-01
