1.227440490581026000e-01 1.360878602752122191e-01 0.000000000000000000e+00 4.125134409726432388e-02 7.484526461238593352e-03 2.215702117823042938e-02 3.606116436833166350e-02 1.303895206344752311e-01 6.877483608182688446e-03 0.000000000000000000e+00 5.079094903322915744e-03 1.777605551318620636e-01 0.000000000000000000e+00 1.847643962384028227e-02 4.417006118515605373e-02 1.301572011676569059e-02 0.000000000000000000e+00 6.875020935705617071e-03 1.319611120350819011e-01 9.960902638722787805e-02
1.577500237200949729e-01 0.000000000000000000e+00 2.771148799800780479e-02 5.845036022803069137e-02 0.000000000000000000e+00 6.294749045747177751e-02 2.047115409055463159e-02 1.532475112889966073e-01 0.000000000000000000e+00 0.000000000000000000e+00 0.000000000000000000e+00 1.590902195990815948e-01 0.000000000000000000e+00 0.000000000000000000e+00 4.240516652467424263e-02 0.000000000000000000e+00 2.892032379050238355e-02 1.240182886848789634e-02 1.982022240495347198e-02 2.567842110291438940e-01
4.596320418180047974e-03 3.540165672174906686e-02 9.359894960819688248e-02 1.915632821171645295e-01 5.309607410020495549e-02 0.000000000000000000e+00 0.000000000000000000e+00 2.347111753482716834e-02 1.653400224012352704e-01 0.000000000000000000e+00 0.000000000000000000e+00 0.000000000000000000e+00 1.626820801965188877e-03 2.582996759901809783e-02 0.000000000000000000e+00 7.149447518304630211e-02 9.418527258312789016e-03 1.085587124160721229e-01 1.793183948752414270e-01 3.668567896478602819e-02
0.000000000000000000e+00 1.161196604403005039e-01 0.000000000000000000e+00 1.191074923726485012e-02 1.016166413413425174e-01 0.000000000000000000e+00 0.000000000000000000e+00 6.247094238927770188e-02 1.496339177843957202e-01 0.000000000000000000e+00 0.000000000000000000e+00 2.428354003695524024e-02 8.860793177873953208e-02 7.352916755580464481e-02 0.000000000000000000e+00 1.573521464757290586e-02 0.000000000000000000e+00 2.031625864197468545e-02 3.234029393780077921e-01 1.237303676836400829e-02
2.253571682624270697e-02 0.000000000000000000e+00 1.566162115602912422e-02 1.903978312645196458e-02 1.033539591245305755e-01 1.909503774368487561e-01 5.050742705823763057e-02 1.785883732944278102e-01 3.276863492208118098e-03 0.000000000000000000e+00 0.000000000000000000e+00 1.319558272079982275e-01 0.000000000000000000e+00 0.000000000000000000e+00 0.000000000000000000e+00 0.000000000000000000e+00 0.000000000000000000e+00 0.000000000000000000e+00 2.841300512770250641e-01 0.000000000000000000e+00
1.163766977862775165e-01 4.634534689551911973e-02 1.115714261508555377e-01 0.000000000000000000e+00 8.882144328013784340e-02 1.480356527191383775e-01 4.970332099879141464e-03 7.129918005303799433e-02 9.830456899014707733e-03 0.000000000000000000e+00 0.000000000000000000e+00 2.059233821068191805e-01 0.000000000000000000e+00 0.000000000000000000e+00 0.000000000000000000e+00 0.000000000000000000e+00 0.000000000000000000e+00 0.000000000000000000e+00 7.171845534718368498e-02 1.251076266621369282e-01
1.743093606161366105e-01 0.000000000000000000e+00 3.868245517640224451e-02 4.228002029156342767e-02 1.132241555400363697e-01 1.163376341036944789e-01 0.000000000000000000e+00 4.126407531062530054e-02 8.385502081602576319e-02 1.339455680857075115e-01 0.000000000000000000e+00 1.844862411385246037e-01 0.000000000000000000e+00 0.000000000000000000e+00 3.925150208582459110e-02 6.852159549496380717e-03 0.000000000000000000e+00 3.623390102928127163e-03 2.188841718303450104e-02 0.000000000000000000e+00
5.999325597490904639e-03 9.026175974655173406e-02 1.798425205093155330e-02 1.234966916218702832e-01 9.861058625911270359e-02 0.000000000000000000e+00 6.492130150042569985e-03 1.555624797451992392e-01 4.718891126798512720e-02 0.000000000000000000e+00 0.000000000000000000e+00 1.824427055775119377e-01 0.000000000000000000e+00 4.123331952512073600e-02 0.000000000000000000e+00 0.000000000000000000e+00 0.000000000000000000e+00 2.049353357165620976e-02 1.522702709911244179e-01 5.796403389540265294e-02
1.407975082546670531e-01 4.623720252070062653e-02 1.024209887213140512e-02 0.000000000000000000e+00 7.684359721045655456e-02 0.000000000000000000e+00 7.176327150590883219e-02 1.750599237088550364e-01 2.663824571265738933e-02 1.220098960124787885e-01 1.181256380269687586e-02 1.717199856057730623e-01 0.000000000000000000e+00 0.000000000000000000e+00 8.616065516920257475e-03 3.131280204698475012e-02 0.000000000000000000e+00 2.784998254227930709e-02 7.909685668749009968e-02 0.000000000000000000e+00
1.109404767005453263e-01 0.000000000000000000e+00 0.000000000000000000e+00 2.557369958171557336e-02 1.178267393397986473e-01 0.000000000000000000e+00 4.878183740806982943e-02 1.466537626470322542e-01 1.432397130868646173e-01 6.281910984722710589e-02 0.000000000000000000e+00 8.068760241441638725e-02 0.000000000000000000e+00 0.000000000000000000e+00 8.156317776217304749e-02 0.000000000000000000e+00 0.000000000000000000e+00 0.000000000000000000e+00 0.000000000000000000e+00 1.819138812121573745e-01
4.328908447738129966e-02 5.799647536041628582e-02 0.000000000000000000e+00 1.050262744269811893e-01 0.000000000000000000e+00 3.819273290719293890e-02 1.845385941809053743e-02 1.509453131378405734e-02 1.412924986013152640e-01 3.811714828994413468e-02 6.405304295275113073e-03 1.705416748111794611e-01 0.000000000000000000e+00 0.000000000000000000e+00 8.254946842144234020e-02 0.000000000000000000e+00 1.222562418219809016e-01 1.372695204667768731e-01 2.351518538823956991e-02 0.000000000000000000e+00
7.824891620794674485e-02 0.000000000000000000e+00 7.168456744881131215e-02 7.588020971109776802e-03 0.000000000000000000e+00 2.523432306098489369e-02 5.192321310682909696e-03 1.721843161401841460e-01 8.568113487833195485e-02 3.959791903623335885e-02 0.000000000000000000e+00 3.202491127232238166e-01 0.000000000000000000e+00 1.855415410720306565e-02 0.000000000000000000e+00 1.571986558694478398e-02 1.339661329056775207e-02 1.161530216853441377e-01 0.000000000000000000e+00 3.051571355243136441e-02
1.356642564251121785e-01 2.192751854211288237e-02 9.551158245494404233e-04 0.000000000000000000e+00 0.000000000000000000e+00 1.240920888284390566e-01 0.000000000000000000e+00 1.304657040311424376e-01 1.168797386244478792e-01 1.420956943705387054e-01 0.000000000000000000e+00 1.755343822344125337e-01 2.276770087809105655e-02 1.715854070270531528e-03 1.042517530125871839e-01 0.000000000000000000e+00 4.559790822816784522e-03 0.000000000000000000e+00 0.000000000000000000e+00 1.909040233547935547e-02
1.464697443855200454e-01 5.976140181944002150e-02 1.463401778181760808e-02 3.183052452805899130e-02 9.605549539030568129e-03 0.000000000000000000e+00 8.318590694157115828e-02 1.349931010330571446e-01 0.000000000000000000e+00 0.000000000000000000e+00 0.000000000000000000e+00 3.358659005265161590e-01 1.788396559791463267e-02 0.000000000000000000e+00 1.459460585074691397e-01 0.000000000000000000e+00 0.000000000000000000e+00 1.982382933960434232e-02 0.000000000000000000e+00 0.000000000000000000e+00
6.034363710498936301e-02 2.740251877438961217e-02 6.223563721637689374e-03 8.631632742962497273e-02 0.000000000000000000e+00 2.159571760883697428e-02 0.000000000000000000e+00 3.896234209731451459e-02 2.362662610511480077e-01 5.207771058478627424e-02 0.000000000000000000e+00 2.686319253969163823e-01 0.000000000000000000e+00 0.000000000000000000e+00 1.830298998341690075e-01 0.000000000000000000e+00 0.000000000000000000e+00 0.000000000000000000e+00 0.000000000000000000e+00 1.915009639618716827e-02
7.230159206236240477e-02 0.000000000000000000e+00 2.069719258879267609e-01 4.588803002533369674e-02 2.475906591170326868e-02 2.684182828498984930e-01 0.000000000000000000e+00 1.428531498913087130e-02 0.000000000000000000e+00 0.000000000000000000e+00 0.000000000000000000e+00 1.134597094036420180e-02 0.000000000000000000e+00 0.000000000000000000e+00 0.000000000000000000e+00 0.000000000000000000e+00 0.000000000000000000e+00 0.000000000000000000e+00 1.896681521600271925e-01 1.663616651732530982e-01
1.195383091973630241e-01 0.000000000000000000e+00 0.000000000000000000e+00 0.000000000000000000e+00 8.028696067135391906e-05 1.340147260055028489e-01 6.830890846472324751e-02 1.556097108505620774e-01 8.976239189346914282e-02 0.000000000000000000e+00 0.000000000000000000e+00 1.023140114777021659e-01 1.743442745622121939e-02 0.000000000000000000e+00 1.167508885733702269e-02 0.000000000000000000e+00 9.478078201808660952e-03 0.000000000000000000e+00 1.559645798466005318e-01 1.358194807880386823e-01
2.043120058634333158e-01 6.686721796768695103e-02 0.000000000000000000e+00 0.000000000000000000e+00 1.071048818276859604e-01 0.000000000000000000e+00 0.000000000000000000e+00 1.109641094628425612e-01 4.995168322139550282e-02 0.000000000000000000e+00 0.000000000000000000e+00 2.501556059836836376e-01 0.000000000000000000e+00 0.000000000000000000e+00 1.940970864388609773e-01 0.000000000000000000e+00 0.000000000000000000e+00 0.000000000000000000e+00 1.654740923441105210e-02 0.000000000000000000e+00
1.223758455914737142e-01 1.079275239243423709e-02 0.000000000000000000e+00 2.109983989257653569e-01 1.503742207627921726e-02 0.000000000000000000e+00 0.000000000000000000e+00 0.000000000000000000e+00 1.688499701830459554e-01 0.000000000000000000e+00 1.524370565005776779e-02 2.352151292045216377e-02 0.000000000000000000e+00 0.000000000000000000e+00 2.292029562474287019e-01 0.000000000000000000e+00 0.000000000000000000e+00 0.000000000000000000e+00 2.984908326645682036e-02 1.741283527466060965e-01
1.237339589365161474e-01 7.602060890435619056e-02 0.000000000000000000e+00 1.506031764238801619e-02 3.306114691793560906e-02 3.038399495152683746e-02 0.000000000000000000e+00 7.658790883613321443e-02 2.878528838986878571e-02 0.000000000000000000e+00 0.000000000000000000e+00 2.345545197671738413e-01 0.000000000000000000e+00 0.000000000000000000e+00 0.000000000000000000e+00 0.000000000000000000e+00 0.000000000000000000e+00 2.810654268264018568e-02 1.904678093874682121e-01 1.632379035839929826e-01
0.000000000000000000e+00 0.000000000000000000e+00 0.000000000000000000e+00 1.605069786760437156e-01 0.000000000000000000e+00 1.623008343219788652e-01 0.000000000000000000e+00 1.307116694954650049e-01 0.000000000000000000e+00 1.957872892567514775e-02 1.152546674931282378e-01 5.786796962223134805e-02 0.000000000000000000e+00 0.000000000000000000e+00 2.141180020854850097e-01 0.000000000000000000e+00 0.000000000000000000e+00 0.000000000000000000e+00 0.000000000000000000e+00 1.396611493799927717e-01
1.369266955921037525e-02 1.154796219235674076e-01 1.427521423364366271e-01 1.537872398410581876e-01 0.000000000000000000e+00 0.000000000000000000e+00 0.000000000000000000e+00 0.000000000000000000e+00 7.709327779957936277e-02 1.065673189670892328e-02 2.271724481176910435e-02 1.530816033352937477e-01 0.000000000000000000e+00 2.697196412771755286e-02 0.000000000000000000e+00 9.606377633623852316e-03 0.000000000000000000e+00 0.000000000000000000e+00 1.634534829955327784e-01 1.107076437395021346e-01
0.000000000000000000e+00 0.000000000000000000e+00 0.000000000000000000e+00 1.163991446724158274e-01 1.378205263054180785e-01 2.774878886937417327e-02 7.318199953291104620e-02 1.250049873495332753e-01 2.445439947023058183e-02 8.208009466776568230e-02 0.000000000000000000e+00 1.964121493162601650e-01 0.000000000000000000e+00 0.000000000000000000e+00 4.393151329989301163e-03 0.000000000000000000e+00 0.000000000000000000e+00 0.000000000000000000e+00 2.125047584861018413e-01 0.000000000000000000e+00
0.000000000000000000e+00 1.266496468810958675e-01 1.790352951754567434e-02 0.000000000000000000e+00 1.700685705415099502e-01 1.955016026702933452e-01 0.000000000000000000e+00 4.258102062116298631e-02 7.498520167587700846e-02 0.000000000000000000e+00 0.000000000000000000e+00 1.605964375827933777e-01 0.000000000000000000e+00 0.000000000000000000e+00 0.000000000000000000e+00 0.000000000000000000e+00 3.234465247202625727e-03 0.000000000000000000e+00 2.084795252625190609e-01 0.000000000000000000e+00
1.001984079011157963e-01 5.395605044264658451e-02 1.973233747785217707e-02 1.197728779250130243e-01 0.000000000000000000e+00 1.631287011038842494e-01 7.605794121927648976e-02 5.414445873856665176e-02 0.000000000000000000e+00 5.463285773568600512e-02 0.000000000000000000e+00 0.000000000000000000e+00 0.000000000000000000e+00 0.000000000000000000e+00 0.000000000000000000e+00 9.316399773092956527e-02 0.000000000000000000e+00 1.176529366469621918e-01 8.640345071172791935e-02 6.115598236633941476e-02
9.409155880926584059e-02 0.000000000000000000e+00 1.313852259369016340e-01 2.948300631784673762e-02 0.000000000000000000e+00 0.000000000000000000e+00 0.000000000000000000e+00 1.092776059393359978e-01 1.623867615695933353e-01 6.629116957273432920e-02 0.000000000000000000e+00 3.741312842835885916e-02 0.000000000000000000e+00 1.057661096382406241e-01 2.844901224823509142e-02 2.550492482907698588e-02 0.000000000000000000e+00 0.000000000000000000e+00 2.000537931240877754e-01 9.897703586322820907e-03
1.068071432729385817e-01 9.841052534878454161e-02 1.852314824839089782e-02 1.138611785282095563e-02 1.277977642699476210e-02 2.621982738697857876e-02 0.000000000000000000e+00 2.212727827209443887e-01 1.982208377448732919e-02 5.827729816637042953e-02 4.411103458904084423e-03 2.117334420352522950e-01 0.000000000000000000e+00 0.000000000000000000e+00 1.655232094453832070e-01 0.000000000000000000e+00 5.666296807921868649e-03 3.627166830541157794e-02 2.895576748416438164e-03 0.000000000000000000e+00
1.475587041604128624e-01 6.181812532719422465e-02 2.611461792651461819e-02 6.556560991223928797e-03 0.000000000000000000e+00 1.080355239075962009e-01 0.000000000000000000e+00 1.863307238937831622e-01 0.000000000000000000e+00 0.000000000000000000e+00 0.000000000000000000e+00 2.251274633425636995e-01 0.000000000000000000e+00 0.000000000000000000e+00 5.044210706754607455e-03 0.000000000000000000e+00 6.627510350622880207e-03 0.000000000000000000e+00 1.692265972375588678e-01 5.755996215577498243e-02
6.531241296013373665e-02 0.000000000000000000e+00 0.000000000000000000e+00 1.913181004454419729e-02 1.275454640376937065e-01 2.933665866274180745e-02 1.881322340169698862e-02 5.126780379320094484e-03 1.085041714004215951e-01 4.976372869147167172e-02 4.187703335056276212e-03 1.619379759112523631e-01 1.177467583999942079e-02 0.000000000000000000e+00 9.051251413754854425e-02 0.000000000000000000e+00 0.000000000000000000e+00 1.388584451062684355e-01 3.141777340378274636e-02 1.377766626880684575e-01
1.586093556658137727e-01 0.000000000000000000e+00 2.889387816148695706e-02 0.000000000000000000e+00 9.302973049816964934e-02 0.000000000000000000e+00 0.000000000000000000e+00 2.188004525498277175e-03 9.421960717335972624e-02 8.607620874846620695e-02 0.000000000000000000e+00 1.984774543954619663e-01 7.834967040904718127e-02 0.000000000000000000e+00 2.151181534334820622e-01 0.000000000000000000e+00 0.000000000000000000e+00 3.253686061612576230e-02 0.000000000000000000e+00 1.250107637308847837e-02
2.964995640022683506e-03 1.231260154164534049e-01 1.065181975363954786e-01 1.506627207308270378e-01 1.531930764063867481e-02 0.000000000000000000e+00 0.000000000000000000e+00 0.000000000000000000e+00 0.000000000000000000e+00 3.259949893870528644e-03 0.000000000000000000e+00 5.798474519360957008e-02 8.891482008595585906e-02 0.000000000000000000e+00 2.803076986888577427e-01 4.371224662272478120e-03 0.000000000000000000e+00 1.040484364357226743e-01 3.743816266342055166e-02 2.508372541195316371e-02
0.000000000000000000e+00 0.000000000000000000e+00 0.000000000000000000e+00 1.464539582250563299e-01 0.000000000000000000e+00 1.011808227879912730e-01 0.000000000000000000e+00 7.446059445160070622e-02 2.906077261114977106e-01 1.678156856684714926e-02 0.000000000000000000e+00 5.422974573310936769e-02 0.000000000000000000e+00 0.000000000000000000e+00 1.006549356230437842e-01 0.000000000000000000e+00 0.000000000000000000e+00 1.637660282333446710e-02 1.666463066383003233e-01 3.260773903921907607e-02
1.956267421861921513e-02 0.000000000000000000e+00 0.000000000000000000e+00 0.000000000000000000e+00 1.175340991307126555e-02 4.989720822932653538e-02 0.000000000000000000e+00 0.000000000000000000e+00 2.244844107666793265e-01 3.453986639334905018e-02 0.000000000000000000e+00 1.492543910754131342e-01 0.000000000000000000e+00 0.000000000000000000e+00 8.125261463210353696e-02 6.559478513755252760e-02 2.654710405495941047e-02 8.501593682280339515e-02 2.297645871529604977e-01 2.233301160316211731e-02
1.063130277294336845e-01 1.533719037054568149e-02 1.154747500774852415e-01 4.129420161410152917e-02 2.944095551987284051e-02 1.378537503071289583e-01 7.964982699878474237e-02 1.332590879746803625e-01 0.000000000000000000e+00 0.000000000000000000e+00 0.000000000000000000e+00 1.631875357756897849e-01 2.768180849973387800e-02 0.000000000000000000e+00 1.224064400093804149e-02 0.000000000000000000e+00 0.000000000000000000e+00 2.315675571525424321e-03 1.277216952751588364e-01 8.229850284920849426e-03
0.000000000000000000e+00 6.622937342250479441e-03 0.000000000000000000e+00 1.616258866156889129e-01 5.892160967621429615e-03 2.208554689900422627e-02 0.000000000000000000e+00 0.000000000000000000e+00 1.557650659454954678e-01 1.464202366596152431e-02 1.745236507412827043e-02 0.000000000000000000e+00 0.000000000000000000e+00 2.085555291873192937e-03 3.500143059492227815e-02 0.000000000000000000e+00 1.480705308797701791e-01 0.000000000000000000e+00 2.843409215199373397e-01 1.464155752033468316e-01
1.345424582734610908e-01 0.000000000000000000e+00 2.205244708700544037e-02 1.235567716578795348e-02 1.036409543262065309e-02 4.565482533080100075e-02 6.859081164908099881e-02 2.042505927639461094e-01 3.101679891577546408e-02 2.859763533582945771e-02 2.210701801051761627e-03 1.571129915181252445e-01 0.000000000000000000e+00 0.000000000000000000e+00 1.714564852828693864e-01 2.546876529273007714e-02 1.559467085234220174e-02 0.000000000000000000e+00 3.646939406836306047e-02 3.426164923020987713e-02
1.400523071156902777e-01 8.632401660534266830e-02 1.504035140001753756e-01 2.478539798107809444e-02 0.000000000000000000e+00 0.000000000000000000e+00 0.000000000000000000e+00 1.120885010505748569e-01 1.364713938594271647e-01 3.402197366460869496e-03 0.000000000000000000e+00 4.988838680219833538e-02 1.134496000026219724e-03 0.000000000000000000e+00 1.861460747761649881e-01 0.000000000000000000e+00 0.000000000000000000e+00 9.007978475232926441e-02 0.000000000000000000e+00 1.922392969053194484e-02
2.872841844388244331e-03 1.144936715473385963e-01 0.000000000000000000e+00 1.262255079318457540e-01 1.199228746506224019e-01 0.000000000000000000e+00 0.000000000000000000e+00 1.410672304417267056e-02 1.488650982768886522e-01 4.455611864595834110e-02 8.924919751732733261e-03 1.964903333057555213e-01 7.800942466434221921e-03 0.000000000000000000e+00 1.295240745475433226e-02 0.000000000000000000e+00 0.000000000000000000e+00 0.000000000000000000e+00 1.616649677825442721e-01 4.112359329756418158e-02
1.401447257307792682e-01 6.578484977681528512e-03 4.653965902797239235e-03 1.098255002546233705e-01 9.559166184699206814e-02 1.258867050568078863e-02 1.835096692335775118e-02 1.425322025921999525e-01 1.775618634554330943e-02 8.586516890751989817e-02 0.000000000000000000e+00 1.611032427561057967e-01 4.837721696518523101e-03 0.000000000000000000e+00 1.353245201856567714e-02 9.121155212512199392e-03 9.526914261050022786e-03 0.000000000000000000e+00 0.000000000000000000e+00 1.679909800680726428e-01
4.728692708484923124e-02 0.000000000000000000e+00 7.122264306252072859e-03 0.000000000000000000e+00 2.113728884768342198e-01 1.116921646319057188e-01 0.000000000000000000e+00 1.303565051302428834e-01 9.165315877482775077e-04 0.000000000000000000e+00 0.000000000000000000e+00 7.432363868648071692e-02 0.000000000000000000e+00 0.000000000000000000e+00 7.169930116988110225e-02 0.000000000000000000e+00 1.012086613575643584e-01 1.110189529323605956e-01 1.330021646358809928e-01 0.000000000000000000e+00
0.000000000000000000e+00 9.724979812894260500e-02 2.008873202765964205e-01 3.081598148736379439e-02 4.167874268980169272e-02 1.045923515516348906e-01 3.867058497703308034e-02 4.066214168587620886e-02 3.494142170708612171e-03 0.000000000000000000e+00 0.000000000000000000e+00 0.000000000000000000e+00 0.000000000000000000e+00 5.852207055366941829e-03 1.799302506042915750e-01 0.000000000000000000e+00 0.000000000000000000e+00 5.710303748359360498e-02 2.652429944611492049e-02 1.725391424426755138e-01
1.643415792355568117e-02 1.257829282678031395e-02 6.412637001637541689e-02 1.377131514056340600e-01 5.849989835329237609e-02 0.000000000000000000e+00 7.959387992715102889e-03 1.227714384968590922e-01 2.773894049759844087e-03 1.503099865751421071e-01 6.650800570045323559e-03 1.560278888344895365e-01 0.000000000000000000e+00 0.000000000000000000e+00 7.212765320331858410e-02 6.991557478466869230e-03 0.000000000000000000e+00 5.968578560728635823e-03 6.301928850123914017e-02 1.160476552115979332e-01
0.000000000000000000e+00 0.000000000000000000e+00 1.367125525341905123e-01 0.000000000000000000e+00 0.000000000000000000e+00 1.681823020969896720e-01 0.000000000000000000e+00 2.555589456157164596e-02 1.643061385891051163e-01 0.000000000000000000e+00 0.000000000000000000e+00 3.351937901441280621e-02 0.000000000000000000e+00 0.000000000000000000e+00 1.773224588057517245e-02 0.000000000000000000e+00 0.000000000000000000e+00 2.053341816532427977e-01 2.486573056699123430e-01 0.000000000000000000e+00
1.250950034556561341e-01 7.178533993850180761e-02 1.574744189506001590e-01 6.126193127387235399e-02 2.779255570994405410e-03 3.062501216988703506e-02 0.000000000000000000e+00 7.535344343581495963e-02 1.373870129631651615e-01 6.219298924483638441e-02 9.884016850323786019e-03 0.000000000000000000e+00 7.766681710572923003e-02 0.000000000000000000e+00 1.171388296118410915e-01 0.000000000000000000e+00 0.000000000000000000e+00 1.514392584322516409e-02 0.000000000000000000e+00 5.621200358555220739e-02
1.649222336663612107e-02 1.458513665670615189e-01 9.609409836356733181e-02 1.622222742351279168e-01 4.912622413525032095e-02 1.371814105183591370e-01 0.000000000000000000e+00 0.000000000000000000e+00 1.784029641395624630e-02 0.000000000000000000e+00 0.000000000000000000e+00 0.000000000000000000e+00 0.000000000000000000e+00 0.000000000000000000e+00 2.111821440405109718e-01 8.889999139975063303e-02 0.000000000000000000e+00 0.000000000000000000e+00 2.118464462057361927e-02 5.392532633920611718e-02
