4.486060336049307179e-02 1.283844266027859560e-01 1.797771494101647058e-03 0.000000000000000000e+00 1.229718369181865834e-01 0.000000000000000000e+00 1.352657328161476283e-02 1.738604663205663061e-03 0.000000000000000000e+00 3.016068086965651568e-02 0.000000000000000000e+00 6.166050269936907552e-02 8.106673690375361049e-03 1.599083754469081062e-02 2.703441360514098335e-01 0.000000000000000000e+00 2.343967390031327994e-02 1.882162241850654158e-02 3.942545338374124284e-03 0.000000000000000000e+00 5.017858519163316761e-04 2.055080831085089738e-02 9.371346654981292310e-03 8.949661729792253440e-02 1.343329530512457348e-01
0.000000000000000000e+00 1.305170080597508608e-01 4.001002455023167093e-02 0.000000000000000000e+00 8.733828907967691388e-03 6.295807871205197880e-03 4.121800797877023942e-02 6.300001123243745282e-02 1.838233338230124507e-04 9.523308599634563998e-02 1.234163898628339419e-03 2.000716770722462193e-02 5.807217948037695157e-03 6.561551110003731313e-02 9.569298267183327933e-02 1.508609802656279975e-02 9.123603268147424672e-02 0.000000000000000000e+00 2.141244638147723946e-03 0.000000000000000000e+00 0.000000000000000000e+00 1.356003503845698392e-02 1.140850049697197076e-02 1.531491536743618265e-01 1.398702941877313366e-01
9.045775184958736517e-03 1.955712205678742099e-01 3.316252876385706455e-02 9.496844079120994597e-02 9.134586902758408400e-02 0.000000000000000000e+00 1.697926751818218741e-02 1.565759386985835777e-01 0.000000000000000000e+00 4.840768500577730116e-02 0.000000000000000000e+00 2.280803226328616956e-02 8.931287712785063171e-02 1.422317633271108061e-03 2.522809875445030173e-02 0.000000000000000000e+00 1.195321485738951722e-03 2.200012862381922271e-02 1.081873147080535669e-01 2.674236864786905254e-03 0.000000000000000000e+00 0.000000000000000000e+00 9.695097539746051415e-03 5.659759371429210623e-02 1.482225572667791175e-02
0.000000000000000000e+00 2.867339567056968047e-02 7.091514388143317117e-03 1.122644901564644887e-03 1.111807399818319914e-01 0.000000000000000000e+00 6.351964929945488544e-03 1.277978967268249277e-01 3.493512601423779534e-02 3.811498013106084937e-02 0.000000000000000000e+00 3.935930978290964194e-02 1.776928782299476775e-02 5.731339724258049245e-02 5.593556966736660391e-02 5.667164552710371971e-03 3.669983941968887799e-03 0.000000000000000000e+00 2.298526069106624631e-02 8.355693863023915327e-03 2.829452769170030801e-02 9.386866652016973012e-02 1.227396497147509313e-01 1.812927711028554656e-01 7.480454661724063661e-03
6.812338727290649610e-04 1.270942001251889608e-01 1.722208237709305437e-02 0.000000000000000000e+00 1.518505103800559149e-02 3.333088889896439200e-02 3.132689796164772611e-02 1.298233369447809003e-02 0.000000000000000000e+00 1.270715864248837257e-01 2.115874297131497151e-03 4.371241300252950296e-02 3.945660928491315222e-03 3.733875643541190864e-02 2.482796470426287816e-01 0.000000000000000000e+00 7.511163879754159667e-02 0.000000000000000000e+00 8.325453811408343313e-03 3.304923314536591192e-03 0.000000000000000000e+00 0.000000000000000000e+00 2.786391193358167193e-02 1.646296241199852461e-01 2.047782192376283728e-02
0.000000000000000000e+00 0.000000000000000000e+00 6.658981998389430779e-02 0.000000000000000000e+00 8.252820467223290213e-02 5.421251782862309028e-03 1.140632563820688505e-01 2.155698216755072907e-02 1.033711084087559143e-02 1.107682613472560224e-01 0.000000000000000000e+00 9.633226351092380804e-03 2.621877764533209632e-03 0.000000000000000000e+00 2.186917510794411379e-01 0.000000000000000000e+00 3.991944995507221150e-02 0.000000000000000000e+00 1.406868265276284800e-02 1.050834450372862975e-03 0.000000000000000000e+00 2.244292351088666981e-02 1.289950612087183666e-02 1.180248357597753622e-01 1.493820251784507835e-01
0.000000000000000000e+00 0.000000000000000000e+00 1.724933447182735828e-04 0.000000000000000000e+00 1.216145191956721633e-01 3.114038309714043176e-02 6.030549857873095804e-02 4.599983610393054007e-02 3.401876737200175416e-02 4.093843348728220394e-02 1.594921432529222954e-03 1.647867048547208835e-01 1.493943705913094479e-02 8.227954977475216217e-03 2.434202449884324826e-02 0.000000000000000000e+00 5.424152558251261330e-02 0.000000000000000000e+00 1.845121743484352123e-02 3.801287408507031135e-03 2.460471105792734915e-03 1.533567608978418928e-01 5.881196816740827393e-02 2.427876695979429289e-02 1.365170284411237334e-01
3.320246850023084173e-02 1.077111312138862853e-01 1.308068530042356958e-01 7.424591112467984061e-03 3.284272599378870033e-02 2.959298188902326470e-03 4.109357799666150252e-02 1.639590186412600778e-02 1.852459988120506995e-02 1.357433003356645906e-01 9.921419625924776317e-03 6.263113384111386461e-02 5.101325408892894847e-02 1.772376310154913370e-02 1.098181014215560553e-01 3.249943565996567685e-03 1.082620583477018478e-01 6.950916036537450708e-03 1.895888302618000190e-02 3.279368307770922850e-03 0.000000000000000000e+00 0.000000000000000000e+00 1.146015568437984238e-02 1.580951804152415721e-02 5.421703681966739963e-02
5.244516554304009225e-03 2.310854891305227574e-02 2.186032090857015914e-02 1.610830634190631161e-02 9.484921712199402208e-03 4.032561045291895713e-03 2.389394329792567453e-02 8.491949963966483050e-02 1.687111905060973208e-02 3.945037050388760375e-02 2.437978141522454192e-02 2.875733063982364307e-02 1.637268988597784247e-02 0.000000000000000000e+00 2.359914036266431425e-01 2.212612172145777753e-02 1.162094340513412927e-01 3.910546235527118629e-03 3.830838348480570393e-03 2.597621980681090806e-02 1.715244723854700076e-04 1.680353626043142035e-02 2.274624742059096292e-03 1.371580717041822328e-01 1.210637691222430368e-01
0.000000000000000000e+00 6.626496804984248479e-02 8.372694058151715357e-02 1.863121154322580630e-02 0.000000000000000000e+00 6.602662239707922376e-02 3.878139995515099414e-02 4.944610522735218283e-02 2.325065459185967839e-02 1.167061160942738512e-01 0.000000000000000000e+00 1.152331927113082327e-01 3.753725878281575362e-02 0.000000000000000000e+00 4.821391205466023927e-02 0.000000000000000000e+00 7.503701310181159177e-03 2.387880165543200192e-02 1.445699823262506234e-01 3.878749307287827908e-03 8.799909701110615601e-03 1.110704193847590225e-03 2.184460651922534927e-02 1.175911706277282288e-02 1.128360459348062977e-01
1.288506690986333802e-02 8.271040667956591199e-04 1.342964063474791914e-01 1.014259934477240860e-01 6.105301472723245054e-02 2.832743855540499536e-03 3.567034268281039488e-03 1.591699729110960526e-01 0.000000000000000000e+00 1.095470107234938414e-02 4.167319351040625446e-03 1.251253140592834268e-01 3.829482882859016474e-02 0.000000000000000000e+00 1.274402827838168328e-01 1.665763772611444449e-03 4.413117174561509426e-02 0.000000000000000000e+00 1.135032179807395243e-02 1.245651896421106145e-02 0.000000000000000000e+00 1.510910040989382926e-02 8.172907902007837955e-02 2.156498092426196653e-02 2.995328073616142575e-02
7.303124445087116889e-02 1.898952515150268208e-02 8.062136379201052805e-02 1.340841434662698173e-01 2.079956985005168568e-01 0.000000000000000000e+00 3.528860672900378803e-02 1.898649446358401105e-02 1.072530415973226535e-02 1.521233088136810137e-02 0.000000000000000000e+00 5.205302795671122931e-03 0.000000000000000000e+00 4.696713814916011337e-03 1.515191589911856762e-01 0.000000000000000000e+00 6.420701707089655937e-03 0.000000000000000000e+00 6.945983706812213984e-03 5.798064892110969121e-02 0.000000000000000000e+00 0.000000000000000000e+00 1.062641467081088149e-02 1.434160688994016719e-01 1.825429489814386561e-02
1.810202035598620918e-02 1.148710695572771473e-01 0.000000000000000000e+00 5.275238066181196089e-02 7.083976461474057740e-02 0.000000000000000000e+00 2.921200675674540809e-02 1.022673859409601177e-01 0.000000000000000000e+00 0.000000000000000000e+00 0.000000000000000000e+00 2.375167420952686848e-01 7.246830767342608837e-02 1.188584382312213306e-02 3.984846080573899857e-02 1.663148535913625339e-02 2.662445397446725100e-03 1.185005663036407461e-02 1.598934753359290417e-01 0.000000000000000000e+00 4.729140282125269927e-03 0.000000000000000000e+00 5.446941470992131690e-02 0.000000000000000000e+00 0.000000000000000000e+00
2.740781216556837860e-02 1.335881746679931370e-01 0.000000000000000000e+00 3.423164483887967957e-02 0.000000000000000000e+00 4.671282491453347327e-03 1.626544219827695884e-02 8.549040553583356350e-02 0.000000000000000000e+00 1.312539964471062526e-01 6.542208177743840357e-03 1.954483673018944656e-02 2.631135701182073586e-02 0.000000000000000000e+00 1.776048847132659370e-01 8.669342186529085600e-03 0.000000000000000000e+00 2.291082494820205050e-03 1.571442286556566648e-01 0.000000000000000000e+00 0.000000000000000000e+00 0.000000000000000000e+00 9.764501804287625819e-02 7.133828364198652183e-02 0.000000000000000000e+00
0.000000000000000000e+00 3.802868332860684809e-04 1.119503574972307430e-01 1.354055856519585481e-02 1.576797228468184153e-01 1.135329803228300322e-01 3.875795654308325511e-02 1.381547258062402680e-02 1.020937386196973419e-02 7.532676873234860071e-02 4.413937773084852106e-02 2.214235438842792336e-01 0.000000000000000000e+00 9.978295050135040090e-03 3.248555741265676117e-02 1.418306664498555567e-02 1.495110934495414660e-03 5.993861063345222798e-03 7.682222908421845742e-02 1.694252809227896105e-03 0.000000000000000000e+00 0.000000000000000000e+00 2.077862109600132207e-02 1.601220671620520253e-03 3.421138583479933770e-02
0.000000000000000000e+00 2.230499096274331759e-03 0.000000000000000000e+00 0.000000000000000000e+00 1.413058097088913667e-02 0.000000000000000000e+00 1.776532358941338430e-01 1.413848227058792373e-01 2.875743926890086000e-03 3.018811149068171412e-02 2.115273132292801520e-02 2.366530102892344112e-01 0.000000000000000000e+00 7.123263256528658549e-02 5.528899294654029267e-02 0.000000000000000000e+00 3.850488298510700014e-02 4.464372824542392482e-02 1.511585314790520884e-01 0.000000000000000000e+00 0.000000000000000000e+00 0.000000000000000000e+00 0.000000000000000000e+00 0.000000000000000000e+00 1.290249608167935193e-02
6.858571818565481482e-02 1.060775570591603392e-02 7.649487305289080774e-02 7.172312157954567613e-02 1.464277932218703560e-01 2.375338316976959366e-02 2.368045355264581688e-03 4.920095645979521808e-03 0.000000000000000000e+00 1.475772055072562816e-01 3.084711940138168754e-02 2.211584935924398865e-02 3.974293960229254019e-03 0.000000000000000000e+00 1.845108930258974600e-01 0.000000000000000000e+00 1.040604632706631193e-02 0.000000000000000000e+00 1.442032103364579154e-01 3.376291686045200914e-04 0.000000000000000000e+00 0.000000000000000000e+00 1.162118007572772276e-02 2.866051560041731755e-02 1.086527132082615137e-02
0.000000000000000000e+00 1.608920640556752227e-02 4.979964360192620787e-02 8.957722314290531007e-02 4.336097726951102307e-03 1.494006092959337256e-02 1.322831041725519019e-01 1.170076959912630665e-01 1.091395894451147562e-02 1.275268680381590539e-02 5.702753613823067537e-03 1.247534989866576211e-01 2.872051522831720050e-02 0.000000000000000000e+00 1.315251220145857713e-01 0.000000000000000000e+00 7.722369540238029203e-04 0.000000000000000000e+00 1.947310759517011935e-01 0.000000000000000000e+00 0.000000000000000000e+00 3.986471593558874038e-03 1.772783400493213352e-04 0.000000000000000000e+00 6.193136959819738746e-02
0.000000000000000000e+00 3.032951395652092041e-02 4.425426749464433929e-02 4.367304050986950403e-02 1.950731683137905612e-02 4.899584731716176379e-04 4.980817303960070191e-02 4.182891795035889593e-02 4.368948307828283972e-02 6.422993147522348956e-02 0.000000000000000000e+00 4.403005025922018117e-02 7.713549959455107130e-02 2.090590806653682548e-02 1.780189519079133642e-01 0.000000000000000000e+00 1.018509993715153578e-01 9.149636233272950489e-03 0.000000000000000000e+00 0.000000000000000000e+00 3.628212508893192360e-03 9.748009074640550872e-03 7.001917451909700496e-03 6.429119885470373219e-02 1.464290138677916964e-01
3.764326579665298184e-02 6.984092152925024111e-02 9.928747614336441707e-02 8.920274662501977148e-02 0.000000000000000000e+00 0.000000000000000000e+00 5.737934806051447206e-02 1.367229279949200849e-01 4.260660785122633715e-02 5.419061193321646902e-02 0.000000000000000000e+00 6.481753933821371438e-02 1.121777220880721716e-02 0.000000000000000000e+00 1.308808040904057834e-01 3.225418192650897353e-02 0.000000000000000000e+00 0.000000000000000000e+00 2.853481322234761169e-02 6.843997845826093078e-04 0.000000000000000000e+00 0.000000000000000000e+00 0.000000000000000000e+00 2.468879791654784474e-03 1.422677037033145409e-01
0.000000000000000000e+00 9.293726647374895428e-03 4.833667192205889918e-03 4.331396927447420109e-02 4.978110343108025498e-02 1.016582722096269348e-01 8.647849393248842114e-04 6.791625690163809181e-02 2.826966960304195045e-02 9.083026893752986497e-02 6.945516977232857672e-03 2.185002650301831606e-02 5.145854808420036175e-02 4.435768976640718474e-03 1.651192381321164859e-01 1.169455622286091814e-03 1.724955556834810097e-02 0.000000000000000000e+00 0.000000000000000000e+00 2.260875658365710445e-04 3.270094834661285699e-02 7.142284180303562491e-02 2.297966770060264063e-02 9.741173801570561508e-02 1.102688875680668534e-01
0.000000000000000000e+00 1.289953798906401383e-02 1.151718133514442188e-01 5.857933241726143853e-02 1.736761256178461638e-02 6.022723760554796885e-03 9.930630504185168628e-03 9.226603184371682739e-03 6.811554836298335750e-04 1.121891975469437447e-01 4.617962985197918667e-03 1.990806993936947503e-02 4.136871357667471633e-02 1.042113114443586966e-02 2.582697961625014527e-01 0.000000000000000000e+00 1.210194577275641170e-01 6.759884111651846697e-04 0.000000000000000000e+00 0.000000000000000000e+00 1.682568769065803313e-02 5.152812583156674963e-04 1.067749037564182449e-02 1.698614683868227282e-01 3.770345542413435381e-03
0.000000000000000000e+00 6.595156746175988294e-02 5.385331965070947781e-03 3.884656008384487769e-02 1.217854423234235595e-01 1.939419254843414986e-02 1.617178119649559931e-01 2.728398147714907601e-02 1.158973865940668251e-02 0.000000000000000000e+00 0.000000000000000000e+00 2.483031127579227518e-02 0.000000000000000000e+00 0.000000000000000000e+00 1.945838651390902618e-01 1.878805318199037663e-02 8.861988612526935927e-02 1.015692634788159868e-02 1.459301988363572999e-01 3.120095381120429473e-02 0.000000000000000000e+00 0.000000000000000000e+00 0.000000000000000000e+00 9.887425849225885827e-03 2.404775294914345690e-02
0.000000000000000000e+00 5.744075250735837870e-03 0.000000000000000000e+00 0.000000000000000000e+00 1.517809529118640047e-02 9.683346053165699935e-03 1.157581434768603645e-01 3.190423570780317325e-02 0.000000000000000000e+00 1.694071065109370444e-02 0.000000000000000000e+00 1.336461832078814360e-01 1.226162648956046347e-01 0.000000000000000000e+00 3.910019753106816487e-02 6.320542402370656933e-03 8.747781181842831377e-02 1.483982510647765618e-03 1.669715182722049385e-01 2.240879473153942203e-02 6.436276389600059135e-03 5.092440055237394680e-02 3.604454599794180286e-02 1.661281401496613949e-02 1.147480612445275633e-01
1.473840703305800276e-02 2.644873564103193686e-02 1.550757529642870364e-02 4.162676269943077142e-03 9.986682785982428645e-03 3.767752696724652444e-03 4.514024738256448323e-03 8.455982827610046548e-02 0.000000000000000000e+00 7.753280631823863955e-02 1.690603483372592544e-02 3.260287990552868109e-02 1.031983920738586830e-01 8.367227249371571307e-02 2.332153123490341429e-01 0.000000000000000000e+00 0.000000000000000000e+00 2.744890197109720389e-02 3.264090263141512793e-03 0.000000000000000000e+00 9.573473497431027671e-03 7.795554358363237200e-03 0.000000000000000000e+00 9.412371178572917843e-03 2.316922280197666884e-01
4.623223922698556365e-02 1.264313783945233971e-01 0.000000000000000000e+00 0.000000000000000000e+00 1.644911550315144785e-02 0.000000000000000000e+00 1.311426163969154901e-01 5.186887540791332339e-04 2.671279012252221127e-02 0.000000000000000000e+00 0.000000000000000000e+00 1.451475952244550838e-01 1.010699623260481565e-02 1.524275619760839806e-02 1.464230381443074602e-01 0.000000000000000000e+00 1.030589607553662884e-01 7.200331350720362610e-04 1.431306095242604604e-01 0.000000000000000000e+00 0.000000000000000000e+00 0.000000000000000000e+00 5.190603684734828097e-03 7.235609344174899482e-02 1.113648526166432021e-02
0.000000000000000000e+00 1.045390362883379526e-01 6.906922738175345911e-02 2.910077492615256722e-02 1.535425733221489931e-02 0.000000000000000000e+00 1.487439098736452643e-02 1.822867264382048436e-01 9.055330530986000284e-03 1.495939433496853710e-01 7.165722230556330341e-02 0.000000000000000000e+00 1.192938659276609678e-02 2.432006220185978229e-02 6.078216194155793006e-02 0.000000000000000000e+00 7.747600056043335223e-03 0.000000000000000000e+00 0.000000000000000000e+00 0.000000000000000000e+00 0.000000000000000000e+00 7.949180581946417579e-02 1.780294802196512316e-02 1.214468974148499164e-01 3.094822841123071044e-02
7.273429391497594765e-02 3.746264751453758091e-02 9.733638256690964330e-02 1.645026412667015530e-03 1.146608934865667589e-01 1.242855941509372897e-02 3.676875594996454472e-02 4.796996994796627611e-02 1.638736752683812858e-03 7.411912644362676772e-02 1.951265827999315583e-02 1.496328876712750729e-02 1.018062565997349296e-02 2.151382154617914252e-03 1.463213229807885374e-01 0.000000000000000000e+00 3.451890962441194442e-03 2.983933719589515390e-03 7.583253971374702765e-03 2.224122601372489211e-02 9.618239083107989890e-03 1.005048018519049281e-03 1.386919014113747739e-01 1.706730379914328868e-02 1.074635327732319512e-01
3.571067527940104125e-02 3.371179487093551447e-02 1.114493304297768522e-01 1.268212296105805381e-01 1.131597500681711110e-01 0.000000000000000000e+00 5.900456767059172880e-02 1.153974867375645447e-01 0.000000000000000000e+00 2.754736293240307287e-03 1.188171242719522971e-02 8.137942816997419115e-02 1.402770015489991813e-02 2.077889718899137567e-03 8.245128288269337746e-02 1.937948343903134196e-02 1.873688374690945027e-02 0.000000000000000000e+00 8.148084211008453648e-03 9.195460463741986570e-03 1.344214946653565692e-03 0.000000000000000000e+00 1.120001353140218266e-02 1.421682753473294258e-01 0.000000000000000000e+00
0.000000000000000000e+00 8.767413854096749865e-03 1.103537888911781117e-01 3.494858144009688194e-02 1.534205817150174067e-01 1.542923990466827690e-02 4.958495403719741929e-03 0.000000000000000000e+00 0.000000000000000000e+00 1.018111760674428601e-01 0.000000000000000000e+00 4.308492940572843793e-02 4.063318139880658930e-02 9.672446575433528426e-03 1.814213646503387012e-01 0.000000000000000000e+00 8.625088276985194702e-03 0.000000000000000000e+00 3.745484542160130298e-02 1.508980102847263735e-02 1.116253621732258075e-02 0.000000000000000000e+00 0.000000000000000000e+00 1.383498536707701287e-01 8.481667607832091282e-02
