0.000000000000000000e+00 1.499878068164031686e-01 0.000000000000000000e+00 1.906874053133612301e-01 8.615796977830764494e-03 1.426408382978464583e-02 0.000000000000000000e+00 0.000000000000000000e+00 3.569043318836357098e-03 0.000000000000000000e+00 0.000000000000000000e+00 9.409758919023050727e-02 2.051331548351482958e-01 0.000000000000000000e+00 0.000000000000000000e+00 3.007619891179979209e-03 0.000000000000000000e+00 5.661414248839926125e-03 1.818212573481789440e-01 1.431548282302062547e-01
1.835708837531192317e-03 0.000000000000000000e+00 9.909271264380066654e-05 2.300210373837688060e-01 0.000000000000000000e+00 1.750499257689181951e-02 0.000000000000000000e+00 1.272874599414121899e-01 1.227665084978656895e-01 1.966428616871152349e-02 4.425908223843060679e-02 1.336848534747129280e-01 0.000000000000000000e+00 0.000000000000000000e+00 3.841058595321134028e-03 4.408576967473405023e-02 2.446321656418362078e-01 1.031798425614005067e-02 0.000000000000000000e+00 0.000000000000000000e+00
7.912176043143082094e-02 0.000000000000000000e+00 0.000000000000000000e+00 2.396667748808282983e-02 1.466313147456155819e-01 0.000000000000000000e+00 9.739302322094375852e-02 0.000000000000000000e+00 1.493770622613110610e-01 0.000000000000000000e+00 0.000000000000000000e+00 0.000000000000000000e+00 5.142158007535462677e-02 1.861662789002215823e-01 6.472204889839996977e-02 2.667306222771494151e-02 7.310085998135410715e-04 7.916479873479076099e-03 0.000000000000000000e+00 1.658797032776322122e-01
0.000000000000000000e+00 6.898415423354814502e-03 0.000000000000000000e+00 1.532550708802286610e-01 0.000000000000000000e+00 0.000000000000000000e+00 0.000000000000000000e+00 0.000000000000000000e+00 1.827910041956989085e-01 0.000000000000000000e+00 2.893167317853781104e-02 9.513342933812365260e-03 2.492196091014392545e-02 0.000000000000000000e+00 0.000000000000000000e+00 1.558376845856753456e-01 1.302852468489821072e-02 9.735609049231080947e-02 1.662079604088913809e-01 1.612582723064476808e-01
0.000000000000000000e+00 0.000000000000000000e+00 5.484662778075816841e-02 1.313097498201051261e-01 1.455363676956357433e-01 1.549341938989751699e-01 0.000000000000000000e+00 3.564339648381220638e-02 0.000000000000000000e+00 2.415468763868982432e-02 3.213841428642096043e-02 1.657974608370144654e-01 9.069960205058176517e-02 0.000000000000000000e+00 0.000000000000000000e+00 0.000000000000000000e+00 0.000000000000000000e+00 0.000000000000000000e+00 0.000000000000000000e+00 1.649394995080066262e-01
0.000000000000000000e+00 2.016116869896720024e-02 5.797421539303035908e-03 1.557237724335605311e-01 1.559657044194733555e-01 1.469145375100737172e-01 0.000000000000000000e+00 0.000000000000000000e+00 0.000000000000000000e+00 0.000000000000000000e+00 0.000000000000000000e+00 1.352633013840142950e-01 0.000000000000000000e+00 3.487175236510425130e-02 0.000000000000000000e+00 2.172325568888691105e-01 1.280697847606345752e-01 0.000000000000000000e+00 0.000000000000000000e+00 0.000000000000000000e+00
6.422547905918756482e-03 0.000000000000000000e+00 0.000000000000000000e+00 0.000000000000000000e+00 1.241012045448675466e-01 1.384395515263209531e-01 0.000000000000000000e+00 3.048030594325956341e-02 1.541587194684231887e-01 0.000000000000000000e+00 9.403037465244903914e-02 0.000000000000000000e+00 1.352043145618299080e-01 4.025220106282988153e-02 0.000000000000000000e+00 1.993417510190119424e-02 0.000000000000000000e+00 1.645712680483468471e-01 9.240533718385302020e-02 0.000000000000000000e+00
0.000000000000000000e+00 7.282020261907976022e-02 3.129638070498100971e-02 0.000000000000000000e+00 1.391211245033366350e-01 6.165524039639460468e-02 0.000000000000000000e+00 1.576302809648365277e-01 9.479677078351624389e-03 0.000000000000000000e+00 0.000000000000000000e+00 1.428236633938875233e-01 2.092970948723692493e-01 4.476756972669037465e-02 0.000000000000000000e+00 0.000000000000000000e+00 0.000000000000000000e+00 0.000000000000000000e+00 4.624122387133348250e-02 8.486754186873923800e-02
7.502327952461178111e-03 2.983576677876004571e-02 1.134094263664219698e-01 8.989568485727334954e-03 3.111390337021548991e-01 0.000000000000000000e+00 0.000000000000000000e+00 5.410497275941844597e-02 0.000000000000000000e+00 0.000000000000000000e+00 0.000000000000000000e+00 0.000000000000000000e+00 1.369620438953184083e-01 3.779373634462291666e-03 1.464123693471720833e-01 4.305114853624815441e-02 1.141496439804089713e-01 0.000000000000000000e+00 3.066432456144617749e-02 0.000000000000000000e+00
0.000000000000000000e+00 1.783254603522553550e-01 0.000000000000000000e+00 0.000000000000000000e+00 1.448657915948203534e-01 1.205456464982432585e-01 7.034416540174109368e-03 0.000000000000000000e+00 1.430908140791546657e-02 0.000000000000000000e+00 0.000000000000000000e+00 0.000000000000000000e+00 0.000000000000000000e+00 1.322960043779973505e-01 0.000000000000000000e+00 6.442113186214108722e-02 0.000000000000000000e+00 0.000000000000000000e+00 1.504376192588546546e-01 1.877648481075984144e-01
7.425054868525150613e-03 1.132971036477814844e-02 0.000000000000000000e+00 0.000000000000000000e+00 0.000000000000000000e+00 1.537000230173936333e-01 0.000000000000000000e+00 0.000000000000000000e+00 1.362054908622316596e-01 0.000000000000000000e+00 0.000000000000000000e+00 2.854086854264129697e-02 2.371273688867815421e-01 6.519428271455132706e-02 2.319777015853155891e-02 0.000000000000000000e+00 1.835440416802254504e-01 9.544448778415983228e-03 1.441909401259242052e-01 0.000000000000000000e+00
0.000000000000000000e+00 0.000000000000000000e+00 0.000000000000000000e+00 0.000000000000000000e+00 1.529915521717471749e-01 1.684069248910576577e-01 0.000000000000000000e+00 1.140042916628674491e-01 3.671862347652867127e-03 9.600273568348574246e-03 0.000000000000000000e+00 1.589094586274329424e-01 1.390453955653384033e-01 2.143043199364133566e-02 1.454367575513147437e-01 7.572023760065285658e-02 0.000000000000000000e+00 0.000000000000000000e+00 0.000000000000000000e+00 1.078281401994600486e-02
0.000000000000000000e+00 1.209137805964802664e-01 0.000000000000000000e+00 0.000000000000000000e+00 2.622294830550991884e-02 1.635604462997451158e-01 0.000000000000000000e+00 0.000000000000000000e+00 2.931913259338941868e-01 0.000000000000000000e+00 0.000000000000000000e+00 1.337687486971392559e-01 0.000000000000000000e+00 4.401653240817333945e-02 5.160332305146972387e-02 3.675931135129039545e-02 1.199954528751413646e-01 9.968130481156434533e-03 0.000000000000000000e+00 0.000000000000000000e+00
1.918095248038661355e-02 6.956809362529739298e-03 1.184837164531608589e-01 7.771470353359491434e-02 1.397362471698896380e-01 1.561489510802697156e-01 1.977222624259654220e-03 4.520559391996564758e-02 0.000000000000000000e+00 0.000000000000000000e+00 0.000000000000000000e+00 1.590464873250766742e-01 6.904198526773359934e-02 2.723708349988654756e-02 2.958946258878125332e-02 0.000000000000000000e+00 3.310970632830127769e-02 1.156973430890965993e-01 8.737352770672604605e-04 0.000000000000000000e+00
4.681793514467636960e-03 1.613856215373953018e-01 2.174318522849117558e-02 0.000000000000000000e+00 0.000000000000000000e+00 0.000000000000000000e+00 0.000000000000000000e+00 0.000000000000000000e+00 1.495857970009426552e-01 0.000000000000000000e+00 0.000000000000000000e+00 6.370909885738630131e-03 1.664801762618687286e-01 0.000000000000000000e+00 1.546769845630961704e-01 0.000000000000000000e+00 3.372556590944369992e-02 1.367608819178317836e-01 0.000000000000000000e+00 1.645890841807241822e-01
0.000000000000000000e+00 0.000000000000000000e+00 0.000000000000000000e+00 0.000000000000000000e+00 1.560822647950585174e-01 0.000000000000000000e+00 0.000000000000000000e+00 0.000000000000000000e+00 0.000000000000000000e+00 0.000000000000000000e+00 1.549440663559528740e-03 0.000000000000000000e+00 1.779864520429730312e-01 0.000000000000000000e+00 4.887650195750165016e-02 1.302549013042173798e-01 1.253406173620353614e-01 3.239615580493663410e-02 2.433971636371053127e-01 8.411650243261255266e-02
2.562726459163652826e-03 0.000000000000000000e+00 5.162291523827577076e-03 7.905284606669879532e-03 3.406215854765602680e-02 1.379972991979758479e-01 1.418833812451057719e-02 1.123947548142678610e-01 1.889067407642270463e-02 0.000000000000000000e+00 9.968795905089704312e-02 2.464154744155307858e-02 3.697016703712877744e-02 8.949493353002239970e-02 5.485805581644526141e-02 2.024336765135526656e-02 0.000000000000000000e+00 0.000000000000000000e+00 7.789979586376685750e-02 2.630406462583371185e-01
0.000000000000000000e+00 1.264981615552237260e-01 0.000000000000000000e+00 1.471921667711975357e-01 2.404805325926318016e-02 1.492405352316140410e-01 1.358841323257373515e-02 0.000000000000000000e+00 0.000000000000000000e+00 0.000000000000000000e+00 1.269748990380918131e-02 0.000000000000000000e+00 7.364595752277772189e-02 0.000000000000000000e+00 7.265422824385346125e-03 0.000000000000000000e+00 0.000000000000000000e+00 1.333730849448729440e-03 1.609380251943815232e-01 2.835520436553253809e-01
0.000000000000000000e+00 0.000000000000000000e+00 0.000000000000000000e+00 9.139783998991833983e-04 2.837980598310643754e-01 0.000000000000000000e+00 0.000000000000000000e+00 0.000000000000000000e+00 0.000000000000000000e+00 0.000000000000000000e+00 1.204286531152039610e-02 1.504215577998022912e-01 0.000000000000000000e+00 1.446433433560253001e-01 1.827105795096947427e-01 0.000000000000000000e+00 3.874289504366028314e-02 3.046247701455803356e-02 0.000000000000000000e+00 1.562642437337754264e-01
0.000000000000000000e+00 0.000000000000000000e+00 0.000000000000000000e+00 1.279940293491357572e-01 1.890815638448484770e-01 1.147167409339373834e-01 0.000000000000000000e+00 0.000000000000000000e+00 0.000000000000000000e+00 1.184325098955436861e-01 3.073569020506395841e-02 0.000000000000000000e+00 5.342863845747167217e-02 0.000000000000000000e+00 9.989415432477543114e-03 0.000000000000000000e+00 0.000000000000000000e+00 0.000000000000000000e+00 1.665905129744894575e-01 1.890308989070320356e-01
