0.000000000000000000e+00 0.000000000000000000e+00 8.751916363522441178e-02 0.000000000000000000e+00 4.462058621801803099e-02 0.000000000000000000e+00 3.331956966224046586e-03 0.000000000000000000e+00 0.000000000000000000e+00 0.000000000000000000e+00 0.000000000000000000e+00 1.329459631992958302e-01 0.000000000000000000e+00 0.000000000000000000e+00 1.688904719850644609e-01 0.000000000000000000e+00 0.000000000000000000e+00 1.566127209443443913e-01 1.136281227246828396e-02 1.661010460783867992e-01 0.000000000000000000e+00 0.000000000000000000e+00 7.804163403709482583e-02 1.114410812342670615e-02 1.394295365404522036e-01
3.267192239907786011e-02 0.000000000000000000e+00 2.774968769407770708e-02 0.000000000000000000e+00 0.000000000000000000e+00 0.000000000000000000e+00 1.116972739047653596e-01 0.000000000000000000e+00 0.000000000000000000e+00 0.000000000000000000e+00 0.000000000000000000e+00 5.219514797254699162e-02 0.000000000000000000e+00 7.971457865121372999e-02 1.838409007419900820e-01 0.000000000000000000e+00 1.775502958460047909e-01 1.241888167793441487e-02 0.000000000000000000e+00 0.000000000000000000e+00 1.412320057558178465e-01 0.000000000000000000e+00 0.000000000000000000e+00 1.559804955450859731e-01 2.494880981148532226e-02
0.000000000000000000e+00 0.000000000000000000e+00 0.000000000000000000e+00 0.000000000000000000e+00 0.000000000000000000e+00 0.000000000000000000e+00 9.970428249746574045e-02 4.516244884149672734e-02 0.000000000000000000e+00 7.967474470715840001e-03 0.000000000000000000e+00 3.951757492348641210e-02 0.000000000000000000e+00 1.417117353028723645e-02 1.870870242844575593e-01 0.000000000000000000e+00 2.456541844612572176e-02 8.964390787968537500e-02 0.000000000000000000e+00 1.432407827961422464e-01 0.000000000000000000e+00 7.919784276568719861e-02 1.493354057593695161e-01 5.740713147244336928e-02 6.299953233263708152e-02
0.000000000000000000e+00 0.000000000000000000e+00 8.178048913482578730e-02 0.000000000000000000e+00 6.376808842121921284e-02 0.000000000000000000e+00 0.000000000000000000e+00 0.000000000000000000e+00 0.000000000000000000e+00 0.000000000000000000e+00 0.000000000000000000e+00 1.501561679152743356e-01 0.000000000000000000e+00 0.000000000000000000e+00 4.390152684046965542e-02 0.000000000000000000e+00 0.000000000000000000e+00 9.104611622232434975e-02 0.000000000000000000e+00 2.808605915119961050e-01 1.368461404503816814e-01 0.000000000000000000e+00 0.000000000000000000e+00 1.516408795035089907e-01 0.000000000000000000e+00
0.000000000000000000e+00 0.000000000000000000e+00 2.387625453485388641e-02 0.000000000000000000e+00 0.000000000000000000e+00 0.000000000000000000e+00 1.364300295342384395e-01 0.000000000000000000e+00 0.000000000000000000e+00 0.000000000000000000e+00 0.000000000000000000e+00 7.670201481063447513e-02 2.941115455211150073e-02 2.566269355807677954e-02 1.475032154729518374e-01 3.281854012310693458e-02 0.000000000000000000e+00 0.000000000000000000e+00 8.383137439052508466e-03 8.673007646349711885e-02 6.648619311481585026e-02 2.925641825267352725e-02 1.045419190880013532e-01 2.321983530559857678e-01 0.000000000000000000e+00
0.000000000000000000e+00 0.000000000000000000e+00 0.000000000000000000e+00 0.000000000000000000e+00 1.253982258114902104e-01 7.913616598180413242e-02 1.795374690113964999e-01 5.621566322439829760e-02 0.000000000000000000e+00 1.151351730150998280e-02 0.000000000000000000e+00 0.000000000000000000e+00 0.000000000000000000e+00 1.591610226712017115e-02 3.814033092639496775e-02 0.000000000000000000e+00 0.000000000000000000e+00 0.000000000000000000e+00 0.000000000000000000e+00 5.441425885414996610e-02 0.000000000000000000e+00 0.000000000000000000e+00 1.125249751027269651e-01 1.715713150011940469e-01 1.556319765178148795e-01
0.000000000000000000e+00 0.000000000000000000e+00 8.814170479011262938e-02 0.000000000000000000e+00 1.412300493873820950e-01 0.000000000000000000e+00 7.395240264236050548e-03 1.386452079625671852e-01 0.000000000000000000e+00 0.000000000000000000e+00 8.229887994427302622e-03 0.000000000000000000e+00 0.000000000000000000e+00 0.000000000000000000e+00 2.704343645422438991e-01 0.000000000000000000e+00 1.331452170039226501e-01 0.000000000000000000e+00 5.858364575923146605e-02 4.086115933917906784e-02 0.000000000000000000e+00 0.000000000000000000e+00 0.000000000000000000e+00 2.804472043134134326e-02 8.528880252535611661e-02
1.000463513218753132e-02 0.000000000000000000e+00 6.463818696722883027e-03 0.000000000000000000e+00 0.000000000000000000e+00 0.000000000000000000e+00 0.000000000000000000e+00 4.253024867407357440e-02 0.000000000000000000e+00 0.000000000000000000e+00 0.000000000000000000e+00 1.700854025547714754e-01 0.000000000000000000e+00 0.000000000000000000e+00 1.161654075048332430e-01 8.972453248010991977e-02 1.376146143256345433e-01 0.000000000000000000e+00 2.106133949880987719e-02 4.949686620864886949e-02 7.599428732121988987e-03 0.000000000000000000e+00 1.351625583716221379e-01 0.000000000000000000e+00 2.140911478204639562e-01
0.000000000000000000e+00 0.000000000000000000e+00 2.522949814671644059e-02 0.000000000000000000e+00 8.665470652800283391e-02 0.000000000000000000e+00 1.526825914744242008e-01 1.311681333284192841e-01 0.000000000000000000e+00 1.278925777793910208e-02 0.000000000000000000e+00 0.000000000000000000e+00 0.000000000000000000e+00 0.000000000000000000e+00 1.409607564558339188e-01 0.000000000000000000e+00 1.222738057264570050e-01 1.271419221187470583e-01 3.769196795013807916e-02 0.000000000000000000e+00 1.100515939027494998e-02 0.000000000000000000e+00 8.071723951565953903e-02 7.168496158738758839e-02 0.000000000000000000e+00
0.000000000000000000e+00 1.177919573910471696e-01 3.805259741934308160e-02 4.522500867199306246e-02 0.000000000000000000e+00 9.368751045879976716e-03 1.752692587823610759e-01 1.306723425974758157e-01 2.458350958740568304e-02 4.658566308160567646e-03 0.000000000000000000e+00 2.662573254823000050e-03 0.000000000000000000e+00 0.000000000000000000e+00 6.104283619520083776e-02 9.385893506901156480e-02 7.467008937347986708e-02 0.000000000000000000e+00 0.000000000000000000e+00 1.646582507749963769e-03 0.000000000000000000e+00 0.000000000000000000e+00 0.000000000000000000e+00 1.515016950746219532e-02 2.053468222886060957e-01
0.000000000000000000e+00 0.000000000000000000e+00 1.730454858343555002e-01 3.094164695261588174e-02 1.292038738633407569e-01 6.838035495977287138e-03 0.000000000000000000e+00 0.000000000000000000e+00 0.000000000000000000e+00 0.000000000000000000e+00 0.000000000000000000e+00 1.667684499512729068e-01 0.000000000000000000e+00 0.000000000000000000e+00 0.000000000000000000e+00 1.174168371352234258e-01 1.759252781688126210e-01 0.000000000000000000e+00 1.973671662121161408e-01 2.493226386285400664e-03 0.000000000000000000e+00 0.000000000000000000e+00 0.000000000000000000e+00 0.000000000000000000e+00 0.000000000000000000e+00
0.000000000000000000e+00 1.107700733326331677e-01 0.000000000000000000e+00 0.000000000000000000e+00 1.315536307414042760e-01 0.000000000000000000e+00 1.593920038176550869e-01 1.651711074903782217e-01 0.000000000000000000e+00 0.000000000000000000e+00 0.000000000000000000e+00 1.192005504540126354e-01 0.000000000000000000e+00 0.000000000000000000e+00 5.929342905680579090e-02 0.000000000000000000e+00 0.000000000000000000e+00 0.000000000000000000e+00 1.702004534058086382e-01 1.211460478819419324e-02 0.000000000000000000e+00 1.950161247152994853e-02 0.000000000000000000e+00 4.654409127258060663e-02 6.258443168997434788e-03
0.000000000000000000e+00 0.000000000000000000e+00 0.000000000000000000e+00 0.000000000000000000e+00 0.000000000000000000e+00 0.000000000000000000e+00 1.053435457139980380e-01 0.000000000000000000e+00 0.000000000000000000e+00 9.418716589451399390e-02 0.000000000000000000e+00 1.368268809154017385e-01 0.000000000000000000e+00 0.000000000000000000e+00 0.000000000000000000e+00 0.000000000000000000e+00 1.981693646488590921e-01 0.000000000000000000e+00 1.968298848075114293e-01 0.000000000000000000e+00 0.000000000000000000e+00 1.347701031902630020e-01 1.338730548294527201e-01 0.000000000000000000e+00 0.000000000000000000e+00
0.000000000000000000e+00 6.402876536763438264e-02 0.000000000000000000e+00 0.000000000000000000e+00 1.386340183877003418e-01 0.000000000000000000e+00 0.000000000000000000e+00 0.000000000000000000e+00 0.000000000000000000e+00 3.856192565259627947e-02 0.000000000000000000e+00 2.666232876254407969e-01 0.000000000000000000e+00 0.000000000000000000e+00 0.000000000000000000e+00 0.000000000000000000e+00 0.000000000000000000e+00 1.523800290832116322e-01 1.919096531431584984e-01 0.000000000000000000e+00 0.000000000000000000e+00 0.000000000000000000e+00 0.000000000000000000e+00 0.000000000000000000e+00 1.478623207402580686e-01
0.000000000000000000e+00 0.000000000000000000e+00 1.519769935376940329e-01 0.000000000000000000e+00 5.025343136919684095e-02 0.000000000000000000e+00 1.433261640690968244e-02 1.952289421665751312e-01 0.000000000000000000e+00 7.859052492846522325e-03 0.000000000000000000e+00 1.461985203234390518e-01 0.000000000000000000e+00 8.931157772600389899e-02 0.000000000000000000e+00 0.000000000000000000e+00 1.535597935848991291e-01 0.000000000000000000e+00 2.558561040996356825e-02 3.262457477752070834e-03 0.000000000000000000e+00 0.000000000000000000e+00 7.456317328401716911e-03 0.000000000000000000e+00 1.549746871763182654e-01
0.000000000000000000e+00 0.000000000000000000e+00 0.000000000000000000e+00 0.000000000000000000e+00 1.282116304406927532e-01 0.000000000000000000e+00 1.323331252621642862e-01 5.329811672605389017e-02 0.000000000000000000e+00 0.000000000000000000e+00 0.000000000000000000e+00 0.000000000000000000e+00 0.000000000000000000e+00 0.000000000000000000e+00 0.000000000000000000e+00 0.000000000000000000e+00 2.537791458706263326e-01 1.503973347467516264e-01 1.792654717370735229e-01 1.027151752166377136e-01 0.000000000000000000e+00 0.000000000000000000e+00 0.000000000000000000e+00 0.000000000000000000e+00 0.000000000000000000e+00
0.000000000000000000e+00 0.000000000000000000e+00 1.316015125023646537e-01 0.000000000000000000e+00 0.000000000000000000e+00 0.000000000000000000e+00 2.517861385139918626e-02 1.406147112385356390e-01 3.296595815158170906e-02 0.000000000000000000e+00 0.000000000000000000e+00 2.494106221038243365e-02 0.000000000000000000e+00 7.018904888133982445e-03 0.000000000000000000e+00 0.000000000000000000e+00 2.888671011810897138e-01 5.215507923690130415e-02 1.753915201531268397e-01 1.212655365864845208e-01 0.000000000000000000e+00 0.000000000000000000e+00 0.000000000000000000e+00 0.000000000000000000e+00 0.000000000000000000e+00
0.000000000000000000e+00 0.000000000000000000e+00 0.000000000000000000e+00 0.000000000000000000e+00 0.000000000000000000e+00 3.963083981235433068e-02 4.282913943407953145e-02 1.554916447409939451e-01 0.000000000000000000e+00 0.000000000000000000e+00 0.000000000000000000e+00 1.134577380436705835e-01 0.000000000000000000e+00 0.000000000000000000e+00 3.370931380259230975e-02 0.000000000000000000e+00 2.987507171610218060e-01 0.000000000000000000e+00 1.794490953405885048e-01 9.777628894434374496e-02 2.713560422037362280e-02 0.000000000000000000e+00 0.000000000000000000e+00 0.000000000000000000e+00 1.176961849998161593e-02
7.049111076084514649e-02 0.000000000000000000e+00 1.960098400915784647e-02 0.000000000000000000e+00 2.788205213266723576e-02 0.000000000000000000e+00 2.049237359506330125e-01 1.199213223961021341e-01 0.000000000000000000e+00 0.000000000000000000e+00 0.000000000000000000e+00 0.000000000000000000e+00 0.000000000000000000e+00 0.000000000000000000e+00 1.375208700806270223e-01 0.000000000000000000e+00 0.000000000000000000e+00 1.373326432214499182e-01 4.036057853297640025e-02 2.210890212196616952e-02 0.000000000000000000e+00 6.505183546175302700e-02 0.000000000000000000e+00 0.000000000000000000e+00 1.548059653318222539e-01
0.000000000000000000e+00 0.000000000000000000e+00 1.083597768511385534e-01 0.000000000000000000e+00 0.000000000000000000e+00 1.540716307882327753e-02 1.283546974420531062e-01 1.319423455868360129e-01 1.420693527097692012e-02 9.706391144267588478e-02 0.000000000000000000e+00 6.212343932394216728e-02 0.000000000000000000e+00 0.000000000000000000e+00 1.352020424610569649e-01 0.000000000000000000e+00 0.000000000000000000e+00 3.702502211583559577e-03 0.000000000000000000e+00 2.358250595463624866e-02 0.000000000000000000e+00 1.163259764268465279e-01 0.000000000000000000e+00 2.215427796745610134e-02 1.415744259819746997e-01
2.324331260491297249e-02 0.000000000000000000e+00 0.000000000000000000e+00 0.000000000000000000e+00 8.066652669719821811e-02 0.000000000000000000e+00 0.000000000000000000e+00 0.000000000000000000e+00 0.000000000000000000e+00 0.000000000000000000e+00 5.251559092477853762e-03 2.870450818647324875e-01 0.000000000000000000e+00 0.000000000000000000e+00 1.271660863810198105e-01 0.000000000000000000e+00 1.162040150407148975e-01 3.824350709328626363e-02 2.476311435481108603e-02 0.000000000000000000e+00 2.698431040402302777e-02 0.000000000000000000e+00 1.471372552709857839e-01 0.000000000000000000e+00 1.232952311958375735e-01
0.000000000000000000e+00 0.000000000000000000e+00 8.705980932754988147e-03 0.000000000000000000e+00 5.732242760513701907e-02 0.000000000000000000e+00 1.466453668929163512e-01 0.000000000000000000e+00 0.000000000000000000e+00 3.295493270950832984e-03 0.000000000000000000e+00 8.385377650136836836e-02 0.000000000000000000e+00 0.000000000000000000e+00 1.396696732664155782e-01 0.000000000000000000e+00 1.233430615811847847e-01 0.000000000000000000e+00 0.000000000000000000e+00 1.343976522420677056e-01 0.000000000000000000e+00 0.000000000000000000e+00 9.705796066196367700e-02 1.866967474943406480e-01 1.901185955089998783e-02
1.063435155089951373e-01 1.367049304111888075e-01 3.961795478486337257e-02 0.000000000000000000e+00 5.839096310725755239e-03 7.864258315340935668e-02 1.612412780316368477e-01 0.000000000000000000e+00 1.249161598959876510e-02 0.000000000000000000e+00 0.000000000000000000e+00 0.000000000000000000e+00 0.000000000000000000e+00 0.000000000000000000e+00 1.481433628479491560e-01 0.000000000000000000e+00 3.621038001840686665e-02 0.000000000000000000e+00 1.426926440964386422e-01 0.000000000000000000e+00 7.624931504433350715e-02 5.582332380245368098e-02 0.000000000000000000e+00 0.000000000000000000e+00 0.000000000000000000e+00
3.112146367850730008e-03 1.724259161002993090e-02 0.000000000000000000e+00 1.089602122200079570e-01 0.000000000000000000e+00 0.000000000000000000e+00 1.135019530970270835e-02 0.000000000000000000e+00 0.000000000000000000e+00 0.000000000000000000e+00 0.000000000000000000e+00 1.870632738259871419e-01 0.000000000000000000e+00 0.000000000000000000e+00 0.000000000000000000e+00 0.000000000000000000e+00 1.586297383948312711e-01 1.660015578796915914e-01 1.739055667822134721e-01 0.000000000000000000e+00 0.000000000000000000e+00 1.456612114167947503e-01 0.000000000000000000e+00 8.532375472729541305e-03 1.954113072016094160e-02
4.788575983242272967e-03 0.000000000000000000e+00 0.000000000000000000e+00 0.000000000000000000e+00 2.527987821291275555e-02 0.000000000000000000e+00 0.000000000000000000e+00 7.953526221419071271e-03 2.578712784220833082e-02 0.000000000000000000e+00 0.000000000000000000e+00 1.967860017643782433e-01 0.000000000000000000e+00 0.000000000000000000e+00 1.594190216261765214e-01 0.000000000000000000e+00 2.048484963141992687e-01 1.455168432246833621e-01 3.671764191202984279e-02 1.990423273219535036e-02 0.000000000000000000e+00 0.000000000000000000e+00 2.800219424819380340e-02 0.000000000000000000e+00 1.449964599183610758e-01
0.000000000000000000e+00 1.298562208893559999e-01 0.000000000000000000e+00 0.000000000000000000e+00 1.374893027702152049e-01 0.000000000000000000e+00 1.635542736880364612e-01 8.391219509460010051e-02 0.000000000000000000e+00 0.000000000000000000e+00 0.000000000000000000e+00 0.000000000000000000e+00 0.000000000000000000e+00 0.000000000000000000e+00 9.237935658687421170e-02 0.000000000000000000e+00 0.000000000000000000e+00 5.209868933430748805e-02 6.624289516884014975e-03 0.000000000000000000e+00 1.132448521911206818e-01 0.000000000000000000e+00 0.000000000000000000e+00 1.754355276080148962e-01 4.540529232059088011e-02
0.000000000000000000e+00 0.000000000000000000e+00 0.000000000000000000e+00 0.000000000000000000e+00 1.352198051735670203e-01 0.000000000000000000e+00 9.071395229216194095e-03 1.380758111582001124e-01 0.000000000000000000e+00 0.000000000000000000e+00 0.000000000000000000e+00 1.422028078952389529e-01 0.000000000000000000e+00 1.205196897594828197e-02 1.059509408138329528e-02 4.147259970581210209e-02 3.787694144651594652e-02 0.000000000000000000e+00 0.000000000000000000e+00 2.708656403297451682e-03 0.000000000000000000e+00 1.464988474878760605e-01 1.103345317190063124e-01 1.670663978501915892e-01 4.682514287374660994e-02
0.000000000000000000e+00 0.000000000000000000e+00 1.468538131158759474e-01 0.000000000000000000e+00 7.444360734150765047e-03 0.000000000000000000e+00 1.399066606599028428e-01 1.391660516407769999e-01 0.000000000000000000e+00 1.678556150544561511e-03 0.000000000000000000e+00 6.349379979689091791e-02 0.000000000000000000e+00 0.000000000000000000e+00 6.015801177042244541e-02 6.616678309593491958e-02 2.624372139235030439e-03 0.000000000000000000e+00 0.000000000000000000e+00 3.560119295735819644e-02 0.000000000000000000e+00 0.000000000000000000e+00 2.777102197999018959e-02 1.673975386355107953e-01 1.417378373234063071e-01
0.000000000000000000e+00 0.000000000000000000e+00 1.508015109901826752e-02 0.000000000000000000e+00 1.552962992919330043e-01 0.000000000000000000e+00 0.000000000000000000e+00 1.896259185256833624e-01 0.000000000000000000e+00 2.665130850852663255e-02 0.000000000000000000e+00 2.072480266243047209e-01 0.000000000000000000e+00 0.000000000000000000e+00 0.000000000000000000e+00 0.000000000000000000e+00 0.000000000000000000e+00 0.000000000000000000e+00 7.875788829696998838e-02 1.613852721728024214e-02 5.431684303409471670e-02 6.885254666862851425e-02 0.000000000000000000e+00 1.524388455453314362e-01 3.559364518822926565e-02
0.000000000000000000e+00 0.000000000000000000e+00 0.000000000000000000e+00 4.315096386357586584e-03 0.000000000000000000e+00 0.000000000000000000e+00 4.032165899274614725e-03 0.000000000000000000e+00 0.000000000000000000e+00 2.833666442849991710e-02 0.000000000000000000e+00 0.000000000000000000e+00 4.941064176261822372e-02 0.000000000000000000e+00 2.127789461414829053e-01 0.000000000000000000e+00 3.333759065343501748e-01 4.268895466153967838e-02 0.000000000000000000e+00 3.795738916494256765e-02 0.000000000000000000e+00 0.000000000000000000e+00 0.000000000000000000e+00 1.435059568199488766e-01 1.435982782009854741e-01
