5.384154954495103118e-03 0.000000000000000000e+00 1.341121603450287983e-02 4.888418474701174826e-02 9.010370469293475792e-02 7.466739827986353106e-02 1.448009995563614635e-02 0.000000000000000000e+00 1.079429699871064657e-01 0.000000000000000000e+00 2.222960411332245562e-03 2.548869961672663997e-01 0.000000000000000000e+00 0.000000000000000000e+00 0.000000000000000000e+00 0.000000000000000000e+00 1.032610546289919051e-01 1.931329369495282389e-01 9.162232319133060965e-02 0.000000000000000000e+00
1.222214159422920776e-01 0.000000000000000000e+00 0.000000000000000000e+00 1.476956448018897777e-02 0.000000000000000000e+00 2.213109480604983151e-02 0.000000000000000000e+00 1.417021790713869078e-01 3.246123867076577962e-02 2.367992230687240157e-02 1.609054816466377186e-02 2.563201271477029142e-01 0.000000000000000000e+00 2.515656568280799296e-02 0.000000000000000000e+00 9.786314992380161504e-02 5.098114460701778233e-02 3.120826006450401133e-03 1.196631537915674934e-02 1.815359078108429169e-01
1.373749169382857717e-02 9.242978448069806563e-02 1.038431465255464266e-02 1.734679626329042879e-01 1.923518216161802102e-02 0.000000000000000000e+00 0.000000000000000000e+00 2.214761832812797010e-02 4.312488339751185396e-01 0.000000000000000000e+00 4.410637482622168162e-03 0.000000000000000000e+00 0.000000000000000000e+00 0.000000000000000000e+00 1.961976395286516572e-01 0.000000000000000000e+00 0.000000000000000000e+00 2.775491075500419874e-03 0.000000000000000000e+00 3.396504398837549982e-02
2.973150984903519950e-02 0.000000000000000000e+00 0.000000000000000000e+00 0.000000000000000000e+00 4.291051335825920438e-02 0.000000000000000000e+00 6.802229810292469148e-02 3.895792603307444285e-02 1.803719536236894350e-01 1.344357962689363085e-04 0.000000000000000000e+00 2.765371015400555632e-01 5.661629750829710525e-03 0.000000000000000000e+00 0.000000000000000000e+00 1.193895592919118065e-01 4.040307093049281748e-03 3.116177049005985911e-02 5.350243133205329071e-02 1.495785637387885003e-01
4.324387637985434296e-02 1.345302677447773529e-02 0.000000000000000000e+00 1.552440126336007697e-01 7.881573927910914823e-02 1.165882891527537518e-01 0.000000000000000000e+00 1.642857122437746398e-01 0.000000000000000000e+00 0.000000000000000000e+00 0.000000000000000000e+00 6.622944712904602071e-02 0.000000000000000000e+00 1.338683178741360280e-01 0.000000000000000000e+00 0.000000000000000000e+00 2.046464914864423723e-02 2.411692517414611853e-02 1.836900042104572528e-01 0.000000000000000000e+00
1.148243437585743237e-01 1.281764238610827999e-01 3.437949314428020986e-02 9.783766272679600418e-02 0.000000000000000000e+00 6.522182717037272592e-02 7.343869013314478777e-02 8.631155543403469521e-02 1.638977484008669397e-02 0.000000000000000000e+00 0.000000000000000000e+00 2.044364555203947442e-01 0.000000000000000000e+00 0.000000000000000000e+00 2.792059900899416039e-02 3.054737029672669607e-02 8.536532377737834909e-02 0.000000000000000000e+00 1.996952939656484668e-02 1.518095093156894039e-02
1.260403600041924976e-01 0.000000000000000000e+00 7.093993787402601715e-04 2.847037506402581158e-02 1.535074609562662451e-01 3.369217743221162437e-02 0.000000000000000000e+00 6.578591790478781343e-03 2.552173648056876853e-01 0.000000000000000000e+00 3.173011260611856288e-02 1.546360095738405493e-01 2.221590086253477647e-02 0.000000000000000000e+00 0.000000000000000000e+00 1.548219841452154293e-02 0.000000000000000000e+00 1.380805050270340374e-02 1.579119986086782446e-01 0.000000000000000000e+00
8.265562482091312613e-02 0.000000000000000000e+00 5.843505799782428012e-02 2.083561410244849643e-02 9.799012671294256294e-02 0.000000000000000000e+00 6.138271109914547607e-02 1.495228976645539276e-01 2.562485177310935489e-02 0.000000000000000000e+00 0.000000000000000000e+00 2.333188519874766220e-01 0.000000000000000000e+00 0.000000000000000000e+00 0.000000000000000000e+00 0.000000000000000000e+00 0.000000000000000000e+00 0.000000000000000000e+00 2.662764651013694306e-01 3.957798740216731878e-03
0.000000000000000000e+00 0.000000000000000000e+00 0.000000000000000000e+00 1.642382281811168299e-01 2.912539483826728434e-02 0.000000000000000000e+00 0.000000000000000000e+00 2.969604432018466827e-02 3.870085586583797421e-01 0.000000000000000000e+00 0.000000000000000000e+00 0.000000000000000000e+00 0.000000000000000000e+00 0.000000000000000000e+00 2.011443936333595205e-03 2.020244469685002209e-02 2.260023244903872769e-02 1.438318684173920114e-01 2.012857845024371706e-01 0.000000000000000000e+00
1.537677817284548998e-01 0.000000000000000000e+00 0.000000000000000000e+00 7.531680025152016553e-03 1.050796502260878812e-01 1.093401125816792913e-01 3.098235593502596599e-02 9.919162140906832847e-02 4.376020670575875293e-02 7.266964630826572291e-03 0.000000000000000000e+00 2.370533840646442403e-01 0.000000000000000000e+00 6.452100949529389340e-02 0.000000000000000000e+00 3.298531850183966142e-03 0.000000000000000000e+00 0.000000000000000000e+00 0.000000000000000000e+00 1.382067013478242845e-01
8.070678164909808605e-02 0.000000000000000000e+00 0.000000000000000000e+00 1.707731187172574772e-01 0.000000000000000000e+00 1.205276205642757947e-01 6.624906469830152411e-02 3.322740177620048252e-02 1.384037312085480489e-02 0.000000000000000000e+00 0.000000000000000000e+00 2.354368374350130355e-01 6.606300047509891527e-02 0.000000000000000000e+00 6.321083132338541077e-03 0.000000000000000000e+00 6.649256738457307025e-02 1.403621510469883205e-01 0.000000000000000000e+00 0.000000000000000000e+00
1.049605804702716597e-02 6.495165006886328973e-02 1.707088890788985985e-02 1.388990846969656578e-02 0.000000000000000000e+00 1.975013819899245904e-01 0.000000000000000000e+00 2.231646286862716891e-02 1.872655379521560165e-02 5.610626755905763832e-03 0.000000000000000000e+00 3.497138567058809544e-01 0.000000000000000000e+00 1.468562282764681801e-02 0.000000000000000000e+00 6.708331820761241626e-03 1.024697408126951786e-01 1.242311701592155593e-01 1.910132447704281783e-02 3.252642229360733911e-02
3.323377594659267936e-02 7.708105075649341643e-03 0.000000000000000000e+00 1.404465319151402825e-01 1.736930089696881452e-01 4.004726740827507098e-02 0.000000000000000000e+00 8.429031680032327348e-03 2.798651156260202888e-01 1.943181140130382720e-02 0.000000000000000000e+00 1.930209527455053753e-01 0.000000000000000000e+00 0.000000000000000000e+00 8.759329170830847458e-03 0.000000000000000000e+00 0.000000000000000000e+00 4.891459076716612314e-02 4.645047929379574753e-02 0.000000000000000000e+00
5.539229017902305707e-02 0.000000000000000000e+00 1.541232347905744648e-01 2.086024345765732368e-01 5.651019820994014273e-03 0.000000000000000000e+00 1.001413910481090686e-01 0.000000000000000000e+00 0.000000000000000000e+00 0.000000000000000000e+00 0.000000000000000000e+00 1.880005519405633374e-01 2.226839789112635554e-02 0.000000000000000000e+00 2.007862480057255039e-01 1.130059821411836737e-02 0.000000000000000000e+00 5.408716514551396327e-03 4.832511701864127679e-02 0.000000000000000000e+00
3.556725600281064603e-02 0.000000000000000000e+00 0.000000000000000000e+00 6.348436411089000697e-02 7.333393502188152724e-02 1.156537226280124619e-01 0.000000000000000000e+00 3.854899131002768875e-02 2.053577625737490753e-01 1.685822511092911064e-02 0.000000000000000000e+00 1.645000681654920915e-01 1.144600216828200318e-02 0.000000000000000000e+00 1.436604567811878286e-01 8.569697306424645111e-02 1.783813207231393916e-02 8.721135243275352639e-03 1.933297574690202511e-02 0.000000000000000000e+00
1.170726643944631218e-01 0.000000000000000000e+00 0.000000000000000000e+00 4.995038755572467348e-02 1.029088064844326522e-01 8.251609100425468316e-03 2.019274968799503189e-02 1.432650118614256507e-01 8.253718601737584926e-02 0.000000000000000000e+00 0.000000000000000000e+00 1.588752104181049563e-01 0.000000000000000000e+00 0.000000000000000000e+00 0.000000000000000000e+00 0.000000000000000000e+00 0.000000000000000000e+00 2.685392051984569761e-02 1.788558417148454760e-01 1.112366122453614797e-01
1.255974468263201527e-01 0.000000000000000000e+00 0.000000000000000000e+00 1.688030030874509285e-02 0.000000000000000000e+00 1.420239270653476660e-01 7.962601392173198137e-03 1.216727746166457458e-01 1.902844965986259240e-01 0.000000000000000000e+00 4.166200572700911112e-03 1.690405590123812418e-01 0.000000000000000000e+00 0.000000000000000000e+00 2.655268640502098446e-02 0.000000000000000000e+00 0.000000000000000000e+00 4.171582141540070530e-03 6.263989559614364933e-02 1.290075294643554249e-01
0.000000000000000000e+00 0.000000000000000000e+00 0.000000000000000000e+00 0.000000000000000000e+00 0.000000000000000000e+00 1.797256369575630022e-02 0.000000000000000000e+00 8.275923181568649312e-02 3.689559279856754470e-01 0.000000000000000000e+00 2.687100431917713306e-02 1.598123596538599811e-01 0.000000000000000000e+00 0.000000000000000000e+00 1.542915941391178880e-01 0.000000000000000000e+00 1.198938539585488010e-02 0.000000000000000000e+00 0.000000000000000000e+00 1.773479329948718652e-01
7.302149857527025049e-03 0.000000000000000000e+00 0.000000000000000000e+00 2.143706497611408968e-01 7.278340629177103283e-02 0.000000000000000000e+00 0.000000000000000000e+00 0.000000000000000000e+00 2.206773516708042671e-01 0.000000000000000000e+00 3.594123136263045054e-02 1.039135055431758409e-01 0.000000000000000000e+00 0.000000000000000000e+00 1.880701833514215882e-01 0.000000000000000000e+00 0.000000000000000000e+00 1.569415221615287903e-01 0.000000000000000000e+00 0.000000000000000000e+00
4.502704321323577202e-02 0.000000000000000000e+00 1.247340436666985880e-01 0.000000000000000000e+00 1.194198031146987554e-01 3.091331601787542308e-02 0.000000000000000000e+00 8.373992121208480299e-02 2.012720095167435386e-01 0.000000000000000000e+00 0.000000000000000000e+00 3.660673403672761589e-02 0.000000000000000000e+00 0.000000000000000000e+00 1.206287483730548137e-02 0.000000000000000000e+00 1.010203258513791072e-02 1.729640331162545300e-02 1.686073938559009833e-01 1.502184246319655248e-01
