1.454786200882448102e-02 1.299393900569570728e-02 2.576436495598101103e-02 0.000000000000000000e+00 3.559517016413624863e-02 0.000000000000000000e+00 2.126174670166716685e-02 4.491812135291507746e-02 9.001760581635828706e-02 0.000000000000000000e+00 0.000000000000000000e+00 1.277267639962700041e-01 4.573104596486545631e-03 4.265675895761734254e-02 2.592277830717958920e-01 0.000000000000000000e+00 2.588682060633826654e-03 9.831300328153121278e-04 0.000000000000000000e+00 0.000000000000000000e+00 0.000000000000000000e+00 1.123026022244552752e-01 1.449522806117672230e-02 5.382488831752690189e-02 1.365222486756442200e-01
0.000000000000000000e+00 1.451281461155438102e-01 0.000000000000000000e+00 5.761580221902241894e-03 2.892692754023538579e-02 0.000000000000000000e+00 9.890819439389651746e-02 9.965006894064505627e-02 9.127920052869258755e-03 5.793580507503233445e-02 1.308325373825838930e-03 8.971275292466321383e-02 1.319520163278815623e-03 0.000000000000000000e+00 0.000000000000000000e+00 0.000000000000000000e+00 1.223519234540413336e-01 5.653295802175104792e-04 0.000000000000000000e+00 2.052042798407015603e-02 1.148611484935546136e-02 0.000000000000000000e+00 1.017963792025202707e-01 1.655220270613014244e-01 3.997855706660134040e-02
0.000000000000000000e+00 8.372687376329822351e-02 0.000000000000000000e+00 1.931787651618872836e-02 1.619113885660754953e-02 5.571213101603380430e-02 9.827971916800228025e-02 2.237793818003263116e-02 0.000000000000000000e+00 6.807899834702556274e-02 4.386480303735806885e-02 1.241099780732942415e-01 0.000000000000000000e+00 1.567752512996885370e-03 7.340882839287754535e-02 0.000000000000000000e+00 2.872604980029116670e-02 2.673499756898943883e-02 2.565858455474947022e-02 9.180918025969976581e-02 6.389351686042316417e-03 0.000000000000000000e+00 1.278680890036589524e-01 6.848655491603594658e-02 1.769115434681748159e-02
1.101013296607247956e-02 2.232435499315680097e-02 0.000000000000000000e+00 1.032730647594676384e-03 6.295861761891038966e-02 0.000000000000000000e+00 8.263175816632968573e-02 0.000000000000000000e+00 3.201874737637770002e-02 5.166780391036359527e-02 6.640823397648302866e-03 1.622577614398750256e-01 7.699912822135838997e-02 1.284110628392533260e-02 1.523682690015917829e-01 5.307089806732706756e-03 0.000000000000000000e+00 0.000000000000000000e+00 3.309177917135150415e-02 7.260022539780652817e-02 3.822469184614323608e-03 2.606849792663804011e-02 1.729601990961945196e-03 1.474141017506614693e-01 3.521500074802939861e-02
1.851220433724785897e-02 2.527628156082882549e-02 0.000000000000000000e+00 0.000000000000000000e+00 6.888852254658581978e-04 7.032294025497715616e-03 5.044587939737670695e-02 1.547358721677324868e-03 0.000000000000000000e+00 1.548053679868250654e-01 0.000000000000000000e+00 2.310899577546770556e-01 3.991047166232177673e-02 2.878216983887852548e-02 1.520000929714823701e-01 0.000000000000000000e+00 4.995498740938342924e-03 0.000000000000000000e+00 1.880366788075407084e-03 6.034888386380409669e-02 0.000000000000000000e+00 0.000000000000000000e+00 5.958203540781950060e-03 1.651296015745366830e-01 5.159648200958449199e-02
0.000000000000000000e+00 1.209833754417558443e-01 3.302790660521979452e-04 4.687389545920179340e-02 1.667700393997878852e-02 2.512407637939427507e-02 2.396155493497852812e-02 0.000000000000000000e+00 0.000000000000000000e+00 1.255709159309018608e-01 3.041341982791922419e-03 2.953540988261307287e-01 5.104483295396528356e-03 0.000000000000000000e+00 4.434919597121664281e-02 8.410804488799330245e-04 2.109759332498226114e-02 0.000000000000000000e+00 4.318647096383268665e-03 3.154516092098237894e-03 4.808637785087740632e-03 7.197722139411036335e-02 1.225552961829979443e-02 3.924396553973206331e-02 1.349325874726272911e-01
1.841615230581649916e-03 9.211503583633448566e-02 9.988634904253802793e-02 0.000000000000000000e+00 1.452169638398176088e-01 5.035268658671677305e-02 8.006201935012782767e-02 6.929429956652619939e-03 0.000000000000000000e+00 1.404619085082666197e-01 6.226877793357054117e-03 0.000000000000000000e+00 0.000000000000000000e+00 0.000000000000000000e+00 1.727750973242336563e-01 0.000000000000000000e+00 9.850107880022695647e-03 3.976893096404281180e-02 0.000000000000000000e+00 1.474310338998324407e-02 0.000000000000000000e+00 2.488248081593872826e-02 5.985974553691656569e-03 1.051476315695037272e-02 9.838665577074427737e-02
1.544006722475507916e-02 9.622509837217488315e-02 0.000000000000000000e+00 0.000000000000000000e+00 7.646718300415378256e-02 3.103524449769036551e-03 8.754925826431174396e-02 3.077212431242180163e-02 0.000000000000000000e+00 1.571691301812794539e-01 0.000000000000000000e+00 1.988036985283779794e-03 4.191839302980403942e-03 0.000000000000000000e+00 1.792480253231284737e-01 0.000000000000000000e+00 1.163810913126424179e-01 0.000000000000000000e+00 2.353091926337348358e-02 0.000000000000000000e+00 0.000000000000000000e+00 3.264655213819563084e-02 8.032829432914222190e-02 1.473593622149745172e-03 9.348526191423811582e-02
0.000000000000000000e+00 3.526499858987432873e-02 1.089447545267806499e-03 0.000000000000000000e+00 1.778684592788679422e-02 0.000000000000000000e+00 1.457222842148651887e-02 6.664155596040648860e-03 0.000000000000000000e+00 0.000000000000000000e+00 5.511436285816538605e-03 2.514115068524274688e-01 8.127474863293246334e-04 3.231444485154551932e-03 1.528768963048949825e-01 0.000000000000000000e+00 1.134473348151094491e-01 2.931491869035834572e-02 4.077882834718606075e-02 0.000000000000000000e+00 4.607787272960232189e-02 0.000000000000000000e+00 1.825046222335634932e-02 1.545722981277001251e-01 1.083365775715083162e-01
3.847861615327255024e-03 0.000000000000000000e+00 1.335747407419414674e-02 2.938686152603804842e-03 1.235571501319343429e-01 1.193188514820185675e-02 5.209566665523462231e-02 9.710995100609712272e-02 6.977940520920275502e-02 1.188434548070853997e-01 0.000000000000000000e+00 2.168329436287181125e-02 1.306239332406537897e-02 0.000000000000000000e+00 6.384816836135837059e-02 0.000000000000000000e+00 0.000000000000000000e+00 0.000000000000000000e+00 1.355571994622147836e-01 2.816156096899156882e-03 8.352871441821245815e-03 4.744389872543493258e-02 8.707946753582371247e-02 6.573376814023594757e-04 1.260376782082270053e-01
0.000000000000000000e+00 9.442994502393539658e-03 8.381999254386396370e-02 0.000000000000000000e+00 2.650571369493140775e-02 1.193728482266556978e-01 9.807162950729208378e-03 1.289598070828845422e-01 4.786801356804554902e-03 4.139645276724369938e-02 3.353479005711638983e-02 2.204530434011819640e-01 2.256639772439033263e-03 0.000000000000000000e+00 1.143227501235199589e-01 0.000000000000000000e+00 5.254119025074623084e-02 0.000000000000000000e+00 0.000000000000000000e+00 1.149737659565980112e-02 9.828175086934839294e-03 0.000000000000000000e+00 8.720913432266200194e-02 1.645113102974866959e-02 2.781399623448469263e-02
0.000000000000000000e+00 0.000000000000000000e+00 0.000000000000000000e+00 1.082312785131940916e-02 1.660805757170685515e-01 0.000000000000000000e+00 3.886595133642373884e-02 1.290760738471120606e-01 0.000000000000000000e+00 2.394036140812213706e-02 0.000000000000000000e+00 2.382709015476676753e-02 0.000000000000000000e+00 0.000000000000000000e+00 1.207027052941508638e-01 0.000000000000000000e+00 0.000000000000000000e+00 0.000000000000000000e+00 0.000000000000000000e+00 3.347234309457939455e-02 0.000000000000000000e+00 9.468393160241093953e-02 2.239854065946103590e-01 1.466539698090706979e-02 1.198770361185286654e-01
0.000000000000000000e+00 1.273437055802935092e-01 0.000000000000000000e+00 2.756610259154574846e-02 4.422338723405835892e-02 3.652643482769193234e-02 9.055273953549763943e-02 0.000000000000000000e+00 7.079160094591561980e-02 6.398543278312572580e-02 0.000000000000000000e+00 1.043893483311812698e-01 0.000000000000000000e+00 0.000000000000000000e+00 0.000000000000000000e+00 5.319648540942553683e-02 1.296414860135428615e-01 9.603949670214215369e-04 1.617841759554882186e-01 0.000000000000000000e+00 0.000000000000000000e+00 8.647471240628532008e-02 0.000000000000000000e+00 0.000000000000000000e+00 2.563993418926903672e-03
1.512728562904461400e-02 1.094590426073135114e-01 0.000000000000000000e+00 4.384906559096588691e-02 1.391338416228738439e-01 2.330294977535633805e-02 2.616521447169505715e-02 0.000000000000000000e+00 2.889027982566171743e-02 1.349651684707879051e-01 0.000000000000000000e+00 2.458790627905704622e-03 1.419802362909808151e-02 2.386820595998427261e-02 2.492929334970325206e-01 0.000000000000000000e+00 0.000000000000000000e+00 0.000000000000000000e+00 1.586989931827029743e-01 0.000000000000000000e+00 0.000000000000000000e+00 0.000000000000000000e+00 2.893471052490338355e-02 0.000000000000000000e+00 1.655494584674239772e-03
0.000000000000000000e+00 5.413243530462388299e-03 8.318701979619365361e-02 0.000000000000000000e+00 1.523300718576523216e-01 1.392461570853330555e-01 4.137966394505779300e-02 1.202571223613392165e-01 8.025206329979418796e-03 1.343334613388292437e-02 2.116527136056426533e-03 1.567474395905620876e-01 3.180361498006246956e-02 0.000000000000000000e+00 0.000000000000000000e+00 8.821647696227716273e-03 8.886089217194128795e-03 3.750541141452971849e-02 4.908775084323550170e-02 6.083130605685740933e-02 0.000000000000000000e+00 6.337260965789272282e-02 0.000000000000000000e+00 0.000000000000000000e+00 1.755577236748100817e-02
0.000000000000000000e+00 0.000000000000000000e+00 0.000000000000000000e+00 0.000000000000000000e+00 1.892194227187695699e-01 0.000000000000000000e+00 1.476309785312287515e-01 0.000000000000000000e+00 0.000000000000000000e+00 3.003032597420311235e-03 0.000000000000000000e+00 2.134213284733249283e-01 0.000000000000000000e+00 0.000000000000000000e+00 7.352369094581004405e-02 0.000000000000000000e+00 0.000000000000000000e+00 0.000000000000000000e+00 1.555752454718557221e-01 7.448524874571588964e-04 0.000000000000000000e+00 2.554398398267161002e-02 1.806092033848955003e-01 1.072826140656647081e-02 0.000000000000000000e+00
6.657667123905423867e-02 0.000000000000000000e+00 8.015867649776733939e-02 0.000000000000000000e+00 1.563450284309463034e-01 4.802218292255294035e-02 0.000000000000000000e+00 0.000000000000000000e+00 8.781277430660280534e-03 1.550501442925377726e-01 0.000000000000000000e+00 6.805990477804159389e-02 0.000000000000000000e+00 3.208591735484760555e-03 1.606937908690583838e-01 0.000000000000000000e+00 1.414051532502849651e-02 1.821707265607677012e-02 8.971144251348244641e-03 0.000000000000000000e+00 3.358188766009297457e-03 0.000000000000000000e+00 1.020580134857370785e-01 6.069724372661655654e-02 4.566155359307998152e-02
7.205845785317830515e-03 1.603485387045098798e-01 0.000000000000000000e+00 0.000000000000000000e+00 1.930726714291188320e-02 2.989850872782993940e-03 1.493302918277817359e-01 1.510142135997386836e-01 0.000000000000000000e+00 0.000000000000000000e+00 8.603460120917361467e-03 3.920577854719915073e-02 0.000000000000000000e+00 0.000000000000000000e+00 1.369235708517742289e-01 0.000000000000000000e+00 4.912446908019429265e-02 3.157998985135099246e-02 1.668403383762911696e-01 3.133397535632988229e-02 0.000000000000000000e+00 3.586295735144642144e-02 1.032945253145350559e-02 0.000000000000000000e+00 0.000000000000000000e+00
0.000000000000000000e+00 7.340677729063657675e-02 2.962653874120902558e-02 3.941087168642460475e-03 1.257124583631462518e-02 0.000000000000000000e+00 6.906933882842743178e-02 1.114737189630478631e-01 0.000000000000000000e+00 1.624421803199958131e-02 0.000000000000000000e+00 7.553824283886553803e-02 3.185978120678763324e-03 0.000000000000000000e+00 2.064431098670302112e-01 0.000000000000000000e+00 2.825079735869990682e-03 2.834635305801232272e-03 1.711130817697279274e-02 3.690680383262760073e-03 1.328236582637164426e-03 1.595753297672872495e-01 3.266414176219173404e-02 3.736505613298573419e-02 1.411052764661392678e-01
1.878616324340430174e-02 1.171941455537608839e-01 1.512415836726723091e-03 1.088645054238421804e-02 1.000377281983720890e-01 3.273399908488756199e-02 1.854889804429445815e-02 3.996571695110642634e-03 0.000000000000000000e+00 6.762906874757625142e-02 0.000000000000000000e+00 2.705467651851440822e-02 3.015433923059512508e-02 0.000000000000000000e+00 2.698585970404027146e-01 0.000000000000000000e+00 0.000000000000000000e+00 0.000000000000000000e+00 0.000000000000000000e+00 1.081789067249683961e-02 1.844968884731637560e-03 5.245277914044400511e-03 1.273781671010272842e-01 1.837950202315096968e-02 1.379411396685195357e-01
1.420373625874524204e-01 9.136990768314064496e-03 2.763255413247622805e-02 0.000000000000000000e+00 1.247022529165257299e-01 1.356203109822305686e-01 1.754786661668303327e-01 0.000000000000000000e+00 3.126358951943812928e-03 5.028483363529810679e-02 0.000000000000000000e+00 7.177710475361757242e-03 3.302147447667844269e-03 0.000000000000000000e+00 1.859002281374476651e-01 0.000000000000000000e+00 0.000000000000000000e+00 4.187640482009558421e-03 0.000000000000000000e+00 0.000000000000000000e+00 0.000000000000000000e+00 2.264635449262471494e-03 3.937324924281869476e-02 8.395179358096717392e-02 5.823265043393721120e-03
0.000000000000000000e+00 1.442765820666280785e-01 0.000000000000000000e+00 0.000000000000000000e+00 4.686118523210335701e-02 0.000000000000000000e+00 1.440539024325456496e-01 9.817488748386763234e-03 0.000000000000000000e+00 1.252234984498841464e-01 8.339427796597818909e-03 8.636981659717388182e-02 2.404504332407487316e-02 0.000000000000000000e+00 2.591210096687170394e-01 0.000000000000000000e+00 1.780767525189411865e-02 1.792070337747628944e-02 0.000000000000000000e+00 0.000000000000000000e+00 3.505663097918249906e-03 0.000000000000000000e+00 0.000000000000000000e+00 1.481323797702705815e-02 9.784476597957268706e-02
0.000000000000000000e+00 1.436003509733342273e-02 0.000000000000000000e+00 0.000000000000000000e+00 2.757678495695279827e-02 0.000000000000000000e+00 8.311369645844597642e-02 4.115921246608434531e-02 0.000000000000000000e+00 0.000000000000000000e+00 0.000000000000000000e+00 5.759958306936211608e-02 3.184647971553101944e-03 9.431287386337968565e-03 2.583657793268528957e-01 0.000000000000000000e+00 1.993988027579984140e-02 0.000000000000000000e+00 1.535668515683766833e-01 0.000000000000000000e+00 0.000000000000000000e+00 7.196002519857150337e-02 2.525547428227474245e-01 7.187473401581922008e-03 0.000000000000000000e+00
2.849131344962731530e-03 1.332777323938097169e-01 3.174627989954815349e-02 1.117600992268776572e-01 1.093466532077464089e-02 1.569916719548468398e-02 1.450485872992416658e-01 4.186150121082013453e-02 6.657233492928654739e-02 7.933223817955166804e-03 0.000000000000000000e+00 1.707091952718529232e-02 0.000000000000000000e+00 5.215215149665379524e-02 8.326093382651476860e-02 0.000000000000000000e+00 1.368391778455863191e-02 7.973016221384314831e-03 1.577597913145115383e-01 0.000000000000000000e+00 0.000000000000000000e+00 7.102280499866897578e-02 1.776882280752172189e-03 9.511103085936615381e-03 1.810575682507285442e-02
4.580409914704572372e-02 2.226861767670962680e-02 0.000000000000000000e+00 6.815413220138172214e-04 9.660726269824129742e-02 0.000000000000000000e+00 4.694102072081367955e-02 2.102000512758805950e-02 1.587944661880327096e-02 6.450455149676335466e-03 0.000000000000000000e+00 7.848518542790192121e-02 7.059996797171594167e-03 3.625493533422611994e-04 2.737598288205884134e-01 0.000000000000000000e+00 0.000000000000000000e+00 2.092767436711976542e-02 0.000000000000000000e+00 0.000000000000000000e+00 0.000000000000000000e+00 5.049928758267416967e-02 5.614987359847482817e-02 3.121424893200845305e-02 2.258889066598268325e-01
