0.000000000000000000e+00 1.277245736691805800e-01 0.000000000000000000e+00 6.879162449620550290e-03 3.692041965640927102e-03 1.382055517771632047e-01 6.159339049544029256e-03 5.336338402509385563e-03 1.652592846203666532e-01 1.669583587661652851e-02 9.465776089543400870e-03 1.531275932901228209e-01 0.000000000000000000e+00 1.608462474015901270e-02 2.222314906511125079e-02 0.000000000000000000e+00 2.100503565574034746e-03 3.251945766229637214e-02 6.669472292710129646e-02 2.278320448494499384e-01
0.000000000000000000e+00 0.000000000000000000e+00 2.757092287250845902e-02 3.027898492784193429e-01 1.365419351488149635e-01 0.000000000000000000e+00 0.000000000000000000e+00 2.183557377360141605e-02 1.689350407750631333e-01 0.000000000000000000e+00 2.627188607831880060e-02 1.581864835394315716e-01 0.000000000000000000e+00 0.000000000000000000e+00 0.000000000000000000e+00 0.000000000000000000e+00 0.000000000000000000e+00 1.578683085338421777e-01 0.000000000000000000e+00 0.000000000000000000e+00
6.076679553727832445e-02 7.417495220274231138e-02 0.000000000000000000e+00 1.864601221413992038e-01 1.209791927932021005e-01 1.453665820730903613e-01 0.000000000000000000e+00 0.000000000000000000e+00 2.369429754847771630e-01 0.000000000000000000e+00 0.000000000000000000e+00 0.000000000000000000e+00 3.608693025788422409e-02 0.000000000000000000e+00 0.000000000000000000e+00 0.000000000000000000e+00 0.000000000000000000e+00 1.392224495096264225e-01 0.000000000000000000e+00 0.000000000000000000e+00
0.000000000000000000e+00 6.347062897683514865e-03 1.454866112108695875e-01 0.000000000000000000e+00 0.000000000000000000e+00 4.264587279598378716e-02 6.295122898787546342e-03 5.430805271005549086e-03 2.934241449677613689e-01 4.028431983768321345e-02 0.000000000000000000e+00 1.206516387351680014e-01 0.000000000000000000e+00 0.000000000000000000e+00 2.618014423640376009e-02 2.217460394854739794e-02 0.000000000000000000e+00 1.359640608607318724e-01 1.490000023382064345e-02 1.402156121055536941e-01
1.998427137329340103e-02 2.099044619826277158e-01 0.000000000000000000e+00 1.082964975617166023e-02 1.536342910690974284e-01 2.940402238091619283e-02 4.471726049119013890e-02 1.551705547684818498e-01 0.000000000000000000e+00 0.000000000000000000e+00 0.000000000000000000e+00 4.836730473116644669e-02 3.699099492139489020e-02 6.755778841821536568e-03 5.324721774545421865e-02 0.000000000000000000e+00 6.441968767966713139e-02 1.491471211365125692e-02 1.516597921450664466e-01 0.000000000000000000e+00
1.221781169643697679e-01 5.205302371506477510e-02 0.000000000000000000e+00 2.504999760552782326e-02 1.582665375192447987e-01 1.861908445401586898e-01 1.860682312877251846e-02 2.454396193993952091e-01 1.922150371274664316e-01 0.000000000000000000e+00 0.000000000000000000e+00 0.000000000000000000e+00 0.000000000000000000e+00 0.000000000000000000e+00 0.000000000000000000e+00 0.000000000000000000e+00 0.000000000000000000e+00 0.000000000000000000e+00 0.000000000000000000e+00 0.000000000000000000e+00
1.957332080593571222e-01 1.373093689020124736e-03 0.000000000000000000e+00 1.643312553542247006e-02 1.679176530136057902e-02 1.468142874905161155e-01 0.000000000000000000e+00 0.000000000000000000e+00 1.600103522307412263e-01 1.470673906562710853e-01 0.000000000000000000e+00 1.505549818612551827e-02 9.700498119179232215e-02 0.000000000000000000e+00 0.000000000000000000e+00 3.068975480178305279e-02 0.000000000000000000e+00 5.310236778185935258e-02 1.199241750757509273e-01 0.000000000000000000e+00
7.365701654009399260e-03 4.801648015316566098e-02 0.000000000000000000e+00 1.536660305450491537e-01 1.336586019766734801e-01 9.626082979450110988e-02 1.078395757544785422e-01 1.531549199389834748e-01 1.531724922997421412e-01 0.000000000000000000e+00 0.000000000000000000e+00 1.850519792168522221e-02 0.000000000000000000e+00 0.000000000000000000e+00 1.258644754393310576e-02 0.000000000000000000e+00 1.397332953323600878e-02 3.318351114808089017e-03 9.848204176973469892e-02 0.000000000000000000e+00
0.000000000000000000e+00 3.723053615683508816e-02 6.866319811477797352e-02 1.577544069506116864e-01 1.734595333850901533e-01 1.922658205558572531e-01 0.000000000000000000e+00 2.055048082972896206e-02 1.281104259113864385e-01 0.000000000000000000e+00 0.000000000000000000e+00 1.009517142532378184e-03 1.307294989229862703e-01 0.000000000000000000e+00 9.022658203019376377e-02 0.000000000000000000e+00 0.000000000000000000e+00 0.000000000000000000e+00 0.000000000000000000e+00 0.000000000000000000e+00
0.000000000000000000e+00 1.440267761309097228e-01 1.148078651289570623e-01 2.943085150128658123e-01 1.509262252617793731e-01 1.715158147959783830e-01 4.762454294635948271e-02 0.000000000000000000e+00 1.062420805278985192e-02 0.000000000000000000e+00 0.000000000000000000e+00 0.000000000000000000e+00 0.000000000000000000e+00 0.000000000000000000e+00 0.000000000000000000e+00 0.000000000000000000e+00 0.000000000000000000e+00 0.000000000000000000e+00 0.000000000000000000e+00 6.616605267036025639e-02
2.347500319742061303e-01 6.312944697842441666e-02 0.000000000000000000e+00 7.616808371489437735e-02 0.000000000000000000e+00 1.444358451740256621e-01 0.000000000000000000e+00 0.000000000000000000e+00 1.769820391468546195e-01 0.000000000000000000e+00 0.000000000000000000e+00 1.201639543385141645e-01 1.718938999196773995e-02 2.825336428916499446e-03 0.000000000000000000e+00 0.000000000000000000e+00 1.578428388090669446e-02 1.485715883712896701e-01 0.000000000000000000e+00 0.000000000000000000e+00
8.855089849971503613e-02 6.705842108805201707e-02 8.285142277081200546e-02 1.417870354831840887e-02 0.000000000000000000e+00 1.398321612419485549e-01 0.000000000000000000e+00 1.252375775449037776e-01 2.155797560522049877e-02 0.000000000000000000e+00 0.000000000000000000e+00 1.545119229822747020e-01 3.201058856443401122e-03 7.481814587288452938e-03 0.000000000000000000e+00 0.000000000000000000e+00 0.000000000000000000e+00 1.564172331945245797e-01 0.000000000000000000e+00 1.391208100804985359e-01
0.000000000000000000e+00 2.676835113037052613e-02 3.494468827513984993e-03 5.523947890197132556e-07 0.000000000000000000e+00 1.608865887092844615e-01 0.000000000000000000e+00 2.760621118609463479e-02 2.717285322630765276e-01 9.536180898136079054e-02 1.061344336030879644e-03 1.374111116627755869e-01 0.000000000000000000e+00 0.000000000000000000e+00 1.377967706282026972e-01 0.000000000000000000e+00 2.848477319485241514e-03 1.138721991212609252e-01 0.000000000000000000e+00 2.116358343975460396e-02
9.570439224453552995e-02 7.289554335989842371e-02 9.178490076329831604e-02 1.484715886907043148e-01 0.000000000000000000e+00 1.766942118641581239e-01 0.000000000000000000e+00 3.472558005805260334e-02 1.572682806203000438e-02 0.000000000000000000e+00 0.000000000000000000e+00 1.462854402236584417e-01 1.242402586532547898e-01 0.000000000000000000e+00 0.000000000000000000e+00 0.000000000000000000e+00 9.193912891550568012e-02 1.532127164903833091e-03 0.000000000000000000e+00 0.000000000000000000e+00
8.048974109796581955e-02 5.144364415338459340e-02 2.408202720860356735e-02 1.425986863059125198e-01 0.000000000000000000e+00 1.245503971248479586e-01 0.000000000000000000e+00 0.000000000000000000e+00 2.761472799952102708e-01 1.274698941135009832e-02 0.000000000000000000e+00 0.000000000000000000e+00 0.000000000000000000e+00 1.493856581610542023e-01 0.000000000000000000e+00 4.038654708408678795e-02 9.052267119999996003e-02 0.000000000000000000e+00 0.000000000000000000e+00 7.646358257584378107e-03
4.864835505481875794e-02 0.000000000000000000e+00 2.511457242591149351e-03 2.828317033795855195e-01 0.000000000000000000e+00 1.287485788131457337e-02 0.000000000000000000e+00 1.078855795020343539e-01 1.737684177055475940e-02 3.713351318007519775e-02 8.477204656252445084e-03 4.659212722095286419e-02 2.120146888651942233e-03 0.000000000000000000e+00 0.000000000000000000e+00 0.000000000000000000e+00 8.674747279863902205e-02 1.772404136381822426e-01 5.697728394170870764e-02 1.125830428446385340e-01
1.608162475238077704e-01 0.000000000000000000e+00 6.673275672727678465e-02 8.177982514442037887e-02 9.469969716981983809e-02 1.400455050608700180e-01 1.720877069697000425e-02 1.874828691958672910e-01 5.856250779262383438e-02 0.000000000000000000e+00 4.827967792897442864e-03 7.711655002521525075e-03 0.000000000000000000e+00 0.000000000000000000e+00 2.014321625729298404e-02 0.000000000000000000e+00 0.000000000000000000e+00 0.000000000000000000e+00 4.629424745683639181e-02 1.136947341787956922e-01
8.940732355492475580e-02 5.838974971951686049e-02 3.233974310346721809e-02 1.159738029263880921e-01 0.000000000000000000e+00 0.000000000000000000e+00 1.069462582004038730e-02 1.353764387572155836e-01 6.015736106434221853e-02 0.000000000000000000e+00 9.858187695077931870e-03 1.618857390845706845e-01 0.000000000000000000e+00 0.000000000000000000e+00 0.000000000000000000e+00 0.000000000000000000e+00 2.955496950736121592e-02 3.732800068718309522e-02 1.292039246524806229e-01 1.298301334274312158e-01
1.113897710966208106e-02 1.290095236057342727e-02 3.100353864494542061e-02 1.428432709842793469e-01 1.323207310599295861e-01 3.403849980936000247e-02 0.000000000000000000e+00 0.000000000000000000e+00 1.575729135214555543e-01 0.000000000000000000e+00 0.000000000000000000e+00 2.550211478563359571e-02 1.517056799338873871e-02 2.769238346326842459e-02 6.453462484682083444e-02 1.023362998361750653e-01 0.000000000000000000e+00 1.130023721165728107e-01 1.108844417779051988e-01 1.905831169002985062e-02
2.654618289612725029e-02 2.482957959609408960e-01 9.426544213891618895e-02 0.000000000000000000e+00 2.058450005398459182e-01 7.230762831804483752e-03 9.349355822728505280e-03 1.323489344032837134e-01 0.000000000000000000e+00 0.000000000000000000e+00 0.000000000000000000e+00 0.000000000000000000e+00 0.000000000000000000e+00 4.256991960763113064e-03 4.109613519310163082e-02 1.860361812527273895e-02 1.907350952997235657e-02 0.000000000000000000e+00 0.000000000000000000e+00 1.930882705972432889e-01
0.000000000000000000e+00 6.395675523485938596e-02 1.363824348621977545e-01 1.561513754210395177e-01 0.000000000000000000e+00 1.412576057805288166e-01 0.000000000000000000e+00 8.609076929002687506e-03 1.398457459750293286e-01 7.487698567473694000e-03 0.000000000000000000e+00 9.340126765079913296e-02 7.420124366705507790e-02 2.114485750179966039e-02 1.088379634768029264e-01 0.000000000000000000e+00 0.000000000000000000e+00 0.000000000000000000e+00 0.000000000000000000e+00 4.872397493341190655e-02
1.758465655584023121e-03 3.678780988298889498e-02 2.684011980504424216e-02 9.557287415242214645e-02 0.000000000000000000e+00 0.000000000000000000e+00 1.312906153999423252e-02 1.650654886950898015e-01 1.522324308412172922e-01 3.966108022287541390e-02 8.786494120331123916e-04 5.381230584655708610e-02 0.000000000000000000e+00 1.765204095411046156e-02 0.000000000000000000e+00 5.422807299459716547e-03 0.000000000000000000e+00 1.102740685459222686e-01 1.950826349008144278e-01 8.583016224588703447e-02
0.000000000000000000e+00 2.502034880092489089e-01 7.045032304797024976e-03 1.567705401697147005e-01 3.727118479758000785e-02 1.635112447908942390e-01 0.000000000000000000e+00 0.000000000000000000e+00 1.649083580119743708e-01 0.000000000000000000e+00 3.501532808326929952e-02 0.000000000000000000e+00 1.871099130945742470e-02 0.000000000000000000e+00 0.000000000000000000e+00 0.000000000000000000e+00 0.000000000000000000e+00 1.269565580788288850e-01 3.960727444423520205e-02 0.000000000000000000e+00
7.217063255410446909e-02 2.030054845645002937e-01 1.905245682255041900e-02 5.898827474605780607e-02 1.997684803105398768e-02 2.012635539828695475e-01 9.944090252919694783e-02 8.638275190312952323e-02 3.841665845848729610e-02 7.923456944490139472e-03 0.000000000000000000e+00 1.997933395188291120e-02 2.594225227383524859e-02 0.000000000000000000e+00 0.000000000000000000e+00 0.000000000000000000e+00 0.000000000000000000e+00 5.012706722668524434e-03 0.000000000000000000e+00 1.424446865151728636e-01
1.957183474031646761e-03 1.216264603655264898e-01 4.993747119728590700e-02 9.635477402559401716e-02 8.698480592901042252e-03 1.509957979181650312e-01 9.096057822609600330e-02 1.451524515781672797e-02 1.267201472427124109e-01 2.826244611676711690e-02 0.000000000000000000e+00 0.000000000000000000e+00 1.412123156735395346e-01 0.000000000000000000e+00 0.000000000000000000e+00 2.435606068597010246e-02 9.500022562181154040e-02 4.783299004110162268e-03 0.000000000000000000e+00 4.461951469767222456e-02
4.208138095636312220e-02 2.910325387101404815e-02 0.000000000000000000e+00 5.187635989668200158e-03 3.642644493464008287e-02 0.000000000000000000e+00 8.303710663769561795e-02 0.000000000000000000e+00 1.414930688289339766e-01 8.517315820498096157e-02 2.937947565730185742e-02 3.104873561570307364e-03 2.701655627966185330e-02 1.512893534934962869e-01 1.352045136003743493e-02 0.000000000000000000e+00 1.885833001929491937e-02 1.395087412571745789e-01 1.109370333161248390e-01 8.388313563204184697e-02
1.314033980875278229e-01 0.000000000000000000e+00 0.000000000000000000e+00 3.222146931670029635e-01 1.725794322425123345e-02 1.974898688555726811e-01 0.000000000000000000e+00 0.000000000000000000e+00 0.000000000000000000e+00 0.000000000000000000e+00 0.000000000000000000e+00 9.450099796838228039e-02 9.651828658499622335e-03 0.000000000000000000e+00 3.162842519473445940e-02 0.000000000000000000e+00 2.697798005103328040e-02 0.000000000000000000e+00 3.047741171057379711e-02 1.383974530824217675e-01
0.000000000000000000e+00 1.110997061676982089e-01 4.993572729336872087e-03 1.110346598465396378e-01 2.451874637632397644e-02 1.319747069840002118e-01 6.246927753629867054e-03 2.166363186565557070e-02 2.012918866490266967e-01 1.154280956906535288e-01 0.000000000000000000e+00 7.812438651090720942e-02 0.000000000000000000e+00 0.000000000000000000e+00 0.000000000000000000e+00 0.000000000000000000e+00 5.198011179138377520e-03 3.474220917741870779e-02 2.708841355425610151e-02 1.265950455154149779e-01
5.031346815350611588e-03 1.123339925421754371e-01 0.000000000000000000e+00 2.662018383620226025e-01 1.198185748051282078e-02 1.357880354443466164e-01 1.033893388914280259e-01 6.328552817585252066e-02 0.000000000000000000e+00 1.615582479599489071e-02 0.000000000000000000e+00 5.364414189259728016e-02 1.064177746893736273e-02 1.190816794835514343e-02 0.000000000000000000e+00 0.000000000000000000e+00 0.000000000000000000e+00 8.305658410335862996e-02 0.000000000000000000e+00 1.265815660790680086e-01
0.000000000000000000e+00 0.000000000000000000e+00 9.068149688247055876e-03 1.291330427748039467e-01 0.000000000000000000e+00 0.000000000000000000e+00 3.714516445468122458e-02 1.415217405180538290e-01 1.675133510849310947e-01 5.051279720852792227e-02 2.603434375865995229e-02 1.324386136234247946e-01 0.000000000000000000e+00 5.732668726957200478e-02 6.794409388510669334e-03 1.524842812611547273e-03 7.305517511740901304e-02 5.187203551762056657e-03 9.994732620958025893e-02 6.279715253922467377e-02
1.740320318100531394e-02 1.100350461862313056e-01 1.882314677725869037e-02 3.701244508650138303e-03 8.254938466031232214e-02 0.000000000000000000e+00 5.106828795232315477e-02 1.255608195356771872e-01 1.605123605660394304e-01 1.595118129063731807e-02 0.000000000000000000e+00 1.140507836055018737e-01 0.000000000000000000e+00 0.000000000000000000e+00 1.932875434659979408e-02 0.000000000000000000e+00 6.115668112605780055e-03 1.067233857888141152e-01 0.000000000000000000e+00 1.681767334883435550e-01
3.147397272137299890e-02 3.822653224989157588e-03 3.380903579111006751e-03 1.558901173906692417e-01 0.000000000000000000e+00 0.000000000000000000e+00 5.857719868768015981e-02 1.351483736295035210e-01 2.777575215926260388e-03 9.958195747196377234e-02 3.259566996923258120e-03 2.100118743658145049e-01 0.000000000000000000e+00 3.152627892642705792e-02 1.021699551065782946e-01 0.000000000000000000e+00 5.676926265616570599e-02 5.681908400830789838e-03 0.000000000000000000e+00 9.992840162604432752e-02
0.000000000000000000e+00 1.306515965371883407e-02 0.000000000000000000e+00 1.164645256326650967e-02 1.168143760460428754e-01 1.554490396236079264e-01 2.034404391163147086e-02 0.000000000000000000e+00 3.212409039035964420e-01 7.588374784126261652e-02 0.000000000000000000e+00 1.245396935749457645e-01 0.000000000000000000e+00 0.000000000000000000e+00 1.838934544203764052e-04 3.983248044167882196e-02 0.000000000000000000e+00 8.174683841368819703e-02 0.000000000000000000e+00 3.925337057213992148e-02
8.919197762959567288e-03 5.818951489208011585e-02 6.370920447279622423e-02 1.092363550710039044e-01 1.230087897367910382e-01 2.599396323724450023e-02 2.554352265795812107e-02 1.387562835375109882e-01 1.797315406698570261e-01 0.000000000000000000e+00 0.000000000000000000e+00 0.000000000000000000e+00 1.154454979853744220e-02 0.000000000000000000e+00 0.000000000000000000e+00 8.170543343533977904e-03 9.469544395784197655e-02 7.963190710260688310e-02 7.286918375927801950e-02 0.000000000000000000e+00
1.148404179622474069e-01 1.317635207635951822e-01 0.000000000000000000e+00 2.756019428358321699e-01 3.226324303668298872e-03 0.000000000000000000e+00 0.000000000000000000e+00 0.000000000000000000e+00 1.626817636780937548e-01 7.276112879305892799e-04 0.000000000000000000e+00 7.291332410713416423e-02 0.000000000000000000e+00 1.424500194477277548e-01 4.089361664327776508e-02 3.927896908432114420e-02 7.706954147489059395e-03 0.000000000000000000e+00 0.000000000000000000e+00 7.915535738682860992e-03
