0.000000000000000000e+00 1.700580677391935443e-03 5.316709468761248586e-02 0.000000000000000000e+00 1.392428669024216858e-01 1.674471919647852192e-01 1.750065077426260496e-02 6.178869237005065991e-04 3.255147781521915661e-03 2.636176995314401875e-02 0.000000000000000000e+00 9.861716770810195765e-02 0.000000000000000000e+00 0.000000000000000000e+00 1.995960059658959396e-01 2.081867265647591170e-02 7.003142253681061968e-02 4.247311300567832917e-03 0.000000000000000000e+00 2.802639676895221296e-03 0.000000000000000000e+00 7.251857821510563143e-03 7.865626251733023877e-03 5.343318482946616405e-02 1.260429215877023890e-01
0.000000000000000000e+00 5.669448064351262362e-02 2.422348918990540889e-01 1.704891438548991264e-02 1.233180704818220702e-01 1.233849150501199754e-01 1.645930791134461446e-01 2.538631892364157441e-02 9.681250620205273175e-03 0.000000000000000000e+00 0.000000000000000000e+00 6.836621556091980467e-02 0.000000000000000000e+00 1.650548040683136493e-04 1.014258492602702639e-03 1.687403812725932640e-03 2.834486939334235171e-03 2.256343833454885553e-02 6.879005814250549466e-03 0.000000000000000000e+00 9.293959230458609735e-03 0.000000000000000000e+00 2.149076264239372508e-02 0.000000000000000000e+00 1.033634932514055638e-01
2.428356963628403205e-03 2.829419327617398172e-03 1.136765611471146492e-01 1.823398862244974064e-02 4.426959018709452492e-02 2.606481472120148607e-02 3.709607793296204603e-02 2.669422592732454205e-02 1.043796593511394366e-01 1.209703833898285452e-01 2.505800998521920397e-02 3.686883142529373547e-02 0.000000000000000000e+00 0.000000000000000000e+00 7.238735511871603745e-02 0.000000000000000000e+00 5.350999841057451712e-04 2.937876860215603639e-02 1.000195896012915642e-01 1.035066054627172133e-01 0.000000000000000000e+00 4.628480518935771532e-02 0.000000000000000000e+00 1.119654628543875026e-03 8.819820243223808198e-02
1.319889213053233590e-01 5.372529706631168356e-02 5.934198427911468315e-03 1.342138594402134295e-02 9.345065371795836795e-02 8.315273963287713246e-03 8.520008788438556552e-03 7.556982989243669901e-03 7.348262438992581025e-02 1.551000220910269123e-01 0.000000000000000000e+00 0.000000000000000000e+00 2.601060167687662458e-03 5.885688470672784112e-02 2.016862228217148889e-01 2.004183139915014650e-02 5.971798943168629518e-03 2.560266618737072619e-02 1.013919878051982026e-01 8.714312888650809288e-03 0.000000000000000000e+00 0.000000000000000000e+00 4.191699958047567613e-03 1.048976020203766513e-02 8.956406236796976214e-03
0.000000000000000000e+00 8.486360484742794252e-02 1.171646505890917567e-01 2.108044223319769858e-02 1.378290394323956024e-02 1.473911794069019190e-02 1.996285496935533144e-01 9.767055227480990823e-03 0.000000000000000000e+00 9.800883542054017461e-02 0.000000000000000000e+00 1.640821048843400798e-02 1.990559484655744608e-03 0.000000000000000000e+00 1.402668997438575593e-01 0.000000000000000000e+00 2.841406542557823114e-02 6.934996455950867902e-03 2.375259853958340203e-02 8.557541408937743149e-03 1.126148471678658711e-02 3.467189405309524519e-02 2.778085795595536950e-02 1.299299988431663055e-01 1.099573298877727819e-02
0.000000000000000000e+00 0.000000000000000000e+00 6.027080804673676240e-02 1.040650180431474357e-02 1.450776778488840901e-01 0.000000000000000000e+00 1.687608409614821670e-01 1.614363316725485609e-01 0.000000000000000000e+00 1.917518543910287252e-03 5.145488133127539693e-02 2.510974337434760395e-01 0.000000000000000000e+00 0.000000000000000000e+00 6.042326329682883718e-02 1.020377188820561446e-03 0.000000000000000000e+00 0.000000000000000000e+00 0.000000000000000000e+00 0.000000000000000000e+00 0.000000000000000000e+00 0.000000000000000000e+00 8.440613411393951826e-02 0.000000000000000000e+00 3.728231447782939887e-03
2.825197439344848474e-02 2.517005312117956764e-02 8.992659873643320256e-02 1.206520109546161401e-01 1.750638561955773220e-01 1.287355055281044491e-01 1.593576926165835017e-01 4.429399664487720240e-02 2.079876162404929382e-02 5.216995286749965405e-02 0.000000000000000000e+00 1.040728140537903329e-02 9.598699806820656325e-04 0.000000000000000000e+00 0.000000000000000000e+00 0.000000000000000000e+00 0.000000000000000000e+00 0.000000000000000000e+00 5.525557411527231948e-03 0.000000000000000000e+00 2.657789284933856268e-03 0.000000000000000000e+00 0.000000000000000000e+00 7.275087143739565566e-04 1.353015905207349823e-01
2.290423236652619488e-02 2.286717764531382979e-01 0.000000000000000000e+00 4.803057198681701112e-02 1.692606736455205992e-03 2.288626855065256996e-02 1.365024620889776930e-03 3.162614543781828297e-02 0.000000000000000000e+00 9.250055066083022817e-03 1.000053934204327491e-02 6.381187036651649047e-02 0.000000000000000000e+00 0.000000000000000000e+00 8.058585897636434681e-02 0.000000000000000000e+00 0.000000000000000000e+00 0.000000000000000000e+00 2.749983391295385965e-03 0.000000000000000000e+00 3.625056310765264415e-03 1.313148219073088652e-01 1.611860651030080083e-01 1.270615455106851588e-01 5.323757787363280619e-02
0.000000000000000000e+00 5.415664365724631724e-03 0.000000000000000000e+00 0.000000000000000000e+00 7.272257507338929228e-02 0.000000000000000000e+00 1.652485553565327114e-01 2.627071244880940099e-02 5.474583509691519773e-02 4.878995687550975041e-02 0.000000000000000000e+00 2.424591688209073170e-01 4.869896021198073972e-03 5.682836988397489859e-03 1.338806203417595708e-01 6.961126556530700116e-02 0.000000000000000000e+00 2.195727021463974790e-02 0.000000000000000000e+00 0.000000000000000000e+00 0.000000000000000000e+00 1.117623942573253426e-01 6.206900786221704498e-03 1.694260855706679293e-04 3.020692170179189312e-02
0.000000000000000000e+00 0.000000000000000000e+00 8.119804693820290020e-02 5.394326499466835581e-03 1.750538094551170112e-02 1.715332039270031986e-02 1.668673137558460418e-01 6.059671169127694296e-02 4.883677860870264294e-03 1.096364155888695652e-01 0.000000000000000000e+00 2.871444932065694289e-01 0.000000000000000000e+00 2.169037926011313164e-03 6.927633397189558728e-02 1.818849886260114415e-02 0.000000000000000000e+00 0.000000000000000000e+00 1.918850114917724364e-02 0.000000000000000000e+00 0.000000000000000000e+00 0.000000000000000000e+00 1.022261356671801125e-02 1.410847391350584894e-02 1.164668537307768370e-01
6.722234156485685196e-04 0.000000000000000000e+00 2.890206212950675591e-01 1.521026861788726640e-02 2.361979442096404092e-02 1.431499036074369109e-03 2.240190788829088051e-02 1.769301875464308546e-02 1.701846016744723925e-02 3.326456261098413927e-03 1.321183426551741273e-03 1.548967589393389355e-01 1.702146939952188173e-02 0.000000000000000000e+00 1.178988628299378477e-01 1.149606677345075545e-01 1.224373223575974529e-03 5.351664991478074021e-03 4.249774276451733640e-02 3.359486165033611412e-03 0.000000000000000000e+00 1.294864638440648974e-01 1.825897287866069807e-02 3.328103945690029548e-03 0.000000000000000000e+00
5.974689505870016404e-02 6.726458376772209181e-03 9.439285446488832054e-02 0.000000000000000000e+00 2.509003678944615734e-01 1.083132170463899507e-01 1.417047957097138100e-02 5.793279561570949948e-02 5.428342370437103798e-03 4.942638085555944166e-02 0.000000000000000000e+00 1.404913701669751047e-01 1.723630530514099098e-03 0.000000000000000000e+00 4.776413173308965282e-02 1.161517864038460329e-01 3.554970514559563366e-02 5.722954242661059364e-03 0.000000000000000000e+00 2.571470413091303097e-03 0.000000000000000000e+00 2.154565892076512699e-03 0.000000000000000000e+00 8.325942182609466198e-04 0.000000000000000000e+00
0.000000000000000000e+00 1.106446028162304668e-01 1.328776985619965767e-01 2.785601908625375336e-02 2.612669440659896349e-03 4.012882741070694648e-02 1.692987971806786673e-01 0.000000000000000000e+00 4.237613749420183346e-03 0.000000000000000000e+00 0.000000000000000000e+00 1.503373172567420979e-01 1.027612436503578565e-02 2.456872945549503848e-02 1.251024529498970424e-02 1.084672082080017849e-02 0.000000000000000000e+00 1.326306526653351081e-01 0.000000000000000000e+00 0.000000000000000000e+00 0.000000000000000000e+00 9.942114900463580596e-02 5.727483614052107999e-03 6.602534927696777911e-02 0.000000000000000000e+00
0.000000000000000000e+00 1.051452381004227971e-01 0.000000000000000000e+00 3.501813450347382537e-03 1.447528057202682183e-01 2.043581677084021705e-02 1.498813776157485733e-01 8.593297377949348859e-04 0.000000000000000000e+00 2.159927332511333425e-02 0.000000000000000000e+00 1.943308094128896601e-01 2.064673539120030071e-02 1.524288482821145856e-03 0.000000000000000000e+00 1.272272397999806570e-01 0.000000000000000000e+00 0.000000000000000000e+00 3.586208225832121510e-02 0.000000000000000000e+00 7.554642745024937010e-03 0.000000000000000000e+00 0.000000000000000000e+00 0.000000000000000000e+00 1.666785471892266446e-01
1.292107342492456248e-02 0.000000000000000000e+00 2.618664381214629300e-01 0.000000000000000000e+00 1.612404364114814470e-01 7.008217432895397225e-02 2.896898889528320541e-03 1.749768189379355063e-02 0.000000000000000000e+00 3.657599025069833282e-02 0.000000000000000000e+00 1.677793969879683433e-01 0.000000000000000000e+00 0.000000000000000000e+00 4.114808830117083760e-03 1.192952294141136071e-01 0.000000000000000000e+00 4.229494598447037894e-03 9.676415867159190651e-03 0.000000000000000000e+00 0.000000000000000000e+00 8.786267885630703878e-02 7.965722891611827505e-03 2.426217477084459048e-02 1.173338446258814956e-02
0.000000000000000000e+00 2.003565965146372665e-03 1.776307870832048441e-01 9.345232811727171782e-03 2.024569662777631618e-01 0.000000000000000000e+00 7.278450202444386452e-02 1.448597434471299572e-01 5.885953914911452173e-02 7.741788132133778193e-03 0.000000000000000000e+00 1.706090581308505050e-01 0.000000000000000000e+00 0.000000000000000000e+00 3.018456970966343876e-03 0.000000000000000000e+00 0.000000000000000000e+00 0.000000000000000000e+00 1.839384890890426649e-03 8.799279780294287645e-03 0.000000000000000000e+00 8.619419772348442532e-02 0.000000000000000000e+00 1.809254914770631884e-02 3.576494846514399056e-02
0.000000000000000000e+00 1.388473585587090935e-02 4.559396011568021129e-02 1.487802940205867896e-01 1.821070069870396602e-01 1.301580910305552286e-01 1.379896499566740931e-01 0.000000000000000000e+00 0.000000000000000000e+00 2.894952932707366318e-03 5.554793341504903059e-03 3.102368633449245627e-02 0.000000000000000000e+00 2.710289750672183109e-03 1.494317417884277466e-01 0.000000000000000000e+00 0.000000000000000000e+00 6.940751209962900577e-03 3.643578686057867815e-03 0.000000000000000000e+00 3.139688141032855387e-03 1.069830523356459090e-01 2.844785133647164191e-02 0.000000000000000000e+00 7.158761766172770658e-04
0.000000000000000000e+00 6.659082716002184821e-03 9.392141538481170449e-02 3.022661207099009654e-03 1.134443298094723329e-01 2.305317317426056663e-03 1.196866933048565534e-01 1.566055010595827357e-01 7.940828280430536901e-03 1.029785902820328641e-01 0.000000000000000000e+00 6.671194883798114983e-02 0.000000000000000000e+00 0.000000000000000000e+00 0.000000000000000000e+00 3.499872192769403964e-03 6.464589234406356057e-03 4.109315369354669262e-02 7.573525797797231451e-02 1.139944036610930980e-02 0.000000000000000000e+00 3.058565122714996046e-02 2.286605262829461208e-02 2.405167623866028698e-02 1.110279382413958960e-01
0.000000000000000000e+00 1.056903517607233473e-01 0.000000000000000000e+00 4.853167452150539823e-02 0.000000000000000000e+00 1.835537364779740374e-02 7.511335453914648463e-02 1.170511846845162301e-03 0.000000000000000000e+00 1.780048492694478101e-03 0.000000000000000000e+00 3.020976993786138598e-01 1.317948866050766468e-03 0.000000000000000000e+00 1.186431373907045894e-01 1.363941368174817759e-01 0.000000000000000000e+00 3.647891093896144660e-04 1.760006452880118200e-02 0.000000000000000000e+00 6.235257505898428310e-03 3.761982483489303367e-03 2.409783610092000247e-02 0.000000000000000000e+00 1.388458330099382465e-01
3.101958224711972266e-03 2.643160330121955680e-03 1.303268687203986975e-01 1.275669934877309564e-01 7.009296788089982091e-03 1.878443458718538975e-02 6.647340095641586510e-03 0.000000000000000000e+00 4.341052894225210651e-02 1.206169133803748073e-01 0.000000000000000000e+00 1.898668866062153820e-02 1.670152279793892859e-04 0.000000000000000000e+00 2.614482642741587370e-01 5.427680807017719843e-03 1.509859633087054856e-02 7.820022292465604943e-03 9.915088979795642909e-03 2.729518404995107117e-02 0.000000000000000000e+00 1.152442731143163597e-02 2.060953822099504274e-03 5.003866118599512025e-02 1.301099225011059790e-01
0.000000000000000000e+00 8.766465266012497815e-02 0.000000000000000000e+00 0.000000000000000000e+00 5.615865252579304440e-02 7.865837468538307634e-03 1.872925702904448472e-02 3.842591915122742230e-02 4.167583948590181109e-02 1.942038470911881462e-02 1.634859089572061192e-02 2.994188013022585637e-01 6.480528034615777588e-02 3.217354898428819148e-03 2.153268394927903076e-02 1.409630413769357229e-02 0.000000000000000000e+00 1.721981776622229232e-01 0.000000000000000000e+00 0.000000000000000000e+00 0.000000000000000000e+00 3.319125926608591532e-03 6.600154481358781397e-03 1.002043489809120768e-03 1.275209398807133077e-01
0.000000000000000000e+00 1.260249364146157902e-01 8.107338601707500536e-02 1.370064148511951352e-01 5.201752967052827165e-03 2.851447233361606524e-03 5.694543851245566484e-04 7.492432245313151128e-03 0.000000000000000000e+00 1.171307261496609409e-01 0.000000000000000000e+00 1.718371107133672693e-01 1.225030694434268118e-02 0.000000000000000000e+00 1.579770553791771115e-01 8.262172998458967767e-04 9.155249985999470291e-03 1.393700720373955600e-02 1.292095974947102786e-02 1.616019245372735374e-03 0.000000000000000000e+00 7.554608062605713825e-02 1.759711781271115771e-02 4.482351397496379432e-03 4.450397337902049777e-02
3.046584439322401125e-02 2.035987210158537661e-02 0.000000000000000000e+00 2.084788265430845885e-03 1.454212021106709302e-02 0.000000000000000000e+00 2.858068702706089148e-01 8.733786787858200881e-03 2.479311411036329640e-02 8.618826544348252459e-04 0.000000000000000000e+00 2.100718003945152013e-01 0.000000000000000000e+00 1.743360173139688789e-03 1.257231640550472984e-01 0.000000000000000000e+00 0.000000000000000000e+00 5.782472685058698270e-02 1.262247168241155404e-01 5.566419332996524333e-02 0.000000000000000000e+00 2.876943133590850049e-03 2.175485366383978977e-02 1.368363896581151814e-03 9.099598884045715513e-03
0.000000000000000000e+00 9.677916013643901583e-02 2.458823363802433715e-01 0.000000000000000000e+00 4.634901333734124662e-02 1.396772054618848347e-01 1.683736331117397511e-01 0.000000000000000000e+00 1.084698981162822255e-02 1.344543595977713314e-02 0.000000000000000000e+00 6.795558224411851755e-02 0.000000000000000000e+00 0.000000000000000000e+00 2.981503018897132748e-02 2.292532028338024538e-02 0.000000000000000000e+00 1.072555780665528959e-02 8.104281468137275457e-02 0.000000000000000000e+00 0.000000000000000000e+00 0.000000000000000000e+00 1.188743231019796093e-02 9.934385963818634716e-03 4.436010232243184359e-02
1.334562135212818690e-01 4.106784994908189296e-03 0.000000000000000000e+00 2.261889601578747841e-02 1.640133571898722276e-01 0.000000000000000000e+00 8.540130667431380940e-03 0.000000000000000000e+00 5.536403384066470972e-03 3.274112666670075944e-02 0.000000000000000000e+00 1.701385517103325973e-01 5.178127663193767515e-04 0.000000000000000000e+00 2.129850049831908676e-01 0.000000000000000000e+00 0.000000000000000000e+00 0.000000000000000000e+00 3.455807811917602679e-04 0.000000000000000000e+00 0.000000000000000000e+00 7.910663864565313508e-02 1.514257344071074096e-01 0.000000000000000000e+00 1.446776426615646247e-02
0.000000000000000000e+00 0.000000000000000000e+00 2.884082756598369685e-02 0.000000000000000000e+00 1.615813982189281683e-01 0.000000000000000000e+00 1.642592272994560509e-01 0.000000000000000000e+00 0.000000000000000000e+00 0.000000000000000000e+00 0.000000000000000000e+00 1.591168219385109828e-01 0.000000000000000000e+00 0.000000000000000000e+00 1.799518878754554629e-01 1.283417387630189366e-01 0.000000000000000000e+00 6.845852765941188439e-04 2.549811631639587774e-03 0.000000000000000000e+00 0.000000000000000000e+00 0.000000000000000000e+00 0.000000000000000000e+00 1.736757142368964071e-02 1.573061300067234991e-01
4.500426866995516778e-02 4.733557055153539070e-03 1.511045327326374955e-02 6.037019381806934398e-02 2.555054288544267860e-01 0.000000000000000000e+00 1.672766185043323209e-02 1.410215739576916594e-01 9.238368554396698962e-03 6.702031006604930452e-02 0.000000000000000000e+00 7.409174962470230393e-03 0.000000000000000000e+00 1.823534889835906484e-03 9.742253801741108943e-02 3.627198749713391943e-03 4.514842408275242421e-03 4.830149426182734490e-02 0.000000000000000000e+00 0.000000000000000000e+00 0.000000000000000000e+00 2.030574726725763168e-02 7.218804611848192443e-02 4.008962755843394413e-03 1.256666444694442830e-01
1.632056431977974009e-02 0.000000000000000000e+00 3.863795008514434720e-02 0.000000000000000000e+00 2.206480436020975544e-01 0.000000000000000000e+00 2.856086440748791810e-01 1.087920915588541822e-02 5.189765873688333142e-02 0.000000000000000000e+00 0.000000000000000000e+00 0.000000000000000000e+00 0.000000000000000000e+00 0.000000000000000000e+00 0.000000000000000000e+00 0.000000000000000000e+00 1.057302870016121367e-02 6.947920716745716041e-02 0.000000000000000000e+00 7.301004807628361237e-02 0.000000000000000000e+00 1.745376929933734750e-02 1.323484294464028765e-01 0.000000000000000000e+00 7.314344733568828305e-02
1.839019797204240452e-03 3.068039125739051385e-03 8.317439738359824059e-03 6.622624983371598259e-03 1.576351999992227637e-01 0.000000000000000000e+00 2.773772876047088908e-03 9.675360018552695007e-02 5.612950842126312317e-02 2.189014676647575361e-02 0.000000000000000000e+00 2.651088664073193990e-01 0.000000000000000000e+00 0.000000000000000000e+00 5.767672535540189355e-02 0.000000000000000000e+00 4.882901564301398399e-03 1.311951140497900625e-01 6.040848041059790341e-02 0.000000000000000000e+00 0.000000000000000000e+00 1.147896456537020327e-01 4.419801489378465814e-03 6.324189228015671474e-03 1.649239482827547898e-04
7.596065412624330472e-03 7.025541730898584442e-03 1.816295625636589750e-01 8.509013318186290850e-03 2.043578535434642518e-01 3.142494035612313635e-02 5.297879286946004934e-02 0.000000000000000000e+00 8.430652809381281032e-02 1.225499151329724618e-01 0.000000000000000000e+00 7.893918741873350020e-02 0.000000000000000000e+00 5.032209529605799914e-04 5.039426619871556923e-04 0.000000000000000000e+00 3.729066623765451248e-03 6.236451070234927743e-03 0.000000000000000000e+00 1.831042661160013412e-03 9.327284421002874845e-03 2.690809289116248212e-02 9.343040842157633585e-02 4.033922885337173220e-02 3.787386100284411555e-02
0.000000000000000000e+00 1.040881852670939509e-02 4.598617449110579264e-02 0.000000000000000000e+00 1.471719854126799787e-01 0.000000000000000000e+00 1.337138832323648274e-01 1.289610441518086459e-01 9.583407486019455968e-03 1.193083979754832186e-01 0.000000000000000000e+00 9.171602181439232615e-02 0.000000000000000000e+00 3.570791215203452523e-03 0.000000000000000000e+00 0.000000000000000000e+00 0.000000000000000000e+00 0.000000000000000000e+00 0.000000000000000000e+00 0.000000000000000000e+00 0.000000000000000000e+00 0.000000000000000000e+00 1.330653343526129739e-01 0.000000000000000000e+00 1.765141413416199956e-01
0.000000000000000000e+00 7.462241153613641004e-04 1.056304732244997130e-01 0.000000000000000000e+00 1.533017398145410624e-02 1.127423131297072695e-01 1.755285443732169104e-01 1.213986955294996811e-02 2.249610921026393498e-02 7.788562919863148415e-02 1.110501964664351200e-02 1.661084547626732189e-01 0.000000000000000000e+00 0.000000000000000000e+00 1.499479945455090349e-02 0.000000000000000000e+00 7.268455504385401555e-02 0.000000000000000000e+00 6.727659712369511713e-02 1.038246113830129614e-03 8.205437613186157553e-03 2.011945269047554080e-02 0.000000000000000000e+00 9.261425214057281141e-02 2.335384862443385529e-02
0.000000000000000000e+00 6.724496735776708386e-04 1.378263872768835385e-01 7.429081900910863845e-02 8.187416631255359234e-02 0.000000000000000000e+00 2.153992765100833442e-02 1.464501240993805742e-01 5.464301066755959668e-02 4.065606299019992181e-02 0.000000000000000000e+00 1.623868861185380486e-01 0.000000000000000000e+00 9.091888677038957242e-03 2.192614599816560331e-02 1.898800396512521221e-02 0.000000000000000000e+00 4.384085864329192658e-03 0.000000000000000000e+00 0.000000000000000000e+00 0.000000000000000000e+00 1.380773335128154117e-02 1.049876218114253607e-01 4.370951817236489942e-03 1.021037347165877907e-01
0.000000000000000000e+00 0.000000000000000000e+00 1.090565504569922239e-01 5.261358035328921046e-03 2.935209757884572612e-01 0.000000000000000000e+00 1.525975722053689032e-01 1.839274459706945891e-02 2.711981858309059704e-03 0.000000000000000000e+00 0.000000000000000000e+00 1.642986893378869939e-01 0.000000000000000000e+00 0.000000000000000000e+00 0.000000000000000000e+00 5.105243896846434898e-02 2.850622709188047402e-03 4.804878915101182951e-02 0.000000000000000000e+00 0.000000000000000000e+00 0.000000000000000000e+00 0.000000000000000000e+00 2.523483976212376537e-02 1.269734371297990549e-01 0.000000000000000000e+00
0.000000000000000000e+00 3.502774868566513322e-02 0.000000000000000000e+00 2.283296514155536919e-03 1.701835135636121238e-02 9.510538114678529498e-02 9.387771928945218280e-02 1.453985423553992851e-01 1.284154061672017344e-03 5.918551173259953974e-02 0.000000000000000000e+00 2.146345735648615138e-01 0.000000000000000000e+00 1.917021993267727055e-03 3.564123366360660156e-02 7.355613522272650036e-03 0.000000000000000000e+00 0.000000000000000000e+00 3.942303373378407486e-03 5.014210676280658491e-04 1.753510145380568486e-02 6.676714015767929757e-04 1.777679810002005811e-02 1.258543432056901112e-01 1.249932135118020787e-01
6.046328641538926962e-02 1.254167448347863652e-03 1.433198340874812645e-03 7.371890902497547915e-02 3.388258622649110291e-02 2.576700630798210018e-03 1.177701780895717802e-02 1.675571513942794729e-04 4.203200479654933645e-03 1.803327259025029952e-02 0.000000000000000000e+00 1.627257195667564105e-01 1.307116016126491122e-02 1.092737104092535855e-02 1.501303371065865200e-01 9.535140739814679245e-02 1.768141698372952767e-03 0.000000000000000000e+00 8.837101411036048931e-03 3.579749978305433317e-02 0.000000000000000000e+00 0.000000000000000000e+00 0.000000000000000000e+00 5.838041497341735220e-02 2.555009507433058102e-01
0.000000000000000000e+00 1.978660533862761084e-02 1.981378301337047010e-01 5.905242753816227624e-02 2.497431391643762932e-01 2.444414410628503731e-02 1.436912629858156931e-01 4.816963620853496886e-02 4.331253093602444558e-03 1.273119715201474766e-01 8.369291077776655182e-04 2.011893380850500110e-02 0.000000000000000000e+00 0.000000000000000000e+00 3.338018382041466059e-02 3.341642018657207751e-04 0.000000000000000000e+00 1.647963097355596360e-02 3.941779082732253109e-02 1.691137254914881522e-04 0.000000000000000000e+00 1.606498322584495831e-03 5.359061651266758437e-03 0.000000000000000000e+00 7.629423471959238812e-03
1.594417342298549145e-01 3.178584629831420448e-03 7.102842724877010683e-03 6.237379301097582991e-03 2.897218647287358451e-01 1.830690969583057548e-01 0.000000000000000000e+00 0.000000000000000000e+00 2.268664808600582422e-03 1.556189183234705196e-02 0.000000000000000000e+00 1.623118427514906037e-01 0.000000000000000000e+00 0.000000000000000000e+00 3.373162054097098191e-03 0.000000000000000000e+00 0.000000000000000000e+00 6.761841106455383343e-04 0.000000000000000000e+00 3.383122335576787946e-04 0.000000000000000000e+00 6.394395907215737196e-03 1.323174607112015955e-01 1.883111443825400202e-02 9.175468579887706422e-03
0.000000000000000000e+00 2.994025217063355122e-03 1.272058027969339977e-01 7.843358464104314975e-02 1.711603245233972448e-01 9.346445146066506560e-02 3.792691893026258615e-02 0.000000000000000000e+00 3.637662155832994265e-02 7.692930586145116552e-03 0.000000000000000000e+00 7.464025609986170082e-03 0.000000000000000000e+00 0.000000000000000000e+00 1.504522103572672187e-01 0.000000000000000000e+00 3.187391170984832118e-03 1.372720637759857962e-02 3.401587317783618292e-04 0.000000000000000000e+00 1.238365457597715401e-02 0.000000000000000000e+00 3.840445776738705963e-03 1.271966359247442835e-01 1.261536117610842223e-01
0.000000000000000000e+00 6.510810145047209174e-02 5.592445365300761223e-02 3.517290375757235049e-02 2.435578026765157153e-02 1.088996172446338034e-01 1.624473412617105650e-01 9.993913553832939681e-03 3.058042207836447236e-03 1.272369817151548232e-01 0.000000000000000000e+00 1.368441710470979511e-01 0.000000000000000000e+00 0.000000000000000000e+00 3.112099477981858028e-02 0.000000000000000000e+00 6.695799803776810626e-04 3.012923274172046167e-02 1.030864788656727926e-01 7.980959630082339745e-03 0.000000000000000000e+00 1.120853454609803054e-02 0.000000000000000000e+00 0.000000000000000000e+00 8.676291329725997759e-02
2.889193131085395980e-02 2.196826712460820119e-01 5.263648163951935299e-02 2.209056575013497795e-02 1.330999886555087885e-01 7.040148485408798638e-03 0.000000000000000000e+00 4.025372801483549645e-02 0.000000000000000000e+00 1.260301862626627412e-01 0.000000000000000000e+00 1.836358033820079463e-02 9.709771752529266836e-04 0.000000000000000000e+00 1.612455441638183107e-01 0.000000000000000000e+00 0.000000000000000000e+00 0.000000000000000000e+00 1.015049355396114303e-03 5.045971205528753745e-04 0.000000000000000000e+00 0.000000000000000000e+00 1.025551237635332902e-01 1.182691815263522961e-03 8.443673490297613771e-02
6.877392550747470079e-02 0.000000000000000000e+00 0.000000000000000000e+00 1.075774775937575478e-02 2.619150490383831964e-01 0.000000000000000000e+00 4.264986041752483539e-03 5.681887553328107340e-03 5.282501797968896899e-03 5.046424186214153347e-04 0.000000000000000000e+00 6.305516930321755642e-02 9.909930551914626629e-02 7.526407870033542322e-03 1.578050009240880014e-01 2.883393650630380022e-03 7.480966624207156801e-04 1.455602076843851289e-01 0.000000000000000000e+00 5.008408743089524592e-03 0.000000000000000000e+00 4.681050264194250646e-03 1.137085195676512889e-03 1.407371957962974193e-02 1.412414144865837273e-01
7.656146966110603802e-03 2.095487652557395108e-01 0.000000000000000000e+00 6.116424557623706404e-02 2.864877675533833781e-03 1.340555257732071147e-03 0.000000000000000000e+00 3.249217462690566407e-03 0.000000000000000000e+00 8.135232570701350641e-02 0.000000000000000000e+00 2.632422843028123238e-01 4.389300211032890441e-03 3.468298572253050043e-04 3.552764102980962568e-02 0.000000000000000000e+00 0.000000000000000000e+00 1.527786183086182010e-03 0.000000000000000000e+00 0.000000000000000000e+00 1.493587062447794024e-02 0.000000000000000000e+00 1.107127005269250702e-01 1.374516024610884235e-01 6.468985090248510761e-02
0.000000000000000000e+00 3.373340227116085333e-02 5.739709779849157256e-02 1.330099040612682804e-01 1.817434067034697995e-02 4.998852131157127286e-04 1.088233299878040017e-02 6.742271431797706299e-03 8.709425635295638124e-02 3.352402033655426522e-03 0.000000000000000000e+00 1.988256239137571879e-01 4.994167921649805613e-04 0.000000000000000000e+00 1.968129957691010234e-02 1.324061087535647330e-01 1.498606094985873577e-02 4.869276368208726169e-03 1.306521043423457540e-01 1.669651642439866357e-03 0.000000000000000000e+00 0.000000000000000000e+00 1.052769322176702084e-02 5.243346147379508194e-03 1.297535254600299393e-01
3.173320201082760993e-03 0.000000000000000000e+00 4.783197282688468610e-02 7.274500548715699677e-02 2.708071954040625062e-01 2.977572057508435718e-02 3.613397178209997070e-03 0.000000000000000000e+00 0.000000000000000000e+00 2.006845383992361068e-03 2.641650639501706005e-02 7.386687492874455252e-02 2.137726604687516154e-03 0.000000000000000000e+00 2.024124230338708863e-01 2.327842631004571237e-04 0.000000000000000000e+00 0.000000000000000000e+00 0.000000000000000000e+00 4.609109746920134372e-03 0.000000000000000000e+00 1.818675207445203876e-02 1.133527341600781974e-01 1.124668472144350756e-01 1.636478452222045119e-02
8.013067879407780036e-02 1.111984821810742957e-01 7.432134491991851735e-03 6.069215086477113691e-02 1.617747819046886915e-01 0.000000000000000000e+00 2.176372261852585824e-02 1.264491200399095738e-01 0.000000000000000000e+00 2.586051914024645529e-02 0.000000000000000000e+00 1.665803156497556170e-01 0.000000000000000000e+00 0.000000000000000000e+00 0.000000000000000000e+00 2.344641366935333593e-02 2.494785434495255458e-02 6.091293265050199031e-03 1.975493334573959550e-02 0.000000000000000000e+00 0.000000000000000000e+00 4.863403258683351299e-03 9.929530473639033850e-02 3.880392726967047540e-02 2.091496442511887183e-02
9.719234360762104424e-03 0.000000000000000000e+00 2.970743049037016283e-03 1.501284577648111240e-01 7.380445579418390238e-03 2.652645599730355658e-02 1.653383985153103752e-01 1.469386482641495406e-01 6.075491122784363457e-02 3.704935360151857815e-02 0.000000000000000000e+00 1.465090514697684476e-01 0.000000000000000000e+00 0.000000000000000000e+00 1.091133506705376094e-01 0.000000000000000000e+00 0.000000000000000000e+00 0.000000000000000000e+00 6.521811644273148474e-03 9.725237952653845858e-03 0.000000000000000000e+00 1.081779859920471154e-01 0.000000000000000000e+00 1.314591391056543768e-02 0.000000000000000000e+00
0.000000000000000000e+00 0.000000000000000000e+00 1.776737117977929548e-01 0.000000000000000000e+00 1.467732736564578144e-01 2.943283240034819375e-03 1.982560268169898943e-01 1.376415267501731321e-01 4.686096939044977032e-03 8.231149623215137587e-03 0.000000000000000000e+00 0.000000000000000000e+00 0.000000000000000000e+00 0.000000000000000000e+00 1.522984298987233309e-01 0.000000000000000000e+00 1.077292707168624533e-02 0.000000000000000000e+00 0.000000000000000000e+00 1.264225773246470223e-03 0.000000000000000000e+00 5.441643088193802002e-04 0.000000000000000000e+00 0.000000000000000000e+00 1.589151841238157503e-01
1.470783193296180741e-03 1.635553857438847881e-03 9.558392355882790181e-02 0.000000000000000000e+00 2.361994885156137314e-01 2.768619976372652808e-03 3.335455104314739763e-04 1.059506998756770263e-01 6.959785264289308770e-02 1.262702110188845539e-01 8.170910608128901381e-04 2.710986093117943585e-01 1.064121061788505899e-02 0.000000000000000000e+00 1.946598195832948547e-02 1.332979172549169332e-02 0.000000000000000000e+00 2.939828863401843656e-02 1.414036930567300543e-03 3.642981507808938126e-03 0.000000000000000000e+00 0.000000000000000000e+00 1.969031479989632669e-03 2.816549242766063117e-03 5.595749381100717512e-03
0.000000000000000000e+00 3.427173651089115286e-02 1.921020601573595818e-02 2.504157713538693319e-03 1.236668436189558712e-01 0.000000000000000000e+00 1.233945632925230115e-02 1.050388056624669414e-01 6.657960987498272309e-02 2.165089834382494804e-01 5.533745952914448374e-02 1.076637627412624712e-02 0.000000000000000000e+00 0.000000000000000000e+00 1.676874672238075625e-01 3.602825750020248203e-03 5.754160433369397143e-03 4.807351674818246060e-03 3.329170913735546755e-04 1.331987918791481995e-04 0.000000000000000000e+00 1.417507909051133816e-02 4.684963691364542326e-02 1.999630990894727192e-02 9.043741815428392450e-02
