0.000000000000000000e+00 2.468216707390489401e-02 2.023233712631559711e-01 2.210532071724910595e-03 2.678596888101876863e-02 0.000000000000000000e+00 1.476637832332749201e-01 6.600489978610417363e-02 0.000000000000000000e+00 8.721426886036018865e-04 0.000000000000000000e+00 0.000000000000000000e+00 0.000000000000000000e+00 7.106466557433340891e-04 1.150114952620052700e-01 0.000000000000000000e+00 3.675654703405619589e-02 1.418603930079873066e-01 3.230430764465314075e-02 0.000000000000000000e+00 1.118471174887870727e-02 2.342033375186148084e-02 0.000000000000000000e+00 1.804102568230826764e-02 1.501676742147190213e-01
0.000000000000000000e+00 5.477908513415476188e-02 2.981389021855150936e-02 5.130032673228068080e-02 9.327625518527544665e-03 0.000000000000000000e+00 2.416616483628276652e-03 6.421615920094186913e-02 0.000000000000000000e+00 9.858287062786159904e-02 0.000000000000000000e+00 4.501045670803945770e-02 0.000000000000000000e+00 0.000000000000000000e+00 0.000000000000000000e+00 1.324572098377218843e-01 8.754936116839992510e-02 0.000000000000000000e+00 0.000000000000000000e+00 4.519727487026359964e-04 1.271046823035922868e-01 0.000000000000000000e+00 0.000000000000000000e+00 1.801399392135239474e-01 1.168498041040736263e-01
8.796294315436789177e-03 0.000000000000000000e+00 1.687524341346026890e-03 0.000000000000000000e+00 3.423476974173231963e-02 0.000000000000000000e+00 0.000000000000000000e+00 3.809225154217337622e-02 0.000000000000000000e+00 0.000000000000000000e+00 0.000000000000000000e+00 7.723136266100726066e-02 8.259804059191617684e-03 1.014755828330473134e-02 1.388533978713848149e-01 7.194126696714811531e-02 7.122415106828255960e-02 4.327762026791682343e-02 2.746860009863914646e-03 1.943098808739303351e-02 1.265696780215346817e-01 1.299559284997713060e-01 1.138598585991569545e-01 8.599416606237900162e-02 1.769651960097668938e-02
0.000000000000000000e+00 0.000000000000000000e+00 0.000000000000000000e+00 0.000000000000000000e+00 1.271733510211623397e-01 0.000000000000000000e+00 4.028876479432488139e-02 0.000000000000000000e+00 1.138215735842311796e-02 2.992153989182220336e-02 0.000000000000000000e+00 1.064079570460668978e-01 0.000000000000000000e+00 0.000000000000000000e+00 5.735033609053001580e-02 0.000000000000000000e+00 1.399611949922564260e-03 0.000000000000000000e+00 9.668221607484503433e-02 1.353589645086439031e-01 1.455470924410188771e-01 5.195680949730156761e-02 0.000000000000000000e+00 1.839494688634336905e-01 1.258173046250503531e-02
6.279304946254980757e-02 3.285633327168568235e-02 1.691501981406194274e-02 0.000000000000000000e+00 0.000000000000000000e+00 0.000000000000000000e+00 3.123832664594185932e-02 1.455623006906465733e-01 1.113495912051109121e-01 9.673550922712231825e-02 0.000000000000000000e+00 0.000000000000000000e+00 0.000000000000000000e+00 0.000000000000000000e+00 8.761528309472144116e-02 0.000000000000000000e+00 1.743393277848737100e-01 2.522730816418086719e-02 2.894556181094362288e-02 1.842486784006035910e-02 1.693310854973995375e-02 9.127322125508537803e-03 0.000000000000000000e+00 1.419370903128524264e-01 0.000000000000000000e+00
1.790035496390605940e-02 2.965020876899314428e-02 1.503462281866826400e-01 0.000000000000000000e+00 9.548297368847490085e-02 0.000000000000000000e+00 1.621891291721376249e-01 1.398563048250720843e-02 2.925891167494901884e-02 0.000000000000000000e+00 0.000000000000000000e+00 3.338394394178544056e-02 0.000000000000000000e+00 0.000000000000000000e+00 0.000000000000000000e+00 1.049087850093554375e-01 7.519015030949406653e-02 1.460288467707642479e-01 0.000000000000000000e+00 8.186962707143438309e-03 0.000000000000000000e+00 0.000000000000000000e+00 1.042952261025983148e-03 1.954013710822807490e-02 1.129047849545526672e-01
1.511993339854003915e-01 2.339264394273749340e-02 0.000000000000000000e+00 0.000000000000000000e+00 1.595731067019710292e-01 0.000000000000000000e+00 1.814630635052771057e-01 5.655271933540173546e-02 0.000000000000000000e+00 1.286381813611389424e-01 0.000000000000000000e+00 0.000000000000000000e+00 0.000000000000000000e+00 0.000000000000000000e+00 0.000000000000000000e+00 0.000000000000000000e+00 2.870403867487929597e-02 2.342502832173020202e-02 1.881934948551437781e-01 0.000000000000000000e+00 0.000000000000000000e+00 0.000000000000000000e+00 0.000000000000000000e+00 4.633758076308681895e-04 5.839501350868913504e-02
1.160946277002539717e-01 2.331792173652599484e-02 3.456728440522337242e-02 0.000000000000000000e+00 0.000000000000000000e+00 0.000000000000000000e+00 1.808976501914692434e-02 1.193634496259914357e-01 0.000000000000000000e+00 2.839723956983485759e-02 0.000000000000000000e+00 0.000000000000000000e+00 0.000000000000000000e+00 0.000000000000000000e+00 7.782810960039870940e-02 0.000000000000000000e+00 1.812935686238772159e-01 0.000000000000000000e+00 5.317012372662793113e-02 0.000000000000000000e+00 0.000000000000000000e+00 1.512544567522838834e-01 2.972968538298860486e-02 1.409607275541246707e-01 2.593304030272238284e-02
0.000000000000000000e+00 9.544154188654006485e-03 1.040975755624181653e-01 0.000000000000000000e+00 0.000000000000000000e+00 3.084197185307157446e-02 1.125894269711410073e-01 1.496102252531746335e-01 5.913272993720967985e-02 3.287015558668149318e-02 0.000000000000000000e+00 2.649510846322414639e-02 1.767821737247244132e-02 4.149362192212120541e-03 5.962127236240372108e-02 0.000000000000000000e+00 0.000000000000000000e+00 8.975647614649528983e-02 0.000000000000000000e+00 3.261375488281139431e-03 0.000000000000000000e+00 1.172722506718224256e-01 2.816223210172798253e-02 1.352142597985832861e-01 1.970320605042693088e-02
0.000000000000000000e+00 0.000000000000000000e+00 5.513256406533276893e-02 0.000000000000000000e+00 2.787292684404675102e-03 0.000000000000000000e+00 1.476299690020179967e-01 3.466512341782043011e-02 6.695132931490682671e-02 2.109883013438250757e-02 0.000000000000000000e+00 1.139459037565570820e-01 2.294301341275770817e-02 0.000000000000000000e+00 1.296220356636298282e-02 1.026606432451853262e-01 0.000000000000000000e+00 2.243703488454521291e-02 1.541445519856271540e-02 0.000000000000000000e+00 0.000000000000000000e+00 1.778080356776570031e-02 1.663892890315865902e-01 7.934982786629792006e-02 1.178517168515135077e-01
0.000000000000000000e+00 3.859868897800240034e-02 6.240231795549702060e-02 0.000000000000000000e+00 7.010102759934201330e-03 0.000000000000000000e+00 3.312857269239906366e-02 9.493942341847505517e-02 9.124411425829938305e-02 0.000000000000000000e+00 0.000000000000000000e+00 0.000000000000000000e+00 1.374532636152002094e-02 0.000000000000000000e+00 1.545259573092105376e-01 0.000000000000000000e+00 1.371883543775626879e-01 1.086873980245539884e-01 4.588939074907444349e-02 7.788221689980428381e-03 6.067302601684488456e-02 8.660128181300870420e-02 1.729090798521000158e-02 9.957544100801851705e-03 3.032937150962536701e-02
0.000000000000000000e+00 0.000000000000000000e+00 2.009460185650907837e-01 0.000000000000000000e+00 6.884942099741800381e-02 0.000000000000000000e+00 1.257191532552520696e-01 1.488735678502757231e-01 1.359659884575618177e-02 0.000000000000000000e+00 0.000000000000000000e+00 4.500026188094211933e-03 0.000000000000000000e+00 0.000000000000000000e+00 3.752455703366876704e-04 0.000000000000000000e+00 8.274847053803113806e-02 0.000000000000000000e+00 1.537157055218974222e-01 1.052913190130188165e-01 3.021006636209481924e-03 9.198822144828271152e-02 0.000000000000000000e+00 0.000000000000000000e+00 3.752455703366876704e-04
0.000000000000000000e+00 0.000000000000000000e+00 2.238890055402828971e-04 0.000000000000000000e+00 4.359933593582443478e-02 0.000000000000000000e+00 1.036174468286177493e-02 0.000000000000000000e+00 1.148036924577882333e-02 1.300687418056485911e-01 0.000000000000000000e+00 0.000000000000000000e+00 0.000000000000000000e+00 0.000000000000000000e+00 0.000000000000000000e+00 0.000000000000000000e+00 1.319822788662297630e-01 1.165242594162711337e-01 1.884460090862614956e-01 4.759229845733332562e-03 0.000000000000000000e+00 4.442140942077662386e-02 1.112905326975440062e-01 3.445855854595097911e-02 1.723836414455788280e-01
1.274324993603036769e-02 0.000000000000000000e+00 0.000000000000000000e+00 0.000000000000000000e+00 1.695183065770065611e-01 0.000000000000000000e+00 1.187921693934836376e-01 4.519522922800348758e-02 0.000000000000000000e+00 8.155107098598550486e-02 0.000000000000000000e+00 1.951352308706776452e-04 0.000000000000000000e+00 1.927367024387632247e-03 5.673778027785586486e-02 0.000000000000000000e+00 0.000000000000000000e+00 1.680639067570394996e-01 8.561609323644565894e-02 0.000000000000000000e+00 1.365153779879512211e-02 6.106329231281589984e-03 7.362045899176511421e-02 1.271560731144027187e-03 1.650098045999053575e-01
8.661374036524981113e-02 0.000000000000000000e+00 6.342718141895473116e-02 0.000000000000000000e+00 5.683349748410410074e-02 1.911406619130385023e-02 1.322780956199946512e-01 1.779342528502176127e-02 2.401896816082391486e-02 1.326382290665960653e-02 0.000000000000000000e+00 3.754058231247726918e-02 7.748778119243877882e-02 0.000000000000000000e+00 1.758613460120823230e-02 0.000000000000000000e+00 5.815301048609107515e-02 1.124275969625509325e-01 8.936692060124444906e-03 2.088707545086878128e-02 0.000000000000000000e+00 8.126754445087876200e-02 1.307589469942851620e-02 4.314382627087268163e-02 1.161510640809481770e-01
4.632244531634859171e-03 0.000000000000000000e+00 8.989506917990926216e-02 0.000000000000000000e+00 1.831938283556784064e-01 0.000000000000000000e+00 1.081992061731237159e-01 5.700148629446212534e-02 0.000000000000000000e+00 0.000000000000000000e+00 0.000000000000000000e+00 1.196720424904968716e-01 0.000000000000000000e+00 0.000000000000000000e+00 0.000000000000000000e+00 0.000000000000000000e+00 0.000000000000000000e+00 1.545160307796098476e-01 1.706163225396392091e-01 4.763695564911909000e-03 0.000000000000000000e+00 5.568882109556394511e-02 2.472221068955827647e-02 0.000000000000000000e+00 2.709904230541155742e-02
1.979017632512710539e-02 1.616455716147989843e-02 1.970187758722871402e-03 1.174286907171028654e-01 1.263895933916857062e-01 0.000000000000000000e+00 1.001425611349215927e-01 1.540582034581510218e-01 0.000000000000000000e+00 4.049532438769246415e-03 0.000000000000000000e+00 3.523883633030016477e-02 0.000000000000000000e+00 0.000000000000000000e+00 4.098953781394093498e-02 0.000000000000000000e+00 7.009493762906648939e-02 3.722835220988070237e-02 1.585694900725893031e-01 4.326156782158347910e-03 0.000000000000000000e+00 9.785478324333193867e-02 1.531429050235885540e-02 0.000000000000000000e+00 3.901130304129295364e-04
0.000000000000000000e+00 8.086634599424069592e-02 1.002344876888481562e-01 0.000000000000000000e+00 3.726205250813155456e-02 0.000000000000000000e+00 4.558522447615558082e-02 1.418238683771359532e-01 5.191953173672558125e-03 7.235115117834678942e-03 1.829281508936844800e-03 7.555495635578420022e-02 0.000000000000000000e+00 0.000000000000000000e+00 5.175988827874090925e-02 0.000000000000000000e+00 1.298265387893266821e-03 0.000000000000000000e+00 1.476521570868274125e-01 4.732805218636990975e-03 0.000000000000000000e+00 2.080881007483323386e-01 2.502603238704747060e-02 1.285400007065653182e-02 5.300546562112477128e-02
0.000000000000000000e+00 2.999907102125346989e-02 1.184048660772251266e-01 5.850512951307456407e-04 1.218442067540247975e-01 1.590582673291148982e-02 6.930421829733501848e-02 1.528667677523250744e-02 0.000000000000000000e+00 0.000000000000000000e+00 0.000000000000000000e+00 0.000000000000000000e+00 0.000000000000000000e+00 1.291909405809186107e-03 2.188947437313455147e-01 0.000000000000000000e+00 6.105191477845460513e-02 0.000000000000000000e+00 4.721216600744365145e-03 0.000000000000000000e+00 1.378924632487125435e-01 0.000000000000000000e+00 1.106052393322891694e-02 6.008970418391782788e-03 1.877483409302000139e-01
9.080530644698771650e-03 0.000000000000000000e+00 0.000000000000000000e+00 0.000000000000000000e+00 3.802214357000911760e-02 0.000000000000000000e+00 6.216892655164184527e-04 7.160586481471604807e-03 1.426297350563366165e-02 1.300552050166311202e-01 0.000000000000000000e+00 1.563312666962013084e-02 0.000000000000000000e+00 6.192008495103454042e-04 1.274288588380683152e-01 7.254926358168589488e-03 1.968984631379900874e-01 1.471849231232832678e-01 5.155750415342159887e-02 5.299171787944057660e-02 0.000000000000000000e+00 0.000000000000000000e+00 0.000000000000000000e+00 2.262847127649521284e-02 1.785996792300412472e-01
1.186700402268577731e-01 1.232115434963898699e-02 2.439988126300065077e-02 1.614892524131790116e-02 5.193960715704638853e-02 0.000000000000000000e+00 0.000000000000000000e+00 1.450355880236179063e-01 1.779866671812439100e-02 1.015795185878174273e-01 0.000000000000000000e+00 1.715278800807484849e-02 0.000000000000000000e+00 0.000000000000000000e+00 1.070969746313039234e-01 4.427940039079611076e-03 1.613726599072079215e-01 0.000000000000000000e+00 5.162620074517157431e-02 0.000000000000000000e+00 7.730786700174267431e-03 1.428298108713644265e-01 0.000000000000000000e+00 0.000000000000000000e+00 1.986945753020199351e-02
8.974349776387330032e-04 9.673511625859259472e-03 1.730862395825286948e-01 6.431516298707685986e-02 1.444494302360710414e-01 0.000000000000000000e+00 9.736967514889964884e-03 1.157727367855886438e-02 1.371834269174347296e-02 2.538812913798590629e-02 1.119223663095689214e-02 2.692887903362634755e-02 0.000000000000000000e+00 0.000000000000000000e+00 1.689425495256461351e-01 0.000000000000000000e+00 0.000000000000000000e+00 0.000000000000000000e+00 0.000000000000000000e+00 0.000000000000000000e+00 1.047432743138161648e-01 2.019300200398639611e-02 2.119851005562363444e-02 3.923110278046031824e-02 1.547279532235312227e-01
0.000000000000000000e+00 3.687570035282065287e-03 1.018230666998350825e-01 0.000000000000000000e+00 0.000000000000000000e+00 0.000000000000000000e+00 1.476083028009918252e-01 3.302930112064049375e-03 7.729108239154646766e-03 2.406744980136362247e-02 0.000000000000000000e+00 3.370875232268345095e-02 2.781668690503635161e-02 0.000000000000000000e+00 2.098998511498064157e-01 1.143532301056388867e-01 0.000000000000000000e+00 4.654289822182216402e-02 1.399245621355391968e-02 0.000000000000000000e+00 8.821116437083602324e-02 4.377213994551213544e-03 0.000000000000000000e+00 6.275700457762646567e-02 1.101223144497538303e-01
0.000000000000000000e+00 8.354982092394975732e-03 1.371927841099707390e-01 0.000000000000000000e+00 1.292960202524085292e-02 0.000000000000000000e+00 1.438141399746045157e-01 1.397811556782075360e-01 1.683923362141781163e-02 3.626520473713361337e-02 0.000000000000000000e+00 8.395624591234657555e-03 0.000000000000000000e+00 0.000000000000000000e+00 9.054566724108741027e-02 1.091302255145586240e-03 1.833597679390941079e-02 4.872750616471494683e-02 1.491696202382599978e-01 1.054319327517607178e-03 0.000000000000000000e+00 1.382988451805295949e-01 0.000000000000000000e+00 4.638743400894266428e-02 2.816601959688061832e-03
1.161710460595090366e-01 0.000000000000000000e+00 8.605820113702523227e-03 0.000000000000000000e+00 1.558962636055160333e-01 0.000000000000000000e+00 0.000000000000000000e+00 4.067890376048354656e-02 1.152033814875399586e-03 3.373247953251094777e-02 4.441806311448185524e-02 1.179676799733855690e-02 0.000000000000000000e+00 0.000000000000000000e+00 1.338293105714981890e-01 0.000000000000000000e+00 3.204658306454873096e-02 1.440994179222530591e-01 3.943712386623027949e-02 0.000000000000000000e+00 2.761185011456915913e-03 3.854571498367297729e-03 1.018362573325922241e-02 5.122352437637495148e-02 1.701132799575933996e-01
1.565428630166626478e-02 0.000000000000000000e+00 5.639374803240945755e-02 0.000000000000000000e+00 2.894453281611330739e-02 4.204830326969423437e-02 1.541601277277215298e-01 3.228631419668307606e-02 0.000000000000000000e+00 3.691265723490135854e-03 0.000000000000000000e+00 1.830942391615423149e-04 0.000000000000000000e+00 0.000000000000000000e+00 1.283888475869389978e-01 1.953576485562403056e-02 0.000000000000000000e+00 1.197278619182721715e-01 9.798733979054870605e-03 1.323442953837590357e-02 1.401481275212340671e-01 2.260506584014738279e-03 2.356060179296914220e-03 1.295525470576707749e-01 1.016354484725778551e-01
7.881641023826642389e-02 8.584953676508692844e-02 6.480364232561535744e-03 0.000000000000000000e+00 8.541005623436973004e-03 0.000000000000000000e+00 2.140853444756660451e-01 1.745694057298804169e-01 0.000000000000000000e+00 0.000000000000000000e+00 0.000000000000000000e+00 0.000000000000000000e+00 0.000000000000000000e+00 0.000000000000000000e+00 3.062922584831464026e-02 0.000000000000000000e+00 0.000000000000000000e+00 0.000000000000000000e+00 0.000000000000000000e+00 0.000000000000000000e+00 0.000000000000000000e+00 1.514540625093920012e-01 9.592747169808160668e-02 1.536471728793134262e-01 0.000000000000000000e+00
0.000000000000000000e+00 0.000000000000000000e+00 2.450233595965963240e-01 1.927114498528907779e-03 3.683137683502338972e-02 0.000000000000000000e+00 1.458452302678144852e-01 4.967001093508625897e-02 1.309552931590227676e-01 1.716225405115943958e-02 0.000000000000000000e+00 3.217235365605627950e-03 0.000000000000000000e+00 0.000000000000000000e+00 0.000000000000000000e+00 0.000000000000000000e+00 0.000000000000000000e+00 3.518826262312330241e-04 1.455618173818081784e-01 8.206903036309652968e-03 0.000000000000000000e+00 1.160867891581407810e-02 1.593571384719673356e-01 2.334156361727555973e-02 2.094014124175697794e-02
0.000000000000000000e+00 4.755153950771156060e-03 1.037804264238787189e-01 4.032699924522976931e-02 1.003177725890923855e-01 0.000000000000000000e+00 0.000000000000000000e+00 0.000000000000000000e+00 1.162749090007826475e-01 0.000000000000000000e+00 0.000000000000000000e+00 4.233199906398547874e-02 3.626597845383967150e-02 0.000000000000000000e+00 1.277465636787422643e-01 3.536564931597665183e-03 0.000000000000000000e+00 1.432157462716857621e-01 3.087467310939242659e-03 0.000000000000000000e+00 1.108436954220327203e-01 1.589937720032494339e-02 2.609723596999883981e-03 1.476060802501438785e-01 1.401542609953707530e-03
0.000000000000000000e+00 0.000000000000000000e+00 1.277832366788478891e-01 3.981844987724056199e-03 0.000000000000000000e+00 0.000000000000000000e+00 1.573430615364500990e-02 0.000000000000000000e+00 1.427115892294516519e-01 1.280290214502326218e-02 0.000000000000000000e+00 1.650672058650111060e-02 0.000000000000000000e+00 0.000000000000000000e+00 0.000000000000000000e+00 0.000000000000000000e+00 1.762247832331897690e-01 1.315664789585650196e-01 5.094586117351509319e-02 0.000000000000000000e+00 0.000000000000000000e+00 0.000000000000000000e+00 0.000000000000000000e+00 1.424101927582289984e-01 1.793320840953080419e-01
9.697145750031522030e-03 3.590809152047852860e-04 1.377684368989854635e-01 0.000000000000000000e+00 0.000000000000000000e+00 0.000000000000000000e+00 1.485493386950421657e-01 1.066233900869702628e-01 2.429040309388382293e-02 8.369356320819585845e-03 0.000000000000000000e+00 8.888257742298860675e-02 0.000000000000000000e+00 0.000000000000000000e+00 1.253091511827704452e-01 0.000000000000000000e+00 2.118204403060604257e-02 9.068870079006497234e-03 1.431883481958477478e-01 0.000000000000000000e+00 0.000000000000000000e+00 1.654612734345197456e-01 0.000000000000000000e+00 0.000000000000000000e+00 1.125058389332347399e-02
0.000000000000000000e+00 0.000000000000000000e+00 3.294069123397574961e-02 1.825752791365079300e-03 0.000000000000000000e+00 8.962236860909782166e-02 1.650030445507206789e-01 3.966672420836719892e-02 0.000000000000000000e+00 4.517236985867144339e-02 0.000000000000000000e+00 3.479335977031206700e-02 0.000000000000000000e+00 0.000000000000000000e+00 5.569076294223117285e-04 1.189903341700128542e-01 7.506671639171921817e-02 1.439695965754053154e-02 1.660005127343811560e-01 1.223245138607276586e-02 1.741880569967413639e-01 0.000000000000000000e+00 0.000000000000000000e+00 1.224635236270714541e-03 2.831911477532907465e-02
0.000000000000000000e+00 1.797347725519985590e-02 8.166051065498401706e-02 0.000000000000000000e+00 0.000000000000000000e+00 0.000000000000000000e+00 2.448514378927627577e-01 1.281131755612312240e-01 1.450807262313080943e-02 9.166765306187871394e-04 0.000000000000000000e+00 0.000000000000000000e+00 0.000000000000000000e+00 0.000000000000000000e+00 1.447450800534116943e-03 5.035747464572663812e-02 2.051818459352747551e-02 8.396919877964977713e-03 1.713944326103785942e-01 6.430968856074993460e-03 1.948052924426209656e-02 1.395280057915044072e-02 1.736618697732899078e-02 2.569452039692120271e-02 1.769371809002029394e-01
5.789072162315012093e-02 7.638224026079197711e-03 7.107188217136584107e-02 0.000000000000000000e+00 5.436303594215970841e-02 5.372317156929762305e-03 1.810616296594797781e-01 4.445066061675555930e-02 1.651659882780181221e-01 8.260207131124625360e-03 0.000000000000000000e+00 1.578109944006245158e-02 0.000000000000000000e+00 0.000000000000000000e+00 0.000000000000000000e+00 0.000000000000000000e+00 0.000000000000000000e+00 5.057168256959979069e-02 2.166818313937277085e-02 0.000000000000000000e+00 7.547919547789775502e-04 0.000000000000000000e+00 1.779719922560356049e-01 1.379775840350877247e-01 0.000000000000000000e+00
0.000000000000000000e+00 0.000000000000000000e+00 2.050361768983590960e-01 0.000000000000000000e+00 0.000000000000000000e+00 0.000000000000000000e+00 0.000000000000000000e+00 2.108332542535574020e-02 0.000000000000000000e+00 9.277178599877934639e-02 0.000000000000000000e+00 3.118439671323195578e-02 8.192145401438816199e-02 4.501556669135277876e-03 0.000000000000000000e+00 0.000000000000000000e+00 0.000000000000000000e+00 0.000000000000000000e+00 2.654641668311608430e-02 0.000000000000000000e+00 1.455313622192571654e-01 0.000000000000000000e+00 5.077657076263997898e-03 2.012731136285267342e-01 1.850727546735864149e-01
4.623783480996838946e-02 0.000000000000000000e+00 5.512591421181682605e-02 3.324190134158665211e-02 8.591543782605416679e-02 0.000000000000000000e+00 1.450049858012386339e-01 0.000000000000000000e+00 0.000000000000000000e+00 2.000814502540832970e-02 1.418318068323423491e-02 1.194327600309051385e-01 2.108556563039251999e-02 0.000000000000000000e+00 1.403175261349950687e-01 0.000000000000000000e+00 1.162997058753415247e-01 5.682008105307427386e-03 3.620954707003786605e-02 0.000000000000000000e+00 0.000000000000000000e+00 0.000000000000000000e+00 0.000000000000000000e+00 0.000000000000000000e+00 1.612554874537132088e-01
0.000000000000000000e+00 7.564893369882306692e-04 6.729426141128358463e-02 0.000000000000000000e+00 2.113208387387200977e-03 0.000000000000000000e+00 2.105431946078694175e-02 1.309215009321309797e-01 6.913861719496026959e-02 8.928906633976181140e-04 0.000000000000000000e+00 6.758550924125877706e-03 5.253802271178269201e-02 0.000000000000000000e+00 1.202566173116413201e-01 0.000000000000000000e+00 1.756576887697623435e-01 2.949299551335386044e-03 2.611577592567187675e-02 1.491169136811999231e-02 0.000000000000000000e+00 1.521435664673216892e-01 2.704403591001477546e-03 1.537930959923025365e-01 0.000000000000000000e+00
2.859634866161380254e-02 0.000000000000000000e+00 0.000000000000000000e+00 1.055641268556569007e-01 9.140459935557232463e-02 4.125309869566828880e-02 9.689871249002932063e-03 4.936106894654116589e-02 2.507304930944696461e-02 5.998492209309591594e-02 0.000000000000000000e+00 7.846485845839645812e-02 0.000000000000000000e+00 0.000000000000000000e+00 1.380965377669649951e-03 0.000000000000000000e+00 3.941663113044990667e-03 1.332566056007576383e-01 1.832424502396301225e-01 0.000000000000000000e+00 0.000000000000000000e+00 1.672720256201647854e-02 3.291604271753510811e-03 0.000000000000000000e+00 1.687675652101330304e-01
0.000000000000000000e+00 3.365168888150653348e-02 1.278333233492452981e-01 0.000000000000000000e+00 1.119581895615353933e-03 0.000000000000000000e+00 0.000000000000000000e+00 0.000000000000000000e+00 2.011430026795059042e-02 3.775931034576123640e-02 4.388466709855786692e-05 0.000000000000000000e+00 0.000000000000000000e+00 0.000000000000000000e+00 1.904205553431971287e-01 0.000000000000000000e+00 1.378527235524512895e-01 6.359961089152370295e-02 1.711117305846346914e-01 0.000000000000000000e+00 3.885576907853532935e-02 0.000000000000000000e+00 1.822840507538046190e-02 0.000000000000000000e+00 1.594091160670999263e-01
3.553929895361293730e-03 1.618908752265465351e-02 2.320886464613508560e-01 0.000000000000000000e+00 1.623753263861096863e-02 6.213145267698999552e-02 1.897974956495918908e-01 0.000000000000000000e+00 1.001546408356582540e-01 1.209215780563412806e-01 0.000000000000000000e+00 1.065981662092257021e-03 0.000000000000000000e+00 0.000000000000000000e+00 0.000000000000000000e+00 1.832452483989482905e-02 8.723768601651483642e-03 9.112923982171101597e-03 1.315102669380628087e-01 4.853587199909238821e-03 0.000000000000000000e+00 3.118516409898158467e-02 4.679713360026024893e-02 0.000000000000000000e+00 7.352285340417255219e-03
