0.000000000000000000e+00 9.742290654284410656e-02 1.368918799962635068e-02 1.285107748035472508e-01 1.822927948973396511e-04 1.017056654183430553e-01 6.881711367146037088e-03 0.000000000000000000e+00 3.584722858873080117e-03 0.000000000000000000e+00 1.038076835858666933e-02 4.214068587486478196e-02 0.000000000000000000e+00 1.030734973072216371e-01 4.025040077023075286e-02 0.000000000000000000e+00 6.022732282493938223e-03 1.174629243032248166e-01 1.541455277222304188e-01 1.745462015958696989e-01
0.000000000000000000e+00 2.102924504276515102e-02 3.020421609633980667e-02 9.429576567228080408e-02 5.362088043474023957e-02 1.569616639210701659e-01 1.308328325508589362e-03 5.027403273964353540e-03 1.227365604938928378e-01 2.480350326608136285e-02 0.000000000000000000e+00 1.454169791629928710e-01 0.000000000000000000e+00 1.202082520038454810e-01 1.394778792983774728e-03 8.996108331197728153e-03 1.973205950478658724e-02 1.530598419728217835e-02 2.452973117278075491e-03 1.765052983629900596e-01
4.539166793469021251e-03 4.407249614616058804e-03 1.380858379612848186e-02 1.487423102450665356e-02 2.029080048453077156e-01 6.476293830941315388e-02 7.509712514251531967e-02 3.259535329747863253e-02 2.106446420351557394e-02 0.000000000000000000e+00 1.226001124079936647e-03 9.096139973785963284e-02 7.929197926904392457e-03 1.230456682731941587e-01 5.201254511236339494e-03 0.000000000000000000e+00 2.754682076584415943e-03 1.490360698768670722e-01 4.996286195723057509e-03 1.807923232506004063e-01
5.620484242904803286e-03 1.212557934746693183e-01 5.640253906720763162e-03 9.189925545503120630e-02 3.676785683875675309e-02 3.005102140584568760e-02 5.450746144475177718e-02 1.585831585715848785e-02 1.827580957548746998e-01 1.322015204058293314e-01 2.980808479897310501e-02 7.520242622419477663e-02 2.111732192446182099e-02 0.000000000000000000e+00 0.000000000000000000e+00 0.000000000000000000e+00 0.000000000000000000e+00 4.054724300276722759e-02 1.215345844307119533e-01 3.523028083234813757e-02
2.061861870266281510e-02 5.344474293169628604e-02 0.000000000000000000e+00 1.508435030824064639e-02 1.442108305277879469e-02 1.219292208273978911e-01 0.000000000000000000e+00 2.234759739747379514e-01 0.000000000000000000e+00 0.000000000000000000e+00 0.000000000000000000e+00 6.388794554854015928e-02 1.204504525181934876e-01 1.897159654124384908e-03 2.183477645226963512e-03 0.000000000000000000e+00 1.223419424931133231e-02 9.922887642943760758e-03 1.465380053079184952e-01 1.939118876362271038e-01
2.937733979412924384e-02 1.414974175557715264e-01 9.838311754412324903e-03 1.563540180406619573e-01 4.157319755520974547e-02 1.496351362842051058e-01 0.000000000000000000e+00 6.528685299613090631e-02 6.757667071472552023e-02 1.843811833549722015e-02 0.000000000000000000e+00 1.318035123036599698e-01 0.000000000000000000e+00 1.476464470544607346e-02 0.000000000000000000e+00 1.032245971044467303e-01 3.054470039288252874e-03 0.000000000000000000e+00 4.518796537708447136e-02 2.238774743933099817e-02
0.000000000000000000e+00 6.195149624072131961e-02 0.000000000000000000e+00 1.380230036843000108e-01 1.403110358155593984e-01 1.746855809290882022e-01 1.874885274084955172e-02 1.217311614020030186e-01 7.999255140606046158e-03 6.319308129522702502e-03 0.000000000000000000e+00 1.400636220026654499e-01 1.635750045477612769e-01 0.000000000000000000e+00 0.000000000000000000e+00 1.250636161658101901e-03 0.000000000000000000e+00 5.361821415927726410e-03 6.185283068475477646e-03 1.379393872086171098e-02
1.174149928822205979e-02 1.286636854842922728e-01 6.063356380091055459e-02 5.358639737671267497e-04 1.230600309838897760e-01 1.275635693733389031e-01 4.588501149608416319e-02 3.323881943445802789e-02 9.901883862298323236e-02 0.000000000000000000e+00 9.375239189134146334e-03 7.893913955521414394e-02 2.177739249655550723e-03 2.813082970688475862e-02 1.282644369462231093e-02 1.172831878321600220e-02 1.222938358717344243e-01 2.595758221083284412e-02 2.549987092597005844e-02 5.273011835478961379e-02
0.000000000000000000e+00 5.688457525998778797e-02 7.652946715806294153e-02 1.614330767396288946e-01 1.390826006820275462e-01 1.261330181689746810e-01 2.545377998287327859e-02 0.000000000000000000e+00 8.832973653108472378e-02 5.913259732943273311e-02 0.000000000000000000e+00 9.520942951895457543e-03 5.116983342503346466e-02 3.603828778113283768e-03 0.000000000000000000e+00 1.759809551524896916e-03 2.458296229256614999e-03 2.876487131471708661e-02 1.697435658973864836e-01 0.000000000000000000e+00
2.778486582014006584e-03 1.306164184339808909e-01 1.061788349245888861e-03 9.673150308735695146e-02 1.393734394248851982e-01 1.522043031694873816e-01 3.546226295465241987e-04 5.510303122195396586e-02 7.703448674150630004e-02 2.409792534764626168e-02 1.402902710293943596e-03 4.844610070622905329e-02 1.047073240883863825e-02 6.470703532813462666e-02 3.445675490388949106e-03 6.221362035607662030e-03 0.000000000000000000e+00 7.963270641172862790e-03 3.455972391869102135e-03 1.745309432998418953e-01
0.000000000000000000e+00 1.259374818814005814e-01 3.931453195914626914e-02 1.026824307299851885e-01 8.993092424689996117e-03 2.937633042994493987e-02 9.651428259724472922e-03 0.000000000000000000e+00 6.015900665837606298e-02 4.553277962239660019e-03 5.194732722976205808e-02 7.478504396697448209e-02 1.714948960433359051e-02 1.905079961233581073e-02 3.394906770753365610e-02 0.000000000000000000e+00 3.935534221506480773e-03 1.104116124960026202e-01 1.562363519411184287e-01 1.518671929149257027e-01
9.323482845843687750e-03 1.205158690230367924e-01 8.383211716751537423e-02 0.000000000000000000e+00 0.000000000000000000e+00 1.392272987388416816e-01 7.773255430106711106e-02 1.539408867662423741e-01 3.381392644222583344e-02 0.000000000000000000e+00 3.860146651962366969e-03 1.229829557919944055e-01 0.000000000000000000e+00 6.153246793112964429e-03 0.000000000000000000e+00 2.374974626534213235e-02 1.075929716423434587e-02 1.233663433971484286e-01 9.202893327192120804e-03 8.153923532424045550e-02
0.000000000000000000e+00 7.793901973814790218e-02 5.405879984622697330e-03 1.421586625871922721e-02 1.983339598839150286e-01 1.504108967252608120e-01 1.005239286521491561e-02 1.401879154623349166e-02 4.628954084006067782e-02 9.125462172893455612e-03 0.000000000000000000e+00 1.352767112286159534e-01 1.640880813369177404e-01 3.285253343741095615e-03 3.633938443991787531e-02 0.000000000000000000e+00 9.413485553491401925e-02 2.835428085613385385e-03 0.000000000000000000e+00 3.824847601521172424e-02
3.851519513637253339e-02 7.888328117683078566e-02 0.000000000000000000e+00 5.559927930428499102e-03 1.489133878247212162e-01 1.453089693498476886e-01 1.170023613257592521e-02 4.852989998246495795e-02 0.000000000000000000e+00 0.000000000000000000e+00 0.000000000000000000e+00 1.394112989807947955e-01 4.984818350602213122e-02 7.596577096142718977e-02 4.207241140058886469e-02 9.994364019933367829e-03 1.323533131556972609e-01 4.249608152708648362e-02 2.581237402001226519e-02 4.635304895195985729e-03
4.752817671627922874e-03 1.857276222200227728e-02 6.598838539679761049e-03 0.000000000000000000e+00 2.000663542648891124e-01 8.925454846014233695e-03 1.893739562657365330e-02 1.420594937938846232e-03 8.298116521058884754e-02 3.470091753022017111e-02 3.836435171031440331e-03 5.419882551065307967e-03 0.000000000000000000e+00 1.782835087287101827e-01 1.809631798984785711e-01 3.019926624820924721e-02 1.367978316437158844e-02 0.000000000000000000e+00 3.533949383968518904e-02 1.753221495489136472e-01
7.322979367750101498e-02 0.000000000000000000e+00 0.000000000000000000e+00 4.723800027742963530e-03 8.378717253735834536e-02 0.000000000000000000e+00 2.209119991176886066e-02 2.402011396256574505e-02 1.456333371612546224e-01 5.347551855546339369e-03 0.000000000000000000e+00 1.443894206060339636e-01 0.000000000000000000e+00 0.000000000000000000e+00 1.736702654634758244e-02 0.000000000000000000e+00 0.000000000000000000e+00 1.549393396521733801e-02 2.241839449731993783e-01 2.397327047754640172e-01
8.134604818174143159e-02 0.000000000000000000e+00 4.169584098627084068e-02 2.605682899638862501e-02 4.034969175221291005e-02 1.550785246866568379e-01 3.521482040334683594e-02 1.711474121300705087e-01 1.738879487737791940e-01 0.000000000000000000e+00 0.000000000000000000e+00 1.371034744282849903e-02 2.559773494888315220e-03 9.543607727296985616e-03 3.109990877278865501e-02 2.144922952172531247e-02 0.000000000000000000e+00 8.050705157262413175e-03 5.638327989598243550e-02 1.324260320767600974e-01
3.593757609562490160e-04 1.177411195214398826e-01 0.000000000000000000e+00 1.559784718327889529e-02 1.589754330100793351e-03 1.279066676271442635e-03 1.097072174922810242e-02 7.057293549901252905e-02 1.124837106334891689e-03 3.416629768749503745e-03 0.000000000000000000e+00 1.730862778551598702e-01 1.649276988888374318e-01 0.000000000000000000e+00 3.243477615865669739e-02 9.730754183906885693e-03 1.935059167307021447e-02 2.260917118220831176e-02 1.427267335798125536e-01 2.124817088829757117e-01
0.000000000000000000e+00 1.437767375998451891e-01 8.467252778941779332e-04 2.818180329447260782e-02 1.284868655556304917e-01 8.237414413626681711e-03 1.049972289629605079e-02 0.000000000000000000e+00 1.789370925749322189e-02 0.000000000000000000e+00 8.542899483813051753e-03 1.379828623166924340e-01 3.550392900335145457e-02 3.280612066673535554e-02 1.290591298460768144e-01 1.341084127604536729e-03 8.609263588709012427e-02 0.000000000000000000e+00 6.850728333504481349e-03 2.238976320398733399e-01
2.582358742882474509e-02 8.087924882908362548e-03 4.048433162968811255e-02 0.000000000000000000e+00 1.590530466011119692e-01 6.462326988840368103e-02 4.572357070986855267e-03 1.945606863837167494e-02 3.664531661532962475e-02 1.174141210255128381e-01 0.000000000000000000e+00 1.590888648662141039e-02 6.892220544141068692e-04 8.778656283658818615e-02 1.351845204754588935e-02 0.000000000000000000e+00 1.174965232082040255e-02 3.899202717772093374e-02 1.446000067859203042e-01 2.105951665092310188e-01
3.491623610825547817e-03 1.282623761505776727e-01 0.000000000000000000e+00 2.383936120494679466e-03 2.778759373733977189e-02 1.182118478294337111e-01 3.566101383183437751e-02 9.787534118397735183e-02 1.197498849087616501e-01 4.170600002782692481e-03 1.179630547319627208e-03 1.320599599028844662e-01 3.413870536733983703e-04 2.109621092291703512e-02 1.567180179699037557e-02 0.000000000000000000e+00 8.814318683314280312e-02 0.000000000000000000e+00 2.262537402686959354e-02 1.812882315401752598e-01
0.000000000000000000e+00 1.382850196051692016e-01 3.639008297900447365e-03 1.433110638315549246e-01 0.000000000000000000e+00 1.241941814338056588e-02 0.000000000000000000e+00 7.013587987972506876e-02 1.169198620619335549e-01 3.777489539857496140e-03 3.520718961407517337e-03 1.490281168174016901e-01 5.432636716263553739e-02 6.252771794802918642e-03 5.393016367147790945e-03 6.721234564726109861e-02 2.253326684414109701e-02 1.187468509393778925e-02 1.552724733857789863e-01 3.609849656596422762e-02
0.000000000000000000e+00 2.498000578284543041e-02 2.971050909340940474e-03 5.480760881203460694e-02 1.196207694408048666e-01 1.288443464110571868e-01 1.213536712255015686e-02 1.035770468862134107e-03 3.880623750396779842e-02 0.000000000000000000e+00 0.000000000000000000e+00 7.364248987038596317e-02 1.952118166170791758e-01 3.555218660409517617e-02 7.749343035222301321e-03 0.000000000000000000e+00 2.619588032043467223e-03 1.630909954830000660e-02 1.473226059139740030e-01 1.383917139274368213e-01
8.277141331323061013e-02 1.258178200093238164e-01 0.000000000000000000e+00 5.520599747919069725e-03 1.648505032955397201e-02 1.252541643155793416e-01 9.267996071809973813e-02 1.615086278950437007e-02 2.787692493518005143e-03 0.000000000000000000e+00 0.000000000000000000e+00 6.327768437829828230e-02 1.488494742263509196e-01 5.923496610802188311e-02 1.614500230448945349e-03 4.385976480801486582e-02 4.523394093433071722e-02 0.000000000000000000e+00 1.358088127506280052e-01 3.465329284717750397e-02
0.000000000000000000e+00 1.375142725486037942e-01 1.069382416668886865e-02 1.357601536681176391e-01 7.464065473099404380e-02 0.000000000000000000e+00 8.057553180552035066e-02 4.900587547292059587e-02 2.685012898706847732e-03 1.290379973273331378e-02 1.300578030836705389e-02 9.738396097172578869e-02 0.000000000000000000e+00 0.000000000000000000e+00 5.410744395330652906e-02 0.000000000000000000e+00 8.005929022928426689e-03 1.379644365627926972e-01 1.411263080373477072e-02 1.716406933528592527e-01
1.036823872379891986e-01 7.464918148489071981e-02 2.683708864809308120e-02 3.170850989742430431e-02 1.595237024693514812e-03 1.761681470272794675e-02 0.000000000000000000e+00 0.000000000000000000e+00 1.428083001589801337e-01 2.900830353227742617e-02 0.000000000000000000e+00 1.450069795854484755e-01 3.550805772731619597e-02 3.095194378466369772e-02 4.010613558809246471e-02 1.729789364556116524e-02 1.166391331832943440e-01 2.593287667169979528e-03 1.437221919046176577e-01 4.026855422675979651e-02
2.692299617264691872e-02 1.892354598937916188e-02 0.000000000000000000e+00 1.140065644377429160e-01 1.328302533216682568e-01 2.003092328061882935e-02 2.304178872861633448e-02 8.006428637962810513e-03 3.032742744663529874e-02 1.002963490589277480e-02 0.000000000000000000e+00 1.362228382007417415e-01 1.533086915220142621e-01 0.000000000000000000e+00 1.650151111913893132e-01 5.705773132148179300e-02 8.349687732271389440e-02 1.896314460343103900e-02 1.816042917064565696e-03 0.000000000000000000e+00
0.000000000000000000e+00 7.605450899196730674e-03 0.000000000000000000e+00 1.872285914027166896e-03 7.435305270961141411e-02 0.000000000000000000e+00 1.457483492107343112e-02 1.193497884216852545e-01 3.789066269467344927e-03 1.965612741307792843e-02 0.000000000000000000e+00 1.448345297624136496e-01 5.855563817594943397e-03 5.148942134709017654e-02 2.172487138840463808e-02 0.000000000000000000e+00 0.000000000000000000e+00 4.483466642517362072e-02 2.614717049833176765e-01 2.285886357278660852e-01
5.850012742892061156e-03 6.955092108521006289e-02 4.443893127976284059e-03 1.100404768925415389e-01 1.384026365472799114e-01 6.500008713529759410e-03 1.940749874051751062e-02 0.000000000000000000e+00 7.828833638644908111e-02 4.893777433440840707e-03 0.000000000000000000e+00 2.097069803177511460e-01 3.542423108504118984e-02 8.547207814260737724e-02 5.728235622948990927e-03 3.025951589516246223e-02 0.000000000000000000e+00 1.335326344628448222e-02 1.789555845586086880e-02 1.647825753645064673e-01
2.331309378085273751e-03 1.012481849619791680e-01 0.000000000000000000e+00 1.143842548534253212e-01 1.097122326026807870e-01 2.801440195144068446e-02 2.437194325298218389e-02 9.484753833393287648e-02 1.280851588338681735e-01 1.175038475698625580e-02 0.000000000000000000e+00 1.897802650377729550e-01 1.409542625646437002e-02 2.151558438506446375e-02 1.320358144505247577e-01 4.619105072868981578e-05 1.158154305507362244e-02 0.000000000000000000e+00 5.411665201669107160e-03 1.078810163732118500e-02
0.000000000000000000e+00 1.517225003396499017e-01 1.497526427471110866e-01 1.097437152283995895e-02 1.217687839958234847e-01 3.670596597501053337e-03 0.000000000000000000e+00 1.304040083991648002e-01 4.967955173308941791e-02 0.000000000000000000e+00 3.183093422520664410e-04 9.652470341776945087e-03 3.213334059488678288e-03 0.000000000000000000e+00 8.922862096923682776e-03 5.667004902535216493e-03 9.869986241810402294e-03 2.274658849745733735e-02 8.379014708056396754e-02 2.378468421020120682e-01
6.090946230348956436e-02 8.410140012664277243e-02 3.817938956825035063e-02 1.648004398126590164e-02 0.000000000000000000e+00 1.190003270184772782e-01 1.610815210890398363e-02 4.849594574897059945e-02 2.525722938943210025e-02 6.438661833207699921e-03 0.000000000000000000e+00 7.815913479263647545e-02 7.777006710415643176e-02 1.075388861245910998e-03 3.530196017048889412e-02 6.251125152715041045e-02 2.434592257150314243e-02 2.365808352669342141e-02 1.466366071304279206e-01 1.355709722370571080e-01
3.074734689644001168e-03 8.375831552602406790e-03 0.000000000000000000e+00 3.078625160599472721e-03 1.352275080660607365e-01 5.176800930636563103e-02 5.329708362663282059e-03 3.890848825779420067e-02 1.024273518155865148e-01 1.874404928761219669e-02 0.000000000000000000e+00 1.118307905476296077e-01 6.924655913875264746e-02 0.000000000000000000e+00 9.515267070499562607e-02 5.050815909354810368e-03 1.624323319569787386e-02 1.496657100410736796e-01 3.041243202075120423e-03 1.828346707614922628e-01
1.343649158818409003e-02 1.049379720282987011e-01 0.000000000000000000e+00 9.303922672360031426e-03 1.537129195576629193e-01 1.478114507608894457e-01 1.097738815280142194e-02 8.555666639077461489e-04 3.445770397116139361e-02 3.309554694392864531e-03 8.725935252022062275e-04 1.356318943091003315e-01 1.616665848842409881e-01 0.000000000000000000e+00 2.347694283892556161e-02 2.603289355154135652e-03 1.560046929380893253e-03 4.054218437022603233e-02 1.198422361509262181e-03 1.536450713366021015e-01
0.000000000000000000e+00 1.297586825478335426e-01 2.571470548373841480e-02 1.945973597916483486e-02 1.745223191791410722e-01 6.728148284174997884e-02 0.000000000000000000e+00 0.000000000000000000e+00 0.000000000000000000e+00 0.000000000000000000e+00 0.000000000000000000e+00 1.622153890044191471e-01 4.390225295066443878e-02 2.198844085102899873e-02 4.275793715192967304e-02 0.000000000000000000e+00 0.000000000000000000e+00 0.000000000000000000e+00 1.514316861156069227e-01 1.609673678947229902e-01
1.125598309076274520e-02 1.182742357193156124e-01 1.042087297581272137e-01 1.966676648609530856e-02 4.709698168362497911e-02 3.174941386607533882e-03 2.461149976846088022e-02 9.377843071924510041e-03 1.393130507996149792e-01 0.000000000000000000e+00 2.607960747992261324e-02 1.397821662494124206e-01 5.009355533430941837e-03 1.027009016226701314e-02 1.722094506204428221e-01 0.000000000000000000e+00 5.874865854597499659e-02 1.018690987086656730e-02 8.627007468381147140e-03 9.210672230476774081e-02
0.000000000000000000e+00 1.064418195625562585e-02 2.174195864724366191e-03 2.049736171059906437e-02 7.284673331251826506e-03 1.470954083012988856e-01 1.266209513777355467e-02 8.979862918839691399e-02 3.210075469069525317e-02 0.000000000000000000e+00 5.472403789632911391e-04 6.312776961187302471e-02 1.618821541586251689e-01 5.357440344976674429e-02 1.434960551180126942e-01 2.334690803390753605e-02 1.115508145256854803e-03 2.378577052400389791e-03 4.592827065891045071e-03 2.236812568043077820e-01
6.611194017397559880e-03 1.163859052919677534e-01 2.209926133888231309e-03 1.253822485732089265e-01 1.422877513374292899e-02 9.389230061498830479e-03 3.224272688057374346e-03 2.050948472377689749e-02 7.192325484392095292e-02 1.878479942996720206e-02 2.636386727952660936e-03 1.420307072792070802e-01 7.365274806984646594e-02 0.000000000000000000e+00 2.919392197382774876e-03 8.324525717396898117e-02 1.466318868886960954e-03 0.000000000000000000e+00 1.346882097706334214e-01 1.707118890146948342e-01
0.000000000000000000e+00 1.159943765130571763e-01 2.142482739977362612e-03 3.383675409142346269e-02 9.615961795870404949e-02 4.526936510370518918e-02 2.717107985641368725e-02 1.399687224978216765e-02 1.313237164361755471e-01 5.361548405052528679e-03 6.006765551781735601e-03 1.436985482372964695e-01 1.186833715875758311e-02 8.822847419158829155e-03 5.967587497922008377e-02 5.104008947342348473e-02 1.166570790054255041e-01 1.272557294427781038e-01 1.023403247463446205e-03 2.695512130403539697e-03
6.189981812321812028e-03 1.448981993755723841e-01 7.152876681900389999e-02 3.455932788393722976e-02 1.616273912313690164e-01 1.303879337931787563e-01 1.818566092268959766e-02 7.777575608051780914e-03 4.929235332120266572e-02 0.000000000000000000e+00 0.000000000000000000e+00 0.000000000000000000e+00 1.576076235313298227e-02 1.773975146047821741e-03 1.295364013777931811e-01 0.000000000000000000e+00 1.374871805749394021e-02 1.488017521863814821e-02 4.820639778244181599e-03 1.950321373013225723e-01
7.903754240873840653e-02 1.004482325880311500e-01 1.575793370470881388e-02 9.466581498622242408e-02 2.414982961969395006e-02 1.105753965368246571e-02 1.183986900811940211e-02 6.140484766797044136e-03 2.321988271470866796e-02 1.766099059572455183e-04 0.000000000000000000e+00 1.400715539507320639e-01 7.993099531624056620e-02 1.188024085948203440e-02 1.508899949206220781e-01 3.345235226075520679e-02 9.287060828110574665e-03 8.563628233495358460e-04 1.243136467544936861e-02 1.947063350085989630e-01
1.367415879541667573e-02 3.395113457078911129e-02 6.461139131073818931e-02 5.493103599149055070e-04 2.222560654058542973e-01 7.237590481410023646e-02 9.066293649568386501e-03 8.148993594139086749e-02 5.644174656837371712e-02 7.728079907695446782e-02 0.000000000000000000e+00 1.603462784883095404e-01 3.700799929092692814e-02 3.814865897045693552e-03 0.000000000000000000e+00 0.000000000000000000e+00 1.050121426141845116e-01 1.030545951122571052e-02 5.969895634351993913e-03 4.584661807085462643e-02
0.000000000000000000e+00 1.292999427913763544e-01 2.113170259932518891e-02 3.280344594805318509e-02 1.557623444708303162e-01 6.549274889126455168e-02 2.625153976106819886e-02 9.499900999487928543e-03 1.764479603570206362e-02 0.000000000000000000e+00 1.310437539026525038e-03 3.305669740659611389e-02 4.361865490555346531e-02 5.960488801542984660e-02 4.191866549774253721e-03 0.000000000000000000e+00 3.855897354650639902e-02 1.949156489157007344e-01 1.565507316298988816e-01 1.030567999440604003e-02
0.000000000000000000e+00 1.366632458596336031e-01 1.776559887492568449e-02 1.176940756115431169e-01 1.052424298057687627e-03 2.679277546728940293e-02 1.301589695335526008e-02 4.758319398716134851e-02 2.952104629313035897e-02 0.000000000000000000e+00 0.000000000000000000e+00 2.760925108259471017e-01 2.211523771431029781e-02 0.000000000000000000e+00 1.882110073780622270e-02 1.151507556019908292e-02 1.217299545435689134e-01 3.766376529022986280e-02 6.290928625202965585e-02 5.906481173081244707e-02
4.297964471439481848e-02 5.356018204895090368e-02 1.695993179880588009e-02 6.143366596219367037e-02 1.544535714819153249e-01 9.085985479102975937e-02 9.720697669463369828e-02 2.346952457446693785e-02 2.677064218175735297e-02 0.000000000000000000e+00 0.000000000000000000e+00 3.878989712398612372e-02 1.006245745049240241e-02 1.394881281608472898e-02 1.323002409003427304e-01 0.000000000000000000e+00 1.769389850378593962e-02 1.476061824208551587e-01 2.259998170917102561e-02 4.930453482713337970e-02
