1.012055187123850758e-01 1.205855487786123975e-01 2.626539687531967773e-03 9.013290226931112981e-03 1.262750145625957630e-02 2.222490195358420122e-03 1.232761313222208721e-01 5.777973283405983540e-02 3.460902210053460465e-02 2.468939713768719679e-02 1.457799293009946935e-02 2.015349260699531367e-02 3.240423037496368511e-03 5.540916470050967664e-03 1.263890462393248426e-01 1.578466359393769503e-02 1.473187320959133684e-01 0.000000000000000000e+00 0.000000000000000000e+00 2.584835862940319199e-03 0.000000000000000000e+00 0.000000000000000000e+00 0.000000000000000000e+00 1.515076210263798136e-02 1.606239626090225636e-01
1.672348030505695776e-02 0.000000000000000000e+00 1.112625055902298349e-01 2.284093243959350612e-03 6.784125037693251870e-02 0.000000000000000000e+00 4.564553018560983666e-02 0.000000000000000000e+00 6.498779719276556385e-04 2.267562752167092896e-02 0.000000000000000000e+00 4.395170704227283065e-02 0.000000000000000000e+00 3.121654874604902138e-03 9.989719817834699644e-02 0.000000000000000000e+00 1.313158083148108501e-01 1.337439038199129404e-01 0.000000000000000000e+00 0.000000000000000000e+00 0.000000000000000000e+00 0.000000000000000000e+00 2.915688250394909281e-02 1.436456042536260747e-01 1.480848758170893453e-01
1.098483799889194909e-02 7.922628143465888784e-02 1.389313096568011718e-01 0.000000000000000000e+00 4.707556894494158845e-02 0.000000000000000000e+00 1.411102576335492020e-01 1.209111238832010632e-01 0.000000000000000000e+00 1.042271520783329825e-02 0.000000000000000000e+00 2.468601663799984205e-02 1.063673214664543742e-03 0.000000000000000000e+00 4.794850647299372763e-03 2.039428305993981616e-02 7.549453640604128490e-02 1.032232067965752897e-01 1.160974177620972304e-02 1.127899782774640230e-01 0.000000000000000000e+00 5.486595923646365308e-02 0.000000000000000000e+00 4.241565918746523917e-02 0.000000000000000000e+00
2.703418528341682003e-03 1.225673857120343907e-01 1.241386927807427570e-01 1.749313483640884542e-02 6.380786572163331741e-03 2.449364762278138062e-03 2.784237991152051228e-02 0.000000000000000000e+00 1.357825518506509954e-02 1.877778647026622037e-04 0.000000000000000000e+00 8.505467713039510658e-02 1.407635786338535221e-02 0.000000000000000000e+00 5.001635671836726638e-02 1.380483426953234803e-02 1.110505330498931000e-02 1.374920585348958779e-01 2.826586508705138806e-02 5.937820784123373774e-03 6.040970435503607676e-03 0.000000000000000000e+00 3.584151557936432562e-03 1.450984562957198798e-01 1.821822018648426023e-01
0.000000000000000000e+00 1.816678020104552788e-02 1.232145596170187013e-01 0.000000000000000000e+00 4.927132793477145833e-02 3.116646440023894404e-02 1.517541989417388500e-02 2.017678178253275861e-02 0.000000000000000000e+00 6.021855440844996882e-02 0.000000000000000000e+00 1.011781165045672476e-01 0.000000000000000000e+00 0.000000000000000000e+00 2.178884881919067595e-01 0.000000000000000000e+00 3.689924513621462010e-02 3.109005029607516193e-02 0.000000000000000000e+00 1.924372487306513215e-03 0.000000000000000000e+00 2.079805311154631353e-01 4.088215368422462581e-02 3.264304336247113997e-02 1.212411098353958529e-02
6.703045901688615971e-02 1.786410155503007774e-02 1.625649773905154388e-02 0.000000000000000000e+00 1.577149697229628762e-03 0.000000000000000000e+00 1.645617884734214553e-01 1.274065584399392548e-01 1.162635178686374608e-02 0.000000000000000000e+00 0.000000000000000000e+00 4.056438183110894213e-02 0.000000000000000000e+00 0.000000000000000000e+00 1.945970354746082848e-02 9.965291303369575027e-02 0.000000000000000000e+00 3.159533428430981623e-03 1.295226926060496775e-01 6.157926155607016186e-03 1.644062061502137018e-02 4.127616563842155528e-02 2.579908526361790119e-02 9.764785178405752109e-02 1.139962193881065289e-01
9.736524472226812388e-02 1.327171752431984854e-02 2.827910147377063477e-02 0.000000000000000000e+00 1.593815706068544558e-01 1.849641299629816468e-04 6.611090033389188658e-02 4.681593307259424713e-02 0.000000000000000000e+00 8.067604955432187280e-03 0.000000000000000000e+00 3.342846969841479273e-03 0.000000000000000000e+00 0.000000000000000000e+00 9.927834834356594196e-02 8.739950350691026715e-02 1.058262470857776610e-01 1.093294038212492755e-02 3.106087840082303805e-02 9.827479941390171447e-02 1.810591010462734088e-02 2.026583962665015615e-02 0.000000000000000000e+00 2.292999132867881359e-02 8.310565801800440244e-02
0.000000000000000000e+00 1.922789947349279153e-03 1.230230297779450754e-01 0.000000000000000000e+00 1.219517146706665250e-01 0.000000000000000000e+00 1.752007947099564963e-02 5.941348894862354124e-02 1.197238033755373444e-02 8.518113513742567311e-02 0.000000000000000000e+00 1.169100755534959596e-01 1.351296410724836181e-03 1.903562936302716918e-03 6.452390475055941321e-02 8.658080170074070134e-04 1.295523159924264756e-01 9.609675880848838128e-04 0.000000000000000000e+00 8.278123757072214026e-03 0.000000000000000000e+00 1.343974340671111878e-01 1.035730547487570680e-01 0.000000000000000000e+00 1.669883788789836704e-02
0.000000000000000000e+00 0.000000000000000000e+00 1.041486998450123214e-01 0.000000000000000000e+00 1.418933003624222970e-02 0.000000000000000000e+00 1.295613876467536368e-02 1.216618030841117859e-01 2.672513810199906442e-02 5.243644865186741083e-02 0.000000000000000000e+00 3.117716053339998628e-02 0.000000000000000000e+00 5.599773743026855918e-03 6.946314574402996656e-02 6.821453924280794154e-03 1.401309630019568209e-01 8.490226074158700731e-02 5.676999521986342452e-03 0.000000000000000000e+00 2.463604666844067693e-03 1.176881198605394668e-01 7.020703158491153895e-02 1.117598601570981010e-01 2.199206803643102490e-02
0.000000000000000000e+00 2.267277231573480278e-03 5.809621965634419183e-02 3.480578224451405609e-04 4.706362034011008638e-02 3.157509856098782847e-02 1.474907044293825853e-01 7.389666633418554183e-03 3.349121319786420303e-02 7.749143077329295748e-03 0.000000000000000000e+00 9.791731702631101264e-02 9.565749712653093262e-02 5.197845878317321200e-03 0.000000000000000000e+00 9.814739867594547695e-02 3.607832577635864974e-03 0.000000000000000000e+00 1.297809856982115075e-02 8.846161485321394572e-04 1.645087399413111204e-02 1.742702251959854509e-01 3.391913162204489296e-02 1.254981622352894233e-01 0.000000000000000000e+00
0.000000000000000000e+00 0.000000000000000000e+00 1.152023046449100335e-01 8.560576040610603068e-04 8.198154367926663300e-02 1.703140791300536069e-03 6.329641299070129512e-02 4.522092065868583283e-02 6.098349051495693257e-02 1.967476115423548097e-02 7.604346262062078310e-03 1.199725872055008996e-01 9.213346459833100799e-02 9.253223030450465373e-04 9.320363201860268343e-02 3.173140071487685638e-03 0.000000000000000000e+00 0.000000000000000000e+00 2.794874821653004892e-03 9.343659930583123399e-03 3.304415943365698882e-02 1.071257204064192912e-02 3.480686753148286988e-02 1.442714585702511432e-01 5.909528317458377644e-02
0.000000000000000000e+00 0.000000000000000000e+00 5.704780337408917740e-02 0.000000000000000000e+00 1.587716691474905517e-01 0.000000000000000000e+00 1.385622086728287572e-01 1.560672443269403402e-02 3.152661702059202098e-02 1.390331496414868966e-02 0.000000000000000000e+00 8.172489762510284916e-02 0.000000000000000000e+00 0.000000000000000000e+00 0.000000000000000000e+00 0.000000000000000000e+00 1.041967317672634064e-01 1.284736400523224520e-01 1.487587471809143358e-01 1.049320525575832275e-01 0.000000000000000000e+00 0.000000000000000000e+00 0.000000000000000000e+00 0.000000000000000000e+00 1.649559320497039072e-02
3.005967765296390076e-03 0.000000000000000000e+00 1.625868751624669206e-01 4.879036143667822220e-03 2.591221785525581189e-02 2.899041130461623046e-03 1.519645662722330093e-01 3.271611415565950365e-02 3.031122635587097172e-02 2.337380919389901723e-02 0.000000000000000000e+00 1.438543216383544876e-01 0.000000000000000000e+00 0.000000000000000000e+00 0.000000000000000000e+00 7.279081280210547567e-02 2.188146976501792809e-02 2.853675601294115155e-02 1.306146795430555285e-01 0.000000000000000000e+00 0.000000000000000000e+00 8.483496272428868402e-04 0.000000000000000000e+00 1.643284932147067931e-02 1.473919072550007869e-01
1.092911169768534252e-01 0.000000000000000000e+00 8.692472976601939641e-03 1.355076909906539062e-01 1.165457029949480416e-01 0.000000000000000000e+00 1.195662377070012827e-02 6.525159676139027920e-02 0.000000000000000000e+00 1.478583190226707422e-01 4.295931302813471575e-03 1.284766515539217946e-01 4.284147397477526022e-03 6.580436263373447454e-03 0.000000000000000000e+00 0.000000000000000000e+00 1.231660513090291308e-02 6.551417338339507804e-04 2.918905814216476990e-02 0.000000000000000000e+00 0.000000000000000000e+00 0.000000000000000000e+00 4.109527933904464497e-02 1.541163497357777787e-02 1.625915906690711676e-01
0.000000000000000000e+00 1.230819329507346210e-01 1.072676021741758856e-01 6.647752247288281693e-03 6.741219781054215779e-03 1.056928444725375657e-02 2.876008841403907348e-02 1.210700776352769958e-01 5.610268693719827095e-03 7.599865538118694142e-02 0.000000000000000000e+00 1.591706190683993549e-01 0.000000000000000000e+00 2.306162291765784245e-02 1.011050638926962314e-01 1.044568589218609726e-02 5.698173286929369974e-02 0.000000000000000000e+00 2.990550575800113645e-02 0.000000000000000000e+00 0.000000000000000000e+00 1.152391098182325713e-01 0.000000000000000000e+00 7.794313362726082439e-03 1.054946469607741764e-02
0.000000000000000000e+00 6.239931013692868664e-03 2.197953271762949634e-01 8.315762554800775180e-04 1.584894623394378366e-01 0.000000000000000000e+00 2.187727544066165458e-02 1.617932913083120969e-02 1.230267059002341720e-02 1.558849647324219712e-01 0.000000000000000000e+00 2.275687756975271724e-03 0.000000000000000000e+00 0.000000000000000000e+00 7.498360765446730226e-03 0.000000000000000000e+00 0.000000000000000000e+00 0.000000000000000000e+00 6.341303277919428660e-02 7.211017894221416653e-03 0.000000000000000000e+00 0.000000000000000000e+00 0.000000000000000000e+00 1.608814675277701611e-01 1.671198965975482231e-01
2.416939702413312130e-02 0.000000000000000000e+00 2.877214170060160559e-02 2.910337929954597523e-03 1.893596300413775968e-01 7.970664639153925146e-02 0.000000000000000000e+00 0.000000000000000000e+00 6.333895958681509805e-04 2.036943344391858590e-01 0.000000000000000000e+00 1.428636388907376931e-01 0.000000000000000000e+00 8.957433556298509750e-03 4.117470443494440635e-03 0.000000000000000000e+00 5.633519106684922034e-02 0.000000000000000000e+00 1.640435099759754711e-01 1.227705172033567368e-02 0.000000000000000000e+00 4.038894875189526223e-02 2.376009249886457120e-02 0.000000000000000000e+00 1.801078597288895133e-02
0.000000000000000000e+00 2.141484967274519605e-02 5.632000736773649756e-03 0.000000000000000000e+00 2.386731094027935620e-03 4.502136396125206580e-02 6.909980450353242487e-02 1.107949141351192296e-02 0.000000000000000000e+00 3.670940951690296154e-03 1.854267924357507966e-02 9.329903400938771574e-02 1.824884022699501188e-02 5.498961583964578643e-04 2.054453079128652215e-01 0.000000000000000000e+00 1.201979579043482155e-01 9.423254701541376732e-02 6.585487560497783888e-02 9.482389278085086998e-03 1.556356020063513063e-02 1.352090686145553111e-01 9.801944980652742972e-03 3.910811741255342672e-02 1.615859910402547492e-02
6.248919058376443264e-02 4.356290002435265173e-03 0.000000000000000000e+00 0.000000000000000000e+00 3.511729756208691738e-02 2.565981840968287533e-02 1.586003468067489486e-01 1.293382047465352069e-01 1.468069197141799384e-02 2.601748409139204715e-02 0.000000000000000000e+00 1.408907889534130771e-02 1.067237307001272506e-01 7.329652240285911696e-03 1.151074272843854024e-01 6.109756112875031411e-03 0.000000000000000000e+00 6.008515854345203994e-02 3.183737293359511882e-03 0.000000000000000000e+00 6.845816415379501205e-04 2.320964554557548506e-02 1.650020856929983876e-02 2.674362401265623079e-02 1.639740749870404191e-01
8.654648313257970807e-03 7.392319849341832602e-03 1.278784537154826206e-01 7.212194157291043628e-02 1.244593186677422081e-01 0.000000000000000000e+00 6.821321531659523679e-03 2.377952828733273863e-02 9.008504939283150034e-03 1.456004815645077222e-01 0.000000000000000000e+00 1.779629485653902747e-03 1.105722316524899562e-03 1.340170039999460461e-03 8.961137677054478723e-02 1.255548085655414266e-02 8.952777760721631825e-03 9.489510884953925723e-03 0.000000000000000000e+00 9.227019646298195016e-03 1.937137595968903628e-02 9.930178359540189903e-02 0.000000000000000000e+00 0.000000000000000000e+00 2.215486342421398580e-01
6.689818432118830455e-03 1.085706181687536021e-01 9.828427692980089281e-02 1.385246205098059902e-01 1.985498589698495020e-02 2.441949836453358516e-02 3.194025840266562222e-02 1.392154973849660943e-02 2.992401581100752155e-03 1.148759608154979045e-01 0.000000000000000000e+00 3.679893045379756256e-02 0.000000000000000000e+00 5.360240972676614439e-04 0.000000000000000000e+00 2.991228000879803030e-03 4.240494249880945310e-02 1.226751207697570206e-01 0.000000000000000000e+00 3.106906897827147948e-02 0.000000000000000000e+00 1.459072067335976941e-01 0.000000000000000000e+00 5.084340459552633834e-02 6.700085032334297287e-03
0.000000000000000000e+00 1.561461220343763646e-02 1.503075831346081248e-01 1.114070232916141876e-03 5.760381419289586739e-03 2.905864818567775731e-02 1.527035979337522664e-01 1.515797363707674650e-01 6.608917898363426968e-02 5.137129624170151676e-02 1.705678035756246836e-04 0.000000000000000000e+00 0.000000000000000000e+00 0.000000000000000000e+00 1.035948114778704188e-01 0.000000000000000000e+00 4.753074796378995576e-02 5.088260619065851365e-03 0.000000000000000000e+00 7.970307373804072157e-03 3.715894168873491114e-03 0.000000000000000000e+00 6.640771651342077669e-03 4.883946623513325119e-02 1.528500680007605084e-01
3.793898288510018368e-02 1.413293057955338460e-02 9.961971633653764896e-03 7.173487308815420377e-03 5.511385057593179079e-03 3.996255819322429986e-03 1.457457685787726664e-01 1.644716198940866791e-01 1.812466967833914477e-02 8.745912018144687576e-04 0.000000000000000000e+00 5.566378079020647962e-02 2.033839188745698717e-03 2.110882200830046379e-02 8.886910069406253609e-02 8.104921849329667360e-02 4.078751809099568498e-02 7.345641640352546138e-03 1.445978320359435632e-01 0.000000000000000000e+00 0.000000000000000000e+00 0.000000000000000000e+00 0.000000000000000000e+00 2.300023211131689387e-03 1.483125612099133461e-01
6.664523854321496854e-02 0.000000000000000000e+00 0.000000000000000000e+00 4.195440947583763819e-02 1.548204655341034464e-01 4.181458035335622325e-03 2.020619043036851192e-01 2.177447251573733783e-02 0.000000000000000000e+00 6.944300528464452359e-03 4.534644891141999604e-03 1.168823392779653331e-02 0.000000000000000000e+00 0.000000000000000000e+00 2.156359929369102146e-01 1.212575879570497103e-02 7.858093893234054453e-03 3.012938266946168370e-02 1.394368781430944393e-01 7.297166279529729987e-03 0.000000000000000000e+00 3.400463537239653555e-02 0.000000000000000000e+00 3.780018945232452993e-02 1.106774702026641286e-03
3.998536944524937187e-02 5.266969054111053997e-03 7.086483757700740883e-03 0.000000000000000000e+00 1.455599047918775153e-02 3.315016992176006774e-03 2.001070475072690494e-02 5.092143015760299679e-02 4.228588101999368291e-03 9.907279316104293521e-02 0.000000000000000000e+00 3.749545092163812654e-02 1.759907037537135691e-02 2.952922286309845375e-03 2.272349036881268214e-01 0.000000000000000000e+00 2.288080358814484905e-01 2.612347613395323009e-02 3.431801849048954356e-02 2.461189310849847510e-03 0.000000000000000000e+00 1.396202484676692694e-03 1.818114766715328914e-02 0.000000000000000000e+00 1.589862368601855924e-01
1.024411073082975507e-02 5.266759466572602799e-03 6.306842515565509733e-02 0.000000000000000000e+00 1.696372652449147297e-02 1.926434863903506156e-02 1.480277813211738347e-01 6.890840827500641086e-02 3.758593181293390199e-03 0.000000000000000000e+00 1.516654393351481687e-02 1.082113578686781097e-01 1.107389192914195325e-01 8.692338278952391976e-04 0.000000000000000000e+00 0.000000000000000000e+00 0.000000000000000000e+00 9.301971529415775652e-02 1.178283719886905195e-01 0.000000000000000000e+00 0.000000000000000000e+00 1.262688676743080329e-01 0.000000000000000000e+00 6.547224505870732902e-02 2.692259176857109138e-02
3.459279481455203396e-03 1.195678699094774797e-02 4.786216778399669802e-02 0.000000000000000000e+00 1.130158028772460313e-02 0.000000000000000000e+00 6.554677840906023012e-02 1.416800686496663131e-01 9.226907233781852721e-03 1.378865501014344963e-01 0.000000000000000000e+00 5.356642784319312622e-03 0.000000000000000000e+00 1.254022563185928701e-03 5.830591118358752906e-02 2.102887612208743928e-02 5.442182450033986041e-02 6.819722406297398787e-03 0.000000000000000000e+00 0.000000000000000000e+00 5.931703761990646251e-02 2.010639440035618952e-01 1.305872266300848496e-02 1.453491634341106953e-01 5.104013781527819149e-03
0.000000000000000000e+00 3.286852540911667717e-03 1.424087620683399391e-01 3.748748751092839671e-02 3.268455310936535518e-02 0.000000000000000000e+00 1.475807897803146640e-01 9.656372131076729204e-03 1.819507322109274738e-02 0.000000000000000000e+00 0.000000000000000000e+00 1.272183915486862008e-02 7.144028203584711773e-03 4.271082546982917123e-03 8.598547882008412968e-02 0.000000000000000000e+00 9.111794446189622892e-03 1.451183103590670820e-01 1.472362272725682431e-01 0.000000000000000000e+00 0.000000000000000000e+00 6.778845437680134896e-04 8.949982350420451760e-03 2.837326609321095053e-02 1.591102158472258443e-01
1.646728870792629491e-03 0.000000000000000000e+00 1.246227164955034661e-01 2.555440631429689233e-02 1.381807935900738471e-01 0.000000000000000000e+00 4.961672968999079891e-02 0.000000000000000000e+00 1.011817699925701870e-02 8.737469047606666317e-03 0.000000000000000000e+00 0.000000000000000000e+00 0.000000000000000000e+00 4.898599256939005671e-03 1.941418741810216483e-04 0.000000000000000000e+00 5.725883134274414171e-02 1.722302765445067607e-01 1.204571950416399861e-02 1.228136258450868157e-01 0.000000000000000000e+00 4.930322602888331102e-02 0.000000000000000000e+00 1.527254139809753331e-01 7.005314461499817513e-02
7.655556177539066341e-04 1.099431645257259406e-03 4.782361549604822321e-03 7.455198424181464813e-03 3.525073215301469456e-03 0.000000000000000000e+00 1.586972638295658725e-02 0.000000000000000000e+00 6.868517987102016643e-03 1.385461453884620671e-02 0.000000000000000000e+00 1.325685127963508736e-01 2.098711468220734386e-02 1.527921548374688333e-02 1.543711933038074968e-02 0.000000000000000000e+00 2.024563387960634786e-01 7.636292007333322918e-02 4.759673837541000818e-02 2.162605314654777663e-02 1.043864502912078551e-01 3.054689335962749129e-03 7.363207473642515918e-04 1.446398606283261223e-01 1.606481869520948458e-01
0.000000000000000000e+00 0.000000000000000000e+00 0.000000000000000000e+00 0.000000000000000000e+00 7.802013620526999926e-02 4.652557366661589852e-03 3.635862639539329949e-02 1.107047937396224979e-01 5.096956298545017583e-02 8.129476490136024192e-02 0.000000000000000000e+00 2.658871246758408580e-01 0.000000000000000000e+00 0.000000000000000000e+00 2.932724045217989517e-02 3.708446929385607544e-04 0.000000000000000000e+00 0.000000000000000000e+00 0.000000000000000000e+00 1.949339764160202063e-02 0.000000000000000000e+00 1.407944595700270363e-01 1.454590721529383790e-01 3.050566687207082947e-02 6.161752348644661259e-03
2.468978306236018026e-03 0.000000000000000000e+00 4.338209402223647607e-03 1.590574226043573380e-03 8.469740179656692208e-03 4.249436217477375877e-02 1.608666263978264510e-01 1.306193884122162086e-01 3.639188174898676069e-03 7.751668156091269003e-03 0.000000000000000000e+00 9.685482694674409088e-02 2.022808343659939268e-06 0.000000000000000000e+00 1.608525260824102132e-02 1.063381492810347023e-01 7.960737174477443626e-03 5.511218604568736239e-03 8.146627455739725507e-03 8.109766178900964378e-03 1.507726301001371429e-02 1.802769567692097119e-01 0.000000000000000000e+00 1.933984437327599393e-01 0.000000000000000000e+00
0.000000000000000000e+00 4.667390951950885518e-04 1.253443791156085840e-01 2.553860544554515007e-03 2.714786372649127116e-03 2.744940527690610185e-02 1.364345039647006097e-01 1.673878108473718027e-02 3.399017314315820604e-03 5.039197557815227463e-02 0.000000000000000000e+00 9.879732824980286265e-02 2.663323053887176398e-03 6.025465330187257558e-03 4.490418047698711834e-02 1.058035851092823873e-02 1.328355798221106387e-02 3.489897852704344078e-02 7.586436424641434216e-03 0.000000000000000000e+00 0.000000000000000000e+00 1.847037949716519648e-02 3.250089268628666246e-04 2.270559497255273396e-01 1.699155849479367375e-01
0.000000000000000000e+00 0.000000000000000000e+00 1.322228491996089439e-01 3.248564174146007649e-02 1.585776640862074094e-01 0.000000000000000000e+00 1.919880048645302914e-02 1.098434114713307541e-01 0.000000000000000000e+00 1.425405142331070407e-01 0.000000000000000000e+00 1.770911555928120218e-01 0.000000000000000000e+00 0.000000000000000000e+00 3.879382371341627382e-03 0.000000000000000000e+00 2.212647630684085737e-02 1.576635782585988563e-02 6.631772380869249521e-03 7.889139823561295206e-04 0.000000000000000000e+00 1.382974452128141706e-03 1.529027867482562510e-02 1.621738071947992632e-01 0.000000000000000000e+00
0.000000000000000000e+00 2.901366731731814738e-03 1.197839963444622124e-01 5.861496048721338489e-03 4.601972373155779027e-03 0.000000000000000000e+00 6.477211866766502402e-02 6.056985378710004302e-03 9.403913518408447969e-02 9.253171716006704586e-03 0.000000000000000000e+00 1.814614422444313646e-01 3.899965132490056108e-02 2.182877863009478892e-02 1.454432335667291687e-01 4.155825550512634754e-03 4.892871419747830920e-04 0.000000000000000000e+00 0.000000000000000000e+00 5.555943766402838147e-04 0.000000000000000000e+00 0.000000000000000000e+00 1.969457678389063219e-03 1.367237008467572790e-01 1.611027861950327378e-01
1.567334529991271444e-02 1.011191258284716565e-01 1.342531481194263188e-01 1.033805862902459393e-03 9.790622595523154614e-02 1.152856228181306161e-02 4.601009245056456726e-02 2.892566930994465609e-03 3.689152121811025559e-02 0.000000000000000000e+00 4.661725844342878150e-02 1.629436388408209702e-01 0.000000000000000000e+00 2.069329222386310368e-02 1.199929854737075974e-01 0.000000000000000000e+00 1.241104220505430226e-02 0.000000000000000000e+00 4.148427242648995185e-03 4.516769194667149059e-03 0.000000000000000000e+00 7.816339442905557988e-03 0.000000000000000000e+00 1.616151077216688714e-01 1.193674526380762713e-02
2.918922183649429528e-02 3.427396085802390802e-02 1.726040899406031670e-01 5.191060571547243506e-03 1.206812866861596972e-01 0.000000000000000000e+00 2.748983265938760145e-03 8.836183792006536974e-02 0.000000000000000000e+00 0.000000000000000000e+00 0.000000000000000000e+00 1.543319452744098923e-02 0.000000000000000000e+00 0.000000000000000000e+00 4.596768520194997182e-02 0.000000000000000000e+00 1.611174253818708768e-01 1.342506376310081129e-01 3.041341766623776536e-03 3.024227778697885158e-02 0.000000000000000000e+00 0.000000000000000000e+00 6.642140209783794005e-03 1.502548564155111177e-01 0.000000000000000000e+00
3.920997047812046360e-02 1.020761141725602672e-01 0.000000000000000000e+00 1.908655589232174238e-02 2.480201406673014294e-02 1.993753174856268198e-02 5.348067447704801802e-02 9.863566293561898402e-02 2.031636318818086373e-02 5.313060303305822824e-04 1.129810872668379935e-02 1.170882903628469099e-02 0.000000000000000000e+00 0.000000000000000000e+00 1.787877118550847133e-01 0.000000000000000000e+00 3.152047437990582179e-02 6.468823618645434814e-02 1.397618424157823780e-01 4.028826903194346679e-03 0.000000000000000000e+00 1.053779844447585469e-02 0.000000000000000000e+00 1.913948404586352219e-03 1.676780306580739621e-01
0.000000000000000000e+00 1.046595388606280930e-01 1.591802692471360747e-01 1.324410486168290102e-01 9.659726296814096294e-03 3.172700358175959030e-03 2.039257546310061040e-03 6.170999475816418833e-02 3.384811571749827414e-02 4.154722120051186456e-03 0.000000000000000000e+00 1.179117641790829452e-01 2.476525427750460540e-06 0.000000000000000000e+00 0.000000000000000000e+00 0.000000000000000000e+00 2.007891249553110311e-03 0.000000000000000000e+00 1.386578233839529384e-01 0.000000000000000000e+00 0.000000000000000000e+00 6.106683366376463792e-03 0.000000000000000000e+00 6.078733505279983879e-02 1.636606527211999507e-01
1.302281300172244277e-02 2.754081383201242243e-03 0.000000000000000000e+00 1.707119194419887305e-04 4.906093112019307978e-02 0.000000000000000000e+00 4.152139788129755732e-02 4.550684143245772167e-02 1.056332052603691229e-01 1.412674441940055259e-01 0.000000000000000000e+00 2.756608628882176865e-02 0.000000000000000000e+00 0.000000000000000000e+00 0.000000000000000000e+00 0.000000000000000000e+00 1.390122397897578244e-01 9.399120393807967877e-02 1.290801331623890325e-01 1.102708000008810474e-02 2.872791295779517085e-02 4.384223948545993427e-02 0.000000000000000000e+00 5.223928411197431565e-02 7.557639407294546030e-02
0.000000000000000000e+00 4.165460183092255068e-03 1.349819046833863612e-01 4.726725668672755037e-02 1.284811452512751861e-01 1.403814960595352844e-02 3.541827799090866563e-02 1.148881072559779504e-01 0.000000000000000000e+00 9.395712934126382657e-03 0.000000000000000000e+00 9.851779398960133771e-02 0.000000000000000000e+00 0.000000000000000000e+00 6.555309124721017851e-03 0.000000000000000000e+00 0.000000000000000000e+00 3.379782750088041604e-02 6.075489023322259985e-02 1.216677004417263987e-02 1.132324512578880699e-01 0.000000000000000000e+00 0.000000000000000000e+00 2.407011076650278705e-02 1.622688324915632363e-01
0.000000000000000000e+00 0.000000000000000000e+00 1.023962110272138015e-01 0.000000000000000000e+00 1.677276155679182090e-01 0.000000000000000000e+00 5.736377826436337085e-04 2.823907101962969818e-03 0.000000000000000000e+00 5.734251936492649332e-02 0.000000000000000000e+00 1.064819668065480479e-01 0.000000000000000000e+00 2.016107549194303544e-02 1.265995209453064652e-01 2.780349397362621641e-02 9.897324039042460983e-03 1.725042719788790271e-02 7.214118320254139793e-02 9.666126388311223339e-02 0.000000000000000000e+00 1.024177301651135463e-01 0.000000000000000000e+00 8.972212345021376989e-02 0.000000000000000000e+00
1.912744307051094522e-02 1.312615545256172510e-03 1.813221235274339871e-02 0.000000000000000000e+00 5.211000701500247134e-02 4.716607247624728105e-02 1.573087204926369997e-01 0.000000000000000000e+00 1.104497111451889328e-02 2.167655308650355203e-02 0.000000000000000000e+00 1.407123122288092276e-01 0.000000000000000000e+00 0.000000000000000000e+00 1.344368558926994084e-01 5.915097021255678184e-02 0.000000000000000000e+00 0.000000000000000000e+00 5.641831998118290205e-03 0.000000000000000000e+00 0.000000000000000000e+00 0.000000000000000000e+00 2.178978731471287178e-02 1.587612887156232278e-01 1.516283584840605603e-01
1.804520481903632934e-04 5.579786006313514068e-02 1.423372697961857170e-01 0.000000000000000000e+00 8.864051804928718692e-03 0.000000000000000000e+00 2.232338582368222080e-02 2.664321821177983302e-02 1.739441285174646041e-03 1.298722087426917027e-01 0.000000000000000000e+00 2.264847885790078619e-01 0.000000000000000000e+00 0.000000000000000000e+00 7.384254446006453809e-02 0.000000000000000000e+00 0.000000000000000000e+00 4.028469615392422237e-02 0.000000000000000000e+00 0.000000000000000000e+00 3.721303637166647159e-03 1.029522733966843455e-02 1.287793647562960470e-02 8.101984340754454783e-02 1.637157721712257930e-01
3.613077500864310398e-02 0.000000000000000000e+00 4.182265069370259265e-06 1.227906656635767858e-03 2.011390153147912807e-01 6.215645687058262564e-02 2.169560504859712191e-01 0.000000000000000000e+00 2.172209730144461851e-02 2.190376459344053200e-02 1.747110232114929506e-04 0.000000000000000000e+00 0.000000000000000000e+00 1.102258492869478274e-02 7.648631798696031714e-02 1.224144252896763353e-02 1.088451055837701131e-02 0.000000000000000000e+00 1.747354384143270101e-01 7.207246759638702253e-03 0.000000000000000000e+00 1.223262860625250366e-02 0.000000000000000000e+00 1.337748706969920653e-01 0.000000000000000000e+00
