3.531617485566057005e-04 1.510121637657623195e-01 1.584592615686569728e-02 0.000000000000000000e+00 7.475336032394409858e-02 9.843281173520458671e-02 9.343780392386601824e-03 0.000000000000000000e+00 9.691813819739755103e-04 6.420582618610420032e-03 0.000000000000000000e+00 8.523355360165921213e-03 1.651787764966569094e-01 2.372052453743592540e-02 3.909147077731658926e-02 0.000000000000000000e+00 1.026841481674140542e-02 1.155179945881721071e-01 1.571135607576740756e-01 1.234549345425327710e-01
0.000000000000000000e+00 3.159497000547739631e-02 1.580861351097622713e-01 1.617555727292493417e-01 1.232204257625000784e-02 4.281214081454545739e-02 2.031579081887732383e-02 1.065974893936440515e-01 8.261897189591804747e-02 1.291254668089261357e-02 1.525923168342669008e-02 1.081171034218518789e-01 3.880598657570785703e-02 0.000000000000000000e+00 0.000000000000000000e+00 0.000000000000000000e+00 3.610162708255366948e-02 1.569490836706012582e-01 2.839836209382907376e-03 1.291147133185912080e-02
0.000000000000000000e+00 1.488458394782313510e-01 2.188240602847315794e-02 1.042848524186421738e-01 2.064434856223899047e-03 2.556300150591323678e-02 9.583625516839208713e-02 1.954292869127262078e-01 1.515306267800722584e-01 0.000000000000000000e+00 0.000000000000000000e+00 0.000000000000000000e+00 0.000000000000000000e+00 1.192904291145874826e-03 3.967458062618067077e-02 0.000000000000000000e+00 0.000000000000000000e+00 2.212791929377454746e-03 2.714658506674305291e-02 1.843364349378785461e-01
0.000000000000000000e+00 8.730633621674345479e-02 1.105670945702761677e-02 8.144781629488601071e-02 0.000000000000000000e+00 2.593983466637812471e-02 5.372911940202457909e-02 6.749839261777774990e-02 1.210445904025308911e-01 8.556978268414977551e-03 2.996036749053423986e-03 8.922561907662865388e-02 3.162076455400483072e-02 0.000000000000000000e+00 4.117457497841290476e-03 5.785614344875979892e-02 0.000000000000000000e+00 1.646169053721673881e-01 1.211947763454531701e-01 7.179251963030801320e-02
8.561226684144440657e-02 8.325405606301762573e-02 0.000000000000000000e+00 2.966382992821590178e-03 1.626538035665608395e-01 2.018616007459712522e-02 0.000000000000000000e+00 1.639873893830062213e-01 0.000000000000000000e+00 0.000000000000000000e+00 0.000000000000000000e+00 3.256540107992059868e-02 0.000000000000000000e+00 6.179924643784109883e-02 2.626009891028856236e-02 1.006087504759947161e-02 0.000000000000000000e+00 2.816921401586645890e-02 1.591634639797338269e-01 1.633216416073021426e-01
1.557377819742129521e-01 1.298196676240063185e-01 6.033334763199698324e-03 1.313378654237385423e-01 0.000000000000000000e+00 4.136696014665403737e-02 1.603314547914626645e-02 9.251991400819796832e-03 1.907682261890722153e-01 0.000000000000000000e+00 0.000000000000000000e+00 1.589185311038198434e-01 2.642089083488629447e-02 0.000000000000000000e+00 0.000000000000000000e+00 1.331558068366668901e-01 0.000000000000000000e+00 1.155798223777029007e-03 0.000000000000000000e+00 0.000000000000000000e+00
1.363364103182412509e-02 1.619366259426165411e-01 0.000000000000000000e+00 1.222911892495469749e-01 1.064176807608511847e-02 1.627209699985799618e-01 0.000000000000000000e+00 8.983888730918976329e-02 1.796409708069697866e-02 0.000000000000000000e+00 0.000000000000000000e+00 7.670646724483371447e-03 3.909451682228803210e-02 7.659884133291881836e-02 6.018642360242243416e-03 1.105813605738196169e-02 1.207626528349134004e-01 0.000000000000000000e+00 1.410191665538379768e-01 1.875021862539479056e-02
0.000000000000000000e+00 2.064308598843672563e-04 2.330489879399393061e-02 1.133387889740902627e-01 3.135640899766343331e-02 3.198724429876358827e-02 0.000000000000000000e+00 1.498569865412023028e-01 1.473396229277203207e-01 0.000000000000000000e+00 0.000000000000000000e+00 1.035437432818632625e-01 0.000000000000000000e+00 2.092905768735350142e-02 0.000000000000000000e+00 7.498716078910780403e-02 0.000000000000000000e+00 2.184955378683136815e-02 2.387154208452580417e-01 4.258468221626786343e-02
1.048995922036542183e-01 5.143693026646945637e-02 9.011213606414818222e-03 1.702226126974189513e-01 2.124868089295146312e-01 2.042457689426891709e-01 5.372673297198916204e-03 0.000000000000000000e+00 3.151832387974702610e-02 0.000000000000000000e+00 0.000000000000000000e+00 2.370389294670341776e-02 6.762753737680923978e-03 0.000000000000000000e+00 0.000000000000000000e+00 0.000000000000000000e+00 3.652684202536442704e-03 1.512175518653863498e-03 1.575413535277848387e-01 1.763321624353310704e-02
0.000000000000000000e+00 1.405903085657625173e-01 8.460330800932999717e-02 9.596607973854090479e-02 1.544761956773493261e-01 3.946215685583467914e-02 2.992594505885665286e-03 4.296713402440826418e-02 5.855521202699569272e-02 1.164640851659447815e-03 0.000000000000000000e+00 1.478996528142016154e-01 4.956839380717940197e-02 2.467917382791823613e-02 1.486653824058485895e-01 0.000000000000000000e+00 0.000000000000000000e+00 0.000000000000000000e+00 0.000000000000000000e+00 8.409766889085571601e-03
6.872777017154733416e-03 3.855790255687200577e-03 0.000000000000000000e+00 1.817201093131372291e-01 1.727882522458148301e-02 1.824034546449957161e-01 7.530880252921984134e-04 0.000000000000000000e+00 1.151191670270619062e-02 0.000000000000000000e+00 0.000000000000000000e+00 1.165742177075760888e-01 1.376583263399070167e-01 1.954272778440336016e-03 6.700006016268136855e-02 1.360880383596822230e-01 5.649760075798405945e-02 3.279801938686818796e-02 4.703350332330593492e-02 0.000000000000000000e+00
1.656703238354573920e-02 1.267820183901146314e-01 0.000000000000000000e+00 0.000000000000000000e+00 9.680833716267361194e-03 1.147672340728877888e-01 1.661079444017049198e-02 7.690651611428568624e-02 1.310636897975133164e-01 0.000000000000000000e+00 0.000000000000000000e+00 2.907480368598112652e-01 0.000000000000000000e+00 0.000000000000000000e+00 2.444713326684694668e-02 1.278331319872393901e-01 1.180726974953135062e-02 3.459099593743381051e-02 1.961498402250776846e-03 1.623381488210134602e-02
5.881426666448068968e-02 2.091286460859407767e-02 1.005696940355905872e-01 1.225725562282247022e-01 8.421925079428503602e-02 1.911215676808469821e-01 2.343047103421055932e-02 2.762999239158226913e-02 1.314060666408453093e-01 1.066958224984762039e-02 4.846441709613561605e-02 1.285125220713000116e-01 8.713724053148259180e-03 6.025605721133896805e-04 3.792826585297774666e-02 0.000000000000000000e+00 0.000000000000000000e+00 0.000000000000000000e+00 0.000000000000000000e+00 4.432198025817060336e-03
1.680776752344084191e-01 9.846425391338037292e-02 4.194572172328316366e-04 0.000000000000000000e+00 8.971048224373139035e-02 1.664275890166121430e-01 0.000000000000000000e+00 2.041871451728376891e-02 0.000000000000000000e+00 0.000000000000000000e+00 3.128818733015991446e-03 1.440159449067520414e-01 2.918786521311491841e-02 7.189472852493943023e-02 4.340486020578795956e-02 1.484767361071366587e-02 2.066165537762539722e-02 1.238763450068056104e-02 7.983083227420811889e-02 3.712181451051302372e-02
1.083713596276133020e-02 1.580294621296712554e-01 1.034238117096965420e-01 4.486614518006245417e-02 7.088446049667049276e-02 3.671553979143248828e-03 0.000000000000000000e+00 2.469326153141385150e-02 7.801240349695762188e-02 0.000000000000000000e+00 0.000000000000000000e+00 0.000000000000000000e+00 0.000000000000000000e+00 1.052005630376094680e-01 1.392398047229316260e-01 0.000000000000000000e+00 4.959068855993134517e-02 3.597031963033368862e-03 5.128419653747576940e-02 1.566694806926416383e-01
0.000000000000000000e+00 4.460621240430126229e-04 0.000000000000000000e+00 0.000000000000000000e+00 2.065789432544274939e-01 1.028382261626692162e-01 1.007599224683421446e-01 1.570861297258401013e-02 2.925654536765364116e-03 0.000000000000000000e+00 0.000000000000000000e+00 3.791276238963426498e-02 5.473497367976794779e-03 0.000000000000000000e+00 0.000000000000000000e+00 7.526112007789559528e-03 2.189769963143389231e-01 2.515826410502400648e-02 2.660063024820755739e-01 9.688643814329713291e-03
8.346162875395359004e-02 4.410154608149979144e-02 1.600878499282405373e-02 0.000000000000000000e+00 4.199453414516529648e-02 1.654877998626085867e-01 0.000000000000000000e+00 1.347458798889411280e-01 3.809414849383688240e-02 0.000000000000000000e+00 0.000000000000000000e+00 1.211770038920763869e-02 0.000000000000000000e+00 6.959278784552429264e-02 0.000000000000000000e+00 1.033114373929660545e-01 3.861005927313229669e-02 2.811963235519120141e-02 6.665563132971248639e-02 1.576984291954369455e-01
1.169297709426155539e-03 1.055040007648991446e-01 0.000000000000000000e+00 1.391670737698749542e-02 0.000000000000000000e+00 4.358610540782517639e-02 0.000000000000000000e+00 1.764644919652682553e-01 1.392568672645422279e-03 0.000000000000000000e+00 0.000000000000000000e+00 7.355277501208346003e-02 9.752167850091413015e-02 2.432778097632263062e-02 4.144949208847031191e-02 0.000000000000000000e+00 0.000000000000000000e+00 9.257917894287774965e-03 1.717714289083661638e-01 2.400857547225037636e-01
1.074108794905438702e-02 0.000000000000000000e+00 0.000000000000000000e+00 2.143816758096987463e-01 1.552285480824595887e-01 9.550445962704141867e-02 0.000000000000000000e+00 0.000000000000000000e+00 8.412919217335308730e-02 0.000000000000000000e+00 0.000000000000000000e+00 0.000000000000000000e+00 1.998756276299267637e-02 0.000000000000000000e+00 1.543463558881475461e-01 0.000000000000000000e+00 1.316843478241494850e-02 1.473882758584157959e-01 1.191810861567075934e-02 9.320629845075083242e-02
0.000000000000000000e+00 0.000000000000000000e+00 0.000000000000000000e+00 2.552539887666083890e-02 5.052794577478211813e-02 4.978385238032924202e-03 2.294367004588068922e-03 1.956689352519314917e-01 2.962063999791777341e-02 0.000000000000000000e+00 0.000000000000000000e+00 0.000000000000000000e+00 9.148012107798349224e-02 7.145138354321724228e-02 1.193374301902553475e-02 0.000000000000000000e+00 1.318483423915531028e-01 4.778252627963166903e-03 2.000114609594435267e-01 1.798810242369005274e-01
2.571607541308384287e-02 3.369316584912162432e-02 0.000000000000000000e+00 1.121489262258257291e-02 0.000000000000000000e+00 1.331975251425591145e-01 5.952585032390649011e-03 9.253480723647664052e-02 1.732210203536352355e-02 0.000000000000000000e+00 3.693145167388691991e-03 1.337337178735611976e-01 1.877016406927961012e-01 1.366414903017565963e-01 2.323750900595963204e-02 1.669912442175332246e-02 0.000000000000000000e+00 0.000000000000000000e+00 0.000000000000000000e+00 1.786622192052065572e-01
0.000000000000000000e+00 7.975694817765822953e-02 1.689245080992921380e-02 1.191896308938255201e-03 5.385219406837000317e-02 7.686431547154065624e-02 0.000000000000000000e+00 1.345232652376049665e-01 2.878435307620791361e-02 0.000000000000000000e+00 8.814203142790114423e-03 1.125215549497722151e-01 1.400969278600806833e-01 2.076343439196956520e-02 2.142103106173049235e-02 2.056755398370429741e-02 0.000000000000000000e+00 4.837519074388488619e-03 1.661059666030842430e-01 1.130063857822306700e-01
0.000000000000000000e+00 2.869983619789625781e-02 0.000000000000000000e+00 1.167531005510367842e-01 6.121870660882908211e-02 0.000000000000000000e+00 0.000000000000000000e+00 1.424227832364245716e-01 5.222447426077839877e-02 0.000000000000000000e+00 0.000000000000000000e+00 1.046335813987513547e-01 1.909210146819374510e-01 3.891788599542562316e-02 0.000000000000000000e+00 0.000000000000000000e+00 0.000000000000000000e+00 0.000000000000000000e+00 1.693012714095032678e-01 9.490734565941710832e-02
3.654598176943435472e-02 1.279171078434499734e-03 6.054784268527473728e-02 0.000000000000000000e+00 1.208247742865388857e-01 2.699663411104649136e-01 1.870593418774094130e-02 4.089737636875059174e-02 3.463718233440574168e-02 0.000000000000000000e+00 8.406635430032767184e-03 1.637657286459093253e-02 2.640686094177805560e-02 2.486100672252820193e-02 0.000000000000000000e+00 0.000000000000000000e+00 4.466738283458824600e-03 0.000000000000000000e+00 1.724955499252361080e-01 1.635820320113304527e-01
1.238816668929446502e-01 7.037223024155690732e-02 1.514417174515793199e-03 6.977089657609751583e-02 4.932138080453285500e-03 0.000000000000000000e+00 8.913857344145049988e-02 9.323158440263809577e-02 0.000000000000000000e+00 1.823528024692930641e-02 0.000000000000000000e+00 0.000000000000000000e+00 1.374042557673141873e-01 1.196550258904706399e-02 5.494382995661710456e-02 0.000000000000000000e+00 4.309976323401978025e-03 1.407496736249536640e-01 5.002192072533417563e-03 1.745477826095466201e-01
9.795013548169287376e-02 1.219961504448923012e-01 1.908199456275026101e-02 1.413115445503594809e-02 0.000000000000000000e+00 1.387998612534390441e-01 1.863702238954237714e-02 2.965133460371892696e-02 2.940923994474067826e-01 0.000000000000000000e+00 4.407320213324063263e-02 1.936934771452009096e-02 0.000000000000000000e+00 0.000000000000000000e+00 4.206852755288221363e-03 2.611635753399860899e-02 1.329694934274479878e-01 1.756342480201366144e-02 5.651268655374522970e-03 1.571000033963759063e-02
2.225703775390009548e-02 1.611323858855831792e-01 0.000000000000000000e+00 3.219885547640263246e-01 4.068068096609542272e-02 4.197925010523817502e-02 0.000000000000000000e+00 1.549274788804531899e-01 8.871940764083860453e-02 0.000000000000000000e+00 0.000000000000000000e+00 4.495543426740086258e-03 5.750061669085961003e-03 0.000000000000000000e+00 1.211726729414003417e-01 0.000000000000000000e+00 9.453110061389220775e-03 0.000000000000000000e+00 2.265784201281324448e-02 4.785973892436090095e-03
0.000000000000000000e+00 2.740970074716178942e-02 6.407530228272728667e-02 2.027283683246982812e-02 1.724396241253710327e-02 0.000000000000000000e+00 1.481147533246139625e-02 1.493479855751624341e-01 1.928648961402488482e-01 0.000000000000000000e+00 1.051558049186238249e-02 1.131136672678657862e-01 1.156116246982528267e-02 1.824873401837487710e-02 0.000000000000000000e+00 0.000000000000000000e+00 1.036729488538227079e-01 4.656805657416920180e-02 2.062786827581609139e-01 4.015008243149945956e-03
2.150529271306857171e-02 1.170758127263984011e-01 0.000000000000000000e+00 2.786268548052803912e-02 1.461471338708623391e-01 3.428228635958951304e-02 0.000000000000000000e+00 1.813479869505776887e-01 2.501363164097691189e-02 0.000000000000000000e+00 3.339777675889554764e-03 2.204054731109274523e-01 0.000000000000000000e+00 0.000000000000000000e+00 1.497188381903826263e-02 0.000000000000000000e+00 0.000000000000000000e+00 2.823749311259468944e-02 2.283187731595088046e-02 1.569786652235977131e-01
1.121929889382541033e-02 1.028010424248270577e-01 3.213158551386175246e-03 0.000000000000000000e+00 1.595803241941519679e-01 9.253239419333433857e-02 1.178469490316781665e-02 9.802184915941772325e-02 2.272353780438671894e-02 0.000000000000000000e+00 0.000000000000000000e+00 6.710947043630338671e-02 0.000000000000000000e+00 1.647767358853080011e-01 1.376263511750654700e-01 5.469147249128530029e-03 8.888960375946057535e-02 0.000000000000000000e+00 1.792994310593976418e-02 1.632244826429712567e-02
0.000000000000000000e+00 1.539304781319982551e-01 0.000000000000000000e+00 0.000000000000000000e+00 6.224445547470104645e-02 4.208655894374198347e-02 0.000000000000000000e+00 1.639556121442203029e-01 3.886175607346766155e-03 0.000000000000000000e+00 3.413605397973222197e-03 1.166202629326062168e-01 1.662107283501782495e-01 0.000000000000000000e+00 4.974945864585721828e-02 4.689591070127382098e-04 0.000000000000000000e+00 1.488732822502325873e-02 0.000000000000000000e+00 2.225463770393406593e-01
0.000000000000000000e+00 6.366124318491335476e-02 0.000000000000000000e+00 7.867805938603440047e-03 0.000000000000000000e+00 2.107179165292930034e-01 4.092510638313252846e-02 0.000000000000000000e+00 5.642015893535468063e-02 0.000000000000000000e+00 3.074168935219930357e-02 0.000000000000000000e+00 1.424313841021673521e-01 0.000000000000000000e+00 1.200116386655839147e-02 0.000000000000000000e+00 0.000000000000000000e+00 0.000000000000000000e+00 1.764803500442552464e-01 2.587531816635227910e-01
1.044038510492685014e-02 1.533721084167424809e-02 0.000000000000000000e+00 0.000000000000000000e+00 2.084402203547823518e-01 6.537068810456959922e-02 0.000000000000000000e+00 0.000000000000000000e+00 5.562104196740645656e-02 4.842926659719515997e-03 0.000000000000000000e+00 2.596649143756418199e-01 6.087688497977088165e-02 0.000000000000000000e+00 7.215911631458632458e-02 6.253553676183297091e-03 0.000000000000000000e+00 5.700175811080575305e-02 1.549513268078397607e-02 1.684961668291489745e-01
5.591600948327004987e-03 1.488494194181107233e-01 7.822501234586848318e-02 2.118221224308917960e-02 2.097744267292095122e-01 2.591756742439367545e-02 0.000000000000000000e+00 1.385544362128670881e-01 9.939231440732541889e-02 0.000000000000000000e+00 0.000000000000000000e+00 0.000000000000000000e+00 1.023871351396962379e-02 2.366278400948397184e-03 6.809855884904526813e-02 1.802830964611388392e-02 9.536365802557358884e-02 0.000000000000000000e+00 7.841749183515807353e-02 0.000000000000000000e+00
0.000000000000000000e+00 3.085056700560825232e-02 0.000000000000000000e+00 8.706693519686344029e-02 2.924002534281779087e-02 1.486455839343547858e-01 3.044157774774275405e-02 1.804385467589821046e-01 9.772150123259516763e-02 0.000000000000000000e+00 0.000000000000000000e+00 0.000000000000000000e+00 1.715892200574092030e-01 0.000000000000000000e+00 1.075370055505508841e-02 0.000000000000000000e+00 0.000000000000000000e+00 3.568990057222211354e-02 1.662176298514113360e-01 1.134481174493782822e-02
