0.000000000000000000e+00 0.000000000000000000e+00 1.122546374482395470e-01 0.000000000000000000e+00 2.765053296858225457e-02 6.693383420150372624e-03 0.000000000000000000e+00 1.269757500734774724e-01 1.915809333466888045e-02 0.000000000000000000e+00 0.000000000000000000e+00 1.446879843408535316e-01 0.000000000000000000e+00 0.000000000000000000e+00 2.414420307044186365e-01 8.007014426452520317e-02 0.000000000000000000e+00 1.143541341078856653e-02 8.758239388019437022e-03 1.452136920822357652e-02 3.957468888553156150e-02 0.000000000000000000e+00 3.394354399978138231e-02 0.000000000000000000e+00 1.328341885527395405e-01
1.153108826757522076e-01 4.605835291907459800e-02 0.000000000000000000e+00 0.000000000000000000e+00 1.803797562599660995e-02 0.000000000000000000e+00 0.000000000000000000e+00 1.268520829121251754e-02 1.386640139387002313e-01 0.000000000000000000e+00 0.000000000000000000e+00 0.000000000000000000e+00 4.161843619036496161e-02 0.000000000000000000e+00 1.890837230811447944e-01 0.000000000000000000e+00 2.461835739125828870e-01 7.045563209970962838e-03 0.000000000000000000e+00 0.000000000000000000e+00 7.548968463029392256e-03 0.000000000000000000e+00 0.000000000000000000e+00 1.569645703869114173e-01 2.079873130525935684e-02
2.880232344737888167e-02 0.000000000000000000e+00 2.151600366039970944e-02 7.179399473746415732e-03 4.361831999092014023e-02 0.000000000000000000e+00 4.884151964354419007e-02 1.121990140481896187e-01 0.000000000000000000e+00 0.000000000000000000e+00 0.000000000000000000e+00 2.784662091053728000e-02 3.915013762362780370e-02 0.000000000000000000e+00 1.142349656874306618e-01 9.242315459336951367e-02 0.000000000000000000e+00 1.661877161128146041e-02 2.966320100305751273e-02 1.328714797997526120e-01 9.760480282021430712e-03 6.396349312370064322e-02 1.457476410669937550e-01 6.556347403404827467e-02 0.000000000000000000e+00
4.843428215627356564e-02 1.982038848394356359e-02 0.000000000000000000e+00 0.000000000000000000e+00 2.999697389489125107e-02 5.524461080119683065e-03 9.455932375635949655e-03 0.000000000000000000e+00 5.844039956476947129e-02 1.608538433295453596e-01 0.000000000000000000e+00 2.026347079397763928e-02 0.000000000000000000e+00 0.000000000000000000e+00 2.171857538230330398e-01 5.088665240625921127e-02 0.000000000000000000e+00 4.461802349062160208e-03 1.390762777806996420e-01 3.348690531697574857e-02 6.356053622318000307e-02 6.962555903352681333e-03 3.138943689317540142e-02 6.832113997587536958e-02 3.187918764923016596e-02
0.000000000000000000e+00 0.000000000000000000e+00 3.938704476012356431e-02 0.000000000000000000e+00 0.000000000000000000e+00 0.000000000000000000e+00 0.000000000000000000e+00 0.000000000000000000e+00 1.862522511875410944e-02 6.879253765605141020e-03 0.000000000000000000e+00 3.401242561961802247e-02 5.551109322900326520e-02 1.056195139933657767e-01 2.868003026626143037e-01 0.000000000000000000e+00 4.288019920405361507e-02 1.179150204241593142e-01 1.385060070795927391e-02 9.044526149781267899e-03 0.000000000000000000e+00 1.000166853145392637e-01 6.175344216315620076e-03 1.632827648341075022e-01 0.000000000000000000e+00
3.021411553722973611e-03 0.000000000000000000e+00 1.338184254107473992e-01 0.000000000000000000e+00 1.238090354863732312e-01 1.079142192522277149e-03 1.493944150141434668e-01 1.060623924638001842e-01 8.638868431575671969e-02 0.000000000000000000e+00 0.000000000000000000e+00 6.425582643174392039e-02 0.000000000000000000e+00 0.000000000000000000e+00 1.825122274406999409e-02 0.000000000000000000e+00 0.000000000000000000e+00 0.000000000000000000e+00 0.000000000000000000e+00 0.000000000000000000e+00 0.000000000000000000e+00 2.299874517316980241e-02 1.462296685356866965e-01 1.446910306782634437e-01 0.000000000000000000e+00
0.000000000000000000e+00 6.746894756245884472e-02 1.326892558122515775e-01 0.000000000000000000e+00 1.188878675951477865e-01 0.000000000000000000e+00 0.000000000000000000e+00 0.000000000000000000e+00 5.267583129188233189e-03 1.438017127030941089e-01 0.000000000000000000e+00 0.000000000000000000e+00 0.000000000000000000e+00 0.000000000000000000e+00 1.874041367215796561e-01 0.000000000000000000e+00 1.212580551183011640e-01 0.000000000000000000e+00 2.062038595637378027e-02 0.000000000000000000e+00 0.000000000000000000e+00 0.000000000000000000e+00 7.815441731434042902e-03 1.212945005176010588e-01 7.349211315256966304e-02
0.000000000000000000e+00 0.000000000000000000e+00 1.108887861260192537e-01 2.842029282571627638e-02 2.052802556608101375e-02 4.108676960502420129e-03 4.453766867515113193e-02 1.079851915275863439e-01 0.000000000000000000e+00 9.011098440777941254e-02 0.000000000000000000e+00 1.395070795316279977e-01 0.000000000000000000e+00 0.000000000000000000e+00 6.873924704962866561e-02 0.000000000000000000e+00 1.186089047761816895e-01 1.107892684785792559e-02 0.000000000000000000e+00 0.000000000000000000e+00 0.000000000000000000e+00 3.000844072252295200e-03 0.000000000000000000e+00 1.090703567170832611e-01 1.434150149165323573e-01
0.000000000000000000e+00 0.000000000000000000e+00 0.000000000000000000e+00 0.000000000000000000e+00 0.000000000000000000e+00 0.000000000000000000e+00 1.619384222258384298e-01 0.000000000000000000e+00 9.056325717157602539e-02 1.973431916261391555e-02 0.000000000000000000e+00 1.302897962846744917e-01 6.481864056815330594e-03 1.728540508287921759e-02 1.673996307754783974e-01 4.365369936802959011e-02 1.244874396319719662e-01 1.314033509150011325e-01 1.067628153251214684e-01 0.000000000000000000e+00 0.000000000000000000e+00 0.000000000000000000e+00 0.000000000000000000e+00 0.000000000000000000e+00 0.000000000000000000e+00
0.000000000000000000e+00 0.000000000000000000e+00 6.198256080442150068e-02 5.110507855732092201e-04 7.721833411570317753e-03 3.097148569384361796e-03 6.573047171992715820e-02 9.843448524099178421e-02 2.677364536221110008e-02 1.318395789333021983e-01 0.000000000000000000e+00 1.961636262347177945e-02 3.141257624980542396e-02 4.923102279494589312e-03 1.276111805674577937e-01 0.000000000000000000e+00 6.764243501442332440e-02 0.000000000000000000e+00 1.313675927108945429e-01 6.080695423260859198e-03 0.000000000000000000e+00 3.027169665687916376e-03 8.158070299813154069e-02 0.000000000000000000e+00 1.306474076399906648e-01
0.000000000000000000e+00 0.000000000000000000e+00 1.370085902558595137e-01 0.000000000000000000e+00 1.687420162069259641e-02 3.067822827370702762e-02 1.496173625396809981e-01 0.000000000000000000e+00 0.000000000000000000e+00 0.000000000000000000e+00 0.000000000000000000e+00 1.927524993514078133e-01 0.000000000000000000e+00 0.000000000000000000e+00 2.531368140381207721e-01 0.000000000000000000e+00 2.868245060344249558e-02 1.586483051696236518e-02 0.000000000000000000e+00 0.000000000000000000e+00 0.000000000000000000e+00 1.527154215556199464e-02 1.404501567653387850e-01 0.000000000000000000e+00 1.966332387922561237e-02
0.000000000000000000e+00 3.304360760672683372e-03 1.536324788266143493e-01 0.000000000000000000e+00 1.280270779459918296e-01 6.971508328726579336e-03 1.419284683511189971e-01 1.220544473719908096e-01 2.315211538832400232e-02 0.000000000000000000e+00 0.000000000000000000e+00 1.418971882780936389e-01 0.000000000000000000e+00 0.000000000000000000e+00 6.404278683499649294e-02 0.000000000000000000e+00 6.094993857904785345e-02 0.000000000000000000e+00 0.000000000000000000e+00 7.957537100424921794e-02 0.000000000000000000e+00 7.459538856632235565e-03 0.000000000000000000e+00 2.059331585036767998e-02 4.641140362317366236e-02
0.000000000000000000e+00 2.104976936517959432e-02 1.168692633383458801e-01 0.000000000000000000e+00 6.957380989921579939e-02 6.706378064803070931e-04 1.582959052808450284e-01 0.000000000000000000e+00 8.577080015674810876e-02 3.010433337153214494e-03 0.000000000000000000e+00 9.312630261100535850e-03 8.790258513005440658e-03 0.000000000000000000e+00 1.631412214134057292e-01 0.000000000000000000e+00 0.000000000000000000e+00 0.000000000000000000e+00 1.309462447239851945e-01 9.538819744272028500e-02 0.000000000000000000e+00 6.760921303591956033e-02 0.000000000000000000e+00 4.439468846154812076e-02 2.517692696434738892e-02
1.207814549958710487e-01 0.000000000000000000e+00 0.000000000000000000e+00 0.000000000000000000e+00 0.000000000000000000e+00 8.270683980431448729e-03 1.381799418249901601e-01 7.936476040440049173e-02 0.000000000000000000e+00 1.961953774336228640e-01 0.000000000000000000e+00 6.552832649845374315e-03 1.250705289060984916e-02 0.000000000000000000e+00 1.186082052150159993e-01 0.000000000000000000e+00 0.000000000000000000e+00 3.943983717901217156e-02 1.334153864618316809e-01 0.000000000000000000e+00 0.000000000000000000e+00 0.000000000000000000e+00 1.383972705231220068e-01 3.069158569274790284e-03 5.218037871972116930e-03
3.621860018301869318e-03 0.000000000000000000e+00 1.459591699970725076e-01 0.000000000000000000e+00 1.225389797320268898e-01 1.091503011492681169e-01 3.252031065735919851e-02 3.051033217986609427e-04 0.000000000000000000e+00 6.161007140400145965e-02 0.000000000000000000e+00 2.506684118392564220e-01 4.347600956483274603e-03 0.000000000000000000e+00 0.000000000000000000e+00 0.000000000000000000e+00 0.000000000000000000e+00 0.000000000000000000e+00 0.000000000000000000e+00 0.000000000000000000e+00 1.214202766058657861e-03 1.409588228116663844e-01 1.427457119280246302e-02 1.052669190422228507e-01 7.563675111681194413e-03
0.000000000000000000e+00 0.000000000000000000e+00 9.796713761626997530e-02 0.000000000000000000e+00 1.212316116720404957e-01 0.000000000000000000e+00 7.823685438133017034e-02 0.000000000000000000e+00 0.000000000000000000e+00 0.000000000000000000e+00 0.000000000000000000e+00 1.224309750160209875e-01 0.000000000000000000e+00 0.000000000000000000e+00 1.310158956490771187e-01 0.000000000000000000e+00 1.467148769676259457e-01 1.262006797579759421e-02 2.497082605266155372e-02 1.697914177137471378e-02 0.000000000000000000e+00 1.382316391115072807e-03 9.530821275235731860e-02 1.483572527151856557e-01 2.784831039143462975e-03
0.000000000000000000e+00 0.000000000000000000e+00 1.377293191338534173e-01 1.240760158812000830e-02 4.994185092554870309e-02 0.000000000000000000e+00 3.311063252234575094e-02 0.000000000000000000e+00 0.000000000000000000e+00 2.329109443583071704e-01 0.000000000000000000e+00 0.000000000000000000e+00 0.000000000000000000e+00 7.465801951142510273e-02 1.074943455454479557e-01 0.000000000000000000e+00 1.028661606518030125e-01 0.000000000000000000e+00 1.323889760163912688e-01 4.958084069853123908e-03 4.989976303018285185e-05 8.433933883540013082e-03 1.025039722953693389e-01 0.000000000000000000e+00 5.462597349648473394e-04
0.000000000000000000e+00 0.000000000000000000e+00 1.440735098278395632e-01 0.000000000000000000e+00 5.531604355620960145e-02 0.000000000000000000e+00 2.687917070982185908e-01 1.363741401508081763e-01 1.232445649330854015e-01 0.000000000000000000e+00 0.000000000000000000e+00 0.000000000000000000e+00 0.000000000000000000e+00 0.000000000000000000e+00 3.544011946344646086e-02 0.000000000000000000e+00 4.389934448646987813e-02 5.402795800755214040e-02 1.285185006048186751e-01 1.557731416613207390e-03 0.000000000000000000e+00 0.000000000000000000e+00 0.000000000000000000e+00 0.000000000000000000e+00 8.756380454938227087e-03
0.000000000000000000e+00 3.894183983012169947e-02 1.420173314772096573e-01 0.000000000000000000e+00 1.204060810517136593e-02 1.927396565124439229e-02 1.652068538552784738e-01 0.000000000000000000e+00 0.000000000000000000e+00 1.380636528268356644e-01 0.000000000000000000e+00 5.216378608095200570e-02 0.000000000000000000e+00 9.624590556919648127e-03 1.770081589598338223e-01 0.000000000000000000e+00 0.000000000000000000e+00 0.000000000000000000e+00 2.632136608954387461e-02 0.000000000000000000e+00 0.000000000000000000e+00 0.000000000000000000e+00 1.310543873029231809e-01 8.828345926396610754e-02 0.000000000000000000e+00
1.890230345523655556e-02 0.000000000000000000e+00 0.000000000000000000e+00 0.000000000000000000e+00 0.000000000000000000e+00 3.458900136226145811e-03 5.688294993091500516e-03 0.000000000000000000e+00 4.726325410272175925e-02 1.978244351178470584e-01 0.000000000000000000e+00 3.826246939567292185e-03 9.485838592465958147e-03 2.209593203908028977e-02 2.766697697210803164e-01 0.000000000000000000e+00 6.913983547450140189e-03 3.320907652568363955e-02 1.307533211796692470e-02 0.000000000000000000e+00 0.000000000000000000e+00 1.303409608074408699e-01 8.515761072295770229e-02 2.233490074775436578e-03 1.438545711064083410e-01
