0.000000000000000000e+00 7.998527102187119597e-02 0.000000000000000000e+00 5.575665456278665506e-03 3.646900442306638679e-02 8.673041707684669976e-02 0.000000000000000000e+00 5.188842668950535307e-04 1.466373503167981741e-02 0.000000000000000000e+00 0.000000000000000000e+00 1.232862345120930153e-01 1.446982273696976184e-01 0.000000000000000000e+00 3.926189554963216075e-03 1.024644268782180373e-01 2.840555454199327270e-02 1.620468669443194121e-01 1.486647077283755336e-01 6.256481519370193922e-02
0.000000000000000000e+00 0.000000000000000000e+00 1.357706992078469392e-02 1.896058854461078191e-01 0.000000000000000000e+00 2.414501052916485577e-02 1.376289466485033225e-02 3.333906173865154587e-02 1.427951897379350077e-01 1.387366242875254533e-03 0.000000000000000000e+00 1.760018342997468066e-01 0.000000000000000000e+00 1.011011407126841677e-01 0.000000000000000000e+00 0.000000000000000000e+00 1.126228508503192144e-01 1.755148246807618773e-01 9.820774731092484292e-03 6.326096445025897012e-03
0.000000000000000000e+00 9.659597906185909966e-03 1.394208100969532016e-01 5.596033787570343226e-02 1.386185957624492815e-01 0.000000000000000000e+00 6.218302324517772234e-02 0.000000000000000000e+00 2.920817769739398329e-01 0.000000000000000000e+00 0.000000000000000000e+00 0.000000000000000000e+00 0.000000000000000000e+00 0.000000000000000000e+00 2.235662395555896090e-02 0.000000000000000000e+00 0.000000000000000000e+00 1.215000690618096568e-01 1.542473430276455615e-01 3.971822094576483650e-03
0.000000000000000000e+00 3.063333180098514255e-02 0.000000000000000000e+00 0.000000000000000000e+00 2.341244309508684271e-02 1.852489744572936303e-01 1.214091112894274092e-02 1.264331025387583074e-01 1.433267206157894103e-01 6.469796511542168227e-02 0.000000000000000000e+00 7.628500671522429888e-02 1.085972287140068576e-01 0.000000000000000000e+00 3.681635012728271678e-02 8.643805301242759101e-03 0.000000000000000000e+00 9.685594519265829094e-02 6.480567610396306688e-02 2.210253909334420827e-02
1.634250482407623856e-02 3.051572954498062498e-02 3.422673418240406926e-03 2.810196195819442827e-02 6.080793598990735793e-02 1.951296054674930835e-01 0.000000000000000000e+00 1.439482535902156801e-01 0.000000000000000000e+00 4.650124349299297744e-02 0.000000000000000000e+00 7.342523505661217864e-02 0.000000000000000000e+00 0.000000000000000000e+00 3.569963695756562388e-03 0.000000000000000000e+00 6.734414908394151765e-03 1.739645890125678940e-01 1.621652767407104068e-01 5.537061229985797139e-02
1.134710767350029653e-01 1.010553327131971657e-01 1.798982074993972502e-02 1.998418131640784107e-02 1.143746281310941276e-01 0.000000000000000000e+00 1.328154847238099401e-01 1.257171095298649857e-02 3.151246173101735545e-03 0.000000000000000000e+00 0.000000000000000000e+00 2.107504607307110478e-01 2.348704163428981875e-02 0.000000000000000000e+00 0.000000000000000000e+00 1.265241384523289013e-02 0.000000000000000000e+00 1.286311295517063025e-01 3.913933815575593167e-02 6.992613458676409655e-02
3.847703341073046603e-03 2.327677234270698198e-02 9.724328452348024454e-02 2.935396655270411034e-02 1.437917857640972907e-01 1.015464173854668806e-01 0.000000000000000000e+00 0.000000000000000000e+00 1.420440313128453758e-01 0.000000000000000000e+00 0.000000000000000000e+00 1.707523574708525727e-01 0.000000000000000000e+00 1.353670909102953623e-01 0.000000000000000000e+00 0.000000000000000000e+00 0.000000000000000000e+00 0.000000000000000000e+00 1.527765903964780903e-01 0.000000000000000000e+00
4.797635360023810164e-02 1.440004650976662304e-01 1.785737377206967399e-03 1.139873853478131777e-01 1.116303113262824970e-01 5.825626929788813198e-03 0.000000000000000000e+00 2.625290762018111512e-01 4.516490228352697950e-02 0.000000000000000000e+00 0.000000000000000000e+00 1.688247127041932194e-01 2.472565028328562939e-02 3.100625453539851417e-02 3.443292825047216017e-03 0.000000000000000000e+00 0.000000000000000000e+00 0.000000000000000000e+00 2.703592150539797095e-03 3.639663933720181654e-02
0.000000000000000000e+00 2.983995384268342977e-03 0.000000000000000000e+00 1.649789727133950390e-02 2.020592678452063085e-01 2.456785340809016990e-02 3.757197861055629196e-02 1.644868541825011410e-01 7.260750346973740554e-02 0.000000000000000000e+00 5.037664436505869675e-02 5.182315196619600994e-02 2.734440408574935477e-02 0.000000000000000000e+00 8.443482064850660329e-02 1.566100217651915328e-03 1.488465198080901782e-02 2.292352422510331444e-01 5.642029227698366466e-04 1.899543139052628157e-02
3.043538416377806685e-02 1.045090514266090731e-01 0.000000000000000000e+00 1.947894139355612342e-01 1.412384837440641139e-01 4.121153370293583612e-02 1.610933367867795757e-02 1.431562775174077262e-01 1.312330864759034543e-01 0.000000000000000000e+00 0.000000000000000000e+00 3.241050948106211776e-02 1.050045096783013866e-02 6.691968398131300025e-03 0.000000000000000000e+00 0.000000000000000000e+00 0.000000000000000000e+00 0.000000000000000000e+00 0.000000000000000000e+00 1.477145065080389397e-01
9.318089667881140903e-03 0.000000000000000000e+00 0.000000000000000000e+00 0.000000000000000000e+00 1.432907083051662006e-02 0.000000000000000000e+00 2.980701166703098731e-02 0.000000000000000000e+00 4.103254517006386937e-02 5.615550235303001445e-03 0.000000000000000000e+00 3.603585691122646595e-01 6.418790326887983955e-02 0.000000000000000000e+00 6.239765015047246677e-02 0.000000000000000000e+00 1.230965571879789715e-02 1.447878169916695656e-01 1.367762781909420133e-01 1.190798589961779841e-01
0.000000000000000000e+00 7.679835109860436160e-02 0.000000000000000000e+00 0.000000000000000000e+00 0.000000000000000000e+00 4.105363876711771998e-02 3.356715265741173990e-03 9.376964633668340154e-02 2.308992553731039135e-02 0.000000000000000000e+00 0.000000000000000000e+00 2.765287279995811143e-01 2.991967979842940009e-02 1.694149024309257040e-02 2.650932196441604244e-02 1.124013258875215110e-01 3.061678785065735306e-02 1.160739534271758161e-01 0.000000000000000000e+00 1.529404358236690631e-01
0.000000000000000000e+00 1.253405335924471509e-01 1.576635337328146161e-02 1.727619371806918616e-02 2.091617781220390243e-02 1.759967972442725084e-02 0.000000000000000000e+00 2.127544663528253832e-02 2.315435077736834046e-01 1.780692220386109401e-02 3.635937475385353501e-02 1.676836471892134139e-01 0.000000000000000000e+00 5.073935547763413351e-02 1.481603987111601017e-01 0.000000000000000000e+00 1.024674969552937659e-01 2.706491207958905063e-02 0.000000000000000000e+00 0.000000000000000000e+00
8.353665910051284726e-02 0.000000000000000000e+00 1.676597642291996005e-03 0.000000000000000000e+00 1.761642646222024919e-02 1.056816958186033995e-01 4.102751741991264578e-02 1.724315654291195821e-01 0.000000000000000000e+00 0.000000000000000000e+00 0.000000000000000000e+00 3.297112616393146345e-01 4.647623264998416992e-02 0.000000000000000000e+00 1.673613858948295174e-01 0.000000000000000000e+00 0.000000000000000000e+00 3.448065794321099331e-02 0.000000000000000000e+00 0.000000000000000000e+00
0.000000000000000000e+00 1.328136201862791244e-01 0.000000000000000000e+00 0.000000000000000000e+00 1.709159006509920406e-02 3.483196574208599627e-02 2.001072831230295106e-03 3.266447621144954322e-02 1.621646984282898996e-01 1.709618187034335707e-03 1.183116783500188021e-02 1.472230884250170235e-01 1.177174375752034902e-01 0.000000000000000000e+00 0.000000000000000000e+00 2.884078202326605458e-02 4.883851322857240412e-02 3.140120455661072479e-02 1.387947964109133014e-01 9.207596829394665283e-02
1.888209122349920248e-04 0.000000000000000000e+00 0.000000000000000000e+00 8.768154577161261501e-04 3.952264791242856429e-02 0.000000000000000000e+00 3.301871510359000866e-02 1.012379378440846425e-02 1.315081294274498269e-01 0.000000000000000000e+00 0.000000000000000000e+00 1.229887324629627549e-01 0.000000000000000000e+00 4.808996803260125880e-02 2.326451858966816985e-02 2.268917675555799738e-03 6.057997707856869769e-04 2.641619313975421268e-01 1.546759531229293105e-01 1.687052563501268698e-01
9.291956011844600127e-02 0.000000000000000000e+00 0.000000000000000000e+00 0.000000000000000000e+00 1.277780997269377383e-01 8.568502282983758364e-03 6.771707129368601842e-03 1.236356338736034483e-01 1.462042076188074802e-01 0.000000000000000000e+00 0.000000000000000000e+00 1.403854669843054848e-01 0.000000000000000000e+00 5.541300193497152721e-02 8.103865248105276975e-02 0.000000000000000000e+00 4.799730855269936786e-02 1.230435534830788269e-01 1.345605422703507505e-02 3.278825158670987949e-02
0.000000000000000000e+00 0.000000000000000000e+00 1.140706488135877390e-02 0.000000000000000000e+00 1.569362964754194845e-01 5.885230053813812973e-04 9.933723826435413018e-02 0.000000000000000000e+00 5.703494013399073442e-02 0.000000000000000000e+00 2.525774002687194379e-03 4.371311001793450335e-01 0.000000000000000000e+00 0.000000000000000000e+00 1.666337249661758446e-01 0.000000000000000000e+00 0.000000000000000000e+00 5.794757429792736503e-02 0.000000000000000000e+00 1.045776379336016242e-02
0.000000000000000000e+00 1.782821358532249156e-01 0.000000000000000000e+00 1.391045076649420342e-01 0.000000000000000000e+00 0.000000000000000000e+00 0.000000000000000000e+00 0.000000000000000000e+00 0.000000000000000000e+00 0.000000000000000000e+00 0.000000000000000000e+00 1.663777533044581702e-01 4.930548114565324463e-02 2.492920488607971649e-02 1.775864863129622828e-01 1.290349752338048883e-01 0.000000000000000000e+00 1.353794555988745985e-01 0.000000000000000000e+00 0.000000000000000000e+00
1.138299190003120298e-01 0.000000000000000000e+00 2.102520971567371430e-02 2.379955452393136758e-02 1.943490681413793941e-01 9.938552721963103687e-02 1.318297199291363631e-01 1.346696984833709379e-02 0.000000000000000000e+00 0.000000000000000000e+00 0.000000000000000000e+00 3.873534619593367589e-02 0.000000000000000000e+00 6.273973363777334174e-03 1.460035185266984614e-01 0.000000000000000000e+00 0.000000000000000000e+00 5.742809156270753390e-02 1.095261591292234493e-01 4.434694284325864377e-02
0.000000000000000000e+00 0.000000000000000000e+00 1.971749974801413965e-02 1.262683611966415598e-01 0.000000000000000000e+00 0.000000000000000000e+00 9.441848113027233313e-02 9.582909867348637922e-02 0.000000000000000000e+00 0.000000000000000000e+00 0.000000000000000000e+00 2.197292031730920248e-01 7.114079902371629738e-02 0.000000000000000000e+00 1.629620462688491089e-01 0.000000000000000000e+00 0.000000000000000000e+00 0.000000000000000000e+00 0.000000000000000000e+00 2.099345107859282022e-01
0.000000000000000000e+00 2.314455486869539461e-02 0.000000000000000000e+00 1.668874038011379790e-01 2.780386122503559088e-03 0.000000000000000000e+00 3.647235614555469768e-02 5.214614261061171607e-04 5.347303654250976611e-03 0.000000000000000000e+00 0.000000000000000000e+00 3.726288240294481358e-01 1.700071965172696709e-01 1.720832214000214027e-04 1.537658312515497415e-02 0.000000000000000000e+00 0.000000000000000000e+00 2.860160988304602525e-02 1.518792520588078399e-01 2.618098514662467111e-02
5.962247749547929312e-03 0.000000000000000000e+00 0.000000000000000000e+00 2.318764216769888739e-02 4.416129095812135891e-02 0.000000000000000000e+00 0.000000000000000000e+00 1.192772862723137511e-01 4.855778775954652099e-02 6.061738251756430915e-04 0.000000000000000000e+00 4.500176390099424467e-02 2.041954156078784055e-01 1.226556415051676258e-01 0.000000000000000000e+00 2.881869818119567762e-03 0.000000000000000000e+00 0.000000000000000000e+00 1.581941533032828473e-01 2.253187271321532015e-01
9.800853003295783780e-03 3.022268344228677683e-02 5.955872599873968110e-02 0.000000000000000000e+00 1.173094665965300661e-02 9.240414714987932321e-03 0.000000000000000000e+00 1.556506995641484259e-01 9.228966949563609246e-02 0.000000000000000000e+00 5.073172944987961591e-02 1.456007234743768586e-01 3.724696751404842771e-02 1.448353348385400252e-01 3.488691208342312947e-03 2.403556394440761745e-02 0.000000000000000000e+00 2.618969291222659687e-02 1.562910734080152630e-01 4.308623037141552647e-02
0.000000000000000000e+00 6.951532941815380395e-02 0.000000000000000000e+00 1.264854263641684295e-01 2.703112952545966285e-02 0.000000000000000000e+00 1.400835245018378639e-01 4.659044647845104331e-02 1.447803102271367215e-01 0.000000000000000000e+00 4.356838230002759924e-03 0.000000000000000000e+00 1.439107158067831904e-01 0.000000000000000000e+00 7.225482739627625550e-02 0.000000000000000000e+00 6.907241361655942768e-02 2.498921137362321993e-02 0.000000000000000000e+00 1.309298270615474324e-01
6.248236904355485011e-02 8.309493488520121318e-02 1.097777220825044003e-01 5.034517099374711396e-02 1.376035542203109772e-02 0.000000000000000000e+00 5.910147716103373444e-02 2.207317822604184382e-02 2.810106059312810975e-02 0.000000000000000000e+00 0.000000000000000000e+00 1.507721001425922913e-01 0.000000000000000000e+00 3.345623951669379759e-02 4.368355734936583273e-02 1.128947207284742710e-01 5.490954340063625844e-02 1.345801094757961445e-03 1.343917599612852454e-01 3.981000939895197599e-02
1.514434973165309194e-02 3.054378002210266993e-02 1.027545568562340632e-02 0.000000000000000000e+00 2.976694490411280758e-01 0.000000000000000000e+00 0.000000000000000000e+00 1.109993173796082304e-02 1.222363777898383685e-01 0.000000000000000000e+00 0.000000000000000000e+00 1.985037823983255012e-01 1.990573989639859293e-02 0.000000000000000000e+00 2.156234772931825416e-01 3.559152767989583275e-03 1.725509438432465750e-02 2.918518953589471082e-02 2.899821971557814057e-02 0.000000000000000000e+00
1.868814639146848620e-03 4.472261938403335885e-02 2.948594363342714117e-02 0.000000000000000000e+00 1.317905640677807244e-01 0.000000000000000000e+00 0.000000000000000000e+00 1.143463301297065332e-01 1.774652611247217945e-02 2.675834770002414459e-02 0.000000000000000000e+00 2.358055969165919197e-01 0.000000000000000000e+00 1.143110847274153574e-01 3.132649184351670585e-02 0.000000000000000000e+00 2.048766483304221772e-02 1.117479345095713505e-02 1.500526419759187768e-01 7.012258058596705645e-02
8.566700073158631940e-03 3.467968723799239039e-02 0.000000000000000000e+00 1.149874257033081659e-01 7.527420583672872478e-02 0.000000000000000000e+00 1.029009706150122022e-01 3.021468493874293702e-03 1.183629221106079557e-02 0.000000000000000000e+00 3.589586855845575131e-02 2.752082021492862074e-01 0.000000000000000000e+00 0.000000000000000000e+00 1.648219637198093039e-04 1.874053926168384697e-03 0.000000000000000000e+00 1.909161949850458895e-01 1.198575424045103532e-01 2.481656584167843752e-02
0.000000000000000000e+00 0.000000000000000000e+00 9.676302594445893024e-02 0.000000000000000000e+00 0.000000000000000000e+00 0.000000000000000000e+00 1.126056198963740484e-01 7.215799445303130999e-02 1.639326688758877271e-01 0.000000000000000000e+00 2.782429943310949644e-02 1.714791447248317779e-01 0.000000000000000000e+00 1.180220869624952207e-01 1.505965019493535062e-01 1.936270382693652120e-02 0.000000000000000000e+00 3.421249098056477339e-02 3.304346295295667452e-02 0.000000000000000000e+00
0.000000000000000000e+00 0.000000000000000000e+00 0.000000000000000000e+00 0.000000000000000000e+00 1.432122677697099111e-01 0.000000000000000000e+00 3.678776282385937905e-03 0.000000000000000000e+00 6.756753628206596876e-03 2.148410527515145010e-02 0.000000000000000000e+00 3.233192458114550472e-01 0.000000000000000000e+00 1.361938714994503363e-01 1.395483936591890295e-01 0.000000000000000000e+00 1.071869940489549554e-02 1.508624020587938652e-01 4.410967372312236262e-02 2.011581088764020572e-02
0.000000000000000000e+00 0.000000000000000000e+00 5.082073307675660442e-03 0.000000000000000000e+00 0.000000000000000000e+00 5.328926634877048825e-03 5.157826191826996726e-02 1.367810111103051791e-02 1.627725160865219805e-03 0.000000000000000000e+00 0.000000000000000000e+00 2.695739153097034269e-01 1.714766425752681234e-02 0.000000000000000000e+00 1.089876064366965963e-01 1.213998155627558639e-01 9.500869196204295543e-04 1.572816184693360819e-01 1.553064861142607889e-01 9.205771879738162966e-02
0.000000000000000000e+00 0.000000000000000000e+00 1.946574435163658757e-04 0.000000000000000000e+00 2.829388295357823310e-02 0.000000000000000000e+00 7.390127999272974590e-02 1.026798065921964154e-01 4.744506557484911430e-02 0.000000000000000000e+00 0.000000000000000000e+00 2.608276255169741931e-01 4.051898311538174036e-02 0.000000000000000000e+00 0.000000000000000000e+00 0.000000000000000000e+00 5.309846003004870668e-02 2.441499617944221101e-01 1.488902769863033326e-01 0.000000000000000000e+00
2.490218738813845811e-02 0.000000000000000000e+00 5.363437304084124613e-04 1.752975511480019122e-02 2.500565874461189719e-01 2.880357988038180495e-02 1.374192556825830913e-01 0.000000000000000000e+00 1.797993716809112227e-02 7.443697440471156931e-03 1.209023088005847096e-02 1.556833725830639448e-01 2.136216983258408253e-01 0.000000000000000000e+00 0.000000000000000000e+00 2.198143226773683224e-03 0.000000000000000000e+00 1.031333281063825519e-01 2.860188302688735501e-02 0.000000000000000000e+00
0.000000000000000000e+00 1.106996183579615212e-01 0.000000000000000000e+00 7.542140570448607750e-02 1.549963524957721495e-01 7.319482492660982220e-02 4.599045073251709775e-02 0.000000000000000000e+00 0.000000000000000000e+00 0.000000000000000000e+00 1.069920863980840416e-02 1.242924777306147859e-02 0.000000000000000000e+00 0.000000000000000000e+00 7.926275812282616851e-02 0.000000000000000000e+00 1.136402589259269402e-01 8.596325154767731763e-03 1.566983752043002165e-01 1.583711739619623471e-01
0.000000000000000000e+00 1.449715059593584821e-01 0.000000000000000000e+00 1.319887695425229612e-03 1.331057743982522468e-01 0.000000000000000000e+00 5.238630709438568634e-04 1.100132175575675997e-01 1.911711631363133268e-01 1.086082123833229107e-02 9.418729309848531198e-03 1.526510744141403308e-01 2.308715479286893926e-02 2.713945173970791144e-02 1.630438222889424582e-01 1.191366557470317257e-02 8.442319680408096397e-03 0.000000000000000000e+00 9.078474023971815424e-03 3.259075119215636227e-03
0.000000000000000000e+00 2.832339758362203627e-02 1.238859197449898863e-01 1.495934272345662668e-02 4.601531928636866386e-02 2.364957989886430981e-02 1.365169277837524620e-01 1.283440467191305778e-01 0.000000000000000000e+00 0.000000000000000000e+00 0.000000000000000000e+00 1.523143830500998108e-01 0.000000000000000000e+00 1.303994393964322263e-01 1.618725513493325940e-01 0.000000000000000000e+00 0.000000000000000000e+00 0.000000000000000000e+00 4.174540520191917514e-02 1.197368726203150609e-02
0.000000000000000000e+00 2.964830279380143915e-02 0.000000000000000000e+00 1.426765074181359817e-03 2.531093401219440802e-03 2.607455915197455856e-02 4.326785453336714354e-02 2.296399623374741419e-02 2.395518472994905348e-02 3.865677098450399397e-03 0.000000000000000000e+00 2.813929468665976041e-01 1.560915710896552122e-01 1.173780047579258273e-01 0.000000000000000000e+00 0.000000000000000000e+00 0.000000000000000000e+00 1.602361728618583337e-04 1.808318904649784675e-01 1.104119176312901990e-01
2.874774109442762224e-03 3.330506727412398810e-02 4.892461541264087228e-03 1.264046017871639782e-01 2.838112062001884109e-02 0.000000000000000000e+00 9.868728878332341803e-02 1.283945809902714286e-01 1.797674104889967692e-02 0.000000000000000000e+00 0.000000000000000000e+00 1.565677208737869530e-01 7.574409879320962227e-03 0.000000000000000000e+00 2.211661799337980017e-02 1.264355617019359279e-01 0.000000000000000000e+00 1.913905533691104000e-01 2.108045004093660538e-02 3.391804998702117879e-02
0.000000000000000000e+00 0.000000000000000000e+00 1.121584972211507169e-03 1.369992418339255613e-01 1.511006044302042328e-01 2.881989010091945760e-02 1.803558347328288597e-02 1.143634966868954106e-01 5.157479828754258505e-02 8.650987353423081339e-02 0.000000000000000000e+00 8.487145270179578815e-02 5.568250987054321373e-03 1.171132229989993029e-01 1.788119130640283827e-02 0.000000000000000000e+00 9.399979186051120317e-02 3.601649606530047277e-03 6.464916703511214280e-02 2.379020018438179895e-02
3.415344038565754775e-02 0.000000000000000000e+00 0.000000000000000000e+00 2.878798981142649885e-02 2.706267449582601403e-02 3.619274910052574547e-03 0.000000000000000000e+00 1.129444578510298697e-01 0.000000000000000000e+00 1.295803131159099526e-03 0.000000000000000000e+00 3.246548799787365991e-01 2.835800600820559056e-02 1.188893144793637391e-01 1.301393120630682798e-01 0.000000000000000000e+00 6.612921446379919042e-03 0.000000000000000000e+00 2.638732778291481146e-02 1.570945976561793633e-01
1.087060486534662668e-02 1.072847498766623525e-01 2.906531470715451732e-02 7.801783802651578170e-02 4.117559441024523648e-02 0.000000000000000000e+00 1.563571638723441036e-03 1.464787693084112774e-01 1.694355554622301863e-01 6.722049302376222057e-02 0.000000000000000000e+00 1.685073765787557798e-01 1.035853168392651125e-01 0.000000000000000000e+00 0.000000000000000000e+00 3.788537679983062373e-02 1.021446837998756310e-02 2.267724840096873445e-02 0.000000000000000000e+00 6.017721682140353932e-03
1.247735730535911441e-02 0.000000000000000000e+00 0.000000000000000000e+00 0.000000000000000000e+00 1.566442233054883282e-01 9.787749669661975280e-03 0.000000000000000000e+00 3.743989459149248133e-02 1.058238093501906313e-01 0.000000000000000000e+00 0.000000000000000000e+00 1.112278293070656232e-01 0.000000000000000000e+00 1.145099555773535921e-01 1.099810137693228371e-02 0.000000000000000000e+00 0.000000000000000000e+00 8.672953289574054925e-02 2.576528310726024507e-01 9.670871554811283355e-02
1.169572307145062412e-01 1.246867329399790753e-01 0.000000000000000000e+00 0.000000000000000000e+00 1.049290105044535168e-02 5.240201416071026824e-02 2.960194130655345243e-02 5.429702372290851065e-02 1.612466178151719387e-01 1.933666622765544893e-02 2.178473926809568542e-02 5.237752826478324353e-02 0.000000000000000000e+00 0.000000000000000000e+00 0.000000000000000000e+00 6.887388601559905899e-02 0.000000000000000000e+00 9.906444191303614977e-02 2.657170132513083510e-02 1.623065752754247471e-01
0.000000000000000000e+00 0.000000000000000000e+00 0.000000000000000000e+00 0.000000000000000000e+00 1.401268118711090083e-01 1.326869910103759820e-01 0.000000000000000000e+00 0.000000000000000000e+00 1.456509569254591796e-01 7.812713979488294935e-02 0.000000000000000000e+00 0.000000000000000000e+00 7.524579732737267379e-02 0.000000000000000000e+00 1.644472388146713260e-01 0.000000000000000000e+00 7.691570628886686134e-02 1.337355884944034512e-01 5.306376947285856155e-02 0.000000000000000000e+00
0.000000000000000000e+00 0.000000000000000000e+00 2.221280991971581395e-02 1.148223242358983182e-01 2.484045293134104840e-02 2.030877607423162839e-02 0.000000000000000000e+00 1.323757605869036458e-01 2.112278796593621347e-02 8.973379216117753632e-02 0.000000000000000000e+00 2.753639270584807286e-01 2.995459419830518236e-02 1.332332404927702163e-01 6.850843830341336871e-02 1.068717544483528681e-02 1.838090133673641116e-02 3.377706767040025704e-02 4.677951619854363655e-03 0.000000000000000000e+00
0.000000000000000000e+00 0.000000000000000000e+00 3.389358706833832391e-02 0.000000000000000000e+00 4.595884541270413640e-03 2.147102432882960418e-02 9.173460450422103729e-02 1.374225725403483422e-01 3.707503085725264574e-02 9.694491841800862916e-03 0.000000000000000000e+00 1.789776210415610844e-02 0.000000000000000000e+00 1.445254643972523068e-01 0.000000000000000000e+00 8.337423624650758258e-03 1.035862649243073086e-01 1.474032504889767892e-01 2.060587620639054707e-01 3.630387671468987554e-02
0.000000000000000000e+00 9.141022945385156306e-02 1.126084100372920643e-01 2.098567712613810532e-01 1.686825722945345107e-01 8.810069758243126506e-03 1.934782370222711684e-02 0.000000000000000000e+00 7.559769357625319153e-03 0.000000000000000000e+00 0.000000000000000000e+00 6.849361977740463236e-02 0.000000000000000000e+00 1.293234061006142376e-02 3.059275783115454964e-02 0.000000000000000000e+00 5.115004510748969585e-02 1.388608806147600683e-01 2.429083374373898138e-02 5.540387645023597818e-02
1.154427257402368054e-02 1.324343462389072912e-01 0.000000000000000000e+00 2.032118581855968734e-02 4.464463937525373766e-02 1.216172529283921500e-01 1.389547102125717262e-02 7.404454587397258855e-03 2.734088391529407996e-02 0.000000000000000000e+00 0.000000000000000000e+00 1.671407975564893622e-01 1.573711386640336551e-01 0.000000000000000000e+00 0.000000000000000000e+00 3.317969598101798813e-04 3.596600856055062051e-02 1.554794583892495606e-02 1.555055944235906040e-01 8.893421153751554509e-02
0.000000000000000000e+00 0.000000000000000000e+00 7.679275590661086004e-02 1.934657037225870346e-02 4.844763721852620580e-02 6.915773071781803217e-04 0.000000000000000000e+00 4.502382328095700000e-03 0.000000000000000000e+00 0.000000000000000000e+00 0.000000000000000000e+00 3.918522127244766229e-01 0.000000000000000000e+00 6.412453009669084880e-02 0.000000000000000000e+00 0.000000000000000000e+00 0.000000000000000000e+00 1.193857394017122237e-01 1.378814167032058335e-01 1.369751779412447801e-01
