0.000000000000000000e+00 1.325352288016001800e-01 0.000000000000000000e+00 0.000000000000000000e+00 1.160530401717361909e-01 0.000000000000000000e+00 1.084425637992604136e-01 1.007954377333561830e-01 5.287239589592858391e-02 2.248381497351981811e-02 0.000000000000000000e+00 6.077003397094421673e-03 0.000000000000000000e+00 1.090330488400696914e-02 1.241659729876815575e-02 0.000000000000000000e+00 5.160255703182673598e-02 1.391166258068056161e-01 0.000000000000000000e+00 5.863104293796748273e-03 0.000000000000000000e+00 0.000000000000000000e+00 3.891208632825787078e-02 1.713654816830871563e-02 1.847896914157332038e-01
1.791153105897427128e-02 1.785511894267035682e-03 3.128223216353823166e-03 1.425504548679431271e-01 0.000000000000000000e+00 0.000000000000000000e+00 1.762793409873296760e-02 0.000000000000000000e+00 7.609223122212310786e-02 1.357581564277789699e-01 0.000000000000000000e+00 9.282566543564555253e-03 7.394150003961573632e-03 2.360646985443772689e-03 1.272862473357721236e-01 0.000000000000000000e+00 7.456239320969572371e-02 1.823956364818557843e-02 0.000000000000000000e+00 0.000000000000000000e+00 2.281906479977971209e-03 0.000000000000000000e+00 0.000000000000000000e+00 1.832218502901579726e-01 1.805166327170674712e-01
1.453990213523711703e-02 7.698495551604497833e-02 1.410903483970232242e-01 0.000000000000000000e+00 0.000000000000000000e+00 1.903631952164212956e-04 1.793493242427313117e-01 7.550762642066286001e-02 1.039170684794889742e-02 3.617136123112851473e-03 0.000000000000000000e+00 0.000000000000000000e+00 0.000000000000000000e+00 0.000000000000000000e+00 1.124404558630404671e-01 0.000000000000000000e+00 0.000000000000000000e+00 1.306199560076573007e-01 0.000000000000000000e+00 1.032336430523171922e-01 1.212035394270742292e-02 0.000000000000000000e+00 0.000000000000000000e+00 9.524186821208575904e-02 4.467236004421432094e-02
0.000000000000000000e+00 1.354126171780882792e-01 7.391753359242282662e-02 6.204556022447747614e-03 0.000000000000000000e+00 0.000000000000000000e+00 1.600937813565355416e-01 0.000000000000000000e+00 1.298314252124471435e-01 5.127460986937811688e-02 0.000000000000000000e+00 2.743290586744669135e-02 0.000000000000000000e+00 0.000000000000000000e+00 0.000000000000000000e+00 0.000000000000000000e+00 4.764543296345979256e-02 1.444472684077177105e-01 0.000000000000000000e+00 0.000000000000000000e+00 0.000000000000000000e+00 4.442381626419081991e-02 3.904914182319376066e-04 1.767264046831224511e-01 2.199157164511040836e-03
2.204460662167203114e-02 0.000000000000000000e+00 6.512018881179852670e-02 3.801379572425345535e-03 0.000000000000000000e+00 0.000000000000000000e+00 1.570071444726672122e-02 1.363927433165600112e-01 0.000000000000000000e+00 1.998541499696760981e-01 0.000000000000000000e+00 2.277218769826748479e-02 0.000000000000000000e+00 0.000000000000000000e+00 7.528999922391484134e-02 0.000000000000000000e+00 1.575742332702915471e-01 1.377747363894856435e-02 1.232177776818400503e-02 0.000000000000000000e+00 0.000000000000000000e+00 8.530385620599070795e-02 0.000000000000000000e+00 1.504303416283879480e-01 3.961634782661605653e-02
0.000000000000000000e+00 2.085792309584505455e-02 3.179303349891292318e-02 0.000000000000000000e+00 1.019375734945344725e-01 0.000000000000000000e+00 1.802351295082885163e-01 4.219196190920172784e-02 1.523210171587749927e-02 4.922686943411498997e-03 0.000000000000000000e+00 0.000000000000000000e+00 6.771763677899095453e-03 0.000000000000000000e+00 9.978519924749484904e-02 1.064591000367084150e-01 0.000000000000000000e+00 1.624790453506928245e-01 0.000000000000000000e+00 5.361151490941339776e-02 0.000000000000000000e+00 0.000000000000000000e+00 0.000000000000000000e+00 1.737229666117197369e-01 0.000000000000000000e+00
2.030607960860611114e-02 8.478030551611703824e-02 2.578658604806781385e-02 6.140066037757418299e-02 1.505640531890160005e-01 0.000000000000000000e+00 1.745449893186603874e-01 2.145534753198051758e-01 3.121902959491115043e-02 0.000000000000000000e+00 0.000000000000000000e+00 0.000000000000000000e+00 0.000000000000000000e+00 0.000000000000000000e+00 1.067472397176989218e-01 5.396067926570109752e-02 0.000000000000000000e+00 0.000000000000000000e+00 4.861284250785315869e-02 0.000000000000000000e+00 0.000000000000000000e+00 0.000000000000000000e+00 0.000000000000000000e+00 0.000000000000000000e+00 2.752405953598894769e-02
9.859794915539819848e-02 2.014464138752156130e-02 0.000000000000000000e+00 0.000000000000000000e+00 5.789248370407220484e-02 0.000000000000000000e+00 4.475518840608328636e-02 1.070702170089557342e-01 3.440440431605215621e-02 1.304408404016082872e-02 0.000000000000000000e+00 2.837205921181523705e-02 0.000000000000000000e+00 0.000000000000000000e+00 9.101837386749847547e-02 0.000000000000000000e+00 1.322631423966321718e-01 2.009886284018967337e-02 0.000000000000000000e+00 0.000000000000000000e+00 0.000000000000000000e+00 1.430889395392845598e-01 2.736145012030655535e-02 1.770363267833457432e-01 4.851877222683625111e-03
0.000000000000000000e+00 8.980036463319530579e-03 1.328683753555005287e-01 0.000000000000000000e+00 4.419711978823281928e-02 0.000000000000000000e+00 6.462572311602091113e-03 1.440008968277374235e-01 8.256911903120084384e-02 0.000000000000000000e+00 0.000000000000000000e+00 2.631065275231900605e-02 0.000000000000000000e+00 0.000000000000000000e+00 3.748860203456839957e-02 0.000000000000000000e+00 1.568105606964595167e-01 1.171760028745964938e-01 0.000000000000000000e+00 0.000000000000000000e+00 0.000000000000000000e+00 1.118748919142371900e-01 4.848125206251887968e-03 1.264130447439741900e-01 0.000000000000000000e+00
0.000000000000000000e+00 0.000000000000000000e+00 6.014742292403980894e-02 4.588254366887544594e-03 0.000000000000000000e+00 0.000000000000000000e+00 1.605410051874954780e-01 9.108919089849788764e-02 1.349535443924463063e-01 2.325905928962455904e-02 0.000000000000000000e+00 6.110301755266384777e-02 4.189568905644315902e-03 0.000000000000000000e+00 1.428604569773973300e-02 8.746988943862671340e-02 0.000000000000000000e+00 7.725736774952193971e-03 0.000000000000000000e+00 0.000000000000000000e+00 0.000000000000000000e+00 0.000000000000000000e+00 1.672542781320207617e-01 4.785088622995278124e-02 1.355421002094079896e-01
0.000000000000000000e+00 4.058766121342655825e-02 1.513998592417532540e-01 0.000000000000000000e+00 2.518123586161934158e-02 0.000000000000000000e+00 1.154909031247760981e-01 2.126450287218233648e-01 0.000000000000000000e+00 1.897912775839940419e-02 0.000000000000000000e+00 1.253881045950955564e-01 0.000000000000000000e+00 0.000000000000000000e+00 1.354693421393354524e-01 0.000000000000000000e+00 5.155949625892723709e-02 0.000000000000000000e+00 3.806771053820006551e-02 0.000000000000000000e+00 0.000000000000000000e+00 5.392825092235704193e-02 2.806021508877653073e-02 0.000000000000000000e+00 3.243064535510091495e-03
0.000000000000000000e+00 2.182334037283548828e-02 1.142901796739527326e-01 0.000000000000000000e+00 1.410961141774414174e-01 0.000000000000000000e+00 1.276697999424186991e-01 1.697624471397327361e-01 2.398972058549785069e-02 9.342647440867460741e-04 0.000000000000000000e+00 0.000000000000000000e+00 0.000000000000000000e+00 0.000000000000000000e+00 0.000000000000000000e+00 0.000000000000000000e+00 1.952785932529674529e-01 0.000000000000000000e+00 1.320147797497232822e-01 1.776627963578540637e-02 0.000000000000000000e+00 0.000000000000000000e+00 0.000000000000000000e+00 0.000000000000000000e+00 5.537448072555819362e-02
0.000000000000000000e+00 2.713304537447826237e-02 1.558366460108424612e-01 8.369070055153199003e-03 1.211177579320856651e-02 2.400883871332477881e-03 2.021793357977305639e-01 1.121822167115139740e-01 0.000000000000000000e+00 5.935652814324110342e-03 0.000000000000000000e+00 0.000000000000000000e+00 1.249630524988306207e-01 0.000000000000000000e+00 5.252640321070113638e-02 0.000000000000000000e+00 1.463597543043199979e-02 1.457164690423153226e-02 1.143071183052248585e-01 6.110765432253061069e-02 0.000000000000000000e+00 0.000000000000000000e+00 0.000000000000000000e+00 1.038451419562570407e-02 8.135500870384000660e-02
5.150349333805745444e-02 1.178743293521107745e-02 0.000000000000000000e+00 0.000000000000000000e+00 1.983459209189065153e-01 0.000000000000000000e+00 2.477038242021791480e-03 0.000000000000000000e+00 1.350226817862812357e-03 1.334792602718170851e-01 0.000000000000000000e+00 3.773507864241902598e-02 0.000000000000000000e+00 0.000000000000000000e+00 9.956222291322114337e-02 0.000000000000000000e+00 0.000000000000000000e+00 1.640693784549312473e-01 6.049929401353380809e-02 0.000000000000000000e+00 8.701903728394326173e-03 5.489764019880866847e-02 1.750926670763943609e-03 0.000000000000000000e+00 1.738401828540510341e-01
1.456023866907908172e-02 1.300473382927840038e-01 0.000000000000000000e+00 3.400288821461549399e-03 6.397641157602983186e-02 0.000000000000000000e+00 7.291008332547453674e-02 5.445109587535652135e-02 0.000000000000000000e+00 1.598524559141749901e-01 0.000000000000000000e+00 3.689167618104653972e-03 0.000000000000000000e+00 0.000000000000000000e+00 6.613199316530268823e-02 2.384549407024948511e-02 1.429484168742891914e-01 0.000000000000000000e+00 6.803075444652402493e-02 0.000000000000000000e+00 0.000000000000000000e+00 7.531364533455264798e-02 1.106311040843756949e-01 0.000000000000000000e+00 1.021151193224109112e-02
0.000000000000000000e+00 1.244024491665699818e-02 6.586808051452982919e-03 0.000000000000000000e+00 5.651224156725173642e-02 0.000000000000000000e+00 1.970463747385446107e-01 1.575760688966114098e-01 2.847216846323974773e-02 0.000000000000000000e+00 0.000000000000000000e+00 1.739635662929871485e-01 0.000000000000000000e+00 0.000000000000000000e+00 0.000000000000000000e+00 0.000000000000000000e+00 7.127217073302589967e-02 0.000000000000000000e+00 0.000000000000000000e+00 0.000000000000000000e+00 0.000000000000000000e+00 1.311946812007658003e-01 0.000000000000000000e+00 1.649356751394637499e-01 0.000000000000000000e+00
1.055338227468215033e-02 3.505945830489356433e-03 1.317871235266482588e-01 0.000000000000000000e+00 6.878234713085014385e-02 3.502126493199050894e-02 0.000000000000000000e+00 4.441137494617644101e-03 1.055444010767469798e-01 1.396910307538073714e-01 0.000000000000000000e+00 0.000000000000000000e+00 0.000000000000000000e+00 0.000000000000000000e+00 1.291013232533856081e-01 0.000000000000000000e+00 1.761264684859958352e-01 2.573779224573807117e-02 1.200806860045277868e-01 7.548304755107514315e-03 7.006625428897821604e-03 1.996463982251961075e-02 0.000000000000000000e+00 0.000000000000000000e+00 1.510752698399550793e-02
0.000000000000000000e+00 8.932530716141744154e-02 7.765643650915719787e-02 0.000000000000000000e+00 4.007636472937953220e-02 8.721839953015456809e-03 9.999457022371024961e-02 1.354130894386657569e-01 6.210781281022201457e-03 1.132019240425725590e-02 0.000000000000000000e+00 6.585725816858700732e-02 0.000000000000000000e+00 0.000000000000000000e+00 5.350417709764086760e-02 0.000000000000000000e+00 7.187191625807348326e-04 0.000000000000000000e+00 1.419578601184575406e-01 5.525093812475521775e-03 3.733606039380439005e-03 1.809211850160581392e-01 3.203283681087838730e-02 0.000000000000000000e+00 4.703068207331630168e-02
0.000000000000000000e+00 4.747278652903354386e-03 0.000000000000000000e+00 0.000000000000000000e+00 4.711949314905622410e-02 0.000000000000000000e+00 2.001228256473975009e-01 8.071408807027699583e-02 0.000000000000000000e+00 1.031678774949527921e-01 0.000000000000000000e+00 5.292240909747279037e-02 0.000000000000000000e+00 2.411368105675906932e-03 1.305873441966547976e-01 0.000000000000000000e+00 0.000000000000000000e+00 1.246034521005541518e-01 0.000000000000000000e+00 1.605844121085842416e-02 0.000000000000000000e+00 1.850131973617971648e-04 0.000000000000000000e+00 6.918391163994611071e-02 1.681764974368891996e-01
0.000000000000000000e+00 0.000000000000000000e+00 2.421583945990129216e-01 0.000000000000000000e+00 1.312354815208537639e-01 0.000000000000000000e+00 3.418612321620748823e-03 2.549204357453777742e-02 3.823952032769265680e-02 1.922809906615384479e-01 0.000000000000000000e+00 1.518302007807298126e-01 0.000000000000000000e+00 0.000000000000000000e+00 0.000000000000000000e+00 0.000000000000000000e+00 0.000000000000000000e+00 1.960612431892256799e-02 0.000000000000000000e+00 3.640984312397989742e-03 6.611032813513152001e-03 0.000000000000000000e+00 0.000000000000000000e+00 5.121301813421534968e-03 1.803653129557586388e-01
0.000000000000000000e+00 4.102733826878190819e-03 0.000000000000000000e+00 0.000000000000000000e+00 1.304867032813368521e-01 0.000000000000000000e+00 7.594089492162316157e-02 1.401084848638770308e-01 0.000000000000000000e+00 1.160102329807159299e-01 6.787407513301501640e-03 8.483823732717805932e-02 5.877173207667115568e-04 1.648479916955138992e-03 3.581242443538856790e-02 0.000000000000000000e+00 1.610256287226047578e-01 1.848368192576176419e-02 1.550198471874870802e-02 2.336422813594038819e-03 0.000000000000000000e+00 1.180366803637138279e-01 1.411428855823849624e-02 0.000000000000000000e+00 7.417799650931725108e-02
0.000000000000000000e+00 0.000000000000000000e+00 9.127410494153430365e-02 1.478405312730895760e-01 2.450706897572008883e-03 0.000000000000000000e+00 1.300503427687355398e-02 1.430053988018356037e-01 8.803440965166510479e-02 5.948054210715122969e-02 0.000000000000000000e+00 0.000000000000000000e+00 1.743021828354238156e-04 1.724347504442726728e-03 7.732131547995829690e-02 0.000000000000000000e+00 8.283661636653035084e-04 8.599304997340739831e-02 0.000000000000000000e+00 0.000000000000000000e+00 0.000000000000000000e+00 2.563213344885052064e-02 1.187740483360358095e-03 1.048336373913682229e-01 1.572143794223904156e-01
5.507412158103719077e-03 4.270279638159287655e-03 1.706580451730694281e-01 0.000000000000000000e+00 0.000000000000000000e+00 0.000000000000000000e+00 1.738874728272870596e-01 4.615805516342599141e-02 2.573598615176671614e-02 1.316614277195502902e-03 0.000000000000000000e+00 3.637073454569040437e-02 0.000000000000000000e+00 3.059216702914073840e-02 1.212607392935074468e-01 0.000000000000000000e+00 0.000000000000000000e+00 0.000000000000000000e+00 1.484179541939174840e-01 1.347591911793829004e-03 1.402268706827292377e-01 9.425007695421307174e-02 0.000000000000000000e+00 0.000000000000000000e+00 0.000000000000000000e+00
8.729251296143152039e-02 5.445210550549833828e-03 0.000000000000000000e+00 0.000000000000000000e+00 2.426386938624067180e-01 0.000000000000000000e+00 5.147356870028572257e-02 1.638238266923301018e-02 1.352678848961783552e-02 0.000000000000000000e+00 0.000000000000000000e+00 1.358663030324099019e-02 0.000000000000000000e+00 0.000000000000000000e+00 0.000000000000000000e+00 0.000000000000000000e+00 1.920639448388898884e-01 1.364555112012618421e-01 1.545217789508239459e-01 1.927729712148676822e-03 0.000000000000000000e+00 1.165539050436427936e-02 0.000000000000000000e+00 5.437878015181535352e-02 1.865107710393031776e-02
0.000000000000000000e+00 2.462654204470373677e-03 0.000000000000000000e+00 2.090621547503207500e-02 0.000000000000000000e+00 0.000000000000000000e+00 0.000000000000000000e+00 0.000000000000000000e+00 4.136291601588550082e-02 1.516614543980320529e-01 0.000000000000000000e+00 0.000000000000000000e+00 0.000000000000000000e+00 1.718990781519848991e-05 2.465268232012980121e-01 8.452133415287590990e-02 1.676972128247372351e-01 5.037043701368679877e-02 1.704576845080322048e-02 2.815705336370921685e-02 0.000000000000000000e+00 0.000000000000000000e+00 3.505455470040489373e-03 0.000000000000000000e+00 1.857654855216139544e-01
3.674298162640138223e-03 8.049208759008214323e-03 4.329107317655220277e-02 0.000000000000000000e+00 0.000000000000000000e+00 7.279798129036475600e-03 1.513888251092025405e-01 0.000000000000000000e+00 1.120797038196442519e-03 4.600310195738996875e-03 0.000000000000000000e+00 5.121926164468900561e-02 3.905027408609156644e-03 0.000000000000000000e+00 2.114019848132544788e-01 3.681389137916517285e-02 0.000000000000000000e+00 1.010109327143781655e-01 9.996445609326633924e-03 0.000000000000000000e+00 0.000000000000000000e+00 3.989406985076492627e-03 1.640432032487929570e-01 5.552621156884422760e-02 1.426893240574887423e-01
0.000000000000000000e+00 2.558087201458410405e-03 5.615280295376885548e-03 2.920855780160192330e-02 8.361308428498168827e-03 0.000000000000000000e+00 1.935234150875638492e-01 1.442577997462557160e-01 5.252083782970178721e-02 1.322906527839096957e-01 0.000000000000000000e+00 3.852480331922920713e-03 0.000000000000000000e+00 0.000000000000000000e+00 5.617935473199866386e-02 0.000000000000000000e+00 0.000000000000000000e+00 0.000000000000000000e+00 0.000000000000000000e+00 4.560529707867063375e-03 0.000000000000000000e+00 1.098510281693998447e-01 9.595139022843271470e-03 2.162054156143723427e-01 3.142011324722968763e-02
7.492769547829275512e-02 0.000000000000000000e+00 1.384052436567479727e-01 4.628602703076728671e-03 8.394995447168733527e-02 0.000000000000000000e+00 1.698773581189196025e-01 4.434433991907951039e-02 6.615926640931298064e-02 0.000000000000000000e+00 0.000000000000000000e+00 3.444420351200742914e-02 1.272350573382276771e-02 0.000000000000000000e+00 0.000000000000000000e+00 0.000000000000000000e+00 4.897646185772433318e-03 0.000000000000000000e+00 1.333848080714956641e-01 0.000000000000000000e+00 0.000000000000000000e+00 0.000000000000000000e+00 1.730145745817915082e-01 3.833326578705901350e-02 2.090953537093425199e-02
0.000000000000000000e+00 0.000000000000000000e+00 0.000000000000000000e+00 0.000000000000000000e+00 1.769096753586620052e-01 4.922935307801341517e-03 4.842579892576274331e-02 1.415040078192990602e-01 1.259836064823920687e-01 0.000000000000000000e+00 0.000000000000000000e+00 6.902163751489543558e-03 0.000000000000000000e+00 0.000000000000000000e+00 9.542860035251521378e-02 0.000000000000000000e+00 5.431073697488531665e-02 0.000000000000000000e+00 0.000000000000000000e+00 0.000000000000000000e+00 9.492155609611166445e-02 7.582076360848195862e-02 0.000000000000000000e+00 1.748701553225990302e-01 0.000000000000000000e+00
0.000000000000000000e+00 0.000000000000000000e+00 0.000000000000000000e+00 0.000000000000000000e+00 1.671568875461629800e-01 7.696206795783078029e-03 2.865827417314463499e-02 0.000000000000000000e+00 2.278424659938568797e-02 1.936400774485317333e-01 0.000000000000000000e+00 2.122710285896144133e-01 0.000000000000000000e+00 0.000000000000000000e+00 5.788987522203627341e-03 0.000000000000000000e+00 7.909381847400102916e-02 0.000000000000000000e+00 0.000000000000000000e+00 0.000000000000000000e+00 0.000000000000000000e+00 3.337259743047036632e-03 0.000000000000000000e+00 2.551372358867513013e-01 2.443597722137451009e-02
9.758579468361860965e-02 9.587724539760353326e-03 0.000000000000000000e+00 2.116000009782885265e-03 0.000000000000000000e+00 1.580393015581194396e-02 0.000000000000000000e+00 0.000000000000000000e+00 1.359020365008809794e-01 1.341949081719936709e-01 0.000000000000000000e+00 9.230819626006059320e-02 0.000000000000000000e+00 7.420259458034646032e-03 3.989211305291403414e-02 8.776312288125608096e-02 1.906639963483414135e-02 4.316222785950946106e-02 1.409841558844225906e-01 0.000000000000000000e+00 0.000000000000000000e+00 2.395148723885631367e-02 1.502616436682637502e-01 0.000000000000000000e+00 0.000000000000000000e+00
1.194141401856908119e-03 0.000000000000000000e+00 1.045825928131850768e-01 0.000000000000000000e+00 1.599775308271216001e-02 3.905799994645387657e-02 2.611981034541466795e-01 5.716804786056702177e-03 1.005439363597429234e-02 1.159813487642364499e-02 0.000000000000000000e+00 0.000000000000000000e+00 0.000000000000000000e+00 0.000000000000000000e+00 0.000000000000000000e+00 9.431293666483030191e-02 0.000000000000000000e+00 0.000000000000000000e+00 7.486326515148444827e-02 4.495960844407504223e-03 0.000000000000000000e+00 2.788684896627825066e-02 1.552336799462911976e-01 2.915445459845116341e-02 1.646529298314478029e-01
0.000000000000000000e+00 0.000000000000000000e+00 0.000000000000000000e+00 1.649399530924319096e-02 0.000000000000000000e+00 3.385218404690701257e-03 2.663441729334039554e-01 1.345993450771436062e-01 3.134046764200826285e-02 0.000000000000000000e+00 0.000000000000000000e+00 1.775184963076387526e-02 0.000000000000000000e+00 0.000000000000000000e+00 5.271724847682874443e-02 6.212267203742611460e-02 2.442979082549615391e-02 0.000000000000000000e+00 1.729610592173955463e-01 9.321877146490225446e-03 0.000000000000000000e+00 0.000000000000000000e+00 0.000000000000000000e+00 3.604909375100413815e-02 1.724832095481054206e-01
1.182058853003705445e-01 0.000000000000000000e+00 0.000000000000000000e+00 0.000000000000000000e+00 2.929598920856461564e-01 0.000000000000000000e+00 3.337407697972602505e-02 1.148659426916923965e-01 0.000000000000000000e+00 1.631343332169301885e-01 0.000000000000000000e+00 0.000000000000000000e+00 0.000000000000000000e+00 0.000000000000000000e+00 0.000000000000000000e+00 0.000000000000000000e+00 0.000000000000000000e+00 0.000000000000000000e+00 1.236941241314321559e-02 2.864562488947377389e-02 0.000000000000000000e+00 2.428619344974489863e-02 0.000000000000000000e+00 2.121586389732727784e-01 0.000000000000000000e+00
1.122829484370335279e-01 8.922951157012548942e-03 2.561886492612064706e-02 0.000000000000000000e+00 7.843769015741580350e-03 0.000000000000000000e+00 1.468402588252794849e-01 6.181571299414229809e-03 7.531684255966286656e-03 1.147687749669651786e-01 0.000000000000000000e+00 5.710076493431898853e-02 1.773008181476327591e-02 0.000000000000000000e+00 1.064607101950681561e-01 0.000000000000000000e+00 0.000000000000000000e+00 0.000000000000000000e+00 0.000000000000000000e+00 0.000000000000000000e+00 0.000000000000000000e+00 0.000000000000000000e+00 5.137344242821908352e-02 1.607484750397560891e-01 1.765957027043410232e-01
6.177235758035733680e-03 1.048208211910725274e-01 1.153614435352621342e-01 1.389949071706497175e-01 3.060512417238899982e-02 0.000000000000000000e+00 3.307273983339602957e-02 2.723656088056395502e-02 5.370931726417902535e-02 1.197195752188994211e-01 8.642688256409025022e-03 1.616227808196349369e-02 6.221465857704762490e-04 0.000000000000000000e+00 1.197491234913378583e-01 2.041447077279309047e-02 0.000000000000000000e+00 0.000000000000000000e+00 9.363172325453243683e-03 0.000000000000000000e+00 0.000000000000000000e+00 3.123402237172927948e-02 0.000000000000000000e+00 1.785675950571394277e-02 1.462576135843819958e-01
0.000000000000000000e+00 0.000000000000000000e+00 0.000000000000000000e+00 1.370229516668268477e-01 0.000000000000000000e+00 0.000000000000000000e+00 4.421993716778386575e-03 2.142201541269261600e-01 0.000000000000000000e+00 0.000000000000000000e+00 0.000000000000000000e+00 2.531257692957734895e-02 0.000000000000000000e+00 0.000000000000000000e+00 8.230203285739261243e-02 0.000000000000000000e+00 7.439301606368793618e-02 0.000000000000000000e+00 0.000000000000000000e+00 0.000000000000000000e+00 0.000000000000000000e+00 1.412506880993137648e-02 5.363317376082810811e-02 2.170361681329801007e-01 1.775328639350711724e-01
2.051827783844290334e-02 0.000000000000000000e+00 1.129303079292668793e-01 1.097263656670181969e-01 0.000000000000000000e+00 9.304148435663486772e-04 5.549430040446622992e-04 5.018663705915535345e-02 2.573135347241673268e-02 1.634404341670269711e-01 0.000000000000000000e+00 6.390220787907716082e-02 0.000000000000000000e+00 0.000000000000000000e+00 3.126935085369434136e-03 0.000000000000000000e+00 0.000000000000000000e+00 1.094186046273781382e-01 1.625183600582423282e-01 6.955448695623405592e-03 0.000000000000000000e+00 0.000000000000000000e+00 1.453515976852579137e-03 0.000000000000000000e+00 1.686061936965189412e-01
3.498893383210492734e-03 0.000000000000000000e+00 1.194806507766732195e-01 0.000000000000000000e+00 6.584692482011668922e-03 0.000000000000000000e+00 0.000000000000000000e+00 0.000000000000000000e+00 1.550646077048187937e-02 7.578586275282361839e-02 0.000000000000000000e+00 1.959876561704049225e-01 0.000000000000000000e+00 0.000000000000000000e+00 1.036677346037519903e-01 0.000000000000000000e+00 0.000000000000000000e+00 1.727976067190424223e-02 9.040202999682566548e-03 0.000000000000000000e+00 9.834075270641581823e-02 0.000000000000000000e+00 5.642145016827154573e-03 1.829321120394399314e-01 1.662530756263723986e-01
7.779202594940767823e-02 0.000000000000000000e+00 0.000000000000000000e+00 2.151549286847032061e-02 2.518638019664530547e-02 1.111941084860610524e-02 3.978752544160801818e-03 7.831636906322667069e-02 3.593650825111236596e-02 1.482363200780481005e-01 0.000000000000000000e+00 7.878790047816273956e-02 0.000000000000000000e+00 0.000000000000000000e+00 0.000000000000000000e+00 0.000000000000000000e+00 0.000000000000000000e+00 2.389190421347352905e-02 1.250409887153072219e-01 0.000000000000000000e+00 1.027479672299827229e-01 7.331188765465081192e-02 1.335310041670562803e-02 6.458598110668281600e-02 1.161990103853572376e-01
9.322367802975184414e-02 1.615287120432231868e-03 2.194052834560670726e-02 0.000000000000000000e+00 1.162484447339337951e-01 0.000000000000000000e+00 1.503063930907674872e-01 0.000000000000000000e+00 0.000000000000000000e+00 1.958129582645443470e-02 0.000000000000000000e+00 3.967389151023257426e-02 3.196782815438405090e-02 0.000000000000000000e+00 2.306590944375103425e-01 1.158888224473978920e-02 5.499280719681125945e-03 7.078920430817037257e-02 2.394393616398911295e-02 6.091269290444917099e-03 0.000000000000000000e+00 0.000000000000000000e+00 3.487878641437316702e-03 0.000000000000000000e+00 1.733831073824638469e-01
7.058508980095455111e-03 0.000000000000000000e+00 0.000000000000000000e+00 0.000000000000000000e+00 0.000000000000000000e+00 0.000000000000000000e+00 9.013002026402312794e-02 1.265730635567824391e-01 8.943246578461817864e-02 3.385357049096306831e-02 0.000000000000000000e+00 1.353273157178394304e-01 1.250745118477872009e-01 0.000000000000000000e+00 8.494666725855411216e-02 0.000000000000000000e+00 7.003570546384633999e-02 0.000000000000000000e+00 2.536448751578772656e-02 0.000000000000000000e+00 3.949194910103779460e-02 0.000000000000000000e+00 0.000000000000000000e+00 1.727117340186651584e-01 0.000000000000000000e+00
3.399983049115887224e-02 0.000000000000000000e+00 0.000000000000000000e+00 0.000000000000000000e+00 0.000000000000000000e+00 0.000000000000000000e+00 1.660794837470608576e-01 0.000000000000000000e+00 1.471749574930978077e-01 5.718320546355295381e-02 0.000000000000000000e+00 8.711181416774325947e-02 0.000000000000000000e+00 0.000000000000000000e+00 0.000000000000000000e+00 0.000000000000000000e+00 0.000000000000000000e+00 9.588838617882362858e-02 0.000000000000000000e+00 0.000000000000000000e+00 1.480041491352476410e-02 0.000000000000000000e+00 2.053667113903280550e-01 1.923951961547098743e-01 0.000000000000000000e+00
8.930241903615186716e-02 8.031666458927011476e-02 1.981963948780210774e-02 0.000000000000000000e+00 1.256339619849239884e-02 0.000000000000000000e+00 2.026825002192439093e-02 2.228137760633490914e-03 2.727111659838068677e-02 1.986184192191320017e-02 0.000000000000000000e+00 8.027888577626642042e-02 8.769015562076827586e-03 0.000000000000000000e+00 0.000000000000000000e+00 0.000000000000000000e+00 1.890965307583779287e-01 1.603767601064855497e-01 1.047591380978452336e-01 0.000000000000000000e+00 0.000000000000000000e+00 0.000000000000000000e+00 0.000000000000000000e+00 7.550809317247254848e-03 1.775373947671325114e-01
8.845543411803059863e-02 0.000000000000000000e+00 0.000000000000000000e+00 5.785451039806618553e-03 1.338825723036333182e-01 0.000000000000000000e+00 4.535368526727441563e-02 2.997399173825311767e-03 2.560978974938693791e-03 0.000000000000000000e+00 0.000000000000000000e+00 0.000000000000000000e+00 0.000000000000000000e+00 0.000000000000000000e+00 0.000000000000000000e+00 8.550478668880007183e-02 1.378011108922227723e-01 5.286338727925042613e-02 1.762932626893835009e-01 1.086142888472508596e-02 0.000000000000000000e+00 0.000000000000000000e+00 2.614185061162426979e-02 1.435036943255404707e-01 8.799495775094430539e-02
3.238250976271555420e-02 9.297244329790404702e-03 2.450775687034847591e-02 4.142314630829258687e-02 9.687009210562289030e-02 0.000000000000000000e+00 2.561756904131011134e-02 1.457385297299930993e-01 0.000000000000000000e+00 1.178720726288812713e-02 0.000000000000000000e+00 1.155693011579458224e-01 0.000000000000000000e+00 0.000000000000000000e+00 5.527922378458967508e-03 0.000000000000000000e+00 0.000000000000000000e+00 9.292991018257140690e-02 4.648395010920326059e-02 0.000000000000000000e+00 0.000000000000000000e+00 0.000000000000000000e+00 0.000000000000000000e+00 2.231899131309517392e-01 1.286749476299074990e-01
0.000000000000000000e+00 1.136741144419195909e-01 0.000000000000000000e+00 1.663551402395520296e-02 0.000000000000000000e+00 1.342453258015948933e-02 1.576187790908943898e-01 1.924747684386233504e-01 3.363897513036086945e-02 1.148655199749066408e-02 0.000000000000000000e+00 0.000000000000000000e+00 0.000000000000000000e+00 0.000000000000000000e+00 5.642906886824963775e-02 0.000000000000000000e+00 2.787418293933259864e-02 9.684758762103025387e-02 6.308681099703387918e-02 3.966486190511166882e-02 0.000000000000000000e+00 1.086034626206065085e-02 1.018696060216950361e-02 0.000000000000000000e+00 1.560969451016083476e-01
0.000000000000000000e+00 1.878532774721875659e-02 5.715235721873662689e-02 0.000000000000000000e+00 1.048869353930043796e-02 8.311471646425571888e-03 2.355444769001708016e-01 1.715307428876145790e-01 2.946472111474320033e-02 0.000000000000000000e+00 0.000000000000000000e+00 0.000000000000000000e+00 0.000000000000000000e+00 0.000000000000000000e+00 3.785102094355078522e-02 0.000000000000000000e+00 0.000000000000000000e+00 1.005696547908339900e-01 0.000000000000000000e+00 2.705069174797812559e-02 0.000000000000000000e+00 4.064839997477273648e-02 1.845401604595956618e-04 1.093542894769615470e-01 1.530636118512332666e-01
8.316799665694490917e-02 3.670064121756699133e-02 1.336982265359950295e-01 0.000000000000000000e+00 0.000000000000000000e+00 0.000000000000000000e+00 6.445973750420888604e-02 0.000000000000000000e+00 1.759666926438953338e-02 1.897528146425090378e-01 0.000000000000000000e+00 1.733397076149807148e-01 0.000000000000000000e+00 0.000000000000000000e+00 5.702234065591748648e-03 1.943246757580776099e-02 1.375264830257648179e-03 2.875619587023685655e-02 1.214281227713557010e-01 5.204278263969312063e-02 0.000000000000000000e+00 0.000000000000000000e+00 0.000000000000000000e+00 1.175078146249458090e-02 6.079635734796737939e-02
2.682379026399886457e-02 0.000000000000000000e+00 0.000000000000000000e+00 0.000000000000000000e+00 6.228286629055537239e-03 2.081518306147173841e-02 2.815352626578682127e-01 4.374842246143343868e-03 1.439425643000392108e-01 0.000000000000000000e+00 8.403595479089078987e-03 0.000000000000000000e+00 3.676159330397196084e-02 0.000000000000000000e+00 1.229783373537573915e-01 0.000000000000000000e+00 1.105497002008883067e-02 0.000000000000000000e+00 1.675253181492467880e-01 1.283913710409781807e-03 8.899264194632326708e-02 6.976710204872753340e-02 0.000000000000000000e+00 9.512598829808444761e-03 0.000000000000000000e+00
