0.000000000000000000e+00 1.059281982342933498e-01 0.000000000000000000e+00 1.240686152777969176e-01 1.244977061178455940e-02 9.907693177829594855e-02 1.508512985055191456e-02 0.000000000000000000e+00 0.000000000000000000e+00 0.000000000000000000e+00 0.000000000000000000e+00 5.855463093352272948e-03 0.000000000000000000e+00 0.000000000000000000e+00 5.132995960461635143e-02 1.748264107874656151e-02 1.002263206417369351e-01 1.350345485189145267e-01 1.806032469810008312e-01 1.528591743289097749e-01
2.268870791386513180e-02 0.000000000000000000e+00 1.233080183896748533e-01 1.870623900955588892e-01 3.990902946158417924e-02 1.973690166825786130e-01 0.000000000000000000e+00 1.663907322037854464e-01 0.000000000000000000e+00 0.000000000000000000e+00 0.000000000000000000e+00 0.000000000000000000e+00 0.000000000000000000e+00 2.620650153749279690e-02 0.000000000000000000e+00 0.000000000000000000e+00 0.000000000000000000e+00 4.650243459847237804e-02 3.636762162056652453e-02 1.541955474964210315e-01
0.000000000000000000e+00 1.491373105084601303e-01 5.818394706303757491e-02 1.018692975090966513e-01 0.000000000000000000e+00 1.378816762769966182e-02 1.045547976786881245e-01 1.726516297692146928e-01 1.389446021206229287e-01 0.000000000000000000e+00 0.000000000000000000e+00 0.000000000000000000e+00 0.000000000000000000e+00 1.308809831041123084e-02 3.721015945342084907e-02 0.000000000000000000e+00 0.000000000000000000e+00 1.989711765964417237e-03 2.868591717016117509e-02 1.798963610232226784e-01
1.588962109973283965e-01 1.152547791567629376e-01 0.000000000000000000e+00 8.011924478260643023e-03 0.000000000000000000e+00 0.000000000000000000e+00 1.033113490301056508e-01 1.438202902830331515e-03 3.211006771817145888e-02 0.000000000000000000e+00 0.000000000000000000e+00 8.628805192885334596e-02 2.013168680118402332e-01 1.239677641606573393e-02 0.000000000000000000e+00 3.636727580479370142e-02 6.240426964875684518e-02 2.421184999517596672e-04 1.793516744047467248e-01 2.610431001532279808e-03
0.000000000000000000e+00 6.070626942081228106e-02 0.000000000000000000e+00 2.538453885643481359e-02 1.701921187453284134e-01 2.474638546329047811e-02 0.000000000000000000e+00 3.754500755482093055e-02 0.000000000000000000e+00 1.941704834799050025e-04 0.000000000000000000e+00 7.948471923838991426e-02 0.000000000000000000e+00 2.261133231230116891e-01 0.000000000000000000e+00 9.427804105221104097e-03 0.000000000000000000e+00 4.142082899724902623e-02 1.596188728866713147e-01 1.651659611252901116e-01
0.000000000000000000e+00 1.887379924539712150e-01 0.000000000000000000e+00 1.125589976397282366e-01 0.000000000000000000e+00 9.799397771818236548e-04 0.000000000000000000e+00 1.362887585937277435e-01 1.250744004363483486e-01 0.000000000000000000e+00 0.000000000000000000e+00 6.038152776659588133e-02 1.578462209514707171e-01 0.000000000000000000e+00 8.275214259328322192e-03 1.222614785773768614e-01 4.437247272420099392e-02 1.689621309905586441e-02 2.048597187346829288e-02 5.840811847545658228e-03
1.164609588753724029e-02 1.097332258970869501e-01 0.000000000000000000e+00 8.120055009491443376e-02 1.365055627588195042e-02 2.222398275568023551e-01 0.000000000000000000e+00 1.120222247350991657e-01 4.634839212119230833e-02 0.000000000000000000e+00 0.000000000000000000e+00 0.000000000000000000e+00 1.552213539479481950e-02 7.267496507716886267e-02 5.590811298486375591e-03 4.491798131754107942e-02 1.312340474523679412e-01 0.000000000000000000e+00 1.332191868911266064e-01 0.000000000000000000e+00
8.392666384161225415e-03 0.000000000000000000e+00 0.000000000000000000e+00 1.497644115127961736e-02 6.238590649034351371e-02 1.390917691566552761e-01 1.252303908554254497e-01 2.005009095876778835e-01 0.000000000000000000e+00 0.000000000000000000e+00 1.696870701622956931e-02 2.851049800558810160e-02 6.401293134467013479e-02 6.188131036633671977e-02 0.000000000000000000e+00 1.086344660418401553e-01 0.000000000000000000e+00 0.000000000000000000e+00 1.660386693044576256e-01 3.375334295334687061e-03
0.000000000000000000e+00 1.533926650238152112e-01 0.000000000000000000e+00 2.101891832642380220e-01 1.671569626740441739e-01 1.633862663637054846e-01 3.114640642934342341e-02 0.000000000000000000e+00 2.158696553997481015e-03 1.009103485467655048e-01 0.000000000000000000e+00 0.000000000000000000e+00 0.000000000000000000e+00 0.000000000000000000e+00 0.000000000000000000e+00 1.121357932441042690e-04 1.295879586080959101e-01 0.000000000000000000e+00 1.929011556963849613e-02 2.266926117311206593e-02
9.945036221466228149e-03 1.306750459946780518e-01 8.967695343209457215e-02 9.300952856366247190e-02 1.474312567706469457e-01 4.069005204232718775e-02 2.432037552061760630e-02 2.662567516116056549e-02 7.981756928040910359e-02 8.930909704415864944e-03 0.000000000000000000e+00 1.243813790075627979e-01 0.000000000000000000e+00 4.798904567320742831e-02 1.429944762562849470e-01 2.487496043130112827e-02 0.000000000000000000e+00 0.000000000000000000e+00 0.000000000000000000e+00 8.637735940165123388e-03
2.211490985837166398e-02 9.611451187686205141e-03 0.000000000000000000e+00 1.503307431683430506e-01 7.469591912392174737e-02 1.305642456179594013e-01 2.970070206737804655e-02 2.257399775449764334e-02 1.104684487076417441e-02 0.000000000000000000e+00 0.000000000000000000e+00 3.975566398195902462e-02 2.016160382682533336e-01 1.535886393245294683e-02 1.595521351181347358e-01 0.000000000000000000e+00 1.595500702745056721e-03 1.314829843475329441e-01 0.000000000000000000e+00 0.000000000000000000e+00
0.000000000000000000e+00 1.309783576231561553e-01 8.364002144943824893e-03 3.941017253834251145e-03 0.000000000000000000e+00 4.383877649978617369e-02 2.546610871263158341e-02 7.363716535795500340e-02 4.629416689919645111e-02 1.913742845074214993e-02 1.113364685744682413e-02 1.983813766742709706e-01 1.367483931313327739e-01 7.976919395117026620e-03 0.000000000000000000e+00 0.000000000000000000e+00 3.619159861862542016e-02 1.355430447597212318e-01 0.000000000000000000e+00 1.223679976212402598e-01
0.000000000000000000e+00 4.926761601145680791e-02 1.075935211831858911e-02 2.053451418682670782e-01 5.544963813059152966e-03 5.699489270792296863e-02 0.000000000000000000e+00 1.036994050117851368e-01 2.129183735299647884e-01 1.653623624830892480e-02 2.042363667650460082e-02 0.000000000000000000e+00 5.715252341122946823e-04 3.815254910306272590e-02 1.302558171907705342e-01 0.000000000000000000e+00 2.322123579332893706e-02 1.216417767447236370e-01 0.000000000000000000e+00 4.667477948413858470e-03
0.000000000000000000e+00 1.540773130553987902e-01 5.759267521991278532e-02 3.427778380512110368e-01 0.000000000000000000e+00 0.000000000000000000e+00 0.000000000000000000e+00 8.604497064446386609e-03 1.138270182972613426e-01 1.241167757556816825e-01 0.000000000000000000e+00 3.579588304028233012e-03 0.000000000000000000e+00 0.000000000000000000e+00 1.055831345971914442e-02 0.000000000000000000e+00 0.000000000000000000e+00 0.000000000000000000e+00 1.848659807923405951e-01 0.000000000000000000e+00
1.218518553446558232e-02 1.144223583053097792e-01 1.186597786997822118e-01 1.906151940599191616e-02 0.000000000000000000e+00 3.040995946565523342e-03 0.000000000000000000e+00 2.260954096066156160e-02 1.496671101661441738e-01 3.615313227753142941e-04 0.000000000000000000e+00 0.000000000000000000e+00 0.000000000000000000e+00 1.751512466186254391e-01 1.373033418421868435e-01 0.000000000000000000e+00 4.596501253762780292e-02 2.367020903793311520e-03 4.381699037889503351e-02 1.553883673771756235e-01
0.000000000000000000e+00 0.000000000000000000e+00 0.000000000000000000e+00 1.759403056371177387e-01 6.241941342211384386e-02 1.665528572671867158e-01 1.190840362031194734e-02 7.965049515696746851e-02 0.000000000000000000e+00 0.000000000000000000e+00 1.413540214081506798e-02 1.121897584659111227e-03 1.477316407584893243e-01 0.000000000000000000e+00 1.646720448027522987e-01 0.000000000000000000e+00 7.293828170380550757e-02 7.240460111803766197e-02 0.000000000000000000e+00 3.052465678774335736e-02
1.345878990118505036e-01 9.604507631884641808e-03 1.576014376247385565e-02 4.846994400077263287e-02 1.529034508710468143e-01 1.672187761536392259e-01 0.000000000000000000e+00 1.276422909668052108e-01 1.997346826073641973e-02 0.000000000000000000e+00 0.000000000000000000e+00 4.814834400263365288e-02 0.000000000000000000e+00 0.000000000000000000e+00 4.523978301323615392e-02 6.996624157318719582e-03 5.414744460883547106e-02 0.000000000000000000e+00 2.876705444764051517e-02 1.405402691111263258e-01
2.852108093854110321e-02 1.071719688222799588e-01 1.033997682132524812e-02 9.006491593580080203e-04 1.225846862471336070e-02 2.842204433431053806e-02 0.000000000000000000e+00 1.320540385517917081e-01 0.000000000000000000e+00 2.644675272411730824e-02 1.631730016091512137e-02 9.893475687116776163e-02 1.321263776765581877e-01 3.531803736360986101e-02 4.240595518779213119e-02 0.000000000000000000e+00 0.000000000000000000e+00 0.000000000000000000e+00 1.738737608491717490e-01 1.549088319143480108e-01
0.000000000000000000e+00 9.543784245087537366e-02 0.000000000000000000e+00 1.837464576087283752e-01 1.559852075820556405e-01 3.358308741501729328e-03 0.000000000000000000e+00 2.277130596668514029e-02 0.000000000000000000e+00 0.000000000000000000e+00 8.672914008430574265e-03 7.399521294180498587e-02 0.000000000000000000e+00 3.128008190592233145e-02 1.513258299407641561e-01 4.611265135138514076e-02 0.000000000000000000e+00 1.758875252560983260e-01 8.900365147802548338e-03 4.252629709794588514e-02
0.000000000000000000e+00 1.573772806641312314e-03 0.000000000000000000e+00 2.761150139523023059e-02 4.834747132904560624e-02 7.423101847131473134e-03 0.000000000000000000e+00 1.951391864421746503e-01 3.643104354892629654e-02 0.000000000000000000e+00 0.000000000000000000e+00 0.000000000000000000e+00 9.052682282437979344e-02 6.990025933104379585e-02 1.364894190358974246e-02 0.000000000000000000e+00 1.267915672898129176e-01 4.319562750288328742e-03 2.006340669002270871e-01 1.776527016315090080e-01
2.617445708752812877e-02 3.413736154021829866e-02 0.000000000000000000e+00 1.100110140558358506e-02 0.000000000000000000e+00 1.376745959275833264e-01 6.482310457610275002e-03 9.279960872081066681e-02 2.013161888376368419e-02 0.000000000000000000e+00 4.073094252062323464e-03 1.315383723980976249e-01 1.835783617494027853e-01 1.375370931547204301e-01 2.267093255483013797e-02 1.819473273195558113e-02 0.000000000000000000e+00 0.000000000000000000e+00 0.000000000000000000e+00 1.740063591358332329e-01
0.000000000000000000e+00 3.608091119803431401e-03 1.394845867533320467e-02 6.508678277550118685e-02 0.000000000000000000e+00 7.008777485564866849e-02 0.000000000000000000e+00 1.466469165081525361e-01 9.469899740827833479e-03 0.000000000000000000e+00 8.724745940292440161e-03 9.929059926166619587e-02 2.002595866760288612e-01 2.474969073312128370e-02 2.260920210852205431e-02 2.317856188176996637e-02 0.000000000000000000e+00 2.527692832694518679e-02 1.585450971124472974e-01 1.285176642839397088e-01
0.000000000000000000e+00 5.608218215746443164e-02 0.000000000000000000e+00 1.460173379560275875e-01 5.530887515223290724e-02 0.000000000000000000e+00 0.000000000000000000e+00 1.474780856296054321e-01 2.460447316363530146e-02 0.000000000000000000e+00 0.000000000000000000e+00 9.536619783963286301e-02 1.860791898583217530e-01 3.227753591660405263e-02 0.000000000000000000e+00 0.000000000000000000e+00 0.000000000000000000e+00 0.000000000000000000e+00 1.730202601531797002e-01 8.376586217329601292e-02
3.684644176690737155e-02 1.158109500261188113e-01 4.848355263305854923e-02 0.000000000000000000e+00 1.265786691107920973e-03 1.356598367025786955e-01 1.652075861421418296e-02 1.432102158873572451e-01 4.175896723572701530e-02 1.655135491286921501e-02 0.000000000000000000e+00 3.043520296295802383e-02 4.247339483995071774e-02 0.000000000000000000e+00 0.000000000000000000e+00 9.661591618682115190e-02 3.777104908687305834e-03 0.000000000000000000e+00 1.544491964505530501e-01 1.161413201810907181e-01
9.475423284948476799e-02 1.228457713857132316e-01 5.556601649652479630e-02 2.465705011717012063e-02 0.000000000000000000e+00 0.000000000000000000e+00 1.378998776721043762e-01 1.570452631787502482e-02 1.470291520668146890e-01 2.713457085928208321e-02 0.000000000000000000e+00 0.000000000000000000e+00 0.000000000000000000e+00 1.278041669323119467e-01 4.200331683540331484e-02 7.840001297007804723e-03 9.586788660298236828e-03 1.126162118595992051e-02 3.877152581014100576e-03 1.720357547430356182e-01
8.216429813585631944e-03 1.503225150781904440e-01 1.885326426847180187e-02 1.213090588134301540e-01 0.000000000000000000e+00 1.415809090731421638e-01 0.000000000000000000e+00 0.000000000000000000e+00 2.516857881911989669e-01 1.091962264808152630e-02 1.452831742991741483e-02 3.231227078589112706e-02 1.396634179449938139e-02 0.000000000000000000e+00 3.636061313108015364e-02 3.697064463893543623e-02 1.241434954210036828e-01 2.240531236786857602e-02 2.637832263216804366e-03 1.378758428148692781e-02
2.237058412053161485e-02 1.530590914821960691e-01 0.000000000000000000e+00 2.945018976950525835e-01 3.910514665974467591e-02 6.468574654103270705e-02 0.000000000000000000e+00 1.523487217461441945e-01 1.032955363292294565e-01 0.000000000000000000e+00 0.000000000000000000e+00 0.000000000000000000e+00 1.202631307446179812e-02 0.000000000000000000e+00 1.309793484405371300e-01 0.000000000000000000e+00 5.904875471791435314e-03 0.000000000000000000e+00 1.367063271339076687e-02 8.052105725887647239e-03
1.216112536519451809e-01 0.000000000000000000e+00 1.147182285989866400e-02 0.000000000000000000e+00 9.355455671933692041e-02 1.596157938225014061e-01 2.973081704251560181e-02 1.491849575903779652e-02 1.458970082848064925e-02 0.000000000000000000e+00 3.612573532977931753e-03 0.000000000000000000e+00 2.340545914502793409e-02 0.000000000000000000e+00 1.156244881633690033e-02 0.000000000000000000e+00 1.264927591878263653e-02 0.000000000000000000e+00 3.106059792181092849e-01 1.926718226850491489e-01
0.000000000000000000e+00 1.104306935603121126e-01 0.000000000000000000e+00 6.703555324061019616e-02 1.453058354511117256e-01 4.991226241222974187e-04 0.000000000000000000e+00 1.692839985026501903e-01 0.000000000000000000e+00 0.000000000000000000e+00 0.000000000000000000e+00 2.118458280706574381e-01 0.000000000000000000e+00 0.000000000000000000e+00 1.997268509402193304e-02 0.000000000000000000e+00 1.049562392667072186e-02 5.156210352255804347e-02 5.599233325794929217e-02 1.575762227493361645e-01
1.874968719238393584e-04 1.107003067144341490e-01 3.459714311416024930e-03 1.204153102638029667e-02 1.788750909310964088e-01 8.864606856117614175e-02 1.740603870099773076e-02 1.069980149958700832e-01 0.000000000000000000e+00 0.000000000000000000e+00 0.000000000000000000e+00 5.654559763324269739e-02 7.881644852802465948e-03 1.248581680559313484e-01 1.415850060963096124e-01 2.107045760075628923e-02 9.763013220707653095e-02 0.000000000000000000e+00 1.791389689087087914e-02 1.420083454971560015e-02
