2.350086466421405767e-03 1.145788279771805390e-01 0.000000000000000000e+00 1.317648695148267331e-03 5.767618707611597145e-02 3.999408892382179739e-03 5.255947833974066591e-02 4.922004521284905655e-03 3.366634425441827200e-02 1.362852502595377803e-02 0.000000000000000000e+00 1.923481845217148989e-01 4.765469494954008810e-03 0.000000000000000000e+00 1.314181046497795713e-01 0.000000000000000000e+00 1.338104398728744149e-01 8.245212292322352809e-02 8.909287897498463895e-04 2.921511510158108366e-03 0.000000000000000000e+00 0.000000000000000000e+00 1.781207273908353567e-02 5.114787239773386021e-03 1.437678670100427936e-01
0.000000000000000000e+00 1.103482131167664165e-01 0.000000000000000000e+00 0.000000000000000000e+00 3.641793939612953529e-02 0.000000000000000000e+00 0.000000000000000000e+00 1.312622135260650413e-01 5.378898993570705323e-04 0.000000000000000000e+00 0.000000000000000000e+00 4.203926053279935515e-02 0.000000000000000000e+00 0.000000000000000000e+00 1.041449277948128596e-02 0.000000000000000000e+00 1.726633994448270870e-01 1.017793600185066261e-01 0.000000000000000000e+00 1.806731907629297138e-04 0.000000000000000000e+00 0.000000000000000000e+00 6.801233622803974643e-02 1.563856948437631622e-01 1.699585270235018097e-01
4.660331815612248942e-03 9.512031890241957888e-02 8.806479947191038493e-02 8.995942425154246358e-02 3.436075029530001601e-02 5.619162459749248162e-02 4.407166939137338590e-02 3.307086845965996353e-03 0.000000000000000000e+00 1.004162819666715861e-03 4.547369162842083978e-02 3.694179916609445502e-02 2.366055599381496847e-03 0.000000000000000000e+00 1.528161267965870151e-01 3.003976441296286187e-02 3.490291650290173325e-02 4.426528208812884405e-03 3.721617619411551978e-03 4.258282395634048478e-03 3.211198521346730721e-03 4.753222116675610148e-02 1.837262266244691356e-01 1.424902255494340901e-02 1.959438041099455588e-02
6.720764240736634698e-02 1.969799420065341394e-02 0.000000000000000000e+00 4.645585173475690229e-03 5.524838255709745016e-02 2.470684979031276263e-02 0.000000000000000000e+00 0.000000000000000000e+00 3.206925965525795480e-02 0.000000000000000000e+00 0.000000000000000000e+00 5.187234261310892658e-02 0.000000000000000000e+00 9.404310723076932457e-03 2.093699015213473791e-01 5.223395215974524497e-02 3.917925683038312595e-03 0.000000000000000000e+00 2.867708009661298907e-02 9.548134383151248017e-02 4.343221793887455315e-03 2.866939866881859297e-02 1.347282474495925253e-01 1.448945725271486573e-01 3.283198914794688977e-02
1.362154679935886903e-01 1.219140943074049632e-01 7.782687817327334874e-04 0.000000000000000000e+00 8.333038125623666928e-03 0.000000000000000000e+00 1.550042045920765194e-02 2.696468744027806421e-03 9.053980870230978958e-03 2.192221225057126854e-02 0.000000000000000000e+00 0.000000000000000000e+00 3.009933439735437352e-02 4.212884846533745953e-03 2.836722831308782777e-01 0.000000000000000000e+00 6.837973035405683908e-02 0.000000000000000000e+00 1.429310257031123910e-01 0.000000000000000000e+00 0.000000000000000000e+00 0.000000000000000000e+00 1.346938307562116077e-01 6.888508371975355683e-03 1.270845090748959696e-02
0.000000000000000000e+00 1.102291906693212697e-01 3.035748845137005089e-02 2.308507358729329495e-02 2.405519950938355897e-02 1.982456780529779847e-02 1.806444730009657343e-02 0.000000000000000000e+00 5.972189326664400534e-03 1.286341778412242176e-01 0.000000000000000000e+00 1.338307472209905313e-01 8.365952641260018677e-04 3.230203679748818498e-03 8.910742648122275955e-02 8.337430096944192792e-02 1.081858576739544858e-01 0.000000000000000000e+00 1.680000248943220816e-04 1.995565608778790325e-03 0.000000000000000000e+00 1.070623869415080198e-01 4.720789342706623731e-02 3.409377785285154505e-02 3.068491036476552955e-02
9.657094145745867553e-02 2.927613108856368454e-02 0.000000000000000000e+00 0.000000000000000000e+00 1.777793146085558940e-01 1.362775060356513357e-01 3.631685600872881781e-02 1.127353395163067061e-02 0.000000000000000000e+00 3.565732746361299083e-02 0.000000000000000000e+00 3.707012524845600815e-02 4.320137751394671072e-02 0.000000000000000000e+00 1.271879917686690176e-01 1.206878066827966715e-02 1.175206178764265537e-02 0.000000000000000000e+00 1.387414234407514102e-01 1.042493657814186825e-03 0.000000000000000000e+00 8.866478160664720276e-02 1.329883801319718933e-03 9.729940806265742828e-03 6.059529086005509269e-03
8.041247943057698577e-02 1.510700078692266309e-02 8.454664352607685210e-04 0.000000000000000000e+00 2.849734236466680212e-02 0.000000000000000000e+00 3.268497412464304013e-03 1.475043073980231156e-02 8.126623339748645369e-02 6.384491040826692498e-02 2.196741331686245195e-03 1.918168069274052076e-02 0.000000000000000000e+00 0.000000000000000000e+00 3.397758932031655354e-01 0.000000000000000000e+00 1.184105822898737642e-01 0.000000000000000000e+00 0.000000000000000000e+00 0.000000000000000000e+00 1.290515886099393187e-03 1.339438423047306648e-01 1.451041664192347612e-02 4.755821224812591119e-02 3.513975442620724532e-02
1.182782654201934985e-01 0.000000000000000000e+00 4.965426188256111435e-03 0.000000000000000000e+00 6.387702139892025011e-02 1.056033411857449679e-02 9.758279707805515499e-03 0.000000000000000000e+00 1.577327778349175286e-02 1.358934326708628043e-02 0.000000000000000000e+00 1.368176297863982482e-01 0.000000000000000000e+00 0.000000000000000000e+00 1.832690191686304204e-01 1.756228077339048316e-02 0.000000000000000000e+00 0.000000000000000000e+00 0.000000000000000000e+00 0.000000000000000000e+00 0.000000000000000000e+00 0.000000000000000000e+00 1.624203900393333400e-01 1.265745521073738944e-01 1.365541802405457472e-01
0.000000000000000000e+00 8.680382435375762207e-02 0.000000000000000000e+00 1.009156797507428788e-01 5.636323925607424762e-02 0.000000000000000000e+00 6.349221077849558081e-02 1.015022003597097905e-01 1.733275887411693181e-02 1.277206204046519855e-01 0.000000000000000000e+00 6.086690820531059920e-02 1.359742857145995916e-02 0.000000000000000000e+00 5.450245383434023511e-02 0.000000000000000000e+00 2.073995137480621684e-02 8.509245769691904659e-02 3.789050651076095871e-02 1.790580777119182496e-02 0.000000000000000000e+00 8.181711794451032582e-02 3.472917909601627717e-02 2.360037568973535199e-02 1.512727952740019685e-02
0.000000000000000000e+00 0.000000000000000000e+00 1.277765833575414955e-01 0.000000000000000000e+00 7.506244282874934004e-03 1.568467610124882061e-01 3.681220514194535887e-02 0.000000000000000000e+00 6.457448872415398611e-02 8.006435560677408261e-03 0.000000000000000000e+00 1.790855666906006338e-01 0.000000000000000000e+00 0.000000000000000000e+00 2.960106156147135903e-01 0.000000000000000000e+00 1.185790331183250029e-02 0.000000000000000000e+00 1.540014463939075144e-02 2.503333558663446614e-03 0.000000000000000000e+00 5.367593499331501858e-03 6.146916854461301899e-02 0.000000000000000000e+00 2.678295606117322286e-02
0.000000000000000000e+00 0.000000000000000000e+00 2.499748382188552928e-02 0.000000000000000000e+00 1.190052855247539232e-01 0.000000000000000000e+00 5.621978738381256530e-02 1.347467501765922671e-01 0.000000000000000000e+00 4.814589727761881682e-02 0.000000000000000000e+00 4.248097685907786455e-03 0.000000000000000000e+00 1.228111117444887455e-02 2.341964431361911181e-01 0.000000000000000000e+00 5.193088089390455325e-02 0.000000000000000000e+00 1.361984567009361935e-01 0.000000000000000000e+00 5.834207995555495789e-03 1.236019061292536747e-01 1.751537027716623673e-02 1.473988091129953097e-02 1.633844091067350804e-02
0.000000000000000000e+00 1.473287179349668657e-02 1.075298628409895596e-01 4.460576711987630089e-02 9.893916666459054432e-02 0.000000000000000000e+00 6.071319232526095969e-03 1.325830574951848972e-01 7.212970456296712192e-03 1.760421891634089686e-02 0.000000000000000000e+00 3.408622927681555226e-02 0.000000000000000000e+00 0.000000000000000000e+00 9.667900349377960695e-03 0.000000000000000000e+00 7.269690549019713031e-03 6.213459875494996981e-03 1.765834924364391434e-01 0.000000000000000000e+00 0.000000000000000000e+00 1.508098596559794835e-01 1.380055071348643414e-01 8.831331743258661639e-04 4.720149302838122507e-02
1.201427345082872883e-01 1.191952814616212414e-01 0.000000000000000000e+00 0.000000000000000000e+00 1.108799289648618597e-01 1.345980111107024924e-01 4.439522068208484433e-03 4.350665830953502275e-03 0.000000000000000000e+00 1.773604275878529896e-02 2.569447363991839151e-03 4.034562493942486956e-03 2.566637016146116820e-02 1.251260690503307856e-05 1.814108760323499825e-01 1.319773589979193057e-02 0.000000000000000000e+00 0.000000000000000000e+00 4.102472031477578246e-02 2.628605003303701587e-02 5.389266435668171006e-03 0.000000000000000000e+00 2.477341011478420910e-02 1.771767659566574407e-02 1.465751852442064851e-01
0.000000000000000000e+00 9.726652719944993072e-03 1.568336750042357008e-01 1.268190323839042156e-02 1.640798913110805002e-01 1.232525504101428526e-01 4.940263353646038962e-03 3.679186381905378504e-03 2.466143150982621005e-02 8.151796380428646960e-02 0.000000000000000000e+00 1.459614167602361900e-01 6.821288737780857462e-04 1.107581587161458880e-02 5.318152445012419745e-03 5.389455184957474276e-03 9.300644678880624905e-02 0.000000000000000000e+00 1.672871466796971122e-03 8.016038588695395886e-03 0.000000000000000000e+00 1.004351377659561256e-01 2.304336150441670464e-02 1.817917951574102992e-03 2.220773906469706085e-02
3.726337020365784718e-03 4.111101304187314044e-03 4.785808247533537146e-02 1.910227544258421553e-03 4.718747129055274325e-02 0.000000000000000000e+00 1.240812694824730694e-01 1.291446457020579974e-01 7.486466780393779760e-03 0.000000000000000000e+00 1.589507921739945207e-02 1.568306764443025136e-01 0.000000000000000000e+00 0.000000000000000000e+00 9.052496622161688988e-02 0.000000000000000000e+00 1.061316784057933331e-02 0.000000000000000000e+00 0.000000000000000000e+00 9.422995293804427297e-02 0.000000000000000000e+00 6.907535919084503706e-02 5.238893734501759436e-02 1.431509386423334418e-01 1.785320560236808513e-03
9.907234734754371067e-03 5.852358468367437061e-03 2.082156014766133739e-02 1.163739091463840691e-01 7.701094285373880077e-02 1.714479383877502358e-02 7.072134990311636227e-02 1.646208604838391432e-01 1.680635999423994232e-04 1.157902856376456235e-01 2.370492299246199086e-03 1.743566801709035136e-02 0.000000000000000000e+00 8.104715212441377173e-03 7.207039991193724127e-02 0.000000000000000000e+00 2.319520862592635603e-03 3.311922083948867085e-02 1.326500112636868067e-01 1.951875413224586284e-02 0.000000000000000000e+00 9.269100016691630972e-02 1.719759161770086087e-02 4.111266862429022000e-03 0.000000000000000000e+00
0.000000000000000000e+00 1.065888974421064228e-01 8.158268160061868390e-02 2.378450945386626891e-03 5.377439380763554544e-02 0.000000000000000000e+00 5.155590387681418391e-02 1.312263782437529946e-01 7.428294618983614581e-03 5.737208437826036428e-02 0.000000000000000000e+00 0.000000000000000000e+00 2.416049717512141343e-02 2.729650680012455331e-03 1.802134810422012789e-01 1.535651190734209880e-02 5.458239076768578620e-03 3.609072130451953554e-03 1.303063406253050782e-01 0.000000000000000000e+00 0.000000000000000000e+00 1.263093845665907988e-01 0.000000000000000000e+00 1.287909903822620668e-02 7.070638844421679899e-03
5.762945986357738415e-02 1.104379612037519054e-01 0.000000000000000000e+00 9.364712560470899588e-03 0.000000000000000000e+00 0.000000000000000000e+00 4.842885560128194072e-02 1.271353633468327304e-01 3.070009947370023421e-03 6.673851456167467777e-02 2.570242599317334314e-02 1.586641892088934969e-01 0.000000000000000000e+00 4.973222479987164180e-04 1.916651224922225616e-01 0.000000000000000000e+00 0.000000000000000000e+00 9.130537505992504174e-03 9.355885708622269786e-03 0.000000000000000000e+00 1.641498219814268786e-02 1.001390389338780622e-03 1.505982565591520994e-02 4.136292475111535798e-03 1.455671490396291401e-01
1.300149331709930106e-02 0.000000000000000000e+00 5.059036615694360341e-03 2.672971890252744901e-03 3.941976409002019566e-02 5.426599723479325760e-03 6.085974688408254951e-02 8.560898185246967884e-03 2.338965043632837415e-02 4.605704700778633087e-02 0.000000000000000000e+00 1.183068211475962923e-02 6.775985045924102406e-04 2.420770920576734240e-03 3.463939712620960898e-01 4.728033597706447246e-03 1.375869449978425751e-01 0.000000000000000000e+00 0.000000000000000000e+00 4.479477030995396292e-03 4.747647417045505573e-03 2.095064289819234538e-02 3.565893248075698713e-02 5.598274058750023815e-04 2.255182632195707748e-01
1.370968484149010513e-01 1.852682452404518648e-02 0.000000000000000000e+00 7.109800919111921441e-03 4.310157247985104551e-02 2.461333068393403017e-02 5.554961326583825187e-02 4.987957442786739894e-03 3.764002302183115656e-02 0.000000000000000000e+00 0.000000000000000000e+00 1.349087625588848982e-01 9.107174181046047423e-02 0.000000000000000000e+00 1.655234532821078242e-01 0.000000000000000000e+00 1.136287594212553737e-01 0.000000000000000000e+00 1.205807079908020017e-02 4.494774515573850097e-03 0.000000000000000000e+00 3.091209923213830615e-03 1.530440798367551855e-02 1.823187333911954408e-02 1.130609756143291095e-01
1.291984524261478029e-01 4.514946598820901436e-02 2.776194263049304185e-03 0.000000000000000000e+00 9.373395534503488336e-02 0.000000000000000000e+00 4.332173974933085578e-03 0.000000000000000000e+00 0.000000000000000000e+00 1.926350571938674136e-02 0.000000000000000000e+00 1.497627188521930830e-01 0.000000000000000000e+00 0.000000000000000000e+00 1.608495129562827197e-01 0.000000000000000000e+00 2.680809047955652266e-02 9.532338826711509588e-03 1.317591330271489398e-02 7.418377917898478016e-03 0.000000000000000000e+00 0.000000000000000000e+00 1.466994183999896229e-01 1.778735487707868573e-02 1.735125266708136271e-01
4.417666499612491610e-02 1.448506875483240516e-02 2.115926603644744525e-02 0.000000000000000000e+00 3.518037689136981538e-04 8.776944454932950751e-03 5.598331723651975289e-02 0.000000000000000000e+00 6.952744538368331451e-02 9.913964772823134763e-02 0.000000000000000000e+00 2.515459021139506562e-02 9.419152439184018399e-02 0.000000000000000000e+00 1.524797743426825614e-01 1.568393022988245553e-02 1.107705428340552967e-01 3.400551345576088846e-02 1.191335165869347595e-01 0.000000000000000000e+00 0.000000000000000000e+00 2.283268207988661206e-03 3.769999342329213854e-02 1.261079711453441492e-02 8.238639084194777917e-02
3.969478758450390408e-03 1.369207220476529978e-02 0.000000000000000000e+00 8.797545928380293145e-03 5.370471626482648669e-02 0.000000000000000000e+00 1.239281925078597642e-02 0.000000000000000000e+00 6.990748622107601298e-03 6.242847640231516393e-03 0.000000000000000000e+00 9.049826016315935806e-02 8.754121420866185777e-03 1.928369919614967166e-03 2.390712935165697217e-01 5.316070499011885109e-02 7.162344560856677422e-02 6.622894437009629702e-03 1.393673159893356051e-01 1.011085047417014660e-01 0.000000000000000000e+00 8.761671024268941413e-03 1.664970377762861132e-03 3.024970260988550999e-02 1.413985165315923553e-01
1.309627569188868690e-01 2.108909800861821782e-02 0.000000000000000000e+00 2.486935198757359109e-03 1.424312298459633475e-01 1.009757513708280791e-02 0.000000000000000000e+00 9.036343521383405700e-03 1.060167089636757792e-02 3.468880738805976693e-02 0.000000000000000000e+00 1.792079870757676552e-01 3.343519147398827827e-04 3.665246406989856789e-03 1.479336109747979300e-01 1.945147875589446629e-02 1.283995535343828709e-01 1.449837544428763357e-02 1.672542738629776869e-04 3.147634967493231483e-05 0.000000000000000000e+00 5.020190845213002564e-04 1.465076103807059788e-03 1.574379377492835484e-03 1.413747737886612010e-01
7.493445863967705678e-02 1.629908130693137891e-01 7.135306187585170601e-03 8.222076117770037162e-02 2.310976799511687500e-03 0.000000000000000000e+00 0.000000000000000000e+00 1.332963527880737520e-01 1.582970461890721801e-03 3.758659169950055723e-02 0.000000000000000000e+00 1.430782125564196428e-01 3.694304230078242213e-02 7.268385475140075325e-03 2.775082246494274540e-02 8.457673207950092142e-02 2.303294579932955392e-03 3.756919669339291840e-04 2.157515844479009331e-03 3.324674908171177702e-04 4.081230862454521789e-03 5.237095462665586169e-03 4.128377671278311151e-02 8.743235702482404781e-02 5.512114435507070587e-02
1.402831315001694043e-02 1.108906598161076285e-01 0.000000000000000000e+00 0.000000000000000000e+00 2.704846691361021196e-02 0.000000000000000000e+00 9.303596439166479659e-02 1.422156274518340535e-01 0.000000000000000000e+00 6.885974270128870922e-02 0.000000000000000000e+00 0.000000000000000000e+00 1.381250697027564672e-02 0.000000000000000000e+00 1.079380592165149061e-01 0.000000000000000000e+00 1.110795806859369850e-01 7.487666656106602148e-02 0.000000000000000000e+00 0.000000000000000000e+00 0.000000000000000000e+00 1.047759232467672906e-02 3.700702088437821113e-02 1.456053272530082876e-01 4.312447167962089878e-02
0.000000000000000000e+00 1.073072358470383847e-01 1.371023329846752792e-01 0.000000000000000000e+00 1.084415565145654126e-01 0.000000000000000000e+00 3.463058847828173054e-02 4.330980716517214384e-03 0.000000000000000000e+00 9.883831188881437441e-03 0.000000000000000000e+00 1.523950079445339778e-01 1.078888685583387005e-02 0.000000000000000000e+00 1.615505489779512915e-01 0.000000000000000000e+00 0.000000000000000000e+00 0.000000000000000000e+00 1.789482469201327322e-02 3.387060093754824981e-03 0.000000000000000000e+00 4.337676027940374351e-02 4.405219701405906074e-02 1.599524167480841641e-01 4.905771664406459280e-03
1.138080625181729089e-01 0.000000000000000000e+00 1.775785739011661452e-02 0.000000000000000000e+00 2.183691617939171881e-01 0.000000000000000000e+00 0.000000000000000000e+00 0.000000000000000000e+00 0.000000000000000000e+00 2.897522996351161242e-02 0.000000000000000000e+00 2.245087302827234246e-02 3.177986064764979496e-02 0.000000000000000000e+00 2.127572657206443230e-01 0.000000000000000000e+00 1.464737906899980235e-01 1.937580046474780132e-02 1.662765605344626932e-02 0.000000000000000000e+00 0.000000000000000000e+00 1.778415423687832635e-03 1.503652427808390910e-02 1.548095020277513723e-01 0.000000000000000000e+00
5.141138681927114734e-02 4.570348576750281333e-02 1.176926144570510958e-02 0.000000000000000000e+00 1.161135317146396728e-01 6.476018861344259858e-02 0.000000000000000000e+00 0.000000000000000000e+00 7.769700575812611698e-02 5.859314058932200281e-02 0.000000000000000000e+00 0.000000000000000000e+00 2.963869927982079253e-02 8.492134123873323198e-03 1.851389727416767605e-01 0.000000000000000000e+00 8.091659312532729909e-02 0.000000000000000000e+00 8.473574541897429049e-03 4.842419378701629668e-03 0.000000000000000000e+00 1.047258076392834358e-01 5.681103851503188119e-03 1.460426946099065981e-01 0.000000000000000000e+00
1.008076596189746710e-01 0.000000000000000000e+00 0.000000000000000000e+00 0.000000000000000000e+00 2.959933429208303629e-02 1.542150956288998107e-02 3.619565030098833083e-03 6.875701022667577572e-04 0.000000000000000000e+00 1.113355968478575882e-02 1.117532136434474035e-03 1.898897726787261708e-01 0.000000000000000000e+00 1.894538471007079124e-03 1.994283971300795100e-01 0.000000000000000000e+00 1.398737407481742412e-01 1.642340743894543675e-04 1.375316484422712815e-01 0.000000000000000000e+00 0.000000000000000000e+00 1.256832657544317833e-01 0.000000000000000000e+00 1.361879478398705717e-03 4.178579279498820936e-02
0.000000000000000000e+00 1.226227984243859030e-02 1.110167509711881828e-01 0.000000000000000000e+00 7.357428316067403384e-02 2.939056204028516091e-03 8.652374024825276386e-03 1.611841759878870628e-01 2.262497984892078082e-02 7.372369588898058934e-02 0.000000000000000000e+00 2.530767128901418098e-02 1.008616091753509851e-02 0.000000000000000000e+00 4.616131691463940673e-02 9.185404620510602414e-03 6.681440681197689524e-02 2.790550919392601609e-02 2.431875974327794496e-02 7.057003447614254577e-02 0.000000000000000000e+00 7.099353163038724102e-02 3.406710235017115090e-02 1.279634728464234539e-01 2.064903327705231578e-02
0.000000000000000000e+00 0.000000000000000000e+00 5.322344941169286289e-03 2.972132457012350432e-03 2.539218731466563045e-02 1.372538016077687328e-01 3.539819296305472818e-02 0.000000000000000000e+00 2.478817697915936674e-02 4.270766893002185711e-03 0.000000000000000000e+00 9.614118249133214722e-02 0.000000000000000000e+00 2.268290105152729469e-02 8.653044411207256106e-03 0.000000000000000000e+00 1.079699077677538366e-01 8.349364816519200261e-02 7.107782617056035424e-02 1.096885408013810806e-02 2.295343767816747024e-02 2.144275103405169150e-02 2.375923424762851465e-03 1.607714435595103963e-01 1.560714770099641546e-01
0.000000000000000000e+00 0.000000000000000000e+00 0.000000000000000000e+00 0.000000000000000000e+00 1.399957107030710135e-01 0.000000000000000000e+00 0.000000000000000000e+00 2.613069870514465529e-02 0.000000000000000000e+00 1.522285681629008923e-02 0.000000000000000000e+00 3.615390179694287498e-02 0.000000000000000000e+00 0.000000000000000000e+00 1.765870996583618624e-01 0.000000000000000000e+00 1.065783097406139968e-01 0.000000000000000000e+00 0.000000000000000000e+00 0.000000000000000000e+00 0.000000000000000000e+00 2.606005294476355094e-01 4.619637140689122901e-02 1.925345217250485907e-01 0.000000000000000000e+00
1.207319495828559908e-01 1.034933671886800327e-01 0.000000000000000000e+00 1.013573686446277329e-02 8.908184392995927231e-04 1.845952051121413839e-03 2.807873317409215891e-02 1.279333653391092895e-01 2.291277589900210174e-02 0.000000000000000000e+00 0.000000000000000000e+00 1.471054896360420861e-01 2.844668816376654322e-02 3.432124362533922612e-02 1.968415133847100165e-02 1.580343011666647188e-02 5.374939013595024864e-03 9.324048502682024189e-03 0.000000000000000000e+00 1.480455440655858469e-02 1.913663254263452433e-03 0.000000000000000000e+00 0.000000000000000000e+00 1.548964571796592193e-01 1.523026362243329601e-01
