0.000000000000000000e+00 1.973716375295910593e-03 4.367992396835256724e-02 0.000000000000000000e+00 0.000000000000000000e+00 0.000000000000000000e+00 2.058947809076607516e-01 0.000000000000000000e+00 2.178852094533219319e-02 0.000000000000000000e+00 0.000000000000000000e+00 1.469596143704929858e-01 0.000000000000000000e+00 0.000000000000000000e+00 1.717151570874107525e-01 0.000000000000000000e+00 0.000000000000000000e+00 1.377116959920874906e-01 0.000000000000000000e+00 0.000000000000000000e+00 1.082172917776570709e-01 7.239597418860545600e-03 0.000000000000000000e+00 0.000000000000000000e+00 1.548197011568495374e-01
9.497420943569036614e-03 2.834084814353624027e-02 2.501023045301325326e-02 0.000000000000000000e+00 0.000000000000000000e+00 0.000000000000000000e+00 1.285628403878610881e-01 1.468022273079324647e-01 0.000000000000000000e+00 6.276152170284461998e-03 0.000000000000000000e+00 1.539735124967919061e-02 0.000000000000000000e+00 2.378526497523689165e-02 1.504888788533909616e-01 2.563859273539035796e-02 1.498432008548276073e-01 0.000000000000000000e+00 0.000000000000000000e+00 0.000000000000000000e+00 0.000000000000000000e+00 0.000000000000000000e+00 0.000000000000000000e+00 1.438770257697981336e-01 1.464799661554803401e-01
5.065754987793402719e-02 8.873799143575640883e-03 0.000000000000000000e+00 0.000000000000000000e+00 0.000000000000000000e+00 0.000000000000000000e+00 8.996931992138072764e-02 1.372090463080211376e-01 0.000000000000000000e+00 0.000000000000000000e+00 0.000000000000000000e+00 6.541372464314465507e-02 0.000000000000000000e+00 2.423800214166009492e-02 1.431555552281024435e-01 0.000000000000000000e+00 0.000000000000000000e+00 9.901222738963175174e-02 2.541284194724697035e-02 1.182215419328366129e-01 0.000000000000000000e+00 7.602060923260946235e-02 1.566345989989873788e-01 0.000000000000000000e+00 5.181183234869105730e-03
0.000000000000000000e+00 0.000000000000000000e+00 2.956828871955577767e-02 0.000000000000000000e+00 5.668825966541514438e-02 0.000000000000000000e+00 0.000000000000000000e+00 0.000000000000000000e+00 3.940474854570281266e-02 0.000000000000000000e+00 0.000000000000000000e+00 1.808885021168523954e-01 0.000000000000000000e+00 0.000000000000000000e+00 0.000000000000000000e+00 0.000000000000000000e+00 0.000000000000000000e+00 1.328779423297572759e-01 0.000000000000000000e+00 2.385255179262436576e-01 1.462715130229483296e-01 0.000000000000000000e+00 1.105759835766026086e-02 1.647176293158643112e-01 0.000000000000000000e+00
5.100482442933700067e-03 0.000000000000000000e+00 4.561583222685824252e-02 0.000000000000000000e+00 1.627776360937278066e-01 0.000000000000000000e+00 1.544902879523494810e-01 1.420620645654853409e-01 0.000000000000000000e+00 2.863876138864085083e-02 0.000000000000000000e+00 1.351333571600706329e-01 0.000000000000000000e+00 0.000000000000000000e+00 0.000000000000000000e+00 0.000000000000000000e+00 0.000000000000000000e+00 0.000000000000000000e+00 1.562640909769433609e-02 1.898844375031679549e-02 0.000000000000000000e+00 1.196229938980467866e-01 1.716252329415463365e-02 1.547812081297213482e-01 0.000000000000000000e+00
0.000000000000000000e+00 0.000000000000000000e+00 0.000000000000000000e+00 0.000000000000000000e+00 2.660241254547860909e-02 0.000000000000000000e+00 1.685034780370838203e-01 0.000000000000000000e+00 0.000000000000000000e+00 2.988033579677881746e-02 0.000000000000000000e+00 8.693858732984509341e-02 9.069192514694977836e-02 7.969604365018744321e-03 1.486529207494892701e-01 1.122278673759752876e-01 8.280560189307716035e-02 0.000000000000000000e+00 0.000000000000000000e+00 0.000000000000000000e+00 0.000000000000000000e+00 0.000000000000000000e+00 0.000000000000000000e+00 1.215977965522878484e-01 1.241294702080156520e-01
0.000000000000000000e+00 0.000000000000000000e+00 0.000000000000000000e+00 0.000000000000000000e+00 1.380929623988967625e-01 0.000000000000000000e+00 2.144116927574337417e-01 0.000000000000000000e+00 0.000000000000000000e+00 0.000000000000000000e+00 0.000000000000000000e+00 0.000000000000000000e+00 0.000000000000000000e+00 0.000000000000000000e+00 1.653762715355094615e-01 1.602486709454239294e-02 1.477380836688989840e-01 0.000000000000000000e+00 1.473891978783115897e-01 1.171563138285430100e-02 0.000000000000000000e+00 0.000000000000000000e+00 1.469362585369045904e-01 0.000000000000000000e+00 1.231503474664825612e-02
5.132371333604854313e-02 0.000000000000000000e+00 1.507387593925854641e-02 1.126698157575258402e-01 1.811807326317413716e-02 0.000000000000000000e+00 0.000000000000000000e+00 1.267773766846235772e-01 7.562872470150409920e-02 3.164874653575787400e-02 0.000000000000000000e+00 9.433645128133077984e-03 4.332495929922022815e-02 0.000000000000000000e+00 9.286583923602975688e-02 0.000000000000000000e+00 1.832346235244508570e-01 2.524582370384623620e-03 0.000000000000000000e+00 0.000000000000000000e+00 0.000000000000000000e+00 1.613614284961058243e-01 9.061133659926078054e-04 7.510848236179056003e-02 0.000000000000000000e+00
0.000000000000000000e+00 0.000000000000000000e+00 2.244317367932609220e-02 3.269748085874243926e-02 1.299117101490664949e-01 5.734127504343660038e-03 2.449883583163117717e-02 1.640243720563013263e-01 0.000000000000000000e+00 0.000000000000000000e+00 0.000000000000000000e+00 1.468455269039013744e-01 4.282184974813411232e-02 0.000000000000000000e+00 0.000000000000000000e+00 0.000000000000000000e+00 5.860896859813801568e-02 0.000000000000000000e+00 7.209996642707910963e-02 1.672035807697521970e-01 0.000000000000000000e+00 0.000000000000000000e+00 1.203641343527425134e-01 1.274627312084166894e-02 0.000000000000000000e+00
0.000000000000000000e+00 0.000000000000000000e+00 0.000000000000000000e+00 0.000000000000000000e+00 0.000000000000000000e+00 0.000000000000000000e+00 3.185013649400956770e-01 0.000000000000000000e+00 0.000000000000000000e+00 0.000000000000000000e+00 2.353699657935384715e-02 1.312575079335702444e-01 0.000000000000000000e+00 6.375980717117582172e-03 1.166642163363133949e-01 0.000000000000000000e+00 0.000000000000000000e+00 4.314593145871881141e-02 1.771207261206643735e-01 7.037495130010322508e-02 0.000000000000000000e+00 5.821463128297819228e-02 6.203638420523669740e-03 0.000000000000000000e+00 4.860405491056093985e-02
0.000000000000000000e+00 0.000000000000000000e+00 1.732404527964127861e-01 0.000000000000000000e+00 0.000000000000000000e+00 0.000000000000000000e+00 1.920660365390913782e-01 0.000000000000000000e+00 0.000000000000000000e+00 0.000000000000000000e+00 0.000000000000000000e+00 1.723093511046051018e-01 0.000000000000000000e+00 0.000000000000000000e+00 0.000000000000000000e+00 0.000000000000000000e+00 0.000000000000000000e+00 0.000000000000000000e+00 2.007794708333181521e-01 1.049871619842854126e-01 0.000000000000000000e+00 0.000000000000000000e+00 1.566175267422871553e-01 0.000000000000000000e+00 0.000000000000000000e+00
0.000000000000000000e+00 0.000000000000000000e+00 0.000000000000000000e+00 0.000000000000000000e+00 1.403041910922062652e-01 8.002438397710304185e-02 2.907488505909546217e-01 1.398619780403028423e-01 0.000000000000000000e+00 6.196100582232103027e-02 0.000000000000000000e+00 0.000000000000000000e+00 0.000000000000000000e+00 0.000000000000000000e+00 6.760753378036803152e-02 0.000000000000000000e+00 4.380319546977681604e-03 0.000000000000000000e+00 1.692678800918999138e-01 3.281855964773852663e-02 2.380430216262145997e-03 0.000000000000000000e+00 0.000000000000000000e+00 0.000000000000000000e+00 1.064486719386602276e-02
0.000000000000000000e+00 1.403059417433783207e-01 0.000000000000000000e+00 9.458152765568389117e-03 0.000000000000000000e+00 0.000000000000000000e+00 1.256677270702769855e-01 0.000000000000000000e+00 0.000000000000000000e+00 6.609158558702996067e-02 0.000000000000000000e+00 5.031416106132494820e-02 0.000000000000000000e+00 0.000000000000000000e+00 0.000000000000000000e+00 0.000000000000000000e+00 2.505184809523303135e-01 0.000000000000000000e+00 2.033588094664880996e-01 0.000000000000000000e+00 0.000000000000000000e+00 0.000000000000000000e+00 1.542851413536029948e-01 0.000000000000000000e+00 0.000000000000000000e+00
0.000000000000000000e+00 0.000000000000000000e+00 0.000000000000000000e+00 0.000000000000000000e+00 1.465860973021851643e-01 0.000000000000000000e+00 0.000000000000000000e+00 0.000000000000000000e+00 0.000000000000000000e+00 6.349178361861752828e-02 0.000000000000000000e+00 1.708071925958842829e-01 0.000000000000000000e+00 0.000000000000000000e+00 3.552304658460154335e-02 1.991384145591707996e-02 0.000000000000000000e+00 1.960876511177893078e-01 2.023772631684981615e-01 0.000000000000000000e+00 0.000000000000000000e+00 0.000000000000000000e+00 0.000000000000000000e+00 0.000000000000000000e+00 1.652131241565068798e-01
0.000000000000000000e+00 0.000000000000000000e+00 1.500989505677519653e-01 0.000000000000000000e+00 1.333130286047023647e-02 0.000000000000000000e+00 0.000000000000000000e+00 0.000000000000000000e+00 0.000000000000000000e+00 6.810888279570685711e-02 0.000000000000000000e+00 1.488708358188587100e-01 0.000000000000000000e+00 1.152831579170751491e-01 3.828734308947206663e-03 0.000000000000000000e+00 1.463894707373347426e-01 1.670917302848006492e-01 2.513072508002810526e-02 3.792285744821737546e-03 0.000000000000000000e+00 3.650488487265837398e-03 0.000000000000000000e+00 0.000000000000000000e+00 1.544234353969388962e-01
0.000000000000000000e+00 0.000000000000000000e+00 0.000000000000000000e+00 0.000000000000000000e+00 1.267052893091277777e-01 0.000000000000000000e+00 1.809924114615063806e-01 4.152327956862304076e-02 0.000000000000000000e+00 0.000000000000000000e+00 0.000000000000000000e+00 1.506467660880909387e-01 0.000000000000000000e+00 0.000000000000000000e+00 0.000000000000000000e+00 0.000000000000000000e+00 1.682193691509115407e-01 1.480010503949368561e-01 1.839118340268035556e-01 0.000000000000000000e+00 0.000000000000000000e+00 0.000000000000000000e+00 0.000000000000000000e+00 0.000000000000000000e+00 0.000000000000000000e+00
0.000000000000000000e+00 0.000000000000000000e+00 0.000000000000000000e+00 0.000000000000000000e+00 3.901345869703287672e-02 3.707423713364554202e-02 0.000000000000000000e+00 1.426850178251688750e-01 0.000000000000000000e+00 3.147394786078425849e-03 0.000000000000000000e+00 1.298549855320000612e-01 0.000000000000000000e+00 0.000000000000000000e+00 0.000000000000000000e+00 0.000000000000000000e+00 3.160066129808209445e-01 0.000000000000000000e+00 1.721609140961662121e-01 1.098464458569372859e-01 0.000000000000000000e+00 0.000000000000000000e+00 5.021093309214989808e-02 0.000000000000000000e+00 0.000000000000000000e+00
4.260265991308262445e-02 0.000000000000000000e+00 1.352577014914416176e-01 0.000000000000000000e+00 0.000000000000000000e+00 0.000000000000000000e+00 8.973625466726957434e-02 2.012478205978955048e-01 2.543437381247614856e-02 2.503034580976110646e-01 0.000000000000000000e+00 0.000000000000000000e+00 0.000000000000000000e+00 0.000000000000000000e+00 0.000000000000000000e+00 0.000000000000000000e+00 2.883803004559520877e-02 0.000000000000000000e+00 1.714070243290584383e-01 0.000000000000000000e+00 0.000000000000000000e+00 0.000000000000000000e+00 0.000000000000000000e+00 0.000000000000000000e+00 5.517267704556986369e-02
0.000000000000000000e+00 8.586660124512332515e-02 0.000000000000000000e+00 0.000000000000000000e+00 1.446490217417997215e-01 0.000000000000000000e+00 1.766324183923413393e-01 1.198296467162088264e-02 0.000000000000000000e+00 2.512845037493002462e-02 0.000000000000000000e+00 0.000000000000000000e+00 0.000000000000000000e+00 0.000000000000000000e+00 2.862638796784564010e-01 0.000000000000000000e+00 0.000000000000000000e+00 1.071485473058283455e-01 0.000000000000000000e+00 0.000000000000000000e+00 0.000000000000000000e+00 7.772475494327715090e-03 0.000000000000000000e+00 0.000000000000000000e+00 1.545556410955721272e-01
0.000000000000000000e+00 0.000000000000000000e+00 1.233181682661549650e-01 0.000000000000000000e+00 2.047021439984514010e-02 0.000000000000000000e+00 0.000000000000000000e+00 6.687718395681785562e-03 0.000000000000000000e+00 2.542832490673825607e-02 0.000000000000000000e+00 3.087847703800561949e-01 9.486828425336667203e-02 2.190533308524392903e-02 1.709669440623458048e-01 5.997593072320422936e-02 0.000000000000000000e+00 0.000000000000000000e+00 0.000000000000000000e+00 0.000000000000000000e+00 0.000000000000000000e+00 5.491965859238508163e-03 0.000000000000000000e+00 0.000000000000000000e+00 1.621023456681246200e-01
