8.598909437492936736e-02 1.210461759534462722e-01 0.000000000000000000e+00 1.818932862683978607e-02 5.034963387869533305e-03 1.508014283030343905e-01 0.000000000000000000e+00 0.000000000000000000e+00 1.862525628455384205e-02 1.169392608061677052e-02 0.000000000000000000e+00 1.149111950533436149e-01 1.456285032682785308e-01 0.000000000000000000e+00 0.000000000000000000e+00 3.430467135054659361e-02 1.339166046667569498e-01 0.000000000000000000e+00 0.000000000000000000e+00 1.598588526497843887e-01
5.834668768801669347e-02 0.000000000000000000e+00 1.325367413247593128e-02 9.695589870336517035e-02 0.000000000000000000e+00 1.520336080073671770e-01 0.000000000000000000e+00 3.493893386776986826e-03 1.390789543203513889e-01 1.666920558589383636e-02 0.000000000000000000e+00 2.133833313421354128e-01 2.231384201951119514e-02 3.133705865578052027e-03 0.000000000000000000e+00 1.057783769553767225e-02 4.485037115541404273e-02 1.334552289404133396e-01 0.000000000000000000e+00 9.245376115716318066e-02
2.572582677708640589e-02 7.836801247829006112e-02 1.052723367501691779e-02 4.523500994841976597e-02 1.298186541348348433e-01 1.589877341309278991e-01 7.785572875874277772e-03 0.000000000000000000e+00 1.442563966923785801e-01 8.556190341985459025e-02 0.000000000000000000e+00 3.234017644896758359e-02 1.540809613028391520e-02 0.000000000000000000e+00 2.209562633630925491e-02 0.000000000000000000e+00 0.000000000000000000e+00 9.245119731502515759e-02 3.307766453815523099e-03 1.481307931829151381e-01
0.000000000000000000e+00 0.000000000000000000e+00 0.000000000000000000e+00 1.638556946766569766e-01 0.000000000000000000e+00 1.322395559736600900e-03 0.000000000000000000e+00 0.000000000000000000e+00 1.388702001798651775e-01 0.000000000000000000e+00 3.210933407677825976e-03 1.577767223584246592e-01 4.342556993829084500e-02 6.568392853962506939e-02 0.000000000000000000e+00 1.785256532485328396e-01 0.000000000000000000e+00 1.229146446655661890e-01 2.781378084012412280e-02 9.660047658549963945e-02
0.000000000000000000e+00 1.078298083348598474e-01 7.384924266626106959e-02 0.000000000000000000e+00 1.825626686117584885e-01 0.000000000000000000e+00 0.000000000000000000e+00 2.455786438907472946e-02 1.664814158382731460e-02 2.203274841504545070e-02 7.262269743404122131e-03 1.853833248941482437e-01 3.601411104944640673e-02 1.373408449610556137e-01 4.081487971265601589e-02 0.000000000000000000e+00 6.198269892471234242e-03 1.587603617443110460e-02 5.059393134964994395e-04 1.431238502580639560e-01
0.000000000000000000e+00 1.298467673971378383e-02 0.000000000000000000e+00 0.000000000000000000e+00 7.085540285801643356e-02 1.462791562055879291e-01 0.000000000000000000e+00 1.208981348192510047e-01 0.000000000000000000e+00 0.000000000000000000e+00 0.000000000000000000e+00 2.020870720849794189e-01 4.479966201030444184e-03 9.807485088211866098e-02 2.588550506374664648e-02 2.310551157732614047e-01 1.918950607600070947e-03 3.753978766053515936e-02 4.794138110415906845e-02 0.000000000000000000e+00
2.445411701111350686e-02 0.000000000000000000e+00 0.000000000000000000e+00 0.000000000000000000e+00 1.717110001448577394e-01 1.380614188899564054e-01 0.000000000000000000e+00 0.000000000000000000e+00 2.247018509733897662e-01 0.000000000000000000e+00 1.035246779549334750e-01 2.895548222691947740e-02 8.837735585070255473e-02 0.000000000000000000e+00 7.540548067446926905e-02 0.000000000000000000e+00 0.000000000000000000e+00 4.268663448199876836e-02 1.021219817916590306e-01 0.000000000000000000e+00
2.660877364288008473e-02 1.344793884988393640e-01 2.970039593467743537e-03 0.000000000000000000e+00 1.257920125255811428e-01 1.131655410269105377e-01 0.000000000000000000e+00 6.439981051064191941e-02 0.000000000000000000e+00 0.000000000000000000e+00 0.000000000000000000e+00 1.507316025667240489e-01 3.652683372906456033e-02 1.665360987287401590e-02 0.000000000000000000e+00 0.000000000000000000e+00 1.284805535886642536e-01 0.000000000000000000e+00 1.473766607222675162e-01 5.281517372208482941e-02
0.000000000000000000e+00 6.796474405305631683e-02 1.219384096126722647e-02 1.147950397293856029e-03 1.510938569604744486e-01 4.142820238777052827e-02 0.000000000000000000e+00 0.000000000000000000e+00 2.433222242511274072e-02 1.910898634023527540e-02 0.000000000000000000e+00 0.000000000000000000e+00 1.578986758358039977e-01 0.000000000000000000e+00 2.400502569087607785e-02 1.264985343056372613e-02 1.499765503409768719e-01 1.597181250522810847e-01 1.388364931977966177e-01 3.964547292649128751e-02
7.723319374824887118e-02 1.846271286586929350e-01 7.983507180987728380e-02 1.221202406581763794e-02 1.514588452631584758e-01 0.000000000000000000e+00 7.438936528127966866e-03 1.960187562497000061e-02 0.000000000000000000e+00 1.202369089231679344e-01 5.843341871343038507e-02 1.162951533385898351e-01 0.000000000000000000e+00 0.000000000000000000e+00 1.535286977431547795e-01 0.000000000000000000e+00 1.909874558276393464e-02 0.000000000000000000e+00 0.000000000000000000e+00 0.000000000000000000e+00
2.115482247846454944e-02 1.136846665492979684e-02 0.000000000000000000e+00 8.541141056961155985e-04 0.000000000000000000e+00 9.511910490055711445e-03 0.000000000000000000e+00 0.000000000000000000e+00 1.307971379809728940e-01 1.785696436289310740e-02 0.000000000000000000e+00 1.498941735005164255e-01 1.324996250639250972e-01 1.439299894341732333e-01 1.233795349861855767e-01 0.000000000000000000e+00 1.899190221284501878e-01 2.862274835359168365e-02 4.021149046014551448e-02 0.000000000000000000e+00
0.000000000000000000e+00 4.025790125314939599e-02 0.000000000000000000e+00 0.000000000000000000e+00 0.000000000000000000e+00 1.426490699623565450e-01 0.000000000000000000e+00 0.000000000000000000e+00 0.000000000000000000e+00 6.801375649963244813e-03 0.000000000000000000e+00 2.999056675750353396e-01 1.394525529375535144e-01 1.590378440372270871e-02 1.274371971362532885e-01 8.649007921702765722e-02 0.000000000000000000e+00 1.411023718649382364e-01 0.000000000000000000e+00 0.000000000000000000e+00
0.000000000000000000e+00 1.955123578163547177e-02 0.000000000000000000e+00 0.000000000000000000e+00 2.604188357022675301e-02 1.497117504756893813e-01 0.000000000000000000e+00 1.016572163620548253e-01 1.812105849682472680e-01 1.087640490025119575e-02 0.000000000000000000e+00 1.333215874861884698e-01 1.209517992642372280e-01 5.092171661318732612e-02 9.370367266006655871e-02 0.000000000000000000e+00 3.352449029096700450e-02 7.852765762724855936e-02 0.000000000000000000e+00 0.000000000000000000e+00
1.099565197989149125e-02 1.708806417166273961e-02 0.000000000000000000e+00 0.000000000000000000e+00 5.873864114398273314e-03 1.484482470029025725e-01 2.338696593653262490e-02 0.000000000000000000e+00 3.011010761141297634e-02 0.000000000000000000e+00 0.000000000000000000e+00 2.103512665522654368e-01 1.608939362436292708e-01 1.265128825234579646e-01 5.403903496741157414e-02 5.889305289003510940e-02 1.396408446601070108e-01 1.376608134629297465e-02 0.000000000000000000e+00 0.000000000000000000e+00
0.000000000000000000e+00 9.967157384056853087e-02 0.000000000000000000e+00 7.618258155487493688e-03 6.954242392249633531e-02 0.000000000000000000e+00 0.000000000000000000e+00 5.760679529559364215e-02 1.547929463241534964e-01 0.000000000000000000e+00 0.000000000000000000e+00 3.781915187344393314e-03 1.782450194695211765e-01 1.587720108227086771e-02 1.393487943604946877e-01 2.179235638792312649e-02 5.398250905958507095e-02 0.000000000000000000e+00 5.507785512178346027e-02 1.426623517927777252e-01
6.190411483085448210e-03 5.041763977076067771e-02 0.000000000000000000e+00 0.000000000000000000e+00 2.424594398256747774e-02 0.000000000000000000e+00 0.000000000000000000e+00 2.673131567937480149e-02 0.000000000000000000e+00 0.000000000000000000e+00 1.082373108473926870e-01 1.180175779051676616e-01 1.857075238757504299e-01 0.000000000000000000e+00 5.656966866793198233e-03 8.430897807914183861e-02 1.234806808813028178e-01 1.024319411685845616e-01 1.638897638819406255e-01 6.839455781377424713e-04
2.188842475212869274e-02 0.000000000000000000e+00 0.000000000000000000e+00 0.000000000000000000e+00 1.732372866831571878e-02 1.444311158652396287e-01 2.879837883866441864e-02 1.264269133822234215e-01 1.180117372169959128e-01 0.000000000000000000e+00 1.773635750413274370e-01 7.911040412345485273e-02 8.886563835565487735e-02 0.000000000000000000e+00 0.000000000000000000e+00 2.779105242958270286e-03 1.762606709900901153e-02 0.000000000000000000e+00 3.733286162183217793e-02 1.400420497921954777e-01
2.489163210752614545e-03 6.703546149907169127e-02 0.000000000000000000e+00 1.685581016393187040e-02 0.000000000000000000e+00 9.664531623414514272e-02 0.000000000000000000e+00 0.000000000000000000e+00 1.448766441316487741e-01 2.984607142526624762e-02 7.420513310996168510e-02 1.465827765332646249e-01 9.531090817777321256e-02 0.000000000000000000e+00 1.545305269642719970e-01 0.000000000000000000e+00 1.315991577302867144e-01 3.136362748944618306e-03 0.000000000000000000e+00 3.688666807068080589e-02
5.921290747151124190e-02 0.000000000000000000e+00 0.000000000000000000e+00 1.357822105047955807e-01 1.067509682751342261e-02 5.384623605021343629e-02 1.797271926870401895e-02 1.274739851083128983e-01 0.000000000000000000e+00 0.000000000000000000e+00 0.000000000000000000e+00 0.000000000000000000e+00 0.000000000000000000e+00 8.252579283563414581e-02 1.614470144700903553e-01 1.832322895844950075e-02 0.000000000000000000e+00 1.577768867324405855e-01 1.627238849871106771e-02 1.586915332736236195e-01
6.331935818018021023e-02 0.000000000000000000e+00 0.000000000000000000e+00 3.300300042791817073e-02 2.107764729751225863e-01 1.087231155209266997e-01 0.000000000000000000e+00 1.956730582321257461e-02 2.294844950210678941e-02 0.000000000000000000e+00 0.000000000000000000e+00 1.217348012258550327e-01 1.688080253926313445e-01 2.547000655736454677e-02 0.000000000000000000e+00 8.054903301717411535e-02 8.043301740442199838e-03 1.403233641392344702e-02 0.000000000000000000e+00 1.230247932231421509e-01
0.000000000000000000e+00 0.000000000000000000e+00 0.000000000000000000e+00 2.099743708499175743e-01 0.000000000000000000e+00 2.056960114539261031e-01 0.000000000000000000e+00 0.000000000000000000e+00 1.383169956430087277e-01 0.000000000000000000e+00 1.131989554607390064e-01 4.955535873925867585e-02 3.122208200510413409e-02 0.000000000000000000e+00 1.534024323870565865e-01 7.893099628061926720e-02 0.000000000000000000e+00 0.000000000000000000e+00 0.000000000000000000e+00 1.970279718036989716e-02
0.000000000000000000e+00 0.000000000000000000e+00 4.298863132870275189e-02 1.590007514225734442e-01 1.425532115837155056e-01 0.000000000000000000e+00 3.785608724405849224e-02 1.995390685296641146e-03 1.220810730028620145e-02 0.000000000000000000e+00 1.070908058087801790e-01 1.334277722718395787e-01 0.000000000000000000e+00 1.483146806385516291e-02 1.123789807079588442e-02 1.438745625990400512e-01 0.000000000000000000e+00 4.751215652068234430e-02 0.000000000000000000e+00 1.454231571003738177e-01
0.000000000000000000e+00 5.878784562701035860e-02 0.000000000000000000e+00 4.548820850469615165e-03 1.596145739512037365e-01 0.000000000000000000e+00 0.000000000000000000e+00 0.000000000000000000e+00 1.622082337294654397e-01 1.279684173859936547e-01 6.114124403264590418e-02 0.000000000000000000e+00 1.087821380223704532e-01 2.825548130292273100e-02 1.025875565281304282e-02 3.055487567357879908e-02 0.000000000000000000e+00 9.080240705661637990e-02 1.570772067149098228e-01 0.000000000000000000e+00
2.089406694211363297e-02 4.267031263029069654e-02 0.000000000000000000e+00 0.000000000000000000e+00 1.369350204561552709e-01 1.684684465584309898e-01 0.000000000000000000e+00 9.901020893930084776e-02 0.000000000000000000e+00 0.000000000000000000e+00 0.000000000000000000e+00 0.000000000000000000e+00 1.270082162849446306e-01 5.153783536707707419e-02 1.655980604059596392e-02 1.572736305274327617e-01 5.344648201814072158e-02 0.000000000000000000e+00 1.254269558417858699e-01 7.690183937315416213e-04
3.080483294861243587e-02 1.135976893350316014e-01 3.733666097469747185e-03 1.706254147557829115e-01 5.844970828007715891e-02 0.000000000000000000e+00 6.119530669833955078e-02 6.198124402992060550e-02 5.399952856888633190e-02 0.000000000000000000e+00 8.577211395396658333e-02 0.000000000000000000e+00 1.063982081927942608e-01 0.000000000000000000e+00 4.043505082478272838e-02 4.851527784838453872e-02 0.000000000000000000e+00 1.775048740783966017e-02 4.017097822472313201e-03 1.427243732356396622e-01
