0.000000000000000000e+00 1.196452187373487838e-02 1.075970962863143643e-01 1.028799909673536010e-02 1.400279597124617741e-02 1.101562617789231535e-01 3.225277781409718186e-02 0.000000000000000000e+00 1.700420023871219901e-04 6.816991236825358479e-03 2.158675324037432480e-02 2.873816537587722264e-01 4.808372831803417458e-02 8.663915018827618442e-02 4.039884656485267372e-02 3.907598558136647984e-03 3.260748625321229096e-04 1.212508369728453744e-01 3.530567830776164956e-02 6.187119316815108822e-02
1.954649009680720778e-02 0.000000000000000000e+00 1.214297551186062016e-02 6.374097272219694799e-02 0.000000000000000000e+00 4.035437779273775422e-02 0.000000000000000000e+00 1.184768262797013527e-01 0.000000000000000000e+00 0.000000000000000000e+00 3.349666843908525454e-02 1.654011874964393947e-01 0.000000000000000000e+00 1.050441023577589894e-01 2.605414282621338479e-02 1.122563833462336957e-01 0.000000000000000000e+00 1.305118718808648270e-01 6.546899546182147374e-04 1.723193112954824191e-01
1.234981706954086213e-03 6.446548805559275397e-02 0.000000000000000000e+00 6.907448160090057807e-04 3.753036790788494975e-02 2.710282632132441499e-02 7.175536971548320681e-03 3.847249829252929326e-02 2.110361879183086410e-03 1.106179752056546915e-02 1.140752325501094983e-01 1.533477539537947409e-01 1.441055768729354765e-02 1.170408135777391834e-01 4.394504912634703692e-02 0.000000000000000000e+00 2.202034243475941774e-02 1.949807659418078543e-01 1.503348812565573622e-01 0.000000000000000000e+00
1.321669815352056188e-01 7.903374538855698073e-02 1.292309540332369222e-01 5.797052246349950443e-03 2.976053258465317930e-02 8.030597868417126833e-03 0.000000000000000000e+00 2.954558878182677456e-02 3.724666714694077618e-02 6.448161341099172342e-03 0.000000000000000000e+00 1.634163308062200615e-01 1.613479170524424050e-02 1.825548204461845472e-02 0.000000000000000000e+00 8.336517799151546906e-03 6.479176435892935147e-03 5.149290699166951535e-02 2.151496247382686244e-01 6.347488855264821206e-02
5.736245702929781282e-02 7.243830732393251315e-02 1.386778267006017196e-01 3.720308908165839007e-02 0.000000000000000000e+00 2.497122875488590188e-02 1.414819909695915921e-03 1.595160738566034006e-02 1.922845337195442858e-02 0.000000000000000000e+00 2.991228165129530478e-02 1.604452793402343369e-01 1.842768659083232619e-02 1.156883349994842630e-01 3.920379715696999806e-02 5.414159356904087173e-02 0.000000000000000000e+00 1.589230469571522447e-02 8.828048279458867303e-03 1.902128841592816699e-01
1.494565341909775691e-01 1.132354218106936816e-01 3.776430473181417724e-02 1.335876697139600291e-02 6.240326570937961004e-02 8.024029514889560732e-02 1.704054629041123689e-02 7.804128940574875384e-02 0.000000000000000000e+00 2.091173787356610022e-03 2.905040059233117769e-03 1.304533573640055955e-01 1.284862767882898223e-02 3.858252456761932653e-02 5.186376302562690360e-02 1.085097741790692072e-01 4.015984847470544482e-03 0.000000000000000000e+00 8.694397571853157425e-02 1.024535451294136812e-02
6.876658866176463270e-02 9.076924588207364863e-03 0.000000000000000000e+00 2.984431052287642595e-03 1.989601355889543954e-01 1.798241100400822523e-01 0.000000000000000000e+00 6.348102418505263689e-02 0.000000000000000000e+00 1.462645417612517401e-02 3.763055113333260270e-03 1.690062422068463743e-01 6.983947184674217656e-02 0.000000000000000000e+00 9.038591615154589060e-03 0.000000000000000000e+00 0.000000000000000000e+00 6.502401417230103953e-02 3.809838397855717408e-03 1.417991183552927414e-01
1.263394458839264545e-01 3.194232171424472855e-02 0.000000000000000000e+00 1.813163275512296238e-02 4.993755227237002547e-03 5.205089682146116226e-02 0.000000000000000000e+00 5.081377028976257794e-03 3.293592694647556191e-02 6.632358604715644186e-04 7.363972060274397158e-02 9.080520567855426828e-02 2.062086464404070882e-02 1.427447638124046680e-01 7.563801839904993329e-02 9.971582357449090828e-02 7.013845620787303396e-04 6.594106688938304595e-02 1.580545595993381736e-01 0.000000000000000000e+00
3.665323244336695513e-02 1.156607530892523050e-01 3.430261314262342265e-02 1.695261800193089696e-01 1.236356578756562033e-02 1.288853642720306503e-01 5.453247950578244546e-02 1.004796409590300310e-01 1.514217061950895275e-02 0.000000000000000000e+00 0.000000000000000000e+00 1.857071804042149249e-02 1.482583079716227187e-02 7.545271818888100654e-03 5.436149468608575917e-03 1.726633728111209853e-02 8.892127596582660720e-02 4.341650396297040693e-02 1.938743935645324823e-02 1.170844734700880879e-01
1.632851955801850261e-02 9.082140021885927450e-02 0.000000000000000000e+00 5.868088381737333881e-02 1.374224212418032887e-01 2.050797436676999042e-01 0.000000000000000000e+00 4.429812747137717999e-02 2.779208494181518215e-03 2.527933638438142200e-03 2.718234776861838328e-02 1.148503210297013681e-02 1.404496080422085354e-02 1.314637351524914309e-02 5.470444916340862001e-04 5.306035070346987528e-03 1.891250344636864755e-02 0.000000000000000000e+00 1.155483323660418948e-01 2.358891323267987838e-01
0.000000000000000000e+00 8.600064678100452498e-02 0.000000000000000000e+00 1.223422149616352622e-01 3.538614264037723365e-03 8.282319677491682339e-03 2.827684415742670251e-02 0.000000000000000000e+00 6.313427208014922576e-02 9.323983264689066769e-03 0.000000000000000000e+00 1.671358196010685193e-01 8.566464942476749445e-02 1.947695019174035952e-02 6.855448722362626757e-02 2.000792980197163215e-02 4.801503826178670636e-02 1.266906475102652363e-01 1.122494962960457476e-01 3.130608650229380063e-02
1.164695332422279773e-02 6.077023939113006257e-02 6.536344907942200078e-02 0.000000000000000000e+00 0.000000000000000000e+00 1.625513907904579114e-01 6.665722376088621844e-03 5.482982998230172961e-03 0.000000000000000000e+00 2.688511722804599879e-02 0.000000000000000000e+00 2.590686993582818065e-01 8.373505792459386143e-03 1.008627147360729309e-02 3.680263734101028861e-02 3.017330701714932006e-02 0.000000000000000000e+00 1.179530355883868509e-01 3.215700269085148416e-02 1.660196855506561042e-01
2.330431146974022358e-02 3.807018475811550090e-02 1.280380336461715840e-02 1.575263615357314351e-01 1.018681535144850929e-02 1.587119336539126457e-01 0.000000000000000000e+00 2.510017450871874362e-02 6.644897236966709753e-02 1.012481135530888393e-02 1.402864840738299868e-01 2.088259662893469926e-01 0.000000000000000000e+00 1.700963251965583595e-02 2.038607025104825082e-02 0.000000000000000000e+00 2.763694048526238456e-02 0.000000000000000000e+00 8.165778206100657299e-02 1.919755952589810620e-03
1.012606867272647093e-01 1.401610073949139390e-01 0.000000000000000000e+00 1.748626106038965455e-01 1.591468389971819469e-02 9.190838184327729254e-02 1.803549423380201161e-02 5.918223828763519156e-02 0.000000000000000000e+00 7.312037707566321904e-03 3.369137312208803081e-02 1.631812467140544010e-01 0.000000000000000000e+00 1.032786570096612747e-02 1.602267454870850150e-01 1.780717211949372082e-04 1.529003632305520055e-02 0.000000000000000000e+00 8.467520233481988165e-03 0.000000000000000000e+00
1.218118837529231641e-01 1.169540075984924904e-01 2.125450339497756552e-02 0.000000000000000000e+00 0.000000000000000000e+00 5.776058660698494412e-02 0.000000000000000000e+00 7.771465325528372457e-03 3.101740896806775769e-02 0.000000000000000000e+00 1.192504169223077143e-01 1.789617268424891217e-01 0.000000000000000000e+00 5.221419823569606322e-02 1.588359924627949782e-01 1.007035044949690927e-01 6.450098227293221166e-03 2.502834449958142929e-02 1.985862667894175860e-03 0.000000000000000000e+00
7.211297287175032211e-02 0.000000000000000000e+00 0.000000000000000000e+00 7.583014824411219747e-03 0.000000000000000000e+00 3.133385069356415392e-02 0.000000000000000000e+00 0.000000000000000000e+00 2.485125248424539454e-02 2.603271658715033965e-02 1.374612158107021698e-01 1.936880728711770083e-01 8.474241536920392240e-03 2.080866349759605965e-02 6.492989023729511811e-02 1.438547732316611087e-03 9.778694387153839818e-02 4.618120401155317856e-02 2.452708746257022121e-01 2.204653834407727456e-02
2.175064754956684485e-02 8.390460446544628637e-02 1.721010514937182656e-01 0.000000000000000000e+00 1.034114691235092122e-02 1.038373468826535029e-01 0.000000000000000000e+00 1.954729065943166741e-02 8.850809073212624611e-03 0.000000000000000000e+00 2.300128158421253094e-02 1.450120682803746619e-01 2.357238297715920274e-03 8.097775294343322267e-04 7.535543710391880146e-02 1.538417085457770457e-03 7.080768529635916853e-02 1.270529698999199042e-01 1.134370967565485611e-01 2.029513112967827951e-02
2.842639510552483900e-02 1.802916741415699561e-03 7.541174601726203901e-04 1.778728395081260929e-03 8.742320723075059502e-03 4.080018010516478499e-02 4.328936635244824867e-03 8.524087033949671877e-02 1.580704604395829008e-02 0.000000000000000000e+00 2.139897084571747155e-01 7.173015363867943361e-02 6.129623771174883690e-02 2.673160554937258765e-02 1.604610887586827017e-01 0.000000000000000000e+00 1.587292460617309789e-02 5.243355645723059288e-02 4.213370705497298391e-02 1.676695062168310213e-01
2.398834383696299422e-02 9.158561496856755524e-02 5.531325381853204048e-02 1.560702273259678141e-01 4.014970535368372895e-02 5.101149947993412204e-02 0.000000000000000000e+00 0.000000000000000000e+00 1.519539910799619191e-02 2.774613387570659673e-02 7.572264980292393866e-02 4.563964230200509564e-02 9.817200650325024619e-03 2.939264543364836918e-02 1.655586241045368112e-01 9.097489666964041558e-03 0.000000000000000000e+00 9.249014384297418734e-02 6.855401459092343164e-02 4.266741183834794893e-02
2.626729390588291788e-02 5.948194457494242887e-02 6.488846213969792776e-02 1.341287892793279098e-02 7.105543420139540101e-03 0.000000000000000000e+00 0.000000000000000000e+00 2.202292602947917080e-02 0.000000000000000000e+00 5.928619045596303198e-03 0.000000000000000000e+00 1.306088039726790162e-01 1.875179572804947653e-02 9.295787811150345303e-02 4.032467569521239192e-02 4.603706600029704860e-02 2.375798046568580735e-02 5.209631090266793330e-02 1.375618661647577123e-01 2.587959549154759675e-01
2.631169900314600865e-02 0.000000000000000000e+00 0.000000000000000000e+00 8.226883660286224420e-02 1.040748555684590897e-02 6.245905998174415552e-02 3.354198935860182177e-04 9.762342188325179304e-02 3.433250503382703246e-03 0.000000000000000000e+00 3.913176639596104706e-02 1.418969488703189785e-01 9.822272252236062540e-02 1.846522972956611830e-01 1.774414510339313578e-01 2.569320472547520495e-02 4.042179160729558914e-03 0.000000000000000000e+00 0.000000000000000000e+00 4.608025657074325820e-02
0.000000000000000000e+00 1.086732670030472747e-01 1.908681275162387933e-02 2.956328368104202062e-02 3.183106979597974395e-02 1.310434502702024877e-02 2.558876916319292004e-03 0.000000000000000000e+00 4.214675574172717376e-02 0.000000000000000000e+00 8.632308333180710447e-03 1.768083608546932028e-01 0.000000000000000000e+00 0.000000000000000000e+00 1.759687648560421744e-02 1.344753265066139791e-01 1.197043353652534926e-02 0.000000000000000000e+00 7.641557818616384612e-02 3.271367051804589532e-01
4.012920129959449134e-02 0.000000000000000000e+00 4.914424342350026675e-02 2.246183152293282359e-01 0.000000000000000000e+00 5.238725589082740552e-02 0.000000000000000000e+00 7.699963455168988427e-04 3.936853560670211527e-02 1.866600949019231633e-03 1.054355818483960344e-01 8.640539695763106709e-02 9.031038928428301860e-02 1.212854908412759752e-01 1.318551745648292514e-02 1.434280747784329483e-03 0.000000000000000000e+00 1.489165324906270918e-02 1.587675408705952751e-01 0.000000000000000000e+00
8.849865686298287459e-02 3.646231442434996056e-02 5.210922400581319627e-03 2.873523504081472446e-02 2.433186005592166343e-02 7.244984097452165928e-02 1.032710922040593060e-02 1.188794563699160055e-02 0.000000000000000000e+00 0.000000000000000000e+00 1.103913556763771731e-01 7.210058037993778701e-02 2.708710505633147789e-02 1.215939342417291825e-02 0.000000000000000000e+00 7.073814051853304953e-03 4.404097289784354025e-02 1.701663125322241121e-01 1.799634218329757285e-01 9.911315953171427606e-02
3.682649637009443450e-02 1.482484523058232306e-01 1.315884707931728181e-01 1.729427020230517309e-02 1.985017323239056386e-02 0.000000000000000000e+00 3.109909391483793931e-02 0.000000000000000000e+00 2.699220707618599918e-02 7.309668635662076863e-03 5.414385463197891185e-02 5.911646067517947051e-02 1.515780558999189342e-01 2.403586668908689120e-02 1.887339426008003557e-02 1.586013538021801769e-02 3.499357789739332425e-02 5.891310512757136526e-03 6.485250347129560555e-02 1.514460080516194795e-01
2.534425108534889975e-02 8.726461137057935080e-02 7.285316611705216008e-03 7.926112529661481776e-02 1.801584734918789191e-02 0.000000000000000000e+00 0.000000000000000000e+00 5.976591208431435154e-02 1.319025721138772020e-02 5.230552149471302814e-02 7.137619304030771994e-02 2.694598076998894753e-01 9.911163026275491075e-03 1.211383317506660867e-01 0.000000000000000000e+00 3.381516961263357967e-04 0.000000000000000000e+00 1.939112505001348158e-02 5.893598844138402126e-02 1.070163967914860709e-01
0.000000000000000000e+00 3.587676733193928547e-02 0.000000000000000000e+00 1.549572263847313891e-01 1.282544025444841418e-02 1.115391675347824352e-01 0.000000000000000000e+00 2.699720564094489419e-02 0.000000000000000000e+00 3.240652280808033886e-02 7.190176735098417760e-02 1.760102863475242196e-01 1.034114941012033613e-02 1.035424439984205559e-02 1.369103550027465921e-01 5.340819053768440343e-03 1.341728447960097333e-02 4.819771490994654434e-02 3.941179533928165085e-02 1.135122537512583685e-01
2.078690561227737252e-02 1.125347665221471533e-01 9.082510293604075316e-03 9.324638162718449502e-03 1.745910249175201129e-02 4.162965269087420817e-02 0.000000000000000000e+00 5.486151870292790183e-04 6.277556484401171366e-02 2.496504300083301695e-02 0.000000000000000000e+00 2.089064965041793620e-01 5.644061400759891461e-02 0.000000000000000000e+00 0.000000000000000000e+00 8.950378940366976455e-02 0.000000000000000000e+00 1.172893999207078909e-02 1.644422444182297438e-01 1.698711168690041906e-01
1.281040587614949988e-01 3.221071951717654341e-02 1.718473287708350292e-04 2.649070102071177796e-02 6.688595297396207617e-02 0.000000000000000000e+00 0.000000000000000000e+00 0.000000000000000000e+00 0.000000000000000000e+00 2.547678667132658240e-02 1.681301082245303252e-02 2.465648663852263445e-01 1.281717319610002452e-03 9.435275125303276000e-02 3.825562908636459709e-03 0.000000000000000000e+00 3.001906776444604463e-02 2.176712451075858146e-01 6.343831417664608230e-02 4.669339798892066518e-02
1.490205073888126175e-01 8.522067917014446159e-02 1.309945234973340644e-01 3.883345997523456050e-02 1.801577189563556558e-02 3.679665480127864569e-02 0.000000000000000000e+00 0.000000000000000000e+00 1.112551196305939204e-02 7.008504431102083321e-02 0.000000000000000000e+00 2.567775981961297263e-02 0.000000000000000000e+00 1.075882303905661141e-01 1.766340876637616242e-01 1.282187086016527838e-02 8.348599155930401527e-02 2.351229097081380948e-02 3.368539220048998809e-03 2.681907651320725172e-02
0.000000000000000000e+00 9.944823199713359596e-02 2.027957290229651013e-03 0.000000000000000000e+00 4.176571265403682814e-02 5.129903869553327500e-02 6.993723022912384096e-03 0.000000000000000000e+00 5.661269237217352555e-03 7.516035603611736886e-03 1.379331492168745787e-01 1.594813079569617764e-01 5.671599080618655586e-02 1.005073680097312988e-01 1.486193754664358602e-01 0.000000000000000000e+00 4.394732036728769484e-03 1.227882068382881720e-01 0.000000000000000000e+00 5.484790116811820437e-02
0.000000000000000000e+00 0.000000000000000000e+00 2.129687349666801316e-02 5.283035833333375036e-02 0.000000000000000000e+00 1.513335273352198751e-01 2.017722122900092018e-03 6.099877470937381183e-03 4.211874904686373905e-02 5.252506455476021151e-03 9.015918258319144396e-02 1.278832068982722892e-01 0.000000000000000000e+00 1.760247333003422954e-02 3.076701514990666866e-02 1.569122055665652174e-02 1.158932921208678281e-02 1.227710865718149025e-01 1.702493698461074734e-01 1.323375015905308705e-01
2.486032800836498330e-02 1.375070813348180099e-01 1.082598576438018184e-01 0.000000000000000000e+00 1.375269901194176303e-01 2.764041796091160769e-02 0.000000000000000000e+00 0.000000000000000000e+00 2.433985269922620334e-02 2.113022481454025769e-02 0.000000000000000000e+00 1.752368551066714186e-01 0.000000000000000000e+00 2.508151126565006869e-02 2.295300388597355107e-02 9.469295156570686073e-03 0.000000000000000000e+00 1.220028350687823865e-01 1.639917469352714374e-01 0.000000000000000000e+00
2.788239618739429479e-02 1.969060251937753137e-01 8.313306012594796901e-02 7.155248918811452606e-03 1.406917702673914916e-01 1.485025921361714796e-01 0.000000000000000000e+00 0.000000000000000000e+00 0.000000000000000000e+00 2.678676577206765344e-02 9.277316863477304276e-03 1.670742381149953049e-01 2.258470498341574526e-02 3.606302362122824814e-03 2.899125496762636200e-02 1.238636220231965207e-01 0.000000000000000000e+00 1.145863043011710776e-02 2.086071653489229849e-03 0.000000000000000000e+00
0.000000000000000000e+00 1.747948614018709351e-02 1.429884704410394891e-01 1.475971924871095214e-02 3.193786614093459958e-02 2.153859502583601038e-01 0.000000000000000000e+00 1.289354852890149498e-02 0.000000000000000000e+00 0.000000000000000000e+00 3.046662336131388676e-02 5.576121211934579117e-03 9.961976427771175591e-02 9.815692981026717320e-04 3.849368179102495569e-02 5.817151456218629287e-03 2.310701828442399824e-03 4.990420420457122863e-03 1.777767539139221697e-01 1.985221716827380578e-01
5.070961048247753363e-04 1.133639539270410862e-01 7.573090987754747122e-03 3.909875745060404501e-02 2.110553663787519563e-03 0.000000000000000000e+00 1.003812100035306404e-03 2.215256945405808670e-02 4.896043542620118205e-02 2.121238940638158973e-02 2.937243035425415524e-02 1.737753479910786603e-01 0.000000000000000000e+00 9.627854439905952910e-02 9.453579207284235064e-03 1.128666868752872532e-01 1.556014449797064707e-02 8.500726551192042211e-04 0.000000000000000000e+00 3.058605354992578462e-01
3.651438557889387371e-02 1.159324768350859097e-01 0.000000000000000000e+00 2.849108709219897936e-02 1.425986702244274873e-01 7.756453507000374281e-02 0.000000000000000000e+00 4.887983370002044192e-02 0.000000000000000000e+00 2.153279420067558472e-02 0.000000000000000000e+00 1.405503348934550034e-01 1.093200867467607612e-01 2.611288764954030478e-02 1.602588839582904656e-01 0.000000000000000000e+00 0.000000000000000000e+00 0.000000000000000000e+00 0.000000000000000000e+00 9.224402405064749400e-02
1.005776578436280155e-01 0.000000000000000000e+00 0.000000000000000000e+00 1.564694353782352942e-01 4.852552281732441623e-03 6.799872179770795333e-02 0.000000000000000000e+00 1.417336536984919321e-02 0.000000000000000000e+00 0.000000000000000000e+00 0.000000000000000000e+00 1.757929525740571097e-01 0.000000000000000000e+00 1.108798454777923242e-01 2.479708127035517087e-02 2.834180354412659322e-02 2.127413578825911727e-02 7.203422932491437489e-03 0.000000000000000000e+00 2.876390257417653085e-01
0.000000000000000000e+00 3.996606211177720219e-02 6.478010357920681306e-02 7.851015014871265407e-02 1.392344443445719601e-02 2.592350975165106167e-02 8.478309333907176060e-03 3.174731746728799969e-03 2.784814379609316243e-02 3.458871422816732662e-03 1.148817851980377391e-01 1.639884479699472986e-01 0.000000000000000000e+00 6.347200498861062246e-02 6.520291475493334050e-03 0.000000000000000000e+00 1.462023172931123209e-03 2.308630882732989054e-01 1.529787970393358884e-02 1.374511528923965664e-01
0.000000000000000000e+00 6.272969833316416333e-02 0.000000000000000000e+00 1.212896708634175202e-01 8.183776305462367451e-03 5.967043042189981760e-04 0.000000000000000000e+00 1.977020473328665318e-02 3.493976551222648802e-02 2.705762993112237336e-02 3.285277515193864989e-02 1.336836721728869304e-01 2.054523513472835891e-02 1.214914495726732296e-01 1.035835880404934461e-01 8.495174041956352062e-02 1.700348518336575448e-04 1.018032095876145182e-01 6.872095127266600843e-03 1.194787499581023704e-01
5.376803216430400129e-02 2.221958099072191342e-02 0.000000000000000000e+00 3.103913494715295970e-02 0.000000000000000000e+00 5.596583013218664471e-02 0.000000000000000000e+00 6.700980802657987212e-04 2.166104102556339062e-02 4.221329866773418371e-02 1.617488413573544420e-02 1.850952008501607071e-01 0.000000000000000000e+00 1.144337618876174467e-01 1.439483640155731770e-01 1.116272828860109118e-02 1.566159466667741904e-03 2.699557197810306328e-02 4.365470409152902298e-03 2.687208429604596716e-01
3.518853560955897963e-02 6.371053985135828601e-02 3.546516450395332566e-03 1.451153316755747318e-02 4.788818099472780254e-02 6.175246844270731311e-02 4.842220358500197441e-02 3.227666658758809176e-02 3.181565655229042638e-02 0.000000000000000000e+00 5.775275551912141710e-03 1.653748368510085387e-01 6.565128726312007001e-02 1.097492597056806962e-01 1.629938125431660417e-02 0.000000000000000000e+00 9.446918751803566605e-02 3.966277568829178202e-02 5.096274500781398584e-03 1.588094204256674524e-01
0.000000000000000000e+00 1.598033777166844860e-01 2.278345023548812836e-03 1.292508744429500880e-02 1.265292691432630401e-01 3.939166030477375680e-02 0.000000000000000000e+00 5.848477861364784550e-03 0.000000000000000000e+00 0.000000000000000000e+00 2.809526550537887885e-02 1.007947612722295272e-01 3.929565040251085939e-02 4.308478174098366587e-02 0.000000000000000000e+00 0.000000000000000000e+00 5.140281987275344133e-02 2.724240563264879872e-02 2.456500329365610413e-01 1.176580651430038787e-01
9.633468408241543934e-03 8.351680896721436209e-02 1.214242058477656150e-01 1.196287235116350600e-01 1.901744119769341324e-02 2.790723116811198376e-02 0.000000000000000000e+00 0.000000000000000000e+00 5.146712134515987747e-02 0.000000000000000000e+00 9.148657682502012167e-02 1.550932708575702978e-01 3.595517567017413822e-03 3.714004494796294131e-02 5.719285687404862539e-02 0.000000000000000000e+00 0.000000000000000000e+00 1.467286206499801016e-01 6.963510453668826693e-04 7.547176078721172521e-02
5.621435741225354332e-02 1.087354471939612315e-02 0.000000000000000000e+00 7.586116730544635589e-02 1.349075973758263047e-01 7.573056857888883081e-03 5.264370568905915593e-02 1.231154499116769718e-02 0.000000000000000000e+00 9.845546330739885291e-04 8.810380806086868296e-04 1.679908762571328262e-01 0.000000000000000000e+00 1.318490096050898008e-01 1.770789393583467319e-01 5.051230511135744450e-02 4.451164579016474859e-02 1.210739597853083618e-02 4.774705339904061069e-02 1.595220743561628560e-02
2.210319791237478834e-02 0.000000000000000000e+00 0.000000000000000000e+00 1.671635016505259863e-01 0.000000000000000000e+00 7.982779755045445180e-03 0.000000000000000000e+00 9.790711216386943638e-02 2.506772021496574826e-02 8.284207118388594096e-03 1.893996603172812048e-03 1.704591668285516948e-01 1.110544081142620168e-02 1.168775956063692056e-01 9.370025216868063667e-02 1.056002841449972113e-01 3.400287201274354576e-02 2.364395176251223724e-03 3.152890732102099636e-02 1.039585705116164854e-01
1.165979623421440070e-01 3.819876330265375985e-02 1.559603734570078060e-01 1.400525171906171484e-01 9.756441630163096429e-03 2.689764444717458736e-02 6.531266938509768145e-03 0.000000000000000000e+00 1.509429500746448279e-02 6.503135833444839350e-03 3.258655014228551555e-02 1.051109505602409455e-01 2.740199635773196002e-02 5.600582754699431898e-02 1.220352758886008616e-02 1.273581094713769485e-02 1.928225016550021761e-03 9.662281156986915866e-04 1.455512020160342271e-02 2.209133633737177527e-01
8.355413249000439094e-04 4.299782163132039037e-02 1.278992563259905846e-01 2.196411921910787143e-02 1.395578220675858412e-02 1.627826680185433944e-02 2.776087029994054548e-03 2.109556128735696687e-02 0.000000000000000000e+00 1.700401952561282973e-02 0.000000000000000000e+00 1.332074931250750993e-01 8.803767947531819515e-02 1.242819998713930035e-01 7.863710860417486709e-03 2.221088529224383989e-02 1.813691997007363388e-02 1.997736989031553556e-01 3.723776108032025162e-02 1.044433960691076441e-01
3.502393938301362475e-02 3.917347347566944166e-02 1.429787956183978855e-03 1.584676918885603164e-02 3.808236645332302439e-02 5.884810012912906202e-02 0.000000000000000000e+00 1.197941852819581036e-02 0.000000000000000000e+00 6.510655412442996380e-04 7.806621046615036530e-02 1.831309149576175188e-01 5.803919582565379882e-03 3.360935269618706839e-02 9.639541292477779577e-03 6.076500094088996447e-03 9.961627846614615200e-02 1.259111491172050235e-01 1.754238227430113817e-01 8.168738992893502526e-02
4.766053109759620034e-04 4.069617664525633505e-02 2.645538857112952023e-03 6.804010362964349468e-02 0.000000000000000000e+00 1.810230338841132061e-02 0.000000000000000000e+00 1.627670034716413583e-02 2.377004831670631937e-02 0.000000000000000000e+00 1.686596021709582324e-03 1.376172103965989935e-01 5.834554667200738537e-02 1.052968451546900663e-01 9.677869373470390432e-03 0.000000000000000000e+00 5.989451101282126932e-02 1.181198528825293803e-01 1.499101767848134426e-01 1.894439152060890530e-01
