0.000000000000000000e+00 1.300029380318996029e-02 1.049982253117113379e-01 1.270233039326506830e-01 1.749697476732341855e-02 0.000000000000000000e+00 0.000000000000000000e+00 3.799084349726826459e-02 0.000000000000000000e+00 0.000000000000000000e+00 0.000000000000000000e+00 0.000000000000000000e+00 0.000000000000000000e+00 3.857974792024444766e-02 1.734905973902163556e-01 0.000000000000000000e+00 0.000000000000000000e+00 5.662832377568189496e-02 6.316189246052009154e-02 1.063926914603618434e-01 4.984115895285122499e-02 0.000000000000000000e+00 1.415515936052994146e-02 6.598387228575627872e-03 1.906424001388749567e-01
0.000000000000000000e+00 5.720110236945621929e-02 0.000000000000000000e+00 0.000000000000000000e+00 1.744878342760328993e-01 0.000000000000000000e+00 0.000000000000000000e+00 0.000000000000000000e+00 0.000000000000000000e+00 0.000000000000000000e+00 0.000000000000000000e+00 0.000000000000000000e+00 0.000000000000000000e+00 1.566771783222243586e-01 1.917706033035430635e-01 1.294285432384210954e-01 0.000000000000000000e+00 0.000000000000000000e+00 0.000000000000000000e+00 0.000000000000000000e+00 0.000000000000000000e+00 0.000000000000000000e+00 3.323244390443363949e-02 2.348005310060849171e-01 2.240176357980368238e-02
5.967160163638966092e-02 0.000000000000000000e+00 0.000000000000000000e+00 1.260635221998576971e-01 0.000000000000000000e+00 0.000000000000000000e+00 4.538287081629357317e-02 1.021570931591170295e-01 0.000000000000000000e+00 0.000000000000000000e+00 9.187820342486552327e-02 0.000000000000000000e+00 0.000000000000000000e+00 5.479370943361026869e-02 2.271768012045797536e-01 0.000000000000000000e+00 0.000000000000000000e+00 1.018990071791988916e-01 1.487713666092059213e-03 6.908351781890378039e-03 0.000000000000000000e+00 0.000000000000000000e+00 1.455960208273759382e-01 3.698510467072926855e-02 0.000000000000000000e+00
7.545499609663133822e-02 5.242603425367484138e-02 4.161747600322301954e-02 1.312247431424537203e-01 1.276468864922596438e-02 0.000000000000000000e+00 0.000000000000000000e+00 1.493381403913378869e-01 2.095619018940284364e-02 3.464806829230650947e-02 0.000000000000000000e+00 8.842493732805056100e-03 0.000000000000000000e+00 0.000000000000000000e+00 1.381304325007993439e-01 0.000000000000000000e+00 0.000000000000000000e+00 0.000000000000000000e+00 0.000000000000000000e+00 0.000000000000000000e+00 0.000000000000000000e+00 0.000000000000000000e+00 1.212093090422960567e-01 2.133874277058434299e-01 0.000000000000000000e+00
0.000000000000000000e+00 1.339973768955832201e-01 0.000000000000000000e+00 0.000000000000000000e+00 0.000000000000000000e+00 4.514131355405003043e-02 1.077557464438057278e-01 0.000000000000000000e+00 0.000000000000000000e+00 0.000000000000000000e+00 0.000000000000000000e+00 0.000000000000000000e+00 0.000000000000000000e+00 0.000000000000000000e+00 1.903579228470403950e-01 0.000000000000000000e+00 0.000000000000000000e+00 3.381785122244286568e-02 3.124850975977116682e-02 0.000000000000000000e+00 0.000000000000000000e+00 7.651522740379103349e-02 1.795615472730090201e-01 2.016045046005065788e-01 0.000000000000000000e+00
0.000000000000000000e+00 0.000000000000000000e+00 5.113690743215192069e-02 1.280614678718928756e-01 1.906152023670589510e-03 0.000000000000000000e+00 1.890382480777503538e-01 1.363448065579291046e-01 0.000000000000000000e+00 0.000000000000000000e+00 0.000000000000000000e+00 0.000000000000000000e+00 0.000000000000000000e+00 0.000000000000000000e+00 1.318550385872324926e-01 6.341504106706909345e-03 0.000000000000000000e+00 1.800097376798178231e-02 1.096176356227156375e-02 3.968550233525513539e-03 0.000000000000000000e+00 0.000000000000000000e+00 1.686798741572887450e-01 1.374782219482844625e-01 1.622649167331378234e-02
1.436281377219144062e-01 3.816146943362410532e-02 0.000000000000000000e+00 0.000000000000000000e+00 1.425064920735313323e-01 0.000000000000000000e+00 0.000000000000000000e+00 1.155699861011911939e-01 0.000000000000000000e+00 0.000000000000000000e+00 0.000000000000000000e+00 0.000000000000000000e+00 1.951329811098870270e-02 0.000000000000000000e+00 1.869792153969697945e-01 0.000000000000000000e+00 0.000000000000000000e+00 0.000000000000000000e+00 2.262214055014268588e-01 0.000000000000000000e+00 0.000000000000000000e+00 0.000000000000000000e+00 0.000000000000000000e+00 0.000000000000000000e+00 1.274199956603536688e-01
1.022876210110865020e-01 3.002793957990848236e-02 0.000000000000000000e+00 2.557571215051040667e-02 1.154024006653933286e-03 0.000000000000000000e+00 0.000000000000000000e+00 0.000000000000000000e+00 0.000000000000000000e+00 4.165777182022580016e-02 0.000000000000000000e+00 0.000000000000000000e+00 1.101046366485024892e-03 2.768708310721367666e-02 1.912620335218697953e-01 0.000000000000000000e+00 1.361457695855017580e-01 1.499741695474286207e-01 1.969106977173141690e-02 1.087799781937942162e-01 0.000000000000000000e+00 0.000000000000000000e+00 1.272167996656204114e-01 2.105062626205343214e-03 3.533391904576452247e-02
8.305418283094831433e-02 0.000000000000000000e+00 2.462178342077389961e-02 1.250558666042204392e-01 1.756764575054518135e-02 0.000000000000000000e+00 1.676946586954227159e-01 8.051301627186784049e-02 0.000000000000000000e+00 0.000000000000000000e+00 0.000000000000000000e+00 0.000000000000000000e+00 0.000000000000000000e+00 0.000000000000000000e+00 1.753636319747668149e-01 0.000000000000000000e+00 6.638383834987780785e-02 1.227571917390160444e-01 5.726973093074656492e-04 7.110021270007889360e-02 0.000000000000000000e+00 3.381284911330420528e-02 7.257035718001347835e-03 2.329168026746050724e-02 9.537092544084990004e-04
4.998598460591423438e-03 7.545745866028348570e-02 0.000000000000000000e+00 3.412156831178726063e-02 1.092135523976318044e-02 0.000000000000000000e+00 1.879487778619581273e-01 2.545506485572345268e-01 0.000000000000000000e+00 0.000000000000000000e+00 0.000000000000000000e+00 0.000000000000000000e+00 0.000000000000000000e+00 3.710372447777354060e-02 1.707119852158332785e-01 5.280457808130313221e-03 0.000000000000000000e+00 0.000000000000000000e+00 6.583305477135843742e-02 0.000000000000000000e+00 0.000000000000000000e+00 0.000000000000000000e+00 0.000000000000000000e+00 2.933264448676517824e-02 1.237397261485212036e-01
0.000000000000000000e+00 0.000000000000000000e+00 6.694174975154791769e-03 0.000000000000000000e+00 0.000000000000000000e+00 6.768976359043162028e-02 1.465538067980856340e-01 4.282314709176018863e-02 0.000000000000000000e+00 0.000000000000000000e+00 1.001374768118946349e-04 2.866865780012950796e-02 1.022529958182474136e-02 0.000000000000000000e+00 2.584481520704313140e-01 0.000000000000000000e+00 9.510522381493656530e-02 1.221309959182689808e-01 1.231120617024662189e-01 1.523279613493656696e-02 0.000000000000000000e+00 1.418975726911022965e-02 6.902602577565192243e-02 0.000000000000000000e+00 0.000000000000000000e+00
1.016148686063068039e-02 5.112133076152735461e-02 1.152086317224877837e-01 0.000000000000000000e+00 1.518606663089706876e-02 1.116577775130028240e-02 0.000000000000000000e+00 3.038388697641426078e-02 0.000000000000000000e+00 0.000000000000000000e+00 0.000000000000000000e+00 0.000000000000000000e+00 0.000000000000000000e+00 0.000000000000000000e+00 1.473395961546457300e-01 1.687394948057215419e-02 0.000000000000000000e+00 0.000000000000000000e+00 1.462524977074948496e-01 6.848985923190524169e-03 0.000000000000000000e+00 1.276694696756192071e-01 1.369329164654426723e-01 3.850726023769547590e-02 1.463481436520818746e-01
1.965676904234118783e-01 1.181250666544402667e-01 0.000000000000000000e+00 2.918574961506700122e-02 0.000000000000000000e+00 1.833947306165945382e-02 1.256191206205120869e-01 0.000000000000000000e+00 0.000000000000000000e+00 0.000000000000000000e+00 0.000000000000000000e+00 0.000000000000000000e+00 0.000000000000000000e+00 1.115928463843477401e-02 0.000000000000000000e+00 1.470778063943346987e-02 0.000000000000000000e+00 1.797812241324147145e-02 2.158408035243674361e-01 3.620341870186379735e-02 6.821678273015610583e-02 0.000000000000000000e+00 0.000000000000000000e+00 0.000000000000000000e+00 1.480567069774122169e-01
0.000000000000000000e+00 7.129380222538700407e-02 0.000000000000000000e+00 0.000000000000000000e+00 0.000000000000000000e+00 0.000000000000000000e+00 2.236761087629460798e-01 0.000000000000000000e+00 0.000000000000000000e+00 0.000000000000000000e+00 9.360732460137723143e-03 0.000000000000000000e+00 0.000000000000000000e+00 1.669239654653527638e-01 5.670153999000644186e-03 1.228955436102563692e-01 0.000000000000000000e+00 0.000000000000000000e+00 3.407471917485268564e-01 2.056225937349545618e-02 0.000000000000000000e+00 0.000000000000000000e+00 0.000000000000000000e+00 0.000000000000000000e+00 3.887024235489722201e-02
3.930930820350178601e-02 0.000000000000000000e+00 1.083825550977792762e-01 0.000000000000000000e+00 3.499311899876705184e-02 1.085655848615654090e-01 8.631527217570141020e-02 5.172292794943225171e-03 1.303542233615218732e-03 3.070002010328748334e-03 0.000000000000000000e+00 0.000000000000000000e+00 0.000000000000000000e+00 0.000000000000000000e+00 4.401523223308265176e-02 0.000000000000000000e+00 1.498414166147511439e-01 1.716386870883110025e-02 4.250209688432973060e-02 0.000000000000000000e+00 0.000000000000000000e+00 1.386377560156662990e-02 1.527238442737655078e-01 1.895534089944844475e-03 1.908825552175263396e-01
0.000000000000000000e+00 0.000000000000000000e+00 0.000000000000000000e+00 1.471586199043261878e-01 1.890226992795035477e-01 0.000000000000000000e+00 0.000000000000000000e+00 0.000000000000000000e+00 0.000000000000000000e+00 0.000000000000000000e+00 0.000000000000000000e+00 0.000000000000000000e+00 1.554425091110169660e-02 0.000000000000000000e+00 1.786801989350092212e-01 0.000000000000000000e+00 1.368500216431529637e-01 1.738372981353215191e-02 2.261723163282875204e-01 0.000000000000000000e+00 0.000000000000000000e+00 0.000000000000000000e+00 6.446200675585384010e-02 0.000000000000000000e+00 2.472615642923283938e-02
0.000000000000000000e+00 1.352385167764289520e-01 0.000000000000000000e+00 0.000000000000000000e+00 1.811610702965328334e-01 9.052755092036561535e-03 0.000000000000000000e+00 0.000000000000000000e+00 0.000000000000000000e+00 3.744838896811551743e-02 3.672644332412199845e-03 0.000000000000000000e+00 0.000000000000000000e+00 1.608925934842703187e-01 1.979806548314467229e-01 0.000000000000000000e+00 0.000000000000000000e+00 6.431839684398568679e-02 4.046080168722873682e-02 0.000000000000000000e+00 0.000000000000000000e+00 0.000000000000000000e+00 1.697741776875424657e-01 0.000000000000000000e+00 0.000000000000000000e+00
8.051318354537639888e-02 0.000000000000000000e+00 3.361823204803218723e-02 0.000000000000000000e+00 0.000000000000000000e+00 0.000000000000000000e+00 2.282147635271604136e-01 1.498261828594750211e-01 0.000000000000000000e+00 0.000000000000000000e+00 0.000000000000000000e+00 0.000000000000000000e+00 0.000000000000000000e+00 0.000000000000000000e+00 1.244119746076857297e-01 1.364668276840716454e-02 0.000000000000000000e+00 0.000000000000000000e+00 1.972589472877089856e-01 1.584994857041384375e-02 0.000000000000000000e+00 7.172917955503398113e-02 0.000000000000000000e+00 0.000000000000000000e+00 8.493090523070630227e-02
9.435809055928809364e-02 1.365998560346233688e-02 0.000000000000000000e+00 0.000000000000000000e+00 1.102160932112967659e-02 0.000000000000000000e+00 9.739431102534001905e-03 4.812194343468496199e-02 0.000000000000000000e+00 4.092746676306403125e-02 1.874224037316492633e-04 0.000000000000000000e+00 0.000000000000000000e+00 7.984974383700644759e-03 2.892092596687805828e-01 0.000000000000000000e+00 0.000000000000000000e+00 1.525369768146916105e-01 0.000000000000000000e+00 2.506154390848524746e-02 4.515287363729023756e-02 1.036239575744521135e-01 1.812306370663207405e-02 0.000000000000000000e+00 1.402914011180726450e-01
1.029999779109523339e-01 0.000000000000000000e+00 0.000000000000000000e+00 1.210293392585187200e-01 1.020570626689902734e-02 1.485129923352683859e-02 0.000000000000000000e+00 1.595162195203470024e-02 0.000000000000000000e+00 1.317077689847316688e-03 0.000000000000000000e+00 0.000000000000000000e+00 3.756347252703597789e-02 2.006450750617084708e-02 1.724492929883287839e-01 3.798249796671115258e-02 1.151484289368785155e-03 7.380807440103492878e-02 0.000000000000000000e+00 0.000000000000000000e+00 1.948801600117085545e-02 1.261172352369827609e-01 7.851135569217755628e-02 2.612236510913408527e-02 1.403866759701052069e-01
0.000000000000000000e+00 5.192691187020426896e-02 0.000000000000000000e+00 0.000000000000000000e+00 8.566310703617378841e-02 1.683922624825031356e-01 2.269336030198905105e-02 1.207226240225187097e-02 0.000000000000000000e+00 1.592371516627573771e-02 0.000000000000000000e+00 1.234666729679841264e-02 4.645102616044095856e-02 2.799359720028513424e-02 1.926177836412225342e-01 0.000000000000000000e+00 0.000000000000000000e+00 1.279587382215354452e-01 0.000000000000000000e+00 1.008172082434969502e-02 0.000000000000000000e+00 0.000000000000000000e+00 1.373251045775389090e-01 0.000000000000000000e+00 8.855374281843103601e-02
0.000000000000000000e+00 1.461612650613150211e-01 3.974894272679091456e-02 0.000000000000000000e+00 1.545822731479351564e-01 0.000000000000000000e+00 3.712664118231838450e-02 0.000000000000000000e+00 0.000000000000000000e+00 1.377080668031489541e-01 0.000000000000000000e+00 0.000000000000000000e+00 0.000000000000000000e+00 6.019777575243046019e-02 1.988211581739519618e-01 0.000000000000000000e+00 0.000000000000000000e+00 8.517734995503981055e-02 0.000000000000000000e+00 1.287557275195820583e-02 0.000000000000000000e+00 0.000000000000000000e+00 0.000000000000000000e+00 1.091299307470586510e-01 1.847102369805236899e-02
1.326264475688221922e-01 0.000000000000000000e+00 0.000000000000000000e+00 0.000000000000000000e+00 3.873161437696395759e-02 0.000000000000000000e+00 2.998151200276212222e-02 2.484921543737632355e-02 2.823862268978746468e-02 0.000000000000000000e+00 0.000000000000000000e+00 1.261932092113094220e-02 0.000000000000000000e+00 0.000000000000000000e+00 2.146699411453664719e-01 0.000000000000000000e+00 0.000000000000000000e+00 8.863811614819377960e-02 0.000000000000000000e+00 0.000000000000000000e+00 2.237808715579935395e-02 3.702400132863938736e-02 2.451219394962421694e-01 0.000000000000000000e+00 1.251211817289157868e-01
1.121749103634098327e-01 0.000000000000000000e+00 0.000000000000000000e+00 1.360579852900079545e-01 3.082097979168542043e-02 0.000000000000000000e+00 2.381324493393331167e-03 0.000000000000000000e+00 0.000000000000000000e+00 0.000000000000000000e+00 0.000000000000000000e+00 0.000000000000000000e+00 0.000000000000000000e+00 0.000000000000000000e+00 1.719545354787709313e-01 1.932659303614578383e-02 1.241619914478214459e-01 0.000000000000000000e+00 2.015571202355902758e-01 0.000000000000000000e+00 1.965347872675608093e-02 3.647322214289370340e-02 1.454378589935253208e-01 0.000000000000000000e+00 0.000000000000000000e+00
4.149809465315773549e-02 0.000000000000000000e+00 1.039220078157717803e-01 0.000000000000000000e+00 5.273066450491070700e-02 0.000000000000000000e+00 0.000000000000000000e+00 1.146715637825087702e-01 0.000000000000000000e+00 1.978984594683492332e-02 0.000000000000000000e+00 3.045503227009175098e-02 0.000000000000000000e+00 1.218991030142928395e-01 2.160920619343178750e-01 0.000000000000000000e+00 0.000000000000000000e+00 0.000000000000000000e+00 5.109214274720400711e-02 0.000000000000000000e+00 0.000000000000000000e+00 2.819484485766363471e-02 6.531414065231085087e-02 0.000000000000000000e+00 1.543404978209351186e-01
9.223290981640802633e-02 4.358357630528763953e-03 2.484827823238125455e-02 0.000000000000000000e+00 0.000000000000000000e+00 9.828711889828374570e-02 1.379824980947118584e-01 0.000000000000000000e+00 0.000000000000000000e+00 0.000000000000000000e+00 0.000000000000000000e+00 7.530044876396839448e-02 0.000000000000000000e+00 1.559968127627562040e-01 1.570253811778805353e-01 0.000000000000000000e+00 4.422868704718727062e-02 1.640971087555095353e-01 0.000000000000000000e+00 0.000000000000000000e+00 0.000000000000000000e+00 4.564239882038432367e-02 0.000000000000000000e+00 0.000000000000000000e+00 0.000000000000000000e+00
1.784967631235362048e-02 0.000000000000000000e+00 8.576310340090402551e-02 0.000000000000000000e+00 1.884572684932756259e-01 0.000000000000000000e+00 0.000000000000000000e+00 1.541487123921572722e-01 0.000000000000000000e+00 2.336211941986946622e-02 3.712683863173236055e-03 0.000000000000000000e+00 0.000000000000000000e+00 0.000000000000000000e+00 1.252635115833108286e-03 0.000000000000000000e+00 0.000000000000000000e+00 1.493697441161810358e-01 0.000000000000000000e+00 0.000000000000000000e+00 3.889404762100907506e-03 1.404536140926493093e-01 0.000000000000000000e+00 2.317410380315023388e-01 0.000000000000000000e+00
0.000000000000000000e+00 1.020589457856181138e-02 1.283752417368898835e-01 5.938218655661569451e-02 0.000000000000000000e+00 0.000000000000000000e+00 5.414828831300493722e-02 1.131931840411548942e-02 0.000000000000000000e+00 0.000000000000000000e+00 0.000000000000000000e+00 0.000000000000000000e+00 0.000000000000000000e+00 0.000000000000000000e+00 1.797106791911375345e-01 0.000000000000000000e+00 1.360816736659024584e-01 2.424343238321069807e-02 1.606315882775087231e-02 0.000000000000000000e+00 2.390480110406558584e-02 0.000000000000000000e+00 2.340657103452776500e-01 1.850499817026949115e-02 1.039946167231980551e-01
9.763256896686403619e-02 0.000000000000000000e+00 0.000000000000000000e+00 7.678851956345209007e-02 6.579725077313198188e-03 0.000000000000000000e+00 8.024086607661432002e-02 2.270408902222954828e-01 0.000000000000000000e+00 0.000000000000000000e+00 0.000000000000000000e+00 0.000000000000000000e+00 0.000000000000000000e+00 0.000000000000000000e+00 8.963695250265349065e-03 0.000000000000000000e+00 0.000000000000000000e+00 9.000052702144460681e-02 0.000000000000000000e+00 0.000000000000000000e+00 0.000000000000000000e+00 4.347935635482384070e-02 1.261126491432532082e-01 2.153891175424107185e-01 2.777208478126315730e-02
0.000000000000000000e+00 1.788022752452141182e-03 0.000000000000000000e+00 1.358870050876721525e-01 0.000000000000000000e+00 0.000000000000000000e+00 1.914575764804818392e-01 0.000000000000000000e+00 0.000000000000000000e+00 0.000000000000000000e+00 0.000000000000000000e+00 0.000000000000000000e+00 2.337676367848189529e-04 0.000000000000000000e+00 1.866401419163151720e-01 0.000000000000000000e+00 0.000000000000000000e+00 1.192597212788867739e-01 2.451373910356218280e-02 1.227746863351572709e-01 0.000000000000000000e+00 1.040673030584644777e-04 0.000000000000000000e+00 2.173412721056292296e-01 0.000000000000000000e+00
0.000000000000000000e+00 5.112519489037255921e-02 1.440972189240322457e-02 1.375952692662519294e-01 0.000000000000000000e+00 0.000000000000000000e+00 1.478505952645728927e-01 1.248078961056588859e-01 0.000000000000000000e+00 0.000000000000000000e+00 0.000000000000000000e+00 1.658412692352099690e-02 1.098459920691200256e-02 8.119089520898879753e-02 1.799168209155829201e-01 0.000000000000000000e+00 0.000000000000000000e+00 2.886838032102082008e-02 2.066665000047149259e-01 0.000000000000000000e+00 0.000000000000000000e+00 0.000000000000000000e+00 0.000000000000000000e+00 0.000000000000000000e+00 0.000000000000000000e+00
4.623163394308589524e-02 9.624415212027154221e-02 0.000000000000000000e+00 0.000000000000000000e+00 0.000000000000000000e+00 0.000000000000000000e+00 1.425663414954697339e-01 9.192880125864581753e-02 0.000000000000000000e+00 0.000000000000000000e+00 6.820718359467230207e-03 1.041330042205373257e-02 0.000000000000000000e+00 0.000000000000000000e+00 3.853154685487260311e-02 3.312010160895289407e-02 0.000000000000000000e+00 8.023503646312836468e-02 9.883774855290990147e-02 1.107108533648523269e-01 0.000000000000000000e+00 5.751918700006319884e-02 0.000000000000000000e+00 1.147004703269031700e-01 7.214010822932356848e-02
0.000000000000000000e+00 0.000000000000000000e+00 0.000000000000000000e+00 1.297620700664082194e-01 0.000000000000000000e+00 0.000000000000000000e+00 2.653571785853636733e-01 0.000000000000000000e+00 0.000000000000000000e+00 0.000000000000000000e+00 0.000000000000000000e+00 0.000000000000000000e+00 0.000000000000000000e+00 0.000000000000000000e+00 2.016770089853270886e-01 0.000000000000000000e+00 2.029361649074326937e-02 0.000000000000000000e+00 2.273010065641782596e-01 1.267739185802759239e-01 0.000000000000000000e+00 0.000000000000000000e+00 0.000000000000000000e+00 0.000000000000000000e+00 2.883520072770337853e-02
1.334979782307516849e-01 6.353445566781512621e-02 0.000000000000000000e+00 0.000000000000000000e+00 0.000000000000000000e+00 0.000000000000000000e+00 1.873983183381925377e-01 0.000000000000000000e+00 0.000000000000000000e+00 0.000000000000000000e+00 0.000000000000000000e+00 0.000000000000000000e+00 0.000000000000000000e+00 0.000000000000000000e+00 5.219982302125537182e-02 0.000000000000000000e+00 0.000000000000000000e+00 1.255061007039569576e-01 0.000000000000000000e+00 0.000000000000000000e+00 0.000000000000000000e+00 1.410647178678352542e-01 7.195119725353364692e-02 2.248474089166593304e-01 0.000000000000000000e+00
1.443445270535104186e-01 1.065775589506725435e-01 0.000000000000000000e+00 0.000000000000000000e+00 0.000000000000000000e+00 0.000000000000000000e+00 0.000000000000000000e+00 8.910657361401407017e-02 0.000000000000000000e+00 0.000000000000000000e+00 0.000000000000000000e+00 0.000000000000000000e+00 0.000000000000000000e+00 1.068021351035039479e-02 8.726115827560859683e-02 0.000000000000000000e+00 3.734759102082128857e-02 0.000000000000000000e+00 1.747958443568053272e-02 1.020950359615233893e-01 0.000000000000000000e+00 2.951762500331695047e-03 0.000000000000000000e+00 2.336095439383368555e-01 1.685464507391502831e-01
