0.000000000000000000e+00 1.171772862405794924e-01 2.698119204864104712e-02 2.261881051374658742e-03 3.064527333156642427e-02 1.031739701638289125e-01 3.598446182646939523e-02 2.509046098415413859e-03 4.938306673739041933e-03 1.092778911888602107e-02 5.158945158775923683e-03 1.080388766477372378e-02 4.917831607562292689e-04 2.960071591978877828e-05 1.110396590034252035e-01 8.499959753877382729e-02 1.299013667246200765e-01 3.113106261265807199e-03 7.512073224858382969e-02 1.846934353801787249e-02 1.967759110986697438e-02 8.499789188040611509e-03 4.546620997585430063e-02 1.597995163601290472e-02 1.366492295218124653e-01
1.811591655185829097e-02 1.097641438903804861e-01 1.240741398520461142e-01 3.083519543828907531e-04 6.660167257133259300e-02 2.211068667014879155e-03 6.905735516531281808e-03 4.442720051808696224e-02 1.709103757189209293e-04 1.238980053966059515e-02 2.252287749974254526e-03 5.067544912687755448e-02 1.548876642275698844e-02 1.091980348435053413e-02 9.585233560031136690e-02 4.087021992737649607e-03 1.387197407371590363e-01 1.597329294385364459e-02 4.197669798161188411e-03 3.703597505832106982e-03 8.593941000767191252e-02 3.513643795432078859e-02 0.000000000000000000e+00 1.447687690498912494e-01 7.316477189088688333e-03
1.003653184397407250e-03 9.053776255437415155e-02 3.930056705543050199e-02 2.615550317915139433e-03 8.164730626376373590e-02 1.037329679169789014e-02 1.707634755560694384e-01 2.278426457054997037e-02 1.178053853873213541e-03 2.443469614689797523e-02 0.000000000000000000e+00 5.388974919645194567e-02 1.568151939000500669e-03 6.442892496796391979e-04 2.246987340586486387e-02 0.000000000000000000e+00 8.876037275423125095e-03 1.415646729991962283e-01 5.182272086047919751e-02 1.576551561992845241e-01 0.000000000000000000e+00 3.083038074238736090e-02 1.548730661874318099e-02 2.823789200966938737e-02 4.231514320885051278e-02
0.000000000000000000e+00 5.965026247965495715e-02 1.747699641357411404e-02 1.703999240462411580e-03 3.476765301487956539e-02 2.557884820871224318e-02 1.973400239158678293e-01 8.592530310038844210e-02 1.031147618121880773e-03 1.418212723604376363e-02 2.117110264672720382e-04 5.996617036041886756e-02 0.000000000000000000e+00 0.000000000000000000e+00 1.147463107129299310e-02 2.318502870100558680e-02 9.221380858031331257e-03 1.127207281504946229e-01 2.874731206852850114e-03 9.098854189814559873e-03 3.246301294312135821e-02 1.725834376183712354e-02 2.601453296329205717e-02 1.266258940724525328e-01 1.312286194672135919e-01
9.087182639985277519e-03 4.260177132981927961e-03 1.942833623437030532e-02 3.562940097106686091e-03 3.090074099249622008e-02 2.854485285428202696e-03 4.795862272568855722e-02 1.373012998784433336e-01 2.760756879017637472e-02 1.623792495932369628e-01 0.000000000000000000e+00 2.651042611202203414e-02 6.550093516351189991e-03 0.000000000000000000e+00 7.404868296919701887e-02 4.547505769959839933e-02 6.310683884626858142e-02 1.486971590531755566e-03 1.130014715982873702e-02 5.391695444121814840e-02 2.549284081044986966e-02 4.495741934232340420e-02 1.824669041487687968e-03 1.338142540710958450e-01 6.617504102971337454e-02
0.000000000000000000e+00 5.174963821565504302e-02 6.608823349106109080e-02 0.000000000000000000e+00 7.245832392489502498e-03 0.000000000000000000e+00 1.465843639299783396e-01 4.964919417990337064e-02 4.077638881089242981e-03 9.833160727216795627e-02 1.070619175248400598e-02 4.793365197322200372e-02 5.412001406132506583e-03 4.229923863338473644e-03 1.427811099332047806e-01 9.668581452374633289e-02 8.062528613922679416e-03 1.821237407543378067e-02 5.573697839550801128e-03 0.000000000000000000e+00 2.211431139514431418e-02 2.012624915483424148e-02 3.839404938784391624e-03 3.628771269481691208e-02 1.543085194730402510e-01
4.077733349152161402e-02 3.335902345352844550e-02 1.248320137444992456e-01 2.462814566898690813e-02 1.545700620653199520e-01 0.000000000000000000e+00 1.364555275378755150e-01 1.323797241657913293e-01 8.170757476466117275e-04 8.215956534068277403e-03 1.776900963180126462e-03 6.137273112449475460e-03 1.006440975746164361e-03 0.000000000000000000e+00 2.799857626767875834e-02 1.621545484386521839e-03 7.603857356162783184e-04 1.602022093861468766e-02 6.440661758671128827e-03 0.000000000000000000e+00 0.000000000000000000e+00 2.267382820171937822e-03 1.377372916775964906e-01 2.515558426700109304e-02 1.170428735896495154e-01
6.433989704922726816e-02 2.863080013583311351e-02 3.007159819007608828e-02 1.416425709828212720e-03 1.454592444072454714e-02 2.703917637799493033e-03 4.677548732668913162e-02 1.682559032102169949e-01 3.292185873574666154e-03 1.065526187768433414e-02 0.000000000000000000e+00 5.074231447223882113e-02 1.686539779232233563e-04 8.008158029669933207e-04 8.279636901569473184e-02 3.776091131188648569e-03 1.364015311595502822e-01 2.143459316297347331e-02 1.378226942080293671e-01 4.674940225722437094e-03 6.531607357574104695e-04 1.523464078624548190e-01 1.486025164008372354e-02 8.155178329313951665e-04 2.201925732083081025e-02
1.384428803718661604e-04 9.967941790568843330e-02 7.460583906848715363e-02 2.035810956327154930e-03 1.090841982152252337e-01 6.793501738695378054e-04 3.468080831782222755e-04 1.371296117776328871e-01 3.499525662392349162e-02 4.130805565818013170e-02 3.077160222182209921e-03 1.842753085076338782e-01 4.802798850146716529e-03 4.456197186043776154e-03 3.394184559769495430e-02 4.917075780214261171e-02 4.869723643999217949e-02 2.213084765561822154e-02 6.581608019716553119e-03 2.156755285806630316e-03 0.000000000000000000e+00 3.531463365302275718e-03 1.480118426388578844e-02 1.156052232172006949e-01 6.768822243749337414e-03
2.912936639956039894e-02 0.000000000000000000e+00 6.906405849762321802e-02 0.000000000000000000e+00 1.781379535441775935e-02 3.401813433048110451e-03 1.492276406132394262e-01 8.483712302470126920e-02 1.263121209838007943e-02 2.445485718430774613e-02 0.000000000000000000e+00 0.000000000000000000e+00 4.453206610523603921e-04 1.414164635829690203e-03 2.089013315141000082e-02 9.549058709016954027e-02 2.603914048719397842e-02 1.333488280806237325e-02 1.585584867137406970e-02 0.000000000000000000e+00 5.030307143228354011e-03 1.728601865809253901e-02 1.462070899772787702e-01 1.450377472062031603e-01 1.224088929048269686e-01
0.000000000000000000e+00 1.805379897182258359e-02 1.243209738886409815e-01 2.303425548404604631e-02 9.956480621009602960e-02 0.000000000000000000e+00 3.689398250403605473e-02 2.937377068743692379e-02 2.563341491156366850e-02 4.242487688840013149e-02 0.000000000000000000e+00 2.743295215842348964e-02 4.528415971327864192e-02 2.962190321692386992e-04 8.682759315494061048e-02 3.469470683617169923e-03 1.183479926357804274e-01 6.362153332052969054e-03 7.910826822177941323e-03 1.091973552950028237e-01 3.723538942868024736e-03 1.381099772247029907e-02 0.000000000000000000e+00 8.802788964285505890e-02 9.000897131832093223e-02
5.382767328947284449e-03 0.000000000000000000e+00 1.006125549189589852e-01 0.000000000000000000e+00 3.278596510441380424e-02 1.193539048118703004e-03 1.303071470086220318e-01 1.307245182485369805e-01 3.232112305202110292e-02 1.944057314442479076e-02 0.000000000000000000e+00 1.674501183394879529e-04 9.763732806389639751e-03 1.805041065176549555e-03 6.659410311231983570e-02 1.976866899954422916e-03 3.251926466898382578e-02 1.639519968728042751e-03 1.402502880054016243e-01 1.469383153067252250e-02 1.216752298318378861e-01 8.169189694878775665e-02 2.924934209823014386e-02 3.221973130469383065e-03 4.198327196066519579e-02
0.000000000000000000e+00 2.650942274074668398e-02 1.576500942964657037e-01 0.000000000000000000e+00 1.257920390587897730e-01 1.222256368998462378e-02 1.567409211077734066e-01 9.762089177499197468e-03 1.359889847930109349e-02 3.851625308464920461e-02 0.000000000000000000e+00 8.908486372943662246e-02 1.948603611221886092e-02 7.767611745435585441e-03 2.938335399175979416e-03 1.737757280605126131e-02 4.728494493322912655e-03 1.033944699289863003e-02 9.075107073173983158e-03 1.932777689129881390e-02 1.199607986463474378e-02 7.031969171683426223e-02 1.505701788157638166e-01 1.274016916931214501e-02 3.345635355523267351e-02
5.913106066163944380e-02 1.003016470306776625e-01 1.536442623158789517e-02 2.884874700332394973e-02 6.282103474037328827e-02 6.633588850447351415e-02 1.715525097291161483e-01 4.311168622096631098e-02 1.202071327731412190e-02 5.215686254076782810e-03 0.000000000000000000e+00 2.402892178844215701e-02 1.156580182539518886e-01 1.367170432060700255e-02 5.391312079789976897e-02 4.972575327406480311e-03 1.738710694570939561e-02 1.438264880590713404e-02 1.187611416271365516e-01 1.650300808304895964e-02 3.088406012444543103e-02 1.062716363491093656e-02 6.562152557332847323e-03 3.355883303895228144e-04 7.609389749262734579e-03
1.087812571415626428e-02 1.210947723830833461e-01 3.097362403579188503e-02 9.198316461881583805e-02 2.474133087451971247e-02 2.786401068004119158e-02 8.816394205644902116e-02 1.069000412156289855e-03 1.044428055066352022e-02 4.081088260097198023e-02 6.780885945107270824e-04 1.236669148526190094e-02 1.311041769987052186e-02 3.496187788783090703e-04 7.698157666022237278e-02 7.484396924865818757e-02 4.793344213916487552e-03 4.660697753978478713e-02 5.296181336210422502e-02 8.922485779389860774e-03 7.424388138167875573e-02 3.462378073191922645e-02 1.058896164241684978e-02 6.754331045581286712e-04 1.402298258501805672e-01
0.000000000000000000e+00 2.205199353644918953e-02 1.249110147178945085e-01 2.507854327516322035e-02 1.319962380880118462e-02 1.041978436778944611e-02 2.468229804409306435e-02 2.911267772496990702e-02 4.698795803373616406e-04 5.744864203534082864e-02 4.229851617024981206e-03 1.152569606147591935e-01 3.288229074510160780e-03 8.688876031760812621e-03 1.517785929405028877e-01 0.000000000000000000e+00 3.138646702818703726e-02 2.460727562912165892e-02 1.355143885271982707e-01 3.432811988062977378e-03 0.000000000000000000e+00 1.002412827270363072e-02 2.431394909946681809e-02 4.070677912268942655e-02 1.393972329631733842e-01
3.409684597674737458e-04 8.011003368801526692e-03 1.258239458610942996e-01 1.421435345475788488e-02 2.165675338718602294e-01 0.000000000000000000e+00 1.883449365578777554e-02 2.076005968787618672e-01 1.757283155954496301e-02 3.309431889386479919e-02 0.000000000000000000e+00 1.116773121217799897e-01 2.821808291711987333e-03 0.000000000000000000e+00 1.340944239974744927e-02 0.000000000000000000e+00 2.245315303852445273e-03 4.946660351739217039e-03 1.411690253757859892e-01 3.069285961474921536e-03 0.000000000000000000e+00 1.928628648761115949e-02 3.078569506099301106e-02 5.789775027690347887e-03 2.273934761337274152e-02
2.540518875940033644e-02 9.410921253172208067e-02 4.488781508611778409e-02 1.497630668317383000e-02 9.414071077455126932e-03 0.000000000000000000e+00 6.046114845569233037e-02 1.260326021490986992e-01 1.009667556755283226e-02 6.728293976796548802e-03 1.631133880330012877e-04 1.684608464456473480e-04 2.363457758585336271e-02 1.300657976700371390e-03 8.554713282073928005e-02 0.000000000000000000e+00 2.205720912819117141e-01 3.208773447480859926e-03 1.425719584417071972e-01 3.106199089135540554e-03 0.000000000000000000e+00 8.641034132487668273e-02 2.507491849921111154e-02 1.064011909377794718e-02 5.490341917117624176e-03
1.932117665276546561e-02 7.566799510345101343e-02 8.022134418272093559e-02 8.637441291770303273e-03 1.733434546870932583e-02 8.297423418745687382e-03 6.265498607037084389e-02 8.996434061617260280e-02 1.891852264517644841e-03 1.038581296943236719e-02 0.000000000000000000e+00 1.042842356909194357e-01 0.000000000000000000e+00 0.000000000000000000e+00 1.310658702923211405e-01 2.825439162860204391e-03 1.026720159647463541e-02 2.978064831998706447e-02 3.270564028365512826e-02 2.874403055609044046e-03 1.682910389221262560e-03 2.589528231061692318e-02 1.072679966578334448e-01 2.044167367546238789e-02 1.565319805263831188e-01
2.528937507782434702e-02 2.245233779538371045e-03 2.006847423089427526e-02 1.335334175481047575e-02 1.238359004272082120e-01 0.000000000000000000e+00 1.719936133213472162e-01 1.583253256173829671e-01 3.364264083023336526e-03 2.346209732201886763e-02 0.000000000000000000e+00 7.863052666460325357e-02 1.341223255972412085e-02 7.458147360837733865e-03 6.734899225773346987e-02 1.104525573952543638e-01 4.099142365864642465e-03 7.929029274555788676e-04 0.000000000000000000e+00 1.075730668467379759e-03 7.234068947559629467e-03 0.000000000000000000e+00 8.979242606843811222e-04 2.719456518586013671e-02 1.394655837919073216e-01
4.035696705609976426e-02 8.120065404817555874e-04 3.470241200700935336e-02 3.484180364706058325e-02 1.441925361096771385e-01 0.000000000000000000e+00 4.662834609534849406e-02 1.298206570575596297e-01 4.690888216827806731e-04 9.307600367692143994e-02 0.000000000000000000e+00 2.060091622734930988e-02 1.305782501304247152e-03 0.000000000000000000e+00 5.144837102796979283e-02 1.584259688951757464e-02 7.804418116576215293e-03 5.607586334285994192e-03 4.077812296128973009e-03 2.157004567037848659e-03 5.640348367289812342e-02 1.352565702483690124e-01 1.854727678532540683e-02 1.358337009065890000e-01 2.021465941480743433e-02
3.353015228919154021e-04 3.573971122380014548e-03 1.453546351276464865e-01 9.233463658646834035e-03 6.406440356157826546e-03 8.137649979491224511e-03 1.722749116077774423e-01 1.545094032514798300e-02 7.833143275569753872e-02 7.394732757736534323e-02 0.000000000000000000e+00 0.000000000000000000e+00 0.000000000000000000e+00 1.408726019055799592e-03 9.519248211503966717e-02 0.000000000000000000e+00 2.491775043887724510e-03 5.069392651637383285e-02 9.242603309937110542e-04 4.273549847267772185e-03 1.308368201370537498e-01 8.204934384736142783e-03 4.914851691602046928e-03 1.943508067541012754e-02 1.685775192053767801e-01
3.805045950879373806e-02 1.719993914309079358e-02 4.451441456129959229e-02 9.915311658175895299e-03 1.253159356082787224e-01 1.318232685331665807e-02 1.543729517372177118e-01 2.160547017793435637e-02 6.560235255851830372e-03 5.761340868076470292e-03 1.519844454068343051e-03 3.219062144012144189e-02 5.359579885644458197e-02 1.017948012813463948e-02 8.799741306048600165e-02 1.636696541995752777e-02 6.270825840196421605e-04 2.430316594453067053e-02 1.514126756120122708e-01 3.354158618114575787e-04 4.025331480206934161e-03 5.983262091355642277e-03 1.467624690230428519e-01 1.827407603620184381e-02 9.948012635570184156e-03
1.213893688710676079e-02 1.481405623758621781e-01 1.562297407568938659e-02 3.307628248613212439e-04 2.974073763528652797e-02 2.160946264680617748e-02 1.604538667821409637e-01 2.250552107369483551e-02 0.000000000000000000e+00 1.370255026871035169e-02 0.000000000000000000e+00 0.000000000000000000e+00 0.000000000000000000e+00 0.000000000000000000e+00 6.115161344181066494e-02 9.906365025054852946e-02 6.708523358472867626e-02 7.691462891101633059e-03 1.409739116710492512e-01 1.106021872511256561e-02 1.050296812342623176e-01 6.079932172546083239e-04 4.397742372497182722e-02 3.598529196808087499e-02 3.128144720920645033e-03
9.456671056670007056e-03 2.457052706988001930e-03 1.091040319740141651e-01 2.382460011006282477e-02 1.426601808548072330e-02 1.263982733216777741e-03 8.079420414204726425e-03 4.779170688136143152e-02 2.513247970790582694e-02 6.701626815035860441e-03 0.000000000000000000e+00 6.412955142704940270e-02 1.033123702703484491e-02 1.619313559178681269e-04 1.979663032849035276e-01 0.000000000000000000e+00 1.270275909855789476e-01 1.437288498840959550e-01 3.238314750772644090e-03 6.733987510554621456e-04 5.881033254828379672e-03 7.497592302693913309e-03 1.073785221707048224e-02 3.974595979122564487e-02 1.408027944828325884e-01
0.000000000000000000e+00 1.469948877807375183e-03 8.225377303438173582e-02 3.414253620884844746e-03 3.753855455992614280e-03 1.523987770422444328e-02 1.453377728776863997e-01 5.088910915694444537e-02 2.231259163103247248e-03 1.614834929403411324e-04 0.000000000000000000e+00 1.936688715146153228e-03 3.304010085735882064e-04 1.174035436383131376e-03 1.507865239034811566e-01 3.176104074241861697e-02 2.995112475008554487e-02 1.113103222461329228e-01 1.901038899182994069e-02 6.745108369150419093e-03 0.000000000000000000e+00 4.888991232192673592e-02 1.445768733316305302e-03 1.479623057708708556e-01 1.439450456267192258e-01
3.055961516789941837e-02 3.262644708770742058e-02 2.903590944927218406e-02 1.073562406534651903e-01 3.292862960855499899e-02 0.000000000000000000e+00 4.776762020671623810e-02 1.370560445276600425e-01 1.117220881452987008e-02 1.141422300447473837e-01 1.423532329348599704e-02 4.411388030901367691e-02 0.000000000000000000e+00 0.000000000000000000e+00 4.905946222836842299e-03 0.000000000000000000e+00 7.343629950471988743e-02 8.670042550926036762e-03 0.000000000000000000e+00 0.000000000000000000e+00 0.000000000000000000e+00 1.024812360927195715e-01 1.756505521235555978e-02 1.503035110989351664e-01 4.164376015445454826e-02
0.000000000000000000e+00 0.000000000000000000e+00 1.605786437273142853e-01 2.736351265918955406e-03 4.580215618669144367e-02 2.816880267905250840e-03 1.486242884683203203e-01 1.482775383495963106e-01 3.073651811326563732e-02 3.303989816722596902e-03 0.000000000000000000e+00 1.611879494616376418e-02 1.063571171310289699e-02 0.000000000000000000e+00 1.354054750267129348e-01 0.000000000000000000e+00 3.997037910274328643e-02 0.000000000000000000e+00 5.921512128417683735e-02 8.397247503752024297e-04 0.000000000000000000e+00 9.302465183597341536e-02 3.861940462493818754e-02 2.620622545969732847e-02 3.708814506038131398e-02
0.000000000000000000e+00 1.015344877979404512e-03 6.253986090865495950e-02 0.000000000000000000e+00 5.956945957650555158e-03 0.000000000000000000e+00 1.343554094300912320e-02 4.085368289757346921e-02 2.124802207175408020e-02 1.864994803618797835e-03 1.421120299491100648e-03 7.990415604478862122e-02 1.103560001527940752e-02 1.151164799823452788e-03 1.826136979932047877e-01 1.229212043766224165e-02 1.260307780531563504e-01 1.334605190456766843e-01 1.748516150259391000e-02 8.647080304934993836e-04 2.253430804558832420e-02 0.000000000000000000e+00 1.132079190587245189e-02 1.220083382991773019e-01 1.309631430669515317e-01
7.996936808021045534e-04 1.686697754786100831e-02 7.842070223111166638e-02 0.000000000000000000e+00 3.235940244237696384e-02 5.118199277020454678e-03 8.063032210798250221e-02 8.748624907844632786e-03 2.317916947833792950e-03 1.698512023371110194e-02 0.000000000000000000e+00 2.003927053643649384e-02 0.000000000000000000e+00 7.578823776563948719e-03 9.564378952698546210e-02 0.000000000000000000e+00 2.367272561724050386e-02 1.085319233125653926e-01 2.404295408939405992e-02 9.289770340580452701e-02 1.103873548998614562e-01 1.184531257256566002e-02 6.125342862273618592e-03 1.288714234443401330e-01 1.281164165794245191e-01
0.000000000000000000e+00 2.265667107988340520e-02 1.491474170226177176e-01 1.717427867663380223e-02 1.448473107194256093e-01 8.611424229399216104e-03 1.463469198360850265e-01 1.207802394929909963e-02 1.901093215750932278e-02 2.432120878561785243e-02 0.000000000000000000e+00 1.017988350251186058e-01 1.811395689362958793e-03 1.263411278539478466e-03 2.342087669439504860e-02 1.958756142922741649e-03 2.857563675618603628e-03 1.518285862487135131e-02 1.363274365654398579e-01 0.000000000000000000e+00 1.185177228306765751e-01 0.000000000000000000e+00 1.305679755173414815e-02 3.231744674265658434e-03 3.637841479058393640e-02
2.659180454398724081e-03 2.085658544790054431e-03 3.789606599880445542e-02 7.592895752489230328e-03 5.127708774903265605e-03 2.298904821991161820e-02 1.617035285720234694e-01 9.747737894507040729e-03 6.573127266883098743e-03 5.395606863063348579e-02 0.000000000000000000e+00 4.848757216121598462e-03 0.000000000000000000e+00 8.774968718551455493e-03 2.481695245691980731e-02 1.219720184210372066e-01 2.315954640962746350e-02 1.379592217833436052e-01 3.052979715807367309e-02 3.271870913426968425e-02 0.000000000000000000e+00 7.366005096773584060e-03 7.232426537270969166e-03 1.441351979967079033e-01 1.461553789619587096e-01
4.299814325949732896e-02 3.072576752228212051e-03 1.609116723034622470e-02 1.685043400947549414e-04 9.823021113429879214e-02 0.000000000000000000e+00 7.744401293603284109e-02 1.031758248035983261e-01 1.799703767065589152e-03 3.367305329753601112e-02 1.288350643209775631e-02 4.126462121938989300e-03 3.117355248616083055e-03 1.582316158600221559e-04 7.142945910568548884e-02 1.212992429244922829e-02 4.597503089059911535e-02 1.678749683926293243e-02 1.496541847012320403e-01 9.530981233950162196e-03 0.000000000000000000e+00 1.725546060302781109e-03 1.589432183648592511e-02 8.498426785959439789e-02 1.949500342412270604e-01
1.500918858748527367e-02 0.000000000000000000e+00 1.486044012984127638e-01 2.045422967789475854e-02 1.379108285782565946e-01 5.023029872309546897e-04 6.262796289588187792e-03 5.196227496764828369e-02 1.304672961293010421e-02 1.576258918929530906e-01 0.000000000000000000e+00 1.882719042004717680e-01 0.000000000000000000e+00 0.000000000000000000e+00 1.139982335133335051e-01 0.000000000000000000e+00 1.304794711144833044e-02 9.024152907265246132e-03 3.291754173180283516e-03 1.493607298163044175e-02 0.000000000000000000e+00 5.796410313211108195e-03 2.868912725750776688e-03 7.691198715534344754e-02 2.047398102596510033e-02
0.000000000000000000e+00 4.047222336717833796e-02 2.589950186686157049e-02 4.545212417579026776e-03 1.867041428543872797e-02 6.550370772289099142e-02 4.945906228300098184e-02 3.173400996865551743e-03 2.603226249267615814e-03 3.949351104325646289e-02 2.673672672539976168e-03 1.924484971114186482e-01 3.279969080412313293e-03 2.994996332177577694e-05 8.854298009100017297e-02 5.713932715117310546e-02 6.639162877390751517e-04 6.278603871499783586e-03 1.519875850233589308e-02 0.000000000000000000e+00 0.000000000000000000e+00 7.455977750760788524e-03 6.245336671228292336e-02 1.754137825751243551e-01 1.386009379980518985e-01
2.408976088381694150e-02 1.244114589985952229e-01 2.105288451814001094e-02 1.006150141418570426e-01 4.652361599771769052e-02 8.924325887806784999e-03 2.743407897605226742e-02 8.101133961117073026e-03 0.000000000000000000e+00 3.597263830300018173e-02 1.328879525228719933e-03 1.964785381559089675e-02 1.322301095343248606e-02 0.000000000000000000e+00 1.208429797975099085e-01 5.596723235159088011e-02 7.543339419994996064e-04 2.785743653040864687e-02 2.881738931057635511e-02 9.991114210798771392e-04 2.368040976352805971e-02 1.685722035464846946e-02 4.267861665558610185e-02 1.743547381884490632e-03 2.484770665288324187e-01
4.348383455706836959e-02 4.799550045491980665e-02 7.954962441889672220e-02 1.881008538596191937e-02 6.904432954715246373e-02 0.000000000000000000e+00 2.880493938868421491e-02 1.119788227867671015e-01 2.427484931836374274e-02 1.051361269095677127e-02 1.317954574237387676e-02 3.061578351701144118e-02 0.000000000000000000e+00 0.000000000000000000e+00 7.883847794138884590e-02 4.655577435445625782e-04 1.908385378249077835e-01 1.128281477550407931e-03 3.313483445826651518e-03 1.284885187237972022e-02 0.000000000000000000e+00 7.415400483670169830e-03 8.180403398629522427e-02 1.268594953360173694e-01 1.823695208026298795e-02
4.982142967924155789e-05 2.878530207399889167e-03 1.220472833303683363e-01 1.627791750295490975e-02 4.224486757245442259e-02 0.000000000000000000e+00 3.041867276624126218e-02 1.346815811306856236e-02 2.304664786519074800e-03 1.157873817793977772e-01 3.413735567525492953e-04 1.354119858003760557e-01 0.000000000000000000e+00 1.218545618312149442e-02 8.782269922528326833e-02 0.000000000000000000e+00 4.088048886039115717e-03 2.532759539984037744e-02 1.571712345663625887e-01 2.482826142163827628e-03 0.000000000000000000e+00 2.802690544192223878e-03 4.941530351931115728e-03 3.278921151279537427e-02 1.891580503430586591e-01
0.000000000000000000e+00 1.614817550293545442e-02 1.265898039268924524e-01 2.318047112181891543e-03 3.730877676761236439e-02 2.118834705251934625e-02 1.001319173350502800e-01 5.970201708979254451e-02 3.532961679197462422e-03 3.506153016213135742e-02 0.000000000000000000e+00 1.267405762345741038e-01 0.000000000000000000e+00 2.166009052517779612e-03 3.406128306669146694e-03 1.354182432695893281e-05 2.491726557073254810e-03 1.141956998547656033e-01 1.425991955636925212e-01 5.611754170690709011e-03 0.000000000000000000e+00 3.048695778277157181e-02 1.346282153579726271e-03 9.755111448354848377e-03 1.592054404226706243e-01
1.780015191111141912e-02 4.402511114218105731e-02 1.341571860721623433e-01 6.557416708629460605e-03 4.136178959360677782e-02 8.192289505320443643e-03 1.702102854199588622e-02 7.070917850199499866e-02 9.156970945602926903e-02 1.085570391116809918e-01 0.000000000000000000e+00 1.183799069435012008e-01 5.018946796997385447e-03 1.102916574703440011e-03 5.690589020087322841e-02 1.669857764888995201e-04 2.067375745736158704e-02 4.246524856898051432e-03 1.323277735744358974e-01 1.644073196460560079e-03 0.000000000000000000e+00 3.239616525007268932e-02 5.516459905960836158e-02 8.445374220604573087e-03 2.357618554728155985e-02
2.180069235606447303e-02 2.792521427707591111e-02 4.151813298990041784e-02 8.389419674935767388e-03 1.252127678438700042e-01 3.205977566464709820e-03 1.437136650050701604e-02 1.161878440637277854e-01 3.238325644158480694e-04 9.555357601111033605e-02 0.000000000000000000e+00 5.580308585074978019e-03 0.000000000000000000e+00 1.445945821571586500e-03 8.872121011805637891e-02 3.093120290286519372e-02 9.982757080555154650e-02 2.061080439147284474e-05 2.733931783101690646e-02 5.374058380357395887e-02 0.000000000000000000e+00 1.323916380574864833e-02 3.508453180102823633e-03 8.221379834280871657e-02 1.389430101511654470e-01
1.646781074853532340e-02 1.130761132795123081e-02 1.083690918090035038e-01 1.144198289500430177e-01 1.674038149513293605e-01 4.250634017913724636e-04 2.911684838385419916e-02 1.332237201257533699e-01 1.099786999011042113e-02 6.154850215782639924e-03 3.025622183857266598e-03 3.454666144093711255e-02 0.000000000000000000e+00 0.000000000000000000e+00 2.332736562586332912e-02 1.244023563908860583e-02 1.574076512350579271e-02 7.106434255341356754e-02 2.685326915383908636e-02 2.856845207197568348e-02 5.350594209092411103e-03 4.073088181685231846e-03 8.537580211643254480e-03 1.452523498203343588e-01 2.333316388060993271e-02
8.093275937632806935e-03 8.056953833629322548e-02 1.582815258202620312e-02 6.700572456888124681e-03 2.456723795736038413e-02 3.594011899245869428e-03 1.175786371423494375e-01 5.045647662443191600e-02 3.041021660177173000e-03 2.080349835633746314e-02 0.000000000000000000e+00 1.945579852563399234e-03 1.766760992243437836e-03 4.888704927574503110e-03 7.750288511191574803e-02 1.689678739894737722e-03 2.054421142877078249e-02 1.164681527574091824e-01 1.446633353498885943e-01 1.077287624712705005e-01 6.916170243231213946e-03 4.370814031771833724e-02 5.388184702428066956e-03 2.331532278890245669e-02 1.122416873634463491e-01
0.000000000000000000e+00 1.870142215833478505e-02 1.152075798789498617e-01 4.091721595330800702e-03 1.458294972092134476e-02 5.720163562946765625e-05 4.924458024373543075e-02 3.838469251410113470e-02 1.569739824957483085e-02 1.126140921944153439e-01 1.005031137004354673e-03 1.157094130919828490e-01 1.224135056221539557e-02 1.977600810996770972e-03 1.504106013530347730e-01 5.650209285761405645e-03 2.431296084358629261e-02 4.963650469215771278e-03 9.934055250716428143e-02 3.070061360226455233e-03 0.000000000000000000e+00 1.430390953200316555e-02 5.978304952436887948e-02 1.671270991521555706e-03 1.369787003399250969e-01
2.065755689596500411e-02 1.016389689182244510e-01 7.295728648924793003e-02 2.559696858788274368e-02 8.527162685746278795e-03 1.211899086037692558e-02 2.122071900293199254e-01 5.687198911775145915e-03 4.555789169918656595e-03 4.022879582341570837e-02 1.989788575005340364e-03 2.382825965907068785e-02 8.829560523045504317e-02 2.080814053191598970e-03 6.011158144654025343e-02 8.899722594862401193e-03 1.612662091041422094e-02 2.993982468613858028e-02 1.380095971751987005e-01 0.000000000000000000e+00 2.423258552230031851e-03 2.695860554014291657e-02 2.742295947974024081e-02 1.646198931579777661e-02 5.327546440933951521e-02
0.000000000000000000e+00 1.422613338305616509e-02 1.192892584583823412e-01 9.281198800280206218e-02 1.833031782391896305e-02 0.000000000000000000e+00 1.329981135589530794e-01 1.241635034857208192e-01 1.141244460147261726e-02 2.544562663398279665e-03 0.000000000000000000e+00 1.314892553084279214e-01 2.957832097351911077e-02 0.000000000000000000e+00 1.204824489514889040e-02 0.000000000000000000e+00 0.000000000000000000e+00 4.327878984291553925e-03 2.043032137112944444e-03 0.000000000000000000e+00 0.000000000000000000e+00 2.961187886744781964e-02 2.824294899109931409e-02 1.424281534506898761e-01 1.044539644145583424e-01
1.672127562193760435e-04 2.572736003359169660e-03 2.547849385228700275e-02 3.054179523581855571e-03 9.177627237705144464e-03 0.000000000000000000e+00 1.759807999876157880e-01 1.604179361535628540e-02 1.947512156890076826e-02 1.795277124654842335e-02 0.000000000000000000e+00 5.189680030828639629e-02 1.801579218949281302e-02 0.000000000000000000e+00 1.883318912506013951e-02 6.749991220123549920e-05 1.443601014569822344e-02 2.173105303735910487e-01 1.629900972575795415e-01 3.864627875980256033e-02 0.000000000000000000e+00 3.680666516921433234e-02 1.145374443638851915e-02 3.164513569748812673e-03 1.564781429613626429e-01
1.341313158290862795e-04 8.975572298013809397e-04 6.275451925098325667e-02 4.242979690238426332e-03 9.586430066557585783e-03 0.000000000000000000e+00 2.178258739033391012e-01 3.799001583165387969e-02 1.066098491747640743e-02 2.256065400535589571e-02 0.000000000000000000e+00 7.016860185830007396e-03 2.971214244825947075e-03 3.456252658330302534e-03 4.267977625396368602e-02 0.000000000000000000e+00 1.275399204745173223e-02 9.704259429376732582e-02 1.417933397392978634e-01 5.665006587987023862e-03 1.443403697202217950e-01 4.162318706292264178e-03 9.237565029512588566e-02 2.827366848828736373e-02 5.081581056738382340e-02
0.000000000000000000e+00 2.004670347556921240e-03 1.433430026680794223e-01 0.000000000000000000e+00 0.000000000000000000e+00 8.149787939232371048e-03 9.592164443173367694e-02 6.228536680553855426e-02 3.370471061691322073e-02 1.003444800644129886e-01 0.000000000000000000e+00 1.561731668055936322e-02 4.718208649718852281e-03 0.000000000000000000e+00 3.835345934352503774e-03 0.000000000000000000e+00 1.508406598459848535e-01 1.449100182164849426e-01 1.428158227065247365e-01 2.425859752805045559e-03 0.000000000000000000e+00 0.000000000000000000e+00 4.611197964041089531e-02 0.000000000000000000e+00 4.297112569969169932e-02
9.312097185139718569e-02 2.312873205617218403e-02 2.182214701290379963e-02 1.091163605043203241e-02 2.489343626918043284e-02 1.214842084146383790e-02 1.078402408844920529e-01 1.661333433264186588e-02 1.953095540516929657e-02 1.044940455798332030e-01 0.000000000000000000e+00 4.242516026868871359e-02 1.785702518094468491e-02 7.400599059489260632e-03 1.156972174189263430e-01 1.228310319199310205e-02 6.121813681029736331e-03 0.000000000000000000e+00 1.595877119966771784e-01 3.070283760424063341e-02 1.114104091578507457e-03 5.909374035709367111e-03 4.694639091509020257e-02 9.181717833905960607e-03 1.102690244380405138e-01
