0.000000000000000000e+00 4.640340657607291280e-02 9.864844586440392471e-02 0.000000000000000000e+00 7.268612090965735628e-03 0.000000000000000000e+00 0.000000000000000000e+00 2.360438389079233187e-02 0.000000000000000000e+00 1.848113079465549258e-02 0.000000000000000000e+00 1.079056719525083724e-01 0.000000000000000000e+00 9.949789118605965876e-03 4.097331482807838876e-01 0.000000000000000000e+00 0.000000000000000000e+00 3.751552134421936701e-04 0.000000000000000000e+00 0.000000000000000000e+00 3.556269786220988410e-03 0.000000000000000000e+00 0.000000000000000000e+00 1.101470076736613957e-01 1.639269787578866433e-01
0.000000000000000000e+00 7.463201741077074569e-02 0.000000000000000000e+00 7.726990048403467592e-02 1.636122666296658812e-01 2.622416280163673841e-02 2.138667894007040965e-02 1.230431860638056263e-01 0.000000000000000000e+00 6.148514618563581668e-02 4.836662359974739506e-02 2.181285927072481104e-02 8.350877508299700547e-03 0.000000000000000000e+00 1.866354995136851325e-01 6.955944671975068834e-03 0.000000000000000000e+00 0.000000000000000000e+00 0.000000000000000000e+00 0.000000000000000000e+00 1.106919928663178954e-02 0.000000000000000000e+00 0.000000000000000000e+00 1.691556376333162581e-01 0.000000000000000000e+00
4.461227986668758749e-02 0.000000000000000000e+00 0.000000000000000000e+00 1.380901830004610531e-01 5.790602110544037368e-02 1.862818719442741302e-03 4.613360691166491778e-02 5.147127449035738406e-02 0.000000000000000000e+00 2.450329002622335731e-02 5.253025274349486240e-02 0.000000000000000000e+00 0.000000000000000000e+00 0.000000000000000000e+00 2.783207382229797022e-01 0.000000000000000000e+00 0.000000000000000000e+00 0.000000000000000000e+00 0.000000000000000000e+00 0.000000000000000000e+00 0.000000000000000000e+00 0.000000000000000000e+00 1.473318939320387433e-01 1.382896323506533909e-01 1.894800863055571410e-02
1.764184986656978232e-02 0.000000000000000000e+00 3.099611005667306934e-02 0.000000000000000000e+00 1.244542429203216588e-01 0.000000000000000000e+00 0.000000000000000000e+00 0.000000000000000000e+00 0.000000000000000000e+00 4.550900125861296469e-02 2.871808220223380547e-04 2.840241977946700858e-01 2.712801256163159883e-02 0.000000000000000000e+00 1.487346746262701580e-01 0.000000000000000000e+00 0.000000000000000000e+00 0.000000000000000000e+00 5.390381362360110312e-02 0.000000000000000000e+00 0.000000000000000000e+00 0.000000000000000000e+00 3.789267732992893795e-02 2.294282391396982590e-01 0.000000000000000000e+00
0.000000000000000000e+00 1.228997460821800031e-01 1.342272235895886900e-01 0.000000000000000000e+00 0.000000000000000000e+00 4.461042336845533196e-02 1.165716961576738347e-01 0.000000000000000000e+00 4.931828379245256806e-03 2.041158643310196086e-01 0.000000000000000000e+00 0.000000000000000000e+00 2.476896847050581024e-02 2.110943248834918837e-02 2.923964418082626304e-01 0.000000000000000000e+00 0.000000000000000000e+00 0.000000000000000000e+00 7.598640155519431789e-03 0.000000000000000000e+00 0.000000000000000000e+00 0.000000000000000000e+00 2.676973516920027468e-02 0.000000000000000000e+00 0.000000000000000000e+00
3.463659954795750284e-02 1.591940149226934165e-01 0.000000000000000000e+00 3.752571384151541511e-02 0.000000000000000000e+00 0.000000000000000000e+00 8.610984703157746611e-02 1.854396348102037642e-02 0.000000000000000000e+00 7.294567707128253370e-04 0.000000000000000000e+00 3.486239487591394348e-02 0.000000000000000000e+00 0.000000000000000000e+00 2.073265314542261928e-01 8.298942679817915280e-02 0.000000000000000000e+00 0.000000000000000000e+00 0.000000000000000000e+00 0.000000000000000000e+00 0.000000000000000000e+00 1.202014948458324378e-01 1.697793518944953201e-02 2.009026212409217305e-01 0.000000000000000000e+00
3.412391060793449563e-03 2.217226288336504592e-01 9.242476998233095653e-02 0.000000000000000000e+00 1.891270792353999253e-01 0.000000000000000000e+00 1.111213916689831119e-02 1.024956337505102989e-02 0.000000000000000000e+00 1.894643993284082784e-02 1.082798655015781465e-02 1.098486431985626899e-01 2.547547829700446201e-02 6.276424958152955480e-03 1.060801016175487270e-02 8.043475769531942265e-02 0.000000000000000000e+00 0.000000000000000000e+00 1.911852648314338321e-01 0.000000000000000000e+00 0.000000000000000000e+00 0.000000000000000000e+00 1.319590460745259826e-02 0.000000000000000000e+00 5.152518113196247543e-03
2.912869031590936686e-02 1.257271242562338076e-01 2.040068609234725952e-02 6.823370798111794144e-02 3.362272194799684200e-02 0.000000000000000000e+00 0.000000000000000000e+00 0.000000000000000000e+00 1.545835696621268573e-02 1.636864932701277142e-01 0.000000000000000000e+00 7.683193663895930559e-02 9.595175046311710254e-02 0.000000000000000000e+00 1.640764356313104966e-01 9.724748387470208422e-02 0.000000000000000000e+00 0.000000000000000000e+00 4.826703708636987528e-02 0.000000000000000000e+00 0.000000000000000000e+00 0.000000000000000000e+00 0.000000000000000000e+00 6.136757547559550802e-02 0.000000000000000000e+00
9.807600184307746494e-02 1.151020382871775077e-02 1.523564625726832045e-01 0.000000000000000000e+00 1.207095715138604003e-01 0.000000000000000000e+00 6.004514436200033634e-04 4.070754785714742613e-02 0.000000000000000000e+00 0.000000000000000000e+00 2.490678407255416185e-02 3.603857796661266016e-02 3.794017094020052600e-04 0.000000000000000000e+00 1.728746539794673853e-01 0.000000000000000000e+00 0.000000000000000000e+00 8.840326495106557228e-03 3.035904769773464448e-02 0.000000000000000000e+00 3.442485507645694914e-03 0.000000000000000000e+00 1.211616868593722168e-01 1.780367966529983470e-01 0.000000000000000000e+00
1.303297484197322824e-02 1.214814869373612854e-01 1.274053926343159671e-01 0.000000000000000000e+00 0.000000000000000000e+00 1.090193572058391347e-01 6.156657656220557856e-02 0.000000000000000000e+00 4.041542960375802546e-02 1.311019326628211634e-01 1.514706545178191692e-02 2.805869858186149646e-01 4.037319074803375624e-02 1.586319067128229288e-02 5.014670996689347959e-03 0.000000000000000000e+00 0.000000000000000000e+00 0.000000000000000000e+00 3.899174586532323100e-02 0.000000000000000000e+00 0.000000000000000000e+00 0.000000000000000000e+00 0.000000000000000000e+00 0.000000000000000000e+00 0.000000000000000000e+00
0.000000000000000000e+00 0.000000000000000000e+00 1.386518540982583370e-01 8.983566808489615654e-03 3.461118324472200330e-02 1.083047190660741677e-01 3.105715071382844986e-02 4.012298329199156383e-02 0.000000000000000000e+00 1.531364948246823066e-02 0.000000000000000000e+00 1.396275445149897376e-01 1.529609633379952352e-03 0.000000000000000000e+00 1.462685216695274182e-01 0.000000000000000000e+00 0.000000000000000000e+00 0.000000000000000000e+00 2.340071939462053455e-02 1.147319481600493803e-02 0.000000000000000000e+00 9.428220654437767523e-02 5.651511639527186798e-02 3.515688526794553265e-02 1.147010950580501787e-01
2.760483501780888207e-04 1.277416145620595411e-02 8.478814816893998074e-02 1.175682344519618922e-01 1.480295639300925059e-01 0.000000000000000000e+00 7.434648528244935939e-02 9.370074953691789887e-02 0.000000000000000000e+00 0.000000000000000000e+00 0.000000000000000000e+00 1.686482369330285225e-01 0.000000000000000000e+00 0.000000000000000000e+00 9.515502243251041173e-03 0.000000000000000000e+00 0.000000000000000000e+00 0.000000000000000000e+00 1.012314713103853459e-01 1.893494539178180655e-02 1.567171478176763826e-03 0.000000000000000000e+00 1.210238808475338906e-01 4.028910387936449761e-02 7.306296739732460500e-03
0.000000000000000000e+00 1.347174952061672148e-01 0.000000000000000000e+00 1.697869078815136129e-02 0.000000000000000000e+00 0.000000000000000000e+00 7.439386874726812426e-02 0.000000000000000000e+00 0.000000000000000000e+00 0.000000000000000000e+00 4.250885056591162392e-02 3.281026120788446687e-01 2.709174265952791691e-02 1.423860663406462633e-02 0.000000000000000000e+00 2.286231648185687443e-02 0.000000000000000000e+00 0.000000000000000000e+00 1.805574414035148734e-01 0.000000000000000000e+00 9.956761687773863639e-03 6.095825266753045202e-02 5.473247599817768899e-02 0.000000000000000000e+00 3.290088508121072342e-02
0.000000000000000000e+00 7.153054086841073578e-02 0.000000000000000000e+00 9.282030578386923914e-02 0.000000000000000000e+00 0.000000000000000000e+00 0.000000000000000000e+00 0.000000000000000000e+00 0.000000000000000000e+00 3.290055221683518827e-02 1.280246705977582458e-02 1.620386973051272383e-01 1.230160776548574683e-02 2.488374656657026118e-02 2.126982864470061962e-01 0.000000000000000000e+00 0.000000000000000000e+00 0.000000000000000000e+00 1.940267309440877608e-01 0.000000000000000000e+00 4.573671760618440267e-03 0.000000000000000000e+00 9.110906039749959440e-02 2.894555678304511215e-02 5.936877610166846342e-02
0.000000000000000000e+00 5.571345470652110934e-04 1.312943744737816720e-01 0.000000000000000000e+00 5.223192354110900437e-02 0.000000000000000000e+00 2.742465370951381251e-02 0.000000000000000000e+00 0.000000000000000000e+00 6.485924689769086149e-02 0.000000000000000000e+00 1.389537753138865295e-01 5.730837677985748529e-02 2.863640902759138039e-03 1.444423302183419355e-01 0.000000000000000000e+00 2.692980213464592557e-02 0.000000000000000000e+00 0.000000000000000000e+00 0.000000000000000000e+00 0.000000000000000000e+00 1.422097431889156882e-01 3.213049513573848753e-03 1.648346155814335023e-01 4.287733319742537824e-02
0.000000000000000000e+00 0.000000000000000000e+00 7.914916800556358323e-02 0.000000000000000000e+00 1.305408861144023436e-01 0.000000000000000000e+00 1.189685833617568599e-02 0.000000000000000000e+00 0.000000000000000000e+00 0.000000000000000000e+00 0.000000000000000000e+00 2.942548643749888782e-01 0.000000000000000000e+00 0.000000000000000000e+00 1.176188291676724951e-01 0.000000000000000000e+00 1.446452542489062333e-03 2.007187395306773980e-02 1.564686249920829719e-01 0.000000000000000000e+00 0.000000000000000000e+00 1.257785540082493811e-02 1.505062975817415827e-01 1.878985825862607845e-02 6.678431272364688392e-03
0.000000000000000000e+00 0.000000000000000000e+00 1.429670322030115459e-01 6.272118770333624804e-02 2.069021262202252187e-01 0.000000000000000000e+00 2.508284706241755563e-02 0.000000000000000000e+00 0.000000000000000000e+00 2.349482525589531856e-01 3.253761484657993752e-02 1.171115388794500591e-02 1.137438154247541189e-01 0.000000000000000000e+00 3.654057782876234811e-02 0.000000000000000000e+00 3.432297417224093594e-02 0.000000000000000000e+00 0.000000000000000000e+00 0.000000000000000000e+00 0.000000000000000000e+00 2.748585840930427987e-02 0.000000000000000000e+00 7.103655968246966323e-02 0.000000000000000000e+00
0.000000000000000000e+00 0.000000000000000000e+00 0.000000000000000000e+00 0.000000000000000000e+00 0.000000000000000000e+00 0.000000000000000000e+00 2.338016748566495301e-02 1.963768524183855946e-01 0.000000000000000000e+00 3.819323956810299209e-02 0.000000000000000000e+00 2.174429450895802585e-02 0.000000000000000000e+00 0.000000000000000000e+00 1.301968570860133623e-01 0.000000000000000000e+00 1.372605394322887369e-02 0.000000000000000000e+00 2.070822402091621051e-01 0.000000000000000000e+00 5.219078825617695649e-02 1.466518222388568105e-01 0.000000000000000000e+00 0.000000000000000000e+00 1.704576842854503838e-01
0.000000000000000000e+00 2.124055959666798499e-01 9.814375817628513687e-04 0.000000000000000000e+00 2.530965218601801889e-02 0.000000000000000000e+00 1.149317122314819951e-02 1.115268229240537479e-01 0.000000000000000000e+00 0.000000000000000000e+00 1.562597734782354003e-02 7.933515371079137568e-02 1.938790098105573623e-02 0.000000000000000000e+00 1.583125798550423236e-01 0.000000000000000000e+00 3.843749214040983325e-03 1.074515869105221733e-01 3.195583034146613072e-02 3.053735159899113524e-02 0.000000000000000000e+00 0.000000000000000000e+00 3.785699550078962857e-03 1.770446852939805416e-02 1.703430220791269933e-01
0.000000000000000000e+00 1.594396264033586322e-02 1.089291439374975440e-01 0.000000000000000000e+00 1.354043802341604041e-01 2.297078132431071285e-02 1.426714523056840482e-02 2.382746778309948604e-02 0.000000000000000000e+00 2.731877604997373643e-02 0.000000000000000000e+00 1.625071431535529409e-01 1.060557491586000198e-02 1.006781867264632951e-01 1.391156296175231066e-01 0.000000000000000000e+00 0.000000000000000000e+00 3.000339103793921245e-03 1.584062123542883185e-02 0.000000000000000000e+00 0.000000000000000000e+00 0.000000000000000000e+00 8.440794989585345687e-03 6.431021716517718034e-02 1.468398358926692460e-01
3.106422973471367061e-02 1.237870512235028121e-02 1.090906994034583216e-01 0.000000000000000000e+00 8.024569003971514236e-02 1.077761690202717337e-01 2.573465947795855122e-02 0.000000000000000000e+00 0.000000000000000000e+00 4.247890747128437589e-02 0.000000000000000000e+00 4.768085484721872741e-02 2.711767453733874428e-02 0.000000000000000000e+00 3.080843825547563419e-01 0.000000000000000000e+00 1.527795417222811876e-02 6.673348697126744999e-02 0.000000000000000000e+00 0.000000000000000000e+00 0.000000000000000000e+00 8.820838687576788850e-02 3.302588776684266779e-03 2.915672715175497698e-02 5.668883843231275164e-03
2.874203804963433931e-02 1.284581310695721013e-01 1.488890190883833918e-02 0.000000000000000000e+00 0.000000000000000000e+00 0.000000000000000000e+00 8.798665605952890947e-03 0.000000000000000000e+00 0.000000000000000000e+00 1.681796552826819724e-01 0.000000000000000000e+00 1.551110691387524998e-01 1.020171100705819650e-02 2.214040247456112304e-02 1.922943349013503112e-01 0.000000000000000000e+00 0.000000000000000000e+00 6.310139208032333746e-02 0.000000000000000000e+00 0.000000000000000000e+00 0.000000000000000000e+00 0.000000000000000000e+00 1.057767170406117008e-01 9.200640973943237377e-02 1.030057170123069299e-02
8.353886097249264842e-02 2.021152214793853295e-03 1.038415321783493772e-01 0.000000000000000000e+00 1.418753986142149426e-01 0.000000000000000000e+00 2.412341442579340675e-02 2.633206021743412020e-02 0.000000000000000000e+00 0.000000000000000000e+00 0.000000000000000000e+00 1.970618641481736502e-02 9.217409774672670822e-03 8.036315582053438905e-03 2.629998548774056255e-01 0.000000000000000000e+00 0.000000000000000000e+00 7.203351875951640414e-03 1.485204837035955794e-01 3.866448331362369595e-03 7.161192578700788063e-03 0.000000000000000000e+00 1.515563382383621205e-01 0.000000000000000000e+00 0.000000000000000000e+00
0.000000000000000000e+00 8.703416657248596103e-03 0.000000000000000000e+00 0.000000000000000000e+00 0.000000000000000000e+00 1.683526564035648376e-01 0.000000000000000000e+00 0.000000000000000000e+00 0.000000000000000000e+00 0.000000000000000000e+00 0.000000000000000000e+00 1.685263802764206120e-01 0.000000000000000000e+00 0.000000000000000000e+00 6.408709898170049900e-03 0.000000000000000000e+00 1.065907586765506565e-01 6.828902145014663014e-04 2.692723147410663320e-01 0.000000000000000000e+00 4.320415723797351587e-02 0.000000000000000000e+00 3.608400623951216885e-02 3.206599617234189015e-02 1.601087134826497393e-01
0.000000000000000000e+00 2.355227634287267516e-02 1.280742837875989970e-01 0.000000000000000000e+00 3.203266484921669238e-02 0.000000000000000000e+00 6.296469348155286569e-03 2.947596728882500780e-02 0.000000000000000000e+00 2.002213617229720369e-02 0.000000000000000000e+00 1.687681707804506437e-01 1.075555120874323867e-01 0.000000000000000000e+00 1.782795379980453010e-01 0.000000000000000000e+00 2.290272299867561825e-02 1.091617001792751993e-02 0.000000000000000000e+00 0.000000000000000000e+00 0.000000000000000000e+00 1.260933876689860900e-01 0.000000000000000000e+00 0.000000000000000000e+00 1.460307006595165380e-01
0.000000000000000000e+00 2.003058466630538159e-01 0.000000000000000000e+00 1.039400539904231369e-01 2.064153447798904722e-02 4.032243763028277306e-02 9.792542691383977413e-03 0.000000000000000000e+00 0.000000000000000000e+00 0.000000000000000000e+00 0.000000000000000000e+00 1.980877513899758913e-01 0.000000000000000000e+00 0.000000000000000000e+00 5.630062007988884815e-02 0.000000000000000000e+00 6.519586504464662709e-03 0.000000000000000000e+00 1.386723336859859435e-01 0.000000000000000000e+00 2.382873412976631647e-02 0.000000000000000000e+00 1.958436056498174746e-02 5.930147432936989926e-02 1.227027238624340405e-01
3.711300381234362844e-02 2.769973613946789034e-03 0.000000000000000000e+00 0.000000000000000000e+00 1.710788043187951024e-01 0.000000000000000000e+00 3.056316668816569729e-02 1.336551150070502680e-01 0.000000000000000000e+00 5.340012962820937098e-02 0.000000000000000000e+00 1.654728519262389508e-01 0.000000000000000000e+00 0.000000000000000000e+00 1.440518243535365665e-02 0.000000000000000000e+00 0.000000000000000000e+00 0.000000000000000000e+00 0.000000000000000000e+00 0.000000000000000000e+00 0.000000000000000000e+00 4.934833665710660483e-02 1.346078371814508901e-01 2.075855987313389162e-01 0.000000000000000000e+00
8.749658645402535670e-03 1.284046791967805023e-02 2.805710606155185916e-02 0.000000000000000000e+00 7.333758568736285788e-02 1.072105431564113892e-02 1.100297570925498347e-01 0.000000000000000000e+00 0.000000000000000000e+00 0.000000000000000000e+00 0.000000000000000000e+00 1.068440045475866768e-01 2.456857768204217737e-02 0.000000000000000000e+00 1.632177814061691323e-01 0.000000000000000000e+00 2.728160384841445477e-02 0.000000000000000000e+00 6.033100554623401640e-02 0.000000000000000000e+00 3.214211278961488782e-02 8.713400557118544665e-02 1.498989836884848659e-01 7.070685227344383761e-02 3.413944292463824692e-02
0.000000000000000000e+00 0.000000000000000000e+00 1.372411154297899782e-01 0.000000000000000000e+00 1.701051669301689370e-02 2.928146314220699334e-02 0.000000000000000000e+00 0.000000000000000000e+00 0.000000000000000000e+00 0.000000000000000000e+00 0.000000000000000000e+00 1.825244530579962776e-01 0.000000000000000000e+00 0.000000000000000000e+00 1.728018976037394572e-01 0.000000000000000000e+00 0.000000000000000000e+00 9.949708585504836444e-02 3.714337500227702510e-02 0.000000000000000000e+00 0.000000000000000000e+00 0.000000000000000000e+00 1.586311023364933570e-01 1.658689908794316326e-01 0.000000000000000000e+00
0.000000000000000000e+00 1.425622835285659529e-01 0.000000000000000000e+00 0.000000000000000000e+00 0.000000000000000000e+00 0.000000000000000000e+00 1.451239081708653733e-01 0.000000000000000000e+00 1.548847009881456488e-02 2.278966255028288396e-02 0.000000000000000000e+00 4.344734029866896552e-03 0.000000000000000000e+00 0.000000000000000000e+00 3.153701393574604994e-01 0.000000000000000000e+00 0.000000000000000000e+00 0.000000000000000000e+00 2.633978672970309354e-02 0.000000000000000000e+00 1.536662133480510076e-02 9.724993420681166123e-02 0.000000000000000000e+00 1.674174869316283898e-01 4.794697306119551777e-02
