1.801221993895221474e-01 1.842859148001318725e-01 0.000000000000000000e+00 2.928393784531496333e-02 0.000000000000000000e+00 1.826748476132720456e-01 0.000000000000000000e+00 0.000000000000000000e+00 2.312653818343576189e-04 0.000000000000000000e+00 0.000000000000000000e+00 0.000000000000000000e+00 1.485916707835662487e-01 4.334371206319855702e-02 6.408991530997686960e-03 0.000000000000000000e+00 0.000000000000000000e+00 0.000000000000000000e+00 3.769474807601978089e-02 1.873627125161423657e-01
5.492511299147727344e-02 0.000000000000000000e+00 0.000000000000000000e+00 3.650909730689333998e-01 1.454964741292836053e-02 0.000000000000000000e+00 0.000000000000000000e+00 0.000000000000000000e+00 2.043848287869273472e-01 0.000000000000000000e+00 4.635585613881050560e-02 1.287096836866693794e-01 0.000000000000000000e+00 0.000000000000000000e+00 0.000000000000000000e+00 0.000000000000000000e+00 0.000000000000000000e+00 1.640760636238694781e-01 0.000000000000000000e+00 2.190783429038428709e-02
1.697111873441095875e-01 4.246946878506331624e-02 2.033040562239975951e-02 3.056274952597607189e-02 0.000000000000000000e+00 2.826670269882148312e-01 1.344459341799056906e-01 1.295775918669884140e-02 2.159390595608710328e-01 0.000000000000000000e+00 0.000000000000000000e+00 0.000000000000000000e+00 0.000000000000000000e+00 0.000000000000000000e+00 0.000000000000000000e+00 0.000000000000000000e+00 3.673668009838303161e-02 0.000000000000000000e+00 5.152883334306801455e-02 2.650895365309677808e-03
0.000000000000000000e+00 1.676293312180422712e-01 0.000000000000000000e+00 1.927856574471327189e-01 0.000000000000000000e+00 0.000000000000000000e+00 0.000000000000000000e+00 0.000000000000000000e+00 2.211804094229329054e-01 1.639104912232892397e-01 0.000000000000000000e+00 4.911319412017732533e-02 1.312847516239404044e-01 0.000000000000000000e+00 0.000000000000000000e+00 0.000000000000000000e+00 7.192022992323449104e-02 0.000000000000000000e+00 0.000000000000000000e+00 2.175935021250611882e-03
0.000000000000000000e+00 1.340482623766572623e-01 1.006152564657698985e-02 1.537489303705190935e-01 1.145011145019892151e-01 0.000000000000000000e+00 0.000000000000000000e+00 1.636459943977616044e-02 3.584363737910840203e-02 1.329043286975276073e-01 1.711197315416984055e-01 1.266147524516290368e-01 4.610590302548083635e-02 0.000000000000000000e+00 0.000000000000000000e+00 0.000000000000000000e+00 0.000000000000000000e+00 0.000000000000000000e+00 5.868721456903703421e-02 0.000000000000000000e+00
2.070857512279937473e-01 3.062161329804177767e-01 0.000000000000000000e+00 1.481867693042906720e-01 0.000000000000000000e+00 2.044038393207701365e-01 0.000000000000000000e+00 5.573877844346851462e-02 0.000000000000000000e+00 7.836872872305923610e-02 0.000000000000000000e+00 0.000000000000000000e+00 0.000000000000000000e+00 0.000000000000000000e+00 0.000000000000000000e+00 0.000000000000000000e+00 0.000000000000000000e+00 0.000000000000000000e+00 0.000000000000000000e+00 0.000000000000000000e+00
3.465588929413102037e-02 3.353171450067145287e-02 0.000000000000000000e+00 0.000000000000000000e+00 9.756230490185914539e-02 1.888822690172945462e-01 0.000000000000000000e+00 0.000000000000000000e+00 2.057174255343636182e-01 0.000000000000000000e+00 0.000000000000000000e+00 7.942509397023117881e-03 1.688774038522753707e-01 2.039690464537898332e-02 0.000000000000000000e+00 1.372767866604346909e-01 1.669806025247974612e-02 0.000000000000000000e+00 8.845873194408837570e-02 0.000000000000000000e+00
1.820865096605713274e-01 1.681635160841325749e-01 0.000000000000000000e+00 0.000000000000000000e+00 0.000000000000000000e+00 0.000000000000000000e+00 0.000000000000000000e+00 3.696430591275601252e-02 1.343060481600109046e-01 0.000000000000000000e+00 1.505290477036899388e-01 1.972070461091075255e-01 0.000000000000000000e+00 0.000000000000000000e+00 0.000000000000000000e+00 0.000000000000000000e+00 0.000000000000000000e+00 1.307435263697316608e-01 0.000000000000000000e+00 0.000000000000000000e+00
0.000000000000000000e+00 3.719155926154144032e-02 0.000000000000000000e+00 3.026740284853760565e-01 5.647415165780023810e-02 2.953897524185089551e-01 0.000000000000000000e+00 0.000000000000000000e+00 1.651792633794553211e-01 1.088483619805528380e-01 0.000000000000000000e+00 0.000000000000000000e+00 0.000000000000000000e+00 0.000000000000000000e+00 0.000000000000000000e+00 0.000000000000000000e+00 0.000000000000000000e+00 0.000000000000000000e+00 3.424288281676515083e-02 0.000000000000000000e+00
3.027650482873900373e-02 2.480674967194723690e-01 1.334902460390237182e-02 1.797731877682272050e-01 7.177190775204946027e-02 4.281163622341347536e-02 1.883862348556970476e-02 0.000000000000000000e+00 1.409535335434327491e-02 4.973806062847182380e-02 2.982079603735173293e-03 0.000000000000000000e+00 7.370644861817100824e-02 3.187160581582534902e-02 8.955952518492943382e-02 0.000000000000000000e+00 0.000000000000000000e+00 0.000000000000000000e+00 0.000000000000000000e+00 1.331585454131504198e-01
1.656549876765888996e-01 1.439614053315653730e-01 0.000000000000000000e+00 6.449531131312427612e-03 0.000000000000000000e+00 2.521724474004068128e-02 0.000000000000000000e+00 0.000000000000000000e+00 2.135903038638754803e-01 1.591623889498205435e-01 8.472147736504809581e-03 5.717050904518496124e-02 1.525714272766211417e-02 4.407871327178012472e-02 0.000000000000000000e+00 0.000000000000000000e+00 0.000000000000000000e+00 1.609856255256645607e-01 0.000000000000000000e+00 0.000000000000000000e+00
4.940578335202929633e-02 1.275774667677573859e-01 0.000000000000000000e+00 0.000000000000000000e+00 0.000000000000000000e+00 2.040064663205460316e-01 0.000000000000000000e+00 1.195497272429858933e-02 0.000000000000000000e+00 1.920970433783963371e-01 0.000000000000000000e+00 1.446974580529048482e-01 0.000000000000000000e+00 3.509625865042367756e-03 1.004356837879877631e-02 0.000000000000000000e+00 0.000000000000000000e+00 1.559027797413562177e-01 2.422113719475950649e-03 9.838272169939418776e-02
3.388925103738452821e-02 0.000000000000000000e+00 0.000000000000000000e+00 0.000000000000000000e+00 2.482232513072442359e-02 1.911216110836213011e-01 0.000000000000000000e+00 2.079094522918190080e-02 2.419281394071251812e-01 1.201262374744783840e-01 1.775232030435350489e-03 4.404535438040384915e-02 1.340770093817360842e-01 0.000000000000000000e+00 0.000000000000000000e+00 0.000000000000000000e+00 0.000000000000000000e+00 1.712549679910157774e-01 0.000000000000000000e+00 1.616892685389322015e-02
3.723177052808803733e-01 2.117095775074696873e-01 0.000000000000000000e+00 4.296436716758327001e-02 0.000000000000000000e+00 1.818017262077068485e-01 0.000000000000000000e+00 0.000000000000000000e+00 0.000000000000000000e+00 0.000000000000000000e+00 1.399100508150165900e-01 1.562205369273299109e-02 2.304714056059913897e-04 0.000000000000000000e+00 0.000000000000000000e+00 2.208903331937037140e-02 0.000000000000000000e+00 1.335501460363408381e-02 0.000000000000000000e+00 0.000000000000000000e+00
1.652654454077884527e-01 0.000000000000000000e+00 7.159866378742036838e-03 1.762641604795799066e-01 0.000000000000000000e+00 1.712327124044523141e-01 0.000000000000000000e+00 0.000000000000000000e+00 2.084852223979945518e-01 1.897530107147649969e-01 6.532610821991591266e-02 0.000000000000000000e+00 0.000000000000000000e+00 4.209882450628561995e-04 0.000000000000000000e+00 0.000000000000000000e+00 1.609248575169889769e-02 0.000000000000000000e+00 0.000000000000000000e+00 0.000000000000000000e+00
0.000000000000000000e+00 1.620284851748709232e-01 0.000000000000000000e+00 3.548870809066331233e-01 0.000000000000000000e+00 1.804041062784056404e-01 0.000000000000000000e+00 6.312351912296312872e-02 0.000000000000000000e+00 0.000000000000000000e+00 1.627410724487643179e-01 1.292071331780572478e-02 0.000000000000000000e+00 0.000000000000000000e+00 0.000000000000000000e+00 0.000000000000000000e+00 1.347735748467132752e-03 6.705895980886459641e-04 4.654167855224017325e-02 1.533501885176128017e-02
1.448924476202537448e-01 0.000000000000000000e+00 0.000000000000000000e+00 0.000000000000000000e+00 1.066471109919625571e-01 2.617653199671425290e-01 5.738456732865640508e-02 6.065914866003956768e-02 1.368742632988906582e-01 3.316062918065197651e-02 1.171229822289139300e-01 3.361322658955180620e-02 0.000000000000000000e+00 0.000000000000000000e+00 0.000000000000000000e+00 4.542106817016924175e-02 0.000000000000000000e+00 2.459235963767479171e-03 0.000000000000000000e+00 0.000000000000000000e+00
1.081026407161096298e-01 1.069113619511284502e-01 0.000000000000000000e+00 0.000000000000000000e+00 0.000000000000000000e+00 1.554931543562775575e-01 0.000000000000000000e+00 2.439996775489109825e-03 1.472631207178612955e-01 9.551972718635590165e-02 0.000000000000000000e+00 1.265942760690381974e-01 4.706349523029271231e-03 0.000000000000000000e+00 0.000000000000000000e+00 0.000000000000000000e+00 0.000000000000000000e+00 1.342550143764356385e-01 0.000000000000000000e+00 1.187143583282749271e-01
1.313308719793814527e-01 0.000000000000000000e+00 0.000000000000000000e+00 2.409768491746665520e-01 0.000000000000000000e+00 0.000000000000000000e+00 1.306981107743172485e-02 0.000000000000000000e+00 2.156675845631935151e-01 1.518550826168213741e-01 1.338472325593044812e-02 4.588936006796744127e-02 0.000000000000000000e+00 0.000000000000000000e+00 0.000000000000000000e+00 0.000000000000000000e+00 0.000000000000000000e+00 1.648151626123410818e-01 0.000000000000000000e+00 2.301055465226640659e-02
2.980647366645872709e-01 1.116577359293065841e-01 0.000000000000000000e+00 1.530208893110977277e-02 3.378997900584277542e-02 2.851254054214059641e-01 0.000000000000000000e+00 6.090596173934665486e-02 1.692992230398278064e-01 0.000000000000000000e+00 0.000000000000000000e+00 0.000000000000000000e+00 0.000000000000000000e+00 0.000000000000000000e+00 0.000000000000000000e+00 1.224062400287915381e-03 0.000000000000000000e+00 0.000000000000000000e+00 0.000000000000000000e+00 2.463080686828512944e-02
