1.152036404515988377e-01 1.857948396420311746e-02 5.924970223618180459e-02 0.000000000000000000e+00 4.379180475706585807e-02 0.000000000000000000e+00 1.014857411197987030e-02 6.020199167735407197e-02 0.000000000000000000e+00 0.000000000000000000e+00 0.000000000000000000e+00 1.440647436712265417e-01 1.922731556404668656e-03 3.587872282286224974e-03 1.435766518464303421e-01 6.872989727851559760e-02 3.581830690536876027e-02 6.624362297343341921e-02 0.000000000000000000e+00 0.000000000000000000e+00 3.846408856724675696e-02 0.000000000000000000e+00 1.910785524772309549e-02 5.218220692373962133e-02 1.191268255492415329e-01
0.000000000000000000e+00 3.040275442243442656e-03 1.654442405621066869e-01 3.564780502505256188e-02 1.925633619441516897e-01 0.000000000000000000e+00 0.000000000000000000e+00 1.257632221437119391e-01 9.943942373881480348e-03 8.512765497694591010e-02 0.000000000000000000e+00 3.066618466659366132e-02 0.000000000000000000e+00 2.887282515399459785e-03 0.000000000000000000e+00 0.000000000000000000e+00 4.631514029191158982e-02 1.258815627522613390e-01 0.000000000000000000e+00 1.225251528908553184e-02 0.000000000000000000e+00 0.000000000000000000e+00 0.000000000000000000e+00 0.000000000000000000e+00 1.644668120166546676e-01
3.042906059624596316e-02 1.194255670005172909e-01 4.725852950631414390e-02 6.081263706530253520e-03 4.282720129511486534e-02 7.674058571486425985e-03 1.221428020189689601e-01 1.623964995955514690e-01 0.000000000000000000e+00 7.703797706599934889e-03 0.000000000000000000e+00 1.246284712151535419e-02 9.372001722021837400e-02 5.558777243938607671e-02 0.000000000000000000e+00 0.000000000000000000e+00 0.000000000000000000e+00 1.007077184943674930e-01 0.000000000000000000e+00 1.288956178411617970e-01 0.000000000000000000e+00 1.308032201514490629e-02 1.561192766567870774e-02 1.622441672607113569e-02 1.777058047912673591e-02
0.000000000000000000e+00 1.543015071882677669e-01 2.575601968894943375e-02 0.000000000000000000e+00 1.546098966765143967e-01 1.052589006660904908e-01 0.000000000000000000e+00 1.709603761710698777e-01 3.539742785004422465e-02 0.000000000000000000e+00 0.000000000000000000e+00 2.248119738332117479e-01 1.289038979258520790e-01 0.000000000000000000e+00 0.000000000000000000e+00 0.000000000000000000e+00 0.000000000000000000e+00 0.000000000000000000e+00 0.000000000000000000e+00 0.000000000000000000e+00 0.000000000000000000e+00 0.000000000000000000e+00 0.000000000000000000e+00 0.000000000000000000e+00 0.000000000000000000e+00
0.000000000000000000e+00 1.360177386951232359e-01 0.000000000000000000e+00 5.471784998049761262e-02 1.643632343998817913e-01 0.000000000000000000e+00 6.451178229259529884e-02 1.911167993355245287e-01 0.000000000000000000e+00 1.287823304220039600e-01 0.000000000000000000e+00 1.955969990727320640e-01 0.000000000000000000e+00 7.177370034704594857e-03 0.000000000000000000e+00 0.000000000000000000e+00 0.000000000000000000e+00 1.230772586612369386e-02 0.000000000000000000e+00 0.000000000000000000e+00 0.000000000000000000e+00 0.000000000000000000e+00 0.000000000000000000e+00 4.540816990081326943e-02 0.000000000000000000e+00
0.000000000000000000e+00 0.000000000000000000e+00 2.624235002170735576e-01 0.000000000000000000e+00 1.758928319375812899e-01 0.000000000000000000e+00 1.680569491201405752e-02 6.452756048334450101e-02 0.000000000000000000e+00 5.018427485546881478e-02 0.000000000000000000e+00 1.656280927768671030e-01 6.419464134066714400e-02 0.000000000000000000e+00 1.231733504132775797e-01 0.000000000000000000e+00 0.000000000000000000e+00 0.000000000000000000e+00 0.000000000000000000e+00 0.000000000000000000e+00 0.000000000000000000e+00 6.498546430499982374e-02 0.000000000000000000e+00 0.000000000000000000e+00 1.218458875870625721e-02
4.127630241895931945e-02 2.366921766085586520e-01 1.544537330396557606e-01 0.000000000000000000e+00 5.503618197453290922e-02 0.000000000000000000e+00 1.301024998453420012e-01 1.428202667873745280e-01 0.000000000000000000e+00 0.000000000000000000e+00 0.000000000000000000e+00 2.267539670294028281e-02 1.205437020746125132e-02 9.639286049711463800e-02 0.000000000000000000e+00 0.000000000000000000e+00 0.000000000000000000e+00 0.000000000000000000e+00 4.633855045052070673e-03 3.884671968159899604e-03 0.000000000000000000e+00 0.000000000000000000e+00 6.604800001012525734e-02 9.844864489928250792e-03 2.408482040479521802e-02
1.436397980069781810e-01 2.196215467112067887e-01 1.015228486988520307e-02 0.000000000000000000e+00 4.780892330519822403e-02 1.355202708417681812e-01 1.420814974187049017e-02 0.000000000000000000e+00 0.000000000000000000e+00 1.562105986620366538e-01 0.000000000000000000e+00 5.043312095341820345e-02 1.054427917451442910e-02 1.957000384293329856e-02 5.044398193952025211e-02 0.000000000000000000e+00 1.288205961350046003e-02 0.000000000000000000e+00 0.000000000000000000e+00 1.136325143102979857e-01 0.000000000000000000e+00 0.000000000000000000e+00 1.533246802687157108e-02 0.000000000000000000e+00 0.000000000000000000e+00
0.000000000000000000e+00 0.000000000000000000e+00 5.022791939088209340e-02 2.726555742713878544e-03 2.784452181157759387e-01 0.000000000000000000e+00 1.110007709538810561e-01 1.773242138773632182e-01 0.000000000000000000e+00 0.000000000000000000e+00 0.000000000000000000e+00 1.836998199192693415e-01 1.219936382334306652e-01 1.480205296813206367e-02 0.000000000000000000e+00 2.028478104097665609e-03 0.000000000000000000e+00 1.498373703285433949e-02 0.000000000000000000e+00 7.968517419282993355e-03 0.000000000000000000e+00 1.151222931408882018e-03 2.946616243299813448e-02 4.181692877909685795e-03 0.000000000000000000e+00
1.217399203423555759e-01 1.100871983416916305e-01 0.000000000000000000e+00 9.699566350428091843e-02 0.000000000000000000e+00 0.000000000000000000e+00 3.059740300296907162e-02 7.979763409688425679e-02 0.000000000000000000e+00 0.000000000000000000e+00 0.000000000000000000e+00 1.475017308853759923e-01 1.338198967559701136e-01 8.145106180986914912e-02 3.310925881202172322e-02 0.000000000000000000e+00 0.000000000000000000e+00 0.000000000000000000e+00 2.879336087236809144e-02 3.204627730566716754e-03 7.633362996117114448e-03 0.000000000000000000e+00 1.252688808495295292e-01 0.000000000000000000e+00 0.000000000000000000e+00
0.000000000000000000e+00 0.000000000000000000e+00 1.597935991662850497e-01 1.754598268772716504e-02 0.000000000000000000e+00 1.089435665314626850e-01 2.051684434079071029e-01 3.462563413965488029e-02 1.023476817418794843e-01 3.792787730749987152e-02 0.000000000000000000e+00 1.969044658568199213e-01 0.000000000000000000e+00 0.000000000000000000e+00 0.000000000000000000e+00 0.000000000000000000e+00 1.076012967175401236e-01 0.000000000000000000e+00 0.000000000000000000e+00 1.404818009434732548e-02 0.000000000000000000e+00 1.509327234887651407e-02 0.000000000000000000e+00 0.000000000000000000e+00 0.000000000000000000e+00
6.340483885729594760e-03 1.239425007929664396e-01 1.559089602442259581e-01 0.000000000000000000e+00 2.048180510380914476e-01 0.000000000000000000e+00 1.144593061905220671e-01 1.873556770800666738e-01 0.000000000000000000e+00 3.071869655811503008e-02 0.000000000000000000e+00 0.000000000000000000e+00 0.000000000000000000e+00 3.630050376022261188e-02 6.942921398901967349e-03 0.000000000000000000e+00 0.000000000000000000e+00 0.000000000000000000e+00 0.000000000000000000e+00 0.000000000000000000e+00 0.000000000000000000e+00 0.000000000000000000e+00 0.000000000000000000e+00 0.000000000000000000e+00 1.332128990511582678e-01
1.520513961356924626e-01 4.945166693728956370e-02 1.439783597363085699e-01 0.000000000000000000e+00 1.930353780757471452e-02 0.000000000000000000e+00 3.282930116730667109e-03 1.844873925509214752e-01 4.859390814513469409e-02 9.627900188025411213e-03 0.000000000000000000e+00 1.886462435113197070e-02 3.079538438140346987e-02 2.290033574089252177e-02 0.000000000000000000e+00 1.466347117951136841e-02 0.000000000000000000e+00 9.350867910986233877e-02 0.000000000000000000e+00 0.000000000000000000e+00 4.579446768375459303e-02 1.626959459357662507e-01 0.000000000000000000e+00 0.000000000000000000e+00 0.000000000000000000e+00
1.491839329091661781e-01 2.940325635681015001e-02 0.000000000000000000e+00 6.062557373797413697e-03 2.497473506426766410e-01 5.347827257701657198e-03 6.153962003796239165e-03 1.515268862561245933e-01 0.000000000000000000e+00 1.466073438296798537e-01 0.000000000000000000e+00 2.144871921769036984e-03 1.642679123412071548e-02 5.143441765031524920e-02 2.095682638939739412e-02 0.000000000000000000e+00 0.000000000000000000e+00 0.000000000000000000e+00 3.038568555839469242e-03 0.000000000000000000e+00 0.000000000000000000e+00 0.000000000000000000e+00 1.989266517765509584e-02 7.578307440919028123e-03 1.344944350002312550e-01
1.976158463515107801e-03 0.000000000000000000e+00 1.622577432650909868e-01 0.000000000000000000e+00 4.746713284742211381e-02 0.000000000000000000e+00 6.194859893427691333e-02 0.000000000000000000e+00 0.000000000000000000e+00 1.406114207450270548e-01 0.000000000000000000e+00 2.203076430706849831e-01 1.018774865667475618e-02 2.608438751768220321e-02 1.227118047720817950e-01 0.000000000000000000e+00 0.000000000000000000e+00 9.357568301103733055e-02 0.000000000000000000e+00 1.128716787165069124e-01 0.000000000000000000e+00 0.000000000000000000e+00 0.000000000000000000e+00 0.000000000000000000e+00 0.000000000000000000e+00
0.000000000000000000e+00 0.000000000000000000e+00 1.413930333472664946e-01 1.920297539937878108e-03 1.446679983555348992e-01 0.000000000000000000e+00 1.159598582828002267e-01 1.438890918479546477e-01 9.382109508254907193e-02 1.557416263410748430e-02 0.000000000000000000e+00 1.619721433398922106e-01 1.423459140606489759e-01 0.000000000000000000e+00 0.000000000000000000e+00 0.000000000000000000e+00 3.845640550930808088e-02 0.000000000000000000e+00 0.000000000000000000e+00 0.000000000000000000e+00 0.000000000000000000e+00 0.000000000000000000e+00 0.000000000000000000e+00 0.000000000000000000e+00 0.000000000000000000e+00
4.441849285944683701e-02 8.226443187497105292e-02 2.586030222881807172e-01 0.000000000000000000e+00 1.548047548038277710e-01 0.000000000000000000e+00 0.000000000000000000e+00 1.924243489687398334e-01 0.000000000000000000e+00 0.000000000000000000e+00 0.000000000000000000e+00 0.000000000000000000e+00 0.000000000000000000e+00 0.000000000000000000e+00 0.000000000000000000e+00 0.000000000000000000e+00 1.254722438085973391e-01 0.000000000000000000e+00 0.000000000000000000e+00 1.732326821236263026e-02 0.000000000000000000e+00 0.000000000000000000e+00 1.246894371838739857e-01 0.000000000000000000e+00 0.000000000000000000e+00
0.000000000000000000e+00 1.417429059700923144e-01 2.724673309414894773e-02 0.000000000000000000e+00 1.062569972787968664e-01 0.000000000000000000e+00 4.806402318118522393e-02 1.890727217114601955e-01 3.899607157606193447e-02 8.329048674472001867e-02 0.000000000000000000e+00 0.000000000000000000e+00 1.166874253411867984e-01 0.000000000000000000e+00 1.263290190525270251e-01 0.000000000000000000e+00 0.000000000000000000e+00 0.000000000000000000e+00 0.000000000000000000e+00 1.223136160498206892e-01 0.000000000000000000e+00 0.000000000000000000e+00 0.000000000000000000e+00 0.000000000000000000e+00 0.000000000000000000e+00
1.159171429722324065e-01 2.211445950596911680e-02 2.660905318138261262e-03 0.000000000000000000e+00 1.413864902824715220e-01 1.509423802105159737e-02 7.505906207985987844e-02 0.000000000000000000e+00 2.610855399605680610e-02 3.486456928204204053e-02 0.000000000000000000e+00 2.688037437022266357e-02 5.154106679698020402e-03 3.133791694845524528e-02 1.340822554059956095e-01 0.000000000000000000e+00 0.000000000000000000e+00 0.000000000000000000e+00 1.925921346549827953e-02 2.415807313255598915e-02 3.981146036076649991e-02 0.000000000000000000e+00 1.481292565202705636e-01 6.479603081520931944e-03 1.315023185771944936e-01
0.000000000000000000e+00 0.000000000000000000e+00 9.845851473542893695e-02 0.000000000000000000e+00 1.610480789867752560e-01 0.000000000000000000e+00 8.153566337250496565e-02 1.398069647055976972e-01 8.531744112957964643e-02 3.517496377944555330e-02 0.000000000000000000e+00 0.000000000000000000e+00 1.340131527520796451e-01 6.546358614702068278e-03 8.036907175800471481e-02 0.000000000000000000e+00 0.000000000000000000e+00 0.000000000000000000e+00 0.000000000000000000e+00 0.000000000000000000e+00 0.000000000000000000e+00 0.000000000000000000e+00 0.000000000000000000e+00 2.357650344620567523e-02 1.541532867196758472e-01
1.409994215759617642e-01 0.000000000000000000e+00 0.000000000000000000e+00 0.000000000000000000e+00 4.835300904487730561e-02 1.558514776040453680e-02 1.516539929952868959e-02 1.225384848975407392e-01 0.000000000000000000e+00 0.000000000000000000e+00 0.000000000000000000e+00 1.983827430852161677e-01 5.451666798794773533e-02 0.000000000000000000e+00 1.359647551601683990e-01 0.000000000000000000e+00 2.754703108850995938e-02 2.203985617289934973e-01 2.054877837085126654e-02 0.000000000000000000e+00 0.000000000000000000e+00 0.000000000000000000e+00 0.000000000000000000e+00 0.000000000000000000e+00 0.000000000000000000e+00
0.000000000000000000e+00 1.849711118575934898e-02 1.360168411700329039e-01 1.060691976922028545e-01 1.374216145083494676e-02 0.000000000000000000e+00 2.062051563329964348e-03 4.353701269291365000e-02 1.400559628868214800e-02 0.000000000000000000e+00 0.000000000000000000e+00 1.926051141755513174e-01 5.939182610288323838e-02 0.000000000000000000e+00 2.209405889974832282e-01 0.000000000000000000e+00 1.161738304267071788e-02 0.000000000000000000e+00 0.000000000000000000e+00 1.998488560079232645e-02 0.000000000000000000e+00 0.000000000000000000e+00 0.000000000000000000e+00 2.925284477762744514e-02 1.322773852592360189e-01
1.507021111962259519e-01 7.703866329819075709e-02 1.099953395260097055e-01 0.000000000000000000e+00 1.162532191506932336e-02 0.000000000000000000e+00 6.954572117679835852e-02 1.480404210529550312e-02 9.430310215464188239e-02 0.000000000000000000e+00 0.000000000000000000e+00 1.844937820901713654e-01 3.848143613197067131e-02 0.000000000000000000e+00 1.293354588144396411e-01 0.000000000000000000e+00 3.007785616599679100e-03 0.000000000000000000e+00 0.000000000000000000e+00 0.000000000000000000e+00 0.000000000000000000e+00 0.000000000000000000e+00 1.166672359745870718e-01 0.000000000000000000e+00 0.000000000000000000e+00
0.000000000000000000e+00 2.591417405961212728e-01 2.219323718067412465e-01 2.632927772061889951e-02 3.097849524996975148e-02 8.146414518303889130e-02 0.000000000000000000e+00 0.000000000000000000e+00 0.000000000000000000e+00 1.037498582944621217e-01 0.000000000000000000e+00 0.000000000000000000e+00 3.091740404849639690e-02 0.000000000000000000e+00 5.203874156055583212e-03 0.000000000000000000e+00 0.000000000000000000e+00 0.000000000000000000e+00 7.918033579849940301e-03 0.000000000000000000e+00 0.000000000000000000e+00 6.579995014134888687e-02 0.000000000000000000e+00 2.076691999355207222e-02 1.457979292297450213e-01
0.000000000000000000e+00 5.013376960373360641e-02 1.821467647013062241e-01 0.000000000000000000e+00 1.205658116928233631e-01 5.331748282702900889e-03 0.000000000000000000e+00 1.641987646105558946e-02 0.000000000000000000e+00 1.558052828924766098e-01 0.000000000000000000e+00 5.180807211220705283e-02 1.396796571412137374e-02 1.250645072018005850e-02 1.251694003184601334e-01 0.000000000000000000e+00 0.000000000000000000e+00 0.000000000000000000e+00 0.000000000000000000e+00 1.508385102318312958e-02 0.000000000000000000e+00 0.000000000000000000e+00 1.808280354275131410e-02 0.000000000000000000e+00 2.329782029349986017e-01
1.882450906850030321e-03 6.995976049339191691e-03 1.715202793234943679e-01 0.000000000000000000e+00 1.679332764888783192e-01 0.000000000000000000e+00 0.000000000000000000e+00 1.600947022261823005e-01 0.000000000000000000e+00 0.000000000000000000e+00 0.000000000000000000e+00 2.154131157157723395e-02 0.000000000000000000e+00 0.000000000000000000e+00 4.626684936010230960e-03 0.000000000000000000e+00 1.228602795889960908e-01 1.053906949686731626e-01 6.040080993100284401e-02 0.000000000000000000e+00 0.000000000000000000e+00 0.000000000000000000e+00 3.213558202194994468e-02 1.318945789459236018e-03 1.432990061975868978e-01
5.139200240802426628e-02 0.000000000000000000e+00 4.274291628815014843e-02 0.000000000000000000e+00 1.719100590995419342e-01 0.000000000000000000e+00 8.397102456746279725e-03 1.731179390428372877e-01 0.000000000000000000e+00 1.135407080522976564e-01 0.000000000000000000e+00 1.970276938679267342e-01 1.192933298140253506e-01 0.000000000000000000e+00 1.524454780689603502e-02 0.000000000000000000e+00 0.000000000000000000e+00 0.000000000000000000e+00 0.000000000000000000e+00 1.023742025216271972e-01 0.000000000000000000e+00 0.000000000000000000e+00 0.000000000000000000e+00 4.959498641927011231e-03 0.000000000000000000e+00
1.259199847982884202e-01 1.476112629707878200e-03 1.695232160006578948e-01 1.834951139108153141e-04 3.188333475956234980e-02 0.000000000000000000e+00 2.356310191022734091e-01 5.466037716739555186e-02 0.000000000000000000e+00 0.000000000000000000e+00 2.468021137219526470e-03 6.616974348761143522e-03 8.791960107601605456e-02 4.580748837093803760e-02 1.387499034953529053e-01 0.000000000000000000e+00 0.000000000000000000e+00 0.000000000000000000e+00 1.635591894311698522e-03 0.000000000000000000e+00 0.000000000000000000e+00 0.000000000000000000e+00 5.367980860939661897e-02 0.000000000000000000e+00 4.384507149620771316e-02
7.564301197848045943e-02 0.000000000000000000e+00 1.674726499447036498e-01 0.000000000000000000e+00 2.294234478261673593e-01 0.000000000000000000e+00 0.000000000000000000e+00 1.908857638672207049e-02 0.000000000000000000e+00 3.173883512990878508e-02 0.000000000000000000e+00 1.676469622697504547e-01 0.000000000000000000e+00 0.000000000000000000e+00 1.219142498733282176e-01 0.000000000000000000e+00 0.000000000000000000e+00 0.000000000000000000e+00 0.000000000000000000e+00 3.027990869368996866e-03 0.000000000000000000e+00 3.291459450776160200e-02 1.613594107609475636e-02 1.176693151197147347e-01 1.732442501799889498e-02
0.000000000000000000e+00 1.282932605234634316e-01 1.413829639181436726e-01 9.990812136634799612e-02 4.039280135793681809e-02 5.346709146978694677e-03 4.756631208137841911e-04 0.000000000000000000e+00 2.691905935002020939e-02 0.000000000000000000e+00 0.000000000000000000e+00 1.424631541701714410e-01 0.000000000000000000e+00 5.089078938151191112e-02 1.249525816087518060e-01 0.000000000000000000e+00 4.624135176941750192e-02 0.000000000000000000e+00 0.000000000000000000e+00 0.000000000000000000e+00 0.000000000000000000e+00 1.874293066480466757e-02 5.072767633212849764e-02 0.000000000000000000e+00 1.232629372895095443e-01
0.000000000000000000e+00 3.537269749535123520e-01 3.047585811237472908e-02 0.000000000000000000e+00 0.000000000000000000e+00 0.000000000000000000e+00 1.245643636179062097e-01 1.421172539762971809e-01 1.904703306136457108e-02 1.179113698195895510e-01 0.000000000000000000e+00 1.688808197190602156e-01 4.327632673989518369e-02 0.000000000000000000e+00 0.000000000000000000e+00 0.000000000000000000e+00 0.000000000000000000e+00 0.000000000000000000e+00 0.000000000000000000e+00 0.000000000000000000e+00 0.000000000000000000e+00 0.000000000000000000e+00 0.000000000000000000e+00 0.000000000000000000e+00 0.000000000000000000e+00
0.000000000000000000e+00 0.000000000000000000e+00 1.540151877990040552e-01 0.000000000000000000e+00 1.429630805448840747e-02 0.000000000000000000e+00 0.000000000000000000e+00 1.933604685929341260e-01 1.171387507339840955e-01 1.821743322348612637e-01 0.000000000000000000e+00 0.000000000000000000e+00 0.000000000000000000e+00 4.268451435047057596e-02 0.000000000000000000e+00 0.000000000000000000e+00 0.000000000000000000e+00 0.000000000000000000e+00 0.000000000000000000e+00 2.248112630175815377e-02 0.000000000000000000e+00 7.679214187636003441e-02 0.000000000000000000e+00 1.480052689461288373e-01 4.905190111001050263e-02
0.000000000000000000e+00 0.000000000000000000e+00 0.000000000000000000e+00 9.335773392934421100e-02 2.152775893708379629e-01 1.804522097223217048e-01 0.000000000000000000e+00 7.171719546307959992e-02 0.000000000000000000e+00 7.258082698898532525e-02 0.000000000000000000e+00 2.116586343676865045e-01 0.000000000000000000e+00 0.000000000000000000e+00 0.000000000000000000e+00 0.000000000000000000e+00 0.000000000000000000e+00 0.000000000000000000e+00 0.000000000000000000e+00 0.000000000000000000e+00 0.000000000000000000e+00 0.000000000000000000e+00 1.289009621915087889e-01 0.000000000000000000e+00 2.605484796623586466e-02
2.284603772939216605e-03 0.000000000000000000e+00 0.000000000000000000e+00 0.000000000000000000e+00 2.983046084020917199e-01 0.000000000000000000e+00 5.402806982935131480e-02 1.087994931855481955e-02 0.000000000000000000e+00 1.102277489626423135e-01 0.000000000000000000e+00 1.765701712153750491e-01 0.000000000000000000e+00 0.000000000000000000e+00 7.931442231988085345e-02 0.000000000000000000e+00 0.000000000000000000e+00 3.578318137907390839e-02 0.000000000000000000e+00 0.000000000000000000e+00 0.000000000000000000e+00 7.223323179209321931e-02 1.603740130079977511e-01 0.000000000000000000e+00 0.000000000000000000e+00
0.000000000000000000e+00 1.607915634325338405e-01 6.375518193310346360e-02 0.000000000000000000e+00 2.874970043352097493e-01 0.000000000000000000e+00 0.000000000000000000e+00 2.363800482892487384e-02 0.000000000000000000e+00 0.000000000000000000e+00 0.000000000000000000e+00 1.221434482688008444e-01 0.000000000000000000e+00 0.000000000000000000e+00 1.235354980436692424e-01 0.000000000000000000e+00 0.000000000000000000e+00 0.000000000000000000e+00 0.000000000000000000e+00 0.000000000000000000e+00 4.071478929866485102e-02 0.000000000000000000e+00 0.000000000000000000e+00 2.782315995788958371e-02 1.501013499012034402e-01
2.125829306651975392e-01 1.306135474423334233e-02 0.000000000000000000e+00 0.000000000000000000e+00 2.246741219462035644e-01 1.315114744302393057e-01 0.000000000000000000e+00 0.000000000000000000e+00 2.883957178879889560e-02 4.294235890051768811e-03 0.000000000000000000e+00 1.821763726571487552e-01 0.000000000000000000e+00 0.000000000000000000e+00 0.000000000000000000e+00 0.000000000000000000e+00 1.297424085954928391e-02 2.784246086178659291e-02 0.000000000000000000e+00 9.004181462386133539e-02 5.164427930126571503e-02 0.000000000000000000e+00 0.000000000000000000e+00 0.000000000000000000e+00 2.035714223166373849e-02
1.456931117971996259e-01 2.399231675770323036e-01 8.586343039338936375e-03 6.567915387966978547e-03 0.000000000000000000e+00 1.436789233318571390e-01 0.000000000000000000e+00 2.139970392140981559e-02 0.000000000000000000e+00 0.000000000000000000e+00 0.000000000000000000e+00 4.078809879393843763e-02 1.270512206464956793e-02 0.000000000000000000e+00 7.126996889174692928e-02 0.000000000000000000e+00 2.335955509925258591e-02 0.000000000000000000e+00 0.000000000000000000e+00 4.264654522541973941e-02 0.000000000000000000e+00 5.054257491928143553e-02 1.552429486130454082e-02 1.453231951032167568e-01 3.199147998638519896e-02
1.155061869056702439e-01 1.333938489166160701e-01 1.488091358558995270e-01 1.351807632269081960e-01 4.068262340117990983e-02 0.000000000000000000e+00 2.494919716185188194e-02 1.308856067828436665e-01 2.961647729994522013e-02 8.548227283742574831e-03 0.000000000000000000e+00 6.234287793325867487e-03 0.000000000000000000e+00 3.947612586123415424e-02 2.421022695259799837e-02 0.000000000000000000e+00 0.000000000000000000e+00 0.000000000000000000e+00 0.000000000000000000e+00 0.000000000000000000e+00 1.100102987872530027e-03 0.000000000000000000e+00 0.000000000000000000e+00 1.212065927545074792e-02 1.492865302948613582e-01
0.000000000000000000e+00 0.000000000000000000e+00 1.476153692491220526e-01 0.000000000000000000e+00 5.855765862057447924e-02 1.363797208536075278e-01 4.583622100665892679e-02 0.000000000000000000e+00 1.165955750064778286e-02 1.242590719220958845e-01 5.529896590344677947e-03 1.897660876021141363e-01 1.484108847345208537e-01 6.981113184535095439e-02 2.428030595560361909e-02 0.000000000000000000e+00 0.000000000000000000e+00 0.000000000000000000e+00 0.000000000000000000e+00 3.046289075347978145e-02 7.431203365879243510e-03 0.000000000000000000e+00 0.000000000000000000e+00 0.000000000000000000e+00 0.000000000000000000e+00
3.649272420080203194e-02 1.347784979005730022e-01 1.301931030929654731e-01 1.056334779982074368e-01 5.393405084570808417e-02 1.214964522853798218e-01 5.549424534101655114e-03 1.704586118627265598e-02 0.000000000000000000e+00 9.223177834127703478e-03 7.657533354154179295e-03 4.487457857915328613e-02 0.000000000000000000e+00 8.194397624409871517e-02 0.000000000000000000e+00 0.000000000000000000e+00 0.000000000000000000e+00 2.827622676433149546e-02 0.000000000000000000e+00 1.325886190561078107e-02 5.573696091898467514e-03 0.000000000000000000e+00 0.000000000000000000e+00 1.425062937141471919e-01 6.156206346846802152e-02
6.034059943601924325e-02 1.190044201340720725e-01 1.490765207047876351e-01 0.000000000000000000e+00 1.960116599470097254e-01 0.000000000000000000e+00 1.129076200970712401e-01 1.469994621070713214e-01 0.000000000000000000e+00 0.000000000000000000e+00 3.194039039763565783e-03 0.000000000000000000e+00 3.660270023640683785e-03 1.118058347932225811e-02 4.765167629896661927e-02 0.000000000000000000e+00 0.000000000000000000e+00 0.000000000000000000e+00 2.668481339219604467e-02 0.000000000000000000e+00 0.000000000000000000e+00 6.753402380743812883e-02 0.000000000000000000e+00 5.575431153264145262e-02 0.000000000000000000e+00
0.000000000000000000e+00 0.000000000000000000e+00 2.084698962108965659e-01 0.000000000000000000e+00 1.827668105446753344e-01 0.000000000000000000e+00 0.000000000000000000e+00 1.718074225622245876e-01 1.269807035491246454e-02 0.000000000000000000e+00 0.000000000000000000e+00 2.391654872528783671e-01 1.505026574519080507e-01 0.000000000000000000e+00 0.000000000000000000e+00 0.000000000000000000e+00 0.000000000000000000e+00 0.000000000000000000e+00 0.000000000000000000e+00 0.000000000000000000e+00 0.000000000000000000e+00 0.000000000000000000e+00 3.458965562250480158e-02 0.000000000000000000e+00 0.000000000000000000e+00
1.429532246741781754e-01 0.000000000000000000e+00 0.000000000000000000e+00 0.000000000000000000e+00 1.422976107038498028e-01 2.453653404613589245e-03 0.000000000000000000e+00 1.531537974486008036e-01 5.401530748967992013e-02 7.875229547073060721e-02 0.000000000000000000e+00 0.000000000000000000e+00 3.033765917723899377e-02 1.726367043102872145e-02 1.197050604221240773e-02 0.000000000000000000e+00 0.000000000000000000e+00 0.000000000000000000e+00 0.000000000000000000e+00 0.000000000000000000e+00 6.420129010901907962e-02 9.363651798063622744e-03 1.712246335085873539e-01 1.220126997421969312e-01 0.000000000000000000e+00
1.792016731640029168e-03 1.588550913638639150e-01 1.938513040719523073e-01 0.000000000000000000e+00 1.093390005330539955e-01 2.127318123670426768e-03 1.572604996718228801e-02 0.000000000000000000e+00 5.201720694438267262e-03 0.000000000000000000e+00 1.463702707311279050e-02 3.195863112923067340e-03 2.508231536959289534e-02 2.743689464986339560e-02 1.187655059419786691e-01 0.000000000000000000e+00 0.000000000000000000e+00 0.000000000000000000e+00 6.122705792334301456e-03 1.289575157266799332e-01 0.000000000000000000e+00 0.000000000000000000e+00 1.268680466705922327e-01 4.638533953169908519e-02 1.565628464542229495e-02
0.000000000000000000e+00 1.376280373259451684e-01 1.180037398190470904e-01 3.038929413806865099e-02 1.505043337730141428e-01 0.000000000000000000e+00 4.677773249510765868e-02 1.290345248178883519e-01 6.404203887197752743e-02 1.320718274051954910e-01 0.000000000000000000e+00 1.655314005899984064e-01 0.000000000000000000e+00 0.000000000000000000e+00 0.000000000000000000e+00 1.243665298929885407e-02 1.358041777445877750e-02 0.000000000000000000e+00 0.000000000000000000e+00 0.000000000000000000e+00 0.000000000000000000e+00 0.000000000000000000e+00 0.000000000000000000e+00 0.000000000000000000e+00 0.000000000000000000e+00
