1.126512224350871699e-01 1.413398922959259452e-01 0.000000000000000000e+00 1.071516634164666922e-02 7.574252681006953154e-03 3.098886705853198115e-02 1.126498879271636312e-02 0.000000000000000000e+00 1.694752107587121914e-01 7.636881389447602517e-03 2.913073982122706476e-03 1.765721428492468270e-01 0.000000000000000000e+00 0.000000000000000000e+00 3.678254225357036750e-02 0.000000000000000000e+00 3.175304773154064009e-02 1.361295078103460787e-01 1.242032036200986234e-01 0.000000000000000000e+00
1.257613771059886698e-01 0.000000000000000000e+00 2.914181679898093791e-02 7.311722315887091150e-02 0.000000000000000000e+00 0.000000000000000000e+00 0.000000000000000000e+00 0.000000000000000000e+00 1.842775515959305943e-01 2.001111350887204918e-02 0.000000000000000000e+00 2.605436884509506612e-01 0.000000000000000000e+00 0.000000000000000000e+00 0.000000000000000000e+00 0.000000000000000000e+00 4.580781215996625882e-02 2.122276430667433822e-01 4.911177415369633731e-02 0.000000000000000000e+00
3.154780819871037117e-02 5.368340359662102795e-02 0.000000000000000000e+00 0.000000000000000000e+00 1.010241590206997636e-01 2.207328384649709808e-03 0.000000000000000000e+00 6.047401212400081716e-02 1.851851914820731304e-01 0.000000000000000000e+00 0.000000000000000000e+00 1.475283157645170332e-03 1.711447742853425547e-01 1.367629002443397357e-01 2.105275486022812823e-02 0.000000000000000000e+00 2.567082025722129766e-03 1.627594095183135248e-02 6.449950577594906753e-02 1.520998558921869415e-01
6.752065873462459282e-03 6.994240817991813353e-02 4.058644914281659202e-03 0.000000000000000000e+00 0.000000000000000000e+00 0.000000000000000000e+00 3.705512394961126693e-02 1.292625474842921673e-01 1.591168289766071720e-01 2.319709789505241398e-02 0.000000000000000000e+00 2.113870660603092352e-02 1.354186604795670767e-01 1.242049810206705546e-01 0.000000000000000000e+00 2.255219988543228846e-02 0.000000000000000000e+00 1.029963840568800214e-02 2.496801025056792078e-01 7.320993823706869671e-03
0.000000000000000000e+00 6.642288397195589278e-02 4.141000939144709632e-03 3.024016219728169197e-02 6.658115764090520063e-03 1.299721955179350130e-01 0.000000000000000000e+00 1.954102842707501064e-01 2.834162498220498330e-02 7.972160467921553251e-02 1.216492662079817801e-02 3.648207719646065494e-02 0.000000000000000000e+00 3.117086622456583314e-02 1.160513157947198459e-03 0.000000000000000000e+00 3.420760447881531635e-02 3.829392994828993702e-02 1.628627621753320209e-01 1.427494478752124041e-01
1.965543766498294431e-01 9.603335443282176587e-02 1.053832471891901906e-01 0.000000000000000000e+00 1.031330819944473454e-01 0.000000000000000000e+00 2.730467251300197629e-02 2.606588049460963410e-02 0.000000000000000000e+00 0.000000000000000000e+00 0.000000000000000000e+00 1.844526849193330320e-01 2.047772637160205286e-02 1.460919098612432562e-02 1.020032498267654103e-02 0.000000000000000000e+00 4.369768672134629467e-02 1.160275456211249528e-01 5.606022712389261559e-02 0.000000000000000000e+00
1.607344258884056409e-01 0.000000000000000000e+00 4.735679986741799831e-03 2.969275066242949707e-02 9.671614228266393887e-02 1.419616031545331558e-01 0.000000000000000000e+00 0.000000000000000000e+00 1.773636695386510975e-01 0.000000000000000000e+00 0.000000000000000000e+00 1.875373342362732509e-01 1.349193348775073673e-02 0.000000000000000000e+00 1.321382991216284684e-02 0.000000000000000000e+00 0.000000000000000000e+00 3.119130667520439437e-02 1.247216133319403036e-01 1.863971084324338168e-02
0.000000000000000000e+00 7.792410031740099052e-02 1.146565325261016685e-03 1.424111592195683451e-01 8.031558019335065246e-02 0.000000000000000000e+00 1.810977179014845338e-04 1.499486900929606903e-01 1.587355948282015150e-01 0.000000000000000000e+00 0.000000000000000000e+00 1.329331792571449011e-01 1.008320082331510548e-01 4.184397615438676006e-03 0.000000000000000000e+00 5.584182164473440110e-03 1.142944439493388635e-02 3.294703144844582376e-02 7.593478514386463318e-02 2.549218404790290146e-02
1.007129173483636148e-01 9.799873037846998716e-03 1.117355508194588232e-01 1.199944818859980805e-01 7.670672035871545225e-02 0.000000000000000000e+00 7.350315396710865867e-02 1.329673487581149172e-01 1.903786365388101809e-01 0.000000000000000000e+00 0.000000000000000000e+00 2.761131769852878323e-02 0.000000000000000000e+00 0.000000000000000000e+00 9.587176723659338387e-03 1.309305236483740940e-02 3.518050190662133647e-02 6.771230996411345404e-02 1.033048629619089890e-03 2.998390999820407452e-02
1.511646959452339622e-01 8.051797611023675527e-02 0.000000000000000000e+00 1.269328401879990520e-01 1.074212633494755209e-01 1.527711788015421179e-01 8.986672949698656931e-02 2.377373560899642690e-02 0.000000000000000000e+00 0.000000000000000000e+00 1.025342777361469299e-03 9.836465614782259614e-02 2.728920948849270986e-02 9.245103031762942061e-04 0.000000000000000000e+00 0.000000000000000000e+00 0.000000000000000000e+00 0.000000000000000000e+00 0.000000000000000000e+00 1.399478617826764582e-01
0.000000000000000000e+00 0.000000000000000000e+00 0.000000000000000000e+00 0.000000000000000000e+00 0.000000000000000000e+00 1.693918433717240823e-01 0.000000000000000000e+00 0.000000000000000000e+00 1.589990598925182796e-01 0.000000000000000000e+00 1.992210236451960939e-04 1.069003112185038934e-01 2.151076848681202913e-01 2.341838246944017224e-02 0.000000000000000000e+00 0.000000000000000000e+00 1.010431592671735546e-01 7.645421680750355553e-02 1.484861210813709087e-01 0.000000000000000000e+00
3.112892031856232845e-03 9.019127530327156195e-02 1.585343429656782283e-03 2.138288400384449027e-03 2.389108436897049992e-02 2.564319191840348094e-02 5.140765977442120216e-02 1.456822346463598761e-01 2.063551158145902897e-02 2.509023785931517592e-02 0.000000000000000000e+00 2.391946753507241397e-01 1.243838542152485016e-01 1.029679071362280679e-02 1.512637848592479455e-02 0.000000000000000000e+00 0.000000000000000000e+00 1.592810807728935740e-01 6.263403106126109489e-03 5.607609804136169662e-02
0.000000000000000000e+00 8.237798198880275091e-02 0.000000000000000000e+00 1.200569653088766342e-01 7.456779614584559124e-02 1.335987095328771135e-01 0.000000000000000000e+00 1.410790303268592144e-02 2.178091646500107392e-01 1.265268484689053598e-02 0.000000000000000000e+00 1.580745025503632883e-01 0.000000000000000000e+00 5.225993546399669175e-04 5.316855132629519365e-02 0.000000000000000000e+00 3.995018590232222305e-02 9.311295536039007614e-02 0.000000000000000000e+00 0.000000000000000000e+00
1.376717263658662482e-01 4.660399470211493839e-02 0.000000000000000000e+00 0.000000000000000000e+00 3.734167330248173988e-02 1.332431943107607042e-01 0.000000000000000000e+00 4.194647002554022924e-02 0.000000000000000000e+00 0.000000000000000000e+00 0.000000000000000000e+00 2.024404547874617266e-01 1.360569145144066017e-01 8.811466078785711031e-02 1.165379072697504959e-01 0.000000000000000000e+00 1.849070372021429254e-03 4.826096776566039803e-02 0.000000000000000000e+00 9.932965796078307638e-03
1.493091496585736934e-03 1.170679595718776972e-01 2.541395699377721820e-02 7.478505751970729483e-03 6.976714064725123877e-03 0.000000000000000000e+00 0.000000000000000000e+00 0.000000000000000000e+00 3.077893075895787312e-01 7.394634098194527438e-02 1.821467935344280725e-02 1.583207886816614951e-01 0.000000000000000000e+00 3.619810673815641172e-02 1.475682714502461190e-01 0.000000000000000000e+00 9.634487243680760205e-02 3.187404889224942396e-03 0.000000000000000000e+00 0.000000000000000000e+00
0.000000000000000000e+00 0.000000000000000000e+00 0.000000000000000000e+00 0.000000000000000000e+00 3.185160237201063727e-02 1.387178384474143933e-01 0.000000000000000000e+00 7.801848315401924139e-02 2.133276814154941997e-02 0.000000000000000000e+00 0.000000000000000000e+00 0.000000000000000000e+00 1.680361262051382476e-01 0.000000000000000000e+00 0.000000000000000000e+00 0.000000000000000000e+00 3.893211574331145036e-02 6.995745134923071762e-02 2.778543892495272116e-01 1.752992253377986531e-01
1.423113135281730834e-01 0.000000000000000000e+00 0.000000000000000000e+00 0.000000000000000000e+00 1.136190132091225574e-01 1.327589956585175923e-01 7.357097624244570040e-03 1.173321545907726748e-01 1.507643116515880732e-01 0.000000000000000000e+00 0.000000000000000000e+00 1.187971725230536763e-01 0.000000000000000000e+00 9.756913930754571029e-02 7.390835795012930254e-02 0.000000000000000000e+00 0.000000000000000000e+00 3.729164016337452423e-04 4.079154237111910081e-02 4.417985184100004480e-03
8.456641612022153254e-02 1.297517024791238795e-02 0.000000000000000000e+00 7.176149410141859086e-02 5.457587336229661329e-02 4.069357567830191730e-02 0.000000000000000000e+00 0.000000000000000000e+00 1.461839355043399180e-01 1.448652860587618108e-01 0.000000000000000000e+00 1.374663165979607415e-01 2.666509844415273014e-02 1.578801309640001042e-03 1.643075633443062677e-01 0.000000000000000000e+00 0.000000000000000000e+00 0.000000000000000000e+00 3.053937152244302899e-02 8.382109770824447414e-02
2.223922234308708945e-01 0.000000000000000000e+00 0.000000000000000000e+00 3.472888219232767720e-02 0.000000000000000000e+00 0.000000000000000000e+00 0.000000000000000000e+00 0.000000000000000000e+00 3.751464007573530879e-02 0.000000000000000000e+00 0.000000000000000000e+00 5.630733365718708361e-02 1.426277199659047312e-01 1.230207618499841865e-01 1.876843152629041889e-01 0.000000000000000000e+00 1.140242644106450598e-01 6.152853635742463329e-02 0.000000000000000000e+00 2.017132279701640274e-02
3.959474653447341702e-02 2.399595994504065063e-02 0.000000000000000000e+00 0.000000000000000000e+00 1.440640297766999367e-01 3.248491635629712632e-02 1.012589570897451906e-02 5.598945189612350437e-02 0.000000000000000000e+00 0.000000000000000000e+00 1.468060521808978169e-02 3.148965587720126691e-01 2.065909816668529131e-03 1.252062321131211520e-02 0.000000000000000000e+00 0.000000000000000000e+00 0.000000000000000000e+00 1.010570378927301734e-02 1.947843823072008818e-01 1.446912166678339384e-01
6.626592495795388671e-02 1.094609281095399317e-01 0.000000000000000000e+00 5.594517761761197763e-03 0.000000000000000000e+00 2.091189736715139691e-01 0.000000000000000000e+00 2.703086402063922117e-02 0.000000000000000000e+00 9.472967199851173303e-02 0.000000000000000000e+00 7.113094632548061513e-02 1.342562769383884858e-01 0.000000000000000000e+00 1.861969390344291320e-01 0.000000000000000000e+00 0.000000000000000000e+00 0.000000000000000000e+00 0.000000000000000000e+00 9.621495718178167678e-02
4.273290272159667447e-02 1.325959261062044370e-01 5.753610878506150786e-03 5.898114550014440377e-02 3.948869281493254738e-03 0.000000000000000000e+00 0.000000000000000000e+00 1.152591857902088637e-02 1.875804913145986130e-01 0.000000000000000000e+00 7.079580640132410001e-03 2.431961549250761800e-01 0.000000000000000000e+00 2.035937237263221386e-02 3.476387180835836810e-02 0.000000000000000000e+00 0.000000000000000000e+00 6.535740741928067199e-02 1.318456293001974214e-02 1.729401855229360241e-01
3.229820909001542700e-02 0.000000000000000000e+00 0.000000000000000000e+00 8.472331647022417200e-02 1.392457313946061578e-02 2.104843761508901762e-02 1.242517342472799213e-01 4.158206991976482608e-02 1.535521646980919919e-01 0.000000000000000000e+00 0.000000000000000000e+00 1.101455027664510200e-01 3.045810787727971231e-02 1.261267610568551911e-01 2.650403408185333931e-02 3.531819509972632977e-03 0.000000000000000000e+00 5.798861817742532532e-04 1.814914089096642258e-01 4.978197443622373736e-02
7.651366195389130986e-02 2.428898360353729663e-02 2.741895970418186529e-02 1.134137520294905416e-02 0.000000000000000000e+00 1.819922670808640786e-01 1.335483715635517495e-02 1.789048568581557419e-01 3.059817359221109548e-02 4.340797404516175823e-02 4.742945856916011386e-03 2.179331807838103333e-02 0.000000000000000000e+00 0.000000000000000000e+00 0.000000000000000000e+00 1.780850170548151784e-02 0.000000000000000000e+00 1.098518270895104156e-02 2.257479327941045721e-01 1.311010296588584478e-01
6.603359452719183287e-02 1.260506713324472672e-01 1.688887529601460977e-02 1.143072498998257552e-01 0.000000000000000000e+00 0.000000000000000000e+00 4.981000568293264541e-02 2.754280377454266723e-02 1.407574297310766887e-01 0.000000000000000000e+00 2.129140197978263149e-02 0.000000000000000000e+00 9.957346681696031820e-02 0.000000000000000000e+00 4.904105816761937520e-02 0.000000000000000000e+00 1.087160133566550252e-01 1.393807205180187456e-02 1.212883245861331484e-02 1.539205249245358120e-01
3.450359406762301684e-02 0.000000000000000000e+00 7.268380700577636855e-02 1.385345410487473679e-02 0.000000000000000000e+00 0.000000000000000000e+00 0.000000000000000000e+00 0.000000000000000000e+00 2.145660496333582842e-02 4.571462928478440407e-02 0.000000000000000000e+00 2.108933177159220962e-01 6.396902137439074154e-02 1.894372772072450972e-01 1.383591763934244045e-01 1.387765327564142170e-01 0.000000000000000000e+00 1.265509773343780238e-02 3.866866324898040469e-02 1.902882414379088172e-02
1.716568983124442949e-01 1.420908001916978969e-01 8.967117813779751367e-02 1.368185768092892995e-02 9.975084078447458546e-04 4.918107807059278469e-02 0.000000000000000000e+00 8.903837992899681086e-02 0.000000000000000000e+00 0.000000000000000000e+00 5.643252883575247333e-03 2.556606251081597891e-01 0.000000000000000000e+00 0.000000000000000000e+00 1.663108461267326643e-01 0.000000000000000000e+00 9.660244793929824783e-03 0.000000000000000000e+00 6.407330357299532118e-03 0.000000000000000000e+00
1.174817902646763945e-01 5.242847296058265882e-02 6.563336567143553124e-02 2.284805106564754846e-03 0.000000000000000000e+00 1.278761377479458727e-01 0.000000000000000000e+00 8.247692852533157828e-03 7.744569929048758516e-02 1.330936406825173994e-02 0.000000000000000000e+00 1.146859524245591733e-01 0.000000000000000000e+00 0.000000000000000000e+00 3.797052207031986065e-02 0.000000000000000000e+00 6.366990108080902711e-02 1.391324046818883386e-01 1.647615249383393710e-01 1.507236684160624847e-02
0.000000000000000000e+00 6.095757695702173212e-02 0.000000000000000000e+00 1.322861017767668346e-01 6.753791893201686880e-02 0.000000000000000000e+00 4.621213288748994563e-02 6.288236670261404537e-02 1.119484527515319898e-02 2.385768561723443371e-02 0.000000000000000000e+00 2.498422105025820128e-01 1.262536280515059173e-01 0.000000000000000000e+00 0.000000000000000000e+00 0.000000000000000000e+00 0.000000000000000000e+00 1.145018984143183899e-01 8.101563190755538268e-02 2.345800297574120868e-02
1.307401779591023938e-01 0.000000000000000000e+00 1.660666730308834119e-02 1.575560491345882538e-02 2.046136711916152543e-04 2.639125805187689071e-03 0.000000000000000000e+00 0.000000000000000000e+00 0.000000000000000000e+00 0.000000000000000000e+00 0.000000000000000000e+00 3.054280540001190827e-02 1.256130513386813363e-01 1.401446257432776010e-01 1.705854722986536176e-01 0.000000000000000000e+00 1.106152734574565449e-01 2.066195520785402140e-01 3.372774915077680902e-02 1.620528088057323832e-02
0.000000000000000000e+00 0.000000000000000000e+00 0.000000000000000000e+00 0.000000000000000000e+00 7.396364401363374197e-02 1.325602667138687518e-01 0.000000000000000000e+00 7.061709553886093282e-02 1.195168993684904146e-01 2.144386837836367160e-02 0.000000000000000000e+00 9.221443551534268951e-03 2.823780991429696577e-06 3.313688559767255081e-03 2.247609152836699264e-01 9.268419269185777798e-02 0.000000000000000000e+00 2.085701489477400639e-01 4.334501317122181618e-02 0.000000000000000000e+00
1.020903693595561768e-01 1.159657678434019845e-01 0.000000000000000000e+00 3.606810472163744785e-02 0.000000000000000000e+00 6.307271011624285273e-02 0.000000000000000000e+00 0.000000000000000000e+00 1.213367281928489499e-01 0.000000000000000000e+00 0.000000000000000000e+00 1.479057241336862727e-01 8.952743179472087698e-02 0.000000000000000000e+00 0.000000000000000000e+00 0.000000000000000000e+00 0.000000000000000000e+00 1.041201880534044222e-01 1.424757764737553112e-01 7.743719931074560803e-02
0.000000000000000000e+00 0.000000000000000000e+00 0.000000000000000000e+00 0.000000000000000000e+00 1.323850032730698734e-01 0.000000000000000000e+00 0.000000000000000000e+00 0.000000000000000000e+00 2.518568794859057935e-01 3.538206207257924008e-02 0.000000000000000000e+00 3.350665878849560797e-01 0.000000000000000000e+00 0.000000000000000000e+00 0.000000000000000000e+00 0.000000000000000000e+00 0.000000000000000000e+00 7.239430500253768441e-02 1.540469573564789973e-01 1.886820492447235931e-02
1.062491383847317429e-02 2.455880745432286946e-02 9.599186521554804730e-02 2.786517230410573767e-02 1.882232900315605473e-01 1.495494177730349317e-01 0.000000000000000000e+00 0.000000000000000000e+00 1.093461596409208980e-01 6.588560656236221863e-03 0.000000000000000000e+00 2.767228963889299953e-01 4.589379295338223697e-03 0.000000000000000000e+00 0.000000000000000000e+00 0.000000000000000000e+00 0.000000000000000000e+00 2.261355979825330903e-02 8.332597760327599412e-02 0.000000000000000000e+00
1.258862679691708231e-01 5.570094872815362780e-02 0.000000000000000000e+00 2.171269051838134456e-02 1.511109160419704389e-01 1.444514574394558659e-01 2.279672614179093382e-03 0.000000000000000000e+00 6.636395502750430664e-02 0.000000000000000000e+00 0.000000000000000000e+00 0.000000000000000000e+00 0.000000000000000000e+00 8.981890705737155534e-02 8.336170715063823122e-02 0.000000000000000000e+00 4.028229572631661370e-02 2.105047585289961110e-02 1.634016196234401308e-01 3.457908625051853840e-02
1.330444147248605324e-01 5.166669595367685830e-02 0.000000000000000000e+00 0.000000000000000000e+00 1.119721803465170973e-01 0.000000000000000000e+00 5.178131030094836051e-02 1.305455044206385307e-01 6.254170503096724565e-02 3.972284090904583398e-02 1.545178701852753696e-02 1.495142988940136863e-01 0.000000000000000000e+00 0.000000000000000000e+00 1.543764860557204355e-01 0.000000000000000000e+00 0.000000000000000000e+00 1.054914587357356007e-02 8.235450233349189686e-02 6.479128138018336140e-03
1.328119373971526074e-01 1.075900942667718380e-01 2.932865583337546100e-02 9.500951899354068142e-02 5.705406414932308670e-03 2.941079711961676335e-02 0.000000000000000000e+00 0.000000000000000000e+00 1.249425145148870264e-01 0.000000000000000000e+00 8.002023212498273787e-04 1.952580123716258359e-02 0.000000000000000000e+00 6.918153949137617609e-02 1.738178917775083376e-01 0.000000000000000000e+00 5.293923101963311784e-02 3.668030236041769365e-02 0.000000000000000000e+00 1.222561072523755538e-01
1.280661494412442813e-01 0.000000000000000000e+00 0.000000000000000000e+00 6.371094242325445189e-02 0.000000000000000000e+00 5.430536790746533227e-02 1.272795336578392764e-02 7.344178618989075091e-02 2.551475094307670277e-01 0.000000000000000000e+00 0.000000000000000000e+00 2.850274338751239700e-01 1.531636074082621049e-02 0.000000000000000000e+00 0.000000000000000000e+00 0.000000000000000000e+00 2.866355593760983381e-02 4.865211117556466486e-02 1.945795340634146053e-02 1.548287610612797578e-02
1.292715988689032702e-01 6.133919003672155812e-02 1.323307023440693231e-01 9.253538311905368241e-03 8.364743322830905936e-02 1.278950090739842255e-02 5.663897304349998531e-04 1.494799306531872651e-01 1.904392807029478898e-02 0.000000000000000000e+00 0.000000000000000000e+00 1.534114207946760400e-01 4.850470229282511508e-02 2.437372180579484848e-02 5.718353059629872892e-02 0.000000000000000000e+00 4.413767118345383184e-02 5.357564576166125303e-02 2.109109541406599050e-02 0.000000000000000000e+00
0.000000000000000000e+00 0.000000000000000000e+00 0.000000000000000000e+00 2.588822801787560302e-01 0.000000000000000000e+00 1.149649699343669729e-01 0.000000000000000000e+00 0.000000000000000000e+00 2.658814979664593167e-02 0.000000000000000000e+00 0.000000000000000000e+00 1.446646019302637587e-01 1.352412789767276635e-01 1.204669094324008066e-01 5.467232889994506732e-03 0.000000000000000000e+00 0.000000000000000000e+00 4.660212606651365636e-02 3.128708733218553417e-02 1.158353634621451522e-01
3.010641567677331456e-03 0.000000000000000000e+00 0.000000000000000000e+00 3.198479272751297148e-02 4.106785588043643243e-03 4.655165740471177600e-03 0.000000000000000000e+00 1.284725663363741333e-01 0.000000000000000000e+00 0.000000000000000000e+00 1.152146925120269005e-02 2.902713664083812484e-01 0.000000000000000000e+00 1.508540778783954428e-01 1.401354506849669390e-01 4.126576709910529522e-03 2.221553792798204932e-02 1.525668303003980229e-02 3.418665788926393556e-02 1.592022282597782834e-01
4.039697577731759387e-02 7.543999104466063421e-02 0.000000000000000000e+00 1.023985235196869098e-01 2.882683041610699728e-02 0.000000000000000000e+00 9.827748854111797647e-03 8.452719358840751762e-02 1.437848125695463108e-01 7.832085825891473008e-02 7.422590461069911594e-04 1.500272472554358416e-01 0.000000000000000000e+00 0.000000000000000000e+00 0.000000000000000000e+00 0.000000000000000000e+00 8.371823247629493758e-02 5.483179812751205751e-02 1.161549447615963515e-01 3.100258430430128526e-02
1.262759512301455701e-02 0.000000000000000000e+00 0.000000000000000000e+00 7.449268898954204687e-02 9.296760820866940833e-02 1.641319080288997437e-02 6.571243918352319413e-02 0.000000000000000000e+00 1.464313709771722927e-01 0.000000000000000000e+00 0.000000000000000000e+00 1.344318188154307592e-01 0.000000000000000000e+00 3.176906867991220046e-02 4.793402997017958203e-03 8.481195840353457360e-03 1.011547245709679133e-01 1.250442229555602802e-01 1.531293682601866935e-01 3.255130459575921592e-02
1.401886434064292808e-01 1.017682535269401889e-01 9.302835091826609434e-03 1.944721839751806236e-02 1.426146330087375499e-02 7.949176698530593943e-02 0.000000000000000000e+00 5.700218011745183944e-02 9.877610625930007687e-03 0.000000000000000000e+00 0.000000000000000000e+00 8.802255353812712957e-02 0.000000000000000000e+00 5.934058490984170722e-03 1.658477373003879388e-02 5.264904109940753141e-02 2.443309227477780468e-02 1.112076560276929055e-01 1.310667129723240842e-01 1.387621404143719039e-01
9.172199545388615149e-02 1.501083529848187825e-01 0.000000000000000000e+00 3.674191639806619059e-02 8.011698246450725536e-02 0.000000000000000000e+00 0.000000000000000000e+00 0.000000000000000000e+00 1.463799507724983240e-01 0.000000000000000000e+00 1.692956158731949434e-02 0.000000000000000000e+00 0.000000000000000000e+00 1.222930960340706807e-01 1.678051979233863289e-01 0.000000000000000000e+00 8.862322565951670506e-02 0.000000000000000000e+00 9.927972072192996211e-02 0.000000000000000000e+00
