0.000000000000000000e+00 1.985949941712027243e-03 5.472645719924878333e-02 7.260901615114398813e-03 1.636586372309348780e-01 0.000000000000000000e+00 1.388555039057757512e-01 0.000000000000000000e+00 4.055994066692814731e-02 1.849917685280357688e-02 0.000000000000000000e+00 4.573355841977502084e-02 0.000000000000000000e+00 0.000000000000000000e+00 2.939401846278159591e-01 0.000000000000000000e+00 9.907665345403434548e-03 0.000000000000000000e+00 0.000000000000000000e+00 5.995365467439454227e-03 0.000000000000000000e+00 0.000000000000000000e+00 2.440505495630330285e-02 4.595411217684672311e-02 1.485174915938984319e-01
1.187641293915694951e-01 2.247925709986583198e-01 0.000000000000000000e+00 9.435235795645237344e-02 1.044754052465313859e-02 0.000000000000000000e+00 0.000000000000000000e+00 0.000000000000000000e+00 6.723571823031572817e-03 0.000000000000000000e+00 0.000000000000000000e+00 0.000000000000000000e+00 0.000000000000000000e+00 0.000000000000000000e+00 1.181662446659440674e-01 0.000000000000000000e+00 1.276357321473390871e-01 1.047191580105377162e-01 0.000000000000000000e+00 0.000000000000000000e+00 0.000000000000000000e+00 0.000000000000000000e+00 0.000000000000000000e+00 1.431577140876997001e-01 5.124098039411444094e-02
1.676526816471410677e-02 0.000000000000000000e+00 1.731403883291561530e-02 0.000000000000000000e+00 3.591993313914439850e-02 9.126709759942801259e-02 1.834414722123370312e-02 3.518682829337657116e-03 0.000000000000000000e+00 5.961824718314225752e-02 0.000000000000000000e+00 1.647851315440177974e-02 0.000000000000000000e+00 0.000000000000000000e+00 1.817413249082001081e-01 0.000000000000000000e+00 3.430431497399273610e-02 1.243341447876731842e-01 3.746090706318967734e-02 9.716682846078453228e-02 0.000000000000000000e+00 4.319076147265465265e-02 1.502855306280847791e-01 3.665519401706343605e-02 3.563506556403933656e-02
0.000000000000000000e+00 1.308663844809553056e-01 0.000000000000000000e+00 0.000000000000000000e+00 1.834642724739856887e-02 0.000000000000000000e+00 0.000000000000000000e+00 0.000000000000000000e+00 8.624483220512318971e-03 1.326341014052053770e-02 6.304218639551988079e-02 3.231408416042691033e-03 0.000000000000000000e+00 0.000000000000000000e+00 2.081455432032302821e-01 0.000000000000000000e+00 4.381392861440987913e-02 1.101933890090757845e-01 5.703236230675450685e-02 0.000000000000000000e+00 0.000000000000000000e+00 1.014895172891759761e-01 1.311848689052086230e-02 1.371443215347942779e-01 9.168815125108896458e-02
8.571064881629007412e-03 0.000000000000000000e+00 1.154593123845810421e-01 0.000000000000000000e+00 0.000000000000000000e+00 0.000000000000000000e+00 1.463995876866750478e-01 1.104054872718778987e-02 0.000000000000000000e+00 1.248388022309422467e-02 3.221148340034485358e-02 6.483717919215573056e-02 0.000000000000000000e+00 0.000000000000000000e+00 2.840415346171484834e-01 0.000000000000000000e+00 0.000000000000000000e+00 0.000000000000000000e+00 5.700514695080806556e-03 7.038204299120517579e-03 2.061505349263660462e-03 1.073241160826500507e-01 2.352110298711260900e-02 1.627866295788857887e-01 1.652333589507041373e-02
1.005935380338829344e-01 1.601391984090026199e-01 5.659760509574132681e-03 0.000000000000000000e+00 2.345254101097981464e-02 0.000000000000000000e+00 1.281099412974270324e-01 0.000000000000000000e+00 1.014544157620450408e-02 1.294991166099482283e-01 2.953267595095123224e-03 2.034693967716853444e-02 0.000000000000000000e+00 2.136541701281369828e-03 2.112672477035357210e-01 4.342028198510628628e-02 8.356538808420473086e-03 0.000000000000000000e+00 0.000000000000000000e+00 1.404933828420747675e-02 0.000000000000000000e+00 7.358149893787135909e-03 8.570155386535670966e-03 0.000000000000000000e+00 1.239420015178428341e-01
1.573561283361652255e-02 1.308651061058306031e-01 1.326186669506156934e-01 0.000000000000000000e+00 7.342323604546646676e-03 1.276867460887294303e-01 9.831216325241069753e-02 3.678724721737932496e-02 0.000000000000000000e+00 1.172546374520070239e-01 5.315878087854471537e-03 0.000000000000000000e+00 0.000000000000000000e+00 0.000000000000000000e+00 1.977312740431664065e-02 0.000000000000000000e+00 2.140905432333522346e-02 3.241756088460265523e-04 1.510964687942515650e-01 0.000000000000000000e+00 0.000000000000000000e+00 4.017351162725692898e-02 9.300391578933679682e-02 2.301364859666311848e-03 0.000000000000000000e+00
0.000000000000000000e+00 1.419171465655713060e-01 9.416149422556032225e-03 1.015471587842809928e-02 0.000000000000000000e+00 1.470387052167528887e-02 8.673960846668953006e-02 0.000000000000000000e+00 0.000000000000000000e+00 1.566654595511815795e-01 0.000000000000000000e+00 0.000000000000000000e+00 0.000000000000000000e+00 0.000000000000000000e+00 1.491577456421442904e-01 0.000000000000000000e+00 1.253498838418352357e-01 0.000000000000000000e+00 2.083190870938924841e-02 0.000000000000000000e+00 0.000000000000000000e+00 7.105492351712324774e-03 1.318739276845816710e-01 0.000000000000000000e+00 1.460840913642353356e-01
2.590041812966747611e-02 0.000000000000000000e+00 0.000000000000000000e+00 0.000000000000000000e+00 0.000000000000000000e+00 0.000000000000000000e+00 0.000000000000000000e+00 0.000000000000000000e+00 6.053490931109937329e-02 4.268733764386240664e-02 1.869444385694940189e-02 4.581073840636140648e-02 0.000000000000000000e+00 1.388780997822670026e-03 1.679898133983551700e-01 0.000000000000000000e+00 1.266284906342073080e-01 7.180520758789903091e-02 9.345215075023328294e-03 2.168463179601646737e-02 0.000000000000000000e+00 2.627487259088851293e-02 1.114253546824411356e-01 2.545880795381413875e-01 1.524170635126490154e-02
6.514151335751559857e-02 0.000000000000000000e+00 2.686979256973850982e-02 1.266750383706047485e-02 3.982384170861326400e-02 2.438748639734282173e-02 3.629309529999982104e-03 6.238327056820435618e-03 1.786300023764335679e-02 1.260971991311168605e-01 0.000000000000000000e+00 4.692838575632628934e-02 4.428683242456688679e-02 0.000000000000000000e+00 1.615139023893243930e-01 0.000000000000000000e+00 1.567687004797146608e-02 1.032851670635983980e-02 1.469748816234033861e-01 1.157315887523581964e-02 0.000000000000000000e+00 9.321276621504767657e-02 0.000000000000000000e+00 0.000000000000000000e+00 1.467867121359129057e-01
0.000000000000000000e+00 3.276948792008096967e-02 1.464923981581768286e-01 4.987673474940244878e-03 1.358481635780622587e-01 1.188743426710716505e-01 3.104628513962616465e-02 0.000000000000000000e+00 0.000000000000000000e+00 2.750819536990594880e-02 0.000000000000000000e+00 1.981030586259971138e-01 0.000000000000000000e+00 0.000000000000000000e+00 0.000000000000000000e+00 0.000000000000000000e+00 1.132736873500218011e-01 1.484499344401270758e-02 0.000000000000000000e+00 0.000000000000000000e+00 0.000000000000000000e+00 4.473589334597451866e-02 1.315158209221299057e-01 0.000000000000000000e+00 0.000000000000000000e+00
0.000000000000000000e+00 0.000000000000000000e+00 1.400837846407519960e-01 4.267922769559981226e-03 2.962733071988715369e-02 1.399312059289670607e-03 2.611416570949270932e-01 1.404242164714725460e-01 5.059512124786825354e-03 2.168105622191822054e-02 0.000000000000000000e+00 5.282872611643657512e-02 0.000000000000000000e+00 0.000000000000000000e+00 1.292817837904587097e-01 0.000000000000000000e+00 1.940729710277748141e-02 3.778074159688335661e-03 1.583886404295078987e-01 0.000000000000000000e+00 0.000000000000000000e+00 0.000000000000000000e+00 2.681786473339443921e-02 0.000000000000000000e+00 5.812821565143044475e-03
0.000000000000000000e+00 2.338849013724372469e-02 1.413672619359659377e-01 1.318323642279370204e-02 3.341272899615681247e-02 0.000000000000000000e+00 4.809325573022547526e-03 2.271518166952484971e-03 0.000000000000000000e+00 2.609059986716834312e-02 0.000000000000000000e+00 1.428359913409593118e-01 0.000000000000000000e+00 0.000000000000000000e+00 1.188729534312698011e-01 7.616985777965022643e-04 1.360368001431297713e-01 1.157456050964995181e-02 1.605246245553048068e-01 0.000000000000000000e+00 0.000000000000000000e+00 4.905840079647513091e-02 1.284370911570042739e-01 1.949896939620082486e-03 5.424821449486794817e-03
0.000000000000000000e+00 3.304392087829927972e-03 0.000000000000000000e+00 0.000000000000000000e+00 1.002711800727851404e-01 9.413557719046426048e-03 4.871126216342199639e-02 0.000000000000000000e+00 0.000000000000000000e+00 1.843068214995061960e-01 0.000000000000000000e+00 8.687106492686194137e-04 1.683790169541768411e-02 0.000000000000000000e+00 1.563931639535788842e-01 0.000000000000000000e+00 4.060848755879700560e-03 1.329714255559226732e-01 4.797480372694352263e-02 0.000000000000000000e+00 2.100464554948004454e-03 0.000000000000000000e+00 2.161834649616865833e-02 3.595466814149661516e-02 2.352124529277857534e-01
0.000000000000000000e+00 0.000000000000000000e+00 1.464581815081356098e-01 0.000000000000000000e+00 1.111274510488980127e-01 0.000000000000000000e+00 0.000000000000000000e+00 1.414532946009537384e-01 0.000000000000000000e+00 1.115256744524665000e-01 0.000000000000000000e+00 1.671127013811101181e-01 0.000000000000000000e+00 0.000000000000000000e+00 2.545549133981755280e-02 8.790773903550427176e-03 2.063865661437337129e-01 0.000000000000000000e+00 7.433919342499009826e-03 0.000000000000000000e+00 0.000000000000000000e+00 3.817195786029905363e-02 1.179541403882000510e-02 2.428857437971627606e-02 0.000000000000000000e+00
0.000000000000000000e+00 0.000000000000000000e+00 0.000000000000000000e+00 1.684308860144883430e-02 6.644182177089844044e-02 1.016295330213264937e-02 1.431850306307983489e-01 1.302513293299447095e-01 0.000000000000000000e+00 2.864662077820821426e-03 0.000000000000000000e+00 2.596993862639603301e-01 0.000000000000000000e+00 0.000000000000000000e+00 5.276895535518028035e-02 0.000000000000000000e+00 0.000000000000000000e+00 3.535282392107369498e-02 1.570868602375251333e-01 2.827931177333448381e-03 1.769547711323871337e-03 4.857824186494615060e-02 4.409899990838435369e-02 0.000000000000000000e+00 2.806836784722897132e-02
9.475508653278273685e-02 1.485177406441083071e-02 1.089466001082306928e-01 5.954035326801677269e-02 1.471837122416952970e-01 2.842476057262848660e-02 1.829980423089093422e-02 0.000000000000000000e+00 5.886475496530508070e-03 1.503806614959089516e-01 0.000000000000000000e+00 3.489658936013336626e-02 1.387394339022007123e-02 2.035131858677971875e-02 1.093326278043877942e-01 0.000000000000000000e+00 1.524342594148980377e-03 2.053391475899651181e-02 1.712141384981582526e-01 0.000000000000000000e+00 3.896996080126198899e-06 0.000000000000000000e+00 0.000000000000000000e+00 0.000000000000000000e+00 0.000000000000000000e+00
0.000000000000000000e+00 1.271998269159061445e-01 1.211014893157842144e-02 0.000000000000000000e+00 0.000000000000000000e+00 0.000000000000000000e+00 6.697494934148139067e-02 1.386353054911981242e-01 5.129752683734302258e-03 1.379332815642630439e-01 0.000000000000000000e+00 0.000000000000000000e+00 6.792366955102739634e-02 0.000000000000000000e+00 1.555153610208592219e-01 0.000000000000000000e+00 0.000000000000000000e+00 0.000000000000000000e+00 1.531899627843795741e-01 0.000000000000000000e+00 0.000000000000000000e+00 9.478966374185117394e-02 0.000000000000000000e+00 2.170371117058560520e-02 1.889436680313561975e-02
8.584930833632506073e-03 2.153999446429260764e-02 0.000000000000000000e+00 0.000000000000000000e+00 4.876773556620474237e-02 2.159331024058708942e-02 9.551282400082934665e-02 0.000000000000000000e+00 0.000000000000000000e+00 1.039722700433788338e-01 2.273971673330045171e-02 1.374371559522249431e-01 0.000000000000000000e+00 0.000000000000000000e+00 1.267585720857279941e-01 0.000000000000000000e+00 3.620681153919782028e-04 1.114406772974469578e-01 1.188234785472703191e-02 1.258813036845742505e-03 0.000000000000000000e+00 9.339456668351944768e-02 3.943285768054851856e-03 3.805961570741834415e-02 1.527521156164171334e-01
0.000000000000000000e+00 0.000000000000000000e+00 6.097021279018729339e-02 9.520200897753684777e-02 0.000000000000000000e+00 0.000000000000000000e+00 4.768697126062406734e-03 4.415898181637565797e-03 2.750074017980475710e-02 3.114379435749626071e-02 0.000000000000000000e+00 1.502936598820453218e-01 3.406744220117691180e-02 0.000000000000000000e+00 2.654268038855102652e-01 0.000000000000000000e+00 1.090880939660694195e-02 0.000000000000000000e+00 0.000000000000000000e+00 4.316595809090467695e-02 0.000000000000000000e+00 0.000000000000000000e+00 8.407976823549342602e-03 1.098287610746143256e-01 1.538992370328670367e-01
0.000000000000000000e+00 1.333115314740210555e-01 2.589485269472165813e-03 0.000000000000000000e+00 5.927785015317384859e-02 1.167702936032179589e-01 0.000000000000000000e+00 0.000000000000000000e+00 5.931410648402733223e-03 9.142170400653237827e-02 2.506842122574116233e-03 8.718282323914880450e-02 1.232363135163628415e-02 0.000000000000000000e+00 1.930955414059498942e-01 0.000000000000000000e+00 1.234351132346534451e-02 5.815491557126376693e-02 8.033191309711354422e-02 5.322251634249475054e-03 0.000000000000000000e+00 1.082240099808989692e-01 2.385104336355291926e-02 0.000000000000000000e+00 7.361241755326813387e-03
2.562174921476622486e-02 1.427100284084252546e-01 1.329653601114295924e-01 0.000000000000000000e+00 0.000000000000000000e+00 0.000000000000000000e+00 2.012560426094537475e-02 0.000000000000000000e+00 0.000000000000000000e+00 7.996231148650607967e-02 1.323316922473134240e-02 1.787474512273970473e-01 4.351441200922656280e-03 0.000000000000000000e+00 1.516072488747439995e-01 0.000000000000000000e+00 0.000000000000000000e+00 0.000000000000000000e+00 0.000000000000000000e+00 2.858435674628596358e-03 0.000000000000000000e+00 0.000000000000000000e+00 0.000000000000000000e+00 7.369178256835103025e-02 1.741254177471527609e-01
0.000000000000000000e+00 1.347286772300698432e-01 2.526568295699902281e-02 0.000000000000000000e+00 0.000000000000000000e+00 0.000000000000000000e+00 1.153711271834376023e-01 1.687086494517437167e-03 1.926540702956184431e-02 2.992571222095472688e-02 1.028624940689796792e-03 1.550753669556906578e-01 0.000000000000000000e+00 3.468730778134747339e-02 1.707914729883048266e-01 0.000000000000000000e+00 5.211142043267469673e-03 1.141488785501237058e-01 0.000000000000000000e+00 0.000000000000000000e+00 0.000000000000000000e+00 7.275127150539733613e-03 2.765477893073020957e-02 1.537363982260332163e-01 4.147209317732485079e-03
0.000000000000000000e+00 0.000000000000000000e+00 0.000000000000000000e+00 0.000000000000000000e+00 1.216102014369347534e-02 0.000000000000000000e+00 1.457566485161915400e-02 3.897872935726039980e-04 9.689257015137646423e-02 1.587175176679662958e-02 8.229471389752140986e-02 2.772304228770866574e-02 0.000000000000000000e+00 0.000000000000000000e+00 2.771913818763254711e-01 0.000000000000000000e+00 0.000000000000000000e+00 1.412096872326512598e-01 1.540696362581517320e-01 0.000000000000000000e+00 0.000000000000000000e+00 0.000000000000000000e+00 0.000000000000000000e+00 3.395488333556257593e-02 1.436658609050207036e-01
0.000000000000000000e+00 2.349398313125601601e-02 1.025048115982728769e-01 0.000000000000000000e+00 1.951235058819545537e-02 1.917644716395343688e-02 0.000000000000000000e+00 1.103634791687975597e-01 0.000000000000000000e+00 8.798506152096163130e-03 1.993819639463726909e-02 2.674296167253416567e-01 0.000000000000000000e+00 0.000000000000000000e+00 2.435959859884536394e-01 0.000000000000000000e+00 4.992859632804134279e-03 5.266142852198525855e-03 7.137328067042410761e-03 0.000000000000000000e+00 0.000000000000000000e+00 0.000000000000000000e+00 1.924289522168923586e-02 0.000000000000000000e+00 1.485473973152616201e-01
2.536973827876500345e-02 1.266698878422638785e-01 1.397309803694351746e-02 0.000000000000000000e+00 5.622570348919533369e-03 0.000000000000000000e+00 0.000000000000000000e+00 1.230602205157013468e-03 0.000000000000000000e+00 5.926796172344569319e-02 3.841566551397280344e-02 2.758543973690999462e-01 0.000000000000000000e+00 0.000000000000000000e+00 1.322822457838348231e-01 1.155936276040697430e-01 2.115135012501423700e-03 0.000000000000000000e+00 0.000000000000000000e+00 0.000000000000000000e+00 0.000000000000000000e+00 0.000000000000000000e+00 2.420555884037630182e-02 1.409115852727921003e-01 3.848792616785830234e-02
0.000000000000000000e+00 1.314923317318288376e-01 1.365816133232459206e-01 6.764287748540048426e-03 6.573812204684165508e-03 0.000000000000000000e+00 2.943883013607131310e-02 0.000000000000000000e+00 0.000000000000000000e+00 1.088639284296651251e-02 0.000000000000000000e+00 1.511514914727867254e-01 0.000000000000000000e+00 3.768156453041376160e-04 3.569427371420448233e-03 1.671007578897195983e-03 0.000000000000000000e+00 1.474227173967959832e-02 3.166420659378128832e-02 2.736092826494952637e-03 0.000000000000000000e+00 1.722176832959505244e-01 9.514371046205250329e-03 1.710907292912903499e-01 1.195286351508527967e-01
5.124243380855506708e-02 2.171911137879493740e-03 1.271584730823582809e-01 0.000000000000000000e+00 6.616342404159271905e-03 0.000000000000000000e+00 4.075525124261678012e-02 2.842721234184274887e-02 0.000000000000000000e+00 0.000000000000000000e+00 4.587429951318033883e-02 1.394010137613682920e-01 4.398020607725302254e-03 0.000000000000000000e+00 2.479586265400654244e-01 0.000000000000000000e+00 1.063670751179675855e-01 0.000000000000000000e+00 0.000000000000000000e+00 0.000000000000000000e+00 0.000000000000000000e+00 4.328288070856308595e-02 1.154860678118018041e-01 0.000000000000000000e+00 4.086039192191660147e-02
2.963959868967093111e-02 0.000000000000000000e+00 0.000000000000000000e+00 0.000000000000000000e+00 1.199586172623939295e-01 5.106431818163099240e-02 8.961302254037696244e-03 0.000000000000000000e+00 0.000000000000000000e+00 0.000000000000000000e+00 8.335078793694260246e-02 5.145602663860841114e-02 1.642915804559210574e-02 0.000000000000000000e+00 2.677443935041146084e-01 0.000000000000000000e+00 3.665615760142334340e-02 1.367383434021652577e-01 1.777222224758642083e-02 0.000000000000000000e+00 0.000000000000000000e+00 0.000000000000000000e+00 9.541726610217265980e-03 1.438827297906677960e-01 2.680461783494876918e-02
0.000000000000000000e+00 6.622480668169633544e-02 2.495785593231276099e-03 0.000000000000000000e+00 1.308163099035709598e-01 0.000000000000000000e+00 0.000000000000000000e+00 0.000000000000000000e+00 6.451768620149436750e-02 8.682372229616816539e-02 0.000000000000000000e+00 1.520578907795310242e-01 0.000000000000000000e+00 0.000000000000000000e+00 4.276394347869814927e-02 0.000000000000000000e+00 2.990643405884857789e-02 0.000000000000000000e+00 6.106028365583086176e-02 0.000000000000000000e+00 3.300143202857876157e-02 8.021137874783865196e-02 8.298495961388227191e-03 2.048945587088125131e-01 3.692727190431219220e-02
0.000000000000000000e+00 1.309057194612168462e-01 0.000000000000000000e+00 3.132016788091900733e-02 3.946960282984132706e-02 0.000000000000000000e+00 1.725691390638361411e-01 0.000000000000000000e+00 2.942119564984119542e-02 8.611445405837899652e-04 0.000000000000000000e+00 1.724310736119221144e-01 4.642746637724889242e-02 0.000000000000000000e+00 2.349441740265693218e-03 0.000000000000000000e+00 1.268335976853872116e-01 6.204681760240539357e-02 1.724945203554703876e-01 0.000000000000000000e+00 0.000000000000000000e+00 0.000000000000000000e+00 2.559075253672301979e-03 0.000000000000000000e+00 1.031103794738973817e-02
0.000000000000000000e+00 4.199561695289955737e-02 1.856042918336480926e-02 0.000000000000000000e+00 3.944085453555641607e-02 2.462609822486269695e-02 1.304727653213483551e-01 1.291217727200854870e-01 2.610825490824366605e-03 8.167238226478365851e-03 0.000000000000000000e+00 2.043299246823694071e-01 0.000000000000000000e+00 2.171276887860213584e-02 3.685432597992138737e-02 0.000000000000000000e+00 4.629863870395212189e-03 6.732219622621227195e-02 5.361920539994426832e-02 7.769975958677120820e-02 0.000000000000000000e+00 1.956849901909053779e-02 0.000000000000000000e+00 1.192678557012734342e-01 0.000000000000000000e+00
0.000000000000000000e+00 0.000000000000000000e+00 0.000000000000000000e+00 1.251090001942678932e-03 0.000000000000000000e+00 0.000000000000000000e+00 1.603215920913554082e-01 0.000000000000000000e+00 2.479303406472811722e-02 6.082064697751061316e-02 0.000000000000000000e+00 9.269302767012158051e-02 0.000000000000000000e+00 0.000000000000000000e+00 1.566681111252178349e-01 0.000000000000000000e+00 1.081397958082194223e-02 1.341525386165746403e-01 6.344489670021971964e-03 0.000000000000000000e+00 1.883157114365248061e-04 0.000000000000000000e+00 2.815532808010552321e-02 1.721468773054048162e-01 1.516509691047582820e-01
0.000000000000000000e+00 1.167527507985659935e-02 0.000000000000000000e+00 0.000000000000000000e+00 2.728005578345550977e-02 0.000000000000000000e+00 8.362149190284891287e-02 0.000000000000000000e+00 0.000000000000000000e+00 7.890561612580750117e-02 0.000000000000000000e+00 0.000000000000000000e+00 0.000000000000000000e+00 0.000000000000000000e+00 1.783448078381923152e-01 0.000000000000000000e+00 6.966306139616293414e-02 1.533560866786186916e-01 0.000000000000000000e+00 4.479574932797085463e-02 0.000000000000000000e+00 1.148476255193100204e-01 5.257716571480035989e-02 1.849330646329761796e-01 0.000000000000000000e+00
0.000000000000000000e+00 1.500227432985679621e-01 0.000000000000000000e+00 0.000000000000000000e+00 0.000000000000000000e+00 1.273832198715005651e-02 1.193826014112579596e-02 0.000000000000000000e+00 8.181290406039723462e-03 7.329370409326428637e-03 0.000000000000000000e+00 5.039375618051325501e-02 5.393293752365491828e-02 6.836740573770509408e-03 2.165015919244539788e-01 5.426087758487477264e-03 1.538955605391443271e-01 0.000000000000000000e+00 0.000000000000000000e+00 0.000000000000000000e+00 0.000000000000000000e+00 0.000000000000000000e+00 0.000000000000000000e+00 1.602424710168197652e-01 1.625608682409459271e-01
2.454524317676230749e-02 4.523919238249519449e-03 0.000000000000000000e+00 0.000000000000000000e+00 1.222370010551168118e-01 0.000000000000000000e+00 1.128770273501410737e-01 0.000000000000000000e+00 4.709684612821929059e-03 2.775796623755969958e-02 1.938167515730339352e-02 1.539784977881603067e-01 0.000000000000000000e+00 1.263006163578499902e-02 1.813162403235180353e-01 0.000000000000000000e+00 0.000000000000000000e+00 1.308961996511611992e-01 1.028690205199532873e-02 0.000000000000000000e+00 0.000000000000000000e+00 0.000000000000000000e+00 1.526038656029790781e-02 9.482743113803105903e-03 1.701164520473243957e-01
0.000000000000000000e+00 1.320095866660028205e-01 0.000000000000000000e+00 7.710418204383909235e-02 2.411054556760935941e-02 0.000000000000000000e+00 1.276675395821137054e-03 1.397615304492040578e-01 8.318305370473325425e-03 0.000000000000000000e+00 3.217565816487712865e-02 1.232684696131625818e-02 0.000000000000000000e+00 0.000000000000000000e+00 6.485266408434517404e-02 0.000000000000000000e+00 1.205846669239532681e-01 1.096452469245931399e-01 2.792794900210774766e-03 1.489341589784480210e-02 0.000000000000000000e+00 4.393774227951846578e-02 0.000000000000000000e+00 1.654193042157216242e-01 5.079083415466952023e-02
8.782418964817273466e-02 1.614278287555735367e-02 0.000000000000000000e+00 0.000000000000000000e+00 1.172991459359591128e-02 1.369747049368295888e-01 8.633769887333747617e-03 1.616324662584930558e-02 0.000000000000000000e+00 1.344505410245778465e-01 2.431443262071124670e-02 1.489287238843503558e-01 0.000000000000000000e+00 0.000000000000000000e+00 7.360509488598399042e-02 0.000000000000000000e+00 0.000000000000000000e+00 1.814690817138091272e-02 1.310095096871446152e-01 2.064144587080510296e-02 7.361166746169274522e-03 0.000000000000000000e+00 5.942935260597951089e-03 8.370797475675279681e-03 1.497598358052648071e-01
0.000000000000000000e+00 7.588905000340630258e-03 2.428458546684842886e-02 0.000000000000000000e+00 1.395116469191874931e-01 3.261847088078972945e-02 1.734809144945258577e-02 0.000000000000000000e+00 0.000000000000000000e+00 0.000000000000000000e+00 0.000000000000000000e+00 3.339641398194165278e-02 3.437677206395915643e-03 0.000000000000000000e+00 1.565611509441320881e-01 0.000000000000000000e+00 1.550924348309506463e-02 0.000000000000000000e+00 2.086956563557288216e-02 0.000000000000000000e+00 3.500506671998277614e-02 1.108877268671351751e-01 0.000000000000000000e+00 2.472412736600819172e-01 1.557401817850437575e-01
1.033320514359686720e-01 1.541091131536843628e-01 0.000000000000000000e+00 0.000000000000000000e+00 7.176065675390522203e-02 1.302661903855145409e-01 3.285119401886775481e-02 0.000000000000000000e+00 2.675207277269394269e-03 0.000000000000000000e+00 0.000000000000000000e+00 1.798815851261707094e-02 0.000000000000000000e+00 0.000000000000000000e+00 2.272587051683943107e-03 1.860871923492794875e-03 1.077153528131116617e-01 3.020852914661091224e-02 1.799191761967412484e-01 0.000000000000000000e+00 0.000000000000000000e+00 7.202190801913772172e-03 6.639277284809354251e-02 0.000000000000000000e+00 9.144594768052513589e-02
0.000000000000000000e+00 1.449941082843903828e-01 2.805358543151146786e-02 0.000000000000000000e+00 1.877267574438850391e-03 0.000000000000000000e+00 0.000000000000000000e+00 0.000000000000000000e+00 2.282881783261599476e-02 3.669078343593001803e-03 6.548181230282604758e-03 0.000000000000000000e+00 0.000000000000000000e+00 0.000000000000000000e+00 3.404452642121334471e-01 0.000000000000000000e+00 2.948984888296950300e-03 4.131402640642378721e-02 3.609812567460507493e-02 1.698809125002669410e-02 0.000000000000000000e+00 9.556263838700493340e-02 4.551150344881848414e-02 5.351289836824350832e-02 1.596474286676148324e-01
0.000000000000000000e+00 0.000000000000000000e+00 2.654712566666132117e-02 0.000000000000000000e+00 1.219209272864576615e-01 0.000000000000000000e+00 0.000000000000000000e+00 0.000000000000000000e+00 0.000000000000000000e+00 0.000000000000000000e+00 6.316572224842109673e-02 5.847256581125791913e-02 0.000000000000000000e+00 0.000000000000000000e+00 2.455383996974047911e-01 3.807815974564646849e-03 1.582746413196439716e-01 2.386912401584556920e-01 0.000000000000000000e+00 0.000000000000000000e+00 0.000000000000000000e+00 0.000000000000000000e+00 2.239121921336946139e-02 2.781800765657929317e-02 3.337233496718418346e-02
0.000000000000000000e+00 1.318239342281350424e-01 1.094095402756157104e-01 3.045791502444039969e-02 4.991796696408591118e-03 0.000000000000000000e+00 5.619694357284904518e-03 4.073181513104975199e-02 0.000000000000000000e+00 2.400913272472883844e-03 3.649755095659068960e-03 1.450054522440202831e-01 0.000000000000000000e+00 1.839411634596818234e-03 1.503012941383864987e-01 0.000000000000000000e+00 2.730027875464057039e-03 7.515369687170007917e-02 1.529933890778667760e-01 0.000000000000000000e+00 0.000000000000000000e+00 1.768659991568417855e-02 1.008563116405173932e-01 0.000000000000000000e+00 2.434845252069739452e-02
0.000000000000000000e+00 0.000000000000000000e+00 0.000000000000000000e+00 0.000000000000000000e+00 4.910528586054643124e-02 0.000000000000000000e+00 2.793029630924492163e-02 0.000000000000000000e+00 9.506046601536521923e-02 7.306359012892370275e-02 0.000000000000000000e+00 5.064649223170800130e-02 0.000000000000000000e+00 0.000000000000000000e+00 1.894347467753512981e-01 0.000000000000000000e+00 0.000000000000000000e+00 1.365065785773250384e-01 2.363922558385989428e-02 0.000000000000000000e+00 0.000000000000000000e+00 1.046191185709168525e-01 3.561293270020702293e-04 5.832004872030427389e-02 1.913180218994523785e-01
2.226395688489996028e-02 1.583923007445032227e-01 0.000000000000000000e+00 0.000000000000000000e+00 0.000000000000000000e+00 0.000000000000000000e+00 3.080905545993321837e-02 0.000000000000000000e+00 0.000000000000000000e+00 3.033094398726062652e-03 2.947092734762184803e-03 0.000000000000000000e+00 0.000000000000000000e+00 7.801343809023832381e-04 7.722991983175805930e-02 6.533666056198073578e-03 0.000000000000000000e+00 1.095745821851591278e-01 1.634800694576880598e-01 1.412964758591163557e-02 5.936936846201400046e-03 1.222910382486155495e-01 1.257521332606833554e-02 1.943739869062341072e-02 2.505858931680493007e-01
