5.166844484612976782e-03 6.485220534767495437e-02 3.694481126793237868e-02 8.585966337298520101e-02 1.191080883317939959e-01 2.863182594702428502e-02 2.434998165955694002e-02 6.166298744625678570e-03 7.975709631895645801e-02 0.000000000000000000e+00 6.266448599350125069e-03 4.075853743899303383e-02 3.515155609732008996e-02 4.998793537182066697e-03 3.623895637461436309e-02 1.090462891239869260e-02 8.354437548106698197e-03 1.229472960108656393e-01 1.398710880548647839e-01 1.436714419511418150e-01
5.846387047024899364e-03 2.470367066065271705e-02 0.000000000000000000e+00 2.129883245725125163e-01 3.245285546514613956e-02 1.662225102422010617e-02 3.670040146766913249e-04 3.344591012450332662e-02 1.574905293857246646e-01 0.000000000000000000e+00 1.029197666503944668e-02 8.783749549708093352e-02 0.000000000000000000e+00 2.966975876109538210e-02 4.265975841773141791e-02 1.217759774906427249e-02 0.000000000000000000e+00 2.001542275897029988e-01 4.920121153623462432e-03 1.283721318722010618e-01
1.971688510690518606e-03 8.577644082070969012e-02 9.675290867983345200e-02 1.088698789362405328e-01 4.939132602709265379e-02 4.143716110813939341e-02 9.089254921467107562e-02 2.050249101480217800e-02 4.153841248487354781e-02 7.340173193880215885e-03 0.000000000000000000e+00 4.478288555731197579e-03 6.613323481724167618e-02 2.498731822912427999e-02 3.018327128406713116e-03 6.837555483388047840e-04 2.457333443776893098e-02 1.296723419095001384e-01 4.254922643974339697e-02 1.594311429432116456e-01
8.083015494888890970e-03 9.489177798714670820e-02 1.648097466158322507e-03 8.390773695602665727e-02 2.467013620804513370e-03 2.136586932758215707e-01 6.869417405695675896e-03 1.665549452284672410e-02 1.502295259594844945e-01 4.539685059533663490e-03 3.265924254584559616e-04 1.567857300526651898e-01 6.176992809981299987e-02 7.372079744977132199e-03 0.000000000000000000e+00 4.429781608756096917e-02 6.447363375005293884e-02 3.383042360272814787e-03 2.321764462146471211e-02 5.542307510932749370e-02
1.849209622356519714e-03 4.624617704489671077e-02 0.000000000000000000e+00 1.785857360735134541e-02 6.905565964993669315e-02 4.314306171870752049e-02 8.873550476523993022e-03 1.541633948157974943e-01 9.303600001483525173e-02 0.000000000000000000e+00 8.080740395214955699e-03 2.582625022308427179e-02 1.918673341808251886e-01 2.454059728975199403e-02 0.000000000000000000e+00 3.215153098907085755e-03 0.000000000000000000e+00 2.087949836852618854e-02 1.467384311110633277e-01 1.446263683822213986e-01
3.475456115549561964e-02 1.423277118808080610e-01 1.522164880438353282e-02 1.213028760508851611e-01 1.108753478902248582e-02 0.000000000000000000e+00 1.235943192754136895e-02 1.474745785980422219e-01 1.095364153144363778e-01 0.000000000000000000e+00 0.000000000000000000e+00 1.044520894400150640e-02 1.556195178860431128e-01 4.709206408264412363e-02 1.270667378993261230e-02 1.136547482589199687e-01 1.942983590908847064e-02 2.446752659941540259e-02 2.251966600934013005e-02 0.000000000000000000e+00
4.318930064408454256e-02 8.042104281312363601e-02 0.000000000000000000e+00 5.976257958457120018e-02 2.686050941431616934e-02 1.185758912032345291e-01 8.806580066008173890e-02 9.413222782154634372e-02 1.448611353319179951e-01 1.783046367622693334e-02 2.450356792849210652e-03 7.286082498422623288e-02 1.336381880313864887e-02 5.698257431083741942e-02 2.643319520425362751e-02 3.083640736031139848e-02 1.067639656004071569e-01 7.507778132141489265e-03 9.102127662731749475e-03 0.000000000000000000e+00
1.228316217596480200e-02 1.280528861109313243e-01 4.257218563747387774e-02 1.036151069358640098e-01 1.263803209303152875e-01 1.215082185304185297e-01 2.833786352172740913e-02 7.212121879141702302e-03 1.540772298271435477e-02 0.000000000000000000e+00 2.701689140728430016e-07 9.743870624055854524e-02 8.538362412026422391e-04 3.073250324746934145e-02 1.234523488615163998e-02 1.048553639047548197e-02 1.263782750280174061e-01 2.495163341571195875e-02 9.842719877973447884e-02 1.301721689721312310e-02
3.378119034694480188e-02 4.936165961542803883e-03 0.000000000000000000e+00 7.822178965502146059e-03 1.352354483831182397e-01 2.767730428817623614e-02 1.368962445595052480e-01 1.323462625608980321e-02 8.468552273111137896e-02 2.038315475854400941e-02 0.000000000000000000e+00 2.382388082864564730e-02 6.112380519776679233e-02 3.128638932147415064e-02 1.788787515057312788e-02 5.003397330189225667e-02 1.887209312998200939e-01 3.474720728908422922e-03 1.442841297718598648e-01 1.471245814852495219e-02
1.715865030855751733e-02 1.202110143305250983e-01 3.903032461648233385e-03 3.508803668942586662e-02 1.424601349307825782e-01 1.884115893807184472e-01 8.424809304107255120e-03 2.180970431404835944e-02 9.839596627849760135e-02 0.000000000000000000e+00 0.000000000000000000e+00 1.704024387635529394e-02 2.020766085293324368e-02 1.293605752038656581e-03 9.957911574934091847e-02 9.851696404961399200e-02 3.931866509092544343e-02 0.000000000000000000e+00 6.566948874180912610e-02 2.251131788867251002e-02
2.489072942000785695e-03 4.959448511001356835e-02 0.000000000000000000e+00 0.000000000000000000e+00 5.412136818198120918e-03 1.300478928232788774e-02 2.116763316895827612e-02 9.199881335654552794e-02 3.321447212522880138e-02 2.847652242665487179e-02 9.777800910605120507e-03 9.972157241765654268e-02 1.544537055269032955e-01 3.405590557909472099e-02 4.782984848605117273e-02 0.000000000000000000e+00 1.997936347925014303e-02 1.328470341266363708e-01 1.357016953000058368e-01 1.202751489438688981e-01
1.217602463121088101e-02 6.361672532351715648e-02 1.346871902179308522e-02 2.803074105302213320e-02 2.445805865612584763e-03 1.167512902362522753e-01 7.483891973983140128e-03 1.038316968765110038e-01 8.582340038462034360e-02 9.907282241647897766e-03 0.000000000000000000e+00 1.420923654397291958e-01 1.686863827188720875e-04 5.648588493637880965e-03 3.519016690402320541e-02 2.025507847145378570e-01 1.560952882859068403e-03 1.203648925476720338e-01 3.164859211754107726e-02 1.723939290911045280e-02
1.111048993171519228e-02 4.479766471011049217e-02 1.255203751514097875e-02 1.715763511097645189e-01 4.149363785891949097e-02 1.686490684224228181e-02 1.832656381220935026e-03 3.045846471711197156e-02 1.833247143436109450e-01 1.369339055082101006e-03 0.000000000000000000e+00 1.682359369927698134e-01 1.925738822019916821e-02 6.376598203962063893e-02 6.237886187349967609e-02 0.000000000000000000e+00 5.468656292789683682e-02 1.162950054810948930e-01 0.000000000000000000e+00 0.000000000000000000e+00
2.017089445741835144e-02 9.138783978360510984e-02 9.303247322002043684e-03 2.127781855795551902e-02 2.885563056156255010e-02 1.297002916362720859e-01 4.304277395438061565e-02 1.144429309817112800e-01 0.000000000000000000e+00 0.000000000000000000e+00 3.670751863398627208e-03 1.685698378413020559e-01 3.824225214522567352e-03 3.337176789649808767e-02 2.458237735475502991e-02 2.039252475961985181e-03 2.212594878697698164e-01 5.056628640238113731e-02 2.586048959154347085e-02 8.074096234959618826e-03
6.276396915008238507e-03 1.158552381528502040e-01 1.374712930028670205e-02 1.718325457115435495e-02 0.000000000000000000e+00 3.297199139056892353e-02 2.278857750985342832e-04 2.271850766319707948e-03 2.872314103237106342e-01 9.879387442476940395e-03 0.000000000000000000e+00 1.530011726772398080e-03 1.525636594015638897e-03 1.693654145335670436e-01 1.446823528324060193e-01 1.216198438482244196e-02 0.000000000000000000e+00 1.715203882175081462e-02 2.308135641567687912e-02 1.448566600535144688e-01
0.000000000000000000e+00 3.777148724932644780e-02 1.094844255380205897e-02 3.641872370349382012e-04 4.109392150679309214e-02 1.925058466461081544e-02 1.625539508998691610e-02 1.479543251467273779e-01 1.704401235738170761e-01 5.755664816581756819e-03 5.147932311461718424e-03 1.276798119487716210e-01 2.298725117668246748e-02 6.721968263264847809e-02 1.677681308016591016e-02 0.000000000000000000e+00 3.793401029485380348e-03 3.401523753817826956e-02 1.414299662105648892e-01 1.311157722333607667e-01
8.889098246782933810e-02 1.012053737249613838e-01 3.402058630832233577e-03 0.000000000000000000e+00 1.807819111494945452e-01 1.342742832152548638e-01 5.134079997969309347e-03 1.037705414514361463e-01 5.389332635423792900e-02 3.173304769826225825e-03 6.653843878539535822e-04 2.140812876624840350e-02 7.440857641427767394e-04 0.000000000000000000e+00 1.012529304028871036e-02 0.000000000000000000e+00 1.034063770934255666e-01 6.152872150787498141e-03 6.300717166417604820e-02 1.199648253712350260e-01
9.877604676912874609e-03 1.271334823397303193e-01 7.056183555538187227e-03 6.288010855843764041e-03 7.546290743982284055e-02 4.648689284382147291e-03 5.474721085448397591e-03 1.578242551310076180e-01 1.705347393088389035e-02 1.733411240684324273e-04 0.000000000000000000e+00 1.034942082010275877e-01 1.511109860654275272e-01 1.154522435410385885e-02 3.547071381369262810e-02 0.000000000000000000e+00 4.643197029643042310e-03 1.024951283720199752e-03 1.319048614917228135e-01 1.498131883370239503e-01
3.611257358467180600e-02 1.499492176828078616e-01 4.272593765408465305e-02 1.294471950845316743e-01 0.000000000000000000e+00 1.518555299120410290e-02 3.383676014711434199e-02 1.902798250039293426e-02 2.409869154395419821e-01 1.305869203955893620e-02 2.264383962799973449e-03 8.912458215607994838e-02 2.420887004585499987e-03 1.790942158548149143e-02 1.423758537582360262e-01 1.145943306147632164e-03 0.000000000000000000e+00 2.525310034538359727e-02 0.000000000000000000e+00 3.917500075737755105e-02
0.000000000000000000e+00 1.595389699455873958e-02 1.684241373110914250e-02 6.071030068629246906e-02 2.919983107134841577e-02 1.756584359270106296e-02 1.050927153618793491e-02 4.872909644967780146e-02 1.547582747973053063e-01 9.991344878635645410e-02 0.000000000000000000e+00 9.674167932279342796e-02 5.690280365275843244e-02 7.286384764018911421e-03 2.846389264484986206e-02 0.000000000000000000e+00 2.502708668306600701e-02 1.098387762061787606e-02 1.563756671823890998e-01 1.640362304839689256e-01
0.000000000000000000e+00 1.540817323984416676e-01 0.000000000000000000e+00 1.776032444917507308e-02 7.584691275677995365e-03 1.456291749039193839e-01 2.934637046306599883e-02 8.547832628695363130e-03 2.525923350889254793e-01 1.681173391877039715e-03 0.000000000000000000e+00 1.445028743843117247e-01 0.000000000000000000e+00 6.233475393848783574e-02 1.680773816412886590e-02 1.169249472366548463e-02 0.000000000000000000e+00 0.000000000000000000e+00 1.019822965926349412e-03 1.464186812237016633e-01
4.941076180871950205e-03 1.170300235847449022e-01 2.696130738987592354e-02 9.848091555153667617e-03 6.405564348725164940e-03 6.144715766674061636e-02 1.171153005066044930e-02 1.249759684263820059e-01 1.969367294252618791e-02 0.000000000000000000e+00 0.000000000000000000e+00 1.127688225474987177e-01 1.367922047664537066e-01 5.919708211464639073e-04 1.207563807871000899e-01 8.183492147358407270e-03 3.549062783886836742e-02 8.182617273998012142e-02 6.376628076243585734e-03 1.141993081296697465e-01
5.352985452216728335e-02 0.000000000000000000e+00 3.608665810389566700e-03 8.592261894024978697e-02 9.866064422792290844e-02 4.918718082576061662e-02 0.000000000000000000e+00 8.135333532743723936e-03 4.057203961140735948e-02 2.667174025751230942e-02 0.000000000000000000e+00 1.105518020965050446e-01 1.380819528827817999e-01 7.720437289314279264e-03 0.000000000000000000e+00 3.673668680281641508e-02 0.000000000000000000e+00 1.791929527291553359e-01 1.464293673219098924e-01 1.499872314936362937e-02
5.477833607129244109e-03 1.824175140430906450e-01 1.774883205146177492e-03 2.543071887425086067e-02 4.170505636079511330e-02 1.970221961833018912e-02 7.168517814577521005e-03 1.396104880617041466e-01 1.908796649619150243e-02 2.427459521826273725e-02 0.000000000000000000e+00 1.031731381816510806e-01 1.750829934056262749e-01 1.177277856862807282e-02 1.865973830904282815e-02 1.368243858857759801e-02 5.456373332906683249e-02 1.389817934006751417e-02 1.229134116054277637e-01 1.960379537243396239e-02
4.691583914075408979e-02 8.956125435698393533e-02 5.972473795156194205e-04 6.562169844591820601e-03 1.274490887316316046e-01 0.000000000000000000e+00 9.550495872841305300e-02 1.938585016974858077e-01 1.046763376716177141e-01 1.489467764649750857e-02 4.875310290074996028e-03 8.294204696828130254e-04 0.000000000000000000e+00 3.965023170668704675e-03 4.452904556441970169e-02 1.165383439316639187e-02 8.238850221767544946e-02 7.745425387070620574e-03 7.912674317705432675e-04 1.632020958779797359e-01
5.644617666556067670e-02 1.216298588328294794e-02 0.000000000000000000e+00 1.175272594946132620e-01 6.159700290577302395e-03 0.000000000000000000e+00 6.711433902420231795e-04 1.005621337622615054e-02 9.884969136699878201e-02 3.796633739341243041e-02 0.000000000000000000e+00 2.177820084636883369e-01 2.372431208732255804e-03 1.908861567176659696e-02 2.454714703405807760e-03 0.000000000000000000e+00 2.612067095686785301e-01 2.762326313355224425e-02 7.164458136109103092e-02 5.798816802817182564e-02
6.020721239653518096e-03 6.426352988511845055e-02 2.150784612488707351e-02 2.842645893510177824e-01 8.393436690839230219e-03 1.496377789296136351e-01 4.487497209377106812e-03 1.439852169414488348e-01 2.178625513878125822e-02 8.439198844280480782e-03 0.000000000000000000e+00 1.851023411726979151e-02 3.205123746333737866e-02 2.927210303997907978e-03 1.838547213899989485e-01 0.000000000000000000e+00 2.149688990627952531e-02 7.274340455652340311e-03 2.109929600844679884e-02 0.000000000000000000e+00
0.000000000000000000e+00 5.233061843340892916e-02 1.105926019996636943e-02 2.535802749776104939e-02 4.142435373441301361e-02 3.817166020275014615e-02 7.544494259126595381e-02 1.184176066469137395e-01 1.473011638844665648e-02 4.658118272297440826e-03 4.468261548595519987e-03 1.289528884581124246e-01 1.470754070512302614e-01 4.673489454761317607e-02 1.973282577676837776e-02 0.000000000000000000e+00 2.655897182489198177e-02 0.000000000000000000e+00 1.941573890444348027e-01 5.072465778113015300e-02
0.000000000000000000e+00 6.115312832957556233e-02 0.000000000000000000e+00 2.212291527768010455e-02 5.609856097166669719e-02 1.477227363175115729e-02 3.711390393650665365e-02 1.403060160485382346e-01 1.661285619792315094e-01 8.075725039312043815e-03 0.000000000000000000e+00 1.998674301635919304e-01 2.277120980770860892e-03 2.554315170177204938e-03 2.116061540255024121e-03 3.570250001955315973e-04 3.814553066959221889e-02 4.366158885897050701e-02 3.633299447245476321e-02 1.689168479297299130e-01
2.204756246479047893e-06 8.535471748533096387e-04 7.157145872699746843e-03 1.559835614671059301e-01 3.428743890471998290e-02 1.014543900475408517e-01 9.379028352486673287e-04 1.098028417739454511e-02 1.659312364585043831e-01 9.416392763795187679e-03 6.293484100333570676e-03 3.864522335646600887e-02 2.530815895526905210e-02 1.647679553127020247e-01 1.595016415116447539e-01 9.455169859088201345e-02 5.497281410989379377e-03 0.000000000000000000e+00 1.522760218048158640e-04 1.827817628179931667e-02
0.000000000000000000e+00 1.505841501537566636e-02 2.227899588475464390e-02 4.147712784090197558e-02 1.688379338635377369e-01 1.231667512811115278e-01 1.167477255215555038e-02 8.993283044901811962e-02 6.455655949988539644e-02 1.275846739945144838e-03 3.720257773184939502e-03 2.512544824929256043e-02 5.492841967044668344e-02 0.000000000000000000e+00 1.916065612589986852e-02 2.575577878392420333e-02 1.113941796931614825e-01 2.256638463829859116e-03 6.429490759430823987e-02 1.551044805192665355e-01
0.000000000000000000e+00 3.451709377529660339e-02 0.000000000000000000e+00 2.490170884566457812e-02 9.056956973062125354e-03 1.339585185521250665e-01 1.565467698871722546e-02 1.919856736497500480e-02 1.442243439207234745e-01 1.342828228558733961e-01 8.921998540451141300e-04 9.337829481431719758e-02 0.000000000000000000e+00 0.000000000000000000e+00 8.862871265525915088e-02 6.620655660589480629e-02 9.727370394577846899e-03 2.649703655692740162e-02 1.509964607908422796e-01 4.787867905169868737e-02
7.301520240779497961e-02 1.017660272847051295e-01 3.335807372398483933e-02 4.844775893016549373e-02 6.269883960197801531e-02 2.523414910719295329e-02 1.303800221591412299e-04 2.433241437064443194e-02 5.795046243246412820e-02 4.855753764940838949e-03 4.838040700536068439e-03 1.357080796170921921e-01 1.058998603869861464e-02 1.140994137205578532e-02 5.042502038633333433e-03 6.953601181820866315e-04 9.166084331940620167e-02 2.942709185280997092e-02 1.168983136549907459e-01 1.619407796415650858e-01
2.174711766387985371e-02 1.123870158034103450e-01 5.995562323992837186e-03 6.220938149742314327e-04 1.971271258256678677e-02 9.942420751379678345e-02 1.896879806283216161e-02 1.288690596663529531e-01 1.567401667245908459e-01 2.177904090047306021e-03 0.000000000000000000e+00 6.742804606987824745e-02 2.836374104790395645e-02 2.604571368000337638e-03 1.187859205347673586e-01 0.000000000000000000e+00 1.156459724314128495e-01 2.920828112522591211e-02 1.795034828673907484e-02 5.336848088962819342e-02
1.027595016763794000e-01 4.808782303057095031e-02 6.133232321772499017e-03 1.143632565358881741e-02 5.900067870294962297e-02 1.353318439961369024e-01 4.101645271557506091e-04 1.123730703225427584e-02 2.134409186230143765e-02 8.306519043717760370e-03 0.000000000000000000e+00 6.263176786237556470e-02 2.638470789637200643e-03 5.544722258461262654e-02 3.314432181995929233e-02 8.529513160888051171e-02 2.118388676665507609e-03 0.000000000000000000e+00 2.375514236665174639e-01 1.171257851445244996e-01
1.442254054097462553e-02 5.752482032833963060e-02 4.298550094178348220e-03 1.190430619578353999e-01 3.954194902333687395e-02 1.193208023905658471e-01 8.165906684394666493e-03 8.071435421651031866e-03 1.725395408911721551e-01 0.000000000000000000e+00 1.108984000901073325e-02 1.140155633284881467e-02 2.577370421149969421e-02 4.952716854665954738e-02 1.364315944358770738e-01 0.000000000000000000e+00 1.997068277796704150e-01 1.133849437413655438e-02 1.078072819176970065e-02 1.021478786078915861e-03
6.042189425165281347e-03 4.466188830335517113e-02 4.045898791361699290e-03 1.990873996500595045e-01 7.661430731619995162e-04 1.588554405805684966e-01 2.340776819999074426e-03 1.198021246650539801e-01 1.663189829306900569e-01 1.231662385899975030e-02 1.776227396534846748e-04 6.392263931818097100e-03 1.050879123418098186e-02 0.000000000000000000e+00 2.128950607174406873e-01 0.000000000000000000e+00 1.281690929943321610e-03 1.010245226084780651e-02 1.813617785549447329e-03 4.259103230215106201e-02
0.000000000000000000e+00 1.147457816658895013e-02 0.000000000000000000e+00 9.961141287556634499e-04 2.675883440089868795e-02 6.187933967623101411e-02 2.098583766779323068e-02 1.044270537081627009e-02 1.814885145722634485e-01 1.503244289619481977e-01 1.283110889809858240e-03 1.028431151573237362e-01 5.012958862073356447e-02 1.873953181263156992e-02 0.000000000000000000e+00 2.851207679201612361e-02 2.666591091183431045e-02 2.353725437684889635e-02 1.353630970319826821e-01 1.485759614615237978e-01
1.146714532822045163e-01 8.959943416606820643e-02 1.359404391067440621e-03 7.599417527491391516e-03 1.818683599792635108e-01 2.235321957742178716e-03 2.387351436179051961e-02 6.426906537786340745e-02 9.311854369746436211e-02 2.612473936780032591e-02 1.168997556846696449e-02 4.668843953514647226e-03 9.005942731784141655e-05 3.088791327051853934e-03 2.139627551695003418e-02 9.389400615195308761e-03 5.738482707497364124e-03 2.045165597062532925e-01 1.794732045580100036e-02 1.167550366131959311e-01
2.749469265362501982e-03 1.204237585922339343e-01 3.984849863309714024e-02 2.587792373840587176e-02 1.359437444039340304e-01 1.227329136152855993e-01 3.151830305567763363e-02 1.724095534820634101e-03 7.686836975182478882e-03 1.527582588762366710e-02 3.687939424850875721e-03 3.423416887969726874e-02 3.280001797977202815e-03 1.262741814131748685e-01 1.245341826706219089e-02 0.000000000000000000e+00 1.360181616562939656e-02 1.739900909893824302e-02 1.469573414029069214e-01 1.383307538481395593e-01
3.143254648273057037e-03 6.220945735546266897e-02 9.690455087951294413e-03 0.000000000000000000e+00 1.493111443513584213e-01 2.007395380042076988e-02 2.840857189853565265e-02 4.753839130800565499e-02 1.036692805256707317e-01 1.275049653787394856e-02 0.000000000000000000e+00 5.278121806174843229e-03 1.345053851729708372e-01 9.641862780042464998e-02 1.421272888236786991e-01 3.099982535188747744e-03 2.795721527516011051e-03 2.287967835879797449e-02 2.360227711473394420e-03 1.537399607502226151e-01
1.122895991171440067e-01 1.784290028497225455e-01 0.000000000000000000e+00 6.350856608976461481e-02 6.514399683206022196e-02 6.143788136774286368e-02 1.924397292199206888e-03 2.420885407349356727e-02 1.650249466159634248e-01 0.000000000000000000e+00 1.068602562299925292e-02 1.173913696605292240e-02 0.000000000000000000e+00 2.806177694722683524e-02 2.850065920193983054e-02 4.088141736724262149e-02 3.228867294141749000e-02 1.472995800786787782e-02 1.368867448353231486e-01 2.425836387183953613e-02
2.203169296526087586e-03 8.656109107427197025e-02 0.000000000000000000e+00 1.186735403741605299e-01 1.349926355539699807e-01 2.395572730188468002e-02 6.524982083667077090e-03 5.118299423509869300e-02 1.213931008267147421e-01 2.378719806541460414e-03 2.097098988014271023e-03 4.123538015554931158e-02 0.000000000000000000e+00 8.297029849547188926e-04 1.255349587877789379e-02 2.836379683631282209e-03 1.891818914566481893e-02 9.834345511738559753e-02 1.397419522694021699e-01 1.355783852237847920e-01
8.041562389778078232e-03 1.113080370096014571e-01 0.000000000000000000e+00 0.000000000000000000e+00 5.890949266059197081e-02 6.927888166297410666e-02 3.175922993107834630e-02 5.096021205000181992e-02 2.007538568833973705e-02 2.426748332351383666e-03 0.000000000000000000e+00 1.320926956666978458e-01 1.392880481967965767e-01 1.515745978350506624e-02 1.367676156659696218e-01 3.554864820740241422e-03 1.494088975915816853e-01 3.001320884748485962e-02 1.712077709351712135e-02 2.383688260898998365e-02
1.361864131380745649e-02 1.715471824864955516e-02 1.720390570088095464e-03 1.731356220969544335e-01 1.152100314840886625e-01 3.011488316249724337e-02 4.154545150718094715e-02 0.000000000000000000e+00 3.177416710312708920e-02 0.000000000000000000e+00 0.000000000000000000e+00 1.197382975068137373e-01 1.209216069576075914e-01 2.095869743818968428e-03 1.887674663919468587e-01 0.000000000000000000e+00 8.449058565637150575e-02 8.335677343532545830e-03 3.494719004363190662e-02 1.642940086988342943e-02
