0.000000000000000000e+00 0.000000000000000000e+00 2.222417608157426505e-01 0.000000000000000000e+00 4.964007274667844340e-03 0.000000000000000000e+00 0.000000000000000000e+00 0.000000000000000000e+00 0.000000000000000000e+00 1.405432264172905843e-01 0.000000000000000000e+00 5.125035583016394718e-03 0.000000000000000000e+00 7.188106644094698246e-03 1.540470128899682489e-01 0.000000000000000000e+00 1.847858345501190158e-01 0.000000000000000000e+00 0.000000000000000000e+00 0.000000000000000000e+00 3.021081651909469229e-03 2.615672844155142104e-02 0.000000000000000000e+00 6.530764341742402446e-02 1.866195623142156146e-01
0.000000000000000000e+00 1.421993605323371677e-02 7.545084750067988788e-02 3.783800528531585522e-02 6.153319317822002199e-03 0.000000000000000000e+00 1.257641539280658083e-01 7.996306446854176131e-02 1.125815637804268229e-02 0.000000000000000000e+00 0.000000000000000000e+00 5.589837351139628763e-02 9.011559416306955117e-02 0.000000000000000000e+00 0.000000000000000000e+00 0.000000000000000000e+00 2.373827462735698078e-03 1.010056849592053801e-01 0.000000000000000000e+00 1.710691715108778911e-03 0.000000000000000000e+00 9.351594692653421997e-03 7.401476916056036470e-02 2.388489897317440658e-01 7.603299167182464569e-02
4.615286192080500505e-02 1.383087997714460005e-01 0.000000000000000000e+00 0.000000000000000000e+00 0.000000000000000000e+00 0.000000000000000000e+00 0.000000000000000000e+00 0.000000000000000000e+00 0.000000000000000000e+00 1.237752741230180448e-01 0.000000000000000000e+00 1.484578546868528873e-02 0.000000000000000000e+00 0.000000000000000000e+00 1.026394437615031768e-01 0.000000000000000000e+00 0.000000000000000000e+00 1.197809318755820168e-01 0.000000000000000000e+00 0.000000000000000000e+00 1.378084120708300830e-01 1.681342166807353045e-01 0.000000000000000000e+00 1.231181504219963224e-01 2.543612390539870191e-02
1.661131724872802473e-02 1.433832358255526275e-02 0.000000000000000000e+00 7.332729412707712259e-03 1.968258853096903002e-02 3.509517784049655253e-02 0.000000000000000000e+00 0.000000000000000000e+00 7.708544765502288454e-02 1.437125577113094466e-01 0.000000000000000000e+00 2.598837143261108484e-01 1.305429784996912836e-03 1.128979570264853792e-03 5.721754132514737107e-02 1.159120246790922848e-01 0.000000000000000000e+00 3.069502910641002530e-02 1.411221178178781455e-01 9.489115218807276340e-04 0.000000000000000000e+00 7.321257889938480312e-02 2.101128694282088539e-04 3.327710156955229846e-03 1.177707960661707578e-03
0.000000000000000000e+00 0.000000000000000000e+00 0.000000000000000000e+00 0.000000000000000000e+00 0.000000000000000000e+00 0.000000000000000000e+00 0.000000000000000000e+00 0.000000000000000000e+00 4.936149526270317001e-02 2.591821130630671613e-02 0.000000000000000000e+00 1.193906434725740678e-01 2.600298825144143483e-02 8.481365700670574770e-03 1.364901061228319390e-01 1.000847234478410425e-01 1.565658609439526117e-01 1.346343673068185198e-01 6.126173327446179928e-02 0.000000000000000000e+00 0.000000000000000000e+00 1.596069844629554313e-01 0.000000000000000000e+00 2.220152044744276923e-02 0.000000000000000000e+00
0.000000000000000000e+00 1.077970698189351963e-02 4.560437180354207087e-02 0.000000000000000000e+00 6.903302727058611282e-03 0.000000000000000000e+00 1.487666480794599677e-01 2.155189991088543935e-02 2.302133856210109020e-02 2.962983294913276028e-02 0.000000000000000000e+00 1.274027563958009812e-01 0.000000000000000000e+00 0.000000000000000000e+00 0.000000000000000000e+00 1.012198548759580263e-01 0.000000000000000000e+00 1.480543085556669698e-02 1.253820546734274455e-01 0.000000000000000000e+00 0.000000000000000000e+00 1.386399049718220478e-01 1.406676184237647953e-01 6.562527878958662741e-02 0.000000000000000000e+00
0.000000000000000000e+00 3.468438840769928755e-02 1.417823873158896852e-01 0.000000000000000000e+00 1.702124575605348800e-01 0.000000000000000000e+00 0.000000000000000000e+00 1.453878035004752545e-01 0.000000000000000000e+00 1.148439547517871549e-02 0.000000000000000000e+00 0.000000000000000000e+00 0.000000000000000000e+00 0.000000000000000000e+00 1.595945196985167902e-01 0.000000000000000000e+00 1.220675985588502294e-01 0.000000000000000000e+00 8.495511447455080661e-03 0.000000000000000000e+00 0.000000000000000000e+00 0.000000000000000000e+00 0.000000000000000000e+00 1.249820074265217684e-01 8.130893060887828261e-02
8.064982086848608567e-02 2.878578047462041628e-02 4.165225629108065125e-02 0.000000000000000000e+00 4.653010438951798479e-03 4.398459715265429747e-03 5.600637114841847293e-03 1.345136859014730291e-01 3.488361616996746989e-02 1.785587019959088790e-03 0.000000000000000000e+00 0.000000000000000000e+00 0.000000000000000000e+00 0.000000000000000000e+00 1.121885546744058743e-01 0.000000000000000000e+00 1.419745098928625326e-01 1.737060818903260126e-02 1.431982389587781700e-02 0.000000000000000000e+00 0.000000000000000000e+00 2.003253647831563511e-01 2.091222114798264864e-02 1.559860634220363584e-01 0.000000000000000000e+00
1.129063366751611591e-01 0.000000000000000000e+00 0.000000000000000000e+00 4.173439120729887514e-02 1.935598958258522850e-01 0.000000000000000000e+00 1.516489726287738593e-01 1.520489213905187875e-01 2.558302653853910050e-02 0.000000000000000000e+00 0.000000000000000000e+00 1.035091298378846142e-01 0.000000000000000000e+00 0.000000000000000000e+00 0.000000000000000000e+00 0.000000000000000000e+00 1.585595703325025710e-02 4.324933957509321386e-02 0.000000000000000000e+00 1.725929054585428543e-02 0.000000000000000000e+00 1.327439522224591051e-01 9.900786519314469861e-03 0.000000000000000000e+00 0.000000000000000000e+00
3.432270666855375026e-03 0.000000000000000000e+00 1.939167688715311231e-03 0.000000000000000000e+00 1.420527706512547117e-01 0.000000000000000000e+00 1.639304359604003836e-01 6.838442210683305655e-02 0.000000000000000000e+00 6.806108285374771506e-03 0.000000000000000000e+00 6.745589268492078149e-03 1.286335645798535217e-02 0.000000000000000000e+00 1.182068548364827304e-01 1.065743059355448302e-01 0.000000000000000000e+00 1.237797205056336523e-02 0.000000000000000000e+00 0.000000000000000000e+00 0.000000000000000000e+00 1.815471757748101933e-01 2.242739946648300564e-02 1.500625435537130403e-01 2.649627296491870870e-03
0.000000000000000000e+00 0.000000000000000000e+00 1.554658092478456433e-01 0.000000000000000000e+00 8.481954527362560448e-02 2.315714148826229519e-03 2.350209506066656615e-02 7.311519644624799030e-02 1.032289171230790087e-02 0.000000000000000000e+00 0.000000000000000000e+00 1.395072319903491731e-01 1.217252580154195296e-01 0.000000000000000000e+00 1.231726545186844352e-01 0.000000000000000000e+00 5.166838820252327158e-02 0.000000000000000000e+00 1.292942513733006671e-01 0.000000000000000000e+00 0.000000000000000000e+00 0.000000000000000000e+00 4.976313139295061860e-02 2.884467881097730474e-02 6.483153806275082469e-03
0.000000000000000000e+00 0.000000000000000000e+00 1.052531953433867989e-01 0.000000000000000000e+00 2.086398814772600641e-01 0.000000000000000000e+00 2.351603713447548150e-01 1.642381338363731735e-01 2.962447833592367873e-03 0.000000000000000000e+00 0.000000000000000000e+00 0.000000000000000000e+00 0.000000000000000000e+00 0.000000000000000000e+00 6.043884670208729548e-02 0.000000000000000000e+00 0.000000000000000000e+00 1.050969490999354057e-02 1.939166626540601013e-01 0.000000000000000000e+00 0.000000000000000000e+00 1.888076589849168110e-02 0.000000000000000000e+00 0.000000000000000000e+00 0.000000000000000000e+00
0.000000000000000000e+00 1.693631319973763413e-02 6.926345679931189894e-03 1.496246667509928442e-02 8.814442178655419735e-02 0.000000000000000000e+00 2.017569950069265372e-01 1.498410098491850286e-02 0.000000000000000000e+00 2.276924180254878347e-02 0.000000000000000000e+00 4.516674907141834234e-04 0.000000000000000000e+00 0.000000000000000000e+00 1.275134018367617139e-01 0.000000000000000000e+00 4.225596674298946406e-04 0.000000000000000000e+00 1.876965273373313037e-01 2.358176514001260674e-02 1.320106736381700292e-02 6.602596753290639053e-02 1.065160612121772987e-01 6.865045690513106591e-02 3.946064037800232210e-02
0.000000000000000000e+00 0.000000000000000000e+00 0.000000000000000000e+00 0.000000000000000000e+00 1.465568050488522123e-01 0.000000000000000000e+00 1.418820071763070567e-01 1.195514020676366890e-01 0.000000000000000000e+00 6.941542557354243859e-02 0.000000000000000000e+00 8.349005393220518267e-03 0.000000000000000000e+00 7.203931715315991559e-03 6.217125952992273025e-02 0.000000000000000000e+00 1.126919555715620233e-02 7.385809844174776040e-02 3.764914430840309023e-02 0.000000000000000000e+00 6.402841756462998406e-03 0.000000000000000000e+00 1.465338520928744781e-01 0.000000000000000000e+00 1.691570313385578617e-01
0.000000000000000000e+00 1.419465756860047445e-01 2.901787959849902107e-02 0.000000000000000000e+00 6.543386906639536704e-02 0.000000000000000000e+00 6.287294831783267826e-03 0.000000000000000000e+00 0.000000000000000000e+00 1.329555874327206788e-01 0.000000000000000000e+00 5.609199169324178419e-02 0.000000000000000000e+00 0.000000000000000000e+00 2.652715691028754985e-02 8.557854003399484322e-02 1.312547568685732725e-02 0.000000000000000000e+00 4.273718761565994950e-02 0.000000000000000000e+00 0.000000000000000000e+00 1.247378545231337121e-01 1.233464783624465405e-01 0.000000000000000000e+00 1.522141085589754916e-01
2.998178401493204609e-02 0.000000000000000000e+00 5.957925889773993400e-02 0.000000000000000000e+00 6.298657076681089817e-02 0.000000000000000000e+00 1.686534804584934322e-01 1.200832912295299454e-01 2.241754308672783483e-02 0.000000000000000000e+00 0.000000000000000000e+00 3.938995391028565080e-02 0.000000000000000000e+00 7.301140417037108206e-03 0.000000000000000000e+00 0.000000000000000000e+00 2.000107622498207074e-02 1.198289364658313046e-02 1.516086305783225230e-01 0.000000000000000000e+00 0.000000000000000000e+00 1.091830140187052822e-01 1.630801496852231358e-01 0.000000000000000000e+00 3.375121306462700727e-02
0.000000000000000000e+00 1.660221177356933919e-02 1.543570546052485948e-01 0.000000000000000000e+00 1.864615892640878458e-01 0.000000000000000000e+00 0.000000000000000000e+00 0.000000000000000000e+00 0.000000000000000000e+00 0.000000000000000000e+00 0.000000000000000000e+00 1.907622954208755550e-01 8.679494327238618245e-02 0.000000000000000000e+00 1.127502910515675444e-01 0.000000000000000000e+00 4.090136599618967445e-02 0.000000000000000000e+00 1.962324823589249867e-01 0.000000000000000000e+00 0.000000000000000000e+00 1.513776625715032055e-02 0.000000000000000000e+00 0.000000000000000000e+00 0.000000000000000000e+00
0.000000000000000000e+00 9.159060581961210590e-02 1.403375196184851181e-01 0.000000000000000000e+00 1.505868461518236057e-01 0.000000000000000000e+00 5.446596594207041980e-02 1.529730923328899428e-01 0.000000000000000000e+00 9.720923612853736573e-02 0.000000000000000000e+00 9.202435135366129892e-03 0.000000000000000000e+00 0.000000000000000000e+00 3.521994774398010813e-02 0.000000000000000000e+00 3.097106761549830306e-02 0.000000000000000000e+00 1.084669332112886235e-02 0.000000000000000000e+00 1.221427024612361731e-02 1.431756737024902637e-01 2.165674793095387785e-03 1.605013060889524598e-02 5.299084084000366818e-02
9.622985295019267915e-02 5.544164419885515283e-02 3.111248537551165871e-02 0.000000000000000000e+00 1.369367129153818974e-01 3.917086925015253462e-02 3.858548678636341406e-02 0.000000000000000000e+00 0.000000000000000000e+00 7.702609850620531278e-04 0.000000000000000000e+00 0.000000000000000000e+00 0.000000000000000000e+00 0.000000000000000000e+00 2.360379956995967976e-01 9.140145820124847068e-03 0.000000000000000000e+00 0.000000000000000000e+00 0.000000000000000000e+00 0.000000000000000000e+00 1.505582394768394394e-01 5.596757099631426320e-03 0.000000000000000000e+00 2.376628811044448342e-02 1.766532613318435863e-01
0.000000000000000000e+00 0.000000000000000000e+00 1.322275493707196770e-01 1.707324573351768834e-02 2.599287915510860025e-01 5.208914268464320471e-03 0.000000000000000000e+00 1.481018313625879768e-01 9.049607834767173231e-03 4.898851070280137859e-02 0.000000000000000000e+00 1.023767755468467239e-01 0.000000000000000000e+00 0.000000000000000000e+00 4.201608598390140642e-02 0.000000000000000000e+00 4.195658719389329036e-03 2.100339530263514373e-02 0.000000000000000000e+00 0.000000000000000000e+00 0.000000000000000000e+00 0.000000000000000000e+00 0.000000000000000000e+00 3.608901965035855169e-02 1.737406139729245069e-01
1.073448716721987356e-01 0.000000000000000000e+00 0.000000000000000000e+00 0.000000000000000000e+00 8.559516990351720422e-02 5.901386943711687573e-03 1.163886795204713102e-03 1.298158690657604530e-01 1.359207300335354279e-02 9.045330229750099538e-02 0.000000000000000000e+00 6.578212336737249144e-02 0.000000000000000000e+00 0.000000000000000000e+00 9.477924652640497619e-03 0.000000000000000000e+00 1.425902285594459751e-01 1.628005219258772326e-02 1.446173573749118535e-01 0.000000000000000000e+00 0.000000000000000000e+00 1.716900029102544356e-01 0.000000000000000000e+00 8.837544340641732832e-03 6.858206920898081253e-03
5.366359141278298972e-04 0.000000000000000000e+00 2.264830915253188692e-01 1.132928179778511096e-01 1.610322750719501150e-01 0.000000000000000000e+00 0.000000000000000000e+00 1.858202186350398633e-01 2.654830568852467251e-03 0.000000000000000000e+00 0.000000000000000000e+00 2.834780937568481471e-02 0.000000000000000000e+00 0.000000000000000000e+00 5.263811889051384779e-02 0.000000000000000000e+00 0.000000000000000000e+00 0.000000000000000000e+00 0.000000000000000000e+00 5.136498284108004242e-03 0.000000000000000000e+00 0.000000000000000000e+00 0.000000000000000000e+00 4.958831925674034302e-02 1.744693844998126686e-01
9.196069154945795202e-03 2.317862826810248265e-03 7.330266624099904260e-02 0.000000000000000000e+00 3.794800405829874997e-03 0.000000000000000000e+00 1.738154181021443756e-01 1.732727076142593498e-02 0.000000000000000000e+00 2.491980200281565527e-02 0.000000000000000000e+00 1.717465657808881982e-02 0.000000000000000000e+00 0.000000000000000000e+00 1.638758994199507324e-01 3.990297078833631578e-02 0.000000000000000000e+00 7.302954067559432050e-02 1.397205612596289781e-01 1.629067306520655400e-02 0.000000000000000000e+00 6.321353864327423910e-02 1.735424238405464115e-01 0.000000000000000000e+00 8.575846234402684579e-03
7.922134464114694019e-02 1.778458818612203146e-02 0.000000000000000000e+00 2.468898911595145129e-02 1.424827894331114064e-01 0.000000000000000000e+00 1.304222668063464152e-01 1.488162700965756924e-01 1.845657037355269078e-02 0.000000000000000000e+00 0.000000000000000000e+00 9.017068641944786522e-02 0.000000000000000000e+00 0.000000000000000000e+00 0.000000000000000000e+00 0.000000000000000000e+00 0.000000000000000000e+00 5.307092970336274888e-04 1.586960865864817938e-01 0.000000000000000000e+00 0.000000000000000000e+00 7.103455538002730746e-03 0.000000000000000000e+00 1.945616613417660429e-02 1.621700773720507471e-01
1.751539383018526491e-02 4.572776344731231159e-03 1.395324715099594427e-03 9.899635305549148862e-03 0.000000000000000000e+00 0.000000000000000000e+00 1.989912333277879530e-02 0.000000000000000000e+00 3.491442516464351997e-02 1.462367437369787027e-01 0.000000000000000000e+00 2.421102838414128985e-03 0.000000000000000000e+00 0.000000000000000000e+00 2.425402325197935360e-01 1.050129349394364614e-01 1.716182512993378873e-01 4.560904922716766535e-02 1.155659304266526757e-02 0.000000000000000000e+00 0.000000000000000000e+00 2.201333127695112492e-03 0.000000000000000000e+00 0.000000000000000000e+00 1.846070805755237187e-01
8.465666579990297272e-03 1.799511680436775667e-03 2.115544283331256131e-02 0.000000000000000000e+00 2.522873258391216539e-02 6.084872443345892140e-02 1.542140616596396618e-01 1.540127307716090133e-01 0.000000000000000000e+00 2.398723625236118609e-02 9.170710722639818097e-03 1.212509772391588414e-01 0.000000000000000000e+00 0.000000000000000000e+00 6.341658864888326252e-02 8.558320662466911699e-02 0.000000000000000000e+00 3.358419044561945354e-03 0.000000000000000000e+00 0.000000000000000000e+00 1.319466127503980332e-02 1.423113830766810362e-02 0.000000000000000000e+00 1.240823180205672949e-01 1.159998733220911210e-01
0.000000000000000000e+00 0.000000000000000000e+00 0.000000000000000000e+00 5.617474544862292168e-02 2.284436417516250428e-01 0.000000000000000000e+00 2.463354861285767597e-02 1.559059834560035940e-01 0.000000000000000000e+00 1.853026588433132338e-01 2.081481130554024232e-03 4.120399674653956595e-02 0.000000000000000000e+00 0.000000000000000000e+00 1.249133728389447383e-02 0.000000000000000000e+00 1.448171481066842792e-02 0.000000000000000000e+00 0.000000000000000000e+00 0.000000000000000000e+00 0.000000000000000000e+00 1.205133738870210885e-01 0.000000000000000000e+00 1.138344508421347545e-01 4.493306718676512435e-02
0.000000000000000000e+00 0.000000000000000000e+00 1.382848321260915503e-01 0.000000000000000000e+00 1.329959081539713039e-01 0.000000000000000000e+00 1.596311021387576690e-01 0.000000000000000000e+00 1.718276951636886832e-02 2.749043993170066646e-02 1.346454030933737049e-02 5.956311360542997091e-03 0.000000000000000000e+00 1.450728313862754970e-02 9.251758585374313115e-02 1.434807030240465610e-02 0.000000000000000000e+00 1.519535774271730255e-01 3.403191960356139606e-02 0.000000000000000000e+00 0.000000000000000000e+00 0.000000000000000000e+00 6.385484190454958527e-03 2.923716192060947169e-02 1.620130140266554386e-01
0.000000000000000000e+00 0.000000000000000000e+00 4.599020347963832765e-03 0.000000000000000000e+00 6.850024497658424583e-02 0.000000000000000000e+00 0.000000000000000000e+00 1.289111404077381839e-01 1.107679073581187001e-01 5.800785586265325491e-04 0.000000000000000000e+00 2.327363547733022897e-01 0.000000000000000000e+00 0.000000000000000000e+00 3.652502431856544628e-03 6.719855438119971824e-02 0.000000000000000000e+00 1.246567485364596106e-01 0.000000000000000000e+00 2.451893853155025574e-02 2.077053311041392528e-02 1.526364216542928365e-01 0.000000000000000000e+00 3.969572742087829759e-02 2.077582751101508807e-02
0.000000000000000000e+00 8.194243448015441078e-03 9.645935140541155028e-02 5.980866099279730751e-03 3.947743076471641605e-02 0.000000000000000000e+00 7.951750148485206560e-02 0.000000000000000000e+00 4.004339481320039890e-02 1.493880908664196039e-01 0.000000000000000000e+00 2.646329137135886717e-02 0.000000000000000000e+00 0.000000000000000000e+00 2.617573750882693645e-02 0.000000000000000000e+00 1.644583701912744333e-01 0.000000000000000000e+00 1.478733829612187967e-01 0.000000000000000000e+00 0.000000000000000000e+00 3.507818518577458973e-03 1.116446250700057624e-01 0.000000000000000000e+00 1.008158954968424864e-01
0.000000000000000000e+00 0.000000000000000000e+00 7.062391758322496271e-02 0.000000000000000000e+00 1.756750466025444601e-02 0.000000000000000000e+00 5.288518062789124979e-02 0.000000000000000000e+00 2.441466316725170865e-02 2.652980737890786329e-03 0.000000000000000000e+00 1.543729225169465091e-01 0.000000000000000000e+00 0.000000000000000000e+00 0.000000000000000000e+00 0.000000000000000000e+00 0.000000000000000000e+00 1.112376691550400476e-01 1.802468841693304069e-01 0.000000000000000000e+00 1.367269743660375070e-02 1.061420023614975811e-01 1.586146571030124797e-01 0.000000000000000000e+00 1.075689204810560407e-01
0.000000000000000000e+00 0.000000000000000000e+00 2.493798932132766308e-02 0.000000000000000000e+00 9.650787599717530058e-03 9.302014813127207349e-02 1.661862005829032041e-01 6.529257918444096066e-03 1.143132779735279436e-01 3.188137948106201797e-02 0.000000000000000000e+00 1.158252085875278135e-02 0.000000000000000000e+00 0.000000000000000000e+00 8.650449342672419939e-02 1.059131759216376811e-01 8.867244005445647226e-03 0.000000000000000000e+00 5.400449037797802609e-02 0.000000000000000000e+00 1.444586640984218684e-01 5.061653433368353515e-03 0.000000000000000000e+00 1.339386089257602608e-01 3.150107943656622975e-03
0.000000000000000000e+00 7.135276987214726752e-02 0.000000000000000000e+00 5.398197059458170743e-02 0.000000000000000000e+00 0.000000000000000000e+00 3.259336555011979608e-02 2.320614244866189141e-02 2.926213979136320364e-02 5.974458624476476805e-03 0.000000000000000000e+00 1.066664043936033923e-01 0.000000000000000000e+00 0.000000000000000000e+00 3.607333436504706059e-02 7.651069663745017901e-02 9.864430795630711041e-03 3.769654114469053741e-02 0.000000000000000000e+00 0.000000000000000000e+00 0.000000000000000000e+00 9.850960454805675337e-02 6.077543268642676688e-02 1.766734748877729910e-01 1.808592336599713080e-01
0.000000000000000000e+00 0.000000000000000000e+00 0.000000000000000000e+00 0.000000000000000000e+00 2.505701079375436957e-01 6.193891003857383837e-02 1.489273933396336458e-01 1.191978406242561427e-02 0.000000000000000000e+00 1.416912728670749466e-01 1.968821460383761088e-02 9.948947903531568659e-02 0.000000000000000000e+00 0.000000000000000000e+00 2.829220983949227303e-02 0.000000000000000000e+00 3.690053194847891377e-02 0.000000000000000000e+00 1.231684402713900534e-01 0.000000000000000000e+00 1.967884852316784117e-02 1.445865097982143577e-02 0.000000000000000000e+00 4.327615655324451582e-02 0.000000000000000000e+00
8.040590129893138149e-02 7.857260705359333033e-03 0.000000000000000000e+00 0.000000000000000000e+00 1.443759483138410543e-02 0.000000000000000000e+00 1.345881609497125986e-01 1.475027358644367126e-01 0.000000000000000000e+00 0.000000000000000000e+00 0.000000000000000000e+00 7.393743968688523682e-02 1.228521746433364724e-02 0.000000000000000000e+00 4.553692665108258208e-02 0.000000000000000000e+00 1.161010840237712040e-02 0.000000000000000000e+00 3.090197064911233762e-02 0.000000000000000000e+00 0.000000000000000000e+00 0.000000000000000000e+00 0.000000000000000000e+00 2.704405725238597791e-01 1.704961109725250390e-01
1.007919634455238106e-01 0.000000000000000000e+00 0.000000000000000000e+00 0.000000000000000000e+00 3.992035271217911352e-02 0.000000000000000000e+00 0.000000000000000000e+00 4.172447030020486752e-02 0.000000000000000000e+00 1.217271917047007962e-01 0.000000000000000000e+00 4.818576904740133615e-02 0.000000000000000000e+00 0.000000000000000000e+00 0.000000000000000000e+00 0.000000000000000000e+00 1.695381668666685049e-01 1.251940368790183944e-01 1.376446522923872873e-02 0.000000000000000000e+00 0.000000000000000000e+00 0.000000000000000000e+00 2.856013598896987513e-02 1.433798733583769025e-01 1.672135744677175628e-01
0.000000000000000000e+00 1.767705341234133672e-03 0.000000000000000000e+00 1.572035699077450194e-02 1.900406408927800828e-01 0.000000000000000000e+00 0.000000000000000000e+00 1.422559508716773613e-01 0.000000000000000000e+00 4.722534382642284767e-05 0.000000000000000000e+00 6.665171425873790689e-02 6.591745272027527136e-02 1.624635412308248882e-03 6.982129074795140333e-02 0.000000000000000000e+00 8.871489697110214456e-02 0.000000000000000000e+00 8.919903273257989013e-03 1.111129071632884976e-02 1.375156449492180577e-01 0.000000000000000000e+00 1.722171767706683759e-02 1.765846984643018869e-01 6.084875369158977698e-03
7.953889249467738232e-02 1.622353648534650625e-02 0.000000000000000000e+00 9.136726415506935678e-03 0.000000000000000000e+00 0.000000000000000000e+00 1.417755383972267857e-01 5.400140488843887393e-02 1.186427934199327412e-02 2.237704040853681631e-02 0.000000000000000000e+00 0.000000000000000000e+00 0.000000000000000000e+00 0.000000000000000000e+00 1.151523211405954678e-01 0.000000000000000000e+00 0.000000000000000000e+00 1.804150007339814371e-02 1.391448408625115540e-01 5.169499715955786986e-03 0.000000000000000000e+00 5.776608476523691776e-02 1.584650585243056187e-01 0.000000000000000000e+00 1.713432764862699853e-01
4.637337916697444897e-04 7.494055311842134914e-03 1.254209276959711850e-01 0.000000000000000000e+00 1.478160479654790950e-02 0.000000000000000000e+00 1.391488886357614418e-01 1.960073664877598834e-03 2.628626218943080212e-02 2.542584152975768674e-02 0.000000000000000000e+00 9.106485029601793513e-02 5.326211490324935655e-02 0.000000000000000000e+00 0.000000000000000000e+00 0.000000000000000000e+00 0.000000000000000000e+00 2.856088861468345647e-02 0.000000000000000000e+00 0.000000000000000000e+00 1.710052572067965321e-02 6.289085384195270897e-03 1.462791105790739177e-01 1.538782324377459265e-01 1.625838044484960443e-01
8.796224449158146497e-03 3.972966847252800554e-04 0.000000000000000000e+00 0.000000000000000000e+00 1.280280923488915507e-03 0.000000000000000000e+00 1.411155243628516298e-01 2.285721266264690091e-02 6.733048412773705305e-02 1.395841248919388045e-01 0.000000000000000000e+00 1.591171199615500631e-01 2.051506021448575717e-02 0.000000000000000000e+00 1.172579548008868960e-01 0.000000000000000000e+00 7.106092593981126748e-02 1.902105223003660445e-02 1.409485408685510754e-01 2.401869258671703034e-02 0.000000000000000000e+00 4.568476099626542219e-02 0.000000000000000000e+00 2.365744118730405202e-03 1.864900018041885238e-02
6.332101251969703137e-02 0.000000000000000000e+00 3.474550489917026252e-02 2.071179564842535840e-03 2.719784173831160667e-01 0.000000000000000000e+00 2.371961189018188462e-02 1.013612775582001385e-01 0.000000000000000000e+00 1.059706958363541840e-02 0.000000000000000000e+00 6.553563154921603073e-02 5.510798314322599978e-03 0.000000000000000000e+00 1.298357228119791928e-01 0.000000000000000000e+00 3.446808333940102990e-03 6.774071401229074529e-02 4.216283948457551917e-02 0.000000000000000000e+00 0.000000000000000000e+00 0.000000000000000000e+00 0.000000000000000000e+00 0.000000000000000000e+00 1.779734120948323894e-01
0.000000000000000000e+00 0.000000000000000000e+00 1.333136823024503315e-01 3.353713620051213679e-02 1.687638619337135659e-01 0.000000000000000000e+00 0.000000000000000000e+00 1.005182125380013058e-01 0.000000000000000000e+00 0.000000000000000000e+00 0.000000000000000000e+00 1.093006308221354111e-01 0.000000000000000000e+00 0.000000000000000000e+00 1.217052254570493743e-03 0.000000000000000000e+00 1.337760232212636402e-01 0.000000000000000000e+00 9.049048272502942247e-02 0.000000000000000000e+00 1.420802639958003953e-02 4.240513612069531785e-03 4.899695320587651309e-02 1.616374247847975343e-01 0.000000000000000000e+00
0.000000000000000000e+00 0.000000000000000000e+00 0.000000000000000000e+00 1.000527834251250907e-02 2.222791536330109841e-02 0.000000000000000000e+00 3.301265517121983097e-03 1.606601816188203136e-01 0.000000000000000000e+00 6.660637088797748129e-02 0.000000000000000000e+00 1.348892198105633433e-01 0.000000000000000000e+00 1.254402825755953146e-03 3.786578620234601344e-02 6.343027359075377458e-02 0.000000000000000000e+00 0.000000000000000000e+00 1.730749875536986282e-01 0.000000000000000000e+00 1.111281069203469002e-01 0.000000000000000000e+00 6.761104585914024315e-03 4.303924064077601502e-02 1.657558661401119238e-01
0.000000000000000000e+00 6.734347275851663983e-02 0.000000000000000000e+00 0.000000000000000000e+00 3.257607965266517275e-02 0.000000000000000000e+00 9.717476399566630715e-03 0.000000000000000000e+00 5.505818064191063399e-02 1.548573945242468636e-02 0.000000000000000000e+00 1.267975928773204530e-01 1.090809403688088562e-02 6.100974095884913184e-02 3.044273220376696870e-02 2.753905576618618373e-02 1.851534239585930774e-01 1.288879621123373009e-01 4.026387364252805717e-02 0.000000000000000000e+00 0.000000000000000000e+00 1.324051009087772075e-02 0.000000000000000000e+00 2.010934260166912652e-02 1.754667228459073636e-01
6.022191537932890942e-02 1.445776830187675208e-02 0.000000000000000000e+00 4.210462950668011906e-02 1.325583775124496988e-01 0.000000000000000000e+00 1.067102456089620843e-01 0.000000000000000000e+00 0.000000000000000000e+00 0.000000000000000000e+00 0.000000000000000000e+00 0.000000000000000000e+00 0.000000000000000000e+00 0.000000000000000000e+00 0.000000000000000000e+00 1.159861888121613283e-01 1.534007895185787174e-01 0.000000000000000000e+00 2.014447621444246661e-01 2.622442850280111404e-04 8.471232856665027178e-02 1.607403885544799946e-02 0.000000000000000000e+00 1.210072972265851567e-02 5.996598178575288790e-02
0.000000000000000000e+00 0.000000000000000000e+00 1.120221907265574884e-02 9.821031789759791450e-03 8.788083201313481863e-02 0.000000000000000000e+00 1.521852470410343106e-01 1.452530026672393115e-01 1.465069826921310122e-03 3.204270751083299756e-02 0.000000000000000000e+00 2.292791649281196442e-01 0.000000000000000000e+00 0.000000000000000000e+00 0.000000000000000000e+00 0.000000000000000000e+00 4.706953172891016612e-02 4.386017049851228047e-03 9.801229742648567486e-03 0.000000000000000000e+00 0.000000000000000000e+00 1.071679523573622166e-02 4.529182936754665850e-02 1.281802560105177458e-01 8.542506601509136654e-02
0.000000000000000000e+00 0.000000000000000000e+00 1.357616201214295049e-01 7.579712436317940713e-03 1.157048446542530695e-01 0.000000000000000000e+00 1.667401187781779592e-01 0.000000000000000000e+00 3.663490054388989642e-02 1.747565848609928738e-02 0.000000000000000000e+00 6.423383365060952345e-03 0.000000000000000000e+00 0.000000000000000000e+00 8.751220799405755313e-02 0.000000000000000000e+00 1.936878654864261640e-02 2.025797085159119215e-01 1.581048039496764090e-01 1.731329067199090677e-03 0.000000000000000000e+00 2.799446122747767038e-02 1.190490201215915235e-02 0.000000000000000000e+00 4.483562299647060601e-03
1.256459231102512696e-02 0.000000000000000000e+00 1.339051052719411605e-01 2.509684070385652041e-02 6.933644029404481546e-02 3.737921053484014045e-02 1.803725876217293078e-01 9.452638463264972576e-03 1.720667758542683470e-03 5.708841894422568217e-03 0.000000000000000000e+00 8.686020785026487417e-03 1.210212558531985338e-02 5.285162340231773503e-02 1.285385416612700067e-02 9.074186730709215068e-03 4.954148865528541432e-03 3.799278068870375752e-02 4.944803800042393838e-02 0.000000000000000000e+00 0.000000000000000000e+00 0.000000000000000000e+00 1.355484295547146889e-01 4.357240368709641709e-02 1.573794636803650671e-01
2.808355070748975654e-02 1.035191315605521467e-02 1.301587866410684469e-01 0.000000000000000000e+00 2.215398210292627776e-02 0.000000000000000000e+00 0.000000000000000000e+00 1.297332058285072531e-01 0.000000000000000000e+00 0.000000000000000000e+00 2.314264654636959562e-03 1.572512954753731151e-01 9.111630644612561669e-02 8.064217274326673074e-05 2.204084796124658463e-02 3.366164785349192411e-03 0.000000000000000000e+00 0.000000000000000000e+00 1.637800184839024176e-01 1.146910562168743618e-02 0.000000000000000000e+00 0.000000000000000000e+00 5.173405481297205927e-02 1.852514364491250620e-02 1.578407175050038080e-01
5.470082742334302778e-02 9.757024178639049639e-02 0.000000000000000000e+00 1.686029837013081414e-02 6.025973039710171703e-02 0.000000000000000000e+00 0.000000000000000000e+00 1.013974833287333566e-01 0.000000000000000000e+00 8.067442330016444049e-03 0.000000000000000000e+00 1.745391341427529261e-02 0.000000000000000000e+00 0.000000000000000000e+00 1.143608674675922615e-01 4.914352853531638900e-03 1.390720587723594248e-01 8.648606269536279756e-02 5.189139585601151849e-02 0.000000000000000000e+00 8.526876258989268820e-02 5.043056759597527167e-02 3.358195439437254570e-02 7.768404072491069678e-02 0.000000000000000000e+00
